data/raw/Flight8/H2O_POLAR6_20150420_R1_L1_NETCARE.ict
34, 1001
Bozem, Heiko; Hoor, Peter
Institute for Atmospheric Physics, Johannes Gutenberg University, Mainz, Germany
H2O mixing ratio from LI7200 CO2/H2O analyzer
NETCARE Polar 6 Campaign 2015
1, 1
2015, 04, 20, 2016, 01, 22
1
Time_UTC, seconds
1
1
-9999.9
H2O_ppmv, ppmv
0
19
PI_CONTACT_INFO: Address: Johann-Joachim-Becherweg 21, 55128 Mainz, email: bozemh@uni-mainz.de; hoor@uni-mainz.de
PLATFORM: Polar 6
LOCATION: GPS location and altitude available at 1 Hz resolution in separate file (See AIMMS files under Aircraft data and meteorology)
ASSOCIATED_DATA: N/A
INSTRUMENT_INFO: H2O measurements based on non-dispersive infrared absorption spectroscopy
DATA_INFO: Units are ppmv
UNCERTAINTY RELATIVE TO STANDARD: 18.5 ppmv or 2.5 %, whichever is greater, at 1 sigma confidence (before drift correction is applied)
ULOD_FLAG: -7777
ULOD_VALUE: N/A
LLOD_FLAG: -8888
LLOD_VALUE: N/A 
DM_CONTACT_INFO: N/A
PROJECT_INFO: NETCARE Polar 6 aircraft campaign in April 2015; Inuvik
STIPULATIONS_ON_USE: N/A
OTHER_COMMENTS: N/A
REVISION: R1
R0: Preliminary data, corrected for instrument drift
R1: Final data, corrected for instrument drift
Time_UTC,H2O_ppmv
[from data line 9895]
66884,746.8
66885,745.4
66886,746.2
66887,744.2
66888,746.4
66889,746.2
66890,747.8
66891,748.0
66892,749.4
66893,752.4
66894,751.5
66895,752.4
66896,752.4
66897,751.8
66898,753.4
66899,755.9
66900,754.3
66901,756.1
66902,753.4
66903,750.3
66904,749.9
66905,748.9
66906,748.5
66907,751.0
66908,748.5
66909,750.1
66910,752.0
66911,762.7
66912,766.3
66913,762.4
66914,766.1
66915,766.6
66916,763.7
66917,762.5
66918,763.3
66919,764.9
66920,761.8
66921,765.3
66922,761.8
66923,761.5
66924,762.2
66925,765.7
66926,762.9
66927,763.3
66928,764.3
66929,767.9
66930,766.1
66931,762.1
66932,763.7
66933,758.4
66934,760.6
66935,765.0
66936,764.0
66937,763.2
66938,768.6
66939,770.7
66940,772.0
66941,768.7
66942,770.7
66943,772.7
66944,771.0
66945,770.8
66946,773.1
66947,776.4
66948,773.8
66949,774.2
66950,774.8
66951,775.2
66952,772.0
66953,781.5
66954,784.4
66955,782.9
66956,785.6
66957,783.0
66958,781.4
66959,785.1
66960,784.4
66961,781.1
66962,779.9
66963,781.4
66964,778.4
66965,783.0
66966,781.2
66967,776.6
66968,768.8
66969,762.9
66970,761.2
66971,757.2
66972,753.3
66973,750.0
66974,746.5
66975,744.0
66976,743.1
66977,743.6
66978,742.5
66979,742.4
66980,742.3
66981,741.0
66982,739.8
66983,738.4
66984,738.8
66985,738.2
66986,738.1
66987,737.4
66988,738.2
66989,738.0
66990,736.8
66991,736.6
66992,737.1
66993,736.6
66994,738.0
66995,737.0
66996,736.5
66997,734.9
66998,732.7
66999,732.2
67000,732.5
67001,732.8
67002,730.7
67003,729.0
67004,727.9
67005,726.8
67006,725.7
67007,723.6
67008,724.1
67009,725.5
67010,722.1
67011,721.5
67012,718.6
67013,718.3
67014,717.9
67015,718.3
67016,717.8
67017,717.8
67018,716.1
67019,715.2
67020,713.8
67021,712.6
67022,714.3
67023,716.2
67024,713.9
67025,710.9
67026,711.9
67027,711.1
67028,711.7
67029,710.3
67030,711.4
67031,709.6
67032,708.2
67033,705.7
67034,706.7
67035,707.3
67036,703.6
67037,702.0
67038,702.1
67039,700.8
67040,697.8
67041,694.3
67042,696.4
67043,694.6
67044,692.2
67045,691.2
67046,690.7
67047,688.9
67048,688.9
67049,686.0
67050,686.1
67051,684.8
67052,685.5
67053,683.9
67054,685.5
67055,684.0
67056,685.1
67057,687.7
67058,685.2
67059,688.7
67060,689.3
67061,689.9
67062,687.6
67063,685.7
67064,685.1
67065,684.0
67066,683.6
67067,683.3
67068,683.4
67069,682.6
67070,681.8
67071,681.1
67072,678.0
67073,675.1
67074,675.7
67075,676.5
67076,673.8
67077,671.6
67078,672.2
67079,672.2
67080,670.4
67081,671.4
67082,673.8
67083,674.1
67084,675.5
67085,676.0
67086,675.3
67087,673.6
67088,672.8
67089,674.0
67090,672.6
67091,673.2
67092,674.4
67093,673.6
67094,675.2
67095,676.7
67096,676.8
67097,676.6
67098,675.4
67099,-9999.9
67100,-9999.9
67101,-9999.9
67102,-9999.9
67103,-9999.9
67104,-9999.9
67105,-9999.9
67106,-9999.9
67107,-9999.9
67108,-9999.9
67109,-9999.9
67110,-9999.9
67111,-9999.9
67112,-9999.9
67113,-9999.9
67114,-9999.9
67115,-9999.9
67116,-9999.9
67117,-9999.9
67118,-9999.9
67119,-9999.9
67120,-9999.9
67121,-9999.9
67122,-9999.9
67123,-9999.9
67124,-9999.9
67125,-9999.9
67126,-9999.9
67127,-9999.9
67128,-9999.9
67129,-9999.9
67130,-9999.9
67131,-9999.9
67132,-9999.9
67133,-9999.9
67134,-9999.9
67135,-9999.9
67136,-9999.9
67137,-9999.9
67138,-9999.9
67139,-9999.9
67140,-9999.9
67141,-9999.9
67142,-9999.9
67143,-9999.9
67144,-9999.9
67145,-9999.9
67146,-9999.9
67147,-9999.9
67148,-9999.9
67149,-9999.9
67150,-9999.9
67151,-9999.9
67152,-9999.9
67153,-9999.9
67154,-9999.9
67155,-9999.9
67156,-9999.9
67157,-9999.9
67158,-9999.9
67159,-9999.9
67160,-9999.9
67161,-9999.9
67162,-9999.9
67163,-9999.9
67164,-9999.9
67165,-9999.9
67166,-9999.9
67167,-9999.9
67168,-9999.9
67169,-9999.9
67170,-9999.9
67171,-9999.9
67172,-9999.9
67173,-9999.9
67174,-9999.9
67175,-9999.9
67176,-9999.9
67177,-9999.9
67178,-9999.9
67179,-9999.9
67180,-9999.9
67181,-9999.9
67182,-9999.9
67183,-9999.9
67184,-9999.9
67185,-9999.9
67186,-9999.9
67187,-9999.9
67188,-9999.9
67189,-9999.9
67190,-9999.9
67191,-9999.9
67192,-9999.9
67193,-9999.9
67194,-9999.9
67195,-9999.9
67196,-9999.9
67197,-9999.9
67198,-9999.9
67199,-9999.9
67200,-9999.9
67201,-9999.9
67202,-9999.9
67203,-9999.9
67204,-9999.9
67205,-9999.9
67206,-9999.9
67207,-9999.9
67208,-9999.9
67209,-9999.9
67210,-9999.9
67211,-9999.9
67212,-9999.9
67213,-9999.9
67214,-9999.9
67215,-9999.9
67216,-9999.9
67217,-9999.9
67218,-9999.9
67219,-9999.9
67220,-9999.9
67221,-9999.9
67222,-9999.9
67223,-9999.9
67224,-9999.9
67225,-9999.9
67226,-9999.9
67227,-9999.9
67228,-9999.9
67229,-9999.9
67230,-9999.9
67231,-9999.9
67232,-9999.9
67233,-9999.9
67234,-9999.9
67235,-9999.9
67236,-9999.9
67237,-9999.9
67238,-9999.9
67239,-9999.9
67240,-9999.9
67241,-9999.9
67242,-9999.9
67243,-9999.9
67244,-9999.9
67245,-9999.9
67246,-9999.9
67247,-9999.9
67248,-9999.9
67249,-9999.9
67250,-9999.9
67251,-9999.9
67252,-9999.9
67253,-9999.9
67254,-9999.9
67255,-9999.9
67256,-9999.9
67257,-9999.9
67258,-9999.9
67259,-9999.9
67260,-9999.9
67261,-9999.9
67262,-9999.9
67263,-9999.9
67264,-9999.9
67265,-9999.9
67266,-9999.9
67267,-9999.9
67268,-9999.9
67269,-9999.9
67270,-9999.9
67271,-9999.9
67272,-9999.9
67273,-9999.9
67274,-9999.9
67275,-9999.9
67276,-9999.9
67277,-9999.9
67278,-9999.9
67279,-9999.9
67280,-9999.9
67281,-9999.9
67282,-9999.9
67283,-9999.9
67284,-9999.9
67285,-9999.9
67286,-9999.9
67287,-9999.9
67288,-9999.9
67289,-9999.9
67290,-9999.9
67291,-9999.9
67292,-9999.9
67293,-9999.9
67294,-9999.9
67295,-9999.9
67296,-9999.9
67297,-9999.9
67298,-9999.9
67299,-9999.9
67300,-9999.9
67301,-9999.9
67302,-9999.9
67303,-9999.9
67304,-9999.9
67305,-9999.9
67306,-9999.9
67307,-9999.9
67308,-9999.9
67309,-9999.9
67310,754.8
67311,754.6
67312,754.4
67313,755.8
67314,754.6
67315,754.3
67316,755.1
67317,755.2
67318,756.2
67319,757.0
67320,755.1
67321,754.6
67322,756.1
67323,755.5
67324,759.4
67325,758.8
67326,759.7
67327,767.6
67328,769.7
67329,769.6
67330,775.6
67331,769.8
67332,764.2
67333,759.4
67334,763.9
67335,762.3
67336,764.7
67337,769.8
67338,768.1
67339,769.6
67340,770.2
67341,767.6
67342,767.2
67343,765.4
67344,760.2
67345,758.2
67346,758.0
67347,756.9
67348,755.2
67349,754.5
67350,755.4
67351,754.2
67352,754.2
67353,753.6
67354,755.4
67355,755.0
67356,754.6
67357,752.6
67358,752.3
67359,753.6
67360,754.1
67361,753.1
67362,752.4
67363,753.8
67364,751.9
67365,751.7
67366,752.4
67367,752.3
67368,750.8
67369,749.0
67370,748.9
67371,748.1
67372,747.1
67373,747.5
67374,745.3
67375,745.2
67376,747.9
67377,746.5
67378,746.1
67379,746.1
67380,745.1
67381,746.8
67382,746.1
67383,747.2
67384,746.2
67385,744.6
67386,741.2
67387,742.1
67388,741.4
67389,739.8
67390,741.8
67391,740.9
67392,739.6
67393,739.1
67394,737.5
67395,735.3
67396,736.7
67397,736.7
67398,734.4
67399,732.5
67400,731.1
67401,733.4
67402,731.8
67403,731.0
67404,728.5
67405,726.9
67406,721.5
67407,719.9
67408,720.8
67409,718.2
67410,716.1
67411,718.1
67412,719.7
67413,716.6
67414,716.1
67415,718.1
67416,718.1
67417,716.3
67418,716.7
67419,715.5
67420,711.6
67421,713.7
67422,710.7
67423,710.8
67424,709.4
67425,711.0
67426,708.8
67427,708.5
67428,706.4
67429,705.2
67430,704.6
67431,704.2
67432,702.3
67433,701.5
67434,701.5
67435,698.6
67436,697.8
67437,696.7
67438,696.2
67439,698.6
67440,694.0
67441,694.3
67442,693.4
67443,693.5
67444,690.1
67445,691.5
67446,690.2
67447,691.3
67448,692.5
67449,690.2
67450,689.7
67451,691.1
67452,688.4
67453,690.3
67454,690.6
67455,688.9
67456,686.1
67457,686.4
67458,686.1
67459,686.0
67460,685.7
67461,686.4
67462,687.7
67463,689.8
67464,690.2
67465,692.9
67466,692.5
67467,689.8
67468,686.5
67469,684.2
67470,681.4
67471,681.4
67472,677.7
67473,679.6
67474,678.9
67475,677.1
67476,676.1
67477,677.2
67478,675.1
67479,678.7
67480,678.6
67481,678.2
67482,676.6
67483,677.9
67484,677.3
67485,674.4
67486,670.3
67487,671.5
67488,669.9
67489,669.6
67490,668.9
67491,670.3
67492,670.1
67493,670.2
67494,670.7
67495,667.4
67496,667.4
67497,668.8
67498,672.3
67499,668.2
67500,663.1
67501,653.7
67502,650.3
67503,646.5
67504,646.7
67505,646.7
67506,645.5
67507,644.6
67508,641.6
67509,641.8
67510,641.7
67511,645.2
67512,644.6
67513,645.1
67514,644.3
67515,647.8
67516,646.0
67517,646.8
67518,651.5
67519,649.1
67520,652.6
67521,655.9
67522,660.2
67523,667.6
67524,671.0
67525,672.2
67526,681.2
67527,691.7
67528,692.1
67529,694.0
67530,706.1
67531,706.2
67532,705.8
67533,705.4
67534,700.1
67535,702.7
67536,705.7
67537,707.6
67538,710.4
67539,702.8
67540,697.2
67541,701.9
67542,703.8
67543,708.7
67544,708.3
67545,708.1
67546,708.3
67547,711.9
67548,707.1
67549,716.6
67550,715.1
67551,707.7
67552,691.8
67553,701.5
67554,703.4
67555,693.0
67556,687.3
67557,681.3
67558,679.7
67559,673.1
67560,673.1
67561,671.4
67562,668.9
67563,669.4
67564,670.4
67565,674.2
67566,673.3
67567,672.4
67568,674.5
67569,675.0
67570,678.9
67571,677.4
67572,679.6
67573,682.8
67574,684.3
67575,685.3
67576,693.5
67577,700.5
67578,702.5
67579,701.8
67580,694.4
67581,688.8
67582,693.4
67583,691.8
67584,694.4
67585,697.1
67586,697.1
67587,699.8
67588,695.0
67589,711.2
67590,702.7
67591,656.4
67592,650.0
67593,648.1
67594,659.9
67595,689.5
67596,674.2
67597,673.2
67598,662.2
67599,643.7
67600,643.3
67601,642.0
67602,640.5
67603,636.8
67604,635.5
67605,633.2
67606,633.8
67607,635.6
67608,632.0
67609,629.4
67610,627.3
67611,628.8
67612,627.9
67613,629.6
67614,629.8
67615,625.3
67616,626.9
67617,624.2
67618,619.4
67619,621.8
67620,623.1
67621,624.8
67622,621.9
67623,620.6
67624,618.8
67625,624.3
67626,621.7
67627,620.2
67628,617.8
67629,615.7
67630,618.8
67631,616.4
67632,611.9
67633,609.3
67634,608.6
67635,608.8
67636,609.4
67637,608.6
67638,606.1
67639,608.0
67640,609.3
67641,606.3
67642,606.8
67643,609.3
67644,608.6
67645,605.0
67646,604.1
67647,604.1
67648,605.0
67649,604.7
67650,605.1
67651,602.7
67652,603.5
67653,601.3
67654,605.5
67655,603.3
67656,604.2
67657,604.0
67658,605.4
67659,605.2
67660,602.7
67661,601.6
67662,598.4
67663,595.1
67664,595.1
67665,591.7
67666,590.5
67667,589.3
67668,585.8
67669,583.4
67670,580.6
67671,577.4
67672,579.5
67673,579.8
67674,580.4
67675,581.7
67676,580.9
67677,581.1
67678,582.6
67679,581.4
67680,580.9
67681,575.6
67682,569.2
67683,565.6
67684,563.3
67685,564.7
67686,567.8
67687,568.7
67688,561.3
67689,562.2
67690,561.2
67691,564.0
67692,562.5
67693,559.9
67694,560.6
67695,560.6
67696,559.9
67697,560.1
67698,561.9
67699,560.1
67700,562.5
67701,561.9
67702,561.5
67703,561.5
67704,560.7
67705,561.6
67706,558.1
67707,559.5
67708,554.0
67709,554.4
67710,557.1
67711,556.7
67712,557.0
67713,553.6
67714,552.1
67715,551.9
67716,549.6
67717,549.9
67718,551.5
67719,551.2
67720,548.4
67721,548.1
67722,548.2
67723,546.7
67724,545.1
67725,544.8
67726,544.5
67727,545.1
67728,545.3
67729,543.9
67730,542.9
67731,543.0
67732,542.0
67733,542.6
67734,542.5
67735,540.9
67736,541.4
67737,540.2
67738,539.0
67739,541.6
67740,540.5
67741,540.6
67742,540.4
67743,542.6
67744,539.5
67745,540.2
67746,541.8
67747,540.9
67748,538.6
67749,540.1
67750,541.1
67751,544.1
67752,544.8
67753,542.5
67754,541.3
67755,540.0
67756,536.6
67757,537.1
67758,536.1
67759,539.9
67760,538.9
67761,537.0
67762,534.0
67763,533.6
67764,533.0
67765,531.9
67766,533.0
67767,533.4
67768,533.5
67769,531.4
67770,531.7
67771,531.9
67772,533.8
67773,530.0
67774,530.4
67775,530.3
67776,533.7
67777,529.3
67778,524.5
67779,523.1
67780,519.9
67781,517.6
67782,517.0
67783,519.1
67784,518.3
67785,521.8
67786,526.3
67787,528.1
67788,528.8
67789,524.7
67790,519.8
67791,519.0
67792,518.0
67793,519.7
67794,525.6
67795,525.3
67796,528.0
67797,529.5
67798,533.8
67799,535.2
67800,533.6
67801,532.5
67802,531.9
67803,531.1
67804,532.6
67805,531.3
67806,532.2
67807,529.1
67808,530.9
67809,528.6
67810,529.9
67811,537.6
67812,535.8
67813,534.6
67814,531.7
67815,532.5
67816,539.4
67817,544.3
67818,542.5
67819,547.6
67820,550.2
67821,554.9
67822,558.0
67823,557.9
67824,557.3
67825,558.8
67826,563.8
67827,572.1
67828,571.8
67829,572.6
67830,572.3
67831,569.7
67832,567.7
67833,569.3
67834,570.7
67835,570.6
67836,570.1
67837,568.7
67838,568.1
67839,564.1
67840,563.2
67841,561.3
67842,561.1
67843,565.0
67844,564.9
67845,563.2
67846,560.8
67847,559.4
67848,557.3
67849,557.5
67850,557.0
67851,555.7
67852,556.6
67853,556.6
67854,557.1
67855,557.3
67856,555.7
67857,557.6
67858,557.9
67859,556.3
67860,557.1
67861,552.9
67862,551.8
67863,549.9
67864,552.1
67865,550.8
67866,549.9
67867,552.5
67868,548.6
67869,549.4
67870,548.8
67871,547.0
67872,545.1
67873,546.7
67874,549.2
67875,547.2
67876,549.7
67877,550.8
67878,547.7
67879,547.1
67880,546.6
67881,547.4
67882,546.3
67883,545.6
67884,547.9
67885,547.2
67886,544.2
67887,542.2
67888,543.9
67889,543.2
67890,543.3
67891,541.4
67892,541.3
67893,540.6
67894,539.8
67895,537.7
67896,533.8
67897,532.4
67898,527.5
67899,524.2
67900,526.1
67901,527.1
67902,530.2
67903,526.8
67904,542.4
67905,541.0
67906,545.8
67907,520.9
67908,509.6
67909,505.4
67910,501.3
67911,503.8
67912,500.7
67913,499.0
67914,495.0
67915,492.6
67916,487.2
67917,484.4
67918,479.1
67919,477.4
67920,478.8
67921,479.0
67922,477.4
67923,474.4
67924,480.2
67925,473.3
67926,470.7
67927,472.4
67928,469.9
67929,467.5
67930,467.7
67931,468.0
67932,467.1
67933,464.9
67934,463.7
67935,464.2
67936,466.9
67937,468.9
67938,480.5
67939,495.9
67940,531.5
67941,542.5
67942,498.6
67943,490.1
67944,549.0
67945,566.1
67946,604.1
67947,648.7
67948,613.5
67949,561.7
67950,618.8
67951,571.6
67952,491.4
67953,470.9
67954,472.0
67955,460.1
67956,465.5
67957,464.5
67958,467.0
67959,469.9
67960,474.1
67961,477.2
67962,480.2
67963,484.4
67964,483.9
67965,476.9
67966,475.0
67967,474.7
67968,474.4
67969,474.3
67970,476.2
67971,475.1
67972,484.5
67973,482.3
67974,486.1
67975,485.5
67976,490.8
67977,499.0
67978,506.0
67979,499.7
67980,502.1
67981,499.3
67982,508.1
67983,594.8
67984,676.0
67985,647.7
67986,600.5
67987,601.0
67988,630.3
67989,634.1
67990,715.5
67991,665.7
67992,661.0
67993,658.8
67994,692.2
67995,680.2
67996,728.8
67997,778.8
67998,749.9
67999,719.9
68000,727.1
68001,710.3
68002,752.2
68003,816.8
68004,815.6
68005,844.0
68006,807.6
68007,797.3
68008,814.0
68009,860.8
68010,892.9
68011,916.8
68012,949.2
68013,931.8
68014,1013.9
68015,1096.7
68016,1067.9
68017,1094.3
68018,1118.5
68019,1164.5
68020,1165.2
68021,1150.1
68022,1122.1
68023,1167.8
68024,1157.0
68025,1147.0
68026,918.9
68027,836.8
68028,769.0
68029,742.0
68030,736.1
68031,807.0
68032,858.8
68033,820.1
68034,794.9
68035,833.7
68036,780.3
68037,871.2
68038,662.8
68039,636.8
68040,568.6
68041,571.1
68042,583.7
68043,620.1
68044,653.0
68045,656.0
68046,692.7
68047,590.6
68048,570.4
68049,583.5
68050,572.2
68051,607.2
68052,646.9
68053,625.9
68054,611.6
68055,710.8
68056,762.2
68057,771.8
68058,768.0
68059,741.9
68060,747.8
68061,674.3
68062,720.7
68063,755.5
68064,735.4
68065,649.5
68066,581.5
68067,514.7
68068,511.5
68069,499.1
68070,498.5
68071,498.1
68072,495.6
68073,503.4
68074,514.0
68075,531.9
68076,523.7
68077,533.1
68078,551.9
68079,571.5
68080,580.2
68081,610.2
68082,615.2
68083,577.6
68084,538.3
68085,541.4
68086,581.5
68087,620.8
68088,645.9
68089,680.7
68090,696.7
68091,563.7
68092,536.1
68093,595.1
68094,621.9
68095,604.2
68096,611.9
68097,632.3
68098,652.0
68099,673.4
68100,667.4
68101,587.7
68102,510.1
68103,-9999.9
68104,-9999.9
68105,-9999.9
68106,-9999.9
68107,-9999.9
68108,-9999.9
68109,-9999.9
68110,-9999.9
68111,-9999.9
68112,-9999.9
68113,-9999.9
68114,-9999.9
68115,-9999.9
68116,-9999.9
68117,-9999.9
68118,-9999.9
68119,-9999.9
68120,-9999.9
68121,-9999.9
68122,-9999.9
68123,-9999.9
68124,-9999.9
68125,-9999.9
68126,-9999.9
68127,-9999.9
68128,-9999.9
68129,-9999.9
68130,-9999.9
68131,-9999.9
68132,-9999.9
68133,-9999.9
68134,-9999.9
68135,-9999.9
68136,-9999.9
68137,-9999.9
68138,-9999.9
68139,-9999.9
68140,-9999.9
68141,-9999.9
68142,-9999.9
68143,-9999.9
68144,-9999.9
68145,-9999.9
68146,-9999.9
68147,-9999.9
68148,-9999.9
68149,-9999.9
68150,-9999.9
68151,-9999.9
68152,-9999.9
68153,-9999.9
68154,-9999.9
68155,-9999.9
68156,-9999.9
68157,-9999.9
68158,-9999.9
68159,-9999.9
68160,-9999.9
68161,-9999.9
68162,-9999.9
68163,-9999.9
68164,-9999.9
68165,-9999.9
68166,-9999.9
68167,-9999.9
68168,-9999.9
