data/raw/Flight8/H2O_POLAR6_20150420_R1_L1_NETCARE.ict
34, 1001
Bozem, Heiko; Hoor, Peter
Institute for Atmospheric Physics, Johannes Gutenberg University, Mainz, Germany
H2O mixing ratio from LI7200 CO2/H2O analyzer
NETCARE Polar 6 Campaign 2015
1, 1
2015, 04, 20, 2016, 01, 22
1
Time_UTC, seconds
1
1
-9999.9
H2O_ppmv, ppmv
0
19
PI_CONTACT_INFO: Address: Johann-Joachim-Becherweg 21, 55128 Mainz, email: bozemh@uni-mainz.de; hoor@uni-mainz.de
PLATFORM: Polar 6
LOCATION: GPS location and altitude available at 1 Hz resolution in separate file (See AIMMS files under Aircraft data and meteorology)
ASSOCIATED_DATA: N/A
INSTRUMENT_INFO: H2O measurements based on non-dispersive infrared absorption spectroscopy
DATA_INFO: Units are ppmv
UNCERTAINTY RELATIVE TO STANDARD: 18.5 ppmv or 2.5 %, whichever is greater, at 1 sigma confidence (before drift correction is applied)
ULOD_FLAG: -7777
ULOD_VALUE: N/A
LLOD_FLAG: -8888
LLOD_VALUE: N/A 
DM_CONTACT_INFO: N/A
PROJECT_INFO: NETCARE Polar 6 aircraft campaign in April 2015; Inuvik
STIPULATIONS_ON_USE: N/A
OTHER_COMMENTS: N/A
REVISION: R1
R0: Preliminary data, corrected for instrument drift
R1: Final data, corrected for instrument drift
Time_UTC,H2O_ppmv
[from data line 1215]
58204,4150.2
58205,4149.5
58206,4148.7
58207,4149.5
58208,4156.6
58209,4160.2
58210,4168.7
58211,4171.4
58212,4172.6
58213,4165.8
58214,4162.8
58215,4153.8
58216,4161.0
58217,4162.3
58218,4161.7
58219,4162.7
58220,4160.0
58221,4160.9
58222,4160.9
58223,4151.3
58224,4148.4
58225,4151.0
58226,4148.5
58227,4155.8
58228,4155.3
58229,4147.8
58230,4153.4
58231,4157.0
58232,4149.2
58233,4136.2
58234,4106.4
58235,4085.5
58236,4103.4
58237,4102.7
58238,4039.8
58239,4008.6
58240,3973.8
58241,3971.3
58242,4036.0
58243,4005.9
58244,3943.4
58245,3950.5
58246,3922.5
58247,3878.6
58248,3857.4
58249,3868.8
58250,3876.8
58251,3892.7
58252,3918.9
58253,3898.8
58254,3856.4
58255,3806.6
58256,3813.0
58257,3809.1
58258,3764.6
58259,3735.4
58260,3746.2
58261,3751.7
58262,3791.0
58263,3838.5
58264,3841.5
58265,3770.4
58266,3764.2
58267,3810.1
58268,3818.7
58269,3810.7
58270,3771.7
58271,3757.3
58272,3792.0
58273,3797.4
58274,3778.9
58275,3774.2
58276,3756.0
58277,3744.6
58278,3742.1
58279,3738.2
58280,3719.7
58281,3682.8
58282,3626.3
58283,3607.7
58284,3568.1
58285,3549.4
58286,3539.4
58287,3538.8
58288,3509.9
58289,3472.4
58290,3449.8
58291,3450.4
58292,3436.6
58293,3436.4
58294,3430.5
58295,3437.1
58296,3425.7
58297,3387.8
58298,3391.6
58299,3364.1
58300,3372.6
58301,3395.1
58302,3371.1
58303,3359.8
58304,3378.3
58305,3375.5
58306,3377.9
58307,3374.7
58308,3372.2
58309,3376.0
58310,3376.1
58311,3373.3
58312,3375.2
58313,3362.1
58314,3326.6
58315,3255.9
58316,3181.2
58317,3124.7
58318,3113.4
58319,3107.7
58320,3095.3
58321,3099.5
58322,3081.6
58323,3066.8
58324,3059.3
58325,3032.9
58326,3020.9
58327,3005.7
58328,2993.4
58329,2992.0
58330,2984.0
58331,2982.8
58332,2983.8
58333,2981.8
58334,2980.0
58335,2971.5
58336,2966.1
58337,2964.3
58338,2960.7
58339,2959.7
58340,2960.8
58341,2960.1
58342,2950.8
58343,2935.9
58344,2935.5
58345,2933.1
58346,2932.6
58347,2936.1
58348,2928.0
58349,2923.7
58350,2918.8
58351,2915.3
58352,2900.7
58353,2889.4
58354,2885.8
58355,2878.2
58356,2865.5
58357,2843.8
58358,2816.2
58359,2785.0
58360,2739.7
58361,2713.0
58362,2691.8
58363,2671.6
58364,2656.9
58365,2653.2
58366,2622.3
58367,2509.6
58368,2425.6
58369,2420.4
58370,2420.8
58371,2434.0
58372,2448.3
58373,2460.0
58374,2448.8
58375,2446.8
58376,2449.6
58377,2447.2
58378,2437.9
58379,2426.0
58380,2415.2
58381,2411.6
58382,2403.3
58383,2400.1
58384,2395.4
58385,2410.1
58386,2423.0
58387,2434.6
58388,2459.6
58389,2476.8
58390,2502.8
58391,2518.4
58392,2530.6
58393,2539.0
58394,2531.9
58395,2525.1
58396,2550.0
58397,2558.8
58398,2533.4
58399,2542.0
58400,2537.0
58401,2523.5
58402,2514.0
58403,2530.5
58404,2558.6
58405,2558.9
58406,2555.6
58407,2540.3
58408,2532.8
58409,2536.8
58410,2533.3
58411,2527.8
58412,2532.8
58413,2472.6
58414,2464.6
58415,2490.4
58416,2489.8
58417,2487.9
58418,2496.6
58419,2495.4
58420,2484.7
58421,2444.7
58422,2358.2
58423,2325.4
58424,2286.3
58425,2325.4
58426,2374.1
58427,2351.2
58428,2183.6
58429,2135.3
58430,2033.3
58431,1934.3
58432,1881.5
58433,1857.4
58434,1827.3
58435,1820.5
58436,1798.7
58437,1804.2
58438,1772.6
58439,1771.5
58440,1784.2
58441,1767.4
58442,1743.0
58443,1752.7
58444,1745.4
58445,1737.2
58446,1743.2
58447,1736.1
58448,1709.4
58449,1698.6
58450,1682.0
58451,1594.1
58452,1495.9
58453,1425.3
58454,1384.8
58455,1374.8
58456,1347.5
58457,1297.0
58458,1271.3
58459,1218.6
58460,1165.5
58461,1144.2
58462,1137.1
58463,1123.5
58464,1112.9
58465,1111.1
58466,1109.4
58467,1107.9
58468,1104.8
58469,1099.1
58470,1097.7
58471,1096.9
58472,1094.3
58473,1079.6
58474,1070.6
58475,1064.2
58476,1064.3
58477,1048.3
58478,1002.5
58479,967.5
58480,901.7
58481,886.5
58482,880.6
58483,869.7
58484,854.2
58485,834.1
58486,828.6
58487,827.6
58488,819.1
58489,821.1
58490,817.5
58491,811.9
58492,805.6
58493,794.5
58494,791.5
58495,791.7
58496,791.2
58497,791.6
58498,791.7
58499,787.8
58500,790.1
58501,789.8
58502,782.9
58503,781.8
58504,781.4
58505,782.2
58506,781.4
58507,781.3
58508,780.6
58509,782.3
58510,780.7
58511,779.9
58512,781.6
58513,783.2
58514,782.0
58515,778.3
58516,777.0
58517,772.0
58518,771.1
58519,770.4
58520,770.3
58521,771.3
58522,769.7
58523,772.8
58524,774.0
58525,776.6
58526,778.9
58527,775.8
58528,775.3
58529,773.8
58530,772.8
58531,774.0
58532,772.6
58533,771.9
58534,768.9
58535,768.7
58536,764.3
58537,763.1
58538,759.0
58539,758.7
58540,758.8
58541,757.7
58542,757.7
58543,759.1
58544,764.2
58545,770.7
58546,779.3
58547,781.1
58548,792.4
58549,783.9
58550,774.6
58551,781.3
58552,775.7
58553,773.2
58554,773.6
58555,778.2
58556,780.5
58557,788.2
58558,789.7
58559,784.3
58560,788.9
58561,795.7
58562,806.3
58563,809.6
58564,818.8
58565,823.7
58566,827.4
58567,836.7
58568,832.4
58569,835.5
58570,851.1
58571,869.2
58572,875.7
58573,876.9
58574,877.1
58575,-9999.9
58576,-9999.9
58577,-9999.9
58578,-9999.9
58579,-9999.9
58580,-9999.9
58581,-9999.9
58582,-9999.9
58583,-9999.9
58584,-9999.9
58585,-9999.9
58586,-9999.9
58587,-9999.9
58588,-9999.9
58589,-9999.9
58590,-9999.9
58591,-9999.9
58592,-9999.9
58593,-9999.9
58594,-9999.9
58595,-9999.9
58596,-9999.9
58597,-9999.9
58598,-9999.9
58599,-9999.9
58600,-9999.9
58601,-9999.9
58602,-9999.9
58603,-9999.9
58604,-9999.9
58605,-9999.9
58606,-9999.9
58607,-9999.9
58608,-9999.9
58609,-9999.9
58610,-9999.9
58611,-9999.9
58612,-9999.9
58613,-9999.9
58614,-9999.9
58615,-9999.9
58616,-9999.9
58617,-9999.9
58618,-9999.9
58619,-9999.9
58620,-9999.9
58621,-9999.9
58622,-9999.9
58623,-9999.9
58624,-9999.9
58625,-9999.9
58626,-9999.9
58627,-9999.9
58628,-9999.9
58629,-9999.9
58630,-9999.9
58631,-9999.9
58632,-9999.9
58633,-9999.9
58634,-9999.9
58635,-9999.9
58636,-9999.9
58637,-9999.9
58638,-9999.9
58639,-9999.9
58640,-9999.9
58641,-9999.9
58642,-9999.9
58643,-9999.9
58644,-9999.9
58645,-9999.9
58646,-9999.9
58647,-9999.9
58648,-9999.9
58649,-9999.9
58650,-9999.9
58651,-9999.9
58652,-9999.9
58653,-9999.9
58654,-9999.9
58655,-9999.9
58656,-9999.9
58657,-9999.9
58658,-9999.9
58659,-9999.9
58660,-9999.9
58661,-9999.9
58662,-9999.9
58663,-9999.9
58664,-9999.9
58665,-9999.9
58666,-9999.9
58667,-9999.9
58668,-9999.9
58669,-9999.9
58670,-9999.9
58671,-9999.9
58672,-9999.9
58673,-9999.9
58674,-9999.9
58675,-9999.9
58676,-9999.9
58677,-9999.9
58678,-9999.9
58679,-9999.9
58680,-9999.9
58681,-9999.9
58682,-9999.9
58683,-9999.9
58684,-9999.9
58685,-9999.9
58686,-9999.9
58687,-9999.9
58688,-9999.9
58689,-9999.9
58690,-9999.9
58691,-9999.9
58692,-9999.9
58693,-9999.9
58694,-9999.9
58695,-9999.9
58696,-9999.9
58697,-9999.9
58698,-9999.9
58699,-9999.9
58700,-9999.9
58701,-9999.9
58702,-9999.9
58703,-9999.9
58704,-9999.9
58705,-9999.9
58706,-9999.9
58707,-9999.9
58708,-9999.9
58709,-9999.9
58710,-9999.9
58711,-9999.9
58712,-9999.9
58713,-9999.9
58714,-9999.9
58715,-9999.9
58716,-9999.9
58717,-9999.9
58718,-9999.9
58719,-9999.9
58720,-9999.9
58721,-9999.9
58722,-9999.9
58723,-9999.9
58724,-9999.9
58725,-9999.9
58726,-9999.9
58727,-9999.9
58728,-9999.9
58729,-9999.9
58730,-9999.9
58731,-9999.9
58732,-9999.9
58733,-9999.9
58734,-9999.9
58735,-9999.9
58736,-9999.9
58737,-9999.9
58738,-9999.9
58739,-9999.9
58740,-9999.9
58741,-9999.9
58742,-9999.9
58743,-9999.9
58744,-9999.9
58745,-9999.9
58746,-9999.9
58747,-9999.9
58748,-9999.9
58749,-9999.9
58750,-9999.9
58751,-9999.9
58752,-9999.9
58753,-9999.9
58754,-9999.9
58755,-9999.9
58756,-9999.9
58757,-9999.9
58758,-9999.9
58759,-9999.9
58760,-9999.9
58761,-9999.9
58762,-9999.9
58763,-9999.9
58764,-9999.9
58765,-9999.9
58766,-9999.9
58767,-9999.9
58768,-9999.9
58769,-9999.9
58770,-9999.9
58771,-9999.9
58772,-9999.9
58773,-9999.9
58774,-9999.9
58775,-9999.9
58776,-9999.9
58777,-9999.9
58778,-9999.9
58779,-9999.9
58780,-9999.9
58781,-9999.9
58782,-9999.9
58783,-9999.9
58784,-9999.9
58785,-9999.9
58786,763.2
58787,752.7
58788,762.9
58789,749.5
58790,783.9
58791,755.6
58792,759.8
58793,756.4
58794,737.7
58795,726.1
58796,718.4
58797,712.9
58798,703.4
58799,699.0
58800,697.6
58801,696.2
58802,697.0
58803,697.5
58804,696.9
58805,696.2
58806,695.6
58807,694.1
58808,693.4
58809,694.4
58810,693.8
58811,693.5
58812,692.3
58813,697.0
58814,695.6
58815,693.9
58816,700.2
58817,704.9
58818,714.1
58819,721.3
58820,725.9
58821,731.0
58822,731.9
58823,730.5
58824,730.0
58825,735.3
58826,742.1
58827,743.5
58828,754.7
58829,758.8
58830,760.9
58831,765.6
58832,768.2
58833,766.1
58834,775.6
58835,767.7
58836,761.3
58837,761.3
58838,765.5
58839,768.4
58840,771.9
58841,779.7
58842,804.8
58843,812.5
58844,821.3
58845,807.8
58846,818.4
58847,818.8
58848,810.4
58849,803.6
58850,804.1
58851,816.1
58852,811.3
58853,805.3
58854,792.1
58855,779.8
58856,761.3
58857,755.4
58858,751.1
58859,746.4
58860,743.5
58861,731.6
58862,724.8
58863,725.2
58864,723.8
58865,721.7
58866,721.5
58867,719.0
58868,719.5
58869,729.1
58870,724.5
58871,723.8
58872,723.6
58873,730.7
58874,741.1
58875,748.1
58876,766.1
58877,785.0
58878,793.2
58879,815.0
58880,833.3
58881,846.9
58882,849.2
58883,852.9
58884,860.9
58885,857.5
58886,849.9
58887,841.7
58888,814.5
58889,802.3
58890,791.0
58891,776.1
58892,773.3
58893,770.6
58894,757.4
58895,743.3
58896,731.8
58897,731.4
58898,728.2
58899,723.4
58900,721.9
58901,718.6
58902,723.9
58903,719.7
58904,721.8
58905,718.4
58906,719.8
58907,719.4
58908,719.0
58909,713.1
58910,707.4
58911,702.3
58912,700.9
58913,699.2
58914,698.3
58915,696.9
58916,696.6
58917,696.4
58918,694.1
58919,694.4
58920,694.3
58921,691.3
58922,690.4
58923,689.5
58924,688.1
58925,686.6
58926,685.1
58927,686.5
58928,689.1
58929,689.7
58930,685.8
58931,686.9
58932,685.8
58933,684.3
58934,685.8
58935,685.7
58936,692.8
58937,697.1
58938,701.6
58939,703.8
58940,714.7
58941,715.7
58942,714.3
58943,721.7
58944,732.8
58945,738.2
58946,745.5
58947,746.9
58948,749.1
58949,749.7
58950,752.1
58951,756.1
58952,756.2
58953,754.9
58954,753.8
58955,752.5
58956,754.3
58957,753.8
58958,751.7
58959,753.2
58960,748.2
58961,745.8
58962,749.3
58963,744.9
58964,736.6
58965,723.4
58966,716.2
58967,718.1
58968,732.0
58969,730.2
58970,724.1
58971,722.1
58972,729.9
58973,719.8
58974,713.6
58975,704.2
58976,700.6
58977,697.5
58978,689.9
58979,680.4
58980,679.4
58981,671.1
58982,665.7
58983,662.9
58984,660.2
58985,658.4
58986,659.1
58987,653.6
58988,648.8
58989,647.9
58990,644.5
58991,642.9
58992,639.9
58993,638.1
58994,637.2
58995,637.4
58996,636.8
58997,638.4
58998,635.3
58999,632.1
59000,632.9
59001,633.0
59002,631.8
59003,633.1
59004,634.0
59005,632.8
59006,633.0
59007,633.0
59008,635.9
59009,642.0
59010,654.2
59011,669.3
59012,673.6
59013,675.8
59014,674.0
59015,671.5
59016,660.2
59017,651.6
59018,649.8
59019,649.4
59020,647.8
59021,643.9
59022,639.9
59023,640.2
59024,641.3
59025,639.5
59026,644.3
59027,646.7
59028,652.6
59029,652.6
59030,652.8
59031,653.9
59032,657.7
59033,659.1
59034,657.3
59035,649.7
59036,648.6
59037,647.4
59038,647.5
59039,626.5
59040,578.5
59041,568.7
59042,564.6
59043,567.8
59044,567.4
59045,566.7
59046,567.6
59047,561.7
59048,563.6
59049,528.2
59050,524.3
59051,523.6
59052,524.3
59053,522.3
59054,517.6
59055,517.9
59056,518.8
59057,514.7
59058,511.3
59059,514.0
59060,517.0
59061,521.8
59062,521.1
59063,515.9
59064,512.3
59065,514.8
59066,517.3
59067,520.7
59068,519.0
59069,521.9
59070,519.8
59071,519.7
59072,517.3
59073,511.5
59074,509.9
59075,509.5
59076,513.8
59077,520.5
59078,521.3
59079,522.7
59080,521.2
59081,515.4
59082,509.4
59083,496.0
59084,480.6
59085,477.7
59086,475.9
59087,478.9
59088,485.0
59089,481.4
59090,476.6
59091,460.0
59092,448.6
59093,453.0
59094,453.7
59095,452.0
59096,442.5
59097,438.7
59098,430.6
59099,415.7
59100,411.4
59101,408.5
59102,406.0
59103,401.7
59104,402.1
59105,399.2
59106,399.5
59107,398.0
59108,397.4
59109,398.2
59110,395.2
59111,393.3
59112,391.9
59113,389.6
59114,390.0
59115,386.7
59116,380.7
59117,380.9
59118,381.0
59119,376.0
59120,377.9
59121,373.9
59122,376.0
59123,377.4
59124,375.1
59125,375.1
59126,374.0
59127,370.2
59128,369.6
59129,369.0
59130,369.0
59131,372.8
59132,369.6
59133,368.0
59134,366.4
59135,363.2
59136,361.7
59137,363.8
59138,362.6
59139,359.2
59140,357.6
59141,358.6
59142,360.4
59143,359.3
59144,356.8
59145,356.3
59146,357.3
59147,355.4
59148,355.2
59149,353.7
59150,350.6
59151,351.1
59152,352.2
59153,352.3
59154,350.1
59155,348.1
59156,347.1
59157,347.9
59158,345.6
59159,345.3
59160,347.9
59161,348.3
59162,342.5
59163,340.2
59164,344.4
59165,347.7
59166,344.4
59167,346.1
59168,346.0
59169,348.1
59170,348.9
59171,347.4
59172,348.5
59173,350.2
59174,354.6
59175,348.9
59176,347.9
59177,348.4
59178,359.8
59179,355.7
59180,348.5
59181,353.0
59182,356.3
59183,361.6
59184,364.3
59185,366.4
59186,376.1
59187,374.4
59188,377.4
59189,376.8
59190,374.6
59191,375.2
59192,376.4
59193,375.7
59194,380.0
59195,379.9
59196,378.0
59197,376.7
59198,378.8
59199,376.3
59200,374.9
59201,376.4
59202,378.1
59203,374.3
59204,374.0
59205,373.4
59206,375.1
59207,378.4
59208,374.6
59209,376.9
59210,376.3
59211,376.3
59212,374.1
59213,375.1
59214,371.3
59215,376.5
59216,374.5
59217,374.1
59218,374.0
59219,374.6
59220,374.4
59221,374.5
59222,373.9
59223,374.4
59224,373.9
59225,373.8
59226,373.0
59227,372.3
59228,371.2
59229,369.9
59230,372.7
59231,371.9
59232,371.0
59233,371.5
59234,374.9
59235,372.7
59236,371.1
59237,371.9
59238,370.5
59239,371.5
59240,370.9
59241,372.3
59242,369.8
59243,370.0
59244,371.4
59245,369.5
59246,371.8
59247,372.2
59248,370.8
59249,368.9
59250,370.8
59251,371.2
59252,369.3
59253,371.1
59254,371.0
59255,369.5
59256,367.3
59257,368.0
59258,363.9
59259,363.0
59260,364.1
59261,364.5
59262,363.4
59263,362.3
59264,362.3
59265,362.7
59266,363.1
59267,363.2
59268,364.4
59269,364.5
59270,365.0
59271,363.7
59272,361.3
59273,360.6
59274,362.3
59275,363.1
59276,361.7
59277,360.2
59278,357.9
59279,355.2
59280,357.7
59281,357.3
59282,355.7
59283,355.5
59284,356.9
59285,356.8
59286,357.2
59287,355.1
59288,355.7
59289,354.9
59290,357.1
59291,358.6
59292,356.5
59293,351.2
59294,353.8
59295,359.4
59296,358.7
59297,358.2
59298,356.4
59299,350.9
59300,337.3
59301,334.2
59302,330.9
59303,331.0
59304,329.3
59305,327.0
59306,327.5
59307,327.5
59308,325.7
59309,327.1
59310,326.8
59311,329.5
59312,323.9
59313,328.4
59314,330.8
59315,324.3
59316,322.3
59317,320.7
59318,317.4
59319,317.8
59320,318.4
59321,316.5
59322,314.7
59323,314.7
59324,314.8
59325,313.6
59326,317.3
59327,319.1
59328,316.5
59329,315.5
59330,312.9
59331,313.7
59332,314.0
59333,312.2
59334,312.7
59335,312.0
59336,315.0
59337,312.8
59338,312.9
59339,314.5
59340,313.6
59341,311.4
59342,312.3
59343,309.6
59344,313.2
59345,310.3
59346,311.7
59347,312.4
59348,309.1
59349,311.3
59350,310.5
59351,310.4
59352,311.1
59353,310.9
59354,312.9
59355,313.6
59356,312.5
59357,310.2
59358,310.4
59359,312.6
59360,313.8
59361,321.7
59362,329.4
59363,330.4
59364,324.0
59365,329.4
59366,327.5
59367,323.0
59368,319.1
59369,321.1
59370,315.7
59371,300.4
59372,289.8
59373,282.8
59374,294.8
59375,308.8
59376,323.4
59377,326.1
59378,322.7
59379,319.3
59380,296.5
59381,289.7
59382,290.2
59383,278.0
59384,276.0
59385,277.8
59386,279.6
59387,281.1
59388,272.0
59389,277.9
59390,272.2
59391,281.6
59392,285.0
59393,277.2
59394,281.0
59395,295.4
59396,288.0
59397,284.3
59398,283.9
59399,301.2
59400,292.9
59401,279.1
59402,279.5
59403,281.6
59404,280.6
59405,275.6
59406,273.9
59407,270.2
59408,271.3
59409,273.1
59410,275.8
59411,276.3
59412,272.6
59413,274.6
59414,272.2
59415,270.0
59416,269.6
59417,268.1
59418,270.1
59419,269.3
59420,266.0
59421,265.0
59422,263.8
59423,263.2
59424,268.3
59425,270.2
59426,270.2
59427,270.2
59428,268.4
59429,263.7
59430,266.4
59431,265.4
59432,271.8
59433,271.8
59434,278.5
59435,279.2
59436,281.6
59437,285.0
59438,288.6
59439,285.7
59440,285.8
59441,285.6
59442,282.3
59443,280.4
59444,277.3
59445,276.0
59446,270.7
59447,269.2
59448,264.0
59449,262.4
59450,263.0
59451,262.1
59452,262.5
59453,266.2
59454,268.5
59455,267.4
59456,268.7
59457,261.5
59458,253.1
59459,257.7
59460,254.0
59461,257.6
59462,264.0
59463,263.3
59464,267.9
59465,264.7
59466,263.8
59467,270.2
59468,277.0
59469,269.5
59470,262.4
59471,259.8
59472,257.9
59473,257.8
59474,263.8
59475,260.4
59476,259.0
59477,258.7
