data/raw/Flight8/H2O_POLAR6_20150420_R1_L1_NETCARE.ict
34, 1001
Bozem, Heiko; Hoor, Peter
Institute for Atmospheric Physics, Johannes Gutenberg University, Mainz, Germany
H2O mixing ratio from LI7200 CO2/H2O analyzer
NETCARE Polar 6 Campaign 2015
1, 1
2015, 04, 20, 2016, 01, 22
1
Time_UTC, seconds
1
1
-9999.9
H2O_ppmv, ppmv
0
19
PI_CONTACT_INFO: Address: Johann-Joachim-Becherweg 21, 55128 Mainz, email: bozemh@uni-mainz.de; hoor@uni-mainz.de
PLATFORM: Polar 6
LOCATION: GPS location and altitude available at 1 Hz resolution in separate file (See AIMMS files under Aircraft data and meteorology)
ASSOCIATED_DATA: N/A
INSTRUMENT_INFO: H2O measurements based on non-dispersive infrared absorption spectroscopy
DATA_INFO: Units are ppmv
UNCERTAINTY RELATIVE TO STANDARD: 18.5 ppmv or 2.5 %, whichever is greater, at 1 sigma confidence (before drift correction is applied)
ULOD_FLAG: -7777
ULOD_VALUE: N/A
LLOD_FLAG: -8888
LLOD_VALUE: N/A 
DM_CONTACT_INFO: N/A
PROJECT_INFO: NETCARE Polar 6 aircraft campaign in April 2015; Inuvik
STIPULATIONS_ON_USE: N/A
OTHER_COMMENTS: N/A
REVISION: R1
R0: Preliminary data, corrected for instrument drift
R1: Final data, corrected for instrument drift
Time_UTC,H2O_ppmv
[from data line 6246]
63235,4429.6
63236,4434.4
63237,4435.4
63238,4431.9
63239,4432.9
63240,4433.5
63241,4436.5
63242,4436.0
63243,4438.4
63244,4439.0
63245,4436.7
63246,4435.6
63247,4437.1
63248,4439.5
63249,4440.6
63250,4441.6
63251,4440.8
63252,4442.0
63253,4443.5
63254,4445.2
63255,4445.7
63256,4447.7
63257,4445.2
63258,4448.0
63259,4451.2
63260,4449.9
63261,4450.6
63262,4446.2
63263,4448.3
63264,4449.5
63265,4452.6
63266,4452.5
63267,4454.6
63268,4455.5
63269,4459.2
63270,4460.2
63271,4462.1
63272,4461.3
63273,4462.7
63274,4465.4
63275,4469.7
63276,4468.0
63277,4471.4
63278,4471.7
63279,4472.0
63280,4470.2
63281,4467.9
63282,4467.2
63283,4466.6
63284,4464.9
63285,4467.1
63286,4465.6
63287,4467.3
63288,4466.4
63289,4468.2
63290,4468.4
63291,4472.6
63292,4476.4
63293,4476.2
63294,4473.6
63295,4470.0
63296,4466.7
63297,4467.0
63298,4469.5
63299,4470.2
63300,4465.7
63301,4467.8
63302,4466.8
63303,4466.1
63304,4471.1
63305,4478.5
63306,4482.7
63307,4481.9
63308,4485.7
63309,4485.7
63310,4484.0
63311,4477.2
63312,4475.9
63313,4474.5
63314,4477.9
63315,4480.0
63316,4485.7
63317,4490.1
63318,4490.1
63319,4487.9
63320,4488.7
63321,4488.9
63322,4487.2
63323,4477.9
63324,4482.3
63325,4481.4
63326,4480.7
63327,4480.9
63328,4478.3
63329,4482.4
63330,4486.0
63331,4485.4
63332,4485.8
63333,4486.9
63334,4489.4
63335,4493.3
63336,4486.8
63337,4481.7
63338,4481.1
63339,4474.5
63340,4475.5
63341,4478.9
63342,4480.6
63343,4480.6
63344,4479.0
63345,4473.9
63346,4475.6
63347,4475.7
63348,4477.9
63349,4474.3
63350,4476.3
63351,4480.5
63352,4478.9
63353,4480.8
63354,4478.3
63355,4479.1
63356,4479.4
63357,4480.8
63358,4486.0
63359,4488.7
63360,4485.8
63361,4475.3
63362,4473.2
63363,4467.7
63364,4465.2
63365,4455.3
63366,4448.6
63367,4441.8
63368,4438.0
63369,4433.2
63370,4428.2
63371,4429.4
63372,4427.6
63373,4425.7
63374,4425.1
63375,4428.0
63376,4439.2
63377,4441.4
63378,4440.9
63379,4441.1
63380,4437.0
63381,4432.2
63382,4426.1
63383,4416.9
63384,4405.4
63385,4393.9
63386,4379.5
63387,4354.4
63388,4342.2
63389,4336.2
63390,4326.2
63391,4329.3
63392,4335.3
63393,4335.4
63394,4345.0
63395,4348.3
63396,4352.1
63397,4354.9
63398,4358.9
63399,4367.8
63400,4367.1
63401,4358.9
63402,4360.1
63403,4364.7
63404,4356.0
63405,4357.3
63406,4353.6
63407,4349.9
63408,4351.5
63409,4351.2
63410,4354.6
63411,4352.0
63412,4351.0
63413,4361.7
63414,4366.4
63415,4378.3
63416,4373.6
63417,4365.7
63418,4369.0
63419,4359.7
63420,4358.0
63421,4363.7
63422,4351.4
63423,4353.1
63424,4356.0
63425,4348.6
63426,4328.1
63427,4318.1
63428,4296.5
63429,4250.9
63430,4200.5
63431,4195.8
63432,4205.5
63433,4197.9
63434,4186.6
63435,4185.8
63436,4170.4
63437,4151.8
63438,4149.9
63439,4173.9
63440,4202.0
63441,4239.5
63442,4288.3
63443,4304.8
63444,4315.5
63445,4312.3
63446,4313.8
63447,4307.0
63448,4317.2
63449,4315.0
63450,4309.9
63451,4320.9
63452,4331.6
63453,4330.7
63454,4346.7
63455,4340.8
63456,4346.1
63457,4352.5
63458,4353.0
63459,4351.1
63460,4351.6
63461,4343.7
63462,4349.0
63463,4332.0
63464,4341.6
63465,4350.6
63466,4345.7
63467,4331.1
63468,4322.3
63469,4286.5
63470,4305.2
63471,4303.9
63472,4349.9
63473,4341.8
63474,4353.4
63475,4361.6
63476,4356.3
63477,4354.8
63478,4344.3
63479,4333.1
63480,4331.1
63481,4347.8
63482,4352.7
63483,4336.2
63484,4344.7
63485,4344.6
63486,4343.3
63487,4350.3
63488,4363.4
63489,4378.0
63490,4389.3
63491,4400.2
63492,4423.1
63493,4436.3
63494,4454.2
63495,4454.4
63496,4441.4
63497,4442.1
63498,4448.8
63499,4457.7
63500,4468.2
63501,4457.4
63502,4419.5
63503,4432.8
63504,4436.5
63505,4430.9
63506,4437.3
63507,4448.0
63508,4453.2
63509,4459.6
63510,4467.6
63511,4477.6
63512,4480.4
63513,4489.8
63514,4501.6
63515,4496.8
63516,4495.5
63517,4498.7
63518,4496.9
63519,4489.2
63520,4475.9
63521,4460.1
63522,4470.4
63523,4450.1
63524,4445.1
63525,4442.1
63526,4426.1
63527,4415.7
63528,4409.1
63529,4412.8
63530,4412.7
63531,4412.5
63532,4415.5
63533,4419.9
63534,4410.8
63535,4401.1
63536,4393.9
63537,4383.4
63538,4379.1
63539,4378.6
63540,4383.1
63541,4386.2
63542,4381.6
63543,4389.5
63544,4391.6
63545,4398.5
63546,4402.9
63547,4400.7
63548,4397.2
63549,4386.6
63550,4390.7
63551,4394.5
63552,4410.2
63553,4426.2
63554,4430.8
63555,4419.3
63556,4431.5
63557,4441.6
63558,4448.3
63559,4462.1
63560,4459.5
63561,4455.2
63562,4460.1
63563,4459.2
63564,4429.8
63565,4461.2
63566,4479.6
63567,4502.4
63568,4517.5
63569,4528.4
63570,4548.7
63571,4539.2
63572,4531.4
63573,4544.7
63574,4536.0
63575,4537.3
63576,4545.7
63577,4553.7
63578,4554.1
63579,4550.3
63580,4537.9
63581,4537.3
63582,4534.6
63583,4532.3
63584,4523.1
63585,4519.7
63586,4522.3
63587,4523.3
63588,4519.6
63589,4518.9
63590,4523.7
63591,4530.1
63592,4529.0
63593,4503.1
63594,4485.3
63595,4499.8
63596,4509.7
63597,4510.9
63598,4515.2
63599,4508.3
63600,4505.2
63601,4505.5
63602,4501.6
63603,4502.4
63604,4510.9
63605,4513.1
63606,4522.0
63607,4525.0
63608,4540.7
63609,4548.8
63610,4552.4
63611,4562.5
63612,4559.8
63613,4554.3
63614,4555.5
63615,4565.7
63616,4566.5
63617,4565.5
63618,4570.9
63619,4569.8
63620,4565.3
63621,4567.9
63622,4570.1
63623,4569.6
63624,4573.7
63625,4572.3
63626,4576.8
63627,4570.4
63628,4564.4
63629,4568.4
63630,4568.6
63631,4569.8
63632,4567.6
63633,4563.6
63634,4562.2
63635,4565.1
63636,4561.9
63637,4560.1
63638,4562.5
63639,4562.8
63640,4566.7
63641,4571.4
63642,4573.8
63643,4577.5
63644,4585.2
63645,4584.8
63646,4589.3
63647,4589.5
63648,4592.8
63649,4594.8
63650,4597.6
63651,4596.5
63652,4593.0
63653,4594.5
63654,4594.3
63655,4592.5
63656,4586.4
63657,4587.4
63658,4579.6
63659,4575.7
63660,4571.8
63661,4572.9
63662,4554.5
63663,4546.1
63664,4552.3
63665,4554.9
63666,4552.5
63667,4529.3
63668,4528.1
63669,4528.8
63670,4527.1
63671,4528.5
63672,4534.1
63673,4547.3
63674,4549.8
63675,4552.7
63676,4543.9
63677,4534.6
63678,4526.7
63679,4529.7
63680,4540.5
63681,4546.7
63682,4549.3
63683,4551.9
63684,4552.2
63685,4553.9
63686,4549.0
63687,4532.8
63688,4520.3
63689,4519.5
63690,4525.0
63691,4526.2
63692,4526.4
63693,4521.7
63694,4523.9
63695,4532.1
63696,4526.9
63697,4529.4
63698,4529.7
63699,4528.4
63700,4533.6
63701,4538.2
63702,4533.4
63703,4527.3
63704,4533.6
63705,4545.1
63706,4544.5
63707,4545.7
63708,4550.4
63709,4551.0
63710,4544.9
63711,4548.8
63712,4539.3
63713,4531.7
63714,4551.8
63715,4552.5
63716,4549.0
63717,4548.1
63718,4551.5
63719,4547.8
63720,4540.9
63721,4533.9
63722,4525.4
63723,4516.3
63724,4510.5
63725,4487.9
63726,4459.6
63727,4447.2
63728,4435.3
63729,4438.7
63730,4433.8
63731,4433.2
63732,4430.9
63733,4436.8
63734,4442.5
63735,4447.1
63736,4457.5
63737,4459.7
63738,4462.1
63739,4465.6
63740,4465.3
63741,4461.5
63742,4464.4
63743,4470.2
63744,4485.6
63745,4491.1
63746,4499.0
63747,4512.8
63748,4501.5
63749,4499.5
63750,4494.0
63751,4494.8
63752,4498.8
63753,4488.1
63754,4482.2
63755,4482.5
63756,4472.4
63757,4464.0
63758,4459.6
63759,4458.1
63760,4454.4
63761,4454.4
63762,4454.0
63763,4456.5
63764,4455.1
63765,4453.3
63766,4451.3
63767,4450.7
63768,4454.5
63769,4458.0
63770,4462.0
63771,4460.7
63772,4461.6
63773,4454.4
63774,4458.6
63775,4446.6
63776,4449.0
63777,4450.6
63778,4449.5
63779,4443.4
63780,4441.8
63781,4439.4
63782,4433.1
63783,4431.0
63784,4432.3
63785,4433.1
63786,4430.5
63787,4429.5
63788,4423.7
63789,4417.6
63790,4420.7
63791,4419.9
63792,4421.1
63793,4427.4
63794,4431.6
63795,4437.3
63796,4441.3
63797,4441.3
63798,4439.8
63799,4436.6
63800,4444.1
63801,4448.7
63802,4448.3
63803,4442.0
63804,4437.8
63805,4449.8
63806,4466.8
63807,4453.4
63808,4446.7
63809,4436.4
63810,4429.7
63811,4420.9
63812,4413.5
63813,4410.9
63814,4402.1
63815,4402.7
63816,4399.4
63817,4401.2
63818,4396.1
63819,4394.7
63820,4396.4
63821,4396.4
63822,4400.0
63823,4404.8
63824,4409.8
63825,4416.1
63826,4418.3
63827,4420.1
63828,4425.9
63829,4428.1
63830,4431.4
63831,4433.5
63832,4427.8
63833,4431.9
63834,4431.3
63835,4441.0
63836,4445.1
63837,4442.3
63838,4444.4
63839,4444.7
63840,4454.2
63841,4466.5
63842,4478.2
63843,4490.2
63844,4501.4
63845,4510.2
63846,4516.2
63847,4516.7
63848,4519.3
63849,4515.7
63850,4509.8
63851,4504.9
63852,4505.9
63853,4513.4
63854,4521.2
63855,4522.3
63856,4525.1
63857,4521.0
63858,4520.9
63859,4518.3
63860,4522.4
63861,4533.4
63862,4538.2
63863,4548.5
63864,4556.3
63865,4566.7
63866,4569.9
63867,4567.3
63868,4579.3
63869,4587.9
63870,4585.1
63871,4577.6
63872,4576.3
63873,4581.1
63874,4578.6
63875,4587.7
63876,4591.3
63877,4590.4
63878,4593.4
63879,4593.8
63880,4594.7
63881,4585.0
63882,4574.3
63883,4548.3
63884,4538.7
63885,4534.7
63886,4532.6
63887,4529.5
63888,4523.6
63889,4507.3
63890,4488.8
63891,4480.1
63892,4487.8
63893,4499.8
63894,4501.0
63895,4496.5
63896,4484.9
63897,4509.0
63898,4504.9
63899,4489.4
63900,4497.7
63901,4484.8
63902,4492.1
63903,4491.2
63904,4481.6
63905,4487.6
63906,4492.5
63907,4487.7
63908,4497.0
63909,4492.2
63910,4496.0
63911,4501.1
63912,4496.8
63913,4477.6
63914,4449.8
63915,4415.6
63916,4404.8
63917,4386.9
63918,4373.3
63919,4366.5
63920,4365.2
63921,4366.8
63922,4364.6
63923,4363.1
63924,4362.4
63925,4361.5
63926,4360.1
63927,4359.7
63928,4361.4
63929,4359.1
63930,4361.7
63931,4364.3
63932,4357.9
63933,4359.1
63934,4364.6
63935,4372.8
63936,4376.0
63937,4379.3
63938,4380.2
63939,4379.5
63940,4378.6
63941,4383.8
63942,4394.0
63943,4393.2
63944,4396.4
63945,4396.7
63946,4390.7
63947,4402.8
63948,4404.6
63949,4395.4
63950,4392.1
63951,4384.3
63952,4380.0
63953,4379.8
63954,4382.2
63955,4379.3
63956,4378.7
63957,4374.7
63958,4371.5
63959,4371.0
63960,4364.7
63961,4364.5
63962,4362.4
63963,4361.0
63964,4356.2
63965,4352.6
63966,4351.6
63967,4349.0
63968,4349.9
63969,4347.3
63970,-9999.9
63971,-9999.9
63972,-9999.9
63973,-9999.9
63974,-9999.9
63975,-9999.9
63976,-9999.9
63977,-9999.9
63978,-9999.9
63979,-9999.9
63980,-9999.9
63981,-9999.9
63982,-9999.9
63983,-9999.9
63984,-9999.9
63985,-9999.9
63986,-9999.9
63987,-9999.9
63988,-9999.9
63989,-9999.9
63990,-9999.9
63991,-9999.9
63992,-9999.9
63993,-9999.9
63994,-9999.9
63995,-9999.9
63996,-9999.9
63997,-9999.9
63998,-9999.9
63999,-9999.9
64000,-9999.9
64001,-9999.9
64002,-9999.9
64003,-9999.9
64004,-9999.9
64005,-9999.9
64006,-9999.9
64007,-9999.9
64008,-9999.9
64009,-9999.9
64010,-9999.9
64011,-9999.9
64012,-9999.9
64013,-9999.9
64014,-9999.9
64015,-9999.9
64016,-9999.9
64017,-9999.9
64018,-9999.9
64019,-9999.9
64020,-9999.9
64021,-9999.9
64022,-9999.9
64023,-9999.9
64024,-9999.9
64025,-9999.9
64026,-9999.9
64027,-9999.9
64028,-9999.9
64029,-9999.9
64030,-9999.9
64031,-9999.9
64032,-9999.9
64033,-9999.9
64034,-9999.9
64035,-9999.9
64036,-9999.9
64037,-9999.9
64038,-9999.9
64039,-9999.9
64040,-9999.9
64041,-9999.9
64042,-9999.9
64043,-9999.9
64044,-9999.9
64045,-9999.9
64046,-9999.9
64047,-9999.9
64048,-9999.9
64049,-9999.9
64050,-9999.9
64051,-9999.9
64052,-9999.9
64053,-9999.9
64054,-9999.9
64055,-9999.9
64056,-9999.9
64057,-9999.9
64058,-9999.9
64059,-9999.9
64060,-9999.9
64061,-9999.9
64062,-9999.9
64063,-9999.9
64064,-9999.9
64065,-9999.9
64066,-9999.9
64067,-9999.9
64068,-9999.9
64069,-9999.9
64070,-9999.9
64071,-9999.9
64072,-9999.9
64073,-9999.9
64074,-9999.9
64075,-9999.9
64076,-9999.9
64077,-9999.9
64078,-9999.9
64079,-9999.9
64080,-9999.9
64081,-9999.9
64082,-9999.9
64083,-9999.9
64084,-9999.9
64085,-9999.9
64086,-9999.9
64087,-9999.9
64088,-9999.9
64089,-9999.9
64090,-9999.9
64091,-9999.9
64092,-9999.9
64093,-9999.9
64094,-9999.9
64095,-9999.9
64096,-9999.9
64097,-9999.9
64098,-9999.9
64099,-9999.9
64100,-9999.9
64101,-9999.9
64102,-9999.9
64103,-9999.9
64104,-9999.9
64105,-9999.9
64106,-9999.9
64107,-9999.9
64108,-9999.9
64109,-9999.9
64110,-9999.9
64111,-9999.9
64112,-9999.9
64113,-9999.9
64114,-9999.9
64115,-9999.9
64116,-9999.9
64117,-9999.9
64118,-9999.9
64119,-9999.9
64120,-9999.9
64121,-9999.9
64122,-9999.9
64123,-9999.9
64124,-9999.9
64125,-9999.9
64126,-9999.9
64127,-9999.9
64128,-9999.9
64129,-9999.9
64130,-9999.9
64131,-9999.9
64132,-9999.9
64133,-9999.9
64134,-9999.9
64135,-9999.9
64136,-9999.9
64137,-9999.9
64138,-9999.9
64139,-9999.9
64140,-9999.9
64141,-9999.9
64142,-9999.9
64143,-9999.9
64144,-9999.9
64145,-9999.9
64146,-9999.9
64147,-9999.9
64148,-9999.9
64149,-9999.9
64150,-9999.9
64151,-9999.9
64152,-9999.9
64153,-9999.9
64154,-9999.9
64155,-9999.9
64156,-9999.9
64157,-9999.9
64158,-9999.9
64159,-9999.9
64160,-9999.9
64161,-9999.9
64162,-9999.9
64163,-9999.9
64164,-9999.9
64165,-9999.9
64166,-9999.9
64167,-9999.9
64168,-9999.9
64169,-9999.9
64170,-9999.9
64171,-9999.9
64172,-9999.9
64173,-9999.9
64174,-9999.9
64175,-9999.9
64176,-9999.9
64177,-9999.9
64178,-9999.9
64179,-9999.9
64180,-9999.9
64181,4370.4
64182,4376.8
64183,4397.6
64184,4400.1
64185,4434.5
64186,4447.3
64187,4466.8
64188,4483.3
64189,4482.5
64190,4475.0
64191,4482.4
64192,4490.7
64193,4490.4
64194,4509.7
64195,4518.0
64196,4537.8
64197,4545.4
64198,4549.4
64199,4545.7
64200,4545.3
64201,4550.5
64202,4553.5
64203,4559.1
64204,4563.0
64205,4569.6
64206,4573.7
64207,4574.3
64208,4576.3
64209,4576.7
64210,4566.4
64211,4577.7
64212,4569.9
64213,4571.3
64214,4566.6
64215,4586.0
64216,4629.2
64217,4668.9
64218,4638.0
64219,4695.2
64220,4651.1
64221,4661.8
64222,4690.9
64223,4700.2
64224,4704.2
64225,4698.7
64226,4713.9
64227,4712.5
64228,4708.5
64229,4722.7
64230,4706.3
64231,4722.7
64232,4759.8
64233,4764.2
64234,4768.6
64235,4780.9
64236,4788.3
64237,4792.1
64238,4800.5
64239,4802.8
64240,4812.5
64241,4830.6
64242,4845.2
64243,4851.2
64244,4855.5
64245,4855.2
64246,4856.9
64247,4856.9
64248,4862.8
64249,4863.7
64250,4864.9
64251,4866.7
64252,4867.3
64253,4870.3
64254,4872.2
64255,4873.8
64256,4874.6
64257,4873.7
64258,4873.1
64259,4873.6
64260,4875.4
64261,4874.4
64262,4874.8
64263,4874.0
64264,4874.1
64265,4871.2
64266,4870.4
64267,4870.9
64268,4870.0
64269,4867.2
64270,4872.4
64271,4870.8
64272,4860.2
64273,4852.8
64274,4855.3
64275,4845.0
64276,4829.6
64277,4833.5
64278,4839.3
64279,4835.4
64280,4829.4
64281,4810.9
64282,4811.3
64283,4823.6
64284,4818.1
64285,4816.0
64286,4798.3
64287,4786.4
64288,4787.5
64289,4786.1
64290,4786.2
64291,4788.2
64292,4789.3
64293,4788.8
64294,4792.0
64295,4793.7
64296,4792.7
64297,4795.1
64298,4791.5
64299,4789.1
64300,4788.8
64301,4786.3
64302,4791.4
64303,4792.9
64304,4790.9
64305,4789.9
64306,4786.4
64307,4786.6
64308,4785.0
64309,4785.8
64310,4784.4
64311,4784.3
64312,4785.8
64313,4785.1
64314,4797.8
64315,4801.0
64316,4805.4
64317,4828.9
64318,4839.6
64319,4844.2
64320,4858.0
64321,4866.9
64322,4868.0
64323,4865.7
64324,4870.9
64325,4872.4
64326,4873.8
64327,4872.5
64328,4873.2
64329,4877.4
64330,4879.4
64331,4879.8
64332,4880.9
64333,4878.8
64334,4879.1
64335,4879.4
64336,4879.1
64337,4879.7
64338,4880.4
64339,4880.1
64340,4882.7
64341,4880.2
64342,4885.5
64343,4887.0
64344,4890.7
64345,4891.3
64346,4890.6
64347,4888.0
64348,4890.8
64349,4894.1
64350,4895.9
64351,4896.3
64352,4896.6
64353,4897.7
64354,4904.9
64355,4904.9
64356,4903.1
64357,4903.1
64358,4906.0
64359,4905.2
64360,4905.6
64361,4904.2
64362,4906.0
64363,4904.3
64364,4904.9
64365,4904.1
64366,4905.2
64367,4907.4
64368,4907.8
64369,4911.0
64370,4906.1
64371,4903.6
64372,4903.7
64373,4908.6
64374,4909.3
64375,4900.4
64376,4870.8
64377,4850.7
64378,4850.0
64379,4848.6
64380,4846.7
64381,4859.4
64382,4871.2
64383,4859.1
64384,4850.5
64385,4853.4
64386,4859.0
64387,4868.0
64388,4860.6
64389,4860.4
64390,4855.2
64391,4855.2
64392,4861.1
64393,4875.9
64394,4885.0
64395,4883.3
64396,4886.4
64397,4898.0
64398,4903.5
64399,4905.9
64400,4906.4
64401,4903.4
64402,4902.7
64403,4902.9
64404,4905.1
64405,4899.1
64406,4900.4
64407,4900.7
64408,4902.9
64409,4907.2
64410,4906.3
64411,4905.8
64412,4905.3
64413,4905.2
64414,4904.1
64415,4903.0
64416,4900.6
64417,4899.3
64418,4900.8
64419,4899.5
64420,4901.6
64421,4903.7
64422,4902.7
64423,4901.1
64424,4902.4
64425,4904.1
64426,4903.6
64427,4903.8
64428,4903.1
64429,4904.7
64430,4904.3
64431,4906.2
64432,4905.3
64433,4904.6
64434,4902.5
64435,4902.3
64436,4903.6
64437,4902.5
64438,4906.0
64439,4905.4
64440,4906.2
64441,4908.5
64442,4908.3
64443,4907.9
64444,4909.3
64445,4907.8
64446,4911.0
64447,4911.6
