data/raw/Flight8/H2O_POLAR6_20150420_R1_L1_NETCARE.ict
34, 1001
Bozem, Heiko; Hoor, Peter
Institute for Atmospheric Physics, Johannes Gutenberg University, Mainz, Germany
H2O mixing ratio from LI7200 CO2/H2O analyzer
NETCARE Polar 6 Campaign 2015
1, 1
2015, 04, 20, 2016, 01, 22
1
Time_UTC, seconds
1
1
-9999.9
H2O_ppmv, ppmv
0
19
PI_CONTACT_INFO: Address: Johann-Joachim-Becherweg 21, 55128 Mainz, email: bozemh@uni-mainz.de; hoor@uni-mainz.de
PLATFORM: Polar 6
LOCATION: GPS location and altitude available at 1 Hz resolution in separate file (See AIMMS files under Aircraft data and meteorology)
ASSOCIATED_DATA: N/A
INSTRUMENT_INFO: H2O measurements based on non-dispersive infrared absorption spectroscopy
DATA_INFO: Units are ppmv
UNCERTAINTY RELATIVE TO STANDARD: 18.5 ppmv or 2.5 %, whichever is greater, at 1 sigma confidence (before drift correction is applied)
ULOD_FLAG: -7777
ULOD_VALUE: N/A
LLOD_FLAG: -8888
LLOD_VALUE: N/A 
DM_CONTACT_INFO: N/A
PROJECT_INFO: NETCARE Polar 6 aircraft campaign in April 2015; Inuvik
STIPULATIONS_ON_USE: N/A
OTHER_COMMENTS: N/A
REVISION: R1
R0: Preliminary data, corrected for instrument drift
R1: Final data, corrected for instrument drift
Time_UTC,H2O_ppmv
[from data line 8675]
65664,4947.9
65665,4933.9
65666,4922.7
65667,4927.3
65668,4934.1
65669,4926.4
65670,4929.2
65671,4928.4
65672,4924.7
65673,4907.2
65674,4906.4
65675,4891.7
65676,4901.0
65677,4909.6
65678,4901.4
65679,4897.3
65680,4880.5
65681,4878.6
65682,4901.8
65683,4914.3
65684,4899.7
65685,4897.8
65686,4917.0
65687,4902.3
65688,4889.2
65689,4885.2
65690,4884.9
65691,4890.5
65692,4905.4
65693,4892.9
65694,4870.6
65695,4871.4
65696,4863.8
65697,4866.2
65698,4858.9
65699,4853.7
65700,4849.3
65701,4817.6
65702,4829.0
65703,4827.8
65704,4821.1
65705,4801.8
65706,4793.2
65707,4784.4
65708,4785.1
65709,4785.9
65710,4778.7
65711,4772.9
65712,4770.6
65713,4768.5
65714,4762.9
65715,4763.7
65716,4762.1
65717,4761.3
65718,4762.4
65719,4764.3
65720,4765.8
65721,4771.1
65722,4774.2
65723,4772.8
65724,4776.9
65725,4777.0
65726,4778.2
65727,4781.3
65728,4781.7
65729,4782.0
65730,4781.7
65731,4781.8
65732,4786.6
65733,4785.5
65734,4785.6
65735,4783.2
65736,4787.2
65737,4790.0
65738,4788.3
65739,4790.0
65740,4792.2
65741,4794.5
65742,4795.7
65743,4785.4
65744,4788.6
65745,4789.0
65746,4791.8
65747,4786.9
65748,4761.7
65749,4772.3
65750,4780.8
65751,4768.1
65752,4776.3
65753,4774.8
65754,4773.6
65755,4774.8
65756,4787.8
65757,4792.0
65758,4791.2
65759,4756.3
65760,4782.1
65761,4750.4
65762,4718.3
65763,4712.1
65764,4708.0
65765,4711.1
65766,4709.4
65767,4710.7
65768,4707.8
65769,4708.3
65770,4709.3
65771,4701.7
65772,4711.4
65773,4714.2
65774,4716.5
65775,4713.3
65776,4699.7
65777,4690.3
65778,4692.5
65779,4695.4
65780,4693.4
65781,4703.0
65782,4713.5
65783,4712.6
65784,4719.2
65785,4728.0
65786,4734.3
65787,4732.2
65788,4731.4
65789,4749.9
65790,4738.4
65791,4745.6
65792,4752.6
65793,4745.7
65794,4753.0
65795,4749.0
65796,4747.4
65797,4752.0
65798,4743.4
65799,4750.4
65800,4745.2
65801,4731.4
65802,4758.1
65803,4751.4
65804,4764.9
65805,4785.7
65806,4771.6
65807,4757.6
65808,4742.9
65809,4743.1
65810,4764.7
65811,4817.8
65812,4805.0
65813,4794.9
65814,4766.4
65815,4744.5
65816,4720.6
65817,4701.1
65818,4698.1
65819,4706.7
65820,4727.3
65821,4759.4
65822,4735.8
65823,4724.3
65824,4716.5
65825,4724.9
65826,4802.3
65827,4806.4
65828,4811.7
65829,4799.4
65830,4790.0
65831,4781.3
65832,4822.5
65833,4833.7
65834,4838.1
65835,4816.9
65836,4821.1
65837,4828.1
65838,4822.1
65839,4829.8
65840,4828.9
65841,4828.8
65842,4827.3
65843,4808.8
65844,4803.0
65845,4823.0
65846,4819.3
65847,4821.1
65848,4817.6
65849,4823.3
65850,4817.6
65851,4811.6
65852,4808.7
65853,4802.3
65854,4802.5
65855,4802.3
65856,4792.9
65857,4790.8
65858,4789.9
65859,4791.0
65860,4778.9
65861,4789.3
65862,4802.4
65863,4802.8
65864,4800.4
65865,4802.2
65866,4805.2
65867,4805.8
65868,4805.7
65869,4804.0
65870,4793.9
65871,4798.6
65872,4800.7
65873,4801.4
65874,4796.9
65875,4793.2
65876,4803.1
65877,4802.8
65878,4809.3
65879,4811.2
65880,4814.4
65881,4817.6
65882,4806.1
65883,4794.9
65884,4792.4
65885,4776.6
65886,4778.3
65887,4790.3
65888,4775.2
65889,4772.2
65890,4778.8
65891,4791.2
65892,4800.6
65893,4802.3
65894,4799.3
65895,4797.2
65896,4800.6
65897,4805.1
65898,4785.4
65899,4802.4
65900,4802.0
65901,4779.0
65902,4819.1
65903,4809.9
65904,4761.9
65905,4737.4
65906,4729.3
65907,4734.5
65908,4746.5
65909,4728.7
65910,4728.1
65911,4728.9
65912,4730.1
65913,4726.2
65914,4727.4
65915,4729.2
65916,4729.3
65917,4736.8
65918,4740.6
65919,4739.0
65920,4740.3
65921,4729.9
65922,4734.3
65923,4738.2
65924,4756.3
65925,4767.5
65926,4760.7
65927,4745.2
65928,4759.1
65929,4782.0
65930,4790.9
65931,4784.9
65932,4800.6
65933,4770.8
65934,4748.1
65935,4761.3
65936,4757.3
65937,4765.4
65938,4794.2
65939,4762.7
65940,4745.5
65941,4756.1
65942,4761.2
65943,4767.5
65944,4765.2
65945,4773.9
65946,4769.3
65947,4771.1
65948,4782.8
65949,4778.1
65950,4745.0
65951,4739.7
65952,4748.4
65953,4738.1
65954,4733.1
65955,4734.1
65956,4731.1
65957,4759.5
65958,4794.4
65959,4804.5
65960,4768.4
65961,4784.0
65962,4742.9
65963,4753.4
65964,4760.7
65965,4753.5
65966,4747.9
65967,4775.8
65968,4778.6
65969,4765.3
65970,4766.6
65971,4787.2
65972,4797.2
65973,4768.8
65974,4790.2
65975,4764.7
65976,4778.1
65977,4767.0
65978,4780.3
65979,4766.3
65980,4743.5
65981,4754.5
65982,4737.9
65983,4789.9
65984,4810.5
65985,4801.7
65986,4803.6
65987,4797.3
65988,4798.0
65989,4798.1
65990,4796.4
65991,4798.5
65992,4816.5
65993,4809.8
65994,4821.5
65995,4822.2
65996,4822.9
65997,4820.9
65998,4821.7
65999,4820.5
66000,4821.1
66001,4820.5
66002,4816.2
66003,4819.1
66004,4818.4
66005,4822.4
66006,4821.8
66007,4824.0
66008,4819.3
66009,4816.7
66010,4808.8
66011,4807.8
66012,4807.7
66013,4811.8
66014,4809.0
66015,4809.6
66016,4805.2
66017,4805.1
66018,4803.5
66019,4802.9
66020,4806.9
66021,4805.3
66022,4805.0
66023,4805.1
66024,4810.5
66025,4811.2
66026,4810.5
66027,4799.0
66028,4781.0
66029,4784.0
66030,4787.2
66031,4790.1
66032,4782.4
66033,4778.6
66034,4779.5
66035,4781.1
66036,4781.9
66037,4786.6
66038,4790.2
66039,4786.2
66040,4793.0
66041,4794.1
66042,4794.7
66043,4799.1
66044,4792.1
66045,4802.6
66046,4807.4
66047,4803.8
66048,4795.2
66049,4791.7
66050,4788.2
66051,4784.2
66052,4786.9
66053,4794.8
66054,4799.0
66055,4798.5
66056,4799.3
66057,4798.9
66058,4794.0
66059,4795.8
66060,4795.6
66061,4790.1
66062,4794.2
66063,4795.6
66064,4797.3
66065,4796.8
66066,4794.0
66067,4792.4
66068,4793.0
66069,4798.3
66070,4795.3
66071,4794.1
66072,4799.8
66073,4799.9
66074,4798.1
66075,4796.1
66076,4799.9
66077,4801.6
66078,4801.8
66079,4801.8
66080,4795.4
66081,4793.0
66082,4794.2
66083,4792.5
66084,4793.2
66085,4793.6
66086,4791.9
66087,4786.0
66088,4787.0
66089,4783.3
66090,4783.4
66091,4785.3
66092,4786.1
66093,4787.8
66094,4787.7
66095,4789.1
66096,4790.6
66097,4789.3
66098,4789.7
66099,4789.1
66100,4789.3
66101,4791.3
66102,4792.0
66103,4792.6
66104,4792.5
66105,4792.8
66106,4793.2
66107,4792.8
66108,4792.1
66109,4792.4
66110,4793.2
66111,4791.9
66112,4792.9
66113,4793.1
66114,4794.3
66115,4791.6
66116,4794.1
66117,4793.7
66118,4791.7
66119,4791.9
66120,4790.3
66121,4791.5
66122,4790.7
66123,4792.0
66124,4791.8
66125,4791.5
66126,4791.0
66127,4793.4
66128,4792.6
66129,4793.3
66130,4791.3
66131,4791.5
66132,4792.0
66133,4791.6
66134,4792.7
66135,4792.8
66136,4792.7
66137,4793.4
66138,4795.6
66139,4796.1
66140,4797.5
66141,4796.7
66142,4796.3
66143,4802.0
66144,4804.2
66145,4808.3
66146,4813.3
66147,4814.2
66148,4816.4
66149,4823.5
66150,4817.8
66151,4819.5
66152,4823.6
66153,4824.6
66154,4823.8
66155,4822.8
66156,4822.1
66157,4821.7
66158,4822.8
66159,4821.4
66160,4820.7
66161,4820.7
66162,4820.3
66163,4820.8
66164,4820.6
66165,4820.8
66166,4821.9
66167,4821.3
66168,4819.3
66169,4818.1
66170,4820.5
66171,4820.5
66172,4820.4
66173,4818.5
66174,4817.5
66175,4817.3
66176,4816.5
66177,4814.8
66178,4812.5
66179,4814.7
66180,4813.1
66181,4812.0
66182,4812.5
66183,4813.4
66184,4812.6
66185,4811.3
66186,4816.1
66187,4811.6
66188,4812.5
66189,4812.4
66190,4813.1
66191,4814.5
66192,4814.1
66193,4813.4
66194,4811.7
66195,4803.1
66196,4803.2
66197,4798.1
66198,4797.1
66199,4798.5
66200,4799.3
66201,4801.4
66202,4801.1
66203,4801.3
66204,4801.1
66205,4800.8
66206,4800.6
66207,4802.2
66208,4800.8
66209,4802.1
66210,4801.3
66211,4799.8
66212,4796.6
66213,4793.9
66214,4788.7
66215,4792.9
66216,4790.5
66217,4787.8
66218,4785.9
66219,4781.0
66220,4777.4
66221,4775.6
66222,4768.9
66223,4764.9
66224,4761.3
66225,4758.1
66226,4751.4
66227,4748.3
66228,4747.1
66229,4742.2
66230,4740.3
66231,4739.4
66232,4740.2
66233,4743.3
66234,4741.1
66235,4737.1
66236,4736.6
66237,4728.7
66238,4719.3
66239,4701.4
66240,4711.5
66241,4710.4
66242,4706.2
66243,4703.4
66244,4697.3
66245,4697.2
66246,4692.4
66247,4687.6
66248,4686.8
66249,4687.0
66250,4686.3
66251,4679.5
66252,4663.4
66253,4659.7
66254,4653.6
66255,4654.3
66256,4645.2
66257,4630.9
66258,4628.6
66259,4630.6
66260,4628.1
66261,4629.4
66262,4628.1
66263,4634.6
66264,4630.2
66265,4627.0
66266,4624.2
66267,4623.6
66268,4622.5
66269,4627.2
66270,4633.9
66271,4634.5
66272,4629.2
66273,4621.3
66274,4619.6
66275,4610.9
66276,4606.7
66277,4606.3
66278,4605.5
66279,4606.2
66280,4605.2
66281,4603.7
66282,4602.8
66283,4603.1
66284,4603.5
66285,4603.7
66286,4600.4
66287,4596.3
66288,4592.7
66289,4589.2
66290,4584.5
66291,4574.2
66292,4560.9
66293,4554.2
66294,4547.4
66295,4548.1
66296,4544.6
66297,4541.3
66298,4540.9
66299,4551.4
66300,4547.9
66301,4542.8
66302,4538.1
66303,4534.7
66304,4534.6
66305,4532.7
66306,4532.2
66307,4531.4
66308,4533.1
66309,4529.5
66310,4527.8
66311,4526.6
66312,4525.1
66313,4525.7
66314,4524.2
66315,4525.3
66316,4524.6
66317,4525.0
66318,4523.4
66319,4524.0
66320,4524.2
66321,4523.5
66322,4518.6
66323,4517.7
66324,4516.9
66325,4515.4
66326,4512.8
66327,4510.0
66328,4508.7
66329,4508.1
66330,4506.5
66331,4504.7
66332,4505.1
66333,4503.9
66334,4501.3
66335,4500.2
66336,4492.6
66337,4495.4
66338,4496.5
66339,4488.4
66340,4486.4
66341,4487.7
66342,4494.0
66343,4483.8
66344,4494.4
66345,4497.2
66346,4488.0
66347,4492.7
66348,4487.2
66349,4482.8
66350,4482.6
66351,4481.0
66352,4479.2
66353,4481.5
66354,4476.4
66355,4474.7
66356,4477.5
66357,4484.3
66358,4488.5
66359,4488.0
66360,4487.0
66361,4486.2
66362,4481.5
66363,4488.1
66364,4478.1
66365,4476.7
66366,4475.6
66367,4473.0
66368,4472.3
66369,4475.1
66370,4473.6
66371,4475.4
66372,4476.9
66373,4481.3
66374,4484.3
66375,4482.1
66376,4483.1
66377,4483.1
66378,4485.3
66379,4485.9
66380,4482.1
66381,4483.3
66382,4480.2
66383,4479.5
66384,4458.8
66385,4432.8
66386,4415.7
66387,4385.8
66388,4341.7
66389,4306.1
66390,4285.4
66391,4275.4
66392,4268.0
66393,4277.1
66394,4281.6
66395,4248.7
66396,4202.5
66397,4189.1
66398,4179.4
66399,4182.7
66400,4168.2
66401,4145.3
66402,4133.3
66403,4097.4
66404,4082.0
66405,4080.2
66406,4076.9
66407,4058.6
66408,4038.7
66409,4021.3
66410,4039.8
66411,4013.5
66412,3964.8
66413,3932.7
66414,3908.2
66415,3888.5
66416,3850.2
66417,3799.1
66418,3777.0
66419,3814.3
66420,3823.1
66421,3791.3
66422,3782.4
66423,3822.7
66424,3737.8
66425,3638.9
66426,3556.0
66427,3481.5
66428,3428.5
66429,3495.7
66430,3443.9
66431,3188.6
66432,2799.7
66433,2721.8
66434,2717.5
66435,2687.5
66436,2531.5
66437,2053.9
66438,1869.1
66439,1853.4
66440,1835.4
66441,1813.6
66442,1806.3
66443,1803.5
66444,1796.9
66445,1765.6
66446,1756.5
66447,1751.3
66448,1750.3
66449,1767.9
66450,1790.6
66451,1779.3
66452,1765.0
66453,1761.1
66454,1743.0
66455,1733.5
66456,1741.4
66457,1740.1
66458,1742.5
66459,1743.8
66460,1748.9
66461,1747.3
66462,1734.6
66463,1711.3
66464,1682.1
66465,1680.3
66466,1683.0
66467,1679.0
66468,1661.6
66469,1686.5
66470,1668.1
66471,1642.1
66472,1613.3
66473,1599.8
66474,1594.2
66475,1597.6
66476,1597.4
66477,1581.1
66478,1558.1
66479,1511.7
66480,1437.9
66481,1519.6
66482,1569.3
66483,1556.1
66484,1483.7
66485,1485.1
66486,1484.3
66487,1422.6
66488,1467.1
66489,1440.8
66490,1389.4
66491,1412.2
66492,1306.6
66493,1295.1
66494,1281.7
66495,1274.3
66496,1289.8
66497,1247.2
66498,1161.0
66499,1181.8
66500,1401.5
66501,1362.1
66502,1262.0
66503,1203.5
66504,1183.5
66505,1221.3
66506,1383.3
66507,1395.2
66508,1349.3
66509,1297.6
66510,1287.7
66511,1386.5
66512,1389.3
66513,1428.4
66514,1549.3
66515,1420.5
66516,1410.3
66517,1477.5
66518,1541.6
66519,1526.7
66520,1562.1
66521,1683.9
66522,1776.7
66523,1810.8
66524,1754.0
66525,1643.7
66526,1548.3
66527,1582.9
66528,1743.5
66529,1802.3
66530,1774.9
66531,1705.9
66532,1680.6
66533,1625.5
66534,1647.0
66535,1681.1
66536,1674.7
66537,1557.2
66538,1561.8
66539,1764.0
66540,1817.4
66541,1875.0
66542,1904.7
66543,1896.2
66544,1811.2
66545,1757.4
66546,1767.5
66547,1671.2
66548,1652.0
66549,1585.4
66550,1555.4
66551,1583.4
66552,1567.6
66553,1480.2
66554,1320.6
66555,1318.1
66556,1264.2
66557,1194.1
66558,1182.1
66559,1154.7
66560,1174.9
66561,1202.0
66562,1209.6
66563,1190.6
66564,1170.8
66565,1141.8
66566,-9999.9
66567,-9999.9
66568,-9999.9
66569,-9999.9
66570,-9999.9
66571,-9999.9
66572,-9999.9
66573,-9999.9
66574,-9999.9
66575,-9999.9
66576,-9999.9
66577,-9999.9
66578,-9999.9
66579,-9999.9
66580,-9999.9
66581,-9999.9
66582,-9999.9
66583,-9999.9
66584,-9999.9
66585,-9999.9
66586,-9999.9
66587,-9999.9
66588,-9999.9
66589,-9999.9
66590,-9999.9
66591,-9999.9
66592,-9999.9
66593,-9999.9
66594,-9999.9
66595,-9999.9
66596,-9999.9
66597,-9999.9
66598,-9999.9
66599,-9999.9
66600,-9999.9
66601,-9999.9
66602,-9999.9
66603,-9999.9
66604,-9999.9
66605,-9999.9
66606,-9999.9
66607,-9999.9
66608,-9999.9
66609,-9999.9
66610,-9999.9
66611,-9999.9
66612,-9999.9
66613,-9999.9
66614,-9999.9
66615,-9999.9
66616,-9999.9
66617,-9999.9
66618,-9999.9
66619,-9999.9
66620,-9999.9
66621,-9999.9
66622,-9999.9
66623,-9999.9
66624,-9999.9
66625,-9999.9
66626,-9999.9
66627,-9999.9
66628,-9999.9
66629,-9999.9
66630,-9999.9
66631,-9999.9
66632,-9999.9
66633,-9999.9
66634,-9999.9
66635,-9999.9
66636,-9999.9
66637,-9999.9
66638,-9999.9
66639,-9999.9
66640,-9999.9
66641,-9999.9
66642,-9999.9
66643,-9999.9
66644,-9999.9
66645,-9999.9
66646,-9999.9
66647,-9999.9
66648,-9999.9
66649,-9999.9
66650,-9999.9
66651,-9999.9
66652,-9999.9
66653,-9999.9
66654,-9999.9
66655,-9999.9
66656,-9999.9
66657,-9999.9
66658,-9999.9
66659,-9999.9
66660,-9999.9
66661,-9999.9
66662,-9999.9
66663,-9999.9
66664,-9999.9
66665,-9999.9
66666,-9999.9
66667,-9999.9
66668,-9999.9
66669,-9999.9
66670,-9999.9
66671,-9999.9
66672,-9999.9
66673,-9999.9
66674,-9999.9
66675,-9999.9
66676,-9999.9
66677,-9999.9
66678,-9999.9
66679,-9999.9
66680,-9999.9
66681,-9999.9
66682,-9999.9
66683,-9999.9
66684,-9999.9
66685,-9999.9
66686,-9999.9
66687,-9999.9
66688,-9999.9
66689,-9999.9
66690,-9999.9
66691,-9999.9
66692,-9999.9
66693,-9999.9
66694,-9999.9
66695,-9999.9
66696,-9999.9
66697,-9999.9
66698,-9999.9
66699,-9999.9
66700,-9999.9
66701,-9999.9
66702,-9999.9
66703,-9999.9
66704,-9999.9
66705,-9999.9
66706,-9999.9
66707,-9999.9
66708,-9999.9
66709,-9999.9
66710,-9999.9
66711,-9999.9
66712,-9999.9
66713,-9999.9
66714,-9999.9
66715,-9999.9
66716,-9999.9
66717,-9999.9
66718,-9999.9
66719,-9999.9
66720,-9999.9
66721,-9999.9
66722,-9999.9
66723,-9999.9
66724,-9999.9
66725,-9999.9
66726,-9999.9
66727,-9999.9
66728,-9999.9
66729,-9999.9
66730,-9999.9
66731,-9999.9
66732,-9999.9
66733,-9999.9
66734,-9999.9
66735,-9999.9
66736,-9999.9
66737,-9999.9
66738,-9999.9
66739,-9999.9
66740,-9999.9
66741,-9999.9
66742,-9999.9
66743,-9999.9
66744,-9999.9
66745,-9999.9
66746,-9999.9
66747,-9999.9
66748,-9999.9
66749,-9999.9
66750,-9999.9
66751,-9999.9
66752,-9999.9
66753,-9999.9
66754,-9999.9
66755,-9999.9
66756,-9999.9
66757,-9999.9
66758,-9999.9
66759,-9999.9
66760,-9999.9
66761,-9999.9
66762,-9999.9
66763,-9999.9
66764,-9999.9
66765,-9999.9
66766,-9999.9
66767,-9999.9
66768,-9999.9
66769,-9999.9
66770,-9999.9
66771,-9999.9
66772,-9999.9
66773,-9999.9
66774,-9999.9
66775,-9999.9
66776,-9999.9
66777,1045.0
66778,1049.1
66779,1048.7
66780,1058.4
66781,1051.4
66782,1044.3
66783,1035.9
66784,1038.4
66785,1034.7
66786,1028.8
66787,1027.8
66788,1026.1
66789,1014.1
66790,1017.5
66791,1010.5
66792,1002.7
66793,992.5
66794,1005.8
66795,999.9
66796,1012.8
66797,994.4
66798,958.2
66799,965.4
66800,953.0
66801,967.6
66802,971.9
66803,974.9
66804,945.3
66805,939.7
66806,907.6
66807,875.6
66808,869.5
66809,858.3
66810,828.4
66811,822.3
66812,847.3
66813,901.4
66814,958.7
66815,965.6
66816,968.3
66817,966.4
66818,965.8
66819,974.5
66820,980.4
66821,982.2
66822,982.7
66823,993.8
66824,1003.2
66825,1004.1
66826,1005.6
66827,1000.3
66828,1005.8
66829,1006.0
66830,1005.8
66831,1009.4
66832,1006.5
66833,1004.2
66834,1000.8
66835,1000.2
66836,1005.7
66837,1008.2
66838,1005.0
66839,1001.3
66840,1001.0
66841,1001.7
66842,1001.2
66843,998.4
66844,997.9
66845,996.1
66846,997.6
66847,996.1
66848,991.1
66849,980.6
66850,976.0
66851,971.7
66852,979.6
66853,984.3
66854,978.6
66855,968.2
66856,932.5
66857,899.8
66858,874.6
66859,897.2
66860,847.8
66861,833.5
66862,825.9
66863,823.6
66864,827.7
66865,825.5
66866,813.3
66867,804.2
66868,791.3
66869,777.7
66870,766.0
66871,759.8
66872,744.5
66873,742.0
66874,740.4
66875,740.2
66876,741.3
66877,743.3
66878,742.5
66879,741.2
66880,742.3
66881,743.3
66882,745.1
