data/raw/Flight8/SP2_Polar6_20150420_R2_L1.ict
38, 1001
Herber, Andreas; Schulz, Hannes
Alfred Wegener Institute (AWI), Bremerhaven, Germany
rBC mass concentration from SP2 (single particle soot photometer), combined high and low gain channel, size range 75 to 700 nm
NETCARE Polar 6 Campaign 2015
1, 1
2015,04,20, 2017, 09, 07
1
Time_UTC, seconds
4
1, 1, 1, 1, 1
-9999, -9999, -9999, -9999, -9999
BC_mass_concVOL, ug/m3
BC_numb_concVOL, 1/vccm
BC_mass_concSTP, ug/m3STP
BC_numb_concSTP, 1/sccm
0
20
PI_CONTACT_INFO: Address: AWI, Am Handelshafen 12, D-27570 Bremerhaven, email: andreas.herber@awi.de; hannes.schulz@awi.de
PLATFORM: Polar 6
LOCATION: GPS location and altitude available at 1 Hz resolution in separate file
ASSOCIATED_DATA: N/A
INSTRUMENT_INFO: Refractory black carbon aerosol measurements based on laser induced incandescence
DATA_INFO: Units are ug/m3 (volumetric) or ug/m3 STP (NIST standard NTP 20C, 1013.25 hPa; corrected with chamber temperature and pressure)
UNCERTAINTY: +/- 10%, typical intra-model variability of SP2 derived BC mass concentration [Laborde et al., 2012]
ULOD_FLAG: -7777
ULOD_VALUE: N/A
LLOD_FLAG: not masked
LLOD_VALUE: zero ug/m3 (e.g. no particle or particles <0.3 fg per single particle detection)
DM_CONTACT_INFO: Hannes Schulz, see above
PROJECT_INFO: NETCARE Polar 6 aircraft campaign in April 2015
STIPULATIONS_ON_USE: Preliminary data! Use of these data requires prior approval from PI
OTHER_COMMENTS: N/A
REVISION: R2
R2: Preliminary data; calibration: Fullerene Soot, DLR lab 2015/01/20; bad data and zero filter masked as -9999
R1: Preliminary data, updated header information, corrected mass concentration
R0: Preliminary data, initial release
Time_UTC, BC_mass_concVOL, BC_numb_concVOL, BC_mass_concSTP, BC_numb_concSTP
[from data line 5879]
62868, -9999.000000, -9999.000000, -9999.000000, -9999.000000
62869, -9999.000000, -9999.000000, -9999.000000, -9999.000000
62870, -9999.000000, -9999.000000, -9999.000000, -9999.000000
62871, 0.007697, 5.719023, 0.010979, 8.157483
62872, 0.024835, 4.677064, 0.035428, 6.672074
62873, 0.012922, 5.555255, 0.018425, 7.920835
62874, 0.029453, 4.674000, 0.042004, 6.665777
62875, 0.003851, 3.727129, 0.005491, 5.313339
62876, 0.049096, 4.591360, 0.069948, 6.541393
62877, 0.010622, 5.394930, 0.015142, 7.690514
62878, 0.017762, 4.729888, 0.025304, 6.738090
62879, 0.017990, 4.153837, 0.025629, 5.917645
62880, 0.022081, 9.199321, 0.031394, 13.079284
62881, 0.005066, 4.873437, 0.007221, 6.947353
62882, 0.023895, 8.466337, 0.034073, 12.072300
62883, 0.009329, 5.373656, 0.013294, 7.657907
62884, 0.051239, 8.695514, 0.073024, 12.392615
62885, 0.031592, 4.875714, 0.044978, 6.941600
62886, 0.016908, 4.982946, 0.024103, 7.103480
62887, 0.005239, 4.036581, 0.007451, 5.740823
62888, 0.024707, 7.520512, 0.035188, 10.711039
62889, 0.017056, 5.705212, 0.024300, 8.128299
62890, 0.019206, 5.881321, 0.027355, 8.376712
62891, 0.014209, 6.073853, 0.020261, 8.660728
62892, 0.232357, 6.357890, 0.331360, 9.066868
62893, 0.032107, 5.846539, 0.045761, 8.332803
62894, 0.020761, 7.882132, 0.029586, 11.232544
62895, 0.022018, 12.385406, 0.031404, 17.665066
62896, 0.016493, 6.619352, 0.023489, 9.427046
62897, 0.012517, 5.600911, 0.017831, 7.978929
62898, 0.029672, 6.772507, 0.042260, 9.645698
62899, 0.025713, 10.081669, 0.036645, 14.367537
62900, 0.010307, 6.647190, 0.014686, 9.471317
62901, 0.015112, 7.257667, 0.021535, 10.342091
62902, 0.026514, 9.077189, 0.037770, 12.930595
62903, 0.009147, 5.013435, 0.013038, 7.146214
62904, 0.010737, 7.217150, 0.015303, 10.286032
62905, 0.033555, 8.222449, 0.047857, 11.727025
62906, 0.017540, 5.107305, 0.024977, 7.272915
62907, 0.020411, 7.992770, 0.029087, 11.389983
62908, 0.025926, 10.937786, 0.036976, 15.599538
62909, 0.027128, 7.498061, 0.038687, 10.692951
62910, 0.021676, 7.953350, 0.030937, 11.351532
62911, 0.017604, 5.341482, 0.025126, 7.623904
62912, 0.028353, 7.190284, 0.040463, 10.261419
62913, 0.027765, 8.140861, 0.039634, 11.620999
62914, 0.017482, 5.571329, 0.024947, 7.950361
62915, 0.015559, 6.503062, 0.022192, 9.275016
62916, 0.027190, 8.176376, 0.038790, 11.664673
62917, 0.028586, 8.530624, 0.040787, 12.171735
62918, 0.017777, 7.819611, 0.025356, 11.153259
62919, 0.017905, 7.202613, 0.025534, 10.271282
62920, 0.029612, 6.847531, 0.042172, 9.751934
62921, 0.022935, 6.511858, 0.032718, 9.289502
62922, 0.020401, 8.486625, 0.029094, 12.102870
62923, 0.013982, 3.892102, 0.019945, 5.551675
62924, 0.019460, 7.289755, 0.027765, 10.400882
62925, 0.059889, 11.361575, 0.085430, 16.207050
62926, 0.032750, 5.961467, 0.046728, 8.505990
62927, 0.005917, 3.547559, 0.008440, 5.059731
62928, 0.013525, 4.534201, 0.019285, 6.465213
62929, 0.043402, 8.115253, 0.061961, 11.585459
62930, 0.017603, 5.615794, 0.025116, 8.012586
62931, 0.029693, 5.843261, 0.042347, 8.333418
62932, 0.017682, 6.156761, 0.025216, 8.779757
62933, 0.015672, 8.397071, 0.022375, 11.988585
62934, 0.009783, 5.595474, 0.013959, 7.984384
62935, 0.017590, 5.538723, 0.025094, 7.901635
62936, 0.038425, 7.927044, 0.054803, 11.305853
62937, 0.056446, 11.663056, 0.080569, 16.647473
62938, 0.006463, 4.627495, 0.009223, 6.603515
62939, 0.012472, 5.804277, 0.017798, 8.282968
62940, 0.013178, 7.668243, 0.018794, 10.936158
62941, 0.025691, 4.951621, 0.036665, 7.066660
62942, 0.029125, 9.497980, 0.041559, 13.553012
62943, 0.011729, 2.962904, 0.016751, 4.231734
62944, 0.013022, 6.219806, 0.018586, 8.877056
62945, 0.032009, 7.166610, 0.045690, 10.229730
62946, 0.030730, 3.809912, 0.043862, 5.438001
62947, 0.019030, 7.117337, 0.027141, 10.151018
62948, 0.027558, 10.612629, 0.039340, 15.150095
62949, 0.019455, 4.465471, 0.027753, 6.370193
62950, 0.023687, 6.297451, 0.033811, 8.988959
62951, 0.028093, 5.022726, 0.040059, 7.162100
62952, 0.030926, 8.092170, 0.044129, 11.546809
62953, 0.032971, 6.867133, 0.047017, 9.792675
62954, 0.007130, 3.931487, 0.010160, 5.602591
62955, 0.014697, 7.245061, 0.020943, 10.323910
62956, 0.010690, 3.926751, 0.015236, 5.596340
62957, 0.025490, 5.814303, 0.036256, 8.270213
62958, 0.009087, 4.526925, 0.012952, 6.452701
62959, 0.015017, 4.079283, 0.021402, 5.813784
62960, 0.005729, 4.204975, 0.008168, 5.995183
62961, 0.011517, 5.125636, 0.016424, 7.309672
62962, 0.009643, 5.697581, 0.013751, 8.124700
62963, 0.010874, 4.086373, 0.015507, 5.827578
62964, 0.017590, 5.626693, 0.025105, 8.030290
62965, 0.021092, 6.324438, 0.030097, 9.024480
62966, 0.038052, 6.767893, 0.054262, 9.650836
62967, 0.008650, 4.070430, 0.012337, 5.805668
62968, 0.026574, 10.054687, 0.037925, 14.349489
62969, 0.025890, 7.444323, 0.036939, 10.621442
62970, 0.017456, 7.992664, 0.024902, 11.401765
62971, 0.030029, 7.344677, 0.042856, 10.481834
62972, 0.012492, 5.782381, 0.017826, 8.251027
62973, 0.022105, 9.762642, 0.031551, 13.934403
62974, 0.018500, 8.153526, 0.026418, 11.643125
62975, 0.027175, 8.214891, 0.038797, 11.728154
62976, 0.011746, 5.073108, 0.016770, 7.243038
62977, 0.009819, 3.803922, 0.014010, 5.427376
62978, 0.019503, 6.226754, 0.027852, 8.892105
62979, 0.030773, 5.340114, 0.043928, 7.623064
62980, 0.019640, 8.394146, 0.028038, 11.983791
62981, 0.015991, 4.945887, 0.022822, 7.058825
62982, 0.021981, 5.984306, 0.031385, 8.544768
62983, 0.018525, 6.568308, 0.026427, 9.369974
62984, 0.019554, 6.975580, 0.027898, 9.952182
62985, 0.015774, 6.638579, 0.022522, 9.478640
62986, 0.014483, 5.198044, 0.020678, 7.421698
62987, 0.013205, 5.554964, 0.018858, 7.933121
62988, 0.028074, 8.746453, 0.040087, 12.488995
62989, 0.036058, 10.830111, 0.051526, 15.475934
62990, 0.059318, 13.401479, 0.084605, 19.114429
62991, 0.018881, 8.569270, 0.026962, 12.237209
62992, 0.048356, 16.907505, 0.069022, 24.133293
62993, 0.043300, 12.034323, 0.061864, 17.193650
62994, 0.096137, 14.810333, 0.137252, 21.144269
62995, 0.036251, 11.666110, 0.051736, 16.649280
62996, 0.023610, 6.610932, 0.033704, 9.437483
62997, 0.039976, 9.365701, 0.057061, 13.368469
62998, 0.010981, 4.569441, 0.015672, 6.521557
62999, 0.014317, 7.495623, 0.020428, 10.695126
63000, 0.014185, 6.379655, 0.020226, 9.096635
63001, 0.012808, 3.393429, 0.018266, 4.839754
63002, 0.034037, 5.457916, 0.048556, 7.786153
63003, 0.032920, 6.514544, 0.046952, 9.291243
63004, 0.023537, 8.407456, 0.033563, 11.988679
63005, 0.010809, 6.071829, 0.015423, 8.664156
63006, 0.035288, 5.054046, 0.050321, 7.207025
63007, 0.030432, 6.561813, 0.043414, 9.361021
63008, 0.025778, 4.554137, 0.036739, 6.490625
63009, 0.025958, 6.954383, 0.036999, 9.912251
63010, 0.036134, 7.328687, 0.051498, 10.444954
63011, 0.012264, 7.427751, 0.017483, 10.588494
63012, 0.018499, 7.415309, 0.026351, 10.562928
63013, 0.022108, 7.052165, 0.031507, 10.050526
63014, 0.030603, 4.437191, 0.043584, 6.319325
63015, 0.031727, 5.107782, 0.045172, 7.272270
63016, 0.016980, 6.001394, 0.024178, 8.545605
63017, 0.018455, 7.575919, 0.026283, 10.789415
63018, 0.010958, 6.099834, 0.015600, 8.683396
63019, 0.019396, 8.981199, 0.027625, 12.791372
63020, 0.018142, 9.067839, 0.025843, 12.917304
63021, 0.019006, 5.999447, 0.027066, 8.543687
63022, 0.001172, 1.022213, 0.001669, 1.455566
63023, 0.010251, 4.027352, 0.014603, 5.737037
63024, 0.010876, 4.528182, 0.015490, 6.449141
63025, 0.014099, 3.523233, 0.020079, 5.017602
63026, 0.025110, 6.125686, 0.035790, 8.731021
63027, 0.017004, 5.535747, 0.024210, 7.881696
63028, 0.030295, 4.605497, 0.043146, 6.559241
63029, 0.012511, 3.578998, 0.017816, 5.096736
63030, 0.020018, 7.994847, 0.028483, 11.375986
63031, 0.039791, 7.499328, 0.056692, 10.684616
63032, 0.037823, 8.136208, 0.053889, 11.592277
63033, 0.012041, 6.087659, 0.017158, 8.674411
63034, 0.009736, 3.797210, 0.013871, 5.409760
63035, 0.009882, 2.994888, 0.014084, 4.268164
63036, 0.011143, 6.304315, 0.015865, 8.975580
63037, 0.012450, 6.187106, 0.017739, 8.815419
63038, 0.006640, 2.946962, 0.009456, 4.197047
63039, 0.030039, 6.306496, 0.042795, 8.984549
63040, 0.024010, 6.804316, 0.034203, 9.693100
63041, 0.013878, 2.962153, 0.019764, 4.218349
63042, 0.009544, 3.839023, 0.013588, 5.465634
63043, 0.008878, 5.940054, 0.012645, 8.460336
63044, 0.007479, 3.498046, 0.010655, 4.983601
63045, 0.008018, 4.090025, 0.011417, 5.824279
63046, 0.015752, 6.411146, 0.022445, 9.135170
63047, 0.008965, 3.527761, 0.012768, 5.024105
63048, 0.009860, 5.106832, 0.014051, 7.277889
63049, 0.009468, 2.633159, 0.013496, 3.753501
63050, 0.008193, 4.477914, 0.011679, 6.383494
63051, 0.021946, 5.449474, 0.031284, 7.768243
63052, 0.024236, 5.647606, 0.034545, 8.049689
63053, 0.021959, 8.672711, 0.031302, 12.362843
63054, 0.009460, 6.513538, 0.013482, 9.283028
63055, 0.013652, 6.987690, 0.019458, 9.959670
63056, 0.009949, 4.681670, 0.014192, 6.678709
63057, 0.065205, 10.721816, 0.092973, 15.287723
63058, 0.006211, 3.007430, 0.008856, 4.288250
63059, 0.021529, 6.104641, 0.030698, 8.704604
63060, 0.024094, 5.542808, 0.034367, 7.906125
63061, 0.008362, 5.961019, 0.011926, 8.501980
63062, 0.012866, 5.570322, 0.018305, 7.924783
63063, 0.009654, 6.359885, 0.013765, 9.068277
63064, 0.018185, 4.558174, 0.025948, 6.504127
63065, 0.084820, 5.979627, 0.120924, 8.524935
63066, 0.021098, 6.526433, 0.030084, 9.306016
63067, 0.008467, 5.093294, 0.012076, 7.264320
63068, 0.010449, 3.955823, 0.014887, 5.635933
63069, 0.009392, 4.587424, 0.013389, 6.539251
63070, 0.048443, 6.889776, 0.069067, 9.823025
63071, 0.018770, 5.494024, 0.026746, 7.828374
63072, 0.022341, 4.424285, 0.031847, 6.306784
63073, 0.018287, 6.983858, 0.026072, 9.957185
63074, 0.008625, 3.997600, 0.012292, 5.697163
63075, 0.018393, 6.412911, 0.026223, 9.142978
63076, 0.006993, 4.767481, 0.009974, 6.799991
63077, 0.015560, 7.600815, 0.022201, 10.845221
63078, 0.011404, 6.987035, 0.016265, 9.965728
63079, 0.010999, 5.889934, 0.015701, 8.408021
63080, 0.029154, 6.671266, 0.041631, 9.526441
63081, 0.015230, 4.015391, 0.021746, 5.733209
63082, 0.008711, 4.505602, 0.012437, 6.432857
63083, 0.012680, 5.722522, 0.018116, 8.175824
63084, 0.014007, 5.659066, 0.020010, 8.084362
63085, 0.056361, 6.929156, 0.080508, 9.897889
63086, 0.033443, 10.400740, 0.047741, 14.847601
63087, 0.043320, 7.007555, 0.061883, 10.010337
63088, 0.020112, 5.586565, 0.028715, 7.976358
63089, 0.009770, 7.180177, 0.013949, 10.251688
63090, 0.026709, 8.792646, 0.038131, 12.552673
63091, 0.011468, 3.910087, 0.016371, 5.581853
63092, 0.028947, 5.931639, 0.041330, 8.469131
63093, 0.007832, 3.910076, 0.011188, 5.585423
63094, 0.018368, 5.405129, 0.026222, 7.716284
63095, 0.014831, 7.564907, 0.021158, 10.792475
63096, 0.006072, 4.070284, 0.008671, 5.812095
63097, 0.011312, 6.008195, 0.016143, 8.574148
63098, 0.013394, 6.335350, 0.019105, 9.036429
63099, 0.007827, 3.008715, 0.011173, 4.294913
63100, 0.011451, 4.986553, 0.016333, 7.112459
63101, 0.016653, 9.298673, 0.023746, 13.259642
63102, 0.021714, 7.642171, 0.030977, 10.902329
63103, 0.013654, 2.981441, 0.019470, 4.251396
63104, 0.005671, 3.040978, 0.008093, 4.339272
63105, 0.009150, 4.439509, 0.013042, 6.328065
63106, 0.004877, 4.535309, 0.006952, 6.465639
63107, 0.026536, 5.150381, 0.037868, 7.349909
63108, 0.017297, 3.926527, 0.024662, 5.598673
63109, 0.004028, 3.489184, 0.005742, 4.974070
63110, 0.005594, 3.076546, 0.007973, 4.384716
63111, 0.029473, 8.719523, 0.041940, 12.407960
63112, 0.015953, 7.002150, 0.022735, 9.979093
63113, 0.010632, 6.053761, 0.015157, 8.630262
63114, 0.012231, 5.657371, 0.017435, 8.064888
63115, 0.009818, 4.899911, 0.013987, 6.980898
63116, 0.010253, 5.409862, 0.014614, 7.710927
63117, 0.023653, 7.011356, 0.033708, 9.991772
63118, 0.011922, 7.407586, 0.016981, 10.551376
63119, 0.025347, 8.614121, 0.036116, 12.274058
63120, 0.010301, 5.124621, 0.014681, 7.303484
63121, 0.020514, 4.951182, 0.029246, 7.058658
63122, 0.016092, 6.346054, 0.022931, 9.043148
63123, 0.017858, 6.579106, 0.025445, 9.374341
63124, 0.015564, 5.075482, 0.022183, 7.234193
63125, 0.014933, 4.086780, 0.021268, 5.820517
63126, 0.020927, 8.170207, 0.029816, 11.640616
63127, 0.008540, 3.998276, 0.012166, 5.696422
63128, 0.011483, 4.568346, 0.016359, 6.508185
63129, 0.022449, 7.660206, 0.031983, 10.913646
63130, 0.020718, 7.822581, 0.029533, 11.151055
63131, 0.013326, 4.375712, 0.018984, 6.233740
63132, 0.010589, 3.298599, 0.015094, 4.702029
63133, 0.059573, 9.172755, 0.084906, 13.073383
63134, 0.020865, 6.253154, 0.029723, 8.907902
63135, 0.007614, 1.979615, 0.010847, 2.820139
63136, 0.013013, 4.404173, 0.018540, 6.274858
63137, 0.016623, 6.344109, 0.023676, 9.035975
63138, 0.020646, 6.897462, 0.029411, 9.825552
63139, 0.018714, 6.431370, 0.026652, 9.159448
63140, 0.027937, 7.382358, 0.039762, 10.507317
63141, 0.006277, 3.572417, 0.008935, 5.085128
63142, 0.013488, 6.508498, 0.019190, 9.260159
63143, 0.012016, 3.034598, 0.017094, 4.317077
63144, 0.014349, 6.219924, 0.020418, 8.850260
63145, 0.024305, 8.429275, 0.034558, 11.984877
63146, 0.064138, 5.560110, 0.091281, 7.913182
63147, 0.038090, 12.219544, 0.055069, 17.666230
63148, 0.027987, 6.596558, 0.040488, 9.542982
63149, 0.008758, 5.617687, 0.012666, 8.124362
63150, 0.020297, 8.511814, 0.029373, 12.317509
63151, 0.007880, 3.187334, 0.011406, 4.613541
63152, 0.026201, 7.233952, 0.037921, 10.469953
63153, 0.014843, 5.813853, 0.021497, 8.420530
63154, 0.064595, 4.911119, 0.093560, 7.113327
63155, 0.033259, 4.582108, 0.048150, 6.633648
63156, 0.011999, 4.890224, 0.017372, 7.080054
63157, 0.004989, 2.254903, 0.007228, 3.267140
63158, 0.009989, 2.201990, 0.014469, 3.189542
63159, 0.007689, 3.986822, 0.011137, 5.774589
63160, 0.019281, 7.074534, 0.027940, 10.251645
63161, 0.016498, 4.428139, 0.023892, 6.412725
63162, 0.006608, 5.791686, 0.009567, 8.384911
63163, 0.028376, 7.689109, 0.041116, 11.141269
63164, 0.013250, 6.295430, 0.019188, 9.116735
63165, 0.009201, 3.655348, 0.013326, 5.293694
63166, 0.020556, 10.006944, 0.029765, 14.489637
63167, 0.010073, 5.793968, 0.014590, 8.392177
63168, 0.009101, 5.970318, 0.013177, 8.644512
63169, 0.033353, 7.203167, 0.048300, 10.431077
63170, 0.019343, 5.728634, 0.027993, 8.290571
63171, 0.029411, 9.473926, 0.042552, 13.706996
63172, 0.030767, 8.841690, 0.044539, 12.799643
63173, 0.011393, 5.605277, 0.016490, 8.112938
63174, 0.008504, 4.646932, 0.012317, 6.730771
63175, 0.020246, 7.077872, 0.029312, 10.247370
63176, 0.010612, 6.177412, 0.015364, 8.944068
63177, 0.009008, 4.634802, 0.013049, 6.714193
63178, 0.007643, 5.264932, 0.011068, 7.624218
63179, 0.005179, 3.207155, 0.007497, 4.643003
63180, 0.011594, 4.135487, 0.016785, 5.987234
63181, 0.019012, 4.693701, 0.027520, 6.794067
63182, 0.025189, 6.912909, 0.036476, 10.010314
63183, 0.013237, 4.976577, 0.019164, 7.204566
63184, 0.013749, 5.565857, 0.019906, 8.058000
63185, 0.015305, 6.466589, 0.022143, 9.355669
63186, 0.019052, 8.342690, 0.027571, 12.072698
63187, 0.015142, 8.320413, 0.021897, 12.032483
63188, 0.017400, 8.787752, 0.025160, 12.706945
63189, 0.006250, 4.031413, 0.009036, 5.828910
63190, 0.028631, 9.783349, 0.041375, 14.138196
63191, 0.025654, 7.519605, 0.037102, 10.875236
63192, 0.005869, 1.928064, 0.008483, 2.786739
63193, 0.011309, 5.541700, 0.016334, 8.004417
63194, 0.016537, 8.137884, 0.023865, 11.743888
63195, 0.006805, 2.923679, 0.009829, 4.223196
63196, 0.062120, 6.278864, 0.089483, 9.044634
63197, 0.016224, 6.435151, 0.023427, 9.292407
63198, 0.010949, 6.794779, 0.015823, 9.819329
63199, 0.008693, 3.941540, 0.012560, 5.694808
63200, 0.014466, 6.440754, 0.020912, 9.310727
63201, 0.023561, 6.005323, 0.034043, 8.676896
63202, 0.011039, 5.051591, 0.015953, 7.300271
63203, 0.020803, 7.249844, 0.030068, 10.478738
63204, 0.014898, 3.577351, 0.021489, 5.159974
63205, 0.014456, 6.807186, 0.020896, 9.840152
63206, 0.030026, 7.984533, 0.043402, 11.541570
63207, 0.016596, 7.852408, 0.024014, 11.362179
63208, 0.027431, 5.283533, 0.039686, 7.643983
63209, 0.013180, 6.869475, 0.019066, 9.937693
63210, 0.009511, 5.666137, 0.013758, 8.196179
63211, 0.006967, 3.576993, 0.010083, 5.176613
