data/raw/Flight8/SP2_Polar6_20150420_R2_L1.ict
38, 1001
Herber, Andreas; Schulz, Hannes
Alfred Wegener Institute (AWI), Bremerhaven, Germany
rBC mass concentration from SP2 (single particle soot photometer), combined high and low gain channel, size range 75 to 700 nm
NETCARE Polar 6 Campaign 2015
1, 1
2015,04,20, 2017, 09, 07
1
Time_UTC, seconds
4
1, 1, 1, 1, 1
-9999, -9999, -9999, -9999, -9999
BC_mass_concVOL, ug/m3
BC_numb_concVOL, 1/vccm
BC_mass_concSTP, ug/m3STP
BC_numb_concSTP, 1/sccm
0
20
PI_CONTACT_INFO: Address: AWI, Am Handelshafen 12, D-27570 Bremerhaven, email: andreas.herber@awi.de; hannes.schulz@awi.de
PLATFORM: Polar 6
LOCATION: GPS location and altitude available at 1 Hz resolution in separate file
ASSOCIATED_DATA: N/A
INSTRUMENT_INFO: Refractory black carbon aerosol measurements based on laser induced incandescence
DATA_INFO: Units are ug/m3 (volumetric) or ug/m3 STP (NIST standard NTP 20C, 1013.25 hPa; corrected with chamber temperature and pressure)
UNCERTAINTY: +/- 10%, typical intra-model variability of SP2 derived BC mass concentration [Laborde et al., 2012]
ULOD_FLAG: -7777
ULOD_VALUE: N/A
LLOD_FLAG: not masked
LLOD_VALUE: zero ug/m3 (e.g. no particle or particles <0.3 fg per single particle detection)
DM_CONTACT_INFO: Hannes Schulz, see above
PROJECT_INFO: NETCARE Polar 6 aircraft campaign in April 2015
STIPULATIONS_ON_USE: Preliminary data! Use of these data requires prior approval from PI
OTHER_COMMENTS: N/A
REVISION: R2
R2: Preliminary data; calibration: Fullerene Soot, DLR lab 2015/01/20; bad data and zero filter masked as -9999
R1: Preliminary data, updated header information, corrected mass concentration
R0: Preliminary data, initial release
Time_UTC, BC_mass_concVOL, BC_numb_concVOL, BC_mass_concSTP, BC_numb_concSTP
[from data line 9290]
66279, 0.022519, 6.595006, 0.030828, 9.028487
66280, 0.019999, 9.285519, 0.027393, 12.718836
66281, 0.026884, 8.756186, 0.036732, 11.963736
66282, 0.018817, 7.529207, 0.025776, 10.313898
66283, 0.012926, 5.674765, 0.017718, 7.778366
66284, 0.035285, 7.094827, 0.048332, 9.718211
66285, 0.029419, 8.017377, 0.040348, 10.995908
66286, 0.026617, 9.422173, 0.036520, 12.927678
66287, 0.014972, 6.630744, 0.020542, 9.097468
66288, 0.041084, 10.724401, 0.056389, 14.719772
66289, 0.005859, 5.775578, 0.008046, 7.931528
66290, 0.016803, 5.539970, 0.023075, 7.607971
66291, 0.016682, 9.511743, 0.022931, 13.074733
66292, 0.021887, 9.321790, 0.030100, 12.819966
66293, 0.021325, 6.133403, 0.029300, 8.427371
66294, 0.027343, 6.886069, 0.037643, 9.480211
66295, 0.027585, 7.112385, 0.037977, 9.791854
66296, 0.023794, 6.939165, 0.032776, 9.558558
66297, 0.025104, 5.031537, 0.034566, 6.928138
66298, 0.029565, 9.827172, 0.040716, 13.533760
66299, 0.015972, 5.298357, 0.021999, 7.297512
66300, 0.028551, 7.970439, 0.039348, 10.984436
66301, 0.024279, 9.198043, 0.033463, 12.677528
66302, 0.023736, 8.341652, 0.032749, 11.508978
66303, 0.017215, 6.821912, 0.023745, 9.409337
66304, 0.030801, 8.904502, 0.042515, 12.291107
66305, 0.030453, 11.780550, 0.042044, 16.264598
66306, 0.015985, 5.856745, 0.022078, 8.089358
66307, 0.023934, 7.639183, 0.033079, 10.558162
66308, 0.020826, 9.309039, 0.028779, 12.863985
66309, 0.009615, 5.985356, 0.013296, 8.276960
66310, 0.009222, 5.811007, 0.012757, 8.038090
66311, 0.058339, 7.909823, 0.080736, 10.946509
66312, 0.018436, 5.742770, 0.025521, 7.949905
66313, 0.031170, 5.368795, 0.043167, 7.435114
66314, 0.049091, 9.987422, 0.068041, 13.842775
66315, 0.022511, 7.450984, 0.031201, 10.327415
66316, 0.017676, 7.068051, 0.024503, 9.797899
66317, 0.016692, 5.174891, 0.023143, 7.174830
66318, 0.018721, 5.839417, 0.025965, 8.099001
66319, 0.023831, 6.115613, 0.033049, 8.481020
66320, 0.023830, 4.475674, 0.033075, 6.212124
66321, 0.008844, 5.908190, 0.012275, 8.199988
66322, 0.012388, 4.619484, 0.017206, 6.416116
66323, 0.026562, 11.333426, 0.036894, 15.741804
66324, 0.007562, 6.071719, 0.010509, 8.438139
66325, 0.018174, 5.597684, 0.025274, 7.784498
66326, 0.059546, 6.909937, 0.082861, 9.615480
66327, 0.011082, 5.132062, 0.015428, 7.144302
66328, 0.028155, 8.801848, 0.039184, 12.249792
66329, 0.016395, 7.160392, 0.022842, 9.976298
66330, 0.007785, 3.682240, 0.010838, 5.126256
66331, 0.019319, 7.561691, 0.026915, 10.534706
66332, 0.017238, 4.596337, 0.024030, 6.407398
66333, 0.007784, 4.176429, 0.010861, 5.827247
66334, 0.008734, 5.036049, 0.012188, 7.027591
66335, 0.023007, 10.797110, 0.032125, 15.076260
66336, 0.033540, 7.029735, 0.046837, 9.816738
66337, 0.024604, 11.211116, 0.034390, 15.670269
66338, 0.023771, 6.049323, 0.033234, 8.457444
66339, 0.025466, 5.414892, 0.035576, 7.564664
66340, 0.014970, 7.049822, 0.020929, 9.856124
66341, 0.025098, 7.735923, 0.035051, 10.803587
66342, 0.015032, 5.820442, 0.021019, 8.138541
66343, 0.013452, 5.511768, 0.018796, 7.701264
66344, 0.035644, 8.129771, 0.049791, 11.356506
66345, 0.015025, 5.389336, 0.021008, 7.535588
66346, 0.008525, 5.924511, 0.011919, 8.283142
66347, 0.013971, 5.937576, 0.019531, 8.300295
66348, 0.039692, 6.170096, 0.055547, 8.634906
66349, 0.013118, 5.920248, 0.018375, 8.293166
66350, 0.033728, 6.006635, 0.047239, 8.412795
66351, 0.011282, 4.502282, 0.015817, 6.312172
66352, 0.008531, 3.500353, 0.011964, 4.909249
66353, 0.020245, 6.641051, 0.028404, 9.317398
66354, 0.007236, 4.603063, 0.010158, 6.461870
66355, 0.008766, 2.591956, 0.012308, 3.639473
66356, 0.021612, 8.881963, 0.030363, 12.478398
66357, 0.022442, 7.165877, 0.031517, 10.063534
66358, 0.007305, 5.556154, 0.010264, 7.806764
66359, 0.016528, 5.083787, 0.023210, 7.138886
66360, 0.009559, 3.520964, 0.013427, 4.945663
66361, 0.011724, 4.912390, 0.016470, 6.901026
66362, 0.019492, 7.527335, 0.027384, 10.575127
66363, 0.027017, 8.519018, 0.037986, 11.977837
66364, 0.031244, 8.692804, 0.043956, 12.229724
66365, 0.030360, 6.293693, 0.042754, 8.862963
66366, 0.016581, 6.089970, 0.023331, 8.569156
66367, 0.010973, 6.228558, 0.015460, 8.775403
66368, 0.016041, 8.201194, 0.022603, 11.555907
66369, 0.014331, 5.221141, 0.020205, 7.361093
66370, 0.018163, 3.318605, 0.025635, 4.683732
66371, 0.088064, 5.916482, 0.124290, 8.350280
66372, 0.029178, 7.638930, 0.041192, 10.784237
66373, 0.004543, 1.516087, 0.006414, 2.140424
66374, 0.023721, 7.756526, 0.033497, 10.952945
66375, 0.041141, 6.514195, 0.058117, 9.202204
66376, 0.034624, 8.770414, 0.048898, 12.386159
66377, 0.046180, 8.936303, 0.065236, 12.623767
66378, 0.022239, 6.488640, 0.031408, 9.164158
66379, 0.039347, 7.590889, 0.055609, 10.728162
66380, 0.021824, 4.521556, 0.030860, 6.393765
66381, 0.015289, 6.254097, 0.021633, 8.849442
66382, 0.019350, 8.234381, 0.027382, 11.652426
66383, 0.012917, 3.630045, 0.018291, 5.140505
66384, 0.011307, 6.929001, 0.016011, 9.811398
66385, 0.036881, 8.036185, 0.052271, 11.389496
66386, 0.021825, 7.698941, 0.030935, 10.912753
66387, 0.010456, 4.543451, 0.014825, 6.442348
66388, 0.016329, 6.482133, 0.023172, 9.198845
66389, 0.020682, 8.729693, 0.029343, 12.385734
66390, 0.026552, 8.851227, 0.037667, 12.556483
66391, 0.017723, 8.981858, 0.025135, 12.738419
66392, 0.040786, 10.615527, 0.057858, 15.058886
66393, 0.028094, 10.086128, 0.039878, 14.316638
66394, 0.025215, 10.789918, 0.035797, 15.317838
66395, 0.042675, 11.598099, 0.060635, 16.479077
66396, 0.042086, 12.817781, 0.059820, 18.218767
66397, 0.041284, 8.422909, 0.058687, 11.973647
66398, 0.035826, 15.452865, 0.050961, 21.980774
66399, 0.043200, 10.792020, 0.061481, 15.359057
66400, 0.016156, 10.883922, 0.022983, 15.483283
66401, 0.030543, 12.139312, 0.043532, 17.301799
66402, 0.018124, 8.784210, 0.025838, 12.522647
66403, 0.040412, 16.999870, 0.057601, 24.230438
66404, 0.040778, 13.457822, 0.058166, 19.196244
66405, 0.033120, 14.318552, 0.047242, 20.423766
66406, 0.043320, 14.884468, 0.061826, 21.243077
66407, 0.041716, 16.242220, 0.059530, 23.178236
66408, 0.044926, 16.633116, 0.064161, 23.754689
66409, 0.037977, 15.133962, 0.054262, 21.623541
66410, 0.065227, 16.583027, 0.093138, 23.678887
66411, 0.050299, 15.132583, 0.071852, 21.616515
66412, 0.089084, 16.375553, 0.127265, 23.393931
66413, 0.027983, 20.703815, 0.039972, 29.573867
66414, 0.038966, 15.274776, 0.055701, 21.835020
66415, 0.036917, 15.578375, 0.052770, 22.268487
66416, 0.063877, 20.725908, 0.091387, 29.652201
66417, 0.055755, 20.229813, 0.079749, 28.935594
66418, 0.031857, 17.010754, 0.045606, 24.351980
66419, 0.044108, 19.365635, 0.063210, 27.752120
66420, 0.044750, 23.627798, 0.064125, 33.857333
66421, 0.043267, 19.928196, 0.062065, 28.586246
66422, 0.070689, 30.333155, 0.101424, 43.521520
66423, 0.081262, 25.522661, 0.116645, 36.635511
66424, 0.063506, 24.065760, 0.091169, 34.548886
66425, 0.053212, 18.709316, 0.076439, 26.875802
66426, 0.072539, 27.542952, 0.104217, 39.571037
66427, 0.063489, 23.556204, 0.091259, 33.859262
66428, 0.047486, 22.086924, 0.068225, 31.733409
66429, 0.056314, 18.779644, 0.080906, 26.980496
66430, 0.073885, 29.890280, 0.106188, 42.958565
66431, 0.104595, 32.067387, 0.150302, 46.080726
66432, 0.049771, 22.195847, 0.071531, 31.900061
66433, 0.088471, 35.290264, 0.127192, 50.735451
66434, 0.101613, 37.242184, 0.146127, 53.556663
66435, 0.118213, 44.823174, 0.170053, 64.479579
66436, 0.162871, 42.620682, 0.234280, 61.307114
66437, 0.125439, 36.513687, 0.180620, 52.575975
66438, 0.148238, 47.935814, 0.213488, 69.035873
66439, 0.123841, 53.678471, 0.178470, 77.356839
66440, 0.157180, 58.302132, 0.226765, 84.113236
66441, 0.134384, 55.863773, 0.193619, 80.488009
66442, 0.180238, 54.547241, 0.260317, 78.782256
66443, 0.180316, 62.935173, 0.260391, 90.883515
66444, 0.213971, 62.023872, 0.309244, 89.640780
66445, 0.141873, 53.840542, 0.205156, 77.856628
66446, 0.145926, 53.988590, 0.211015, 78.069990
66447, 0.174317, 68.560326, 0.252099, 99.152690
66448, 0.268059, 81.133293, 0.387621, 117.321212
66449, 0.199952, 64.033661, 0.289152, 92.599588
66450, 0.186061, 73.203255, 0.269093, 105.870893
66451, 0.226244, 74.842461, 0.327199, 108.238986
66452, -9999.000000, -9999.000000, -9999.000000, -9999.000000
66453, -9999.000000, -9999.000000, -9999.000000, -9999.000000
66454, -9999.000000, -9999.000000, -9999.000000, -9999.000000
66455, -9999.000000, -9999.000000, -9999.000000, -9999.000000
66456, -9999.000000, -9999.000000, -9999.000000, -9999.000000
66457, -9999.000000, -9999.000000, -9999.000000, -9999.000000
66458, -9999.000000, -9999.000000, -9999.000000, -9999.000000
66459, -9999.000000, -9999.000000, -9999.000000, -9999.000000
66460, -9999.000000, -9999.000000, -9999.000000, -9999.000000
66461, -9999.000000, -9999.000000, -9999.000000, -9999.000000
66462, -9999.000000, -9999.000000, -9999.000000, -9999.000000
66463, -9999.000000, -9999.000000, -9999.000000, -9999.000000
66464, -9999.000000, -9999.000000, -9999.000000, -9999.000000
66465, -9999.000000, -9999.000000, -9999.000000, -9999.000000
66466, -9999.000000, -9999.000000, -9999.000000, -9999.000000
66467, -9999.000000, -9999.000000, -9999.000000, -9999.000000
66468, -9999.000000, -9999.000000, -9999.000000, -9999.000000
66469, -9999.000000, -9999.000000, -9999.000000, -9999.000000
66470, -9999.000000, -9999.000000, -9999.000000, -9999.000000
66471, -9999.000000, -9999.000000, -9999.000000, -9999.000000
66472, -9999.000000, -9999.000000, -9999.000000, -9999.000000
66473, -9999.000000, -9999.000000, -9999.000000, -9999.000000
66474, -9999.000000, -9999.000000, -9999.000000, -9999.000000
66475, -9999.000000, -9999.000000, -9999.000000, -9999.000000
66476, -9999.000000, -9999.000000, -9999.000000, -9999.000000
66477, -9999.000000, -9999.000000, -9999.000000, -9999.000000
66478, -9999.000000, -9999.000000, -9999.000000, -9999.000000
66479, -9999.000000, -9999.000000, -9999.000000, -9999.000000
66480, -9999.000000, -9999.000000, -9999.000000, -9999.000000
66481, -9999.000000, -9999.000000, -9999.000000, -9999.000000
66482, -9999.000000, -9999.000000, -9999.000000, -9999.000000
66483, -9999.000000, -9999.000000, -9999.000000, -9999.000000
66484, -9999.000000, -9999.000000, -9999.000000, -9999.000000
66485, -9999.000000, -9999.000000, -9999.000000, -9999.000000
66486, -9999.000000, -9999.000000, -9999.000000, -9999.000000
66487, -9999.000000, -9999.000000, -9999.000000, -9999.000000
66488, -9999.000000, -9999.000000, -9999.000000, -9999.000000
66489, -9999.000000, -9999.000000, -9999.000000, -9999.000000
66490, -9999.000000, -9999.000000, -9999.000000, -9999.000000
66491, -9999.000000, -9999.000000, -9999.000000, -9999.000000
66492, -9999.000000, -9999.000000, -9999.000000, -9999.000000
66493, -9999.000000, -9999.000000, -9999.000000, -9999.000000
66494, -9999.000000, -9999.000000, -9999.000000, -9999.000000
66495, -9999.000000, -9999.000000, -9999.000000, -9999.000000
66496, -9999.000000, -9999.000000, -9999.000000, -9999.000000
66497, -9999.000000, -9999.000000, -9999.000000, -9999.000000
66498, -9999.000000, -9999.000000, -9999.000000, -9999.000000
66499, -9999.000000, -9999.000000, -9999.000000, -9999.000000
66500, -9999.000000, -9999.000000, -9999.000000, -9999.000000
66501, -9999.000000, -9999.000000, -9999.000000, -9999.000000
66502, -9999.000000, -9999.000000, -9999.000000, -9999.000000
66503, -9999.000000, -9999.000000, -9999.000000, -9999.000000
66504, -9999.000000, -9999.000000, -9999.000000, -9999.000000
66505, -9999.000000, -9999.000000, -9999.000000, -9999.000000
66506, -9999.000000, -9999.000000, -9999.000000, -9999.000000
66507, -9999.000000, -9999.000000, -9999.000000, -9999.000000
66508, -9999.000000, -9999.000000, -9999.000000, -9999.000000
66509, -9999.000000, -9999.000000, -9999.000000, -9999.000000
66510, -9999.000000, -9999.000000, -9999.000000, -9999.000000
66511, -9999.000000, -9999.000000, -9999.000000, -9999.000000
66512, -9999.000000, -9999.000000, -9999.000000, -9999.000000
66513, -9999.000000, -9999.000000, -9999.000000, -9999.000000
66514, -9999.000000, -9999.000000, -9999.000000, -9999.000000
66515, -9999.000000, -9999.000000, -9999.000000, -9999.000000
66516, -9999.000000, -9999.000000, -9999.000000, -9999.000000
66517, -9999.000000, -9999.000000, -9999.000000, -9999.000000
66518, -9999.000000, -9999.000000, -9999.000000, -9999.000000
66519, -9999.000000, -9999.000000, -9999.000000, -9999.000000
66520, -9999.000000, -9999.000000, -9999.000000, -9999.000000
66521, -9999.000000, -9999.000000, -9999.000000, -9999.000000
66522, -9999.000000, -9999.000000, -9999.000000, -9999.000000
66523, -9999.000000, -9999.000000, -9999.000000, -9999.000000
66524, -9999.000000, -9999.000000, -9999.000000, -9999.000000
66525, -9999.000000, -9999.000000, -9999.000000, -9999.000000
66526, -9999.000000, -9999.000000, -9999.000000, -9999.000000
66527, -9999.000000, -9999.000000, -9999.000000, -9999.000000
66528, -9999.000000, -9999.000000, -9999.000000, -9999.000000
66529, -9999.000000, -9999.000000, -9999.000000, -9999.000000
66530, -9999.000000, -9999.000000, -9999.000000, -9999.000000
66531, -9999.000000, -9999.000000, -9999.000000, -9999.000000
66532, -9999.000000, -9999.000000, -9999.000000, -9999.000000
66533, -9999.000000, -9999.000000, -9999.000000, -9999.000000
66534, -9999.000000, -9999.000000, -9999.000000, -9999.000000
66535, -9999.000000, -9999.000000, -9999.000000, -9999.000000
66536, -9999.000000, -9999.000000, -9999.000000, -9999.000000
66537, -9999.000000, -9999.000000, -9999.000000, -9999.000000
66538, -9999.000000, -9999.000000, -9999.000000, -9999.000000
66539, -9999.000000, -9999.000000, -9999.000000, -9999.000000
66540, -9999.000000, -9999.000000, -9999.000000, -9999.000000
66541, -9999.000000, -9999.000000, -9999.000000, -9999.000000
66542, -9999.000000, -9999.000000, -9999.000000, -9999.000000
66543, -9999.000000, -9999.000000, -9999.000000, -9999.000000
66544, -9999.000000, -9999.000000, -9999.000000, -9999.000000
66545, -9999.000000, -9999.000000, -9999.000000, -9999.000000
66546, -9999.000000, -9999.000000, -9999.000000, -9999.000000
66547, -9999.000000, -9999.000000, -9999.000000, -9999.000000
66548, -9999.000000, -9999.000000, -9999.000000, -9999.000000
66549, -9999.000000, -9999.000000, -9999.000000, -9999.000000
66550, -9999.000000, -9999.000000, -9999.000000, -9999.000000
66551, -9999.000000, -9999.000000, -9999.000000, -9999.000000
66552, -9999.000000, -9999.000000, -9999.000000, -9999.000000
66553, -9999.000000, -9999.000000, -9999.000000, -9999.000000
66554, -9999.000000, -9999.000000, -9999.000000, -9999.000000
66555, -9999.000000, -9999.000000, -9999.000000, -9999.000000
66556, -9999.000000, -9999.000000, -9999.000000, -9999.000000
66557, -9999.000000, -9999.000000, -9999.000000, -9999.000000
66558, -9999.000000, -9999.000000, -9999.000000, -9999.000000
66559, -9999.000000, -9999.000000, -9999.000000, -9999.000000
66560, -9999.000000, -9999.000000, -9999.000000, -9999.000000
66561, -9999.000000, -9999.000000, -9999.000000, -9999.000000
66562, -9999.000000, -9999.000000, -9999.000000, -9999.000000
66563, -9999.000000, -9999.000000, -9999.000000, -9999.000000
66564, -9999.000000, -9999.000000, -9999.000000, -9999.000000
66565, -9999.000000, -9999.000000, -9999.000000, -9999.000000
66566, -9999.000000, -9999.000000, -9999.000000, -9999.000000
66567, -9999.000000, -9999.000000, -9999.000000, -9999.000000
66568, -9999.000000, -9999.000000, -9999.000000, -9999.000000
66569, -9999.000000, -9999.000000, -9999.000000, -9999.000000
66570, -9999.000000, -9999.000000, -9999.000000, -9999.000000
66571, -9999.000000, -9999.000000, -9999.000000, -9999.000000
66572, -9999.000000, -9999.000000, -9999.000000, -9999.000000
66573, -9999.000000, -9999.000000, -9999.000000, -9999.000000
66574, -9999.000000, -9999.000000, -9999.000000, -9999.000000
66575, -9999.000000, -9999.000000, -9999.000000, -9999.000000
66576, -9999.000000, -9999.000000, -9999.000000, -9999.000000
66577, -9999.000000, -9999.000000, -9999.000000, -9999.000000
