data/raw/Flight8/SP2_Polar6_20150420_R2_L1.ict
38, 1001
Herber, Andreas; Schulz, Hannes
Alfred Wegener Institute (AWI), Bremerhaven, Germany
rBC mass concentration from SP2 (single particle soot photometer), combined high and low gain channel, size range 75 to 700 nm
NETCARE Polar 6 Campaign 2015
1, 1
2015,04,20, 2017, 09, 07
1
Time_UTC, seconds
4
1, 1, 1, 1, 1
-9999, -9999, -9999, -9999, -9999
BC_mass_concVOL, ug/m3
BC_numb_concVOL, 1/vccm
BC_mass_concSTP, ug/m3STP
BC_numb_concSTP, 1/sccm
0
20
PI_CONTACT_INFO: Address: AWI, Am Handelshafen 12, D-27570 Bremerhaven, email: andreas.herber@awi.de; hannes.schulz@awi.de
PLATFORM: Polar 6
LOCATION: GPS location and altitude available at 1 Hz resolution in separate file
ASSOCIATED_DATA: N/A
INSTRUMENT_INFO: Refractory black carbon aerosol measurements based on laser induced incandescence
DATA_INFO: Units are ug/m3 (volumetric) or ug/m3 STP (NIST standard NTP 20C, 1013.25 hPa; corrected with chamber temperature and pressure)
UNCERTAINTY: +/- 10%, typical intra-model variability of SP2 derived BC mass concentration [Laborde et al., 2012]
ULOD_FLAG: -7777
ULOD_VALUE: N/A
LLOD_FLAG: not masked
LLOD_VALUE: zero ug/m3 (e.g. no particle or particles <0.3 fg per single particle detection)
DM_CONTACT_INFO: Hannes Schulz, see above
PROJECT_INFO: NETCARE Polar 6 aircraft campaign in April 2015
STIPULATIONS_ON_USE: Preliminary data! Use of these data requires prior approval from PI
OTHER_COMMENTS: N/A
REVISION: R2
R2: Preliminary data; calibration: Fullerene Soot, DLR lab 2015/01/20; bad data and zero filter masked as -9999
R1: Preliminary data, updated header information, corrected mass concentration
R0: Preliminary data, initial release
Time_UTC, BC_mass_concVOL, BC_numb_concVOL, BC_mass_concSTP, BC_numb_concSTP
[from data line 13249]
70238, 0.013060, 5.826163, 0.015646, 6.980164
70239, 0.006199, 4.879934, 0.007422, 5.842335
70240, 0.005898, 3.063342, 0.007056, 3.665165
70241, 0.017153, 4.955180, 0.020513, 5.925736
70242, 0.004520, 1.536040, 0.005408, 1.837557
70243, 0.007073, 2.492603, 0.008459, 2.981170
70244, 0.025546, 6.100122, 0.030532, 7.290923
70245, 0.016348, 4.082788, 0.019551, 4.882582
70246, 0.014500, 4.607843, 0.017335, 5.508775
70247, 0.022000, 1.576815, 0.026284, 1.883865
70248, 0.008460, 3.176071, 0.010106, 3.793754
70249, 0.009257, 4.682148, 0.011060, 5.594276
70250, 0.006652, 3.148642, 0.007942, 3.759011
70251, 0.056264, 4.567466, 0.067185, 5.453998
70252, 0.007407, 3.097383, 0.008842, 3.697461
70253, 0.030071, 4.038336, 0.035902, 4.821372
70254, 0.015916, 8.113110, 0.019000, 9.685148
70255, 0.010907, 2.112376, 0.013009, 2.519457
70256, 0.023108, 7.104123, 0.027496, 8.453312
70257, 0.010727, 5.198352, 0.012790, 6.198063
70258, 0.015242, 6.480115, 0.018167, 7.723679
70259, 0.013493, 6.471240, 0.016076, 7.710270
70260, 0.017950, 5.335457, 0.021391, 6.358336
70261, 0.021152, 4.919450, 0.025202, 5.861429
70262, 0.008314, 3.577123, 0.009905, 4.261498
70263, 0.010136, 4.041914, 0.012060, 4.809141
70264, 0.010157, 4.379229, 0.012085, 5.210729
70265, 0.012751, 6.004823, 0.015166, 7.142290
70266, 0.029894, 4.978662, 0.035499, 5.912213
70267, 0.009044, 2.570752, 0.010755, 3.057048
70268, 0.029759, 3.848022, 0.035374, 4.574204
70269, 0.011356, 4.391051, 0.013499, 5.219411
70270, 0.010313, 4.350177, 0.012252, 5.168240
70271, 0.013760, 4.500519, 0.016344, 5.345436
70272, 0.011604, 4.899798, 0.013780, 5.818483
70273, 0.012002, 4.808733, 0.014239, 5.705211
70274, 0.012475, 5.793029, 0.014802, 6.873862
70275, 0.034126, 9.166032, 0.040471, 10.870355
70276, 0.011026, 4.527285, 0.013072, 5.367308
70277, 0.018054, 7.230649, 0.021389, 8.566422
70278, 0.012162, 4.420335, 0.014410, 5.237713
70279, 0.007052, 3.505069, 0.008336, 4.143742
70280, 0.008337, 4.084634, 0.009879, 4.839924
70281, 0.015489, 3.651524, 0.018343, 4.324518
70282, 0.023711, 5.884172, 0.028079, 6.968174
70283, 0.003724, 2.491380, 0.004409, 2.949879
70284, 0.015150, 3.926928, 0.017931, 4.647768
70285, 0.014849, 4.515583, 0.017569, 5.342951
70286, 0.008490, 3.056488, 0.010047, 3.617085
70287, 0.010956, 5.136646, 0.012962, 6.077253
70288, 0.006806, 3.164753, 0.008042, 3.739466
70289, 0.019278, 5.579955, 0.022785, 6.594771
70290, 0.038035, 6.714572, 0.044930, 7.931779
70291, 0.014547, 5.671952, 0.017189, 6.702048
70292, 0.033330, 5.704913, 0.039275, 6.722434
70293, 0.005715, 4.668366, 0.006746, 5.510317
70294, 0.009545, 2.969788, 0.011258, 3.502573
70295, 0.003682, 1.949082, 0.004342, 2.298485
70296, 0.045090, 5.301386, 0.053157, 6.249901
70297, 0.015863, 5.246139, 0.018704, 6.185534
70298, 0.025020, 5.326665, 0.029484, 6.277151
70299, 0.010606, 5.198576, 0.012489, 6.121753
70300, 0.012380, 4.325889, 0.014578, 5.093920
70301, 0.008742, 3.014500, 0.010289, 3.547821
70302, 0.005305, 1.481974, 0.006243, 1.744097
70303, 0.009571, 2.488835, 0.011269, 2.930211
70304, 0.019287, 3.845301, 0.022696, 4.524881
70305, 0.023465, 1.964545, 0.027598, 2.310539
70306, 0.008345, 3.864018, 0.009815, 4.544700
70307, 0.015245, 6.160439, 0.017920, 7.241301
70308, 0.005490, 3.845671, 0.006451, 4.518873
70309, 0.004660, 3.542482, 0.005472, 4.159186
70310, 0.013298, 3.136467, 0.015616, 3.683235
70311, 0.007985, 2.774384, 0.009368, 3.255089
70312, 0.002205, 0.925531, 0.002588, 1.086249
70313, 0.006971, 2.884849, 0.008178, 3.384347
70314, 0.004528, 0.995936, 0.005311, 1.168037
70315, 0.016735, 3.118658, 0.019610, 3.654348
70316, 0.007631, 3.963456, 0.008938, 4.642120
70317, 0.005696, 3.433622, 0.006670, 4.020653
70318, 0.008545, 5.383084, 0.010000, 6.299149
70319, 0.009354, 3.575476, 0.010939, 4.181336
70320, 0.004312, 1.925619, 0.005041, 2.251085
70321, 0.010913, 2.382701, 0.012751, 2.783882
70322, 0.003794, 2.427547, 0.004433, 2.835836
70323, 0.010866, 2.961731, 0.012690, 3.458807
70324, 0.004211, 1.950208, 0.004911, 2.274429
70325, 0.020008, 3.409036, 0.023336, 3.976148
70326, 0.023992, 4.064624, 0.027979, 4.740110
70327, 0.006837, 4.131160, 0.007968, 4.814928
70328, 0.004360, 3.546895, 0.005076, 4.129433
70329, 0.009318, 2.991502, 0.010846, 3.482355
70330, 0.016654, 2.451888, 0.019381, 2.853435
70331, 0.007577, 3.053735, 0.008814, 3.552138
70332, 0.016286, 6.366604, 0.018946, 7.406452
70333, 0.011639, 6.395136, 0.013535, 7.436653
70334, 0.007957, 2.091880, 0.009252, 2.432343
70335, 0.003967, 3.566797, 0.004611, 4.146059
70336, 0.001368, 1.079400, 0.001590, 1.254909
70337, 0.021518, 4.393515, 0.025004, 5.105380
70338, 0.002859, 1.529565, 0.003322, 1.777079
70339, 0.002601, 2.041993, 0.003022, 2.372508
70340, 0.015288, 6.141231, 0.017765, 7.136368
70341, 0.009949, 3.619256, 0.011549, 4.201160
70342, 0.010271, 1.504214, 0.011894, 1.742017
70343, 0.004954, 1.561210, 0.005750, 1.811839
70344, 0.004855, 1.575622, 0.005632, 1.828050
70345, 0.007038, 2.532265, 0.008163, 2.936842
70346, 0.013254, 2.542277, 0.015363, 2.946751
70347, 0.015739, 4.097026, 0.018233, 4.746208
70348, 0.012376, 4.067515, 0.014332, 4.710176
70349, 0.009591, 3.391844, 0.011100, 3.925744
70350, 0.004076, 1.982618, 0.004719, 2.294903
70351, 0.011074, 4.195086, 0.012812, 4.853319
70352, 0.003957, 2.264487, 0.004578, 2.619860
70353, 0.017876, 3.760449, 0.020661, 4.346167
70354, 0.016584, 4.857067, 0.019177, 5.616617
70355, 0.002353, 2.464703, 0.002718, 2.846229
70356, 0.011399, 3.389914, 0.013167, 3.915444
70357, 0.003980, 1.373456, 0.004597, 1.586310
70358, 0.007722, 3.312373, 0.008908, 3.821290
70359, 0.013240, 3.845881, 0.015269, 4.435147
70360, 0.007764, 2.976978, 0.008954, 3.433388
70361, 0.003616, 2.017233, 0.004171, 2.326656
70362, 0.010393, 4.028543, 0.011980, 4.643631
70363, 0.004021, 2.963888, 0.004632, 3.414152
70364, 0.018976, 4.654809, 0.021857, 5.361592
70365, 0.001090, 0.993733, 0.001254, 1.144089
70366, 0.012115, 1.970466, 0.013941, 2.267454
70367, 0.010828, 3.550119, 0.012456, 4.083928
70368, 0.004332, 1.518996, 0.004982, 1.746912
70369, 0.003590, 2.064923, 0.004127, 2.374210
70370, 0.014291, 3.748686, 0.016423, 4.307888
70371, 0.012833, 5.216294, 0.014752, 5.996182
70372, 0.019404, 3.010026, 0.022295, 3.458528
70373, 0.004657, 2.614372, 0.005350, 3.003124
70374, 0.003158, 1.521215, 0.003626, 1.746605
70375, 0.002003, 1.509736, 0.002301, 1.733733
70376, 0.004478, 2.520888, 0.005140, 2.893311
70377, 0.018373, 4.715312, 0.021088, 5.412036
70378, 0.002711, 3.084483, 0.003110, 3.538763
70379, 0.002589, 1.567822, 0.002970, 1.798536
70380, 0.003999, 3.446859, 0.004588, 3.953724
70381, 0.005766, 2.503235, 0.006610, 2.869871
70382, 0.005505, 3.543901, 0.006315, 4.064885
70383, 0.008853, 5.257573, 0.010149, 6.026779
70384, 0.016279, 3.520729, 0.018657, 4.035019
70385, 0.006382, 3.506293, 0.007313, 4.017362
70386, 0.011404, 3.592578, 0.013068, 4.116898
70387, 0.010720, 4.027317, 0.012283, 4.614586
70388, 0.009765, 4.023573, 0.011190, 4.610905
70389, 0.003210, 2.517314, 0.003679, 2.885326
70390, 0.008730, 4.490228, 0.010001, 5.143760
70391, 0.004097, 2.940527, 0.004693, 3.368128
70392, 0.006161, 2.980278, 0.007054, 3.412325
70393, 0.010605, 4.920330, 0.012130, 5.627824
70394, 0.002085, 1.977588, 0.002387, 2.263903
70395, 0.021750, 7.012811, 0.024862, 8.016355
70396, 0.021442, 2.934695, 0.024505, 3.353843
70397, 0.007415, 2.920773, 0.008469, 3.335986
70398, 0.022176, 5.399044, 0.025319, 6.164339
70399, 0.014054, 3.937926, 0.016033, 4.492408
70400, 0.017227, 4.317736, 0.019652, 4.925608
70401, 0.011627, 3.315578, 0.013246, 3.777488
70402, 0.012351, 6.362961, 0.014066, 7.246317
70403, 0.021205, 6.495179, 0.024095, 7.380445
70404, 0.013767, 4.740941, 0.015670, 5.396445
70405, 0.026916, 5.801594, 0.030627, 6.601313
70406, 0.015430, 4.414814, 0.017544, 5.019793
70407, 0.007737, 4.236107, 0.008796, 4.815568
70408, 0.012217, 2.359740, 0.013881, 2.681146
70409, 0.014385, 1.980368, 0.016343, 2.249881
70410, 0.013481, 5.097149, 0.015317, 5.791480
70411, 0.023280, 5.015409, 0.026443, 5.696851
70412, 0.021198, 6.519622, 0.024074, 7.404082
70413, 0.018742, 7.086819, 0.021281, 8.047182
70414, 0.018432, 7.966109, 0.020934, 9.047288
70415, 0.013904, 6.232782, 0.015787, 7.077078
70416, 0.013872, 6.338232, 0.015754, 7.198345
70417, 0.006091, 1.614344, 0.006917, 1.833428
70418, 0.059756, 5.142840, 0.067782, 5.833565
70419, 0.021908, 7.458698, 0.024873, 8.468274
70420, 0.017869, 7.426821, 0.020290, 8.433039
70421, 0.013578, 6.686541, 0.015424, 7.595454
70422, 0.014102, 4.708214, 0.016021, 5.349182
70423, 0.023259, 7.182831, 0.026340, 8.134294
70424, 0.016584, 4.960342, 0.018810, 5.626424
70425, 0.016026, 7.079095, 0.018174, 8.028026
70426, 0.073292, 4.876013, 0.083147, 5.531626
70427, 0.018194, 6.919031, 0.020625, 7.843500
70428, 0.013623, 8.923702, 0.015434, 10.109450
70429, 0.023395, 6.731033, 0.026491, 7.621645
70430, 0.027467, 9.841251, 0.031074, 11.133371
70431, 0.026070, 7.894967, 0.029486, 8.929383
70432, 0.029925, 7.076508, 0.033849, 8.004524
70433, 0.023029, 4.283236, 0.026042, 4.843683
70434, 0.013970, 6.190682, 0.015790, 6.997449
70435, 0.014731, 7.849718, 0.016650, 8.872361
70436, 0.024549, 7.752181, 0.027718, 8.752692
70437, 0.021407, 6.929989, 0.024174, 7.825446
70438, 0.006485, 3.957117, 0.007322, 4.467921
70439, 0.018955, 8.047090, 0.021356, 9.066291
70440, 0.030056, 12.235346, 0.033886, 13.794657
70441, 0.006105, 3.503182, 0.006880, 3.947949
70442, 0.014180, 8.491680, 0.015978, 9.567867
70443, 0.018359, 6.131916, 0.020656, 6.898945
70444, 0.012923, 5.707654, 0.014547, 6.425020
70445, 0.017242, 7.228137, 0.019401, 8.132836
70446, 0.103182, 8.012336, 0.116052, 9.011732
70447, 0.014676, 7.611513, 0.016499, 8.556781
70448, 0.017566, 5.720431, 0.019731, 6.425669
70449, 0.033086, 10.530095, 0.037152, 11.823972
70450, 0.026359, 8.734756, 0.029598, 9.808131
70451, 0.010153, 5.403563, 0.011394, 6.064570
70452, 0.023080, 5.459170, 0.025896, 6.125115
70453, 0.028342, 7.836780, 0.031794, 8.791049
70454, 0.005786, 3.499118, 0.006492, 3.926644
70455, 0.010187, 5.547836, 0.011426, 6.222864
70456, 0.014743, 4.529518, 0.016529, 5.078382
70457, 0.025300, 8.548727, 0.028364, 9.583852
70458, 0.017873, 4.660353, 0.020031, 5.223039
70459, 0.007577, 3.738869, 0.008493, 4.191042
70460, 0.025353, 6.715629, 0.028441, 7.533356
70461, 0.004692, 2.652630, 0.005259, 2.972876
70462, 0.011917, 5.245224, 0.013360, 5.880243
70463, 0.023255, 7.325673, 0.026072, 8.212897
70464, 0.011965, 5.767738, 0.013414, 6.466039
70465, 0.013542, 6.053284, 0.015175, 6.783027
70466, 0.027432, 7.334197, 0.030733, 8.216895
70467, 0.019747, 6.641898, 0.022114, 7.438134
70468, 0.007753, 2.008954, 0.008685, 2.250461
70469, 0.008729, 5.523855, 0.009770, 6.182610
70470, 0.005252, 3.500982, 0.005876, 3.917020
70471, 0.013719, 6.722565, 0.015336, 7.514688
70472, 0.028842, 7.566934, 0.032248, 8.460473
70473, 0.018813, 8.840730, 0.021033, 9.883886
70474, 0.020507, 7.948539, 0.022913, 8.881213
70475, 0.022478, 7.679785, 0.025091, 8.572340
70476, 0.012840, 6.288224, 0.014325, 7.015757
70477, 0.008150, 4.174120, 0.009096, 4.658293
70478, 0.030177, 4.784024, 0.033673, 5.338300
70479, 0.086050, 8.035136, 0.095996, 8.963915
70480, 0.005833, 4.677478, 0.006507, 5.217787
70481, 0.008479, 4.325388, 0.009453, 4.822338
70482, 0.010375, 3.489464, 0.011572, 3.892005
70483, 0.026394, 3.925966, 0.029430, 4.377572
70484, 0.011571, 4.491473, 0.012897, 5.006131
70485, 0.018314, 6.696067, 0.020400, 7.458772
70486, 0.015059, 3.599321, 0.016770, 4.008364
70487, 0.011243, 6.330982, 0.012518, 7.049070
70488, 0.012655, 4.634936, 0.014083, 5.157814
70489, 0.007130, 5.004144, 0.007936, 5.569454
70490, 0.014872, 5.672789, 0.016541, 6.309429
70491, 0.012174, 5.601820, 0.013534, 6.227778
70492, 0.035164, 5.559549, 0.039091, 6.180507
70493, 0.018735, 4.398007, 0.020811, 4.885456
70494, 0.006735, 6.116883, 0.007483, 6.796114
70495, 0.008979, 4.998298, 0.009973, 5.551502
70496, 0.009032, 2.885914, 0.010021, 3.202166
70497, 0.012485, 4.024195, 0.013849, 4.463832
70498, 0.011154, 4.433788, 0.012374, 4.918504
70499, 0.018451, 4.786936, 0.020458, 5.307832
70500, 0.022538, 4.197400, 0.024970, 4.650288
70501, 0.000727, 0.976563, 0.000805, 1.081367
70502, 0.011180, 4.701708, 0.012372, 5.202921
70503, 0.013862, 3.372504, 0.015337, 3.731379
70504, 0.013316, 4.758162, 0.014719, 5.259755
70505, 0.009674, 3.881292, 0.010695, 4.290730
70506, 0.013369, 3.984579, 0.014774, 4.403438
70507, 0.000813, 0.991933, 0.000898, 1.095367
70508, 0.007041, 2.482254, 0.007772, 2.740003
70509, 0.011001, 3.528709, 0.012142, 3.894862
70510, 0.004924, 4.090052, 0.005425, 4.506782
70511, 0.001715, 0.998693, 0.001893, 1.101994
70512, 0.010698, 2.606738, 0.011802, 2.875739
70513, 0.000424, 0.505104, 0.000468, 0.557033
70514, 0.003139, 1.008046, 0.003461, 1.111566
70515, 0.009257, 3.105738, 0.010209, 3.424923
70516, 0.001331, 1.037290, 0.001467, 1.143185
70517, 0.018697, 3.207898, 0.020608, 3.535791
70518, 0.004849, 1.575588, 0.005341, 1.735510
70519, 0.010929, 2.623686, 0.012036, 2.889519
70520, 0.003951, 2.664464, 0.004346, 2.930434
70521, 0.025238, 4.642385, 0.027789, 5.111685
70522, 0.000000, 0.000000, 0.000000, 0.000000
70523, 0.003616, 4.171108, 0.003979, 4.589266
70524, 0.004000, 1.533150, 0.004397, 1.685382
70525, 0.015874, 2.538303, 0.017454, 2.791004
70526, 0.001963, 1.044486, 0.002159, 1.148529
70527, 0.003604, 2.515317, 0.003961, 2.764414
70528, 0.004406, 3.063006, 0.004844, 3.367143
70529, 0.005162, 1.013403, 0.005673, 1.113740
70530, 0.172124, 3.555510, 0.189098, 3.906147
70531, 0.001172, 1.498427, 0.001289, 1.646975
70532, 0.001650, 1.486307, 0.001813, 1.633265
70533, 0.003406, 1.013074, 0.003740, 1.112505
70534, 0.001558, 1.529684, 0.001710, 1.679524
70535, 0.005724, 1.529129, 0.006288, 1.679833
70536, 0.007715, 2.979034, 0.008475, 3.272341
70537, 0.002676, 1.502017, 0.002936, 1.648128
70538, 0.009417, 3.465616, 0.010331, 3.801823
70539, 0.018356, 2.328124, 0.020130, 2.553095
70540, 0.005804, 2.839930, 0.006365, 3.114474
70541, 0.001262, 0.979454, 0.001383, 1.073125
70542, 0.007062, 2.368974, 0.007734, 2.594304
70543, 0.009458, 3.695914, 0.010348, 4.043842
70544, 0.004472, 2.404418, 0.004894, 2.631364
70545, 0.005294, 1.880028, 0.005788, 2.055481
70546, 0.003284, 2.378466, 0.003588, 2.598409
70547, 0.001649, 1.431778, 0.001799, 1.561356
70548, 0.013089, 3.268903, 0.014291, 3.569195
70549, 0.004125, 1.405365, 0.004499, 1.532940
70550, 0.004795, 2.809549, 0.005232, 3.065388
70551, 0.002047, 1.446407, 0.002233, 1.577899
70552, 0.002584, 1.916815, 0.002816, 2.088978
70553, 0.007490, 1.975368, 0.008158, 2.151711
70554, 0.014218, 1.990597, 0.015476, 2.166730
70555, 0.028665, 4.552516, 0.031206, 4.956203
70556, 0.002902, 0.979018, 0.003159, 1.065593
70557, 0.001823, 1.020275, 0.001983, 1.109946
70558, 0.011156, 3.039534, 0.012133, 3.305552
70559, 0.005272, 1.510321, 0.005729, 1.641289
70560, 0.002297, 2.472602, 0.002495, 2.686509
70561, 0.004051, 2.030871, 0.004400, 2.205675
70562, 0.021272, 6.214292, 0.023102, 6.748814
70563, 0.010617, 3.767870, 0.011526, 4.090343
70564, 0.002146, 1.581127, 0.002329, 1.716027
70565, 0.018838, 2.608991, 0.020429, 2.829346
70566, 0.016626, 4.226821, 0.018031, 4.584126
70567, 0.015306, 2.531498, 0.016587, 2.743339
70568, 0.016499, 1.539702, 0.017883, 1.668901
70569, 0.021317, 4.557774, 0.023101, 4.939179
70570, 0.007866, 2.091924, 0.008523, 2.266745
70571, 0.006996, 4.685910, 0.007581, 5.078088
70572, 0.004669, 2.015415, 0.005058, 2.183200
70573, 0.007669, 3.246767, 0.008308, 3.517310
70574, 0.011035, 2.436022, 0.011943, 2.636489
70575, 0.010533, 3.850722, 0.011410, 4.171297
70576, 0.006359, 2.990670, 0.006887, 3.239222
70577, 0.005581, 3.507796, 0.006041, 3.797123
70578, 0.014771, 4.141798, 0.015994, 4.484557
70579, 0.006444, 2.784935, 0.006974, 3.013955
70580, 0.015939, 2.944614, 0.017262, 3.188931
70581, 0.001487, 0.951504, 0.001610, 1.030482
70582, 0.002794, 1.983857, 0.003027, 2.149015
70583, 0.005359, 3.933409, 0.005800, 4.256886
