data/raw/Flight8/SP2_Polar6_20150420_R2_L1.ict
38, 1001
Herber, Andreas; Schulz, Hannes
Alfred Wegener Institute (AWI), Bremerhaven, Germany
rBC mass concentration from SP2 (single particle soot photometer), combined high and low gain channel, size range 75 to 700 nm
NETCARE Polar 6 Campaign 2015
1, 1
2015,04,20, 2017, 09, 07
1
Time_UTC, seconds
4
1, 1, 1, 1, 1
-9999, -9999, -9999, -9999, -9999
BC_mass_concVOL, ug/m3
BC_numb_concVOL, 1/vccm
BC_mass_concSTP, ug/m3STP
BC_numb_concSTP, 1/sccm
0
20
PI_CONTACT_INFO: Address: AWI, Am Handelshafen 12, D-27570 Bremerhaven, email: andreas.herber@awi.de; hannes.schulz@awi.de
PLATFORM: Polar 6
LOCATION: GPS location and altitude available at 1 Hz resolution in separate file
ASSOCIATED_DATA: N/A
INSTRUMENT_INFO: Refractory black carbon aerosol measurements based on laser induced incandescence
DATA_INFO: Units are ug/m3 (volumetric) or ug/m3 STP (NIST standard NTP 20C, 1013.25 hPa; corrected with chamber temperature and pressure)
UNCERTAINTY: +/- 10%, typical intra-model variability of SP2 derived BC mass concentration [Laborde et al., 2012]
ULOD_FLAG: -7777
ULOD_VALUE: N/A
LLOD_FLAG: not masked
LLOD_VALUE: zero ug/m3 (e.g. no particle or particles <0.3 fg per single particle detection)
DM_CONTACT_INFO: Hannes Schulz, see above
PROJECT_INFO: NETCARE Polar 6 aircraft campaign in April 2015
STIPULATIONS_ON_USE: Preliminary data! Use of these data requires prior approval from PI
OTHER_COMMENTS: N/A
REVISION: R2
R2: Preliminary data; calibration: Fullerene Soot, DLR lab 2015/01/20; bad data and zero filter masked as -9999
R1: Preliminary data, updated header information, corrected mass concentration
R0: Preliminary data, initial release
Time_UTC, BC_mass_concVOL, BC_numb_concVOL, BC_mass_concSTP, BC_numb_concSTP
[from data line 1141]
58130, 0.002040, 2.046537, 0.002817, 2.825259
58131, 0.005518, 1.581804, 0.007620, 2.184220
58132, 0.002197, 1.533092, 0.003036, 2.118626
58133, 0.005043, 2.602262, 0.006966, 3.594921
58134, 0.001912, 2.043165, 0.002645, 2.825694
58135, 0.004725, 1.577766, 0.006538, 2.183208
58136, 0.008935, 1.577478, 0.012363, 2.182572
58137, 0.001275, 1.021127, 0.001766, 1.414819
58138, 0.012460, 1.013423, 0.017262, 1.403971
58139, 0.003726, 2.045578, 0.005162, 2.833968
58140, 0.006346, 3.028276, 0.008798, 4.198661
58141, 0.022179, 0.985552, 0.030757, 1.366707
58142, 0.008143, 1.476226, 0.011298, 2.048256
58143, 0.002831, 1.470561, 0.003929, 2.040498
58144, 0.003960, 1.001613, 0.005495, 1.389868
58145, 0.008895, 0.992678, 0.012349, 1.378158
58146, 0.003646, 2.830998, 0.005063, 3.931566
58147, 0.005297, 1.925803, 0.007358, 2.675058
58148, 0.004141, 2.519384, 0.005752, 3.499874
58149, 0.011653, 2.401112, 0.016188, 3.335619
58150, 0.001530, 0.982856, 0.002127, 1.366304
58151, 0.003172, 1.919654, 0.004407, 2.667331
58152, 0.005101, 2.456034, 0.007095, 3.416187
58153, 0.008127, 2.894412, 0.011311, 4.028585
58154, 0.010401, 1.998389, 0.014473, 2.780756
58155, 0.004436, 2.551335, 0.006164, 3.545509
58156, 0.002354, 1.024477, 0.003279, 1.427273
58157, 0.005519, 2.064465, 0.007696, 2.878750
58158, 0.004107, 2.596693, 0.005729, 3.622139
58159, 0.006243, 2.987000, 0.008714, 4.169170
58160, 0.000000, 0.000000, 0.000000, 0.000000
58161, 0.003242, 2.490178, 0.004529, 3.478574
58162, 0.003147, 2.057163, 0.004399, 2.875023
58163, 0.005445, 3.073372, 0.007612, 4.296222
58164, 0.007782, 2.563210, 0.010882, 3.584306
58165, 0.001565, 0.978072, 0.002190, 1.368218
58166, 0.005177, 2.050271, 0.007241, 2.867805
58167, 0.003919, 2.558787, 0.005489, 3.584306
58168, 0.003441, 1.969684, 0.004820, 2.758564
58169, 0.003271, 2.489544, 0.004575, 3.482699
58170, 0.006951, 1.467158, 0.009739, 2.055484
58171, 0.007757, 0.993696, 0.010870, 1.392455
58172, 0.009414, 1.970279, 0.013189, 2.760328
58173, 0.016801, 3.058426, 0.023562, 4.289271
58174, 0.002671, 2.485045, 0.003743, 3.482914
58175, 0.003575, 1.483796, 0.005013, 2.080727
58176, 0.002202, 1.480367, 0.003088, 2.075338
58177, 0.002554, 1.012704, 0.003583, 1.420656
58178, 0.001130, 1.495823, 0.001585, 2.097722
58179, 0.004253, 2.000233, 0.005970, 2.807546
58180, 0.004483, 1.999260, 0.006289, 2.804690
58181, 0.000760, 0.497011, 0.001066, 0.697299
58182, 0.000441, 0.485267, 0.000618, 0.681007
58183, 0.000945, 0.489233, 0.001327, 0.686809
58184, 0.002356, 1.492198, 0.003309, 2.095613
58185, 0.001806, 1.464784, 0.002536, 2.057288
58186, 0.001799, 1.998434, 0.002527, 2.807566
58187, 0.001666, 1.487687, 0.002339, 2.088765
58188, 0.024516, 3.036113, 0.034470, 4.268919
58189, 0.004556, 2.088685, 0.006407, 2.937151
58190, 0.007414, 4.017478, 0.010427, 5.650525
58191, 0.005627, 2.500801, 0.007921, 3.520490
58192, 0.002498, 2.056133, 0.003518, 2.895478
58193, 0.002319, 2.026335, 0.003267, 2.855277
58194, 0.020735, 4.125097, 0.029242, 5.817323
58195, 0.001104, 1.032994, 0.001557, 1.457565
58196, 0.017483, 5.100038, 0.024668, 7.196097
58197, 0.001908, 1.043803, 0.002694, 1.473957
58198, 0.002691, 2.032192, 0.003800, 2.869770
58199, 0.005502, 1.019911, 0.007780, 1.442225
58200, 0.011498, 1.546307, 0.016256, 2.186054
58201, 0.003447, 2.851337, 0.004875, 4.032200
58202, 0.010074, 2.905519, 0.014262, 4.113594
58203, 0.009338, 2.020929, 0.013224, 2.862034
58204, 0.017680, 6.063909, 0.025016, 8.580040
58205, 0.003423, 1.911485, 0.004842, 2.703614
58206, 0.005147, 1.901298, 0.007284, 2.690420
58207, 0.003885, 1.920187, 0.005499, 2.718068
58208, 0.003005, 1.451055, 0.004254, 2.054109
58209, 0.002595, 1.479482, 0.003673, 2.093969
58210, 0.000861, 0.942134, 0.001219, 1.333872
58211, 0.012727, 3.834129, 0.018014, 5.426935
58212, 0.005182, 2.364724, 0.007341, 3.349680
58213, 0.004715, 1.418953, 0.006676, 2.009078
58214, 0.011431, 2.047542, 0.016186, 2.899281
58215, 0.002335, 1.964159, 0.003307, 2.782376
58216, 0.002394, 1.980554, 0.003393, 2.807355
58217, 0.001731, 1.018010, 0.002453, 1.442676
58218, 0.003926, 2.616256, 0.005564, 3.707233
58219, 0.004451, 2.065187, 0.006309, 2.927094
58220, 0.003963, 1.506299, 0.005619, 2.135431
58221, 0.070161, 5.783111, 0.099517, 8.202859
58222, 0.007819, 2.559237, 0.011093, 3.631157
58223, 0.006898, 3.926872, 0.009787, 5.571531
58224, 0.003990, 2.089938, 0.005668, 2.968463
58225, 0.003881, 1.992625, 0.005512, 2.829992
58226, 0.001997, 1.503562, 0.002838, 2.136535
58227, 0.008973, 3.598133, 0.012756, 5.115064
58228, 0.001081, 0.502240, 0.001538, 0.714681
58229, 0.023525, 4.629518, 0.033443, 6.581269
58230, 0.001729, 1.542074, 0.002458, 2.192517
58231, 0.004559, 1.491260, 0.006484, 2.120927
58232, 0.008746, 2.568591, 0.012450, 3.656501
58233, 0.001229, 1.039686, 0.001750, 1.480906
58234, 0.012535, 2.484119, 0.017863, 3.540146
58235, 0.003250, 2.586648, 0.004636, 3.689636
58236, 0.003689, 2.057147, 0.005259, 2.932987
58237, 0.008791, 4.593533, 0.012547, 6.555970
58238, 0.006677, 4.802547, 0.009536, 6.858775
58239, 0.003848, 2.638758, 0.005502, 3.773008
58240, 0.003710, 2.724255, 0.005302, 3.893383
58241, 0.012574, 3.415341, 0.017982, 4.884129
58242, 0.005205, 1.917304, 0.007454, 2.745508
58243, 0.008267, 1.916071, 0.011846, 2.745543
58244, 0.003630, 2.370648, 0.005203, 3.397551
58245, 0.006094, 1.969450, 0.008734, 2.822412
58246, 0.004123, 1.450559, 0.005913, 2.080170
58247, 0.000000, 0.000000, 0.000000, 0.000000
58248, 0.007073, 1.495768, 0.010148, 2.146180
58249, 0.008175, 2.534524, 0.011722, 3.634175
58250, 0.005056, 1.508157, 0.007254, 2.163825
58251, 0.002563, 1.555084, 0.003679, 2.232043
58252, 0.006265, 2.507066, 0.009000, 3.601583
58253, 0.003907, 1.010276, 0.005598, 1.447770
58254, 0.000769, 0.983280, 0.001106, 1.413669
58255, 0.009499, 2.019732, 0.013661, 2.904699
58256, 0.003859, 2.578788, 0.005548, 3.707230
58257, 0.016270, 1.486169, 0.023400, 2.137452
58258, 0.016417, 3.058338, 0.023612, 4.398755
58259, 0.026519, 3.486643, 0.038061, 5.004184
58260, 0.001667, 1.479250, 0.002400, 2.128854
58261, 0.001605, 1.043957, 0.002311, 1.503363
58262, 0.001323, 0.974713, 0.001905, 1.403270
58263, 0.005590, 1.495216, 0.008052, 2.153644
58264, 0.007019, 1.983696, 0.010113, 2.858387
58265, 0.003117, 1.456467, 0.004495, 2.100531
58266, 0.004538, 1.948789, 0.006540, 2.808496
58267, 0.000388, 0.503918, 0.000559, 0.726305
58268, 0.017710, 2.964823, 0.025553, 4.277860
58269, 0.021406, 3.064976, 0.030911, 4.426012
58270, 0.003433, 2.490413, 0.004955, 3.594707
58271, 0.001193, 1.512943, 0.001723, 2.185229
58272, 0.008350, 1.036326, 0.012054, 1.496065
58273, 0.005812, 2.586981, 0.008400, 3.738881
58274, 0.003501, 1.546053, 0.005062, 2.235780
58275, 0.009207, 2.530707, 0.013325, 3.662570
58276, 0.000000, 0.000000, 0.000000, 0.000000
58277, 0.008260, 2.500711, 0.011968, 3.623202
58278, 0.001732, 1.553689, 0.002503, 2.245971
58279, 0.000394, 0.516461, 0.000572, 0.749532
58280, 0.017141, 1.088060, 0.024903, 1.580800
58281, 0.000966, 1.031571, 0.001405, 1.500578
58282, 0.001805, 1.016754, 0.002629, 1.481099
58283, 0.034664, 2.000840, 0.050524, 2.916286
58284, 0.001465, 1.039849, 0.002135, 1.515790
58285, 0.000000, 0.000000, 0.000000, 0.000000
58286, 0.000857, 1.016511, 0.001252, 1.484606
58287, 0.003708, 0.486598, 0.005417, 0.710797
58288, 0.000000, 0.000000, 0.000000, 0.000000
58289, 0.006479, 2.406017, 0.009478, 3.519552
58290, 0.007167, 2.436649, 0.010484, 3.564530
58291, 0.002112, 0.946379, 0.003090, 1.384459
58292, 0.000000, 0.000000, 0.000000, 0.000000
58293, 0.001847, 0.937208, 0.002701, 1.370662
58294, 0.000381, 0.479002, 0.000557, 0.700677
58295, 0.000571, 0.486212, 0.000835, 0.711570
58296, 0.005103, 0.955247, 0.007467, 1.397755
58297, 0.013294, 2.395919, 0.019456, 3.506505
58298, 0.002062, 0.497462, 0.003019, 0.728227
58299, 0.005796, 1.489437, 0.008484, 2.180086
58300, 0.000767, 1.002185, 0.001123, 1.467635
58301, 0.000886, 0.490029, 0.001297, 0.717551
58302, 0.000000, 0.000000, 0.000000, 0.000000
58303, 0.000000, 0.000000, 0.000000, 0.000000
58304, 0.000000, 0.000000, 0.000000, 0.000000
58305, 0.006635, 1.479707, 0.009713, 2.166307
58306, 0.002203, 1.006555, 0.003227, 1.474313
58307, 0.007113, 1.517078, 0.010416, 2.221588
58308, 0.001207, 0.506518, 0.001768, 0.741780
58309, 0.000000, 0.000000, 0.000000, 0.000000
58310, 0.000630, 0.494797, 0.000922, 0.724465
58311, 0.006951, 1.509803, 0.010178, 2.210631
58312, 0.002454, 1.014332, 0.003595, 1.485859
58313, 0.002237, 0.510220, 0.003276, 0.747032
58314, 0.006588, 0.986302, 0.009623, 1.440667
58315, 0.002202, 1.010838, 0.003226, 1.480792
58316, 0.003482, 1.501645, 0.005101, 2.200095
58317, 0.003923, 1.572387, 0.005751, 2.305290
58318, 0.001213, 1.023078, 0.001780, 1.500923
58319, 0.004718, 1.010354, 0.006924, 1.482861
58320, 0.000000, 0.000000, 0.000000, 0.000000
58321, 0.000000, 0.000000, 0.000000, 0.000000
58322, 0.004055, 1.048154, 0.005958, 1.540238
58323, 0.003824, 0.527429, 0.005621, 0.775362
58324, 0.016230, 0.998267, 0.023871, 1.468284
58325, 0.000880, 0.506212, 0.001295, 0.745119
58326, 0.004986, 1.535849, 0.007338, 2.260458
58327, 0.007874, 1.521415, 0.011594, 2.240290
58328, 0.002849, 1.506670, 0.004200, 2.221188
58329, 0.000000, 0.000000, 0.000000, 0.000000
58330, 0.000360, 0.500905, 0.000530, 0.738541
58331, 0.000000, 0.000000, 0.000000, 0.000000
58332, 0.002157, 1.489448, 0.003181, 2.196468
58333, 0.004421, 0.511774, 0.006521, 0.754961
58334, 0.010540, 1.759144, 0.015566, 2.597860
58335, 0.000959, 0.472568, 0.001416, 0.697698
58336, 0.001312, 0.485370, 0.001937, 0.716557
58337, 0.003906, 1.863031, 0.005772, 2.752706
58338, 0.005710, 0.486746, 0.008436, 0.719085
58339, 0.009275, 1.451666, 0.013708, 2.145473
58340, 0.002278, 0.969385, 0.003367, 1.432759
58341, 0.005583, 2.465024, 0.008248, 3.642040
58342, 0.008355, 1.972603, 0.012341, 2.913644
58343, 0.003594, 1.539352, 0.005311, 2.274643
58344, 0.010025, 3.022794, 0.014817, 4.467564
58345, 0.006344, 2.458351, 0.009376, 3.633291
58346, 0.005522, 2.540720, 0.008160, 3.754453
58347, 0.001909, 2.047597, 0.002822, 3.027070
58348, 0.004700, 2.983616, 0.006949, 4.411571
58349, 0.011189, 2.542578, 0.016538, 3.758169
58350, 0.000326, 0.509799, 0.000482, 0.753857
58351, 0.004153, 3.024639, 0.006145, 4.475633
58352, 0.004038, 2.503268, 0.005977, 3.705062
58353, 0.007010, 2.587399, 0.010376, 3.829805
58354, 0.003128, 0.970407, 0.004633, 1.437418
58355, 0.004670, 2.003022, 0.006919, 2.967120
58356, 0.009273, 1.539103, 0.013741, 2.280576
58357, 0.001758, 0.998678, 0.002605, 1.480008
58358, 0.008999, 3.645218, 0.013347, 5.406470
58359, 0.021919, 3.041285, 0.032480, 4.506765
58360, 0.185062, 3.118572, 0.274442, 4.624768
58361, 0.012015, 4.123527, 0.017831, 6.119339
58362, 0.019197, 3.584380, 0.028492, 5.319931
58363, 0.006207, 2.448573, 0.009213, 3.633995
58364, 0.011590, 3.586981, 0.017208, 5.325858
58365, 0.012509, 5.031983, 0.018580, 7.474260
58366, 0.014018, 6.645564, 0.020825, 9.872743
58367, 0.005806, 3.536722, 0.008626, 5.254400
58368, 0.010269, 4.458204, 0.015260, 6.625127
58369, 0.025942, 7.617636, 0.038576, 11.327392
58370, 0.023166, 6.074476, 0.034456, 9.034970
58371, 0.031377, 8.261054, 0.046646, 12.280964
58372, 0.014496, 6.309746, 0.021563, 9.385761
58373, 0.008608, 4.420272, 0.012808, 6.577185
58374, 0.015059, 4.421082, 0.022405, 6.577789
58375, 0.013984, 6.486328, 0.020811, 9.653113
58376, 0.018425, 6.529800, 0.027449, 9.727796
58377, 0.186269, 5.946848, 0.277419, 8.856917
58378, 0.013131, 5.076719, 0.019574, 7.567792
58379, 0.022458, 3.892847, 0.033456, 5.799169
58380, 0.023825, 7.394713, 0.035525, 11.026436
58381, 0.020131, 7.017888, 0.030042, 10.472939
58382, 0.026190, 8.412473, 0.039072, 12.550131
58383, 0.018188, 6.502432, 0.027135, 9.701200
58384, 0.022768, 5.067481, 0.034010, 7.569643
58385, 0.020936, 7.745768, 0.031280, 11.572462
58386, 0.025116, 7.843323, 0.037456, 11.697034
58387, 0.015078, 6.473578, 0.022516, 9.667309
58388, 0.006506, 2.499616, 0.009719, 3.734253
58389, 0.015329, 8.493668, 0.022909, 12.693613
58390, 0.006989, 4.512333, 0.010434, 6.736252
58391, 0.023030, 5.168158, 0.034449, 7.730753
58392, 0.008762, 4.029744, 0.013100, 6.024913
58393, 0.010776, 3.635719, 0.016125, 5.440328
58394, 0.007955, 1.031122, 0.011901, 1.542690
58395, 0.011613, 4.747229, 0.017388, 7.108354
58396, 0.005579, 3.015414, 0.008360, 4.518500
58397, 0.013447, 2.984563, 0.020164, 4.475670
58398, 0.010256, 3.600746, 0.015386, 5.401629
58399, 0.010606, 4.527874, 0.015924, 6.798510
58400, 0.010453, 4.022455, 0.015703, 6.042500
58401, 0.010651, 4.038600, 0.015985, 6.061057
58402, 0.005210, 2.499419, 0.007836, 3.758992
58403, 0.011484, 2.994846, 0.017272, 4.504347
58404, 0.006963, 3.124282, 0.010481, 4.702989
58405, 0.019864, 4.973999, 0.029905, 7.488123
58406, 0.015599, 1.974017, 0.023505, 2.974512
58407, 0.011315, 4.433578, 0.017056, 6.683068
58408, 0.013284, 6.898461, 0.020030, 10.401768
58409, 0.005785, 2.449090, 0.008723, 3.693369
58410, 0.009232, 3.989119, 0.013932, 6.020263
58411, 0.017957, 3.899356, 0.027102, 5.885134
58412, 0.008257, 3.565654, 0.012469, 5.384336
58413, 0.004149, 2.527193, 0.006273, 3.821593
58414, 0.003459, 0.995938, 0.005223, 1.504100
58415, 0.009227, 4.465502, 0.013953, 6.752360
58416, 0.011362, 3.991645, 0.017192, 6.039769
58417, 0.011525, 4.558133, 0.017438, 6.896620
58418, 0.010137, 3.486785, 0.015339, 5.276024
58419, 0.009249, 4.399807, 0.013996, 6.658440
58420, 0.011156, 5.413348, 0.016884, 8.193142
58421, 0.004661, 3.924861, 0.007056, 5.942237
58422, 0.009047, 2.963750, 0.013712, 4.492068
58423, 0.004903, 3.448040, 0.007437, 5.230285
58424, 0.009494, 5.997594, 0.014397, 9.095139
58425, 0.012761, 2.984234, 0.019345, 4.524126
58426, 0.021542, 5.389810, 0.032657, 8.170724
58427, 0.014463, 4.546870, 0.021954, 6.901641
58428, 0.022883, 5.169677, 0.034757, 7.852287
58429, 0.061697, 4.362314, 0.093676, 6.623440
58430, 0.035783, 9.549524, 0.054399, 14.517464
58431, 0.017521, 4.025768, 0.026659, 6.125389
58432, 0.093544, 12.217507, 0.142392, 18.597308
58433, 0.027077, 10.189926, 0.041281, 15.535405
58434, 0.116362, 10.137154, 0.177304, 15.446275
58435, 0.014314, 7.936767, 0.021816, 12.096410
58436, 0.030696, 9.847919, 0.046839, 15.026660
58437, 0.026908, 10.260313, 0.041097, 15.670653
58438, 0.029520, 12.349519, 0.045055, 18.848607
58439, 0.039522, 12.117493, 0.060341, 18.500957
58440, 0.048264, 14.897168, 0.073796, 22.777742
58441, 0.055961, 14.926434, 0.085555, 22.819883
58442, 0.020968, 7.119607, 0.032062, 10.886590
58443, 0.025898, 13.061810, 0.039613, 19.979352
58444, 0.070044, 19.348991, 0.107171, 29.605268
58445, 0.040908, 12.423445, 0.062588, 19.007722
58446, 0.044205, 11.815155, 0.067700, 18.095019
58447, 0.022036, 10.978725, 0.033743, 16.810976
58448, 0.044802, 11.793710, 0.068625, 18.064859
58449, 0.040641, 14.526538, 0.062265, 22.255806
58450, 0.033309, 14.398154, 0.051027, 22.057319
58451, 0.066108, 13.569610, 0.101384, 20.810551
58452, 0.037712, 18.040741, 0.057859, 27.679017
58453, 0.077798, 12.222730, 0.119366, 18.753433
58454, 0.065366, 17.399670, 0.100335, 26.708028
58455, 0.088918, 18.276257, 0.136521, 28.060556
58456, 0.066018, 15.438984, 0.101439, 23.722663
58457, 0.073830, 22.080450, 0.113362, 33.903297
58458, 0.064625, 11.675695, 0.099262, 17.933634
58459, 0.054924, 16.740892, 0.084420, 25.731474
58460, 0.035455, 14.317346, 0.054507, 22.011095
58461, 0.144687, 25.720720, 0.222448, 39.544050
58462, 0.072725, 23.650749, 0.111907, 36.392898
58463, 0.043636, 21.811226, 0.067080, 33.529288
58464, 0.053217, 20.771986, 0.081809, 31.932041
58465, 0.052964, 19.725658, 0.081486, 30.348467
58466, 0.075184, 26.681059, 0.115688, 41.054854
58467, 0.077955, 24.276819, 0.119890, 37.335935
58468, 0.089422, 27.310850, 0.137637, 42.036139
58469, 0.098363, 18.262260, 0.151365, 28.102776
58470, 0.043516, 19.483900, 0.067024, 30.009539
58471, 0.120723, 30.366737, 0.185861, 46.751589
58472, 0.079075, 29.630894, 0.121778, 45.632401
58473, 0.080296, 26.882088, 0.123322, 41.286565
58474, 0.065814, 21.450329, 0.101427, 33.057356
