NETCARE2015/data/raw/Flight6/CO2_POLAR6_20150411_R1_NETCARE.ict
34, 1001
Bozem, Heiko; Hoor, Peter
Institute for Atmospheric Physics, Johannes Gutenberg University, Mainz, Germany
CO2 mixing ratio from LI7200 CO2 analyzer
NETCARE Polar 6 Campaign 2015
1, 1
2015, 04, 11, 2015, 08, 12
1
Time_UTC, seconds
1
1
-9999.99
CO2_ppmv, ppmv
0
19
PI_CONTACT_INFO: Address: Johann-Joachim-Becherweg 21, 55128 Mainz, email: bozemh@uni-mainz.de; hoor@uni-mainz.de
PLATFORM: Polar 6
LOCATION: GPS location and altitude available at 1 Hz resolution in separate file (See AIMMS files under Aircraft data and meteorology)
ASSOCIATED_DATA: N/A
INSTRUMENT_INFO: CO2 measurements based on non-dispersive infrared absorption spectroscopy
DATA_INFO: Units are ppmv
UNCERTAINTY: UNCERTAINTY RELATIVE TO STANDARD: 1.71 ppmv at 1 sigma confidence (before drift correction is applied)
ULOD_FLAG: -7777
ULOD_VALUE: 3000
LLOD_FLAG: -8888
LLOD_VALUE: N/A 
DM_CONTACT_INFO: N/A
PROJECT_INFO: NETCARE Polar 6 aircraft campaign in April 2015; Eureka
STIPULATIONS_ON_USE: N/A
OTHER_COMMENTS: N/A
REVISION: R1
R0: Preliminary data, corrected for instrument drift
R1: Final data, corrected for instrument drift
Time_UTC,CO2_ppmv
[from data line 15693]
73141,-9999.99
73142,-9999.99
73143,-9999.99
73144,-9999.99
73145,-9999.99
73146,-9999.99
73147,-9999.99
73148,-9999.99
73149,-9999.99
73150,-9999.99
73151,-9999.99
73152,-9999.99
73153,-9999.99
73154,-9999.99
73155,-9999.99
73156,-9999.99
73157,-9999.99
73158,-9999.99
73159,-9999.99
73160,-9999.99
73161,-9999.99
73162,-9999.99
73163,-9999.99
73164,-9999.99
73165,-9999.99
73166,-9999.99
73167,-9999.99
73168,-9999.99
73169,-9999.99
73170,-9999.99
73171,-9999.99
73172,-9999.99
73173,-9999.99
73174,-9999.99
73175,-9999.99
73176,-9999.99
73177,-9999.99
73178,-9999.99
73179,-9999.99
73180,-9999.99
73181,-9999.99
73182,-9999.99
73183,-9999.99
73184,-9999.99
73185,-9999.99
73186,-9999.99
73187,-9999.99
73188,-9999.99
73189,-9999.99
73190,-9999.99
73191,-9999.99
73192,-9999.99
73193,-9999.99
73194,-9999.99
73195,-9999.99
73196,-9999.99
73197,-9999.99
73198,405.32
73199,405.36
73200,405.43
73201,405.41
73202,405.40
73203,405.40
73204,405.43
73205,405.38
73206,405.43
73207,405.36
73208,405.32
73209,405.30
73210,405.37
73211,405.27
73212,405.39
73213,405.39
73214,405.25
73215,405.34
73216,405.29
73217,405.28
73218,405.32
73219,405.38
73220,405.24
73221,405.30
73222,405.27
73223,405.29
73224,405.29
73225,405.32
73226,405.31
73227,405.28
73228,405.24
73229,405.26
73230,405.31
73231,405.34
73232,405.33
73233,405.30
73234,405.26
73235,405.26
73236,405.34
73237,405.43
73238,405.34
73239,405.36
73240,405.45
73241,405.43
73242,405.42
73243,405.36
73244,405.35
73245,405.31
73246,405.38
73247,405.36
73248,405.38
73249,405.28
73250,405.35
73251,405.29
73252,405.39
73253,405.36
73254,405.26
73255,405.35
73256,405.39
73257,405.40
73258,405.31
73259,405.46
73260,405.37
73261,405.42
73262,405.34
73263,405.48
73264,405.49
73265,405.50
73266,405.48
73267,405.56
73268,405.59
73269,405.52
73270,405.51
73271,405.58
73272,405.54
73273,405.51
73274,405.71
73275,405.69
73276,405.70
73277,405.66
73278,405.77
73279,405.75
73280,405.75
73281,405.73
73282,405.65
73283,405.76
73284,405.73
73285,405.80
73286,405.72
73287,405.63
73288,405.76
73289,405.81
73290,405.82
73291,405.71
73292,405.57
73293,405.62
73294,405.71
73295,405.75
73296,405.66
73297,405.55
73298,405.61
73299,405.73
73300,405.64
73301,405.72
73302,405.72
73303,405.68
73304,405.64
73305,405.77
73306,405.72
73307,405.67
73308,405.67
73309,405.60
73310,405.66
73311,405.68
73312,405.69
73313,405.55
73314,405.57
73315,405.57
73316,405.62
73317,405.65
73318,405.51
73319,405.53
73320,405.53
73321,405.49
73322,405.56
73323,405.62
73324,405.62
73325,405.56
73326,405.47
73327,405.57
73328,405.50
73329,405.56
73330,405.48
73331,405.53
73332,405.57
73333,405.58
73334,405.55
73335,405.48
73336,405.40
73337,405.58
73338,405.46
73339,405.52
73340,405.53
73341,405.55
73342,405.56
73343,405.48
73344,405.49
73345,405.50
73346,405.59
73347,405.48
73348,405.51
73349,405.40
73350,405.44
73351,405.40
73352,405.44
73353,405.46
73354,405.52
73355,405.45
73356,405.40
73357,405.45
73358,405.51
73359,405.57
73360,405.51
73361,405.46
73362,405.42
73363,405.45
73364,405.57
73365,405.44
73366,405.54
73367,405.45
73368,405.43
73369,405.51
73370,405.40
73371,405.44
73372,405.43
73373,405.35
73374,405.48
73375,405.51
73376,405.44
73377,405.38
73378,405.53
73379,405.64
73380,405.49
73381,405.49
73382,405.48
73383,405.51
73384,405.52
73385,405.57
73386,405.54
73387,405.64
73388,405.67
73389,405.44
73390,405.60
73391,405.61
73392,405.61
73393,405.59
73394,405.64
73395,405.60
73396,405.61
73397,405.59
73398,405.66
73399,405.52
73400,405.66
73401,405.57
73402,405.67
73403,405.65
73404,405.59
73405,405.57
73406,405.64
73407,405.66
73408,405.61
73409,405.61
73410,405.52
73411,405.69
73412,405.73
73413,405.74
73414,405.70
73415,405.59
73416,405.68
73417,405.77
73418,405.71
73419,405.66
73420,405.71
73421,405.71
73422,405.67
73423,405.75
73424,405.77
73425,405.75
73426,405.72
73427,405.72
73428,405.79
73429,405.71
73430,405.68
73431,405.74
73432,405.71
73433,405.76
73434,405.72
73435,405.82
73436,405.74
73437,405.82
73438,405.71
73439,405.79
73440,405.73
73441,405.79
73442,405.67
73443,405.79
73444,405.69
73445,405.79
73446,405.63
73447,405.74
73448,405.78
73449,405.74
73450,405.64
73451,405.63
73452,405.70
73453,405.67
73454,405.68
73455,405.58
73456,405.64
73457,405.65
73458,405.62
73459,405.66
73460,405.54
73461,405.67
73462,405.64
73463,405.69
73464,405.71
73465,405.66
73466,405.78
73467,405.74
73468,405.65
73469,405.71
73470,405.77
73471,405.83
73472,405.73
73473,405.68
73474,405.67
73475,405.66
73476,405.75
73477,405.74
73478,405.74
73479,405.75
73480,405.70
73481,405.77
73482,405.76
73483,405.70
73484,405.74
73485,405.72
73486,405.71
73487,405.79
73488,405.72
73489,405.75
73490,405.72
73491,405.77
73492,405.75
73493,405.70
73494,405.78
73495,405.75
73496,405.78
73497,405.84
73498,405.74
73499,405.81
73500,405.74
73501,405.83
73502,405.82
73503,405.85
73504,405.78
73505,405.78
73506,405.67
73507,405.86
73508,405.86
73509,405.88
73510,405.79
73511,405.75
73512,405.86
73513,405.79
73514,405.87
73515,405.73
73516,405.80
73517,405.73
73518,405.70
73519,405.79
73520,405.77
73521,405.71
73522,405.73
73523,405.79
73524,405.69
73525,405.77
73526,405.74
73527,405.68
73528,405.69
73529,405.84
73530,405.81
73531,405.73
73532,405.74
73533,405.73
73534,405.72
73535,405.67
73536,405.73
73537,405.75
73538,405.73
73539,405.78
73540,405.69
73541,405.69
73542,405.70
73543,405.77
73544,405.74
73545,405.79
73546,405.72
73547,405.83
73548,405.82
73549,405.83
73550,405.85
73551,405.88
73552,405.95
73553,405.90
73554,405.88
73555,405.87
73556,405.90
73557,405.80
73558,405.88
73559,405.76
73560,405.86
73561,405.82
73562,405.77
73563,405.76
73564,405.84
73565,405.85
73566,405.90
73567,405.94
73568,405.86
73569,405.94
73570,405.87
73571,405.95
73572,405.96
73573,405.97
73574,405.83
73575,405.89
73576,405.95
73577,405.89
73578,405.94
73579,405.85
73580,405.87
73581,405.90
73582,405.97
73583,405.95
73584,405.99
73585,405.95
73586,405.87
73587,406.00
73588,406.13
73589,406.15
73590,406.20
73591,406.03
73592,406.11
73593,406.09
73594,406.10
73595,406.11
73596,406.04
73597,405.97
73598,405.89
73599,405.73
73600,405.72
73601,405.67
73602,405.68
73603,405.76
73604,405.73
73605,405.79
73606,405.76
73607,405.89
73608,405.86
73609,405.85
73610,405.99
73611,405.88
73612,405.95
73613,405.87
73614,406.00
73615,406.13
73616,406.08
73617,406.19
73618,406.20
73619,406.18
73620,406.16
73621,406.29
73622,406.37
73623,406.33
73624,406.36
73625,406.40
73626,406.57
73627,406.67
73628,406.70
73629,406.79
73630,406.73
73631,406.82
73632,406.85
73633,406.88
73634,406.98
73635,406.97
73636,406.91
73637,406.94
73638,407.06
73639,407.08
73640,406.92
73641,406.86
73642,406.85
73643,406.86
73644,406.83
73645,406.86
73646,406.82
73647,406.90
73648,406.97
73649,406.92
73650,406.92
73651,407.00
73652,406.93
73653,406.96
73654,406.95
73655,406.94
73656,406.99
73657,406.84
73658,406.97
73659,407.05
73660,407.19
73661,407.21
73662,407.01
73663,406.80
73664,406.71
73665,406.65
73666,406.63
73667,406.60
73668,406.59
73669,406.74
73670,406.70
73671,406.84
73672,406.96
73673,406.95
73674,406.83
73675,406.64
73676,406.79
73677,406.74
73678,406.77
73679,406.75
73680,407.18
73681,407.31
73682,407.29
73683,407.22
73684,407.19
73685,407.24
73686,407.16
73687,407.17
73688,406.99
73689,406.91
73690,406.83
73691,406.93
73692,407.00
73693,406.93
73694,407.05
73695,406.99
73696,407.04
73697,407.00
73698,407.02
73699,406.99
73700,406.90
73701,407.07
73702,407.01
73703,406.87
73704,406.94
73705,406.96
73706,407.04
73707,407.03
73708,407.03
73709,407.06
73710,406.97
73711,407.03
73712,406.91
73713,406.73
73714,406.63
73715,406.48
73716,406.36
73717,406.11
73718,405.97
73719,405.84
73720,405.92
73721,405.89
73722,405.98
73723,405.86
73724,405.82
73725,405.86
73726,405.94
73727,405.81
73728,405.81
73729,405.80
73730,405.86
73731,405.85
73732,405.94
73733,406.02
73734,406.04
73735,406.04
73736,406.01
73737,406.17
73738,406.28
73739,406.49
73740,406.85
73741,407.00
73742,407.13
73743,407.15
73744,407.18
73745,407.14
73746,407.15
73747,407.20
73748,407.11
73749,407.14
73750,407.18
73751,407.18
73752,407.22
73753,407.25
73754,407.16
73755,407.27
73756,407.30
73757,407.27
73758,407.25
73759,407.24
73760,407.06
73761,407.04
73762,407.03
73763,407.00
73764,406.90
73765,406.89
73766,406.90
73767,406.91
73768,407.06
73769,406.91
73770,406.89
73771,406.82
73772,406.75
73773,406.76
73774,406.85
73775,406.85
73776,406.89
73777,406.90
73778,406.83
73779,406.66
73780,406.74
73781,406.82
73782,406.90
73783,406.78
73784,406.75
73785,406.74
73786,406.78
73787,406.65
73788,406.63
73789,406.54
73790,406.59
73791,406.61
73792,406.50
73793,406.68
73794,406.66
73795,406.66
73796,406.81
73797,406.81
73798,406.85
73799,406.87
73800,406.87
73801,407.10
73802,407.07
73803,407.17
73804,407.21
73805,406.86
73806,406.53
73807,406.26
73808,406.45
73809,406.36
73810,406.25
73811,406.25
73812,406.16
73813,406.24
73814,406.23
73815,406.27
73816,406.30
73817,406.16
73818,406.11
73819,406.23
73820,406.31
73821,406.57
73822,406.53
73823,406.49
73824,406.56
73825,406.62
73826,406.56
73827,406.51
73828,406.49
73829,406.41
73830,406.49
73831,406.31
73832,406.33
73833,406.32
73834,406.24
73835,406.31
73836,406.34
73837,406.24
73838,406.29
73839,406.25
73840,406.24
73841,406.30
73842,406.25
73843,406.32
73844,406.18
73845,406.22
73846,406.23
73847,406.26
73848,406.23
73849,406.21
73850,406.29
73851,406.20
73852,406.16
73853,406.22
73854,406.25
73855,406.25
73856,406.28
73857,406.28
73858,406.29
73859,406.20
73860,406.24
73861,406.34
73862,406.25
73863,406.29
73864,406.30
73865,406.36
73866,406.39
73867,406.38
73868,406.32
73869,406.48
73870,406.35
73871,406.42
73872,406.41
73873,406.40
73874,406.42
73875,406.36
73876,406.33
73877,406.48
73878,406.43
73879,406.42
73880,406.45
73881,406.39
73882,406.32
73883,406.42
73884,406.37
73885,406.38
73886,406.31
73887,406.45
73888,406.50
73889,406.45
73890,406.48
73891,406.40
73892,406.49
73893,406.53
73894,406.48
73895,406.50
73896,406.52
73897,406.49
73898,406.46
73899,406.53
73900,406.54
73901,406.54
73902,406.68
73903,406.82
73904,406.71
73905,406.76
73906,406.84
73907,406.87
73908,406.82
73909,406.79
73910,406.87
73911,406.79
73912,406.90
73913,406.90
73914,406.92
73915,406.87
73916,406.86
73917,406.81
73918,406.90
73919,406.84
73920,406.83
73921,406.78
73922,406.85
73923,406.83
73924,406.80
73925,406.78
73926,406.74
73927,406.74
73928,406.77
73929,406.68
73930,406.75
73931,406.72
73932,406.71
73933,406.85
73934,406.72
73935,406.67
73936,406.76
73937,406.71
73938,406.72
73939,406.79
73940,406.73
73941,406.63
73942,406.72
73943,406.74
73944,406.69
73945,406.72
73946,406.62
73947,406.76
73948,406.65
73949,406.62
73950,406.62
73951,406.58
73952,406.59
73953,406.53
73954,406.52
73955,406.59
73956,406.54
73957,406.49
73958,406.54
73959,406.47
73960,406.55
73961,406.46
73962,406.59
73963,406.54
73964,406.57
73965,406.67
73966,406.59
73967,406.61
73968,406.63
73969,406.60
73970,406.64
73971,406.64
73972,406.64
73973,406.60
73974,406.60
73975,406.65
73976,406.64
73977,406.60
73978,406.61
73979,406.67
73980,406.61
73981,406.69
73982,406.64
73983,406.52
73984,406.63
73985,406.67
73986,406.69
73987,406.64
73988,406.63
73989,406.56
73990,406.59
73991,406.61
73992,406.69
73993,406.62
73994,406.49
73995,406.61
73996,406.60
73997,406.66
73998,406.62
73999,406.54
74000,406.56
74001,406.58
74002,406.63
74003,406.59
74004,406.59
74005,406.52
74006,406.51
74007,406.55
74008,406.57
74009,406.61
74010,406.53
74011,406.56
74012,406.57
74013,406.57
74014,406.56
74015,406.53
74016,406.59
74017,406.55
74018,406.58
74019,406.60
74020,406.54
74021,406.48
74022,406.60
74023,406.64
74024,406.62
74025,406.60
74026,406.63
74027,406.61
74028,406.55
74029,406.61
74030,406.63
74031,406.59
74032,406.68
74033,406.55
74034,406.64
74035,406.63
74036,406.65
74037,406.53
74038,406.63
74039,406.63
74040,406.66
74041,406.70
74042,406.70
74043,406.61
74044,406.69
74045,406.76
74046,406.58
74047,406.67
74048,406.60
74049,406.59
74050,406.59
74051,406.64
74052,406.63
74053,406.61
74054,406.73
74055,406.68
74056,406.63
74057,406.64
74058,406.63
74059,406.73
74060,406.69
74061,406.68
74062,406.61
74063,406.60
74064,406.63
74065,406.61
74066,406.64
74067,406.63
74068,406.63
74069,406.68
74070,406.69
74071,406.68
74072,406.63
74073,406.63
74074,406.69
74075,406.72
74076,406.64
74077,406.64
74078,406.70
74079,406.70
74080,406.66
74081,406.71
74082,406.67
74083,406.70
74084,406.62
74085,406.72
74086,406.73
74087,406.69
74088,406.54
74089,406.58
74090,406.67
74091,406.66
74092,406.63
74093,406.56
74094,406.60
74095,406.65
74096,406.62
74097,406.51
74098,406.61
74099,406.68
74100,406.61
74101,406.70
74102,406.58
74103,406.61
74104,406.59
74105,406.59
74106,406.67
74107,406.59
74108,406.67
74109,406.56
74110,406.71
74111,406.69
74112,406.59
74113,406.59
74114,406.59
74115,406.69
74116,406.69
74117,406.62
74118,406.56
74119,406.64
74120,406.60
74121,406.67
74122,406.63
74123,406.58
74124,406.65
74125,406.63
74126,406.60
74127,406.57
74128,406.64
74129,406.62
74130,406.58
74131,406.66
74132,406.58
74133,406.57
74134,406.58
74135,406.61
74136,406.63
74137,406.65
74138,406.56
74139,406.58
74140,406.65
74141,406.55
74142,406.64
74143,406.54
74144,406.57
74145,406.56
74146,406.54
74147,406.54
74148,406.56
74149,406.50
74150,406.57
74151,406.52
74152,406.53
74153,406.48
74154,406.52
74155,406.56
74156,406.46
74157,406.50
74158,406.48
74159,406.51
74160,406.48
74161,406.61
74162,406.60
74163,406.57
74164,406.52
74165,406.43
74166,406.59
74167,406.50
74168,406.55
74169,406.63
74170,406.61
74171,406.50
74172,406.48
74173,406.50
74174,406.56
74175,406.59
74176,406.50
74177,406.46
74178,406.48
74179,406.48
74180,406.52
74181,406.53
74182,406.48
74183,406.44
74184,406.44
74185,406.50
74186,406.52
74187,406.50
74188,406.44
74189,406.48
74190,406.41
74191,406.48
74192,406.37
74193,406.39
74194,406.43
74195,406.41
74196,406.40
74197,406.40
74198,406.41
74199,406.36
74200,406.37
74201,406.41
74202,406.42
74203,406.37
74204,406.29
74205,406.29
74206,406.40
74207,406.42
74208,406.44
74209,406.42
74210,406.42
74211,406.33
74212,406.38
74213,406.42
74214,406.40
74215,406.40
74216,406.42
74217,406.35
74218,406.34
74219,406.40
74220,406.35
74221,406.37
74222,406.33
74223,406.30
74224,406.32
74225,406.27
74226,406.23
74227,406.31
74228,406.23
74229,406.20
74230,406.21
74231,406.18
74232,406.23
74233,406.20
74234,406.17
74235,406.16
74236,406.08
74237,406.09
74238,406.23
74239,406.12
74240,406.19
74241,406.19
74242,406.11
74243,406.23
74244,406.09
74245,406.20
74246,406.15
74247,406.22
74248,406.08
74249,406.09
74250,406.08
74251,406.15
74252,406.12
74253,406.11
74254,406.08
74255,406.15
74256,406.11
74257,406.11
74258,406.09
74259,406.10
74260,406.14
74261,406.09
74262,406.12
74263,406.09
74264,406.09
74265,406.07
74266,406.11
74267,406.14
74268,406.08
74269,406.09
74270,406.10
74271,406.05
74272,406.12
74273,406.09
74274,406.12
74275,406.12
74276,406.11
74277,406.12
74278,406.18
74279,406.11
74280,406.17
74281,406.10
74282,406.13
74283,406.05
74284,406.21
74285,406.19
74286,406.14
74287,406.12
74288,406.18
74289,406.14
74290,406.14
74291,406.26
74292,406.13
74293,406.12
74294,406.13
74295,406.16
74296,406.09
74297,406.12
74298,406.14
74299,406.16
74300,406.20
74301,406.15
74302,406.12
74303,406.14
74304,406.19
74305,406.11
74306,406.09
74307,406.17
74308,406.06
74309,406.18
74310,406.11
74311,406.10
74312,406.28
74313,406.08
74314,406.10
74315,406.11
74316,406.11
74317,406.10
74318,406.15
74319,406.11
74320,406.09
74321,406.15
74322,406.13
74323,406.09
74324,406.13
74325,406.10
74326,406.15
74327,406.26
74328,406.10
74329,406.08
74330,406.05
74331,406.10
74332,406.19
74333,406.09
74334,406.06
74335,406.11
74336,406.18
74337,406.06
74338,406.04
74339,406.11
74340,406.08
74341,406.06
74342,406.14
74343,406.11
74344,406.13
74345,405.95
74346,406.04
74347,406.01
74348,406.02
74349,406.05
74350,406.05
74351,405.99
74352,406.01
74353,405.88
74354,405.99
74355,406.06
74356,405.97
74357,406.03
74358,405.96
74359,405.90
74360,405.98
74361,406.01
