NETCARE2015/data/raw/Flight6/CO2_POLAR6_20150411_R1_NETCARE.ict
34, 1001
Bozem, Heiko; Hoor, Peter
Institute for Atmospheric Physics, Johannes Gutenberg University, Mainz, Germany
CO2 mixing ratio from LI7200 CO2 analyzer
NETCARE Polar 6 Campaign 2015
1, 1
2015, 04, 11, 2015, 08, 12
1
Time_UTC, seconds
1
1
-9999.99
CO2_ppmv, ppmv
0
19
PI_CONTACT_INFO: Address: Johann-Joachim-Becherweg 21, 55128 Mainz, email: bozemh@uni-mainz.de; hoor@uni-mainz.de
PLATFORM: Polar 6
LOCATION: GPS location and altitude available at 1 Hz resolution in separate file (See AIMMS files under Aircraft data and meteorology)
ASSOCIATED_DATA: N/A
INSTRUMENT_INFO: CO2 measurements based on non-dispersive infrared absorption spectroscopy
DATA_INFO: Units are ppmv
UNCERTAINTY: UNCERTAINTY RELATIVE TO STANDARD: 1.71 ppmv at 1 sigma confidence (before drift correction is applied)
ULOD_FLAG: -7777
ULOD_VALUE: 3000
LLOD_FLAG: -8888
LLOD_VALUE: N/A 
DM_CONTACT_INFO: N/A
PROJECT_INFO: NETCARE Polar 6 aircraft campaign in April 2015; Eureka
STIPULATIONS_ON_USE: N/A
OTHER_COMMENTS: N/A
REVISION: R1
R0: Preliminary data, corrected for instrument drift
R1: Final data, corrected for instrument drift
Time_UTC,CO2_ppmv
[from data line 3611]
61059,404.92
61060,404.84
61061,404.96
61062,405.03
61063,405.20
61064,405.30
61065,405.18
61066,405.00
61067,404.91
61068,404.80
61069,404.87
61070,404.80
61071,404.77
61072,404.70
61073,404.71
61074,404.65
61075,404.72
61076,404.59
61077,404.66
61078,404.51
61079,404.38
61080,404.38
61081,404.32
61082,404.35
61083,404.16
61084,404.09
61085,403.98
61086,404.00
61087,403.96
61088,404.09
61089,403.97
61090,404.03
61091,404.03
61092,404.03
61093,403.97
61094,404.04
61095,404.01
61096,404.03
61097,404.01
61098,404.03
61099,404.08
61100,403.99
61101,404.13
61102,404.10
61103,404.32
61104,404.28
61105,404.37
61106,404.39
61107,404.55
61108,404.76
61109,405.10
61110,405.09
61111,405.15
61112,405.31
61113,405.59
61114,405.58
61115,405.82
61116,406.24
61117,406.62
61118,406.65
61119,406.59
61120,406.50
61121,406.49
61122,406.49
61123,406.58
61124,406.41
61125,406.53
61126,406.43
61127,406.57
61128,406.58
61129,406.44
61130,406.46
61131,406.42
61132,406.36
61133,406.24
61134,406.33
61135,406.29
61136,406.33
61137,406.30
61138,406.26
61139,406.29
61140,406.28
61141,406.33
61142,406.20
61143,406.32
61144,406.29
61145,406.32
61146,406.29
61147,406.30
61148,406.27
61149,406.32
61150,406.24
61151,406.24
61152,406.16
61153,406.08
61154,406.20
61155,406.11
61156,406.00
61157,405.98
61158,406.04
61159,406.13
61160,406.31
61161,406.24
61162,406.09
61163,406.03
61164,406.08
61165,405.99
61166,406.04
61167,406.23
61168,406.09
61169,406.03
61170,406.01
61171,406.05
61172,406.25
61173,406.24
61174,406.21
61175,406.22
61176,406.34
61177,406.23
61178,406.34
61179,406.30
61180,406.17
61181,406.41
61182,406.53
61183,406.45
61184,406.47
61185,406.39
61186,406.14
61187,405.98
61188,405.92
61189,405.90
61190,405.83
61191,405.63
61192,405.61
61193,405.46
61194,405.42
61195,405.47
61196,405.34
61197,405.41
61198,405.31
61199,405.38
61200,405.47
61201,405.46
61202,405.70
61203,405.82
61204,405.60
61205,405.75
61206,405.72
61207,405.65
61208,405.65
61209,405.53
61210,405.60
61211,405.60
61212,405.50
61213,405.38
61214,405.24
61215,405.16
61216,405.16
61217,405.16
61218,404.99
61219,405.10
61220,404.97
61221,405.21
61222,405.13
61223,405.25
61224,405.21
61225,405.29
61226,405.26
61227,405.25
61228,405.28
61229,405.35
61230,405.32
61231,405.31
61232,405.20
61233,405.19
61234,405.24
61235,405.31
61236,405.26
61237,405.30
61238,405.35
61239,405.27
61240,405.29
61241,405.30
61242,405.18
61243,405.17
61244,405.33
61245,405.38
61246,405.29
61247,405.28
61248,405.32
61249,405.44
61250,405.44
61251,405.26
61252,405.31
61253,405.40
61254,405.38
61255,405.53
61256,405.48
61257,405.39
61258,405.41
61259,405.49
61260,405.48
61261,405.44
61262,405.45
61263,405.44
61264,405.45
61265,405.46
61266,405.48
61267,405.53
61268,405.56
61269,405.50
61270,405.46
61271,405.49
61272,405.49
61273,405.55
61274,405.58
61275,405.54
61276,405.50
61277,405.28
61278,404.98
61279,404.88
61280,404.95
61281,404.85
61282,404.86
61283,404.93
61284,404.83
61285,404.86
61286,404.83
61287,404.92
61288,404.87
61289,404.86
61290,404.83
61291,404.89
61292,404.84
61293,404.89
61294,404.94
61295,404.88
61296,404.90
61297,404.97
61298,404.85
61299,404.87
61300,404.98
61301,404.86
61302,404.87
61303,404.90
61304,404.93
61305,404.94
61306,404.81
61307,404.84
61308,404.91
61309,404.94
61310,404.76
61311,404.92
61312,404.88
61313,404.83
61314,404.90
61315,405.05
61316,405.03
61317,405.26
61318,405.47
61319,406.12
61320,406.26
61321,406.69
61322,406.81
61323,406.87
61324,406.86
61325,406.80
61326,406.85
61327,406.70
61328,406.63
61329,406.55
61330,406.53
61331,406.67
61332,406.40
61333,406.40
61334,406.60
61335,405.97
61336,405.79
61337,405.67
61338,405.61
61339,405.66
61340,405.53
61341,405.40
61342,405.55
61343,406.18
61344,406.11
61345,405.54
61346,405.18
61347,405.72
61348,406.64
61349,406.83
61350,406.74
61351,406.90
61352,406.90
61353,406.93
61354,406.82
61355,406.22
61356,405.23
61357,405.31
61358,405.32
61359,405.28
61360,405.15
61361,405.44
61362,406.11
61363,406.40
61364,406.22
61365,405.92
61366,405.17
61367,404.98
61368,405.30
61369,404.98
61370,404.69
61371,404.83
61372,405.14
61373,405.79
61374,405.17
61375,404.72
61376,404.67
61377,404.85
61378,404.90
61379,405.42
61380,405.46
61381,405.64
61382,405.42
61383,405.51
61384,406.05
61385,405.75
61386,405.68
61387,405.35
61388,405.22
61389,405.14
61390,405.19
61391,405.26
61392,405.09
61393,405.09
61394,405.28
61395,405.25
61396,405.34
61397,405.36
61398,405.26
61399,405.20
61400,405.58
61401,405.71
61402,405.41
61403,405.33
61404,405.56
61405,405.20
61406,405.04
61407,404.97
61408,404.59
61409,404.75
61410,404.76
61411,404.57
61412,404.48
61413,404.60
61414,404.67
61415,404.76
61416,404.67
61417,404.80
61418,404.83
61419,404.83
61420,404.79
61421,404.73
61422,404.80
61423,404.78
61424,404.81
61425,404.82
61426,404.72
61427,404.82
61428,404.73
61429,404.79
61430,404.75
61431,404.83
61432,404.80
61433,404.74
61434,404.66
61435,404.84
61436,404.80
61437,404.83
61438,404.75
61439,404.82
61440,404.77
61441,404.82
61442,404.77
61443,404.78
61444,404.85
61445,404.82
61446,404.91
61447,404.79
61448,404.95
61449,404.92
61450,404.94
61451,404.91
61452,404.88
61453,404.94
61454,404.92
61455,404.95
61456,405.04
61457,404.98
61458,405.11
61459,405.09
61460,405.19
61461,405.17
61462,405.13
61463,405.06
61464,405.21
61465,405.22
61466,405.19
61467,405.13
61468,405.31
61469,405.29
61470,405.21
61471,405.15
61472,405.17
61473,405.28
61474,405.30
61475,405.28
61476,405.26
61477,405.38
61478,405.30
61479,405.27
61480,405.28
61481,405.35
61482,405.30
61483,405.30
61484,405.33
61485,405.23
61486,405.38
61487,405.32
61488,405.23
61489,405.31
61490,405.38
61491,405.34
61492,405.34
61493,405.34
61494,405.34
61495,405.31
61496,405.37
61497,405.34
61498,405.35
61499,405.42
61500,405.41
61501,405.46
61502,405.52
61503,405.49
61504,405.40
61505,405.44
61506,405.40
61507,405.23
61508,405.29
61509,404.98
61510,404.61
61511,404.49
61512,404.66
61513,404.88
61514,405.00
61515,404.97
61516,404.89
61517,404.86
61518,404.80
61519,404.69
61520,404.81
61521,404.75
61522,404.82
61523,404.92
61524,404.92
61525,404.85
61526,405.03
61527,404.97
61528,405.21
61529,405.43
61530,405.42
61531,405.57
61532,405.58
61533,405.63
61534,405.77
61535,405.73
61536,405.74
61537,405.66
61538,405.82
61539,405.89
61540,405.78
61541,405.88
61542,405.93
61543,405.99
61544,405.97
61545,405.85
61546,405.92
61547,406.15
61548,406.14
61549,406.05
61550,406.00
61551,406.05
61552,406.19
61553,406.10
61554,406.04
61555,406.05
61556,406.04
61557,406.02
61558,406.01
61559,405.97
61560,405.97
61561,405.97
61562,406.00
61563,405.98
61564,406.01
61565,406.01
61566,406.03
61567,406.06
61568,405.99
61569,406.12
61570,406.19
61571,406.18
61572,406.28
61573,406.43
61574,406.69
61575,406.74
61576,406.74
61577,406.75
61578,406.74
61579,406.75
61580,406.78
61581,406.85
61582,406.89
61583,407.04
61584,407.10
61585,407.23
61586,407.21
61587,407.22
61588,407.19
61589,407.14
61590,407.11
61591,407.14
61592,406.94
61593,406.72
61594,406.66
61595,406.58
61596,406.36
61597,406.25
61598,406.20
61599,405.86
61600,405.49
61601,405.35
61602,405.29
61603,405.28
61604,405.20
61605,405.25
61606,405.32
61607,405.34
61608,405.32
61609,405.34
61610,405.23
61611,405.30
61612,405.27
61613,405.28
61614,405.21
61615,405.28
61616,405.30
61617,405.33
61618,405.31
61619,405.28
61620,405.26
61621,405.43
61622,405.50
61623,405.91
61624,406.16
61625,406.33
61626,406.43
61627,406.64
61628,406.81
61629,406.66
61630,406.68
61631,406.67
61632,406.57
61633,406.56
61634,406.47
61635,406.54
61636,406.37
61637,406.24
61638,405.90
61639,405.72
61640,405.50
61641,405.50
61642,405.58
61643,405.51
61644,405.56
61645,405.48
61646,405.37
61647,405.28
61648,405.17
61649,405.24
61650,405.26
61651,405.24
61652,405.21
61653,405.31
61654,405.27
61655,405.22
61656,405.17
61657,405.26
61658,405.30
61659,405.31
61660,405.21
61661,405.26
61662,405.23
61663,405.26
61664,405.26
61665,405.25
61666,405.26
61667,405.23
61668,405.29
61669,405.32
61670,405.21
61671,405.18
61672,405.30
61673,405.17
61674,405.12
61675,405.23
61676,405.21
61677,405.16
61678,405.29
61679,405.18
61680,405.25
61681,405.21
61682,405.26
61683,405.18
61684,405.17
61685,405.20
61686,405.13
61687,405.21
61688,405.27
61689,405.19
61690,405.18
61691,405.23
61692,405.21
61693,405.29
61694,405.27
61695,405.26
61696,405.20
61697,405.17
61698,405.21
61699,405.37
61700,405.26
61701,405.30
61702,405.27
61703,405.33
61704,405.24
61705,405.39
61706,405.31
61707,405.32
61708,405.27
61709,405.24
61710,405.33
61711,405.30
61712,405.28
61713,405.21
61714,405.32
61715,405.28
61716,405.23
61717,405.29
61718,405.37
61719,405.21
61720,405.20
61721,405.18
61722,405.32
61723,405.44
61724,405.31
61725,405.27
61726,405.28
61727,405.28
61728,405.34
61729,405.35
61730,405.38
61731,405.47
61732,405.38
61733,405.48
61734,405.50
61735,405.50
61736,405.40
61737,405.32
61738,405.42
61739,405.66
61740,405.56
61741,405.59
61742,405.55
61743,405.66
61744,405.51
61745,405.62
61746,405.57
61747,405.57
61748,405.60
61749,405.61
61750,405.60
61751,405.55
61752,405.58
61753,405.60
61754,405.64
61755,405.65
61756,405.66
61757,405.60
61758,405.61
61759,405.66
61760,405.71
61761,405.59
61762,405.67
61763,405.68
61764,405.65
61765,405.67
61766,405.57
61767,405.57
61768,405.61
61769,405.65
61770,405.65
61771,405.54
61772,405.68
61773,405.66
61774,405.67
61775,405.56
61776,405.67
61777,405.61
61778,405.69
61779,405.70
61780,405.69
61781,405.76
61782,405.78
61783,405.66
61784,405.70
61785,405.64
61786,405.63
61787,405.74
61788,405.72
61789,405.64
61790,405.69
61791,405.65
61792,405.70
61793,405.66
61794,405.69
61795,405.65
61796,405.66
61797,405.74
61798,405.72
61799,405.73
61800,405.75
61801,405.77
61802,405.74
61803,405.80
61804,405.80
61805,405.72
61806,405.77
61807,405.75
61808,405.72
61809,405.65
61810,405.77
61811,405.79
61812,405.82
61813,405.85
61814,405.88
61815,405.73
61816,405.94
61817,405.87
61818,405.83
61819,405.75
61820,405.80
61821,405.76
61822,405.88
61823,405.83
61824,405.93
61825,405.89
61826,405.80
61827,405.82
61828,405.81
61829,405.89
61830,405.72
61831,405.78
61832,405.76
61833,405.86
61834,405.88
61835,405.85
61836,405.82
61837,405.86
61838,406.02
61839,406.01
61840,406.00
61841,405.84
61842,405.96
61843,405.93
61844,405.90
61845,405.86
61846,405.93
61847,405.91
61848,405.92
61849,405.89
61850,405.92
61851,405.82
61852,405.98
61853,405.86
61854,405.87
61855,405.92
61856,405.83
61857,405.76
61858,405.73
61859,405.70
61860,405.66
61861,405.56
61862,405.50
61863,405.45
61864,405.35
61865,405.39
61866,405.39
61867,405.33
61868,405.43
61869,405.32
61870,405.87
61871,405.54
61872,405.47
61873,405.71
61874,405.52
61875,405.36
61876,405.60
61877,405.56
61878,405.69
61879,405.63
61880,405.51
61881,405.48
61882,405.52
61883,405.53
61884,405.66
61885,405.65
61886,405.61
61887,405.60
61888,405.71
61889,405.67
61890,405.66
61891,405.59
61892,405.59
61893,405.72
61894,405.69
61895,405.62
61896,405.54
61897,405.55
61898,405.65
61899,405.70
61900,405.67
61901,405.58
61902,405.51
61903,405.71
61904,405.76
61905,405.72
61906,405.65
61907,405.60
61908,405.66
61909,405.58
61910,405.60
61911,405.64
61912,405.61
61913,405.69
61914,405.69
61915,405.60
61916,405.55
61917,405.54
61918,405.62
61919,405.55
61920,405.65
61921,405.57
61922,405.59
61923,405.56
61924,405.64
61925,405.54
61926,405.59
61927,405.62
61928,405.65
61929,405.61
61930,405.63
61931,405.64
61932,405.60
61933,405.48
61934,405.59
61935,405.60
61936,405.59
61937,405.59
61938,405.53
61939,405.54
61940,405.55
61941,405.42
61942,405.60
61943,405.51
61944,405.48
61945,405.60
61946,405.57
61947,-9999.99
61948,-9999.99
61949,-9999.99
61950,-9999.99
61951,-9999.99
61952,-9999.99
61953,-9999.99
61954,-9999.99
61955,-9999.99
61956,-9999.99
61957,-9999.99
61958,-9999.99
61959,-9999.99
61960,-9999.99
61961,-9999.99
61962,-9999.99
61963,-9999.99
61964,-9999.99
61965,-9999.99
61966,-9999.99
61967,-9999.99
61968,-9999.99
61969,-9999.99
61970,-9999.99
61971,-9999.99
61972,-9999.99
61973,-9999.99
61974,-9999.99
61975,-9999.99
61976,-9999.99
61977,-9999.99
61978,-9999.99
61979,-9999.99
61980,-9999.99
61981,-9999.99
61982,-9999.99
61983,-9999.99
61984,-9999.99
61985,-9999.99
61986,-9999.99
61987,-9999.99
61988,-9999.99
61989,-9999.99
61990,-9999.99
61991,-9999.99
61992,-9999.99
61993,-9999.99
61994,-9999.99
61995,-9999.99
61996,-9999.99
61997,-9999.99
61998,-9999.99
61999,-9999.99
62000,-9999.99
62001,-9999.99
62002,-9999.99
62003,-9999.99
62004,-9999.99
62005,-9999.99
62006,-9999.99
62007,-9999.99
62008,-9999.99
62009,-9999.99
62010,-9999.99
62011,-9999.99
62012,-9999.99
62013,-9999.99
62014,-9999.99
62015,-9999.99
62016,-9999.99
62017,-9999.99
62018,-9999.99
62019,-9999.99
62020,-9999.99
62021,-9999.99
62022,-9999.99
62023,-9999.99
62024,-9999.99
62025,-9999.99
62026,-9999.99
62027,-9999.99
62028,-9999.99
62029,-9999.99
62030,-9999.99
62031,-9999.99
62032,-9999.99
62033,-9999.99
62034,-9999.99
62035,-9999.99
62036,-9999.99
62037,-9999.99
62038,-9999.99
62039,-9999.99
62040,-9999.99
62041,-9999.99
62042,-9999.99
62043,-9999.99
62044,-9999.99
62045,-9999.99
62046,-9999.99
62047,-9999.99
62048,-9999.99
62049,-9999.99
62050,-9999.99
62051,-9999.99
62052,-9999.99
62053,-9999.99
62054,-9999.99
62055,-9999.99
62056,-9999.99
62057,-9999.99
62058,-9999.99
62059,-9999.99
62060,-9999.99
62061,-9999.99
62062,-9999.99
62063,-9999.99
62064,-9999.99
62065,-9999.99
62066,-9999.99
62067,-9999.99
62068,-9999.99
62069,-9999.99
62070,-9999.99
62071,-9999.99
62072,-9999.99
62073,-9999.99
62074,-9999.99
62075,-9999.99
62076,-9999.99
62077,-9999.99
62078,-9999.99
62079,-9999.99
62080,-9999.99
62081,-9999.99
62082,-9999.99
62083,-9999.99
62084,-9999.99
62085,-9999.99
62086,-9999.99
62087,-9999.99
62088,-9999.99
62089,-9999.99
62090,-9999.99
62091,-9999.99
62092,-9999.99
62093,-9999.99
62094,-9999.99
62095,-9999.99
62096,-9999.99
62097,-9999.99
62098,-9999.99
62099,-9999.99
62100,-9999.99
62101,-9999.99
62102,-9999.99
62103,-9999.99
62104,-9999.99
62105,-9999.99
62106,-9999.99
62107,-9999.99
62108,-9999.99
62109,-9999.99
62110,-9999.99
62111,-9999.99
62112,-9999.99
62113,-9999.99
62114,-9999.99
62115,-9999.99
62116,-9999.99
62117,405.33
62118,405.33
62119,405.43
62120,405.41
62121,405.50
62122,405.41
62123,405.37
62124,405.37
62125,405.42
62126,405.33
62127,405.40
62128,405.43
62129,405.43
62130,405.41
62131,405.44
62132,405.33
62133,405.35
62134,405.37
62135,405.33
62136,405.32
62137,405.32
62138,405.37
62139,405.31
62140,405.39
62141,405.40
62142,405.38
62143,405.40
62144,405.39
62145,405.52
62146,405.38
62147,405.47
62148,405.43
62149,405.46
62150,405.40
62151,405.50
62152,405.60
62153,405.43
62154,405.48
62155,405.39
62156,405.54
62157,405.52
62158,405.61
62159,405.52
62160,405.56
62161,405.58
62162,405.54
62163,405.56
62164,405.52
62165,405.60
62166,405.56
62167,405.56
62168,405.58
62169,405.57
62170,405.47
62171,405.51
62172,405.54
62173,405.60
62174,405.55
62175,405.57
62176,405.56
62177,405.53
62178,405.62
62179,405.62
62180,405.60
62181,405.62
62182,405.65
62183,405.65
62184,405.67
62185,405.65
62186,405.65
62187,405.61
62188,405.67
62189,405.62
62190,405.63
62191,405.61
62192,405.67
62193,405.67
62194,405.65
62195,405.67
62196,405.61
62197,405.71
62198,405.61
62199,405.60
62200,405.65
62201,405.65
62202,405.69
62203,405.63
62204,405.61
62205,405.54
62206,405.69
62207,405.66
62208,405.64
62209,405.60
62210,405.75
62211,405.60
62212,405.73
62213,405.65
62214,405.70
62215,405.66
62216,405.73
62217,405.63
62218,405.68
62219,405.71
62220,405.65
62221,405.63
62222,405.60
62223,405.66
62224,405.66
62225,405.69
62226,405.58
62227,405.59
62228,405.55
62229,405.64
62230,405.61
62231,405.63
62232,405.60
62233,405.66
62234,405.67
62235,405.60
62236,405.63
62237,405.72
62238,405.72
62239,405.63
62240,405.67
62241,405.68
62242,405.75
62243,405.61
62244,405.65
62245,405.62
62246,405.58
62247,405.64
62248,405.74
62249,405.61
62250,405.67
62251,405.73
62252,405.74
62253,405.79
62254,405.65
62255,405.72
62256,405.77
62257,405.69
62258,405.67
62259,405.73
62260,405.84
62261,405.79
62262,405.75
