NETCARE2015/data/raw/Flight6/CO2_POLAR6_20150411_R1_NETCARE.ict
34, 1001
Bozem, Heiko; Hoor, Peter
Institute for Atmospheric Physics, Johannes Gutenberg University, Mainz, Germany
CO2 mixing ratio from LI7200 CO2 analyzer
NETCARE Polar 6 Campaign 2015
1, 1
2015, 04, 11, 2015, 08, 12
1
Time_UTC, seconds
1
1
-9999.99
CO2_ppmv, ppmv
0
19
PI_CONTACT_INFO: Address: Johann-Joachim-Becherweg 21, 55128 Mainz, email: bozemh@uni-mainz.de; hoor@uni-mainz.de
PLATFORM: Polar 6
LOCATION: GPS location and altitude available at 1 Hz resolution in separate file (See AIMMS files under Aircraft data and meteorology)
ASSOCIATED_DATA: N/A
INSTRUMENT_INFO: CO2 measurements based on non-dispersive infrared absorption spectroscopy
DATA_INFO: Units are ppmv
UNCERTAINTY: UNCERTAINTY RELATIVE TO STANDARD: 1.71 ppmv at 1 sigma confidence (before drift correction is applied)
ULOD_FLAG: -7777
ULOD_VALUE: 3000
LLOD_FLAG: -8888
LLOD_VALUE: N/A 
DM_CONTACT_INFO: N/A
PROJECT_INFO: NETCARE Polar 6 aircraft campaign in April 2015; Eureka
STIPULATIONS_ON_USE: N/A
OTHER_COMMENTS: N/A
REVISION: R1
R0: Preliminary data, corrected for instrument drift
R1: Final data, corrected for instrument drift
Time_UTC,CO2_ppmv
[from data line 16915]
74363,405.87
74364,405.89
74365,405.86
74366,405.92
74367,405.96
74368,405.92
74369,405.89
74370,405.86
74371,405.98
74372,405.98
74373,405.93
74374,405.94
74375,405.94
74376,405.92
74377,405.97
74378,405.92
74379,405.98
74380,405.97
74381,406.00
74382,405.99
74383,405.89
74384,405.97
74385,405.93
74386,405.89
74387,405.97
74388,405.99
74389,405.95
74390,406.03
74391,405.90
74392,405.99
74393,405.88
74394,406.01
74395,405.94
74396,405.91
74397,405.95
74398,405.98
74399,405.99
74400,405.95
74401,406.01
74402,405.98
74403,406.00
74404,406.02
74405,405.98
74406,405.97
74407,405.87
74408,405.95
74409,406.03
74410,406.01
74411,406.03
74412,405.95
74413,405.91
74414,405.96
74415,406.05
74416,406.02
74417,405.94
74418,405.91
74419,405.89
74420,405.90
74421,406.09
74422,405.94
74423,405.99
74424,405.98
74425,405.96
74426,406.04
74427,406.05
74428,406.05
74429,405.99
74430,406.03
74431,406.05
74432,406.08
74433,406.02
74434,406.08
74435,406.02
74436,406.04
74437,405.91
74438,406.05
74439,406.08
74440,406.10
74441,405.98
74442,406.03
74443,406.05
74444,406.11
74445,406.10
74446,406.07
74447,406.04
74448,406.06
74449,406.08
74450,406.04
74451,406.11
74452,405.97
74453,406.02
74454,406.11
74455,406.11
74456,406.02
74457,406.10
74458,406.04
74459,405.95
74460,406.03
74461,405.95
74462,406.04
74463,406.03
74464,405.99
74465,406.05
74466,405.98
74467,406.01
74468,406.05
74469,406.00
74470,405.99
74471,406.04
74472,405.89
74473,405.98
74474,406.04
74475,405.97
74476,406.01
74477,405.96
74478,405.96
74479,406.06
74480,405.98
74481,405.96
74482,406.01
74483,406.01
74484,405.93
74485,406.06
74486,406.03
74487,405.98
74488,406.04
74489,406.02
74490,405.96
74491,406.00
74492,406.00
74493,405.98
74494,405.98
74495,406.02
74496,405.99
74497,406.03
74498,405.97
74499,406.01
74500,405.96
74501,405.91
74502,405.99
74503,405.97
74504,406.08
74505,405.93
74506,406.03
74507,406.03
74508,406.05
74509,406.02
74510,405.97
74511,405.98
74512,405.92
74513,406.04
74514,405.98
74515,405.97
74516,405.90
74517,406.00
74518,406.09
74519,405.94
74520,406.05
74521,405.98
74522,405.99
74523,406.06
74524,405.97
74525,405.94
74526,405.91
74527,405.94
74528,405.98
74529,406.01
74530,405.89
74531,405.91
74532,405.92
74533,405.94
74534,405.97
74535,405.92
74536,405.91
74537,405.87
74538,405.98
74539,405.95
74540,405.92
74541,405.86
74542,405.87
74543,405.91
74544,405.90
74545,405.92
74546,405.89
74547,405.85
74548,405.88
74549,405.97
74550,405.87
74551,405.95
74552,405.89
74553,405.92
74554,405.89
74555,405.91
74556,405.88
74557,405.99
74558,405.95
74559,405.89
74560,405.90
74561,405.94
74562,405.95
74563,405.86
74564,405.99
74565,405.90
74566,405.92
74567,405.88
74568,405.88
74569,405.98
74570,405.98
74571,405.87
74572,405.89
74573,405.92
74574,405.96
74575,405.94
74576,405.96
74577,405.91
74578,405.94
74579,405.89
74580,405.92
74581,405.89
74582,405.88
74583,405.90
74584,405.90
74585,405.93
74586,405.90
74587,405.92
74588,405.90
74589,405.93
74590,405.88
74591,405.79
74592,405.93
74593,406.00
74594,405.97
74595,405.94
74596,405.96
74597,405.83
74598,405.91
74599,405.96
74600,405.92
74601,405.92
74602,405.96
74603,405.95
74604,405.91
74605,405.79
74606,405.91
74607,405.95
74608,405.97
74609,405.85
74610,405.88
74611,405.89
74612,405.92
74613,406.00
74614,405.92
74615,405.90
74616,405.90
74617,405.93
74618,405.93
74619,405.91
74620,405.92
74621,405.85
74622,405.88
74623,405.85
74624,405.81
74625,405.87
74626,405.92
74627,406.02
74628,405.90
74629,405.87
74630,406.04
74631,405.95
74632,405.65
74633,406.01
74634,405.83
74635,405.81
74636,405.84
74637,405.85
74638,405.99
74639,405.88
74640,405.83
74641,405.88
74642,405.93
74643,405.89
74644,405.95
74645,405.81
74646,405.86
74647,405.90
74648,405.96
74649,405.94
74650,405.92
74651,405.86
74652,405.88
74653,405.94
74654,405.90
74655,405.98
74656,405.89
74657,405.89
74658,405.88
74659,405.95
74660,405.92
74661,405.82
74662,405.90
74663,405.90
74664,405.83
74665,405.98
74666,405.93
74667,405.88
74668,405.83
74669,405.90
74670,405.94
74671,405.85
74672,405.94
74673,405.81
74674,405.91
74675,405.92
74676,405.86
74677,405.91
74678,405.92
74679,405.88
74680,406.03
74681,405.94
74682,405.99
74683,405.85
74684,405.91
74685,405.88
74686,405.88
74687,405.98
74688,405.94
74689,406.04
74690,405.93
74691,405.97
74692,405.88
74693,406.00
74694,405.92
74695,406.06
74696,405.92
74697,405.94
74698,405.92
74699,406.00
74700,405.99
74701,405.95
74702,405.98
74703,405.89
74704,405.97
74705,406.01
74706,405.99
74707,405.84
74708,406.00
74709,406.00
74710,405.94
74711,405.98
74712,405.97
74713,405.99
74714,406.04
74715,405.91
74716,405.98
74717,406.05
74718,405.87
74719,406.08
74720,406.00
74721,405.96
74722,405.87
74723,406.04
74724,405.93
74725,405.96
74726,406.07
74727,405.98
74728,406.02
74729,405.94
74730,406.02
74731,406.09
74732,406.00
74733,406.02
74734,406.03
74735,406.00
74736,406.03
74737,406.08
74738,406.00
74739,406.02
74740,406.12
74741,406.00
74742,405.89
74743,406.00
74744,406.05
74745,-9999.99
74746,-9999.99
74747,-9999.99
74748,-9999.99
74749,-9999.99
74750,-9999.99
74751,-9999.99
74752,-9999.99
74753,-9999.99
74754,-9999.99
74755,-9999.99
74756,-9999.99
74757,-9999.99
74758,-9999.99
74759,-9999.99
74760,-9999.99
74761,-9999.99
74762,-9999.99
74763,-9999.99
74764,-9999.99
74765,-9999.99
74766,-9999.99
74767,-9999.99
74768,-9999.99
74769,-9999.99
74770,-9999.99
74771,-9999.99
74772,-9999.99
74773,-9999.99
74774,-9999.99
74775,-9999.99
74776,-9999.99
74777,-9999.99
74778,-9999.99
74779,-9999.99
74780,-9999.99
74781,-9999.99
74782,-9999.99
74783,-9999.99
74784,-9999.99
74785,-9999.99
74786,-9999.99
74787,-9999.99
74788,-9999.99
74789,-9999.99
74790,-9999.99
74791,-9999.99
74792,-9999.99
74793,-9999.99
74794,-9999.99
74795,-9999.99
74796,-9999.99
74797,-9999.99
74798,-9999.99
74799,-9999.99
74800,-9999.99
74801,-9999.99
74802,-9999.99
74803,-9999.99
74804,-9999.99
74805,-9999.99
74806,-9999.99
74807,-9999.99
74808,-9999.99
74809,-9999.99
74810,-9999.99
74811,-9999.99
74812,-9999.99
74813,-9999.99
74814,-9999.99
74815,-9999.99
74816,-9999.99
74817,-9999.99
74818,-9999.99
74819,-9999.99
74820,-9999.99
74821,-9999.99
74822,-9999.99
74823,-9999.99
74824,-9999.99
74825,-9999.99
74826,-9999.99
74827,-9999.99
74828,-9999.99
74829,-9999.99
74830,-9999.99
74831,-9999.99
74832,-9999.99
74833,-9999.99
74834,-9999.99
74835,-9999.99
74836,-9999.99
74837,-9999.99
74838,-9999.99
74839,-9999.99
74840,-9999.99
74841,-9999.99
74842,-9999.99
74843,-9999.99
74844,-9999.99
74845,-9999.99
74846,-9999.99
74847,-9999.99
74848,-9999.99
74849,-9999.99
74850,-9999.99
74851,-9999.99
74852,-9999.99
74853,-9999.99
74854,-9999.99
74855,-9999.99
74856,-9999.99
74857,-9999.99
74858,-9999.99
74859,-9999.99
74860,-9999.99
74861,-9999.99
74862,-9999.99
74863,-9999.99
74864,-9999.99
74865,-9999.99
74866,-9999.99
74867,-9999.99
74868,-9999.99
74869,-9999.99
74870,-9999.99
74871,-9999.99
74872,-9999.99
74873,-9999.99
74874,-9999.99
74875,-9999.99
74876,-9999.99
74877,-9999.99
74878,-9999.99
74879,-9999.99
74880,-9999.99
74881,-9999.99
74882,-9999.99
74883,-9999.99
74884,-9999.99
74885,-9999.99
74886,-9999.99
74887,-9999.99
74888,-9999.99
74889,-9999.99
74890,-9999.99
74891,-9999.99
74892,-9999.99
74893,-9999.99
74894,-9999.99
74895,-9999.99
74896,-9999.99
74897,-9999.99
74898,-9999.99
74899,-9999.99
74900,-9999.99
74901,-9999.99
74902,-9999.99
74903,-9999.99
74904,-9999.99
74905,-9999.99
74906,-9999.99
74907,-9999.99
74908,-9999.99
74909,-9999.99
74910,-9999.99
74911,-9999.99
74912,-9999.99
74913,-9999.99
74914,406.02
74915,406.14
74916,406.11
74917,406.08
74918,406.01
74919,406.03
74920,406.12
74921,406.24
74922,406.11
74923,406.07
74924,406.10
74925,406.17
74926,406.08
74927,406.04
74928,406.08
74929,406.17
74930,406.17
74931,406.03
74932,405.90
74933,406.13
74934,406.18
74935,406.12
74936,405.99
74937,406.02
74938,406.12
74939,406.11
74940,406.13
74941,406.12
74942,406.04
74943,406.00
74944,406.07
74945,406.13
74946,405.98
74947,406.16
74948,406.09
74949,406.04
74950,406.04
74951,406.10
74952,406.00
74953,406.06
74954,406.04
74955,406.13
74956,406.08
74957,406.13
74958,405.92
74959,406.04
74960,406.17
74961,406.06
74962,406.12
74963,405.92
74964,406.01
74965,406.08
74966,406.06
74967,406.11
74968,406.01
74969,406.00
74970,405.96
74971,406.19
74972,406.02
74973,406.18
74974,405.95
74975,406.07
74976,406.13
74977,406.03
74978,406.16
74979,405.93
74980,406.04
74981,406.14
74982,405.94
74983,406.03
74984,406.15
74985,406.09
74986,405.97
74987,406.19
74988,405.86
74989,406.21
74990,405.89
74991,405.96
74992,406.10
74993,406.13
74994,406.08
74995,406.10
74996,406.09
74997,406.00
74998,406.23
74999,406.09
75000,406.14
75001,405.97
75002,406.26
75003,406.10
75004,406.00
75005,405.97
75006,406.10
75007,406.18
75008,406.16
75009,406.13
75010,406.01
75011,405.92
75012,406.24
75013,406.13
75014,406.07
75015,405.96
75016,406.10
75017,406.07
75018,406.22
75019,406.01
75020,406.12
75021,406.05
75022,406.14
75023,406.01
75024,406.01
75025,406.12
75026,406.19
75027,406.01
75028,406.15
75029,406.04
75030,406.09
75031,406.19
75032,405.99
75033,406.18
75034,406.19
75035,405.94
75036,406.05
75037,406.11
75038,406.09
75039,406.05
75040,406.17
75041,405.99
75042,406.07
75043,406.06
75044,406.28
75045,406.14
75046,406.07
75047,406.09
75048,406.06
75049,406.11
75050,406.08
75051,406.09
75052,406.07
75053,406.10
75054,406.11
75055,406.12
75056,406.15
75057,406.06
75058,406.08
75059,406.24
75060,406.14
75061,406.14
75062,406.11
75063,406.08
75064,406.21
75065,406.03
75066,406.03
75067,406.14
75068,406.20
75069,406.12
75070,406.14
75071,406.09
75072,406.18
75073,406.09
75074,406.16
75075,406.07
75076,406.22
75077,406.12
75078,406.27
75079,406.17
75080,406.13
75081,406.16
75082,406.10
75083,406.19
75084,406.20
75085,406.17
75086,406.01
75087,406.15
75088,406.13
75089,406.23
75090,406.21
75091,406.18
75092,406.08
75093,406.18
75094,406.21
75095,406.06
75096,406.23
75097,406.12
75098,406.19
75099,406.15
75100,406.09
75101,406.30
75102,406.20
75103,406.16
75104,406.17
75105,406.13
75106,406.21
75107,406.23
75108,406.14
75109,406.20
75110,406.21
75111,406.05
75112,406.27
75113,406.13
75114,406.11
75115,406.29
75116,406.12
75117,406.18
75118,406.22
75119,406.23
75120,406.13
75121,406.12
75122,406.09
75123,406.21
75124,406.18
75125,406.24
75126,406.17
75127,406.24
75128,406.18
75129,406.19
75130,406.17
75131,406.22
75132,406.18
75133,406.13
75134,406.13
75135,406.21
75136,406.17
75137,406.29
75138,406.25
75139,406.30
75140,406.27
75141,406.19
75142,406.24
75143,406.27
75144,406.29
75145,406.23
75146,406.18
75147,406.29
75148,406.33
75149,406.24
75150,406.21
75151,406.31
75152,406.29
75153,406.20
75154,406.25
75155,406.19
75156,406.26
75157,406.28
75158,406.17
75159,406.24
75160,406.15
75161,406.30
75162,406.23
75163,406.27
75164,406.27
75165,406.18
75166,406.30
75167,406.17
75168,406.35
75169,406.24
75170,406.33
75171,406.27
75172,406.28
75173,406.25
75174,406.26
75175,406.30
75176,406.30
75177,406.29
75178,406.22
75179,406.26
75180,406.28
75181,406.25
75182,406.20
75183,406.30
75184,406.24
75185,406.27
75186,406.20
75187,406.23
75188,406.20
75189,406.28
75190,406.21
75191,406.24
75192,406.24
75193,406.23
75194,406.29
75195,406.21
75196,406.24
75197,406.15
75198,406.19
75199,406.20
75200,406.15
75201,406.29
75202,406.25
75203,406.26
75204,406.17
75205,406.25
75206,406.31
75207,406.22
75208,406.21
75209,406.21
75210,406.18
75211,406.19
75212,-9999.99
75213,-9999.99
75214,-9999.99
75215,406.21
75216,406.19
75217,406.23
75218,406.16
75219,406.20
75220,406.26
75221,406.22
75222,406.21
75223,406.25
75224,406.21
75225,406.18
75226,406.21
75227,406.18
75228,406.20
75229,406.20
75230,406.25
75231,406.18
75232,406.20
75233,406.20
75234,406.15
75235,406.14
75236,406.20
75237,406.13
75238,406.22
75239,406.21
75240,406.23
75241,406.23
75242,406.24
75243,406.22
75244,406.18
75245,406.12
75246,406.28
75247,406.16
75248,406.22
75249,406.24
75250,406.20
75251,406.11
75252,406.18
75253,406.15
75254,406.19
75255,406.15
75256,406.19
75257,406.19
75258,406.19
75259,406.20
75260,406.21
75261,406.12
75262,406.18
75263,406.19
75264,406.19
75265,406.25
75266,406.24
75267,406.20
75268,406.27
75269,406.19
75270,406.25
75271,406.16
75272,406.19
75273,406.29
75274,406.20
75275,406.26
75276,406.14
75277,406.20
75278,406.27
75279,406.22
75280,406.15
75281,406.26
75282,406.30
75283,406.21
75284,406.21
75285,406.18
75286,406.24
75287,406.21
75288,406.33
75289,406.22
75290,406.20
75291,406.18
75292,406.19
75293,406.23
75294,406.28
75295,406.26
75296,406.27
75297,406.22
75298,406.20
75299,406.17
75300,406.25
75301,406.25
75302,406.22
75303,406.25
75304,406.24
75305,406.20
75306,406.22
75307,406.24
75308,406.29
75309,406.23
75310,406.17
75311,406.24
75312,406.22
75313,406.23
75314,406.19
75315,406.27
75316,406.19
75317,406.18
75318,406.10
75319,406.24
75320,406.18
75321,406.21
75322,406.23
75323,406.19
75324,406.23
75325,406.19
75326,406.22
75327,406.23
75328,406.16
75329,406.21
75330,406.26
75331,406.18
75332,406.17
75333,406.19
75334,406.18
75335,406.23
75336,406.18
75337,406.20
75338,406.22
75339,406.21
75340,406.23
75341,406.16
75342,406.25
75343,406.26
75344,406.25
75345,406.17
75346,406.12
75347,406.28
75348,406.19
75349,406.21
75350,406.22
75351,406.32
75352,406.14
75353,406.21
75354,406.14
75355,406.30
75356,406.20
75357,406.23
75358,406.23
75359,406.22
75360,406.21
75361,406.14
75362,406.23
75363,406.22
75364,406.30
75365,406.26
75366,406.26
75367,406.36
75368,406.33
75369,406.28
75370,406.32
75371,406.38
75372,406.22
75373,406.27
75374,406.44
75375,406.31
75376,406.22
75377,406.27
75378,406.35
75379,406.32
75380,406.29
75381,406.29
75382,406.26
75383,406.33
75384,406.31
75385,406.27
75386,406.33
75387,406.39
75388,406.30
75389,406.29
75390,406.28
75391,406.32
75392,406.36
75393,406.31
75394,406.41
75395,406.33
75396,406.37
75397,406.38
75398,406.43
75399,406.34
75400,406.38
75401,406.38
75402,406.40
75403,406.35
75404,406.40
75405,406.24
75406,406.33
75407,406.27
75408,406.32
75409,406.12
75410,406.10
75411,406.17
75412,406.21
75413,406.19
75414,406.15
75415,406.14
75416,406.16
75417,406.19
75418,406.18
75419,406.10
75420,406.23
75421,406.12
75422,406.24
75423,406.16
75424,406.15
75425,406.06
75426,406.19
75427,406.22
75428,406.25
75429,406.16
75430,406.30
75431,406.24
75432,-9999.99
75433,-9999.99
75434,-9999.99
75435,-9999.99
75436,-9999.99
75437,-9999.99
75438,-9999.99
75439,-9999.99
75440,-9999.99
75441,-9999.99
75442,-9999.99
75443,-9999.99
75444,-9999.99
75445,-9999.99
75446,-9999.99
75447,-9999.99
75448,-9999.99
75449,-9999.99
75450,-9999.99
75451,-9999.99
75452,-9999.99
75453,-9999.99
75454,-9999.99
75455,-9999.99
75456,-9999.99
75457,-9999.99
75458,-9999.99
75459,-9999.99
75460,-9999.99
75461,-9999.99
75462,-9999.99
75463,-9999.99
75464,-9999.99
75465,-9999.99
75466,-9999.99
75467,-9999.99
75468,-9999.99
75469,-9999.99
75470,-9999.99
75471,-9999.99
75472,-9999.99
75473,-9999.99
75474,-9999.99
75475,-9999.99
75476,-9999.99
75477,-9999.99
75478,-9999.99
75479,-9999.99
75480,-9999.99
75481,-9999.99
75482,-9999.99
75483,-9999.99
75484,-9999.99
75485,-9999.99
75486,-9999.99
75487,-9999.99
75488,-9999.99
75489,-9999.99
75490,-9999.99
75491,-9999.99
75492,-9999.99
75493,-9999.99
75494,-9999.99
75495,-9999.99
75496,-9999.99
75497,-9999.99
75498,-9999.99
75499,-9999.99
75500,-9999.99
75501,-9999.99
75502,-9999.99
75503,-9999.99
75504,-9999.99
75505,-9999.99
75506,-9999.99
75507,-9999.99
75508,-9999.99
75509,-9999.99
75510,-9999.99
75511,-9999.99
75512,-9999.99
75513,-9999.99
75514,-9999.99
75515,-9999.99
75516,-9999.99
75517,-9999.99
75518,-9999.99
75519,-9999.99
75520,-9999.99
75521,-9999.99
75522,-9999.99
75523,-9999.99
75524,-9999.99
75525,-9999.99
75526,-9999.99
75527,-9999.99
75528,-9999.99
75529,-9999.99
75530,-9999.99
75531,-9999.99
75532,-9999.99
75533,-9999.99
75534,-9999.99
75535,-9999.99
75536,-9999.99
75537,-9999.99
75538,-9999.99
75539,-9999.99
75540,-9999.99
75541,-9999.99
75542,-9999.99
75543,-9999.99
75544,-9999.99
75545,-9999.99
75546,-9999.99
75547,-9999.99
