NETCARE2015/data/raw/Flight6/CO2_POLAR6_20150411_R1_NETCARE.ict
34, 1001
Bozem, Heiko; Hoor, Peter
Institute for Atmospheric Physics, Johannes Gutenberg University, Mainz, Germany
CO2 mixing ratio from LI7200 CO2 analyzer
NETCARE Polar 6 Campaign 2015
1, 1
2015, 04, 11, 2015, 08, 12
1
Time_UTC, seconds
1
1
-9999.99
CO2_ppmv, ppmv
0
19
PI_CONTACT_INFO: Address: Johann-Joachim-Becherweg 21, 55128 Mainz, email: bozemh@uni-mainz.de; hoor@uni-mainz.de
PLATFORM: Polar 6
LOCATION: GPS location and altitude available at 1 Hz resolution in separate file (See AIMMS files under Aircraft data and meteorology)
ASSOCIATED_DATA: N/A
INSTRUMENT_INFO: CO2 measurements based on non-dispersive infrared absorption spectroscopy
DATA_INFO: Units are ppmv
UNCERTAINTY: UNCERTAINTY RELATIVE TO STANDARD: 1.71 ppmv at 1 sigma confidence (before drift correction is applied)
ULOD_FLAG: -7777
ULOD_VALUE: 3000
LLOD_FLAG: -8888
LLOD_VALUE: N/A 
DM_CONTACT_INFO: N/A
PROJECT_INFO: NETCARE Polar 6 aircraft campaign in April 2015; Eureka
STIPULATIONS_ON_USE: N/A
OTHER_COMMENTS: N/A
REVISION: R1
R0: Preliminary data, corrected for instrument drift
R1: Final data, corrected for instrument drift
Time_UTC,CO2_ppmv
[from data line 9634]
67082,405.35
67083,405.26
67084,405.41
67085,405.35
67086,405.31
67087,405.28
67088,405.35
67089,405.32
67090,405.33
67091,405.38
67092,405.35
67093,405.37
67094,405.31
67095,405.45
67096,405.38
67097,405.43
67098,405.50
67099,405.51
67100,405.46
67101,405.43
67102,405.50
67103,405.54
67104,405.44
67105,405.44
67106,405.56
67107,405.50
67108,405.51
67109,405.40
67110,405.43
67111,405.44
67112,405.41
67113,405.44
67114,405.48
67115,405.41
67116,405.30
67117,405.39
67118,405.34
67119,405.34
67120,405.37
67121,405.24
67122,405.40
67123,405.32
67124,405.29
67125,405.38
67126,405.37
67127,405.33
67128,405.36
67129,405.36
67130,405.38
67131,405.34
67132,405.33
67133,405.36
67134,405.38
67135,405.40
67136,405.30
67137,405.33
67138,405.41
67139,405.37
67140,405.38
67141,405.34
67142,405.47
67143,405.38
67144,405.40
67145,405.45
67146,405.48
67147,405.46
67148,405.45
67149,405.48
67150,405.41
67151,405.49
67152,405.42
67153,405.36
67154,405.33
67155,405.44
67156,405.37
67157,405.39
67158,405.35
67159,405.32
67160,405.39
67161,405.44
67162,405.37
67163,405.37
67164,405.42
67165,405.41
67166,405.40
67167,405.41
67168,405.33
67169,405.53
67170,405.49
67171,405.45
67172,405.52
67173,405.49
67174,405.49
67175,405.49
67176,405.45
67177,405.49
67178,405.46
67179,405.49
67180,405.48
67181,405.43
67182,405.43
67183,405.42
67184,405.51
67185,405.43
67186,405.48
67187,405.52
67188,405.56
67189,405.46
67190,405.49
67191,405.59
67192,405.46
67193,405.44
67194,405.41
67195,405.49
67196,405.46
67197,405.40
67198,405.49
67199,405.48
67200,405.50
67201,405.39
67202,405.45
67203,405.49
67204,405.43
67205,405.37
67206,405.45
67207,405.48
67208,405.41
67209,405.48
67210,405.48
67211,405.50
67212,405.41
67213,405.42
67214,405.47
67215,405.38
67216,405.39
67217,405.37
67218,405.44
67219,405.47
67220,405.43
67221,405.38
67222,405.38
67223,405.37
67224,405.45
67225,405.37
67226,405.44
67227,405.36
67228,405.43
67229,405.43
67230,405.44
67231,405.39
67232,405.34
67233,405.46
67234,405.45
67235,405.41
67236,405.47
67237,405.47
67238,405.45
67239,405.54
67240,405.50
67241,405.51
67242,405.57
67243,405.52
67244,405.50
67245,405.46
67246,405.48
67247,405.45
67248,405.44
67249,405.53
67250,405.41
67251,405.40
67252,405.36
67253,405.44
67254,405.42
67255,405.36
67256,405.36
67257,405.33
67258,405.47
67259,405.42
67260,405.38
67261,405.48
67262,405.36
67263,405.34
67264,405.39
67265,405.40
67266,405.46
67267,405.46
67268,405.38
67269,405.39
67270,405.43
67271,405.37
67272,405.28
67273,405.38
67274,405.41
67275,405.30
67276,405.38
67277,405.35
67278,405.35
67279,405.40
67280,405.49
67281,405.40
67282,405.39
67283,405.40
67284,405.36
67285,405.47
67286,405.47
67287,405.35
67288,405.40
67289,405.46
67290,405.39
67291,405.33
67292,405.51
67293,405.35
67294,405.50
67295,405.40
67296,405.38
67297,405.36
67298,405.47
67299,405.47
67300,405.43
67301,405.35
67302,405.40
67303,405.40
67304,405.45
67305,405.41
67306,405.39
67307,405.36
67308,405.40
67309,405.43
67310,405.46
67311,405.42
67312,405.47
67313,405.40
67314,405.36
67315,405.43
67316,405.34
67317,405.39
67318,405.41
67319,405.44
67320,405.54
67321,405.54
67322,405.61
67323,405.54
67324,405.55
67325,405.58
67326,405.59
67327,405.57
67328,405.53
67329,405.49
67330,405.50
67331,405.55
67332,405.47
67333,405.57
67334,405.50
67335,405.59
67336,405.45
67337,405.55
67338,405.47
67339,405.51
67340,405.49
67341,405.49
67342,405.55
67343,405.58
67344,405.55
67345,405.56
67346,405.54
67347,405.58
67348,405.60
67349,405.57
67350,405.55
67351,405.54
67352,405.59
67353,405.59
67354,405.62
67355,405.66
67356,405.59
67357,405.69
67358,405.64
67359,405.63
67360,405.71
67361,405.63
67362,405.67
67363,405.72
67364,405.62
67365,405.66
67366,405.72
67367,405.67
67368,405.70
67369,405.72
67370,405.73
67371,405.79
67372,405.75
67373,405.79
67374,405.80
67375,405.85
67376,405.84
67377,405.85
67378,405.74
67379,405.75
67380,405.80
67381,405.81
67382,405.84
67383,405.82
67384,405.84
67385,405.86
67386,405.80
67387,405.88
67388,405.86
67389,405.78
67390,405.88
67391,405.86
67392,405.97
67393,405.76
67394,405.77
67395,405.81
67396,405.81
67397,405.73
67398,405.73
67399,405.64
67400,405.66
67401,405.65
67402,405.52
67403,405.60
67404,405.57
67405,405.50
67406,405.57
67407,405.49
67408,405.62
67409,405.57
67410,405.63
67411,405.68
67412,405.67
67413,405.69
67414,405.68
67415,405.64
67416,405.66
67417,405.75
67418,405.70
67419,405.72
67420,405.66
67421,405.70
67422,405.72
67423,405.71
67424,405.71
67425,405.63
67426,405.65
67427,405.64
67428,405.65
67429,405.66
67430,405.72
67431,405.66
67432,405.61
67433,405.53
67434,405.49
67435,405.51
67436,405.48
67437,405.55
67438,405.55
67439,405.45
67440,405.51
67441,405.48
67442,405.60
67443,405.50
67444,405.58
67445,405.47
67446,405.53
67447,405.50
67448,405.53
67449,405.59
67450,405.54
67451,405.59
67452,405.60
67453,405.50
67454,405.52
67455,405.50
67456,405.49
67457,405.54
67458,405.59
67459,405.46
67460,405.51
67461,405.51
67462,405.54
67463,405.56
67464,405.55
67465,405.53
67466,405.54
67467,405.58
67468,405.51
67469,405.55
67470,405.48
67471,405.54
67472,405.52
67473,405.53
67474,405.53
67475,405.50
67476,405.56
67477,405.54
67478,405.61
67479,405.59
67480,405.57
67481,405.49
67482,405.56
67483,405.53
67484,405.54
67485,405.57
67486,405.52
67487,405.64
67488,405.43
67489,405.63
67490,405.60
67491,405.55
67492,405.55
67493,405.54
67494,405.62
67495,405.52
67496,405.56
67497,405.50
67498,405.53
67499,405.53
67500,405.72
67501,405.81
67502,405.84
67503,405.87
67504,405.93
67505,405.91
67506,405.89
67507,405.88
67508,405.88
67509,405.85
67510,405.87
67511,405.87
67512,405.82
67513,405.78
67514,405.82
67515,405.79
67516,405.73
67517,405.73
67518,405.70
67519,405.77
67520,405.77
67521,405.74
67522,405.66
67523,405.71
67524,405.75
67525,405.69
67526,405.79
67527,405.71
67528,405.69
67529,405.73
67530,405.68
67531,405.65
67532,405.77
67533,405.74
67534,405.69
67535,405.78
67536,405.71
67537,405.66
67538,405.72
67539,405.77
67540,405.70
67541,405.69
67542,405.71
67543,405.68
67544,405.70
67545,405.71
67546,405.66
67547,405.78
67548,405.73
67549,405.73
67550,405.74
67551,405.76
67552,405.70
67553,405.81
67554,405.63
67555,405.77
67556,405.70
67557,405.67
67558,405.83
67559,405.82
67560,405.76
67561,405.85
67562,405.80
67563,405.88
67564,405.89
67565,405.95
67566,405.90
67567,405.86
67568,405.87
67569,405.94
67570,405.92
67571,405.87
67572,405.99
67573,406.00
67574,406.02
67575,405.97
67576,406.01
67577,406.09
67578,406.15
67579,406.09
67580,406.17
67581,406.06
67582,406.17
67583,406.14
67584,406.18
67585,406.17
67586,406.15
67587,406.16
67588,406.11
67589,406.14
67590,406.17
67591,406.18
67592,406.11
67593,406.11
67594,406.20
67595,406.18
67596,406.19
67597,406.15
67598,406.11
67599,406.20
67600,406.19
67601,406.13
67602,406.21
67603,406.15
67604,406.13
67605,406.16
67606,406.17
67607,406.15
67608,406.11
67609,406.19
67610,406.18
67611,406.21
67612,406.27
67613,406.10
67614,406.22
67615,406.18
67616,406.08
67617,406.16
67618,406.16
67619,406.12
67620,406.09
67621,406.21
67622,406.08
67623,406.11
67624,406.12
67625,406.10
67626,406.07
67627,406.12
67628,406.09
67629,406.09
67630,406.06
67631,406.10
67632,405.98
67633,406.00
67634,406.01
67635,406.01
67636,406.00
67637,406.00
67638,406.00
67639,405.97
67640,405.99
67641,405.93
67642,406.04
67643,406.02
67644,405.96
67645,405.98
67646,405.92
67647,405.92
67648,405.98
67649,405.99
67650,405.93
67651,405.92
67652,405.95
67653,405.93
67654,405.93
67655,405.93
67656,405.94
67657,405.96
67658,405.95
67659,405.92
67660,405.95
67661,405.92
67662,405.93
67663,405.99
67664,405.98
67665,405.91
67666,405.93
67667,405.93
67668,405.93
67669,405.89
67670,405.96
67671,405.92
67672,405.91
67673,405.94
67674,405.88
67675,405.99
67676,405.85
67677,405.86
67678,405.85
67679,405.85
67680,405.91
67681,405.85
67682,405.82
67683,405.89
67684,405.91
67685,405.80
67686,405.85
67687,405.78
67688,405.82
67689,405.77
67690,405.84
67691,405.76
67692,405.73
67693,405.71
67694,405.70
67695,405.76
67696,405.76
67697,405.69
67698,405.79
67699,405.76
67700,405.69
67701,405.77
67702,405.75
67703,405.79
67704,405.82
67705,405.75
67706,405.74
67707,405.74
67708,405.87
67709,405.74
67710,405.82
67711,405.70
67712,405.82
67713,405.79
67714,405.74
67715,405.68
67716,405.72
67717,405.69
67718,405.71
67719,405.73
67720,405.75
67721,405.66
67722,405.71
67723,405.67
67724,405.75
67725,405.67
67726,405.75
67727,405.70
67728,405.69
67729,405.72
67730,405.70
67731,405.70
67732,405.67
67733,405.74
67734,405.68
67735,405.70
67736,405.71
67737,405.65
67738,405.69
67739,405.71
67740,405.65
67741,405.67
67742,405.66
67743,405.64
67744,405.67
67745,405.58
67746,405.63
67747,405.65
67748,405.61
67749,405.59
67750,405.59
67751,405.56
67752,405.60
67753,405.62
67754,405.61
67755,405.62
67756,405.64
67757,405.62
67758,405.70
67759,405.56
67760,405.66
67761,405.75
67762,405.65
67763,405.65
67764,405.68
67765,405.64
67766,405.74
67767,405.69
67768,405.70
67769,405.74
67770,405.81
67771,405.81
67772,405.80
67773,405.84
67774,405.87
67775,405.92
67776,405.86
67777,406.01
67778,405.92
67779,406.02
67780,405.97
67781,405.90
67782,405.91
67783,405.99
67784,405.92
67785,405.97
67786,405.92
67787,405.90
67788,406.00
67789,405.91
67790,405.89
67791,405.92
67792,405.97
67793,405.91
67794,405.90
67795,405.91
67796,405.83
67797,405.86
67798,405.90
67799,405.92
67800,405.97
67801,405.89
67802,406.02
67803,405.98
67804,405.99
67805,406.05
67806,405.96
67807,405.92
67808,405.99
67809,406.00
67810,405.99
67811,406.00
67812,405.93
67813,406.01
67814,405.99
67815,406.02
67816,405.89
67817,406.00
67818,405.98
67819,405.94
67820,406.01
67821,405.97
67822,406.01
67823,406.01
67824,405.89
67825,406.01
67826,406.03
67827,405.96
67828,405.94
67829,405.94
67830,405.89
67831,406.03
67832,405.99
67833,406.01
67834,405.98
67835,405.96
67836,405.99
67837,405.95
67838,406.01
67839,405.96
67840,405.93
67841,405.90
67842,405.93
67843,405.95
67844,405.98
67845,405.96
67846,405.92
67847,405.96
67848,405.96
67849,405.98
67850,405.96
67851,405.96
67852,405.91
67853,406.00
67854,406.01
67855,405.95
67856,405.95
67857,405.94
67858,405.96
67859,405.98
67860,405.94
67861,406.02
67862,405.95
67863,405.94
67864,405.95
67865,405.97
67866,406.00
67867,405.94
67868,405.96
67869,405.97
67870,405.98
67871,405.97
67872,406.04
67873,405.94
67874,405.97
67875,405.97
67876,405.93
67877,406.00
67878,405.94
67879,405.98
67880,406.01
67881,405.97
67882,405.99
67883,405.98
67884,405.99
67885,406.00
67886,405.96
67887,405.97
67888,405.91
67889,405.97
67890,405.98
67891,405.98
67892,406.04
67893,405.96
67894,406.01
67895,406.00
67896,405.97
67897,405.95
67898,405.98
67899,405.99
67900,406.00
67901,405.98
67902,405.99
67903,405.95
67904,406.01
67905,405.96
67906,405.99
67907,405.96
67908,405.94
67909,405.94
67910,405.93
67911,405.97
67912,405.86
67913,406.02
67914,405.88
67915,405.82
67916,405.96
67917,405.96
67918,405.97
67919,405.88
67920,405.92
67921,405.87
67922,405.95
67923,405.93
67924,405.88
67925,405.82
67926,405.84
67927,405.90
67928,405.86
67929,405.89
67930,405.84
67931,405.83
67932,405.82
67933,405.86
67934,405.84
67935,405.81
67936,405.78
67937,405.77
67938,405.80
67939,405.79
67940,405.85
67941,405.78
67942,405.76
67943,405.84
67944,405.80
67945,405.77
67946,405.84
67947,405.83
67948,405.85
67949,405.82
67950,405.75
67951,405.88
67952,405.83
67953,405.77
67954,405.80
67955,405.76
67956,405.78
67957,405.73
67958,405.71
67959,405.75
67960,405.65
67961,405.71
67962,405.72
67963,405.62
67964,405.67
67965,405.66
67966,405.64
67967,405.66
67968,405.55
67969,405.60
67970,405.68
67971,405.71
67972,405.70
67973,405.64
67974,405.63
67975,405.62
67976,405.64
67977,405.65
67978,405.63
67979,405.62
67980,405.67
67981,405.77
67982,405.70
67983,405.72
67984,405.76
67985,405.68
67986,405.72
67987,405.70
67988,405.70
67989,405.75
67990,405.70
67991,405.75
67992,405.73
67993,405.69
67994,405.77
67995,405.73
67996,405.75
67997,405.74
67998,405.76
67999,405.73
68000,405.81
68001,405.88
68002,405.79
68003,405.93
68004,405.81
68005,405.88
68006,405.79
68007,405.90
68008,405.87
68009,405.83
68010,405.84
68011,405.86
68012,405.81
68013,405.91
68014,405.91
68015,405.78
68016,405.82
68017,405.91
68018,405.77
68019,405.89
68020,405.98
68021,405.69
68022,405.84
68023,405.86
68024,405.75
68025,405.82
68026,405.79
68027,405.99
68028,405.68
68029,405.84
68030,405.81
68031,405.89
68032,405.79
68033,405.78
68034,405.90
68035,405.93
68036,405.66
68037,405.97
68038,405.87
68039,405.81
68040,405.91
68041,405.89
68042,405.84
68043,405.88
68044,405.88
68045,406.05
68046,405.73
68047,405.97
68048,405.93
68049,405.86
68050,405.98
68051,405.86
68052,405.84
68053,405.93
68054,405.85
68055,405.99
68056,405.99
68057,405.91
68058,405.82
68059,406.01
68060,405.93
68061,406.03
68062,405.82
68063,405.98
68064,405.88
68065,405.93
68066,405.88
68067,406.10
68068,406.10
68069,405.75
68070,405.94
68071,405.93
68072,406.00
68073,405.92
68074,405.99
68075,405.96
68076,405.86
68077,406.05
68078,406.01
68079,405.87
68080,-9999.99
68081,-9999.99
68082,-9999.99
68083,-9999.99
68084,-9999.99
68085,-9999.99
68086,-9999.99
68087,-9999.99
68088,-9999.99
68089,-9999.99
68090,-9999.99
68091,-9999.99
68092,-9999.99
68093,-9999.99
68094,-9999.99
68095,-9999.99
68096,-9999.99
68097,-9999.99
68098,-9999.99
68099,-9999.99
68100,-9999.99
68101,-9999.99
68102,-9999.99
68103,-9999.99
68104,-9999.99
68105,-9999.99
68106,-9999.99
68107,-9999.99
68108,-9999.99
68109,-9999.99
68110,-9999.99
68111,-9999.99
68112,-9999.99
68113,-9999.99
68114,-9999.99
68115,-9999.99
68116,-9999.99
68117,-9999.99
68118,-9999.99
68119,-9999.99
68120,-9999.99
68121,-9999.99
68122,-9999.99
68123,-9999.99
68124,-9999.99
68125,-9999.99
68126,-9999.99
68127,-9999.99
68128,-9999.99
68129,-9999.99
68130,-9999.99
68131,-9999.99
68132,-9999.99
68133,-9999.99
68134,-9999.99
68135,-9999.99
68136,-9999.99
68137,-9999.99
68138,-9999.99
68139,-9999.99
68140,-9999.99
68141,-9999.99
68142,-9999.99
68143,-9999.99
68144,-9999.99
68145,-9999.99
68146,-9999.99
68147,-9999.99
68148,-9999.99
68149,-9999.99
68150,-9999.99
68151,-9999.99
68152,-9999.99
68153,-9999.99
68154,-9999.99
68155,-9999.99
68156,-9999.99
68157,-9999.99
68158,-9999.99
68159,-9999.99
68160,-9999.99
68161,-9999.99
68162,-9999.99
68163,-9999.99
68164,-9999.99
68165,-9999.99
68166,-9999.99
68167,-9999.99
68168,-9999.99
68169,-9999.99
68170,-9999.99
68171,-9999.99
68172,-9999.99
68173,-9999.99
68174,-9999.99
68175,-9999.99
68176,-9999.99
68177,-9999.99
68178,-9999.99
68179,-9999.99
68180,-9999.99
68181,-9999.99
68182,-9999.99
68183,-9999.99
68184,-9999.99
68185,-9999.99
68186,-9999.99
68187,-9999.99
68188,-9999.99
68189,-9999.99
68190,-9999.99
68191,-9999.99
68192,-9999.99
68193,-9999.99
68194,-9999.99
68195,-9999.99
68196,-9999.99
68197,-9999.99
68198,-9999.99
68199,-9999.99
68200,-9999.99
68201,-9999.99
68202,-9999.99
68203,-9999.99
68204,-9999.99
68205,-9999.99
68206,-9999.99
68207,-9999.99
68208,-9999.99
68209,-9999.99
68210,-9999.99
68211,-9999.99
68212,-9999.99
68213,-9999.99
68214,-9999.99
68215,-9999.99
68216,-9999.99
68217,-9999.99
68218,-9999.99
68219,-9999.99
68220,-9999.99
68221,-9999.99
68222,-9999.99
68223,-9999.99
68224,-9999.99
68225,-9999.99
68226,-9999.99
68227,-9999.99
68228,-9999.99
68229,-9999.99
68230,-9999.99
68231,-9999.99
68232,-9999.99
68233,-9999.99
68234,-9999.99
68235,-9999.99
68236,-9999.99
68237,-9999.99
68238,-9999.99
68239,-9999.99
68240,-9999.99
68241,-9999.99
68242,-9999.99
68243,-9999.99
68244,-9999.99
68245,-9999.99
68246,-9999.99
68247,-9999.99
68248,-9999.99
68249,405.76
68250,406.11
68251,405.91
68252,405.99
68253,406.07
68254,405.91
68255,405.88
68256,406.07
68257,405.94
68258,405.89
68259,406.24
68260,405.79
68261,406.03
68262,405.85
68263,405.90
68264,405.96
68265,405.99
68266,405.96
68267,405.85
68268,406.15
68269,405.85
68270,405.88
68271,406.04
68272,405.90
68273,405.97
68274,406.04
68275,405.89
68276,405.93
68277,405.99
68278,406.06
68279,406.01
68280,405.85
68281,405.92
68282,405.96
68283,406.18
68284,405.87
68285,405.82
