NETCARE2015/data/raw/Flight6/CO_POLAR6_20150411_R1_NETCARE.ict
34, 1001
Bozem, Heiko; Hoor, Peter
Institute for Atmospheric Physics, Johannes Gutenberg University, Mainz, Germany
CO mixing ratio from AL5002 CO analyzer
NETCARE Polar 6 Campaign 2015
1, 1
2015, 04, 11, 2015, 08, 15
1
Time_UTC, seconds
1
1
-9999.9
CO_ppbv, ppbv
0
19
PI_CONTACT_INFO: Address: Johann-Joachim-Becherweg 21, 55128 Mainz, email: bozemh@uni-mainz.de; hoor@uni-mainz.de
PLATFORM: Polar 6
LOCATION: GPS location and altitude available at 1 Hz resolution in separate file (See AIMMS files under Aircraft data and meteorology)
ASSOCIATED_DATA: N/A
INSTRUMENT_INFO: CO measurements based on the fluorescence of CO in the VUV at 150 nm
DATA_INFO: Units are ppbv
UNCERTAINTY RELATIVE TO STANDARD: 2.3 ppbv at 1 sigma confidence (before drift correction is applied)
ULOD_FLAG: -7777
ULOD_VALUE: N/A
LLOD_FLAG: -8888
LLOD_VALUE: 1.5 
DM_CONTACT_INFO: N/A
PROJECT_INFO: NETCARE Polar 6 aircraft campaign in April 2015; Eureka
STIPULATIONS_ON_USE: N/A
OTHER_COMMENTS: N/A
REVISION: R1
R0: Preliminary data, corrected for instrument drift
R1: Final data, corrected for instrument drift
Time_UTC,CO_ppbv
[from data line 1306]
58754,146.0
58755,142.9
58756,143.3
58757,146.5
58758,146.9
58759,146.5
58760,144.4
58761,143.0
58762,143.7
58763,143.5
58764,145.5
58765,146.9
58766,146.7
58767,147.1
58768,147.5
58769,144.3
58770,145.4
58771,145.8
58772,143.9
58773,143.2
58774,144.5
58775,146.0
58776,146.2
58777,144.5
58778,145.1
58779,144.4
58780,144.0
58781,144.9
58782,145.6
58783,148.1
58784,147.1
58785,144.1
58786,142.0
58787,144.7
58788,145.9
58789,145.8
58790,148.4
58791,149.3
58792,147.8
58793,147.6
58794,147.9
58795,146.1
58796,145.5
58797,145.5
58798,145.3
58799,144.7
58800,146.0
58801,147.3
58802,145.1
58803,143.2
58804,144.3
58805,146.4
58806,146.7
58807,144.0
58808,142.2
58809,143.2
58810,143.9
58811,145.3
58812,147.1
58813,146.2
58814,145.5
58815,144.9
58816,145.4
58817,145.7
58818,144.2
58819,142.1
58820,144.8
58821,145.9
58822,145.0
58823,145.6
58824,145.2
58825,147.1
58826,144.6
58827,141.1
58828,142.9
58829,145.8
58830,147.2
58831,144.0
58832,142.1
58833,144.6
58834,145.6
58835,146.9
58836,144.5
58837,140.7
58838,149.7
58839,146.1
58840,144.3
58841,143.5
58842,146.1
58843,147.2
58844,144.8
58845,145.6
58846,145.4
58847,147.1
58848,144.7
58849,143.8
58850,144.2
58851,142.1
58852,141.0
58853,141.9
58854,144.5
58855,144.8
58856,144.0
58857,145.5
58858,149.0
58859,147.3
58860,144.7
58861,145.8
58862,144.2
58863,144.1
58864,147.1
58865,143.5
58866,141.7
58867,144.4
58868,144.1
58869,143.9
58870,144.0
58871,144.3
58872,146.3
58873,146.2
58874,146.5
58875,145.6
58876,142.9
58877,142.8
58878,146.1
58879,147.5
58880,145.9
58881,145.2
58882,144.1
58883,145.3
58884,146.4
58885,144.8
58886,144.4
58887,145.9
58888,146.8
58889,145.4
58890,145.7
58891,146.3
58892,146.6
58893,146.4
58894,145.8
58895,147.7
58896,147.9
58897,147.6
58898,146.5
58899,143.8
58900,146.7
58901,148.3
58902,147.2
58903,145.1
58904,143.5
58905,145.0
58906,146.2
58907,146.6
58908,144.2
58909,143.5
58910,144.4
58911,145.8
58912,145.5
58913,145.2
58914,144.5
58915,146.4
58916,146.9
58917,144.4
58918,144.6
58919,144.8
58920,143.5
58921,147.7
58922,148.8
58923,146.3
58924,147.1
58925,144.5
58926,145.2
58927,146.4
58928,147.1
58929,145.3
58930,143.8
58931,145.2
58932,145.2
58933,144.6
58934,142.3
58935,143.5
58936,146.8
58937,146.3
58938,143.4
58939,145.4
58940,147.3
58941,146.0
58942,146.6
58943,146.0
58944,145.8
58945,145.3
58946,146.1
58947,145.5
58948,143.9
58949,144.9
58950,147.0
58951,145.9
58952,143.3
58953,141.6
58954,142.1
58955,-9999.9
58956,-9999.9
58957,-9999.9
58958,-9999.9
58959,-9999.9
58960,-9999.9
58961,-9999.9
58962,-9999.9
58963,-9999.9
58964,-9999.9
58965,-9999.9
58966,-9999.9
58967,-9999.9
58968,-9999.9
58969,-9999.9
58970,-9999.9
58971,-9999.9
58972,-9999.9
58973,-9999.9
58974,-9999.9
58975,-9999.9
58976,-9999.9
58977,-9999.9
58978,-9999.9
58979,-9999.9
58980,-9999.9
58981,-9999.9
58982,-9999.9
58983,-9999.9
58984,-9999.9
58985,-9999.9
58986,-9999.9
58987,-9999.9
58988,-9999.9
58989,-9999.9
58990,-9999.9
58991,-9999.9
58992,-9999.9
58993,-9999.9
58994,-9999.9
58995,-9999.9
58996,-9999.9
58997,-9999.9
58998,-9999.9
58999,-9999.9
59000,-9999.9
59001,-9999.9
59002,-9999.9
59003,-9999.9
59004,-9999.9
59005,-9999.9
59006,-9999.9
59007,-9999.9
59008,-9999.9
59009,-9999.9
59010,-9999.9
59011,-9999.9
59012,-9999.9
59013,-9999.9
59014,-9999.9
59015,-9999.9
59016,-9999.9
59017,-9999.9
59018,-9999.9
59019,-9999.9
59020,-9999.9
59021,-9999.9
59022,-9999.9
59023,-9999.9
59024,-9999.9
59025,-9999.9
59026,-9999.9
59027,-9999.9
59028,-9999.9
59029,-9999.9
59030,-9999.9
59031,-9999.9
59032,-9999.9
59033,-9999.9
59034,-9999.9
59035,-9999.9
59036,-9999.9
59037,-9999.9
59038,-9999.9
59039,-9999.9
59040,-9999.9
59041,-9999.9
59042,-9999.9
59043,-9999.9
59044,-9999.9
59045,-9999.9
59046,-9999.9
59047,-9999.9
59048,-9999.9
59049,-9999.9
59050,-9999.9
59051,-9999.9
59052,-9999.9
59053,-9999.9
59054,-9999.9
59055,-9999.9
59056,-9999.9
59057,-9999.9
59058,-9999.9
59059,-9999.9
59060,-9999.9
59061,-9999.9
59062,-9999.9
59063,-9999.9
59064,-9999.9
59065,-9999.9
59066,-9999.9
59067,-9999.9
59068,-9999.9
59069,-9999.9
59070,-9999.9
59071,-9999.9
59072,-9999.9
59073,-9999.9
59074,-9999.9
59075,-9999.9
59076,-9999.9
59077,-9999.9
59078,-9999.9
59079,-9999.9
59080,-9999.9
59081,147.6
59082,149.1
59083,146.3
59084,144.7
59085,145.0
59086,146.0
59087,144.5
59088,141.9
59089,142.7
59090,145.3
59091,144.9
59092,144.6
59093,145.0
59094,145.9
59095,148.3
59096,148.6
59097,145.7
59098,143.5
59099,145.0
59100,145.0
59101,146.0
59102,148.0
59103,148.3
59104,148.1
59105,146.7
59106,147.0
59107,147.0
59108,145.6
59109,144.2
59110,141.8
59111,142.1
59112,145.5
59113,147.6
59114,147.5
59115,144.1
59116,141.9
59117,143.3
59118,142.6
59119,143.4
59120,144.5
59121,143.6
59122,143.7
59123,146.5
59124,148.6
59125,145.7
59126,146.0
59127,145.6
59128,145.8
59129,147.0
59130,144.6
59131,145.0
59132,145.1
59133,145.2
59134,145.7
59135,147.5
59136,147.0
59137,142.9
59138,140.7
59139,141.9
59140,144.0
59141,145.6
59142,145.3
59143,146.5
59144,146.4
59145,143.9
59146,145.5
59147,147.3
59148,147.8
59149,147.8
59150,142.4
59151,144.8
59152,147.0
59153,145.9
59154,145.8
59155,147.4
59156,146.8
59157,144.4
59158,143.9
59159,144.9
59160,145.7
59161,147.0
59162,148.1
59163,148.0
59164,145.9
59165,143.7
59166,144.1
59167,146.4
59168,147.1
59169,146.0
59170,146.0
59171,143.5
59172,142.6
59173,142.7
59174,142.4
59175,143.5
59176,144.7
59177,146.0
59178,143.9
59179,143.4
59180,144.3
59181,145.6
59182,145.6
59183,143.9
59184,146.5
59185,146.0
59186,145.0
59187,144.5
59188,146.1
59189,144.8
59190,142.8
59191,143.9
59192,144.6
59193,144.6
59194,142.6
59195,141.0
59196,143.9
59197,145.6
59198,144.5
59199,145.2
59200,145.2
59201,146.9
59202,148.6
59203,147.2
59204,145.2
59205,145.0
59206,147.1
59207,147.3
59208,147.5
59209,144.4
59210,142.2
59211,143.5
59212,144.5
59213,145.4
59214,143.1
59215,144.5
59216,146.0
59217,144.5
59218,144.9
59219,144.1
59220,144.4
59221,144.5
59222,143.9
59223,144.5
59224,146.4
59225,146.6
59226,145.6
59227,145.6
59228,142.4
59229,143.3
59230,146.9
59231,145.1
59232,144.0
59233,144.8
59234,145.8
59235,145.8
59236,143.9
59237,143.1
59238,144.6
59239,143.0
59240,144.0
59241,146.4
59242,145.5
59243,146.2
59244,145.1
59245,144.6
59246,146.8
59247,147.7
59248,146.2
59249,144.4
59250,144.2
59251,146.3
59252,147.6
59253,145.7
59254,146.6
59255,145.5
59256,144.5
59257,144.5
59258,144.1
59259,146.1
59260,147.2
59261,144.5
59262,144.2
59263,147.0
59264,146.3
59265,144.8
59266,145.7
59267,145.4
59268,143.6
59269,142.9
59270,142.6
59271,144.8
59272,144.6
59273,142.1
59274,141.8
59275,143.5
59276,147.4
59277,146.3
59278,146.4
59279,148.4
59280,146.6
59281,145.0
59282,144.5
59283,142.9
59284,141.9
59285,142.6
59286,142.6
59287,143.1
59288,144.7
59289,146.2
59290,144.3
59291,142.6
59292,145.3
59293,148.4
59294,146.9
59295,144.4
59296,144.7
59297,145.9
59298,146.7
59299,143.7
59300,142.3
59301,145.9
59302,146.7
59303,146.0
59304,145.1
59305,144.9
59306,145.7
59307,146.0
59308,144.2
59309,142.9
59310,144.2
59311,145.6
59312,145.0
59313,145.7
59314,146.6
59315,146.8
59316,146.5
59317,143.2
59318,142.9
59319,143.7
59320,142.8
59321,144.1
59322,144.9
59323,145.8
59324,144.5
59325,143.8
59326,145.7
59327,146.6
59328,145.6
59329,145.5
59330,146.3
59331,147.7
59332,146.5
59333,145.2
59334,146.2
59335,144.8
59336,142.7
59337,142.8
59338,143.4
59339,144.8
59340,144.6
59341,143.2
59342,144.1
59343,142.7
59344,143.7
59345,147.1
59346,146.3
59347,145.8
59348,144.8
59349,142.7
59350,143.2
59351,143.4
59352,143.9
59353,145.0
59354,145.4
59355,146.3
59356,146.1
59357,146.2
59358,145.1
59359,145.2
59360,147.1
59361,145.9
59362,144.0
59363,144.7
59364,145.6
59365,145.6
59366,144.9
59367,143.9
59368,143.9
59369,144.3
59370,145.2
59371,145.1
59372,146.2
59373,146.2
59374,144.6
59375,144.9
59376,146.5
59377,145.8
59378,145.8
59379,145.6
59380,144.0
59381,143.5
59382,143.4
59383,145.1
59384,145.8
59385,145.5
59386,146.1
59387,145.3
59388,144.6
59389,145.9
59390,144.0
59391,144.0
59392,145.6
59393,146.0
59394,144.3
59395,144.4
59396,145.4
59397,145.4
59398,143.9
59399,143.8
59400,145.7
59401,143.0
59402,144.0
59403,145.4
59404,144.2
59405,146.0
59406,144.9
59407,143.3
59408,143.9
59409,146.6
59410,146.3
59411,146.0
59412,146.1
59413,144.8
59414,143.3
59415,144.6
59416,145.8
59417,143.8
59418,143.7
59419,144.5
59420,144.2
59421,145.2
59422,145.3
59423,143.8
59424,147.9
59425,147.9
59426,142.0
59427,143.1
59428,145.3
59429,144.7
59430,143.4
59431,144.4
59432,145.2
59433,145.5
59434,143.4
59435,143.8
59436,145.4
59437,145.8
59438,146.5
59439,145.3
59440,143.9
59441,145.3
59442,144.9
59443,143.2
59444,144.6
59445,146.2
59446,146.1
59447,144.3
59448,144.3
59449,144.2
59450,141.8
59451,141.7
59452,144.5
59453,143.5
59454,142.4
59455,143.7
59456,144.6
59457,145.8
59458,145.1
59459,144.2
59460,145.5
59461,144.9
59462,145.3
59463,145.1
59464,143.3
59465,144.8
59466,146.4
59467,145.5
59468,145.8
59469,145.2
59470,144.0
59471,143.1
59472,143.3
59473,146.8
59474,146.9
59475,144.8
59476,144.3
59477,144.4
59478,142.0
59479,141.3
59480,146.1
59481,146.4
59482,145.6
59483,145.5
59484,145.2
59485,144.3
59486,145.3
59487,145.9
59488,141.8
59489,142.6
59490,145.5
59491,143.7
59492,142.8
59493,144.1
59494,145.8
59495,144.4
59496,142.3
59497,139.6
59498,141.8
59499,145.1
59500,145.2
59501,146.2
59502,145.6
59503,145.2
59504,145.0
59505,147.4
59506,148.7
59507,145.7
59508,146.1
59509,148.2
59510,147.5
59511,146.9
59512,146.6
59513,144.3
59514,144.3
59515,145.0
59516,143.6
59517,142.0
59518,143.5
59519,144.6
59520,141.8
59521,142.0
59522,142.1
59523,141.6
59524,143.0
59525,143.1
59526,145.4
59527,146.0
59528,143.7
59529,142.3
59530,142.8
59531,143.6
59532,143.6
59533,141.8
59534,142.5
59535,145.2
59536,143.7
59537,143.4
59538,144.1
59539,142.3
59540,140.4
59541,143.1
59542,144.9
59543,143.8
59544,146.6
59545,146.8
59546,145.6
59547,146.2
59548,147.1
59549,146.4
59550,143.2
59551,143.2
59552,145.3
59553,143.7
59554,145.3
59555,148.3
59556,146.4
59557,143.8
59558,141.8
59559,144.1
59560,145.4
59561,144.1
59562,144.8
59563,144.2
59564,144.5
59565,144.5
59566,143.5
59567,141.8
59568,141.2
59569,142.6
59570,142.5
59571,140.7
59572,141.7
59573,145.6
59574,146.0
59575,144.3
59576,145.3
59577,146.5
59578,147.0
59579,146.4
59580,147.2
59581,145.4
59582,144.7
59583,147.1
59584,144.3
59585,140.6
59586,140.2
59587,142.6
59588,144.5
59589,144.0
59590,144.0
59591,146.1
59592,146.3
59593,145.0
59594,144.3
59595,144.2
59596,144.0
59597,144.7
59598,143.4
59599,140.7
59600,142.4
59601,143.9
59602,143.9
59603,145.5
59604,145.2
59605,143.3
59606,141.4
59607,144.0
59608,146.0
59609,144.4
59610,143.8
59611,144.0
59612,143.6
59613,144.7
59614,145.5
59615,146.2
59616,147.2
59617,146.1
59618,142.7
59619,142.2
59620,143.7
59621,145.3
59622,146.5
59623,144.9
59624,145.7
59625,145.5
59626,145.4
59627,144.6
59628,145.5
59629,146.6
59630,144.5
59631,143.7
59632,145.6
59633,145.2
59634,145.1
59635,142.6
59636,141.5
59637,144.9
59638,144.0
59639,144.1
59640,145.5
59641,142.3
59642,142.0
59643,142.7
59644,143.7
59645,143.9
59646,142.6
59647,144.9
59648,146.4
59649,144.6
59650,142.1
59651,142.1
59652,143.8
59653,141.7
59654,141.4
59655,145.2
59656,146.8
59657,146.1
59658,140.9
59659,140.2
59660,144.4
59661,144.8
59662,144.5
59663,142.9
59664,142.3
59665,143.0
59666,140.0
59667,141.6
59668,144.6
59669,143.6
59670,142.3
59671,143.4
59672,144.7
59673,144.3
59674,142.1
59675,143.6
59676,143.6
59677,141.9
59678,142.8
59679,143.6
59680,142.6
59681,142.0
59682,143.3
59683,145.0
59684,146.1
59685,145.1
59686,142.8
59687,143.7
59688,145.7
59689,145.2
59690,148.1
59691,149.5
59692,146.6
59693,146.0
59694,145.5
59695,142.9
59696,142.8
59697,144.7
59698,147.8
59699,150.3
59700,146.7
59701,146.7
59702,146.9
59703,148.5
59704,149.0
59705,148.7
59706,148.4
59707,147.9
59708,150.1
59709,149.1
59710,148.6
59711,149.5
59712,148.7
59713,148.1
59714,149.7
59715,148.3
59716,147.3
59717,147.4
59718,146.2
59719,147.7
59720,145.4
59721,145.2
59722,148.1
59723,148.4
59724,147.6
59725,144.6
59726,142.6
59727,144.9
59728,147.4
59729,148.9
59730,148.5
59731,147.1
59732,147.3
59733,149.3
59734,148.5
59735,146.7
59736,148.6
59737,148.0
59738,146.9
59739,147.6
59740,147.6
59741,147.3
59742,147.3
59743,145.8
59744,144.7
59745,144.3
59746,143.3
59747,144.2
59748,147.8
59749,149.5
59750,146.2
59751,144.6
59752,147.3
59753,146.0
59754,144.6
59755,145.9
59756,147.7
59757,148.4
59758,148.1
59759,148.1
59760,148.7
59761,148.1
59762,145.8
59763,145.6
59764,146.9
59765,146.7
59766,145.5
59767,144.8
59768,143.4
59769,142.1
59770,144.0
59771,144.4
59772,143.4
59773,145.1
59774,145.7
59775,143.6
59776,145.6
59777,143.6
59778,142.8
59779,143.7
59780,141.8
59781,143.1
59782,145.3
59783,146.1
59784,147.3
59785,143.6
59786,141.2
59787,144.9
59788,143.6
59789,142.6
59790,144.0
59791,143.5
59792,143.9
59793,142.9
59794,142.4
59795,145.1
59796,146.4
59797,143.0
59798,141.5
59799,144.5
59800,143.2
59801,142.3
59802,145.7
59803,144.5
59804,141.5
59805,142.5
59806,145.0
59807,145.0
59808,142.6
59809,144.7
59810,146.4
59811,146.4
59812,144.0
59813,142.1
59814,144.2
59815,144.3
59816,144.2
59817,145.8
59818,144.8
59819,143.7
59820,143.6
59821,142.1
59822,142.6
59823,142.9
59824,143.3
59825,146.3
59826,144.4
59827,144.8
59828,147.0
59829,144.5
59830,145.0
59831,146.1
59832,145.9
59833,146.2
59834,147.4
59835,146.6
59836,146.0
59837,148.1
59838,148.2
59839,146.7
59840,145.0
59841,146.8
59842,147.8
59843,146.4
59844,146.3
59845,146.6
59846,146.2
59847,147.5
59848,148.8
59849,145.2
59850,144.3
59851,146.4
59852,145.8
59853,144.9
59854,145.2
59855,146.0
59856,145.3
59857,145.6
59858,149.0
59859,146.6
59860,143.6
59861,145.2
59862,146.5
59863,146.7
59864,149.1
59865,148.3
59866,144.6
59867,145.4
59868,147.6
59869,147.6
59870,148.7
59871,146.8
59872,142.4
59873,145.3
59874,145.2
59875,145.5
59876,148.3
59877,148.3
59878,145.8
59879,146.0
59880,147.9
59881,147.4
59882,146.1
59883,144.5
59884,142.9
59885,143.9
59886,146.1
59887,145.8
59888,145.1
59889,145.7
59890,143.9
59891,144.8
59892,145.5
59893,147.5
59894,147.2
59895,145.9
59896,148.9
59897,147.9
59898,148.4
59899,148.7
59900,147.8
59901,147.8
59902,145.7
59903,146.8
59904,147.5
59905,147.0
59906,146.3
59907,145.2
59908,149.3
59909,149.5
59910,148.8
59911,148.1
59912,146.3
59913,146.2
59914,147.3
59915,145.4
59916,145.5
59917,145.6
59918,146.7
59919,147.2
59920,145.1
59921,146.8
59922,148.1
59923,146.1
59924,144.4
59925,145.8
59926,147.4
59927,147.2
59928,145.7
59929,145.5
59930,145.9
59931,145.2
59932,144.6
59933,145.8
59934,148.2
59935,147.0
59936,146.5
59937,148.6
59938,145.3
59939,142.9
59940,143.6
59941,142.3
59942,143.9
59943,145.2
59944,148.1
59945,148.5
59946,146.9
59947,146.3
59948,146.5
59949,144.6
59950,146.0
59951,149.9
59952,149.7
59953,145.0
59954,141.3
59955,144.4
59956,147.4
59957,147.8
59958,146.4
59959,143.6
59960,143.4
59961,145.0
59962,146.9
59963,148.1
59964,146.4
59965,146.2
59966,142.9
59967,142.5
59968,145.9
59969,144.6
59970,144.8
59971,145.5
59972,143.8
59973,142.8
59974,143.7
59975,144.1
59976,142.7
59977,142.7
59978,143.9
59979,141.6
59980,140.3
59981,143.4
59982,143.9
59983,142.7
59984,143.8
59985,142.6
59986,142.2
59987,144.3
59988,142.7
59989,141.6
59990,143.0
59991,144.9
59992,143.6
59993,142.8
59994,145.7
59995,145.2
59996,144.4
59997,143.6
59998,144.9
59999,145.0
60000,142.3
60001,143.6
60002,145.1
60003,144.5
60004,143.5
60005,143.9
60006,145.5
60007,144.7
60008,143.3
60009,142.4
60010,141.0
60011,140.4
60012,141.2
60013,141.3
60014,140.9
60015,142.0
60016,143.1
60017,142.4
60018,140.8
60019,141.3
60020,143.7
60021,142.7
60022,144.1
60023,145.5
60024,142.0
60025,142.4
60026,142.0
60027,142.4
60028,144.4
60029,141.3
60030,139.6
60031,143.0
60032,145.2
60033,143.3
60034,143.0
60035,142.7
60036,141.3
60037,141.9
60038,141.7
60039,140.4
60040,142.7
60041,142.3
60042,140.5
60043,141.7
60044,143.1
60045,143.9
60046,144.5
60047,142.9
60048,142.1
60049,141.8
60050,142.0
60051,141.5
60052,141.1
60053,141.1
60054,138.7
60055,139.1
60056,140.7
60057,141.7
60058,142.9
60059,142.4
60060,140.4
60061,140.4
60062,140.4
60063,138.9
60064,140.6
