NETCARE2015/data/raw/Flight6/CO_POLAR6_20150411_R1_NETCARE.ict
34, 1001
Bozem, Heiko; Hoor, Peter
Institute for Atmospheric Physics, Johannes Gutenberg University, Mainz, Germany
CO mixing ratio from AL5002 CO analyzer
NETCARE Polar 6 Campaign 2015
1, 1
2015, 04, 11, 2015, 08, 15
1
Time_UTC, seconds
1
1
-9999.9
CO_ppbv, ppbv
0
19
PI_CONTACT_INFO: Address: Johann-Joachim-Becherweg 21, 55128 Mainz, email: bozemh@uni-mainz.de; hoor@uni-mainz.de
PLATFORM: Polar 6
LOCATION: GPS location and altitude available at 1 Hz resolution in separate file (See AIMMS files under Aircraft data and meteorology)
ASSOCIATED_DATA: N/A
INSTRUMENT_INFO: CO measurements based on the fluorescence of CO in the VUV at 150 nm
DATA_INFO: Units are ppbv
UNCERTAINTY RELATIVE TO STANDARD: 2.3 ppbv at 1 sigma confidence (before drift correction is applied)
ULOD_FLAG: -7777
ULOD_VALUE: N/A
LLOD_FLAG: -8888
LLOD_VALUE: 1.5 
DM_CONTACT_INFO: N/A
PROJECT_INFO: NETCARE Polar 6 aircraft campaign in April 2015; Eureka
STIPULATIONS_ON_USE: N/A
OTHER_COMMENTS: N/A
REVISION: R1
R0: Preliminary data, corrected for instrument drift
R1: Final data, corrected for instrument drift
Time_UTC,CO_ppbv
[from data line 2618]
60066,140.5
60067,140.5
60068,138.5
60069,140.4
60070,141.9
60071,138.7
60072,138.4
60073,139.1
60074,137.8
60075,137.0
60076,139.3
60077,139.0
60078,137.2
60079,137.7
60080,137.5
60081,140.3
60082,140.5
60083,141.0
60084,138.8
60085,138.4
60086,140.9
60087,137.6
60088,136.7
60089,138.7
60090,138.8
60091,138.4
60092,137.8
60093,138.1
60094,139.5
60095,139.8
60096,137.5
60097,138.5
60098,140.9
60099,140.3
60100,135.3
60101,135.0
60102,139.8
60103,139.5
60104,136.9
60105,138.3
60106,140.3
60107,140.6
60108,139.8
60109,138.4
60110,137.3
60111,136.4
60112,138.1
60113,137.7
60114,135.9
60115,135.7
60116,138.2
60117,140.1
60118,138.5
60119,138.3
60120,137.6
60121,137.3
60122,139.3
60123,139.4
60124,139.1
60125,138.7
60126,137.8
60127,137.6
60128,139.4
60129,140.7
60130,138.3
60131,137.6
60132,138.8
60133,139.6
60134,139.5
60135,138.5
60136,137.9
60137,138.8
60138,140.6
60139,137.7
60140,136.9
60141,137.6
60142,134.7
60143,136.4
60144,140.0
60145,137.7
60146,135.1
60147,138.1
60148,140.5
60149,138.8
60150,138.6
60151,138.6
60152,138.3
60153,140.4
60154,140.3
60155,136.3
60156,136.6
60157,139.2
60158,138.3
60159,139.2
60160,140.0
60161,139.7
60162,139.9
60163,138.4
60164,139.3
60165,136.4
60166,134.9
60167,137.2
60168,136.4
60169,137.8
60170,141.2
60171,138.8
60172,136.3
60173,138.5
60174,139.7
60175,137.3
60176,136.1
60177,135.4
60178,136.4
60179,139.9
60180,139.7
60181,138.1
60182,137.3
60183,137.0
60184,140.9
60185,139.0
60186,137.4
60187,137.8
60188,136.2
60189,135.4
60190,138.6
60191,139.4
60192,137.8
60193,139.1
60194,139.2
60195,137.8
60196,136.1
60197,136.8
60198,140.0
60199,137.6
60200,135.7
60201,138.4
60202,138.1
60203,137.0
60204,138.0
60205,139.4
60206,140.3
60207,137.8
60208,133.8
60209,134.3
60210,137.0
60211,135.5
60212,133.8
60213,138.1
60214,138.8
60215,136.2
60216,137.0
60217,137.5
60218,137.0
60219,138.2
60220,140.0
60221,138.9
60222,137.0
60223,138.8
60224,139.6
60225,134.5
60226,135.4
60227,140.0
60228,139.3
60229,136.9
60230,135.9
60231,137.4
60232,137.2
60233,135.9
60234,137.2
60235,137.3
60236,136.5
60237,135.7
60238,135.5
60239,136.5
60240,135.5
60241,135.8
60242,137.4
60243,139.6
60244,140.0
60245,139.8
60246,142.2
60247,141.0
60248,140.7
60249,140.5
60250,138.6
60251,139.1
60252,136.0
60253,136.0
60254,138.1
60255,140.6
60256,139.0
60257,137.7
60258,138.7
60259,136.9
60260,134.8
60261,135.6
60262,138.1
60263,137.3
60264,137.4
60265,137.3
60266,139.1
60267,141.9
60268,140.7
60269,139.2
60270,139.8
60271,138.7
60272,137.8
60273,138.2
60274,137.6
60275,136.6
60276,135.4
60277,134.3
60278,136.5
60279,137.9
60280,137.0
60281,135.8
60282,136.9
60283,136.8
60284,136.4
60285,138.6
60286,138.3
60287,137.6
60288,135.5
60289,135.7
60290,139.5
60291,142.3
60292,141.2
60293,138.6
60294,137.0
60295,138.0
60296,139.1
60297,138.7
60298,137.0
60299,137.5
60300,138.5
60301,137.0
60302,137.5
60303,137.9
60304,136.7
60305,139.3
60306,140.2
60307,138.0
60308,137.9
60309,139.9
60310,138.9
60311,138.0
60312,139.8
60313,139.0
60314,138.0
60315,138.2
60316,138.3
60317,138.5
60318,137.2
60319,136.7
60320,136.6
60321,135.5
60322,142.4
60323,139.7
60324,136.4
60325,137.1
60326,139.4
60327,138.7
60328,137.6
60329,138.1
60330,138.1
60331,136.8
60332,137.7
60333,137.8
60334,136.6
60335,137.4
60336,136.6
60337,134.5
60338,136.6
60339,139.5
60340,137.6
60341,137.5
60342,137.1
60343,137.3
60344,139.0
60345,137.7
60346,137.4
60347,137.4
60348,136.5
60349,137.5
60350,136.4
60351,136.4
60352,139.2
60353,138.7
60354,136.5
60355,135.0
60356,134.2
60357,137.7
60358,137.7
60359,138.3
60360,138.2
60361,137.7
60362,135.5
60363,135.4
60364,137.0
60365,139.4
60366,139.2
60367,135.4
60368,136.5
60369,137.9
60370,138.5
60371,138.2
60372,135.8
60373,135.3
60374,137.5
60375,139.0
60376,140.3
60377,140.2
60378,135.2
60379,134.2
60380,136.3
60381,134.9
60382,136.0
60383,137.7
60384,137.8
60385,137.0
60386,137.1
60387,135.7
60388,134.7
60389,136.9
60390,137.4
60391,137.6
60392,136.8
60393,136.1
60394,135.3
60395,135.1
60396,137.6
60397,138.7
60398,137.2
60399,136.5
60400,138.3
60401,139.4
60402,137.8
60403,137.2
60404,140.0
60405,139.6
60406,137.7
60407,139.1
60408,137.1
60409,135.2
60410,134.7
60411,134.6
60412,135.0
60413,137.2
60414,139.5
60415,138.8
60416,136.5
60417,134.6
60418,135.5
60419,138.4
60420,137.8
60421,136.9
60422,136.6
60423,136.6
60424,138.7
60425,138.8
60426,138.5
60427,139.9
60428,140.7
60429,138.7
60430,136.9
60431,134.8
60432,135.1
60433,138.3
60434,137.8
60435,137.2
60436,137.3
60437,136.7
60438,139.0
60439,139.1
60440,-9999.9
60441,-9999.9
60442,-9999.9
60443,-9999.9
60444,-9999.9
60445,-9999.9
60446,-9999.9
60447,-9999.9
60448,-9999.9
60449,-9999.9
60450,-9999.9
60451,-9999.9
60452,-9999.9
60453,-9999.9
60454,-9999.9
60455,-9999.9
60456,-9999.9
60457,-9999.9
60458,-9999.9
60459,-9999.9
60460,-9999.9
60461,-9999.9
60462,-9999.9
60463,-9999.9
60464,-9999.9
60465,-9999.9
60466,-9999.9
60467,-9999.9
60468,-9999.9
60469,-9999.9
60470,-9999.9
60471,-9999.9
60472,-9999.9
60473,-9999.9
60474,-9999.9
60475,-9999.9
60476,-9999.9
60477,-9999.9
60478,-9999.9
60479,-9999.9
60480,-9999.9
60481,-9999.9
60482,-9999.9
60483,-9999.9
60484,-9999.9
60485,-9999.9
60486,-9999.9
60487,-9999.9
60488,-9999.9
60489,-9999.9
60490,-9999.9
60491,-9999.9
60492,-9999.9
60493,-9999.9
60494,-9999.9
60495,-9999.9
60496,-9999.9
60497,-9999.9
60498,-9999.9
60499,-9999.9
60500,-9999.9
60501,-9999.9
60502,-9999.9
60503,-9999.9
60504,-9999.9
60505,-9999.9
60506,-9999.9
60507,-9999.9
60508,-9999.9
60509,-9999.9
60510,-9999.9
60511,-9999.9
60512,-9999.9
60513,-9999.9
60514,-9999.9
60515,-9999.9
60516,-9999.9
60517,-9999.9
60518,-9999.9
60519,-9999.9
60520,-9999.9
60521,-9999.9
60522,-9999.9
60523,-9999.9
60524,-9999.9
60525,-9999.9
60526,-9999.9
60527,-9999.9
60528,-9999.9
60529,-9999.9
60530,-9999.9
60531,-9999.9
60532,-9999.9
60533,-9999.9
60534,-9999.9
60535,-9999.9
60536,-9999.9
60537,-9999.9
60538,-9999.9
60539,-9999.9
60540,-9999.9
60541,-9999.9
60542,-9999.9
60543,-9999.9
60544,-9999.9
60545,-9999.9
60546,-9999.9
60547,-9999.9
60548,-9999.9
60549,-9999.9
60550,-9999.9
60551,-9999.9
60552,-9999.9
60553,-9999.9
60554,-9999.9
60555,-9999.9
60556,-9999.9
60557,-9999.9
60558,-9999.9
60559,-9999.9
60560,-9999.9
60561,-9999.9
60562,-9999.9
60563,-9999.9
60564,-9999.9
60565,-9999.9
60566,134.5
60567,135.6
60568,135.2
60569,137.8
60570,139.3
60571,138.3
60572,139.7
60573,142.2
60574,139.7
60575,136.0
60576,136.4
60577,136.8
60578,137.1
60579,137.9
60580,136.7
60581,137.1
60582,137.0
60583,136.0
60584,138.5
60585,139.0
60586,136.7
60587,135.5
60588,136.1
60589,137.9
60590,137.3
60591,137.4
60592,137.0
60593,134.4
60594,136.4
60595,137.6
60596,137.5
60597,138.5
60598,138.5
60599,137.5
60600,135.5
60601,133.8
60602,137.2
60603,139.1
60604,136.8
60605,138.6
60606,139.5
60607,137.6
60608,138.6
60609,138.8
60610,139.0
60611,138.5
60612,136.3
60613,134.7
60614,135.6
60615,136.8
60616,133.6
60617,133.1
60618,137.8
60619,138.3
60620,135.8
60621,134.9
60622,135.0
60623,136.4
60624,136.7
60625,137.4
60626,139.3
60627,137.4
60628,136.7
60629,139.3
60630,137.6
60631,137.6
60632,140.2
60633,140.4
60634,139.1
60635,135.9
60636,137.7
60637,139.8
60638,136.2
60639,136.9
60640,139.1
60641,137.9
60642,136.4
60643,137.2
60644,138.9
60645,139.0
60646,138.3
60647,137.7
60648,135.7
60649,133.7
60650,133.4
60651,135.7
60652,137.5
60653,136.3
60654,135.8
60655,136.1
60656,136.5
60657,137.9
60658,139.4
60659,141.0
60660,137.7
60661,137.1
60662,139.2
60663,137.2
60664,138.4
60665,139.6
60666,139.1
60667,138.5
60668,136.3
60669,136.7
60670,139.2
60671,140.4
60672,137.6
60673,138.3
60674,139.6
60675,140.5
60676,141.2
60677,140.0
60678,139.2
60679,137.1
60680,137.4
60681,136.2
60682,136.4
60683,137.9
60684,136.9
60685,135.7
60686,136.3
60687,139.4
60688,137.7
60689,135.9
60690,137.1
60691,136.8
60692,136.9
60693,138.3
60694,136.9
60695,135.6
60696,138.3
60697,140.2
60698,140.0
60699,138.5
60700,138.7
60701,139.7
60702,136.6
60703,137.2
60704,136.4
60705,136.1
60706,139.7
60707,138.7
60708,135.5
60709,137.8
60710,139.6
60711,138.1
60712,135.7
60713,135.7
60714,136.8
60715,137.4
60716,137.7
60717,136.1
60718,138.1
60719,140.4
60720,137.5
60721,136.1
60722,135.8
60723,137.7
60724,141.9
60725,141.9
60726,139.9
60727,139.3
60728,139.5
60729,138.7
60730,138.3
60731,137.8
60732,137.5
60733,138.3
60734,140.7
60735,143.1
60736,140.0
60737,137.6
60738,135.3
60739,135.4
60740,136.1
60741,138.3
60742,139.0
60743,138.5
60744,136.8
60745,136.2
60746,135.9
60747,135.0
60748,135.2
60749,134.8
60750,136.7
60751,139.2
60752,139.0
60753,139.8
60754,139.8
60755,139.8
60756,140.2
60757,139.5
60758,137.0
60759,135.8
60760,136.3
60761,136.9
60762,138.8
60763,137.9
60764,138.9
60765,140.0
60766,137.8
60767,136.8
60768,139.4
60769,140.8
60770,140.5
60771,140.8
60772,142.9
60773,141.6
60774,140.3
60775,140.7
60776,138.6
60777,135.9
60778,137.8
60779,139.9
60780,142.7
60781,142.5
60782,139.9
60783,141.4
60784,139.9
60785,138.6
60786,139.6
60787,138.9
60788,138.9
60789,139.0
60790,138.9
60791,139.4
60792,140.0
60793,140.5
60794,140.2
60795,139.9
60796,139.9
60797,139.2
60798,139.3
60799,139.7
60800,141.2
60801,141.1
60802,139.1
60803,140.2
60804,141.0
60805,140.3
60806,138.4
60807,140.3
60808,142.7
60809,143.1
60810,141.6
60811,139.4
60812,140.7
60813,142.1
60814,142.7
60815,141.3
60816,139.0
60817,138.7
60818,138.4
60819,139.2
60820,141.6
60821,142.4
60822,141.8
60823,139.4
60824,139.1
60825,139.4
60826,139.0
60827,140.7
60828,138.4
60829,138.2
60830,140.8
60831,140.0
60832,139.4
60833,139.5
60834,138.4
60835,137.8
60836,138.0
60837,140.1
60838,141.6
60839,141.7
60840,141.3
60841,139.5
60842,139.1
60843,138.4
60844,140.0
60845,141.5
60846,141.1
60847,140.4
60848,141.6
60849,141.2
60850,140.4
60851,142.5
60852,140.4
60853,136.6
60854,138.3
60855,141.2
60856,141.5
60857,140.6
60858,139.7
60859,140.3
60860,140.8
60861,140.5
60862,140.7
60863,139.2
60864,136.5
60865,136.9
60866,138.5
60867,139.0
60868,138.2
60869,137.5
60870,137.8
60871,137.6
60872,138.4
60873,138.4
60874,137.0
60875,134.2
60876,136.4
60877,140.2
60878,140.1
60879,138.6
60880,139.3
60881,139.6
60882,139.8
60883,137.9
60884,136.8
60885,139.8
60886,138.9
60887,140.6
60888,143.2
60889,139.5
60890,137.3
60891,135.4
60892,137.0
60893,139.4
60894,141.0
60895,140.2
60896,137.9
60897,139.6
60898,139.5
60899,136.7
60900,136.7
60901,138.9
60902,141.4
60903,141.0
60904,139.4
60905,139.8
60906,141.8
60907,140.4
60908,137.4
60909,137.0
60910,138.8
60911,139.2
60912,136.5
60913,136.5
60914,139.2
60915,139.0
60916,137.5
60917,137.8
60918,137.4
60919,136.4
60920,134.5
60921,132.7
60922,132.7
60923,133.0
60924,133.0
60925,132.6
60926,133.0
60927,133.2
60928,132.0
60929,135.1
60930,136.8
60931,132.5
60932,132.2
60933,134.4
60934,133.9
60935,133.9
60936,135.3
60937,134.9
60938,133.5
60939,132.6
60940,132.9
60941,133.8
60942,135.4
60943,136.5
60944,131.9
60945,134.0
60946,135.0
60947,133.4
60948,134.2
60949,133.5
60950,132.1
60951,133.4
60952,134.1
60953,131.0
60954,131.9
60955,132.6
60956,130.5
60957,131.5
60958,132.7
60959,133.1
60960,134.0
60961,135.3
60962,133.9
60963,132.3
60964,132.3
60965,132.5
60966,133.7
60967,132.9
60968,132.8
60969,133.6
60970,132.8
60971,133.5
60972,134.8
60973,138.5
60974,140.5
60975,138.7
60976,137.7
60977,138.2
60978,138.6
60979,139.0
60980,137.8
60981,137.6
60982,140.0
60983,139.4
60984,138.0
60985,139.8
60986,140.2
60987,140.6
60988,140.5
60989,138.7
60990,140.1
60991,141.4
60992,140.0
60993,139.6
60994,141.7
60995,142.1
60996,141.9
60997,140.2
60998,140.2
60999,141.4
61000,141.0
61001,142.2
61002,141.7
61003,141.9
61004,142.3
61005,141.5
61006,141.4
61007,141.7
61008,141.9
61009,141.4
61010,140.9
61011,140.9
61012,142.9
61013,141.3
61014,138.7
61015,135.7
61016,136.8
61017,137.3
61018,136.1
61019,137.8
61020,137.1
61021,137.1
61022,139.1
61023,138.1
61024,135.7
61025,136.7
61026,138.2
61027,137.3
61028,135.5
61029,135.1
61030,136.3
61031,136.3
61032,133.9
61033,134.9
61034,135.5
61035,133.9
61036,134.5
61037,136.9
61038,136.2
61039,135.0
61040,137.0
61041,135.7
61042,134.9
61043,136.9
61044,136.6
61045,136.6
61046,138.1
61047,139.7
61048,138.3
61049,138.2
61050,140.1
61051,140.5
61052,140.4
61053,139.2
61054,139.5
61055,139.7
61056,141.0
61057,145.1
61058,145.9
61059,144.0
61060,146.7
61061,148.7
61062,147.1
61063,147.8
61064,147.3
61065,148.2
61066,152.6
61067,154.8
61068,154.9
61069,152.1
61070,149.5
61071,149.1
61072,148.1
61073,146.6
61074,145.0
61075,144.9
61076,144.8
61077,144.3
61078,145.5
61079,145.0
61080,143.7
61081,143.7
61082,140.1
61083,141.0
61084,142.0
61085,141.2
61086,137.1
61087,134.5
61088,133.8
61089,133.4
61090,134.9
61091,134.9
61092,132.6
61093,132.1
61094,131.7
61095,129.3
61096,129.3
61097,131.0
61098,133.0
61099,132.8
61100,129.3
61101,128.1
61102,128.6
61103,130.9
61104,129.3
61105,128.7
61106,133.3
61107,135.2
61108,136.9
61109,138.0
61110,141.7
61111,144.6
61112,143.5
61113,145.4
61114,151.3
61115,154.8
61116,155.5
61117,156.8
61118,158.8
61119,163.8
61120,168.5
61121,174.0
61122,174.5
61123,175.0
61124,178.9
61125,179.5
61126,179.0
61127,180.3
61128,181.4
61129,181.6
61130,181.1
61131,182.4
61132,181.7
61133,178.2
61134,179.4
61135,179.1
61136,178.4
61137,178.8
61138,179.5
61139,178.7
61140,180.1
61141,183.0
61142,181.5
61143,180.2
61144,180.3
61145,177.9
61146,179.3
61147,181.6
61148,180.1
61149,180.1
61150,180.0
61151,179.3
61152,178.9
61153,179.8
61154,178.4
61155,176.2
61156,176.1
61157,173.9
61158,174.4
61159,175.1
61160,174.3
61161,175.3
61162,174.4
61163,173.0
61164,175.1
61165,175.8
61166,173.1
61167,171.1
61168,171.6
61169,173.2
61170,175.3
61171,175.0
61172,172.2
61173,173.5
61174,175.2
61175,173.9
61176,173.6
61177,172.8
61178,171.6
61179,173.9
61180,177.9
61181,177.6
61182,173.7
61183,172.8
61184,173.8
61185,183.0
61186,178.6
61187,175.4
61188,175.9
61189,174.0
61190,170.4
61191,172.3
61192,172.3
61193,166.3
61194,164.1
61195,163.7
61196,162.5
61197,162.8
61198,161.0
61199,156.7
61200,158.5
61201,160.7
61202,160.1
61203,162.6
61204,163.0
61205,162.7
61206,164.3
61207,164.9
61208,164.4
61209,162.2
61210,162.5
61211,164.1
61212,160.6
61213,159.3
61214,159.9
61215,159.4
61216,158.7
61217,156.5
61218,155.6
61219,155.2
61220,154.7
61221,154.4
61222,152.2
61223,153.0
61224,154.5
61225,153.7
61226,154.4
61227,154.4
61228,152.4
61229,154.1
61230,156.8
61231,156.7
61232,156.6
61233,156.9
61234,156.5
61235,155.3
61236,157.1
61237,157.9
61238,157.9
61239,159.4
61240,159.1
61241,154.9
61242,153.4
61243,153.9
61244,153.9
61245,154.7
61246,153.5
61247,155.4
61248,156.2
61249,156.7
61250,156.1
61251,155.6
61252,156.3
61253,154.6
61254,155.4
61255,154.3
61256,154.8
61257,154.2
61258,154.9
61259,156.9
61260,155.9
61261,157.6
61262,158.6
61263,158.0
61264,156.1
61265,155.3
61266,158.6
61267,158.2
61268,157.9
61269,157.8
61270,155.4
61271,157.0
61272,160.1
61273,159.6
61274,158.7
61275,158.6
61276,159.5
61277,159.4
61278,157.7
61279,155.3
61280,152.3
61281,151.5
61282,148.3
61283,146.8
61284,148.3
61285,146.9
61286,146.5
61287,147.8
61288,141.1
61289,142.4
61290,144.4
61291,145.3
61292,144.2
61293,143.8
61294,144.9
61295,144.5
61296,144.8
61297,146.0
61298,145.9
61299,144.6
61300,143.7
61301,144.4
61302,145.6
61303,145.5
61304,144.2
61305,144.2
61306,145.8
61307,145.2
61308,142.6
61309,143.2
61310,145.5
61311,144.8
61312,144.4
61313,144.3
61314,146.3
61315,146.5
61316,146.3
61317,145.2
61318,144.0
61319,148.7
61320,156.4
61321,163.5
61322,166.0
61323,173.8
61324,175.9
61325,180.5
61326,182.8
61327,184.9
61328,186.8
61329,184.7
61330,182.9
61331,180.5
61332,178.1
61333,178.7
61334,178.1
61335,177.1
61336,179.0
61337,174.8
61338,169.0
61339,166.0
61340,163.6
61341,162.6
61342,160.5
61343,156.1
61344,157.7
61345,161.8
61346,163.5
61347,161.6
61348,155.5
61349,160.5
61350,169.6
61351,174.8
61352,179.5
61353,180.2
61354,179.3
61355,180.8
61356,179.8
61357,178.0
61358,169.1
61359,165.5
61360,158.6
61361,153.4
61362,150.2
61363,151.1
61364,156.8
61365,164.2
61366,168.0
61367,167.3
61368,162.5
61369,155.5
61370,152.9
61371,148.9
61372,140.6
61373,139.8
61374,143.3
61375,144.4
61376,143.2
61377,140.1
