NETCARE2015/data/raw/Flight6/CO_POLAR6_20150411_R1_NETCARE.ict
34, 1001
Bozem, Heiko; Hoor, Peter
Institute for Atmospheric Physics, Johannes Gutenberg University, Mainz, Germany
CO mixing ratio from AL5002 CO analyzer
NETCARE Polar 6 Campaign 2015
1, 1
2015, 04, 11, 2015, 08, 15
1
Time_UTC, seconds
1
1
-9999.9
CO_ppbv, ppbv
0
19
PI_CONTACT_INFO: Address: Johann-Joachim-Becherweg 21, 55128 Mainz, email: bozemh@uni-mainz.de; hoor@uni-mainz.de
PLATFORM: Polar 6
LOCATION: GPS location and altitude available at 1 Hz resolution in separate file (See AIMMS files under Aircraft data and meteorology)
ASSOCIATED_DATA: N/A
INSTRUMENT_INFO: CO measurements based on the fluorescence of CO in the VUV at 150 nm
DATA_INFO: Units are ppbv
UNCERTAINTY RELATIVE TO STANDARD: 2.3 ppbv at 1 sigma confidence (before drift correction is applied)
ULOD_FLAG: -7777
ULOD_VALUE: N/A
LLOD_FLAG: -8888
LLOD_VALUE: 1.5 
DM_CONTACT_INFO: N/A
PROJECT_INFO: NETCARE Polar 6 aircraft campaign in April 2015; Eureka
STIPULATIONS_ON_USE: N/A
OTHER_COMMENTS: N/A
REVISION: R1
R0: Preliminary data, corrected for instrument drift
R1: Final data, corrected for instrument drift
Time_UTC,CO_ppbv
[from data line 18364]
75812,144.9
75813,145.8
75814,146.2
75815,142.2
75816,143.0
75817,145.1
75818,143.9
75819,144.3
75820,146.6
75821,145.7
75822,144.2
75823,144.1
75824,145.8
75825,145.6
75826,142.9
75827,142.1
75828,143.6
75829,144.0
75830,144.2
75831,144.5
75832,146.0
75833,147.9
75834,146.1
75835,142.7
75836,143.5
75837,146.2
75838,147.0
75839,146.6
75840,147.2
75841,146.6
75842,146.3
75843,146.0
75844,144.4
75845,142.7
75846,142.3
75847,145.8
75848,148.6
75849,148.8
75850,143.0
75851,143.0
75852,143.2
75853,143.7
75854,143.9
75855,142.9
75856,141.9
75857,143.5
75858,145.3
75859,144.7
75860,143.6
75861,144.7
75862,146.5
75863,146.5
75864,146.5
75865,144.7
75866,143.4
75867,143.9
75868,143.8
75869,143.8
75870,145.1
75871,145.4
75872,145.8
75873,145.1
75874,144.3
75875,146.2
75876,146.6
75877,142.9
75878,140.9
75879,144.7
75880,146.2
75881,147.1
75882,148.0
75883,147.3
75884,148.8
75885,147.7
75886,145.5
75887,144.4
75888,144.5
75889,145.3
75890,145.6
75891,144.5
75892,145.5
75893,146.0
75894,143.2
75895,142.4
75896,145.3
75897,147.2
75898,146.5
75899,147.5
75900,146.0
75901,143.9
75902,146.2
75903,148.3
75904,146.2
75905,144.1
75906,146.1
75907,145.1
75908,143.2
75909,144.6
75910,145.2
75911,141.9
75912,139.6
75913,142.1
75914,142.2
75915,141.6
75916,145.5
75917,148.2
75918,144.5
75919,144.5
75920,143.3
75921,143.9
75922,146.7
75923,149.2
75924,146.9
75925,147.9
75926,149.1
75927,148.3
75928,148.1
75929,146.9
75930,145.3
75931,142.1
75932,143.2
75933,145.2
75934,145.9
75935,145.2
75936,144.8
75937,146.5
75938,146.3
75939,147.6
75940,147.7
75941,146.9
75942,147.7
75943,147.2
75944,147.6
75945,146.1
75946,142.7
75947,143.9
75948,145.8
75949,146.4
75950,148.6
75951,146.0
75952,144.6
75953,146.7
75954,142.3
75955,144.2
75956,143.4
75957,144.9
75958,150.0
75959,149.7
75960,147.5
75961,146.0
75962,147.9
75963,150.1
75964,148.0
75965,146.8
75966,148.0
75967,147.7
75968,147.5
75969,147.8
75970,146.8
75971,143.2
75972,142.6
75973,146.0
75974,145.8
75975,144.6
75976,145.7
75977,144.9
75978,144.0
75979,145.7
75980,145.3
75981,142.5
75982,144.9
75983,148.8
75984,147.8
75985,146.4
75986,144.5
75987,143.3
75988,142.6
75989,143.8
75990,146.2
75991,146.4
75992,145.3
75993,147.1
75994,145.7
75995,145.9
75996,146.8
75997,144.1
75998,145.0
75999,143.7
76000,143.9
76001,146.5
76002,145.8
76003,147.1
76004,149.4
76005,149.1
76006,148.2
76007,146.4
76008,146.0
76009,144.5
76010,142.1
76011,142.6
76012,143.2
76013,141.9
76014,143.9
76015,147.2
76016,145.2
76017,144.9
76018,144.4
76019,143.2
76020,144.1
76021,144.1
76022,143.6
76023,146.1
76024,144.9
76025,144.7
76026,146.4
76027,145.7
76028,144.5
76029,146.8
76030,147.5
76031,145.7
76032,146.5
76033,146.2
76034,146.1
76035,147.0
76036,146.9
76037,149.8
76038,149.2
76039,144.7
76040,144.1
76041,143.7
76042,141.0
76043,143.9
76044,147.6
76045,146.8
76046,144.7
76047,144.2
76048,144.6
76049,144.9
76050,145.5
76051,143.9
76052,143.5
76053,144.3
76054,145.9
76055,145.5
76056,143.6
76057,147.3
76058,146.1
76059,145.5
76060,147.5
76061,148.3
76062,148.9
76063,147.6
76064,144.5
76065,144.6
76066,145.1
76067,144.9
76068,145.9
76069,145.1
76070,144.7
76071,146.4
76072,147.1
76073,147.4
76074,146.3
76075,142.9
76076,144.4
76077,148.6
76078,145.9
76079,145.4
76080,147.4
76081,145.2
76082,145.8
76083,147.1
76084,146.5
76085,145.8
76086,144.6
76087,145.9
76088,-9999.9
76089,-9999.9
76090,-9999.9
76091,-9999.9
76092,-9999.9
76093,-9999.9
76094,-9999.9
76095,-9999.9
76096,146.5
76097,148.5
76098,148.7
76099,147.6
76100,148.1
76101,148.8
76102,147.8
76103,146.0
76104,145.1
76105,146.5
76106,148.4
76107,149.7
76108,147.1
76109,146.2
76110,147.4
76111,145.7
76112,147.1
76113,147.4
76114,145.1
76115,148.3
76116,150.3
76117,145.6
76118,144.3
76119,146.4
76120,146.2
76121,144.7
76122,146.0
76123,148.8
76124,149.3
76125,148.1
76126,144.1
76127,147.2
76128,150.4
76129,149.7
76130,146.8
76131,144.8
76132,146.5
76133,145.9
76134,144.6
76135,144.5
76136,145.6
76137,145.7
76138,145.5
76139,145.8
76140,143.8
76141,142.6
76142,144.0
76143,146.3
76144,147.7
76145,145.9
76146,145.0
76147,145.8
76148,147.9
76149,146.8
76150,145.5
76151,146.6
76152,145.0
76153,144.1
76154,142.7
76155,144.1
76156,145.8
76157,146.4
76158,146.6
76159,146.2
76160,145.7
76161,144.9
76162,146.0
76163,148.9
76164,149.1
76165,147.3
76166,147.6
76167,147.8
76168,145.1
76169,145.4
76170,145.4
76171,145.1
76172,146.6
76173,143.5
76174,145.0
76175,148.6
76176,147.1
76177,148.2
76178,148.3
76179,147.5
76180,146.9
76181,146.4
76182,147.2
76183,147.0
76184,147.8
76185,148.2
76186,147.3
76187,145.4
76188,147.1
76189,147.9
76190,145.2
76191,146.9
76192,148.2
76193,147.5
76194,145.7
76195,145.7
76196,148.8
76197,145.9
76198,145.9
76199,146.4
76200,145.8
76201,149.0
76202,147.4
76203,146.8
76204,149.0
76205,147.3
76206,145.9
76207,145.9
76208,144.7
76209,144.7
76210,145.4
76211,146.6
76212,148.6
76213,148.4
76214,148.3
76215,149.4
76216,148.5
76217,147.0
76218,148.3
76219,147.9
76220,149.0
76221,150.2
76222,146.9
76223,143.4
76224,145.7
76225,147.1
76226,144.3
76227,146.6
76228,146.2
76229,143.1
76230,147.2
76231,147.9
76232,146.6
76233,146.5
76234,146.6
76235,145.9
76236,148.5
76237,147.8
76238,145.6
76239,145.3
76240,144.9
76241,143.4
76242,144.4
76243,147.2
76244,145.2
76245,144.0
76246,145.2
76247,147.0
76248,146.7
76249,146.0
76250,146.6
76251,147.6
76252,150.5
76253,149.9
76254,147.3
76255,145.9
76256,145.7
76257,146.9
76258,147.6
76259,149.2
76260,149.3
76261,147.9
76262,145.4
76263,142.7
76264,148.7
76265,147.6
76266,146.8
76267,146.0
76268,147.8
76269,148.2
76270,146.0
76271,144.2
76272,144.1
76273,145.6
76274,145.4
76275,147.0
76276,147.2
76277,146.7
76278,146.2
76279,146.3
76280,148.3
76281,149.1
76282,147.6
76283,146.5
76284,151.2
76285,151.1
76286,147.2
76287,146.9
76288,146.5
76289,146.7
76290,147.6
76291,147.5
76292,146.7
76293,144.8
76294,144.4
76295,147.3
76296,146.1
76297,145.3
76298,146.8
76299,145.0
76300,145.7
76301,145.8
76302,144.9
76303,145.3
76304,145.9
76305,145.9
76306,145.8
76307,144.8
76308,143.7
76309,146.1
76310,145.7
76311,143.7
76312,144.5
76313,147.2
76314,148.9
76315,147.7
76316,147.4
76317,148.5
76318,148.7
76319,145.0
76320,142.2
76321,143.8
76322,146.2
76323,146.0
76324,144.5
76325,146.7
76326,146.4
76327,143.5
76328,144.1
76329,144.8
76330,146.0
76331,146.4
76332,146.6
76333,142.7
76334,143.5
76335,144.5
76336,145.7
76337,148.1
76338,148.5
76339,147.0
76340,147.7
76341,145.2
76342,146.4
76343,148.6
76344,145.4
76345,145.0
76346,146.7
76347,149.9
76348,149.2
76349,146.2
76350,144.0
76351,144.3
76352,143.8
76353,143.0
76354,145.6
76355,147.7
76356,147.2
76357,147.9
76358,147.3
76359,145.5
76360,146.1
76361,146.2
76362,146.8
76363,147.6
76364,147.9
76365,145.7
76366,143.5
76367,146.5
76368,144.3
76369,143.3
76370,146.7
76371,147.1
76372,145.0
76373,147.1
76374,147.8
76375,146.5
76376,146.5
76377,146.0
76378,145.0
76379,146.0
76380,147.3
76381,147.1
76382,146.7
76383,144.6
76384,146.5
76385,149.8
76386,149.6
76387,149.2
76388,146.5
76389,144.5
76390,145.3
76391,146.8
76392,146.5
76393,147.2
76394,148.0
76395,145.7
76396,145.3
76397,147.1
76398,148.2
76399,147.7
76400,147.1
76401,146.9
76402,146.9
76403,146.7
76404,144.6
76405,145.3
76406,146.3
76407,144.3
76408,145.7
76409,146.8
76410,145.6
76411,146.2
76412,148.5
76413,149.6
76414,149.0
76415,147.3
76416,147.5
76417,148.5
76418,146.8
76419,148.2
76420,148.3
76421,147.2
76422,148.4
76423,147.4
76424,147.4
76425,147.6
76426,147.1
76427,147.3
76428,144.6
76429,144.9
76430,147.8
76431,146.6
76432,145.0
76433,144.1
76434,146.0
76435,148.8
76436,150.1
76437,149.2
76438,145.5
76439,143.7
76440,144.6
76441,146.9
76442,150.1
76443,148.2
76444,146.0
76445,148.5
76446,147.9
76447,145.7
76448,145.6
76449,144.6
76450,145.9
76451,147.3
76452,145.8
76453,146.2
76454,145.6
76455,143.9
76456,144.3
76457,146.3
76458,146.2
76459,142.2
76460,144.3
76461,147.5
76462,146.2
76463,145.4
76464,143.9
76465,144.8
76466,143.9
76467,144.9
76468,149.2
76469,147.7
76470,144.5
76471,144.5
76472,147.2
76473,145.8
76474,146.3
76475,147.6
76476,144.4
76477,143.2
76478,145.0
76479,145.0
76480,144.6
76481,146.7
76482,148.8
76483,147.2
76484,147.4
76485,146.2
76486,143.4
76487,144.0
76488,146.0
76489,146.8
76490,147.2
76491,147.2
76492,145.8
76493,145.9
76494,147.1
76495,146.6
76496,145.2
76497,146.9
76498,148.9
76499,146.6
76500,146.2
76501,145.7
76502,144.2
76503,144.4
76504,145.8
76505,147.8
76506,151.8
76507,147.8
76508,145.0
76509,146.2
76510,145.4
76511,144.8
76512,144.3
76513,145.5
76514,147.6
76515,145.4
76516,142.3
76517,143.1
76518,146.1
76519,147.2
76520,148.6
76521,149.7
76522,147.9
76523,146.4
76524,147.0
76525,147.3
76526,146.6
76527,145.5
76528,145.2
76529,145.1
76530,144.7
76531,146.6
76532,147.2
76533,144.4
76534,148.1
76535,149.1
76536,146.4
76537,148.4
76538,148.4
76539,148.4
76540,147.0
76541,146.1
76542,147.6
76543,147.8
76544,146.2
76545,147.0
76546,145.4
76547,145.5
76548,146.4
76549,147.5
76550,147.4
76551,144.6
76552,144.5
76553,146.9
76554,146.4
76555,142.9
76556,145.5
76557,147.6
76558,145.5
76559,145.2
76560,145.5
76561,147.7
76562,148.4
76563,148.4
76564,148.4
76565,146.2
