NETCARE2015/data/raw/Flight6/CO_POLAR6_20150411_R1_NETCARE.ict
34, 1001
Bozem, Heiko; Hoor, Peter
Institute for Atmospheric Physics, Johannes Gutenberg University, Mainz, Germany
CO mixing ratio from AL5002 CO analyzer
NETCARE Polar 6 Campaign 2015
1, 1
2015, 04, 11, 2015, 08, 15
1
Time_UTC, seconds
1
1
-9999.9
CO_ppbv, ppbv
0
19
PI_CONTACT_INFO: Address: Johann-Joachim-Becherweg 21, 55128 Mainz, email: bozemh@uni-mainz.de; hoor@uni-mainz.de
PLATFORM: Polar 6
LOCATION: GPS location and altitude available at 1 Hz resolution in separate file (See AIMMS files under Aircraft data and meteorology)
ASSOCIATED_DATA: N/A
INSTRUMENT_INFO: CO measurements based on the fluorescence of CO in the VUV at 150 nm
DATA_INFO: Units are ppbv
UNCERTAINTY RELATIVE TO STANDARD: 2.3 ppbv at 1 sigma confidence (before drift correction is applied)
ULOD_FLAG: -7777
ULOD_VALUE: N/A
LLOD_FLAG: -8888
LLOD_VALUE: 1.5 
DM_CONTACT_INFO: N/A
PROJECT_INFO: NETCARE Polar 6 aircraft campaign in April 2015; Eureka
STIPULATIONS_ON_USE: N/A
OTHER_COMMENTS: N/A
REVISION: R1
R0: Preliminary data, corrected for instrument drift
R1: Final data, corrected for instrument drift
Time_UTC,CO_ppbv
[from data line 6555]
64003,141.3
64004,143.3
64005,145.8
64006,141.0
64007,140.4
64008,142.6
64009,142.9
64010,141.5
64011,141.2
64012,142.5
64013,142.2
64014,146.3
64015,142.4
64016,141.3
64017,145.3
64018,144.9
64019,140.2
64020,138.4
64021,139.6
64022,140.7
64023,141.3
64024,141.4
64025,-9999.9
64026,-9999.9
64027,-9999.9
64028,-9999.9
64029,-9999.9
64030,-9999.9
64031,-9999.9
64032,-9999.9
64033,-9999.9
64034,-9999.9
64035,-9999.9
64036,-9999.9
64037,-9999.9
64038,-9999.9
64039,-9999.9
64040,-9999.9
64041,-9999.9
64042,-9999.9
64043,-9999.9
64044,-9999.9
64045,-9999.9
64046,-9999.9
64047,-9999.9
64048,-9999.9
64049,-9999.9
64050,-9999.9
64051,-9999.9
64052,-9999.9
64053,-9999.9
64054,-9999.9
64055,-9999.9
64056,-9999.9
64057,-9999.9
64058,-9999.9
64059,-9999.9
64060,-9999.9
64061,-9999.9
64062,-9999.9
64063,-9999.9
64064,-9999.9
64065,-9999.9
64066,-9999.9
64067,-9999.9
64068,-9999.9
64069,-9999.9
64070,-9999.9
64071,-9999.9
64072,-9999.9
64073,-9999.9
64074,-9999.9
64075,-9999.9
64076,-9999.9
64077,-9999.9
64078,-9999.9
64079,-9999.9
64080,-9999.9
64081,-9999.9
64082,-9999.9
64083,-9999.9
64084,-9999.9
64085,-9999.9
64086,-9999.9
64087,-9999.9
64088,-9999.9
64089,-9999.9
64090,-9999.9
64091,-9999.9
64092,-9999.9
64093,-9999.9
64094,-9999.9
64095,-9999.9
64096,-9999.9
64097,-9999.9
64098,-9999.9
64099,-9999.9
64100,-9999.9
64101,-9999.9
64102,-9999.9
64103,-9999.9
64104,-9999.9
64105,-9999.9
64106,-9999.9
64107,-9999.9
64108,-9999.9
64109,-9999.9
64110,-9999.9
64111,-9999.9
64112,-9999.9
64113,-9999.9
64114,-9999.9
64115,-9999.9
64116,-9999.9
64117,-9999.9
64118,-9999.9
64119,-9999.9
64120,-9999.9
64121,-9999.9
64122,-9999.9
64123,-9999.9
64124,-9999.9
64125,-9999.9
64126,-9999.9
64127,-9999.9
64128,-9999.9
64129,-9999.9
64130,-9999.9
64131,-9999.9
64132,-9999.9
64133,-9999.9
64134,-9999.9
64135,-9999.9
64136,-9999.9
64137,-9999.9
64138,-9999.9
64139,-9999.9
64140,-9999.9
64141,-9999.9
64142,-9999.9
64143,-9999.9
64144,-9999.9
64145,-9999.9
64146,-9999.9
64147,-9999.9
64148,-9999.9
64149,-9999.9
64150,142.0
64151,142.0
64152,142.0
64153,140.2
64154,141.2
64155,141.8
64156,143.5
64157,145.5
64158,141.4
64159,139.0
64160,143.5
64161,139.2
64162,136.3
64163,141.4
64164,141.0
64165,140.2
64166,140.3
64167,141.8
64168,141.1
64169,140.0
64170,143.0
64171,142.5
64172,139.6
64173,140.9
64174,142.8
64175,142.8
64176,142.0
64177,138.4
64178,139.0
64179,141.5
64180,141.2
64181,141.8
64182,143.7
64183,143.3
64184,139.7
64185,141.6
64186,145.0
64187,137.7
64188,138.5
64189,138.6
64190,140.1
64191,140.8
64192,140.2
64193,142.9
64194,143.7
64195,143.9
64196,142.9
64197,138.6
64198,139.4
64199,142.3
64200,140.3
64201,140.3
64202,142.9
64203,142.6
64204,142.3
64205,142.2
64206,141.9
64207,142.2
64208,139.5
64209,138.6
64210,139.2
64211,139.7
64212,140.1
64213,138.3
64214,140.5
64215,142.3
64216,141.8
64217,141.4
64218,140.9
64219,142.2
64220,142.0
64221,140.3
64222,138.3
64223,140.0
64224,141.3
64225,142.6
64226,142.5
64227,139.8
64228,139.8
64229,140.6
64230,139.8
64231,139.4
64232,138.6
64233,139.0
64234,138.5
64235,140.6
64236,142.5
64237,140.3
64238,140.1
64239,139.8
64240,140.5
64241,138.3
64242,137.6
64243,140.9
64244,141.7
64245,140.4
64246,140.2
64247,139.6
64248,136.9
64249,138.2
64250,141.7
64251,144.5
64252,140.6
64253,137.1
64254,137.3
64255,135.4
64256,136.9
64257,139.5
64258,139.5
64259,137.8
64260,139.1
64261,140.7
64262,142.1
64263,138.3
64264,138.0
64265,139.8
64266,141.6
64267,142.9
64268,139.6
64269,140.1
64270,141.8
64271,140.0
64272,140.7
64273,142.3
64274,140.6
64275,137.9
64276,135.9
64277,136.6
64278,138.8
64279,139.7
64280,141.9
64281,143.6
64282,142.9
64283,140.9
64284,139.7
64285,140.0
64286,139.5
64287,140.4
64288,138.9
64289,137.0
64290,138.3
64291,138.5
64292,139.8
64293,137.2
64294,139.2
64295,143.1
64296,140.4
64297,141.0
64298,142.2
64299,140.3
64300,138.6
64301,142.0
64302,143.1
64303,139.5
64304,139.5
64305,141.1
64306,142.5
64307,141.9
64308,140.1
64309,139.9
64310,139.4
64311,140.0
64312,139.9
64313,140.2
64314,139.2
64315,137.5
64316,140.5
64317,140.5
64318,139.4
64319,140.1
64320,138.3
64321,138.8
64322,140.8
64323,139.5
64324,138.6
64325,141.6
64326,142.0
64327,140.7
64328,138.9
64329,139.1
64330,140.5
64331,142.2
64332,140.6
64333,140.3
64334,141.5
64335,139.7
64336,139.2
64337,140.6
64338,140.4
64339,141.5
64340,144.0
64341,143.3
64342,140.3
64343,139.3
64344,141.6
64345,139.2
64346,136.3
64347,136.6
64348,137.7
64349,140.9
64350,140.0
64351,141.2
64352,144.1
64353,142.4
64354,140.6
64355,140.3
64356,139.6
64357,139.2
64358,139.8
64359,138.6
64360,138.6
64361,137.9
64362,138.5
64363,140.5
64364,139.2
64365,137.9
64366,139.2
64367,138.6
64368,139.6
64369,141.4
64370,141.2
64371,140.9
64372,140.7
64373,139.1
64374,140.5
64375,140.4
64376,137.4
64377,138.7
64378,140.2
64379,140.3
64380,138.2
64381,136.5
64382,138.0
64383,138.2
64384,138.7
64385,142.0
64386,141.3
64387,140.3
64388,141.7
64389,140.4
64390,138.1
64391,139.6
64392,141.4
64393,139.3
64394,139.3
64395,143.2
64396,140.7
64397,138.0
64398,137.9
64399,141.1
64400,141.8
64401,140.0
64402,142.1
64403,141.1
64404,140.7
64405,138.9
64406,137.2
64407,139.1
64408,139.5
64409,139.9
64410,142.0
64411,142.6
64412,142.6
64413,143.0
64414,142.4
64415,142.1
64416,140.5
64417,141.4
64418,141.4
64419,139.5
64420,140.0
64421,142.7
64422,141.0
64423,138.7
64424,141.4
64425,143.4
64426,141.6
64427,141.3
64428,143.0
64429,139.0
64430,139.0
64431,138.2
64432,139.2
64433,140.4
64434,141.2
64435,140.0
64436,137.2
64437,137.9
64438,139.4
64439,138.4
64440,138.0
64441,138.9
64442,138.0
64443,139.5
64444,139.3
64445,138.5
64446,139.8
64447,138.7
64448,138.1
64449,137.1
64450,137.8
64451,138.9
64452,139.4
64453,138.5
64454,137.8
64455,139.0
64456,139.4
64457,139.1
64458,138.8
64459,139.6
64460,139.4
64461,140.0
64462,140.6
64463,138.2
64464,137.4
64465,138.6
64466,141.8
64467,140.8
64468,138.0
64469,137.6
64470,138.9
64471,138.4
64472,138.6
64473,139.8
64474,140.3
64475,139.5
64476,138.3
64477,140.4
64478,139.7
64479,140.5
64480,140.7
64481,138.0
64482,140.7
64483,142.0
64484,141.2
64485,140.3
64486,139.9
64487,140.6
64488,140.5
64489,139.8
64490,139.5
64491,139.9
64492,140.3
64493,138.6
64494,137.8
64495,140.2
64496,139.9
64497,138.9
64498,140.9
64499,139.2
64500,137.0
64501,137.9
64502,140.4
64503,141.1
64504,139.6
64505,139.1
64506,139.0
64507,139.6
64508,140.6
64509,140.1
64510,139.9
64511,139.9
64512,139.3
64513,138.6
64514,141.0
64515,142.5
64516,141.1
64517,139.1
64518,137.2
64519,139.2
64520,139.4
64521,140.4
64522,141.9
64523,138.8
64524,137.5
64525,141.2
64526,141.8
64527,139.5
64528,140.9
64529,141.7
64530,140.8
64531,140.8
64532,140.6
64533,138.0
64534,137.6
64535,140.4
64536,140.6
64537,139.3
64538,139.8
64539,140.7
64540,140.4
64541,140.9
64542,139.6
64543,139.9
64544,141.2
64545,141.2
64546,141.6
64547,140.8
64548,141.4
64549,142.4
64550,141.6
64551,141.8
64552,141.8
64553,141.2
64554,141.3
64555,143.0
64556,143.6
64557,139.7
64558,138.8
64559,139.8
64560,141.6
64561,141.7
64562,140.5
64563,141.9
64564,140.9
64565,139.5
64566,142.7
64567,143.9
64568,143.0
64569,143.0
64570,141.8
64571,140.3
64572,141.6
64573,140.8
64574,140.4
64575,141.0
64576,142.3
64577,141.9
64578,139.9
64579,140.9
64580,141.9
64581,141.6
64582,142.3
64583,143.1
64584,143.7
64585,142.2
64586,141.7
64587,139.0
64588,139.4
64589,142.9
64590,141.8
64591,141.5
64592,140.9
64593,140.4
64594,139.9
64595,141.1
64596,140.8
64597,138.9
64598,142.9
64599,145.1
64600,143.8
64601,140.9
64602,141.2
64603,140.1
64604,139.5
64605,140.1
64606,139.5
64607,138.7
64608,142.6
64609,143.3
64610,140.3
64611,137.6
64612,136.8
64613,139.4
64614,138.6
64615,139.2
64616,141.8
64617,141.2
64618,141.2
64619,140.4
64620,138.6
64621,139.8
64622,140.8
64623,142.1
64624,141.6
64625,140.2
64626,141.7
64627,141.1
64628,139.6
64629,142.7
64630,142.2
64631,138.6
64632,138.6
64633,140.4
64634,141.8
64635,144.8
64636,143.4
64637,143.8
64638,143.8
64639,140.1
64640,140.5
64641,142.0
64642,142.3
64643,142.9
64644,142.6
64645,143.5
64646,141.5
64647,139.3
64648,138.9
64649,139.3
64650,140.9
64651,139.4
64652,139.6
64653,139.7
64654,138.9
64655,141.5
64656,141.7
64657,139.6
64658,139.1
64659,141.8
64660,143.8
64661,142.8
64662,141.8
64663,144.0
64664,143.7
64665,142.1
64666,143.3
64667,143.4
64668,143.1
64669,138.6
64670,138.6
64671,139.1
64672,138.3
64673,139.7
64674,143.2
64675,144.3
64676,141.9
64677,139.2
64678,139.8
64679,140.4
64680,139.4
64681,142.1
64682,144.9
64683,143.6
64684,141.6
64685,140.2
64686,142.4
64687,142.3
64688,139.6
64689,141.9
64690,143.1
64691,140.9
64692,140.4
64693,140.7
64694,141.9
64695,143.5
64696,143.8
64697,145.0
64698,145.0
64699,142.9
64700,143.1
64701,143.5
64702,141.4
64703,141.6
64704,143.2
64705,138.7
64706,139.9
64707,142.0
64708,142.2
64709,140.1
64710,137.8
64711,139.0
64712,141.6
64713,139.7
64714,138.5
64715,140.7
64716,142.1
64717,142.9
64718,142.9
64719,142.5
64720,140.3
64721,139.2
64722,142.2
64723,142.6
64724,142.7
64725,144.2
64726,145.9
64727,144.0
64728,140.8
64729,140.1
64730,141.2
64731,141.7
64732,140.9
64733,141.7
64734,141.6
64735,141.0
64736,142.1
64737,141.4
64738,139.2
64739,144.4
64740,142.7
64741,139.7
64742,142.6
64743,143.4
64744,140.6
64745,140.5
64746,139.8
64747,138.8
64748,139.2
64749,137.4
64750,137.4
64751,143.1
64752,143.6
64753,141.9
64754,141.6
64755,142.2
64756,140.1
64757,138.1
64758,140.7
64759,142.3
64760,142.7
64761,142.4
64762,141.4
64763,141.5
64764,141.0
64765,141.2
64766,142.0
64767,139.4
64768,140.7
64769,141.9
64770,139.9
64771,140.6
64772,142.2
64773,143.3
64774,144.1
64775,142.4
64776,143.3
64777,144.5
64778,142.4
64779,140.9
64780,141.2
64781,143.7
64782,143.1
64783,142.6
64784,141.6
64785,141.5
64786,142.3
64787,141.8
64788,143.2
64789,143.9
64790,142.4
64791,140.9
64792,139.4
64793,139.4
64794,141.3
64795,141.4
64796,141.6
64797,141.6
64798,142.3
64799,142.3
64800,142.1
64801,141.0
64802,141.4
64803,142.5
64804,141.1
64805,142.1
64806,144.3
64807,145.0
64808,142.5
64809,143.1
64810,144.8
64811,143.3
64812,142.0
64813,145.9
64814,144.5
64815,140.9
64816,140.3
64817,139.0
64818,140.5
64819,141.4
64820,141.0
64821,140.1
64822,140.1
64823,141.7
64824,142.0
64825,140.6
64826,141.1
64827,141.1
64828,140.5
64829,140.9
64830,140.4
64831,140.5
64832,139.4
64833,139.0
64834,140.9
64835,144.4
64836,141.4
64837,140.5
64838,141.8
64839,139.9
64840,139.6
64841,138.2
64842,137.3
64843,140.2
64844,141.0
64845,140.6
64846,140.8
64847,140.3
64848,141.6
64849,143.9
64850,143.1
64851,141.2
64852,143.8
64853,144.1
64854,142.0
64855,140.8
64856,137.6
64857,138.5
64858,139.5
64859,140.1
64860,139.9
64861,137.0
64862,139.4
64863,140.0
64864,141.4
64865,140.9
64866,138.3
64867,141.5
64868,140.4
64869,138.4
64870,139.8
64871,140.3
64872,139.9
64873,141.7
64874,142.7
64875,141.8
64876,141.8
64877,142.5
64878,142.3
64879,143.7
64880,145.4
64881,144.1
64882,141.2
64883,140.4
64884,141.0
64885,141.5
64886,143.6
64887,143.6
64888,142.7
64889,143.7
64890,142.0
64891,141.7
64892,141.8
64893,141.5
64894,141.2
64895,142.9
64896,142.0
64897,137.4
64898,139.3
64899,142.1
64900,140.4
64901,138.0
64902,138.3
64903,139.8
64904,142.5
64905,143.5
64906,142.8
64907,142.0
64908,141.0
64909,141.9
64910,143.0
64911,142.1
64912,142.1
64913,140.7
64914,143.1
64915,142.7
64916,139.3
64917,141.1
64918,142.3
64919,142.4
64920,144.1
64921,145.4
64922,142.7
64923,140.0
64924,140.0
64925,139.9
64926,141.2
64927,142.7
64928,141.5
64929,140.5
64930,141.7
64931,141.8
64932,140.1
64933,140.6
64934,142.4
64935,141.8
64936,138.9
64937,139.3
64938,141.5
64939,141.3
64940,142.2
64941,142.7
64942,142.2
64943,141.8
64944,140.7
64945,140.7
64946,140.7
64947,143.8
64948,144.7
64949,142.8
64950,141.0
64951,144.1
64952,143.6
64953,141.9
64954,144.0
64955,143.7
64956,140.5
64957,140.7
64958,142.8
64959,142.7
64960,141.3
64961,141.3
64962,143.8
64963,143.5
64964,144.4
64965,144.7
64966,139.8
64967,139.8
64968,141.4
64969,138.8
64970,140.1
64971,142.5
64972,142.5
64973,138.9
64974,136.1
64975,138.8
64976,139.0
64977,138.3
64978,139.3
64979,138.4
64980,137.5
64981,135.8
64982,138.3
64983,139.3
64984,138.6
64985,139.4
64986,139.3
64987,140.5
64988,141.2
64989,139.0
64990,138.1
64991,136.8
64992,138.4
64993,141.4
64994,142.9
64995,142.9
64996,140.5
64997,138.1
64998,137.4
64999,140.4
65000,141.9
65001,139.4
65002,137.2
65003,138.1
65004,140.5
65005,141.3
65006,141.4
65007,140.8
65008,140.0
65009,142.3
65010,143.6
65011,141.5
65012,141.0
65013,140.3
65014,138.2
65015,143.9
65016,144.9
65017,143.0
65018,141.1
65019,140.3
65020,137.6
65021,139.4
65022,141.7
65023,140.1
65024,140.5
65025,140.6
65026,141.6
65027,142.6
65028,138.5
65029,140.3
65030,142.7
65031,139.7
65032,140.7
65033,143.0
65034,140.5
65035,137.1
65036,138.3
65037,141.3
65038,141.6
65039,140.9
65040,141.0
65041,139.3
65042,138.2
65043,139.9
65044,142.9
65045,142.1
65046,138.0
65047,137.6
65048,140.0
65049,141.3
65050,142.8
65051,140.3
65052,138.2
65053,139.2
65054,139.3
65055,139.0
65056,139.3
65057,140.0
65058,138.2
65059,136.6
65060,138.3
65061,141.4
65062,142.8
65063,143.0
65064,140.9
65065,138.5
65066,138.9
65067,140.4
65068,142.4
65069,141.4
65070,140.7
65071,141.6
65072,140.6
65073,140.4
65074,141.1
65075,140.1
65076,139.4
65077,141.9
65078,142.4
65079,138.7
65080,138.7
65081,141.2
65082,139.3
65083,136.3
65084,142.2
65085,140.3
65086,139.5
65087,141.8
65088,140.5
65089,138.4
65090,136.7
65091,138.7
65092,143.0
65093,142.4
65094,142.3
65095,141.0
65096,138.1
65097,139.6
65098,141.7
65099,140.8
65100,140.6
65101,140.0
65102,139.8
65103,141.2
65104,142.6
65105,142.3
65106,141.4
65107,141.9
65108,142.4
65109,142.1
65110,138.8
65111,137.7
65112,139.6
65113,139.4
65114,138.8
65115,138.8
65116,138.6
65117,138.3
65118,138.6
65119,139.4
65120,141.7
65121,142.5
65122,141.5
65123,142.0
65124,143.2
65125,143.3
65126,142.9
65127,143.1
65128,142.2
65129,138.6
65130,139.0
65131,141.0
65132,140.0
65133,140.0
65134,139.5
65135,139.9
65136,140.0
65137,140.5
65138,141.7
65139,140.8
65140,140.5
65141,140.0
65142,139.4
65143,141.7
65144,139.6
65145,137.4
65146,139.0
65147,143.7
65148,145.4
65149,142.8
65150,142.0
65151,143.0
65152,144.8
65153,142.0
65154,141.6
65155,140.3
65156,139.5
65157,140.4
65158,141.0
65159,143.9
65160,143.5
65161,141.0
65162,142.4
65163,142.0
65164,141.5
65165,140.3
65166,138.5
65167,138.9
65168,142.0
65169,142.7
65170,140.5
65171,140.0
65172,138.1
65173,138.4
65174,140.9
65175,139.3
65176,138.4
65177,138.7
65178,139.7
65179,141.8
65180,141.8
65181,141.6
65182,144.0
65183,142.1
65184,138.5
65185,140.7
65186,142.5
65187,139.7
65188,140.8
65189,140.9
65190,138.5
65191,137.5
65192,138.2
65193,140.2
65194,140.6
65195,139.6
65196,138.3
65197,141.5
65198,142.9
65199,139.5
65200,140.4
65201,142.1
65202,141.3
65203,139.2
65204,140.1
65205,140.5
65206,141.8
65207,141.8
65208,140.5
65209,139.9
65210,140.3
65211,138.4
65212,137.1
65213,140.9
65214,143.3
65215,141.2
65216,137.3
65217,137.5
65218,141.3
65219,142.6
65220,141.4
65221,143.3
65222,143.3
65223,138.9
65224,140.2
65225,140.0
65226,137.1
65227,138.2
65228,140.5
65229,138.5
65230,139.5
65231,141.7
65232,139.8
65233,139.5
65234,138.9
65235,140.0
65236,142.3
65237,139.5
65238,138.6
65239,138.9
65240,139.2
65241,140.6
65242,142.3
65243,140.1
65244,136.1
65245,139.9
65246,140.5
65247,137.6
65248,140.3
65249,143.6
65250,140.8
65251,138.4
65252,140.4
65253,139.2
65254,139.1
65255,141.6
65256,142.0
65257,139.7
65258,139.2
65259,139.7
65260,141.2
65261,142.2
65262,141.5
65263,138.8
65264,139.4
65265,141.6
65266,142.9
65267,144.0
65268,142.9
65269,143.3
65270,141.0
65271,140.4
65272,140.6
65273,139.0
65274,140.9
65275,141.5
65276,139.4
65277,140.0
65278,143.3
65279,141.8
65280,140.5
65281,142.0
65282,141.8
65283,141.9
65284,141.5
65285,140.7
65286,140.4
65287,140.3
65288,141.5
65289,143.0
65290,143.7
65291,143.8
65292,142.7
65293,141.0
65294,139.3
65295,139.2
65296,140.0
65297,138.8
65298,139.3
65299,141.6
65300,140.1
65301,138.9
65302,140.7
65303,141.8
65304,141.2
65305,143.1
65306,143.6
65307,141.3
65308,141.3
65309,140.6
65310,141.9
65311,139.9
65312,137.9
65313,139.9
65314,139.9
