NETCARE2015/data/raw/Flight6/CPC3772_POLAR6_20150411_r2_NETCARE.ict
35,1001
Abbatt,Jon
University of Toronto
Polar 6
NETCARE
1,1
2015,4,11,2017,8,16
1
time,seconds,seconds from start in UTC
1
1
-99999
conc,number of particles per cm3
0
20
PI_CONTACT_INFO: 80 St. George Street; Toronto; ON M5S 3H6 CANADA; email: jabbatt@chem.utoronto.ca
PLATFORM: Polar 6 aircraft
LOCATION: European Arctic near Svalbard
ASSOCIATED_DATA: none
INSTRUMENT_INFO: Condensation Particle Counter Model 3772 is an instrument that detects airborne particles down to 10 nm at an aerosol flow rate of 1.0 L/min, over a concentration range from 0 to 10^4 particles/cm^3 
DATA_INFO: all relevant information is given above
UNCERTAINTY:  ±10% of measured value
ULOD_FLAG: -7777
ULOD_VALUE: N/As
LLOD_FLAG: -8888
LLOD_VALUE: N/A
DM_CONTACT_INFO: Data collected by Julia Burkart. Please direct all correspondence to Jon Abbatt: jabbatt@chem.utoronto.ca
PROJECT_INFO: Polar 6 NETCARE Spring 2015 campaign
STIPULATIONS_ON_USE: N/A
OTHER_COMMENTS: N/A
REVISION: R2, R1, R0
R2: zero and filter measurements are removed
R1: uncorrected raw data
R0: raw data
time,conc
[from data line 14103]
71551,204
71552,205
71553,205
71554,204
71555,212
71556,209
71557,207
71558,211
71559,204
71560,212
71561,203
71562,206
71563,207
71564,210
71565,212
71566,212
71567,203
71568,211
71569,212
71570,204
71571,213
71572,210
71573,214
71574,207
71575,211
71576,207
71577,203
71578,206
71579,208
71580,204
71581,205
71582,200
71583,209
71584,203
71585,209
71586,209
71587,203
71588,201
71589,208
71590,206
71591,209
71592,204
71593,203
71594,200
71595,203
71596,205
71597,203
71598,209
71599,212
71600,207
71601,211
71602,209
71603,208
71604,203
71605,207
71606,210
71607,208
71608,209
71609,211
71610,211
71611,210
71612,210
71613,214
71614,206
71615,212
71616,212
71617,203
71618,206
71619,209
71620,207
71621,208
71622,210
71623,209
71624,203
71625,204
71626,203
71627,201
71628,207
71629,207
71630,210
71631,210
71632,201
71633,207
71634,210
71635,211
71636,210
71637,210
71638,205
71639,208
71640,206
71641,210
71642,207
71643,207
71644,210
71645,212
71646,211
71647,207
71648,220
71649,214
71650,206
71651,208
71652,208
71653,213
71654,212
71655,209
71656,212
71657,211
71658,207
71659,212
71660,214
71661,207
71662,207
71663,212
71664,208
71665,207
71666,209
71667,211
71668,211
71669,210
71670,210
71671,202
71672,205
71673,208
71674,205
71675,213
71676,207
71677,209
71678,206
71679,198
71680,201
71681,199
71682,199
71683,208
71684,202
71685,200
71686,208
71687,201
71688,207
71689,198
71690,207
71691,205
71692,206
71693,204
71694,204
71695,205
71696,209
71697,203
71698,207
71699,209
71700,205
71701,211
71702,205
71703,204
71704,199
71705,214
71706,205
71707,205
71708,207
71709,207
71710,207
71711,210
71712,205
71713,215
71714,204
71715,210
71716,207
71717,213
71718,213
71719,208
71720,210
71721,212
71722,220
71723,209
71724,209
71725,209
71726,213
71727,202
71728,207
71729,211
71730,208
71731,210
71732,214
71733,211
71734,205
71735,210
71736,210
71737,207
71738,213
71739,214
71740,199
71741,209
71742,203
71743,198
71744,201
71745,199
71746,200
71747,201
71748,194
71749,203
71750,200
71751,193
71752,199
71753,194
71754,198
71755,201
71756,194
71757,195
71758,201
71759,195
71760,197
71761,200
71762,206
71763,204
71764,201
71765,208
71766,209
71767,208
71768,209
71769,211
71770,210
71771,212
71772,208
71773,209
71774,215
71775,210
71776,209
71777,216
71778,215
71779,211
71780,220
71781,216
71782,232
71783,220
71784,225
71785,214
71786,214
71787,217
71788,222
71789,222
71790,214
71791,215
71792,219
71793,212
71794,203
71795,210
71796,206
71797,207
71798,205
71799,203
71800,205
71801,208
71802,203
71803,207
71804,214
71805,220
71806,224
71807,224
71808,224
71809,221
71810,221
71811,214
71812,204
71813,205
71814,205
71815,203
71816,201
71817,196
71818,194
71819,191
71820,191
71821,186
71822,189
71823,191
71824,186
71825,184
71826,185
71827,187
71828,185
71829,188
71830,188
71831,182
71832,179
71833,181
71834,186
71835,180
71836,181
71837,179
71838,178
71839,181
71840,176
71841,175
71842,179
71843,172
71844,177
71845,178
71846,172
71847,174
71848,168
71849,171
71850,169
71851,172
71852,172
71853,171
71854,165
71855,162
71856,161
71857,166
71858,160
71859,163
71860,168
71861,165
71862,165
71863,158
71864,159
71865,166
71866,162
71867,161
71868,163
71869,164
71870,159
71871,164
71872,166
71873,162
71874,160
71875,157
71876,159
71877,166
71878,161
71879,158
71880,161
71881,164
71882,158
71883,159
71884,161
71885,156
71886,164
71887,166
71888,165
71889,166
71890,172
71891,165
71892,162
71893,165
71894,165
71895,172
71896,160
71897,171
71898,166
71899,170
71900,168
71901,172
71902,166
71903,168
71904,171
71905,169
71906,164
71907,171
71908,165
71909,174
71910,173
71911,168
71912,165
71913,171
71914,171
71915,170
71916,170
71917,170
71918,173
71919,171
71920,172
71921,168
71922,172
71923,172
71924,171
71925,168
71926,171
71927,171
71928,169
71929,173
71930,167
71931,171
71932,168
71933,159
71934,172
71935,171
71936,168
71937,166
71938,165
71939,165
71940,170
71941,162
71942,159
71943,165
71944,165
71945,169
71946,169
71947,166
71948,173
71949,169
71950,167
71951,169
71952,170
71953,168
71954,162
71955,162
71956,162
71957,164
71958,166
71959,165
71960,165
71961,167
71962,166
71963,170
71964,165
71965,171
71966,170
71967,171
71968,171
71969,168
71970,169
71971,168
71972,173
71973,176
71974,172
71975,166
71976,168
71977,175
71978,171
71979,172
71980,167
71981,173
71982,169
71983,171
71984,171
71985,167
71986,173
71987,167
71988,170
71989,174
71990,173
71991,171
71992,166
71993,177
71994,173
71995,182
71996,176
71997,172
71998,180
71999,173
72000,176
72001,182
72002,185
72003,184
72004,175
72005,178
72006,174
72007,184
72008,173
72009,180
72010,181
72011,178
72012,177
72013,181
72014,183
72015,184
72016,190
72017,189
72018,194
72019,199
72020,199
72021,194
72022,190
72023,201
72024,200
72025,196
72026,197
72027,197
72028,198
72029,195
72030,184
72031,181
72032,183
72033,184
72034,180
72035,176
72036,181
72037,177
72038,184
72039,188
72040,197
72041,199
72042,201
72043,213
72044,214
72045,220
72046,226
72047,233
72048,234
72049,245
72050,257
72051,270
72052,269
72053,294
72054,325
72055,384
72056,447
72057,466
72058,495
72059,572
72060,677
72061,755
72062,807
72063,844
72064,832
72065,751
72066,717
72067,742
72068,745
72069,751
72070,736
72071,708
72072,656
72073,612
72074,631
72075,638
72076,685
72077,684
72078,673
72079,670
72080,684
72081,631
72082,636
72083,658
72084,629
72085,631
72086,633
72087,665
72088,696
72089,769
72090,785
72091,791
72092,806
72093,805
72094,807
72095,813
72096,806
72097,812
72098,800
72099,806
72100,794
72101,794
72102,789
72103,756
72104,760
72105,747
72106,746
72107,768
72108,791
72109,824
72110,818
72111,816
72112,793
72113,746
72114,730
72115,727
72116,705
72117,710
72118,759
72119,804
72120,794
72121,750
72122,722
72123,735
72124,719
72125,655
72126,604
72127,548
72128,470
72129,368
72130,328
72131,297
72132,289
72133,297
72134,300
72135,302
72136,309
72137,312
72138,321
72139,327
72140,316
72141,317
72142,311
72143,309
72144,311
72145,298
72146,301
72147,301
72148,296
72149,304
72150,307
72151,304
72152,310
72153,301
72154,308
72155,306
72156,308
72157,306
72158,308
72159,308
72160,309
72161,307
72162,304
72163,309
72164,296
72165,299
72166,296
72167,284
72168,291
72169,276
72170,284
72171,279
72172,282
72173,279
72174,278
72175,283
72176,274
72177,272
72178,280
72179,274
72180,267
72181,278
72182,275
72183,274
72184,271
72185,268
72186,268
72187,268
72188,266
72189,266
72190,275
72191,275
72192,279
72193,277
72194,272
72195,275
72196,279
72197,284
72198,278
72199,282
72200,277
72201,281
72202,286
72203,281
72204,275
72205,283
72206,278
72207,281
72208,285
72209,281
72210,287
72211,280
72212,280
72213,280
72214,284
72215,277
72216,280
72217,287
72218,271
72219,281
72220,276
72221,274
72222,275
72223,272
72224,275
72225,282
72226,269
72227,276
72228,266
72229,273
72230,274
72231,273
72232,272
72233,277
72234,278
72235,281
72236,281
72237,282
72238,291
72239,284
72240,283
72241,288
72242,281
72243,285
72244,276
72245,282
72246,281
72247,280
72248,281
72249,284
72250,286
72251,280
72252,284
72253,278
72254,281
72255,286
72256,291
72257,282
72258,276
72259,284
72260,280
72261,283
72262,288
72263,291
72264,282
72265,291
72266,292
72267,282
72268,287
72269,278
72270,282
72271,287
72272,283
72273,277
72274,283
72275,278
72276,284
72277,284
72278,284
72279,283
72280,286
72281,283
72282,286
72283,282
72284,281
72285,285
72286,285
72287,282
72288,287
72289,290
72290,281
72291,284
72292,281
72293,286
72294,281
72295,282
72296,283
72297,270
72298,274
72299,259
72300,266
72301,266
72302,265
72303,266
72304,257
72305,260
72306,261
72307,258
72308,254
72309,249
72310,248
72311,256
72312,253
72313,263
72314,253
72315,256
72316,258
72317,251
72318,261
72319,250
72320,256
72321,257
72322,257
72323,262
72324,256
72325,265
72326,256
72327,257
72328,261
72329,260
72330,262
72331,263
72332,262
72333,264
72334,253
72335,250
72336,250
72337,252
72338,255
72339,246
72340,251
72341,253
72342,251
72343,249
72344,257
72345,248
72346,250
72347,248
72348,246
72349,254
72350,253
72351,247
72352,253
72353,246
72354,255
72355,248
72356,248
72357,248
72358,247
72359,244
72360,243
72361,260
72362,259
72363,251
72364,254
72365,253
72366,262
72367,254
72368,259
72369,256
72370,252
72371,244
72372,249
72373,258
72374,255
72375,249
72376,253
72377,251
72378,255
72379,247
72380,253
72381,254
72382,246
72383,254
72384,250
72385,254
72386,247
72387,249
72388,249
72389,255
72390,251
72391,252
72392,253
72393,254
72394,248
72395,251
72396,250
72397,241
72398,246
72399,242
72400,245
72401,247
72402,239
72403,243
72404,239
72405,233
72406,240
72407,244
72408,241
72409,243
72410,247
72411,250
72412,261
72413,256
72414,247
72415,254
72416,267
72417,263
72418,256
72419,253
72420,258
72421,250
72422,256
72423,266
72424,266
72425,267
72426,260
72427,262
72428,243
72429,232
72430,221
72431,217
72432,204
72433,204
72434,207
72435,215
72436,217
72437,216
72438,226
72439,238
72440,248
72441,250
72442,243
72443,245
72444,243
72445,244
72446,238
72447,241
72448,248
72449,242
72450,257
72451,256
72452,272
72453,264
72454,274
72455,270
72456,278
72457,289
72458,284
72459,285
72460,282
72461,272
72462,275
72463,274
72464,273
72465,264
72466,256
72467,248
72468,250
72469,246
72470,256
72471,254
72472,260
72473,267
72474,270
72475,287
72476,290
72477,298
72478,295
72479,303
72480,293
72481,293
72482,295
72483,293
72484,295
72485,293
72486,294
72487,296
72488,292
72489,274
72490,284
72491,266
72492,264
72493,272
72494,264
72495,275
72496,269
72497,259
72498,270
72499,257
72500,259
72501,273
72502,269
72503,271
72504,275
72505,274
72506,275
72507,271
72508,264
72509,271
72510,280
72511,283
72512,284
72513,274
72514,279
72515,282
72516,277
72517,280
72518,284
72519,283
72520,278
72521,267
72522,253
72523,248
72524,244
72525,230
72526,224
72527,227
72528,220
72529,213
72530,219
72531,222
72532,218
72533,211
72534,202
72535,202
72536,199
72537,191
72538,199
72539,187
72540,194
72541,195
72542,190
72543,185
72544,184
72545,189
72546,191
72547,182
72548,188
72549,188
72550,185
72551,189
72552,184
72553,188
72554,190
72555,188
72556,187
72557,195
72558,189
72559,187
72560,187
72561,190
72562,190
72563,190
72564,195
72565,193
72566,192
72567,192
72568,191
72569,195
72570,196
72571,192
72572,191
72573,195
72574,195
72575,191
72576,183
72577,188
72578,189
72579,193
72580,189
72581,193
72582,195
72583,194
72584,197
72585,199
72586,198
72587,204
72588,198
72589,203
72590,201
72591,195
72592,194
72593,186
72594,188
72595,184
72596,188
72597,190
72598,187
72599,191
72600,194
72601,192
72602,191
72603,196
72604,194
72605,199
72606,218
72607,232
72608,227
72609,230
72610,222
72611,225
72612,223
72613,228
72614,213
72615,208
72616,219
72617,214
72618,208
72619,217
72620,214
72621,208
72622,210
72623,207
72624,209
72625,206
72626,204
72627,208
72628,208
72629,205
72630,198
72631,198
72632,196
72633,182
72634,182
72635,200
72636,205
72637,205
72638,215
72639,237
72640,250
72641,262
72642,275
72643,275
72644,294
72645,292
72646,280
72647,290
72648,295
72649,302
72650,312
72651,292
72652,278
72653,251
72654,262
72655,282
72656,297
72657,317
72658,332
72659,348
72660,347
72661,362
72662,361
72663,359
72664,359
72665,370
72666,378
72667,370
72668,378
72669,371
72670,381
72671,392
72672,396
72673,404
72674,442
72675,465
72676,500
72677,537
72678,579
72679,611
72680,649
72681,679
72682,676
72683,680
72684,697
72685,688
72686,701
72687,684
72688,691
72689,699
72690,692
72691,705
72692,708
72693,697
72694,686
72695,685
72696,690
72697,674
72698,661
72699,657
72700,639
72701,626
72702,625
72703,624
72704,589
72705,580
72706,557
72707,561
72708,605
72709,624
72710,607
72711,599
72712,586
72713,588
72714,590
72715,592
72716,595
72717,593
72718,603
72719,602
72720,624
72721,621
72722,620
72723,624
72724,607
72725,594
72726,583
72727,578
72728,591
72729,608
72730,588
72731,574
72732,584
72733,550
72734,480
72735,473
72736,463
72737,459
72738,475
72739,477
72740,474
72741,484
72742,487
72743,511
72744,515
72745,445
72746,360
72747,333
72748,329
72749,276
72750,238
72751,219
72752,219
72753,210
72754,197
72755,195
72756,194
72757,190
72758,185
72759,177
72760,178
72761,177
72762,180
72763,185
72764,182
72765,183
72766,176
72767,181
72768,179
72769,178
72770,183
72771,182
72772,173
72773,179
72774,183
72775,175
72776,183
72777,176
72778,178
72779,185
72780,181
72781,176
72782,171
72783,173
72784,175
72785,181
72786,176
72787,179
72788,183
72789,185
72790,188
72791,189
72792,194
72793,199
72794,196
72795,198
72796,197
72797,195
72798,189
72799,186
72800,174
72801,178
72802,163
72803,164
72804,166
72805,164
72806,161
72807,168
72808,169
72809,169
72810,167
72811,161
72812,169
72813,170
72814,167
72815,164
72816,168
72817,167
72818,171
72819,163
72820,173
72821,173
72822,182
72823,183
72824,184
72825,178
72826,181
72827,178
72828,177
72829,180
72830,183
72831,177
72832,185
72833,181
72834,180
72835,181
72836,178
72837,178
72838,179
72839,185
72840,180
72841,179
72842,179
72843,182
72844,184
72845,179
72846,185
72847,179
72848,183
72849,187
72850,181
72851,180
72852,187
72853,172
72854,181
72855,180
72856,184
72857,181
72858,185
72859,178
72860,185
72861,185
72862,184
72863,186
72864,186
72865,179
72866,187
72867,180
72868,191
72869,186
72870,187
72871,187
72872,189
72873,192
72874,194
72875,194
72876,198
72877,198
72878,198
72879,200
72880,211
72881,210
72882,215
72883,222
72884,208
72885,215
72886,209
72887,217
72888,218
72889,211
72890,213
72891,205
72892,212
72893,206
72894,201
72895,193
72896,197
72897,208
72898,214
72899,204
72900,211
72901,207
72902,211
72903,204
72904,191
72905,194
72906,194
72907,203
72908,204
72909,200
72910,201
72911,199
72912,197
72913,192
72914,198
72915,199
72916,199
72917,193
72918,207
72919,207
72920,218
72921,212
72922,212
72923,214
72924,211
72925,215
72926,215
72927,215
72928,214
72929,215
72930,217
72931,215
72932,206
72933,219
72934,213
72935,223
72936,220
72937,220
72938,236
72939,240
72940,243
72941,241
72942,240
72943,243
72944,249
72945,249
72946,246
72947,237
72948,241
72949,232
72950,227
72951,233
72952,242
72953,241
72954,243
72955,246
72956,244
72957,240
72958,236
72959,235
72960,244
72961,234
72962,243
72963,248
72964,245
72965,247
72966,251
72967,247
72968,240
72969,235
72970,235
72971,242
72972,244
72973,256
72974,253
72975,258
72976,253
72977,253
72978,243
72979,248
72980,239
72981,235
72982,241
72983,244
72984,245
72985,236
72986,244
72987,236
72988,-99999
72989,240
72990,238
72991,242
72992,238
72993,244
72994,242
72995,236
72996,230
72997,239
72998,251
72999,241
73000,246
73001,235
73002,244
73003,242
73004,237
73005,242
73006,236
73007,228
73008,235
73009,229
73010,237
73011,229
73012,236
73013,232
73014,229
73015,240
73016,236
73017,232
73018,231
73019,233
73020,228
73021,231
73022,230
73023,227
73024,224
73025,235
73026,228
73027,238
73028,239
73029,235
73030,234
73031,234
73032,229
73033,227
73034,237
73035,231
73036,226
73037,221
73038,222
73039,223
73040,218
73041,222
73042,219
73043,225
73044,225
73045,223
73046,224
73047,226
73048,224
73049,226
73050,224
73051,219
73052,217
73053,228
73054,221
73055,223
73056,221
73057,222
73058,232
73059,218
73060,225
73061,226
73062,223
73063,222
73064,221
73065,220
73066,230
73067,219
73068,229
73069,223
73070,222
73071,221
73072,219
73073,224
73074,222
73075,223
73076,226
73077,227
73078,226
73079,224
73080,223
73081,224
73082,224
73083,216
73084,227
73085,226
73086,220
73087,233
73088,226
73089,231
73090,229
73091,225
73092,227
73093,226
73094,225
73095,228
73096,222
73097,228
73098,225
73099,228
73100,228
73101,225
73102,224
73103,225
73104,225
73105,228
73106,224
73107,225
73108,224
73109,229
73110,224
73111,230
73112,223
73113,222
73114,219
73115,214
73116,211
73117,213
73118,209
73119,217
73120,219
73121,223
73122,229
73123,226
73124,222
73125,216
73126,219
73127,219
73128,222
73129,224
73130,220
73131,223
73132,224
73133,218
73134,217
73135,220
73136,212
73137,212
73138,213
73139,218
73140,218
73141,221
73142,216
73143,221
73144,215
73145,214
73146,224
73147,222
73148,221
73149,215
