NETCARE2015/data/raw/Flight6/CPC3776_POLAR6_20150411_r2_NETCARE.ict
35,1001
Abbatt,Jon
University of Toronto
Polar 6
NETCARE
1,1
2015,4,11,2017,8,16
1
time,seconds,seconds from start in UTC
1
1
-99999
conc,number of particles per cm3
0
20
PI_CONTACT_INFO: 80 St. George Street; Toronto; ON M5S 3H6 CANADA; email: jabbatt@chem.utoronto.ca
PLATFORM: Polar 6 aircraft
LOCATION: European Arctic near Svalbard
ASSOCIATED_DATA: none
INSTRUMENT_INFO: The Ultrafine Condensation Particle Counter 3776 is a continuous-flow instrument that detects particles down to 2.5 nm. It operates at an aerosol flow rate of 50 cm^3/min and detects concentrations from 0 to 300 000 particles/cm^3 with coincidence correction.
DATA_INFO: all relevant information is given above
UNCERTAINTY:  ±10% of measured value
ULOD_FLAG: -7777
ULOD_VALUE: N/As
LLOD_FLAG: -8888
LLOD_VALUE: N/A
DM_CONTACT_INFO: Data collected by Julia Burkart. Please direct all correspondence to Jon Abbatt: jabbatt@chem.utoronto.ca
PROJECT_INFO: Polar 6 NETCARE Spring 2015 campaign
STIPULATIONS_ON_USE: N/A
OTHER_COMMENTS: N/A
REVISION: R2, R1, R0
R2: zero and filter measurements are removed
R1: uncorrected raw data
R0: raw data
time,conc
[from data line 6172]
63620,232
63621,228
63622,228
63623,230
63624,241
63625,233
63626,237
63627,236
63628,235
63629,239
63630,241
63631,239
63632,236
63633,236
63634,239
63635,234
63636,244
63637,244
63638,245
63639,242
63640,241
63641,236
63642,228
63643,222
63644,223
63645,225
63646,221
63647,221
63648,220
63649,221
63650,221
63651,219
63652,220
63653,226
63654,219
63655,225
63656,222
63657,229
63658,226
63659,216
63660,222
63661,226
63662,219
63663,221
63664,217
63665,225
63666,220
63667,213
63668,213
63669,212
63670,210
63671,213
63672,205
63673,208
63674,214
63675,206
63676,211
63677,210
63678,210
63679,199
63680,208
63681,213
63682,209
63683,203
63684,209
63685,214
63686,208
63687,200
63688,201
63689,196
63690,207
63691,200
63692,205
63693,199
63694,206
63695,211
63696,199
63697,200
63698,197
63699,199
63700,196
63701,200
63702,196
63703,200
63704,189
63705,196
63706,198
63707,199
63708,202
63709,202
63710,199
63711,202
63712,197
63713,213
63714,213
63715,216
63716,208
63717,211
63718,208
63719,211
63720,213
63721,208
63722,213
63723,203
63724,201
63725,200
63726,196
63727,190
63728,191
63729,194
63730,196
63731,195
63732,195
63733,200
63734,191
63735,185
63736,191
63737,187
63738,188
63739,188
63740,195
63741,193
63742,194
63743,204
63744,210
63745,217
63746,225
63747,227
63748,226
63749,218
63750,225
63751,224
63752,225
63753,220
63754,230
63755,228
63756,219
63757,230
63758,243
63759,241
63760,239
63761,232
63762,237
63763,229
63764,220
63765,220
63766,230
63767,254
63768,259
63769,271
63770,270
63771,259
63772,241
63773,229
63774,226
63775,211
63776,221
63777,238
63778,231
63779,227
63780,225
63781,232
63782,248
63783,254
63784,257
63785,263
63786,253
63787,254
63788,262
63789,268
63790,264
63791,268
63792,269
63793,266
63794,256
63795,214
63796,215
63797,205
63798,191
63799,198
63800,193
63801,184
63802,188
63803,181
63804,190
63805,185
63806,186
63807,185
63808,181
63809,179
63810,177
63811,169
63812,170
63813,168
63814,171
63815,164
63816,168
63817,166
63818,165
63819,163
63820,170
63821,163
63822,167
63823,164
63824,171
63825,169
63826,171
63827,167
63828,178
63829,173
63830,173
63831,165
63832,164
63833,175
63834,176
63835,173
63836,183
63837,180
63838,179
63839,184
63840,177
63841,182
63842,186
63843,185
63844,191
63845,188
63846,182
63847,188
63848,191
63849,192
63850,186
63851,189
63852,194
63853,186
63854,195
63855,-99999
63856,197
63857,188
63858,196
63859,193
63860,201
63861,201
63862,200
63863,205
63864,185
63865,180
63866,178
63867,181
63868,176
63869,173
63870,174
63871,163
63872,164
63873,169
63874,164
63875,162
63876,163
63877,164
63878,168
63879,169
63880,165
63881,163
63882,169
63883,175
63884,166
63885,167
63886,167
63887,175
63888,161
63889,156
63890,155
63891,160
63892,154
63893,156
63894,154
63895,158
63896,158
63897,154
63898,157
63899,160
63900,166
63901,172
63902,178
63903,181
63904,170
63905,174
63906,171
63907,168
63908,171
63909,168
63910,163
63911,157
63912,165
63913,150
63914,147
63915,145
63916,146
63917,147
63918,147
63919,145
63920,140
63921,148
63922,142
63923,142
63924,137
63925,146
63926,139
63927,141
63928,137
63929,141
63930,139
63931,136
63932,131
63933,129
63934,125
63935,123
63936,125
63937,123
63938,120
63939,118
63940,122
63941,118
63942,123
63943,117
63944,124
63945,120
63946,118
63947,121
63948,126
63949,124
63950,120
63951,126
63952,122
63953,124
63954,116
63955,120
63956,116
63957,116
63958,111
63959,112
63960,111
63961,114
63962,118
63963,114
63964,110
63965,113
63966,115
63967,118
63968,118
63969,116
63970,117
63971,116
63972,111
63973,118
63974,116
63975,112
63976,121
63977,110
63978,116
63979,116
63980,120
63981,120
63982,111
63983,113
63984,118
63985,119
63986,119
63987,123
63988,123
63989,127
63990,117
63991,126
63992,119
63993,122
63994,121
63995,123
63996,129
63997,123
63998,118
63999,123
64000,115
64001,117
64002,112
64003,114
64004,117
64005,114
64006,114
64007,114
64008,118
64009,135
64010,133
64011,134
64012,132
64013,120
64014,115
64015,107
64016,114
64017,117
64018,112
64019,115
64020,108
64021,111
64022,122
64023,139
64024,143
64025,129
64026,115
64027,114
64028,116
64029,118
64030,113
64031,116
64032,110
64033,115
64034,119
64035,113
64036,112
64037,113
64038,112
64039,108
64040,113
64041,116
64042,116
64043,112
64044,116
64045,120
64046,119
64047,122
64048,123
64049,118
64050,119
64051,115
64052,121
64053,117
64054,116
64055,115
64056,115
64057,115
64058,112
64059,110
64060,112
64061,117
64062,116
64063,113
64064,116
64065,115
64066,120
64067,115
64068,115
64069,120
64070,116
64071,116
64072,120
64073,115
64074,113
64075,114
64076,114
64077,119
64078,119
64079,111
64080,119
64081,117
64082,116
64083,119
64084,115
64085,120
64086,114
64087,118
64088,116
64089,119
64090,114
64091,112
64092,-99999
64093,114
64094,115
64095,117
64096,116
64097,117
64098,118
64099,115
64100,115
64101,134
64102,128
64103,130
64104,133
64105,127
64106,132
64107,129
64108,135
64109,122
64110,127
64111,120
64112,124
64113,121
64114,121
64115,121
64116,115
64117,117
64118,114
64119,121
64120,115
64121,115
64122,121
64123,118
64124,111
64125,110
64126,117
64127,112
64128,115
64129,115
64130,120
64131,118
64132,119
64133,121
64134,117
64135,118
64136,116
64137,115
64138,121
64139,125
64140,125
64141,123
64142,124
64143,124
64144,130
64145,126
64146,130
64147,132
64148,135
64149,137
64150,135
64151,140
64152,132
64153,129
64154,131
64155,131
64156,134
64157,135
64158,133
64159,129
64160,139
64161,132
64162,136
64163,135
64164,133
64165,134
64166,137
64167,132
64168,138
64169,137
64170,136
64171,135
64172,130
64173,136
64174,136
64175,134
64176,136
64177,135
64178,131
64179,136
64180,133
64181,139
64182,139
64183,134
64184,137
64185,133
64186,135
64187,137
64188,138
64189,133
64190,138
64191,-99999
64192,140
64193,139
64194,140
64195,137
64196,139
64197,134
64198,131
64199,131
64200,136
64201,135
64202,137
64203,137
64204,138
64205,137
64206,140
64207,135
64208,140
64209,141
64210,134
64211,142
64212,141
64213,137
64214,136
64215,138
64216,139
64217,140
64218,136
64219,138
64220,142
64221,138
64222,134
64223,142
64224,137
64225,142
64226,134
64227,142
64228,142
64229,142
64230,138
64231,145
64232,136
64233,140
64234,145
64235,139
64236,143
64237,142
64238,146
64239,147
64240,143
64241,148
64242,147
64243,142
64244,139
64245,143
64246,139
64247,144
64248,137
64249,145
64250,137
64251,139
64252,137
64253,144
64254,136
64255,144
64256,137
64257,141
64258,144
64259,144
64260,145
64261,140
64262,140
64263,140
64264,144
64265,144
64266,139
64267,141
64268,139
64269,142
64270,141
64271,142
64272,144
64273,142
64274,148
64275,143
64276,145
64277,146
64278,143
64279,145
64280,142
64281,142
64282,142
64283,143
64284,142
64285,143
64286,139
64287,142
64288,136
64289,133
64290,133
64291,141
64292,139
64293,140
64294,140
64295,145
64296,143
64297,142
64298,146
64299,140
64300,143
64301,-99999
64302,142
64303,138
64304,142
64305,138
64306,138
64307,140
64308,144
64309,140
64310,139
64311,142
64312,139
64313,138
64314,140
64315,143
64316,140
64317,144
64318,142
64319,137
64320,143
64321,131
64322,136
64323,138
64324,142
64325,138
64326,138
64327,144
64328,143
64329,140
64330,140
64331,137
64332,143
64333,139
64334,143
64335,143
64336,143
64337,148
64338,145
64339,141
64340,139
64341,142
64342,142
64343,140
64344,139
64345,138
64346,142
64347,138
64348,136
64349,141
64350,134
64351,143
64352,137
64353,138
64354,142
64355,140
64356,137
64357,139
64358,136
64359,134
64360,137
64361,144
64362,135
64363,141
64364,137
64365,137
64366,137
64367,139
64368,139
64369,137
64370,138
64371,136
64372,136
64373,135
64374,137
64375,136
64376,141
64377,136
64378,141
64379,136
64380,130
64381,136
64382,137
64383,133
64384,133
64385,134
64386,137
64387,135
64388,134
64389,137
64390,133
64391,136
64392,134
64393,134
64394,134
64395,132
64396,136
64397,129
64398,139
64399,136
64400,141
64401,140
64402,138
64403,139
64404,146
64405,145
64406,149
64407,144
64408,149
64409,145
64410,144
64411,142
64412,143
64413,148
64414,150
64415,138
64416,144
64417,142
64418,141
64419,144
64420,149
64421,141
64422,143
64423,144
64424,140
64425,144
64426,141
64427,148
64428,142
64429,146
64430,143
64431,141
64432,143
64433,138
64434,139
64435,144
64436,145
64437,142
64438,138
64439,138
64440,140
64441,145
64442,137
64443,138
64444,144
64445,141
64446,142
64447,144
64448,140
64449,143
64450,137
64451,145
64452,144
64453,143
64454,144
64455,144
64456,146
64457,148
64458,153
64459,148
64460,149
64461,150
64462,147
64463,147
64464,147
64465,140
64466,146
64467,147
64468,143
64469,145
64470,141
64471,144
64472,138
64473,139
64474,139
64475,146
64476,144
64477,144
64478,139
64479,144
64480,141
64481,149
64482,141
64483,142
64484,142
64485,145
64486,148
64487,141
64488,143
64489,144
64490,148
64491,149
64492,143
64493,140
64494,141
64495,140
64496,142
64497,143
64498,138
64499,139
64500,137
64501,137
64502,139
64503,138
64504,144
64505,136
64506,142
64507,139
64508,135
64509,141
64510,137
64511,140
64512,142
64513,141
64514,146
64515,142
64516,142
64517,149
64518,144
64519,145
64520,140
64521,144
64522,145
64523,146
64524,143
64525,143
64526,141
64527,141
64528,145
64529,145
64530,137
64531,141
64532,144
64533,148
64534,144
64535,146
64536,139
64537,146
64538,145
64539,143
64540,141
64541,141
64542,136
64543,136
64544,134
64545,132
64546,135
64547,137
64548,125
64549,131
64550,130
64551,131
64552,132
64553,132
64554,131
64555,130
64556,134
64557,132
64558,130
64559,130
64560,129
64561,131
64562,135
64563,134
64564,131
64565,137
64566,136
64567,140
64568,138
64569,133
64570,134
64571,127
64572,138
64573,133
64574,131
64575,132
64576,133
64577,134
64578,135
64579,131
64580,134
64581,138
64582,140
64583,137
64584,134
64585,139
64586,138
64587,131
64588,136
64589,129
64590,133
64591,137
64592,137
64593,134
64594,135
64595,143
64596,136
64597,141
64598,134
64599,132
64600,136
64601,133
64602,135
64603,135
64604,135
64605,134
64606,134
64607,133
64608,140
64609,134
64610,132
64611,137
64612,139
64613,137
64614,132
64615,138
64616,135
64617,137
64618,130
64619,133
64620,138
64621,131
64622,144
64623,139
64624,141
64625,140
64626,140
64627,139
64628,138
64629,138
64630,134
64631,-99999
64632,130
64633,137
64634,132
64635,135
64636,133
64637,139
64638,134
64639,129
64640,137
64641,130
64642,134
64643,131
64644,130
64645,133
64646,127
64647,129
64648,124
64649,129
64650,129
64651,130
64652,135
64653,132
64654,134
64655,130
64656,131
64657,134
64658,134
64659,134
64660,141
64661,140
64662,139
64663,130
64664,130
64665,135
64666,125
64667,120
64668,120
64669,127
64670,131
64671,123
64672,129
64673,123
64674,130
64675,124
64676,123
64677,127
64678,126
64679,129
64680,128
64681,128
64682,124
64683,125
64684,122
64685,124
64686,120
64687,128
64688,126
64689,128
64690,126
64691,131
64692,123
64693,127
64694,129
64695,130
64696,138
64697,137
64698,142
64699,144
64700,151
64701,148
64702,152
64703,155
64704,156
64705,153
64706,153
64707,153
64708,152
64709,159
64710,156
64711,154
64712,139
64713,136
64714,139
64715,138
64716,138
64717,137
64718,130
64719,127
64720,129
64721,122
64722,125
64723,127
64724,131
64725,138
64726,140
64727,142
64728,134
64729,134
64730,138
64731,141
64732,139
64733,141
64734,141
64735,151
64736,146
64737,139
64738,144
64739,141
64740,147
64741,146
64742,147
64743,143
64744,-99999
64745,142
64746,144
64747,139
64748,138
64749,140
64750,139
64751,142
64752,139
64753,142
64754,142
64755,135
64756,143
64757,144
64758,144
64759,136
64760,139
64761,143
64762,138
64763,139
64764,133
64765,136
64766,134
64767,130
64768,133
64769,134
64770,123
64771,129
64772,125
64773,126
64774,129
64775,127
64776,127
64777,128
64778,125
64779,123
64780,129
64781,128
64782,132
64783,127
64784,125
64785,127
64786,126
64787,126
64788,126
64789,135
64790,140
64791,144
64792,139
64793,141
64794,138
64795,135
64796,130
64797,137
64798,127
64799,131
64800,122
64801,120
64802,121
64803,125
64804,126
64805,122
64806,128
64807,134
64808,135
64809,136
64810,142
64811,144
64812,134
64813,136
64814,139
64815,134
64816,144
64817,141
64818,126
64819,126
64820,131
64821,132
64822,128
64823,130
64824,131
64825,128
64826,132
64827,134
64828,127
64829,134
64830,135
64831,136
64832,137
64833,142
64834,140
64835,139
64836,139
64837,139
64838,140
64839,141
64840,143
64841,137
64842,133
64843,139
64844,135
64845,134
64846,129
64847,133
64848,136
64849,139
64850,142
64851,143
64852,148
64853,149
64854,149
64855,149
64856,147
64857,149
64858,156
64859,147
64860,156
64861,145
64862,144
64863,147
64864,151
64865,144
64866,137
64867,135
64868,137
64869,133
64870,128
64871,124
64872,126
64873,126
64874,117
64875,128
64876,127
64877,125
64878,129
64879,130
64880,122
64881,121
64882,124
64883,128
64884,124
64885,125
64886,124
64887,129
64888,127
64889,132
64890,127
64891,130
64892,130
64893,128
64894,132
64895,128
64896,130
64897,131
64898,129
64899,131
64900,131
64901,128
64902,126
64903,123
64904,128
64905,125
64906,123
64907,118
64908,122
64909,124
64910,127
64911,126
64912,129
64913,127
64914,135
64915,132
64916,130
64917,139
64918,139
64919,141
64920,147
64921,146
64922,144
64923,143
64924,145
64925,144
64926,143
64927,152
64928,149
64929,143
64930,145
64931,146
64932,143
64933,149
64934,143
64935,142
64936,139
64937,142
64938,132
64939,133
64940,134
64941,134
64942,133
64943,132
64944,135
64945,130
64946,127
64947,131
64948,131
64949,132
64950,132
64951,133
64952,131
64953,133
64954,139
64955,128
64956,133
64957,129
64958,129
64959,131
64960,133
64961,134
64962,133
64963,132
64964,128
64965,127
64966,127
64967,135
64968,136
64969,145
64970,146
64971,156
64972,156
64973,170
64974,173
64975,177
64976,174
64977,-99999
64978,170
64979,169
64980,160
64981,161
64982,161
64983,162
64984,164
64985,164
64986,164
64987,161
64988,162
64989,157
64990,164
64991,172
64992,157
64993,149
64994,150
64995,146
64996,146
64997,145
64998,139
64999,140
65000,131
65001,134
65002,129
65003,131
65004,131
65005,138
65006,135
65007,137
65008,137
65009,140
65010,136
65011,143
65012,138
65013,138
65014,138
65015,129
65016,129
65017,132
65018,136
65019,145
65020,137
65021,143
65022,136
65023,143
65024,143
65025,138
65026,148
65027,146
65028,151
65029,146
65030,144
65031,139
65032,142
65033,141
65034,140
65035,145
65036,141
65037,139
65038,146
65039,148
65040,150
65041,151
65042,148
65043,145
65044,145
65045,147
65046,148
65047,149
65048,150
65049,153
65050,148
65051,149
65052,150
65053,144
65054,144
65055,146
65056,139
65057,148
65058,139
65059,140
65060,145
65061,145
65062,132
65063,138
65064,140
65065,136
65066,133
65067,135
65068,134
65069,140
65070,132
65071,137
65072,133
65073,137
65074,132
65075,136
65076,140
65077,140
65078,-99999
65079,134
65080,137
65081,136
65082,144
65083,139
65084,138
65085,138
65086,138
65087,145
65088,136
65089,142
65090,143
65091,138
65092,140
65093,140
65094,139
65095,137
65096,138
65097,140
65098,139
65099,134
65100,136
65101,139
65102,133
65103,144
65104,136
65105,143
65106,138
65107,142
65108,140
65109,142
65110,142
65111,140
65112,142
65113,143
65114,144
65115,147
65116,143
65117,144
65118,146
65119,142
65120,141
65121,140
65122,146
65123,141
65124,141
65125,139
65126,145
65127,139
65128,144
65129,144
65130,148
65131,141
65132,144
65133,146
65134,145
65135,146
65136,145
65137,143
65138,139
65139,136
65140,137
65141,142
65142,138
65143,143
65144,143
65145,140
65146,142
65147,146
65148,143
65149,135
65150,140
65151,143
65152,143
65153,150
65154,145
65155,138
65156,144
65157,143
65158,140
65159,137
65160,139
65161,139
65162,134
65163,141
65164,143
65165,141
65166,140
65167,138
65168,137
65169,138
65170,141
65171,143
65172,140
65173,142
65174,144
65175,143
65176,141
65177,145
65178,138
65179,138
65180,141
65181,144
65182,147
65183,147
65184,150
65185,145
65186,145
65187,141
65188,145
65189,143
65190,147
65191,143
65192,142
65193,145
65194,148
65195,148
65196,140
65197,138
65198,146
65199,145
65200,146
65201,144
65202,139
65203,142
65204,145
65205,147
65206,150
65207,140
65208,139
65209,143
65210,142
65211,146
65212,147
65213,145
65214,146
65215,138
