NETCARE2015/data/raw/Flight6/CPC3776_POLAR6_20150411_r2_NETCARE.ict
35,1001
Abbatt,Jon
University of Toronto
Polar 6
NETCARE
1,1
2015,4,11,2017,8,16
1
time,seconds,seconds from start in UTC
1
1
-99999
conc,number of particles per cm3
0
20
PI_CONTACT_INFO: 80 St. George Street; Toronto; ON M5S 3H6 CANADA; email: jabbatt@chem.utoronto.ca
PLATFORM: Polar 6 aircraft
LOCATION: European Arctic near Svalbard
ASSOCIATED_DATA: none
INSTRUMENT_INFO: The Ultrafine Condensation Particle Counter 3776 is a continuous-flow instrument that detects particles down to 2.5 nm. It operates at an aerosol flow rate of 50 cm^3/min and detects concentrations from 0 to 300 000 particles/cm^3 with coincidence correction.
DATA_INFO: all relevant information is given above
UNCERTAINTY:  ±10% of measured value
ULOD_FLAG: -7777
ULOD_VALUE: N/As
LLOD_FLAG: -8888
LLOD_VALUE: N/A
DM_CONTACT_INFO: Data collected by Julia Burkart. Please direct all correspondence to Jon Abbatt: jabbatt@chem.utoronto.ca
PROJECT_INFO: Polar 6 NETCARE Spring 2015 campaign
STIPULATIONS_ON_USE: N/A
OTHER_COMMENTS: N/A
REVISION: R2, R1, R0
R2: zero and filter measurements are removed
R1: uncorrected raw data
R0: raw data
time,conc
[from data line 3078]
60526,148
60527,145
60528,154
60529,147
60530,145
60531,150
60532,147
60533,149
60534,146
60535,149
60536,143
60537,146
60538,150
60539,150
60540,145
60541,153
60542,149
60543,153
60544,152
60545,151
60546,152
60547,149
60548,151
60549,150
60550,153
60551,147
60552,148
60553,154
60554,148
60555,150
60556,146
60557,151
60558,148
60559,149
60560,149
60561,153
60562,149
60563,151
60564,150
60565,148
60566,148
60567,-99999
60568,146
60569,153
60570,151
60571,147
60572,-99999
60573,149
60574,152
60575,153
60576,151
60577,147
60578,152
60579,150
60580,154
60581,-99999
60582,149
60583,-99999
60584,145
60585,152
60586,154
60587,153
60588,151
60589,151
60590,143
60591,149
60592,152
60593,147
60594,153
60595,154
60596,154
60597,144
60598,145
60599,152
60600,153
60601,146
60602,152
60603,149
60604,150
60605,154
60606,147
60607,149
60608,156
60609,146
60610,155
60611,148
60612,150
60613,157
60614,154
60615,156
60616,160
60617,148
60618,150
60619,147
60620,161
60621,163
60622,172
60623,167
60624,170
60625,168
60626,163
60627,168
60628,177
60629,173
60630,170
60631,169
60632,172
60633,171
60634,168
60635,167
60636,171
60637,178
60638,168
60639,166
60640,166
60641,170
60642,167
60643,165
60644,168
60645,160
60646,169
60647,171
60648,171
60649,167
60650,166
60651,164
60652,167
60653,165
60654,168
60655,166
60656,174
60657,173
60658,173
60659,169
60660,169
60661,171
60662,165
60663,169
60664,173
60665,169
60666,171
60667,-99999
60668,171
60669,-99999
60670,169
60671,176
60672,168
60673,166
60674,164
60675,171
60676,172
60677,161
60678,163
60679,172
60680,169
60681,167
60682,174
60683,167
60684,176
60685,165
60686,168
60687,170
60688,164
60689,170
60690,166
60691,171
60692,168
60693,168
60694,171
60695,166
60696,164
60697,163
60698,165
60699,157
60700,163
60701,162
60702,161
60703,155
60704,163
60705,163
60706,155
60707,163
60708,167
60709,170
60710,164
60711,166
60712,163
60713,160
60714,168
60715,171
60716,164
60717,157
60718,165
60719,161
60720,164
60721,163
60722,163
60723,167
60724,159
60725,168
60726,162
60727,167
60728,163
60729,170
60730,158
60731,163
60732,171
60733,162
60734,165
60735,157
60736,168
60737,164
60738,158
60739,163
60740,161
60741,161
60742,166
60743,167
60744,166
60745,164
60746,176
60747,167
60748,164
60749,170
60750,169
60751,169
60752,175
60753,173
60754,175
60755,178
60756,179
60757,174
60758,191
60759,179
60760,198
60761,198
60762,202
60763,201
60764,204
60765,206
60766,199
60767,198
60768,197
60769,202
60770,206
60771,206
60772,206
60773,216
60774,204
60775,206
60776,209
60777,205
60778,208
60779,215
60780,213
60781,207
60782,218
60783,219
60784,220
60785,219
60786,221
60787,221
60788,-99999
60789,224
60790,216
60791,217
60792,217
60793,-99999
60794,216
60795,214
60796,220
60797,222
60798,220
60799,219
60800,-99999
60801,215
60802,-99999
60803,221
60804,217
60805,224
60806,226
60807,217
60808,227
60809,217
60810,216
60811,212
60812,212
60813,211
60814,215
60815,213
60816,212
60817,220
60818,212
60819,211
60820,204
60821,209
60822,210
60823,204
60824,212
60825,210
60826,213
60827,215
60828,227
60829,230
60830,228
60831,235
60832,246
60833,249
60834,247
60835,247
60836,258
60837,256
60838,249
60839,259
60840,272
60841,253
60842,263
60843,253
60844,250
60845,250
60846,234
60847,222
60848,225
60849,234
60850,231
60851,226
60852,216
60853,209
60854,207
60855,212
60856,208
60857,211
60858,213
60859,209
60860,200
60861,213
60862,212
60863,204
60864,205
60865,209
60866,219
60867,212
60868,217
60869,219
60870,223
60871,208
60872,213
60873,213
60874,208
60875,202
60876,208
60877,209
60878,207
60879,216
60880,225
60881,215
60882,216
60883,216
60884,213
60885,209
60886,204
60887,215
60888,213
60889,228
60890,242
60891,238
60892,242
60893,227
60894,220
60895,220
60896,229
60897,231
60898,223
60899,-99999
60900,226
60901,243
60902,243
60903,257
60904,-99999
60905,281
60906,282
60907,275
60908,251
60909,247
60910,250
60911,254
60912,266
60913,272
60914,285
60915,311
60916,317
60917,324
60918,332
60919,329
60920,314
60921,322
60922,318
60923,324
60924,333
60925,333
60926,335
60927,333
60928,330
60929,328
60930,329
60931,322
60932,329
60933,333
60934,319
60935,319
60936,320
60937,324
60938,323
60939,315
60940,328
60941,317
60942,326
60943,325
60944,324
60945,321
60946,333
60947,325
60948,322
60949,325
60950,342
60951,337
60952,338
60953,319
60954,317
60955,311
60956,324
60957,327
60958,324
60959,324
60960,328
60961,324
60962,311
60963,293
60964,264
60965,233
60966,221
60967,217
60968,216
60969,225
60970,220
60971,217
60972,218
60973,213
60974,218
60975,217
60976,221
60977,226
60978,226
60979,230
60980,227
60981,230
60982,223
60983,229
60984,229
60985,224
60986,222
60987,223
60988,222
60989,221
60990,224
60991,224
60992,223
60993,227
60994,227
60995,228
60996,230
60997,225
60998,223
60999,227
61000,235
61001,225
61002,225
61003,218
61004,224
61005,222
61006,219
61007,215
61008,208
61009,-99999
61010,206
61011,211
61012,207
61013,208
61014,216
61015,208
61016,210
61017,-99999
61018,212
61019,208
61020,-99999
61021,210
61022,207
61023,210
61024,211
61025,206
61026,209
61027,206
61028,210
61029,208
61030,211
61031,212
61032,224
61033,218
61034,223
61035,223
61036,230
61037,229
61038,232
61039,229
61040,232
61041,234
61042,233
61043,236
61044,231
61045,240
61046,244
61047,243
61048,242
61049,235
61050,240
61051,238
61052,256
61053,249
61054,253
61055,248
61056,248
61057,245
61058,247
61059,254
61060,257
61061,266
61062,269
61063,260
61064,251
61065,246
61066,252
61067,247
61068,244
61069,243
61070,240
61071,237
61072,240
61073,231
61074,237
61075,238
61076,239
61077,233
61078,225
61079,222
61080,216
61081,219
61082,210
61083,216
61084,214
61085,202
61086,208
61087,200
61088,208
61089,206
61090,208
61091,206
61092,213
61093,208
61094,204
61095,206
61096,208
61097,205
61098,205
61099,217
61100,213
61101,221
61102,234
61103,239
61104,242
61105,233
61106,242
61107,256
61108,254
61109,254
61110,263
61111,253
61112,255
61113,264
61114,245
61115,230
61116,236
61117,240
61118,234
61119,225
61120,228
61121,235
61122,237
61123,-99999
61124,232
61125,230
61126,222
61127,242
61128,265
61129,265
61130,264
61131,264
61132,268
61133,271
61134,-99999
61135,267
61136,-99999
61137,260
61138,270
61139,263
61140,267
61141,254
61142,259
61143,267
61144,268
61145,266
61146,270
61147,257
61148,255
61149,256
61150,240
61151,240
61152,242
61153,245
61154,247
61155,254
61156,260
61157,256
61158,243
61159,251
61160,261
61161,253
61162,246
61163,268
61164,256
61165,238
61166,247
61167,259
61168,268
61169,246
61170,245
61171,238
61172,246
61173,237
61174,233
61175,246
61176,242
61177,239
61178,254
61179,250
61180,245
61181,238
61182,240
61183,237
61184,234
61185,229
61186,227
61187,230
61188,228
61189,233
61190,230
61191,236
61192,246
61193,238
61194,233
61195,227
61196,238
61197,238
61198,238
61199,233
61200,236
61201,238
61202,249
61203,241
61204,240
61205,240
61206,241
61207,244
61208,246
61209,236
61210,245
61211,246
61212,250
61213,246
61214,243
61215,246
61216,237
61217,237
61218,240
61219,243
61220,243
61221,245
61222,239
61223,247
61224,241
61225,240
61226,236
61227,243
61228,233
61229,245
61230,240
61231,233
61232,234
61233,235
61234,230
61235,-99999
61236,239
61237,236
61238,240
61239,234
61240,233
61241,236
61242,-99999
61243,229
61244,235
61245,227
61246,224
61247,230
61248,232
61249,236
61250,239
61251,236
61252,231
61253,228
61254,238
61255,231
61256,231
61257,231
61258,225
61259,-99999
61260,-99999
61261,-99999
61262,-99999
61263,-99999
61264,-99999
61265,-99999
61266,-99999
61267,-99999
61268,-99999
61269,-99999
61270,-99999
61271,-99999
61272,-99999
61273,-99999
61274,-99999
61275,-99999
61276,-99999
61277,-99999
61278,194
61279,-99999
61280,201
61281,202
61282,200
61283,206
61284,197
61285,195
61286,198
61287,197
61288,194
61289,197
61290,195
61291,-99999
61292,198
61293,195
61294,-99999
61295,196
61296,192
61297,194
61298,205
61299,193
61300,189
61301,193
61302,192
61303,193
61304,186
61305,192
61306,200
61307,193
61308,199
61309,199
61310,196
61311,208
61312,203
61313,192
61314,189
61315,187
61316,200
61317,223
61318,238
61319,262
61320,258
61321,275
61322,266
61323,272
61324,264
61325,256
61326,241
61327,243
61328,248
61329,246
61330,249
61331,254
61332,262
61333,250
61334,253
61335,249
61336,247
61337,245
61338,244
61339,240
61340,238
61341,254
61342,255
61343,248
61344,245
61345,247
61346,262
61347,262
61348,265
61349,269
61350,273
61351,259
61352,275
61353,248
61354,240
61355,244
61356,244
61357,240
61358,242
61359,247
61360,251
61361,252
61362,253
61363,256
61364,247
61365,248
61366,232
61367,237
61368,239
61369,232
61370,235
61371,226
61372,231
61373,234
61374,230
61375,235
61376,236
61377,228
61378,233
61379,233
61380,236
61381,225
61382,204
61383,188
61384,184
61385,184
61386,188
61387,200
61388,184
61389,179
61390,182
61391,193
61392,189
61393,184
61394,180
61395,188
61396,180
61397,179
61398,175
61399,180
61400,182
61401,179
61402,177
61403,183
61404,204
61405,205
61406,206
61407,211
61408,211
61409,211
61410,210
61411,202
61412,210
61413,212
61414,211
61415,-99999
61416,217
61417,220
61418,-99999
61419,216
61420,212
61421,217
61422,218
61423,213
61424,215
61425,218
61426,220
61427,217
61428,218
61429,210
61430,211
61431,213
61432,213
61433,215
61434,214
61435,219
61436,223
61437,217
61438,217
61439,209
61440,215
61441,216
61442,220
61443,213
61444,224
61445,219
61446,210
61447,210
61448,216
61449,214
61450,220
61451,217
61452,212
61453,213
61454,216
61455,220
61456,220
61457,214
61458,215
61459,209
61460,218
61461,216
61462,216
61463,223
61464,212
61465,211
61466,219
61467,217
61468,215
61469,208
61470,213
61471,215
61472,212
61473,214
61474,216
61475,209
61476,212
61477,209
61478,214
61479,210
61480,209
61481,214
61482,209
61483,218
61484,211
61485,218
61486,212
61487,215
61488,210
61489,208
61490,220
61491,217
61492,216
61493,205
61494,207
61495,214
61496,213
61497,217
61498,210
61499,210
61500,209
61501,205
61502,217
61503,214
61504,206
61505,206
61506,202
61507,203
61508,-99999
61509,214
61510,216
61511,215
61512,218
61513,206
61514,205
61515,-99999
61516,192
61517,195
61518,191
61519,190
61520,184
61521,187
61522,191
61523,178
61524,195
61525,194
61526,197
61527,197
61528,204
61529,204
61530,211
61531,201
61532,209
61533,200
61534,202
61535,209
61536,199
61537,200
61538,195
61539,193
61540,194
61541,202
61542,189
61543,193
61544,194
61545,196
61546,197
61547,197
61548,205
61549,200
61550,200
61551,204
61552,206
61553,201
61554,206
61555,208
61556,203
61557,207
61558,197
61559,205
61560,207
61561,200
61562,197
61563,203
61564,204
61565,198
61566,200
61567,204
61568,204
61569,200
61570,202
61571,204
61572,200
61573,200
61574,187
61575,190
61576,188
61577,194
61578,197
61579,190
61580,196
61581,192
61582,190
61583,189
61584,194
61585,188
61586,182
61587,186
61588,192
61589,188
61590,186
61591,187
61592,183
61593,184
61594,183
61595,184
61596,188
61597,185
61598,193
61599,193
61600,194
61601,193
61602,189
61603,191
61604,194
61605,190
61606,201
61607,197
61608,194
61609,200
61610,198
61611,197
61612,198
61613,201
61614,199
61615,207
61616,196
61617,202
61618,-99999
61619,194
61620,188
61621,185
61622,185
61623,190
61624,186
61625,189
61626,186
61627,181
61628,180
61629,184
61630,184
61631,190
61632,184
61633,184
61634,188
61635,189
61636,192
61637,193
61638,188
61639,201
61640,195
61641,198
61642,192
61643,199
61644,199
61645,194
61646,196
61647,210
61648,213
61649,215
61650,217
61651,219
61652,215
61653,217
61654,219
61655,221
61656,215
61657,217
61658,218
61659,215
61660,208
61661,212
61662,206
61663,216
61664,216
61665,216
61666,215
61667,216
61668,214
61669,210
61670,220
61671,223
61672,218
61673,217
61674,212
61675,217
61676,218
61677,224
61678,223
61679,222
61680,216
61681,222
61682,219
61683,220
61684,219
61685,216
61686,220
61687,214
61688,223
61689,221
61690,213
61691,219
61692,221
61693,220
61694,219
61695,220
61696,222
61697,218
61698,220
61699,223
61700,228
61701,229
61702,225
61703,222
61704,227
61705,231
61706,227
61707,249
61708,244
61709,252
61710,256
61711,258
61712,261
61713,260
61714,293
61715,285
61716,281
61717,276
61718,269
61719,272
61720,279
61721,279
61722,280
61723,276
61724,277
61725,-99999
61726,326
61727,342
61728,374
61729,392
61730,389
61731,384
61732,386
61733,389
61734,383
61735,396
61736,393
61737,403
61738,401
61739,404
61740,401
61741,415
61742,408
61743,407
61744,402
61745,409
61746,404
61747,406
61748,405
61749,398
61750,413
61751,421
61752,416
61753,423
61754,417
61755,411
61756,427
61757,427
61758,430
61759,411
61760,420
61761,407
61762,396
61763,382
61764,386
61765,384
61766,388
61767,384
61768,393
61769,384
61770,381
61771,382
61772,384
61773,369
61774,369
61775,359
61776,362
61777,360
61778,364
61779,357
61780,371
61781,377
61782,377
61783,391
61784,384
61785,378
61786,387
61787,387
61788,381
61789,376
61790,380
61791,387
61792,395
61793,390
61794,393
61795,382
61796,391
61797,380
61798,395
61799,403
61800,404
61801,406
61802,406
61803,407
61804,426
61805,452
61806,429
61807,407
61808,404
61809,389
61810,380
61811,378
61812,396
61813,397
61814,402
61815,434
61816,467
61817,494
61818,516
61819,516
61820,545
61821,532
61822,546
61823,542
61824,529
61825,533
61826,539
61827,541
61828,513
61829,523
61830,528
61831,556
61832,563
61833,568
61834,556
61835,537
61836,552
61837,560
61838,562
61839,562
61840,554
61841,554
61842,557
61843,554
61844,558
61845,568
61846,546
61847,555
61848,547
61849,554
61850,545
61851,546
61852,-99999
61853,558
61854,546
61855,537
61856,517
61857,517
61858,504
61859,481
61860,471
61861,476
61862,465
61863,463
61864,462
61865,466
61866,471
61867,482
61868,490
61869,486
61870,491
61871,478
61872,490
61873,480
61874,487
61875,486
61876,480
61877,484
61878,494
61879,472
61880,483
61881,491
61882,491
61883,487
61884,479
61885,489
61886,486
61887,494
61888,503
61889,559
61890,477
61891,478
61892,-99999
61893,-99999
61894,-99999
61895,-99999
61896,-99999
61897,-99999
61898,-99999
61899,-99999
61900,-99999
61901,-99999
61902,-99999
61903,-99999
61904,-99999
61905,-99999
61906,-99999
61907,-99999
61908,-99999
61909,-99999
61910,-99999
61911,-99999
61912,-99999
61913,-99999
61914,-99999
61915,-99999
61916,-99999
61917,-99999
61918,-99999
61919,-99999
61920,-99999
61921,-99999
61922,-99999
61923,-99999
61924,-99999
61925,-99999
61926,-99999
61927,-99999
61928,-99999
61929,-99999
61930,-99999
61931,-99999
61932,-99999
61933,-99999
61934,-99999
61935,-99999
61936,-99999
61937,-99999
61938,-99999
61939,-99999
61940,-99999
61941,-99999
61942,-99999
61943,-99999
61944,-99999
61945,-99999
61946,-99999
61947,-99999
61948,-99999
61949,-99999
61950,-99999
61951,-99999
61952,-99999
61953,-99999
61954,-99999
61955,-99999
61956,-99999
61957,-99999
61958,-99999
61959,-99999
61960,-99999
61961,-99999
61962,-99999
61963,-99999
61964,-99999
61965,-99999
61966,-99999
61967,-99999
61968,-99999
61969,-99999
61970,-99999
61971,-99999
61972,-99999
61973,-99999
61974,-99999
61975,-99999
61976,-99999
61977,-99999
61978,-99999
61979,-99999
61980,-99999
61981,-99999
61982,-99999
61983,-99999
61984,-99999
61985,-99999
61986,-99999
61987,-99999
61988,-99999
61989,-99999
61990,-99999
61991,-99999
61992,-99999
61993,-99999
61994,-99999
61995,-99999
61996,-99999
61997,-99999
61998,-99999
61999,-99999
62000,-99999
62001,-99999
62002,-99999
62003,-99999
62004,-99999
62005,-99999
62006,-99999
62007,-99999
62008,-99999
62009,-99999
62010,-99999
62011,-99999
62012,-99999
62013,-99999
62014,-99999
62015,-99999
62016,-99999
62017,-99999
62018,-99999
62019,-99999
62020,-99999
62021,-99999
62022,-99999
62023,-99999
62024,-99999
62025,-99999
62026,-99999
62027,-99999
62028,-99999
62029,-99999
62030,-99999
62031,-99999
62032,-99999
62033,-99999
62034,-99999
62035,-99999
62036,-99999
62037,-99999
62038,-99999
62039,-99999
62040,-99999
62041,-99999
62042,-99999
62043,-99999
62044,-99999
62045,-99999
62046,-99999
62047,-99999
62048,-99999
62049,-99999
62050,-99999
62051,-99999
62052,-99999
62053,-99999
62054,-99999
62055,-99999
62056,-99999
62057,-99999
62058,-99999
