NETCARE2015/data/raw/Flight6/CPC3772_POLAR6_20150411_r2_NETCARE.ict
35,1001
Abbatt,Jon
University of Toronto
Polar 6
NETCARE
1,1
2015,4,11,2017,8,16
1
time,seconds,seconds from start in UTC
1
1
-99999
conc,number of particles per cm3
0
20
PI_CONTACT_INFO: 80 St. George Street; Toronto; ON M5S 3H6 CANADA; email: jabbatt@chem.utoronto.ca
PLATFORM: Polar 6 aircraft
LOCATION: European Arctic near Svalbard
ASSOCIATED_DATA: none
INSTRUMENT_INFO: Condensation Particle Counter Model 3772 is an instrument that detects airborne particles down to 10 nm at an aerosol flow rate of 1.0 L/min, over a concentration range from 0 to 10^4 particles/cm^3 
DATA_INFO: all relevant information is given above
UNCERTAINTY:  ±10% of measured value
ULOD_FLAG: -7777
ULOD_VALUE: N/As
LLOD_FLAG: -8888
LLOD_VALUE: N/A
DM_CONTACT_INFO: Data collected by Julia Burkart. Please direct all correspondence to Jon Abbatt: jabbatt@chem.utoronto.ca
PROJECT_INFO: Polar 6 NETCARE Spring 2015 campaign
STIPULATIONS_ON_USE: N/A
OTHER_COMMENTS: N/A
REVISION: R2, R1, R0
R2: zero and filter measurements are removed
R1: uncorrected raw data
R0: raw data
time,conc
[from data line 4627]
62075,-99999
62076,-99999
62077,-99999
62078,-99999
62079,-99999
62080,-99999
62081,-99999
62082,-99999
62083,-99999
62084,-99999
62085,-99999
62086,-99999
62087,-99999
62088,-99999
62089,-99999
62090,-99999
62091,-99999
62092,-99999
62093,-99999
62094,-99999
62095,-99999
62096,-99999
62097,-99999
62098,-99999
62099,-99999
62100,-99999
62101,-99999
62102,-99999
62103,-99999
62104,-99999
62105,-99999
62106,-99999
62107,-99999
62108,-99999
62109,-99999
62110,-99999
62111,-99999
62112,-99999
62113,-99999
62114,-99999
62115,-99999
62116,-99999
62117,-99999
62118,-99999
62119,-99999
62120,-99999
62121,-99999
62122,-99999
62123,-99999
62124,-99999
62125,-99999
62126,-99999
62127,-99999
62128,-99999
62129,-99999
62130,-99999
62131,-99999
62132,-99999
62133,-99999
62134,-99999
62135,-99999
62136,-99999
62137,-99999
62138,-99999
62139,-99999
62140,-99999
62141,-99999
62142,-99999
62143,-99999
62144,-99999
62145,-99999
62146,-99999
62147,-99999
62148,-99999
62149,-99999
62150,-99999
62151,-99999
62152,-99999
62153,-99999
62154,-99999
62155,-99999
62156,-99999
62157,-99999
62158,-99999
62159,-99999
62160,-99999
62161,-99999
62162,-99999
62163,-99999
62164,-99999
62165,-99999
62166,-99999
62167,-99999
62168,-99999
62169,-99999
62170,-99999
62171,-99999
62172,-99999
62173,-99999
62174,-99999
62175,-99999
62176,-99999
62177,-99999
62178,-99999
62179,-99999
62180,-99999
62181,-99999
62182,-99999
62183,-99999
62184,-99999
62185,-99999
62186,159
62187,460
62188,482
62189,481
62190,485
62191,487
62192,479
62193,484
62194,477
62195,496
62196,487
62197,487
62198,479
62199,484
62200,474
62201,483
62202,476
62203,483
62204,478
62205,476
62206,476
62207,474
62208,487
62209,480
62210,482
62211,476
62212,481
62213,487
62214,487
62215,477
62216,476
62217,479
62218,486
62219,483
62220,491
62221,490
62222,482
62223,494
62224,487
62225,498
62226,498
62227,496
62228,504
62229,497
62230,487
62231,492
62232,499
62233,495
62234,501
62235,512
62236,495
62237,511
62238,502
62239,498
62240,498
62241,492
62242,496
62243,499
62244,498
62245,494
62246,497
62247,486
62248,466
62249,415
62250,433
62251,415
62252,465
62253,476
62254,484
62255,492
62256,492
62257,481
62258,490
62259,506
62260,497
62261,506
62262,501
62263,498
62264,502
62265,516
62266,505
62267,508
62268,504
62269,494
62270,492
62271,-99999
62272,-99999
62273,521
62274,500
62275,508
62276,491
62277,498
62278,497
62279,495
62280,501
62281,493
62282,493
62283,490
62284,486
62285,471
62286,454
62287,467
62288,476
62289,499
62290,498
62291,488
62292,491
62293,488
62294,494
62295,485
62296,475
62297,432
62298,394
62299,405
62300,397
62301,405
62302,420
62303,444
62304,445
62305,467
62306,504
62307,538
62308,522
62309,537
62310,533
62311,496
62312,484
62313,479
62314,480
62315,483
62316,492
62317,477
62318,460
62319,449
62320,448
62321,453
62322,442
62323,448
62324,447
62325,441
62326,458
62327,448
62328,455
62329,459
62330,450
62331,461
62332,508
62333,548
62334,549
62335,546
62336,529
62337,498
62338,475
62339,439
62340,439
62341,398
62342,365
62343,374
62344,302
62345,319
62346,335
62347,351
62348,354
62349,331
62350,360
62351,359
62352,349
62353,334
62354,339
62355,356
62356,351
62357,348
62358,363
62359,345
62360,345
62361,340
62362,349
62363,324
62364,311
62365,304
62366,300
62367,311
62368,323
62369,316
62370,319
62371,314
62372,315
62373,312
62374,313
62375,315
62376,319
62377,357
62378,393
62379,418
62380,421
62381,418
62382,411
62383,404
62384,374
62385,338
62386,336
62387,363
62388,388
62389,311
62390,299
62391,315
62392,310
62393,309
62394,308
62395,309
62396,314
62397,319
62398,316
62399,316
62400,296
62401,280
62402,272
62403,270
62404,273
62405,271
62406,273
62407,278
62408,293
62409,298
62410,294
62411,297
62412,290
62413,280
62414,296
62415,303
62416,337
62417,352
62418,385
62419,400
62420,347
62421,313
62422,287
62423,277
62424,263
62425,256
62426,248
62427,235
62428,241
62429,235
62430,241
62431,238
62432,235
62433,246
62434,240
62435,234
62436,237
62437,233
62438,243
62439,250
62440,247
62441,268
62442,296
62443,275
62444,272
62445,266
62446,255
62447,259
62448,256
62449,244
62450,244
62451,236
62452,230
62453,232
62454,230
62455,230
62456,229
62457,236
62458,233
62459,236
62460,225
62461,229
62462,237
62463,234
62464,231
62465,230
62466,235
62467,230
62468,228
62469,233
62470,229
62471,226
62472,229
62473,230
62474,228
62475,225
62476,228
62477,227
62478,228
62479,230
62480,234
62481,220
62482,216
62483,204
62484,223
62485,220
62486,214
62487,219
62488,207
62489,206
62490,204
62491,206
62492,200
62493,212
62494,210
62495,220
62496,221
62497,220
62498,226
62499,222
62500,212
62501,215
62502,221
62503,210
62504,208
62505,209
62506,215
62507,215
62508,203
62509,205
62510,221
62511,229
62512,220
62513,200
62514,195
62515,215
62516,225
62517,216
62518,211
62519,206
62520,179
62521,172
62522,149
62523,138
62524,131
62525,127
62526,126
62527,134
62528,145
62529,143
62530,142
62531,142
62532,135
62533,140
62534,145
62535,140
62536,153
62537,160
62538,175
62539,198
62540,214
62541,223
62542,232
62543,233
62544,238
62545,252
62546,251
62547,253
62548,259
62549,255
62550,254
62551,252
62552,252
62553,244
62554,243
62555,251
62556,253
62557,253
62558,257
62559,258
62560,269
62561,272
62562,268
62563,274
62564,284
62565,264
62566,248
62567,236
62568,240
62569,242
62570,244
62571,241
62572,248
62573,288
62574,338
62575,361
62576,345
62577,325
62578,350
62579,344
62580,275
62581,249
62582,236
62583,247
62584,238
62585,227
62586,231
62587,225
62588,228
62589,240
62590,233
62591,244
62592,265
62593,267
62594,254
62595,246
62596,241
62597,245
62598,241
62599,234
62600,228
62601,221
62602,212
62603,216
62604,219
62605,220
62606,229
62607,238
62608,251
62609,247
62610,241
62611,247
62612,244
62613,254
62614,273
62615,302
62616,295
62617,313
62618,324
62619,341
62620,392
62621,477
62622,466
62623,493
62624,506
62625,508
62626,526
62627,544
62628,536
62629,522
62630,480
62631,391
62632,398
62633,407
62634,377
62635,361
62636,390
62637,458
62638,414
62639,421
62640,461
62641,350
62642,250
62643,227
62644,225
62645,235
62646,260
62647,353
62648,541
62649,603
62650,580
62651,458
62652,272
62653,215
62654,206
62655,203
62656,209
62657,199
62658,200
62659,204
62660,201
62661,203
62662,207
62663,202
62664,207
62665,197
62666,196
62667,204
62668,204
62669,208
62670,210
62671,205
62672,256
62673,340
62674,457
62675,477
62676,446
62677,480
62678,456
62679,403
62680,301
62681,224
62682,266
62683,373
62684,363
62685,369
62686,298
62687,253
62688,261
62689,253
62690,227
62691,218
62692,210
62693,202
62694,208
62695,207
62696,210
62697,204
62698,216
62699,206
62700,197
62701,206
62702,200
62703,205
62704,202
62705,202
62706,205
62707,200
62708,203
62709,198
62710,200
62711,202
62712,205
62713,205
62714,202
62715,197
62716,195
62717,204
62718,196
62719,198
62720,202
62721,201
62722,202
62723,202
62724,201
62725,206
62726,199
62727,194
62728,194
62729,198
62730,211
62731,201
62732,197
62733,197
62734,198
62735,200
62736,207
62737,202
62738,206
62739,198
62740,191
62741,204
62742,194
62743,192
62744,191
62745,194
62746,203
62747,197
62748,194
62749,197
62750,193
62751,200
62752,198
62753,194
62754,189
62755,194
62756,189
62757,189
62758,192
62759,184
62760,189
62761,189
62762,189
62763,189
62764,183
62765,185
62766,180
62767,178
62768,189
62769,181
62770,181
62771,179
62772,179
62773,180
62774,179
62775,182
62776,182
62777,179
62778,181
62779,177
62780,178
62781,180
62782,182
62783,179
62784,177
62785,179
62786,181
62787,183
62788,179
62789,185
62790,183
62791,183
62792,182
62793,186
62794,179
62795,180
62796,178
62797,176
62798,179
62799,181
62800,182
62801,180
62802,175
62803,176
62804,172
62805,175
62806,176
62807,179
62808,178
62809,176
62810,192
62811,189
62812,189
62813,187
62814,192
62815,189
62816,187
62817,191
62818,182
62819,189
62820,187
62821,188
62822,189
62823,188
62824,186
62825,186
62826,190
62827,180
62828,184
62829,184
62830,179
62831,178
62832,174
62833,179
62834,178
62835,182
62836,182
62837,180
62838,199
62839,208
62840,201
62841,204
62842,203
62843,212
62844,210
62845,207
62846,205
62847,206
62848,213
62849,209
62850,211
62851,209
62852,201
62853,204
62854,213
62855,213
62856,201
62857,207
62858,207
62859,205
62860,201
62861,195
62862,191
62863,195
62864,198
62865,205
62866,204
62867,209
62868,202
62869,208
62870,209
62871,206
62872,202
62873,203
62874,198
62875,205
62876,211
62877,205
62878,208
62879,200
62880,209
62881,206
62882,209
62883,200
62884,203
62885,205
62886,200
62887,205
62888,201
62889,205
62890,204
62891,203
62892,201
62893,205
62894,203
62895,214
62896,201
62897,195
62898,210
62899,202
62900,200
62901,202
62902,212
62903,220
62904,220
62905,215
62906,218
62907,216
62908,230
62909,234
62910,239
62911,244
62912,255
62913,251
62914,256
62915,262
62916,276
62917,276
62918,273
62919,279
62920,279
62921,280
62922,284
62923,275
62924,282
62925,272
62926,266
62927,259
62928,252
62929,247
62930,241
62931,242
62932,232
62933,227
62934,225
62935,229
62936,221
62937,233
62938,227
62939,235
62940,235
62941,240
62942,236
62943,238
62944,221
62945,222
62946,223
62947,228
62948,219
62949,222
62950,226
62951,220
62952,215
62953,224
62954,218
62955,221
62956,222
62957,224
62958,217
62959,220
62960,226
62961,230
62962,223
62963,246
62964,246
62965,242
62966,240
62967,234
62968,237
62969,235
62970,230
62971,229
62972,232
62973,234
62974,238
62975,230
62976,234
62977,233
62978,239
62979,239
62980,246
62981,247
62982,237
62983,237
62984,232
62985,237
62986,233
62987,233
62988,225
62989,227
62990,214
62991,216
62992,218
62993,219
62994,213
62995,211
62996,215
62997,209
62998,215
62999,214
63000,214
63001,215
63002,208
63003,211
63004,199
63005,209
63006,198
63007,206
63008,199
63009,198
63010,204
63011,210
63012,201
63013,207
63014,204
63015,203
63016,209
63017,206
63018,205
63019,208
63020,204
63021,202
63022,203
63023,205
63024,199
63025,204
63026,212
63027,207
63028,202
63029,204
63030,206
63031,212
63032,208
63033,212
63034,205
63035,209
63036,213
63037,215
63038,211
63039,207
63040,227
63041,209
63042,214
63043,214
63044,213
63045,216
63046,219
63047,216
63048,217
63049,219
63050,217
63051,217
63052,225
63053,227
63054,223
63055,220
63056,224
63057,221
63058,224
63059,224
63060,229
63061,232
63062,233
63063,233
63064,231
63065,224
63066,232
63067,223
63068,224
63069,230
63070,231
63071,243
63072,232
63073,246
63074,246
63075,248
63076,243
63077,246
63078,259
63079,263
63080,257
63081,262
63082,257
63083,266
63084,260
63085,259
63086,261
63087,250
63088,246
63089,250
63090,246
63091,252
63092,251
63093,251
63094,258
63095,262
63096,259
63097,268
63098,264
63099,254
63100,265
63101,255
63102,265
63103,264
63104,263
63105,258
63106,253
63107,260
63108,261
63109,265
63110,259
63111,256
63112,263
63113,265
63114,271
63115,270
63116,265
63117,264
63118,263
63119,264
63120,263
63121,269
63122,268
63123,269
63124,269
63125,270
63126,277
63127,273
63128,275
63129,280
63130,275
63131,272
63132,273
63133,271
63134,270
63135,267
63136,261
63137,261
63138,266
63139,256
63140,250
63141,247
63142,252
63143,256
63144,255
63145,249
63146,248
63147,250
63148,246
63149,244
63150,244
63151,256
63152,252
63153,252
63154,258
63155,249
63156,250
63157,249
63158,253
63159,250
63160,259
63161,265
63162,255
63163,256
63164,254
63165,257
63166,249
63167,255
63168,249
63169,248
63170,262
63171,258
63172,258
63173,255
63174,254
63175,261
63176,251
63177,261
63178,257
63179,266
63180,257
63181,253
63182,255
63183,257
63184,261
63185,250
63186,258
63187,256
63188,257
63189,260
63190,257
63191,254
63192,254
63193,249
63194,255
63195,258
63196,258
63197,256
63198,256
63199,262
63200,254
63201,258
63202,254
63203,253
63204,256
63205,260
63206,251
63207,262
63208,252
63209,254
63210,258
63211,258
63212,256
63213,261
63214,259
63215,267
63216,259
63217,263
63218,268
63219,260
63220,262
63221,256
63222,258
63223,256
63224,263
63225,255
63226,254
63227,249
63228,256
63229,263
63230,254
63231,252
63232,260
63233,263
63234,255
63235,256
63236,257
63237,248
63238,254
63239,260
63240,263
63241,263
63242,259
63243,257
63244,258
63245,260
63246,262
63247,258
63248,256
63249,261
63250,262
63251,257
63252,260
63253,259
63254,263
63255,257
63256,259
63257,268
63258,260
63259,262
63260,268
63261,267
63262,261
63263,266
63264,269
63265,263
63266,258
63267,272
63268,269
63269,267
63270,270
63271,269
63272,273
63273,267
63274,259
63275,267
63276,268
63277,267
63278,261
63279,266
63280,264
63281,271
63282,268
63283,265
63284,268
63285,269
63286,269
63287,264
63288,268
63289,265
63290,266
63291,264
63292,273
63293,264
63294,254
63295,272
63296,265
63297,265
63298,261
63299,262
63300,265
63301,260
63302,260
63303,266
63304,273
63305,262
63306,270
63307,262
63308,261
63309,265
63310,267
63311,272
63312,270
63313,274
63314,277
63315,271
63316,281
63317,276
63318,274
63319,268
63320,273
63321,282
63322,272
63323,271
63324,261
63325,273
63326,275
63327,262
63328,265
63329,262
63330,261
63331,265
63332,258
63333,261
63334,271
63335,275
63336,264
63337,260
63338,266
63339,255
63340,261
63341,254
63342,252
63343,259
63344,257
63345,259
63346,259
63347,256
63348,252
63349,276
63350,282
63351,285
63352,274
63353,279
63354,272
63355,268
63356,273
63357,269
63358,269
63359,273
63360,272
63361,276
63362,270
63363,272
63364,279
63365,286
63366,285
63367,286
63368,282
63369,285
63370,286
63371,286
63372,293
63373,281
63374,292
63375,293
63376,282
63377,295
63378,291
63379,293
63380,286
63381,295
63382,290
63383,285
63384,288
63385,292
63386,276
63387,271
63388,265
63389,264
63390,264
63391,261
63392,257
63393,259
63394,253
63395,255
63396,252
63397,250
63398,245
63399,247
63400,243
63401,245
63402,247
63403,248
63404,248
63405,249
63406,250
63407,248
63408,243
63409,246
63410,247
63411,238
63412,246
63413,241
63414,240
63415,254
63416,249
63417,252
63418,259
63419,251
63420,257
63421,251
63422,244
63423,245
63424,248
63425,245
63426,243
63427,245
63428,248
63429,253
63430,256
63431,256
63432,251
63433,246
63434,247
63435,243
63436,245
63437,248
63438,245
63439,243
63440,243
63441,244
63442,256
63443,241
63444,241
63445,247
63446,244
63447,243
63448,247
63449,248
63450,245
63451,246
63452,244
63453,243
63454,246
63455,244
63456,243
63457,242
63458,240
63459,241
63460,242
63461,246
63462,253
63463,255
63464,258
63465,261
63466,255
63467,261
63468,263
63469,262
63470,260
63471,268
63472,268
63473,264
63474,261
63475,258
63476,264
63477,265
63478,263
63479,258
63480,255
63481,252
63482,260
63483,248
63484,248
63485,250
63486,255
63487,257
63488,263
63489,262
63490,259
63491,261
63492,256
63493,259
63494,251
63495,255
63496,263
63497,255
63498,261
63499,261
63500,266
63501,267
63502,260
63503,267
63504,265
63505,269
63506,258
63507,269
63508,265
63509,273
63510,275
63511,272
63512,265
63513,277
63514,265
63515,267
63516,259
63517,265
63518,264
63519,269
63520,270
63521,265
63522,269
63523,265
63524,272
63525,262
63526,266
63527,256
63528,258
63529,261
63530,261
63531,256
63532,258
63533,256
63534,262
63535,272
63536,276
63537,276
63538,274
63539,262
63540,251
63541,256
63542,259
63543,258
63544,260
63545,256
63546,255
63547,252
63548,265
63549,259
63550,263
63551,253
63552,253
63553,259
63554,255
63555,255
63556,251
63557,251
63558,245
63559,251
63560,247
63561,250
63562,242
63563,244
63564,238
63565,244
63566,244
63567,246
63568,239
63569,237
63570,242
63571,245
63572,238
63573,231
63574,241
63575,233
63576,230
63577,226
63578,233
63579,230
63580,222
63581,223
63582,225
63583,225
63584,230
63585,229
63586,221
63587,224
63588,224
63589,221
63590,219
63591,218
63592,232
63593,236
63594,236
63595,246
63596,240
63597,244
63598,238
63599,245
63600,244
63601,234
63602,244
63603,231
63604,239
63605,241
63606,238
63607,250
63608,243
63609,242
63610,251
63611,241
63612,245
63613,242
63614,241
63615,234
63616,231
63617,228
63618,228
63619,229
63620,232
63621,228
63622,228
63623,230
63624,241
63625,233
63626,237
63627,236
63628,235
63629,239
63630,241
63631,239
63632,236
63633,236
63634,239
63635,234
63636,244
63637,244
63638,245
63639,242
