NETCARE2015/data/raw/Flight6/CPC3772_POLAR6_20150411_r2_NETCARE.ict
35,1001
Abbatt,Jon
University of Toronto
Polar 6
NETCARE
1,1
2015,4,11,2017,8,16
1
time,seconds,seconds from start in UTC
1
1
-99999
conc,number of particles per cm3
0
20
PI_CONTACT_INFO: 80 St. George Street; Toronto; ON M5S 3H6 CANADA; email: jabbatt@chem.utoronto.ca
PLATFORM: Polar 6 aircraft
LOCATION: European Arctic near Svalbard
ASSOCIATED_DATA: none
INSTRUMENT_INFO: Condensation Particle Counter Model 3772 is an instrument that detects airborne particles down to 10 nm at an aerosol flow rate of 1.0 L/min, over a concentration range from 0 to 10^4 particles/cm^3 
DATA_INFO: all relevant information is given above
UNCERTAINTY:  ±10% of measured value
ULOD_FLAG: -7777
ULOD_VALUE: N/As
LLOD_FLAG: -8888
LLOD_VALUE: N/A
DM_CONTACT_INFO: Data collected by Julia Burkart. Please direct all correspondence to Jon Abbatt: jabbatt@chem.utoronto.ca
PROJECT_INFO: Polar 6 NETCARE Spring 2015 campaign
STIPULATIONS_ON_USE: N/A
OTHER_COMMENTS: N/A
REVISION: R2, R1, R0
R2: zero and filter measurements are removed
R1: uncorrected raw data
R0: raw data
time,conc
[from data line 15703]
73151,213
73152,215
73153,214
73154,211
73155,216
73156,218
73157,216
73158,211
73159,215
73160,214
73161,213
73162,224
73163,221
73164,216
73165,215
73166,223
73167,221
73168,226
73169,218
73170,221
73171,218
73172,215
73173,217
73174,220
73175,214
73176,216
73177,210
73178,211
73179,216
73180,214
73181,215
73182,210
73183,218
73184,210
73185,206
73186,208
73187,207
73188,213
73189,207
73190,203
73191,209
73192,218
73193,212
73194,214
73195,209
73196,209
73197,209
73198,211
73199,206
73200,209
73201,218
73202,213
73203,220
73204,207
73205,209
73206,210
73207,210
73208,211
73209,209
73210,217
73211,213
73212,207
73213,212
73214,208
73215,208
73216,209
73217,206
73218,204
73219,207
73220,205
73221,213
73222,211
73223,212
73224,210
73225,217
73226,210
73227,215
73228,212
73229,210
73230,206
73231,210
73232,213
73233,209
73234,214
73235,211
73236,213
73237,208
73238,211
73239,214
73240,215
73241,216
73242,218
73243,214
73244,215
73245,216
73246,211
73247,212
73248,212
73249,212
73250,209
73251,208
73252,215
73253,213
73254,209
73255,218
73256,202
73257,205
73258,210
73259,211
73260,215
73261,212
73262,213
73263,212
73264,216
73265,211
73266,214
73267,215
73268,216
73269,225
73270,218
73271,216
73272,216
73273,221
73274,221
73275,216
73276,219
73277,213
73278,219
73279,219
73280,219
73281,217
73282,216
73283,217
73284,217
73285,217
73286,215
73287,220
73288,217
73289,217
73290,219
73291,216
73292,227
73293,216
73294,216
73295,218
73296,216
73297,220
73298,224
73299,217
73300,216
73301,220
73302,222
73303,217
73304,225
73305,218
73306,210
73307,220
73308,227
73309,215
73310,221
73311,206
73312,215
73313,221
73314,216
73315,215
73316,215
73317,213
73318,214
73319,216
73320,210
73321,212
73322,222
73323,212
73324,207
73325,217
73326,209
73327,208
73328,209
73329,221
73330,214
73331,210
73332,208
73333,213
73334,204
73335,211
73336,209
73337,211
73338,217
73339,209
73340,208
73341,212
73342,205
73343,209
73344,216
73345,209
73346,208
73347,210
73348,204
73349,209
73350,214
73351,210
73352,202
73353,208
73354,204
73355,200
73356,210
73357,207
73358,212
73359,205
73360,201
73361,214
73362,205
73363,214
73364,212
73365,211
73366,206
73367,208
73368,202
73369,205
73370,210
73371,214
73372,204
73373,204
73374,207
73375,208
73376,204
73377,213
73378,206
73379,209
73380,202
73381,206
73382,214
73383,210
73384,210
73385,211
73386,203
73387,208
73388,213
73389,215
73390,211
73391,208
73392,210
73393,213
73394,208
73395,212
73396,211
73397,202
73398,212
73399,205
73400,212
73401,210
73402,207
73403,213
73404,207
73405,207
73406,208
73407,213
73408,209
73409,210
73410,212
73411,204
73412,213
73413,208
73414,209
73415,208
73416,198
73417,207
73418,211
73419,208
73420,207
73421,203
73422,213
73423,206
73424,212
73425,209
73426,207
73427,212
73428,213
73429,207
73430,211
73431,209
73432,213
73433,208
73434,206
73435,200
73436,208
73437,203
73438,205
73439,207
73440,207
73441,210
73442,214
73443,206
73444,210
73445,208
73446,211
73447,212
73448,207
73449,213
73450,207
73451,210
73452,211
73453,205
73454,220
73455,201
73456,210
73457,206
73458,208
73459,205
73460,208
73461,209
73462,208
73463,206
73464,203
73465,211
73466,207
73467,213
73468,210
73469,212
73470,210
73471,202
73472,215
73473,206
73474,207
73475,211
73476,214
73477,210
73478,205
73479,205
73480,209
73481,210
73482,201
73483,208
73484,210
73485,209
73486,213
73487,204
73488,211
73489,211
73490,206
73491,204
73492,204
73493,209
73494,215
73495,208
73496,210
73497,211
73498,211
73499,205
73500,208
73501,211
73502,206
73503,201
73504,213
73505,210
73506,211
73507,208
73508,209
73509,208
73510,207
73511,212
73512,215
73513,208
73514,209
73515,202
73516,211
73517,208
73518,209
73519,214
73520,207
73521,210
73522,207
73523,209
73524,207
73525,204
73526,210
73527,208
73528,209
73529,203
73530,209
73531,213
73532,206
73533,207
73534,212
73535,210
73536,217
73537,215
73538,210
73539,210
73540,209
73541,212
73542,212
73543,211
73544,207
73545,212
73546,214
73547,210
73548,215
73549,210
73550,214
73551,212
73552,209
73553,212
73554,207
73555,213
73556,214
73557,217
73558,212
73559,213
73560,212
73561,219
73562,215
73563,227
73564,222
73565,229
73566,239
73567,230
73568,239
73569,237
73570,240
73571,238
73572,235
73573,241
73574,246
73575,232
73576,243
73577,244
73578,239
73579,245
73580,238
73581,238
73582,248
73583,244
73584,241
73585,249
73586,255
73587,251
73588,254
73589,246
73590,253
73591,255
73592,251
73593,255
73594,255
73595,236
73596,235
73597,233
73598,229
73599,212
73600,199
73601,196
73602,193
73603,195
73604,190
73605,189
73606,186
73607,178
73608,168
73609,172
73610,173
73611,175
73612,174
73613,172
73614,165
73615,158
73616,156
73617,162
73618,169
73619,169
73620,177
73621,195
73622,210
73623,207
73624,215
73625,234
73626,242
73627,254
73628,254
73629,260
73630,258
73631,256
73632,266
73633,272
73634,265
73635,273
73636,264
73637,277
73638,266
73639,254
73640,248
73641,248
73642,243
73643,241
73644,244
73645,255
73646,257
73647,253
73648,265
73649,266
73650,264
73651,262
73652,259
73653,262
73654,264
73655,265
73656,261
73657,273
73658,282
73659,282
73660,270
73661,260
73662,242
73663,240
73664,230
73665,226
73666,230
73667,238
73668,245
73669,246
73670,257
73671,269
73672,254
73673,244
73674,249
73675,248
73676,252
73677,246
73678,260
73679,259
73680,248
73681,234
73682,242
73683,246
73684,245
73685,248
73686,244
73687,241
73688,237
73689,238
73690,230
73691,233
73692,232
73693,231
73694,226
73695,230
73696,240
73697,230
73698,233
73699,224
73700,232
73701,211
73702,219
73703,216
73704,222
73705,229
73706,230
73707,232
73708,225
73709,219
73710,215
73711,209
73712,205
73713,201
73714,197
73715,195
73716,202
73717,192
73718,190
73719,195
73720,193
73721,188
73722,188
73723,195
73724,194
73725,199
73726,198
73727,198
73728,196
73729,197
73730,202
73731,196
73732,201
73733,202
73734,200
73735,203
73736,205
73737,212
73738,223
73739,225
73740,229
73741,237
73742,228
73743,238
73744,228
73745,243
73746,231
73747,226
73748,230
73749,238
73750,236
73751,235
73752,236
73753,237
73754,237
73755,233
73756,234
73757,237
73758,229
73759,228
73760,225
73761,221
73762,222
73763,220
73764,214
73765,212
73766,212
73767,211
73768,211
73769,210
73770,211
73771,207
73772,205
73773,211
73774,218
73775,204
73776,211
73777,201
73778,208
73779,202
73780,213
73781,208
73782,206
73783,206
73784,203
73785,200
73786,197
73787,193
73788,190
73789,186
73790,193
73791,191
73792,200
73793,196
73794,190
73795,199
73796,211
73797,206
73798,197
73799,210
73800,216
73801,216
73802,220
73803,188
73804,171
73805,142
73806,137
73807,133
73808,132
73809,127
73810,115
73811,118
73812,121
73813,120
73814,119
73815,118
73816,120
73817,125
73818,123
73819,143
73820,160
73821,152
73822,157
73823,149
73824,155
73825,154
73826,154
73827,151
73828,147
73829,137
73830,130
73831,130
73832,129
73833,127
73834,130
73835,127
73836,131
73837,130
73838,127
73839,130
73840,128
73841,128
73842,122
73843,127
73844,127
73845,133
73846,134
73847,127
73848,122
73849,129
73850,129
73851,131
73852,132
73853,133
73854,136
73855,135
73856,135
73857,140
73858,140
73859,140
73860,153
73861,142
73862,146
73863,146
73864,158
73865,150
73866,157
73867,158
73868,159
73869,162
73870,168
73871,164
73872,168
73873,163
73874,171
73875,173
73876,175
73877,166
73878,173
73879,167
73880,157
73881,167
73882,164
73883,168
73884,168
73885,168
73886,175
73887,183
73888,182
73889,184
73890,190
73891,185
73892,181
73893,184
73894,187
73895,182
73896,185
73897,188
73898,182
73899,186
73900,193
73901,213
73902,213
73903,209
73904,212
73905,209
73906,211
73907,219
73908,217
73909,225
73910,215
73911,223
73912,218
73913,218
73914,229
73915,218
73916,218
73917,219
73918,220
73919,215
73920,218
73921,221
73922,216
73923,215
73924,218
73925,220
73926,219
73927,225
73928,222
73929,229
73930,221
73931,233
73932,225
73933,222
73934,222
73935,220
73936,222
73937,221
73938,222
73939,225
73940,227
73941,225
73942,226
73943,230
73944,224
73945,229
73946,232
73947,238
73948,224
73949,226
73950,235
73951,228
73952,234
73953,233
73954,228
73955,225
73956,221
73957,234
73958,219
73959,229
73960,218
73961,227
73962,221
73963,229
73964,225
73965,222
73966,222
73967,220
73968,221
73969,222
73970,227
73971,224
73972,224
73973,229
73974,230
73975,234
73976,232
73977,234
73978,232
73979,232
73980,231
73981,244
73982,243
73983,252
73984,245
73985,246
73986,247
73987,236
73988,238
73989,241
73990,241
73991,240
73992,246
73993,238
73994,234
73995,235
73996,244
73997,239
73998,245
73999,239
74000,239
74001,234
74002,239
74003,240
74004,241
74005,245
74006,236
74007,245
74008,244
74009,242
74010,233
74011,233
74012,238
74013,243
74014,233
74015,238
74016,238
74017,232
74018,240
74019,238
74020,244
74021,238
74022,238
74023,246
74024,238
74025,249
74026,240
74027,239
74028,243
74029,244
74030,251
74031,244
74032,247
74033,247
74034,260
74035,257
74036,246
74037,249
74038,255
74039,246
74040,249
74041,252
74042,249
74043,257
74044,249
74045,251
74046,251
74047,242
74048,248
74049,252
74050,255
74051,251
74052,245
74053,249
74054,258
74055,249
74056,251
74057,259
74058,258
74059,251
74060,245
74061,252
74062,252
74063,252
74064,253
74065,258
74066,247
74067,256
74068,253
74069,248
74070,244
74071,240
74072,244
74073,239
74074,241
74075,243
74076,240
74077,235
74078,241
74079,233
74080,235
74081,230
74082,229
74083,236
74084,236
74085,239
74086,226
74087,231
74088,226
74089,225
74090,232
74091,230
74092,231
74093,223
74094,224
74095,224
74096,216
74097,222
74098,226
74099,222
74100,222
74101,227
74102,226
74103,226
74104,227
74105,231
74106,222
74107,224
74108,229
74109,228
74110,224
74111,223
74112,221
74113,222
74114,221
74115,221
74116,232
74117,220
74118,225
74119,229
74120,233
74121,224
74122,231
74123,227
74124,223
74125,220
74126,220
74127,226
74128,225
74129,221
74130,223
74131,220
74132,227
74133,224
74134,230
74135,226
74136,225
74137,225
74138,227
74139,221
74140,221
74141,224
74142,213
74143,224
74144,217
74145,217
74146,218
74147,224
74148,218
74149,208
74150,207
74151,214
74152,209
74153,211
74154,208
74155,208
74156,215
74157,218
74158,230
74159,237
74160,232
74161,232
74162,231
74163,227
74164,242
74165,243
74166,246
74167,241
74168,245
74169,246
74170,244
74171,237
74172,249
74173,237
74174,250
74175,239
74176,245
74177,248
74178,242
74179,242
74180,244
74181,252
74182,244
74183,253
74184,252
74185,245
74186,249
74187,246
74188,250
74189,241
74190,247
74191,240
74192,245
74193,243
74194,252
74195,246
74196,248
74197,239
74198,239
74199,228
74200,229
74201,227
74202,230
74203,230
74204,226
74205,223
74206,231
74207,223
74208,227
74209,233
74210,226
74211,230
74212,231
74213,230
74214,234
74215,236
74216,239
74217,231
74218,228
74219,229
74220,221
74221,217
74222,222
74223,223
74224,218
74225,216
74226,222
74227,214
74228,211
74229,210
74230,216
74231,210
74232,202
74233,207
74234,202
74235,200
74236,194
74237,194
74238,199
74239,206
74240,198
74241,200
74242,195
74243,197
74244,201
74245,205
74246,203
74247,197
74248,201
74249,199
74250,202
74251,193
74252,195
74253,195
74254,200
74255,196
74256,196
74257,192
74258,206
74259,196
74260,207
74261,201
74262,203
74263,197
74264,197
74265,196
74266,204
74267,201
74268,198
74269,202
74270,199
74271,209
74272,197
74273,206
74274,206
74275,203
74276,204
74277,212
74278,208
74279,213
74280,213
74281,206
74282,218
74283,210
74284,215
74285,206
74286,213
74287,213
74288,215
74289,223
74290,219
74291,211
74292,217
74293,219
74294,217
74295,219
74296,221
74297,216
74298,220
74299,213
74300,214
74301,217
74302,214
74303,221
74304,218
74305,223
74306,218
74307,222
74308,219
74309,217
74310,216
74311,215
74312,221
74313,218
74314,219
74315,219
74316,220
74317,209
74318,214
74319,214
74320,225
74321,219
74322,222
74323,217
74324,220
74325,219
74326,220
74327,217
74328,228
74329,216
74330,227
74331,223
74332,224
74333,225
74334,223
74335,219
74336,217
74337,214
74338,216
74339,219
74340,220
74341,217
74342,212
74343,209
74344,215
74345,211
74346,216
74347,217
74348,218
74349,213
74350,200
74351,203
74352,193
74353,198
74354,196
74355,198
74356,199
74357,198
74358,200
74359,197
74360,201
74361,201
74362,202
74363,203
74364,197
74365,195
74366,199
74367,194
74368,200
74369,196
74370,208
74371,203
74372,199
74373,201
74374,197
74375,195
74376,194
74377,198
74378,196
74379,207
74380,205
74381,207
74382,199
74383,202
74384,204
74385,204
74386,208
74387,210
74388,207
74389,210
74390,211
74391,213
74392,211
74393,215
74394,213
74395,217
74396,211
74397,217
74398,213
74399,210
74400,209
74401,217
74402,213
74403,211
74404,211
74405,214
74406,213
74407,218
74408,216
74409,214
74410,218
74411,211
74412,210
74413,210
74414,217
74415,208
74416,211
74417,209
74418,211
74419,207
74420,215
74421,217
74422,213
74423,225
74424,220
74425,224
74426,227
74427,226
74428,216
74429,227
74430,223
74431,234
74432,227
74433,224
74434,218
74435,226
74436,227
74437,228
74438,228
74439,228
74440,231
74441,225
74442,226
74443,234
74444,227
74445,226
74446,222
74447,225
74448,230
74449,226
74450,225
74451,218
74452,223
74453,224
74454,219
74455,220
74456,218
74457,221
74458,215
74459,220
74460,225
74461,221
74462,220
74463,224
74464,225
74465,221
74466,218
74467,224
74468,221
74469,223
74470,226
74471,219
74472,216
74473,222
74474,220
74475,221
74476,215
74477,217
74478,219
74479,221
74480,224
74481,226
74482,223
74483,222
74484,225
74485,221
74486,232
74487,219
74488,222
74489,217
74490,214
74491,218
74492,224
74493,225
74494,219
74495,225
74496,222
74497,219
74498,220
74499,216
74500,220
74501,218
74502,224
74503,215
74504,218
74505,220
74506,217
74507,224
74508,220
74509,218
74510,221
74511,220
74512,215
74513,223
74514,223
74515,214
74516,227
74517,220
74518,219
74519,221
74520,221
74521,225
74522,217
74523,220
74524,224
74525,220
74526,220
74527,217
74528,216
74529,219
74530,219
74531,212
74532,215
74533,218
74534,218
74535,217
74536,221
74537,220
74538,215
74539,221
74540,214
74541,226
74542,218
74543,219
74544,219
74545,229
74546,222
74547,215
74548,221
74549,215
74550,216
74551,224
74552,218
74553,223
74554,216
74555,222
74556,222
74557,223
74558,218
74559,223
74560,219
74561,227
74562,221
74563,218
74564,223
74565,217
74566,217
74567,216
74568,224
74569,218
74570,224
74571,224
74572,218
74573,223
74574,219
74575,215
74576,221
74577,219
74578,222
74579,214
74580,223
74581,229
74582,230
74583,221
74584,218
74585,214
74586,222
74587,224
74588,220
74589,213
74590,220
74591,220
74592,212
74593,216
74594,223
74595,227
74596,225
74597,217
74598,222
74599,222
74600,224
74601,217
74602,221
74603,222
74604,220
74605,218
74606,219
74607,218
74608,219
74609,224
74610,216
74611,218
74612,220
74613,224
74614,219
74615,218
74616,213
74617,229
74618,218
74619,216
74620,213
74621,207
74622,212
74623,212
74624,211
74625,205
74626,211
74627,203
74628,202
74629,209
74630,204
74631,204
74632,213
74633,218
74634,208
74635,207
74636,207
74637,207
74638,203
74639,207
74640,204
74641,206
74642,206
74643,212
74644,209
74645,200
74646,196
74647,198
74648,195
74649,191
74650,195
74651,197
74652,189
74653,192
74654,194
74655,186
74656,185
74657,189
74658,191
74659,193
74660,190
74661,195
74662,190
74663,188
74664,193
74665,194
74666,195
74667,193
74668,190
74669,197
74670,193
74671,183
74672,191
74673,196
74674,192
74675,186
74676,185
74677,185
74678,190
74679,184
74680,189
74681,193
74682,192
74683,184
74684,181
74685,187
74686,186
74687,179
74688,185
74689,193
74690,186
74691,178
74692,179
74693,178
74694,180
74695,185
74696,184
74697,188
74698,182
74699,187
74700,191
74701,185
74702,190
74703,190
74704,187
74705,188
74706,190
74707,195
74708,184
74709,185
74710,183
74711,180
74712,178
74713,187
74714,177
74715,178
74716,182
74717,179
74718,184
74719,179
74720,181
74721,178
74722,179
74723,181
74724,181
74725,174
74726,178
74727,183
74728,180
74729,178
74730,182
74731,178
74732,182
74733,180
74734,184
74735,181
74736,181
74737,177
74738,180
74739,179
74740,182
74741,176
74742,176
74743,180
74744,181
74745,182
74746,177
74747,178
74748,176
74749,174
