NETCARE2015/data/raw/Flight6/CPC3772_POLAR6_20150411_r2_NETCARE.ict
35,1001
Abbatt,Jon
University of Toronto
Polar 6
NETCARE
1,1
2015,4,11,2017,8,16
1
time,seconds,seconds from start in UTC
1
1
-99999
conc,number of particles per cm3
0
20
PI_CONTACT_INFO: 80 St. George Street; Toronto; ON M5S 3H6 CANADA; email: jabbatt@chem.utoronto.ca
PLATFORM: Polar 6 aircraft
LOCATION: European Arctic near Svalbard
ASSOCIATED_DATA: none
INSTRUMENT_INFO: Condensation Particle Counter Model 3772 is an instrument that detects airborne particles down to 10 nm at an aerosol flow rate of 1.0 L/min, over a concentration range from 0 to 10^4 particles/cm^3 
DATA_INFO: all relevant information is given above
UNCERTAINTY:  ±10% of measured value
ULOD_FLAG: -7777
ULOD_VALUE: N/As
LLOD_FLAG: -8888
LLOD_VALUE: N/A
DM_CONTACT_INFO: Data collected by Julia Burkart. Please direct all correspondence to Jon Abbatt: jabbatt@chem.utoronto.ca
PROJECT_INFO: Polar 6 NETCARE Spring 2015 campaign
STIPULATIONS_ON_USE: N/A
OTHER_COMMENTS: N/A
REVISION: R2, R1, R0
R2: zero and filter measurements are removed
R1: uncorrected raw data
R0: raw data
time,conc
[from data line 17303]
74751,180
74752,185
74753,182
74754,174
74755,183
74756,179
74757,179
74758,183
74759,183
74760,179
74761,181
74762,179
74763,185
74764,178
74765,181
74766,178
74767,181
74768,175
74769,176
74770,179
74771,177
74772,183
74773,180
74774,173
74775,179
74776,175
74777,181
74778,180
74779,177
74780,180
74781,180
74782,175
74783,182
74784,184
74785,179
74786,179
74787,182
74788,180
74789,178
74790,175
74791,175
74792,178
74793,178
74794,178
74795,178
74796,182
74797,185
74798,180
74799,177
74800,181
74801,180
74802,177
74803,176
74804,181
74805,188
74806,181
74807,180
74808,177
74809,175
74810,173
74811,177
74812,177
74813,180
74814,179
74815,177
74816,174
74817,177
74818,177
74819,180
74820,183
74821,179
74822,175
74823,182
74824,181
74825,179
74826,172
74827,175
74828,179
74829,171
74830,182
74831,178
74832,179
74833,178
74834,177
74835,173
74836,180
74837,184
74838,179
74839,176
74840,175
74841,185
74842,179
74843,180
74844,182
74845,178
74846,175
74847,171
74848,177
74849,182
74850,182
74851,184
74852,182
74853,173
74854,179
74855,179
74856,185
74857,182
74858,181
74859,174
74860,184
74861,174
74862,172
74863,182
74864,179
74865,177
74866,174
74867,181
74868,181
74869,177
74870,183
74871,173
74872,182
74873,180
74874,176
74875,185
74876,182
74877,181
74878,178
74879,185
74880,182
74881,177
74882,179
74883,177
74884,177
74885,180
74886,184
74887,180
74888,182
74889,182
74890,185
74891,176
74892,182
74893,178
74894,187
74895,180
74896,186
74897,181
74898,177
74899,179
74900,180
74901,182
74902,180
74903,179
74904,187
74905,182
74906,181
74907,185
74908,183
74909,179
74910,181
74911,181
74912,183
74913,177
74914,181
74915,179
74916,180
74917,184
74918,189
74919,188
74920,185
74921,181
74922,184
74923,187
74924,188
74925,187
74926,180
74927,182
74928,189
74929,190
74930,191
74931,193
74932,193
74933,189
74934,189
74935,189
74936,189
74937,186
74938,185
74939,187
74940,183
74941,189
74942,186
74943,192
74944,185
74945,191
74946,191
74947,192
74948,186
74949,190
74950,194
74951,194
74952,193
74953,197
74954,197
74955,200
74956,202
74957,195
74958,195
74959,197
74960,194
74961,190
74962,189
74963,195
74964,195
74965,192
74966,201
74967,194
74968,203
74969,197
74970,197
74971,205
74972,202
74973,195
74974,203
74975,200
74976,203
74977,206
74978,206
74979,208
74980,195
74981,199
74982,201
74983,202
74984,206
74985,202
74986,197
74987,193
74988,191
74989,198
74990,197
74991,201
74992,200
74993,192
74994,189
74995,192
74996,197
74997,191
74998,197
74999,198
75000,194
75001,195
75002,186
75003,185
75004,197
75005,200
75006,195
75007,195
75008,189
75009,196
75010,194
75011,192
75012,191
75013,191
75014,192
75015,191
75016,195
75017,193
75018,192
75019,199
75020,194
75021,200
75022,185
75023,191
75024,195
75025,186
75026,188
75027,191
75028,192
75029,190
75030,191
75031,194
75032,198
75033,194
75034,189
75035,198
75036,198
75037,198
75038,189
75039,192
75040,185
75041,187
75042,196
75043,192
75044,196
75045,197
75046,196
75047,198
75048,200
75049,202
75050,197
75051,199
75052,200
75053,195
75054,203
75055,198
75056,198
75057,191
75058,201
75059,202
75060,202
75061,205
75062,207
75063,207
75064,211
75065,208
75066,214
75067,210
75068,214
75069,211
75070,209
75071,208
75072,207
75073,214
75074,218
75075,211
75076,209
75077,212
75078,214
75079,213
75080,213
75081,210
75082,209
75083,213
75084,218
75085,207
75086,208
75087,213
75088,218
75089,213
75090,217
75091,229
75092,209
75093,215
75094,216
75095,208
75096,210
75097,215
75098,217
75099,212
75100,215
75101,207
75102,221
75103,217
75104,220
75105,209
75106,216
75107,220
75108,209
75109,212
75110,215
75111,214
75112,215
75113,222
75114,219
75115,218
75116,215
75117,220
75118,217
75119,215
75120,215
75121,220
75122,217
75123,216
75124,218
75125,219
75126,219
75127,222
75128,217
75129,220
75130,217
75131,213
75132,212
75133,218
75134,215
75135,218
75136,218
75137,217
75138,226
75139,217
75140,225
75141,219
75142,217
75143,219
75144,218
75145,217
75146,213
75147,215
75148,210
75149,222
75150,216
75151,222
75152,220
75153,217
75154,223
75155,214
75156,214
75157,219
75158,219
75159,-99999
75160,217
75161,218
75162,220
75163,224
75164,219
75165,211
75166,217
75167,224
75168,220
75169,216
75170,221
75171,219
75172,216
75173,222
75174,228
75175,224
75176,224
75177,226
75178,221
75179,223
75180,221
75181,220
75182,222
75183,221
75184,226
75185,221
75186,227
75187,218
75188,217
75189,221
75190,223
75191,222
75192,219
75193,217
75194,216
75195,222
75196,216
75197,213
75198,225
75199,223
75200,222
75201,224
75202,223
75203,224
75204,223
75205,223
75206,221
75207,221
75208,224
75209,219
75210,221
75211,222
75212,218
75213,222
75214,220
75215,216
75216,217
75217,218
75218,223
75219,219
75220,223
75221,233
75222,223
75223,220
75224,222
75225,219
75226,221
75227,215
75228,220
75229,224
75230,225
75231,227
75232,216
75233,217
75234,223
75235,223
75236,222
75237,221
75238,223
75239,221
75240,217
75241,-99999
75242,-99999
75243,-99999
75244,-99999
75245,-99999
75246,-99999
75247,-99999
75248,-99999
75249,-99999
75250,-99999
75251,-99999
75252,-99999
75253,-99999
75254,-99999
75255,-99999
75256,-99999
75257,-99999
75258,-99999
75259,-99999
75260,-99999
75261,-99999
75262,-99999
75263,-99999
75264,-99999
75265,-99999
75266,-99999
75267,-99999
75268,-99999
75269,-99999
75270,-99999
75271,-99999
75272,-99999
75273,-99999
75274,-99999
75275,-99999
75276,-99999
75277,-99999
75278,-99999
75279,-99999
75280,-99999
75281,-99999
75282,-99999
75283,-99999
75284,-99999
75285,-99999
75286,-99999
75287,-99999
75288,-99999
75289,-99999
75290,-99999
75291,-99999
75292,-99999
75293,-99999
75294,-99999
75295,-99999
75296,-99999
75297,-99999
75298,-99999
75299,-99999
75300,-99999
75301,-99999
75302,-99999
75303,-99999
75304,-99999
75305,-99999
75306,-99999
75307,-99999
75308,-99999
75309,-99999
75310,-99999
75311,-99999
75312,-99999
75313,-99999
75314,-99999
75315,-99999
75316,-99999
75317,-99999
75318,-99999
75319,-99999
75320,-99999
75321,-99999
75322,-99999
75323,-99999
75324,-99999
75325,-99999
75326,-99999
75327,-99999
75328,-99999
75329,-99999
75330,-99999
75331,-99999
75332,-99999
75333,-99999
75334,-99999
75335,-99999
75336,-99999
75337,-99999
75338,-99999
75339,-99999
75340,-99999
75341,-99999
75342,-99999
75343,-99999
75344,-99999
75345,-99999
75346,-99999
75347,-99999
75348,-99999
75349,-99999
75350,-99999
75351,-99999
75352,-99999
75353,-99999
75354,-99999
75355,-99999
75356,-99999
75357,-99999
75358,-99999
75359,-99999
75360,-99999
75361,-99999
75362,-99999
75363,-99999
75364,-99999
75365,-99999
75366,-99999
75367,-99999
75368,-99999
75369,-99999
75370,-99999
75371,-99999
75372,-99999
75373,-99999
75374,-99999
75375,-99999
75376,-99999
75377,-99999
75378,-99999
75379,-99999
75380,-99999
75381,-99999
75382,-99999
75383,-99999
75384,-99999
75385,-99999
75386,-99999
75387,-99999
75388,-99999
75389,-99999
75390,-99999
75391,-99999
75392,-99999
75393,-99999
75394,-99999
75395,-99999
75396,-99999
75397,-99999
75398,-99999
75399,-99999
75400,-99999
75401,-99999
75402,-99999
75403,-99999
75404,-99999
75405,-99999
75406,-99999
75407,-99999
75408,-99999
75409,-99999
75410,-99999
75411,-99999
75412,-99999
75413,-99999
75414,-99999
75415,-99999
75416,-99999
75417,-99999
75418,-99999
75419,-99999
75420,-99999
75421,-99999
75422,-99999
75423,-99999
75424,-99999
75425,-99999
75426,-99999
75427,-99999
75428,-99999
75429,-99999
75430,-99999
75431,-99999
75432,-99999
75433,-99999
75434,-99999
75435,-99999
75436,-99999
75437,-99999
75438,-99999
75439,-99999
75440,-99999
75441,-99999
75442,-99999
75443,-99999
75444,-99999
75445,-99999
75446,-99999
75447,-99999
75448,-99999
75449,-99999
75450,-99999
75451,-99999
75452,-99999
75453,-99999
75454,-99999
75455,-99999
75456,-99999
75457,-99999
75458,-99999
75459,-99999
75460,-99999
75461,-99999
75462,-99999
75463,-99999
75464,-99999
75465,-99999
75466,-99999
75467,-99999
75468,-99999
75469,-99999
75470,-99999
75471,-99999
75472,-99999
75473,-99999
75474,-99999
75475,-99999
75476,-99999
75477,-99999
75478,-99999
75479,-99999
75480,-99999
75481,-99999
75482,-99999
75483,-99999
75484,-99999
75485,-99999
75486,-99999
75487,-99999
75488,-99999
75489,-99999
75490,-99999
75491,-99999
75492,-99999
75493,-99999
75494,-99999
75495,-99999
75496,-99999
75497,-99999
75498,-99999
75499,-99999
75500,-99999
75501,-99999
75502,-99999
75503,-99999
75504,-99999
75505,-99999
75506,-99999
75507,-99999
75508,-99999
75509,-99999
75510,-99999
75511,-99999
75512,-99999
75513,-99999
75514,-99999
75515,-99999
75516,-99999
75517,-99999
75518,-99999
75519,-99999
75520,-99999
75521,-99999
75522,-99999
75523,-99999
75524,-99999
75525,-99999
75526,-99999
75527,-99999
75528,-99999
75529,-99999
75530,-99999
75531,-99999
75532,-99999
75533,-99999
75534,-99999
75535,-99999
75536,-99999
75537,-99999
75538,-99999
75539,-99999
75540,-99999
75541,-99999
75542,-99999
75543,-99999
75544,-99999
75545,-99999
75546,-99999
75547,-99999
75548,-99999
75549,-99999
75550,-99999
75551,-99999
75552,-99999
75553,-99999
75554,-99999
75555,-99999
75556,-99999
75557,-99999
75558,-99999
75559,-99999
75560,-99999
75561,-99999
75562,-99999
75563,-99999
75564,-99999
75565,-99999
75566,-99999
75567,-99999
75568,-99999
75569,-99999
75570,-99999
75571,-99999
75572,-99999
75573,-99999
75574,-99999
75575,-99999
75576,-99999
75577,-99999
75578,-99999
75579,-99999
75580,-99999
75581,-99999
75582,-99999
75583,-99999
75584,-99999
75585,-99999
75586,-99999
75587,-99999
75588,-99999
75589,-99999
75590,-99999
75591,-99999
75592,-99999
75593,-99999
75594,-99999
75595,-99999
75596,-99999
75597,-99999
75598,-99999
75599,-99999
75600,-99999
75601,-99999
75602,-99999
75603,-99999
75604,-99999
75605,-99999
75606,-99999
75607,-99999
75608,-99999
75609,-99999
75610,-99999
75611,-99999
75612,-99999
75613,-99999
75614,-99999
75615,-99999
75616,-99999
75617,-99999
75618,-99999
75619,-99999
75620,-99999
75621,-99999
75622,-99999
75623,-99999
75624,-99999
75625,-99999
75626,-99999
75627,-99999
75628,-99999
75629,-99999
75630,-99999
75631,-99999
75632,-99999
75633,-99999
75634,-99999
75635,-99999
75636,-99999
75637,-99999
75638,-99999
75639,-99999
75640,-99999
75641,-99999
75642,-99999
75643,-99999
75644,-99999
75645,-99999
75646,-99999
75647,-99999
75648,-99999
75649,-99999
75650,-99999
75651,-99999
75652,-99999
75653,-99999
75654,-99999
75655,-99999
75656,-99999
75657,-99999
75658,-99999
75659,-99999
75660,-99999
75661,-99999
75662,-99999
75663,-99999
75664,-99999
75665,-99999
75666,-99999
75667,-99999
75668,-99999
75669,-99999
75670,-99999
75671,-99999
75672,-99999
75673,-99999
75674,-99999
75675,-99999
75676,-99999
75677,-99999
75678,-99999
75679,-99999
75680,-99999
75681,-99999
75682,-99999
75683,-99999
75684,-99999
75685,-99999
75686,-99999
75687,-99999
75688,-99999
75689,-99999
75690,-99999
75691,-99999
75692,-99999
75693,-99999
75694,-99999
75695,-99999
75696,-99999
75697,-99999
75698,-99999
75699,-99999
75700,-99999
75701,-99999
75702,-99999
75703,-99999
75704,-99999
75705,-99999
75706,-99999
75707,-99999
75708,-99999
75709,-99999
75710,-99999
75711,-99999
75712,-99999
75713,-99999
75714,-99999
75715,-99999
75716,-99999
75717,-99999
75718,-99999
75719,-99999
75720,-99999
75721,-99999
75722,-99999
75723,-99999
75724,-99999
75725,-99999
75726,-99999
75727,-99999
75728,-99999
75729,-99999
75730,-99999
75731,-99999
75732,-99999
75733,-99999
75734,-99999
75735,-99999
75736,-99999
75737,-99999
75738,-99999
75739,-99999
75740,-99999
75741,-99999
75742,-99999
75743,-99999
75744,-99999
75745,-99999
75746,-99999
75747,-99999
75748,-99999
75749,-99999
75750,-99999
75751,-99999
75752,-99999
75753,-99999
75754,-99999
75755,-99999
75756,-99999
75757,-99999
75758,-99999
75759,-99999
75760,-99999
75761,-99999
75762,-99999
75763,-99999
75764,-99999
75765,-99999
75766,-99999
75767,-99999
75768,-99999
75769,-99999
75770,-99999
75771,-99999
75772,-99999
75773,-99999
75774,-99999
75775,-99999
75776,-99999
75777,-99999
75778,-99999
75779,-99999
75780,-99999
75781,-99999
75782,-99999
75783,-99999
75784,-99999
75785,-99999
75786,-99999
75787,-99999
75788,-99999
75789,-99999
75790,-99999
75791,-99999
75792,-99999
75793,-99999
75794,-99999
75795,-99999
75796,-99999
75797,-99999
75798,-99999
75799,-99999
75800,-99999
75801,-99999
75802,-99999
75803,-99999
75804,-99999
75805,-99999
75806,-99999
75807,-99999
75808,-99999
75809,-99999
75810,-99999
75811,-99999
75812,-99999
75813,-99999
75814,-99999
75815,-99999
75816,-99999
75817,-99999
75818,-99999
75819,-99999
75820,-99999
75821,-99999
75822,-99999
75823,-99999
75824,-99999
75825,-99999
75826,-99999
75827,-99999
75828,-99999
75829,-99999
75830,-99999
75831,-99999
75832,-99999
75833,-99999
75834,-99999
75835,-99999
75836,-99999
75837,-99999
75838,-99999
75839,-99999
75840,-99999
75841,-99999
75842,-99999
75843,-99999
75844,-99999
75845,-99999
75846,-99999
75847,-99999
75848,-99999
75849,-99999
75850,-99999
75851,-99999
75852,-99999
75853,-99999
75854,-99999
75855,-99999
75856,-99999
75857,-99999
75858,-99999
75859,-99999
75860,-99999
75861,-99999
75862,-99999
75863,-99999
75864,-99999
75865,-99999
75866,-99999
75867,-99999
75868,-99999
75869,-99999
75870,-99999
75871,-99999
75872,-99999
75873,-99999
75874,-99999
75875,-99999
75876,-99999
75877,-99999
75878,-99999
75879,-99999
75880,-99999
75881,-99999
75882,-99999
75883,-99999
75884,-99999
75885,-99999
75886,-99999
75887,-99999
75888,-99999
75889,-99999
75890,-99999
75891,-99999
75892,-99999
75893,-99999
75894,-99999
75895,-99999
75896,-99999
75897,-99999
75898,-99999
75899,-99999
75900,-99999
75901,-99999
75902,-99999
75903,-99999
75904,-99999
75905,-99999
75906,-99999
75907,-99999
75908,-99999
75909,-99999
75910,-99999
75911,-99999
75912,-99999
75913,-99999
75914,-99999
75915,-99999
75916,-99999
75917,-99999
75918,-99999
75919,-99999
75920,-99999
75921,-99999
75922,-99999
75923,-99999
75924,-99999
75925,-99999
75926,-99999
75927,-99999
75928,-99999
75929,-99999
75930,-99999
75931,-99999
75932,-99999
75933,-99999
75934,-99999
75935,-99999
75936,-99999
75937,-99999
75938,-99999
75939,-99999
75940,-99999
75941,-99999
75942,-99999
75943,-99999
75944,-99999
75945,-99999
75946,-99999
75947,-99999
75948,-99999
75949,-99999
75950,-99999
75951,-99999
75952,-99999
75953,-99999
75954,-99999
75955,-99999
75956,-99999
75957,-99999
75958,-99999
75959,-99999
75960,-99999
75961,-99999
75962,-99999
75963,-99999
75964,-99999
75965,-99999
75966,-99999
75967,-99999
75968,-99999
75969,-99999
75970,-99999
75971,-99999
75972,-99999
75973,-99999
75974,-99999
75975,-99999
75976,-99999
75977,-99999
75978,-99999
75979,-99999
75980,-99999
75981,-99999
75982,-99999
75983,-99999
75984,-99999
75985,-99999
75986,-99999
75987,-99999
75988,-99999
75989,-99999
75990,-99999
75991,-99999
75992,-99999
75993,-99999
75994,-99999
75995,-99999
75996,-99999
75997,-99999
75998,-99999
75999,-99999
76000,-99999
76001,-99999
76002,-99999
76003,-99999
76004,-99999
76005,-99999
76006,-99999
76007,-99999
76008,-99999
76009,-99999
76010,-99999
76011,-99999
76012,-99999
76013,-99999
76014,-99999
76015,-99999
76016,-99999
76017,-99999
76018,-99999
76019,-99999
76020,-99999
76021,-99999
76022,-99999
76023,-99999
76024,-99999
76025,-99999
76026,-99999
76027,-99999
76028,-99999
76029,-99999
76030,-99999
76031,-99999
76032,-99999
76033,-99999
76034,-99999
76035,-99999
76036,-99999
76037,-99999
76038,-99999
76039,-99999
76040,-99999
76041,-99999
76042,205
76043,211
76044,219
76045,228
76046,229
76047,228
76048,224
76049,226
76050,231
76051,229
76052,233
76053,222
76054,233
76055,229
76056,236
76057,238
76058,235
76059,229
76060,233
76061,233
76062,228
76063,232
76064,232
76065,233
76066,231
76067,237
76068,237
76069,236
76070,228
76071,236
76072,228
76073,229
76074,228
76075,230
76076,236
76077,235
76078,232
76079,226
76080,239
76081,232
76082,229
76083,225
76084,229
76085,232
76086,225
76087,230
76088,231
76089,227
76090,228
76091,228
76092,231
76093,228
76094,231
76095,229
76096,226
76097,227
76098,230
76099,226
76100,229
76101,230
76102,227
76103,222
76104,230
76105,235
76106,-99999
76107,235
76108,230
