NETCARE2015/data/raw/Flight6/H2O_POLAR6_20150411_R1_NETCARE.ict
34, 1001
Bozem, Heiko; Hoor, Peter
Institute for Atmospheric Physics, Johannes Gutenberg University, Mainz, Germany
H2O mixing ratio from LI7200 CO2/H2O analyzer
NETCARE Polar 6 Campaign 2015
1, 1
2015, 04, 11, 2016, 01, 22
1
Time_UTC, seconds
1
1
-9999.9
H2O_ppmv, ppmv
0
19
PI_CONTACT_INFO: Address: Johann-Joachim-Becherweg 21, 55128 Mainz, email: bozemh@uni-mainz.de; hoor@uni-mainz.de
PLATFORM: Polar 6
LOCATION: GPS location and altitude available at 1 Hz resolution in separate file (See AIMMS files under Aircraft data and meteorology)
ASSOCIATED_DATA: N/A
INSTRUMENT_INFO: H2O measurements based on non-dispersive infrared absorption spectroscopy
DATA_INFO: Units are ppmv
UNCERTAINTY RELATIVE TO STANDARD: 18.5 ppmv or 2.5 %, whichever is greater, at 1 sigma confidence (before drift correction is applied)
ULOD_FLAG: -7777
ULOD_VALUE: N/A
LLOD_FLAG: -8888
LLOD_VALUE: N/A 
DM_CONTACT_INFO: N/A
PROJECT_INFO: NETCARE Polar 6 aircraft campaign in April 2015; Eureka
STIPULATIONS_ON_USE: N/A
OTHER_COMMENTS: N/A
REVISION: R1
R0: Preliminary data, corrected for instrument drift
R1: Final data, corrected for instrument drift
Time_UTC,H2O_ppmv
57448,-9999.9
57449,-9999.9
57450,-9999.9
57451,-9999.9
57452,-9999.9
57453,-9999.9
57454,-9999.9
57455,-9999.9
57456,-9999.9
57457,-9999.9
57458,-9999.9
57459,-9999.9
57460,-9999.9
57461,-9999.9
57462,-9999.9
57463,-9999.9
57464,-9999.9
57465,-9999.9
57466,-9999.9
57467,-9999.9
57468,-9999.9
57469,336.2
57470,343.3
57471,347.8
57472,350.0
57473,351.8
57474,353.7
57475,353.3
57476,355.9
57477,359.3
57478,357.3
57479,356.7
57480,357.8
57481,359.3
57482,359.0
57483,359.3
57484,360.2
57485,361.3
57486,362.3
57487,362.6
57488,363.5
57489,362.3
57490,364.6
57491,367.8
57492,367.2
57493,369.5
57494,373.7
57495,372.2
57496,374.7
57497,375.1
57498,377.2
57499,375.6
57500,375.1
57501,378.7
57502,376.9
57503,378.7
57504,380.9
57505,378.3
57506,378.7
57507,378.3
57508,377.6
57509,377.7
57510,378.8
57511,380.2
57512,379.7
57513,376.6
57514,370.2
57515,361.2
57516,360.5
57517,370.7
57518,374.8
57519,370.0
57520,376.0
57521,375.8
57522,376.1
57523,378.7
57524,380.0
57525,382.4
57526,379.1
57527,379.8
57528,382.7
57529,383.6
57530,391.0
57531,390.2
57532,393.4
57533,398.4
57534,399.9
57535,399.4
57536,400.0
57537,400.3
57538,399.0
57539,394.9
57540,396.1
57541,395.5
57542,395.6
57543,394.9
57544,393.4
57545,391.8
57546,392.4
57547,391.6
57548,390.0
57549,389.0
57550,389.2
57551,389.3
57552,389.9
57553,389.0
57554,388.4
57555,388.2
57556,387.5
57557,387.1
57558,387.4
57559,387.3
57560,386.7
57561,385.2
57562,384.9
57563,385.1
57564,384.6
57565,382.0
57566,381.5
57567,383.5
57568,381.5
57569,382.5
57570,381.5
57571,380.2
57572,378.6
57573,378.6
57574,378.8
57575,377.7
57576,375.8
57577,376.3
57578,375.1
57579,374.6
57580,377.2
57581,373.4
57582,373.0
57583,372.6
57584,373.5
57585,372.2
57586,372.4
57587,372.4
57588,373.0
57589,372.1
57590,370.4
57591,368.9
57592,369.7
57593,371.1
57594,368.8
57595,368.5
57596,368.6
57597,369.0
57598,367.5
57599,367.4
57600,366.0
57601,365.8
57602,364.6
57603,365.7
57604,364.6
57605,362.2
57606,361.9
57607,362.4
57608,360.0
57609,358.7
57610,357.6
57611,357.3
57612,358.0
57613,358.6
57614,359.5
57615,361.6
57616,358.7
57617,358.9
57618,358.7
57619,358.8
57620,359.3
57621,357.8
57622,358.5
57623,359.4
57624,360.7
57625,359.8
57626,359.9
57627,360.7
57628,361.1
57629,360.8
57630,361.2
57631,362.5
57632,361.7
57633,361.0
57634,361.2
57635,362.7
57636,362.7
57637,362.6
57638,363.6
57639,363.4
57640,362.8
57641,363.7
57642,363.1
57643,362.2
57644,362.4
57645,362.2
57646,361.8
57647,362.0
57648,362.7
57649,362.9
57650,362.6
57651,362.7
57652,361.9
57653,362.5
57654,362.0
57655,361.1
57656,362.4
57657,362.2
57658,361.2
57659,360.3
57660,361.3
57661,360.5
57662,359.8
57663,359.4
57664,360.6
57665,360.9
57666,361.4
57667,360.6
57668,361.5
57669,362.3
57670,360.9
57671,360.9
57672,360.9
57673,360.4
57674,360.2
57675,360.0
57676,358.6
57677,360.3
57678,361.0
57679,361.4
57680,360.8
57681,361.8
57682,361.1
57683,360.3
57684,361.1
57685,360.7
57686,359.3
57687,358.3
57688,358.7
57689,357.9
57690,358.9
57691,357.8
57692,356.6
57693,357.9
57694,356.4
57695,356.5
57696,356.9
57697,357.7
57698,357.2
57699,357.3
57700,356.6
57701,356.9
57702,356.4
57703,357.4
57704,357.3
57705,357.5
57706,357.6
57707,357.3
57708,357.2
57709,356.4
57710,357.2
57711,356.5
57712,355.7
57713,355.3
57714,356.0
57715,354.9
57716,353.3
57717,353.0
57718,350.5
57719,348.2
57720,347.1
57721,349.5
57722,345.9
57723,348.0
57724,350.5
57725,350.9
57726,351.1
57727,352.6
57728,353.6
57729,350.7
57730,345.7
57731,346.7
57732,348.2
57733,349.0
57734,350.0
57735,349.6
57736,346.9
57737,345.2
57738,343.2
57739,-9999.9
57740,-9999.9
57741,-9999.9
57742,-9999.9
57743,-9999.9
57744,348.6
57745,346.5
57746,347.4
57747,347.3
57748,345.9
57749,348.0
57750,347.9
57751,349.0
57752,348.5
57753,346.9
57754,348.3
57755,348.4
57756,347.9
57757,347.9
57758,347.0
57759,344.5
57760,344.9
57761,344.4
57762,341.6
57763,337.0
57764,336.3
57765,336.7
57766,336.7
57767,341.3
57768,341.7
57769,339.2
57770,342.7
57771,341.4
57772,343.5
57773,343.3
57774,339.6
57775,341.2
57776,342.9
57777,342.3
57778,342.7
57779,340.8
57780,340.5
57781,339.6
57782,338.6
57783,338.4
57784,338.0
57785,338.1
57786,339.6
57787,339.0
57788,338.8
57789,338.7
57790,337.8
57791,336.6
57792,338.1
57793,338.7
57794,339.8
57795,337.9
57796,339.8
57797,339.5
57798,340.1
57799,339.0
57800,338.4
57801,337.6
57802,338.6
57803,338.7
57804,338.4
57805,337.7
57806,339.3
57807,338.8
57808,338.7
57809,340.5
57810,340.4
57811,340.5
57812,341.8
57813,341.3
57814,339.9
57815,340.3
57816,341.8
57817,344.7
57818,342.9
57819,341.5
57820,344.3
57821,347.4
57822,345.2
57823,344.9
57824,349.8
57825,353.6
57826,357.5
57827,358.5
57828,359.0
57829,357.4
57830,347.9
57831,345.9
57832,345.7
57833,343.6
57834,342.7
57835,342.2
57836,340.7
57837,339.4
57838,338.7
57839,338.0
57840,337.0
57841,336.7
57842,336.7
57843,338.3
57844,340.4
57845,342.9
57846,342.9
57847,342.8
57848,346.6
57849,344.4
57850,342.8
57851,341.5
57852,339.6
57853,339.1
57854,337.7
57855,336.4
57856,335.5
57857,334.8
57858,335.4
57859,335.9
57860,335.8
57861,333.2
57862,334.4
57863,333.3
57864,334.3
57865,334.7
57866,335.7
57867,336.9
57868,339.1
57869,337.6
57870,336.6
57871,336.1
57872,337.6
57873,337.8
57874,336.8
57875,337.1
57876,335.9
57877,335.6
57878,335.7
57879,335.4
57880,335.6
57881,337.1
57882,337.7
57883,338.7
57884,339.4
57885,339.2
57886,338.6
57887,338.9
57888,339.7
57889,339.0
57890,337.5
57891,337.0
57892,337.1
57893,337.3
57894,337.4
57895,337.4
57896,336.5
57897,336.4
57898,335.3
57899,335.6
57900,335.3
57901,335.7
57902,335.2
57903,335.3
57904,335.0
57905,334.5
57906,335.0
57907,335.3
57908,334.4
57909,336.1
57910,336.2
57911,335.5
57912,334.3
57913,334.6
57914,335.5
57915,334.2
57916,334.2
57917,336.3
57918,340.1
57919,339.7
57920,337.7
57921,341.8
57922,344.9
57923,345.2
57924,342.7
57925,338.7
57926,336.4
57927,336.8
57928,336.0
57929,338.5
57930,344.0
57931,343.6
57932,339.8
57933,339.3
57934,342.3
57935,340.7
57936,341.8
57937,343.6
57938,343.0
57939,343.7
57940,345.8
57941,346.6
57942,345.4
57943,343.5
57944,345.4
57945,345.7
57946,345.7
57947,347.6
57948,347.2
57949,349.3
57950,350.9
57951,-9999.9
57952,-9999.9
57953,-9999.9
57954,-9999.9
57955,-9999.9
57956,-9999.9
57957,-9999.9
57958,-9999.9
57959,-9999.9
57960,-9999.9
57961,-9999.9
57962,-9999.9
57963,-9999.9
57964,-9999.9
57965,-9999.9
57966,-9999.9
57967,-9999.9
57968,-9999.9
57969,-9999.9
57970,-9999.9
57971,-9999.9
57972,-9999.9
57973,-9999.9
57974,-9999.9
57975,-9999.9
57976,-9999.9
57977,-9999.9
57978,-9999.9
57979,-9999.9
57980,-9999.9
57981,-9999.9
57982,-9999.9
57983,-9999.9
57984,-9999.9
57985,-9999.9
57986,-9999.9
57987,-9999.9
57988,-9999.9
57989,-9999.9
57990,-9999.9
57991,-9999.9
57992,-9999.9
57993,-9999.9
57994,-9999.9
57995,-9999.9
57996,-9999.9
57997,-9999.9
57998,-9999.9
57999,-9999.9
58000,-9999.9
58001,-9999.9
58002,-9999.9
58003,-9999.9
58004,-9999.9
58005,-9999.9
58006,-9999.9
58007,-9999.9
58008,-9999.9
58009,-9999.9
58010,-9999.9
58011,-9999.9
58012,-9999.9
58013,-9999.9
58014,-9999.9
58015,-9999.9
58016,-9999.9
58017,-9999.9
58018,-9999.9
58019,-9999.9
58020,-9999.9
58021,-9999.9
58022,-9999.9
58023,-9999.9
58024,-9999.9
58025,-9999.9
58026,-9999.9
58027,-9999.9
58028,-9999.9
58029,-9999.9
58030,-9999.9
58031,-9999.9
58032,-9999.9
58033,-9999.9
58034,-9999.9
58035,-9999.9
58036,-9999.9
58037,-9999.9
58038,-9999.9
58039,-9999.9
58040,-9999.9
58041,-9999.9
58042,-9999.9
58043,-9999.9
58044,-9999.9
58045,-9999.9
58046,-9999.9
58047,-9999.9
58048,-9999.9
58049,-9999.9
58050,-9999.9
58051,-9999.9
58052,-9999.9
58053,-9999.9
58054,-9999.9
58055,-9999.9
58056,-9999.9
58057,-9999.9
58058,-9999.9
58059,-9999.9
58060,-9999.9
58061,-9999.9
58062,-9999.9
58063,-9999.9
58064,-9999.9
58065,-9999.9
58066,-9999.9
58067,-9999.9
58068,-9999.9
58069,-9999.9
58070,-9999.9
58071,-9999.9
58072,-9999.9
58073,-9999.9
58074,-9999.9
58075,-9999.9
58076,-9999.9
58077,-9999.9
58078,-9999.9
58079,-9999.9
58080,-9999.9
58081,-9999.9
58082,-9999.9
58083,-9999.9
58084,-9999.9
58085,-9999.9
58086,-9999.9
58087,-9999.9
58088,-9999.9
58089,-9999.9
58090,-9999.9
58091,-9999.9
58092,-9999.9
58093,-9999.9
58094,-9999.9
58095,-9999.9
58096,-9999.9
58097,-9999.9
58098,-9999.9
58099,-9999.9
58100,-9999.9
58101,-9999.9
58102,-9999.9
58103,-9999.9
58104,-9999.9
58105,-9999.9
58106,-9999.9
58107,-9999.9
58108,-9999.9
58109,-9999.9
58110,-9999.9
58111,-9999.9
58112,-9999.9
58113,-9999.9
58114,-9999.9
58115,-9999.9
58116,-9999.9
58117,-9999.9
58118,-9999.9
58119,-9999.9
58120,-9999.9
58121,-9999.9
58122,-9999.9
58123,-9999.9
58124,-9999.9
58125,-9999.9
58126,-9999.9
58127,-9999.9
58128,-9999.9
58129,-9999.9
58130,-9999.9
58131,-9999.9
58132,-9999.9
58133,-9999.9
58134,-9999.9
58135,-9999.9
58136,-9999.9
58137,-9999.9
58138,-9999.9
58139,-9999.9
58140,-9999.9
58141,-9999.9
58142,-9999.9
58143,-9999.9
58144,-9999.9
58145,-9999.9
58146,-9999.9
58147,-9999.9
58148,-9999.9
58149,-9999.9
58150,-9999.9
58151,-9999.9
58152,-9999.9
58153,-9999.9
58154,-9999.9
58155,-9999.9
58156,-9999.9
58157,-9999.9
58158,-9999.9
58159,-9999.9
58160,-9999.9
58161,-9999.9
58162,348.3
58163,348.1
58164,348.1
58165,348.6
58166,349.0
58167,349.6
58168,349.3
58169,349.2
58170,349.8
58171,349.9
58172,350.3
58173,350.5
58174,350.9
58175,350.5
58176,350.6
58177,351.3
58178,351.7
58179,351.3
58180,351.2
58181,351.4
58182,351.5
58183,351.3
58184,351.6
58185,351.3
58186,351.5
58187,352.4
58188,351.7
58189,351.7
58190,351.3
58191,351.0
58192,351.4
58193,350.9
58194,351.0
58195,351.9
58196,351.1
58197,350.6
58198,351.2
58199,350.8
58200,351.1
58201,351.0
58202,350.4
58203,351.2
58204,350.6
58205,350.8
58206,351.1
58207,350.9
58208,350.6
58209,350.9
58210,351.2
58211,351.5
58212,351.3
58213,351.0
58214,351.3
58215,352.2
58216,351.5
58217,350.1
58218,349.9
58219,349.9
58220,349.6
58221,349.0
58222,349.2
58223,350.1
58224,350.5
58225,351.4
58226,351.7
58227,352.8
58228,353.0
58229,353.4
58230,353.4
58231,353.3
58232,353.6
58233,353.2
58234,353.0
58235,352.2
58236,352.9
58237,353.5
58238,352.9
58239,353.2
58240,353.4
58241,353.1
58242,352.7
58243,354.1
58244,352.9
58245,352.7
58246,351.8
58247,352.0
58248,352.1
58249,352.3
58250,351.8
58251,351.6
58252,351.7
58253,351.4
58254,352.1
58255,351.4
58256,351.7
58257,351.4
58258,350.6
58259,351.2
58260,351.6
58261,350.9
58262,350.3
58263,350.8
58264,350.3
58265,350.0
58266,350.0
58267,349.5
58268,349.6
58269,350.0
58270,349.5
58271,350.2
58272,349.9
58273,350.5
58274,351.8
58275,353.4
58276,354.2
58277,354.6
58278,354.9
58279,353.7
58280,354.4
58281,352.9
58282,353.1
58283,353.4
58284,354.7
58285,355.1
58286,354.6
58287,355.6
58288,354.6
58289,355.2
58290,355.2
58291,355.3
58292,356.2
58293,355.7
58294,356.0
58295,355.7
58296,355.9
58297,354.8
58298,355.2
58299,354.9
58300,355.3
58301,355.4
58302,355.3
58303,356.7
58304,356.8
58305,356.7
58306,356.1
58307,356.2
58308,356.6
58309,356.3
58310,356.3
58311,356.5
58312,357.3
58313,356.9
58314,358.3
58315,357.1
58316,355.5
58317,355.7
58318,354.9
58319,354.5
58320,355.8
58321,356.0
58322,357.1
58323,356.1
58324,355.5
58325,355.9
58326,356.2
58327,357.9
58328,357.7
58329,357.5
58330,356.8
58331,356.8
58332,357.0
58333,356.3
58334,355.5
58335,353.3
58336,354.1
58337,355.3
58338,355.0
58339,354.5
58340,353.7
58341,353.7
58342,353.2
58343,353.2
58344,356.2
58345,358.5
58346,354.4
58347,353.4
58348,352.9
58349,352.0
58350,352.2
58351,352.1
58352,351.7
58353,351.7
58354,352.8
58355,354.5
58356,361.6
58357,358.7
58358,356.6
58359,353.4
58360,354.9
58361,354.2
58362,351.8
58363,350.7
58364,352.4
58365,357.2
58366,359.0
58367,358.1
58368,360.0
58369,359.6
58370,359.5
58371,358.7
58372,360.2
58373,357.3
58374,356.6
58375,354.9
58376,355.3
58377,355.3
58378,357.1
58379,356.7
58380,356.2
58381,356.3
58382,357.1
58383,359.3
58384,361.7
58385,359.6
58386,358.7
58387,357.0
58388,357.5
58389,357.0
58390,355.8
58391,354.3
58392,354.1
58393,353.6
58394,353.8
58395,356.2
58396,357.8
58397,356.7
58398,355.0
58399,354.0
58400,353.7
58401,354.7
58402,356.2
58403,357.1
58404,355.3
58405,356.0
58406,356.2
58407,355.5
58408,354.7
58409,355.0
58410,354.5
58411,354.1
58412,353.5
58413,354.8
58414,354.1
58415,353.8
58416,354.2
58417,353.4
58418,352.3
58419,354.4
58420,355.4
58421,355.4
58422,356.1
58423,356.3
58424,355.9
58425,356.3
58426,355.5
58427,354.3
58428,354.4
58429,354.4
58430,355.7
58431,355.4
58432,355.7
58433,357.0
58434,356.6
58435,356.4
58436,356.6
58437,356.2
58438,355.2
58439,355.9
58440,354.5
58441,353.3
58442,354.4
58443,355.1
58444,356.8
58445,354.9
58446,356.2
58447,354.8
58448,354.5
58449,353.7
58450,354.6
58451,355.0
58452,355.4
58453,354.8
58454,354.0
58455,353.8
58456,354.4
58457,353.6
58458,352.7
58459,352.1
58460,350.9
58461,351.1
58462,352.5
58463,353.1
58464,353.7
58465,352.8
58466,352.5
58467,353.6
58468,353.1
58469,352.5
58470,352.2
58471,353.0
58472,351.5
58473,352.3
58474,352.1
58475,351.8
58476,351.6
58477,352.4
58478,352.4
58479,353.0
58480,353.0
58481,353.1
58482,351.6
58483,352.3
58484,353.4
58485,353.2
58486,352.9
58487,353.0
58488,353.1
58489,353.8
58490,352.9
58491,353.1
58492,352.8
58493,352.6
58494,352.9
58495,352.9
58496,352.7
58497,353.8
58498,353.9
58499,354.6
58500,354.4
58501,353.9
58502,355.4
58503,355.7
58504,355.9
58505,356.8
58506,357.6
58507,357.0
58508,358.1
58509,358.1
58510,358.0
58511,358.9
58512,358.1
58513,357.4
58514,357.7
58515,358.4
58516,358.8
58517,359.0
58518,358.6
58519,359.3
58520,358.6
58521,358.1
58522,359.3
58523,358.9
58524,360.5
58525,359.2
58526,359.8
58527,359.5
58528,359.3
58529,358.8
58530,358.9
58531,358.6
58532,358.1
58533,358.1
58534,357.2
58535,357.3
58536,359.4
58537,358.6
58538,359.8
58539,358.8
58540,356.3
58541,357.5
58542,360.5
58543,360.1
58544,360.0
58545,360.0
58546,359.3
58547,361.2
58548,362.0
58549,361.4
58550,362.7
58551,365.5
58552,364.4
58553,361.2
58554,362.7
58555,362.1
58556,360.5
58557,360.4
58558,361.5
58559,361.1
58560,360.8
58561,359.7
58562,359.1
58563,358.1
58564,359.3
58565,359.4
58566,360.7
58567,360.7
58568,360.3
58569,362.2
58570,363.5
58571,362.2
58572,363.5
58573,363.4
58574,363.0
58575,361.2
58576,361.3
58577,360.9
58578,360.4
58579,362.7
58580,364.6
58581,363.5
58582,361.8
58583,361.0
58584,362.4
58585,363.1
58586,361.9
58587,358.3
58588,360.1
58589,358.5
58590,360.3
58591,358.6
58592,358.8
58593,361.5
58594,361.1
58595,360.0
58596,360.5
58597,360.4
58598,362.3
58599,365.9
58600,365.5
58601,364.7
58602,354.6
58603,357.2
58604,365.7
58605,366.9
58606,367.2
58607,369.3
58608,368.4
58609,368.3
58610,367.0
58611,366.2
58612,365.4
58613,370.5
58614,361.8
58615,350.7
58616,347.6
58617,348.0
58618,346.0
58619,346.7
58620,347.8
58621,345.9
58622,345.7
58623,344.6
58624,344.3
58625,345.0
58626,345.0
58627,345.1
58628,344.0
58629,344.8
58630,344.0
58631,344.0
58632,343.4
58633,343.0
58634,344.2
58635,343.2
58636,343.6
58637,342.6
58638,343.8
58639,343.4
58640,343.4
58641,342.9
58642,342.9
58643,342.8
58644,342.7
58645,343.2
58646,342.8
58647,343.6
58648,342.6
58649,343.7
58650,344.8
58651,343.6
58652,343.6
58653,342.2
58654,342.8
58655,343.6
58656,343.6
58657,344.7
58658,344.0
58659,343.3
58660,343.9
58661,343.9
58662,342.7
58663,342.4
58664,343.4
58665,343.1
58666,342.5
58667,342.1
58668,342.7
58669,342.1
58670,342.7
58671,342.2
58672,341.5
58673,341.1
58674,339.6
58675,342.3
58676,342.6
58677,340.9
58678,339.5
58679,340.0
58680,341.3
58681,341.7
58682,341.6
58683,340.9
58684,341.0
58685,343.5
58686,343.0
58687,341.6
58688,341.5
58689,341.4
58690,341.7
58691,342.4
58692,340.9
58693,342.9
58694,343.7
58695,342.7
58696,342.9
58697,341.6
58698,343.4
58699,344.0
58700,344.0
58701,343.2
58702,340.7
58703,341.7
58704,341.4
58705,340.5
58706,340.6
58707,340.5
58708,342.2
58709,341.8
58710,342.7
58711,342.9
58712,341.7
58713,340.1
58714,340.5
58715,341.1
58716,342.1
58717,342.4
58718,341.8
58719,340.7
58720,340.4
58721,340.2
58722,341.2
58723,340.7
58724,340.9
58725,341.6
58726,340.9
58727,341.2
58728,341.4
58729,341.0
58730,340.6
58731,340.9
58732,340.7
58733,341.1
58734,340.8
58735,341.6
58736,340.9
58737,340.3
58738,340.8
58739,340.2
58740,340.6
