NETCARE2015/data/raw/Flight6/H2O_POLAR6_20150411_R1_NETCARE.ict
34, 1001
Bozem, Heiko; Hoor, Peter
Institute for Atmospheric Physics, Johannes Gutenberg University, Mainz, Germany
H2O mixing ratio from LI7200 CO2/H2O analyzer
NETCARE Polar 6 Campaign 2015
1, 1
2015, 04, 11, 2016, 01, 22
1
Time_UTC, seconds
1
1
-9999.9
H2O_ppmv, ppmv
0
19
PI_CONTACT_INFO: Address: Johann-Joachim-Becherweg 21, 55128 Mainz, email: bozemh@uni-mainz.de; hoor@uni-mainz.de
PLATFORM: Polar 6
LOCATION: GPS location and altitude available at 1 Hz resolution in separate file (See AIMMS files under Aircraft data and meteorology)
ASSOCIATED_DATA: N/A
INSTRUMENT_INFO: H2O measurements based on non-dispersive infrared absorption spectroscopy
DATA_INFO: Units are ppmv
UNCERTAINTY RELATIVE TO STANDARD: 18.5 ppmv or 2.5 %, whichever is greater, at 1 sigma confidence (before drift correction is applied)
ULOD_FLAG: -7777
ULOD_VALUE: N/A
LLOD_FLAG: -8888
LLOD_VALUE: N/A 
DM_CONTACT_INFO: N/A
PROJECT_INFO: NETCARE Polar 6 aircraft campaign in April 2015; Eureka
STIPULATIONS_ON_USE: N/A
OTHER_COMMENTS: N/A
REVISION: R1
R0: Preliminary data, corrected for instrument drift
R1: Final data, corrected for instrument drift
Time_UTC,H2O_ppmv
[from data line 11685]
69133,385.9
69134,387.0
69135,385.7
69136,384.5
69137,382.0
69138,384.1
69139,382.6
69140,380.5
69141,378.6
69142,383.7
69143,382.0
69144,382.6
69145,385.6
69146,385.2
69147,387.2
69148,388.3
69149,387.4
69150,386.7
69151,386.2
69152,391.2
69153,393.5
69154,393.4
69155,394.4
69156,394.6
69157,394.8
69158,395.0
69159,394.2
69160,392.8
69161,390.7
69162,388.0
69163,380.5
69164,369.4
69165,372.6
69166,388.3
69167,394.7
69168,397.9
69169,395.8
69170,391.7
69171,384.8
69172,374.0
69173,372.4
69174,370.9
69175,372.0
69176,372.9
69177,372.7
69178,372.0
69179,372.8
69180,372.7
69181,371.3
69182,369.9
69183,369.5
69184,368.3
69185,366.8
69186,371.9
69187,373.6
69188,388.4
69189,401.1
69190,403.1
69191,408.6
69192,408.6
69193,404.6
69194,399.2
69195,395.9
69196,393.3
69197,390.5
69198,388.0
69199,384.5
69200,382.8
69201,380.7
69202,377.8
69203,376.2
69204,381.4
69205,384.1
69206,379.7
69207,382.4
69208,384.5
69209,386.2
69210,387.8
69211,392.9
69212,395.3
69213,397.5
69214,397.4
69215,396.2
69216,395.7
69217,395.2
69218,393.9
69219,393.1
69220,392.9
69221,390.6
69222,390.4
69223,389.8
69224,388.8
69225,389.6
69226,387.1
69227,388.6
69228,414.7
69229,421.4
69230,431.5
69231,432.9
69232,433.6
69233,433.3
69234,434.8
69235,439.2
69236,442.4
69237,442.0
69238,441.5
69239,443.5
69240,441.3
69241,442.6
69242,444.8
69243,443.5
69244,442.5
69245,441.3
69246,440.8
69247,441.9
69248,442.3
69249,443.7
69250,444.6
69251,446.8
69252,447.0
69253,445.3
69254,445.3
69255,444.3
69256,442.9
69257,438.9
69258,440.9
69259,443.7
69260,444.0
69261,445.1
69262,444.5
69263,445.8
69264,447.5
69265,451.4
69266,452.5
69267,452.3
69268,451.7
69269,452.7
69270,452.9
69271,452.6
69272,452.0
69273,452.4
69274,451.5
69275,451.9
69276,452.0
69277,452.2
69278,451.9
69279,452.0
69280,452.1
69281,451.7
69282,452.2
69283,451.4
69284,450.4
69285,452.0
69286,451.2
69287,448.2
69288,447.1
69289,448.0
69290,447.8
69291,446.4
69292,447.7
69293,446.7
69294,446.8
69295,446.6
69296,445.2
69297,444.5
69298,444.2
69299,443.5
69300,443.8
69301,443.8
69302,443.7
69303,444.7
69304,446.1
69305,443.0
69306,434.6
69307,425.8
69308,416.1
69309,410.9
69310,403.5
69311,389.4
69312,372.8
69313,363.5
69314,359.8
69315,358.3
69316,359.2
69317,357.5
69318,367.3
69319,383.0
69320,396.5
69321,401.9
69322,401.5
69323,404.0
69324,410.9
69325,416.5
69326,421.6
69327,423.6
69328,426.3
69329,428.4
69330,427.4
69331,423.6
69332,422.2
69333,419.4
69334,416.7
69335,414.8
69336,410.1
69337,407.6
69338,412.2
69339,414.0
69340,414.8
69341,417.3
69342,421.7
69343,420.1
69344,419.1
69345,417.1
69346,415.3
69347,415.3
69348,415.3
69349,414.5
69350,413.6
69351,415.3
69352,418.0
69353,417.8
69354,419.7
69355,422.7
69356,423.4
69357,422.1
69358,421.2
69359,423.0
69360,420.4
69361,421.3
69362,421.2
69363,423.2
69364,424.6
69365,425.3
69366,425.7
69367,426.7
69368,427.0
69369,429.3
69370,428.7
69371,430.2
69372,430.2
69373,430.6
69374,430.2
69375,430.5
69376,430.5
69377,430.5
69378,428.6
69379,427.5
69380,428.8
69381,431.1
69382,433.5
69383,435.9
69384,436.2
69385,434.7
69386,430.6
69387,428.5
69388,427.9
69389,429.1
69390,429.5
69391,430.7
69392,432.3
69393,435.2
69394,437.8
69395,441.3
69396,447.2
69397,448.2
69398,449.6
69399,448.0
69400,448.2
69401,449.4
69402,448.7
69403,446.8
69404,446.4
69405,446.5
69406,449.3
69407,452.4
69408,452.6
69409,450.2
69410,440.6
69411,436.0
69412,430.9
69413,425.1
69414,420.0
69415,418.5
69416,417.4
69417,414.3
69418,412.4
69419,403.0
69420,391.9
69421,390.1
69422,389.5
69423,385.6
69424,379.7
69425,376.1
69426,366.8
69427,352.3
69428,350.2
69429,347.8
69430,345.6
69431,342.3
69432,338.4
69433,335.2
69434,334.4
69435,338.8
69436,346.7
69437,349.0
69438,339.7
69439,339.7
69440,336.1
69441,336.6
69442,331.1
69443,332.4
69444,329.4
69445,329.4
69446,329.3
69447,328.2
69448,327.3
69449,325.4
69450,325.3
69451,326.8
69452,327.9
69453,328.1
69454,329.5
69455,329.9
69456,327.1
69457,323.9
69458,323.5
69459,323.8
69460,322.8
69461,321.4
69462,322.1
69463,324.2
69464,322.9
69465,323.8
69466,322.6
69467,322.2
69468,324.3
69469,323.9
69470,323.4
69471,322.6
69472,321.3
69473,320.8
69474,322.4
69475,320.8
69476,321.1
69477,321.0
69478,321.7
69479,320.4
69480,320.4
69481,319.8
69482,320.9
69483,320.0
69484,320.2
69485,319.6
69486,320.5
69487,320.0
69488,320.3
69489,322.4
69490,321.3
69491,319.8
69492,319.2
69493,320.2
69494,321.1
69495,320.8
69496,320.3
69497,320.6
69498,320.7
69499,320.0
69500,321.3
69501,321.8
69502,321.0
69503,320.9
69504,321.3
69505,319.6
69506,317.8
69507,318.7
69508,323.2
69509,324.5
69510,324.3
69511,325.7
69512,324.5
69513,323.7
69514,323.4
69515,325.7
69516,322.8
69517,316.5
69518,304.7
69519,302.4
69520,303.1
69521,302.9
69522,305.9
69523,309.9
69524,314.5
69525,320.5
69526,326.7
69527,341.9
69528,351.5
69529,358.6
69530,359.1
69531,365.7
69532,373.4
69533,373.6
69534,370.1
69535,365.9
69536,365.7
69537,364.2
69538,358.5
69539,342.7
69540,342.2
69541,333.7
69542,324.0
69543,312.0
69544,300.8
69545,293.8
69546,291.6
69547,290.6
69548,290.7
69549,290.6
69550,289.4
69551,290.1
69552,289.5
69553,289.4
69554,288.2
69555,289.4
69556,288.5
69557,288.4
69558,287.5
69559,286.7
69560,286.2
69561,287.2
69562,286.2
69563,286.0
69564,285.2
69565,286.0
69566,286.0
69567,285.9
69568,286.1
69569,285.7
69570,285.0
69571,286.8
69572,284.9
69573,284.9
69574,284.0
69575,284.9
69576,281.3
69577,280.8
69578,282.0
69579,282.4
69580,282.4
69581,283.3
69582,282.9
69583,283.2
69584,283.7
69585,282.2
69586,283.1
69587,282.0
69588,282.9
69589,281.6
69590,281.7
69591,285.1
69592,288.8
69593,291.1
69594,294.2
69595,294.6
69596,297.2
69597,303.4
69598,308.2
69599,317.3
69600,327.9
69601,339.4
69602,347.6
69603,356.2
69604,362.7
69605,365.2
69606,367.4
69607,368.6
69608,372.2
69609,375.8
69610,379.1
69611,382.6
69612,385.4
69613,389.8
69614,395.3
69615,398.5
69616,399.9
69617,400.9
69618,398.4
69619,396.7
69620,395.2
69621,394.9
69622,392.2
69623,391.0
69624,389.2
69625,386.0
69626,385.3
69627,383.9
69628,381.6
69629,380.4
69630,379.2
69631,378.2
69632,375.5
69633,374.3
69634,372.6
69635,374.0
69636,372.0
69637,371.2
69638,371.2
69639,369.5
69640,367.8
69641,361.8
69642,353.7
69643,349.2
69644,347.8
69645,344.4
69646,342.0
69647,341.9
69648,345.0
69649,353.0
69650,343.8
69651,335.0
69652,338.6
69653,376.1
69654,394.1
69655,393.0
69656,389.0
69657,383.5
69658,381.3
69659,381.3
69660,381.4
69661,381.6
69662,379.3
69663,381.0
69664,382.6
69665,382.3
69666,383.6
69667,387.0
69668,390.9
69669,392.7
69670,389.8
69671,388.7
69672,388.6
69673,387.2
69674,387.7
69675,388.4
69676,387.4
69677,384.6
69678,382.9
69679,382.7
69680,381.4
69681,377.6
69682,377.3
69683,376.5
69684,374.5
69685,374.7
69686,374.9
69687,375.2
69688,373.7
69689,371.0
69690,369.9
69691,366.5
69692,363.2
69693,360.7
69694,353.9
69695,347.3
69696,339.1
69697,325.7
69698,308.8
69699,310.2
69700,308.3
69701,303.0
69702,298.8
69703,303.2
69704,304.6
69705,305.0
69706,305.1
69707,304.0
69708,304.0
69709,301.7
69710,297.4
69711,298.5
69712,298.7
69713,298.8
69714,299.2
69715,305.3
69716,305.3
69717,304.9
69718,306.4
69719,308.2
69720,309.0
69721,309.8
69722,310.7
69723,313.0
69724,314.2
69725,312.3
69726,311.4
69727,311.3
69728,311.7
69729,310.2
69730,310.3
69731,321.8
69732,332.9
69733,341.1
69734,342.3
69735,334.0
69736,330.1
69737,328.7
69738,330.7
69739,330.0
69740,328.0
69741,329.3
69742,329.0
69743,331.2
69744,332.6
69745,334.5
69746,334.2
69747,338.3
69748,347.1
69749,356.7
69750,375.1
69751,393.4
69752,399.1
69753,405.6
69754,415.2
69755,419.6
69756,420.3
69757,420.8
69758,422.4
69759,421.6
69760,421.9
69761,422.4
69762,423.9
69763,424.4
69764,425.8
69765,427.7
69766,428.2
69767,427.6
69768,428.7
69769,428.7
69770,428.3
69771,430.8
69772,429.7
69773,430.2
69774,431.7
69775,429.6
69776,426.5
69777,426.0
69778,422.1
69779,422.9
69780,422.3
69781,422.5
69782,422.3
69783,426.2
69784,426.6
69785,430.2
69786,435.4
69787,437.4
69788,442.9
69789,451.5
69790,451.3
69791,446.8
69792,444.6
69793,443.2
69794,445.2
69795,458.6
69796,463.5
69797,465.0
69798,462.7
69799,463.0
69800,462.6
69801,463.2
69802,464.5
69803,464.8
69804,464.1
69805,464.4
69806,463.6
69807,466.0
69808,467.7
69809,471.3
69810,474.3
69811,475.0
69812,475.7
69813,473.0
69814,474.2
69815,475.8
69816,476.0
69817,477.3
69818,477.5
69819,479.0
69820,478.4
69821,479.3
69822,478.0
69823,478.5
69824,475.7
69825,477.0
69826,477.9
69827,477.5
69828,478.6
69829,479.8
69830,482.7
69831,483.2
69832,483.2
69833,481.7
69834,481.8
69835,482.0
69836,481.3
69837,480.8
69838,480.5
69839,481.0
69840,480.1
69841,479.9
69842,480.3
69843,481.2
69844,481.6
69845,480.6
69846,481.2
69847,483.1
69848,480.6
69849,481.4
69850,482.3
69851,482.5
69852,482.4
69853,483.2
69854,482.3
69855,483.3
69856,483.7
69857,481.8
69858,483.2
69859,482.0
69860,482.6
69861,481.7
69862,482.7
69863,481.0
69864,481.4
69865,482.2
69866,482.3
69867,484.8
69868,483.8
69869,483.1
69870,482.5
69871,482.1
69872,479.9
69873,476.8
69874,475.7
69875,-9999.9
69876,-9999.9
69877,-9999.9
69878,-9999.9
69879,-9999.9
69880,-9999.9
69881,-9999.9
69882,-9999.9
69883,-9999.9
69884,-9999.9
69885,-9999.9
69886,-9999.9
69887,-9999.9
69888,-9999.9
69889,-9999.9
69890,-9999.9
69891,-9999.9
69892,-9999.9
69893,-9999.9
69894,-9999.9
69895,-9999.9
69896,-9999.9
69897,-9999.9
69898,-9999.9
69899,-9999.9
69900,-9999.9
69901,-9999.9
69902,-9999.9
69903,-9999.9
69904,-9999.9
69905,-9999.9
69906,-9999.9
69907,-9999.9
69908,-9999.9
69909,-9999.9
69910,-9999.9
69911,-9999.9
69912,-9999.9
69913,-9999.9
69914,-9999.9
69915,-9999.9
69916,-9999.9
69917,-9999.9
69918,-9999.9
69919,-9999.9
69920,-9999.9
69921,-9999.9
69922,-9999.9
69923,-9999.9
69924,-9999.9
69925,-9999.9
69926,-9999.9
69927,-9999.9
69928,-9999.9
69929,-9999.9
69930,-9999.9
69931,-9999.9
69932,-9999.9
69933,-9999.9
69934,-9999.9
69935,-9999.9
69936,-9999.9
69937,-9999.9
69938,-9999.9
69939,-9999.9
69940,-9999.9
69941,-9999.9
69942,-9999.9
69943,-9999.9
69944,-9999.9
69945,-9999.9
69946,-9999.9
69947,-9999.9
69948,-9999.9
69949,-9999.9
69950,-9999.9
69951,-9999.9
69952,-9999.9
69953,-9999.9
69954,-9999.9
69955,-9999.9
69956,-9999.9
69957,-9999.9
69958,-9999.9
69959,-9999.9
69960,-9999.9
69961,-9999.9
69962,-9999.9
69963,-9999.9
69964,-9999.9
69965,-9999.9
69966,-9999.9
69967,-9999.9
69968,-9999.9
69969,-9999.9
69970,-9999.9
69971,-9999.9
69972,-9999.9
69973,-9999.9
69974,-9999.9
69975,-9999.9
69976,-9999.9
69977,-9999.9
69978,-9999.9
69979,-9999.9
69980,-9999.9
69981,-9999.9
69982,-9999.9
69983,-9999.9
69984,-9999.9
69985,-9999.9
69986,-9999.9
69987,-9999.9
69988,-9999.9
69989,-9999.9
69990,-9999.9
69991,-9999.9
69992,-9999.9
69993,-9999.9
69994,-9999.9
69995,-9999.9
69996,-9999.9
69997,-9999.9
69998,-9999.9
69999,-9999.9
70000,-9999.9
70001,-9999.9
70002,-9999.9
70003,-9999.9
70004,-9999.9
70005,-9999.9
70006,-9999.9
70007,-9999.9
70008,-9999.9
70009,-9999.9
70010,-9999.9
70011,-9999.9
70012,-9999.9
70013,-9999.9
70014,-9999.9
70015,-9999.9
70016,-9999.9
70017,-9999.9
70018,-9999.9
70019,-9999.9
70020,-9999.9
70021,-9999.9
70022,-9999.9
70023,-9999.9
70024,-9999.9
70025,-9999.9
70026,-9999.9
70027,-9999.9
70028,-9999.9
70029,-9999.9
70030,-9999.9
70031,-9999.9
70032,-9999.9
70033,-9999.9
70034,-9999.9
70035,-9999.9
70036,-9999.9
70037,-9999.9
70038,-9999.9
70039,-9999.9
70040,-9999.9
70041,-9999.9
70042,-9999.9
70043,-9999.9
70044,-9999.9
70045,-9999.9
70046,-9999.9
70047,-9999.9
70048,-9999.9
70049,-9999.9
70050,-9999.9
70051,-9999.9
70052,-9999.9
70053,-9999.9
70054,-9999.9
70055,-9999.9
70056,-9999.9
70057,-9999.9
70058,-9999.9
70059,-9999.9
70060,-9999.9
70061,-9999.9
70062,-9999.9
70063,-9999.9
70064,-9999.9
70065,-9999.9
70066,-9999.9
70067,-9999.9
70068,-9999.9
70069,-9999.9
70070,-9999.9
70071,-9999.9
70072,-9999.9
70073,-9999.9
70074,-9999.9
70075,-9999.9
70076,-9999.9
70077,-9999.9
70078,-9999.9
70079,-9999.9
70080,-9999.9
70081,-9999.9
70082,-9999.9
70083,-9999.9
70084,-9999.9
70085,-9999.9
70086,469.0
70087,470.9
70088,469.4
70089,470.3
70090,471.1
70091,473.2
70092,475.9
70093,477.0
70094,479.8
70095,483.9
70096,484.1
70097,484.0
70098,484.5
70099,486.1
70100,485.4
70101,484.6
70102,486.0
70103,486.4
70104,486.1
70105,487.0
70106,487.8
70107,488.4
70108,489.3
70109,489.7
70110,488.4
70111,487.1
70112,487.4
70113,488.2
70114,487.4
70115,486.8
70116,487.4
70117,487.2
70118,488.5
70119,487.3
70120,486.9
70121,486.7
70122,486.8
70123,485.3
70124,484.0
70125,481.1
70126,475.4
70127,473.9
70128,472.9
70129,473.2
70130,471.6
70131,472.1
70132,472.7
70133,473.8
70134,473.4
70135,473.4
70136,472.4
70137,472.3
70138,473.1
70139,473.4
70140,473.1
70141,472.0
70142,473.4
70143,470.7
70144,473.1
70145,475.1
70146,475.4
70147,475.9
70148,478.1
70149,479.9
70150,483.3
70151,482.1
70152,479.5
70153,479.2
70154,479.3
70155,478.0
70156,477.7
70157,478.0
70158,476.7
70159,475.8
70160,476.4
70161,473.4
70162,471.5
70163,471.3
70164,469.9
70165,470.3
70166,472.3
70167,473.9
70168,474.7
70169,474.5
70170,470.9
70171,470.2
70172,472.1
70173,477.5
70174,478.2
70175,473.6
70176,473.0
70177,474.7
70178,477.4
70179,477.0
70180,476.8
70181,476.8
70182,475.0
70183,476.5
70184,480.6
70185,483.2
70186,481.6
70187,481.7
70188,482.1
70189,480.1
70190,476.6
70191,474.9
70192,473.7
70193,473.0
70194,476.4
70195,482.1
70196,484.3
70197,486.2
70198,486.7
70199,488.1
70200,489.1
70201,490.0
70202,486.5
70203,486.4
70204,485.9
70205,486.3
70206,483.2
70207,484.0
70208,488.5
70209,493.1
70210,496.0
70211,497.4
70212,500.8
70213,502.7
70214,503.0
70215,503.1
70216,503.0
70217,503.8
70218,502.8
70219,502.2
70220,503.8
70221,504.0
70222,503.4
70223,504.7
70224,503.4
70225,505.2
70226,504.4
70227,503.8
70228,504.1
70229,502.8
70230,502.2
70231,502.0
70232,499.6
70233,496.7
70234,491.4
70235,486.4
70236,486.4
70237,487.3
70238,486.9
70239,486.3
70240,493.0
70241,493.7
70242,493.6
70243,495.4
70244,499.1
70245,499.7
70246,503.4
70247,506.4
70248,509.9
70249,509.2
70250,507.0
70251,503.8
70252,503.2
70253,500.5
70254,501.0
70255,500.6
70256,501.9
70257,502.3
70258,502.4
70259,501.0
70260,501.2
70261,500.4
70262,500.5
70263,498.9
70264,496.3
70265,496.7
70266,495.9
70267,494.2
70268,492.9
70269,493.5
70270,492.2
70271,490.4
70272,488.1
70273,487.7
70274,488.9
70275,489.4
70276,489.5
70277,491.5
70278,490.5
70279,491.8
70280,491.0
70281,491.2
70282,492.6
70283,491.5
70284,490.6
70285,490.2
70286,491.3
70287,490.3
70288,489.4
70289,490.1
70290,488.8
70291,490.0
70292,490.3
70293,491.1
70294,491.7
70295,490.6
70296,491.2
70297,492.8
70298,491.9
70299,492.1
70300,492.5
70301,493.3
70302,492.9
70303,491.7
70304,491.2
70305,489.8
70306,488.4
70307,487.6
70308,486.9
70309,486.8
70310,485.7
70311,485.5
70312,481.7
70313,480.5
70314,481.7
70315,483.3
70316,483.5
70317,485.4
70318,487.8
70319,486.8
70320,490.4
70321,491.8
70322,493.1
70323,494.6
70324,495.0
70325,495.6
70326,494.9
70327,493.3
70328,495.0
70329,493.4
70330,494.8
70331,497.3
70332,499.8
70333,500.0
70334,501.0
70335,505.3
70336,505.7
70337,516.8
70338,524.4
70339,529.1
70340,531.8
70341,533.7
70342,534.5
70343,537.1
70344,535.0
70345,522.1
70346,510.0
70347,503.7
70348,501.6
70349,499.8
70350,497.4
70351,494.8
70352,490.3
70353,487.1
70354,484.7
70355,483.4
70356,481.2
70357,475.5
70358,470.3
70359,472.4
70360,476.7
70361,473.7
70362,469.3
70363,469.7
70364,469.8
70365,470.8
70366,472.8
70367,474.9
70368,476.6
70369,475.5
70370,473.6
70371,472.2
70372,470.5
70373,468.0
70374,464.4
70375,462.3
70376,460.2
70377,461.2
70378,460.6
70379,459.9
70380,460.9
70381,461.1
70382,461.1
70383,460.5
70384,459.3
70385,460.3
70386,459.1
70387,458.8
70388,459.7
70389,457.5
70390,458.3
70391,458.6
70392,460.0
70393,463.3
70394,463.8
70395,464.6
70396,468.8
70397,474.5
70398,472.2
70399,472.7
70400,472.6
70401,471.5
70402,470.8
70403,468.4
70404,467.3
70405,465.3
70406,460.1
70407,459.9
70408,458.9
70409,459.1
70410,458.4
70411,458.8
70412,457.3
70413,457.3
70414,457.4
70415,458.2
70416,457.3
70417,458.5
70418,457.8
70419,458.7
70420,458.6
70421,459.2
70422,458.2
70423,458.5
70424,458.8
70425,458.2
70426,457.6
70427,458.4
70428,460.6
70429,458.3
70430,459.9
