NETCARE2015/data/raw/Flight6/H2O_POLAR6_20150411_R1_NETCARE.ict
34, 1001
Bozem, Heiko; Hoor, Peter
Institute for Atmospheric Physics, Johannes Gutenberg University, Mainz, Germany
H2O mixing ratio from LI7200 CO2/H2O analyzer
NETCARE Polar 6 Campaign 2015
1, 1
2015, 04, 11, 2016, 01, 22
1
Time_UTC, seconds
1
1
-9999.9
H2O_ppmv, ppmv
0
19
PI_CONTACT_INFO: Address: Johann-Joachim-Becherweg 21, 55128 Mainz, email: bozemh@uni-mainz.de; hoor@uni-mainz.de
PLATFORM: Polar 6
LOCATION: GPS location and altitude available at 1 Hz resolution in separate file (See AIMMS files under Aircraft data and meteorology)
ASSOCIATED_DATA: N/A
INSTRUMENT_INFO: H2O measurements based on non-dispersive infrared absorption spectroscopy
DATA_INFO: Units are ppmv
UNCERTAINTY RELATIVE TO STANDARD: 18.5 ppmv or 2.5 %, whichever is greater, at 1 sigma confidence (before drift correction is applied)
ULOD_FLAG: -7777
ULOD_VALUE: N/A
LLOD_FLAG: -8888
LLOD_VALUE: N/A 
DM_CONTACT_INFO: N/A
PROJECT_INFO: NETCARE Polar 6 aircraft campaign in April 2015; Eureka
STIPULATIONS_ON_USE: N/A
OTHER_COMMENTS: N/A
REVISION: R1
R0: Preliminary data, corrected for instrument drift
R1: Final data, corrected for instrument drift
Time_UTC,H2O_ppmv
[from data line 7791]
65239,322.1
65240,322.7
65241,323.3
65242,324.0
65243,319.6
65244,318.5
65245,319.2
65246,319.5
65247,319.1
65248,321.7
65249,322.1
65250,321.0
65251,321.3
65252,323.2
65253,320.9
65254,323.2
65255,322.3
65256,323.1
65257,322.6
65258,313.1
65259,307.5
65260,309.6
65261,306.7
65262,304.7
65263,308.9
65264,310.1
65265,310.7
65266,313.1
65267,318.6
65268,319.5
65269,318.8
65270,315.8
65271,311.3
65272,310.9
65273,309.4
65274,308.8
65275,310.0
65276,309.8
65277,309.7
65278,309.1
65279,312.7
65280,311.0
65281,308.9
65282,306.6
65283,306.7
65284,309.1
65285,308.0
65286,309.2
65287,310.5
65288,310.2
65289,316.8
65290,322.7
65291,322.0
65292,317.2
65293,314.2
65294,312.5
65295,318.4
65296,322.9
65297,323.7
65298,323.9
65299,323.1
65300,323.4
65301,323.6
65302,320.9
65303,319.3
65304,320.6
65305,320.3
65306,320.2
65307,320.6
65308,322.9
65309,322.8
65310,324.8
65311,321.1
65312,314.7
65313,315.2
65314,320.3
65315,324.4
65316,323.5
65317,324.2
65318,325.4
65319,325.7
65320,321.1
65321,315.0
65322,312.9
65323,312.8
65324,314.7
65325,312.3
65326,308.9
65327,309.9
65328,308.3
65329,308.3
65330,307.1
65331,306.7
65332,306.3
65333,306.2
65334,305.8
65335,305.6
65336,304.9
65337,305.6
65338,305.3
65339,306.9
65340,307.0
65341,306.5
65342,305.9
65343,306.7
65344,306.7
65345,306.8
65346,307.9
65347,306.8
65348,309.2
65349,313.2
65350,323.8
65351,327.0
65352,330.6
65353,334.6
65354,333.8
65355,333.5
65356,334.9
65357,335.0
65358,333.0
65359,330.2
65360,327.8
65361,322.1
65362,311.4
65363,305.6
65364,305.0
65365,303.2
65366,307.3
65367,320.5
65368,322.1
65369,321.4
65370,318.8
65371,316.7
65372,320.4
65373,320.6
65374,321.2
65375,323.4
65376,318.2
65377,316.4
65378,314.8
65379,312.5
65380,311.8
65381,310.3
65382,309.6
65383,310.1
65384,310.2
65385,309.8
65386,305.0
65387,302.1
65388,302.1
65389,303.5
65390,304.8
65391,307.1
65392,310.2
65393,313.0
65394,317.9
65395,324.4
65396,327.8
65397,327.2
65398,324.3
65399,319.1
65400,320.7
65401,323.8
65402,324.6
65403,320.3
65404,314.3
65405,314.5
65406,313.1
65407,315.8
65408,315.0
65409,310.8
65410,305.7
65411,307.2
65412,308.1
65413,307.2
65414,306.3
65415,306.4
65416,310.2
65417,309.6
65418,309.5
65419,312.0
65420,311.1
65421,309.6
65422,309.3
65423,308.6
65424,308.9
65425,310.3
65426,310.2
65427,310.7
65428,309.3
65429,307.7
65430,307.5
65431,305.8
65432,306.6
65433,309.2
65434,311.2
65435,311.3
65436,310.2
65437,309.5
65438,306.6
65439,305.8
65440,306.7
65441,305.7
65442,307.0
65443,308.0
65444,306.3
65445,307.7
65446,308.7
65447,318.4
65448,313.8
65449,312.6
65450,313.7
65451,315.4
65452,313.1
65453,310.0
65454,307.8
65455,307.8
65456,310.4
65457,309.9
65458,310.9
65459,311.1
65460,308.6
65461,311.4
65462,311.9
65463,310.2
65464,311.8
65465,313.6
65466,312.0
65467,311.2
65468,310.7
65469,308.4
65470,308.3
65471,308.2
65472,306.9
65473,307.5
65474,305.9
65475,304.5
65476,306.2
65477,308.1
65478,308.5
65479,306.1
65480,306.9
65481,308.4
65482,307.6
65483,305.3
65484,302.7
65485,302.8
65486,301.9
65487,301.9
65488,301.0
65489,300.5
65490,299.5
65491,300.0
65492,300.9
65493,301.8
65494,301.3
65495,301.7
65496,301.4
65497,301.5
65498,300.6
65499,304.5
65500,306.1
65501,306.8
65502,306.8
65503,306.0
65504,-9999.9
65505,-9999.9
65506,-9999.9
65507,-9999.9
65508,-9999.9
65509,-9999.9
65510,-9999.9
65511,-9999.9
65512,-9999.9
65513,-9999.9
65514,-9999.9
65515,-9999.9
65516,-9999.9
65517,-9999.9
65518,-9999.9
65519,-9999.9
65520,-9999.9
65521,-9999.9
65522,-9999.9
65523,-9999.9
65524,-9999.9
65525,-9999.9
65526,-9999.9
65527,-9999.9
65528,-9999.9
65529,-9999.9
65530,-9999.9
65531,-9999.9
65532,-9999.9
65533,-9999.9
65534,-9999.9
65535,-9999.9
65536,-9999.9
65537,-9999.9
65538,-9999.9
65539,-9999.9
65540,-9999.9
65541,-9999.9
65542,-9999.9
65543,-9999.9
65544,-9999.9
65545,-9999.9
65546,-9999.9
65547,-9999.9
65548,-9999.9
65549,-9999.9
65550,-9999.9
65551,-9999.9
65552,-9999.9
65553,-9999.9
65554,-9999.9
65555,-9999.9
65556,-9999.9
65557,-9999.9
65558,-9999.9
65559,-9999.9
65560,-9999.9
65561,-9999.9
65562,-9999.9
65563,-9999.9
65564,-9999.9
65565,-9999.9
65566,-9999.9
65567,-9999.9
65568,-9999.9
65569,-9999.9
65570,-9999.9
65571,-9999.9
65572,-9999.9
65573,-9999.9
65574,-9999.9
65575,-9999.9
65576,-9999.9
65577,-9999.9
65578,-9999.9
65579,-9999.9
65580,-9999.9
65581,-9999.9
65582,-9999.9
65583,-9999.9
65584,-9999.9
65585,-9999.9
65586,-9999.9
65587,-9999.9
65588,-9999.9
65589,-9999.9
65590,-9999.9
65591,-9999.9
65592,-9999.9
65593,-9999.9
65594,-9999.9
65595,-9999.9
65596,-9999.9
65597,-9999.9
65598,-9999.9
65599,-9999.9
65600,-9999.9
65601,-9999.9
65602,-9999.9
65603,-9999.9
65604,-9999.9
65605,-9999.9
65606,-9999.9
65607,-9999.9
65608,-9999.9
65609,-9999.9
65610,-9999.9
65611,-9999.9
65612,-9999.9
65613,-9999.9
65614,-9999.9
65615,-9999.9
65616,-9999.9
65617,-9999.9
65618,-9999.9
65619,-9999.9
65620,-9999.9
65621,-9999.9
65622,-9999.9
65623,-9999.9
65624,-9999.9
65625,-9999.9
65626,-9999.9
65627,-9999.9
65628,-9999.9
65629,-9999.9
65630,-9999.9
65631,-9999.9
65632,-9999.9
65633,-9999.9
65634,-9999.9
65635,-9999.9
65636,-9999.9
65637,-9999.9
65638,-9999.9
65639,-9999.9
65640,-9999.9
65641,-9999.9
65642,-9999.9
65643,-9999.9
65644,-9999.9
65645,-9999.9
65646,-9999.9
65647,-9999.9
65648,-9999.9
65649,-9999.9
65650,-9999.9
65651,-9999.9
65652,-9999.9
65653,-9999.9
65654,-9999.9
65655,-9999.9
65656,-9999.9
65657,-9999.9
65658,-9999.9
65659,-9999.9
65660,-9999.9
65661,-9999.9
65662,-9999.9
65663,-9999.9
65664,-9999.9
65665,-9999.9
65666,-9999.9
65667,-9999.9
65668,-9999.9
65669,-9999.9
65670,-9999.9
65671,-9999.9
65672,-9999.9
65673,-9999.9
65674,-9999.9
65675,-9999.9
65676,-9999.9
65677,-9999.9
65678,-9999.9
65679,-9999.9
65680,-9999.9
65681,-9999.9
65682,-9999.9
65683,-9999.9
65684,-9999.9
65685,-9999.9
65686,-9999.9
65687,-9999.9
65688,-9999.9
65689,-9999.9
65690,-9999.9
65691,-9999.9
65692,-9999.9
65693,-9999.9
65694,-9999.9
65695,-9999.9
65696,-9999.9
65697,-9999.9
65698,-9999.9
65699,-9999.9
65700,-9999.9
65701,-9999.9
65702,-9999.9
65703,-9999.9
65704,-9999.9
65705,-9999.9
65706,-9999.9
65707,-9999.9
65708,-9999.9
65709,-9999.9
65710,-9999.9
65711,-9999.9
65712,-9999.9
65713,-9999.9
65714,-9999.9
65715,265.9
65716,266.4
65717,265.8
65718,266.6
65719,265.8
65720,266.4
65721,266.9
65722,269.9
65723,269.6
65724,269.7
65725,270.2
65726,271.1
65727,271.2
65728,271.4
65729,272.3
65730,271.5
65731,271.8
65732,271.2
65733,272.6
65734,268.6
65735,268.6
65736,268.2
65737,269.5
65738,269.8
65739,268.8
65740,269.4
65741,271.0
65742,269.4
65743,269.4
65744,268.3
65745,269.1
65746,267.0
65747,268.9
65748,270.2
65749,270.0
65750,269.6
65751,269.4
65752,272.3
65753,271.5
65754,272.2
65755,276.5
65756,276.5
65757,280.2
65758,281.1
65759,279.8
65760,280.7
65761,280.6
65762,279.6
65763,279.3
65764,279.1
65765,280.2
65766,280.1
65767,281.0
65768,281.8
65769,281.8
65770,280.7
65771,281.6
65772,280.9
65773,280.4
65774,280.8
65775,281.6
65776,281.3
65777,280.0
65778,280.7
65779,279.3
65780,279.2
65781,276.4
65782,272.8
65783,270.8
65784,270.1
65785,270.1
65786,269.3
65787,270.5
65788,268.7
65789,267.9
65790,268.5
65791,268.5
65792,268.5
65793,269.8
65794,270.6
65795,271.7
65796,272.2
65797,276.7
65798,276.4
65799,277.2
65800,277.7
65801,278.1
65802,276.5
65803,277.4
65804,275.6
65805,274.7
65806,273.3
65807,271.3
65808,269.9
65809,269.8
65810,270.3
65811,271.4
65812,273.7
65813,273.2
65814,274.1
65815,271.7
65816,277.9
65817,276.1
65818,276.2
65819,281.2
65820,274.6
65821,270.2
65822,275.0
65823,274.1
65824,278.7
65825,273.0
65826,273.9
65827,280.0
65828,275.1
65829,273.0
65830,274.2
65831,278.3
65832,278.6
65833,278.2
65834,275.6
65835,276.7
65836,276.9
65837,278.5
65838,286.7
65839,287.3
65840,289.3
65841,288.7
65842,289.0
65843,289.9
65844,289.8
65845,290.8
65846,289.4
65847,290.1
65848,289.5
65849,289.1
65850,289.1
65851,288.6
65852,287.6
65853,288.7
65854,288.9
65855,288.0
65856,287.2
65857,287.9
65858,288.8
65859,288.3
65860,288.8
65861,287.1
65862,288.0
65863,288.5
65864,287.0
65865,288.6
65866,286.9
65867,287.5
65868,288.0
65869,288.0
65870,286.2
65871,287.7
65872,286.4
65873,286.5
65874,287.6
65875,286.7
65876,287.3
65877,287.4
65878,286.7
65879,285.5
65880,284.4
65881,282.1
65882,280.7
65883,279.9
65884,279.1
65885,276.9
65886,276.2
65887,275.1
65888,276.1
65889,277.5
65890,277.7
65891,275.6
65892,270.6
65893,266.4
65894,269.3
65895,269.5
65896,271.5
65897,271.6
65898,273.2
65899,275.8
65900,274.1
65901,275.4
65902,270.6
65903,267.3
65904,267.2
65905,266.8
65906,267.0
65907,265.7
65908,265.4
65909,266.6
65910,265.7
65911,267.5
65912,266.8
65913,265.3
65914,266.8
65915,267.6
65916,266.8
65917,268.0
65918,265.7
65919,268.0
65920,270.0
65921,269.8
65922,270.3
65923,269.3
65924,270.2
65925,270.1
65926,269.7
65927,269.9
65928,271.7
65929,271.9
65930,270.4
65931,271.1
65932,270.5
65933,269.8
65934,269.2
65935,267.6
65936,269.4
65937,267.2
65938,267.0
65939,265.7
65940,265.2
65941,269.4
65942,269.6
65943,270.9
65944,272.6
65945,273.2
65946,274.7
65947,274.1
65948,274.0
65949,273.1
65950,273.4
65951,272.0
65952,270.4
65953,269.8
65954,269.6
65955,271.3
65956,269.9
65957,270.0
65958,270.3
65959,272.1
65960,272.4
65961,272.3
65962,273.6
65963,275.3
65964,272.1
65965,272.1
65966,271.1
65967,270.8
65968,270.3
65969,271.4
65970,270.9
65971,270.1
65972,268.7
65973,270.2
65974,269.2
65975,270.3
65976,270.3
65977,270.5
65978,270.0
65979,275.3
65980,276.3
65981,279.1
65982,280.7
65983,281.8
65984,281.8
65985,282.9
65986,282.5
65987,282.9
65988,282.8
65989,283.8
65990,283.6
65991,283.4
65992,283.0
65993,283.1
65994,283.1
65995,282.2
65996,283.2
65997,282.0
65998,282.0
65999,281.1
66000,279.7
66001,275.6
66002,276.6
66003,275.4
66004,273.4
66005,274.2
66006,271.6
66007,271.7
66008,272.3
66009,272.6
66010,270.1
66011,269.6
66012,267.9
66013,267.0
66014,267.4
66015,267.9
66016,268.1
66017,268.7
66018,267.5
66019,264.9
66020,265.6
66021,265.4
66022,266.3
66023,266.1
66024,265.9
66025,266.8
66026,272.3
66027,276.3
66028,278.9
66029,283.4
66030,286.9
66031,287.4
66032,292.3
66033,295.3
66034,304.6
66035,310.4
66036,299.6
66037,291.0
66038,284.9
66039,290.8
66040,301.9
66041,290.6
66042,290.5
66043,289.6
66044,291.0
66045,295.3
66046,294.6
66047,296.2
66048,291.3
66049,282.4
66050,-9999.9
66051,-9999.9
66052,287.5
66053,281.2
66054,274.2
66055,270.7
66056,271.5
66057,271.1
66058,270.2
66059,267.8
66060,267.0
66061,268.3
66062,269.0
66063,267.8
66064,269.0
66065,270.2
66066,271.0
66067,269.3
66068,268.5
66069,265.3
66070,267.6
66071,265.8
66072,265.5
66073,269.6
66074,271.7
66075,272.2
66076,271.6
66077,270.4
66078,270.3
66079,270.2
66080,270.0
66081,267.3
66082,266.9
66083,266.8
66084,267.4
66085,266.8
66086,265.7
66087,266.4
66088,266.3
66089,266.6
66090,266.1
66091,265.6
66092,266.9
66093,269.1
66094,270.7
66095,269.5
66096,270.8
66097,268.5
66098,268.6
66099,267.6
66100,270.1
66101,270.4
66102,271.1
66103,271.4
66104,272.8
66105,273.3
66106,272.6
66107,272.1
66108,273.5
66109,271.8
66110,272.0
66111,270.7
66112,272.3
66113,271.0
66114,270.3
66115,269.8
66116,267.7
66117,267.0
66118,267.0
66119,266.8
66120,267.8
66121,266.6
66122,266.2
66123,266.7
66124,265.6
66125,266.3
66126,266.2
66127,265.2
66128,265.5
66129,264.6
66130,265.9
66131,266.3
66132,265.6
66133,265.2
66134,265.2
66135,265.0
66136,264.3
66137,264.6
66138,263.9
66139,265.0
66140,268.0
66141,269.5
66142,275.9
66143,281.0
66144,284.2
66145,290.1
66146,295.6
66147,302.1
66148,306.4
66149,313.6
66150,317.3
66151,312.3
66152,308.3
66153,307.0
66154,302.6
66155,295.0
66156,290.1
66157,286.0
66158,286.5
66159,286.5
66160,291.8
66161,293.7
66162,291.3
66163,293.9
66164,293.2
66165,297.7
66166,307.6
66167,321.9
66168,329.0
66169,335.9
66170,336.6
66171,342.5
66172,347.7
66173,353.1
66174,363.9
66175,370.1
66176,374.0
66177,373.5
66178,376.0
66179,374.3
66180,373.2
66181,360.5
66182,352.1
66183,350.5
66184,352.3
66185,352.1
66186,345.2
66187,332.7
66188,318.4
66189,316.3
66190,311.6
66191,312.0
66192,315.7
66193,317.8
66194,319.3
66195,317.2
66196,321.1
66197,323.0
66198,324.8
66199,329.2
66200,332.5
66201,339.0
66202,341.4
66203,340.0
66204,344.8
66205,353.6
66206,346.8
66207,334.1
66208,339.9
66209,346.9
66210,353.1
66211,356.7
66212,355.5
66213,340.6
66214,345.1
66215,353.9
66216,359.6
66217,365.0
66218,363.3
66219,359.2
66220,357.9
66221,360.2
66222,362.5
66223,367.5
66224,371.9
66225,373.5
66226,373.3
66227,373.2
66228,372.1
66229,365.6
66230,365.2
66231,364.6
66232,365.4
66233,369.9
66234,372.4
66235,374.5
66236,375.9
66237,374.6
66238,373.4
66239,372.7
66240,373.4
66241,372.4
66242,372.5
66243,372.2
66244,372.8
66245,373.4
66246,371.1
66247,373.4
66248,373.1
66249,372.6
66250,373.7
66251,371.6
66252,372.8
66253,371.4
66254,372.0
66255,370.7
66256,372.3
66257,371.4
66258,370.8
66259,371.3
66260,371.6
66261,372.2
66262,371.7
66263,371.2
66264,371.4
66265,371.2
66266,371.6
66267,372.0
66268,371.3
66269,372.0
66270,370.7
66271,371.7
66272,370.8
66273,371.0
66274,371.4
66275,373.8
66276,373.5
66277,374.8
66278,376.1
66279,376.4
66280,375.4
66281,375.0
66282,373.3
66283,374.3
66284,374.2
66285,374.2
66286,373.2
66287,376.3
66288,375.6
66289,376.6
66290,375.3
66291,375.3
66292,373.6
66293,372.9
66294,372.6
66295,372.0
66296,372.8
66297,371.5
66298,372.6
66299,373.5
66300,371.8
66301,372.5
66302,371.1
66303,372.5
66304,370.0
66305,370.8
66306,371.5
66307,372.0
66308,371.9
66309,371.9
66310,370.3
66311,371.9
66312,371.8
66313,372.1
66314,372.3
66315,372.9
66316,375.9
66317,376.0
66318,375.5
66319,375.0
66320,374.9
66321,375.8
66322,375.8
66323,376.8
66324,378.6
66325,380.9
66326,385.0
66327,383.6
66328,384.1
66329,384.9
66330,385.1
66331,385.0
66332,384.2
66333,380.6
66334,379.1
66335,376.1
66336,373.7
66337,372.7
66338,368.6
66339,369.7
66340,368.8
66341,371.5
66342,371.1
66343,371.9
66344,370.9
66345,371.8
66346,371.8
66347,370.9
66348,369.8
66349,370.8
66350,371.6
66351,374.8
66352,376.4
66353,378.6
66354,381.7
66355,384.5
66356,384.5
66357,386.3
66358,384.5
66359,385.4
66360,384.9
66361,385.2
66362,384.5
66363,386.1
66364,385.6
66365,386.3
66366,383.7
66367,382.8
66368,379.3
66369,377.4
66370,378.1
66371,377.0
66372,371.4
66373,377.0
66374,378.7
66375,381.8
66376,384.6
66377,385.8
66378,387.1
66379,388.0
66380,386.4
66381,385.6
66382,384.3
66383,383.7
66384,383.2
66385,382.7
66386,382.3
66387,381.9
66388,383.5
66389,383.7
66390,383.9
66391,385.6
66392,384.4
66393,385.3
66394,385.5
66395,385.4
66396,384.4
66397,385.3
66398,385.0
66399,387.4
66400,387.0
66401,388.4
66402,387.2
66403,386.2
66404,385.8
66405,386.0
66406,384.6
66407,384.8
66408,384.5
66409,385.2
66410,386.0
66411,387.8
66412,386.1
66413,385.4
66414,385.3
66415,384.6
66416,385.2
66417,387.0
66418,387.2
66419,381.6
66420,378.4
66421,380.7
66422,382.0
66423,376.6
66424,376.4
66425,376.0
66426,377.2
66427,376.6
66428,379.0
66429,379.4
66430,379.4
66431,379.2
66432,379.0
66433,378.2
66434,378.8
66435,379.4
66436,379.0
66437,382.5
66438,383.5
66439,384.1
66440,385.9
66441,386.3
66442,384.8
66443,385.4
66444,385.9
66445,384.9
66446,385.5
66447,387.2
66448,386.5
66449,385.8
66450,386.2
66451,386.3
66452,384.9
66453,386.4
66454,385.1
66455,386.2
66456,386.3
66457,385.3
66458,385.5
66459,384.0
66460,383.7
66461,383.6
66462,383.0
66463,382.5
66464,383.8
66465,383.1
66466,383.2
66467,383.5
66468,383.8
66469,383.6
66470,384.0
66471,383.9
66472,384.0
66473,384.1
66474,382.5
66475,382.5
66476,383.8
66477,381.9
66478,382.3
66479,382.7
66480,381.4
66481,381.3
66482,381.1
66483,381.4
66484,381.3
66485,382.2
66486,381.6
66487,381.6
66488,380.7
66489,378.9
66490,375.8
66491,374.9
66492,376.0
66493,377.6
66494,376.6
66495,374.3
66496,370.7
66497,371.3
66498,371.1
66499,368.6
66500,367.6
66501,367.1
66502,365.6
66503,366.0
66504,365.9
66505,365.4
66506,364.9
66507,365.5
66508,363.4
66509,364.2
66510,362.9
66511,362.1
66512,364.1
66513,362.4
66514,364.2
66515,364.4
66516,363.3
66517,363.8
66518,362.9
66519,361.5
66520,358.9
66521,359.1
66522,357.9
66523,357.3
66524,358.4
66525,357.3
66526,354.6
66527,353.2
66528,354.5
66529,355.8
66530,355.5
66531,355.4
66532,355.1
66533,354.8
66534,354.7
66535,355.9
