NETCARE2015/data/raw/Flight6/H2O_POLAR6_20150411_R1_NETCARE.ict
34, 1001
Bozem, Heiko; Hoor, Peter
Institute for Atmospheric Physics, Johannes Gutenberg University, Mainz, Germany
H2O mixing ratio from LI7200 CO2/H2O analyzer
NETCARE Polar 6 Campaign 2015
1, 1
2015, 04, 11, 2016, 01, 22
1
Time_UTC, seconds
1
1
-9999.9
H2O_ppmv, ppmv
0
19
PI_CONTACT_INFO: Address: Johann-Joachim-Becherweg 21, 55128 Mainz, email: bozemh@uni-mainz.de; hoor@uni-mainz.de
PLATFORM: Polar 6
LOCATION: GPS location and altitude available at 1 Hz resolution in separate file (See AIMMS files under Aircraft data and meteorology)
ASSOCIATED_DATA: N/A
INSTRUMENT_INFO: H2O measurements based on non-dispersive infrared absorption spectroscopy
DATA_INFO: Units are ppmv
UNCERTAINTY RELATIVE TO STANDARD: 18.5 ppmv or 2.5 %, whichever is greater, at 1 sigma confidence (before drift correction is applied)
ULOD_FLAG: -7777
ULOD_VALUE: N/A
LLOD_FLAG: -8888
LLOD_VALUE: N/A 
DM_CONTACT_INFO: N/A
PROJECT_INFO: NETCARE Polar 6 aircraft campaign in April 2015; Eureka
STIPULATIONS_ON_USE: N/A
OTHER_COMMENTS: N/A
REVISION: R1
R0: Preliminary data, corrected for instrument drift
R1: Final data, corrected for instrument drift
Time_UTC,H2O_ppmv
[from data line 9089]
66537,357.5
66538,356.8
66539,357.5
66540,357.8
66541,358.1
66542,357.3
66543,356.3
66544,356.1
66545,356.6
66546,355.0
66547,353.9
66548,353.8
66549,353.7
66550,353.3
66551,354.6
66552,354.6
66553,352.9
66554,353.8
66555,352.9
66556,353.3
66557,352.8
66558,353.5
66559,353.2
66560,354.7
66561,353.9
66562,353.1
66563,352.1
66564,353.8
66565,353.0
66566,353.8
66567,353.4
66568,354.3
66569,353.6
66570,355.1
66571,354.2
66572,355.1
66573,355.2
66574,354.6
66575,354.1
66576,354.7
66577,354.4
66578,355.0
66579,353.9
66580,354.3
66581,355.2
66582,354.8
66583,353.4
66584,354.5
66585,354.2
66586,353.7
66587,354.6
66588,353.9
66589,355.3
66590,354.3
66591,353.7
66592,354.4
66593,354.4
66594,353.6
66595,354.3
66596,354.4
66597,353.7
66598,354.1
66599,353.5
66600,354.3
66601,354.7
66602,354.2
66603,353.1
66604,353.6
66605,353.1
66606,353.3
66607,354.2
66608,352.4
66609,351.9
66610,351.2
66611,351.3
66612,352.4
66613,353.1
66614,353.5
66615,353.1
66616,353.4
66617,353.0
66618,354.2
66619,353.3
66620,353.7
66621,353.2
66622,354.0
66623,353.8
66624,352.8
66625,352.1
66626,352.6
66627,351.8
66628,353.9
66629,353.1
66630,353.7
66631,352.3
66632,353.3
66633,353.7
66634,352.7
66635,352.5
66636,353.0
66637,352.9
66638,353.2
66639,353.2
66640,353.0
66641,353.4
66642,354.3
66643,353.1
66644,352.6
66645,352.2
66646,352.5
66647,352.9
66648,352.9
66649,351.4
66650,352.4
66651,-9999.9
66652,-9999.9
66653,-9999.9
66654,-9999.9
66655,-9999.9
66656,-9999.9
66657,-9999.9
66658,-9999.9
66659,-9999.9
66660,-9999.9
66661,-9999.9
66662,-9999.9
66663,-9999.9
66664,-9999.9
66665,-9999.9
66666,-9999.9
66667,-9999.9
66668,-9999.9
66669,-9999.9
66670,-9999.9
66671,-9999.9
66672,-9999.9
66673,-9999.9
66674,-9999.9
66675,-9999.9
66676,-9999.9
66677,-9999.9
66678,-9999.9
66679,-9999.9
66680,-9999.9
66681,-9999.9
66682,-9999.9
66683,-9999.9
66684,-9999.9
66685,-9999.9
66686,-9999.9
66687,-9999.9
66688,-9999.9
66689,-9999.9
66690,-9999.9
66691,-9999.9
66692,-9999.9
66693,-9999.9
66694,-9999.9
66695,-9999.9
66696,-9999.9
66697,-9999.9
66698,-9999.9
66699,-9999.9
66700,-9999.9
66701,-9999.9
66702,-9999.9
66703,-9999.9
66704,-9999.9
66705,-9999.9
66706,-9999.9
66707,-9999.9
66708,-9999.9
66709,-9999.9
66710,-9999.9
66711,-9999.9
66712,-9999.9
66713,-9999.9
66714,-9999.9
66715,-9999.9
66716,-9999.9
66717,-9999.9
66718,-9999.9
66719,-9999.9
66720,-9999.9
66721,-9999.9
66722,-9999.9
66723,-9999.9
66724,-9999.9
66725,-9999.9
66726,-9999.9
66727,-9999.9
66728,-9999.9
66729,-9999.9
66730,-9999.9
66731,-9999.9
66732,-9999.9
66733,-9999.9
66734,-9999.9
66735,-9999.9
66736,-9999.9
66737,-9999.9
66738,-9999.9
66739,-9999.9
66740,-9999.9
66741,-9999.9
66742,-9999.9
66743,-9999.9
66744,-9999.9
66745,-9999.9
66746,-9999.9
66747,-9999.9
66748,-9999.9
66749,-9999.9
66750,-9999.9
66751,-9999.9
66752,-9999.9
66753,-9999.9
66754,-9999.9
66755,-9999.9
66756,-9999.9
66757,-9999.9
66758,-9999.9
66759,-9999.9
66760,-9999.9
66761,-9999.9
66762,-9999.9
66763,-9999.9
66764,-9999.9
66765,-9999.9
66766,-9999.9
66767,-9999.9
66768,-9999.9
66769,-9999.9
66770,-9999.9
66771,-9999.9
66772,-9999.9
66773,-9999.9
66774,-9999.9
66775,-9999.9
66776,-9999.9
66777,-9999.9
66778,-9999.9
66779,-9999.9
66780,-9999.9
66781,-9999.9
66782,-9999.9
66783,-9999.9
66784,-9999.9
66785,-9999.9
66786,-9999.9
66787,-9999.9
66788,-9999.9
66789,-9999.9
66790,-9999.9
66791,-9999.9
66792,-9999.9
66793,-9999.9
66794,-9999.9
66795,-9999.9
66796,-9999.9
66797,-9999.9
66798,-9999.9
66799,-9999.9
66800,-9999.9
66801,-9999.9
66802,-9999.9
66803,-9999.9
66804,-9999.9
66805,-9999.9
66806,-9999.9
66807,-9999.9
66808,-9999.9
66809,-9999.9
66810,-9999.9
66811,-9999.9
66812,-9999.9
66813,-9999.9
66814,-9999.9
66815,-9999.9
66816,-9999.9
66817,-9999.9
66818,-9999.9
66819,-9999.9
66820,-9999.9
66821,-9999.9
66822,-9999.9
66823,-9999.9
66824,-9999.9
66825,-9999.9
66826,-9999.9
66827,-9999.9
66828,-9999.9
66829,-9999.9
66830,-9999.9
66831,-9999.9
66832,-9999.9
66833,-9999.9
66834,-9999.9
66835,-9999.9
66836,-9999.9
66837,-9999.9
66838,-9999.9
66839,-9999.9
66840,-9999.9
66841,-9999.9
66842,-9999.9
66843,-9999.9
66844,-9999.9
66845,-9999.9
66846,-9999.9
66847,-9999.9
66848,-9999.9
66849,-9999.9
66850,-9999.9
66851,-9999.9
66852,-9999.9
66853,-9999.9
66854,-9999.9
66855,-9999.9
66856,-9999.9
66857,-9999.9
66858,-9999.9
66859,-9999.9
66860,-9999.9
66861,-9999.9
66862,352.0
66863,352.0
66864,353.1
66865,353.0
66866,352.8
66867,352.5
66868,352.0
66869,353.7
66870,353.4
66871,352.3
66872,351.2
66873,351.2
66874,351.0
66875,351.0
66876,351.5
66877,347.5
66878,344.3
66879,342.1
66880,344.4
66881,343.4
66882,346.0
66883,344.9
66884,345.5
66885,345.3
66886,346.1
66887,345.6
66888,344.1
66889,344.6
66890,344.5
66891,343.7
66892,343.0
66893,343.8
66894,344.2
66895,343.3
66896,345.4
66897,345.3
66898,346.9
66899,348.2
66900,348.1
66901,351.7
66902,352.6
66903,352.1
66904,354.7
66905,352.0
66906,342.2
66907,337.2
66908,337.8
66909,338.9
66910,338.6
66911,340.3
66912,339.5
66913,341.2
66914,342.0
66915,344.1
66916,343.7
66917,341.9
66918,342.9
66919,344.4
66920,345.0
66921,344.3
66922,343.8
66923,344.4
66924,343.9
66925,343.8
66926,345.1
66927,346.0
66928,346.0
66929,346.0
66930,344.4
66931,344.6
66932,343.1
66933,345.4
66934,344.8
66935,346.3
66936,346.0
66937,348.0
66938,353.2
66939,356.8
66940,357.9
66941,359.2
66942,359.7
66943,357.4
66944,356.0
66945,354.4
66946,350.8
66947,349.9
66948,350.5
66949,349.9
66950,352.1
66951,352.9
66952,352.0
66953,352.7
66954,350.9
66955,350.0
66956,348.8
66957,350.1
66958,351.2
66959,351.6
66960,352.4
66961,353.0
66962,353.5
66963,354.4
66964,353.6
66965,353.5
66966,355.4
66967,356.1
66968,357.5
66969,358.0
66970,360.0
66971,361.4
66972,362.4
66973,363.8
66974,364.6
66975,364.8
66976,364.4
66977,360.1
66978,357.7
66979,353.9
66980,351.6
66981,349.1
66982,348.8
66983,346.8
66984,344.9
66985,341.5
66986,339.3
66987,340.0
66988,339.0
66989,339.5
66990,339.3
66991,339.3
66992,340.4
66993,339.2
66994,338.6
66995,342.0
66996,343.2
66997,344.6
66998,344.9
66999,345.2
67000,345.2
67001,345.1
67002,346.1
67003,345.7
67004,346.6
67005,345.7
67006,346.5
67007,345.9
67008,347.5
67009,348.6
67010,351.0
67011,352.5
67012,356.2
67013,357.5
67014,359.6
67015,359.8
67016,364.6
67017,366.2
67018,369.4
67019,367.7
67020,368.6
67021,367.6
67022,367.4
67023,368.9
67024,367.7
67025,369.0
67026,368.6
67027,369.5
67028,370.4
67029,370.2
67030,374.6
67031,380.4
67032,382.7
67033,383.9
67034,385.5
67035,386.1
67036,385.7
67037,389.4
67038,388.8
67039,388.7
67040,390.4
67041,391.3
67042,391.6
67043,390.9
67044,392.4
67045,390.8
67046,390.8
67047,393.6
67048,392.8
67049,393.3
67050,392.8
67051,394.1
67052,394.3
67053,395.4
67054,394.9
67055,395.6
67056,396.8
67057,396.7
67058,396.8
67059,396.5
67060,397.3
67061,396.0
67062,395.9
67063,397.1
67064,397.4
67065,398.4
67066,400.1
67067,399.7
67068,399.9
67069,401.2
67070,399.7
67071,401.4
67072,400.7
67073,401.5
67074,401.4
67075,402.5
67076,401.1
67077,400.9
67078,402.5
67079,403.5
67080,401.9
67081,401.9
67082,402.9
67083,402.0
67084,401.4
67085,400.6
67086,401.4
67087,401.6
67088,400.1
67089,400.6
67090,400.3
67091,399.3
67092,400.6
67093,399.7
67094,400.3
67095,399.6
67096,401.0
67097,404.6
67098,407.8
67099,410.1
67100,409.7
67101,409.4
67102,411.1
67103,409.5
67104,409.6
67105,410.3
67106,411.5
67107,409.1
67108,407.6
67109,405.2
67110,406.1
67111,405.2
67112,404.5
67113,405.0
67114,403.1
67115,403.8
67116,402.8
67117,403.5
67118,403.0
67119,402.5
67120,402.7
67121,402.7
67122,402.1
67123,402.5
67124,401.5
67125,401.6
67126,400.5
67127,399.6
67128,399.3
67129,401.1
67130,399.5
67131,398.4
67132,398.3
67133,397.5
67134,397.4
67135,396.9
67136,395.7
67137,396.1
67138,395.6
67139,395.4
67140,395.4
67141,393.9
67142,394.4
67143,392.7
67144,393.0
67145,392.5
67146,398.0
67147,399.7
67148,397.6
67149,397.5
67150,396.9
67151,395.5
67152,395.6
67153,396.0
67154,394.4
67155,394.8
67156,392.3
67157,391.5
67158,389.1
67159,386.3
67160,385.5
67161,384.3
67162,382.7
67163,379.6
67164,380.0
67165,380.0
67166,380.1
67167,379.5
67168,380.0
67169,385.9
67170,388.8
67171,390.1
67172,391.7
67173,392.4
67174,394.1
67175,393.9
67176,395.2
67177,395.3
67178,396.1
67179,396.2
67180,397.3
67181,397.3
67182,395.9
67183,395.8
67184,396.2
67185,396.9
67186,397.8
67187,395.3
67188,394.7
67189,391.8
67190,389.5
67191,390.3
67192,390.6
67193,390.8
67194,390.2
67195,389.4
67196,390.9
67197,390.6
67198,391.3
67199,391.1
67200,390.6
67201,390.5
67202,391.0
67203,392.1
67204,391.5
67205,390.8
67206,391.0
67207,391.5
67208,391.4
67209,391.1
67210,391.5
67211,391.4
67212,391.1
67213,391.1
67214,392.2
67215,391.4
67216,391.5
67217,392.8
67218,391.6
67219,391.2
67220,391.6
67221,391.2
67222,392.1
67223,389.9
67224,392.1
67225,391.5
67226,391.4
67227,390.4
67228,391.8
67229,392.1
67230,391.9
67231,391.9
67232,392.3
67233,391.7
67234,391.9
67235,392.0
67236,391.6
67237,392.9
67238,391.9
67239,393.4
67240,393.2
67241,394.4
67242,393.7
67243,393.7
67244,393.7
67245,393.2
67246,393.3
67247,393.0
67248,393.7
67249,393.3
67250,392.6
67251,392.9
67252,393.3
67253,393.0
67254,392.0
67255,393.0
67256,393.9
67257,393.2
67258,393.5
67259,393.1
67260,392.0
67261,392.4
67262,392.9
67263,392.4
67264,392.9
67265,392.8
67266,392.4
67267,392.2
67268,392.3
67269,392.4
67270,391.4
67271,390.7
67272,390.9
67273,391.1
67274,390.1
67275,390.2
67276,390.6
67277,390.7
67278,390.7
67279,391.2
67280,391.4
67281,391.9
67282,392.1
67283,391.8
67284,393.3
67285,397.9
67286,399.4
67287,398.8
67288,399.0
67289,398.7
67290,399.9
67291,399.6
67292,400.5
67293,400.0
67294,402.4
67295,402.0
67296,401.1
67297,402.3
67298,402.1
67299,401.8
67300,401.2
67301,401.2
67302,400.2
67303,399.9
67304,400.0
67305,398.2
67306,398.4
67307,397.0
67308,397.8
67309,398.6
67310,396.5
67311,396.5
67312,397.4
67313,397.0
67314,398.1
67315,398.8
67316,396.4
67317,397.2
67318,397.5
67319,395.1
67320,392.6
67321,391.5
67322,390.6
67323,389.5
67324,390.1
67325,390.1
67326,389.0
67327,389.3
67328,389.6
67329,389.0
67330,389.4
67331,390.7
67332,390.6
67333,391.1
67334,391.5
67335,391.3
67336,391.8
67337,391.9
67338,392.4
67339,391.8
67340,392.3
67341,391.7
67342,391.8
67343,391.1
67344,391.8
67345,391.4
67346,391.0
67347,391.5
67348,391.6
67349,390.4
67350,391.1
67351,390.4
67352,390.9
67353,389.9
67354,389.6
67355,389.2
67356,390.4
67357,389.8
67358,390.2
67359,389.6
67360,389.1
67361,391.2
67362,390.8
67363,390.4
67364,391.1
67365,390.2
67366,390.3
67367,389.8
67368,390.3
67369,390.9
67370,390.1
67371,390.2
67372,390.6
67373,390.3
67374,390.6
67375,391.4
67376,390.7
67377,391.1
67378,391.0
67379,390.3
67380,391.3
67381,391.2
67382,390.2
67383,391.2
67384,391.6
67385,391.2
67386,390.4
67387,390.3
67388,390.0
67389,388.6
67390,389.3
67391,388.3
67392,388.6
67393,388.3
67394,388.1
67395,388.7
67396,388.7
67397,387.4
67398,387.9
67399,388.2
67400,386.8
67401,388.1
67402,387.0
67403,388.1
67404,385.8
67405,385.5
67406,385.2
67407,384.5
67408,384.4
67409,385.4
67410,384.2
67411,384.0
67412,383.7
67413,383.5
67414,383.0
67415,384.0
67416,382.7
67417,383.3
67418,383.3
67419,383.1
67420,381.4
67421,381.4
67422,380.9
67423,380.0
67424,379.7
67425,379.8
67426,379.4
67427,379.8
67428,380.2
67429,380.2
67430,380.6
67431,382.2
67432,382.6
67433,384.3
67434,384.6
67435,385.7
67436,386.0
67437,386.7
67438,388.7
67439,390.3
67440,392.5
67441,394.3
67442,395.3
67443,394.7
67444,396.5
67445,397.4
67446,395.6
67447,395.7
67448,395.5
67449,396.2
67450,396.1
67451,394.6
67452,395.7
67453,398.8
67454,401.1
67455,403.5
67456,403.3
67457,403.5
67458,403.6
67459,404.5
67460,403.3
67461,404.5
67462,403.5
67463,403.6
67464,403.4
67465,401.9
67466,402.7
67467,403.7
67468,400.9
67469,401.4
67470,400.9
67471,399.3
67472,399.6
67473,398.1
67474,398.1
67475,397.5
67476,396.6
67477,395.5
67478,393.6
67479,393.3
67480,391.5
67481,390.6
67482,390.8
67483,390.1
67484,390.8
67485,389.5
67486,389.9
67487,388.9
67488,388.6
67489,387.8
67490,388.1
67491,387.1
67492,387.3
67493,387.8
67494,388.5
67495,388.4
67496,387.7
67497,387.7
67498,389.6
67499,389.8
67500,389.1
67501,377.4
67502,373.6
67503,375.7
67504,377.4
67505,375.7
67506,376.3
67507,375.1
67508,376.0
67509,376.5
67510,378.1
67511,380.5
67512,390.4
67513,403.6
67514,422.9
67515,437.9
67516,441.8
67517,439.6
67518,425.9
67519,410.0
67520,406.5
67521,407.6
67522,406.2
67523,409.1
67524,410.4
67525,410.3
67526,411.9
67527,410.7
67528,410.5
67529,409.6
67530,408.8
67531,405.8
67532,403.1
67533,396.3
67534,395.4
67535,398.8
67536,399.9
67537,401.1
67538,403.3
67539,402.6
67540,394.4
67541,392.3
67542,387.5
67543,385.9
67544,386.2
67545,387.2
67546,388.8
67547,391.7
67548,390.7
67549,390.8
67550,388.3
67551,385.7
67552,385.0
67553,383.8
67554,382.7
67555,381.7
67556,381.5
67557,381.1
67558,384.1
67559,387.7
67560,390.2
67561,391.6
67562,391.4
67563,390.6
67564,391.5
67565,392.4
67566,393.4
67567,393.3
67568,392.6
67569,393.3
67570,394.3
67571,396.4
67572,397.5
67573,399.1
67574,401.4
67575,404.3
67576,408.3
67577,416.7
67578,419.3
67579,420.5
67580,423.1
67581,421.3
67582,422.0
67583,423.1
67584,425.0
67585,426.3
67586,426.7
67587,428.5
67588,430.4
67589,432.2
67590,433.0
67591,433.2
67592,433.6
67593,434.7
67594,434.1
67595,434.3
67596,432.8
67597,430.2
67598,430.2
67599,430.2
67600,429.0
67601,429.2
67602,428.5
67603,430.0
67604,429.8
67605,428.8
67606,428.7
67607,427.9
67608,428.6
67609,428.3
67610,426.8
67611,428.2
67612,428.1
67613,428.5
67614,429.0
67615,428.6
67616,429.4
67617,428.5
67618,428.4
67619,428.4
67620,429.2
67621,429.4
67622,429.8
67623,431.3
67624,432.2
67625,435.5
67626,437.9
67627,438.5
67628,441.4
67629,444.0
67630,446.9
67631,452.6
67632,458.3
67633,464.5
67634,467.6
67635,468.3
67636,465.1
67637,467.8
67638,467.7
67639,468.9
67640,470.6
67641,471.7
67642,474.2
67643,474.9
67644,476.7
67645,478.0
67646,480.6
67647,478.9
67648,480.0
67649,480.2
67650,481.6
67651,481.6
67652,479.2
67653,479.7
67654,481.6
67655,484.2
67656,492.3
67657,506.5
67658,512.3
67659,520.0
67660,522.8
67661,523.3
67662,523.1
67663,520.6
67664,523.1
67665,529.0
67666,531.3
67667,531.6
67668,530.2
67669,520.6
67670,512.1
67671,514.1
67672,522.0
67673,528.3
67674,546.1
67675,548.9
67676,559.9
67677,564.8
67678,568.8
67679,573.5
67680,581.1
67681,592.0
67682,598.6
67683,599.9
67684,604.9
67685,614.1
67686,621.0
67687,628.5
67688,635.1
67689,648.6
67690,662.6
67691,680.0
67692,688.7
67693,691.6
67694,702.7
67695,682.7
67696,666.3
67697,659.7
67698,653.3
67699,645.3
67700,638.0
67701,632.3
67702,625.5
67703,621.8
67704,620.3
67705,619.8
67706,622.7
67707,621.2
67708,618.9
67709,621.7
67710,625.8
67711,632.6
67712,639.2
67713,644.6
67714,646.1
67715,649.0
67716,651.2
67717,655.0
67718,663.7
67719,667.9
67720,664.0
67721,653.1
67722,650.7
67723,663.0
67724,676.1
67725,687.6
67726,698.2
67727,704.0
67728,709.2
67729,712.0
67730,714.9
67731,716.3
67732,721.8
67733,726.7
67734,729.7
67735,729.9
67736,725.8
67737,723.1
67738,723.1
67739,721.8
67740,719.8
67741,719.9
67742,721.2
67743,720.0
67744,720.3
67745,716.7
67746,712.6
67747,709.2
67748,705.2
67749,703.5
67750,699.6
67751,692.2
67752,681.6
67753,669.8
67754,661.0
67755,658.5
67756,655.4
67757,649.3
67758,644.6
67759,644.1
67760,633.0
67761,626.6
67762,623.9
67763,623.4
67764,616.5
67765,591.6
67766,559.8
67767,546.1
67768,533.7
67769,515.9
67770,496.4
67771,476.6
67772,465.6
67773,457.8
67774,445.6
67775,435.7
67776,425.6
67777,417.1
67778,412.1
67779,408.3
67780,409.7
67781,410.0
67782,411.4
67783,409.3
67784,410.3
67785,409.0
67786,413.0
67787,424.2
67788,430.2
67789,436.8
67790,439.2
67791,436.3
67792,434.6
67793,434.2
67794,434.7
67795,435.4
67796,435.8
67797,438.1
67798,438.8
67799,430.4
67800,395.3
67801,407.5
67802,420.1
67803,398.7
67804,383.0
67805,382.6
67806,375.0
67807,373.0
67808,368.4
67809,352.4
67810,338.9
67811,336.3
67812,338.1
67813,340.0
67814,335.2
67815,332.3
67816,332.3
67817,331.2
67818,328.5
67819,329.1
67820,331.2
67821,343.5
67822,343.6
67823,340.1
67824,338.2
67825,337.7
67826,337.7
67827,337.4
67828,337.8
67829,337.4
67830,334.8
67831,335.5
67832,335.2
67833,333.6
