NETCARE2015/data/raw/Flight6/O3_POLAR6_201504111537_R0_L1_NETCARE.ict
37, 1001
Staebler, Ralf
Environment Canada
Thermo 49i ozone data
Polar 6 NETCARE
1, 1
2015, 4, 11, 2015, 9, 30
0
Start_UTC, seconds
6
1, 1, 1, 1, 1, 1
-9999, -9999, -999.9, -99.9, -99.9, -99.9
Stop_UTC, seconds
hr, decimal hours (UTC)
Press, cell pressure (Torr)
BenchT, instrument temperature (deg C)
LampT, ozone lamp temperature (deg C)
O3, ozone mixing ratio (ppbv)
1
Press, BenchT, LampT are included for diagnostics
16
PI_CONTACT_INFO: Address: 4905 Dufferin Street, Toronto, ON M3H 5T4; email: Ralf.Staebler@ec.gc.ca
PLATFORM: Polar 6 
LOCATION: Location data varies as seen in this file
INSTRUMENT_INFO: Thermo Scienfific ozone analyzer model 49i, S.N. 0606014771
UNCERTAINTY: 0.2 ppbv 
ULOD_FLAG: -7777
ULOD_VALUE: N/A
LLOD_FLAG: -8888
LLOD_VALUE: N/A
DM_CONTACT_INFO: Ralf Staebler; Environment Canada; Ralf.Staebler@ec.gc.ca
PROJECT_INFO: Polar 6 NETCARE Spring 2015 campaign
STIPULATIONS_ON_USE: If use of this data will lead to a publication, we ask that the PI be informed.
OTHER_COMMENTS: N/A
REVISION: R0
R0: First set of data.
Start_UTC,Stop_UTC,hr,Press,BenchT,LampT,O3
[from data line 392]
61360,61370,17.0472,397.3,37.4,53.4,51.6
61370,61380,17.0500,396.4,37.5,53.5,52.7
61380,61390,17.0528,395.2,37.5,53.6,52.2
61390,61400,17.0556,393.4,37.5,53.5,53.4
61400,61410,17.0583,392.8,37.5,53.5,50.1
61410,61420,17.0611,391.6,37.6,53.5,52.7
61420,61430,17.0639,390.4,37.6,53.6,52.1
61430,61440,17.0667,388.9,37.7,53.5,48.7
61440,61450,17.0694,387.1,37.7,53.5,48.3
61450,61460,17.0722,385.9,37.7,53.5,49.3
61460,61470,17.0750,384.7,37.7,53.5,51.3
61470,61480,17.0778,383.5,37.8,53.5,49.6
61480,61490,17.0806,382.0,37.8,53.5,49.2
61490,61500,17.0833,380.5,37.8,53.5,51.2
61500,61510,17.0861,379.3,37.8,53.5,50.3
61510,61520,17.0889,377.8,37.9,53.5,46.8
61520,61530,17.0917,376.3,37.9,53.5,44.6
61530,61540,17.0944,375.7,38.0,53.5,44.6
61540,61550,17.0972,374.5,38.0,53.5,44.7
61550,61560,17.1000,373.0,38.0,53.5,41.7
61560,61570,17.1028,371.2,38.0,53.5,42.9
61570,61580,17.1056,370.3,38.1,53.5,41
61580,61590,17.1083,368.8,38.1,53.5,41.8
61590,61600,17.1111,367.3,38.1,53.5,44.2
61600,61610,17.1139,366.1,38.1,53.5,45.2
61610,61620,17.1167,364.9,38.2,53.5,40.8
61620,61630,17.1194,363.7,38.2,53.5,42
61630,61640,17.1222,362.5,38.3,53.5,43.9
61640,61650,17.1250,361.6,38.3,53.5,46.6
61650,61660,17.1278,360.4,38.3,53.5,46.4
61660,61670,17.1306,360.1,38.3,53.5,48.6
61670,61680,17.1333,358.0,38.4,53.5,45.6
61680,61690,17.1361,356.8,38.4,53.5,48
61690,61700,17.1389,355.6,38.4,53.5,47.9
61700,61710,17.1417,354.1,38.5,53.5,48.2
61710,61720,17.1444,352.9,38.5,53.5,44.6
61720,61730,17.1472,351.1,38.5,53.5,41.5
61730,61740,17.1500,350.2,38.5,53.5,42.2
61740,61750,17.1528,349.1,38.6,53.5,44.7
61750,61760,17.1556,347.6,38.6,53.5,42
61760,61770,17.1583,346.4,38.6,53.6,43.8
61770,61780,17.1611,345.5,38.7,53.6,44.1
61780,61790,17.1639,344.0,38.7,53.5,43.7
61790,61800,17.1667,342.5,38.7,53.5,43.5
61800,61810,17.1694,341.3,38.8,53.5,43.3
61810,61820,17.1722,340.7,38.8,53.6,45.5
61820,61830,17.1750,339.5,38.8,53.5,46.9
61830,61840,17.1778,338.3,38.8,53.5,44.1
61840,61850,17.1806,337.4,38.9,53.5,44.1
61850,61860,17.1833,336.2,38.9,53.5,47.9
61860,61870,17.1861,335.9,38.9,53.5,44.1
61870,61880,17.1889,334.7,38.9,53.5,42.8
61880,61890,17.1917,334.1,39.0,53.6,43.7
61890,61900,17.1944,334.1,39.0,53.6,45.3
61900,61910,17.1972,334.4,39.0,53.6,44.8
61910,61920,17.2000,334.1,39.1,53.6,45
61920,61930,17.2028,333.5,39.1,53.5,45.1
61930,61940,17.2056,334.1,39.1,53.5,45.6
61940,61950,17.2083,334.4,39.1,53.5,45.6
61950,61960,17.2111,334.1,39.2,53.6,48.2
61960,61970,17.2139,334.1,39.2,53.6,49
61970,61980,17.2167,334.4,39.2,53.6,47.8
61980,61990,17.2194,334.4,39.2,53.6,47.4
61990,62000,17.2222,333.8,39.3,53.6,43.7
62000,62010,17.2250,333.8,39.3,53.6,44.7
62010,62020,17.2278,333.8,39.3,53.5,44.3
62020,62030,17.2306,334.4,39.4,53.6,43.4
62030,62040,17.2333,334.4,39.4,53.6,45.5
62040,62050,17.2361,334.1,39.4,53.6,43.8
62050,62060,17.2389,334.4,39.4,53.6,44
62060,62070,17.2417,334.4,39.5,53.6,46.9
62070,62080,17.2444,334.4,39.5,53.6,47.3
62080,62090,17.2472,334.1,39.5,53.6,49.1
62090,62100,17.2500,334.7,39.6,53.6,45.6
62100,62110,17.2528,335.3,39.6,53.6,46.5
62110,62120,17.2556,334.1,39.6,53.6,46.5
62120,62130,17.2583,334.1,39.6,53.6,47
62130,62140,17.2611,333.8,39.6,53.6,43.8
62140,62150,17.2639,334.4,39.7,53.6,45.7
62150,62160,17.2667,334.1,39.7,53.6,43
62160,62170,17.2694,334.1,39.7,53.6,45.2
62170,62180,17.2722,334.1,39.8,53.6,42.6
62180,62190,17.2750,334.1,39.8,53.6,43.1
62190,62200,17.2778,334.1,39.8,53.6,44.9
62200,62210,17.2806,334.4,39.8,53.6,44.8
62210,62220,17.2833,334.7,39.9,53.6,43.8
62220,62230,17.2861,334.7,39.9,53.6,47.3
62230,62240,17.2889,334.1,39.9,53.6,48.3
62240,62250,17.2917,334.1,39.9,53.6,45.3
62250,62260,17.2944,334.4,40.0,53.6,47.1
62260,62270,17.2972,334.1,40.0,53.6,47.4
62270,62280,17.3000,333.8,40.0,53.6,45.3
62280,62290,17.3028,334.4,40.0,53.6,42.1
62290,62300,17.3056,334.4,40.1,53.6,45.8
62300,62310,17.3083,334.7,40.1,53.6,44.8
62310,62320,17.3111,334.7,40.1,53.6,46
62320,62330,17.3139,334.4,40.1,53.6,43.9
62330,62340,17.3167,334.4,40.2,53.6,46.7
62340,62350,17.3194,334.4,40.2,53.6,47.6
62350,62360,17.3222,334.7,40.2,53.6,47.5
62360,62370,17.3250,334.1,40.2,53.6,50.5
62370,62380,17.3278,334.7,40.3,53.6,49.3
62380,62390,17.3306,335.0,40.3,53.6,48.8
62390,62400,17.3333,334.7,40.3,53.6,48.5
62400,62410,17.3361,334.1,40.3,53.6,48.7
62410,62420,17.3389,334.4,40.4,53.6,47.5
62420,62430,17.3417,334.7,40.4,53.6,44.9
62430,62440,17.3444,335.6,40.4,53.6,45.1
62440,62450,17.3472,336.5,40.4,53.6,43.7
62450,62460,17.3500,338.0,40.5,53.6,44
62460,62470,17.3528,339.5,40.5,53.6,45.6
62470,62480,17.3556,341.0,40.5,53.6,46
62480,62490,17.3583,341.9,40.6,53.5,48.1
62490,62500,17.3611,343.4,40.6,53.6,49.5
62500,62510,17.3639,345.2,40.6,53.6,49
62510,62520,17.3667,346.1,40.6,53.6,53.4
62520,62530,17.3694,347.6,40.6,53.6,55.2
62530,62540,17.3722,349.1,40.7,53.6,49.8
62540,62550,17.3750,350.2,40.7,53.6,49.1
62550,62560,17.3778,351.4,40.7,53.6,46
62560,62570,17.3806,352.9,40.8,53.6,45.3
62570,62580,17.3833,354.1,40.8,53.6,47.3
62580,62590,17.3861,355.3,40.8,53.6,48.8
62590,62600,17.3889,356.5,40.9,53.6,45.3
62600,62610,17.3917,357.7,40.9,53.6,45.1
62610,62620,17.3944,359.2,40.9,53.6,45.8
62620,62630,17.3972,361.0,40.9,53.6,42.4
62630,62640,17.4000,361.6,40.9,53.6,45
62640,62650,17.4028,363.1,41.0,53.6,45.7
62650,62660,17.4056,364.6,41.0,53.6,44.7
62660,62670,17.4083,366.1,41.0,53.6,45.4
62670,62680,17.4111,367.0,41.1,53.6,44.8
62680,62690,17.4139,368.5,41.1,53.6,45.5
62690,62700,17.4167,370.0,41.1,53.6,43.9
62700,62710,17.4194,371.2,41.1,53.6,45.4
62710,62720,17.4222,372.4,41.2,53.6,45.1
62720,62730,17.4250,373.3,41.2,53.6,43.2
62730,62740,17.4278,375.1,41.2,53.6,41.1
62740,62750,17.4306,376.6,41.2,53.6,41.7
62750,62760,17.4333,377.8,41.2,53.6,42.4
62760,62770,17.4361,379.3,41.2,53.6,42
62770,62780,17.4389,380.8,41.3,53.6,40.8
62780,62790,17.4417,382.3,41.3,53.6,43.8
62790,62800,17.4444,383.5,41.3,53.6,43.7
62800,62810,17.4472,384.7,41.4,53.6,43.1
62810,62820,17.4500,386.5,41.4,53.6,48.2
62820,62830,17.4528,388.0,41.4,53.6,51
62830,62840,17.4556,389.2,41.4,53.6,49.5
62840,62850,17.4583,390.4,41.4,53.6,50.4
62850,62860,17.4611,391.9,41.5,53.6,50.2
62860,62870,17.4639,393.1,41.5,53.6,50.4
62870,62880,17.4667,394.3,41.5,53.6,53.3
62880,62890,17.4694,396.1,41.5,53.6,50.5
62890,62900,17.4722,397.9,41.5,53.6,50.9
62900,62910,17.4750,398.2,41.6,53.6,55.4
62910,62920,17.4778,397.6,41.6,53.6,54.2
62920,62930,17.4806,397.9,41.6,53.6,54.3
62930,62940,17.4833,397.9,41.6,53.6,54
62940,62950,17.4861,398.2,41.7,53.6,53.8
62950,62960,17.4889,398.2,41.7,53.6,52.3
62960,62970,17.4917,398.2,41.7,53.6,53
62970,62980,17.4944,397.9,41.7,53.6,54
62980,62990,17.4972,396.7,41.7,53.6,52.2
62990,63000,17.5000,395.5,41.7,53.6,48.2
63000,63010,17.5028,394.6,41.8,53.6,49.8
63010,63020,17.5056,395.5,41.8,53.6,51.7
63020,63030,17.5083,396.4,41.8,53.6,51.3
63030,63040,17.5111,397.6,41.8,53.6,50.2
63040,63050,17.5139,398.8,41.9,53.6,53
63050,63060,17.5167,400.6,41.9,53.6,52.6
63060,63070,17.5194,402.1,41.9,53.6,53.4
63070,63080,17.5222,403.0,41.9,53.6,52.8
63080,63090,17.5250,404.8,41.9,53.6,54.5
63090,63100,17.5278,406.6,42.0,53.6,55.6
63100,63110,17.5306,408.1,42.0,53.6,55.4
63110,63120,17.5333,409.3,42.0,53.6,55.9
63120,63130,17.5361,411.1,42.0,53.6,53.1
63130,63140,17.5389,412.9,42.0,53.6,53
63140,63150,17.5417,414.4,42.0,53.6,51.7
63150,63160,17.5444,415.0,42.1,53.6,52.3
63160,63170,17.5472,415.3,42.1,53.6,54
63170,63180,17.5500,415.6,42.1,53.6,53
63180,63190,17.5528,415.6,42.1,53.6,54.6
63190,63200,17.5556,415.3,42.1,53.6,53.8
63200,63210,17.5583,415.0,42.1,53.6,55.5
63210,63220,17.5611,415.3,42.2,53.6,54.1
63220,63230,17.5639,415.0,42.2,53.6,55.6
63230,63240,17.5667,415.3,42.2,53.6,55.4
63240,63250,17.5694,415.3,42.2,53.6,54.8
63250,63260,17.5722,415.6,42.2,53.6,51.6
63260,63270,17.5750,415.6,42.3,53.6,53.4
63270,63280,17.5778,415.3,42.3,53.6,52.7
63280,63290,17.5806,415.3,42.3,53.6,52.8
63290,63300,17.5833,415.6,42.3,53.6,54.1
63300,63310,17.5861,415.3,42.3,53.6,54.2
63310,63320,17.5889,414.4,42.3,53.6,54.7
63320,63330,17.5917,414.7,42.3,53.6,52.5
63330,63340,17.5944,414.7,42.3,53.6,54.9
63340,63350,17.5972,414.7,42.4,53.6,56.4
63350,63360,17.6000,414.4,42.4,53.6,55.3
63360,63370,17.6028,414.4,42.4,53.6,57.7
63370,63380,17.6056,414.1,42.4,53.6,56.2
63380,63390,17.6083,414.1,42.4,53.6,57.5
63390,63400,17.6111,414.1,42.4,53.6,53.3
63400,63410,17.6139,415.0,42.5,53.6,54.2
63410,63420,17.6167,417.1,42.5,53.6,53.1
63420,63430,17.6194,419.2,42.5,53.6,55.1
63430,63440,17.6222,420.7,42.5,53.6,55
63440,63450,17.6250,422.5,42.5,53.5,54
63450,63460,17.6278,424.6,42.5,53.6,54.8
63460,63470,17.6306,426.4,42.5,53.6,55.3
63470,63480,17.6333,427.8,42.5,53.6,54.3
63480,63490,17.6361,429.6,42.6,53.6,54.4
63490,63500,17.6389,431.7,42.6,53.6,56.3
63500,63510,17.6417,433.2,42.6,53.6,54.7
63510,63520,17.6444,434.7,42.6,53.6,54.1
63520,63530,17.6472,436.2,42.6,53.6,54.9
63530,63540,17.6500,438.6,42.6,53.6,53
63540,63550,17.6528,440.1,42.6,53.6,53.5
63550,63560,17.6556,441.3,42.6,53.6,52.9
63560,63570,17.6583,442.8,42.6,53.6,50.4
63570,63580,17.6611,444.6,42.7,53.6,50.9
63580,63590,17.6639,446.1,42.7,53.6,48.6
63590,63600,17.6667,447.6,42.7,53.6,48.6
63600,63610,17.6694,449.1,42.7,53.6,48.8
63610,63620,17.6722,451.2,42.7,53.6,49
63620,63630,17.6750,452.7,42.7,53.6,48.7
63630,63640,17.6778,454.2,42.7,53.6,48.6
63640,63650,17.6806,455.7,42.8,53.6,47.8
63650,63660,17.6833,457.8,42.8,53.6,46.9
63660,63670,17.6861,459.3,42.8,53.6,47.5
63670,63680,17.6889,460.5,42.8,53.6,46.6
63680,63690,17.6917,462.0,42.8,53.6,42.1
63690,63700,17.6944,464.1,42.8,53.6,45.3
63700,63710,17.6972,465.9,42.8,53.6,45.7
63710,63720,17.7000,467.7,42.8,53.6,44.9
63720,63730,17.7028,468.9,42.8,53.6,45.5
63730,63740,17.7056,470.7,42.8,53.6,45.6
63740,63750,17.7083,472.2,42.8,53.6,45.2
63750,63760,17.7111,473.7,42.8,53.6,46.2
63760,63770,17.7139,474.9,42.8,53.6,46.8
63770,63780,17.7167,477.3,42.9,53.6,47.2
63780,63790,17.7194,479.1,42.9,53.6,47.5
63790,63800,17.7222,480.3,42.9,53.6,47.3
63800,63810,17.7250,482.1,42.9,53.6,45.4
63810,63820,17.7278,483.9,42.9,53.6,45.8
63820,63830,17.7306,485.4,42.9,53.6,45.2
63830,63840,17.7333,486.9,42.9,53.6,45
63840,63850,17.7361,488.1,42.9,53.6,45.5
63850,63860,17.7389,490.2,42.9,53.6,45.3
63860,63870,17.7417,491.7,42.9,53.6,44.9
63870,63880,17.7444,492.9,42.9,53.6,44.1
63880,63890,17.7472,494.7,42.9,53.6,43.4
63890,63900,17.7500,496.8,42.9,53.6,46.2
63900,63910,17.7528,498.3,43.0,53.6,45.2
63910,63920,17.7556,499.8,43.0,53.6,43.2
63920,63930,17.7583,501.9,43.0,53.6,42.4
63930,63940,17.7611,503.7,43.0,53.6,42.3
63940,63950,17.7639,505.7,43.0,53.6,40.4
63950,63960,17.7667,506.9,43.0,53.6,39.3
63960,63970,17.7694,507.8,43.0,53.6,39
63970,63980,17.7722,508.7,43.0,53.6,40.5
63980,63990,17.7750,508.4,43.0,53.6,41.6
63990,64000,17.7778,508.4,43.0,53.6,40.6
64000,64010,17.7806,508.7,43.0,53.6,41.8
64010,64020,17.7833,509.3,43.0,53.6,42.1
64020,64030,17.7861,509.0,43.0,53.6,40.6
64030,64040,17.7889,508.4,43.0,53.6,41.9
64040,64050,17.7917,508.4,43.0,53.6,40.8
64050,64060,17.7944,509.3,43.0,53.6,41.5
64060,64070,17.7972,509.0,43.0,53.6,41.5
64070,64080,17.8000,508.4,43.1,53.6,42.2
64080,64090,17.8028,508.4,43.0,53.6,40.1
64090,64100,17.8056,508.4,43.0,53.6,40.8
64100,64110,17.8083,508.4,43.1,53.6,41.3
64110,64120,17.8111,508.1,43.1,53.6,40.6
64120,64130,17.8139,507.8,43.0,53.6,39.9
64130,64140,17.8167,507.8,43.1,53.6,39.9
64140,64150,17.8194,507.8,43.1,53.6,41.9
64150,64160,17.8222,506.9,43.1,53.6,42.1
64160,64170,17.8250,506.6,43.1,53.6,40.8
64170,64180,17.8278,506.9,43.1,53.6,42.6
64180,64190,17.8306,507.2,43.1,53.6,43.5
64190,64200,17.8333,506.9,43.1,53.6,43
64200,64210,17.8361,507.2,43.1,53.6,43.7
64210,64220,17.8389,507.8,43.1,53.6,43.5
64220,64230,17.8417,507.5,43.1,53.6,42.7
64230,64240,17.8444,506.9,43.1,53.6,43.2
64240,64250,17.8472,506.9,43.1,53.6,42.9
64250,64260,17.8500,507.2,43.1,53.6,41.5
64260,64270,17.8528,507.2,43.1,53.6,42.3
64270,64280,17.8556,506.9,43.1,53.6,41.8
64280,64290,17.8583,506.9,43.1,53.6,41.7
64290,64300,17.8611,507.2,43.1,53.6,43.9
64300,64310,17.8639,507.2,43.1,53.6,43.6
64310,64320,17.8667,506.3,43.1,53.6,43.2
64320,64330,17.8694,506.6,43.1,53.6,43.2
64330,64340,17.8722,506.9,43.1,53.6,42.1
64340,64350,17.8750,507.2,43.1,53.6,44.1
64350,64360,17.8778,506.9,43.1,53.6,44.7
64360,64370,17.8806,506.6,43.1,53.6,43.8
64370,64380,17.8833,506.9,43.1,53.6,43.2
64380,64390,17.8861,507.2,43.1,53.5,43.5
64390,64400,17.8889,506.9,43.1,53.6,41.8
64400,64410,17.8917,506.6,43.1,53.6,42.9
64410,64420,17.8944,506.9,43.1,53.6,42.9
64420,64430,17.8972,506.9,43.1,53.6,42.7
64430,64440,17.9000,506.6,43.1,53.6,43.8
64440,64450,17.9028,506.6,43.0,53.6,43.2
64450,64460,17.9056,507.2,43.1,53.6,43.3
64460,64470,17.9083,507.5,43.1,53.6,44.6
64470,64480,17.9111,506.9,43.1,53.6,44.1
64480,64490,17.9139,506.6,43.1,53.6,43.9
64490,64500,17.9167,506.9,43.0,53.6,43.8
64500,64510,17.9194,507.2,43.0,53.6,43.3
64510,64520,17.9222,507.2,43.0,53.6,43.2
64520,64530,17.9250,506.9,43.0,53.6,43.5
64530,64540,17.9278,507.2,43.0,53.6,41.9
64540,64550,17.9306,506.9,43.0,53.6,40.6
64550,64560,17.9333,506.6,43.0,53.6,41.8
64560,64570,17.9361,506.3,43.0,53.6,42.1
64570,64580,17.9389,506.6,43.0,53.6,43
64580,64590,17.9417,506.6,43.0,53.6,41.8
64590,64600,17.9444,506.3,43.0,53.6,42.6
64600,64610,17.9472,506.0,43.0,53.6,43.3
64610,64620,17.9500,506.6,43.0,53.6,43.4
64620,64630,17.9528,506.6,43.0,53.6,43.2
64630,64640,17.9556,506.3,43.0,53.6,41.5
64640,64650,17.9583,506.3,43.0,53.6,41.3
64650,64660,17.9611,506.6,43.0,53.6,40.7
64660,64670,17.9639,506.9,43.0,53.6,41.9
64670,64680,17.9667,506.9,43.0,53.6,40.9
64680,64690,17.9694,506.9,43.0,53.6,41.3
64690,64700,17.9722,507.2,43.0,53.6,42.7
64700,64710,17.9750,507.5,42.9,53.6,41.5
64710,64720,17.9778,506.9,43.0,53.6,41.2
64720,64730,17.9806,506.6,43.0,53.6,44
64730,64740,17.9833,507.2,43.0,53.5,43
64740,64750,17.9861,507.2,42.9,53.6,42.1
64750,64760,17.9889,506.9,42.9,53.6,43
64760,64770,17.9917,506.9,42.9,53.5,41.5
64770,64780,17.9944,507.2,42.9,53.6,42.6
64780,64790,17.9972,507.2,42.9,53.6,42.4
64790,64800,18.0000,506.9,42.9,53.6,40.6
64800,64810,18.0028,506.9,42.9,53.6,42.4
64810,64820,18.0056,507.8,42.9,53.6,40.9
64820,64830,18.0083,507.8,42.9,53.5,42.9
64830,64840,18.0111,507.8,42.9,53.6,41.2
64840,64850,18.0139,507.5,42.9,53.6,42.3
64850,64860,18.0167,508.1,42.9,53.6,42.6
64860,64870,18.0194,508.4,42.9,53.6,41.7
64870,64880,18.0222,508.1,42.9,53.6,42.6
64880,64890,18.0250,507.8,42.9,53.6,43.1
64890,64900,18.0278,507.8,42.9,53.6,42.9
64900,64910,18.0306,507.5,42.9,53.5,43.3
64910,64920,18.0333,506.9,42.9,53.6,44.5
64920,64930,18.0361,506.9,42.9,53.6,41.9
64930,64940,18.0389,507.5,42.8,53.5,42.4
64940,64950,18.0417,507.8,42.8,53.6,42
64950,64960,18.0444,507.2,42.8,53.5,41.5
64960,64970,18.0472,506.9,42.8,53.6,44.7
64970,64980,18.0500,507.8,42.8,53.6,44.2
64980,64990,18.0528,508.4,42.8,53.5,42.3
64990,65000,18.0556,508.1,42.8,53.6,42.2
65000,65010,18.0583,507.5,42.8,53.6,44.4
65010,65020,18.0611,508.1,42.8,53.6,43.2
65020,65030,18.0639,507.5,42.8,53.6,43.5
65030,65040,18.0667,506.9,42.8,53.6,44.8
65040,65050,18.0694,506.6,42.8,53.6,43.6
65050,65060,18.0722,507.2,42.8,53.6,43.3
65060,65070,18.0750,507.5,42.8,53.6,42.4
65070,65080,18.0778,507.2,42.8,53.5,42.3
65080,65090,18.0806,507.2,42.8,53.5,42.2
65090,65100,18.0833,507.5,42.8,53.6,43
65100,65110,18.0861,507.8,42.8,53.6,42.4
65110,65120,18.0889,507.5,42.8,53.6,42.6
65120,65130,18.0917,507.5,42.8,53.6,42.1
65130,65140,18.0944,507.8,42.7,53.6,42.9
65140,65150,18.0972,507.5,42.7,53.6,42.4
65150,65160,18.1000,507.2,42.7,53.5,43.2
65160,65170,18.1028,507.5,42.7,53.6,43.5
65170,65180,18.1056,507.8,42.7,53.5,42.3
65180,65190,18.1083,507.5,42.7,53.5,44.7
65190,65200,18.1111,507.5,42.7,53.6,44.1
65200,65210,18.1139,506.9,42.7,53.5,43.5
65210,65220,18.1167,507.5,42.7,53.5,42.9
65220,65230,18.1194,507.8,42.7,53.6,42.3
65230,65240,18.1222,507.5,42.7,53.6,42
65240,65250,18.1250,506.9,42.7,53.6,42.7
65250,65260,18.1278,507.2,42.7,53.6,41.6
65260,65270,18.1306,507.2,42.7,53.6,42.1
65270,65280,18.1333,506.9,42.7,53.6,43.5
