NETCARE2015/data/raw/Flight6/O3_POLAR6_201504111537_R0_L1_NETCARE.ict
37, 1001
Staebler, Ralf
Environment Canada
Thermo 49i ozone data
Polar 6 NETCARE
1, 1
2015, 4, 11, 2015, 9, 30
0
Start_UTC, seconds
6
1, 1, 1, 1, 1, 1
-9999, -9999, -999.9, -99.9, -99.9, -99.9
Stop_UTC, seconds
hr, decimal hours (UTC)
Press, cell pressure (Torr)
BenchT, instrument temperature (deg C)
LampT, ozone lamp temperature (deg C)
O3, ozone mixing ratio (ppbv)
1
Press, BenchT, LampT are included for diagnostics
16
PI_CONTACT_INFO: Address: 4905 Dufferin Street, Toronto, ON M3H 5T4; email: Ralf.Staebler@ec.gc.ca
PLATFORM: Polar 6 
LOCATION: Location data varies as seen in this file
INSTRUMENT_INFO: Thermo Scienfific ozone analyzer model 49i, S.N. 0606014771
UNCERTAINTY: 0.2 ppbv 
ULOD_FLAG: -7777
ULOD_VALUE: N/A
LLOD_FLAG: -8888
LLOD_VALUE: N/A
DM_CONTACT_INFO: Ralf Staebler; Environment Canada; Ralf.Staebler@ec.gc.ca
PROJECT_INFO: Polar 6 NETCARE Spring 2015 campaign
STIPULATIONS_ON_USE: If use of this data will lead to a publication, we ask that the PI be informed.
OTHER_COMMENTS: N/A
REVISION: R0
R0: First set of data.
Start_UTC,Stop_UTC,hr,Press,BenchT,LampT,O3
[from data line 1173]
69170,69180,19.2167,624.4,38.8,53.4,45.4
69180,69190,19.2194,622.9,38.8,53.5,45.4
69190,69200,19.2222,620.2,38.8,53.4,46.2
69200,69210,19.2250,617.8,38.8,53.5,45.3
69210,69220,19.2278,616.3,38.8,53.4,44.5
69220,69230,19.2306,613.9,38.8,53.4,45.1
69230,69240,19.2333,611.8,38.8,53.4,43.3
69240,69250,19.2361,609.4,38.8,53.4,44.7
69250,69260,19.2389,607.9,38.8,53.5,44.2
69260,69270,19.2417,606.1,38.8,53.5,43
69270,69280,19.2444,604.0,38.8,53.5,44.4
69280,69290,19.2472,601.9,38.8,53.5,42.2
69290,69300,19.2500,600.4,38.7,53.4,44.5
69300,69310,19.2528,598.3,38.7,53.4,45.6
69310,69320,19.2556,595.9,38.7,53.5,45.8
69320,69330,19.2583,594.1,38.7,53.4,44.6
69330,69340,19.2611,592.9,38.7,53.4,44.5
69340,69350,19.2639,591.1,38.7,53.5,44.9
69350,69360,19.2667,588.7,38.7,53.5,44.5
69360,69370,19.2694,586.3,38.7,53.5,44.6
69370,69380,19.2722,584.8,38.7,53.5,43.9
69380,69390,19.2750,582.7,38.7,53.5,45.1
69390,69400,19.2778,581.0,38.7,53.5,44
69400,69410,19.2806,579.2,38.7,53.5,44.6
69410,69420,19.2833,578.3,38.6,53.5,46
69420,69430,19.2861,576.5,38.7,53.5,46.2
69430,69440,19.2889,574.7,38.6,53.5,45.1
69440,69450,19.2917,572.6,38.6,53.5,44.2
69450,69460,19.2944,571.4,38.6,53.5,43.8
69460,69470,19.2972,570.5,38.6,53.5,44.2
69470,69480,19.3000,568.7,38.6,53.5,44
69480,69490,19.3028,566.9,38.6,53.5,44.6
69490,69500,19.3056,565.4,38.6,53.5,44.4
69500,69510,19.3083,563.6,38.6,53.5,43.7
69510,69520,19.3111,561.5,38.6,53.5,46.4
69520,69530,19.3139,560.0,38.6,53.5,47.8
69530,69540,19.3167,558.5,38.6,53.5,44.1
69540,69550,19.3194,557.3,38.6,53.5,45.2
69550,69560,19.3222,554.9,38.6,53.5,45.1
69560,69570,19.3250,553.1,38.6,53.5,43.1
69570,69580,19.3278,551.6,38.6,53.5,43.1
69580,69590,19.3306,550.1,38.6,53.5,44.3
69590,69600,19.3333,547.7,38.6,53.5,47.6
69600,69610,19.3361,545.9,38.6,53.5,48.5
69610,69620,19.3389,544.7,38.6,53.5,48.6
69620,69630,19.3417,542.9,38.6,53.5,48.1
69630,69640,19.3444,540.8,38.6,53.5,49
69640,69650,19.3472,539.0,38.6,53.5,46.9
69650,69660,19.3500,538.1,38.6,53.5,46.4
69660,69670,19.3528,536.3,38.6,53.5,47.1
69670,69680,19.3556,533.6,38.6,53.5,45.9
69680,69690,19.3583,531.5,38.6,53.5,46.8
69690,69700,19.3611,530.9,38.6,53.5,49.2
69700,69710,19.3639,529.7,38.6,53.5,49.6
69710,69720,19.3667,527.3,38.6,53.5,50.8
69720,69730,19.3694,525.5,38.6,53.5,50.4
69730,69740,19.3722,523.7,38.6,53.5,48.5
69740,69750,19.3750,521.9,38.6,53.5,47.8
69750,69760,19.3778,519.8,38.6,53.5,47.9
69760,69770,19.3806,518.0,38.6,53.5,49.7
69770,69780,19.3833,516.8,38.6,53.5,46.1
69780,69790,19.3861,515.0,38.6,53.5,47.4
69790,69800,19.3889,512.9,38.6,53.5,47.4
69800,69810,19.3917,511.4,38.6,53.5,46.9
69810,69820,19.3944,509.9,38.6,53.5,46.9
69820,69830,19.3972,508.7,38.6,53.5,47.4
69830,69840,19.4000,508.4,38.6,53.5,46.6
69840,69850,19.4028,508.4,38.6,53.5,48.2
69850,69860,19.4056,507.8,38.6,53.5,49.1
69860,69870,19.4083,507.8,38.6,53.5,48.6
69870,69880,19.4111,507.8,38.6,53.5,48.7
69880,69890,19.4139,507.5,38.6,53.5,47.8
69890,69900,19.4167,508.1,38.6,53.5,49.2
69900,69910,19.4194,508.7,38.6,53.5,49
69910,69920,19.4222,508.1,38.6,53.5,47.9
69920,69930,19.4250,508.1,38.6,53.5,47
69930,69940,19.4278,508.1,38.6,53.5,49.4
69940,69950,19.4306,509.0,38.7,53.5,46.9
69950,69960,19.4333,508.4,38.7,53.5,47.3
69960,69970,19.4361,508.1,38.7,53.5,48.6
69970,69980,19.4389,508.4,38.7,53.5,47.5
69980,69990,19.4417,508.4,38.7,53.5,46.7
69990,70000,19.4444,508.1,38.7,53.5,47
70000,70010,19.4472,507.8,38.7,53.5,48.1
70010,70020,19.4500,508.7,38.7,53.5,47.9
70020,70030,19.4528,508.7,38.7,53.5,48.8
70030,70040,19.4556,507.8,38.7,53.5,48.2
70040,70050,19.4583,507.8,38.7,53.5,49
70050,70060,19.4611,507.5,38.7,53.5,48.6
70060,70070,19.4639,507.2,38.7,53.5,48.3
70070,70080,19.4667,507.2,38.7,53.5,47.4
70080,70090,19.4694,506.9,38.8,53.5,48.6
70090,70100,19.4722,507.2,38.8,53.5,47.5
70100,70110,19.4750,507.2,38.8,53.5,47.5
70110,70120,19.4778,506.9,38.8,53.5,48.3
70120,70130,19.4806,507.2,38.8,53.5,48.2
70130,70140,19.4833,507.5,38.8,53.5,47.8
70140,70150,19.4861,507.5,38.8,53.5,49.8
70150,70160,19.4889,507.5,38.8,53.5,49.2
70160,70170,19.4917,507.5,38.8,53.5,49.5
70170,70180,19.4944,508.1,38.8,53.5,49.5
70180,70190,19.4972,507.8,38.8,53.5,49.4
70190,70200,19.5000,507.5,38.8,53.5,47.7
70200,70210,19.5028,507.2,38.8,53.5,47.5
70210,70220,19.5056,507.5,38.8,53.5,47.7
70220,70230,19.5083,507.5,38.8,53.5,48.9
70230,70240,19.5111,505.7,38.8,53.5,46.1
70240,70250,19.5139,504.0,38.8,53.5,46
70250,70260,19.5167,502.8,38.9,53.5,50
70260,70270,19.5194,501.3,38.8,53.5,48.3
70270,70280,19.5222,499.2,38.8,53.5,47.8
70280,70290,19.5250,497.4,38.9,53.5,47.7
70290,70300,19.5278,496.2,38.9,53.5,47.4
70300,70310,19.5306,494.7,38.9,53.5,49.3
70310,70320,19.5333,492.9,38.9,53.5,49.1
70320,70330,19.5361,491.4,38.9,53.5,51.1
70330,70340,19.5389,490.2,38.9,53.5,51.9
70340,70350,19.5417,488.7,38.9,53.5,50.8
70350,70360,19.5444,486.9,38.9,53.5,50.1
70360,70370,19.5472,485.4,38.9,53.5,48.6
70370,70380,19.5500,484.2,38.9,53.5,48.6
70380,70390,19.5528,482.4,38.9,53.5,49.1
70390,70400,19.5556,480.6,38.9,53.5,49.1
70400,70410,19.5583,478.8,38.9,53.5,49
70410,70420,19.5611,477.3,38.9,53.5,49.1
70420,70430,19.5639,475.8,38.9,53.5,50.3
70430,70440,19.5667,474.3,38.9,53.5,50.8
70440,70450,19.5694,473.1,38.9,53.5,51.1
70450,70460,19.5722,471.9,39.0,53.5,50.9
70460,70470,19.5750,470.4,38.9,53.5,51.6
70470,70480,19.5778,468.3,39.0,53.5,52.3
70480,70490,19.5806,466.5,39.0,53.5,50.3
70490,70500,19.5833,465.3,39.0,53.5,49.6
70500,70510,19.5861,463.5,39.0,53.5,49.5
70510,70520,19.5889,461.7,39.0,53.5,50.4
70520,70530,19.5917,460.2,39.0,53.5,49.9
70530,70540,19.5944,458.7,39.0,53.5,49.8
70540,70550,19.5972,457.5,39.0,53.5,49.2
70550,70560,19.6000,456.0,39.0,53.5,47
70560,70570,19.6028,454.2,39.1,53.5,47.4
70570,70580,19.6056,453.0,39.1,53.5,46.7
70580,70590,19.6083,451.8,39.1,53.5,47.9
70590,70600,19.6111,450.0,39.1,53.5,49.2
70600,70610,19.6139,448.2,39.1,53.5,49.7
70610,70620,19.6167,447.9,39.1,53.5,49.3
70620,70630,19.6194,446.4,39.1,53.5,49.7
70630,70640,19.6222,444.6,39.1,53.5,47.8
70640,70650,19.6250,443.4,39.1,53.5,46.7
70650,70660,19.6278,442.2,39.1,53.5,47.5
70660,70670,19.6306,440.7,39.1,53.5,49.1
70670,70680,19.6333,438.6,39.1,53.5,47.7
70680,70690,19.6361,437.1,39.2,53.5,50.7
70690,70700,19.6389,435.9,39.2,53.6,48.9
70700,70710,19.6417,435.0,39.2,53.5,49.1
70710,70720,19.6444,433.2,39.2,53.6,49.8
70720,70730,19.6472,431.4,39.2,53.5,48.2
70730,70740,19.6500,430.2,39.2,53.5,47.9
70740,70750,19.6528,429.0,39.2,53.6,49.7
70750,70760,19.6556,427.5,39.2,53.5,50.5
70760,70770,19.6583,426.4,39.2,53.6,49.2
70770,70780,19.6611,424.9,39.2,53.6,47.8
70780,70790,19.6639,423.4,39.2,53.5,48.4
70790,70800,19.6667,421.9,39.3,53.6,48
70800,70810,19.6694,420.7,39.3,53.5,49.2
70810,70820,19.6722,419.5,39.3,53.5,49.1
70820,70830,19.6750,418.0,39.3,53.5,49.2
70830,70840,19.6778,416.2,39.3,53.5,48.3
70840,70850,19.6806,414.7,39.3,53.5,47.8
70850,70860,19.6833,413.5,39.3,53.5,48.1
70860,70870,19.6861,412.0,39.4,53.5,48.8
70870,70880,19.6889,410.2,39.4,53.5,47.9
70880,70890,19.6917,408.7,39.4,53.5,47.5
70890,70900,19.6944,408.1,39.4,53.5,43.7
70900,70910,19.6972,406.6,39.4,53.5,46.7
70910,70920,19.7000,405.4,39.4,53.5,47.5
70920,70930,19.7028,404.5,39.4,53.5,47.5
70930,70940,19.7056,403.9,39.4,53.5,47.4
70940,70950,19.7083,402.1,39.4,53.5,43.9
70950,70960,19.7111,401.2,39.4,53.5,44.8
70960,70970,19.7139,400.0,39.5,53.5,44.5
70970,70980,19.7167,398.5,39.5,53.5,48
70980,70990,19.7194,397.3,39.5,53.5,47.1
70990,71000,19.7222,395.8,39.5,53.5,45.4
71000,71010,19.7250,394.3,39.5,53.5,45.5
71010,71020,19.7278,393.7,39.5,53.5,45.4
71020,71030,19.7306,392.2,39.6,53.5,43.6
71030,71040,19.7333,390.4,39.6,53.5,44.3
71040,71050,19.7361,389.2,39.6,53.6,44.7
71050,71060,19.7389,388.3,39.6,53.5,43
71060,71070,19.7417,386.8,39.6,53.5,43.8
71070,71080,19.7444,385.9,39.6,53.5,44.8
71080,71090,19.7472,384.4,39.6,53.5,43.3
71090,71100,19.7500,383.8,39.6,53.5,42.8
71100,71110,19.7528,382.9,39.6,53.5,44
71110,71120,19.7556,381.7,39.6,53.5,45.2
71120,71130,19.7583,379.6,39.7,53.5,46.2
71130,71140,19.7611,378.7,39.7,53.5,47.6
71140,71150,19.7639,377.2,39.7,53.5,48
71150,71160,19.7667,375.4,39.7,53.5,48.3
71160,71170,19.7694,374.2,39.7,53.5,48.7
71170,71180,19.7722,373.3,39.7,53.5,47.6
71180,71190,19.7750,372.4,39.7,53.5,48.9
71190,71200,19.7778,371.2,39.7,53.5,45.7
71200,71210,19.7806,370.0,39.7,53.5,45
71210,71220,19.7833,369.4,39.8,53.6,45.3
71220,71230,19.7861,367.6,39.8,53.5,48.1
71230,71240,19.7889,366.1,39.8,53.5,46.8
71240,71250,19.7917,364.6,39.8,53.5,44.9
71250,71260,19.7944,363.4,39.8,53.5,44.9
71260,71270,19.7972,361.9,39.8,53.5,47.5
71270,71280,19.8000,360.7,39.8,53.5,45.5
71280,71290,19.8028,359.2,39.9,53.5,47.7
71290,71300,19.8056,358.6,39.9,53.5,48
71300,71310,19.8083,357.1,39.9,53.5,48.2
71310,71320,19.8111,355.6,39.9,53.6,48.6
71320,71330,19.8139,353.8,39.9,53.5,46.3
71330,71340,19.8167,352.9,39.9,53.5,45.8
71340,71350,19.8194,351.7,39.9,53.6,45.6
71350,71360,19.8222,349.9,40.0,53.5,47.2
71360,71370,19.8250,349.1,39.9,53.5,46.2
71370,71380,19.8278,347.9,40.0,53.5,46.5
71380,71390,19.8306,347.0,40.0,53.5,45.7
71390,71400,19.8333,345.5,40.0,53.6,48.3
71400,71410,19.8361,344.6,40.0,53.6,46.6
71410,71420,19.8389,343.7,40.0,53.5,49.2
71420,71430,19.8417,342.5,40.0,53.6,48.5
71430,71440,19.8444,341.0,40.1,53.5,51.1
71440,71450,19.8472,340.1,40.1,53.5,50.8
71450,71460,19.8500,338.9,40.1,53.5,49
71460,71470,19.8528,337.7,40.1,53.6,47.8
71470,71480,19.8556,336.2,40.1,53.6,48.3
71480,71490,19.8583,335.0,40.1,53.6,48.5
71490,71500,19.8611,334.7,40.1,53.6,49.6
71500,71510,19.8639,335.6,40.2,53.6,49.3
71510,71520,19.8667,334.7,40.2,53.6,47.3
71520,71530,19.8694,334.4,40.2,53.6,49.5
71530,71540,19.8722,334.4,40.2,53.6,46.3
71540,71550,19.8750,334.7,40.2,53.6,48.4
71550,71560,19.8778,334.4,40.2,53.5,48.2
71560,71570,19.8806,334.1,40.3,53.6,49.6
71570,71580,19.8833,334.1,40.3,53.6,50.1
71580,71590,19.8861,334.4,40.3,53.6,50.5
71590,71600,19.8889,334.4,40.3,53.6,51.7
71600,71610,19.8917,334.1,40.3,53.6,48.3
71610,71620,19.8944,334.7,40.3,53.6,47
71620,71630,19.8972,334.4,40.3,53.6,46.9
71630,71640,19.9000,334.7,40.3,53.6,45.3
71640,71650,19.9028,334.1,40.4,53.6,47.3
71650,71660,19.9056,333.8,40.4,53.6,48.5
71660,71670,19.9083,333.8,40.4,53.6,48.6
71670,71680,19.9111,333.5,40.4,53.6,48.3
71680,71690,19.9139,333.8,40.4,53.6,48.3
71690,71700,19.9167,334.1,40.5,53.6,49.3
71700,71710,19.9194,333.8,40.5,53.6,50.1
71710,71720,19.9222,333.8,40.5,53.6,47.9
71720,71730,19.9250,333.5,40.5,53.6,47.5
71730,71740,19.9278,333.5,40.5,53.6,47.2
71740,71750,19.9306,334.1,40.5,53.6,47.9
71750,71760,19.9333,335.0,40.6,53.6,45.9
71760,71770,19.9361,335.9,40.6,53.6,47.2
71770,71780,19.9389,337.4,40.6,53.6,45.3
71780,71790,19.9417,338.6,40.6,53.6,46.5
71790,71800,19.9444,339.8,40.6,53.6,48.4
71800,71810,19.9472,341.0,40.6,53.6,46.9
71810,71820,19.9500,342.2,40.7,53.6,47.3
71820,71830,19.9528,343.7,40.7,53.6,46.7
71830,71840,19.9556,345.2,40.7,53.6,47.6
71840,71850,19.9583,346.4,40.7,53.6,48.3
71850,71860,19.9611,348.2,40.7,53.6,49.4
71860,71870,19.9639,349.6,40.8,53.6,47.5
71870,71880,19.9667,350.5,40.8,53.6,47.8
71880,71890,19.9694,352.0,40.8,53.6,46.7
71890,71900,19.9722,352.9,40.8,53.6,45
71900,71910,19.9750,354.7,40.8,53.6,46.4
71910,71920,19.9778,355.6,40.9,53.6,45.8
71920,71930,19.9806,356.8,40.9,53.6,45.5
71930,71940,19.9833,358.3,40.9,53.6,42.1
71940,71950,19.9861,360.1,40.9,53.6,45.4
71950,71960,19.9889,361.3,40.9,53.6,44.2
71960,71970,19.9917,363.1,40.9,53.6,48.1
71970,71980,19.9944,364.3,40.9,53.6,49.2
71980,71990,19.9972,365.5,41.0,53.6,49
71990,72000,20.0000,366.7,41.0,53.6,47.5
72000,72010,20.0028,367.9,41.0,53.6,47.8
72010,72020,20.0056,369.4,41.0,53.6,46.9
72020,72030,20.0083,370.9,41.0,53.6,46.3
72030,72040,20.0111,372.7,41.1,53.6,45.6
72040,72050,20.0139,373.9,41.1,53.6,45.1
72050,72060,20.0167,375.7,41.1,53.6,42.1
72060,72070,20.0194,377.2,41.1,53.6,43.2
72070,72080,20.0222,378.7,41.1,53.6,41.4
72080,72090,20.0250,379.6,41.2,53.6,42.9
72090,72100,20.0278,381.4,41.2,53.6,42.7
72100,72110,20.0306,382.9,41.2,53.6,44.1
72110,72120,20.0333,383.8,41.2,53.6,44.6
72120,72130,20.0361,385.3,41.2,53.6,44.9
72130,72140,20.0389,387.1,41.2,53.6,40.5
72140,72150,20.0417,388.3,41.2,53.6,42.3
72150,72160,20.0444,389.2,41.2,53.6,42.2
72160,72170,20.0472,390.4,41.3,53.6,41.6
72170,72180,20.0500,391.9,41.3,53.6,40
72180,72190,20.0528,393.4,41.3,53.6,40.6
72190,72200,20.0556,394.3,41.3,53.6,43.4
72200,72210,20.0583,395.8,41.3,53.6,42.3
72210,72220,20.0611,397.0,41.4,53.6,42.3
72220,72230,20.0639,398.5,41.4,53.6,40.8
72230,72240,20.0667,399.4,41.4,53.6,42.5
72240,72250,20.0694,400.6,41.4,53.6,43.4
72250,72260,20.0722,402.7,41.4,53.6,43
72260,72270,20.0750,404.5,41.4,53.6,45.8
72270,72280,20.0778,405.4,41.4,53.6,47.6
72280,72290,20.0806,406.9,41.4,53.6,48.3
72290,72300,20.0833,408.4,41.5,53.6,49.1
72300,72310,20.0861,410.2,41.5,53.6,51.2
72310,72320,20.0889,411.1,41.5,53.6,48.4
72320,72330,20.0917,412.6,41.5,53.6,49.4
72330,72340,20.0944,414.7,41.5,53.5,48.4
72340,72350,20.0972,415.9,41.5,53.6,49.7
72350,72360,20.1000,417.4,41.6,53.6,48.4
72360,72370,20.1028,418.6,41.6,53.6,50.8
72370,72380,20.1056,420.4,41.6,53.6,48.2
72380,72390,20.1083,422.2,41.6,53.6,54.2
72390,72400,20.1111,423.1,41.6,53.6,53.7
72400,72410,20.1139,424.3,41.6,53.6,52.5
72410,72420,20.1167,426.4,41.7,53.6,51.3
72420,72430,20.1194,428.7,41.7,53.6,55.9
72430,72440,20.1222,429.9,41.7,53.6,52.5
72440,72450,20.1250,431.4,41.7,53.6,49.2
72450,72460,20.1278,432.9,41.7,53.6,49.1
72460,72470,20.1306,434.1,41.7,53.6,47.6
72470,72480,20.1333,435.3,41.7,53.6,47.8
72480,72490,20.1361,436.8,41.7,53.6,50.6
72490,72500,20.1389,438.3,41.7,53.6,49.9
72500,72510,20.1417,439.5,41.7,53.6,47
72510,72520,20.1444,440.4,41.8,53.6,48.2
72520,72530,20.1472,441.6,41.8,53.6,50.8
72530,72540,20.1500,443.1,41.8,53.6,49.9
72540,72550,20.1528,444.6,41.8,53.6,48.2
72550,72560,20.1556,445.8,41.8,53.6,49
72560,72570,20.1583,447.3,41.8,53.6,50.1
72570,72580,20.1611,449.4,41.8,53.6,49.6
72580,72590,20.1639,450.9,41.8,53.6,49.8
72590,72600,20.1667,451.8,41.9,53.6,48.3
72600,72610,20.1694,453.0,41.9,53.6,47.2
72610,72620,20.1722,455.1,41.9,53.6,47.9
72620,72630,20.1750,456.9,41.9,53.6,46.5
72630,72640,20.1778,457.8,41.9,53.6,47
72640,72650,20.1806,459.0,41.9,53.6,47
72650,72660,20.1833,461.1,41.9,53.6,44.7
72660,72670,20.1861,462.6,41.9,53.6,46.9
72670,72680,20.1889,463.8,42.0,53.6,42.2
72680,72690,20.1917,465.9,42.0,53.6,44.3
72690,72700,20.1944,467.7,42.0,53.6,45.3
72700,72710,20.1972,469.2,42.0,53.6,45.9
72710,72720,20.2000,470.7,42.0,53.6,46
72720,72730,20.2028,471.6,42.0,53.6,43.4
72730,72740,20.2056,473.7,42.0,53.6,46.4
72740,72750,20.2083,475.2,42.0,53.6,48.8
72750,72760,20.2111,476.4,42.0,53.6,50.1
72760,72770,20.2139,477.9,42.0,53.6,51.3
72770,72780,20.2167,479.4,42.0,53.6,49.8
72780,72790,20.2194,480.9,42.0,53.6,50.8
72790,72800,20.2222,482.1,42.0,53.6,49.6
72800,72810,20.2250,483.0,42.0,53.6,50.6
72810,72820,20.2278,484.5,42.0,53.6,49.7
72820,72830,20.2306,486.0,42.1,53.6,47.3
72830,72840,20.2333,486.9,42.1,53.6,47.8
72840,72850,20.2361,488.4,42.1,53.6,48.9
72850,72860,20.2389,490.5,42.1,53.6,47.8
72860,72870,20.2417,492.0,42.1,53.6,48.5
72870,72880,20.2444,493.2,42.1,53.6,48.5
72880,72890,20.2472,494.4,42.1,53.6,47.4
72890,72900,20.2500,496.2,42.1,53.6,48.5
72900,72910,20.2528,497.4,42.1,53.6,47.2
72910,72920,20.2556,498.9,42.1,53.6,48.1
72920,72930,20.2583,500.7,42.1,53.6,49.5
72930,72940,20.2611,502.8,42.1,53.6,50.7
72940,72950,20.2639,504.6,42.1,53.6,52.4
72950,72960,20.2667,506.0,42.1,53.6,48.6
72960,72970,20.2694,507.5,42.2,53.6,49.1
72970,72980,20.2722,508.1,42.1,53.6,47.8
72980,72990,20.2750,508.1,42.2,53.6,48.4
72990,73000,20.2778,507.8,42.2,53.6,47.8
73000,73010,20.2806,507.8,42.2,53.6,47.5
73010,73020,20.2833,508.4,42.2,53.6,47.9
73020,73030,20.2861,508.1,42.2,53.6,49.6
73030,73040,20.2889,507.5,42.2,53.6,48.8
73040,73050,20.2917,507.5,42.2,53.6,48.2
73050,73060,20.2944,507.8,42.2,53.6,49
73060,73070,20.2972,507.5,42.2,53.6,48.8
73070,73080,20.3000,507.2,42.2,53.6,48.8
