NETCARE2015/data/raw/Flight6/O3_POLAR6_201504111537_R0_L1_NETCARE.ict
37, 1001
Staebler, Ralf
Environment Canada
Thermo 49i ozone data
Polar 6 NETCARE
1, 1
2015, 4, 11, 2015, 9, 30
0
Start_UTC, seconds
6
1, 1, 1, 1, 1, 1
-9999, -9999, -999.9, -99.9, -99.9, -99.9
Stop_UTC, seconds
hr, decimal hours (UTC)
Press, cell pressure (Torr)
BenchT, instrument temperature (deg C)
LampT, ozone lamp temperature (deg C)
O3, ozone mixing ratio (ppbv)
1
Press, BenchT, LampT are included for diagnostics
16
PI_CONTACT_INFO: Address: 4905 Dufferin Street, Toronto, ON M3H 5T4; email: Ralf.Staebler@ec.gc.ca
PLATFORM: Polar 6 
LOCATION: Location data varies as seen in this file
INSTRUMENT_INFO: Thermo Scienfific ozone analyzer model 49i, S.N. 0606014771
UNCERTAINTY: 0.2 ppbv 
ULOD_FLAG: -7777
ULOD_VALUE: N/A
LLOD_FLAG: -8888
LLOD_VALUE: N/A
DM_CONTACT_INFO: Ralf Staebler; Environment Canada; Ralf.Staebler@ec.gc.ca
PROJECT_INFO: Polar 6 NETCARE Spring 2015 campaign
STIPULATIONS_ON_USE: If use of this data will lead to a publication, we ask that the PI be informed.
OTHER_COMMENTS: N/A
REVISION: R0
R0: First set of data.
Start_UTC,Stop_UTC,hr,Press,BenchT,LampT,O3
[from data line 785]
65290,65300,18.1389,507.2,42.6,53.5,41.9
65300,65310,18.1417,507.2,42.6,53.5,44.4
65310,65320,18.1444,506.9,42.6,53.5,43.2
65320,65330,18.1472,506.6,42.6,53.5,42.4
65330,65340,18.1500,506.9,42.6,53.5,42.7
65340,65350,18.1528,506.9,42.6,53.6,43.4
65350,65360,18.1556,506.3,42.6,53.5,42.4
65360,65370,18.1583,506.3,42.6,53.6,42.5
65370,65380,18.1611,506.9,42.6,53.6,41.8
65380,65390,18.1639,506.9,42.6,53.5,42.4
65390,65400,18.1667,506.3,42.6,53.6,43.6
65400,65410,18.1694,506.3,42.6,53.6,41.8
65410,65420,18.1722,506.9,42.6,53.5,43.1
65420,65430,18.1750,507.2,42.6,53.6,43.4
65430,65440,18.1778,506.9,42.6,53.5,41.2
65440,65450,18.1806,506.9,42.6,53.5,43.2
65450,65460,18.1833,507.2,42.6,53.6,43.3
65460,65470,18.1861,507.2,42.6,53.5,42.9
65470,65480,18.1889,506.6,42.6,53.5,43
65480,65490,18.1917,506.9,42.5,53.5,41.5
65490,65500,18.1944,507.5,42.5,53.6,41.6
65500,65510,18.1972,507.2,42.5,53.5,43.2
65510,65520,18.2000,506.6,42.5,53.6,42.7
65520,65530,18.2028,506.6,42.5,53.6,42.1
65530,65540,18.2056,507.2,42.5,53.6,43.5
65540,65550,18.2083,507.5,42.5,53.6,42.4
65550,65560,18.2111,506.9,42.5,53.6,42.4
65560,65570,18.2139,506.6,42.5,53.6,42.4
65570,65580,18.2167,506.9,42.5,53.6,43.1
65580,65590,18.2194,507.2,42.5,53.6,43.6
65590,65600,18.2222,506.6,42.5,53.5,43
65600,65610,18.2250,506.9,42.5,53.6,43.3
65610,65620,18.2278,507.2,42.5,53.6,41.9
65620,65630,18.2306,506.9,42.5,53.6,43
65630,65640,18.2333,506.6,42.4,53.6,43
65640,65650,18.2361,506.6,42.4,53.6,43.4
65650,65660,18.2389,507.2,42.4,53.6,43.3
65660,65670,18.2417,507.2,42.4,53.6,43.9
65670,65680,18.2444,506.3,42.4,53.6,45.1
65680,65690,18.2472,506.0,42.4,53.5,45.1
65690,65700,18.2500,506.3,42.4,53.5,45.5
65700,65710,18.2528,506.0,42.4,53.5,46.6
65710,65720,18.2556,505.7,42.4,53.5,46.3
65720,65730,18.2583,505.7,42.4,53.6,47.2
65730,65740,18.2611,505.7,42.4,53.6,46.7
65740,65750,18.2639,505.4,42.4,53.5,47.2
65750,65760,18.2667,505.7,42.4,53.6,46
65760,65770,18.2694,506.0,42.4,53.5,45.9
65770,65780,18.2722,506.3,42.4,53.6,47.2
65780,65790,18.2750,506.3,42.3,53.6,45.7
65790,65800,18.2778,506.0,42.4,53.5,46
65800,65810,18.2806,506.3,42.3,53.5,46.5
65810,65820,18.2833,506.6,42.3,53.5,46.6
65820,65830,18.2861,507.2,42.3,53.5,44.8
65830,65840,18.2889,506.9,42.3,53.5,44.7
65840,65850,18.2917,506.9,42.3,53.6,46.5
65850,65860,18.2944,507.5,42.3,53.5,45.1
65860,65870,18.2972,507.2,42.3,53.5,46.4
65870,65880,18.3000,507.2,42.3,53.5,46.2
65880,65890,18.3028,507.5,42.3,53.6,47.3
65890,65900,18.3056,508.1,42.3,53.6,47.8
65900,65910,18.3083,508.1,42.3,53.5,46.5
65910,65920,18.3111,507.8,42.3,53.6,46.6
65920,65930,18.3139,507.5,42.3,53.5,47.5
65930,65940,18.3167,508.1,42.3,53.6,45.2
65940,65950,18.3194,508.4,42.3,53.5,46.7
65950,65960,18.3222,508.4,42.3,53.6,45.8
65960,65970,18.3250,508.1,42.3,53.5,46.1
65970,65980,18.3278,508.4,42.3,53.6,45.8
65980,65990,18.3306,508.4,42.3,53.5,46
65990,66000,18.3333,508.1,42.3,53.5,46.1
66000,66010,18.3361,508.4,42.3,53.5,46.9
66010,66020,18.3389,508.4,42.3,53.5,47.3
66020,66030,18.3417,508.4,42.2,53.5,47.3
66030,66040,18.3444,518.3,42.2,53.5,-99.9
66040,66050,18.3472,518.9,42.2,53.6,-99.9
66050,66060,18.3500,519.8,42.2,53.5,-99.9
66060,66070,18.3528,519.8,42.2,53.5,-99.9
66070,66080,18.3556,519.5,42.2,53.6,-99.9
66080,66090,18.3583,519.8,42.2,53.5,-99.9
66090,66100,18.3611,520.1,42.2,53.6,-99.9
66100,66110,18.3639,519.8,42.2,53.5,-99.9
66110,66120,18.3667,519.2,42.2,53.5,-99.9
66120,66130,18.3694,518.9,42.2,53.5,-99.9
66130,66140,18.3722,519.5,42.2,53.5,-99.9
66140,66150,18.3750,519.8,42.2,53.5,-99.9
66150,66160,18.3778,519.5,42.2,53.6,-99.9
66160,66170,18.3806,519.2,42.2,53.6,-99.9
66170,66180,18.3833,519.8,42.2,53.5,-99.9
66180,66190,18.3861,519.8,42.2,53.5,-99.9
66190,66200,18.3889,519.8,42.2,53.5,-99.9
66200,66210,18.3917,519.5,42.1,53.6,-99.9
66210,66220,18.3944,519.5,42.1,53.5,-99.9
66220,66230,18.3972,519.2,42.1,53.5,-99.9
66230,66240,18.4000,518.6,42.1,53.6,-99.9
66240,66250,18.4028,518.6,42.1,53.6,-99.9
66250,66260,18.4056,518.9,42.1,53.5,-99.9
66260,66270,18.4083,518.6,42.1,53.6,-99.9
66270,66280,18.4111,518.6,42.1,53.5,-99.9
66280,66290,18.4139,518.6,42.1,53.5,-99.9
66290,66300,18.4167,519.2,42.1,53.6,-99.9
66300,66310,18.4194,519.2,42.1,53.6,-99.9
66310,66320,18.4222,518.3,42.1,53.6,-99.9
66320,66330,18.4250,518.3,42.1,53.5,-99.9
66330,66340,18.4278,518.9,42.1,53.6,-99.9
66340,66350,18.4306,518.6,42.1,53.5,-99.9
66350,66360,18.4333,518.0,42.1,53.5,-99.9
66360,66370,18.4361,517.4,42.1,53.6,-99.9
66370,66380,18.4389,517.4,42.1,53.5,-99.9
66380,66390,18.4417,517.7,42.1,53.6,-99.9
66390,66400,18.4444,517.4,42.1,53.5,-99.9
66400,66410,18.4472,517.7,42.1,53.5,-99.9
66410,66420,18.4500,518.0,42.1,53.6,-99.9
66420,66430,18.4528,518.3,42.1,53.5,-99.9
66430,66440,18.4556,518.3,42.1,53.5,-99.9
66440,66450,18.4583,518.0,42.1,53.5,-99.9
66450,66460,18.4611,518.6,42.1,53.6,-99.9
66460,66470,18.4639,519.5,42.0,53.5,-99.9
66470,66480,18.4667,519.5,42.0,53.6,-99.9
66480,66490,18.4694,520.1,42.0,53.5,-99.9
66490,66500,18.4722,520.1,42.0,53.6,-99.9
66500,66510,18.4750,519.8,42.0,53.6,-99.9
66510,66520,18.4778,519.5,42.0,53.5,-99.9
66520,66530,18.4806,519.2,42.0,53.6,-99.9
66530,66540,18.4833,520.1,42.0,53.5,-99.9
66540,66550,18.4861,520.1,42.0,53.5,-99.9
66550,66560,18.4889,519.5,42.0,53.5,-99.9
66560,66570,18.4917,518.9,42.0,53.5,-99.9
66570,66580,18.4944,519.8,42.0,53.5,-99.9
66580,66590,18.4972,520.1,42.0,53.5,-99.9
66590,66600,18.5000,519.2,42.0,53.6,-99.9
66600,66610,18.5028,519.5,42.0,53.5,-99.9
66610,66620,18.5056,520.4,42.0,53.5,-99.9
66620,66630,18.5083,520.7,42.0,53.5,-99.9
66630,66640,18.5111,519.8,42.0,53.5,-99.9
66640,66650,18.5139,519.2,42.0,53.5,-99.9
66650,66660,18.5167,519.5,42.0,53.5,-99.9
66660,66670,18.5194,519.8,42.0,53.5,-99.9
66670,66680,18.5222,519.8,42.0,53.6,-99.9
66680,66690,18.5250,520.1,42.0,53.5,-99.9
66690,66700,18.5278,520.4,42.0,53.5,-99.9
66700,66710,18.5306,519.8,42.0,53.5,-99.9
66710,66720,18.5333,518.9,42.0,53.5,-99.9
66720,66730,18.5361,518.6,42.0,53.6,-99.9
66730,66740,18.5389,512.3,42.0,53.6,-99.9
66740,66750,18.5417,508.7,42.0,53.5,-99.9
66750,66760,18.5444,508.4,42.0,53.5,47.8
66760,66770,18.5472,508.7,42.0,53.5,48.4
66770,66780,18.5500,509.6,42.0,53.5,48.4
66780,66790,18.5528,509.9,42.0,53.5,51.5
66790,66800,18.5556,509.6,42.0,53.5,47.9
66800,66810,18.5583,509.6,42.0,53.5,49.1
66810,66820,18.5611,510.5,41.9,53.5,50.3
66820,66830,18.5639,512.0,41.9,53.5,49.9
66830,66840,18.5667,513.2,41.9,53.5,49.1
66840,66850,18.5694,514.4,41.9,53.5,49.4
66850,66860,18.5722,515.6,41.9,53.5,50.3
66860,66870,18.5750,517.1,41.9,53.6,49.7
66870,66880,18.5778,518.6,41.9,53.5,47.5
66880,66890,18.5806,520.1,41.9,53.5,47
66890,66900,18.5833,522.8,41.9,53.5,45.4
66900,66910,18.5861,524.9,41.9,53.5,44.1
66910,66920,18.5889,526.1,41.9,53.5,44.2
66920,66930,18.5917,527.9,41.9,53.5,45.7
66930,66940,18.5944,530.3,41.9,53.5,46.6
66940,66950,18.5972,532.4,41.9,53.5,45.7
66950,66960,18.6000,533.6,41.9,53.6,47.7
66960,66970,18.6028,535.4,41.9,53.6,49.3
66970,66980,18.6056,537.5,41.9,53.5,44
66980,66990,18.6083,539.6,41.9,53.6,46.5
66990,67000,18.6111,540.8,41.9,53.6,48.5
67000,67010,18.6139,542.6,41.9,53.6,47.5
67010,67020,18.6167,545.0,41.9,53.5,46
67020,67030,18.6194,546.8,41.9,53.6,44.4
67030,67040,18.6222,548.9,41.8,53.5,43.7
67040,67050,18.6250,550.4,41.8,53.5,45.2
67050,67060,18.6278,552.8,41.8,53.5,45.2
67060,67070,18.6306,554.6,41.8,53.5,46.2
67070,67080,18.6333,556.1,41.8,53.6,46.6
67080,67090,18.6361,558.2,41.8,53.5,47.2
67090,67100,18.6389,560.6,41.8,53.5,46.7
67100,67110,18.6417,562.4,41.8,53.5,46.8
67110,67120,18.6444,564.2,41.8,53.5,46.7
67120,67130,18.6472,566.3,41.8,53.6,47.3
67130,67140,18.6500,568.7,41.8,53.6,46.6
67140,67150,18.6528,570.5,41.8,53.6,46.7
67150,67160,18.6556,572.3,41.8,53.5,47.6
67160,67170,18.6583,573.8,41.8,53.6,49.6
67170,67180,18.6611,576.2,41.8,53.5,47
67180,67190,18.6639,578.0,41.8,53.5,42.8
67190,67200,18.6667,579.5,41.8,53.5,47
67200,67210,18.6694,581.0,41.7,53.5,46.6
67210,67220,18.6722,583.0,41.7,53.6,46.6
67220,67230,18.6750,584.8,41.7,53.6,47.6
67230,67240,18.6778,586.3,41.7,53.6,46.7
67240,67250,18.6806,588.4,41.7,53.5,48
67250,67260,18.6833,590.5,41.7,53.5,46.6
67260,67270,18.6861,592.6,41.7,53.5,48.2
67270,67280,18.6889,593.8,41.7,53.5,48.3
67280,67290,18.6917,595.9,41.7,53.5,48.7
67290,67300,18.6944,598.6,41.7,53.6,47.2
67300,67310,18.6972,600.4,41.7,53.5,47.5
67310,67320,18.7000,601.9,41.7,53.5,45.1
67320,67330,18.7028,603.4,41.7,53.5,46.5
67330,67340,18.7056,606.1,41.7,53.5,45.2
67340,67350,18.7083,607.9,41.7,53.5,44.3
67350,67360,18.7111,609.4,41.7,53.5,43.9
67360,67370,18.7139,611.2,41.7,53.5,41.8
67370,67380,18.7167,613.9,41.7,53.5,42.3
67380,67390,18.7194,616.0,41.6,53.5,42.5
67390,67400,18.7222,618.1,41.6,53.5,42.5
67400,67410,18.7250,619.9,41.6,53.5,40.3
67410,67420,18.7278,622.3,41.6,53.5,40.1
67420,67430,18.7306,624.4,41.6,53.5,44.7
67430,67440,18.7333,625.9,41.6,53.5,44.8
67440,67450,18.7361,628.0,41.6,53.5,44
67450,67460,18.7389,630.1,41.6,53.5,43.4
67460,67470,18.7417,632.2,41.6,53.5,44.6
67470,67480,18.7444,633.7,41.6,53.5,43.8
67480,67490,18.7472,635.5,41.6,53.5,42.6
67490,67500,18.7500,637.9,41.6,53.5,45.3
67500,67510,18.7528,640.0,41.5,53.5,45
67510,67520,18.7556,641.8,41.5,53.5,46
67520,67530,18.7583,644.2,41.5,53.5,46.2
67530,67540,18.7611,646.6,41.5,53.5,45
67540,67550,18.7639,648.4,41.5,53.5,44.6
67550,67560,18.7667,649.6,41.5,53.5,44.6
67560,67570,18.7694,651.7,41.5,53.5,46
67570,67580,18.7722,654.1,41.5,53.5,45.4
67580,67590,18.7750,656.2,41.5,53.5,44.8
67590,67600,18.7778,657.7,41.4,53.5,45.4
67600,67610,18.7806,659.2,41.4,53.5,45
67610,67620,18.7833,660.9,41.4,53.5,45.5
67620,67630,18.7861,663.3,41.4,53.5,45.5
67630,67640,18.7889,665.1,41.4,53.5,45.2
67640,67650,18.7917,666.9,41.4,53.5,45.8
67650,67660,18.7944,669.6,41.4,53.5,46.6
67660,67670,18.7972,671.4,41.4,53.5,46.2
67670,67680,18.8000,672.6,41.4,53.5,45.2
67680,67690,18.8028,674.7,41.4,53.5,44.9
67690,67700,18.8056,677.7,41.4,53.5,44.3
67700,67710,18.8083,680.1,41.4,53.5,44.3
67710,67720,18.8111,682.2,41.3,53.5,44.5
67720,67730,18.8139,683.7,41.3,53.5,44.7
67730,67740,18.8167,686.4,41.3,53.5,42.4
67740,67750,18.8194,688.2,41.3,53.5,41
67750,67760,18.8222,690.3,41.3,53.5,30.7
67760,67770,18.8250,692.4,41.3,53.5,15.4
67770,67780,18.8278,694.8,41.2,53.5,13.5
67780,67790,18.8306,696.6,41.2,53.5,15
67790,67800,18.8333,697.8,41.2,53.5,7.55
67800,67810,18.8361,699.6,41.2,53.5,6.89
67810,67820,18.8389,702.0,41.2,53.5,7.05
67820,67830,18.8417,704.1,41.2,53.5,7.27
67830,67840,18.8444,705.6,41.2,53.5,6.81
67840,67850,18.8472,707.4,41.2,53.5,6.84
67850,67860,18.8500,710.4,41.2,53.5,6.1
67860,67870,18.8528,712.8,41.2,53.5,4.45
67870,67880,18.8556,714.6,41.1,53.5,4.24
67880,67890,18.8583,716.4,41.1,53.5,4.83
67890,67900,18.8611,717.9,41.1,53.5,5.22
67900,67910,18.8639,720.3,41.1,53.5,7.67
67910,67920,18.8667,721.5,41.1,53.5,12.4
67920,67930,18.8694,723.0,41.1,53.5,14.7
67930,67940,18.8722,726.0,41.1,53.5,17.4
67940,67950,18.8750,728.4,41.0,53.5,22.2
67950,67960,18.8778,730.2,41.0,53.5,31.6
67960,67970,18.8806,731.7,41.0,53.5,30.5
67970,67980,18.8833,734.1,41.0,53.5,17
67980,67990,18.8861,735.3,41.0,53.5,14
67990,68000,18.8889,737.1,41.0,53.5,2.8
68000,68010,18.8917,739.4,40.9,53.5,1.73
68010,68020,18.8944,741.8,40.9,53.5,0.744
68020,68030,18.8972,741.5,40.9,53.5,1.31
68030,68040,18.9000,740.9,40.9,53.5,0.965
68040,68050,18.9028,740.3,40.9,53.5,1.06
68050,68060,18.9056,740.6,40.9,53.5,0.51
68060,68070,18.9083,740.0,40.9,53.5,0.959
68070,68080,18.9111,739.4,40.8,53.5,0.0152
68080,68090,18.9139,740.3,40.8,53.5,0.629
68090,68100,18.9167,740.6,40.8,53.5,0.342
68100,68110,18.9194,740.6,40.8,53.5,1.12
68110,68120,18.9222,740.6,40.8,53.5,0.804
68120,68130,18.9250,740.6,40.8,53.5,-0.181
68130,68140,18.9278,741.2,40.7,53.5,0.381
68140,68150,18.9306,741.2,40.7,53.5,0.983
68150,68160,18.9333,740.9,40.7,53.5,-0.0218
68160,68170,18.9361,741.2,40.7,53.5,0.399
68170,68180,18.9389,741.5,40.6,53.5,0.967
68180,68190,18.9417,741.5,40.6,53.5,0.172
68190,68200,18.9444,741.2,40.6,53.5,0.504
68200,68210,18.9472,740.9,40.6,53.5,1.01
68210,68220,18.9500,740.9,40.6,53.5,0.518
68220,68230,18.9528,741.5,40.6,53.5,0.579
68230,68240,18.9556,741.2,40.5,53.5,0.579
68240,68250,18.9583,741.2,40.5,53.5,0.496
68250,68260,18.9611,742.1,40.5,53.5,0.846
68260,68270,18.9639,741.5,40.5,53.5,1.53
68270,68280,18.9667,741.5,40.5,53.5,0.829
68280,68290,18.9694,741.2,40.4,53.5,0.203
68290,68300,18.9722,741.5,40.4,53.5,0.397
68300,68310,18.9750,741.8,40.4,53.5,1.22
68310,68320,18.9778,741.8,40.4,53.5,0.334
68320,68330,18.9806,741.2,40.3,53.5,0.56
68330,68340,18.9833,741.8,40.3,53.5,0.318
68340,68350,18.9861,741.8,40.3,53.5,0.171
68350,68360,18.9889,741.5,40.3,53.5,0.349
68360,68370,18.9917,741.2,40.3,53.5,0.607
68370,68380,18.9944,741.8,40.3,53.4,-0.0981
68380,68390,18.9972,741.5,40.2,53.5,-0.0709
68390,68400,19.0000,741.2,40.2,53.5,1.56
68400,68410,19.0028,741.5,40.2,53.5,0.74
68410,68420,19.0056,742.4,40.2,53.5,0.153
68420,68430,19.0083,742.1,40.2,53.5,-0.0534
68430,68440,19.0111,742.1,40.1,53.5,-0.00983
68440,68450,19.0139,741.8,40.1,53.4,0.335
68450,68460,19.0167,742.1,40.1,53.5,0.948
68460,68470,19.0194,742.4,40.1,53.4,1.36
68470,68480,19.0222,741.5,40.1,53.4,-0.157
68480,68490,19.0250,742.1,40.1,53.5,0.36
68490,68500,19.0278,743.0,40.0,53.4,0.597
68500,68510,19.0306,743.0,40.0,53.4,0.525
68510,68520,19.0333,742.4,40.0,53.5,-0.189
68520,68530,19.0361,742.4,40.0,53.5,0.734
68530,68540,19.0389,742.7,39.9,53.5,1.17
68540,68550,19.0417,742.1,39.9,53.4,0.377
68550,68560,19.0444,741.8,39.9,53.5,0.36
68560,68570,19.0472,741.5,39.9,53.5,0.972
68570,68580,19.0500,741.5,39.9,53.4,0.598
68580,68590,19.0528,740.9,39.8,53.4,0.933
68590,68600,19.0556,738.2,39.8,53.4,0.82
68600,68610,19.0583,736.5,39.8,53.4,1.19
68610,68620,19.0611,736.2,39.8,53.4,10.8
68620,68630,19.0639,734.4,39.7,53.4,25
68630,68640,19.0667,731.4,39.7,53.4,36.6
68640,68650,19.0694,728.4,39.7,53.4,33.9
68650,68660,19.0722,726.6,39.7,53.4,10.9
68660,68670,19.0750,723.9,39.7,53.4,9.47
68670,68680,19.0778,721.2,39.6,53.5,9.68
68680,68690,19.0806,718.8,39.6,53.5,8.69
68690,68700,19.0833,716.7,39.6,53.4,6.44
68700,68710,19.0861,714.0,39.6,53.5,5.58
68710,68720,19.0889,711.6,39.6,53.5,5.06
68720,68730,19.0917,709.2,39.5,53.4,5.79
68730,68740,19.0944,707.4,39.5,53.4,6.12
68740,68750,19.0972,705.3,39.5,53.4,6.43
68750,68760,19.1000,702.6,39.5,53.4,6.97
68760,68770,19.1028,700.5,39.4,53.5,8.32
68770,68780,19.1056,699.3,39.4,53.4,11.7
68780,68790,19.1083,697.2,39.4,53.4,15.4
68790,68800,19.1111,694.8,39.4,53.4,14.2
68800,68810,19.1139,693.0,39.4,53.5,16.5
68810,68820,19.1167,692.1,39.4,53.4,22.4
68820,68830,19.1194,690.9,39.3,53.5,27.6
68830,68840,19.1222,688.2,39.3,53.4,31.6
68840,68850,19.1250,686.1,39.3,53.4,36.1
68850,68860,19.1278,684.6,39.3,53.4,35.5
68860,68870,19.1306,683.1,39.3,53.5,36.2
68870,68880,19.1333,680.7,39.2,53.4,34.5
68880,68890,19.1361,678.9,39.2,53.4,33.2
68890,68900,19.1389,676.8,39.2,53.5,42.4
68900,68910,19.1417,675.0,39.2,53.4,44.5
68910,68920,19.1444,672.3,39.2,53.4,45
68920,68930,19.1472,670.2,39.2,53.4,45.4
68930,68940,19.1500,668.4,39.2,53.4,46.3
68940,68950,19.1528,666.3,39.1,53.5,46.2
68950,68960,19.1556,663.0,39.1,53.5,45.2
68960,68970,19.1583,662.1,39.1,53.5,45.6
68970,68980,19.1611,661.2,39.1,53.4,43.9
68980,68990,19.1639,659.8,39.1,53.5,45.4
68990,69000,19.1667,657.4,39.1,53.4,44.6
69000,69010,19.1694,655.3,39.1,53.4,46.5
69010,69020,19.1722,653.5,39.1,53.5,44.4
69020,69030,19.1750,651.7,39.0,53.4,44.6
69030,69040,19.1778,649.3,39.0,53.5,44.6
69040,69050,19.1806,647.2,39.0,53.5,47
69050,69060,19.1833,646.0,39.0,53.5,45.2
69060,69070,19.1861,643.9,39.0,53.5,45.1
69070,69080,19.1889,641.8,39.0,53.4,45.4
69080,69090,19.1917,640.3,38.9,53.4,44.4
69090,69100,19.1944,639.1,38.9,53.4,44.6
69100,69110,19.1972,637.3,38.9,53.4,44.3
69110,69120,19.2000,635.5,38.9,53.4,44.5
69120,69130,19.2028,633.4,38.9,53.4,44.8
69130,69140,19.2056,632.2,38.9,53.5,43.6
69140,69150,19.2083,630.7,38.9,53.5,45.1
69150,69160,19.2111,628.3,38.9,53.5,46.2
