NETCARE2015/data/raw/Flight6/O3_POLAR6_201504111537_R0_L1_NETCARE.ict
37, 1001
Staebler, Ralf
Environment Canada
Thermo 49i ozone data
Polar 6 NETCARE
1, 1
2015, 4, 11, 2015, 9, 30
0
Start_UTC, seconds
6
1, 1, 1, 1, 1, 1
-9999, -9999, -999.9, -99.9, -99.9, -99.9
Stop_UTC, seconds
hr, decimal hours (UTC)
Press, cell pressure (Torr)
BenchT, instrument temperature (deg C)
LampT, ozone lamp temperature (deg C)
O3, ozone mixing ratio (ppbv)
1
Press, BenchT, LampT are included for diagnostics
16
PI_CONTACT_INFO: Address: 4905 Dufferin Street, Toronto, ON M3H 5T4; email: Ralf.Staebler@ec.gc.ca
PLATFORM: Polar 6 
LOCATION: Location data varies as seen in this file
INSTRUMENT_INFO: Thermo Scienfific ozone analyzer model 49i, S.N. 0606014771
UNCERTAINTY: 0.2 ppbv 
ULOD_FLAG: -7777
ULOD_VALUE: N/A
LLOD_FLAG: -8888
LLOD_VALUE: N/A
DM_CONTACT_INFO: Ralf Staebler; Environment Canada; Ralf.Staebler@ec.gc.ca
PROJECT_INFO: Polar 6 NETCARE Spring 2015 campaign
STIPULATIONS_ON_USE: If use of this data will lead to a publication, we ask that the PI be informed.
OTHER_COMMENTS: N/A
REVISION: R0
R0: First set of data.
Start_UTC,Stop_UTC,hr,Press,BenchT,LampT,O3
57440,57450,15.9583,744.8,17.8,53,-99.9
57450,57460,15.9611,739.4,17.9,53,-99.9
57460,57470,15.9639,736.2,18.0,53,-99.9
57470,57480,15.9667,733.2,18.0,53,-99.9
57480,57490,15.9694,730.2,18.1,53,-99.9
57490,57500,15.9722,727.2,18.2,53,-99.9
57500,57510,15.9750,725.1,18.2,53,-99.9
57510,57520,15.9778,721.8,18.3,53,-99.9
57520,57530,15.9806,718.8,18.4,53,-99.9
57530,57540,15.9833,720.0,18.5,53,-99.9
57540,57550,15.9861,721.5,18.5,53,-99.9
57550,57560,15.9889,725.7,18.6,53,-99.9
57560,57570,15.9917,727.5,18.7,53.1,-99.9
57570,57580,15.9944,729.6,18.8,53,-99.9
57580,57590,15.9972,730.8,18.8,53.1,-99.9
57590,57600,16.0000,730.5,18.9,53,-99.9
57600,57610,16.0028,730.2,19.0,53.1,-99.9
57610,57620,16.0056,730.2,19.1,53.1,-99.9
57620,57630,16.0083,730.2,19.1,53.1,-99.9
57630,57640,16.0111,729.6,19.2,53.1,-99.9
57640,57650,16.0139,729.6,19.3,53,-99.9
57650,57660,16.0167,730.5,19.3,53.1,-99.9
57660,57670,16.0194,731.1,19.4,53,-99.9
57670,57680,16.0222,730.5,19.5,53,-99.9
57680,57690,16.0250,730.5,19.6,53.1,-99.9
57690,57700,16.0278,730.2,19.6,53,-99.9
57700,57710,16.0306,729.9,19.7,53,-99.9
57710,57720,16.0333,729.9,19.8,53,-99.9
57720,57730,16.0361,717.9,19.8,53.1,-99.9
57730,57740,16.0389,717.9,19.9,53.1,15.3
57740,57750,16.0417,717.9,20.0,53.1,14.4
57750,57760,16.0444,717.9,20.1,53.1,17.1
57760,57770,16.0472,717.9,20.1,53.1,14.9
57770,57780,16.0500,718.2,20.2,53.1,14.2
57780,57790,16.0528,718.2,20.3,53.1,13.3
57790,57800,16.0556,717.9,20.3,53.1,13.1
57800,57810,16.0583,717.6,20.4,53.1,13.2
57810,57820,16.0611,718.2,20.5,53.1,12.6
57820,57830,16.0639,720.0,20.6,53.1,11.9
57830,57840,16.0667,719.1,20.6,53.1,16.8
57840,57850,16.0694,718.5,20.7,53.1,12.8
57850,57860,16.0722,718.8,20.8,53.1,11
57860,57870,16.0750,718.8,20.9,53.1,11.7
57870,57880,16.0778,718.2,20.9,53.1,10.8
57880,57890,16.0806,717.3,21.0,53.1,10.9
57890,57900,16.0833,717.6,21.1,53.1,13.7
57900,57910,16.0861,717.3,21.1,53.1,12.1
57910,57920,16.0889,717.3,21.2,53.1,12.8
57920,57930,16.0917,718.2,21.3,53.1,12.2
57930,57940,16.0944,718.5,21.4,53.1,10.9
57940,57950,16.0972,718.8,21.4,53.1,11.7
57950,57960,16.1000,718.5,21.5,53.1,12.6
57960,57970,16.1028,719.1,21.6,53.1,11.7
57970,57980,16.1056,720.0,21.6,53.1,12.1
57980,57990,16.1083,719.1,21.7,53.1,12
57990,58000,16.1111,719.1,21.8,53.1,12.6
58000,58010,16.1139,718.5,21.9,53.1,12.2
58010,58020,16.1167,718.5,21.9,53.1,11.7
58020,58030,16.1194,718.2,22.0,53.1,12.2
58030,58040,16.1222,717.6,22.1,53.1,12.3
58040,58050,16.1250,717.6,22.1,53.1,12.2
58050,58060,16.1278,717.6,22.2,53.1,11.9
58060,58070,16.1306,718.2,22.3,53.1,10.2
58070,58080,16.1333,718.5,22.3,53.1,12.5
58080,58090,16.1361,718.8,22.4,53.1,11.9
58090,58100,16.1389,720.0,22.5,53.2,10.8
58100,58110,16.1417,720.3,22.6,53.1,10.4
58110,58120,16.1444,719.7,22.6,53.1,11.3
58120,58130,16.1472,719.4,22.7,53.1,11.7
58130,58140,16.1500,720.0,22.8,53.1,10.1
58140,58150,16.1528,720.0,22.8,53.1,10.9
58150,58160,16.1556,718.8,22.9,53.1,10.8
58160,58170,16.1583,717.9,22.9,53.2,11.7
58170,58180,16.1611,717.9,23.0,53.2,11.2
58180,58190,16.1639,717.0,23.1,53.2,11
58190,58200,16.1667,717.0,23.2,53.1,12
58200,58210,16.1694,716.4,23.2,53.2,12.4
58210,58220,16.1722,717.3,23.3,53.2,11.2
58220,58230,16.1750,717.9,23.4,53.2,10.8
58230,58240,16.1778,717.9,23.4,53.2,10.9
58240,58250,16.1806,717.6,23.5,53.2,10.8
58250,58260,16.1833,718.8,23.6,53.2,11.1
58260,58270,16.1861,719.1,23.6,53.2,11.8
58270,58280,16.1889,718.8,23.7,53.2,11.5
58280,58290,16.1917,717.9,23.8,53.2,11
58290,58300,16.1944,718.5,23.8,53.2,10.8
58300,58310,16.1972,718.8,23.9,53.2,10
58310,58320,16.2000,718.2,24.0,53.2,11.5
58320,58330,16.2028,717.3,24.0,53.2,10.6
58330,58340,16.2056,718.8,24.1,53.2,10.2
58340,58350,16.2083,717.6,24.2,53.2,10.6
58350,58360,16.2111,717.0,24.2,53.2,11.4
58360,58370,16.2139,717.3,24.3,53.2,10.6
58370,58380,16.2167,718.2,24.4,53.2,11
58380,58390,16.2194,718.8,24.4,53.2,10.1
58390,58400,16.2222,718.5,24.5,53.2,10.6
58400,58410,16.2250,717.9,24.6,53.2,10.8
58410,58420,16.2278,718.2,24.6,53.2,10.1
58420,58430,16.2306,717.9,24.7,53.2,11.2
58430,58440,16.2333,718.5,24.7,53.2,11.7
58440,58450,16.2361,718.5,24.8,53.2,10.4
58450,58460,16.2389,719.4,24.9,53.2,9.66
58460,58470,16.2417,719.4,24.9,53.2,10.6
58470,58480,16.2444,719.1,25.0,53.2,10.8
58480,58490,16.2472,718.5,25.1,53.2,12
58490,58500,16.2500,718.5,25.1,53.2,12.1
58500,58510,16.2528,718.5,25.2,53.2,12.1
58510,58520,16.2556,718.5,25.2,53.2,12.3
58520,58530,16.2583,718.5,25.3,53.2,12.3
58530,58540,16.2611,718.8,25.4,53.2,12.6
58540,58550,16.2639,718.5,25.4,53.2,11.9
58550,58560,16.2667,718.8,25.5,53.2,11.3
58560,58570,16.2694,718.8,25.6,53.2,12.8
58570,58580,16.2722,719.1,25.6,53.2,10.6
58580,58590,16.2750,720.3,25.7,53.2,13.3
58590,58600,16.2778,717.9,25.8,53.2,11
58600,58610,16.2806,717.3,25.8,53.2,15.8
58610,58620,16.2833,718.2,25.9,53.2,19.4
58620,58630,16.2861,717.3,25.9,53.2,18.9
58630,58640,16.2889,716.1,26.0,53.2,19.3
58640,58650,16.2917,714.9,26.0,53.2,19.2
58650,58660,16.2944,714.6,26.1,53.2,18.9
58660,58670,16.2972,713.7,26.2,53.2,17.5
58670,58680,16.3000,713.4,26.2,53.2,19.9
58680,58690,16.3028,713.7,26.3,53.2,20.8
58690,58700,16.3056,714.0,26.4,53.2,18.3
58700,58710,16.3083,714.0,26.4,53.2,16.8
58710,58720,16.3111,714.0,26.5,53.2,17.2
58720,58730,16.3139,713.1,26.5,53.2,16.7
58730,58740,16.3167,713.4,26.6,53.2,17.8
58740,58750,16.3194,713.1,26.7,53.2,18.2
58750,58760,16.3222,712.2,26.7,53.2,18
58760,58770,16.3250,712.2,26.8,53.2,15.8
58770,58780,16.3278,714.0,26.8,53.3,15.4
58780,58790,16.3306,713.7,26.9,53.3,16.3
58790,58800,16.3333,714.0,26.9,53.2,14.7
58800,58810,16.3361,715.5,27.0,53.3,14.8
58810,58820,16.3389,718.5,27.0,53.3,12
58820,58830,16.3417,721.5,27.1,53.3,12.6
58830,58840,16.3444,724.2,27.2,53.2,11.6
58840,58850,16.3472,727.5,27.2,53.3,11.1
58850,58860,16.3500,730.5,27.3,53.2,9.83
58860,58870,16.3528,732.6,27.3,53.3,8.57
58870,58880,16.3556,734.7,27.4,53.2,6.12
58880,58890,16.3583,736.5,27.4,53.3,5.96
58890,58900,16.3611,739.4,27.5,53.3,5.21
58900,58910,16.3639,741.2,27.5,53.2,5.21
58910,58920,16.3667,740.0,27.6,53.3,6
58920,58930,16.3694,739.7,27.6,53.2,6.01
58930,58940,16.3722,740.0,27.7,53.3,5.24
58940,58950,16.3750,739.1,27.8,53.2,5.5
58950,58960,16.3778,738.5,27.8,53.3,5.2
58960,58970,16.3806,738.2,27.9,53.2,3.94
58970,58980,16.3833,739.1,27.9,53.2,4.11
58980,58990,16.3861,739.4,28.0,53.2,3.8
58990,59000,16.3889,739.1,28.0,53.3,4.46
59000,59010,16.3917,739.1,28.1,53.2,4.46
59010,59020,16.3944,739.7,28.1,53.3,3.35
59020,59030,16.3972,739.4,28.2,53.2,3.5
59030,59040,16.4000,739.1,28.2,53.2,5.83
59040,59050,16.4028,739.7,28.3,53.3,5.24
59050,59060,16.4056,740.6,28.3,53.2,4.09
59060,59070,16.4083,740.9,28.4,53.2,4.22
59070,59080,16.4111,740.6,28.4,53.2,4.84
59080,59090,16.4139,740.3,28.5,53.3,1.47
59090,59100,16.4167,740.0,28.5,53.3,5.3
59100,59110,16.4194,737.6,28.6,53.3,6.07
59110,59120,16.4222,734.7,28.6,53.2,9.49
59120,59130,16.4250,732.6,28.7,53.2,9.77
59130,59140,16.4278,731.4,28.7,53.2,10.5
59140,59150,16.4306,730.5,28.8,53.3,10.5
59150,59160,16.4333,728.7,28.8,53.3,10.9
59160,59170,16.4361,726.6,28.9,53.3,11.1
59170,59180,16.4389,725.4,28.9,53.3,10.6
59180,59190,16.4417,723.3,28.9,53.3,10.8
59190,59200,16.4444,720.0,29.0,53.3,12.6
59200,59210,16.4472,718.2,29.0,53.3,12.5
59210,59220,16.4500,716.4,29.1,53.3,14.5
59220,59230,16.4528,714.0,29.1,53.3,15.1
59230,59240,16.4556,711.6,29.2,53.3,15.6
59240,59250,16.4583,709.5,29.2,53.3,16.4
59250,59260,16.4611,707.7,29.2,53.3,18
59260,59270,16.4639,705.0,29.3,53.3,18.6
59270,59280,16.4667,703.8,29.3,53.3,19.8
59280,59290,16.4694,702.0,29.4,53.3,20.5
59290,59300,16.4722,700.2,29.4,53.3,20
59300,59310,16.4750,698.7,29.5,53.3,21.4
59310,59320,16.4778,696.3,29.5,53.3,19.7
59320,59330,16.4806,694.2,29.5,53.3,18.4
59330,59340,16.4833,692.4,29.6,53.3,22.7
59340,59350,16.4861,689.7,29.6,53.3,23.9
59350,59360,16.4889,687.6,29.7,53.3,27.2
59360,59370,16.4917,685.2,29.7,53.3,32.2
59370,59380,16.4944,683.4,29.8,53.3,34.1
59380,59390,16.4972,681.3,29.8,53.3,35.3
59390,59400,16.5000,678.3,29.9,53.3,35.1
59400,59410,16.5028,676.2,29.9,53.3,35.1
59410,59420,16.5056,674.7,29.9,53.3,35.3
59420,59430,16.5083,672.6,30.0,53.3,36.1
59430,59440,16.5111,670.2,30.0,53.3,36.6
59440,59450,16.5139,668.4,30.1,53.3,35.5
59450,59460,16.5167,666.9,30.1,53.3,36.2
59460,59470,16.5194,665.1,30.1,53.3,35.7
59470,59480,16.5222,663.0,30.2,53.3,35.9
59480,59490,16.5250,660.6,30.2,53.3,37.2
59490,59500,16.5278,659.2,30.3,53.3,37.1
59500,59510,16.5306,657.7,30.3,53.3,37.1
59510,59520,16.5333,655.6,30.4,53.3,36.5
59520,59530,16.5361,653.5,30.4,53.3,36.7
59530,59540,16.5389,652.6,30.4,53.3,36.8
59540,59550,16.5417,650.5,30.5,53.3,37.5
59550,59560,16.5444,648.4,30.6,53.3,37.1
59560,59570,16.5472,645.7,30.6,53.3,36.6
59570,59580,16.5500,643.6,30.6,53.3,38.1
59580,59590,16.5528,642.1,30.7,53.3,38.1
59590,59600,16.5556,639.4,30.7,53.3,38.7
59600,59610,16.5583,637.6,30.8,53.3,39.5
59610,59620,16.5611,636.4,30.8,53.3,41.3
59620,59630,16.5639,634.6,30.8,53.3,41.2
59630,59640,16.5667,632.2,30.9,53.3,41.4
59640,59650,16.5694,629.8,30.9,53.3,40.1
59650,59660,16.5722,628.0,31.0,53.3,41.2
59660,59670,16.5750,625.9,31.0,53.3,41.7
59670,59680,16.5778,622.9,31.1,53.3,38
59680,59690,16.5806,620.5,31.1,53.3,38.1
59690,59700,16.5833,618.7,31.1,53.3,40.2
59700,59710,16.5861,616.6,31.2,53.3,41.5
59710,59720,16.5889,614.8,31.2,53.3,42.3
59720,59730,16.5917,613.0,31.3,53.3,42.3
59730,59740,16.5944,611.5,31.3,53.4,42.1
59740,59750,16.5972,609.4,31.3,53.4,41.9
59750,59760,16.6000,607.3,31.4,53.4,42.6
59760,59770,16.6028,605.2,31.4,53.4,43
59770,59780,16.6056,604.0,31.5,53.3,41.5
59780,59790,16.6083,602.8,31.5,53.3,42.8
59790,59800,16.6111,601.3,31.6,53.4,42
59800,59810,16.6139,599.5,31.6,53.4,42.2
59810,59820,16.6167,598.0,31.6,53.3,42.9
59820,59830,16.6194,596.2,31.7,53.4,43.5
59830,59840,16.6222,593.8,31.7,53.3,44.2
59840,59850,16.6250,591.7,31.8,53.4,43.5
59850,59860,16.6278,590.2,31.8,53.3,45
59860,59870,16.6306,588.4,31.8,53.3,45.5
59870,59880,16.6333,586.0,31.9,53.4,44.8
59880,59890,16.6361,584.2,31.9,53.4,46.8
59890,59900,16.6389,582.7,32.0,53.4,47.7
59900,59910,16.6417,581.6,32.0,53.4,46.5
59910,59920,16.6444,579.2,32.0,53.4,46.7
59920,59930,16.6472,577.4,32.1,53.4,47.5
59930,59940,16.6500,576.2,32.1,53.4,47.2
59940,59950,16.6528,574.7,32.2,53.4,49.2
59950,59960,16.6556,572.3,32.2,53.4,47.1
59960,59970,16.6583,570.8,32.3,53.4,49
59970,59980,16.6611,569.6,32.3,53.4,48.3
59980,59990,16.6639,568.4,32.4,53.4,50.2
59990,60000,16.6667,566.6,32.4,53.4,48.4
60000,60010,16.6694,564.5,32.4,53.3,49.5
60010,60020,16.6722,563.3,32.5,53.4,50.3
60020,60030,16.6750,561.5,32.5,53.4,50.8
60030,60040,16.6778,559.4,32.6,53.4,48.7
60040,60050,16.6806,557.6,32.6,53.3,46
60050,60060,16.6833,556.4,32.6,53.3,45.3
60060,60070,16.6861,555.2,32.7,53.4,45.8
60070,60080,16.6889,553.1,32.7,53.5,46.4
60080,60090,16.6917,551.3,32.8,53.4,45.5
60090,60100,16.6944,549.8,32.8,53.4,45.9
60100,60110,16.6972,548.3,32.8,53.3,46
60110,60120,16.7000,546.2,32.9,53.3,44.7
60120,60130,16.7028,544.4,32.9,53.4,45.1
60130,60140,16.7056,543.2,33.0,53.4,45.9
60140,60150,16.7083,541.7,33.0,53.4,45.8
60150,60160,16.7111,539.6,33.1,53.4,45.6
60160,60170,16.7139,538.1,33.1,53.4,45.6
60170,60180,16.7167,536.9,33.1,53.4,46.1
60180,60190,16.7194,535.4,33.2,53.4,46.4
60190,60200,16.7222,533.3,33.2,53.4,46.4
60200,60210,16.7250,531.5,33.3,53.4,44.1
60210,60220,16.7278,530.3,33.3,53.4,45.7
60220,60230,16.7306,528.8,33.3,53.4,45.3
60230,60240,16.7333,526.7,33.4,53.4,45.8
60240,60250,16.7361,525.2,33.4,53.4,44.9
60250,60260,16.7389,524.0,33.5,53.4,45.3
60260,60270,16.7417,522.2,33.5,53.4,45.6
60270,60280,16.7444,520.4,33.5,53.4,44.8
60280,60290,16.7472,518.6,33.6,53.4,45.2
60290,60300,16.7500,517.4,33.6,53.4,45.7
60300,60310,16.7528,516.2,33.6,53.4,45.3
60310,60320,16.7556,514.4,33.7,53.4,44.3
60320,60330,16.7583,512.3,33.7,53.4,44.3
60330,60340,16.7611,511.1,33.8,53.4,45.4
60340,60350,16.7639,509.9,33.8,53.4,44
60350,60360,16.7667,508.4,33.9,53.4,45.7
60360,60370,16.7694,506.9,33.9,53.4,43.5
60370,60380,16.7722,506.9,33.9,53.4,44.9
60380,60390,16.7750,507.2,34.0,53.4,45.2
60390,60400,16.7778,507.5,34.0,53.4,45.1
60400,60410,16.7806,507.2,34.1,53.4,44.7
60410,60420,16.7833,507.5,34.1,53.4,46.2
60420,60430,16.7861,508.4,34.1,53.4,45.3
60430,60440,16.7889,508.1,34.2,53.4,46.2
60440,60450,16.7917,507.8,34.2,53.4,44.4
60450,60460,16.7944,508.1,34.2,53.4,45.3
60460,60470,16.7972,507.8,34.3,53.4,43.9
60470,60480,16.8000,507.5,34.3,53.4,44.2
60480,60490,16.8028,507.8,34.3,53.4,44.3
60490,60500,16.8056,508.1,34.4,53.4,44.9
60500,60510,16.8083,508.4,34.4,53.4,45.2
60510,60520,16.8111,508.1,34.5,53.4,43.9
60520,60530,16.8139,508.7,34.5,53.4,44.8
60530,60540,16.8167,508.7,34.5,53.4,44.8
60540,60550,16.8194,508.7,34.6,53.4,45.7
60550,60560,16.8222,508.1,34.6,53.4,44.5
60560,60570,16.8250,508.1,34.7,53.5,45.8
60570,60580,16.8278,507.5,34.7,53.4,45.4
60580,60590,16.8306,506.3,34.7,53.5,45.4
60590,60600,16.8333,504.6,34.8,53.4,44.7
60600,60610,16.8361,503.1,34.8,53.4,44.6
60610,60620,16.8389,501.9,34.8,53.4,46.3
60620,60630,16.8417,500.4,34.9,53.5,46.1
60630,60640,16.8444,498.6,34.9,53.5,45.2
60640,60650,16.8472,496.8,34.9,53.4,46.8
60650,60660,16.8500,495.6,35.0,53.4,46.9
60660,60670,16.8528,493.8,35.0,53.4,48.3
60670,60680,16.8556,492.0,35.0,53.4,46.9
60680,60690,16.8583,490.5,35.1,53.5,47.1
60690,60700,16.8611,489.3,35.1,53.5,47.5
60700,60710,16.8639,487.8,35.2,53.5,47.8
60710,60720,16.8667,485.7,35.2,53.4,47.2
60720,60730,16.8694,483.9,35.2,53.4,46.6
60730,60740,16.8722,482.7,35.3,53.4,46.6
60740,60750,16.8750,480.9,35.3,53.5,46.2
60750,60760,16.8778,479.4,35.3,53.5,47
60760,60770,16.8806,477.6,35.4,53.5,46.5
60770,60780,16.8833,476.4,35.4,53.5,49.2
60780,60790,16.8861,474.9,35.5,53.5,49.1
60790,60800,16.8889,473.1,35.5,53.5,49.2
60800,60810,16.8917,471.6,35.5,53.5,48.6
60810,60820,16.8944,470.7,35.6,53.5,49.4
60820,60830,16.8972,469.5,35.6,53.5,49.9
60830,60840,16.9000,468.0,35.6,53.5,46.6
60840,60850,16.9028,466.2,35.7,53.5,48.9
60850,60860,16.9056,465.0,35.7,53.4,50.8
60860,60870,16.9083,463.5,35.8,53.4,49.1
60870,60880,16.9111,461.4,35.8,53.5,45.8
60880,60890,16.9139,460.2,35.8,53.5,46.5
60890,60900,16.9167,459.0,35.8,53.5,46.7
60900,60910,16.9194,458.1,35.9,53.5,46.5
60910,60920,16.9222,457.2,35.9,53.5,46.2
60920,60930,16.9250,455.7,35.9,53.5,45
60930,60940,16.9278,454.2,36.0,53.5,45.3
60940,60950,16.9306,452.7,36.0,53.5,45.8
60950,60960,16.9333,450.0,36.1,53.5,47.5
60960,60970,16.9361,447.9,36.1,53.5,50.4
60970,60980,16.9389,447.0,36.1,53.5,49
60980,60990,16.9417,445.8,36.2,53.5,49.6
60990,61000,16.9444,444.0,36.2,53.5,48.6
61000,61010,16.9472,442.8,36.2,53.5,49.4
61010,61020,16.9500,441.6,36.3,53.5,48.1
61020,61030,16.9528,440.4,36.3,53.5,51.7
61030,61040,16.9556,438.9,36.3,53.5,50.5
61040,61050,16.9583,437.7,36.4,53.5,51.2
61050,61060,16.9611,436.5,36.4,53.5,54.2
61060,61070,16.9639,435.6,36.4,53.5,52.7
61070,61080,16.9667,434.4,36.5,53.5,51.3
61080,61090,16.9694,432.9,36.5,53.5,50.8
61090,61100,16.9722,431.4,36.6,53.5,53.2
61100,61110,16.9750,429.9,36.6,53.5,55
61110,61120,16.9778,428.4,36.6,53.5,54.7
61120,61130,16.9806,427.2,36.6,53.5,57.5
61130,61140,16.9833,426.1,36.7,53.5,56.9
61140,61150,16.9861,424.9,36.7,53.5,56.6
61150,61160,16.9889,423.4,36.7,53.5,52.5
61160,61170,16.9917,421.9,36.8,53.5,52.2
61170,61180,16.9944,421.0,36.8,53.5,53.6
61180,61190,16.9972,419.8,36.9,53.5,54.4
61190,61200,17.0000,418.3,36.9,53.5,53.1
61200,61210,17.0028,416.8,36.9,53.5,51.7
61210,61220,17.0056,415.9,36.9,53.5,55.5
61220,61230,17.0083,414.7,37.0,53.5,56
61230,61240,17.0111,413.2,37.0,53.5,54.2
61240,61250,17.0139,412.0,37.0,53.5,54.3
61250,61260,17.0167,411.4,37.1,53.5,54.9
61260,61270,17.0194,410.2,37.1,53.4,54.7
61270,61280,17.0222,408.7,37.1,53.5,52.3
61280,61290,17.0250,407.5,37.2,53.5,54.2
61290,61300,17.0278,406.6,37.2,53.5,53.4
61300,61310,17.0306,405.1,37.2,53.4,52.7
61310,61320,17.0333,403.6,37.3,53.5,53.4
61320,61330,17.0361,402.4,37.3,53.6,54.2
61330,61340,17.0389,401.5,37.3,53.6,53.8
61340,61350,17.0417,400.3,37.4,53.4,53.8
