NETCARE2015/data/raw/Flight8/AIMMS_POLAR6_20150420_R1_V1_NETCARE.ict
57, 1001
Aliabadi, Amir A.
University of Guelph
AIMMS20 - 1 Hz data from the processed output file 04201549.txt
Polar 6 NETCARE
1, 2
2015, 04, 20, 2015, 06, 26
1
TimeWave, seconds
24
1, 1, 1, 1, 1, 1, 1, 1, 1, 1, 1, 1, 1, 1, 1, 1, 1, 1, 1, 1, 1, 1, 1, 1
-9999, -9999, -9999, -9999, -9999, -9999, -9999, -9999, -9999, -9999, -9999, -9999, -9999, -9999, -9999, -9999, -9999, -9999, -9999, -9999, -9999, -9999, -9999, -9999
Time_Hr, hr UTC
Temp, deg C
RH, 0-1
BP, pa
WSN, m/s
WSE, m/s
Lat, deg
Lon, deg
Alt, m
SProbN, m/s
SProbE, m/s
SProbD, m/s
Roll, deg
Pitch, deg
Heading, deg
TAS, m/s
WSD, m/s
SideslipAngle, deg
AOA, deg
SideslipDiff, none
SysStatFlag, none
WS, m/s
WSW, m/s
WD, deg
1
Values for certain parameters near the beginning and end of the data block may be 0 as the instrument may not have been recording during these start and end timestamps
18
PI_CONTACT_INFO: Address: aliabadi@uoguelph.ca
PLATFORM: Polar 6 - sampling around the aircraft
LOCATION: Location data varies as seen in this file
ASSOCIATED_DATA: 04201549.r??
INSTRUMENT_INFO: AIMMS20, Avantech, www.aventech.com
DATA_INFO: none
UNCERTAINTY: Contact manufacturer, Aventech
ULOD_FLAG: -7777
ULOD_VALUE: N/A
LLOD_FLAG: -8888
LLOD_VALUE: N/A
DM_CONTACT_INFO: Amir A. Aliabadi; University of Guelph; aliabadi@uoguelph.ca
PROJECT_INFO: Polar 6 NETCARE Spring 2015 campaign
STIPULATIONS_ON_USE: N/A
OTHER_COMMENTS: N/A
REVISION: R1
R1: corrected for start/stop times
TimeWave,Time_Hr,Temp,RH,BP,WSN,WSE,Lat,Lon,Alt,SProbN,SProbE,SProbD,Roll,Pitch,Heading,TAS,WSD,SideslipAngle,AOA,SideslipDiff,SysStatFlag,WS,WSW,WD
[from data line 6723]
63712,17.697754,-7.7399998,0.52079999,70708,12.92,-1.74,66.765343,-132.81505,2696,-65.330002,-8.1999998,-0.059999999,2.03,2.1300001,184.77,78.519997,-1.4,0.050000001,1.2484601,-0.43097001,0.54601997,13.036641,1.4,172.32985
63713,17.698032,-7.7399998,0.5219,70744,12.5,-1.91,66.764748,-132.81525,2696,-65.279999,-8.3999996,-0.19,2.1099999,2.2,184.97,78.040001,-1.29,-0.090000004,1.2559201,-0.44299001,0.54170001,12.645082,1.29,171.31241
63714,17.698311,-7.7399998,0.5187,70707,12.85,-1.79,66.76416,-132.81544,2696.5,-65.220001,-8.5699997,-0.22,1.8,2.24,185.10001,78.370003,-1.36,-0.039999999,1.25371,-0.43742001,0.54297,12.974074,1.36,172.06975
63715,17.698587,-7.75,0.51730001,70706,12.85,-1.77,66.76358,-132.81563,2696.5,-65.160004,-8.6899996,-0.25,1.53,2.22,185.24001,78.290001,-1.39,-0.090000004,1.25547,-0.44312,0.54196,12.971331,1.39,172.15724
63716,17.698866,-7.7399998,0.51770002,70736,12.51,-1.86,66.762993,-132.81583,2697,-65.120003,-8.79,-0.18000001,1.33,2.1900001,185.31,77.919998,-1.21,-0.14,1.26264,-0.44121,0.53780001,12.647518,1.21,171.54315
63717,17.699142,-7.73,0.51770002,70736,12.51,-1.8200001,66.762413,-132.81602,2697,-65.07,-8.8199997,-0.2,1.0700001,2.22,185.32001,77.919998,-1.29,-0.11,1.25778,-0.44273999,0.54062998,12.641697,1.29,171.72247
63718,17.699421,-7.75,0.51709998,70701,12.92,-1.6799999,66.761833,-132.81622,2697,-65.040001,-8.8100004,-0.20999999,0.79000002,2.28,185.31,78.300003,-1.38,-0.039999999,1.24983,-0.44305,0.54523998,13.028769,1.38,172.59134
63719,17.699699,-7.7399998,0.5165,70713,12.74,-1.75,66.761253,-132.81644,2698,-64.980003,-8.7799997,-0.34999999,0.82999998,2.47,185.27,78.050003,-1.23,-0.050000001,1.24572,-0.45120001,0.54765999,12.859631,1.23,172.17865
63720,17.699976,-7.75,0.51789999,70704,12.73,-1.75,66.760674,-132.81664,2698,-64.910004,-8.7700005,-0.46000001,1.12,2.49,185.12,78,-1.26,0.1,1.25045,-0.41973999,0.54483998,12.849723,1.26,172.17258
63721,17.700254,-7.75,0.5205,70711,12.73,-1.73,66.760078,-132.81683,2699,-64.830002,-8.7299995,-0.44999999,0.94,2.5,185.08,77.879997,-1.25,0.12,1.2523201,-0.41411999,0.54374999,12.847014,1.25,172.26094
63722,17.700531,-7.75,0.52530003,70721,12.62,-1.71,66.759499,-132.81703,2699,-64.760002,-8.6599998,-0.49000001,0.70999998,2.5599999,185.22,77.660004,-1.17,-0.050000001,1.25267,-0.44060999,0.54358,12.735325,1.17,172.28346
63723,17.700809,-7.7399998,0.5291,70715,12.66,-1.61,66.758919,-132.81723,2700,-64.68,-8.6199999,-0.56,0.67000002,2.5999999,185.38,77.660004,-1.23,-0.16,1.24852,-0.46448001,0.54607999,12.761963,1.23,172.75247
63724,17.701086,-7.75,0.53130001,70700,12.78,-1.58,66.758339,-132.81743,2700.5,-64.589996,-8.5799999,-0.58999997,0.81,2.5699999,185.32001,77.720001,-1.3200001,-0.1,1.2476799,-0.45581999,0.54653001,12.877297,1.3200001,172.95224
63725,17.701365,-7.7600002,0.53860003,70703,12.72,-1.53,66.757759,-132.81763,2701,-64.519997,-8.54,-0.52999997,0.82999998,2.49,185.12,77.580002,-1.23,0.11,1.25483,-0.41294,0.54228002,12.811687,1.23,173.14124
63726,17.701643,-7.7600002,0.54839998,70694,12.77,-1.65,66.757187,-132.81783,2702,-64.459999,-8.4799995,-0.40000001,0.92000002,2.4200001,185.03999,77.550003,-1.22,0.059999999,1.2513,-0.42607,0.54435003,12.876157,1.22,172.63765
63727,17.70192,-7.7600002,0.55650002,70715,12.57,-1.61,66.756607,-132.81802,2702,-64.400002,-8.46,-0.34999999,1.3200001,2.4100001,185.02,77.279999,-1.16,0.13,1.25121,-0.4152,0.54439998,12.672687,1.16,172.70114
63728,17.702198,-7.77,0.56279999,70691,12.75,-1.61,66.756027,-132.81821,2702.5,-64.360001,-8.4899998,-0.25999999,1.53,2.3,185.07001,77.400002,-1.29,0.11,1.25333,-0.41424999,0.54316002,12.851249,1.29,172.8031
63729,17.702475,-7.77,0.56650001,70692,12.73,-1.53,66.755463,-132.81841,2703,-64.330002,-8.54,-0.11,1.29,2.1800001,185.27,77.330002,-1.3200001,0,1.25617,-0.42794999,0.54152,12.821614,1.3200001,173.14658
63730,17.702753,-7.77,0.5722,70660,12.99,-1.4,66.754883,-132.8186,2703,-64.32,-8.5600004,0,1.05,2.1199999,185.53,77.580002,-1.37,-0.18000001,1.24772,-0.46770999,0.54654998,13.065225,1.37,173.84868
63731,17.703032,-7.7600002,0.57410002,70670,12.84,-1.46,66.754303,-132.81879,2703,-64.32,-8.6000004,0.1,0.87,2.0699999,185.64,77.5,-1.3200001,-0.30000001,1.2500401,-0.48378,0.54528999,12.92274,1.3200001,173.51292
63732,17.703308,-7.7600002,0.57690001,70689,12.67,-1.47,66.753723,-132.81898,2703,-64.32,-8.5799999,0.12,0.51999998,2.1099999,185.53999,77.370003,-1.3,-0.23999999,1.25058,-0.47290999,0.54492003,12.754992,1.3,173.38202
63733,17.703587,-7.7600002,0.57620001,70680,12.67,-1.58,66.753151,-132.81918,2703,-64.339996,-8.5,0.07,0.38,2.1700001,185.35001,77.379997,-1.27,-0.2,1.24385,-0.47643,0.54882997,12.768136,1.27,172.89168
63734,17.703863,-7.7600002,0.57480001,70696,12.65,-1.61,66.752571,-132.81937,2703,-64.339996,-8.3900003,0,0.47999999,2.2,185.05,77.349998,-1.25,0.01,1.24822,-0.43777999,0.54617,12.752043,1.25,172.74681
63735,17.704142,-7.75,0.5722,70709,12.38,-1.6900001,66.751991,-132.81956,2703,-64.339996,-8.2299995,0.039999999,0.1,2.0899999,184.88,77.010002,-1.1900001,0,1.2588,-0.42390001,0.53997999,12.494819,1.1900001,172.22658
63736,17.70442,-7.75,0.56940001,70707,12.31,-1.64,66.751419,-132.81976,2703,-64.379997,-8.0200005,0.16,-0.23,2,184.92999,76.970001,-1.1,-0.18000001,1.2596,-0.45137,0.53961003,12.418764,1.1,172.41145
63737,17.704697,-7.7600002,0.56809998,70683,12.63,-1.55,66.750839,-132.81995,2702.5,-64.410004,-7.8699999,0.22,-0.1,2,184.88,77.330002,-1.33,-0.19,1.24935,-0.46765,0.54561001,12.724755,1.33,173.00343
63738,17.704975,-7.75,0.56650001,70691,12.71,-1.5599999,66.750259,-132.82011,2702.5,-64.440002,-7.6999998,0.20999999,-0.07,2,184.67999,77.449997,-1.27,-0.13,1.24752,-0.46145001,0.54663998,12.805378,1.27,173.00262
63739,17.705252,-7.75,0.56330001,70705,12.61,-1.6799999,66.749687,-132.8203,2702.5,-64.480003,-7.52,0.20999999,0.01,1.95,184.37,77.360001,-1.34,-0.039999999,1.25219,-0.44025001,0.54386997,12.721418,1.34,172.41132
63740,17.70553,-7.75,0.56349999,70696,12.5,-1.73,66.749107,-132.82047,2702.5,-64.519997,-7.3400002,0.30000001,0.27000001,1.86,184.07001,77.300003,-1.2,0.11,1.25298,-0.41593999,0.54337001,12.619148,1.2,172.12032
63741,17.705809,-7.7399998,0.5625,70717,12.37,-1.86,66.748528,-132.82063,2702,-64.580002,-7.1799998,0.41,0.56,1.72,183.88,77.169998,-1.1900001,0.11,1.26052,-0.40470001,0.53895003,12.509057,1.1900001,171.44885
63742,17.706085,-7.75,0.56209999,70719,12.34,-1.9,66.747948,-132.82079,2701.5,-64.660004,-7.0999999,0.66000003,0.83999997,1.52,183.83,77.199997,-1.17,0.07,1.26357,-0.40604001,0.53716999,12.485415,1.17,171.24686
63743,17.706364,-7.75,0.5589,70718,12.28,-1.9299999,66.747368,-132.82095,2701,-64.75,-7.0700002,0.82999998,1.11,1.42,183.88,77.239998,-1.2,0,1.2602299,-0.42223001,0.53913999,12.430739,1.2,171.06812
63744,17.70664,-7.7399998,0.5557,70736,12.16,-2,66.746788,-132.82111,2700,-64.849998,-7.0799999,0.88999999,1.09,1.46,183.96001,77.199997,-1.2,-0.13,1.26069,-0.44159001,0.53893,12.323376,1.2,170.65997
63745,17.706919,-7.75,0.5521,70728,12.27,-1.9400001,66.746208,-132.82127,2699,-64.949997,-7.0900002,0.81999999,0.99000001,1.5599999,184.08,77.389999,-1.1799999,-0.20999999,1.25413,-0.46366999,0.54282999,12.42242,1.1799999,171.01538
63746,17.707197,-7.75,0.54879999,70722,12.43,-1.98,66.745621,-132.82143,2699,-65.019997,-7.1199999,0.69999999,0.97000003,1.67,184.10001,77.650002,-1.17,-0.25,1.2532001,-0.47202,0.54341,12.586712,1.17,170.94928
63747,17.707474,-7.75,0.54269999,70729,12.42,-1.96,66.745041,-132.82159,2698,-65.059998,-7.1300001,0.47,0.88,1.99,184.03,77.68,-1.22,-0.17,1.24298,-0.47297999,0.54931998,12.573703,1.22,171.0321
63748,17.707752,-7.7399998,0.54180002,70734,12.5,-1.98,66.744461,-132.82176,2698,-65.050003,-7.0900002,0.079999998,0.79000002,2.27,183.91,77.730003,-1.1900001,-0.090000004,1.24315,-0.46123999,0.54917997,12.655845,1.1900001,170.99913
63749,17.708029,-7.7399998,0.54100001,70747,12.46,-1.95,66.743881,-132.82191,2698,-65,-7.04,-0.28999999,0.86000001,2.54,183.83,77.660004,-1.13,-0.029999999,1.2445,-0.44904,0.54835999,12.611666,1.13,171.10532
63750,17.708307,-7.7399998,0.542,70747,12.45,-1.95,66.743294,-132.82208,2698.5,-64.910004,-6.9899998,-0.54000002,0.86000001,2.6700001,183.82001,77.519997,-1.14,-0.050000001,1.24876,-0.44690001,0.54588002,12.601786,1.14,171.09828
63751,17.708586,-7.7199998,0.54049999,70765,11.98,-2.0999999,66.742706,-132.82224,2699,-64.82,-6.9499998,-0.61000001,0.89999998,2.5999999,183.87,76.940002,-1.02,-0.20999999,1.2649,-0.44823,0.53653002,12.162663,1.02,170.05751
63752,17.708862,-7.7399998,0.54100001,70727,12.42,-1.9299999,66.742126,-132.8224,2700,-64.739998,-6.9400001,-0.47999999,0.93000001,2.46,183.89,77.339996,-1.12,-0.13,1.26054,-0.44198999,0.53902,12.569061,1.12,171.16719
63753,17.709141,-7.75,0.54339999,70738,12.29,-1.98,66.741547,-132.82256,2700,-64.68,-6.9099998,-0.36000001,0.91000003,2.4300001,183.87,77.120003,-1.09,-0.16,1.25876,-0.44927999,0.54008001,12.448474,1.09,170.84792
63754,17.709417,-7.75,0.54549998,70715,12.52,-1.9,66.740967,-132.82272,2701,-64.629997,-6.9099998,-0.33000001,0.97000003,2.4300001,183.85001,77.309998,-1.1799999,-0.090000004,1.2532901,-0.44661,0.54324001,12.663349,1.1799999,171.3708
63755,17.709696,-7.75,0.54710001,70720,12.33,-1.9299999,66.740387,-132.82288,2701,-64.57,-6.8800001,-0.33000001,0.94,2.4400001,183.85001,77.050003,-1.17,-0.12,1.25563,-0.44712001,0.54189003,12.480136,1.17,171.10374
63756,17.709974,-7.75,0.54860002,70713,12.68,-1.78,66.739807,-132.82304,2701.5,-64.529999,-6.8499999,-0.33000001,0.80000001,2.46,183.89999,77.360001,-1.25,-0.1,1.24902,-0.454,0.54575002,12.804328,1.25,172.00912
63757,17.710251,-7.75,0.55199999,70728,12.26,-1.86,66.739227,-132.8232,2702,-64.480003,-6.79,-0.34,0.56,2.4300001,183.97,76.889999,-1.1,-0.27000001,1.2596999,-0.46520001,0.53961998,12.40029,1.1,171.37328
63758,17.710529,-7.75,0.5553,70718,12.28,-1.86,66.738663,-132.82333,2702,-64.440002,-6.73,-0.2,0.46000001,2.27,183.98,76.910004,-1.04,-0.31999999,1.2652299,-0.46579999,0.53644001,12.420064,1.04,171.38712
63759,17.710806,-7.7600002,0.5571,70718,12.21,-1.83,66.738083,-132.82349,2702.5,-64.440002,-6.6599998,0.02,0.37,2.0899999,183.85001,76.839996,-1.0700001,-0.22,1.26623,-0.44854,0.53575999,12.346376,1.0700001,171.47612
63760,17.711084,-7.7600002,0.55879998,70721,12.29,-1.86,66.737503,-132.82365,2702.5,-64.470001,-6.5300002,0.22,0.23,1.97,183.67999,76.93,-1.11,-0.19,1.26244,-0.44802999,0.53794998,12.429952,1.11,171.39401
63761,17.711363,-7.7600002,0.55930001,70721,12.34,-1.85,66.736931,-132.82381,2702,-64.510002,-6.4000001,0.31999999,0.2,1.96,183.53999,77.029999,-1.09,-0.15000001,1.25617,-0.45096001,0.54158998,12.477904,1.09,171.47377
63762,17.711639,-7.7600002,0.55930001,70719,12.44,-1.87,66.736351,-132.82394,2702,-64.540001,-6.27,0.20999999,0.38,2.1700001,183.39999,77.150002,-1.13,-0.11,1.2413599,-0.46630999,0.55023998,12.579765,1.13,171.45122
63763,17.711918,-7.7600002,0.55849999,70738,12.1,-1.97,66.735771,-132.8241,2702,-64.550003,-6.1399999,-0.050000001,0.34,2.28,183.25999,76.790001,-1.17,-0.12,1.25334,-0.45161,0.54323,12.259319,1.17,170.75281
63764,17.712194,-7.75,0.5589,70746,12.12,-1.96,66.735191,-132.82423,2702,-64.540001,-5.9899998,-0.02,0.050000001,2.1199999,183.28,76.779999,-1.12,-0.27000001,1.26477,-0.45750999,0.53665,12.277459,1.12,170.81387
63765,17.712473,-7.7600002,0.56029999,70731,12.06,-1.91,66.734612,-132.82436,2702,-64.57,-5.8400002,0.16,-0.050000001,1.96,183.27,76.769997,-1.11,-0.34,1.26651,-0.46573001,0.53570002,12.210312,1.11,171.00053
63766,17.712749,-7.75,0.56160003,70715,12.21,-1.9299999,66.734039,-132.82449,2701.5,-64.610001,-5.6999998,0.33000001,-0.07,1.86,183.14,76.980003,-1.08,-0.33000001,1.2640001,-0.46878999,0.53715998,12.361594,1.08,171.01773
63767,17.713028,-7.7600002,0.56260002,70714,12.3,-2,66.733459,-132.82462,2701.5,-64.669998,-5.5599999,0.41999999,0.27000001,1.87,182.87,77.129997,-1,-0.20999999,1.25648,-0.46059999,0.54145002,12.461541,1,170.76443
63768,17.713306,-7.77,0.56120002,70735,12.35,-2.0999999,66.732872,-132.82475,2701,-64.709999,-5.46,0.31,0.89999998,1.96,182.49001,77.209999,-1.1,0.050000001,1.25159,-0.42645001,0.54418999,12.52727,1.1,170.3497
63769,17.713583,-7.7600002,0.5607,70751,12.15,-2.1600001,66.732292,-132.82487,2701,-64.75,-5.3899999,0.25999999,1.22,1.96,182.25999,77,-1.0700001,0.20999999,1.25644,-0.39447001,0.54133999,12.340507,1.0700001,169.9194
63770,17.713861,-7.75,0.55909997,70759,12,-2.22,66.731712,-132.825,2701,-64.779999,-5.3800001,0.25,1.46,1.98,182.34,76.809998,-1.0700001,0.090000004,1.2618001,-0.40509,0.53820002,12.203623,1.0700001,169.51878
63771,17.714138,-7.75,0.55909997,70734,12.22,-2.0999999,66.731133,-132.82513,2701,-64.809998,-5.4299998,0.25,1.77,1.9400001,182.63,77.080002,-1.0599999,-0.07,1.25728,-0.43724999,0.54089999,12.399129,1.0599999,170.24899
63772,17.714417,-7.7600002,0.55980003,70735,12.3,-2.0699999,66.730553,-132.82526,2700.5,-64.849998,-5.6100001,0.34,2.3099999,1.8099999,182.86,77.230003,-1.05,-0.12,1.26177,-0.43906,0.53829998,12.472967,1.05,170.44705
63773,17.714695,-7.7600002,0.55900002,70750,12.02,-2.2,66.729973,-132.82539,2700,-64.900002,-5.8600001,0.55000001,2.6800001,1.58,182.97,77,-1.05,-0.12,1.27218,-0.42361999,0.53219998,12.219673,1.05,169.62805
63774,17.714972,-7.77,0.55930001,70757,12.12,-2.1199999,66.729393,-132.82552,2699.5,-64.980003,-6.0999999,0.75,2.3699999,1.52,183.17999,77.150002,-1.13,-0.11,1.26884,-0.42686,0.53415,12.304015,1.13,170.07834
63775,17.71525,-7.75,0.56040001,70774,11.88,-2.1099999,66.728798,-132.82565,2699,-65.059998,-6.2600002,0.75999999,1.79,1.58,183.61,77,-0.99000001,-0.43000001,1.2675101,-0.47927001,0.53522998,12.065923,0.99000001,169.92876
63776,17.715527,-7.77,0.56169999,70736,12.45,-1.96,66.728218,-132.82581,2698,-65.110001,-6.4299998,0.50999999,1.53,1.89,183.92,77.690002,-1.15,-0.52999997,1.24771,-0.52318001,0.54692,12.603336,1.15,171.05338
63777,17.715805,-7.75,0.56040001,70758,12.26,-2.03,66.727638,-132.82594,2698,-65.120003,-6.5700002,0.13,1.33,2.1700001,183.86,77.559998,-1.16,-0.44,1.25103,-0.50433999,0.54487002,12.426927,1.16,170.59831
63778,17.716084,-7.7600002,0.56050003,70760,12.16,-2.0999999,66.727051,-132.8261,2698,-65.089996,-6.5900002,-0.16,0.88999999,2.3299999,183.67999,77.400002,-1.11,-0.31,1.2597899,-0.47108001,0.53960001,12.34,1.11,170.20181
63779,17.71636,-7.7600002,0.56209999,70751,12.28,-1.97,66.726471,-132.82626,2698,-65.040001,-6.5,-0.23,0.40000001,2.29,183.62,77.459999,-1.04,-0.25,1.2683901,-0.44901001,0.53451002,12.437013,1.04,170.88606
63780,17.716639,-7.75,0.56370002,70749,12.26,-1.97,66.725891,-132.82639,2698.5,-65.010002,-6.4200001,-0.13,0.70999998,2.2,183.57001,77.419998,-0.98000002,-0.23999999,1.2682101,-0.44901001,0.53461999,12.417267,0.98000002,170.87144
63781,17.716915,-7.7600002,0.56489998,70742,12.19,-1.99,66.725311,-132.82655,2698.5,-64.989998,-6.3800001,0,1.01,2.1099999,183.45,77.349998,-0.91000003,-0.15000001,1.26995,-0.43147999,0.53353,12.351364,0.91000003,170.72833
63782,17.717194,-7.7600002,0.56779999,70743,12.37,-1.96,66.724716,-132.82668,2698.5,-64.989998,-6.3600001,0.16,1.23,1.96,183.39,77.480003,-0.94999999,-0.079999998,1.27229,-0.41679001,0.53210998,12.524316,0.94999999,170.99646
63783,17.717472,-7.7600002,0.5697,70752,12.2,-2.0899999,66.724136,-132.82684,2698,-64.989998,-6.4200001,0.28999999,1.86,2.02,183.41,77.349998,-0.75,-0.11,1.26176,-0.43693,0.53829002,12.377726,0.75,170.27895
63784,17.717749,-7.7600002,0.57120001,70753,12.32,-2.0799999,66.723557,-132.827,2698,-64.959999,-6.6100001,0.11,2.78,2.25,183.37,77.449997,-0.91000003,0.14,1.2515,-0.41330001,0.54422998,12.49435,0.91000003,170.41705
63785,17.718027,-7.75,0.5711,70782,12.2,-2.1800001,66.722969,-132.82713,2698.5,-64.919998,-6.8699999,-0.11,3.1400001,2.4000001,183.47,77.230003,-0.83999997,0.18000001,1.2587301,-0.39644,0.54000002,12.39324,0.83999997,169.86882
