NETCARE2015/data/raw/Flight8/AIMMS_POLAR6_20150420_R1_V1_NETCARE.ict
57, 1001
Aliabadi, Amir A.
University of Guelph
AIMMS20 - 1 Hz data from the processed output file 04201549.txt
Polar 6 NETCARE
1, 2
2015, 04, 20, 2015, 06, 26
1
TimeWave, seconds
24
1, 1, 1, 1, 1, 1, 1, 1, 1, 1, 1, 1, 1, 1, 1, 1, 1, 1, 1, 1, 1, 1, 1, 1
-9999, -9999, -9999, -9999, -9999, -9999, -9999, -9999, -9999, -9999, -9999, -9999, -9999, -9999, -9999, -9999, -9999, -9999, -9999, -9999, -9999, -9999, -9999, -9999
Time_Hr, hr UTC
Temp, deg C
RH, 0-1
BP, pa
WSN, m/s
WSE, m/s
Lat, deg
Lon, deg
Alt, m
SProbN, m/s
SProbE, m/s
SProbD, m/s
Roll, deg
Pitch, deg
Heading, deg
TAS, m/s
WSD, m/s
SideslipAngle, deg
AOA, deg
SideslipDiff, none
SysStatFlag, none
WS, m/s
WSW, m/s
WD, deg
1
Values for certain parameters near the beginning and end of the data block may be 0 as the instrument may not have been recording during these start and end timestamps
18
PI_CONTACT_INFO: Address: aliabadi@uoguelph.ca
PLATFORM: Polar 6 - sampling around the aircraft
LOCATION: Location data varies as seen in this file
ASSOCIATED_DATA: 04201549.r??
INSTRUMENT_INFO: AIMMS20, Avantech, www.aventech.com
DATA_INFO: none
UNCERTAINTY: Contact manufacturer, Aventech
ULOD_FLAG: -7777
ULOD_VALUE: N/A
LLOD_FLAG: -8888
LLOD_VALUE: N/A
DM_CONTACT_INFO: Amir A. Aliabadi; University of Guelph; aliabadi@uoguelph.ca
PROJECT_INFO: Polar 6 NETCARE Spring 2015 campaign
STIPULATIONS_ON_USE: N/A
OTHER_COMMENTS: N/A
REVISION: R1
R1: corrected for start/stop times
TimeWave,Time_Hr,Temp,RH,BP,WSN,WSE,Lat,Lon,Alt,SProbN,SProbE,SProbD,Roll,Pitch,Heading,TAS,WSD,SideslipAngle,AOA,SideslipDiff,SysStatFlag,WS,WSW,WD
[from data line 11462]
68451,19.014053,-22.65,0.48859999,49283,5.5700002,-0.059999999,66.384651,-132.77873,5431.5,90.910004,-11.28,-2.25,2.46,3.49,351.72,86.209999,-1.21,0.89999998,1.26127,-0.27882001,0.53912002,5.5703235,1.21,179.38283
68452,19.01433,-22.58,0.4844,49376,8.3400002,0.34999999,66.38546,-132.77898,5433,90.860001,-11.29,-0.62,1.78,2.04,351.37,83.32,-0.18000001,0.64999998,1.35472,-0.18454,0.48444,8.3473406,0.18000001,182.40309
68453,19.014608,-22.700001,0.48730001,49210,6.0799999,-0.2,66.386276,-132.77924,5433,91.019997,-11.39,1.4400001,1.4400001,0.63,351.63,85.660004,-0.98000002,0.93000001,1.30969,-0.20531,0.51108003,6.0832887,0.98000002,178.11595
68454,19.014885,-22.68,0.4858,49230,6.5,-0.46000001,66.387093,-132.77948,5431,91.290001,-11.5,2.74,0.89999998,0.62,351.91,85.529999,-1.3,0.73000002,1.25494,-0.31531,0.54255998,6.5162568,1.3,175.95197
68455,19.015163,-22.700001,0.48519999,49311,6.7600002,-0.40000001,66.387909,-132.77974,5428.5,91.580002,-11.75,2.76,0.029999999,0.88,352.12,85.660004,-0.83999997,0.25999999,1.23074,-0.42357999,0.55637997,6.7718244,0.83999997,176.61366
68456,19.015442,-22.75,0.48660001,49225,5.5300002,-0.86000001,66.388733,-132.78001,5426,91.870003,-11.96,2.6199999,0.47,1.04,351.85999,87.25,-1.47,0.83999997,1.2007,-0.37515,0.57432002,5.5964723,1.47,171.16043
68457,19.015718,-22.709999,0.48730001,49290,6.3400002,0.11,66.389557,-132.78027,5423.5,92.07,-12.21,2.01,0.85000002,1.6799999,351.39999,86.699997,-1.21,0.47999999,1.2019,-0.43099999,0.57332999,6.3409543,1.21,180.99399
68458,19.015997,-22.700001,0.4862,49389,6.52,-0.20999999,66.390381,-132.78055,5422,92.199997,-12.4,1.25,0.34,1.8200001,351.20999,86.580002,-1.12,0.70999998,1.23765,-0.34294,0.55261999,6.5233812,1.12,178.15523
68459,19.016273,-22.690001,0.48550001,49386,6.4499998,-0.079999998,66.391212,-132.78082,5421,92.330002,-12.7,1.1,0.38999999,1.45,351.10001,86.839996,-1.03,0.56,1.25396,-0.34279999,0.54295999,6.4504957,1.03,179.2894
68460,19.016552,-22.66,0.48379999,49344,7.71,-0.46000001,66.392036,-132.78111,5420,92.449997,-12.75,1.2,2.25,1.89,351.06,85.699997,-1.51,0.83999997,1.22249,-0.34529999,0.56159002,7.7237101,1.51,176.58562
68461,19.01683,-22.74,0.4883,49289,5.23,-0.75,66.39286,-132.78139,5418.5,92.489998,-13.01,0.56999999,-0.34,2.4200001,351.22,88.059998,-1.5,0.75999999,1.21209,-0.37268001,0.56756997,5.2835026,1.5,171.83922
68462,19.017107,-22.709999,0.48570001,49319,6.5999999,-0.63,66.3937,-132.78169,5418.5,92.440002,-13.35,0.34,-1.4400001,2.54,351.41,86.800003,-0.47,0.079999998,1.2516201,-0.42166001,0.54416001,6.6300001,0.47,174.54738
68463,19.017385,-22.690001,0.48480001,49366,6.9099998,-0.47999999,66.394524,-132.78198,5418.5,92.43,-13.57,0.1,1.0700001,2.48,351.19,86.610001,-0.47,0.16,1.24651,-0.41729999,0.54715002,6.9266515,0.47,176.02635
68464,19.017662,-22.65,0.48339999,49384,8.1199999,-0.36000001,66.395348,-132.78229,5418,92.43,-13.58,0.12,0.91000003,2.6300001,350.48999,85.449997,-0.93000001,0.66000003,1.24954,-0.33412999,0.54562998,8.1279764,0.93000001,177.46146
68465,19.017941,-22.700001,0.48640001,49308,6.4000001,-0.72000003,66.396179,-132.78259,5418.5,92.32,-13.96,-0.33000001,-0.41,3.0999999,350.20001,86.910004,-1.26,1.01,1.2093101,-0.33612999,0.56950003,6.4403729,1.26,173.58121
68466,19.018219,-22.67,0.48449999,49333,6.9299998,-0.68000001,66.397011,-132.78291,5419.5,92.150002,-14.32,-0.80000001,-0.63,3.27,350.42999,86.279999,-1.5599999,0.44,1.21157,-0.42263001,0.56765002,6.9632821,1.5599999,174.39584
68467,19.018496,-22.700001,0.484,49329,6.5700002,-0.88,66.397827,-132.78323,5420,92.010002,-14.73,-0.69999999,-1.12,2.6400001,350.5,86.550003,-1.04,0.23,1.2543401,-0.39455,0.54256999,6.6286726,1.04,172.37108
68468,19.018774,-22.700001,0.48289999,49275,7.0900002,-0.54000002,66.398651,-132.78355,5420.5,92.010002,-14.9,0.27000001,0.11,2.26,350.22,86.25,-0.79000002,0.18000001,1.24863,-0.41049999,0.54591,7.1105347,0.79000002,175.64456
68469,19.019051,-22.75,0.486,49198,5.8400002,0.11,66.399483,-132.78389,5420,91.980003,-14.98,0.059999999,1.52,3.23,349.37,87.650002,-1.05,0.80000001,1.17528,-0.41856,0.5891,5.8410358,1.05,181.07907
68470,19.019329,-22.690001,0.48410001,49324,7.21,-0.07,66.400307,-132.78423,5421,91.779999,-15.01,-1.45,1.78,4.3600001,348.51999,85.93,-1.85,1.61,1.16045,-0.31318,0.59887999,7.21034,1.85,179.44374
68471,19.019606,-22.66,0.48210001,49416,7.5599999,-0.23999999,66.401123,-132.78456,5423,91.480003,-15.34,-2.05,0.56,4.1700001,348.60001,85.139999,-0.36000001,1.23,1.24904,-0.2447,0.54680997,7.5638084,0.36000001,178.1817
68472,19.019884,-22.629999,0.4808,49390,8.0900002,-0.70999998,66.401939,-132.7849,5425,91.220001,-15.42,-1.76,1.33,4.0599999,349.54999,84.290001,-0.23999999,0.49000001,1.24856,-0.36217001,0.54606003,8.1210966,0.23999999,174.98442
68473,19.020163,-22.639999,0.48359999,49330,7.9699998,0.37,66.402763,-132.78525,5427,91.099998,-15.22,-1.78,2.1600001,3.6700001,350.07001,84.589996,-1.26,-0.56999999,1.2243,-0.56269997,0.56064999,7.9785838,1.26,182.65799
68474,19.020439,-22.700001,0.4826,49314,7.2800002,-0.41999999,66.40358,-132.78558,5428,91.040001,-14.93,-1.0599999,2.3699999,3.28,349.64999,85.120003,-0.67000002,0.64999998,1.26657,-0.31118,0.53569001,7.2921057,0.67000002,176.69814
68475,19.020718,-22.719999,0.4824,49270,6.8000002,-0.73000002,66.404388,-132.78592,5429,90.93,-15.1,-0.83999997,0.73000002,3.3800001,349.32001,85.32,-1.35,1.04,1.2127,-0.32754999,0.56756997,6.8390718,1.35,173.87259
68476,19.020994,-22.68,0.48280001,49272,6.6799998,-0.81,66.405212,-132.78625,5430.5,90.809998,-15.35,-0.88999999,0.22,3.3800001,349.66,85.300003,-1.25,0.55000001,1.2108001,-0.40651,0.56817001,6.72893,1.25,173.08621
68477,19.021273,-22.620001,0.4826,49354,8.3999996,-0.79000002,66.406021,-132.78661,5431,90.730003,-15.48,-0.82999998,0.66000003,3.3900001,349.89999,83.629997,-0.50999999,0.02,1.23956,-0.44940001,0.55124003,8.437067,0.50999999,174.62727
68478,19.021551,-22.66,0.484,49310,7.4200001,-0.98000002,66.40683,-132.78694,5432,90.75,-15.55,-0.23,0.94,2.1099999,349.64999,84.669998,-1.08,0.47999999,1.27823,-0.32045999,0.52872998,7.4844375,1.08,172.47618
68479,19.021828,-22.68,0.48390001,49231,7.2800002,-0.88,66.407654,-132.78729,5431.5,90.910004,-15.73,1.5,0.83999997,0.92000002,349.20001,85.040001,-0.94999999,0.76999998,1.2883101,-0.26058999,0.52319002,7.332994,0.94999999,173.10757
68480,19.022106,-22.65,0.4842,49288,8.1700001,-1.0700001,66.408463,-132.78764,5430,91.169998,-16,2.48,0.80000001,0.68000001,348.98001,84.400002,-0.60000002,0.86000001,1.26644,-0.27824,0.53604001,8.2397699,0.60000002,172.53862
68481,19.022383,-22.66,0.4887,49290,7.3899999,-0.94,66.409279,-132.78799,5427.5,91.5,-16.16,2.6300001,2.3599999,0.83999997,349.17999,85.510002,-0.76999998,0.69,1.23327,-0.35220999,0.55515999,7.4495435,0.76999998,172.75096
68482,19.022661,-22.68,0.4903,49321,7.21,-0.92000002,66.410103,-132.78836,5425,91.879997,-16.01,2.48,3.26,0.73000002,349.54999,86.010002,-1.16,0.51999998,1.24602,-0.36070001,0.54756999,7.2684593,1.16,172.72832
68483,19.02294,-22.68,0.49219999,49331,7.48,-0.79000002,66.410927,-132.78871,5422.5,92.290001,-15.74,2.2,3.5,0.88,349.89001,86.160004,-1.34,0.31,1.23648,-0.40711001,0.55304003,7.5216022,1.34,173.97105
68484,19.023216,-22.76,0.49630001,49249,6.1399999,-0.56999999,66.411751,-132.78906,5420.5,92.690002,-15.42,2.4300001,3.99,0.25999999,349.95001,87.910004,-1.7,0.52999997,1.25528,-0.34654999,0.54215997,6.1664009,1.7,174.69621
68485,19.023495,-22.73,0.49919999,49250,7.0599999,-0.85000002,66.41259,-132.7894,5417.5,93.120003,-15.07,3.3,4.75,0.41999999,350.01999,87.300003,-0.74000001,0.85000002,1.25128,-0.30210999,0.54483998,7.1109843,0.74000001,173.13483
68486,19.023771,-22.68,0.49959999,49382,8.1300001,-0.43000001,66.413429,-132.78973,5415,93.459999,-14.66,2.1099999,3.47,2.1300001,350.32001,86.470001,-0.62,0.44999999,1.20899,-0.42467999,0.56917,8.1413641,0.62,176.97241
68487,19.02405,-22.690001,0.50309998,49386,7.1999998,-0.23,66.414261,-132.79005,5414,93.489998,-14.51,-0.22,1.49,3.71,350.60001,87.480003,-1.04,0.11,1.17722,-0.52442002,0.58771002,7.2036724,1.04,178.17033
68488,19.024328,-22.690001,0.50660002,49371,6.8899999,-0.75999999,66.4151,-132.79037,5415,93.25,-14.59,-1.89,0.72000003,4.1700001,350.35999,87.5,-1.2,0.58999997,1.21167,-0.39965999,0.56768,6.9317889,1.2,173.70544
68489,19.024605,-22.68,0.51160002,49336,6.3200002,-0.93000001,66.415939,-132.79071,5417,92.910004,-14.82,-2.5699999,0.47999999,4.2600002,350.14001,87.75,-0.97000003,0.77999997,1.23919,-0.33026001,0.55180001,6.3880591,0.97000003,171.62889
68490,19.024883,-22.700001,0.51139998,49277,6.0599999,-1.14,66.416771,-132.79105,5420,92.589996,-15,-2.4400001,0.73000002,3.95,350.19,87.610001,-1.02,0.75999999,1.25899,-0.30531999,0.54022998,6.1662955,1.02,169.3461
68491,19.02516,-22.700001,0.51239997,49251,5.7800002,-1.4,66.417587,-132.79138,5422,92.339996,-15.19,-1.78,0.11,3.3299999,350.39001,87.620003,-0.50999999,0.56999999,1.29347,-0.28516999,0.51991999,5.947134,0.50999999,166.38435
68492,19.025438,-22.75,0.50459999,49296,5.7600002,-1.64,66.418419,-132.79172,5423.5,92.190002,-15.4,-1.4,-0.23999999,3.0699999,350.48999,87.519997,-0.94999999,0.46000001,1.27373,-0.331,0.53132999,5.9889235,0.94999999,164.10716
68493,19.025717,-22.709999,0.50880003,49298,7.1300001,-0.98000002,66.41925,-132.79207,5425,92.080002,-15.59,-0.73000002,0.23,2.6199999,350.20999,86.279999,-0.41,0.039999999,1.29326,-0.36809,0.51980001,7.1970344,0.41,172.17387
68494,19.025993,-22.700001,0.51520002,49273,6.9699998,-1.03,66.420067,-132.7924,5425.5,92.050003,-15.78,0.039999999,0.66000003,2.1500001,349.60999,86.470001,-0.44,0.58999997,1.28979,-0.28744999,0.52208,7.0456934,0.44,171.59389
68495,19.026272,-22.700001,0.51920003,49245,6.4499998,-0.38999999,66.420898,-132.79277,5425,92.080002,-15.91,0.51999998,1.95,2.22,349.13,87.099998,-0.50999999,0.69,1.25449,-0.32280001,0.54277003,6.4617796,0.50999999,176.53981
68496,19.026548,-22.709999,0.5226,49264,6.2399998,-0.38999999,66.421722,-132.79312,5425,92.099998,-15.9,0.41,2.9200001,2.5999999,349.07999,87.230003,-0.14,0.82999998,1.24685,-0.31104001,0.5474,6.2521753,0.14,176.42366
68497,19.026827,-22.74,0.52499998,49220,5.0900002,-0.63999999,66.422546,-132.79347,5425,92.089996,-15.67,-0.050000001,3.3800001,2.8900001,349.5,88.18,-0.91000003,0.91000003,1.2263499,-0.32883,0.55944002,5.1300783,0.91000003,172.83342
68498,19.027105,-22.73,0.52460003,49276,5.7800002,-0.40000001,66.42337,-132.79382,5425,92.07,-15.44,-0.56999999,1.83,2.9200001,349.97,87.519997,-1.29,0.25,1.25252,-0.39322999,0.54364002,5.7938247,1.29,176.0412
68499,19.027382,-22.74,0.52539998,49266,6.3000002,-0.23999999,66.424202,-132.79416,5426,92.050003,-15.48,-0.34999999,0.17,2.4000001,350.07001,87.089996,-0.99000001,-0.14,1.27978,-0.4154,0.52776998,6.3045702,0.99000001,177.81836
68500,19.02766,-22.74,0.51969999,49290,7.4899998,0.23,66.425018,-132.79451,5426,92.010002,-15.79,0.28999999,-1.11,2.1099999,349.70001,86.110001,-0.13,-0.47999999,1.29943,-0.44157001,0.51665998,7.4935303,0.13,181.75887
68501,19.027937,-22.780001,0.52630001,49217,5.9899998,-0.28,66.42585,-132.79488,5425.5,91.980003,-16.18,0.62,-0.70999998,2.0799999,349.16,87.550003,-0.77999997,0.33000001,1.25497,-0.37738001,0.54223001,5.9965405,0.77999997,177.32368
68502,19.028215,-22.75,0.52929997,49254,6.5999999,-0.19,66.426666,-132.79523,5425.5,91.959999,-16.59,0.47999999,-0.029999999,2.52,348.5,87.040001,-0.77999997,0.62,1.22886,-0.36937001,0.55767,6.6027341,0.77999997,178.35103
68503,19.028494,-22.75,0.53109998,49197,6.2800002,0.28,66.42749,-132.79561,5425,91.839996,-16.969999,-0.2,0.52999997,3.22,348.17999,87.300003,-0.94999999,0.47,1.18885,-0.45170999,0.58095002,6.2862391,0.94999999,182.5529
68504,19.02877,-22.73,0.52399999,49451,7.5999999,-0.41999999,66.428307,-132.79599,5426,91.739998,-17.110001,-1.5599999,1.39,3.4000001,348.23999,85.709999,-1.4,0.62,1.23332,-0.36333001,0.55506003,7.6115961,1.4,176.83687
68505,19.029049,-22.77,0.52740002,49287,7.1799998,-0.38,66.429138,-132.79637,5427,91.68,-17.139999,-0.63999999,1.03,2.1600001,348.67999,86.07,-0.75,0.13,1.31524,-0.32196999,0.50692999,7.1900487,0.75,176.97046
68506,19.029325,-22.76,0.53420001,49254,6.75,-0.79000002,66.429962,-132.79675,5427.5,91.760002,-17.24,0.56999999,0.67000002,1.37,348.95999,86.57,-0.88,0.12,1.30335,-0.34103999,0.51389003,6.7960725,0.88,173.32465
68507,19.029604,-22.76,0.53979999,49198,6.4000001,-0.52999997,66.430794,-132.79713,5426.5,91.949997,-17.299999,1.74,1.16,0.72000003,348.79999,87.269997,-0.88,0.16,1.2912199,-0.35255,0.52099001,6.4219079,0.88,175.26599
68508,19.029882,-22.719999,0.5413,49257,7.5999999,0,66.43161,-132.79752,5424.5,92.199997,-17.360001,2.9100001,1.37,0.25,348.34,86.5,-0.079999998,0.12,1.31135,-0.33024999,0.50920999,7.5999999,0.079999998,180
68509,19.030159,-22.790001,0.53299999,49246,7.6999998,-0.22,66.432426,-132.79791,5422,92.57,-17.48,2.8499999,2,0.01,347.84,86.82,-2.1700001,0.76999998,1.23717,-0.33405,0.55296999,7.7031422,2.1700001,178.36342
68510,19.030437,-22.809999,0.53729999,49220,6.8899999,-0.19,66.433273,-132.79829,5419,92.910004,-17.68,3,1.79,0.51999998,347.64001,87.849998,-0.97000003,0.97000003,1.2367899,-0.30434999,0.55343997,6.8926191,0.97000003,178.42039
68511,19.030714,-22.719999,0.54149997,49409,7.96,-0.5,66.434097,-132.79871,5416,93.129997,-17.719999,1.28,2.01,2.4300001,348,86.790001,-0.88999999,0.72000003,1.20557,-0.38826001,0.57134002,7.975688,0.88999999,176.40575
68512,19.030993,-22.76,0.54629999,49320,6.27,-0.1,66.434937,-132.7991,5416,93.07,-17.719999,-0.63,0.85000002,3.3099999,348.64999,88.489998,-1.2,-0.07,1.21067,-0.50470001,0.56818002,6.2707973,1.2,179.08627
68513,19.031269,-22.74,0.54710001,49337,6.8400002,-0.1,66.435768,-132.79948,5417,92.919998,-17.66,-1.67,1.11,3.4400001,348.73999,87.889999,-1.29,-0.20999999,1.24387,-0.47828001,0.54882997,6.8407311,1.29,179.1624
68514,19.031548,-22.709999,0.54659998,49304,7.1700001,-0.059999999,66.4366,-132.79988,5419,92.610001,-17.67,-2.3800001,0.93000001,4.6900001,348.35999,87.32,-0.37,0.050000001,1.2317899,-0.45513999,0.55577999,7.1702509,0.37,179.52055
68515,19.031826,-22.68,0.54659998,49391,7.1999998,-1,66.437431,-132.80028,5422,92.080002,-17.690001,-3.79,0.81,5.4400001,348.03,86.629997,-0.47999999,0.89999998,1.238,-0.31369001,0.55264002,7.2691126,0.47999999,172.09283
68516,19.032103,-22.690001,0.54869998,49280,6.5900002,0.1,66.438248,-132.80067,5426,91.610001,-17.790001,-3.8,0.60000002,4.6700001,347.85999,86.919998,-0.94,0.28999999,1.27536,-0.35549,0.53029001,6.5907588,0.94,180.86937
68517,19.032381,-22.73,0.54900002,49260,6.3600001,-0.079999998,66.439072,-132.80107,5430,91.309998,-17.879999,-2.9000001,0.93000001,3.5999999,347.78,86.849998,-0.57999998,0.41999999,1.3112,-0.28303999,0.50942999,6.3605032,0.57999998,179.27934
68518,19.032658,-22.709999,0.54830003,49212,6.6700001,-0.31999999,66.439888,-132.80147,5432,91.120003,-17.92,-1.98,0.88,3.52,347.67999,86.269997,-0.97000003,0.58999997,1.27773,-0.30496001,0.52912003,6.6776719,0.97000003,177.25328
68519,19.032936,-22.700001,0.5499,49196,6.8699999,-0.5,66.440697,-132.80186,5434,90.959999,-18.1,-1.21,0.50999999,3.21,347.73001,85.879997,-0.47,0.47,1.2735699,-0.3294,0.53144002,6.8881707,0.47,175.83734
68520,19.033215,-22.74,0.55190003,49161,5.73,-0.40000001,66.441521,-132.80228,5435,90.790001,-18.190001,-1.1900001,0.88,3.6099999,347.84,86.889999,-0.89999998,0.40000001,1.22426,-0.41165999,0.56022,5.7439446,0.89999998,176.00677
68521,19.033491,-22.74,0.55339998,49177,6.0500002,0.36000001,66.442329,-132.80267,5437,90.629997,-18.200001,-1.23,1.25,3.3699999,347.75,86.629997,-1.02,-0.059999999,1.23656,-0.46485001,0.55302,6.0607014,1.02,183.40532
68522,19.03377,-22.74,0.54839998,49206,7.46,0.49000001,66.443138,-132.80309,5438,90.610001,-18.17,-0.89999998,1.6,2.5999999,347.31,85.300003,-1.53,0.13,1.2481101,-0.41979,0.54620999,7.4760752,1.53,183.758
