NETCARE2015/data/raw/Flight8/AIMMS_POLAR6_20150420_R1_V1_NETCARE.ict
57, 1001
Aliabadi, Amir A.
University of Guelph
AIMMS20 - 1 Hz data from the processed output file 04201549.txt
Polar 6 NETCARE
1, 2
2015, 04, 20, 2015, 06, 26
1
TimeWave, seconds
24
1, 1, 1, 1, 1, 1, 1, 1, 1, 1, 1, 1, 1, 1, 1, 1, 1, 1, 1, 1, 1, 1, 1, 1
-9999, -9999, -9999, -9999, -9999, -9999, -9999, -9999, -9999, -9999, -9999, -9999, -9999, -9999, -9999, -9999, -9999, -9999, -9999, -9999, -9999, -9999, -9999, -9999
Time_Hr, hr UTC
Temp, deg C
RH, 0-1
BP, pa
WSN, m/s
WSE, m/s
Lat, deg
Lon, deg
Alt, m
SProbN, m/s
SProbE, m/s
SProbD, m/s
Roll, deg
Pitch, deg
Heading, deg
TAS, m/s
WSD, m/s
SideslipAngle, deg
AOA, deg
SideslipDiff, none
SysStatFlag, none
WS, m/s
WSW, m/s
WD, deg
1
Values for certain parameters near the beginning and end of the data block may be 0 as the instrument may not have been recording during these start and end timestamps
18
PI_CONTACT_INFO: Address: aliabadi@uoguelph.ca
PLATFORM: Polar 6 - sampling around the aircraft
LOCATION: Location data varies as seen in this file
ASSOCIATED_DATA: 04201549.r??
INSTRUMENT_INFO: AIMMS20, Avantech, www.aventech.com
DATA_INFO: none
UNCERTAINTY: Contact manufacturer, Aventech
ULOD_FLAG: -7777
ULOD_VALUE: N/A
LLOD_FLAG: -8888
LLOD_VALUE: N/A
DM_CONTACT_INFO: Amir A. Aliabadi; University of Guelph; aliabadi@uoguelph.ca
PROJECT_INFO: Polar 6 NETCARE Spring 2015 campaign
STIPULATIONS_ON_USE: N/A
OTHER_COMMENTS: N/A
REVISION: R1
R1: corrected for start/stop times
TimeWave,Time_Hr,Temp,RH,BP,WSN,WSE,Lat,Lon,Alt,SProbN,SProbE,SProbD,Roll,Pitch,Heading,TAS,WSD,SideslipAngle,AOA,SideslipDiff,SysStatFlag,WS,WSW,WD
[from data line 12276]
69265,19.240377,-11.09,0.26100001,60229,5.1900001,1.66,67.052452,-133.02882,3945.5,84.540001,-10.92,2.6900001,-0.81,0.43000001,350.63,80.519997,-1.22,0.31,1.23878,-0.40389001,0.55168998,5.4490089,1.22,197.73666
69266,19.240656,-11.04,0.26089999,60317,6.0799999,1.8,67.0532,-133.02908,3943,84.440002,-11.32,2.3900001,-0.76999998,0.69999999,350.23001,79.599998,-0.88999999,0.23,1.25034,-0.40079999,0.54491001,6.3408518,0.88999999,196.49153
69267,19.240934,-11.04,0.26109999,60269,5.0700002,1.71,67.053963,-133.02934,3940.5,84.309998,-11.72,2.1099999,-0.75999999,0.83999997,349.91,80.489998,-1.22,0.43000001,1.2366101,-0.38870001,0.55300999,5.3506074,1.22,198.63812
69268,19.241211,-10.99,0.26140001,60345,5.8299999,1.75,67.05471,-133.02962,3938.5,84.150002,-12.08,2.02,-0.62,0.85000002,349.70999,79.610001,-0.95999998,0.25,1.2560199,-0.38962999,0.54158998,6.0869861,0.95999998,196.70827
69269,19.241489,-10.99,0.2608,60322,5.3800001,1.79,67.055473,-133.02991,3936.5,84.010002,-12.38,2.04,-0.31,0.79000002,349.54999,79.980003,-1.0700001,0.22,1.25124,-0.40095001,0.54439002,5.6699648,1.0700001,198.403
69270,19.241766,-10.97,0.26100001,60341,5.4000001,1.83,67.056221,-133.0302,3934.5,83.889999,-12.6,2.1700001,0.079999998,0.69999999,349.31,79.919998,-1.09,0.28,1.25184,-0.39050001,0.54404998,5.7016578,1.09,198.72095
69271,19.242044,-10.95,0.2617,60352,5.3299999,1.78,67.056969,-133.03049,3932.5,83.779999,-12.81,2.3,0.28999999,0.62,349.10999,79.889999,-1.0599999,0.36000001,1.2515,-0.37742999,0.54426998,5.6193681,1.0599999,198.46719
69272,19.242323,-10.93,0.26159999,60381,5.5900002,1.8200001,67.057716,-133.03078,3930.5,83.709999,-12.99,2.4300001,0.27000001,0.56999999,349.03,79.580002,-1.0599999,0.23999999,1.25559,-0.39065,0.54184002,5.878818,1.0599999,198.03429
69273,19.242599,-10.91,0.2613,60388,5.3499999,1.78,67.058472,-133.03107,3928,83.629997,-13.19,2.4400001,0.050000001,0.63,349.06,79.769997,-1.1,0.12,1.2460901,-0.4237,0.54738998,5.6383419,1.1,198.40282
69274,19.242878,-10.89,0.2615,60410,5.3600001,1.73,67.059219,-133.03137,3925.5,83.559998,-13.36,2.4200001,0.18000001,0.63,348.98999,79.75,-1.1,0.1,1.2439899,-0.42941001,0.54863,5.6322732,1.1,197.88806
69275,19.243155,-10.88,0.26199999,60402,5.0599999,1.73,67.059967,-133.03168,3923,83.5,-13.52,2.4100001,0.30000001,0.60000002,348.75,80.050003,-1.26,0.27000001,1.2412601,-0.40706,0.55023003,5.3475695,1.26,198.87541
69276,19.243433,-10.86,0.26140001,60440,5.0999999,1.79,67.060707,-133.03198,3921,83.419998,-13.67,2.52,0.56999999,0.51999998,348.45999,79.980003,-1.13,0.40000001,1.2424901,-0.38420999,0.54956001,5.4050069,1.13,199.34007
69277,19.24371,-10.86,0.26109999,60435,4.8499999,1.89,67.061462,-133.0323,3918,83.379997,-13.76,2.7,1.3099999,0.31999999,348.26001,80.199997,-1.16,0.54000002,1.24427,-0.36037999,0.54860002,5.2052474,1.16,201.29041
69278,19.243988,-10.83,0.26140001,60475,5.1900001,1.89,67.06221,-133.03262,3915.5,83.410004,-13.78,2.9400001,1.87,0.14,348.28,79.839996,-1.0700001,0.47999999,1.25211,-0.35777,0.54398,5.5234227,1.0700001,200.00969
69279,19.244267,-10.81,0.2615,60496,4.9899998,1.89,67.062958,-133.03294,3912.5,83.449997,-13.68,3.1500001,2.3,0.059999999,348.54999,80.040001,-1.13,0.36000001,1.2447,-0.38872999,0.54825002,5.3359346,1.13,200.74455
69280,19.244543,-10.8,0.26190001,60491,4.8800001,1.83,67.063713,-133.03323,3909.5,83.559998,-13.48,3.22,2.5999999,-0.01,348.87,80.230003,-1.25,0.25999999,1.24323,-0.40623999,0.54908001,5.2118425,1.25,200.55605
69281,19.244822,-10.78,0.26140001,60516,4.9899998,1.8200001,67.064461,-133.03355,3906,83.660004,-13.28,3.2,2.4400001,0.079999998,349.17001,80.199997,-1.25,0.11,1.24282,-0.43044001,0.54931003,5.3115439,1.25,200.03841
69282,19.245098,-10.75,0.26210001,60554,4.7800002,1.78,67.065208,-133.03384,3903,83.720001,-13.1,2.99,2.0699999,0.34,349.35999,80.410004,-1.28,0.079999998,1.2318701,-0.45023,0.55571997,5.100667,1.28,200.42458
69283,19.245377,-10.72,0.26210001,60581,5,1.76,67.065964,-133.03416,3900,83.769997,-12.96,2.7,2.01,0.50999999,349.44,80.220001,-1.24,0.090000004,1.23431,-0.44553,0.55429,5.3007169,1.24,199.39207
69284,19.245655,-10.69,0.26140001,60631,5.3899999,1.76,67.066711,-133.03445,3898,83.779999,-12.82,2.47,2.0999999,0.66000003,349.42001,79.809998,-1.12,0.16,1.24025,-0.42499,0.55080998,5.6700706,1.12,198.08345
69285,19.245932,-10.67,0.2622,60621,4.96,1.77,67.067459,-133.03474,3895,83.75,-12.7,2.3199999,2.04,0.72000003,349.37,80.169998,-1.24,0.34,1.2377,-0.40123001,0.55233002,5.2663555,1.24,199.63919
69286,19.24621,-10.66,0.26230001,60620,4.7399998,1.83,67.068207,-133.03503,3893,83.699997,-12.6,2.3099999,1.91,0.72000003,349.42999,80.349998,-1.24,0.31999999,1.23909,-0.40154001,0.55151999,5.0809937,1.24,201.11038
69287,19.246487,-10.63,0.26190001,60634,4.6799998,1.8,67.068962,-133.03532,3891,83.660004,-12.51,2.3299999,1.85,0.68000001,349.57001,80.309998,-1.33,0.27000001,1.23747,-0.4131,0.55245,5.0142198,1.33,201.03751
69288,19.246765,-10.6,0.26199999,60692,5.3800001,1.77,67.06971,-133.03561,3889,83.620003,-12.4,2.3900001,1.84,0.62,349.69,79.610001,-1.02,0.14,1.24997,-0.4149,0.54512,5.6636825,1.02,198.21101
69289,19.247044,-10.58,0.26230001,60707,5.4200001,1.8,67.070457,-133.03587,3886,83.589996,-12.3,2.54,1.86,0.52999997,349.73999,79.519997,-1.02,0.14,1.2517101,-0.4118,0.54409999,5.7110772,1.02,198.37149
69290,19.24732,-10.56,0.26190001,60711,4.98,1.83,67.071213,-133.03616,3884,83.599998,-12.21,2.6700001,1.8200001,0.41999999,349.73999,79.959999,-1.15,0.23,1.2445199,-0.40900001,0.54832,5.3055916,1.15,200.17686
69291,19.247599,-10.55,0.2624,60708,4.6199999,1.76,67.07196,-133.03645,3881,83.599998,-12.14,2.77,1.8,0.31999999,349.76001,80.300003,-1.36,0.36000001,1.23745,-0.39844,0.55249,4.9438848,1.36,200.85446
69292,19.247875,-10.51,0.26140001,60760,5.4099998,1.8200001,67.072708,-133.03671,3878,83.620003,-12.09,2.9200001,1.71,0.22,349.79999,79.519997,-1.1,0.20999999,1.25177,-0.40182,0.54407001,5.7079329,1.1,198.59366
69293,19.248154,-10.51,0.2626,60760,4.8899999,1.71,67.073463,-133.03699,3875,83.650002,-12.04,3.1199999,1.66,0.090000004,349.89001,80.050003,-1.24,0.30000001,1.24132,-0.40294001,0.55019999,5.1803665,1.24,199.27438
69294,19.248432,-10.45,0.26190001,60813,5.48,1.6900001,67.074211,-133.03728,3872,83.699997,-12.02,3.23,1.22,0.07,349.97,79.519997,-1.11,0.16,1.2507499,-0.41139001,0.54466999,5.7346754,1.11,197.13945
69295,19.248709,-10.46,0.26159999,60813,5.2399998,1.62,67.074951,-133.03754,3868.5,83.739998,-12.12,3.24,0.28,0.13,350.12,79.769997,-1.17,-0.029999999,1.2445101,-0.44896999,0.54834998,5.4847059,1.17,197.17953
69296,19.248987,-10.43,0.26199999,60835,5.0900002,1.62,67.075706,-133.03783,3865.5,83.75,-12.28,3.22,-0.2,0.14,350.17999,80,-1.12,-0.20999999,1.23974,-0.48513001,0.55124998,5.3415823,1.12,197.65477
69297,19.249264,-10.42,0.26199999,60856,5.1799998,1.73,67.076462,-133.03812,3862.5,83.760002,-12.45,3.23,-0.13,0.07,349.87,80.059998,-1.21,-0.11,1.24112,-0.46715999,0.55037999,5.4612541,1.21,198.46812
69298,19.249542,-10.39,0.26199999,60893,5.25,1.8,67.077209,-133.03841,3859.5,83.760002,-12.7,3.3299999,-0.31999999,-0.029999999,349.32001,80.059998,-1.26,0.2,1.2437201,-0.41492,0.54878002,5.5500002,1.26,198.92464
69299,19.249821,-10.38,0.26199999,60892,4.9400001,1.77,67.077957,-133.0387,3856,83.739998,-13.07,3.45,-0.82999998,-0.12,348.89999,80.360001,-1.3,0.38999999,1.24194,-0.38734999,0.54987001,5.2475233,1.3,199.71259
69300,19.250097,-10.34,0.2617,60943,5.5,1.74,67.078712,-133.03899,3852.5,83.730003,-13.48,3.5799999,-1.01,-0.17,348.76001,79.860001,-0.91000003,0.17,1.2473201,-0.41336,0.54667997,5.7686739,0.91000003,197.55548
69301,19.250376,-10.35,0.2631,60922,4.8299999,1.87,67.07946,-133.03931,3849,83.769997,-13.79,3.5599999,-0.11,-0.1,348.54001,80.690002,-1.21,0.23,1.22527,-0.4357,0.55958003,5.1793628,1.21,201.16458
69302,19.250652,-10.3,0.26199999,60979,5.3200002,1.95,67.080208,-133.03963,3845.5,83.779999,-13.96,3.5,0.79000002,-0.01,348.10999,80.269997,-1.02,0.47,1.23274,-0.38716,0.55528998,5.6661186,1.02,200.12997
69303,19.250931,-10.28,0.2622,61014,5.3400002,2.03,67.080963,-133.03996,3842,83.82,-14.08,3.3900001,1.46,0.01,347.78,80.269997,-1.14,0.70999998,1.23694,-0.345,0.55303001,5.7128367,1.14,200.81429
69304,19.251209,-10.26,0.2622,61050,5.6100001,2.05,67.081711,-133.04028,3839,83.870003,-14.11,3.3800001,1.97,0.039999999,347.84,80.010002,-0.98000002,0.60000002,1.24192,-0.35468,0.55001998,5.9728217,0.98000002,200.07326
69305,19.251486,-10.23,0.2615,61074,5.48,1.97,67.082474,-133.0406,3835.5,83.940002,-13.99,3.2,2.6400001,0.30000001,348.23001,80.129997,-0.98000002,0.43000001,1.22786,-0.40099999,0.55812001,5.8233409,0.98000002,199.77295
69306,19.251764,-10.19,0.26179999,61113,5.7600002,2.01,67.083221,-133.04092,3832.5,84.029999,-13.7,2.9200001,3.3199999,0.41,348.59,79.870003,-1.03,0.25999999,1.23429,-0.41933,0.55431002,6.1006312,1.03,199.23686
69307,19.252041,-10.18,0.26179999,61123,5.6599998,1.95,67.083969,-133.04121,3829.5,84.089996,-13.31,2.8599999,3.8599999,0.37,348.82001,79.980003,-1.0700001,0.38,1.23963,-0.3915,0.55122,5.9864931,1.0700001,199.01001
69308,19.252319,-10.15,0.26179999,61160,5.9299998,1.95,67.084717,-133.04153,3826.5,84.150002,-12.9,2.9100001,4.0100002,0.36000001,349.07999,79.660004,-1,0.40000001,1.24702,-0.3788,0.54690999,6.2423873,1,198.20274
69309,19.252598,-10.14,0.26230001,61142,5.3800001,1.8200001,67.08548,-133.04182,3824.5,84.230003,-12.45,2.9000001,4.0900002,0.38999999,349.56,80.150002,-1.16,0.41,1.23394,-0.39515001,0.55456001,5.6795073,1.16,198.69016
69310,19.252874,-10.1,0.26210001,61195,5.7399998,1.87,67.086243,-133.04208,3821.5,84.32,-11.94,2.8299999,4.48,0.47,350.06,79.809998,-1.02,0.22,1.23888,-0.41773999,0.55162001,6.0369277,1.02,198.04478
69311,19.253153,-10.08,0.25999999,61212,5.71,1.87,67.08699,-133.04236,3818.5,84.400002,-11.36,2.77,4.6900001,0.49000001,350.44,79.82,-1.14,0.28,1.23724,-0.41088,0.55259001,6.0084109,1.14,198.13339
69312,19.253429,-10.08,0.2613,61230,5.5599999,1.84,67.087753,-133.0426,3815.5,84.470001,-10.83,2.77,4.3600001,0.44999999,350.85999,79.940002,-1.14,0.27000001,1.24187,-0.40630001,0.54987001,5.8565516,1.14,198.3112
69313,19.253708,-10.06,0.2615,61219,5.3000002,1.76,67.088501,-133.04285,3813.5,84.550003,-10.3,2.78,4.1500001,0.34999999,351.34,80.190002,-1.48,0.25,1.2334,-0.42179,0.55482,5.5845861,1.48,198.37006
69314,19.253984,-10.04,0.26179999,61246,5.3499999,1.75,67.089256,-133.04308,3810.5,84.610001,-9.8599997,3,3.4200001,0.039999999,351.70999,80.150002,-1.49,0.16,1.25141,-0.40979001,0.54427999,5.628943,1.49,198.11307
69315,19.254263,-10,0.26190001,61302,6.1700001,1.83,67.090019,-133.0433,3807,84.709999,-9.5799999,3.3499999,2.1900001,-0.12,351.88,79.470001,-1.02,-0.039999999,1.26397,-0.42273,0.53697002,6.4356666,1.02,196.52017
69316,19.254541,-9.9899998,0.26100001,61335,6.3000002,1.83,67.090782,-133.04353,3804,84.779999,-9.54,3.46,0.81999999,-0.14,351.87,79.389999,-1.04,-0.07,1.26625,-0.42431,0.53565001,6.5604043,1.04,196.19733
69317,19.254818,-9.9799995,0.26159999,61332,6.0799999,1.73,67.091537,-133.04375,3800.5,84.809998,-9.7399998,3.3599999,-0.67000002,0.07,351.79999,79.709999,-0.99000001,-0.13,1.2512,-0.45502999,0.54448003,6.3213367,0.99000001,195.88315
69318,19.255096,-9.9899998,0.26199999,61321,5.1100001,1.7,67.0923,-133.04398,3797,84.760002,-10.13,3.1700001,-1.67,0.27000001,351.5,80.709999,-1.21,-0.050000001,1.23171,-0.47101,0.55585998,5.3853598,1.21,198.40131
69319,19.255373,-9.9700003,0.26100001,61368,5.3299999,1.7,67.093063,-133.0442,3794,84.699997,-10.63,2.9400001,-1.87,0.36000001,350.87,80.550003,-1.16,0.19,1.23645,-0.42702001,0.55304003,5.594542,1.16,197.69005
69320,19.255651,-9.9700003,0.26109999,61370,4.9699998,1.87,67.093819,-133.04446,3791.5,84.589996,-11.14,2.9000001,-1.24,0.17,350.09,80.93,-1.1799999,0.56,1.24413,-0.35677001,0.54869998,5.3101597,1.1799999,200.61919
69321,19.25593,-9.9300003,0.26179999,61431,5.46,1.92,67.094566,-133.04472,3788.5,84.5,-11.62,3.21,-0.69,-0.19,349.45999,80.389999,-0.82999998,0.77999997,1.27025,-0.28523999,0.53371,5.7877455,0.82999998,199.37415
69322,19.256207,-9.9399996,0.26120001,61399,5.02,1.8,67.095329,-133.04498,3785,84.489998,-11.99,3.6800001,0.12,-0.47,349.26999,80.830002,-0.95999998,0.88999999,1.26035,-0.28275999,0.53961998,5.3329539,0.95999998,199.72609
69323,19.256485,-9.8900003,0.26109999,61466,5.5700002,1.88,67.096092,-133.04527,3781,84.550003,-12.18,3.9200001,1.3,-0.55000001,349.32999,80.360001,-1,0.64999998,1.25205,-0.33215001,0.54414999,5.878716,1,198.6507
69324,19.256762,-9.8599997,0.26010001,61505,6.0900002,1.95,67.096848,-133.04555,3777.5,84.660004,-12.16,3.98,2.3399999,-0.2,349.48001,79.949997,-0.57999998,0.46000001,1.24441,-0.37257001,0.54847002,6.3945761,0.57999998,197.75491
69325,19.25704,-9.8599997,0.26089999,61525,5.1599998,1.78,67.09761,-133.04584,3774,84.730003,-11.96,3.0899999,3.1900001,0.67000002,349.67999,80.82,-1.03,0.73000002,1.20939,-0.3813,0.56911999,5.4583879,1.03,199.03246
69326,19.257318,-9.8100004,0.2599,61628,5.6599998,1.84,67.098373,-133.0461,3771.5,84.709999,-11.62,2.3800001,3.5999999,0.85000002,350.07001,80.169998,-0.83999997,0.46000001,1.24743,-0.36884999,0.5467,5.951571,0.83999997,198.00874
69327,19.257595,-9.8000002,0.26019999,61602,5.3499999,1.75,67.099121,-133.04636,3768.5,84.669998,-11.25,2.49,3.5999999,0.47999999,350.67001,80.349998,-0.85000002,0.20999999,1.26718,-0.37911999,0.53505999,5.628943,0.85000002,198.11307
69328,19.257874,-9.7799997,0.26069999,61575,5.1300001,1.75,67.099892,-133.04662,3766.5,84.690002,-10.79,2.73,3.8199999,0.31,351.12,80.599998,-0.95999998,0.13,1.2594399,-0.40360999,0.53957999,5.4202766,0.95999998,198.83607
69329,19.25815,-9.75,0.26010001,61636,5.46,1.91,67.100639,-133.04684,3763.5,84.720001,-10.32,2.75,4,0.60000002,351.26001,80.260002,-0.81999999,0.19,1.24509,-0.41481,0.54798001,5.7844362,0.81999999,199.2807
69330,19.258429,-9.7200003,0.25979999,61658,5.3200002,1.67,67.10141,-133.04707,3761,84.660004,-9.9200001,2.0999999,3.2,1.3099999,351.41,80.209999,-1.09,0.47999999,1.22482,-0.39750001,0.55993003,5.5759573,1.09,197.42758
69331,19.258707,-9.6700001,0.26010001,61721,5.6199999,1.62,67.102158,-133.04732,3759,84.5,-9.75,1.6799999,1.5599999,1.28,351.67001,79.68,-1.03,0.22,1.2568901,-0.39298001,0.54108,5.8488288,1.03,196.07996
69332,19.258984,-9.6499996,0.2595,61717,5.6799998,1.52,67.102921,-133.04755,3757.5,84.32,-9.8100004,1.76,0.059999999,1.16,351.94,79.459999,-0.86000001,-0.14,1.26601,-0.43528,0.53582001,5.8798637,0.86000001,194.98163
69333,19.259262,-9.6400003,0.2595,61704,5.5799999,1.54,67.103668,-133.04776,3756,84.120003,-9.9899998,1.84,-0.99000001,1.12,351.76999,79.510002,-0.94,-0.18000001,1.2566299,-0.45576,0.54133999,5.7886095,0.94,195.42874
69334,19.259539,-9.6099997,0.25940001,61739,5.52,1.66,67.104431,-133.048,3754,83.900002,-10.44,1.99,-2.0899999,0.94,351.10999,79.470001,-0.89999998,0.01,1.26454,-0.41426,0.53661001,5.7641997,0.89999998,196.73732
69335,19.259817,-9.6000004,0.25940001,61756,5.3299999,1.61,67.105179,-133.04823,3752,83.68,-11.09,2.1900001,-2.8900001,0.72000003,350.44,79.540001,-0.87,0.2,1.26293,-0.38663,0.53754997,5.5678539,0.87,196.80766
69336,19.260096,-9.6000004,0.25940001,61719,4.7399998,1.66,67.105927,-133.04849,3750,83.470001,-11.76,2.4300001,-2.3399999,0.54000002,349.82001,80.07,-0.89999998,0.38,1.24303,-0.38747999,0.54922998,5.0222702,0.89999998,199.30081
69337,19.260372,-9.5600004,0.25940001,61778,5.1399999,1.86,67.106667,-133.04877,3747.5,83.339996,-12.21,2.6900001,-0.28,0.43000001,349.07999,79.660004,-0.75999999,0.69999999,1.24647,-0.33137,0.54746997,5.466187,0.75999999,199.89355
69338,19.260651,-9.54,0.25839999,61826,5.1199999,1.85,67.107422,-133.04906,3744.5,83.25,-12.49,2.74,0.92000002,0.41,348.57001,79.559998,-0.91000003,1.08,1.24586,-0.27359,0.54835999,5.4439783,0.91000003,199.86621
69339,19.260927,-9.5200005,0.2586,61837,5.0799999,1.75,67.10817,-133.04935,3742,83.169998,-12.66,2.8299999,1.04,0.41,348.72,79.410004,-1.24,0.88,1.24207,-0.30963999,0.55026001,5.3729787,1.24,199.00822
