NETCARE2015/data/raw/Flight8/AIMMS_POLAR6_20150420_R1_V1_NETCARE.ict
57, 1001
Aliabadi, Amir A.
University of Guelph
AIMMS20 - 1 Hz data from the processed output file 04201549.txt
Polar 6 NETCARE
1, 2
2015, 04, 20, 2015, 06, 26
1
TimeWave, seconds
24
1, 1, 1, 1, 1, 1, 1, 1, 1, 1, 1, 1, 1, 1, 1, 1, 1, 1, 1, 1, 1, 1, 1, 1
-9999, -9999, -9999, -9999, -9999, -9999, -9999, -9999, -9999, -9999, -9999, -9999, -9999, -9999, -9999, -9999, -9999, -9999, -9999, -9999, -9999, -9999, -9999, -9999
Time_Hr, hr UTC
Temp, deg C
RH, 0-1
BP, pa
WSN, m/s
WSE, m/s
Lat, deg
Lon, deg
Alt, m
SProbN, m/s
SProbE, m/s
SProbD, m/s
Roll, deg
Pitch, deg
Heading, deg
TAS, m/s
WSD, m/s
SideslipAngle, deg
AOA, deg
SideslipDiff, none
SysStatFlag, none
WS, m/s
WSW, m/s
WD, deg
1
Values for certain parameters near the beginning and end of the data block may be 0 as the instrument may not have been recording during these start and end timestamps
18
PI_CONTACT_INFO: Address: aliabadi@uoguelph.ca
PLATFORM: Polar 6 - sampling around the aircraft
LOCATION: Location data varies as seen in this file
ASSOCIATED_DATA: 04201549.r??
INSTRUMENT_INFO: AIMMS20, Avantech, www.aventech.com
DATA_INFO: none
UNCERTAINTY: Contact manufacturer, Aventech
ULOD_FLAG: -7777
ULOD_VALUE: N/A
LLOD_FLAG: -8888
LLOD_VALUE: N/A
DM_CONTACT_INFO: Amir A. Aliabadi; University of Guelph; aliabadi@uoguelph.ca
PROJECT_INFO: Polar 6 NETCARE Spring 2015 campaign
STIPULATIONS_ON_USE: N/A
OTHER_COMMENTS: N/A
REVISION: R1
R1: corrected for start/stop times
TimeWave,Time_Hr,Temp,RH,BP,WSN,WSE,Lat,Lon,Alt,SProbN,SProbE,SProbD,Roll,Pitch,Heading,TAS,WSD,SideslipAngle,AOA,SideslipDiff,SysStatFlag,WS,WSW,WD
[from data line 10349]
67338,18.704973,-7.6399999,0.1969,62779,13.5,-0.99000001,66.008911,-132.99641,3614.5,-67.080002,-5,0.029999999,1.9299999,2.6600001,181.85001,80.620003,-1.86,1.14,1.18546,-0.35134,0.58355999,13.536251,1.86,175.80582
67339,18.70525,-7.6700001,0.19760001,62721,14.23,-0.88999999,66.008308,-132.99652,3615,-66.919998,-5.0500002,-0.61000001,1.67,3.6600001,182.58,81.150002,-2.05,0.5,1.1393,-0.5176,0.60995001,14.257805,2.05,176.42116
67340,18.705528,-7.7199998,0.1971,62672,15.27,-0.74000001,66.007713,-132.99664,3616,-66.660004,-5.1999998,-1.9299999,1.83,4.73,183.11,82.010002,-2.29,0.17,1.11092,-0.61041999,0.62651998,15.287921,2.29,177.22556
67341,18.705805,-7.6999998,0.1974,62691,15.05,-0.83999997,66.007111,-132.99675,3618.5,-66.279999,-5.4099998,-3.03,2.21,5.4099998,183.08,81.5,-2.1199999,0.31,1.12852,-0.56212002,0.61622,15.073423,2.1199999,176.8054
67342,18.706083,-7.6999998,0.19660001,62688,14.86,-0.86000001,66.006523,-132.99687,3622.5,-65.809998,-5.5900002,-3.9100001,2.6199999,6.1900001,182.92,80.879997,-1.9400001,0.64999998,1.12966,-0.50759,0.61566001,14.884865,1.9400001,176.68779
67343,18.706362,-7.6900001,0.19750001,62695,15.04,-0.51999998,66.005928,-132.99699,3626.5,-65.25,-5.71,-4.7600002,2.3299999,6.7199998,182.95,80.459999,-1.86,0.94,1.1430399,-0.44297001,0.60806,15.048986,1.86,178.01982
67344,18.706638,-7.6799998,0.1963,62685,14.52,-0.44999999,66.005348,-132.99713,3631.5,-64.730003,-5.77,-4.8600001,2.0899999,6.54,183.31,79.410004,-1.65,0.68000001,1.1715,-0.44231001,0.59122002,14.526972,1.65,178.22487
67345,18.706917,-7.6900001,0.19660001,62620,14.7,-0.30000001,66.004768,-132.99725,3636.5,-64.300003,-5.9099998,-4.6500001,2.3399999,6.4499998,183.75999,79.230003,-1.5599999,0.47,1.16682,-0.48288,0.59384,14.703061,1.5599999,178.83086
67346,18.707193,-7.6999998,0.19589999,62575,14.96,-0.18000001,66.004204,-132.99739,3641,-63.900002,-6.1300001,-4.5700002,2.8199999,6.5900002,183.97,79.129997,-1.6,0.56999999,1.1497999,-0.49200001,0.60383999,14.961082,1.6,179.31064
67347,18.707472,-7.71,0.19679999,62537,15.27,-0.050000001,66.003632,-132.99753,3645.5,-63.490002,-6.3899999,-4.75,3.1500001,6.9299998,184.03,79.099998,-1.65,0.82999998,1.1368099,-0.46939,0.61159998,15.270082,1.65,179.81239
67348,18.70775,-7.71,0.19679999,62567,15.09,0.02,66.003059,-132.99768,3650.5,-63.080002,-6.5999999,-4.8600001,3.0799999,6.6100001,184.11,78.459999,-1.79,0.95999998,1.16315,-0.41044,0.59634,15.090014,1.79,180.07594
67349,18.708027,-7.6900001,0.1961,62538,14.32,0,66.002487,-132.99783,3655.5,-62.889999,-6.7800002,-3.76,2.96,5.3400002,184.34,77.480003,-1.55,0.87,1.20735,-0.36142001,0.57046998,14.32,1.55,180
67350,18.708305,-7.7199998,0.1956,62482,14.38,0.050000001,66.00193,-132.99799,3658.5,-62.830002,-7,-2.55,3.24,4.6799998,184.7,77.489998,-1.5599999,0.74000001,1.18681,-0.41125,0.58231997,14.380087,1.5599999,180.19922
67351,18.708582,-7.7800002,0.1974,62409,15.42,0.17,66.001373,-132.99814,3661.5,-62.740002,-7.3400002,-2.3900001,3.49,5.25,184.95,78.529999,-1.89,0.82999998,1.12535,-0.48508,0.61830002,15.420938,1.89,180.63164
67352,18.70886,-7.79,0.1964,62428,15.34,0.20999999,66.000809,-132.99831,3663.5,-62.669998,-7.6300001,-2.48,3.3,5.0500002,184.92999,78.379997,-1.98,1.0700001,1.1413,-0.42508,0.60921001,15.341437,1.98,180.78432
67353,18.709139,-7.8099999,0.19660001,62397,15.41,0.33000001,66.000237,-132.99847,3666.5,-62.630001,-7.8200002,-2.24,2.96,4.6900001,185.00999,78.419998,-2.1500001,1.1900001,1.14823,-0.39647999,0.60531002,15.413533,2.1500001,181.22678
67354,18.709415,-7.8099999,0.1957,62405,14.73,0.22,65.999687,-132.99864,3668.5,-62.68,-7.9699998,-1.7,2.7,4.1199999,185.25999,77.800003,-1.89,0.98000002,1.1681499,-0.40081999,0.59344,14.731643,1.89,180.85568
67355,18.709694,-7.8499999,0.19660001,62361,14.92,0.36000001,65.999123,-132.99883,3669.5,-62.790001,-8.1400003,-1.16,2.5599999,3.78,185.55,78.160004,-2.02,0.88999999,1.15818,-0.42985001,0.59917003,14.924342,2.02,181.3822
67356,18.70997,-7.8800001,0.19660001,62322,15.24,0.31999999,65.998558,-132.99901,3671,-62.93,-8.3299999,-1.0599999,2.47,4.02,185.7,78.629997,-2.1600001,0.81999999,1.12945,-0.48146999,0.61589003,15.243359,2.1600001,181.20288
67357,18.710249,-7.9099998,0.1962,62302,15.68,0.44,65.997993,-132.99919,3672.5,-63,-8.4700003,-1.5,2.4200001,4.5599999,185.78,79.160004,-2.24,0.88999999,1.10797,-0.50111997,0.62849998,15.686172,2.24,181.60736
67358,18.710527,-7.9400001,0.19670001,62268,16.040001,0.52999997,65.997429,-132.99937,3674,-63.02,-8.6000004,-2.1099999,2.4100001,5.0300002,185.87,79.559998,-2.29,0.94,1.10181,-0.50277001,0.63213998,16.048756,2.29,181.8925
67359,18.710804,-7.96,0.1971,62262,16.01,0.61000001,65.996857,-132.99957,3676.5,-63,-8.7200003,-2.5899999,2.3499999,5.27,185.94,79.559998,-2.29,1,1.1121,-0.47731,0.62617999,16.021616,2.29,182.18198
67360,18.711082,-7.9499998,0.1963,62271,15.3,0.44,65.9963,-132.99976,3679.5,-62.98,-8.8100004,-2.8900001,2.22,5.4299998,185.94,78.849998,-1.99,0.99000001,1.12903,-0.45548999,0.61628002,15.306326,1.99,181.64726
67361,18.711359,-7.9499998,0.1965,62266,15.24,0.40000001,65.995743,-132.99995,3682.5,-62.98,-8.8599997,-3.01,2.03,5.3400002,185.96001,78.739998,-2.0799999,0.94999999,1.1398,-0.44595999,0.60996002,15.245248,2.0799999,181.50348
67362,18.711637,-7.96,0.1965,62233,15.04,0.47999999,65.995171,-133.00015,3685.5,-63,-8.8800001,-2.9400001,1.88,5.2600002,186.07001,78.610001,-2.0699999,0.93000001,1.14368,-0.44415,0.60767001,15.047658,2.0699999,181.82797
67363,18.711914,-7.9699998,0.1961,62218,14.81,0.44,65.994614,-133.00035,3688,-63.049999,-8.8699999,-2.8699999,1.4,5.21,186.05,78.410004,-2.01,0.88,1.1498899,-0.44261,0.60399997,14.816535,2.01,181.70174
67364,18.712193,-8,0.19670001,62169,15.1,0.61000001,65.994041,-133.00055,3691.5,-63.110001,-8.7600002,-2.8699999,0.89999998,5.3099999,185.89999,78.800003,-2.03,1.01,1.13739,-0.43950999,0.61142999,15.112316,2.03,182.31334
67365,18.712471,-8,0.1972,62160,14.95,0.57999998,65.993477,-133.00073,3694.5,-63.16,-8.5500002,-3.02,0.36000001,5.4699998,185.64,78.699997,-1.97,1.0599999,1.13957,-0.42897999,0.61019999,14.961246,1.97,182.22173
67366,18.712748,-8.04,0.19660001,62119,15.33,0.75999999,65.992912,-133.00093,3697.5,-63.220001,-8.21,-3.23,-0.25,5.6900001,185.38,79.099998,-2,1.12,1.12988,-0.43334001,0.61593002,15.348827,2,182.83817
67367,18.713026,-8.0500002,0.1979,62108,15.14,0.69,65.99234,-133.00111,3701.5,-63.25,-7.79,-3.5,-0.75,5.77,185.16,78.910004,-1.97,0.95999998,1.13943,-0.44512999,0.61018002,15.155715,1.97,182.60944
67368,18.713303,-8.0600004,0.19660001,62097,14.73,0.67000002,65.991783,-133.00127,3704.5,-63.360001,-7.3299999,-3.28,-1.23,5.3099999,184.82001,78.57,-1.8,0.94,1.1670901,-0.40860999,0.59402001,14.74523,1.8,182.60432
67369,18.713581,-8.0600004,0.1969,62086,14.2,0.54000002,65.991211,-133.00143,3707.5,-63.560001,-6.79,-2.6800001,-1.99,4.6599998,184.33,78.18,-1.7,0.91000003,1.19306,-0.37553999,0.57884002,14.210263,1.7,182.17781
67370,18.71386,-8.0900002,0.1972,62032,14.3,0.56,65.990631,-133.00157,3710.5,-63.860001,-6.1199999,-2.1400001,-2.6700001,4.4299998,183.75999,78.540001,-1.78,0.93000001,1.17725,-0.39563,0.58807999,14.310961,1.78,182.2426
67371,18.714136,-8.1300001,0.19760001,62002,14.57,0.56999999,65.990059,-133.00169,3712.5,-64.18,-5.3200002,-1.96,-3.22,4.3800001,183.14999,79.07,-1.83,0.88999999,1.1647,-0.42054999,0.59535998,14.581145,1.83,182.24036
67372,18.714415,-8.1700001,0.19760001,61977,14.78,0.56999999,65.989487,-133.00182,3714.5,-64.510002,-4.4400001,-1.87,-3.73,4.2600002,182.46001,79.57,-1.83,0.88,1.16546,-0.42039999,0.59491003,14.790987,1.83,182.20856
67373,18.714691,-8.1899996,0.1978,61972,14.33,0.31999999,65.988907,-133.00191,3716.5,-64.889999,-3.5899999,-1.47,-2.9300001,3.6099999,181.67999,79.5,-1.62,0.95999998,1.18683,-0.37755001,0.58253002,14.333572,1.62,181.27925
67374,18.71497,-8.1999998,0.19769999,61980,13.85,0.029999999,65.988319,-133.00197,3717.5,-65.330002,-2.8599999,-0.85000002,-2.5599999,3.1700001,180.72,79.400002,-1.65,1.21,1.20467,-0.31259999,0.57249999,13.850033,1.65,180.1241
67375,18.715248,-8.2200003,0.19859999,61937,13.88,0,65.98774,-133.00203,3718.5,-65.779999,-1.88,-0.63,-4.4000001,3.27,179.84,79.769997,-1.73,1.1900001,1.19024,-0.33554,0.58086997,13.88,1.73,180
67376,18.715525,-8.2399998,0.19850001,61912,14.38,0.090000004,65.987137,-133.00206,3719.5,-66.160004,-0.55000001,-1.14,-5.8699999,3.9400001,179.08,80.669998,-1.84,0.91000003,1.15758,-0.42688999,0.59954,14.380281,1.84,180.3586
67377,18.715803,-8.2600002,0.19859999,61919,14.06,0.059999999,65.986549,-133.00206,3721,-66.449997,0.91000003,-1.7,-6.6300001,4.1500001,178.17999,80.68,-1.62,0.74000001,1.17374,-0.43009001,0.58995003,14.060128,1.62,180.24451
67378,18.71608,-8.29,0.1982,61904,13.83,-0.14,65.985947,-133.00201,3723,-66.660004,2.4200001,-1.9400001,-7.1599998,4.25,176.92999,80.760002,-1.52,0.74000001,1.1845599,-0.414,0.58363998,13.830709,1.52,179.42001
67379,18.716358,-8.3000002,0.19850001,61882,13.84,-0.25,65.985359,-133.00195,3725,-66.769997,4.0900002,-2.27,-7.8800001,4.5,175.42,80.989998,-1.4,0.94,1.18416,-0.38350999,0.58407003,13.842257,1.4,178.96515
67380,18.716637,-8.3199997,0.199,61851,14.01,-0.38,65.984756,-133.00185,3728,-66.779999,5.9499998,-2.73,-8.54,4.8800001,173.92,81.269997,-1.41,1,1.1775399,-0.38370001,0.588,14.015153,1.41,178.44632
67381,18.716913,-8.3199997,0.1988,61850,13.77,-0.49000001,65.984161,-133.00169,3730.5,-66.68,7.8600001,-3.1199999,-8.8599997,5,172.58,81.120003,-1.33,0.89999998,1.19335,-0.37676001,0.57866001,13.778716,1.33,177.96201
67382,18.717192,-8.3299999,0.1982,61834,13.6,-0.57999998,65.983559,-133.0015,3734,-66.540001,9.7399998,-3.0999999,-9.2399998,4.79,171.32001,81.029999,-1.21,0.76999998,1.21364,-0.36884001,0.56668001,13.612363,1.21,177.55798
67383,18.717468,-8.3599997,0.1998,61784,13.38,-0.75,65.982971,-133.00127,3737,-66.419998,11.56,-2.7,-9.4200001,4.3400002,170.09,81,-1.13,0.60000002,1.22932,-0.3721,0.55738002,13.401004,1.13,176.79172
67384,18.717747,-8.3900003,0.1991,61749,13.26,-0.76999998,65.982368,-133.00101,3739.5,-66.349998,13.38,-2.1300001,-9.4799995,3.9100001,168.67999,81.129997,-1.0599999,0.69999999,1.23254,-0.35152999,0.55559999,13.282338,1.0599999,176.67661
67385,18.718025,-8.4200001,0.1996,61714,13.64,-0.91000003,65.981781,-133.00069,3741.5,-66.230003,15.26,-1.9,-9.3800001,3.9400001,167.09,81.769997,-1.14,0.88999999,1.21197,-0.35235,0.56778997,13.670322,1.14,176.18314
67386,18.718302,-8.4399996,0.1989,61703,13.78,-1.14,65.981178,-133.00034,3743.5,-66,17.24,-2,-9.3999996,4.0500002,165.49001,82.129997,-1.29,0.94,1.20374,-0.35631999,0.57265002,13.827075,1.29,175.27077
67387,18.71858,-8.4700003,0.2006,61678,13.94,-1.24,65.980591,-132.99992,3745.5,-65.730003,19.24,-2.2,-9.46,4.1900001,164.03,82.489998,-1.22,0.95999998,1.20441,-0.3522,0.57229,13.995042,1.22,174.91676
67388,18.718857,-8.4799995,0.2006,61661,13.63,-1.29,65.980003,-132.99948,3748,-65.370003,21.23,-2.4300001,-9.5,4.3000002,162.67999,82.389999,-1.17,0.82999998,1.21456,-0.3572,0.56621999,13.690909,1.17,174.5934
67389,18.719135,-8.5,0.20029999,61641,13.68,-1.4400001,65.979424,-132.99899,3751,-64.949997,23.17,-2.6400001,-9.5200005,4.4400001,161.28999,82.639999,-1.08,0.75999999,1.21671,-0.36522001,0.56489003,13.755581,1.08,173.991
67390,18.719414,-8.5100002,0.2001,61636,13.26,-1.49,65.978844,-132.99847,3753.5,-64.470001,25.08,-2.75,-9.5699997,4.3499999,159.84,82.400002,-1.09,0.74000001,1.23115,-0.34797999,0.55644,13.343451,1.09,173.58868
67391,18.71969,-8.5500002,0.2009,61587,13.43,-1.5700001,65.978256,-132.99789,3756.5,-63.959999,26.959999,-2.5999999,-9.6400003,4.1300001,158.44,82.739998,-1.12,0.77999997,1.23759,-0.33247,0.55273002,13.521458,1.12,173.33224
67392,18.719969,-8.5600004,0.2006,61570,13.15,-1.7,65.977699,-132.99728,3759,-63.450001,28.82,-2.4400001,-9.5500002,3.96,157,82.709999,-1.05,0.75999999,1.24187,-0.32910001,0.55022001,13.25943,1.05,172.63379
67393,18.720245,-8.5799999,0.2007,61542,13.28,-1.85,65.977127,-132.99664,3761,-62.91,30.68,-2.25,-9.3400002,3.8399999,155.56,83.099998,-1.12,0.80000001,1.2377501,-0.32839999,0.55265999,13.408239,1.12,172.06932
67394,18.720524,-8.6000004,0.20119999,61536,12.97,-1.91,65.97657,-132.99594,3763.5,-62.349998,32.470001,-2.1400001,-9.0299997,3.71,154.14,83.059998,-0.99000001,0.85000002,1.24445,-0.31127,0.54882002,13.109882,0.99000001,171.62267
67395,18.720802,-8.6199999,0.20119999,61510,13,-2.0599999,65.976013,-132.99521,3766,-61.779999,34.240002,-1.9299999,-8.9399996,3.46,152.8,83.330002,-1.0599999,0.83999997,1.25214,-0.30186,0.54433,13.162204,1.0599999,170.9957
67396,18.721079,-8.6599998,0.2016,61467,13.02,-2.1300001,65.975456,-132.99445,3768,-61.220001,35.990002,-1.6900001,-8.79,3.27,151.55,83.669998,-1.16,0.81,1.25117,-0.30790001,0.54486001,13.193078,1.16,170.70903
67397,18.721357,-8.6700001,0.2016,61444,12.96,-2.22,65.974907,-132.99364,3769,-60.650002,37.709999,-1.51,-8.6499996,3.0899999,150.31,83.959999,-1.1799999,0.76999998,1.25392,-0.31073999,0.54320002,13.148765,1.1799999,170.27979
67398,18.721634,-8.6999998,0.20190001,61404,13.14,-2.3399999,65.974373,-132.99278,3771,-60.07,39.380001,-1.3,-8.4200001,2.9400001,149.07001,84.470001,-1.25,0.81,1.25131,-0.30719,0.54478002,13.34673,1.25,169.9025
67399,18.721912,-8.7299995,0.2022,61382,13.02,-2.52,65.973831,-132.99191,3772,-59.439999,41.02,-1.4299999,-7.9000001,3.3299999,147.67999,84.800003,-1.11,0.88,1.23142,-0.32503,0.55645001,13.261629,1.11,169.04594
67400,18.722189,-8.7399998,0.20209999,61408,12.77,-2.6199999,65.973297,-132.99098,3774,-58.650002,42.650002,-2.1199999,-7.8600001,3.8800001,146.32001,84.760002,-1.15,0.86000001,1.22962,-0.33159,0.55747002,13.036,1.15,168.40562
67401,18.722467,-8.7399998,0.2026,61391,12.8,-2.55,65.972778,-132.99004,3777,-57.740002,44.25,-2.8299999,-8.3199997,4.27,145.2,84.839996,-1.13,0.76999998,1.23961,-0.33118999,0.55154002,13.051533,1.13,168.73311
67402,18.722746,-8.7700005,0.2017,61349,13.03,-2.52,65.972267,-132.98904,3780,-56.779999,45.779999,-3.1400001,-8.71,4.25,144.25,85.089996,-1.23,0.60000002,1.2529401,-0.33836001,0.54359001,13.271446,1.23,169.05414
67403,18.723022,-8.79,0.20290001,61304,13.01,-2.55,65.971764,-132.98801,3783,-55.849998,47.240002,-2.9400001,-8.9300003,3.9000001,143.22,85.209999,-1.14,0.47999999,1.27301,-0.32839999,0.53176999,13.257549,1.14,168.91043
67404,18.723301,-8.8199997,0.2025,61246,13.05,-2.73,65.97126,-132.98697,3786,-54.970001,48.709999,-2.47,-9.1400003,3.5899999,141.92999,85.540001,-1.1900001,0.52999997,1.2717201,-0.32300001,0.53255999,13.332495,1.1900001,168.18439
67405,18.723577,-8.8299999,0.2026,61242,12.86,-2.71,65.970779,-132.98589,3788.5,-53.889999,50.279999,-2.6300001,-9.4200001,4.0900002,140.38,85.480003,-1.0700001,0.67000002,1.24476,-0.33998001,0.54843003,13.142439,1.0700001,168.10011
67406,18.723856,-8.8400002,0.2031,61244,12.86,-2.77,65.970299,-132.98476,3791.5,-52.57,51.91,-3.3499999,-9.8199997,4.5599999,138.91,85.540001,-1.08,0.67000002,1.24158,-0.34434,0.55027997,13.154942,1.08,167.84441
67407,18.724134,-8.8599997,0.2033,61196,13.22,-2.95,65.969833,-132.9836,3795,-51.23,53.459999,-3.6400001,-9.9399996,4.5599999,137.61,85.910004,-1.03,0.69,1.25363,-0.32328999,0.54328001,13.545143,1.03,167.42073
67408,18.724411,-8.8699999,0.2026,61178,12.97,-2.8800001,65.969383,-132.98241,3799,-49.889999,54.939999,-3.6500001,-9.9799995,4.52,136.28,85.650002,-1.03,0.61000001,1.2627701,-0.32249001,0.53785998,13.285907,1.03,167.48055
67409,18.724689,-8.8999996,0.2033,61148,13.21,-2.9300001,65.968941,-132.98119,3802.5,-48.509998,56.400002,-3.5599999,-10.29,4.2399998,134.94,85.900002,-1.14,0.69999999,1.27299,-0.29398,0.53201002,13.531038,1.14,167.49416
67410,18.724966,-8.9300003,0.20370001,61095,12.99,-3,65.968513,-132.97993,3806,-47.189999,57.84,-2.96,-10.64,3.79,133.59,85.830002,-1.03,0.61000001,1.28134,-0.29561001,0.52704,13.33192,1.03,166.99571
