NETCARE2015/data/raw/Flight8/CO2_POLAR6_20150420_R1_L1_NETCARE.ict
34, 1001
Bozem, Heiko; Hoor, Peter
Institute for Atmospheric Physics, Johannes Gutenberg University, Mainz, Germany
CO2 mixing ratio from LI7200 CO2 analyzer
NETCARE Polar 6 Campaign 2015
1, 1
2015, 04, 20, 2015, 08, 12
1
Time_UTC, seconds
1
1
-9999.99
CO2_ppmv, ppmv
0
19
PI_CONTACT_INFO: Address: Johann-Joachim-Becherweg 21, 55128 Mainz, email: bozemh@uni-mainz.de; hoor@uni-mainz.de
PLATFORM: Polar 6
LOCATION: GPS location and altitude available at 1 Hz resolution in separate file (See AIMMS files under Aircraft data and meteorology)
ASSOCIATED_DATA: N/A
INSTRUMENT_INFO: CO2 measurements based on non-dispersive infrared absorption spectroscopy
DATA_INFO: Units are ppmv
UNCERTAINTY: UNCERTAINTY RELATIVE TO STANDARD: 1.71 ppmv at 1 sigma confidence (before drift correction is applied)
ULOD_FLAG: -7777
ULOD_VALUE: 3000
LLOD_FLAG: -8888
LLOD_VALUE: N/A 
DM_CONTACT_INFO: N/A
PROJECT_INFO: NETCARE Polar 6 aircraft campaign in April 2015; Inuvik
STIPULATIONS_ON_USE: N/A
OTHER_COMMENTS: N/A
REVISION: R1
R0: Preliminary data, corrected for instrument drift
R1: Final data, corrected for instrument drift
Time_UTC,CO2_ppmv
56989,407.24
56990,407.37
56991,407.37
56992,407.36
56993,407.15
56994,407.19
56995,407.54
56996,407.31
56997,407.48
56998,407.24
56999,407.48
57000,407.42
57001,407.38
57002,407.36
57003,407.59
57004,407.44
57005,407.40
57006,407.34
57007,407.35
57008,407.29
57009,407.32
57010,407.41
57011,407.32
57012,407.40
57013,407.43
57014,407.44
57015,407.40
57016,407.34
57017,407.40
57018,407.43
57019,407.37
57020,407.52
57021,407.43
57022,407.49
57023,407.35
57024,407.50
57025,407.44
57026,407.33
57027,407.34
57028,407.52
57029,407.41
57030,407.48
57031,407.54
57032,407.53
57033,407.37
57034,407.40
57035,407.50
57036,407.47
57037,407.40
57038,407.51
57039,407.46
57040,407.73
57041,407.44
57042,407.54
57043,407.35
57044,407.60
57045,407.49
57046,407.58
57047,407.35
57048,407.73
57049,407.47
57050,407.43
57051,407.41
57052,407.58
57053,407.47
57054,407.48
57055,407.49
57056,407.38
57057,407.45
57058,407.50
57059,407.61
57060,407.52
57061,407.43
57062,407.55
57063,407.48
57064,407.30
57065,407.35
57066,407.50
57067,407.53
57068,407.44
57069,407.31
57070,407.32
57071,407.38
57072,407.46
57073,407.59
57074,407.30
57075,407.69
57076,407.43
57077,407.43
57078,407.44
57079,407.29
57080,407.57
57081,407.49
57082,407.46
57083,407.46
57084,407.53
57085,407.58
57086,407.41
57087,407.48
57088,407.47
57089,407.53
57090,407.56
57091,407.53
57092,407.43
57093,407.33
57094,407.52
57095,407.48
57096,407.61
57097,407.32
57098,407.33
57099,407.42
57100,407.60
57101,407.30
57102,407.61
57103,407.52
57104,407.42
57105,407.50
57106,407.58
57107,407.47
57108,407.46
57109,407.55
57110,407.53
57111,407.46
57112,407.55
57113,407.44
57114,407.61
57115,407.56
57116,407.51
57117,407.47
57118,407.55
57119,407.53
57120,407.45
57121,407.56
57122,407.53
57123,407.28
57124,407.60
57125,407.53
57126,407.41
57127,407.52
57128,407.57
57129,407.45
57130,407.55
57131,407.53
57132,407.51
57133,407.52
57134,407.58
57135,407.41
57136,407.55
57137,407.50
57138,407.50
57139,407.47
57140,407.53
57141,407.45
57142,407.46
57143,407.54
57144,407.51
57145,407.52
57146,407.41
57147,407.54
57148,407.59
57149,407.57
57150,407.50
57151,407.51
57152,407.46
57153,407.56
57154,407.54
57155,407.51
57156,407.53
57157,407.48
57158,407.43
57159,407.50
57160,407.50
57161,407.52
57162,407.52
57163,407.46
57164,407.46
57165,407.53
57166,407.45
57167,407.42
57168,407.55
57169,407.52
57170,407.47
57171,407.43
57172,407.51
57173,407.43
57174,407.50
57175,407.51
57176,407.44
57177,407.55
57178,407.50
57179,407.51
57180,407.49
57181,407.53
57182,407.48
57183,407.56
57184,407.45
57185,407.47
57186,407.50
57187,407.48
57188,407.43
57189,407.55
57190,407.51
57191,407.50
57192,407.50
57193,407.50
57194,407.50
57195,407.54
57196,407.48
57197,407.58
57198,407.58
57199,407.54
57200,407.54
57201,407.55
57202,407.67
57203,407.60
57204,407.52
57205,407.63
57206,407.58
57207,407.72
57208,407.63
57209,407.61
57210,407.68
57211,407.67
57212,407.57
57213,407.70
57214,407.65
57215,407.65
57216,407.69
57217,407.71
57218,407.59
57219,407.64
57220,407.67
57221,407.71
57222,407.74
57223,407.68
57224,407.73
57225,407.72
57226,407.70
57227,407.63
57228,407.74
57229,407.70
57230,407.78
57231,407.67
57232,407.74
57233,407.74
57234,407.73
57235,407.73
57236,407.75
57237,407.68
57238,407.73
57239,407.63
57240,407.68
57241,407.82
57242,407.75
57243,407.69
57244,407.73
57245,407.66
57246,407.60
57247,407.71
57248,407.65
57249,407.68
57250,407.68
57251,407.62
57252,407.69
57253,407.72
57254,407.72
57255,407.76
57256,407.70
57257,407.60
57258,407.79
57259,407.77
57260,407.75
57261,407.79
57262,407.86
57263,407.86
57264,407.91
57265,407.83
57266,407.75
57267,407.81
57268,407.85
57269,407.89
57270,407.79
57271,407.86
57272,407.78
57273,407.87
57274,407.88
57275,407.82
57276,407.86
57277,407.82
57278,407.88
57279,407.77
57280,407.79
57281,407.81
57282,407.72
57283,407.74
57284,407.76
57285,407.80
57286,407.82
57287,407.71
57288,407.73
57289,407.77
57290,407.86
57291,407.83
57292,407.80
57293,407.81
57294,407.82
57295,407.82
57296,407.80
57297,407.79
57298,407.82
57299,407.96
57300,407.93
57301,407.98
57302,407.97
57303,407.87
57304,407.91
57305,407.97
57306,407.91
57307,407.92
57308,407.88
57309,407.92
57310,407.92
57311,407.92
57312,407.97
57313,407.97
57314,407.89
57315,407.92
57316,407.91
57317,407.91
57318,407.90
57319,407.83
57320,407.88
57321,407.89
57322,407.76
57323,407.76
57324,407.77
57325,407.87
57326,407.81
57327,407.66
57328,407.60
57329,407.55
57330,407.59
57331,407.56
57332,407.45
57333,407.36
57334,407.50
57335,407.20
57336,407.22
57337,407.07
57338,406.93
57339,406.57
57340,406.47
57341,406.46
57342,406.42
57343,406.35
57344,406.29
57345,406.36
57346,406.27
57347,406.41
57348,406.28
57349,406.29
57350,406.27
57351,406.17
57352,406.20
57353,405.94
57354,406.00
57355,405.96
57356,405.93
57357,405.89
57358,406.03
57359,406.02
57360,405.96
57361,406.01
57362,406.09
57363,406.31
57364,406.15
57365,406.04
57366,406.01
57367,405.97
57368,405.95
57369,405.94
57370,405.99
57371,405.97
57372,405.91
57373,405.97
57374,405.96
57375,405.96
57376,405.97
57377,405.94
57378,405.95
57379,405.85
57380,405.54
57381,405.54
57382,405.56
57383,405.59
57384,405.48
57385,405.55
57386,405.34
57387,-9999.99
57388,-9999.99
57389,-9999.99
57390,-9999.99
57391,-9999.99
57392,-9999.99
57393,-9999.99
57394,-9999.99
57395,-9999.99
57396,-9999.99
57397,-9999.99
57398,-9999.99
57399,-9999.99
57400,-9999.99
57401,-9999.99
57402,-9999.99
57403,-9999.99
57404,-9999.99
57405,-9999.99
57406,-9999.99
57407,-9999.99
57408,-9999.99
57409,-9999.99
57410,-9999.99
57411,-9999.99
57412,-9999.99
57413,-9999.99
57414,-9999.99
57415,-9999.99
57416,-9999.99
57417,-9999.99
57418,-9999.99
57419,-9999.99
57420,-9999.99
57421,-9999.99
57422,-9999.99
57423,-9999.99
57424,-9999.99
57425,-9999.99
57426,-9999.99
57427,-9999.99
57428,-9999.99
57429,-9999.99
57430,-9999.99
57431,-9999.99
57432,-9999.99
57433,-9999.99
57434,-9999.99
57435,-9999.99
57436,-9999.99
57437,-9999.99
57438,-9999.99
57439,-9999.99
57440,-9999.99
57441,-9999.99
57442,-9999.99
57443,-9999.99
57444,-9999.99
57445,-9999.99
57446,-9999.99
57447,-9999.99
57448,-9999.99
57449,-9999.99
57450,-9999.99
57451,-9999.99
57452,-9999.99
57453,-9999.99
57454,-9999.99
57455,-9999.99
57456,-9999.99
57457,-9999.99
57458,-9999.99
57459,-9999.99
57460,-9999.99
57461,-9999.99
57462,-9999.99
57463,-9999.99
57464,-9999.99
57465,-9999.99
57466,-9999.99
57467,-9999.99
57468,-9999.99
57469,-9999.99
57470,-9999.99
57471,-9999.99
57472,-9999.99
57473,-9999.99
57474,-9999.99
57475,-9999.99
57476,-9999.99
57477,-9999.99
57478,-9999.99
57479,-9999.99
57480,-9999.99
57481,-9999.99
57482,-9999.99
57483,-9999.99
57484,-9999.99
57485,-9999.99
57486,-9999.99
57487,-9999.99
57488,-9999.99
57489,-9999.99
57490,-9999.99
57491,-9999.99
57492,-9999.99
57493,-9999.99
57494,-9999.99
57495,-9999.99
57496,-9999.99
57497,-9999.99
57498,-9999.99
57499,-9999.99
57500,-9999.99
57501,-9999.99
57502,-9999.99
57503,-9999.99
57504,-9999.99
57505,-9999.99
57506,-9999.99
57507,-9999.99
57508,-9999.99
57509,-9999.99
57510,-9999.99
57511,-9999.99
57512,-9999.99
57513,-9999.99
57514,-9999.99
57515,-9999.99
57516,-9999.99
57517,-9999.99
57518,-9999.99
57519,-9999.99
57520,-9999.99
57521,-9999.99
57522,-9999.99
57523,-9999.99
57524,-9999.99
57525,-9999.99
57526,-9999.99
57527,-9999.99
57528,-9999.99
57529,-9999.99
57530,-9999.99
57531,-9999.99
57532,-9999.99
57533,-9999.99
57534,-9999.99
57535,-9999.99
57536,-9999.99
57537,-9999.99
57538,-9999.99
57539,-9999.99
57540,-9999.99
57541,-9999.99
57542,-9999.99
57543,-9999.99
57544,-9999.99
57545,-9999.99
57546,-9999.99
57547,-9999.99
57548,-9999.99
57549,-9999.99
57550,-9999.99
57551,-9999.99
57552,-9999.99
57553,-9999.99
57554,-9999.99
57555,-9999.99
57556,405.87
57557,405.88
57558,405.95
57559,405.96
57560,405.85
57561,405.89
57562,405.88
57563,405.95
57564,405.90
57565,405.86
57566,405.81
57567,405.91
57568,405.84
57569,405.87
57570,405.90
57571,405.89
57572,405.85
57573,405.95
57574,405.89
57575,405.90
57576,405.89
57577,405.88
57578,405.83
57579,405.79
57580,405.95
57581,406.02
57582,405.86
57583,405.93
57584,405.94
57585,405.81
57586,405.90
57587,405.89
57588,405.93
57589,405.83
57590,405.86
57591,405.84
57592,405.91
57593,405.86
57594,405.88
57595,405.88
57596,405.79
57597,405.85
57598,405.84
57599,405.95
57600,405.86
57601,405.88
57602,405.88
57603,405.85
57604,405.86
57605,405.92
57606,405.88
57607,405.83
57608,405.91
57609,405.86
57610,405.83
57611,405.89
57612,405.85
57613,405.88
57614,405.80
57615,405.87
57616,405.88
57617,405.89
57618,405.91
57619,405.87
57620,405.84
57621,405.85
57622,405.92
57623,405.90
57624,405.80
57625,405.78
57626,405.98
57627,405.97
57628,405.94
57629,405.88
57630,405.94
57631,405.94
57632,405.86
57633,405.87
57634,405.89
57635,405.88
57636,405.83
57637,405.91
57638,405.90
57639,405.86
57640,405.91
57641,405.84
57642,405.90
57643,405.86
57644,405.89
57645,405.88
57646,405.89
57647,405.82
57648,405.89
57649,405.90
57650,405.87
57651,405.86
57652,405.86
57653,405.86
57654,405.96
57655,405.91
57656,405.91
57657,405.88
57658,405.89
57659,405.95
57660,405.88
57661,405.81
57662,405.86
57663,405.98
57664,405.94
57665,405.85
57666,405.87
57667,405.95
57668,405.92
57669,405.95
57670,405.90
57671,405.90
57672,405.91
57673,405.94
57674,405.88
57675,405.81
57676,405.97
57677,405.83
57678,405.79
57679,405.79
57680,405.91
57681,405.90
57682,405.79
57683,405.81
57684,405.84
57685,405.81
57686,405.84
57687,405.86
57688,405.85
57689,405.87
57690,405.87
57691,405.83
57692,405.70
57693,405.85
57694,405.89
57695,405.86
57696,405.79
57697,405.86
57698,405.84
57699,405.86
57700,405.79
57701,405.83
57702,405.82
57703,405.73
57704,405.85
57705,405.86
57706,405.82
57707,405.92
57708,405.81
57709,405.89
57710,405.86
57711,405.80
57712,405.80
57713,405.89
57714,405.83
57715,405.81
57716,405.80
57717,405.86
57718,405.86
57719,405.77
57720,405.87
57721,405.83
57722,405.80
57723,405.85
57724,405.91
57725,405.77
57726,405.74
57727,405.83
57728,405.85
57729,405.88
57730,405.82
57731,405.73
57732,405.89
57733,405.79
57734,405.80
57735,405.79
57736,405.78
57737,405.76
57738,405.79
57739,405.79
57740,405.77
57741,405.80
57742,405.78
57743,405.83
57744,405.76
57745,405.75
57746,405.74
57747,405.79
57748,405.69
57749,405.71
57750,405.80
57751,405.84
57752,405.81
57753,405.82
57754,405.88
57755,405.77
57756,405.80
57757,405.80
57758,405.79
57759,405.73
57760,405.76
57761,405.87
57762,405.87
57763,405.79
57764,405.81
57765,405.77
57766,405.87
57767,405.85
57768,405.78
57769,405.84
57770,405.74
57771,405.80
57772,405.80
57773,405.79
57774,405.79
57775,405.86
57776,405.78
57777,405.83
57778,405.83
57779,405.82
57780,405.83
57781,405.84
57782,405.78
57783,405.79
57784,405.83
57785,405.75
57786,405.79
57787,405.82
57788,405.75
57789,405.78
57790,405.76
57791,405.74
57792,405.66
57793,405.60
57794,405.63
57795,405.56
57796,405.52
57797,405.50
57798,405.47
57799,405.47
57800,405.39
57801,405.43
57802,405.42
57803,405.32
57804,405.41
57805,405.42
57806,405.41
57807,405.43
57808,405.40
57809,405.39
57810,405.35
57811,405.40
57812,405.39
57813,405.36
57814,405.40
57815,405.49
57816,405.53
57817,405.55
57818,405.48
57819,405.30
57820,405.44
57821,405.39
57822,405.46
57823,405.43
57824,405.29
57825,405.37
57826,405.32
57827,405.34
57828,405.31
57829,405.41
57830,405.36
57831,405.35
57832,405.40
57833,405.32
57834,405.38
57835,405.32
57836,405.25
57837,405.26
57838,405.32
57839,405.22
57840,405.30
57841,405.35
57842,405.33
57843,405.35
57844,405.30
57845,405.28
57846,405.33
57847,405.27
57848,405.31
57849,405.32
57850,405.34
57851,405.34
57852,405.34
57853,405.32
57854,405.31
57855,405.27
57856,405.21
57857,405.29
57858,405.33
57859,405.28
57860,405.32
57861,405.28
57862,405.26
57863,405.27
57864,405.30
57865,405.27
57866,405.36
57867,405.36
57868,405.30
57869,405.24
57870,405.22
57871,405.26
57872,405.45
57873,405.27
57874,405.43
57875,405.11
57876,405.28
57877,405.39
57878,405.24
57879,405.38
57880,405.05
57881,405.15
57882,405.36
57883,405.28
57884,405.29
57885,405.19
57886,405.19
57887,405.26
57888,405.33
57889,405.34
57890,405.13
57891,405.23
57892,405.31
57893,405.34
57894,405.28
57895,405.32
57896,405.21
57897,405.39
57898,405.46
57899,405.37
57900,405.19
57901,405.50
57902,405.24
57903,405.30
57904,405.28
57905,405.27
57906,405.26
57907,405.05
57908,405.33
57909,405.32
57910,405.26
57911,405.19
57912,405.20
57913,405.32
57914,405.25
57915,405.18
57916,405.38
57917,405.37
57918,405.25
57919,405.22
57920,405.12
57921,405.31
57922,405.43
57923,405.25
57924,405.31
57925,405.33
57926,405.19
57927,405.22
57928,405.47
57929,405.37
57930,405.36
57931,405.26
57932,405.32
57933,405.35
57934,405.25
57935,405.42
57936,405.36
57937,405.18
57938,405.46
57939,405.24
57940,405.40
57941,405.36
57942,405.27
57943,405.26
57944,405.26
57945,405.29
57946,405.40
57947,405.34
57948,405.30
57949,405.29
57950,405.31
57951,405.33
57952,405.26
57953,405.35
57954,405.24
57955,405.25
57956,405.23
57957,405.31
57958,405.32
57959,405.28
57960,405.33
57961,405.23
57962,405.30
57963,405.22
57964,405.34
57965,405.30
57966,405.27
57967,405.23
57968,405.21
57969,405.23
57970,405.33
57971,405.32
57972,405.38
57973,405.22
57974,405.21
57975,405.25
57976,405.27
57977,405.20
57978,405.30
57979,405.23
57980,405.20
57981,405.22
57982,405.31
57983,405.23
57984,405.22
57985,405.25
57986,405.29
57987,405.23
57988,405.30
57989,405.09
57990,405.20
57991,405.32
57992,405.26
57993,405.21
57994,405.24
57995,405.21
57996,405.22
57997,405.23
57998,405.17
57999,405.11
58000,405.20
58001,405.27
58002,405.24
58003,405.23
58004,405.24
58005,405.30
58006,405.31
58007,405.31
58008,405.17
58009,405.23
58010,405.39
58011,405.22
58012,405.26
58013,405.15
58014,405.28
58015,405.33
58016,405.17
58017,405.28
58018,405.26
58019,405.32
58020,405.27
58021,405.41
58022,405.23
58023,405.24
58024,405.30
58025,405.29
58026,405.31
58027,405.24
58028,405.33
58029,405.34
58030,405.44
58031,405.29
58032,405.35
58033,405.35
58034,405.31
58035,405.37
58036,405.29
58037,405.32
58038,405.21
58039,405.27
58040,405.26
58041,405.26
58042,405.30
58043,405.22
58044,405.24
58045,405.25
58046,405.28
58047,405.21
58048,405.24
58049,405.19
58050,405.22
58051,405.16
58052,405.23
58053,405.23
58054,405.27
58055,405.18
58056,405.22
58057,405.15
58058,405.23
58059,405.27
58060,405.15
58061,405.26
58062,405.23
58063,405.14
58064,405.38
58065,405.18
58066,405.27
58067,405.28
58068,405.18
58069,405.15
58070,405.18
58071,405.14
58072,405.17
58073,405.22
58074,405.20
58075,405.15
58076,405.30
58077,405.19
58078,405.30
58079,405.18
58080,405.32
58081,405.19
58082,405.31
58083,405.24
58084,405.29
58085,405.21
58086,405.22
58087,405.28
58088,405.31
58089,405.31
58090,405.28
58091,405.26
58092,405.23
58093,405.29
58094,405.23
58095,405.25
58096,405.21
58097,405.26
58098,405.29
58099,405.25
58100,405.31
58101,405.30
58102,405.37
58103,405.25
58104,405.30
58105,405.32
58106,405.28
58107,405.35
58108,405.32
58109,405.23
58110,405.35
58111,405.24
58112,405.33
58113,405.28
58114,405.23
58115,405.33
58116,405.30
58117,405.26
58118,405.17
58119,405.23
58120,405.20
58121,405.25
58122,405.22
58123,405.32
58124,405.25
58125,405.22
58126,405.23
58127,405.45
58128,405.21
58129,405.24
58130,405.32
58131,405.34
58132,405.33
58133,405.33
58134,405.21
58135,405.29
58136,405.36
58137,405.44
58138,405.28
58139,405.36
58140,405.41
58141,405.26
58142,405.27
58143,405.46
58144,405.38
58145,405.29
58146,405.36
58147,405.31
58148,405.41
58149,405.38
58150,405.29
58151,405.38
58152,405.33
58153,405.46
58154,405.38
58155,405.43
58156,405.47
58157,405.43
58158,405.41
58159,405.40
58160,405.48
58161,405.43
58162,405.40
58163,405.38
58164,405.57
58165,405.40
58166,405.56
58167,405.45
58168,405.56
58169,405.44
58170,405.46
58171,405.40
58172,405.46
58173,405.42
58174,405.39
58175,405.41
58176,405.52
58177,405.49
58178,405.40
58179,405.43
58180,405.56
58181,405.47
58182,405.57
58183,405.40
58184,405.49
58185,405.36
58186,405.41
58187,405.35
58188,405.46
58189,405.39
58190,405.27
58191,405.33
58192,405.30
