NETCARE2015/data/raw/Flight8/CO2_POLAR6_20150420_R1_L1_NETCARE.ict
34, 1001
Bozem, Heiko; Hoor, Peter
Institute for Atmospheric Physics, Johannes Gutenberg University, Mainz, Germany
CO2 mixing ratio from LI7200 CO2 analyzer
NETCARE Polar 6 Campaign 2015
1, 1
2015, 04, 20, 2015, 08, 12
1
Time_UTC, seconds
1
1
-9999.99
CO2_ppmv, ppmv
0
19
PI_CONTACT_INFO: Address: Johann-Joachim-Becherweg 21, 55128 Mainz, email: bozemh@uni-mainz.de; hoor@uni-mainz.de
PLATFORM: Polar 6
LOCATION: GPS location and altitude available at 1 Hz resolution in separate file (See AIMMS files under Aircraft data and meteorology)
ASSOCIATED_DATA: N/A
INSTRUMENT_INFO: CO2 measurements based on non-dispersive infrared absorption spectroscopy
DATA_INFO: Units are ppmv
UNCERTAINTY: UNCERTAINTY RELATIVE TO STANDARD: 1.71 ppmv at 1 sigma confidence (before drift correction is applied)
ULOD_FLAG: -7777
ULOD_VALUE: 3000
LLOD_FLAG: -8888
LLOD_VALUE: N/A 
DM_CONTACT_INFO: N/A
PROJECT_INFO: NETCARE Polar 6 aircraft campaign in April 2015; Inuvik
STIPULATIONS_ON_USE: N/A
OTHER_COMMENTS: N/A
REVISION: R1
R0: Preliminary data, corrected for instrument drift
R1: Final data, corrected for instrument drift
Time_UTC,CO2_ppmv
[from data line 3615]
60604,406.39
60605,406.19
60606,405.98
60607,405.89
60608,405.86
60609,405.65
60610,405.48
60611,405.08
60612,404.69
60613,404.58
60614,404.80
60615,404.82
60616,405.15
60617,405.64
60618,405.40
60619,405.34
60620,405.12
60621,405.22
60622,405.16
60623,405.29
60624,405.24
60625,405.19
60626,405.30
60627,405.33
60628,405.42
60629,405.36
60630,405.35
60631,405.36
60632,405.40
60633,405.46
60634,405.45
60635,405.41
60636,405.40
60637,405.49
60638,405.44
60639,405.55
60640,405.40
60641,405.49
60642,405.45
60643,405.50
60644,405.46
60645,405.39
60646,405.44
60647,405.38
60648,405.44
60649,405.47
60650,405.48
60651,405.58
60652,405.47
60653,405.52
60654,405.55
60655,405.61
60656,405.49
60657,405.56
60658,405.59
60659,405.56
60660,405.76
60661,405.67
60662,405.59
60663,405.61
60664,405.65
60665,405.62
60666,405.60
60667,405.63
60668,405.66
60669,405.65
60670,405.72
60671,405.75
60672,405.64
60673,405.69
60674,405.66
60675,405.77
60676,405.75
60677,405.72
60678,405.81
60679,405.77
60680,405.68
60681,405.82
60682,405.74
60683,405.75
60684,405.65
60685,405.72
60686,405.78
60687,405.79
60688,405.89
60689,405.80
60690,405.76
60691,405.74
60692,405.75
60693,405.85
60694,405.72
60695,405.68
60696,405.75
60697,405.81
60698,405.90
60699,405.95
60700,405.99
60701,405.90
60702,405.90
60703,406.00
60704,405.93
60705,405.94
60706,405.94
60707,405.96
60708,406.05
60709,405.90
60710,405.98
60711,405.92
60712,405.94
60713,405.90
60714,405.86
60715,405.98
60716,405.98
60717,405.91
60718,406.03
60719,405.99
60720,405.93
60721,406.00
60722,405.91
60723,405.96
60724,-9999.99
60725,-9999.99
60726,-9999.99
60727,-9999.99
60728,-9999.99
60729,-9999.99
60730,-9999.99
60731,-9999.99
60732,-9999.99
60733,-9999.99
60734,-9999.99
60735,-9999.99
60736,-9999.99
60737,-9999.99
60738,-9999.99
60739,-9999.99
60740,-9999.99
60741,-9999.99
60742,-9999.99
60743,-9999.99
60744,-9999.99
60745,-9999.99
60746,-9999.99
60747,-9999.99
60748,-9999.99
60749,-9999.99
60750,-9999.99
60751,-9999.99
60752,-9999.99
60753,-9999.99
60754,-9999.99
60755,-9999.99
60756,-9999.99
60757,-9999.99
60758,-9999.99
60759,-9999.99
60760,-9999.99
60761,-9999.99
60762,-9999.99
60763,-9999.99
60764,-9999.99
60765,-9999.99
60766,-9999.99
60767,-9999.99
60768,-9999.99
60769,-9999.99
60770,-9999.99
60771,-9999.99
60772,-9999.99
60773,-9999.99
60774,-9999.99
60775,-9999.99
60776,-9999.99
60777,-9999.99
60778,-9999.99
60779,-9999.99
60780,-9999.99
60781,-9999.99
60782,-9999.99
60783,-9999.99
60784,-9999.99
60785,-9999.99
60786,-9999.99
60787,-9999.99
60788,-9999.99
60789,-9999.99
60790,-9999.99
60791,-9999.99
60792,-9999.99
60793,-9999.99
60794,-9999.99
60795,-9999.99
60796,-9999.99
60797,-9999.99
60798,-9999.99
60799,-9999.99
60800,-9999.99
60801,-9999.99
60802,-9999.99
60803,-9999.99
60804,-9999.99
60805,-9999.99
60806,-9999.99
60807,-9999.99
60808,-9999.99
60809,-9999.99
60810,-9999.99
60811,-9999.99
60812,-9999.99
60813,-9999.99
60814,-9999.99
60815,-9999.99
60816,-9999.99
60817,-9999.99
60818,-9999.99
60819,-9999.99
60820,-9999.99
60821,-9999.99
60822,-9999.99
60823,-9999.99
60824,-9999.99
60825,-9999.99
60826,-9999.99
60827,-9999.99
60828,-9999.99
60829,-9999.99
60830,-9999.99
60831,-9999.99
60832,-9999.99
60833,-9999.99
60834,-9999.99
60835,-9999.99
60836,-9999.99
60837,-9999.99
60838,-9999.99
60839,-9999.99
60840,-9999.99
60841,-9999.99
60842,-9999.99
60843,-9999.99
60844,-9999.99
60845,-9999.99
60846,-9999.99
60847,-9999.99
60848,-9999.99
60849,-9999.99
60850,-9999.99
60851,-9999.99
60852,-9999.99
60853,-9999.99
60854,-9999.99
60855,-9999.99
60856,-9999.99
60857,-9999.99
60858,-9999.99
60859,-9999.99
60860,-9999.99
60861,-9999.99
60862,-9999.99
60863,-9999.99
60864,-9999.99
60865,-9999.99
60866,-9999.99
60867,-9999.99
60868,-9999.99
60869,-9999.99
60870,-9999.99
60871,-9999.99
60872,-9999.99
60873,-9999.99
60874,-9999.99
60875,-9999.99
60876,-9999.99
60877,-9999.99
60878,-9999.99
60879,-9999.99
60880,-9999.99
60881,-9999.99
60882,-9999.99
60883,-9999.99
60884,-9999.99
60885,-9999.99
60886,-9999.99
60887,-9999.99
60888,-9999.99
60889,-9999.99
60890,-9999.99
60891,-9999.99
60892,-9999.99
60893,406.75
60894,406.58
60895,406.66
60896,406.64
60897,406.60
60898,406.03
60899,405.93
60900,405.94
60901,405.90
60902,405.79
60903,405.85
60904,405.49
60905,405.44
60906,405.20
60907,405.03
60908,405.05
60909,405.09
60910,405.10
60911,405.06
60912,405.00
60913,404.96
60914,405.04
60915,405.10
60916,405.28
60917,405.24
60918,405.20
60919,405.23
60920,405.32
60921,405.30
60922,405.25
60923,405.18
60924,405.15
60925,405.29
60926,405.18
60927,405.11
60928,405.20
60929,405.13
60930,405.10
60931,405.01
60932,405.12
60933,405.01
60934,405.13
60935,405.20
60936,405.23
60937,405.32
60938,405.31
60939,405.22
60940,405.32
60941,405.27
60942,405.25
60943,405.28
60944,405.23
60945,405.11
60946,404.99
60947,404.95
60948,405.17
60949,405.12
60950,405.22
60951,405.16
60952,405.06
60953,404.89
60954,405.04
60955,405.08
60956,404.95
60957,405.07
60958,405.05
60959,404.94
60960,405.04
60961,405.03
60962,405.27
60963,405.31
60964,405.32
60965,405.33
60966,405.29
60967,405.35
60968,405.23
60969,405.20
60970,405.32
60971,405.39
60972,405.39
60973,405.24
60974,405.23
60975,405.39
60976,405.31
60977,405.43
60978,405.38
60979,405.33
60980,405.43
60981,405.23
60982,405.37
60983,405.28
60984,405.30
60985,405.31
60986,405.20
60987,405.37
60988,405.35
60989,405.24
60990,405.36
60991,405.34
60992,405.40
60993,405.39
60994,405.43
60995,405.40
60996,405.40
60997,405.35
60998,405.37
60999,405.37
61000,405.45
61001,405.40
61002,405.42
61003,405.35
61004,405.32
61005,405.40
61006,405.35
61007,405.41
61008,405.44
61009,405.36
61010,405.40
61011,405.33
61012,405.37
61013,405.33
61014,405.48
61015,405.46
61016,405.46
61017,405.49
61018,405.43
61019,405.49
61020,405.50
61021,405.45
61022,405.41
61023,405.32
61024,405.35
61025,405.40
61026,405.48
61027,405.40
61028,405.35
61029,405.42
61030,405.48
61031,405.59
61032,405.49
61033,405.60
61034,405.64
61035,405.63
61036,405.69
61037,405.59
61038,405.65
61039,405.66
61040,405.56
61041,405.42
61042,405.61
61043,405.62
61044,405.51
61045,405.57
61046,405.61
61047,405.63
61048,405.75
61049,405.69
61050,405.77
61051,405.66
61052,405.65
61053,405.65
61054,405.62
61055,405.57
61056,405.70
61057,405.80
61058,405.79
61059,405.99
61060,405.80
61061,405.84
61062,405.80
61063,405.88
61064,405.90
61065,405.93
61066,405.93
61067,405.76
61068,405.96
61069,405.88
61070,405.81
61071,405.81
61072,405.93
61073,405.78
61074,405.79
61075,405.90
61076,405.93
61077,405.88
61078,405.84
61079,405.91
61080,405.81
61081,405.92
61082,405.93
61083,405.96
61084,406.00
61085,406.00
61086,406.02
61087,405.97
61088,405.88
61089,405.81
61090,405.90
61091,405.78
61092,405.88
61093,405.72
61094,405.73
61095,405.81
61096,405.81
61097,405.87
61098,405.85
61099,405.90
61100,405.83
61101,405.75
61102,405.79
61103,405.72
61104,405.76
61105,405.71
61106,405.57
61107,405.56
61108,405.75
61109,405.80
61110,405.70
61111,405.72
61112,405.76
61113,405.80
61114,405.90
61115,405.75
61116,405.86
61117,405.82
61118,405.78
61119,405.78
61120,405.78
61121,405.83
61122,405.95
61123,405.84
61124,405.85
61125,405.88
61126,405.90
61127,405.89
61128,405.89
61129,405.95
61130,406.08
61131,406.15
61132,406.22
61133,406.22
61134,406.12
61135,406.05
61136,406.12
61137,406.09
61138,406.09
61139,406.10
61140,406.03
61141,405.98
61142,405.98
61143,405.93
61144,405.94
61145,405.83
61146,405.78
61147,405.79
61148,405.69
61149,405.81
61150,405.79
61151,405.75
61152,405.89
61153,405.83
61154,405.85
61155,405.79
61156,405.94
61157,405.98
61158,405.80
61159,405.93
61160,405.88
61161,405.91
61162,405.85
61163,405.79
61164,405.80
61165,405.83
61166,405.72
61167,405.73
61168,405.79
61169,405.83
61170,405.83
61171,405.78
61172,405.83
61173,405.77
61174,405.75
61175,405.72
61176,405.77
61177,405.73
61178,405.72
61179,405.71
61180,405.59
61181,405.65
61182,405.69
61183,405.70
61184,405.67
61185,405.56
61186,405.66
61187,405.64
61188,405.55
61189,405.66
61190,405.56
61191,405.59
61192,405.69
61193,405.72
61194,405.85
61195,405.83
61196,405.91
61197,405.82
61198,405.78
61199,405.93
61200,405.77
61201,405.84
61202,405.89
61203,405.92
61204,405.91
61205,405.89
61206,405.83
61207,405.86
61208,405.86
61209,405.88
61210,405.91
61211,405.80
61212,405.74
61213,405.88
61214,405.88
61215,405.90
61216,405.89
61217,405.89
61218,405.81
61219,405.75
61220,405.89
61221,405.89
61222,405.91
61223,405.81
61224,405.74
61225,405.62
61226,405.46
61227,405.49
61228,405.46
61229,405.37
61230,405.40
61231,405.28
61232,405.36
61233,405.25
61234,405.35
61235,405.31
61236,405.33
61237,405.23
61238,405.20
61239,405.29
61240,405.28
61241,405.76
61242,406.78
61243,407.08
61244,407.14
61245,407.04
61246,407.04
61247,407.11
61248,407.09
61249,407.08
61250,406.85
61251,406.67
61252,406.77
61253,407.00
61254,407.15
61255,407.06
61256,407.10
61257,407.04
61258,406.99
61259,406.93
61260,406.98
61261,407.08
61262,406.98
61263,407.15
61264,407.13
61265,406.97
61266,406.94
61267,406.73
61268,406.57
61269,406.76
61270,406.84
61271,406.59
61272,406.66
61273,406.42
61274,406.38
61275,406.33
61276,406.35
61277,406.22
61278,406.22
61279,406.26
61280,406.22
61281,406.24
61282,406.21
61283,406.15
61284,406.17
61285,406.21
61286,406.23
61287,406.22
61288,406.14
61289,406.16
61290,406.25
61291,406.26
61292,406.15
61293,406.13
61294,406.24
61295,406.27
61296,406.26
61297,406.28
61298,406.10
61299,406.11
61300,406.17
61301,406.29
61302,406.17
61303,406.14
61304,406.16
61305,406.15
61306,406.08
61307,406.15
61308,406.20
61309,406.18
61310,406.26
61311,406.46
61312,406.37
61313,406.49
61314,406.69
61315,406.92
61316,406.92
61317,406.89
61318,406.98
61319,406.96
61320,406.92
61321,406.83
61322,406.79
61323,406.75
61324,406.63
61325,406.71
61326,406.65
61327,406.70
61328,406.60
61329,406.75
61330,406.86
61331,406.87
61332,406.89
61333,406.85
61334,406.89
61335,407.06
61336,407.08
61337,407.20
61338,407.25
61339,407.46
61340,407.56
61341,407.64
61342,407.57
61343,407.56
61344,407.68
61345,407.54
61346,407.60
61347,407.53
61348,407.57
61349,407.50
61350,407.50
61351,407.55
61352,407.52
61353,407.57
61354,407.51
61355,407.53
61356,407.48
61357,407.52
61358,407.50
61359,407.46
61360,407.37
61361,407.50
61362,407.37
61363,407.43
61364,407.48
61365,407.33
61366,407.34
61367,407.35
61368,407.39
61369,407.38
61370,407.40
61371,407.38
61372,407.47
61373,407.47
61374,407.45
61375,407.28
61376,407.33
61377,407.35
61378,407.23
61379,407.14
61380,407.10
61381,407.14
61382,407.13
61383,407.21
61384,406.92
61385,406.89
61386,406.82
61387,406.87
61388,406.89
61389,406.83
61390,406.70
61391,406.70
61392,406.88
61393,406.77
61394,406.92
61395,406.83
61396,406.76
61397,406.70
61398,406.83
61399,406.62
61400,406.49
61401,406.49
61402,406.36
61403,406.28
61404,406.31
61405,406.25
61406,406.23
61407,406.23
61408,406.27
61409,406.12
61410,406.03
61411,405.98
61412,405.87
61413,405.88
61414,405.84
61415,405.74
61416,405.75
61417,405.74
61418,405.67
61419,405.68
61420,405.65
61421,405.73
61422,405.73
61423,405.65
61424,405.57
61425,405.59
61426,405.60
61427,405.67
61428,405.60
61429,405.65
61430,405.57
61431,405.57
61432,405.53
61433,405.56
61434,405.64
61435,405.55
61436,405.59
61437,405.48
61438,405.53
61439,405.61
61440,405.73
61441,405.80
61442,405.76
61443,405.74
61444,405.80
61445,405.66
61446,405.55
61447,405.65
61448,405.62
61449,405.59
61450,405.64
61451,405.58
61452,405.59
61453,405.51
61454,405.60
61455,405.46
61456,405.56
61457,405.64
61458,405.61
61459,405.56
61460,405.53
61461,405.62
61462,405.59
61463,405.70
61464,405.56
61465,405.58
61466,405.58
61467,405.46
61468,405.64
61469,405.65
61470,405.57
61471,405.50
61472,405.52
61473,405.53
61474,405.59
61475,405.52
61476,405.38
61477,405.47
61478,405.53
61479,405.47
61480,405.51
61481,405.44
61482,405.41
61483,405.40
61484,405.42
61485,405.37
61486,405.48
61487,405.55
61488,405.43
61489,405.46
61490,405.54
61491,405.49
61492,405.50
61493,405.46
61494,405.63
61495,405.54
61496,405.47
61497,405.55
61498,405.46
61499,405.45
61500,405.49
61501,405.48
61502,405.33
61503,405.46
61504,405.48
61505,405.49
61506,405.42
61507,405.35
61508,405.43
61509,405.50
61510,405.26
61511,405.33
61512,405.53
61513,405.43
61514,405.40
61515,405.38
61516,405.29
61517,405.47
61518,405.40
61519,405.51
61520,405.29
61521,405.44
61522,405.50
61523,405.47
61524,405.42
61525,405.50
61526,405.42
61527,405.51
61528,405.48
61529,405.39
61530,405.53
61531,405.53
61532,405.36
61533,405.39
61534,405.40
61535,405.38
61536,405.44
61537,405.46
61538,405.49
61539,405.34
61540,405.37
61541,405.48
61542,405.50
61543,405.47
61544,405.29
61545,405.48
61546,405.44
61547,405.28
61548,405.30
61549,405.32
61550,405.38
61551,405.39
61552,405.39
61553,405.30
61554,405.45
61555,405.25
61556,405.39
61557,405.36
61558,405.40
61559,405.30
61560,405.25
61561,405.33
61562,405.38
61563,405.48
61564,405.33
61565,405.40
61566,405.27
61567,405.38
61568,405.50
61569,405.39
61570,405.53
61571,405.30
61572,405.47
61573,405.55
61574,405.49
61575,405.52
61576,405.46
61577,405.57
61578,405.36
61579,405.58
61580,405.57
61581,405.53
61582,405.50
61583,405.49
61584,405.53
61585,405.43
61586,405.58
61587,405.71
61588,405.60
61589,405.74
61590,405.66
61591,405.59
61592,405.62
61593,405.52
61594,405.38
61595,405.38
61596,405.39
61597,405.26
61598,405.34
61599,405.47
61600,405.29
61601,405.36
61602,405.34
61603,405.41
61604,405.39
61605,405.29
61606,405.34
61607,405.38
61608,405.48
61609,405.45
61610,405.40
61611,405.46
61612,405.60
61613,405.44
61614,405.46
61615,405.43
61616,405.43
61617,405.32
61618,405.50
61619,405.39
61620,405.48
61621,405.49
61622,405.48
61623,405.55
61624,405.38
61625,405.45
61626,405.56
61627,405.53
61628,405.62
61629,405.59
61630,405.49
61631,405.59
61632,405.49
61633,405.54
61634,405.63
61635,405.73
61636,405.66
61637,405.67
61638,405.74
61639,405.59
61640,405.49
61641,405.56
61642,405.48
61643,405.54
61644,405.49
61645,405.71
61646,405.69
61647,405.58
61648,405.66
61649,405.66
61650,405.71
61651,405.59
61652,405.53
61653,405.57
61654,405.68
61655,405.55
61656,405.63
61657,405.56
61658,405.60
61659,405.62
61660,405.52
61661,405.39
61662,405.55
61663,405.57
61664,405.56
61665,405.45
61666,405.49
61667,405.48
61668,405.57
61669,405.54
61670,405.44
61671,405.52
61672,405.57
61673,405.48
61674,405.50
61675,405.40
61676,405.44
61677,405.39
61678,405.56
61679,405.50
61680,405.45
61681,405.47
61682,405.46
61683,405.59
61684,405.53
61685,405.51
61686,405.38
61687,405.62
61688,405.74
61689,405.74
61690,405.59
61691,405.61
61692,405.70
61693,405.70
61694,405.64
61695,405.74
61696,405.64
61697,405.55
61698,405.54
61699,405.49
61700,405.59
61701,405.72
61702,405.54
61703,405.59
61704,405.63
61705,405.60
61706,405.51
61707,405.50
61708,405.66
61709,405.67
61710,405.66
61711,405.57
61712,405.57
61713,405.48
61714,405.45
61715,405.62
61716,405.67
61717,405.52
61718,405.56
61719,405.60
61720,405.44
61721,405.53
61722,405.53
61723,405.64
61724,405.57
61725,405.52
61726,405.47
61727,405.47
61728,405.58
61729,405.47
61730,405.43
61731,405.43
61732,405.57
61733,405.48
61734,405.42
61735,405.52
61736,405.55
61737,405.48
61738,405.56
61739,405.55
61740,405.55
61741,405.44
61742,405.40
61743,405.56
61744,405.50
61745,405.51
61746,405.41
61747,405.48
61748,405.48
61749,405.48
61750,405.39
61751,405.48
61752,405.59
61753,405.43
61754,405.46
61755,405.53
61756,405.45
61757,405.43
61758,405.55
61759,405.40
61760,405.51
61761,405.46
61762,405.47
61763,405.48
61764,405.50
61765,405.43
61766,405.56
61767,405.64
61768,405.49
61769,405.48
61770,405.57
61771,405.56
61772,405.56
61773,405.49
61774,405.45
61775,405.45
61776,405.43
61777,405.54
61778,405.51
61779,405.54
61780,405.50
61781,405.44
61782,405.59
61783,405.49
61784,405.63
61785,405.41
61786,405.50
61787,405.51
61788,405.59
61789,405.44
61790,405.40
61791,405.50
61792,405.40
61793,405.41
61794,405.39
61795,405.49
61796,405.33
61797,405.56
61798,405.52
61799,405.44
61800,405.46
61801,405.54
61802,405.47
61803,405.43
61804,405.49
61805,405.46
61806,405.44
