NETCARE2015/data/raw/Flight8/CO2_POLAR6_20150420_R1_L1_NETCARE.ict
34, 1001
Bozem, Heiko; Hoor, Peter
Institute for Atmospheric Physics, Johannes Gutenberg University, Mainz, Germany
CO2 mixing ratio from LI7200 CO2 analyzer
NETCARE Polar 6 Campaign 2015
1, 1
2015, 04, 20, 2015, 08, 12
1
Time_UTC, seconds
1
1
-9999.99
CO2_ppmv, ppmv
0
19
PI_CONTACT_INFO: Address: Johann-Joachim-Becherweg 21, 55128 Mainz, email: bozemh@uni-mainz.de; hoor@uni-mainz.de
PLATFORM: Polar 6
LOCATION: GPS location and altitude available at 1 Hz resolution in separate file (See AIMMS files under Aircraft data and meteorology)
ASSOCIATED_DATA: N/A
INSTRUMENT_INFO: CO2 measurements based on non-dispersive infrared absorption spectroscopy
DATA_INFO: Units are ppmv
UNCERTAINTY: UNCERTAINTY RELATIVE TO STANDARD: 1.71 ppmv at 1 sigma confidence (before drift correction is applied)
ULOD_FLAG: -7777
ULOD_VALUE: 3000
LLOD_FLAG: -8888
LLOD_VALUE: N/A 
DM_CONTACT_INFO: N/A
PROJECT_INFO: NETCARE Polar 6 aircraft campaign in April 2015; Inuvik
STIPULATIONS_ON_USE: N/A
OTHER_COMMENTS: N/A
REVISION: R1
R0: Preliminary data, corrected for instrument drift
R1: Final data, corrected for instrument drift
Time_UTC,CO2_ppmv
[from data line 7229]
64218,405.93
64219,405.89
64220,405.94
64221,405.97
64222,405.93
64223,405.94
64224,405.87
64225,405.92
64226,405.88
64227,405.84
64228,405.90
64229,405.89
64230,405.87
64231,405.89
64232,405.86
64233,405.93
64234,405.82
64235,405.89
64236,405.89
64237,405.79
64238,405.83
64239,405.87
64240,405.88
64241,405.81
64242,405.84
64243,405.81
64244,405.85
64245,405.89
64246,405.91
64247,405.84
64248,405.83
64249,405.86
64250,405.79
64251,405.87
64252,405.78
64253,405.80
64254,405.88
64255,405.85
64256,405.84
64257,405.76
64258,405.79
64259,405.76
64260,405.82
64261,405.87
64262,405.79
64263,405.83
64264,405.82
64265,405.76
64266,405.88
64267,405.78
64268,405.82
64269,405.80
64270,405.81
64271,405.89
64272,405.76
64273,405.85
64274,405.84
64275,405.81
64276,405.84
64277,405.93
64278,405.89
64279,405.83
64280,405.84
64281,405.88
64282,405.83
64283,405.81
64284,405.86
64285,405.84
64286,405.92
64287,405.87
64288,405.87
64289,405.82
64290,405.84
64291,405.84
64292,405.89
64293,405.86
64294,405.79
64295,405.94
64296,405.84
64297,405.82
64298,405.85
64299,405.89
64300,405.89
64301,405.82
64302,405.88
64303,405.89
64304,405.84
64305,405.85
64306,405.88
64307,405.88
64308,405.86
64309,405.90
64310,405.85
64311,405.81
64312,405.82
64313,405.84
64314,405.93
64315,405.85
64316,405.85
64317,405.93
64318,405.93
64319,405.92
64320,405.89
64321,405.91
64322,406.02
64323,405.80
64324,405.96
64325,405.89
64326,405.82
64327,405.93
64328,405.87
64329,405.89
64330,405.97
64331,405.93
64332,405.93
64333,405.97
64334,405.87
64335,405.95
64336,405.89
64337,405.87
64338,405.95
64339,405.88
64340,405.94
64341,405.82
64342,405.88
64343,405.84
64344,405.98
64345,405.82
64346,405.87
64347,405.89
64348,405.86
64349,405.88
64350,405.92
64351,405.91
64352,405.87
64353,405.88
64354,405.85
64355,405.80
64356,405.92
64357,405.87
64358,405.87
64359,405.87
64360,405.85
64361,405.88
64362,405.84
64363,405.88
64364,405.80
64365,405.90
64366,405.77
64367,405.80
64368,405.82
64369,405.91
64370,405.83
64371,405.84
64372,405.77
64373,405.83
64374,405.76
64375,405.82
64376,405.81
64377,405.85
64378,405.73
64379,405.75
64380,405.86
64381,405.75
64382,405.79
64383,405.79
64384,405.77
64385,405.80
64386,405.79
64387,405.77
64388,405.75
64389,405.78
64390,405.71
64391,405.74
64392,405.77
64393,405.73
64394,405.80
64395,405.80
64396,405.79
64397,405.81
64398,405.86
64399,405.81
64400,405.78
64401,405.76
64402,405.82
64403,405.89
64404,405.89
64405,405.83
64406,405.82
64407,405.80
64408,405.82
64409,405.84
64410,405.76
64411,405.81
64412,405.81
64413,405.77
64414,405.81
64415,405.82
64416,405.77
64417,405.82
64418,405.90
64419,405.81
64420,405.84
64421,405.89
64422,405.84
64423,405.82
64424,405.89
64425,405.83
64426,405.79
64427,405.82
64428,405.83
64429,405.76
64430,405.81
64431,405.76
64432,405.72
64433,405.78
64434,405.77
64435,405.80
64436,405.78
64437,405.78
64438,405.85
64439,405.80
64440,405.83
64441,405.79
64442,405.85
64443,405.82
64444,405.78
64445,405.77
64446,405.81
64447,405.84
64448,405.72
64449,405.75
64450,405.80
64451,405.77
64452,405.80
64453,405.77
64454,405.80
64455,405.82
64456,405.73
64457,405.76
64458,405.75
64459,405.78
64460,405.67
64461,405.70
64462,405.73
64463,405.67
64464,405.66
64465,405.64
64466,405.52
64467,405.58
64468,405.57
64469,405.62
64470,405.55
64471,405.58
64472,405.50
64473,405.50
64474,405.65
64475,405.63
64476,405.61
64477,405.52
64478,405.49
64479,405.66
64480,405.51
64481,405.51
64482,405.49
64483,405.54
64484,405.56
64485,405.59
64486,405.58
64487,405.47
64488,405.61
64489,405.53
64490,405.54
64491,405.49
64492,405.53
64493,405.54
64494,405.55
64495,405.53
64496,405.44
64497,405.56
64498,405.53
64499,405.47
64500,405.45
64501,405.47
64502,405.47
64503,405.53
64504,405.51
64505,405.43
64506,405.45
64507,405.51
64508,405.54
64509,405.56
64510,405.57
64511,405.45
64512,405.58
64513,405.59
64514,405.52
64515,405.45
64516,405.48
64517,405.51
64518,405.51
64519,405.57
64520,405.57
64521,405.46
64522,405.56
64523,405.53
64524,405.54
64525,405.56
64526,405.43
64527,405.58
64528,405.53
64529,405.59
64530,405.51
64531,405.54
64532,405.40
64533,405.63
64534,405.42
64535,405.45
64536,405.50
64537,405.50
64538,405.55
64539,405.58
64540,405.45
64541,405.49
64542,405.46
64543,405.58
64544,405.50
64545,405.35
64546,405.49
64547,405.52
64548,405.50
64549,405.49
64550,405.38
64551,405.39
64552,405.43
64553,405.28
64554,405.43
64555,405.32
64556,405.39
64557,405.42
64558,405.44
64559,405.40
64560,405.37
64561,405.32
64562,405.42
64563,405.32
64564,405.42
64565,405.40
64566,405.32
64567,405.33
64568,405.42
64569,405.39
64570,405.38
64571,405.31
64572,405.32
64573,405.39
64574,405.32
64575,405.35
64576,405.34
64577,405.38
64578,405.35
64579,405.45
64580,405.29
64581,405.40
64582,405.37
64583,405.41
64584,405.35
64585,405.42
64586,405.40
64587,405.33
64588,405.39
64589,405.42
64590,405.40
64591,405.39
64592,405.41
64593,405.39
64594,405.46
64595,405.34
64596,405.42
64597,405.33
64598,405.42
64599,405.40
64600,405.43
64601,405.45
64602,405.45
64603,405.41
64604,405.38
64605,405.43
64606,405.32
64607,405.40
64608,405.40
64609,405.40
64610,405.37
64611,405.42
64612,405.49
64613,405.39
64614,405.44
64615,405.45
64616,405.43
64617,405.36
64618,405.43
64619,405.36
64620,405.34
64621,405.40
64622,405.45
64623,405.42
64624,405.51
64625,405.31
64626,405.40
64627,405.35
64628,405.34
64629,405.35
64630,405.38
64631,405.41
64632,405.38
64633,405.37
64634,405.41
64635,405.29
64636,405.29
64637,405.40
64638,405.36
64639,405.36
64640,405.34
64641,405.35
64642,405.43
64643,405.32
64644,405.36
64645,405.31
64646,405.33
64647,405.37
64648,405.34
64649,405.33
64650,405.39
64651,405.28
64652,405.42
64653,405.37
64654,405.32
64655,405.37
64656,405.32
64657,405.36
64658,405.34
64659,405.40
64660,405.37
64661,405.36
64662,405.34
64663,405.38
64664,405.29
64665,405.29
64666,405.38
64667,405.33
64668,405.35
64669,405.36
64670,405.36
64671,405.34
64672,405.37
64673,405.34
64674,405.34
64675,405.32
64676,405.30
64677,405.36
64678,405.28
64679,405.36
64680,405.32
64681,405.37
64682,405.41
64683,405.35
64684,405.40
64685,405.45
64686,405.39
64687,405.42
64688,405.38
64689,405.40
64690,405.46
64691,405.46
64692,405.33
64693,405.38
64694,405.43
64695,405.47
64696,405.40
64697,405.42
64698,405.32
64699,405.43
64700,405.34
64701,405.38
64702,405.41
64703,405.38
64704,405.39
64705,405.47
64706,405.40
64707,405.34
64708,405.40
64709,405.42
64710,405.32
64711,405.37
64712,405.35
64713,405.44
64714,405.40
64715,405.39
64716,405.39
64717,405.33
64718,405.36
64719,405.37
64720,405.38
64721,405.34
64722,405.34
64723,405.29
64724,405.36
64725,405.36
64726,405.41
64727,405.30
64728,405.44
64729,405.32
64730,405.36
64731,405.30
64732,405.39
64733,405.39
64734,405.35
64735,405.35
64736,405.39
64737,405.43
64738,405.36
64739,405.38
64740,405.40
64741,405.40
64742,405.38
64743,405.42
64744,405.35
64745,405.38
64746,405.37
64747,405.33
64748,405.34
64749,405.37
64750,405.35
64751,405.36
64752,405.40
64753,405.34
64754,405.42
64755,405.34
64756,405.36
64757,405.41
64758,405.36
64759,405.37
64760,405.32
64761,405.31
64762,405.38
64763,405.31
64764,405.41
64765,405.33
64766,405.40
64767,405.41
64768,405.40
64769,405.32
64770,405.43
64771,405.47
64772,405.31
64773,405.34
64774,405.39
64775,405.32
64776,405.39
64777,405.38
64778,405.36
64779,405.33
64780,405.41
64781,405.45
64782,405.43
64783,405.40
64784,405.41
64785,405.35
64786,405.40
64787,405.40
64788,405.41
64789,405.39
64790,405.38
64791,405.36
64792,405.42
64793,405.35
64794,405.35
64795,405.44
64796,405.33
64797,405.42
64798,405.35
64799,405.33
64800,405.34
64801,405.44
64802,405.35
64803,405.34
64804,405.36
64805,405.30
64806,405.40
64807,405.41
64808,405.38
64809,405.39
64810,405.34
64811,405.37
64812,405.41
64813,405.39
64814,405.37
64815,405.41
64816,405.35
64817,405.38
64818,405.43
64819,405.35
64820,405.37
64821,405.37
64822,405.41
64823,405.49
64824,405.44
64825,405.41
64826,405.46
64827,405.48
64828,405.47
64829,405.48
64830,405.49
64831,405.44
64832,405.48
64833,405.51
64834,405.49
64835,405.57
64836,405.53
64837,405.48
64838,405.50
64839,405.56
64840,405.50
64841,405.55
64842,405.52
64843,405.51
64844,405.50
64845,405.54
64846,405.56
64847,405.55
64848,405.56
64849,405.58
64850,405.54
64851,405.60
64852,405.61
64853,405.52
64854,405.55
64855,405.55
64856,405.55
64857,405.58
64858,405.50
64859,405.52
64860,405.57
64861,405.56
64862,405.57
64863,405.49
64864,405.54
64865,405.56
64866,405.54
64867,405.65
64868,405.63
64869,405.65
64870,405.76
64871,405.82
64872,405.80
64873,405.79
64874,405.82
64875,405.80
64876,406.06
64877,406.00
64878,405.96
64879,405.74
64880,406.07
64881,405.98
64882,406.00
64883,405.95
64884,406.08
64885,406.02
64886,406.08
64887,406.04
64888,406.05
64889,406.08
64890,406.11
64891,406.10
64892,406.11
64893,406.05
64894,406.03
64895,406.07
64896,406.14
64897,406.08
64898,406.14
64899,406.06
64900,406.01
64901,405.97
64902,406.04
64903,406.02
64904,406.03
64905,406.12
64906,406.07
64907,406.04
64908,405.92
64909,406.11
64910,406.02
64911,405.99
64912,406.09
64913,406.06
64914,406.07
64915,406.03
64916,406.07
64917,406.15
64918,406.09
64919,406.14
64920,406.21
64921,406.21
64922,406.12
64923,406.21
64924,406.17
64925,406.24
64926,406.22
64927,406.28
64928,406.28
64929,406.27
64930,406.24
64931,406.28
64932,406.33
64933,406.33
64934,406.32
64935,406.26
64936,406.29
64937,406.34
64938,406.29
64939,406.37
64940,406.31
64941,406.36
64942,406.39
64943,406.43
64944,406.43
64945,406.45
64946,406.71
64947,406.67
64948,406.88
64949,406.60
64950,406.71
64951,406.72
64952,406.59
64953,406.58
64954,406.46
64955,406.78
64956,406.85
64957,406.97
64958,406.78
64959,406.74
64960,406.87
64961,406.81
64962,406.83
64963,406.82
64964,406.81
64965,406.85
64966,406.93
64967,406.85
64968,406.82
64969,406.84
64970,406.82
64971,406.95
64972,406.99
64973,407.10
64974,407.24
64975,407.39
64976,407.68
64977,407.79
64978,408.00
64979,407.99
64980,407.91
64981,407.88
64982,408.01
64983,408.05
64984,407.96
64985,408.38
64986,407.89
64987,407.93
64988,407.87
64989,408.01
64990,407.96
64991,408.03
64992,407.88
64993,408.36
64994,407.93
64995,407.34
64996,407.32
64997,407.53
64998,407.66
64999,408.02
65000,407.90
65001,408.02
65002,408.02
65003,408.26
65004,408.28
65005,408.51
65006,408.32
65007,408.56
65008,408.10
65009,408.00
65010,408.09
65011,408.09
65012,407.96
65013,408.26
65014,408.07
65015,408.20
65016,408.44
65017,408.14
65018,407.93
65019,407.93
65020,407.97
65021,407.91
65022,407.84
65023,408.17
65024,408.42
65025,408.57
65026,408.16
65027,408.26
65028,408.17
65029,408.20
65030,408.73
65031,408.34
65032,408.40
65033,408.31
65034,407.81
65035,407.83
65036,407.59
65037,407.47
65038,407.73
65039,407.76
65040,407.59
65041,407.64
65042,407.46
65043,407.42
65044,407.41
65045,407.44
65046,407.38
65047,407.35
65048,407.66
65049,407.65
65050,407.69
65051,407.82
65052,407.81
65053,407.58
65054,407.57
65055,407.29
65056,407.18
65057,407.36
65058,407.42
65059,407.45
65060,407.23
65061,406.80
65062,406.85
65063,406.97
65064,406.79
65065,407.02
65066,406.87
65067,406.92
65068,406.92
65069,406.95
65070,406.88
65071,406.97
65072,406.95
65073,407.00
65074,407.06
65075,407.10
65076,407.09
65077,407.02
65078,407.01
65079,407.06
65080,407.15
65081,407.16
65082,407.13
65083,407.27
65084,407.17
65085,407.16
65086,407.15
65087,407.20
65088,407.28
65089,407.20
65090,407.42
65091,407.66
65092,407.47
65093,407.72
65094,407.25
65095,407.20
65096,407.27
65097,407.48
65098,407.77
65099,407.71
65100,407.44
65101,407.56
65102,407.21
65103,407.24
65104,407.41
65105,407.53
65106,407.32
65107,407.22
65108,407.30
65109,407.19
65110,407.21
65111,407.35
65112,407.52
65113,407.49
65114,407.44
65115,407.32
65116,407.33
65117,407.22
65118,407.25
65119,407.36
65120,407.36
65121,407.21
65122,407.23
65123,407.47
65124,407.36
65125,407.36
65126,407.77
65127,407.61
65128,407.36
65129,407.88
65130,407.74
65131,407.22
65132,407.31
65133,407.48
65134,407.46
65135,407.42
65136,407.36
65137,407.37
65138,407.35
65139,407.41
65140,407.93
65141,-9999.99
65142,-9999.99
65143,-9999.99
65144,-9999.99
65145,-9999.99
65146,-9999.99
65147,-9999.99
65148,-9999.99
65149,-9999.99
65150,-9999.99
65151,-9999.99
65152,-9999.99
65153,-9999.99
65154,-9999.99
65155,-9999.99
65156,-9999.99
65157,-9999.99
65158,-9999.99
65159,-9999.99
65160,-9999.99
65161,-9999.99
65162,-9999.99
65163,-9999.99
65164,-9999.99
65165,-9999.99
65166,-9999.99
65167,-9999.99
65168,-9999.99
65169,-9999.99
65170,-9999.99
65171,-9999.99
65172,-9999.99
65173,-9999.99
65174,-9999.99
65175,-9999.99
65176,-9999.99
65177,-9999.99
65178,-9999.99
65179,-9999.99
65180,-9999.99
65181,-9999.99
65182,-9999.99
65183,-9999.99
65184,-9999.99
65185,-9999.99
65186,-9999.99
65187,-9999.99
65188,-9999.99
65189,-9999.99
65190,-9999.99
65191,-9999.99
65192,-9999.99
65193,-9999.99
65194,-9999.99
65195,-9999.99
65196,-9999.99
65197,-9999.99
65198,-9999.99
65199,-9999.99
65200,-9999.99
65201,-9999.99
65202,-9999.99
65203,-9999.99
65204,-9999.99
65205,-9999.99
65206,-9999.99
65207,-9999.99
65208,-9999.99
65209,-9999.99
65210,-9999.99
65211,-9999.99
65212,-9999.99
65213,-9999.99
65214,-9999.99
65215,-9999.99
65216,-9999.99
65217,-9999.99
65218,-9999.99
65219,-9999.99
65220,-9999.99
65221,-9999.99
65222,-9999.99
65223,-9999.99
65224,-9999.99
65225,-9999.99
65226,-9999.99
65227,-9999.99
65228,-9999.99
65229,-9999.99
65230,-9999.99
65231,-9999.99
65232,-9999.99
65233,-9999.99
65234,-9999.99
65235,-9999.99
65236,-9999.99
65237,-9999.99
65238,-9999.99
65239,-9999.99
65240,-9999.99
65241,-9999.99
65242,-9999.99
65243,-9999.99
65244,-9999.99
65245,-9999.99
65246,-9999.99
65247,-9999.99
65248,-9999.99
65249,-9999.99
65250,-9999.99
65251,-9999.99
65252,-9999.99
65253,-9999.99
65254,-9999.99
65255,-9999.99
65256,-9999.99
65257,-9999.99
65258,-9999.99
65259,-9999.99
65260,-9999.99
65261,-9999.99
65262,-9999.99
65263,-9999.99
65264,-9999.99
65265,-9999.99
65266,-9999.99
65267,-9999.99
65268,-9999.99
65269,-9999.99
65270,-9999.99
65271,-9999.99
65272,-9999.99
65273,-9999.99
65274,-9999.99
65275,-9999.99
65276,-9999.99
65277,-9999.99
65278,-9999.99
65279,-9999.99
65280,-9999.99
65281,-9999.99
65282,-9999.99
65283,-9999.99
65284,-9999.99
65285,-9999.99
65286,-9999.99
65287,-9999.99
65288,-9999.99
65289,-9999.99
65290,-9999.99
65291,-9999.99
65292,-9999.99
65293,-9999.99
65294,-9999.99
65295,-9999.99
65296,-9999.99
65297,-9999.99
65298,-9999.99
65299,-9999.99
65300,-9999.99
65301,-9999.99
65302,-9999.99
65303,-9999.99
65304,-9999.99
65305,-9999.99
65306,-9999.99
65307,-9999.99
65308,-9999.99
65309,-9999.99
65310,407.90
65311,407.94
65312,407.96
65313,407.97
65314,408.14
65315,407.91
65316,407.89
65317,407.81
65318,407.53
65319,407.40
65320,407.30
65321,407.24
65322,407.28
65323,407.18
65324,407.16
65325,407.12
65326,407.20
65327,407.67
65328,407.98
65329,408.10
65330,408.03
65331,408.09
65332,408.10
65333,408.21
65334,408.11
65335,407.99
65336,407.44
65337,407.36
65338,407.28
65339,407.33
65340,407.22
65341,407.25
65342,407.72
65343,408.16
65344,408.17
65345,408.27
65346,408.22
65347,408.35
65348,408.19
65349,408.31
65350,408.29
65351,408.25
65352,408.26
65353,408.34
65354,408.35
65355,408.40
65356,408.26
65357,408.34
65358,408.36
65359,408.41
65360,408.32
65361,408.30
65362,408.29
65363,408.42
65364,408.38
65365,408.30
65366,408.33
65367,408.36
65368,408.31
65369,408.31
65370,408.16
65371,408.34
65372,408.42
65373,408.38
65374,408.22
65375,408.19
65376,408.25
65377,408.31
65378,408.17
65379,408.07
65380,408.16
65381,408.28
65382,408.25
65383,408.07
65384,408.03
65385,408.08
65386,408.15
65387,408.13
65388,408.09
65389,408.09
65390,408.11
65391,408.11
65392,407.76
65393,407.92
65394,408.16
65395,407.97
65396,407.76
65397,407.84
65398,407.86
65399,407.84
65400,407.85
65401,407.76
65402,407.40
65403,407.67
65404,408.01
65405,407.77
65406,407.91
65407,407.93
65408,407.90
65409,407.99
65410,407.95
65411,407.76
65412,407.91
65413,407.51
65414,407.62
65415,407.88
65416,408.12
65417,408.14
65418,407.95
65419,407.98
65420,407.99
65421,408.11
