NETCARE2015/data/raw/Flight8/CO2_POLAR6_20150420_R1_L1_NETCARE.ict
34, 1001
Bozem, Heiko; Hoor, Peter
Institute for Atmospheric Physics, Johannes Gutenberg University, Mainz, Germany
CO2 mixing ratio from LI7200 CO2 analyzer
NETCARE Polar 6 Campaign 2015
1, 1
2015, 04, 20, 2015, 08, 12
1
Time_UTC, seconds
1
1
-9999.99
CO2_ppmv, ppmv
0
19
PI_CONTACT_INFO: Address: Johann-Joachim-Becherweg 21, 55128 Mainz, email: bozemh@uni-mainz.de; hoor@uni-mainz.de
PLATFORM: Polar 6
LOCATION: GPS location and altitude available at 1 Hz resolution in separate file (See AIMMS files under Aircraft data and meteorology)
ASSOCIATED_DATA: N/A
INSTRUMENT_INFO: CO2 measurements based on non-dispersive infrared absorption spectroscopy
DATA_INFO: Units are ppmv
UNCERTAINTY: UNCERTAINTY RELATIVE TO STANDARD: 1.71 ppmv at 1 sigma confidence (before drift correction is applied)
ULOD_FLAG: -7777
ULOD_VALUE: 3000
LLOD_FLAG: -8888
LLOD_VALUE: N/A 
DM_CONTACT_INFO: N/A
PROJECT_INFO: NETCARE Polar 6 aircraft campaign in April 2015; Inuvik
STIPULATIONS_ON_USE: N/A
OTHER_COMMENTS: N/A
REVISION: R1
R0: Preliminary data, corrected for instrument drift
R1: Final data, corrected for instrument drift
Time_UTC,CO2_ppmv
[from data line 6024]
63013,405.65
63014,405.61
63015,405.65
63016,405.64
63017,405.61
63018,405.61
63019,405.61
63020,405.57
63021,405.68
63022,405.59
63023,405.60
63024,405.60
63025,405.64
63026,405.59
63027,405.66
63028,405.63
63029,405.64
63030,405.69
63031,405.62
63032,405.64
63033,405.61
63034,405.69
63035,405.64
63036,405.57
63037,405.66
63038,405.63
63039,405.59
63040,405.66
63041,405.55
63042,405.59
63043,405.65
63044,405.58
63045,405.65
63046,405.58
63047,405.56
63048,405.53
63049,405.61
63050,405.65
63051,405.58
63052,405.58
63053,405.51
63054,405.65
63055,405.70
63056,405.59
63057,405.60
63058,405.58
63059,405.66
63060,405.67
63061,405.73
63062,405.56
63063,405.60
63064,405.63
63065,405.69
63066,405.59
63067,405.68
63068,405.65
63069,405.69
63070,405.54
63071,405.65
63072,405.66
63073,405.67
63074,405.64
63075,405.62
63076,405.68
63077,405.68
63078,405.61
63079,405.58
63080,405.62
63081,405.71
63082,405.76
63083,405.73
63084,405.72
63085,405.65
63086,405.61
63087,405.58
63088,405.68
63089,405.59
63090,405.78
63091,405.68
63092,405.64
63093,405.66
63094,405.62
63095,405.66
63096,405.71
63097,405.64
63098,405.66
63099,405.74
63100,405.62
63101,405.63
63102,405.74
63103,405.63
63104,405.70
63105,405.64
63106,405.67
63107,405.64
63108,405.63
63109,405.67
63110,405.63
63111,405.65
63112,405.66
63113,405.66
63114,405.63
63115,405.68
63116,405.67
63117,405.65
63118,405.63
63119,405.71
63120,405.68
63121,405.71
63122,405.64
63123,405.77
63124,405.65
63125,405.62
63126,405.65
63127,405.69
63128,405.61
63129,405.70
63130,405.60
63131,405.65
63132,405.70
63133,405.64
63134,405.73
63135,405.69
63136,405.69
63137,405.73
63138,405.74
63139,405.71
63140,405.64
63141,405.63
63142,405.69
63143,405.70
63144,405.70
63145,405.71
63146,405.67
63147,405.57
63148,405.71
63149,405.66
63150,405.69
63151,405.74
63152,405.71
63153,405.73
63154,405.71
63155,405.52
63156,405.71
63157,405.72
63158,405.74
63159,405.63
63160,405.66
63161,405.64
63162,405.70
63163,405.72
63164,405.71
63165,405.69
63166,405.73
63167,405.79
63168,405.74
63169,405.77
63170,405.56
63171,405.63
63172,405.70
63173,405.69
63174,405.67
63175,405.69
63176,405.66
63177,405.68
63178,405.67
63179,405.65
63180,405.69
63181,405.63
63182,405.65
63183,405.71
63184,405.68
63185,405.63
63186,405.65
63187,405.64
63188,405.59
63189,405.61
63190,405.68
63191,405.76
63192,405.72
63193,405.61
63194,405.69
63195,405.61
63196,405.63
63197,405.67
63198,405.68
63199,405.62
63200,405.65
63201,405.67
63202,405.62
63203,405.62
63204,405.72
63205,405.78
63206,405.73
63207,405.58
63208,405.69
63209,405.75
63210,405.74
63211,405.69
63212,405.71
63213,405.70
63214,405.65
63215,405.69
63216,405.73
63217,405.65
63218,405.70
63219,405.73
63220,405.71
63221,405.70
63222,405.71
63223,405.71
63224,405.63
63225,405.74
63226,405.68
63227,405.71
63228,405.71
63229,405.65
63230,405.63
63231,405.67
63232,405.59
63233,405.70
63234,405.68
63235,405.65
63236,405.69
63237,405.73
63238,405.62
63239,405.65
63240,405.67
63241,405.71
63242,405.64
63243,405.80
63244,405.62
63245,405.66
63246,405.61
63247,405.68
63248,405.61
63249,405.66
63250,405.68
63251,405.56
63252,405.64
63253,405.68
63254,405.69
63255,405.66
63256,405.69
63257,405.58
63258,405.68
63259,405.71
63260,405.67
63261,405.69
63262,405.67
63263,405.66
63264,405.68
63265,405.57
63266,405.59
63267,405.62
63268,405.59
63269,405.69
63270,405.62
63271,405.70
63272,405.67
63273,405.59
63274,405.63
63275,405.74
63276,405.62
63277,405.68
63278,405.64
63279,405.61
63280,405.55
63281,405.51
63282,405.63
63283,405.57
63284,405.66
63285,405.64
63286,405.61
63287,405.59
63288,405.66
63289,405.60
63290,405.51
63291,405.66
63292,405.65
63293,405.61
63294,405.67
63295,405.66
63296,405.60
63297,405.69
63298,405.53
63299,405.66
63300,405.61
63301,405.68
63302,405.70
63303,405.66
63304,405.68
63305,405.65
63306,405.63
63307,405.62
63308,405.67
63309,405.65
63310,405.66
63311,405.65
63312,405.67
63313,405.60
63314,405.61
63315,405.68
63316,405.64
63317,405.73
63318,405.61
63319,405.61
63320,405.62
63321,405.54
63322,405.61
63323,405.73
63324,405.73
63325,405.64
63326,405.74
63327,405.75
63328,405.58
63329,405.65
63330,405.66
63331,405.61
63332,405.68
63333,405.58
63334,405.56
63335,405.64
63336,405.61
63337,405.65
63338,405.79
63339,405.68
63340,405.65
63341,405.67
63342,405.64
63343,405.63
63344,405.65
63345,405.69
63346,405.57
63347,405.66
63348,405.69
63349,405.66
63350,405.69
63351,405.67
63352,405.62
63353,405.63
63354,405.73
63355,405.67
63356,405.64
63357,405.70
63358,405.76
63359,405.60
63360,405.67
63361,405.69
63362,405.73
63363,405.71
63364,405.68
63365,405.74
63366,405.81
63367,405.73
63368,405.71
63369,405.73
63370,405.69
63371,405.84
63372,405.76
63373,405.77
63374,405.74
63375,405.70
63376,405.67
63377,405.72
63378,405.77
63379,405.79
63380,405.73
63381,405.71
63382,405.73
63383,405.78
63384,405.87
63385,405.75
63386,405.79
63387,405.83
63388,405.93
63389,405.87
63390,405.91
63391,405.87
63392,405.89
63393,405.85
63394,405.81
63395,405.86
63396,405.88
63397,405.80
63398,405.87
63399,405.79
63400,405.77
63401,405.81
63402,405.84
63403,405.88
63404,405.83
63405,405.87
63406,405.82
63407,405.88
63408,405.82
63409,405.84
63410,405.88
63411,405.82
63412,405.85
63413,405.90
63414,405.92
63415,405.84
63416,405.77
63417,405.77
63418,405.87
63419,405.88
63420,405.82
63421,405.91
63422,405.80
63423,405.88
63424,405.88
63425,405.87
63426,405.85
63427,405.94
63428,405.88
63429,406.01
63430,405.96
63431,405.96
63432,406.04
63433,405.99
63434,406.08
63435,405.99
63436,406.01
63437,406.07
63438,406.06
63439,406.05
63440,406.07
63441,405.95
63442,405.85
63443,405.91
63444,405.92
63445,405.94
63446,405.90
63447,405.93
63448,405.91
63449,405.86
63450,405.92
63451,405.90
63452,405.89
63453,405.75
63454,405.89
63455,405.81
63456,405.86
63457,405.87
63458,405.86
63459,405.85
63460,405.83
63461,405.87
63462,405.87
63463,405.95
63464,405.94
63465,405.84
63466,405.92
63467,405.87
63468,405.96
63469,406.02
63470,405.88
63471,405.96
63472,405.90
63473,405.91
63474,405.89
63475,405.90
63476,405.85
63477,405.82
63478,405.88
63479,405.90
63480,405.88
63481,405.88
63482,405.88
63483,405.90
63484,405.91
63485,405.88
63486,405.92
63487,405.86
63488,405.84
63489,405.80
63490,405.91
63491,405.84
63492,405.86
63493,405.84
63494,405.78
63495,405.74
63496,405.75
63497,405.78
63498,405.81
63499,405.82
63500,405.73
63501,405.73
63502,405.83
63503,405.85
63504,405.80
63505,405.78
63506,405.85
63507,405.86
63508,405.90
63509,405.76
63510,405.82
63511,405.76
63512,405.78
63513,405.69
63514,405.80
63515,405.75
63516,405.76
63517,405.72
63518,405.76
63519,405.83
63520,405.77
63521,405.87
63522,405.80
63523,405.75
63524,405.82
63525,405.81
63526,405.93
63527,405.87
63528,405.89
63529,405.88
63530,405.81
63531,405.97
63532,405.85
63533,405.95
63534,405.86
63535,405.90
63536,405.93
63537,405.90
63538,405.90
63539,405.83
63540,405.93
63541,405.87
63542,405.84
63543,405.87
63544,405.92
63545,405.95
63546,405.88
63547,405.90
63548,405.84
63549,405.95
63550,405.90
63551,405.87
63552,405.85
63553,405.84
63554,405.84
63555,405.85
63556,405.85
63557,405.84
63558,405.76
63559,405.82
63560,405.78
63561,405.90
63562,405.84
63563,405.83
63564,405.76
63565,405.77
63566,405.84
63567,405.80
63568,405.79
63569,405.79
63570,405.61
63571,405.74
63572,405.82
63573,405.71
63574,405.76
63575,405.77
63576,405.73
63577,405.73
63578,405.73
63579,405.75
63580,405.78
63581,405.84
63582,405.67
63583,405.68
63584,405.79
63585,405.89
63586,405.91
63587,405.80
63588,405.81
63589,405.79
63590,405.83
63591,405.76
63592,405.79
63593,405.83
63594,405.81
63595,405.82
63596,405.82
63597,405.78
63598,405.82
63599,405.84
63600,405.79
63601,405.85
63602,405.90
63603,405.73
63604,405.82
63605,405.80
63606,405.80
63607,405.75
63608,405.82
63609,405.75
63610,405.81
63611,405.70
63612,405.75
63613,405.83
63614,405.80
63615,405.76
63616,405.75
63617,405.75
63618,405.78
63619,405.71
63620,405.76
63621,405.80
63622,405.93
63623,405.74
63624,405.78
63625,405.71
63626,405.76
63627,405.71
63628,405.84
63629,405.88
63630,405.80
63631,405.78
63632,405.74
63633,405.75
63634,405.78
63635,405.75
63636,405.76
63637,405.77
63638,405.78
63639,405.77
63640,405.76
63641,405.72
63642,405.72
63643,405.75
63644,405.78
63645,405.80
63646,405.74
63647,405.77
63648,405.78
63649,405.69
63650,405.82
63651,405.78
63652,405.75
63653,405.70
63654,405.73
63655,405.74
63656,405.72
63657,405.77
63658,405.80
63659,405.70
63660,405.76
63661,405.75
63662,405.72
63663,405.79
63664,405.84
63665,405.70
63666,405.76
63667,405.81
63668,405.80
63669,405.86
63670,405.86
63671,405.83
63672,405.77
63673,405.78
63674,405.77
63675,405.80
63676,405.78
63677,405.88
63678,405.83
63679,405.85
63680,405.76
63681,405.76
63682,405.78
63683,405.82
63684,405.88
63685,405.78
63686,405.79
63687,405.76
63688,405.86
63689,405.78
63690,405.83
63691,405.80
63692,405.85
63693,405.79
63694,405.89
63695,405.93
63696,405.82
63697,405.86
63698,405.87
63699,405.86
63700,405.86
63701,405.86
63702,405.76
63703,405.81
63704,405.82
63705,405.85
63706,405.88
63707,405.86
63708,405.77
63709,405.88
63710,405.81
63711,405.84
63712,405.85
63713,405.88
63714,405.80
63715,405.79
63716,405.77
63717,405.83
63718,405.86
63719,405.87
63720,405.68
63721,405.88
63722,405.82
63723,405.88
63724,405.86
63725,405.83
63726,405.93
63727,405.87
63728,405.89
63729,405.93
63730,405.93
63731,405.96
63732,405.98
63733,405.90
63734,405.87
63735,405.89
63736,405.95
63737,405.94
63738,405.94
63739,405.90
63740,405.93
63741,405.92
63742,405.90
63743,405.91
63744,405.93
63745,405.88
63746,405.85
63747,405.87
63748,405.84
63749,405.87
63750,405.86
63751,405.90
63752,405.81
63753,405.96
63754,405.94
63755,405.94
63756,405.90
63757,405.91
63758,405.82
63759,405.89
63760,405.92
63761,405.88
63762,405.89
63763,405.95
63764,405.95
63765,405.94
63766,405.91
63767,405.97
63768,405.85
63769,405.93
63770,405.83
63771,405.90
63772,405.97
63773,405.90
63774,405.89
63775,405.95
63776,405.95
63777,405.89
63778,405.94
63779,405.92
63780,405.92
63781,405.92
63782,405.89
63783,405.99
63784,405.96
63785,405.99
63786,405.97
63787,406.03
63788,405.98
63789,405.97
63790,405.98
63791,405.90
63792,405.99
63793,406.01
63794,405.96
63795,405.93
63796,405.96
63797,405.92
63798,405.91
63799,405.84
63800,405.96
63801,405.94
63802,405.83
63803,405.93
63804,405.93
63805,405.94
63806,405.89
63807,405.96
63808,405.92
63809,405.94
63810,405.93
63811,405.96
63812,405.95
63813,406.02
63814,405.95
63815,405.96
63816,406.01
63817,406.06
63818,406.04
63819,406.03
63820,405.96
63821,406.02
63822,405.98
63823,406.02
63824,405.93
63825,405.95
63826,406.02
63827,405.98
63828,406.01
63829,405.97
63830,405.92
63831,405.96
63832,406.04
63833,406.06
63834,406.07
63835,405.93
63836,406.01
63837,405.91
63838,405.90
63839,405.89
63840,405.93
63841,405.83
63842,405.90
63843,405.98
63844,405.91
63845,405.86
63846,405.84
63847,405.85
63848,405.96
63849,405.88
63850,405.91
63851,405.85
63852,405.86
63853,405.84
63854,405.93
63855,405.90
63856,405.78
63857,405.79
63858,405.94
63859,405.88
63860,405.84
63861,405.89
63862,405.82
63863,405.77
63864,405.81
63865,405.87
63866,405.83
63867,405.82
63868,405.78
63869,405.88
63870,405.85
63871,405.79
63872,405.80
63873,405.80
63874,405.84
63875,405.84
63876,405.90
63877,405.79
63878,405.84
63879,405.79
63880,405.77
63881,405.78
63882,405.82
63883,405.82
63884,405.80
63885,405.82
63886,405.92
63887,405.93
63888,405.80
63889,405.91
63890,405.99
63891,405.83
63892,405.97
63893,405.87
63894,405.90
63895,405.93
63896,405.92
63897,405.87
63898,405.97
63899,405.98
63900,405.95
63901,405.92
63902,405.97
63903,405.80
63904,405.93
63905,405.97
63906,405.93
63907,405.96
63908,405.91
63909,405.89
63910,405.88
63911,405.90
63912,405.96
63913,405.90
63914,406.00
63915,405.95
63916,406.03
63917,406.01
63918,406.04
63919,406.05
63920,406.05
63921,406.08
63922,405.98
63923,406.06
63924,406.05
63925,406.01
63926,406.02
63927,406.03
63928,406.09
63929,406.00
63930,406.00
63931,406.06
63932,406.06
63933,406.01
63934,406.05
63935,405.99
63936,405.99
63937,406.08
63938,406.07
63939,406.00
63940,405.99
63941,406.04
63942,406.06
63943,406.02
63944,406.06
63945,405.89
63946,406.08
63947,406.03
63948,406.04
63949,405.99
63950,406.09
63951,406.10
63952,406.06
63953,406.05
63954,406.15
63955,405.96
63956,406.07
63957,406.03
63958,406.00
63959,406.03
63960,406.06
63961,406.13
63962,406.08
63963,406.10
63964,406.04
63965,406.04
63966,406.01
63967,406.08
63968,406.03
63969,406.03
63970,406.09
63971,406.05
63972,406.06
63973,405.98
63974,406.08
63975,405.98
63976,406.06
63977,406.01
63978,406.07
63979,405.99
63980,406.03
63981,406.03
63982,406.08
63983,406.08
63984,406.07
63985,406.03
63986,406.04
63987,406.06
63988,406.13
63989,406.09
63990,405.97
63991,406.02
63992,406.07
63993,406.06
63994,406.02
63995,406.10
63996,406.04
63997,406.09
63998,405.95
63999,406.08
64000,406.04
64001,406.03
64002,406.12
64003,406.02
64004,405.97
64005,406.05
64006,406.02
64007,406.09
64008,406.08
64009,405.99
64010,406.11
64011,406.01
64012,-9999.99
64013,-9999.99
64014,-9999.99
64015,-9999.99
64016,-9999.99
64017,-9999.99
64018,-9999.99
64019,-9999.99
64020,-9999.99
64021,-9999.99
64022,-9999.99
64023,-9999.99
64024,-9999.99
64025,-9999.99
64026,-9999.99
64027,-9999.99
64028,-9999.99
64029,-9999.99
64030,-9999.99
64031,-9999.99
64032,-9999.99
64033,-9999.99
64034,-9999.99
64035,-9999.99
64036,-9999.99
64037,-9999.99
64038,-9999.99
64039,-9999.99
64040,-9999.99
64041,-9999.99
64042,-9999.99
64043,-9999.99
64044,-9999.99
64045,-9999.99
64046,-9999.99
64047,-9999.99
64048,-9999.99
64049,-9999.99
64050,-9999.99
64051,-9999.99
64052,-9999.99
64053,-9999.99
64054,-9999.99
64055,-9999.99
64056,-9999.99
64057,-9999.99
64058,-9999.99
64059,-9999.99
64060,-9999.99
64061,-9999.99
64062,-9999.99
64063,-9999.99
64064,-9999.99
64065,-9999.99
64066,-9999.99
64067,-9999.99
64068,-9999.99
64069,-9999.99
64070,-9999.99
64071,-9999.99
64072,-9999.99
64073,-9999.99
64074,-9999.99
64075,-9999.99
64076,-9999.99
64077,-9999.99
64078,-9999.99
64079,-9999.99
64080,-9999.99
64081,-9999.99
64082,-9999.99
64083,-9999.99
64084,-9999.99
64085,-9999.99
64086,-9999.99
64087,-9999.99
64088,-9999.99
64089,-9999.99
64090,-9999.99
64091,-9999.99
64092,-9999.99
64093,-9999.99
64094,-9999.99
64095,-9999.99
64096,-9999.99
64097,-9999.99
64098,-9999.99
64099,-9999.99
64100,-9999.99
64101,-9999.99
64102,-9999.99
64103,-9999.99
64104,-9999.99
64105,-9999.99
64106,-9999.99
64107,-9999.99
64108,-9999.99
64109,-9999.99
64110,-9999.99
64111,-9999.99
64112,-9999.99
64113,-9999.99
64114,-9999.99
64115,-9999.99
64116,-9999.99
64117,-9999.99
64118,-9999.99
64119,-9999.99
64120,-9999.99
64121,-9999.99
64122,-9999.99
64123,-9999.99
64124,-9999.99
64125,-9999.99
64126,-9999.99
64127,-9999.99
64128,-9999.99
64129,-9999.99
64130,-9999.99
64131,-9999.99
64132,-9999.99
64133,-9999.99
64134,-9999.99
64135,-9999.99
64136,-9999.99
64137,-9999.99
64138,-9999.99
64139,-9999.99
64140,-9999.99
64141,-9999.99
64142,-9999.99
64143,-9999.99
64144,-9999.99
64145,-9999.99
64146,-9999.99
64147,-9999.99
64148,-9999.99
64149,-9999.99
64150,-9999.99
64151,-9999.99
64152,-9999.99
64153,-9999.99
64154,-9999.99
64155,-9999.99
64156,-9999.99
64157,-9999.99
64158,-9999.99
64159,-9999.99
64160,-9999.99
64161,-9999.99
64162,-9999.99
64163,-9999.99
64164,-9999.99
64165,-9999.99
64166,-9999.99
64167,-9999.99
64168,-9999.99
64169,-9999.99
64170,-9999.99
64171,-9999.99
64172,-9999.99
64173,-9999.99
64174,-9999.99
64175,-9999.99
64176,-9999.99
64177,-9999.99
64178,-9999.99
64179,-9999.99
64180,-9999.99
64181,406.09
64182,406.06
64183,406.05
64184,406.10
64185,406.06
64186,405.98
64187,406.04
64188,405.97
64189,406.03
64190,406.05
64191,406.00
64192,406.04
64193,405.94
64194,406.05
64195,406.07
64196,405.93
64197,405.94
64198,406.04
64199,406.02
64200,405.98
64201,405.97
64202,406.00
64203,406.01
64204,405.94
64205,406.00
64206,406.04
64207,405.94
64208,405.97
64209,406.04
64210,405.88
64211,405.98
64212,405.89
64213,406.01
64214,405.95
64215,405.98
64216,405.95
