NETCARE2015/data/raw/Flight8/CO_POLAR6_20150420_R1_L1_NETCARE.ict
34, 1001
Bozem, Heiko; Hoor, Peter
Institute for Atmospheric Physics, Johannes Gutenberg University, Mainz, Germany
CO mixing ratio from AL5002 CO analyzer
NETCARE Polar 6 Campaign 2015
1, 1
2015, 04, 20, 2015, 08, 15
1
Time_UTC, seconds
1
1
-9999.9
CO_ppbv, ppbv
0
19
PI_CONTACT_INFO: Address: Johann-Joachim-Becherweg 21, 55128 Mainz, email: bozemh@uni-mainz.de; hoor@uni-mainz.de
PLATFORM: Polar 6
LOCATION: GPS location and altitude available at 1 Hz resolution in separate file (See AIMMS files under Aircraft data and meteorology)
ASSOCIATED_DATA: N/A
INSTRUMENT_INFO: CO measurements based on the fluorescence of CO in the VUV at 150 nm
DATA_INFO: Units are ppbv
UNCERTAINTY RELATIVE TO STANDARD: 2.3 ppbv at 1 sigma confidence (before drift correction is applied)
ULOD_FLAG: -7777
ULOD_VALUE: N/A
LLOD_FLAG: -8888
LLOD_VALUE: 1.5 
DM_CONTACT_INFO: N/A
PROJECT_INFO: NETCARE Polar 6 aircraft campaign in April 2015; Inuvik
STIPULATIONS_ON_USE: N/A
OTHER_COMMENTS: N/A
REVISION: R1
R0: Preliminary data, corrected for instrument drift
R1: Final data, corrected for instrument drift
Time_UTC,CO_ppbv
56989,132.8
56990,132.5
56991,132.8
56992,134.9
56993,136.1
56994,135.0
56995,133.1
56996,133.5
56997,136.3
56998,136.8
56999,136.7
57000,135.9
57001,134.6
57002,133.7
57003,132.7
57004,134.1
57005,134.3
57006,134.4
57007,133.6
57008,133.1
57009,133.4
57010,134.0
57011,135.2
57012,132.3
57013,132.3
57014,135.9
57015,133.9
57016,130.0
57017,133.2
57018,137.7
57019,136.6
57020,136.9
57021,138.1
57022,134.3
57023,134.3
57024,133.4
57025,135.2
57026,135.8
57027,134.7
57028,134.9
57029,134.2
57030,131.3
57031,130.4
57032,131.3
57033,134.0
57034,138.0
57035,137.4
57036,137.6
57037,137.9
57038,136.4
57039,136.7
57040,136.9
57041,135.1
57042,134.3
57043,134.7
57044,134.7
57045,136.4
57046,136.9
57047,135.2
57048,134.0
57049,135.1
57050,137.1
57051,137.6
57052,138.1
57053,137.3
57054,134.5
57055,135.2
57056,135.5
57057,133.9
57058,137.3
57059,135.5
57060,133.8
57061,133.2
57062,134.1
57063,135.9
57064,134.8
57065,134.5
57066,135.3
57067,134.5
57068,134.2
57069,133.0
57070,132.5
57071,134.9
57072,133.7
57073,134.4
57074,135.5
57075,135.3
57076,138.0
57077,135.9
57078,135.4
57079,137.6
57080,138.8
57081,137.3
57082,136.7
57083,136.4
57084,133.3
57085,134.3
57086,135.3
57087,133.6
57088,133.7
57089,135.3
57090,135.5
57091,135.5
57092,134.0
57093,135.5
57094,137.1
57095,135.7
57096,133.6
57097,133.4
57098,136.2
57099,136.7
57100,134.2
57101,135.3
57102,134.5
57103,134.8
57104,136.7
57105,136.3
57106,135.4
57107,133.3
57108,134.4
57109,137.3
57110,136.6
57111,135.8
57112,133.4
57113,132.9
57114,134.3
57115,135.0
57116,134.7
57117,133.5
57118,135.0
57119,134.7
57120,136.0
57121,136.9
57122,136.0
57123,135.4
57124,134.1
57125,134.1
57126,134.3
57127,132.9
57128,134.3
57129,136.0
57130,137.2
57131,134.8
57132,132.6
57133,137.1
57134,138.0
57135,136.8
57136,136.4
57137,135.8
57138,136.5
57139,134.8
57140,133.7
57141,133.6
57142,132.9
57143,134.7
57144,135.8
57145,132.7
57146,131.1
57147,133.6
57148,133.6
57149,132.4
57150,136.3
57151,138.9
57152,137.7
57153,135.7
57154,135.3
57155,135.8
57156,133.3
57157,131.5
57158,135.0
57159,135.4
57160,132.6
57161,132.5
57162,132.8
57163,134.2
57164,134.5
57165,135.1
57166,136.2
57167,135.9
57168,133.9
57169,134.1
57170,134.1
57171,133.5
57172,135.5
57173,136.0
57174,136.1
57175,137.5
57176,135.8
57177,135.3
57178,135.8
57179,134.9
57180,134.3
57181,132.9
57182,135.6
57183,137.7
57184,135.4
57185,134.3
57186,135.2
57187,135.0
57188,134.4
57189,135.8
57190,137.9
57191,139.0
57192,137.9
57193,135.3
57194,134.0
57195,135.4
57196,137.0
57197,136.6
57198,136.2
57199,135.2
57200,134.4
57201,135.9
57202,135.1
57203,136.1
57204,137.8
57205,136.1
57206,133.7
57207,137.8
57208,138.0
57209,136.8
57210,137.2
57211,135.8
57212,136.8
57213,136.4
57214,133.3
57215,133.7
57216,137.5
57217,138.2
57218,136.8
57219,134.2
57220,133.9
57221,135.8
57222,136.7
57223,137.1
57224,136.9
57225,135.7
57226,135.2
57227,134.7
57228,134.3
57229,134.3
57230,130.3
57231,132.2
57232,134.8
57233,135.3
57234,135.8
57235,134.7
57236,135.3
57237,138.6
57238,137.8
57239,137.7
57240,137.7
57241,136.7
57242,137.6
57243,135.3
57244,133.5
57245,136.9
57246,136.4
57247,135.0
57248,135.3
57249,135.3
57250,136.9
57251,136.6
57252,134.2
57253,134.6
57254,136.3
57255,136.6
57256,136.5
57257,137.3
57258,137.6
57259,134.2
57260,134.7
57261,136.1
57262,137.9
57263,140.7
57264,134.5
57265,135.1
57266,134.9
57267,134.9
57268,136.5
57269,138.5
57270,138.7
57271,136.8
57272,136.7
57273,136.4
57274,135.2
57275,135.3
57276,134.4
57277,133.5
57278,134.6
57279,132.9
57280,133.2
57281,133.7
57282,132.5
57283,135.0
57284,136.9
57285,136.0
57286,136.5
57287,137.3
57288,136.3
57289,137.9
57290,137.1
57291,133.1
57292,135.7
57293,138.8
57294,135.9
57295,132.7
57296,133.0
57297,136.4
57298,137.3
57299,137.3
57300,134.5
57301,134.8
57302,136.8
57303,137.3
57304,135.8
57305,138.7
57306,140.3
57307,137.6
57308,136.6
57309,135.1
57310,134.9
57311,136.4
57312,134.6
57313,134.7
57314,136.1
57315,135.9
57316,137.0
57317,137.1
57318,136.3
57319,136.9
57320,137.7
57321,137.2
57322,135.6
57323,135.2
57324,137.3
57325,137.5
57326,136.3
57327,136.0
57328,137.0
57329,138.4
57330,138.9
57331,137.7
57332,138.0
57333,139.7
57334,135.4
57335,134.7
57336,133.7
57337,136.1
57338,138.0
57339,135.9
57340,134.8
57341,135.2
57342,135.6
57343,137.2
57344,137.7
57345,135.3
57346,135.6
57347,135.7
57348,136.0
57349,137.2
57350,136.2
57351,139.1
57352,139.3
57353,135.2
57354,136.6
57355,136.8
57356,136.3
57357,138.4
57358,137.0
57359,135.0
57360,136.6
57361,137.5
57362,137.0
57363,136.6
57364,135.5
57365,134.3
57366,134.9
57367,136.2
57368,137.9
57369,136.4
57370,136.1
57371,137.8
57372,138.4
57373,136.2
57374,132.8
57375,133.3
57376,136.2
57377,137.7
57378,136.8
57379,134.7
57380,135.6
57381,134.8
57382,134.2
57383,134.7
57384,133.2
57385,134.6
57386,136.1
57387,137.3
57388,136.0
57389,-9999.9
57390,-9999.9
57391,-9999.9
57392,-9999.9
57393,-9999.9
57394,-9999.9
57395,-9999.9
57396,-9999.9
57397,-9999.9
57398,-9999.9
57399,-9999.9
57400,-9999.9
57401,-9999.9
57402,-9999.9
57403,-9999.9
57404,-9999.9
57405,-9999.9
57406,-9999.9
57407,-9999.9
57408,-9999.9
57409,-9999.9
57410,-9999.9
57411,-9999.9
57412,-9999.9
57413,-9999.9
57414,-9999.9
57415,-9999.9
57416,-9999.9
57417,-9999.9
57418,-9999.9
57419,-9999.9
57420,-9999.9
57421,-9999.9
57422,-9999.9
57423,-9999.9
57424,-9999.9
57425,-9999.9
57426,-9999.9
57427,-9999.9
57428,-9999.9
57429,-9999.9
57430,-9999.9
57431,-9999.9
57432,-9999.9
57433,-9999.9
57434,-9999.9
57435,-9999.9
57436,-9999.9
57437,-9999.9
57438,-9999.9
57439,-9999.9
57440,-9999.9
57441,-9999.9
57442,-9999.9
57443,-9999.9
57444,-9999.9
57445,-9999.9
57446,-9999.9
57447,-9999.9
57448,-9999.9
57449,-9999.9
57450,-9999.9
57451,-9999.9
57452,-9999.9
57453,-9999.9
57454,-9999.9
57455,-9999.9
57456,-9999.9
57457,-9999.9
57458,-9999.9
57459,-9999.9
57460,-9999.9
57461,-9999.9
57462,-9999.9
57463,-9999.9
57464,-9999.9
57465,-9999.9
57466,-9999.9
57467,-9999.9
57468,-9999.9
57469,-9999.9
57470,-9999.9
57471,-9999.9
57472,-9999.9
57473,-9999.9
57474,-9999.9
57475,-9999.9
57476,-9999.9
57477,-9999.9
57478,-9999.9
57479,-9999.9
57480,-9999.9
57481,-9999.9
57482,-9999.9
57483,-9999.9
57484,-9999.9
57485,-9999.9
57486,-9999.9
57487,-9999.9
57488,-9999.9
57489,-9999.9
57490,-9999.9
57491,-9999.9
57492,-9999.9
57493,-9999.9
57494,-9999.9
57495,-9999.9
57496,-9999.9
57497,-9999.9
57498,-9999.9
57499,-9999.9
57500,-9999.9
57501,-9999.9
57502,-9999.9
57503,-9999.9
57504,-9999.9
57505,-9999.9
57506,-9999.9
57507,-9999.9
57508,-9999.9
57509,-9999.9
57510,-9999.9
57511,-9999.9
57512,-9999.9
57513,-9999.9
57514,-9999.9
57515,133.9
57516,131.9
57517,132.9
57518,134.4
57519,131.3
57520,130.8
57521,132.9
57522,131.2
57523,132.1
57524,132.9
57525,133.0
57526,135.2
57527,133.1
57528,132.8
57529,133.7
57530,135.2
57531,134.5
57532,130.7
57533,131.7
57534,134.9
57535,134.6
57536,134.2
57537,135.3
57538,134.6
57539,133.6
57540,137.5
57541,136.4
57542,134.7
57543,134.1
57544,133.8
57545,134.2
57546,134.1
57547,134.7
57548,135.5
57549,133.1
57550,133.3
57551,134.9
57552,135.4
57553,136.9
57554,135.7
57555,133.0
57556,135.0
57557,135.8
57558,134.4
57559,135.8
57560,136.2
57561,136.3
57562,134.7
57563,132.3
57564,132.6
57565,132.7
57566,132.9
57567,133.7
57568,133.9
57569,134.1
57570,134.6
57571,135.2
57572,134.7
57573,134.4
57574,131.6
57575,131.6
57576,136.6
57577,135.6
57578,134.0
57579,133.8
57580,135.2
57581,136.1
57582,135.6
57583,132.7
57584,133.1
57585,133.6
57586,132.1
57587,134.9
57588,133.9
57589,131.2
57590,133.5
57591,135.9
57592,135.0
57593,132.7
57594,133.1
57595,133.7
57596,133.6
57597,134.8
57598,134.9
57599,132.7
57600,131.9
57601,133.3
57602,134.3
57603,134.4
57604,134.0
57605,136.0
57606,135.2
57607,131.9
57608,133.7
57609,136.2
57610,130.0
57611,131.8
57612,133.9
57613,133.7
57614,134.6
57615,135.9
57616,135.4
57617,132.6
57618,131.7
57619,134.6
57620,134.2
57621,133.4
57622,134.8
57623,135.4
57624,135.8
57625,135.0
57626,135.4
57627,135.2
57628,135.8
57629,137.9
57630,135.9
57631,132.0
57632,132.2
57633,136.1
57634,136.5
57635,133.8
57636,132.8
57637,131.5
57638,131.4
57639,134.1
57640,136.1
57641,133.9
57642,134.1
57643,137.7
57644,136.8
57645,135.0
57646,135.7
57647,135.4
57648,134.3
57649,132.9
57650,133.6
57651,137.1
57652,135.7
57653,135.8
57654,136.9
57655,133.8
57656,132.5
57657,134.0
57658,134.7
57659,135.1
57660,131.4
57661,130.1
57662,130.5
57663,132.2
57664,134.2
57665,134.1
57666,135.4
57667,137.6
57668,139.6
57669,136.5
57670,132.6
57671,132.3
57672,132.2
57673,133.5
57674,136.2
57675,136.6
57676,135.9
57677,135.7
57678,135.2
57679,137.1
57680,136.8
57681,138.5
57682,138.1
57683,135.5
57684,134.9
57685,134.8
57686,135.1
57687,134.2
57688,134.3
57689,136.5
57690,138.1
57691,136.1
57692,134.5
57693,135.3
57694,135.5
57695,136.2
57696,135.9
57697,134.3
57698,135.3
57699,136.7
57700,135.2
57701,133.5
57702,134.0
57703,135.6
57704,136.0
57705,136.0
57706,136.1
57707,136.0
57708,135.1
57709,135.6
57710,136.1
57711,133.8
57712,132.4
57713,136.1
57714,135.5
57715,135.3
57716,136.4
57717,137.6
57718,134.7
57719,136.2
57720,139.6
57721,136.7
57722,134.9
57723,135.2
57724,136.7
57725,134.5
57726,133.2
57727,136.4
57728,135.6
57729,132.7
57730,134.4
57731,136.7
57732,135.1
57733,135.0
57734,136.2
57735,136.3
57736,135.9
57737,135.7
57738,134.2
57739,132.8
57740,136.4
57741,136.2
57742,135.1
57743,134.7
57744,135.0
57745,136.2
57746,134.6
57747,140.5
57748,140.1
57749,138.7
57750,137.4
57751,134.4
57752,134.3
57753,136.6
57754,138.5
57755,139.1
57756,137.6
57757,138.0
57758,137.3
57759,136.8
57760,137.7
57761,137.1
57762,134.7
57763,134.7
57764,135.8
57765,134.6
57766,136.8
57767,138.3
57768,136.3
57769,136.0
57770,138.7
57771,137.3
57772,134.7
57773,136.0
57774,135.7
57775,133.4
57776,132.7
57777,136.1
57778,139.0
57779,137.0
57780,134.5
57781,134.4
57782,140.1
57783,138.2
57784,134.4
57785,132.4
57786,134.8
57787,132.6
57788,132.1
57789,135.4
57790,134.4
57791,135.6
57792,137.3
57793,136.7
57794,137.0
57795,137.9
57796,137.4
57797,135.5
57798,136.6
57799,139.6
57800,135.6
57801,132.4
57802,132.5
57803,133.5
57804,137.2
57805,137.7
57806,138.3
57807,138.3
57808,136.5
57809,137.3
57810,136.0
57811,134.7
57812,134.0
57813,133.3
57814,136.0
57815,137.8
57816,134.6
57817,135.9
57818,134.4
57819,133.0
57820,137.7
57821,138.9
57822,136.5
57823,137.1
57824,135.9
57825,134.6
57826,135.0
57827,134.6
57828,136.1
57829,136.3
57830,134.8
57831,135.2
57832,137.3
57833,138.6
57834,135.7
57835,134.2
57836,136.3
57837,137.5
57838,135.0
57839,135.8
57840,136.0
57841,136.1
57842,137.4
57843,134.3
57844,134.4
57845,134.8
57846,135.6
57847,137.0
57848,135.4
57849,134.3
57850,137.7
57851,137.7
57852,134.5
57853,134.7
57854,136.4
57855,137.8
57856,137.2
57857,135.1
57858,134.6
57859,134.2
57860,134.3
57861,135.8
57862,135.7
57863,137.1
57864,137.4
57865,136.5
57866,136.5
57867,137.3
57868,137.3
57869,135.8
57870,134.7
57871,133.4
57872,135.5
57873,134.8
57874,134.9
57875,136.3
57876,135.1
57877,136.8
57878,136.4
57879,135.4
57880,136.9
57881,137.5
57882,138.1
57883,138.2
57884,137.2
57885,137.1
57886,137.5
57887,138.2
57888,136.7
57889,134.8
57890,135.3
57891,136.4
57892,136.0
57893,135.2
57894,137.0
57895,137.8
57896,136.1
57897,135.5
57898,137.1
57899,136.6
57900,137.0
57901,138.4
57902,136.9
57903,137.5
57904,137.5
57905,135.4
57906,135.6
57907,135.4
57908,133.6
57909,133.8
57910,135.8
57911,135.8
57912,135.3
57913,136.0
57914,137.3
57915,137.6
57916,137.0
57917,135.1
57918,133.1
57919,133.1
57920,136.3
57921,135.6
57922,134.0
57923,133.7
57924,133.1
57925,135.2
57926,137.2
57927,135.3
57928,134.0
57929,135.9
57930,137.0
57931,133.6
57932,134.3
57933,139.1
57934,139.6
57935,136.0
57936,134.9
57937,137.9
57938,137.9
57939,136.4
57940,136.1
57941,135.6
57942,136.7
57943,135.6
57944,134.7
57945,135.4
57946,137.3
57947,136.8
57948,135.7
57949,135.2
57950,134.6
57951,134.1
57952,135.5
57953,135.5
57954,132.8
57955,132.1
57956,134.2
57957,136.8
57958,136.4
57959,135.8
57960,138.2
57961,139.5
57962,138.1
57963,137.6
57964,137.0
57965,134.9
57966,132.4
57967,132.9
57968,134.6
57969,135.8
57970,137.5
57971,136.9
57972,135.9
57973,136.5
57974,136.2
57975,137.1
57976,137.6
57977,136.7
57978,135.3
57979,133.2
57980,134.7
57981,139.0
57982,137.8
57983,135.9
57984,136.2
57985,136.0
57986,137.4
57987,136.2
57988,134.6
57989,134.7
57990,137.9
57991,139.9
57992,137.4
57993,135.5
57994,135.5
57995,136.3
57996,134.2
57997,134.9
57998,135.8
57999,135.4
58000,134.4
58001,133.2
58002,135.7
58003,138.2
58004,137.5
58005,135.8
58006,135.0
58007,135.0
58008,136.2
58009,135.2
58010,137.6
58011,137.6
58012,136.0
58013,134.9
58014,134.2
58015,136.3
58016,137.3
58017,137.0
58018,134.8
58019,136.0
58020,137.8
58021,136.9
58022,136.3
58023,137.9
58024,136.5
58025,136.9
58026,136.0
58027,136.5
58028,136.7
58029,135.7
58030,135.7
58031,134.1
58032,135.5
58033,137.5
58034,136.6
58035,134.6
58036,135.8
58037,135.5
58038,134.0
58039,134.1
58040,134.3
58041,136.2
58042,137.9
58043,137.1
58044,136.6
58045,135.3
58046,133.2
58047,132.7
58048,134.9
58049,138.5
58050,137.3
58051,135.0
58052,136.7
58053,137.7
58054,137.1
58055,136.6
58056,136.4
58057,136.7
58058,136.9
58059,135.6
58060,136.5
58061,136.6
58062,135.1
58063,137.5
58064,139.2
58065,138.0
58066,136.0
58067,133.9
58068,133.4
58069,135.1
58070,134.0
58071,134.6
58072,137.6
58073,137.8
58074,136.4
58075,134.4
58076,135.7
58077,135.9
58078,136.5
58079,138.1
58080,137.4
58081,136.4
58082,136.3
58083,134.9
58084,134.7
58085,135.8
58086,136.5
58087,137.6
58088,138.6
58089,137.1
58090,135.9
58091,138.1
58092,138.8
58093,137.0
58094,135.9
58095,134.9
58096,136.8
58097,135.9
58098,134.0
58099,135.5
58100,135.0
58101,136.4
58102,138.7
58103,140.3
58104,139.4
58105,135.9
58106,134.4
58107,136.2
58108,135.9
58109,134.5
58110,134.9
58111,136.1
58112,136.0
58113,135.3
58114,137.4
58115,139.3
58116,137.6
58117,137.3
58118,138.5
58119,137.7
58120,135.6
58121,135.3
58122,136.8
58123,135.3
58124,133.5
58125,133.1
58126,133.9
58127,135.2
58128,132.8
58129,133.2
58130,134.0
58131,134.2
58132,134.6
58133,136.6
58134,137.6
58135,135.7
58136,133.6
58137,134.1
58138,133.7
58139,134.3
58140,134.9
58141,136.1
58142,135.6
58143,133.0
58144,134.1
58145,137.0
58146,137.7
58147,135.3
58148,135.1
58149,134.7
58150,133.0
58151,133.2
58152,135.6
58153,135.5
58154,132.5
58155,136.3
58156,138.0
58157,133.7
58158,131.8
58159,133.7
58160,138.6
58161,137.3
58162,134.5
58163,134.6
58164,133.2
58165,133.0
58166,135.6
58167,134.2
58168,132.2
58169,133.0
58170,133.0
58171,133.6
58172,136.1
58173,137.8
58174,135.8
58175,135.2
58176,135.2
58177,136.4
58178,136.3
58179,136.5
58180,137.2
58181,135.3
58182,136.8
58183,136.8
58184,135.2
58185,135.2
58186,134.1
58187,133.3
58188,135.2
58189,136.6
58190,136.3
58191,135.7
58192,136.7
58193,138.5
58194,140.3
58195,139.9
58196,138.0
58197,131.8
58198,133.6
58199,134.0
58200,134.9
58201,137.1
58202,137.4
58203,136.7
58204,136.1
58205,136.5
58206,138.0
58207,138.8
58208,135.1
58209,133.2
58210,134.7
58211,136.4
58212,136.8
58213,133.9
58214,134.0
58215,137.7
58216,138.6
58217,134.9
58218,134.2
58219,135.9
58220,135.5
58221,134.6
58222,133.7
58223,134.9
58224,137.5
58225,138.7
58226,139.7
58227,138.7
58228,135.9
58229,136.4
58230,137.4
58231,135.8
58232,136.2
58233,137.6
58234,137.9
58235,136.9
58236,138.0
58237,138.1
58238,135.8
58239,135.9
58240,136.9
58241,137.4
58242,138.6
58243,137.8
58244,136.1
58245,136.4
58246,135.1
58247,133.4
58248,135.4
58249,134.4
58250,131.8
58251,133.7
58252,136.3
58253,135.3
58254,134.6
58255,137.7
58256,137.4
58257,136.4
58258,135.9
58259,133.6
58260,134.4
58261,136.7
58262,137.0
58263,137.5
58264,135.9
58265,133.1
58266,135.8
58267,136.9
58268,136.2
58269,135.8
58270,136.7
58271,135.3
58272,134.2
58273,134.9
58274,135.0
58275,135.6
58276,135.6
58277,136.4
58278,138.1
58279,137.4
58280,134.5
58281,132.0
58282,133.6
58283,134.8
58284,135.2
58285,136.4
58286,134.0
58287,132.5
58288,136.9
58289,136.7
58290,134.5
58291,135.1
58292,135.6
58293,134.5
58294,132.6
58295,132.8
58296,132.7
58297,133.2
58298,135.6
58299,136.7
58300,134.0
