NETCARE2015/data/raw/Flight8/CO_POLAR6_20150420_R1_L1_NETCARE.ict
34, 1001
Bozem, Heiko; Hoor, Peter
Institute for Atmospheric Physics, Johannes Gutenberg University, Mainz, Germany
CO mixing ratio from AL5002 CO analyzer
NETCARE Polar 6 Campaign 2015
1, 1
2015, 04, 20, 2015, 08, 15
1
Time_UTC, seconds
1
1
-9999.9
CO_ppbv, ppbv
0
19
PI_CONTACT_INFO: Address: Johann-Joachim-Becherweg 21, 55128 Mainz, email: bozemh@uni-mainz.de; hoor@uni-mainz.de
PLATFORM: Polar 6
LOCATION: GPS location and altitude available at 1 Hz resolution in separate file (See AIMMS files under Aircraft data and meteorology)
ASSOCIATED_DATA: N/A
INSTRUMENT_INFO: CO measurements based on the fluorescence of CO in the VUV at 150 nm
DATA_INFO: Units are ppbv
UNCERTAINTY RELATIVE TO STANDARD: 2.3 ppbv at 1 sigma confidence (before drift correction is applied)
ULOD_FLAG: -7777
ULOD_VALUE: N/A
LLOD_FLAG: -8888
LLOD_VALUE: 1.5 
DM_CONTACT_INFO: N/A
PROJECT_INFO: NETCARE Polar 6 aircraft campaign in April 2015; Inuvik
STIPULATIONS_ON_USE: N/A
OTHER_COMMENTS: N/A
REVISION: R1
R0: Preliminary data, corrected for instrument drift
R1: Final data, corrected for instrument drift
Time_UTC,CO_ppbv
[from data line 10478]
67467,323.3
67468,321.1
67469,319.6
67470,322.0
67471,325.7
67472,320.5
67473,316.4
67474,316.2
67475,315.0
67476,314.9
67477,311.7
67478,312.8
67479,311.5
67480,309.9
67481,307.1
67482,305.6
67483,303.9
67484,298.9
67485,300.4
67486,300.4
67487,296.6
67488,291.8
67489,286.0
67490,278.9
67491,275.1
67492,273.6
67493,273.8
67494,276.3
67495,273.3
67496,270.5
67497,269.1
67498,268.4
67499,268.6
67500,265.8
67501,263.1
67502,262.4
67503,262.1
67504,258.7
67505,254.6
67506,252.6
67507,249.9
67508,251.1
67509,250.8
67510,247.8
67511,245.3
67512,246.5
67513,249.1
67514,247.9
67515,244.3
67516,247.2
67517,248.7
67518,247.6
67519,245.5
67520,244.2
67521,242.0
67522,238.4
67523,240.8
67524,241.3
67525,237.7
67526,238.0
67527,238.5
67528,234.2
67529,231.4
67530,230.0
67531,230.3
67532,232.2
67533,230.4
67534,228.6
67535,229.3
67536,228.7
67537,228.0
67538,227.1
67539,228.1
67540,228.3
67541,227.5
67542,230.1
67543,230.3
67544,228.4
67545,228.1
67546,228.1
67547,227.1
67548,228.5
67549,230.1
67550,228.7
67551,227.5
67552,227.2
67553,227.3
67554,228.1
67555,229.0
67556,230.6
67557,229.0
67558,226.4
67559,226.6
67560,226.7
67561,225.3
67562,227.8
67563,229.9
67564,228.6
67565,228.7
67566,229.4
67567,232.0
67568,230.5
67569,230.9
67570,233.5
67571,230.6
67572,229.3
67573,229.6
67574,226.7
67575,224.9
67576,225.0
67577,224.5
67578,224.7
67579,224.0
67580,223.5
67581,219.4
67582,216.7
67583,213.8
67584,214.3
67585,211.7
67586,209.0
67587,207.7
67588,206.5
67589,206.6
67590,205.9
67591,206.2
67592,204.4
67593,201.5
67594,201.0
67595,198.8
67596,194.2
67597,193.3
67598,193.4
67599,193.8
67600,191.8
67601,189.6
67602,190.3
67603,191.3
67604,192.9
67605,191.5
67606,189.6
67607,190.2
67608,189.6
67609,189.6
67610,192.0
67611,189.6
67612,187.0
67613,187.5
67614,187.6
67615,186.9
67616,188.4
67617,192.0
67618,193.2
67619,191.8
67620,190.1
67621,187.8
67622,188.9
67623,191.2
67624,191.8
67625,192.1
67626,192.6
67627,192.7
67628,191.3
67629,192.5
67630,195.8
67631,194.5
67632,193.1
67633,193.7
67634,192.0
67635,192.5
67636,193.5
67637,192.2
67638,191.9
67639,190.8
67640,190.5
67641,192.9
67642,194.5
67643,192.5
67644,192.3
67645,193.9
67646,191.1
67647,191.5
67648,193.1
67649,192.2
67650,191.8
67651,192.0
67652,189.5
67653,191.0
67654,191.6
67655,190.6
67656,194.0
67657,192.8
67658,190.9
67659,190.6
67660,191.6
67661,193.4
67662,194.5
67663,197.3
67664,196.8
67665,193.9
67666,191.9
67667,193.9
67668,193.4
67669,191.7
67670,194.2
67671,196.0
67672,196.4
67673,195.4
67674,197.0
67675,196.5
67676,194.7
67677,196.0
67678,196.6
67679,194.0
67680,191.6
67681,190.4
67682,190.4
67683,191.4
67684,187.9
67685,186.6
67686,188.6
67687,192.6
67688,194.0
67689,194.2
67690,192.8
67691,191.2
67692,190.3
67693,191.2
67694,188.6
67695,188.0
67696,189.3
67697,187.8
67698,187.9
67699,186.4
67700,182.7
67701,181.7
67702,180.4
67703,179.7
67704,181.4
67705,180.7
67706,182.9
67707,181.8
67708,178.0
67709,178.8
67710,180.1
67711,178.0
67712,176.6
67713,178.3
67714,179.2
67715,175.6
67716,175.4
67717,178.8
67718,177.4
67719,176.1
67720,175.7
67721,174.9
67722,173.4
67723,173.4
67724,172.4
67725,172.1
67726,175.6
67727,176.3
67728,174.2
67729,172.1
67730,172.2
67731,172.7
67732,172.8
67733,173.0
67734,170.7
67735,171.5
67736,170.6
67737,167.9
67738,167.6
67739,170.2
67740,172.6
67741,173.6
67742,173.0
67743,171.4
67744,171.7
67745,173.4
67746,173.6
67747,171.7
67748,171.3
67749,173.2
67750,171.9
67751,169.5
67752,170.5
67753,168.4
67754,169.2
67755,169.4
67756,169.1
67757,169.0
67758,172.2
67759,173.7
67760,170.4
67761,168.8
67762,169.3
67763,171.8
67764,172.3
67765,171.8
67766,172.9
67767,171.8
67768,173.7
67769,174.6
67770,172.6
67771,172.7
67772,175.2
67773,178.5
67774,177.2
67775,172.7
67776,171.6
67777,173.4
67778,170.9
67779,168.2
67780,171.5
67781,174.7
67782,176.7
67783,178.6
67784,179.6
67785,179.7
67786,178.3
67787,180.7
67788,177.8
67789,171.6
67790,168.3
67791,168.8
67792,170.6
67793,172.1
67794,173.0
67795,175.0
67796,177.1
67797,174.7
67798,171.8
67799,169.7
67800,166.2
67801,164.6
67802,163.5
67803,162.7
67804,160.0
67805,159.7
67806,161.7
67807,163.2
67808,163.5
67809,164.0
67810,165.0
67811,164.9
67812,163.1
67813,163.5
67814,167.2
67815,166.3
67816,163.0
67817,163.0
67818,162.1
67819,161.2
67820,162.7
67821,161.6
67822,161.6
67823,159.0
67824,158.4
67825,154.5
67826,150.2
67827,145.7
67828,144.8
67829,147.0
67830,147.4
67831,144.4
67832,140.6
67833,138.8
67834,138.6
67835,140.5
67836,139.1
67837,138.9
67838,137.5
67839,135.1
67840,137.9
67841,138.6
67842,137.6
67843,138.2
67844,137.5
67845,136.8
67846,134.8
67847,136.1
67848,139.0
67849,138.5
67850,138.4
67851,139.4
67852,139.7
67853,136.8
67854,135.3
67855,137.1
67856,137.8
67857,139.5
67858,137.7
67859,138.1
67860,139.0
67861,135.3
67862,135.0
67863,137.6
67864,137.1
67865,137.6
67866,138.7
67867,136.8
67868,136.9
67869,138.0
67870,139.0
67871,139.2
67872,135.6
67873,134.9
67874,136.4
67875,140.5
67876,141.4
67877,135.3
67878,135.6
67879,138.2
67880,137.1
67881,134.9
67882,134.1
67883,135.2
67884,134.9
67885,133.9
67886,135.6
67887,138.1
67888,139.4
67889,140.1
67890,140.0
67891,135.3
67892,136.8
67893,137.7
67894,137.1
67895,136.2
67896,135.5
67897,135.7
67898,134.4
67899,132.8
67900,132.1
67901,133.6
67902,135.0
67903,134.7
67904,136.0
67905,136.3
67906,134.4
67907,133.3
67908,133.6
67909,134.2
67910,134.2
67911,137.1
67912,135.5
67913,131.6
67914,133.1
67915,135.2
67916,133.7
67917,131.8
67918,135.1
67919,136.6
67920,134.2
67921,135.4
67922,137.3
67923,138.2
67924,138.7
67925,138.0
67926,137.6
67927,137.2
67928,137.8
67929,136.4
67930,135.2
67931,136.7
67932,135.6
67933,136.8
67934,138.4
67935,137.3
67936,136.5
67937,137.6
67938,140.2
67939,139.9
67940,137.4
67941,135.4
67942,136.3
67943,138.0
67944,139.1
67945,138.4
67946,137.1
67947,135.3
67948,132.7
67949,134.5
67950,135.9
67951,134.6
67952,134.0
67953,134.8
67954,136.2
67955,136.1
67956,136.0
67957,138.3
67958,139.3
67959,138.5
67960,140.0
67961,138.4
67962,138.7
67963,138.5
67964,134.9
67965,133.2
67966,132.7
67967,132.0
67968,131.4
67969,131.5
67970,132.5
67971,130.9
67972,131.7
67973,132.9
67974,129.8
67975,130.7
67976,132.7
67977,133.9
67978,134.1
67979,132.7
67980,131.5
67981,130.0
67982,130.0
67983,131.6
67984,131.8
67985,129.7
67986,129.3
67987,130.3
67988,129.8
67989,131.3
67990,132.0
67991,130.4
67992,130.6
67993,131.1
67994,132.7
67995,132.5
67996,132.2
67997,131.4
67998,130.6
67999,132.1
68000,132.6
68001,132.0
68002,132.8
68003,132.4
68004,131.0
68005,129.2
68006,132.0
68007,134.8
68008,131.8
68009,129.5
68010,131.2
68011,132.4
68012,133.7
68013,135.4
68014,135.4
68015,136.6
68016,136.1
68017,133.8
68018,134.0
68019,134.6
68020,135.7
68021,136.2
68022,136.5
68023,137.3
68024,135.9
68025,134.5
68026,134.6
68027,134.5
68028,134.4
68029,137.5
68030,135.7
68031,134.9
68032,134.7
68033,133.2
68034,135.9
68035,137.1
68036,134.3
68037,132.3
68038,132.8
68039,132.2
68040,132.2
68041,135.1
68042,135.7
68043,133.0
68044,131.0
68045,131.2
68046,132.8
68047,134.0
68048,132.4
68049,131.8
68050,132.1
68051,130.0
68052,130.0
68053,134.8
68054,134.4
68055,131.4
68056,131.8
68057,132.6
68058,132.2
68059,132.4
68060,130.1
68061,129.3
68062,131.7
68063,134.2
68064,132.5
68065,130.6
68066,133.6
68067,135.4
68068,133.6
68069,133.6
68070,133.2
68071,132.1
68072,130.7
68073,128.8
68074,130.3
68075,131.6
68076,131.1
68077,130.1
68078,130.6
68079,133.0
68080,131.9
68081,132.4
68082,132.4
68083,130.9
68084,132.4
68085,132.1
68086,129.6
68087,129.5
68088,131.3
68089,132.1
68090,130.2
68091,128.9
68092,130.3
68093,128.6
68094,128.7
68095,130.9
68096,130.8
68097,131.3
68098,131.3
68099,134.1
68100,133.7
68101,132.8
68102,132.8
68103,133.4
68104,133.2
68105,133.7
68106,132.6
68107,130.6
68108,131.5
68109,130.8
68110,129.8
68111,131.1
68112,129.6
68113,130.5
68114,132.9
68115,132.5
68116,132.1
68117,132.3
68118,129.2
68119,128.5
68120,131.0
68121,129.0
68122,128.6
68123,130.2
68124,132.0
68125,132.9
68126,130.4
68127,132.3
68128,134.3
68129,131.0
68130,131.0
68131,134.0
68132,135.5
68133,130.3
68134,131.8
68135,129.7
68136,130.6
68137,132.6
68138,128.7
68139,129.0
68140,132.1
68141,133.8
68142,129.8
68143,128.0
68144,132.6
68145,131.3
68146,-9999.9
68147,-9999.9
68148,-9999.9
68149,-9999.9
68150,-9999.9
68151,-9999.9
68152,-9999.9
68153,-9999.9
68154,-9999.9
68155,-9999.9
68156,-9999.9
68157,-9999.9
68158,-9999.9
68159,-9999.9
68160,-9999.9
68161,-9999.9
68162,-9999.9
68163,-9999.9
68164,-9999.9
68165,-9999.9
68166,-9999.9
68167,-9999.9
68168,-9999.9
68169,-9999.9
68170,-9999.9
68171,-9999.9
68172,-9999.9
68173,-9999.9
68174,-9999.9
68175,-9999.9
68176,-9999.9
68177,-9999.9
68178,-9999.9
68179,-9999.9
68180,-9999.9
68181,-9999.9
68182,-9999.9
68183,-9999.9
68184,-9999.9
68185,-9999.9
68186,-9999.9
68187,-9999.9
68188,-9999.9
68189,-9999.9
68190,-9999.9
68191,-9999.9
68192,-9999.9
68193,-9999.9
68194,-9999.9
68195,-9999.9
68196,-9999.9
68197,-9999.9
68198,-9999.9
68199,-9999.9
68200,-9999.9
68201,-9999.9
68202,-9999.9
68203,-9999.9
68204,-9999.9
68205,-9999.9
68206,-9999.9
68207,-9999.9
68208,-9999.9
68209,-9999.9
68210,-9999.9
68211,-9999.9
68212,-9999.9
68213,-9999.9
68214,-9999.9
68215,-9999.9
68216,-9999.9
68217,-9999.9
68218,-9999.9
68219,-9999.9
68220,-9999.9
68221,-9999.9
68222,-9999.9
68223,-9999.9
68224,-9999.9
68225,-9999.9
68226,-9999.9
68227,-9999.9
68228,-9999.9
68229,-9999.9
68230,-9999.9
68231,-9999.9
68232,-9999.9
68233,-9999.9
68234,-9999.9
68235,-9999.9
68236,-9999.9
68237,-9999.9
68238,-9999.9
68239,-9999.9
68240,-9999.9
68241,-9999.9
68242,-9999.9
68243,-9999.9
68244,-9999.9
68245,-9999.9
68246,-9999.9
68247,-9999.9
68248,-9999.9
68249,-9999.9
68250,-9999.9
68251,-9999.9
68252,-9999.9
68253,-9999.9
68254,-9999.9
68255,-9999.9
68256,-9999.9
68257,-9999.9
68258,-9999.9
68259,-9999.9
68260,-9999.9
68261,-9999.9
68262,-9999.9
68263,-9999.9
68264,-9999.9
68265,-9999.9
68266,-9999.9
68267,-9999.9
68268,-9999.9
68269,-9999.9
68270,-9999.9
68271,-9999.9
68272,131.6
68273,132.8
68274,130.9
68275,130.5
68276,133.6
68277,134.5
68278,132.5
68279,130.8
68280,132.0
68281,132.4
68282,131.3
68283,132.6
68284,131.7
68285,131.0
68286,133.2
68287,133.7
68288,132.4
68289,133.8
68290,133.8
68291,132.1
68292,135.9
68293,137.1
68294,133.0
68295,131.3
68296,132.0
68297,130.8
68298,132.0
68299,135.7
68300,135.7
68301,133.1
68302,131.5
68303,133.2
68304,134.4
68305,132.5
68306,131.4
68307,132.3
68308,135.4
68309,134.3
68310,133.3
68311,135.8
68312,138.2
68313,139.8
68314,136.6
68315,135.1
68316,137.0
68317,131.7
68318,130.6
68319,136.0
68320,134.0
68321,130.5
68322,132.3
68323,134.3
68324,132.1
68325,132.1
68326,134.6
68327,134.8
68328,134.7
68329,134.7
68330,137.5
68331,138.3
68332,137.1
68333,136.2
68334,135.3
68335,134.0
68336,130.8
68337,131.1
68338,132.6
68339,137.6
68340,137.7
68341,136.6
68342,135.6
68343,137.7
68344,137.8
68345,136.5
68346,137.0
68347,136.6
68348,136.5
68349,135.8
68350,135.3
68351,134.9
68352,133.5
68353,134.8
68354,136.1
68355,135.3
68356,136.7
68357,135.1
68358,135.7
68359,136.9
68360,135.3
68361,134.1
68362,132.2
68363,133.5
68364,134.4
68365,132.2
68366,130.6
68367,131.0
68368,132.0
68369,133.4
68370,133.6
68371,130.6
68372,127.5
68373,133.9
68374,133.9
68375,135.1
68376,134.1
68377,135.6
68378,136.5
68379,133.5
68380,132.6
68381,130.4
68382,129.2
68383,130.4
68384,131.3
68385,132.0
68386,131.2
68387,131.5
68388,131.7
68389,130.2
68390,129.6
68391,128.2
68392,131.1
68393,135.2
68394,135.3
68395,135.0
68396,134.7
68397,133.9
68398,132.1
68399,130.2
68400,130.7
68401,130.8
68402,132.0
68403,132.2
68404,129.8
68405,129.0
68406,128.9
68407,131.5
68408,133.1
68409,132.7
68410,132.9
68411,130.0
68412,127.3
68413,127.2
68414,127.4
68415,128.9
68416,129.4
68417,127.5
68418,125.2
68419,127.0
68420,132.5
68421,133.9
68422,131.3
68423,132.6
68424,132.0
68425,131.1
68426,132.1
68427,130.8
68428,131.8
68429,133.5
68430,132.5
68431,130.5
68432,130.5
68433,131.3
68434,132.0
68435,133.1
68436,132.7
68437,132.2
68438,132.7
68439,131.0
68440,131.1
68441,134.9
68442,137.2
68443,133.7
68444,134.2
68445,134.8
68446,134.2
68447,135.2
68448,136.7
68449,135.4
68450,133.1
68451,131.3
68452,133.6
68453,134.6
68454,135.9
68455,134.8
68456,132.2
68457,132.7
68458,130.2
68459,131.3
68460,135.2
68461,135.2
68462,132.7
68463,132.1
68464,133.3
68465,132.2
68466,131.2
68467,133.3
68468,134.0
68469,133.0
68470,130.5
68471,131.7
68472,133.6
68473,134.6
68474,136.0
68475,132.5
68476,129.2
68477,128.4
68478,134.4
68479,133.8
68480,134.0
68481,134.7
68482,133.8
68483,134.0
68484,132.9
68485,132.0
68486,132.1
68487,131.1
68488,133.3
68489,136.1
68490,134.4
68491,131.8
68492,132.7
68493,135.9
68494,136.4
68495,134.0
68496,134.1
68497,134.2
68498,134.6
68499,136.5
68500,135.8
68501,133.4
68502,133.9
68503,135.2
68504,134.1
68505,137.1
68506,139.4
68507,137.7
68508,135.6
68509,132.2
68510,134.4
68511,137.9
68512,133.0
68513,135.6
68514,136.9
68515,133.9
68516,134.8
68517,136.4
68518,134.0
68519,134.6
68520,135.3
68521,135.3
68522,136.1
68523,134.7
68524,135.9
68525,135.2
68526,133.3
68527,134.2
68528,134.5
68529,133.3
68530,132.3
68531,133.8
68532,134.4
68533,131.6
68534,130.4
68535,130.4
68536,131.1
68537,135.4
68538,134.9
68539,133.3
68540,132.3
68541,130.8
68542,133.3
68543,135.9
68544,134.7
68545,132.7
68546,134.7
68547,134.2
68548,133.9
68549,136.4
68550,136.8
68551,134.8
68552,134.0
68553,137.5
68554,138.3
68555,135.0
68556,137.6
68557,139.7
68558,136.8
68559,134.7
68560,138.1
68561,137.9
68562,135.6
68563,137.5
68564,139.2
68565,137.8
68566,136.0
68567,136.5
68568,135.3
68569,135.0
68570,132.9
68571,129.0
68572,128.4
68573,130.8
68574,132.9
68575,131.1
68576,133.9
68577,135.0
68578,133.6
68579,135.6
68580,135.9
68581,129.6
68582,132.4
68583,135.2
68584,133.9
68585,134.2
68586,134.5
68587,136.4
68588,138.8
68589,137.6
68590,137.4
68591,138.4
68592,140.4
68593,138.8
68594,136.3
68595,135.6
68596,136.9
68597,136.9
68598,137.0
68599,138.6
68600,136.7
68601,134.7
68602,134.6
68603,137.5
68604,136.9
68605,133.8
68606,135.8
68607,138.2
68608,138.1
68609,139.2
68610,137.7
68611,134.5
68612,132.5
68613,131.9
68614,132.8
68615,136.1
68616,134.1
68617,132.0
68618,131.2
68619,130.5
68620,129.2
68621,133.3
68622,137.3
68623,134.3
68624,133.7
68625,134.4
68626,136.0
68627,136.1
68628,133.4
68629,134.4
68630,136.2
68631,134.8
68632,132.0
68633,133.0
68634,134.6
68635,135.0
68636,133.6
68637,131.7
68638,132.3
68639,133.0
68640,135.0
68641,138.3
68642,138.5
68643,134.8
68644,135.4
68645,135.1
68646,132.7
68647,132.9
68648,133.2
68649,133.2
68650,133.2
68651,135.6
68652,137.0
68653,135.7
68654,134.9
68655,136.6
68656,136.9
68657,137.3
68658,135.0
68659,132.2
68660,132.4
68661,133.4
68662,133.3
68663,132.4
68664,134.3
68665,135.6
68666,134.3
68667,133.7
68668,131.1
68669,130.5
68670,131.8
68671,132.1
68672,133.2
68673,134.6
68674,136.9
68675,135.1
68676,134.0
68677,135.0
68678,135.9
68679,136.3
68680,136.6
68681,136.1
68682,135.8
68683,136.3
68684,134.9
68685,131.7
68686,135.3
68687,137.6
68688,135.4
68689,136.1
68690,138.1
68691,138.4
68692,137.3
68693,135.0
68694,134.5
68695,134.1
68696,135.9
68697,139.2
68698,138.9
68699,139.4
68700,140.8
68701,139.4
68702,137.9
68703,136.4
68704,137.1
68705,140.2
68706,139.7
68707,138.7
68708,138.1
68709,137.4
68710,137.1
68711,137.5
68712,136.5
68713,134.7
68714,137.9
68715,138.2
68716,135.6
68717,136.7
68718,139.0
68719,140.3
68720,139.3
68721,137.1
68722,135.9
68723,137.8
68724,138.7
68725,138.3
68726,137.9
68727,136.6
68728,138.3
68729,139.0
68730,137.9
68731,138.1
68732,140.6
68733,142.1
68734,140.2
68735,137.7
68736,136.4
68737,138.6
68738,140.5
68739,138.8
68740,135.3
68741,135.7
68742,140.1
68743,141.3
68744,140.9
68745,138.5
68746,139.5
68747,141.4
68748,141.3
68749,143.1
68750,140.5
68751,140.7
68752,142.7
68753,142.2
68754,141.0
68755,141.2
68756,142.1
68757,140.2
68758,140.3
68759,140.2
68760,138.5
68761,139.1
68762,138.7
68763,138.3
68764,136.3
68765,136.7
68766,139.2
68767,136.7
68768,134.0
68769,136.5
68770,139.6
68771,138.8
68772,137.1
68773,137.5
68774,137.0
68775,137.4
68776,137.5
68777,136.4
