NETCARE2015/data/raw/Flight8/CO_POLAR6_20150420_R1_L1_NETCARE.ict
34, 1001
Bozem, Heiko; Hoor, Peter
Institute for Atmospheric Physics, Johannes Gutenberg University, Mainz, Germany
CO mixing ratio from AL5002 CO analyzer
NETCARE Polar 6 Campaign 2015
1, 1
2015, 04, 20, 2015, 08, 15
1
Time_UTC, seconds
1
1
-9999.9
CO_ppbv, ppbv
0
19
PI_CONTACT_INFO: Address: Johann-Joachim-Becherweg 21, 55128 Mainz, email: bozemh@uni-mainz.de; hoor@uni-mainz.de
PLATFORM: Polar 6
LOCATION: GPS location and altitude available at 1 Hz resolution in separate file (See AIMMS files under Aircraft data and meteorology)
ASSOCIATED_DATA: N/A
INSTRUMENT_INFO: CO measurements based on the fluorescence of CO in the VUV at 150 nm
DATA_INFO: Units are ppbv
UNCERTAINTY RELATIVE TO STANDARD: 2.3 ppbv at 1 sigma confidence (before drift correction is applied)
ULOD_FLAG: -7777
ULOD_VALUE: N/A
LLOD_FLAG: -8888
LLOD_VALUE: 1.5 
DM_CONTACT_INFO: N/A
PROJECT_INFO: NETCARE Polar 6 aircraft campaign in April 2015; Inuvik
STIPULATIONS_ON_USE: N/A
OTHER_COMMENTS: N/A
REVISION: R1
R0: Preliminary data, corrected for instrument drift
R1: Final data, corrected for instrument drift
Time_UTC,CO_ppbv
[from data line 7874]
64863,140.0
64864,140.5
64865,138.8
64866,139.4
64867,141.5
64868,141.8
64869,142.4
64870,141.9
64871,142.9
64872,143.3
64873,142.6
64874,140.6
64875,140.2
64876,140.1
64877,139.7
64878,140.8
64879,141.0
64880,140.6
64881,138.7
64882,138.6
64883,137.9
64884,136.9
64885,139.3
64886,142.1
64887,144.4
64888,141.9
64889,138.6
64890,140.1
64891,140.4
64892,141.3
64893,142.1
64894,141.0
64895,139.3
64896,139.2
64897,138.9
64898,138.5
64899,136.8
64900,138.0
64901,141.8
64902,140.5
64903,141.6
64904,143.1
64905,140.9
64906,140.4
64907,140.7
64908,139.0
64909,138.4
64910,139.0
64911,139.1
64912,137.4
64913,137.1
64914,136.5
64915,136.3
64916,139.8
64917,139.9
64918,138.7
64919,139.0
64920,139.1
64921,139.6
64922,139.8
64923,138.5
64924,140.4
64925,140.4
64926,137.3
64927,138.8
64928,140.6
64929,137.5
64930,138.2
64931,140.7
64932,140.4
64933,140.3
64934,140.4
64935,138.0
64936,138.9
64937,140.0
64938,139.1
64939,138.3
64940,137.4
64941,137.2
64942,140.2
64943,141.6
64944,139.4
64945,138.1
64946,137.4
64947,138.2
64948,140.5
64949,141.0
64950,138.2
64951,136.3
64952,137.2
64953,139.2
64954,138.4
64955,136.8
64956,138.1
64957,139.0
64958,137.3
64959,135.6
64960,135.4
64961,137.6
64962,140.8
64963,141.3
64964,139.1
64965,138.2
64966,139.1
64967,138.6
64968,135.7
64969,136.6
64970,138.7
64971,138.5
64972,137.2
64973,138.6
64974,140.8
64975,140.5
64976,139.8
64977,137.5
64978,135.9
64979,136.8
64980,135.6
64981,135.3
64982,138.9
64983,137.6
64984,135.8
64985,137.2
64986,137.8
64987,138.0
64988,138.9
64989,139.1
64990,137.7
64991,136.3
64992,134.9
64993,135.0
64994,136.0
64995,136.5
64996,134.0
64997,133.2
64998,136.6
64999,136.5
65000,136.2
65001,137.3
65002,136.6
65003,138.2
65004,139.3
65005,139.0
65006,138.7
65007,138.2
65008,136.6
65009,137.7
65010,137.2
65011,138.0
65012,141.2
65013,136.6
65014,134.8
65015,137.9
65016,137.6
65017,138.9
65018,140.6
65019,138.0
65020,135.4
65021,133.8
65022,136.5
65023,141.2
65024,139.4
65025,138.8
65026,140.9
65027,137.2
65028,138.3
65029,139.4
65030,139.4
65031,138.3
65032,136.0
65033,138.0
65034,138.8
65035,136.1
65036,137.4
65037,137.4
65038,135.6
65039,137.6
65040,139.4
65041,136.7
65042,135.7
65043,137.2
65044,137.8
65045,137.3
65046,137.8
65047,137.9
65048,136.1
65049,137.8
65050,137.4
65051,136.2
65052,138.4
65053,138.6
65054,138.1
65055,139.2
65056,138.6
65057,138.6
65058,140.4
65059,141.6
65060,143.0
65061,138.7
65062,138.7
65063,139.6
65064,137.9
65065,138.0
65066,138.5
65067,138.2
65068,138.6
65069,138.6
65070,137.8
65071,137.7
65072,138.4
65073,138.6
65074,140.6
65075,139.2
65076,137.6
65077,138.0
65078,136.2
65079,136.2
65080,139.2
65081,140.0
65082,139.9
65083,141.8
65084,140.9
65085,138.4
65086,138.8
65087,141.7
65088,139.2
65089,135.5
65090,136.4
65091,138.1
65092,138.7
65093,139.8
65094,140.3
65095,137.6
65096,136.5
65097,138.2
65098,136.0
65099,136.1
65100,139.3
65101,141.1
65102,140.5
65103,138.6
65104,139.1
65105,139.2
65106,138.8
65107,138.4
65108,135.0
65109,134.9
65110,138.1
65111,139.1
65112,139.3
65113,137.2
65114,136.5
65115,137.3
65116,138.3
65117,137.5
65118,137.3
65119,138.8
65120,138.3
65121,140.1
65122,140.3
65123,138.1
65124,139.9
65125,141.4
65126,139.7
65127,139.3
65128,137.9
65129,135.7
65130,135.7
65131,142.8
65132,141.2
65133,138.4
65134,137.3
65135,137.2
65136,137.5
65137,136.8
65138,138.2
65139,140.5
65140,139.8
65141,137.8
65142,135.3
65143,137.3
65144,142.3
65145,142.9
65146,-9999.9
65147,-9999.9
65148,-9999.9
65149,-9999.9
65150,-9999.9
65151,-9999.9
65152,-9999.9
65153,-9999.9
65154,-9999.9
65155,-9999.9
65156,-9999.9
65157,-9999.9
65158,-9999.9
65159,-9999.9
65160,-9999.9
65161,-9999.9
65162,-9999.9
65163,-9999.9
65164,-9999.9
65165,-9999.9
65166,-9999.9
65167,-9999.9
65168,-9999.9
65169,-9999.9
65170,-9999.9
65171,-9999.9
65172,-9999.9
65173,-9999.9
65174,-9999.9
65175,-9999.9
65176,-9999.9
65177,-9999.9
65178,-9999.9
65179,-9999.9
65180,-9999.9
65181,-9999.9
65182,-9999.9
65183,-9999.9
65184,-9999.9
65185,-9999.9
65186,-9999.9
65187,-9999.9
65188,-9999.9
65189,-9999.9
65190,-9999.9
65191,-9999.9
65192,-9999.9
65193,-9999.9
65194,-9999.9
65195,-9999.9
65196,-9999.9
65197,-9999.9
65198,-9999.9
65199,-9999.9
65200,-9999.9
65201,-9999.9
65202,-9999.9
65203,-9999.9
65204,-9999.9
65205,-9999.9
65206,-9999.9
65207,-9999.9
65208,-9999.9
65209,-9999.9
65210,-9999.9
65211,-9999.9
65212,-9999.9
65213,-9999.9
65214,-9999.9
65215,-9999.9
65216,-9999.9
65217,-9999.9
65218,-9999.9
65219,-9999.9
65220,-9999.9
65221,-9999.9
65222,-9999.9
65223,-9999.9
65224,-9999.9
65225,-9999.9
65226,-9999.9
65227,-9999.9
65228,-9999.9
65229,-9999.9
65230,-9999.9
65231,-9999.9
65232,-9999.9
65233,-9999.9
65234,-9999.9
65235,-9999.9
65236,-9999.9
65237,-9999.9
65238,-9999.9
65239,-9999.9
65240,-9999.9
65241,-9999.9
65242,-9999.9
65243,-9999.9
65244,-9999.9
65245,-9999.9
65246,-9999.9
65247,-9999.9
65248,-9999.9
65249,-9999.9
65250,-9999.9
65251,-9999.9
65252,-9999.9
65253,-9999.9
65254,-9999.9
65255,-9999.9
65256,-9999.9
65257,-9999.9
65258,-9999.9
65259,-9999.9
65260,-9999.9
65261,-9999.9
65262,-9999.9
65263,-9999.9
65264,-9999.9
65265,-9999.9
65266,-9999.9
65267,-9999.9
65268,-9999.9
65269,-9999.9
65270,-9999.9
65271,-9999.9
65272,137.3
65273,138.1
65274,138.2
65275,140.2
65276,139.7
65277,136.8
65278,138.8
65279,141.0
65280,137.4
65281,135.9
65282,137.2
65283,138.8
65284,140.6
65285,138.6
65286,138.6
65287,138.9
65288,137.4
65289,137.5
65290,137.7
65291,139.3
65292,139.3
65293,138.8
65294,137.5
65295,136.4
65296,137.3
65297,137.1
65298,138.1
65299,140.7
65300,139.4
65301,137.4
65302,137.9
65303,139.4
65304,137.8
65305,138.0
65306,136.7
65307,135.8
65308,138.7
65309,139.3
65310,139.3
65311,137.2
65312,134.8
65313,136.8
65314,138.7
65315,137.6
65316,135.7
65317,135.1
65318,135.6
65319,135.6
65320,136.3
65321,138.6
65322,139.1
65323,137.2
65324,136.5
65325,137.5
65326,140.2
65327,140.8
65328,139.9
65329,140.4
65330,141.0
65331,139.3
65332,138.1
65333,136.3
65334,135.2
65335,139.2
65336,141.9
65337,138.2
65338,138.2
65339,135.1
65340,137.4
65341,139.9
65342,140.7
65343,141.3
65344,139.7
65345,137.9
65346,136.8
65347,138.4
65348,140.0
65349,137.9
65350,137.7
65351,139.2
65352,139.9
65353,139.6
65354,140.6
65355,139.2
65356,137.9
65357,139.9
65358,140.2
65359,138.8
65360,134.9
65361,137.3
65362,139.8
65363,135.6
65364,136.6
65365,138.7
65366,136.1
65367,133.1
65368,134.9
65369,138.5
65370,138.6
65371,137.9
65372,137.8
65373,136.9
65374,137.7
65375,136.4
65376,135.4
65377,135.1
65378,135.3
65379,136.8
65380,137.3
65381,138.2
65382,138.9
65383,138.2
65384,139.2
65385,139.2
65386,139.4
65387,139.1
65388,139.1
65389,141.8
65390,139.1
65391,138.2
65392,137.8
65393,135.0
65394,137.1
65395,138.5
65396,139.6
65397,138.3
65398,137.0
65399,140.3
65400,140.8
65401,141.8
65402,139.6
65403,135.8
65404,138.0
65405,138.0
65406,135.9
65407,139.8
65408,140.1
65409,140.4
65410,139.2
65411,137.9
65412,137.3
65413,137.4
65414,139.9
65415,141.2
65416,138.3
65417,135.4
65418,135.7
65419,137.8
65420,138.0
65421,138.4
65422,139.3
65423,137.5
65424,137.5
65425,138.3
65426,137.8
65427,138.7
65428,141.7
65429,138.3
65430,135.5
65431,139.7
65432,140.8
65433,139.3
65434,138.6
65435,136.7
65436,137.4
65437,138.0
65438,136.0
65439,139.2
65440,139.7
65441,137.3
65442,140.9
65443,138.1
65444,136.7
65445,140.0
65446,142.1
65447,140.9
65448,138.3
65449,137.5
65450,139.2
65451,139.6
65452,137.9
65453,137.7
65454,137.6
65455,138.2
65456,140.8
65457,139.2
65458,137.2
65459,136.0
65460,138.7
65461,143.5
65462,143.4
65463,139.1
65464,136.3
65465,135.8
65466,137.0
65467,139.3
65468,138.9
65469,137.9
65470,137.8
65471,140.8
65472,138.5
65473,135.8
65474,139.4
65475,141.8
65476,139.5
65477,140.2
65478,139.7
65479,138.4
65480,139.4
65481,138.8
65482,135.7
65483,135.3
65484,138.8
65485,138.0
65486,137.4
65487,138.0
65488,137.2
65489,138.5
65490,136.3
65491,133.9
65492,134.7
65493,135.7
65494,136.3
65495,136.5
65496,137.2
65497,138.1
65498,138.2
65499,138.6
65500,138.5
65501,136.6
65502,135.1
65503,136.9
65504,136.9
65505,136.2
65506,137.8
65507,139.5
65508,137.0
65509,133.4
65510,141.6
65511,138.5
65512,137.0
65513,139.9
65514,139.4
65515,136.3
65516,135.2
65517,137.0
65518,137.5
65519,140.3
65520,141.1
65521,135.3
65522,135.0
65523,138.8
65524,140.4
65525,138.0
65526,136.4
65527,138.3
65528,138.6
65529,137.7
65530,138.2
65531,139.0
65532,139.0
65533,136.8
65534,137.5
65535,139.9
65536,135.6
65537,136.5
65538,140.5
65539,138.4
65540,135.8
65541,135.2
65542,137.5
65543,137.7
65544,136.1
65545,137.6
65546,137.0
65547,138.4
65548,136.8
65549,134.4
65550,135.3
65551,135.5
65552,136.7
65553,137.8
65554,138.6
65555,139.8
65556,139.3
65557,137.4
65558,139.4
65559,139.1
65560,139.6
65561,141.6
65562,139.9
65563,138.7
65564,139.7
65565,139.7
65566,138.7
65567,138.7
65568,136.9
65569,136.5
65570,136.6
65571,137.0
65572,138.2
65573,138.9
65574,139.0
65575,138.8
65576,139.1
65577,139.7
65578,139.9
65579,139.5
65580,139.9
65581,140.3
65582,141.8
65583,141.1
65584,138.9
65585,140.8
65586,142.2
65587,141.8
65588,140.6
65589,137.6
65590,136.5
65591,139.1
65592,140.9
65593,138.9
65594,137.8
65595,139.1
65596,140.5
65597,142.7
65598,142.0
65599,142.8
65600,142.5
65601,139.2
65602,140.2
65603,140.7
65604,141.3
65605,142.1
65606,140.1
65607,140.9
65608,143.0
65609,141.3
65610,139.5
65611,140.4
65612,140.9
65613,143.6
65614,143.6
65615,137.6
65616,138.8
65617,140.2
65618,140.9
65619,143.6
65620,140.8
65621,140.4
65622,143.8
65623,141.6
65624,140.8
65625,139.1
65626,138.5
65627,142.2
65628,143.5
65629,142.5
65630,142.6
65631,143.4
65632,143.2
65633,140.8
65634,139.5
65635,142.3
65636,143.9
65637,141.3
65638,140.2
65639,140.4
65640,138.5
65641,139.7
65642,142.7
65643,139.4
65644,138.5
65645,141.3
65646,139.7
65647,138.4
65648,138.7
65649,144.2
65650,141.5
65651,138.4
65652,140.6
65653,142.8
65654,142.6
65655,142.5
65656,142.2
65657,144.8
65658,145.1
65659,142.3
65660,141.6
65661,142.1
65662,142.2
65663,141.1
65664,141.5
65665,141.1
65666,140.0
65667,142.3
65668,144.5
65669,142.2
65670,141.8
65671,144.1
65672,143.4
65673,142.4
65674,143.0
65675,142.4
65676,141.1
65677,141.8
65678,141.2
65679,138.8
65680,140.1
65681,143.1
65682,143.9
65683,140.0
65684,141.7
65685,144.2
65686,142.5
65687,141.2
65688,143.5
65689,142.6
65690,140.5
65691,141.4
65692,142.4
65693,142.5
65694,143.3
65695,142.3
65696,140.1
65697,140.7
65698,141.8
65699,141.3
65700,142.4
65701,141.9
65702,142.8
65703,142.9
65704,141.6
65705,143.3
65706,143.9
65707,144.3
65708,141.4
65709,141.3
65710,144.6
65711,144.8
65712,145.5
65713,145.1
65714,142.8
65715,143.1
65716,143.4
65717,142.4
65718,142.4
65719,143.2
65720,142.8
65721,143.3
65722,144.4
65723,144.2
65724,144.1
65725,142.6
65726,143.3
65727,143.3
65728,142.3
65729,143.8
65730,142.7
65731,140.6
65732,143.5
65733,145.8
65734,144.5
65735,143.8
65736,143.7
65737,143.7
65738,143.5
65739,143.9
65740,141.1
65741,142.2
65742,146.1
65743,144.4
65744,143.1
65745,143.3
65746,143.3
65747,141.1
65748,140.6
65749,141.3
65750,139.4
65751,138.0
65752,142.6
65753,142.9
65754,142.6
65755,142.1
65756,141.2
65757,143.6
65758,144.1
65759,140.2
65760,140.4
65761,142.0
65762,141.7
65763,140.7
65764,141.2
65765,142.9
65766,143.8
65767,142.5
65768,141.2
65769,142.5
65770,143.5
65771,144.5
65772,145.4
65773,145.0
65774,145.6
65775,142.9
65776,144.1
65777,146.0
65778,146.2
65779,147.5
65780,147.0
65781,145.6
65782,143.3
65783,143.8
65784,146.3
65785,148.3
65786,143.8
65787,144.7
65788,144.4
65789,142.8
65790,142.2
65791,145.3
65792,147.3
65793,144.5
65794,140.9
65795,143.3
65796,147.6
65797,147.5
65798,144.2
65799,142.0
65800,142.4
65801,143.2
65802,144.0
65803,142.4
65804,141.0
65805,142.8
65806,145.6
65807,145.0
65808,146.9
65809,147.0
65810,144.5
65811,144.4
65812,145.7
65813,146.3
65814,143.5
65815,143.8
65816,144.7
65817,145.0
65818,144.0
65819,141.7
65820,142.0
65821,146.4
65822,145.6
65823,144.5
65824,143.9
65825,142.8
65826,142.7
65827,145.2
65828,144.9
65829,144.5
65830,145.5
65831,145.7
65832,145.6
65833,144.7
65834,145.6
65835,146.3
65836,145.2
65837,146.3
65838,147.4
65839,147.4
65840,148.1
65841,144.6
65842,145.0
65843,148.1
65844,146.3
65845,146.4
65846,147.1
65847,145.8
65848,145.6
65849,146.9
65850,145.2
65851,142.8
65852,144.9
65853,147.5
65854,148.2
65855,143.9
65856,143.4
65857,143.2
65858,144.6
65859,146.1
65860,144.6
65861,144.9
65862,146.6
65863,143.7
65864,144.9
65865,147.5
65866,146.0
65867,143.6
65868,141.9
65869,141.5
65870,144.7
65871,147.7
65872,147.8
65873,147.2
65874,146.4
65875,144.4
65876,143.9
65877,145.6
65878,149.0
65879,147.9
65880,144.0
65881,143.7
65882,145.5
65883,147.6
65884,147.5
65885,145.9
65886,144.1
65887,144.7
65888,144.5
65889,146.1
65890,146.1
65891,144.4
65892,144.0
65893,144.2
65894,145.4
65895,144.2
65896,142.9
65897,145.2
65898,146.3
65899,147.5
65900,147.8
65901,146.9
65902,149.3
65903,149.1
65904,146.7
65905,147.5
65906,147.3
65907,145.9
65908,145.5
65909,144.0
65910,143.7
65911,144.4
65912,144.3
65913,143.9
65914,143.1
65915,143.9
65916,142.1
65917,141.1
65918,143.3
65919,144.4
65920,145.5
65921,144.8
65922,141.6
65923,142.5
65924,145.6
65925,142.7
65926,143.1
65927,143.9
65928,145.7
65929,146.2
65930,143.4
65931,143.6
65932,146.9
65933,145.8
65934,146.9
65935,148.1
65936,144.5
65937,142.8
65938,140.8
65939,142.3
65940,144.6
65941,143.5
65942,144.9
65943,143.7
65944,142.5
65945,143.4
65946,144.5
65947,146.5
65948,146.1
65949,145.8
65950,148.2
65951,146.1
65952,143.4
65953,146.4
65954,145.9
65955,145.6
65956,145.2
65957,144.1
65958,145.4
65959,147.1
65960,144.9
65961,143.6
65962,142.9
65963,144.0
65964,145.3
65965,145.7
65966,145.4
65967,143.3
65968,144.2
65969,145.2
65970,144.6
65971,144.6
65972,143.4
65973,143.6
65974,144.7
65975,146.2
65976,149.3
65977,146.1
65978,145.5
65979,146.2
65980,142.5
65981,141.4
65982,144.5
65983,146.0
65984,145.0
65985,144.6
65986,143.5
65987,144.4
65988,145.6
65989,145.9
65990,145.4
65991,145.6
65992,146.5
65993,146.1
65994,147.1
65995,147.4
65996,147.0
65997,146.2
65998,146.2
65999,144.6
66000,143.8
66001,144.1
66002,144.6
66003,144.5
66004,143.0
66005,143.2
66006,145.7
66007,146.6
66008,144.3
66009,143.7
66010,146.3
66011,149.1
66012,146.7
66013,142.3
66014,142.1
66015,141.9
66016,143.9
66017,146.8
66018,145.9
66019,140.6
66020,140.5
66021,146.7
66022,146.2
66023,145.6
66024,144.7
66025,141.6
66026,144.6
66027,147.6
66028,140.4
66029,144.8
66030,148.7
66031,147.2
66032,145.6
66033,143.5
66034,143.7
66035,145.7
66036,144.5
66037,142.4
66038,141.7
66039,143.3
66040,141.7
66041,143.0
66042,146.8
66043,144.6
66044,143.3
66045,144.7
66046,144.1
66047,145.0
66048,147.4
66049,146.7
66050,146.2
66051,147.6
66052,147.5
66053,144.1
66054,143.3
66055,143.7
66056,144.3
66057,143.9
66058,142.3
66059,144.6
66060,146.3
66061,146.0
66062,145.0
66063,144.4
66064,145.0
66065,146.1
66066,147.5
66067,149.2
66068,146.0
66069,145.7
66070,146.6
66071,143.2
66072,141.9
66073,143.0
66074,146.4
66075,148.1
66076,146.7
66077,145.8
66078,147.3
66079,146.1
66080,147.3
66081,149.1
66082,146.1
66083,146.2
66084,146.3
66085,145.2
66086,146.4
66087,145.2
66088,145.4
66089,146.0
66090,146.5
66091,146.4
66092,143.4
66093,147.1
66094,149.0
66095,145.4
66096,143.8
66097,144.7
66098,147.5
66099,149.0
66100,148.3
66101,147.3
66102,147.6
66103,146.6
66104,148.3
66105,149.7
66106,144.6
66107,142.7
66108,145.3
66109,147.3
66110,147.8
66111,146.2
66112,144.2
66113,145.6
66114,146.1
66115,145.4
66116,144.9
66117,145.2
66118,147.0
66119,147.3
66120,143.8
66121,144.1
66122,147.3
66123,146.0
66124,146.4
66125,146.1
66126,145.9
66127,147.8
66128,148.5
66129,144.9
66130,140.8
66131,144.8
66132,145.6
66133,145.4
66134,144.8
66135,146.0
66136,146.8
66137,144.3
66138,143.6
66139,145.8
66140,145.2
66141,143.8
66142,146.4
66143,146.7
66144,144.4
66145,145.1
66146,146.5
66147,147.9
66148,149.4
66149,148.6
66150,147.0
66151,148.5
66152,148.3
66153,145.0
66154,144.9
66155,147.3
66156,146.9
66157,147.3
66158,148.4
66159,148.1
66160,146.7
66161,147.0
66162,148.8
66163,148.7
66164,148.3
66165,146.0
66166,146.0
66167,147.2
66168,147.0
66169,147.1
66170,147.1
66171,147.7
66172,147.0
66173,146.0
