NETCARE2015/data/raw/Flight8/CO_POLAR6_20150420_R1_L1_NETCARE.ict
34, 1001
Bozem, Heiko; Hoor, Peter
Institute for Atmospheric Physics, Johannes Gutenberg University, Mainz, Germany
CO mixing ratio from AL5002 CO analyzer
NETCARE Polar 6 Campaign 2015
1, 1
2015, 04, 20, 2015, 08, 15
1
Time_UTC, seconds
1
1
-9999.9
CO_ppbv, ppbv
0
19
PI_CONTACT_INFO: Address: Johann-Joachim-Becherweg 21, 55128 Mainz, email: bozemh@uni-mainz.de; hoor@uni-mainz.de
PLATFORM: Polar 6
LOCATION: GPS location and altitude available at 1 Hz resolution in separate file (See AIMMS files under Aircraft data and meteorology)
ASSOCIATED_DATA: N/A
INSTRUMENT_INFO: CO measurements based on the fluorescence of CO in the VUV at 150 nm
DATA_INFO: Units are ppbv
UNCERTAINTY RELATIVE TO STANDARD: 2.3 ppbv at 1 sigma confidence (before drift correction is applied)
ULOD_FLAG: -7777
ULOD_VALUE: N/A
LLOD_FLAG: -8888
LLOD_VALUE: 1.5 
DM_CONTACT_INFO: N/A
PROJECT_INFO: NETCARE Polar 6 aircraft campaign in April 2015; Inuvik
STIPULATIONS_ON_USE: N/A
OTHER_COMMENTS: N/A
REVISION: R1
R0: Preliminary data, corrected for instrument drift
R1: Final data, corrected for instrument drift
Time_UTC,CO_ppbv
[from data line 6562]
63551,144.0
63552,143.3
63553,140.8
63554,140.6
63555,143.2
63556,142.3
63557,143.6
63558,145.0
63559,143.9
63560,143.2
63561,143.4
63562,143.2
63563,145.0
63564,146.3
63565,144.4
63566,145.8
63567,144.5
63568,143.2
63569,145.4
63570,144.9
63571,143.9
63572,141.1
63573,140.8
63574,142.2
63575,141.3
63576,140.1
63577,138.9
63578,137.6
63579,137.8
63580,139.7
63581,140.8
63582,139.6
63583,139.8
63584,142.3
63585,143.4
63586,142.7
63587,140.3
63588,138.2
63589,139.2
63590,139.2
63591,140.0
63592,140.7
63593,142.4
63594,143.4
63595,140.7
63596,142.0
63597,143.7
63598,142.5
63599,142.5
63600,142.3
63601,142.1
63602,139.9
63603,138.8
63604,141.1
63605,140.9
63606,139.6
63607,142.0
63608,144.3
63609,143.3
63610,143.8
63611,144.4
63612,143.7
63613,147.0
63614,145.4
63615,143.6
63616,141.1
63617,140.0
63618,141.1
63619,142.4
63620,142.2
63621,141.2
63622,141.4
63623,140.2
63624,141.4
63625,142.3
63626,140.3
63627,139.2
63628,140.4
63629,142.2
63630,142.7
63631,141.7
63632,141.0
63633,140.5
63634,141.9
63635,141.9
63636,138.4
63637,137.7
63638,138.8
63639,139.6
63640,139.9
63641,140.6
63642,140.3
63643,141.2
63644,140.1
63645,139.3
63646,141.7
63647,142.7
63648,139.3
63649,138.6
63650,141.8
63651,142.3
63652,142.7
63653,140.6
63654,140.0
63655,140.8
63656,140.3
63657,140.6
63658,139.5
63659,137.9
63660,138.4
63661,141.7
63662,142.4
63663,141.7
63664,140.7
63665,139.7
63666,140.7
63667,142.1
63668,142.4
63669,140.6
63670,140.4
63671,141.7
63672,142.9
63673,142.9
63674,142.9
63675,143.4
63676,142.4
63677,140.4
63678,141.5
63679,143.1
63680,142.4
63681,144.9
63682,144.9
63683,142.9
63684,141.2
63685,141.3
63686,143.5
63687,142.5
63688,141.3
63689,141.5
63690,141.3
63691,142.7
63692,140.9
63693,137.8
63694,141.8
63695,143.7
63696,141.4
63697,141.6
63698,142.2
63699,142.6
63700,141.8
63701,142.7
63702,142.4
63703,140.4
63704,140.8
63705,141.6
63706,140.4
63707,139.2
63708,140.0
63709,141.3
63710,141.1
63711,142.2
63712,144.2
63713,143.6
63714,140.5
63715,137.6
63716,138.2
63717,140.7
63718,141.8
63719,144.5
63720,144.0
63721,142.6
63722,142.1
63723,139.5
63724,138.4
63725,138.9
63726,141.9
63727,143.9
63728,142.1
63729,140.4
63730,140.9
63731,142.4
63732,142.2
63733,142.3
63734,143.2
63735,142.8
63736,143.1
63737,146.4
63738,146.6
63739,142.7
63740,142.3
63741,141.8
63742,141.9
63743,145.1
63744,144.9
63745,141.7
63746,140.5
63747,140.9
63748,143.1
63749,144.7
63750,144.3
63751,144.6
63752,146.5
63753,146.2
63754,141.6
63755,140.9
63756,144.0
63757,143.1
63758,144.9
63759,147.1
63760,143.8
63761,141.3
63762,142.7
63763,143.5
63764,143.1
63765,144.6
63766,145.2
63767,143.5
63768,141.1
63769,143.9
63770,144.8
63771,143.9
63772,143.4
63773,141.3
63774,140.4
63775,143.3
63776,146.3
63777,144.5
63778,142.2
63779,142.6
63780,147.3
63781,146.1
63782,142.5
63783,143.4
63784,142.5
63785,141.5
63786,149.5
63787,146.8
63788,145.3
63789,145.2
63790,144.7
63791,143.6
63792,142.0
63793,144.3
63794,145.6
63795,143.4
63796,143.1
63797,142.5
63798,142.7
63799,143.3
63800,141.5
63801,142.6
63802,142.6
63803,144.4
63804,145.8
63805,143.0
63806,144.2
63807,144.2
63808,142.3
63809,144.7
63810,144.7
63811,143.1
63812,143.7
63813,141.9
63814,141.9
63815,144.2
63816,143.5
63817,142.1
63818,140.3
63819,139.0
63820,146.6
63821,147.3
63822,148.5
63823,146.8
63824,146.7
63825,147.9
63826,146.2
63827,143.7
63828,140.9
63829,140.6
63830,141.5
63831,141.7
63832,141.2
63833,141.1
63834,143.8
63835,144.2
63836,144.2
63837,144.6
63838,142.9
63839,144.2
63840,145.7
63841,146.3
63842,146.4
63843,146.8
63844,148.8
63845,146.6
63846,142.3
63847,140.6
63848,140.6
63849,142.5
63850,145.6
63851,145.2
63852,143.8
63853,143.9
63854,143.0
63855,144.3
63856,146.2
63857,144.0
63858,143.5
63859,145.2
63860,142.7
63861,142.2
63862,146.2
63863,144.2
63864,142.4
63865,142.6
63866,142.6
63867,145.3
63868,144.5
63869,143.5
63870,143.9
63871,142.3
63872,140.3
63873,141.5
63874,141.7
63875,141.1
63876,141.0
63877,142.1
63878,141.4
63879,141.8
63880,141.4
63881,140.4
63882,142.1
63883,142.3
63884,143.0
63885,140.7
63886,139.7
63887,141.3
63888,141.6
63889,145.3
63890,143.4
63891,141.4
63892,143.0
63893,143.8
63894,142.6
63895,143.4
63896,143.1
63897,143.5
63898,144.9
63899,145.2
63900,145.9
63901,143.5
63902,141.4
63903,143.1
63904,144.2
63905,143.3
63906,144.0
63907,143.6
63908,144.3
63909,144.1
63910,140.5
63911,142.8
63912,144.5
63913,142.3
63914,142.5
63915,142.8
63916,142.5
63917,143.3
63918,144.4
63919,143.2
63920,139.1
63921,139.2
63922,141.3
63923,143.0
63924,141.7
63925,143.2
63926,145.5
63927,144.3
63928,142.5
63929,142.7
63930,142.2
63931,142.5
63932,143.4
63933,144.6
63934,145.8
63935,145.0
63936,143.6
63937,143.6
63938,144.0
63939,143.1
63940,144.5
63941,146.2
63942,143.3
63943,142.4
63944,143.6
63945,143.8
63946,145.9
63947,145.1
63948,145.9
63949,146.9
63950,145.3
63951,145.5
63952,145.1
63953,144.2
63954,145.9
63955,144.0
63956,140.6
63957,142.1
63958,142.1
63959,144.2
63960,144.8
63961,144.3
63962,143.0
63963,141.9
63964,142.6
63965,143.3
63966,141.3
63967,140.6
63968,142.7
63969,144.0
63970,143.6
63971,144.3
63972,145.0
63973,143.3
63974,141.4
63975,140.4
63976,140.9
63977,142.5
63978,140.7
63979,136.8
63980,137.2
63981,140.8
63982,142.8
63983,142.5
63984,141.0
63985,138.3
63986,139.8
63987,142.6
63988,141.2
63989,140.4
63990,142.2
63991,139.6
63992,135.2
63993,143.6
63994,143.0
63995,141.1
63996,142.1
63997,140.5
63998,138.3
63999,139.2
64000,141.0
64001,142.6
64002,140.8
64003,137.8
64004,136.5
64005,140.1
64006,139.2
64007,137.0
64008,139.7
64009,142.1
64010,143.3
64011,142.3
64012,142.9
64013,140.8
64014,139.0
64015,142.2
64016,-9999.9
64017,-9999.9
64018,-9999.9
64019,-9999.9
64020,-9999.9
64021,-9999.9
64022,-9999.9
64023,-9999.9
64024,-9999.9
64025,-9999.9
64026,-9999.9
64027,-9999.9
64028,-9999.9
64029,-9999.9
64030,-9999.9
64031,-9999.9
64032,-9999.9
64033,-9999.9
64034,-9999.9
64035,-9999.9
64036,-9999.9
64037,-9999.9
64038,-9999.9
64039,-9999.9
64040,-9999.9
64041,-9999.9
64042,-9999.9
64043,-9999.9
64044,-9999.9
64045,-9999.9
64046,-9999.9
64047,-9999.9
64048,-9999.9
64049,-9999.9
64050,-9999.9
64051,-9999.9
64052,-9999.9
64053,-9999.9
64054,-9999.9
64055,-9999.9
64056,-9999.9
64057,-9999.9
64058,-9999.9
64059,-9999.9
64060,-9999.9
64061,-9999.9
64062,-9999.9
64063,-9999.9
64064,-9999.9
64065,-9999.9
64066,-9999.9
64067,-9999.9
64068,-9999.9
64069,-9999.9
64070,-9999.9
64071,-9999.9
64072,-9999.9
64073,-9999.9
64074,-9999.9
64075,-9999.9
64076,-9999.9
64077,-9999.9
64078,-9999.9
64079,-9999.9
64080,-9999.9
64081,-9999.9
64082,-9999.9
64083,-9999.9
64084,-9999.9
64085,-9999.9
64086,-9999.9
64087,-9999.9
64088,-9999.9
64089,-9999.9
64090,-9999.9
64091,-9999.9
64092,-9999.9
64093,-9999.9
64094,-9999.9
64095,-9999.9
64096,-9999.9
64097,-9999.9
64098,-9999.9
64099,-9999.9
64100,-9999.9
64101,-9999.9
64102,-9999.9
64103,-9999.9
64104,-9999.9
64105,-9999.9
64106,-9999.9
64107,-9999.9
64108,-9999.9
64109,-9999.9
64110,-9999.9
64111,-9999.9
64112,-9999.9
64113,-9999.9
64114,-9999.9
64115,-9999.9
64116,-9999.9
64117,-9999.9
64118,-9999.9
64119,-9999.9
64120,-9999.9
64121,-9999.9
64122,-9999.9
64123,-9999.9
64124,-9999.9
64125,-9999.9
64126,-9999.9
64127,-9999.9
64128,-9999.9
64129,-9999.9
64130,-9999.9
64131,-9999.9
64132,-9999.9
64133,-9999.9
64134,-9999.9
64135,-9999.9
64136,-9999.9
64137,-9999.9
64138,-9999.9
64139,-9999.9
64140,-9999.9
64141,-9999.9
64142,140.8
64143,140.1
64144,141.3
64145,142.4
64146,143.9
64147,143.4
64148,140.8
64149,140.6
64150,140.4
64151,140.7
64152,140.8
64153,139.2
64154,137.0
64155,136.8
64156,137.3
64157,139.3
64158,139.7
64159,137.8
64160,136.6
64161,137.7
64162,140.6
64163,141.0
64164,139.7
64165,142.0
64166,140.0
64167,137.6
64168,140.2
64169,143.9
64170,142.5
64171,140.3
64172,139.7
64173,141.1
64174,139.1
64175,136.7
64176,140.4
64177,140.4
64178,138.5
64179,136.6
64180,136.8
64181,140.9
64182,141.4
64183,141.5
64184,142.1
64185,141.6
64186,140.8
64187,140.9
64188,142.5
64189,140.5
64190,138.4
64191,140.0
64192,141.4
64193,141.7
64194,141.2
64195,139.9
64196,141.3
64197,141.9
64198,140.7
64199,143.0
64200,141.3
64201,140.3
64202,141.6
64203,143.2
64204,145.2
64205,144.7
64206,142.2
64207,142.6
64208,142.5
64209,143.8
64210,144.3
64211,140.9
64212,139.7
64213,140.3
64214,142.0
64215,143.2
64216,142.4
64217,143.7
64218,145.1
64219,141.6
64220,141.1
64221,144.2
64222,143.0
64223,141.0
64224,141.4
64225,144.1
64226,143.3
64227,140.5
64228,140.0
64229,140.4
64230,141.5
64231,142.5
64232,144.1
64233,142.1
64234,142.1
64235,141.3
64236,141.6
64237,140.0
64238,138.8
64239,140.4
64240,140.7
64241,139.7
64242,141.9
64243,144.8
64244,144.0
64245,142.9
64246,142.6
64247,142.3
64248,142.2
64249,144.3
64250,146.2
64251,143.3
64252,141.6
64253,141.6
64254,140.7
64255,141.0
64256,142.6
64257,142.1
64258,139.2
64259,139.8
64260,142.3
64261,144.1
64262,142.9
64263,143.2
64264,142.7
64265,142.0
64266,143.7
64267,141.6
64268,140.1
64269,141.5
64270,142.0
64271,142.9
64272,146.1
64273,148.8
64274,143.7
64275,139.2
64276,142.7
64277,143.1
64278,142.0
64279,144.2
64280,145.5
64281,145.6
64282,145.8
64283,144.7
64284,145.1
64285,147.9
64286,146.9
64287,144.8
64288,145.6
64289,143.0
64290,143.6
64291,147.0
64292,147.2
64293,147.8
64294,146.4
64295,146.1
64296,144.6
64297,144.7
64298,147.1
64299,146.9
64300,147.7
64301,146.2
64302,143.6
64303,146.9
64304,147.7
64305,149.8
64306,147.9
64307,144.9
64308,146.2
64309,148.9
64310,146.3
64311,146.0
64312,147.6
64313,145.8
64314,146.1
64315,145.6
64316,146.1
64317,147.0
64318,145.3
64319,145.2
64320,146.6
64321,146.1
64322,144.6
64323,144.7
64324,145.9
64325,145.7
64326,143.3
64327,142.2
64328,143.4
64329,144.4
64330,145.1
64331,143.7
64332,144.5
64333,144.7
64334,143.3
64335,144.7
64336,145.2
64337,144.5
64338,145.5
64339,144.2
64340,144.1
64341,144.5
64342,143.8
64343,143.4
64344,143.0
64345,143.4
64346,143.6
64347,142.7
64348,143.9
64349,148.1
64350,145.6
64351,143.4
64352,143.4
64353,142.7
64354,145.7
64355,146.3
64356,143.7
64357,142.6
64358,144.8
64359,145.0
64360,144.3
64361,144.8
64362,141.9
64363,142.5
64364,145.1
64365,143.0
64366,142.6
64367,142.2
64368,141.4
64369,142.1
64370,143.0
64371,143.3
64372,138.6
64373,142.4
64374,145.8
64375,142.6
64376,140.1
64377,143.3
64378,144.0
64379,142.8
64380,143.0
64381,141.5
64382,143.1
64383,147.8
64384,148.8
64385,145.9
64386,144.7
64387,145.2
64388,146.2
64389,146.6
64390,145.5
64391,146.5
64392,146.0
64393,143.7
64394,145.1
64395,145.8
64396,146.2
64397,147.2
64398,145.7
64399,144.6
64400,144.3
64401,143.1
64402,144.6
64403,144.1
64404,142.8
64405,144.2
64406,144.8
64407,144.7
64408,145.0
64409,142.1
64410,142.1
64411,144.2
64412,144.6
64413,145.7
64414,143.8
64415,143.0
64416,143.0
64417,144.1
64418,144.9
64419,144.8
64420,144.9
64421,144.2
64422,144.4
64423,144.0
64424,144.2
64425,145.5
64426,145.1
64427,143.9
64428,143.8
64429,144.1
64430,143.6
64431,146.4
64432,146.6
64433,145.4
64434,147.5
64435,143.9
64436,141.8
64437,143.5
64438,144.1
64439,145.4
64440,146.3
64441,145.5
64442,148.2
64443,147.3
64444,143.6
64445,143.2
64446,142.9
64447,142.9
64448,145.5
64449,145.9
64450,145.4
64451,145.7
64452,144.3
64453,146.7
64454,150.1
64455,148.7
64456,145.6
64457,144.3
64458,142.1
64459,143.6
64460,146.6
64461,146.1
64462,144.5
64463,143.3
64464,143.7
64465,144.8
64466,147.0
64467,146.6
64468,144.3
64469,143.0
64470,142.8
64471,144.2
64472,141.3
64473,140.3
64474,142.5
64475,142.5
64476,143.2
64477,144.7
64478,144.5
64479,143.2
64480,143.7
64481,144.3
64482,143.5
64483,143.3
64484,141.0
64485,139.4
64486,140.4
64487,143.1
64488,144.2
64489,143.6
64490,143.1
64491,143.9
64492,144.1
64493,142.0
64494,143.2
64495,144.2
64496,142.8
64497,143.5
64498,144.5
64499,141.1
64500,140.4
64501,142.6
64502,144.7
64503,144.2
64504,141.9
64505,142.1
64506,141.2
64507,141.2
64508,141.9
64509,145.8
64510,145.8
64511,142.9
64512,142.4
64513,140.1
64514,140.7
64515,144.1
64516,144.8
64517,142.6
64518,141.1
64519,142.2
64520,143.3
64521,144.3
64522,146.1
64523,144.6
64524,142.6
64525,142.2
64526,141.1
64527,141.4
64528,142.0
64529,142.1
64530,144.9
64531,145.0
64532,144.1
64533,142.6
64534,142.8
64535,146.1
64536,145.6
64537,144.9
64538,143.5
64539,144.0
64540,143.8
64541,141.5
64542,141.7
64543,141.8
64544,141.2
64545,147.3
64546,145.6
64547,141.5
64548,140.9
64549,141.9
64550,141.9
64551,143.9
64552,142.8
64553,140.4
64554,142.2
64555,144.7
64556,143.5
64557,140.8
64558,141.1
64559,142.6
64560,143.6
64561,142.9
64562,140.1
64563,140.8
64564,141.8
64565,141.3
64566,140.5
64567,139.8
64568,143.2
64569,144.4
64570,142.1
64571,141.0
64572,139.9
64573,138.6
64574,138.2
64575,139.2
64576,140.0
64577,140.9
64578,142.3
64579,140.7
64580,140.4
64581,139.7
64582,138.1
64583,139.6
64584,141.1
64585,142.9
64586,144.8
64587,140.5
64588,141.4
64589,144.0
64590,143.3
64591,143.2
64592,142.0
64593,140.4
64594,141.2
64595,141.4
64596,140.7
64597,142.4
64598,143.3
64599,143.2
64600,142.1
64601,140.9
64602,140.7
64603,141.3
64604,141.1
64605,142.4
64606,143.5
64607,143.0
64608,143.6
64609,143.8
64610,142.7
64611,139.8
64612,138.6
64613,139.3
64614,141.1
64615,140.1
64616,141.7
64617,142.6
64618,141.8
64619,142.4
64620,141.4
64621,141.2
64622,140.4
64623,140.9
64624,141.8
64625,141.3
64626,141.5
64627,142.4
64628,144.2
64629,143.9
64630,141.4
64631,141.0
64632,141.3
64633,139.6
64634,139.1
64635,140.4
64636,140.3
64637,141.4
64638,142.6
64639,142.4
64640,142.4
64641,141.6
64642,141.6
64643,142.3
64644,140.7
64645,141.3
64646,143.1
64647,142.3
64648,141.4
64649,139.1
64650,138.2
64651,141.9
64652,141.3
64653,139.4
64654,141.8
64655,142.9
64656,141.8
64657,143.0
64658,145.1
64659,142.6
64660,140.2
64661,141.2
64662,141.7
64663,141.4
64664,139.1
64665,138.5
64666,142.9
64667,143.6
64668,138.8
64669,140.3
64670,142.1
64671,140.0
64672,140.6
64673,141.1
64674,140.9
64675,140.4
64676,140.4
64677,141.7
64678,142.1
64679,141.1
64680,140.1
64681,139.7
64682,144.8
64683,141.6
64684,138.1
64685,139.1
64686,142.6
64687,142.2
64688,141.3
64689,141.9
64690,141.1
64691,142.6
64692,143.7
64693,144.0
64694,143.0
64695,141.6
64696,142.6
64697,142.4
64698,143.6
64699,144.0
64700,142.8
64701,141.9
64702,141.9
64703,143.4
64704,142.6
64705,142.2
64706,141.0
64707,142.1
64708,145.7
64709,144.4
64710,142.4
64711,141.3
64712,141.3
64713,145.1
64714,144.5
64715,143.3
64716,145.4
64717,140.5
64718,142.7
64719,143.4
64720,141.4
64721,142.7
64722,143.5
64723,142.8
64724,142.8
64725,141.1
64726,140.5
64727,141.6
64728,143.0
64729,143.8
64730,142.3
64731,141.9
64732,142.8
64733,144.0
64734,143.3
64735,140.7
64736,140.9
64737,142.5
64738,140.6
64739,142.2
64740,144.1
64741,143.5
64742,143.5
64743,144.1
64744,144.3
64745,140.1
64746,139.6
64747,142.4
64748,143.2
64749,142.1
64750,141.0
64751,141.8
64752,142.7
64753,142.2
64754,141.9
64755,143.4
64756,142.0
64757,140.9
64758,141.3
64759,141.2
64760,141.2
64761,141.9
64762,141.5
64763,140.0
64764,141.2
64765,143.0
64766,143.0
64767,142.7
64768,143.2
64769,143.2
64770,142.5
64771,143.1
64772,142.4
64773,144.0
64774,143.8
64775,143.9
64776,141.7
64777,139.3
64778,144.5
64779,142.9
64780,140.1
64781,141.1
64782,139.5
64783,140.3
64784,142.8
64785,142.0
64786,142.0
64787,139.9
64788,138.4
64789,137.9
64790,139.8
64791,143.0
64792,141.3
64793,139.9
64794,143.5
64795,144.9
64796,142.9
64797,140.1
64798,140.4
64799,141.6
64800,142.7
64801,141.0
64802,139.4
64803,140.8
64804,140.7
64805,140.5
64806,140.5
64807,141.7
64808,142.5
64809,142.9
64810,141.2
64811,139.7
64812,141.1
64813,142.2
64814,141.5
64815,141.7
64816,140.7
64817,138.4
64818,140.2
64819,139.0
64820,136.7
64821,139.6
64822,143.3
64823,143.5
64824,142.9
64825,142.6
64826,138.9
64827,141.2
64828,143.4
64829,142.2
64830,140.6
64831,140.5
64832,139.5
64833,140.7
64834,143.0
64835,141.9
64836,141.7
64837,141.6
64838,139.8
64839,139.0
64840,140.2
64841,140.8
64842,142.8
64843,144.4
64844,143.6
64845,141.9
64846,141.7
64847,142.6
64848,141.5
64849,140.1
64850,140.7
64851,141.5
64852,142.4
64853,142.5
64854,140.5
64855,139.9
64856,139.1
64857,138.5
64858,140.2
64859,140.8
64860,140.1
64861,138.4
