NETCARE2015/data/raw/Flight8/CPC3772_POLAR6_20150420_r2_L1_NETCARE.ict
35,1001
Abbatt,Jon
University of Toronto
Polar 6
NETCARE
1,1
2015,4,20,2017,8,16
1
time,seconds,seconds from start in UTC
1
1
-99999
conc,number of particles per cm3
0
20
PI_CONTACT_INFO: 80 St. George Street; Toronto; ON M5S 3H6 CANADA; email: jabbatt@chem.utoronto.ca
PLATFORM: Polar 6 aircraft
LOCATION: Canadian Arctic near Inuvik
ASSOCIATED_DATA: none
INSTRUMENT_INFO: Condensation Particle Counter Model 3772 is an instrument that detects airborne particles down to 10 nm at an aerosol flow rate of 1.0 L/min, over a concentration range from 0 to 10^4 particles/cm^3 
DATA_INFO: all relevant information is given above
UNCERTAINTY:  ±10% of measured value
ULOD_FLAG: -7777
ULOD_VALUE: N/As
LLOD_FLAG: -8888
LLOD_VALUE: N/A
DM_CONTACT_INFO: Data collected by Julia Burkart. Please direct all correspondence to Jon Abbatt: jabbatt@chem.utoronto.ca
PROJECT_INFO: Polar 6 NETCARE Spring 2015 campaign
STIPULATIONS_ON_USE: N/A
OTHER_COMMENTS: N/A
REVISION: R2, R1, R0
R2: zero and filter measurements are removed
R1: uncorrected raw data
R0: raw data
time,conc
[from data line 12447]
69436,737
69437,743
69438,745
69439,742
69440,749
69441,750
69442,782
69443,787
69444,785
69445,800
69446,813
69447,813
69448,805
69449,810
69450,804
69451,834
69452,822
69453,833
69454,819
69455,820
69456,831
69457,839
69458,853
69459,858
69460,844
69461,863
69462,852
69463,863
69464,880
69465,877
69466,898
69467,909
69468,900
69469,924
69470,944
69471,942
69472,938
69473,946
69474,952
69475,945
69476,941
69477,941
69478,958
69479,942
69480,940
69481,950
69482,945
69483,937
69484,942
69485,930
69486,925
69487,917
69488,910
69489,921
69490,922
69491,921
69492,910
69493,898
69494,915
69495,913
69496,907
69497,922
69498,941
69499,927
69500,929
69501,951
69502,945
69503,942
69504,938
69505,943
69506,955
69507,960
69508,944
69509,953
69510,948
69511,955
69512,972
69513,983
69514,969
69515,983
69516,977
69517,988
69518,982
69519,979
69520,972
69521,968
69522,967
69523,974
69524,977
69525,976
69526,978
69527,962
69528,961
69529,940
69530,929
69531,915
69532,901
69533,885
69534,878
69535,864
69536,875
69537,865
69538,890
69539,875
69540,899
69541,883
69542,889
69543,884
69544,896
69545,891
69546,890
69547,882
69548,883
69549,887
69550,892
69551,891
69552,885
69553,880
69554,887
69555,879
69556,873
69557,869
69558,855
69559,866
69560,878
69561,881
69562,884
69563,861
69564,850
69565,815
69566,805
69567,797
69568,789
69569,777
69570,756
69571,755
69572,743
69573,740
69574,740
69575,725
69576,724
69577,743
69578,732
69579,725
69580,727
69581,731
69582,734
69583,747
69584,728
69585,742
69586,730
69587,747
69588,737
69589,753
69590,736
69591,739
69592,732
69593,728
69594,737
69595,719
69596,724
69597,722
69598,742
69599,747
69600,765
69601,768
69602,775
69603,774
69604,776
69605,794
69606,784
69607,775
69608,798
69609,780
69610,782
69611,783
69612,772
69613,769
69614,805
69615,828
69616,873
69617,1.215
69618,1.173
69619,1.129
69620,1.236
69621,1.193
69622,931
69623,830
69624,816
69625,856
69626,915
69627,872
69628,868
69629,862
69630,917
69631,921
69632,906
69633,896
69634,885
69635,954
69636,904
69637,1.047
69638,1.097
69639,1.053
69640,1.008
69641,1.014
69642,1.029
69643,988
69644,1.018
69645,974
69646,953
69647,916
69648,932
69649,947
69650,979
69651,951
69652,913
69653,933
69654,976
69655,986
69656,960
69657,959
69658,981
69659,997
69660,991
69661,962
69662,944
69663,917
69664,898
69665,899
69666,883
69667,890
69668,890
69669,884
69670,873
69671,916
69672,907
69673,908
69674,891
69675,851
69676,841
69677,841
69678,818
69679,835
69680,837
69681,858
69682,864
69683,870
69684,905
69685,905
69686,896
69687,858
69688,834
69689,815
69690,828
69691,831
69692,846
69693,826
69694,807
69695,817
69696,793
69697,743
69698,746
69699,769
69700,764
69701,774
69702,774
69703,769
69704,780
69705,786
69706,791
69707,789
69708,793
69709,809
69710,801
69711,821
69712,839
69713,839
69714,817
69715,820
69716,843
69717,854
69718,873
69719,884
69720,854
69721,858
69722,826
69723,815
69724,802
69725,821
69726,844
69727,839
69728,852
69729,847
69730,852
69731,829
69732,855
69733,856
69734,861
69735,841
69736,808
69737,821
69738,832
69739,829
69740,813
69741,815
69742,816
69743,806
69744,803
69745,787
69746,793
69747,780
69748,769
69749,771
69750,788
69751,776
69752,791
69753,804
69754,811
69755,808
69756,797
69757,807
69758,815
69759,832
69760,822
69761,819
69762,841
69763,858
69764,862
69765,852
69766,855
69767,871
69768,857
69769,849
69770,844
69771,867
69772,853
69773,847
69774,897
69775,895
69776,922
69777,938
69778,953
69779,979
69780,969
69781,967
69782,972
69783,982
69784,986
69785,982
69786,962
69787,965
69788,953
69789,985
69790,979
69791,985
69792,980
69793,968
69794,970
69795,978
69796,969
69797,967
69798,957
69799,970
69800,963
69801,956
69802,969
69803,980
69804,985
69805,971
69806,969
69807,973
69808,972
69809,981
69810,983
69811,986
69812,980
69813,990
69814,965
69815,993
69816,989
69817,980
69818,972
69819,984
69820,985
69821,979
69822,966
69823,961
69824,971
69825,978
69826,988
69827,975
69828,986
69829,989
69830,976
69831,996
69832,994
69833,987
69834,974
69835,992
69836,990
69837,1.009
69838,1.011
69839,982
69840,975
69841,1.004
69842,998
69843,1.008
69844,1.008
69845,1.009
69846,1.021
69847,1.029
69848,1.012
69849,1.041
69850,1.039
69851,1.028
69852,1.023
69853,1.035
69854,1.013
69855,1.029
69856,1.032
69857,1.020
69858,1.040
69859,1.032
69860,1.041
69861,1.032
69862,1.035
69863,1.027
69864,1.035
69865,1.027
69866,1.029
69867,1.039
69868,1.047
69869,1.038
69870,1.040
69871,1.034
69872,1.018
69873,1.040
69874,1.032
69875,1.029
69876,1.022
69877,1.014
69878,1.043
69879,1.024
69880,1.043
69881,1.032
69882,1.029
69883,1.033
69884,1.018
69885,1.031
69886,1.032
69887,1.032
69888,1.046
69889,1.032
69890,1.036
69891,1.048
69892,1.052
69893,1.055
69894,1.050
69895,1.069
69896,1.092
69897,1.078
69898,1.078
69899,1.085
69900,1.075
69901,1.072
69902,1.080
69903,1.078
69904,1.076
69905,1.069
69906,1.085
69907,1.075
69908,1.080
69909,1.075
69910,1.053
69911,1.041
69912,1.045
69913,1.029
69914,1.041
69915,1.030
69916,1.034
69917,1.036
69918,1.055
69919,1.043
69920,1.031
69921,1.063
69922,1.042
69923,1.051
69924,1.057
69925,1.058
69926,1.039
69927,1.061
69928,1.059
69929,1.040
69930,1.047
69931,1.044
69932,1.047
69933,1.018
69934,1.069
69935,1.089
69936,1.115
69937,1.069
69938,1.068
69939,1.062
69940,1.065
69941,1.068
69942,1.070
69943,1.052
69944,1.016
69945,1.010
69946,1.030
69947,1.035
69948,1.009
69949,971
69950,931
69951,932
69952,956
69953,959
69954,975
69955,971
69956,997
69957,984
69958,987
69959,980
69960,1.002
69961,979
69962,989
69963,1.021
69964,1.023
69965,1.050
69966,1.065
69967,1.121
69968,1.129
69969,1.131
69970,1.131
69971,1.145
69972,1.128
69973,1.119
69974,1.103
69975,1.092
69976,1.074
69977,1.082
69978,1.074
69979,1.059
69980,1.053
69981,1.051
69982,1.051
69983,1.031
69984,1.044
69985,1.040
69986,1.045
69987,1.042
69988,1.070
69989,1.080
69990,1.094
69991,1.088
69992,1.113
69993,1.098
69994,1.112
69995,1.101
69996,1.119
69997,1.127
69998,1.138
69999,1.122
70000,1.117
70001,1.136
70002,1.130
70003,1.145
70004,1.142
70005,1.161
70006,1.140
70007,1.149
70008,1.147
70009,1.168
70010,1.166
70011,1.173
70012,1.165
70013,1.169
70014,1.160
70015,1.181
70016,1.200
70017,1.220
70018,1.241
70019,1.252
70020,1.266
70021,1.272
70022,1.290
70023,1.290
70024,1.287
70025,1.285
70026,1.287
70027,1.288
70028,1.281
70029,1.288
70030,1.294
70031,1.297
70032,1.299
70033,1.292
70034,1.293
70035,1.307
70036,1.305
70037,1.297
70038,1.320
70039,1.296
70040,1.296
70041,1.298
70042,1.284
70043,1.284
70044,1.299
70045,1.289
70046,1.306
70047,1.300
70048,1.307
70049,1.308
70050,1.325
70051,1.300
70052,1.325
70053,1.294
70054,1.309
70055,1.327
70056,1.299
70057,1.299
70058,1.284
70059,1.285
70060,1.286
70061,1.294
70062,1.294
70063,1.293
70064,1.293
70065,1.298
70066,1.279
70067,1.285
70068,1.301
70069,1.310
70070,1.296
70071,1.318
70072,1.289
70073,1.323
70074,1.290
70075,1.311
70076,1.312
70077,1.308
70078,1.292
70079,1.305
70080,1.294
70081,1.272
70082,1.289
70083,1.275
70084,1.295
70085,1.317
70086,1.288
70087,1.285
70088,1.291
70089,1.262
70090,1.276
70091,1.274
70092,1.260
70093,1.253
70094,1.261
70095,1.247
70096,1.253
70097,1.254
70098,1.241
70099,1.266
70100,1.252
70101,1.265
70102,1.271
70103,1.282
70104,1.260
70105,1.251
70106,1.279
70107,1.287
70108,1.303
70109,1.335
70110,1.321
70111,1.321
70112,1.325
70113,1.304
70114,1.303
70115,1.314
70116,1.312
70117,1.290
70118,1.289
70119,1.274
70120,1.270
70121,1.257
70122,1.264
70123,1.263
70124,1.292
70125,1.294
70126,1.299
70127,1.284
70128,1.310
70129,1.321
70130,1.317
70131,1.316
70132,1.317
70133,1.328
70134,1.338
70135,1.316
70136,1.331
70137,1.325
70138,1.320
70139,1.300
70140,1.322
70141,1.314
70142,1.318
70143,1.329
70144,1.312
70145,1.304
70146,1.303
70147,1.318
70148,1.332
70149,1.319
70150,1.318
70151,1.340
70152,1.324
70153,1.336
70154,1.294
70155,1.323
70156,1.324
70157,1.325
70158,1.340
70159,1.341
70160,1.343
70161,1.350
70162,1.334
70163,1.378
70164,1.396
70165,1.392
70166,1.371
70167,1.371
70168,1.391
70169,1.417
70170,1.380
70171,1.392
70172,1.383
70173,1.416
70174,1.401
70175,1.395
70176,1.398
70177,1.401
70178,1.393
70179,1.401
70180,1.413
70181,1.395
70182,1.399
70183,1.400
70184,1.396
70185,1.413
70186,1.409
70187,1.409
70188,1.395
70189,1.392
70190,1.428
70191,1.400
70192,1.454
70193,1.477
70194,1.519
70195,1.504
70196,1.505
70197,1.493
70198,1.538
70199,1.549
70200,1.563
70201,1.557
70202,1.560
70203,1.565
70204,1.558
70205,1.561
70206,1.568
70207,1.562
70208,1.558
70209,1.563
70210,1.568
70211,1.561
70212,1.564
70213,1.574
70214,1.561
70215,1.569
70216,1.563
70217,1.553
70218,1.561
70219,1.558
70220,1.573
70221,1.550
70222,1.556
70223,1.562
70224,1.559
70225,1.587
70226,1.576
70227,1.588
70228,1.606
70229,1.593
70230,1.590
70231,1.622
70232,1.628
70233,1.641
70234,1.627
70235,1.669
70236,1.644
70237,1.630
70238,1.669
70239,1.690
70240,1.724
70241,1.732
70242,1.735
70243,1.733
70244,1.745
70245,1.749
70246,1.745
70247,1.716
70248,1.681
70249,1.655
70250,1.630
70251,1.593
70252,1.556
70253,1.549
70254,1.547
70255,1.548
70256,1.573
70257,1.626
70258,1.625
70259,1.572
70260,1.569
70261,1.620
70262,1.708
70263,1.701
70264,1.704
70265,1.671
70266,1.682
70267,1.667
70268,1.666
70269,1.710
70270,1.688
70271,1.679
70272,1.661
70273,1.634
70274,1.615
70275,1.587
70276,1.593
70277,1.619
70278,1.657
70279,1.614
70280,1.597
70281,1.611
70282,1.641
70283,1.598
70284,1.597
70285,1.598
70286,1.598
70287,1.611
70288,1.595
70289,1.576
70290,1.576
70291,1.568
70292,1.587
70293,1.564
70294,1.583
70295,1.581
70296,1.572
70297,1.585
70298,1.624
70299,1.635
70300,1.666
70301,1.667
70302,1.676
70303,1.705
70304,1.703
70305,1.665
70306,1.690
70307,1.686
70308,1.671
70309,1.681
70310,1.706
70311,1.683
70312,1.698
70313,1.666
70314,1.686
70315,1.686
70316,1.675
70317,1.705
70318,1.720
70319,1.734
70320,1.723
70321,1.712
70322,1.727
70323,1.698
70324,1.685
70325,1.693
70326,1.680
70327,1.662
70328,1.654
70329,1.627
70330,1.659
70331,1.655
70332,1.658
70333,1.643
70334,1.629
70335,1.650
70336,1.630
70337,1.608
70338,1.615
70339,1.615
70340,1.595
70341,1.620
70342,1.610
70343,1.600
70344,1.598
70345,1.605
70346,1.611
70347,1.622
70348,1.649
70349,1.651
70350,1.657
70351,1.628
70352,1.655
70353,1.649
70354,1.661
70355,1.650
70356,1.637
70357,1.631
70358,1.622
70359,1.641
70360,1.652
70361,1.634
70362,1.634
70363,1.651
70364,1.653
70365,1.630
70366,1.649
70367,1.609
70368,1.639
70369,1.639
70370,1.637
70371,1.642
70372,1.632
70373,1.643
70374,1.651
70375,1.621
70376,1.628
70377,1.638
70378,1.623
70379,1.596
70380,1.577
70381,1.570
70382,1.546
70383,1.558
70384,1.539
70385,1.509
70386,1.528
70387,1.546
70388,1.516
70389,1.516
70390,1.505
70391,1.503
70392,1.515
70393,1.502
70394,1.491
70395,1.484
70396,1.490
70397,1.492
70398,1.473
70399,1.478
70400,1.485
70401,1.482
70402,1.489
70403,1.465
70404,1.460
70405,1.476
70406,1.476
70407,1.436
70408,1.453
70409,1.481
70410,1.456
70411,1.458
70412,1.469
70413,1.469
70414,1.444
70415,1.447
70416,1.443
70417,1.431
70418,1.416
70419,1.418
70420,1.416
70421,1.408
70422,1.388
70423,1.367
70424,1.338
70425,1.339
70426,1.349
70427,1.362
70428,1.336
70429,1.346
70430,1.335
70431,1.367
70432,1.349
70433,1.327
70434,1.320
70435,1.328
70436,1.332
70437,1.341
70438,1.309
70439,1.303
70440,1.308
70441,1.306
70442,1.303
70443,1.307
70444,1.304
70445,1.284
70446,1.291
70447,1.259
70448,1.248
70449,1.242
70450,1.229
70451,1.223
70452,1.204
70453,1.171
70454,1.104
70455,1.096
70456,1.114
70457,1.120
70458,1.214
70459,1.237
70460,1.184
70461,1.134
70462,1.187
70463,1.148
70464,1.097
70465,1.077
70466,1.062
70467,1.055
70468,1.074
70469,1.053
70470,1.045
70471,1.050
70472,1.043
70473,1.049
70474,1.041
70475,1.044
70476,1.042
70477,1.039
70478,1.054
70479,1.061
70480,1.064
70481,1.068
70482,1.068
70483,1.065
70484,1.064
70485,1.049
70486,1.050
70487,1.032
70488,1.028
70489,1.042
70490,1.016
70491,1.025
70492,1.052
70493,1.017
70494,1.019
70495,994
70496,943
70497,925
70498,926
70499,916
70500,881
70501,855
70502,852
70503,842
70504,828
70505,822
70506,798
70507,814
70508,807
70509,830
70510,832
70511,818
70512,801
70513,788
70514,766
70515,762
70516,743
70517,727
70518,746
70519,737
70520,735
70521,739
70522,722
70523,728
70524,730
70525,736
70526,734
70527,723
70528,722
70529,708
70530,696
70531,701
70532,704
70533,698
70534,702
70535,711
70536,705
70537,707
70538,683
70539,691
70540,684
70541,696
70542,689
70543,694
70544,694
70545,700
70546,694
70547,692
70548,686
70549,686
70550,695
70551,682
70552,676
70553,687
70554,682
70555,681
70556,681
70557,686
70558,681
70559,674
70560,689
70561,676
70562,685
70563,678
70564,691
70565,686
70566,701
70567,668
70568,671
70569,669
70570,662
70571,653
70572,666
70573,652
70574,660
70575,654
70576,655
70577,657
70578,653
70579,654
70580,660
70581,642
70582,628
70583,619
70584,626
70585,626
70586,619
70587,610
70588,610
70589,605
70590,623
70591,619
70592,602
70593,611
70594,590
70595,595
70596,581
70597,593
70598,600
70599,607
70600,611
70601,613
70602,619
70603,609
70604,612
70605,598
70606,607
70607,602
70608,604
70609,605
70610,598
70611,597
70612,602
70613,583
70614,588
70615,603
70616,591
70617,596
70618,607
70619,584
70620,585
70621,584
70622,587
70623,593
70624,570
70625,576
70626,573
70627,574
70628,556
70629,560
70630,573
70631,570
70632,567
70633,572
70634,562
70635,542
70636,527
70637,524
70638,520
70639,508
70640,507
70641,501
70642,522
70643,509
70644,504
70645,504
70646,490
70647,499
70648,507
70649,514
70650,493
70651,493
70652,483
70653,490
70654,501
70655,489
70656,467
70657,464
70658,479
70659,479
70660,487
70661,467
70662,475
70663,470
70664,476
70665,469
70666,459
70667,452
70668,465
70669,455
70670,453
70671,470
70672,466
70673,457
70674,452
70675,462
70676,473
70677,456
70678,452
70679,446
70680,458
70681,450
70682,452
70683,443
70684,436
70685,431
70686,409
70687,412
70688,419
70689,430
70690,451
70691,450
70692,434
70693,417
70694,423
70695,428
70696,431
70697,425
70698,434
70699,449
70700,431
70701,415
70702,415
70703,418
70704,421
70705,417
70706,418
70707,407
70708,407
70709,390
70710,399
70711,418
70712,401
70713,410
70714,399
70715,394
70716,393
70717,386
70718,386
70719,394
70720,386
70721,388
70722,391
70723,387
70724,380
70725,381
70726,379
70727,393
70728,389
70729,389
70730,392
70731,385
70732,400
70733,392
70734,381
70735,387
70736,387
70737,404
70738,400
70739,397
70740,398
70741,400
70742,387
70743,389
70744,382
70745,387
70746,390
70747,393
70748,396
70749,397
70750,392
70751,396
70752,392
70753,392
70754,390
70755,388
70756,391
70757,388
70758,393
70759,388
70760,400
70761,395
70762,385
70763,380
70764,387
70765,380
70766,382
70767,379
70768,383
70769,387
70770,389
70771,384
70772,375
70773,393
70774,389
70775,386
70776,393
70777,397
70778,401
70779,406
70780,403
70781,402
70782,404
70783,401
70784,398
70785,397
70786,400
70787,406
70788,404
70789,396
70790,406
70791,399
70792,406
70793,401
70794,404
70795,400
70796,400
70797,398
70798,413
70799,406
70800,404
70801,405
70802,403
70803,405
70804,411
70805,409
70806,404
70807,400
70808,395
70809,405
70810,413
70811,398
70812,397
70813,404
70814,414
70815,404
70816,411
70817,409
70818,419
70819,418
70820,429
70821,427
70822,415
70823,421
70824,408
70825,410
70826,419
70827,405
70828,411
70829,417
70830,416
70831,416
70832,405
70833,413
70834,402
70835,411
70836,408
70837,414
70838,403
70839,408
70840,406
70841,407
70842,411
70843,402
70844,407
70845,415
70846,408
70847,409
70848,402
70849,410
70850,409
70851,413
70852,413
70853,420
70854,411
70855,408
70856,411
70857,413
70858,407
70859,415
70860,415
70861,416
70862,424
70863,412
70864,427
70865,417
70866,415
70867,419
70868,427
70869,421
70870,423
70871,421
70872,424
70873,425
70874,420
70875,418
70876,422
70877,438
70878,426
70879,417
70880,419
70881,428
70882,425
70883,419
70884,437
70885,438
70886,430
70887,431
70888,429
70889,430
70890,422
70891,424
70892,423
70893,423
70894,430
70895,423
70896,431
70897,422
70898,421
70899,418
70900,423
70901,424
70902,425
70903,417
70904,430
