NETCARE2015/data/raw/Flight8/CPC3776_POLAR6_20150420_r2_L1_NETCARE.ict
35,1001
Abbatt,Jon
University of Toronto
Polar 6
NETCARE
1,1
2015,4,20,2017,8,16
1
time,seconds,seconds from start in UTC
1
1
-99999
conc,number of particles per cm3
0
20
PI_CONTACT_INFO: 80 St. George Street; Toronto; ON M5S 3H6 CANADA; email: jabbatt@chem.utoronto.ca
PLATFORM: Polar 6 aircraft
LOCATION: Canadian Arctic near Inuvik
ASSOCIATED_DATA: none
INSTRUMENT_INFO: The Ultrafine Condensation Particle Counter 3776 is a continuous-flow instrument that detects particles down to 2.5 nm. It operates at an aerosol flow rate of 50 cm^3/min and detects concentrations from 0 to 300 000 particles/cm^3 with coincidence correction.
DATA_INFO: all relevant information is given above
UNCERTAINTY:  ±10% of measured value
ULOD_FLAG: -7777
ULOD_VALUE: N/As
LLOD_FLAG: -8888
LLOD_VALUE: N/A
DM_CONTACT_INFO: Data collected by Julia Burkart. Please direct all correspondence to Jon Abbatt: jabbatt@chem.utoronto.ca
PROJECT_INFO: Polar 6 NETCARE Spring 2015 campaign
STIPULATIONS_ON_USE: N/A
OTHER_COMMENTS: N/A
REVISION: R2, R1, R0
R2: zero and filter measurements are removed
R1: uncorrected raw data
R0: raw data
time,conc
[from data line 4595]
61584,652
61585,629
61586,696
61587,663
61588,653
61589,666
61590,702
61591,638
61592,618
61593,642
61594,663
61595,738
61596,667
61597,819
61598,866
61599,748
61600,754
61601,749
61602,751
61603,682
61604,695
61605,707
61606,735
61607,700
61608,742
61609,750
61610,749
61611,759
61612,708
61613,752
61614,719
61615,732
61616,652
61617,710
61618,700
61619,671
61620,795
61621,721
61622,674
61623,650
61624,762
61625,722
61626,647
61627,649
61628,750
61629,677
61630,652
61631,643
61632,620
61633,863
61634,664
61635,650
61636,660
61637,724
61638,683
61639,659
61640,667
61641,876
61642,868
61643,724
61644,706
61645,628
61646,653
61647,686
61648,668
61649,668
61650,663
61651,655
61652,836
61653,804
61654,632
61655,673
61656,671
61657,663
61658,841
61659,914
61660,927
61661,914
61662,726
61663,653
61664,712
61665,766
61666,863
61667,816
61668,775
61669,790
61670,814
61671,876
61672,893
61673,842
61674,812
61675,843
61676,893
61677,673
61678,742
61679,794
61680,820
61681,778
61682,743
61683,783
61684,886
61685,886
61686,921
61687,759
61688,693
61689,684
61690,700
61691,802
61692,723
61693,658
61694,658
61695,641
61696,657
61697,703
61698,931
61699,850
61700,752
61701,654
61702,688
61703,735
61704,781
61705,712
61706,686
61707,682
61708,657
61709,709
61710,706
61711,729
61712,746
61713,862
61714,948
61715,1.013
61716,730
61717,681
61718,683
61719,682
61720,634
61721,579
61722,642
61723,712
61724,698
61725,739
61726,912
61727,638
61728,653
61729,669
61730,665
61731,693
61732,763
61733,770
61734,693
61735,695
61736,670
61737,659
61738,679
61739,-99999
61740,693
61741,595
61742,624
61743,660
61744,683
61745,634
61746,629
61747,624
61748,660
61749,603
61750,604
61751,747
61752,693
61753,662
61754,670
61755,612
61756,601
61757,646
61758,660
61759,669
61760,716
61761,681
61762,694
61763,622
61764,674
61765,622
61766,688
61767,695
61768,623
61769,678
61770,690
61771,651
61772,687
61773,673
61774,706
61775,652
61776,617
61777,580
61778,568
61779,647
61780,613
61781,623
61782,631
61783,588
61784,683
61785,672
61786,727
61787,655
61788,765
61789,763
61790,790
61791,807
61792,738
61793,782
61794,795
61795,804
61796,847
61797,808
61798,859
61799,701
61800,929
61801,667
61802,795
61803,808
61804,991
61805,823
61806,809
61807,908
61808,774
61809,792
61810,865
61811,835
61812,775
61813,793
61814,653
61815,791
61816,727
61817,746
61818,809
61819,647
61820,624
61821,692
61822,612
61823,629
61824,643
61825,659
61826,597
61827,588
61828,591
61829,588
61830,580
61831,616
61832,633
61833,646
61834,637
61835,650
61836,730
61837,731
61838,652
61839,610
61840,637
61841,641
61842,645
61843,566
61844,550
61845,554
61846,617
61847,609
61848,668
61849,691
61850,665
61851,697
61852,637
61853,654
61854,652
61855,667
61856,678
61857,738
61858,666
61859,703
61860,679
61861,705
61862,661
61863,695
61864,733
61865,687
61866,724
61867,608
61868,597
61869,547
61870,571
61871,565
61872,573
61873,617
61874,660
61875,614
61876,708
61877,660
61878,736
61879,680
61880,741
61881,735
61882,651
61883,692
61884,689
61885,665
61886,629
61887,726
61888,619
61889,655
61890,628
61891,741
61892,775
61893,850
61894,755
61895,864
61896,948
61897,790
61898,870
61899,827
61900,865
61901,913
61902,976
61903,708
61904,671
61905,685
61906,608
61907,600
61908,663
61909,669
61910,682
61911,674
61912,626
61913,665
61914,619
61915,659
61916,614
61917,627
61918,699
61919,734
61920,651
61921,625
61922,657
61923,703
61924,676
61925,771
61926,794
61927,828
61928,840
61929,691
61930,617
61931,677
61932,673
61933,685
61934,761
61935,680
61936,604
61937,659
61938,693
61939,637
61940,620
61941,685
61942,690
61943,653
61944,628
61945,664
61946,644
61947,669
61948,646
61949,757
61950,794
61951,729
61952,712
61953,642
61954,627
61955,723
61956,750
61957,686
61958,660
61959,654
61960,643
61961,677
61962,658
61963,657
61964,642
61965,655
61966,628
61967,642
61968,670
61969,603
61970,640
61971,618
61972,621
61973,538
61974,568
61975,608
61976,620
61977,572
61978,647
61979,623
61980,648
61981,638
61982,651
61983,628
61984,690
61985,626
61986,606
61987,650
61988,605
61989,642
61990,576
61991,611
61992,570
61993,657
61994,697
61995,686
61996,674
61997,627
61998,724
61999,646
62000,666
62001,606
62002,636
62003,648
62004,613
62005,621
62006,594
62007,663
62008,623
62009,573
62010,631
62011,585
62012,677
62013,614
62014,609
62015,639
62016,734
62017,650
62018,594
62019,622
62020,617
62021,640
62022,612
62023,653
62024,642
62025,637
62026,682
62027,642
62028,594
62029,643
62030,688
62031,656
62032,645
62033,715
62034,693
62035,664
62036,726
62037,657
62038,714
62039,760
62040,707
62041,686
62042,665
62043,726
62044,707
62045,716
62046,730
62047,749
62048,730
62049,727
62050,712
62051,704
62052,714
62053,711
62054,706
62055,639
62056,668
62057,714
62058,680
62059,668
62060,640
62061,693
62062,726
62063,618
62064,716
62065,728
62066,729
62067,632
62068,659
62069,638
62070,682
62071,703
62072,645
62073,699
62074,672
62075,702
62076,690
62077,637
62078,665
62079,723
62080,669
62081,603
62082,583
62083,677
62084,659
62085,731
62086,680
62087,646
62088,856
62089,695
62090,703
62091,730
62092,627
62093,615
62094,664
62095,637
62096,711
62097,670
62098,685
62099,691
62100,688
62101,631
62102,692
62103,648
62104,679
62105,687
62106,714
62107,681
62108,703
62109,705
62110,630
62111,667
62112,642
62113,707
62114,649
62115,657
62116,684
62117,690
62118,707
62119,684
62120,653
62121,640
62122,651
62123,670
62124,658
62125,677
62126,712
62127,657
62128,695
62129,695
62130,694
62131,657
62132,717
62133,690
62134,713
62135,679
62136,679
62137,692
62138,621
62139,698
62140,690
62141,661
62142,671
62143,719
62144,680
62145,650
62146,648
62147,690
62148,731
62149,722
62150,732
62151,705
62152,687
62153,671
62154,710
62155,655
62156,660
62157,715
62158,694
62159,687
62160,732
62161,728
62162,718
62163,687
62164,695
62165,729
62166,740
62167,729
62168,767
62169,769
62170,755
62171,693
62172,683
62173,766
62174,687
62175,747
62176,726
62177,718
62178,752
62179,718
62180,745
62181,755
62182,741
62183,740
62184,726
62185,740
62186,731
62187,723
62188,699
62189,691
62190,754
62191,734
62192,773
62193,721
62194,749
62195,720
62196,706
62197,713
62198,742
62199,699
62200,724
62201,781
62202,737
62203,711
62204,699
62205,724
62206,756
62207,765
62208,749
62209,724
62210,735
62211,743
62212,836
62213,784
62214,768
62215,783
62216,782
62217,746
62218,764
62219,741
62220,801
62221,764
62222,763
62223,701
62224,769
62225,807
62226,815
62227,763
62228,770
62229,764
62230,785
62231,817
62232,844
62233,768
62234,808
62235,827
62236,712
62237,773
62238,814
62239,761
62240,822
62241,715
62242,775
62243,745
62244,762
62245,763
62246,690
62247,702
62248,865
62249,800
62250,743
62251,848
62252,818
62253,828
62254,820
62255,770
62256,761
62257,793
62258,769
62259,747
62260,767
62261,782
62262,776
62263,855
62264,792
62265,847
62266,793
62267,779
62268,754
62269,827
62270,803
62271,796
62272,798
62273,736
62274,754
62275,826
62276,802
62277,775
62278,799
62279,805
62280,717
62281,677
62282,755
62283,751
62284,732
62285,726
62286,746
62287,688
62288,753
62289,725
62290,773
62291,749
62292,758
62293,796
62294,792
62295,739
62296,741
62297,784
62298,778
62299,790
62300,808
62301,741
62302,728
62303,775
62304,805
62305,795
62306,781
62307,750
62308,834
62309,840
62310,776
62311,784
62312,802
62313,756
62314,776
62315,784
62316,769
62317,779
62318,753
62319,797
62320,775
62321,729
62322,785
62323,751
62324,727
62325,763
62326,835
62327,793
62328,793
62329,726
62330,750
62331,774
62332,724
62333,834
62334,821
62335,757
62336,895
62337,873
62338,839
62339,912
62340,880
62341,775
62342,773
62343,777
62344,768
62345,752
62346,736
62347,776
62348,856
62349,831
62350,834
62351,769
62352,844
62353,694
62354,762
62355,749
62356,686
62357,727
62358,804
62359,710
62360,783
62361,782
62362,786
62363,820
62364,839
62365,880
62366,785
62367,857
62368,844
62369,832
62370,808
62371,809
62372,744
62373,762
62374,793
62375,884
62376,831
62377,822
62378,866
62379,815
62380,790
62381,851
62382,795
62383,806
62384,829
62385,775
62386,758
62387,836
62388,718
62389,801
62390,780
62391,742
62392,839
62393,785
62394,743
62395,782
62396,761
62397,686
62398,754
62399,771
62400,752
62401,821
62402,805
62403,790
62404,775
62405,688
62406,726
62407,722
62408,782
62409,736
62410,743
62411,765
62412,778
62413,762
62414,792
62415,734
62416,797
62417,734
62418,758
62419,772
62420,769
62421,716
62422,748
62423,766
62424,813
62425,732
62426,748
62427,713
62428,703
62429,732
62430,728
62431,664
62432,738
62433,749
62434,760
62435,706
62436,738
62437,724
62438,734
62439,720
62440,742
62441,790
62442,792
62443,777
62444,776
62445,771
62446,798
62447,716
62448,737
62449,755
62450,710
62451,713
62452,710
62453,719
62454,756
62455,729
62456,759
62457,775
62458,816
62459,769
62460,748
62461,777
62462,697
62463,747
62464,717
62465,740
62466,681
62467,758
62468,739
62469,771
62470,760
62471,777
62472,750
62473,717
62474,746
62475,693
62476,733
62477,728
62478,729
62479,761
62480,790
62481,733
62482,717
62483,775
62484,738
62485,699
62486,692
62487,718
62488,751
62489,703
62490,693
62491,689
62492,737
62493,723
62494,759
62495,778
62496,748
62497,772
62498,828
62499,864
62500,743
62501,710
62502,716
62503,750
62504,702
62505,766
62506,761
62507,747
62508,781
62509,798
62510,802
62511,805
62512,829
62513,769
62514,714
62515,744
62516,646
62517,735
62518,729
62519,758
62520,712
62521,728
62522,762
62523,828
62524,774
62525,768
62526,782
62527,728
62528,752
62529,711
62530,719
62531,669
62532,739
62533,690
62534,701
62535,712
62536,698
62537,699
62538,737
62539,702
62540,658
62541,707
62542,711
62543,693
62544,693
62545,721
62546,679
62547,745
62548,779
62549,747
62550,673
62551,774
62552,681
62553,683
62554,733
62555,771
62556,676
62557,758
62558,785
62559,706
62560,706
62561,657
62562,739
62563,670
62564,701
62565,677
62566,696
62567,740
62568,744
62569,698
62570,647
62571,763
62572,686
62573,711
62574,718
62575,695
62576,713
62577,697
62578,668
62579,719
62580,706
62581,707
62582,702
62583,672
62584,692
62585,680
62586,670
62587,654
62588,663
62589,674
62590,717
62591,701
62592,682
62593,687
62594,647
62595,630
62596,677
62597,619
62598,645
62599,660
62600,643
62601,664
62602,735
62603,807
62604,722
62605,752
62606,782
62607,746
62608,673
62609,694
62610,734
62611,680
62612,746
62613,750
62614,732
62615,710
62616,713
62617,706
62618,718
62619,738
62620,729
62621,734
62622,701
62623,745
62624,753
62625,731
62626,738
62627,706
62628,767
62629,777
62630,733
62631,786
62632,707
62633,719
62634,727
62635,756
62636,693
62637,724
62638,716
62639,715
62640,686
62641,727
62642,720
62643,699
62644,699
62645,718
62646,743
62647,700
62648,708
62649,712
62650,758
62651,699
62652,741
62653,728
62654,702
62655,692
62656,759
62657,744
62658,759
62659,740
62660,623
62661,702
62662,749
62663,762
62664,733
62665,764
62666,605
62667,665
62668,694
62669,707
62670,750
62671,792
62672,748
62673,731
62674,855
62675,761
62676,625
62677,748
62678,710
62679,708
62680,636
62681,697
62682,692
62683,678
62684,726
62685,648
62686,723
62687,740
62688,688
62689,717
62690,751
62691,771
62692,724
62693,741
62694,689
62695,721
62696,700
62697,763
62698,757
62699,770
62700,742
62701,767
62702,686
62703,725
62704,723
62705,701
62706,725
62707,742
62708,760
62709,744
62710,705
62711,703
62712,749
62713,750
62714,739
62715,671
62716,721
62717,688
62718,765
62719,699
62720,726
62721,742
62722,706
62723,714
62724,723
62725,745
62726,719
62727,707
62728,696
62729,748
62730,733
62731,722
62732,687
62733,712
62734,722
62735,701
62736,744
62737,732
62738,776
62739,798
62740,749
62741,729
62742,727
62743,800
62744,713
62745,758
62746,741
62747,707
62748,783
62749,757
62750,722
62751,744
62752,784
62753,733
62754,793
62755,746
62756,749
62757,763
62758,787
62759,737
62760,700
62761,768
62762,788
62763,750
62764,744
62765,783
62766,709
62767,710
62768,776
62769,747
62770,722
62771,784
62772,732
62773,810
62774,758
62775,815
62776,739
62777,678
62778,654
62779,784
62780,804
62781,808
62782,794
62783,872
62784,779
62785,769
62786,845
62787,815
62788,739
62789,714
62790,786
62791,741
62792,715
62793,805
62794,843
62795,836
62796,826
62797,744
62798,829
62799,780
62800,776
62801,767
62802,788
62803,813
62804,797
62805,806
62806,731
62807,750
62808,812
62809,767
62810,773
62811,787
62812,825
62813,769
62814,748
62815,820
62816,816
62817,768
62818,810
62819,838
62820,730
62821,843
62822,831
62823,814
62824,829
62825,791
62826,816
62827,800
62828,854
62829,887
62830,846
62831,854
62832,881
62833,873
62834,808
62835,920
62836,896
62837,907
62838,919
62839,855
62840,834
62841,904
62842,857
62843,909
62844,909
62845,873
62846,851
62847,800
62848,798
62849,812
62850,796
62851,813
62852,876
62853,778
62854,772
62855,776
62856,835
62857,739
62858,728
62859,738
62860,701
62861,733
62862,836
62863,755
62864,778
62865,810
62866,720
62867,730
62868,775
62869,785
62870,958
62871,826
62872,775
62873,857
62874,771
62875,782
62876,734
62877,836
62878,779
62879,770
62880,741
62881,826
62882,766
62883,821
62884,826
62885,832
62886,819
62887,825
62888,819
62889,832
62890,797
62891,804
62892,785
62893,837
62894,707
62895,801
62896,754
62897,758
62898,756
62899,722
62900,821
62901,770
62902,753
62903,773
62904,738
62905,754
62906,799
62907,740
62908,726
62909,764
62910,791
62911,759
62912,815
62913,723
62914,715
62915,816
62916,778
62917,778
62918,884
62919,862
62920,884
62921,806
62922,879
62923,889
62924,881
62925,866
62926,917
62927,853
62928,845
62929,828
62930,843
62931,808
62932,850
62933,800
62934,873
62935,863
62936,875
62937,944
62938,885
62939,880
62940,906
62941,915
62942,948
62943,935
62944,991
62945,943
62946,927
62947,942
62948,986
62949,1.037
62950,1.021
62951,1.018
62952,996
62953,957
62954,1.013
62955,1.031
62956,972
62957,1.058
62958,990
62959,1.036
62960,969
62961,1.020
62962,1.047
62963,994
62964,1.057
62965,1.068
62966,1.018
62967,1.068
62968,1.006
62969,985
62970,1.071
62971,948
62972,1.046
62973,1.060
62974,1.016
62975,1.055
62976,1.025
62977,1.053
62978,1.029
62979,981
62980,961
62981,961
62982,1.008
62983,980
62984,1.069
62985,990
62986,926
62987,912
62988,864
62989,868
62990,881
62991,822
62992,931
62993,840
62994,969
62995,981
62996,959
62997,931
62998,969
62999,1.016
63000,1.036
63001,999
63002,961
63003,954
63004,963
63005,1.052
63006,975
63007,985
63008,988
63009,1.044
63010,977
63011,981
63012,1.069
63013,956
63014,1.025
63015,994
63016,939
63017,999
63018,924
63019,983
63020,987
63021,914
63022,935
63023,916
63024,988
63025,977
63026,1.023
63027,971
63028,1.001
63029,960
63030,1.040
63031,983
63032,983
63033,1.024
63034,972
63035,919
63036,996
63037,1.021
63038,1.034
63039,1.000
63040,991
63041,1.064
63042,1.025
63043,970
63044,1.013
63045,996
63046,963
63047,1.025
63048,1.031
63049,1.019
63050,1.057
63051,983
63052,969
63053,1.089
63054,1.032
63055,979
63056,1.027
63057,1.031
63058,1.082
63059,948
63060,1.077
63061,1.032
63062,1.025
63063,996
63064,1.044
63065,1.020
63066,1.027
63067,1.131
63068,993
63069,964
63070,1.070
63071,950
63072,1.030
63073,1.014
63074,1.016
63075,1.022
63076,1.046
63077,1.033
63078,1.037
63079,960
63080,965
63081,974
63082,1.041
63083,1.002
63084,979
63085,1.012
63086,972
63087,1.041
63088,1.020
63089,991
63090,1.021
63091,1.004
63092,1.003
63093,1.064
63094,992
63095,1.027
63096,992
63097,1.032
63098,996
63099,1.002
63100,1.086
63101,1.009
63102,1.013
63103,1.080
63104,1.054
63105,962
63106,1.057
63107,943
63108,984
63109,1.026
63110,939
63111,975
63112,999
63113,1.004
63114,1.009
63115,1.030
63116,984
63117,1.107
63118,1.003
63119,1.008
63120,1.033
63121,1.011
63122,1.034
63123,1.030
63124,1.035
63125,995
63126,964
63127,1.062
63128,928
63129,991
63130,915
63131,1.030
63132,995
63133,977
63134,992
63135,1.015
63136,1.089
63137,998
63138,960
63139,968
63140,1.017
63141,1.011
63142,1.063
63143,988
63144,960
63145,987
63146,965
63147,774
63148,990
63149,1.031
63150,1.071
63151,1.007
63152,1.046
63153,1.141
63154,1.018
63155,983
63156,1.011
63157,999
63158,1.038
63159,1.015
