NETCARE2015/data/raw/Flight8/CPC3772_POLAR6_20150420_r2_L1_NETCARE.ict
35,1001
Abbatt,Jon
University of Toronto
Polar 6
NETCARE
1,1
2015,4,20,2017,8,16
1
time,seconds,seconds from start in UTC
1
1
-99999
conc,number of particles per cm3
0
20
PI_CONTACT_INFO: 80 St. George Street; Toronto; ON M5S 3H6 CANADA; email: jabbatt@chem.utoronto.ca
PLATFORM: Polar 6 aircraft
LOCATION: Canadian Arctic near Inuvik
ASSOCIATED_DATA: none
INSTRUMENT_INFO: Condensation Particle Counter Model 3772 is an instrument that detects airborne particles down to 10 nm at an aerosol flow rate of 1.0 L/min, over a concentration range from 0 to 10^4 particles/cm^3 
DATA_INFO: all relevant information is given above
UNCERTAINTY:  ±10% of measured value
ULOD_FLAG: -7777
ULOD_VALUE: N/As
LLOD_FLAG: -8888
LLOD_VALUE: N/A
DM_CONTACT_INFO: Data collected by Julia Burkart. Please direct all correspondence to Jon Abbatt: jabbatt@chem.utoronto.ca
PROJECT_INFO: Polar 6 NETCARE Spring 2015 campaign
STIPULATIONS_ON_USE: N/A
OTHER_COMMENTS: N/A
REVISION: R2, R1, R0
R2: zero and filter measurements are removed
R1: uncorrected raw data
R0: raw data
time,conc
[from data line 1580]
58569,614
58570,626
58571,608
58572,587
58573,608
58574,595
58575,605
58576,-99999
58577,-99999
58578,-99999
58579,-99999
58580,-99999
58581,-99999
58582,-99999
58583,-99999
58584,-99999
58585,-99999
58586,-99999
58587,-99999
58588,-99999
58589,-99999
58590,-99999
58591,-99999
58592,-99999
58593,-99999
58594,-99999
58595,-99999
58596,-99999
58597,-99999
58598,-99999
58599,-99999
58600,-99999
58601,-99999
58602,-99999
58603,-99999
58604,-99999
58605,-99999
58606,-99999
58607,-99999
58608,-99999
58609,-99999
58610,-99999
58611,-99999
58612,-99999
58613,-99999
58614,-99999
58615,-99999
58616,-99999
58617,-99999
58618,-99999
58619,-99999
58620,-99999
58621,-99999
58622,-99999
58623,-99999
58624,-99999
58625,-99999
58626,-99999
58627,-99999
58628,-99999
58629,-99999
58630,-99999
58631,-99999
58632,-99999
58633,-99999
58634,-99999
58635,-99999
58636,-99999
58637,-99999
58638,-99999
58639,-99999
58640,-99999
58641,-99999
58642,-99999
58643,-99999
58644,-99999
58645,-99999
58646,-99999
58647,-99999
58648,-99999
58649,-99999
58650,-99999
58651,-99999
58652,-99999
58653,-99999
58654,-99999
58655,-99999
58656,-99999
58657,-99999
58658,-99999
58659,-99999
58660,-99999
58661,-99999
58662,-99999
58663,-99999
58664,-99999
58665,-99999
58666,-99999
58667,-99999
58668,-99999
58669,-99999
58670,-99999
58671,-99999
58672,-99999
58673,-99999
58674,-99999
58675,-99999
58676,-99999
58677,-99999
58678,-99999
58679,-99999
58680,-99999
58681,-99999
58682,-99999
58683,-99999
58684,-99999
58685,-99999
58686,-99999
58687,-99999
58688,-99999
58689,-99999
58690,-99999
58691,-99999
58692,-99999
58693,-99999
58694,-99999
58695,-99999
58696,-99999
58697,-99999
58698,-99999
58699,-99999
58700,-99999
58701,-99999
58702,-99999
58703,-99999
58704,-99999
58705,-99999
58706,-99999
58707,-99999
58708,-99999
58709,-99999
58710,-99999
58711,-99999
58712,-99999
58713,-99999
58714,-99999
58715,-99999
58716,-99999
58717,-99999
58718,-99999
58719,-99999
58720,-99999
58721,-99999
58722,-99999
58723,-99999
58724,-99999
58725,-99999
58726,-99999
58727,-99999
58728,-99999
58729,-99999
58730,-99999
58731,-99999
58732,-99999
58733,-99999
58734,-99999
58735,-99999
58736,-99999
58737,-99999
58738,-99999
58739,-99999
58740,-99999
58741,-99999
58742,-99999
58743,-99999
58744,-99999
58745,-99999
58746,-99999
58747,-99999
58748,-99999
58749,-99999
58750,-99999
58751,-99999
58752,-99999
58753,-99999
58754,-99999
58755,-99999
58756,-99999
58757,-99999
58758,-99999
58759,-99999
58760,-99999
58761,-99999
58762,-99999
58763,-99999
58764,-99999
58765,-99999
58766,-99999
58767,-99999
58768,-99999
58769,-99999
58770,-99999
58771,-99999
58772,-99999
58773,-99999
58774,-99999
58775,-99999
58776,-99999
58777,-99999
58778,-99999
58779,-99999
58780,-99999
58781,-99999
58782,-99999
58783,-99999
58784,-99999
58785,-99999
58786,-99999
58787,-99999
58788,-99999
58789,-99999
58790,-99999
58791,-99999
58792,-99999
58793,-99999
58794,-99999
58795,-99999
58796,-99999
58797,-99999
58798,-99999
58799,-99999
58800,-99999
58801,-99999
58802,-99999
58803,-99999
58804,-99999
58805,-99999
58806,-99999
58807,-99999
58808,-99999
58809,-99999
58810,-99999
58811,-99999
58812,-99999
58813,-99999
58814,-99999
58815,-99999
58816,-99999
58817,-99999
58818,-99999
58819,-99999
58820,-99999
58821,-99999
58822,-99999
58823,-99999
58824,-99999
58825,-99999
58826,-99999
58827,-99999
58828,-99999
58829,-99999
58830,-99999
58831,-99999
58832,-99999
58833,-99999
58834,-99999
58835,-99999
58836,-99999
58837,-99999
58838,-99999
58839,-99999
58840,-99999
58841,-99999
58842,-99999
58843,-99999
58844,-99999
58845,-99999
58846,-99999
58847,-99999
58848,-99999
58849,-99999
58850,-99999
58851,-99999
58852,-99999
58853,-99999
58854,-99999
58855,-99999
58856,-99999
58857,-99999
58858,-99999
58859,-99999
58860,-99999
58861,-99999
58862,-99999
58863,-99999
58864,-99999
58865,-99999
58866,-99999
58867,-99999
58868,-99999
58869,-99999
58870,-99999
58871,-99999
58872,-99999
58873,-99999
58874,-99999
58875,-99999
58876,-99999
58877,-99999
58878,-99999
58879,-99999
58880,-99999
58881,-99999
58882,-99999
58883,589
58884,598
58885,592
58886,581
58887,589
58888,616
58889,617
58890,626
58891,630
58892,630
58893,637
58894,625
58895,637
58896,646
58897,651
58898,654
58899,642
58900,654
58901,635
58902,664
58903,659
58904,655
58905,649
58906,637
58907,654
58908,651
58909,661
58910,660
58911,652
58912,651
58913,670
58914,664
58915,653
58916,660
58917,655
58918,650
58919,651
58920,659
58921,652
58922,656
58923,655
58924,652
58925,653
58926,660
58927,658
58928,655
58929,646
58930,653
58931,662
58932,648
58933,656
58934,645
58935,656
58936,654
58937,660
58938,660
58939,666
58940,648
58941,649
58942,660
58943,649
58944,659
58945,651
58946,647
58947,650
58948,644
58949,640
58950,647
58951,644
58952,645
58953,638
58954,651
58955,640
58956,650
58957,640
58958,639
58959,655
58960,654
58961,654
58962,639
58963,645
58964,656
58965,664
58966,653
58967,651
58968,662
58969,659
58970,653
58971,665
58972,652
58973,655
58974,663
58975,653
58976,652
58977,655
58978,654
58979,647
58980,649
58981,663
58982,665
58983,664
58984,662
58985,662
58986,677
58987,674
58988,665
58989,652
58990,664
58991,639
58992,656
58993,649
58994,637
58995,641
58996,651
58997,638
58998,635
58999,646
59000,644
59001,648
59002,653
59003,651
59004,646
59005,639
59006,640
59007,647
59008,635
59009,646
59010,644
59011,663
59012,667
59013,660
59014,663
59015,670
59016,668
59017,667
59018,659
59019,655
59020,649
59021,653
59022,650
59023,647
59024,649
59025,644
59026,639
59027,644
59028,653
59029,665
59030,653
59031,652
59032,653
59033,658
59034,658
59035,653
59036,665
59037,641
59038,640
59039,643
59040,627
59041,630
59042,626
59043,637
59044,630
59045,614
59046,621
59047,618
59048,630
59049,628
59050,631
59051,628
59052,631
59053,639
59054,635
59055,640
59056,643
59057,639
59058,646
59059,652
59060,646
59061,647
59062,641
59063,641
59064,643
59065,642
59066,641
59067,638
59068,636
59069,636
59070,648
59071,643
59072,649
59073,630
59074,643
59075,636
59076,637
59077,638
59078,639
59079,626
59080,632
59081,631
59082,650
59083,632
59084,629
59085,624
59086,620
59087,627
59088,627
59089,616
59090,610
59091,620
59092,609
59093,617
59094,614
59095,600
59096,612
59097,608
59098,606
59099,609
59100,610
59101,611
59102,600
59103,616
59104,613
59105,614
59106,613
59107,606
59108,615
59109,603
59110,609
59111,602
59112,597
59113,602
59114,595
59115,604
59116,606
59117,589
59118,595
59119,593
59120,593
59121,600
59122,593
59123,594
59124,596
59125,594
59126,598
59127,598
59128,599
59129,594
59130,601
59131,595
59132,595
59133,596
59134,597
59135,594
59136,606
59137,618
59138,616
59139,591
59140,598
59141,598
59142,603
59143,601
59144,600
59145,593
59146,591
59147,594
59148,590
59149,588
59150,607
59151,588
59152,591
59153,579
59154,593
59155,592
59156,593
59157,589
59158,579
59159,590
59160,594
59161,592
59162,595
59163,579
59164,592
59165,584
59166,581
59167,588
59168,588
59169,584
59170,574
59171,591
59172,576
59173,575
59174,584
59175,576
59176,575
59177,573
59178,565
59179,562
59180,568
59181,571
59182,566
59183,571
59184,563
59185,571
59186,562
59187,576
59188,567
59189,567
59190,566
59191,570
59192,570
59193,569
59194,573
59195,559
59196,573
59197,573
59198,575
59199,566
59200,568
59201,573
59202,559
59203,568
59204,569
59205,556
59206,564
59207,569
59208,565
59209,560
59210,560
59211,567
59212,569
59213,569
59214,563
59215,549
59216,562
59217,555
59218,557
59219,557
59220,558
59221,551
59222,544
59223,555
59224,561
59225,549
59226,560
59227,554
59228,555
59229,559
59230,547
59231,546
59232,543
59233,536
59234,538
59235,546
59236,549
59237,551
59238,547
59239,551
59240,557
59241,558
59242,552
59243,550
59244,550
59245,545
59246,545
59247,542
59248,557
59249,542
59250,545
59251,546
59252,539
59253,549
59254,542
59255,548
59256,561
59257,547
59258,535
59259,538
59260,540
59261,535
59262,544
59263,542
59264,545
59265,549
59266,544
59267,533
59268,552
59269,539
59270,543
59271,544
59272,537
59273,552
59274,534
59275,535
59276,542
59277,549
59278,536
59279,537
59280,545
59281,532
59282,534
59283,531
59284,546
59285,541
59286,544
59287,543
59288,525
59289,537
59290,542
59291,533
59292,526
59293,539
59294,536
59295,529
59296,539
59297,540
59298,531
59299,529
59300,532
59301,550
59302,543
59303,541
59304,530
59305,542
59306,528
59307,533
59308,531
59309,555
59310,535
59311,541
59312,536
59313,541
59314,530
59315,523
59316,532
59317,536
59318,531
59319,528
59320,537
59321,538
59322,532
59323,534
59324,531
59325,528
59326,524
59327,525
59328,524
59329,536
59330,540
59331,534
59332,528
59333,526
59334,537
59335,564
59336,531
59337,527
59338,521
59339,535
59340,515
59341,524
59342,527
59343,526
59344,533
59345,525
59346,523
59347,525
59348,521
59349,520
59350,533
59351,522
59352,519
59353,527
59354,521
59355,545
59356,522
59357,518
59358,517
59359,527
59360,517
59361,525
59362,513
59363,519
59364,517
59365,522
59366,507
59367,521
59368,514
59369,512
59370,520
59371,513
59372,513
59373,519
59374,514
59375,512
59376,521
59377,486
59378,481
59379,491
59380,482
59381,499
59382,500
59383,508
59384,507
59385,513
59386,505
59387,502
59388,505
59389,509
59390,503
59391,516
59392,508
59393,514
59394,503
59395,497
59396,497
59397,503
59398,509
59399,505
59400,488
59401,499
59402,503
59403,502
59404,502
59405,502
59406,516
59407,498
59408,508
59409,515
59410,525
59411,523
59412,516
59413,511
59414,520
59415,519
59416,515
59417,507
59418,515
59419,514
59420,525
59421,512
59422,518
59423,508
59424,520
59425,518
59426,514
59427,522
59428,506
59429,515
59430,520
59431,513
59432,528
59433,514
59434,514
59435,517
59436,506
59437,510
59438,509
59439,510
59440,522
59441,526
59442,513
59443,514
59444,510
59445,513
59446,513
59447,522
59448,519
59449,515
59450,511
59451,520
59452,506
59453,512
59454,517
59455,490
59456,516
59457,519
59458,512
59459,505
59460,499
59461,506
59462,511
59463,507
59464,490
59465,484
59466,497
59467,499
59468,483
59469,471
59470,473
59471,479
59472,509
59473,496
59474,502
59475,499
59476,511
59477,499
59478,505
59479,503
59480,489
59481,496
59482,520
59483,501
59484,493
59485,498
59486,495
59487,524
59488,552
59489,566
59490,676
59491,624
59492,622
59493,654
59494,644
59495,666
59496,578
59497,535
59498,546
59499,524
59500,564
59501,569
59502,648
59503,586
59504,633
59505,705
59506,539
59507,682
59508,771
59509,887
59510,606
59511,540
59512,546
59513,525
59514,546
59515,497
59516,491
59517,538
59518,734
59519,693
59520,623
59521,507
59522,722
59523,692
59524,576
59525,840
59526,576
59527,569
59528,663
59529,857
59530,751
59531,536
59532,725
59533,676
59534,818
59535,686
59536,562
59537,925
59538,754
59539,851
59540,996
59541,508
59542,506
59543,569
59544,744
59545,896
59546,777
59547,875
59548,861
59549,485
59550,671
59551,770
59552,616
59553,518
59554,675
59555,488
59556,678
59557,666
59558,778
59559,800
59560,761
59561,-99999
59562,661
59563,490
59564,945
59565,979
59566,865
59567,691
59568,907
59569,624
59570,555
59571,537
59572,350
59573,422
59574,81
59575,228
59576,175
59577,113
59578,182
59579,267
59580,98
59581,376
59582,340
59583,267
59584,69
59585,283
59586,55
59587,320
59588,736
59589,134
59590,420
59591,331
59592,358
59593,134
59594,68
59595,48
59596,131
59597,239
59598,308
59599,192
59600,526
59601,450
59602,225
59603,526
59604,749
59605,529
59606,653
59607,829
59608,524
59609,825
59610,689
59611,811
59612,614
59613,751
59614,491
59615,571
59616,990
59617,695
59618,709
59619,499
59620,926
59621,719
59622,1.031
59623,740
59624,597
59625,905
59626,701
59627,722
59628,558
59629,492
59630,751
59631,718
59632,639
59633,1.004
59634,699
59635,663
59636,714
59637,716
59638,673
59639,856
59640,656
59641,551
59642,556
59643,719
59644,591
59645,642
59646,651
59647,646
59648,613
59649,580
59650,837
59651,723
59652,677
59653,617
59654,647
59655,677
59656,652
59657,593
59658,706
59659,745
59660,785
59661,723
59662,766
59663,754
59664,764
59665,546
59666,572
59667,669
59668,525
59669,569
59670,562
59671,637
59672,984
59673,766
59674,716
59675,693
59676,612
59677,699
59678,529
59679,500
59680,488
59681,554
59682,499
59683,496
59684,551
59685,788
59686,721
59687,674
59688,748
59689,720
59690,598
59691,746
59692,520
59693,487
59694,481
59695,476
59696,469
59697,481
59698,476
59699,510
59700,481
59701,464
59702,470
59703,474
59704,472
59705,480
59706,472
59707,479
59708,486
59709,480
59710,481
59711,473
59712,480
59713,478
59714,486
59715,478
59716,486
59717,490
59718,481
59719,480
59720,488
59721,482
59722,484
59723,471
59724,490
59725,470
59726,470
59727,473
59728,468
59729,469
59730,465
59731,454
59732,457
59733,464
59734,467
59735,457
59736,462
59737,451
59738,462
59739,467
59740,471
59741,459
59742,473
59743,467
59744,457
59745,466
59746,463
59747,458
59748,468
59749,463
59750,462
59751,461
59752,450
59753,468
59754,465
59755,470
59756,463
59757,467
59758,465
59759,472
59760,466
59761,470
59762,465
59763,470
59764,467
59765,460
59766,461
59767,470
59768,470
59769,468
59770,456
59771,435
59772,424
59773,435
59774,435
59775,439
59776,454
59777,461
59778,467
59779,462
59780,447
59781,457
59782,453
59783,454
59784,455
59785,457
59786,444
59787,434
59788,456
59789,455
59790,457
59791,447
59792,450
59793,450
59794,465
59795,486
59796,523
59797,520
59798,510
59799,502
59800,510
59801,483
59802,499
59803,505
59804,523
59805,505
59806,524
59807,533
59808,526
59809,532
59810,531
59811,518
59812,501
59813,499
59814,464
59815,469
59816,467
59817,462
59818,479
59819,487
59820,490
59821,473
59822,475
59823,498
59824,490
59825,507
59826,498
59827,495
59828,494
59829,496
59830,484
59831,492
59832,493
59833,490
59834,482
59835,492
59836,485
59837,480
59838,454
59839,461
59840,477
59841,470
59842,481
59843,488
59844,482
59845,469
59846,477
59847,497
59848,464
59849,450
59850,436
59851,407
59852,407
59853,418
59854,420
59855,420
59856,426
59857,443
59858,450
59859,467
59860,450
59861,436
59862,443
59863,441
59864,440
59865,439
59866,451
59867,446
59868,456
59869,439
59870,438
59871,444
59872,447
59873,444
59874,443
59875,448
59876,451
59877,451
59878,451
59879,448
59880,456
59881,463
59882,453
59883,454
59884,455
59885,465
59886,448
59887,453
59888,448
59889,465
59890,448
59891,455
59892,456
59893,451
59894,453
59895,463
59896,457
59897,463
59898,461
59899,461
59900,466
59901,464
59902,456
59903,449
59904,452
59905,445
59906,454
59907,457
59908,451
59909,456
59910,461
59911,448
59912,456
59913,457
59914,459
59915,451
59916,467
59917,467
59918,463
59919,465
59920,452
59921,454
59922,454
59923,445
59924,444
59925,440
59926,457
59927,459
59928,467
59929,457
59930,465
59931,474
59932,469
59933,464
59934,470
59935,470
59936,469
59937,471
59938,460
59939,460
59940,461
59941,460
59942,464
59943,454
59944,451
59945,451
59946,456
59947,454
59948,450
59949,448
59950,448
59951,452
59952,463
59953,467
59954,469
59955,458
59956,451
59957,448
59958,442
59959,438
59960,428
59961,445
59962,447
59963,462
59964,443
59965,461
59966,462
59967,474
59968,488
59969,487
59970,475
59971,491
59972,488
59973,483
59974,511
59975,516
59976,512
59977,477
59978,447
59979,447
59980,443
59981,439
59982,450
59983,479
59984,512
59985,515
59986,520
59987,526
59988,512
59989,526
59990,510
59991,523
59992,522
59993,528
59994,512
59995,486
59996,497
59997,492
59998,476
59999,456
60000,454
60001,489
60002,505
60003,502
60004,510
60005,530
60006,532
60007,518
60008,497
60009,491
60010,489
60011,495
60012,490
60013,498
60014,483
60015,484
60016,480
60017,503
60018,490
60019,492
60020,496
60021,514
60022,516
60023,497
60024,483
60025,492
60026,488
60027,471
60028,462
60029,453
60030,443
60031,433
60032,429
60033,426
60034,441
60035,439
60036,439
60037,438
60038,437
60039,442
60040,452
60041,453
60042,442
60043,454
60044,446
60045,465
60046,462
60047,462
60048,465
60049,475
60050,463
60051,463
60052,452
60053,463
60054,445
60055,463
60056,454
60057,459
60058,447
60059,457
60060,469
60061,465
60062,466
60063,457
60064,474
60065,467
60066,469
60067,466
60068,481
60069,484
60070,473
60071,473
60072,476
60073,482
60074,467
