NETCARE2015/data/raw/Flight8/CPC3772_POLAR6_20150420_r2_L1_NETCARE.ict
35,1001
Abbatt,Jon
University of Toronto
Polar 6
NETCARE
1,1
2015,4,20,2017,8,16
1
time,seconds,seconds from start in UTC
1
1
-99999
conc,number of particles per cm3
0
20
PI_CONTACT_INFO: 80 St. George Street; Toronto; ON M5S 3H6 CANADA; email: jabbatt@chem.utoronto.ca
PLATFORM: Polar 6 aircraft
LOCATION: Canadian Arctic near Inuvik
ASSOCIATED_DATA: none
INSTRUMENT_INFO: Condensation Particle Counter Model 3772 is an instrument that detects airborne particles down to 10 nm at an aerosol flow rate of 1.0 L/min, over a concentration range from 0 to 10^4 particles/cm^3 
DATA_INFO: all relevant information is given above
UNCERTAINTY:  ±10% of measured value
ULOD_FLAG: -7777
ULOD_VALUE: N/As
LLOD_FLAG: -8888
LLOD_VALUE: N/A
DM_CONTACT_INFO: Data collected by Julia Burkart. Please direct all correspondence to Jon Abbatt: jabbatt@chem.utoronto.ca
PROJECT_INFO: Polar 6 NETCARE Spring 2015 campaign
STIPULATIONS_ON_USE: N/A
OTHER_COMMENTS: N/A
REVISION: R2, R1, R0
R2: zero and filter measurements are removed
R1: uncorrected raw data
R0: raw data
time,conc
[from data line 7828]
64817,535
64818,534
64819,534
64820,541
64821,544
64822,550
64823,553
64824,560
64825,550
64826,557
64827,551
64828,559
64829,562
64830,558
64831,562
64832,557
64833,555
64834,551
64835,556
64836,557
64837,561
64838,556
64839,553
64840,559
64841,557
64842,552
64843,549
64844,563
64845,554
64846,542
64847,555
64848,561
64849,550
64850,545
64851,563
64852,565
64853,559
64854,561
64855,554
64856,551
64857,565
64858,561
64859,564
64860,544
64861,567
64862,550
64863,559
64864,556
64865,565
64866,565
64867,561
64868,567
64869,581
64870,580
64871,577
64872,590
64873,605
64874,600
64875,599
64876,611
64877,628
64878,637
64879,611
64880,617
64881,614
64882,622
64883,623
64884,629
64885,635
64886,633
64887,655
64888,650
64889,648
64890,666
64891,652
64892,656
64893,664
64894,651
64895,647
64896,638
64897,657
64898,651
64899,654
64900,640
64901,642
64902,628
64903,636
64904,639
64905,662
64906,644
64907,651
64908,639
64909,638
64910,643
64911,648
64912,646
64913,646
64914,649
64915,647
64916,651
64917,652
64918,653
64919,649
64920,660
64921,669
64922,671
64923,671
64924,670
64925,680
64926,690
64927,693
64928,697
64929,714
64930,696
64931,703
64932,687
64933,710
64934,716
64935,705
64936,717
64937,711
64938,724
64939,702
64940,703
64941,697
64942,701
64943,704
64944,693
64945,704
64946,694
64947,701
64948,691
64949,709
64950,709
64951,691
64952,698
64953,706
64954,701
64955,707
64956,708
64957,715
64958,712
64959,714
64960,702
64961,717
64962,702
64963,706
64964,705
64965,719
64966,728
64967,719
64968,710
64969,693
64970,697
64971,689
64972,697
64973,704
64974,704
64975,701
64976,701
64977,684
64978,704
64979,684
64980,673
64981,683
64982,680
64983,687
64984,677
64985,661
64986,637
64987,666
64988,692
64989,694
64990,681
64991,679
64992,675
64993,680
64994,677
64995,685
64996,688
64997,698
64998,707
64999,697
65000,675
65001,680
65002,668
65003,654
65004,634
65005,630
65006,609
65007,631
65008,620
65009,644
65010,668
65011,668
65012,662
65013,675
65014,651
65015,665
65016,663
65017,646
65018,658
65019,672
65020,683
65021,666
65022,672
65023,685
65024,649
65025,619
65026,611
65027,621
65028,656
65029,661
65030,657
65031,612
65032,630
65033,634
65034,636
65035,683
65036,687
65037,695
65038,721
65039,697
65040,706
65041,714
65042,714
65043,718
65044,730
65045,719
65046,728
65047,720
65048,732
65049,731
65050,728
65051,724
65052,715
65053,715
65054,717
65055,707
65056,722
65057,722
65058,743
65059,730
65060,732
65061,735
65062,741
65063,727
65064,722
65065,729
65066,728
65067,721
65068,726
65069,716
65070,724
65071,720
65072,715
65073,728
65074,738
65075,733
65076,726
65077,728
65078,727
65079,726
65080,730
65081,732
65082,717
65083,721
65084,731
65085,747
65086,728
65087,729
65088,723
65089,713
65090,737
65091,737
65092,697
65093,717
65094,725
65095,733
65096,733
65097,722
65098,717
65099,696
65100,694
65101,711
65102,731
65103,733
65104,724
65105,739
65106,746
65107,727
65108,725
65109,748
65110,737
65111,720
65112,739
65113,754
65114,742
65115,746
65116,745
65117,756
65118,739
65119,733
65120,731
65121,738
65122,725
65123,731
65124,737
65125,748
65126,741
65127,747
65128,745
65129,750
65130,753
65131,740
65132,733
65133,742
65134,751
65135,743
65136,751
65137,757
65138,743
65139,748
65140,751
65141,742
65142,737
65143,763
65144,757
65145,762
65146,747
65147,762
65148,748
65149,765
65150,758
65151,756
65152,753
65153,763
65154,763
65155,761
65156,749
65157,759
65158,789
65159,769
65160,777
65161,772
65162,769
65163,787
65164,782
65165,770
65166,777
65167,771
65168,768
65169,770
65170,774
65171,767
65172,767
65173,789
65174,789
65175,792
65176,789
65177,784
65178,775
65179,768
65180,787
65181,793
65182,780
65183,785
65184,778
65185,781
65186,781
65187,783
65188,796
65189,787
65190,785
65191,782
65192,798
65193,802
65194,781
65195,796
65196,792
65197,792
65198,796
65199,799
65200,796
65201,781
65202,787
65203,795
65204,789
65205,791
65206,783
65207,776
65208,778
65209,786
65210,781
65211,781
65212,794
65213,776
65214,781
65215,782
65216,787
65217,784
65218,777
65219,787
65220,789
65221,790
65222,778
65223,785
65224,783
65225,789
65226,786
65227,798
65228,802
65229,802
65230,808
65231,802
65232,797
65233,795
65234,784
65235,777
65236,777
65237,777
65238,797
65239,782
65240,779
65241,780
65242,790
65243,798
65244,787
65245,789
65246,783
65247,788
65248,784
65249,795
65250,792
65251,790
65252,800
65253,789
65254,790
65255,784
65256,781
65257,793
65258,794
65259,786
65260,784
65261,795
65262,795
65263,797
65264,797
65265,804
65266,794
65267,788
65268,785
65269,795
65270,799
65271,790
65272,800
65273,788
65274,789
65275,783
65276,780
65277,794
65278,784
65279,813
65280,807
65281,810
65282,808
65283,820
65284,812
65285,797
65286,813
65287,807
65288,810
65289,804
65290,806
65291,811
65292,820
65293,820
65294,820
65295,810
65296,782
65297,777
65298,784
65299,772
65300,760
65301,748
65302,748
65303,761
65304,748
65305,747
65306,760
65307,779
65308,763
65309,771
65310,775
65311,760
65312,758
65313,749
65314,759
65315,754
65316,775
65317,787
65318,796
65319,818
65320,812
65321,801
65322,813
65323,818
65324,835
65325,830
65326,822
65327,806
65328,806
65329,783
65330,747
65331,754
65332,741
65333,742
65334,749
65335,738
65336,777
65337,809
65338,834
65339,821
65340,819
65341,823
65342,825
65343,830
65344,779
65345,730
65346,725
65347,734
65348,718
65349,711
65350,714
65351,700
65352,720
65353,713
65354,701
65355,705
65356,696
65357,707
65358,705
65359,708
65360,713
65361,708
65362,699
65363,699
65364,696
65365,704
65366,706
65367,697
65368,707
65369,688
65370,685
65371,697
65372,701
65373,706
65374,713
65375,738
65376,722
65377,717
65378,724
65379,769
65380,795
65381,764
65382,755
65383,734
65384,748
65385,763
65386,758
65387,750
65388,749
65389,755
65390,759
65391,761
65392,749
65393,783
65394,787
65395,767
65396,781
65397,786
65398,787
65399,783
65400,788
65401,801
65402,792
65403,810
65404,813
65405,759
65406,778
65407,791
65408,792
65409,780
65410,781
65411,766
65412,783
65413,778
65414,793
65415,804
65416,789
65417,753
65418,716
65419,754
65420,750
65421,750
65422,743
65423,756
65424,774
65425,777
65426,804
65427,791
65428,788
65429,792
65430,790
65431,763
65432,767
65433,772
65434,770
65435,756
65436,756
65437,760
65438,762
65439,775
65440,785
65441,782
65442,782
65443,803
65444,794
65445,780
65446,737
65447,710
65448,713
65449,701
65450,724
65451,703
65452,703
65453,712
65454,708
65455,713
65456,721
65457,707
65458,710
65459,734
65460,725
65461,755
65462,755
65463,755
65464,788
65465,776
65466,765
65467,771
65468,758
65469,732
65470,730
65471,726
65472,720
65473,726
65474,742
65475,737
65476,734
65477,744
65478,739
65479,718
65480,713
65481,682
65482,665
65483,674
65484,676
65485,669
65486,638
65487,677
65488,636
65489,655
65490,662
65491,672
65492,668
65493,684
65494,688
65495,644
65496,654
65497,669
65498,664
65499,679
65500,694
65501,698
65502,718
65503,714
65504,709
65505,713
65506,706
65507,703
65508,698
65509,705
65510,701
65511,700
65512,695
65513,704
65514,705
65515,693
65516,699
65517,713
65518,697
65519,711
65520,707
65521,694
65522,674
65523,685
65524,680
65525,697
65526,686
65527,695
65528,686
65529,683
65530,683
65531,703
65532,683
65533,694
65534,699
65535,698
65536,689
65537,699
65538,693
65539,690
65540,694
65541,699
65542,695
65543,707
65544,695
65545,664
65546,660
65547,659
65548,677
65549,694
65550,703
65551,694
65552,685
65553,677
65554,662
65555,672
65556,653
65557,650
65558,642
65559,653
65560,661
65561,654
65562,667
65563,666
65564,656
65565,650
65566,656
65567,653
65568,662
65569,653
65570,640
65571,646
65572,665
65573,652
65574,647
65575,658
65576,646
65577,652
65578,632
65579,645
65580,659
65581,647
65582,645
65583,651
65584,638
65585,652
65586,626
65587,621
65588,596
65589,563
65590,566
65591,554
65592,547
65593,548
65594,545
65595,557
65596,544
65597,551
65598,541
65599,546
65600,549
65601,550
65602,555
65603,542
65604,544
65605,548
65606,582
65607,596
65608,598
65609,584
65610,591
65611,601
65612,577
65613,600
65614,589
65615,589
65616,592
65617,594
65618,587
65619,585
65620,583
65621,583
65622,569
65623,574
65624,568
65625,553
65626,532
65627,524
65628,526
65629,514
65630,512
65631,513
65632,496
65633,493
65634,489
65635,478
65636,486
65637,496
65638,494
65639,479
65640,456
65641,456
65642,458
65643,455
65644,450
65645,458
65646,438
65647,460
65648,461
65649,450
65650,448
65651,459
65652,462
65653,459
65654,458
65655,449
65656,458
65657,457
65658,462
65659,476
65660,477
65661,489
65662,482
65663,492
65664,498
65665,499
65666,491
65667,494
65668,496
65669,508
65670,486
65671,492
65672,487
65673,492
65674,502
65675,494
65676,510
65677,495
65678,502
65679,502
65680,504
65681,516
65682,497
65683,507
65684,507
65685,500
65686,507
65687,500
65688,495
65689,495
65690,512
65691,496
65692,499
65693,494
65694,496
65695,507
65696,507
65697,500
65698,506
65699,501
65700,500
65701,485
65702,481
65703,473
65704,478
65705,474
65706,470
65707,473
65708,471
65709,465
65710,459
65711,460
65712,455
65713,469
65714,462
65715,461
65716,463
65717,465
65718,465
65719,463
65720,464
65721,470
65722,468
65723,469
65724,470
65725,467
65726,469
65727,467
65728,481
65729,470
65730,470
65731,470
65732,467
65733,488
65734,475
65735,474
65736,477
65737,481
65738,474
65739,494
65740,479
65741,477
65742,478
65743,484
65744,484
65745,480
65746,490
65747,468
65748,483
65749,487
65750,491
65751,496
65752,500
65753,490
65754,491
65755,490
65756,496
65757,493
65758,496
65759,487
65760,493
65761,497
65762,490
65763,489
65764,484
65765,496
65766,490
65767,487
65768,497
65769,496
65770,497
65771,490
65772,493
65773,511
65774,508
65775,507
65776,506
65777,487
65778,497
65779,492
65780,501
65781,484
65782,503
65783,500
65784,503
65785,496
65786,503
65787,508
65788,518
65789,496
65790,512
65791,523
65792,529
65793,529
65794,517
65795,523
65796,532
65797,519
65798,534
65799,520
65800,510
65801,521
65802,519
65803,534
65804,526
65805,538
65806,562
65807,553
65808,535
65809,532
65810,522
65811,535
65812,578
65813,583
65814,591
65815,557
65816,531
65817,524
65818,500
65819,493
65820,501
65821,527
65822,532
65823,535
65824,519
65825,514
65826,522
65827,566
65828,559
65829,562
65830,567
65831,562
65832,560
65833,569
65834,573
65835,580
65836,581
65837,572
65838,579
65839,571
65840,588
65841,573
65842,577
65843,580
65844,579
65845,568
65846,569
65847,589
65848,587
65849,584
65850,584
65851,570
65852,563
65853,568
65854,560
65855,555
65856,552
65857,555
65858,556
65859,556
65860,543
65861,544
65862,551
65863,576
65864,580
65865,563
65866,553
65867,572
65868,578
65869,564
65870,564
65871,568
65872,567
65873,559
65874,551
65875,565
65876,559
65877,576
65878,558
65879,569
65880,569
65881,574
65882,586
65883,573
65884,576
65885,565
65886,559
65887,558
65888,568
65889,563
65890,561
65891,564
65892,577
65893,596
65894,606
65895,596
65896,600
65897,591
65898,601
65899,599
65900,598
65901,620
65902,599
65903,631
65904,634
65905,581
65906,548
65907,537
65908,530
65909,537
65910,520
65911,519
65912,528
65913,530
65914,510
65915,513
65916,509
65917,531
65918,540
65919,529
65920,537
65921,530
65922,523
65923,523
65924,536
65925,551
65926,572
65927,560
65928,553
65929,551
65930,571
65931,587
65932,587
65933,590
65934,585
65935,549
65936,563
65937,561
65938,563
65939,598
65940,575
65941,548
65942,552
65943,577
65944,570
65945,569
65946,566
65947,566
65948,569
65949,589
65950,589
65951,551
65952,546
65953,551
65954,540
65955,541
65956,530
65957,532
65958,554
65959,592
65960,595
65961,571
65962,574
65963,536
65964,545
65965,551
65966,547
65967,527
65968,563
65969,572
65970,554
65971,549
65972,571
65973,587
65974,562
65975,579
65976,539
65977,569
65978,556
65979,584
65980,549
65981,540
65982,533
65983,517
65984,566
65985,583
65986,581
65987,583
65988,571
65989,568
65990,577
65991,582
65992,605
65993,644
65994,619
65995,650
65996,636
65997,638
65998,609
65999,641
66000,640
66001,613
66002,618
66003,607
66004,605
66005,615
66006,637
66007,632
66008,654
66009,646
66010,663
66011,677
66012,673
66013,660
66014,667
66015,680
66016,671
66017,672
66018,659
66019,651
66020,659
66021,652
66022,646
66023,648
66024,651
66025,651
66026,650
66027,635
66028,652
66029,669
66030,673
66031,686
66032,670
66033,670
66034,666
66035,667
66036,671
66037,672
66038,673
66039,678
66040,675
66041,673
66042,661
66043,681
66044,678
66045,667
66046,669
66047,669
66048,668
66049,653
66050,666
66051,670
66052,681
66053,666
66054,681
66055,674
66056,676
66057,665
66058,674
66059,673
66060,681
66061,673
66062,676
66063,674
66064,676
66065,672
66066,682
66067,675
66068,669
66069,681
66070,679
66071,670
66072,676
66073,669
66074,680
66075,686
66076,692
66077,673
66078,677
66079,673
66080,669
66081,681
66082,683
66083,673
66084,677
66085,678
66086,673
66087,679
66088,681
66089,679
66090,673
66091,670
66092,677
66093,668
66094,665
66095,658
66096,669
66097,669
66098,662
66099,658
66100,663
66101,669
66102,674
66103,660
66104,663
66105,666
66106,676
66107,679
66108,681
66109,670
66110,667
66111,673
66112,676
66113,668
66114,661
66115,675
66116,662
66117,668
66118,687
66119,659
66120,678
66121,671
66122,686
66123,678
66124,682
66125,680
66126,678
66127,692
66128,684
66129,677
66130,686
66131,690
66132,703
66133,683
66134,695
66135,702
66136,680
66137,682
66138,677
66139,691
66140,676
66141,688
66142,686
66143,681
66144,694
66145,702
66146,706
66147,698
66148,701
66149,704
66150,727
66151,716
66152,715
66153,732
66154,717
66155,717
66156,715
66157,719
66158,727
66159,717
66160,716
66161,719
66162,714
66163,712
66164,707
66165,719
66166,713
66167,716
66168,712
66169,700
66170,686
66171,700
66172,695
66173,705
66174,706
66175,693
66176,702
66177,728
66178,713
66179,701
66180,707
66181,723
66182,724
66183,718
66184,723
66185,719
66186,718
66187,750
66188,736
66189,748
66190,756
66191,748
66192,738
66193,745
66194,737
66195,752
66196,754
66197,768
66198,765
66199,770
66200,784
66201,769
66202,768
66203,775
66204,761
66205,764
66206,776
66207,761
66208,776
66209,768
66210,771
66211,763
66212,770
66213,776
66214,778
66215,765
66216,772
66217,763
66218,770
66219,776
66220,784
66221,790
66222,784
66223,794
66224,810
66225,805
66226,799
66227,820
66228,818
66229,825
66230,820
66231,824
66232,820
66233,836
66234,821
66235,829
66236,828
66237,830
66238,831
66239,841
66240,835
66241,834
66242,818
66243,815
66244,822
66245,832
66246,829
66247,825
66248,826
66249,817
66250,815
66251,825
66252,821
66253,800
66254,820
66255,810
66256,803
66257,805
66258,791
66259,800
66260,790
66261,789
66262,795
66263,798
66264,803
66265,785
66266,794
66267,793
66268,781
66269,781
66270,773
66271,785
66272,805
66273,795
66274,800
66275,791
66276,785
66277,785
66278,785
66279,780
66280,775
66281,781
66282,788
66283,781
66284,781
66285,774
66286,776
66287,784
66288,772
66289,767
66290,767
66291,771
66292,761
66293,756
66294,739
66295,751
66296,743
66297,750
66298,732
66299,740
66300,748
66301,732
66302,752
66303,742
66304,746
66305,733
66306,730
66307,737
66308,751
66309,737
66310,745
66311,743
66312,739
66313,741
66314,739
66315,751
66316,741
66317,728
66318,738
66319,742
66320,744
66321,733
66322,737
66323,738
66324,740
66325,729
66326,737
66327,741
66328,733
66329,732
66330,736
66331,735
66332,732
66333,736
66334,731
66335,732
66336,732
66337,724
66338,725
66339,730
66340,734
66341,735
66342,732
66343,744
66344,733
66345,730
66346,729
66347,733
66348,729
66349,721
66350,726
66351,721
66352,732
66353,725
66354,730
66355,712
66356,724
66357,727
66358,733
66359,734
66360,738
66361,726
66362,717
66363,727
66364,731
66365,725
66366,733
66367,723
66368,726
66369,724
66370,718
66371,735
66372,728
66373,736
66374,731
66375,731
66376,735
66377,744
66378,728
66379,726
66380,742
66381,735
66382,733
66383,729
66384,730
66385,714
66386,705
66387,682
66388,679
66389,650
66390,626
66391,611
66392,601
66393,589
66394,602
66395,610
66396,613
66397,589
66398,585
66399,567
66400,570
66401,563
66402,566
66403,555
66404,539
66405,543
66406,543
66407,535
66408,531
66409,532
66410,528
66411,521
66412,521
66413,522
66414,515
66415,496
