NETCARE2015/data/raw/Flight8/CPC3772_POLAR6_20150420_r2_L1_NETCARE.ict
35,1001
Abbatt,Jon
University of Toronto
Polar 6
NETCARE
1,1
2015,4,20,2017,8,16
1
time,seconds,seconds from start in UTC
1
1
-99999
conc,number of particles per cm3
0
20
PI_CONTACT_INFO: 80 St. George Street; Toronto; ON M5S 3H6 CANADA; email: jabbatt@chem.utoronto.ca
PLATFORM: Polar 6 aircraft
LOCATION: Canadian Arctic near Inuvik
ASSOCIATED_DATA: none
INSTRUMENT_INFO: Condensation Particle Counter Model 3772 is an instrument that detects airborne particles down to 10 nm at an aerosol flow rate of 1.0 L/min, over a concentration range from 0 to 10^4 particles/cm^3 
DATA_INFO: all relevant information is given above
UNCERTAINTY:  ±10% of measured value
ULOD_FLAG: -7777
ULOD_VALUE: N/As
LLOD_FLAG: -8888
LLOD_VALUE: N/A
DM_CONTACT_INFO: Data collected by Julia Burkart. Please direct all correspondence to Jon Abbatt: jabbatt@chem.utoronto.ca
PROJECT_INFO: Polar 6 NETCARE Spring 2015 campaign
STIPULATIONS_ON_USE: N/A
OTHER_COMMENTS: N/A
REVISION: R2, R1, R0
R2: zero and filter measurements are removed
R1: uncorrected raw data
R0: raw data
time,conc
[from data line 3087]
60076,466
60077,467
60078,465
60079,477
60080,462
60081,464
60082,455
60083,455
60084,455
60085,453
60086,444
60087,455
60088,446
60089,450
60090,443
60091,451
60092,455
60093,469
60094,462
60095,465
60096,465
60097,464
60098,452
60099,468
60100,465
60101,463
60102,466
60103,454
60104,463
60105,465
60106,452
60107,461
60108,463
60109,467
60110,466
60111,460
60112,475
60113,461
60114,470
60115,465
60116,465
60117,469
60118,466
60119,465
60120,470
60121,469
60122,465
60123,457
60124,469
60125,467
60126,464
60127,475
60128,474
60129,480
60130,476
60131,481
60132,484
60133,473
60134,476
60135,469
60136,479
60137,475
60138,482
60139,484
60140,490
60141,492
60142,491
60143,489
60144,500
60145,492
60146,493
60147,497
60148,495
60149,493
60150,494
60151,501
60152,494
60153,504
60154,499
60155,503
60156,511
60157,511
60158,508
60159,507
60160,512
60161,511
60162,504
60163,518
60164,507
60165,519
60166,528
60167,530
60168,514
60169,524
60170,524
60171,512
60172,507
60173,522
60174,506
60175,519
60176,502
60177,491
60178,483
60179,457
60180,456
60181,461
60182,461
60183,451
60184,433
60185,433
60186,409
60187,401
60188,406
60189,406
60190,386
60191,380
60192,383
60193,385
60194,385
60195,383
60196,386
60197,381
60198,388
60199,368
60200,368
60201,353
60202,357
60203,350
60204,344
60205,338
60206,342
60207,338
60208,344
60209,345
60210,343
60211,350
60212,338
60213,335
60214,330
60215,322
60216,325
60217,316
60218,327
60219,334
60220,344
60221,335
60222,330
60223,327
60224,314
60225,321
60226,325
60227,328
60228,334
60229,330
60230,333
60231,336
60232,338
60233,334
60234,336
60235,343
60236,347
60237,333
60238,342
60239,347
60240,344
60241,349
60242,357
60243,351
60244,342
60245,331
60246,343
60247,331
60248,336
60249,330
60250,343
60251,347
60252,350
60253,346
60254,347
60255,350
60256,345
60257,343
60258,338
60259,342
60260,356
60261,356
60262,343
60263,348
60264,356
60265,350
60266,351
60267,348
60268,353
60269,350
60270,334
60271,351
60272,343
60273,337
60274,339
60275,337
60276,341
60277,349
60278,340
60279,348
60280,346
60281,349
60282,387
60283,408
60284,428
60285,433
60286,467
60287,468
60288,466
60289,465
60290,461
60291,461
60292,468
60293,457
60294,462
60295,470
60296,481
60297,482
60298,503
60299,515
60300,518
60301,521
60302,543
60303,553
60304,539
60305,547
60306,553
60307,557
60308,548
60309,550
60310,559
60311,559
60312,555
60313,552
60314,550
60315,557
60316,550
60317,561
60318,552
60319,550
60320,556
60321,558
60322,555
60323,556
60324,554
60325,548
60326,548
60327,554
60328,554
60329,564
60330,545
60331,551
60332,564
60333,560
60334,555
60335,555
60336,550
60337,552
60338,541
60339,543
60340,549
60341,555
60342,551
60343,546
60344,553
60345,526
60346,544
60347,548
60348,551
60349,551
60350,551
60351,553
60352,540
60353,559
60354,546
60355,543
60356,545
60357,550
60358,558
60359,552
60360,546
60361,552
60362,551
60363,549
60364,562
60365,554
60366,558
60367,548
60368,561
60369,568
60370,573
60371,569
60372,576
60373,579
60374,568
60375,589
60376,576
60377,595
60378,587
60379,580
60380,591
60381,577
60382,580
60383,578
60384,583
60385,572
60386,572
60387,568
60388,568
60389,572
60390,569
60391,565
60392,569
60393,574
60394,577
60395,586
60396,576
60397,590
60398,591
60399,578
60400,597
60401,590
60402,589
60403,588
60404,587
60405,594
60406,586
60407,588
60408,583
60409,590
60410,598
60411,576
60412,582
60413,585
60414,581
60415,588
60416,578
60417,575
60418,586
60419,574
60420,582
60421,587
60422,588
60423,581
60424,589
60425,587
60426,587
60427,575
60428,580
60429,589
60430,583
60431,586
60432,562
60433,537
60434,548
60435,570
60436,584
60437,596
60438,580
60439,577
60440,575
60441,573
60442,547
60443,521
60444,504
60445,507
60446,507
60447,515
60448,512
60449,511
60450,521
60451,534
60452,529
60453,537
60454,574
60455,599
60456,601
60457,611
60458,595
60459,605
60460,591
60461,613
60462,621
60463,620
60464,632
60465,612
60466,606
60467,612
60468,615
60469,602
60470,608
60471,599
60472,615
60473,619
60474,609
60475,627
60476,612
60477,596
60478,607
60479,602
60480,585
60481,582
60482,585
60483,582
60484,597
60485,605
60486,595
60487,611
60488,593
60489,555
60490,557
60491,580
60492,586
60493,605
60494,607
60495,598
60496,595
60497,571
60498,547
60499,552
60500,559
60501,570
60502,566
60503,551
60504,539
60505,513
60506,470
60507,447
60508,449
60509,447
60510,453
60511,462
60512,461
60513,467
60514,472
60515,458
60516,452
60517,471
60518,465
60519,472
60520,506
60521,520
60522,530
60523,564
60524,574
60525,598
60526,586
60527,579
60528,578
60529,569
60530,561
60531,575
60532,574
60533,588
60534,600
60535,596
60536,583
60537,581
60538,572
60539,570
60540,564
60541,524
60542,525
60543,537
60544,532
60545,533
60546,537
60547,546
60548,556
60549,552
60550,558
60551,562
60552,550
60553,547
60554,540
60555,533
60556,542
60557,537
60558,535
60559,525
60560,530
60561,522
60562,517
60563,504
60564,506
60565,509
60566,486
60567,485
60568,489
60569,491
60570,504
60571,489
60572,487
60573,478
60574,476
60575,484
60576,474
60577,480
60578,496
60579,511
60580,501
60581,514
60582,510
60583,499
60584,511
60585,517
60586,505
60587,518
60588,522
60589,525
60590,531
60591,547
60592,554
60593,570
60594,583
60595,594
60596,596
60597,600
60598,620
60599,622
60600,627
60601,636
60602,666
60603,641
60604,645
60605,634
60606,640
60607,619
60608,624
60609,617
60610,593
60611,584
60612,560
60613,538
60614,532
60615,519
60616,532
60617,557
60618,600
60619,598
60620,600
60621,599
60622,611
60623,626
60624,638
60625,654
60626,656
60627,661
60628,683
60629,682
60630,685
60631,697
60632,695
60633,703
60634,701
60635,708
60636,736
60637,741
60638,752
60639,762
60640,764
60641,779
60642,778
60643,795
60644,794
60645,811
60646,808
60647,798
60648,794
60649,792
60650,814
60651,817
60652,836
60653,817
60654,793
60655,781
60656,790
60657,787
60658,812
60659,829
60660,837
60661,863
60662,844
60663,840
60664,829
60665,833
60666,840
60667,818
60668,825
60669,829
60670,834
60671,820
60672,811
60673,826
60674,815
60675,812
60676,829
60677,843
60678,851
60679,858
60680,854
60681,850
60682,842
60683,832
60684,785
60685,805
60686,781
60687,799
60688,791
60689,807
60690,800
60691,781
60692,742
60693,740
60694,739
60695,752
60696,763
60697,783
60698,808
60699,802
60700,810
60701,816
60702,816
60703,805
60704,812
60705,828
60706,848
60707,851
60708,839
60709,857
60710,836
60711,804
60712,799
60713,793
60714,773
60715,802
60716,805
60717,798
60718,774
60719,775
60720,785
60721,784
60722,762
60723,774
60724,771
60725,768
60726,762
60727,752
60728,735
60729,738
60730,720
60731,726
60732,710
60733,712
60734,712
60735,703
60736,699
60737,705
60738,722
60739,710
60740,692
60741,672
60742,667
60743,673
60744,680
60745,661
60746,645
60747,661
60748,666
60749,660
60750,657
60751,663
60752,659
60753,642
60754,656
60755,660
60756,673
60757,674
60758,671
60759,680
60760,667
60761,666
60762,693
60763,694
60764,691
60765,700
60766,690
60767,693
60768,686
60769,676
60770,677
60771,668
60772,663
60773,675
60774,670
60775,674
60776,694
60777,689
60778,691
60779,687
60780,678
60781,682
60782,683
60783,675
60784,687
60785,681
60786,691
60787,679
60788,668
60789,676
60790,660
60791,671
60792,656
60793,652
60794,632
60795,637
60796,619
60797,619
60798,625
60799,625
60800,650
60801,650
60802,643
60803,632
60804,631
60805,624
60806,617
60807,625
60808,623
60809,606
60810,614
60811,598
60812,602
60813,605
60814,597
60815,603
60816,601
60817,602
60818,590
60819,607
60820,614
60821,613
60822,610
60823,622
60824,628
60825,623
60826,624
60827,633
60828,617
60829,623
60830,624
60831,621
60832,625
60833,629
60834,635
60835,637
60836,654
60837,641
60838,651
60839,644
60840,638
60841,655
60842,660
60843,675
60844,660
60845,667
60846,667
60847,666
60848,663
60849,659
60850,661
60851,663
60852,644
60853,645
60854,637
60855,635
60856,633
60857,639
60858,639
60859,649
60860,631
60861,614
60862,623
60863,638
60864,624
60865,639
60866,640
60867,635
60868,633
60869,646
60870,650
60871,644
60872,647
60873,653
60874,644
60875,653
60876,653
60877,652
60878,641
60879,659
60880,651
60881,656
60882,643
60883,644
60884,647
60885,643
60886,635
60887,653
60888,650
60889,640
60890,643
60891,632
60892,649
60893,641
60894,628
60895,650
60896,630
60897,638
60898,610
60899,575
60900,564
60901,564
60902,566
60903,547
60904,541
60905,528
60906,507
60907,486
60908,489
60909,475
60910,487
60911,480
60912,483
60913,473
60914,473
60915,477
60916,494
60917,499
60918,500
60919,497
60920,495
60921,505
60922,494
60923,494
60924,494
60925,479
60926,493
60927,487
60928,486
60929,490
60930,489
60931,473
60932,472
60933,474
60934,476
60935,489
60936,495
60937,491
60938,501
60939,502
60940,490
60941,495
60942,503
60943,504
60944,502
60945,496
60946,485
60947,469
60948,476
60949,482
60950,483
60951,489
60952,479
60953,468
60954,472
60955,464
60956,467
60957,470
60958,471
60959,472
60960,473
60961,468
60962,472
60963,502
60964,498
60965,497
60966,498
60967,493
60968,501
60969,489
60970,504
60971,506
60972,492
60973,492
60974,500
60975,499
60976,503
60977,505
60978,497
60979,508
60980,504
60981,500
60982,504
60983,497
60984,499
60985,504
60986,491
60987,489
60988,498
60989,495
60990,494
60991,496
60992,505
60993,498
60994,489
60995,497
60996,499
60997,503
60998,511
60999,493
61000,503
61001,526
61002,504
61003,508
61004,510
61005,514
61006,509
61007,503
61008,509
61009,501
61010,494
61011,492
61012,502
61013,500
61014,509
61015,513
61016,520
61017,518
61018,511
61019,518
61020,513
61021,510
61022,511
61023,503
61024,500
61025,507
61026,502
61027,496
61028,506
61029,510
61030,514
61031,518
61032,509
61033,525
61034,531
61035,519
61036,519
61037,530
61038,505
61039,513
61040,514
61041,520
61042,519
61043,510
61044,520
61045,513
61046,527
61047,514
61048,513
61049,539
61050,519
61051,521
61052,518
61053,525
61054,521
61055,520
61056,530
61057,544
61058,534
61059,537
61060,533
61061,545
61062,543
61063,531
61064,533
61065,539
61066,555
61067,546
61068,545
61069,535
61070,538
61071,533
61072,541
61073,534
61074,538
61075,540
61076,539
61077,533
61078,554
61079,537
61080,545
61081,548
61082,540
61083,553
61084,534
61085,541
61086,538
61087,545
61088,550
61089,533
61090,533
61091,534
61092,531
61093,526
61094,535
61095,528
61096,537
61097,544
61098,530
61099,526
61100,528
61101,529
61102,526
61103,527
61104,531
61105,519
61106,520
61107,502
61108,519
61109,518
61110,532
61111,531
61112,528
61113,528
61114,528
61115,531
61116,527
61117,530
61118,537
61119,524
61120,532
61121,525
61122,533
61123,531
61124,530
61125,541
61126,540
61127,542
61128,540
61129,545
61130,552
61131,565
61132,564
61133,557
61134,561
61135,568
61136,561
61137,563
61138,560
61139,555
61140,549
61141,549
61142,554
61143,551
61144,550
61145,537
61146,528
61147,530
61148,534
61149,531
61150,524
61151,525
61152,531
61153,525
61154,537
61155,534
61156,538
61157,541
61158,545
61159,548
61160,541
61161,536
61162,545
61163,532
61164,542
61165,524
61166,534
61167,540
61168,533
61169,532
61170,526
61171,530
61172,523
61173,529
61174,530
61175,538
61176,526
61177,518
61178,527
61179,514
61180,523
61181,517
61182,516
61183,511
61184,514
61185,513
61186,510
61187,513
61188,509
61189,505
61190,501
61191,510
61192,511
61193,515
61194,521
61195,541
61196,537
61197,537
61198,529
61199,525
61200,524
61201,532
61202,532
61203,537
61204,530
61205,530
61206,532
61207,537
61208,529
61209,534
61210,537
61211,540
61212,522
61213,528
61214,538
61215,548
61216,536
61217,543
61218,531
61219,536
61220,543
61221,533
61222,537
61223,543
61224,532
61225,533
61226,519
61227,509
61228,508
61229,499
61230,494
61231,490
61232,481
61233,489
61234,479
61235,496
61236,498
61237,479
61238,485
61239,480
61240,475
61241,486
61242,544
61243,621
61244,655
61245,666
61246,670
61247,661
61248,669
61249,666
61250,658
61251,644
61252,617
61253,639
61254,659
61255,669
61256,672
61257,666
61258,665
61259,645
61260,647
61261,662
61262,673
61263,668
61264,669
61265,676
61266,665
61267,667
61268,655
61269,678
61270,710
61271,713
61272,736
61273,732
61274,725
61275,727
61276,727
61277,740
61278,754
61279,752
61280,740
61281,762
61282,749
61283,756
61284,763
61285,773
61286,758
61287,762
61288,748
61289,748
61290,756
61291,742
61292,732
61293,738
61294,735
61295,738
61296,746
61297,749
61298,760
61299,775
61300,774
61301,800
61302,816
61303,816
61304,814
61305,829
61306,833
61307,834
61308,832
61309,835
61310,844
61311,821
61312,845
61313,825
61314,847
61315,867
61316,872
61317,870
61318,880
61319,884
61320,881
61321,865
61322,868
61323,864
61324,870
61325,855
61326,866
61327,852
61328,852
61329,879
61330,877
61331,874
61332,899
61333,871
61334,867
61335,882
61336,891
61337,898
61338,897
61339,918
61340,914
61341,916
61342,911
61343,927
61344,922
61345,925
61346,923
61347,929
61348,922
61349,926
61350,925
61351,907
61352,919
61353,923
61354,914
61355,920
61356,913
61357,917
61358,919
61359,905
61360,910
61361,898
61362,911
61363,912
61364,904
61365,901
61366,904
61367,903
61368,897
61369,912
61370,926
61371,918
61372,916
61373,914
61374,909
61375,903
61376,905
61377,904
61378,889
61379,886
61380,868
61381,859
61382,850
61383,825
61384,821
61385,799
61386,790
61387,782
61388,786
61389,757
61390,750
61391,758
61392,760
61393,781
61394,780
61395,785
61396,779
61397,782
61398,771
61399,760
61400,741
61401,735
61402,706
61403,726
61404,708
61405,702
61406,681
61407,671
61408,680
61409,657
61410,660
61411,675
61412,679
61413,708
61414,715
61415,721
61416,724
61417,737
61418,749
61419,743
61420,736
61421,740
61422,732
61423,731
61424,747
61425,734
61426,746
61427,744
61428,741
61429,741
61430,742
61431,736
61432,748
61433,741
61434,754
61435,746
61436,753
61437,745
61438,766
61439,738
61440,733
61441,718
61442,706
61443,706
61444,707
61445,723
61446,737
61447,723
61448,718
61449,715
61450,711
61451,706
61452,707
61453,717
61454,715
61455,708
61456,709
61457,713
61458,707
61459,722
61460,710
61461,699
61462,700
61463,707
61464,698
61465,713
61466,690
61467,692
61468,697
61469,685
61470,680
61471,675
61472,683
61473,686
61474,674
61475,675
61476,670
61477,667
61478,671
61479,681
61480,687
61481,687
61482,681
61483,684
61484,685
61485,679
61486,676
61487,676
61488,678
61489,685
61490,680
61491,678
61492,678
61493,690
61494,693
61495,680
61496,687
61497,679
61498,686
61499,693
61500,694
61501,686
61502,677
61503,684
61504,678
61505,676
61506,673
61507,683
61508,688
61509,685
61510,678
61511,673
61512,674
61513,674
61514,681
61515,661
61516,655
61517,657
61518,643
61519,647
61520,650
61521,653
61522,661
61523,665
61524,675
61525,661
61526,658
61527,664
61528,659
61529,657
61530,648
61531,660
61532,654
61533,657
61534,652
61535,659
61536,644
61537,657
61538,665
61539,649
61540,680
61541,663
61542,646
61543,664
61544,645
61545,637
61546,622
61547,612
61548,619
61549,622
61550,615
61551,612
61552,611
61553,614
61554,631
61555,633
61556,646
61557,629
61558,637
61559,640
61560,636
61561,624
61562,615
61563,609
61564,609
61565,626
61566,605
61567,607
61568,618
61569,624
61570,632
61571,660
61572,627
61573,640
61574,653
61575,651
61576,640
61577,654
61578,636
61579,653
61580,649
61581,644
61582,641
61583,639
61584,635
61585,652
61586,660
61587,658
61588,659
61589,669
61590,655
61591,671
61592,670
61593,645
61594,650
61595,664
61596,636
61597,699
61598,769
61599,727
61600,664
61601,709
61602,725
61603,667
61604,641
61605,643
61606,674
61607,651
61608,675
61609,686
61610,730
61611,728
61612,699
61613,700
61614,701
61615,668
61616,662
61617,654
61618,653
61619,676
61620,689
61621,715
61622,662
61623,663
61624,677
61625,682
61626,611
61627,622
61628,634
61629,625
61630,638
61631,637
61632,656
61633,666
61634,672
61635,661
61636,666
61637,657
61638,659
61639,654
61640,654
61641,695
61642,830
61643,753
61644,684
61645,649
61646,647
61647,656
61648,654
61649,657
61650,663
61651,663
61652,732
61653,732
61654,685
61655,658
61656,656
61657,659
61658,669
61659,826
61660,821
61661,843
61662,780
61663,673
61664,661
61665,690
61666,712
61667,748
61668,742
61669,736
61670,740
61671,778
61672,791
61673,772
61674,755
