NETCARE2015/data/raw/Flight8/CPC3776_POLAR6_20150420_r2_L1_NETCARE.ict
35,1001
Abbatt,Jon
University of Toronto
Polar 6
NETCARE
1,1
2015,4,20,2017,8,16
1
time,seconds,seconds from start in UTC
1
1
-99999
conc,number of particles per cm3
0
20
PI_CONTACT_INFO: 80 St. George Street; Toronto; ON M5S 3H6 CANADA; email: jabbatt@chem.utoronto.ca
PLATFORM: Polar 6 aircraft
LOCATION: Canadian Arctic near Inuvik
ASSOCIATED_DATA: none
INSTRUMENT_INFO: The Ultrafine Condensation Particle Counter 3776 is a continuous-flow instrument that detects particles down to 2.5 nm. It operates at an aerosol flow rate of 50 cm^3/min and detects concentrations from 0 to 300 000 particles/cm^3 with coincidence correction.
DATA_INFO: all relevant information is given above
UNCERTAINTY:  ±10% of measured value
ULOD_FLAG: -7777
ULOD_VALUE: N/As
LLOD_FLAG: -8888
LLOD_VALUE: N/A
DM_CONTACT_INFO: Data collected by Julia Burkart. Please direct all correspondence to Jon Abbatt: jabbatt@chem.utoronto.ca
PROJECT_INFO: Polar 6 NETCARE Spring 2015 campaign
STIPULATIONS_ON_USE: N/A
OTHER_COMMENTS: N/A
REVISION: R2, R1, R0
R2: zero and filter measurements are removed
R1: uncorrected raw data
R0: raw data
time,conc
56989,440
56990,381
56991,424
56992,408
56993,388
56994,493
56995,445
56996,420
56997,384
56998,429
56999,466
57000,445
57001,424
57002,402
57003,393
57004,439
57005,421
57006,425
57007,402
57008,395
57009,448
57010,398
57011,410
57012,436
57013,412
57014,361
57015,439
57016,444
57017,380
57018,427
57019,430
57020,403
57021,419
57022,436
57023,388
57024,433
57025,369
57026,375
57027,401
57028,412
57029,387
57030,422
57031,429
57032,472
57033,456
57034,411
57035,439
57036,436
57037,433
57038,411
57039,418
57040,446
57041,390
57042,394
57043,393
57044,410
57045,417
57046,468
57047,406
57048,418
57049,392
57050,408
57051,413
57052,429
57053,368
57054,362
57055,415
57056,360
57057,400
57058,446
57059,497
57060,516
57061,556
57062,543
57063,617
57064,547
57065,474
57066,514
57067,424
57068,478
57069,472
57070,469
57071,436
57072,477
57073,450
57074,476
57075,441
57076,477
57077,407
57078,453
57079,459
57080,468
57081,470
57082,397
57083,456
57084,448
57085,480
57086,425
57087,441
57088,484
57089,455
57090,393
57091,396
57092,443
57093,434
57094,477
57095,491
57096,470
57097,468
57098,435
57099,476
57100,565
57101,490
57102,484
57103,463
57104,390
57105,416
57106,401
57107,393
57108,420
57109,421
57110,423
57111,358
57112,413
57113,419
57114,408
57115,455
57116,464
57117,484
57118,437
57119,476
57120,471
57121,470
57122,448
57123,486
57124,529
57125,495
57126,496
57127,517
57128,480
57129,503
57130,479
57131,499
57132,542
57133,473
57134,518
57135,517
57136,480
57137,489
57138,529
57139,462
57140,504
57141,486
57142,501
57143,429
57144,481
57145,459
57146,456
57147,475
57148,504
57149,462
57150,481
57151,525
57152,465
57153,443
57154,459
57155,476
57156,459
57157,450
57158,467
57159,473
57160,519
57161,527
57162,514
57163,501
57164,512
57165,450
57166,498
57167,444
57168,521
57169,509
57170,518
57171,462
57172,503
57173,468
57174,501
57175,463
57176,492
57177,537
57178,470
57179,451
57180,509
57181,505
57182,492
57183,420
57184,512
57185,495
57186,495
57187,483
57188,532
57189,503
57190,451
57191,479
57192,443
57193,476
57194,476
57195,508
57196,476
57197,512
57198,461
57199,428
57200,478
57201,473
57202,485
57203,470
57204,512
57205,489
57206,512
57207,502
57208,467
57209,500
57210,483
57211,565
57212,548
57213,508
57214,495
57215,550
57216,497
57217,553
57218,596
57219,584
57220,581
57221,570
57222,516
57223,564
57224,556
57225,560
57226,532
57227,482
57228,543
57229,559
57230,498
57231,558
57232,590
57233,565
57234,546
57235,525
57236,544
57237,579
57238,486
57239,504
57240,486
57241,547
57242,524
57243,515
57244,533
57245,519
57246,546
57247,514
57248,515
57249,580
57250,536
57251,537
57252,570
57253,528
57254,530
57255,553
57256,535
57257,508
57258,580
57259,546
57260,567
57261,561
57262,598
57263,618
57264,592
57265,596
57266,577
57267,603
57268,563
57269,582
57270,591
57271,558
57272,548
57273,578
57274,559
57275,542
57276,563
57277,544
57278,592
57279,554
57280,588
57281,569
57282,569
57283,549
57284,531
57285,582
57286,601
57287,553
57288,587
57289,523
57290,533
57291,561
57292,533
57293,568
57294,589
57295,585
57296,543
57297,599
57298,595
57299,661
57300,616
57301,572
57302,593
57303,573
57304,597
57305,603
57306,571
57307,537
57308,581
57309,586
57310,628
57311,632
57312,568
57313,575
57314,662
57315,603
57316,568
57317,550
57318,615
57319,551
57320,545
57321,496
57322,569
57323,576
57324,558
57325,518
57326,572
57327,543
57328,584
57329,504
57330,537
57331,515
57332,520
57333,473
57334,458
57335,473
57336,470
57337,422
57338,417
57339,363
57340,363
57341,369
57342,364
57343,353
57344,328
57345,365
57346,340
57347,393
57348,329
57349,385
57350,342
57351,364
57352,329
57353,280
57354,320
57355,347
57356,373
57357,380
57358,350
57359,330
57360,353
57361,335
57362,357
57363,357
57364,335
57365,329
57366,346
57367,315
57368,365
57369,360
57370,376
57371,399
57372,394
57373,437
57374,406
57375,443
57376,460
57377,496
57378,513
57379,501
57380,547
57381,508
57382,544
57383,512
57384,498
57385,537
57386,524
57387,457
57388,536
57389,507
57390,522
57391,494
57392,487
57393,497
57394,509
57395,479
57396,557
57397,471
57398,485
57399,493
57400,468
57401,460
57402,436
57403,469
57404,473
57405,457
57406,477
57407,456
57408,448
57409,438
57410,453
57411,431
57412,456
57413,421
57414,424
57415,453
57416,418
57417,428
57418,485
57419,502
57420,484
57421,517
57422,537
57423,586
57424,631
57425,591
57426,600
57427,620
57428,608
57429,642
57430,627
57431,663
57432,663
57433,622
57434,626
57435,647
57436,622
57437,620
57438,644
57439,672
57440,663
57441,689
57442,624
57443,677
57444,558
57445,567
57446,623
57447,571
57448,579
57449,600
57450,681
57451,703
57452,689
57453,821
57454,861
57455,811
57456,803
57457,845
57458,924
57459,900
57460,896
57461,856
57462,923
57463,856
57464,902
57465,831
57466,851
57467,875
57468,882
57469,850
57470,906
57471,888
57472,873
57473,843
57474,899
57475,869
57476,806
57477,845
57478,846
57479,807
57480,824
57481,819
57482,833
57483,808
57484,739
57485,703
57486,834
57487,766
57488,776
57489,763
57490,810
57491,789
57492,723
57493,800
57494,804
57495,796
57496,736
57497,702
57498,772
57499,663
57500,705
57501,665
57502,717
57503,643
57504,659
57505,656
57506,675
57507,629
57508,655
57509,637
57510,650
57511,678
57512,721
57513,673
57514,684
57515,628
57516,657
57517,687
57518,661
57519,649
57520,670
57521,684
57522,689
57523,644
57524,711
57525,628
57526,639
57527,644
57528,652
57529,740
57530,701
57531,708
57532,712
57533,746
57534,735
57535,851
57536,879
57537,907
57538,958
57539,1.031
57540,957
57541,974
57542,949
57543,934
57544,922
57545,970
57546,1.000
57547,1.001
57548,1.003
57549,1.009
57550,1.092
57551,997
57552,988
57553,1.016
57554,1.029
57555,1.018
57556,944
57557,1.030
57558,1.059
57559,1.018
57560,980
57561,1.083
57562,1.058
57563,1.017
57564,1.030
57565,961
57566,1.047
57567,1.019
57568,1.032
57569,1.048
57570,1.024
57571,1.030
57572,1.011
57573,1.070
57574,962
57575,1.028
57576,1.046
57577,1.077
57578,1.021
57579,991
57580,1.041
57581,948
57582,1.020
57583,1.067
57584,1.003
57585,977
57586,954
57587,990
57588,923
57589,993
57590,966
57591,984
57592,1.003
57593,971
57594,915
57595,1.041
57596,968
57597,1.054
57598,956
57599,906
57600,976
57601,1.056
57602,985
57603,964
57604,1.022
57605,957
57606,989
57607,984
57608,1.025
57609,946
57610,1.025
57611,963
57612,1.038
57613,980
57614,1.031
57615,989
57616,1.009
57617,980
57618,955
57619,1.052
57620,1.005
57621,997
57622,1.009
57623,983
57624,938
57625,977
57626,981
57627,980
57628,1.004
57629,986
57630,973
57631,975
57632,948
57633,942
57634,920
57635,1.025
57636,978
57637,995
57638,1.010
57639,917
57640,998
57641,944
57642,974
57643,996
57644,973
57645,951
57646,926
57647,995
57648,980
57649,914
57650,930
57651,1.018
57652,1.001
57653,999
57654,988
57655,920
57656,941
57657,989
57658,1.028
57659,969
57660,911
57661,968
57662,976
57663,1.001
57664,1.040
57665,955
57666,1.039
57667,957
57668,960
57669,1.038
57670,971
57671,992
57672,868
57673,948
57674,948
57675,945
57676,952
57677,1.013
57678,962
57679,950
57680,943
57681,954
57682,987
57683,940
57684,914
57685,950
57686,1.037
57687,966
57688,990
57689,930
57690,925
57691,942
57692,872
57693,952
57694,897
57695,967
57696,919
57697,909
57698,920
57699,908
57700,948
57701,978
57702,874
57703,930
57704,953
57705,1.016
57706,946
57707,923
57708,1.004
57709,979
57710,968
57711,1.007
57712,942
57713,1.099
57714,1.012
57715,1.020
57716,997
57717,1.003
57718,1.049
57719,1.022
57720,1.027
57721,1.001
57722,990
57723,1.070
57724,1.051
57725,1.095
57726,1.059
57727,1.082
57728,1.043
57729,1.072
57730,1.108
57731,1.018
57732,1.160
57733,1.161
57734,1.106
57735,1.235
57736,1.174
57737,1.153
57738,1.207
57739,1.178
57740,1.174
57741,1.158
57742,1.059
57743,1.101
57744,1.102
57745,1.015
57746,1.086
57747,1.066
57748,1.087
57749,1.097
57750,1.126
57751,1.128
57752,1.074
57753,1.089
57754,1.140
57755,1.109
57756,1.146
57757,1.097
57758,1.123
57759,1.050
57760,1.132
57761,1.227
57762,1.190
57763,1.130
57764,1.183
57765,1.101
57766,1.187
57767,1.161
57768,1.146
57769,1.140
57770,1.170
57771,1.133
57772,1.141
57773,1.169
57774,1.183
57775,1.174
57776,1.136
57777,1.170
57778,1.128
57779,1.094
57780,1.144
57781,1.148
57782,1.248
57783,1.214
57784,1.277
57785,1.223
57786,1.223
57787,1.312
57788,1.278
57789,1.289
57790,1.345
57791,1.349
57792,1.298
57793,1.177
57794,1.198
57795,1.219
57796,1.098
57797,1.118
57798,1.053
57799,977
57800,1.009
57801,944
57802,997
57803,928
57804,991
57805,940
57806,1.042
57807,924
57808,974
57809,965
57810,1.069
57811,981
57812,1.022
57813,1.047
57814,988
57815,1.046
57816,1.117
57817,1.108
57818,1.112
57819,1.113
57820,1.072
57821,991
57822,1.010
57823,922
57824,923
57825,916
57826,866
57827,918
57828,893
57829,896
57830,886
57831,889
57832,865
57833,912
57834,876
57835,895
57836,890
57837,933
57838,861
57839,914
57840,892
57841,875
57842,936
57843,911
57844,894
57845,860
57846,843
57847,931
57848,953
57849,953
57850,953
57851,895
57852,883
57853,900
57854,949
57855,933
57856,933
57857,889
57858,926
57859,871
57860,923
57861,874
57862,987
57863,880
57864,888
57865,867
57866,919
57867,1.027
57868,892
57869,929
57870,966
57871,941
57872,936
57873,1.097
57874,1.030
57875,1.071
57876,1.011
57877,995
57878,1.007
57879,1.028
57880,988
57881,985
57882,940
57883,1.022
57884,1.068
57885,1.030
57886,973
57887,916
57888,1.028
57889,951
57890,1.051
57891,999
57892,976
57893,1.016
57894,1.042
57895,1.048
57896,1.051
57897,1.004
57898,1.051
57899,1.020
57900,991
57901,992
57902,988
57903,1.039
57904,1.043
57905,986
57906,1.015
57907,1.125
57908,1.059
57909,1.034
57910,1.038
57911,1.018
57912,1.075
57913,1.006
57914,1.041
57915,1.062
57916,1.064
57917,1.132
57918,1.137
57919,1.100
57920,956
57921,1.040
57922,967
57923,1.011
57924,1.030
57925,1.054
57926,1.095
57927,1.117
57928,1.127
57929,1.172
57930,1.155
57931,1.131
57932,1.131
57933,1.121
57934,1.179
57935,1.113
57936,1.127
57937,1.005
57938,1.003
57939,1.033
57940,1.028
57941,1.085
57942,1.044
57943,1.089
57944,997
57945,1.050
57946,1.107
57947,1.069
57948,1.065
57949,974
57950,1.057
57951,1.050
57952,1.117
57953,1.016
57954,1.094
57955,1.057
57956,1.066
57957,1.075
57958,1.070
57959,1.096
57960,1.063
57961,1.031
57962,1.052
57963,1.062
57964,1.038
57965,1.021
57966,1.038
57967,1.005
57968,1.050
57969,1.074
57970,1.037
57971,991
57972,1.025
57973,1.030
57974,1.073
57975,1.023
57976,1.026
57977,1.077
57978,1.038
57979,1.021
57980,1.035
57981,1.032
57982,1.041
57983,1.015
57984,1.077
57985,1.041
57986,1.074
57987,1.027
57988,1.038
57989,975
57990,1.007
57991,1.006
57992,1.031
57993,1.019
57994,1.099
57995,1.111
57996,1.049
57997,1.041
57998,1.032
57999,1.006
58000,1.019
58001,1.036
58002,1.041
58003,1.028
58004,991
58005,1.001
58006,1.093
58007,1.026
58008,1.021
58009,1.050
58010,962
58011,1.033
58012,1.021
58013,1.001
58014,1.032
58015,1.076
58016,1.054
58017,1.025
58018,991
58019,1.093
58020,1.031
58021,1.060
58022,963
58023,1.069
58024,962
58025,1.025
58026,1.073
58027,1.018
58028,1.042
58029,1.092
58030,1.014
58031,1.029
58032,1.033
58033,1.014
58034,1.065
58035,1.080
58036,1.036
58037,1.010
58038,1.046
58039,958
58040,1.020
58041,1.070
58042,1.026
58043,986
58044,1.051
58045,1.017
58046,1.021
58047,1.048
58048,1.049
58049,1.035
58050,1.001
58051,1.006
58052,985
58053,1.114
58054,974
58055,1.021
58056,1.069
58057,980
58058,959
58059,1.061
58060,1.003
58061,1.011
58062,1.033
58063,1.083
58064,1.052
58065,1.023
58066,1.007
58067,1.057
58068,1.067
58069,1.092
58070,1.033
58071,956
58072,1.007
58073,1.053
58074,1.081
58075,990
58076,1.100
58077,1.054
58078,1.044
58079,1.083
58080,1.158
58081,984
58082,1.090
58083,984
58084,1.033
58085,978
58086,1.036
58087,1.034
58088,1.066
58089,1.036
58090,1.127
58091,1.022
58092,1.060
58093,1.049
58094,1.097
58095,1.074
58096,1.089
58097,1.001
58098,1.127
58099,1.067
58100,1.039
58101,1.047
58102,1.098
58103,1.044
58104,1.087
58105,1.048
58106,1.089
58107,1.083
58108,1.034
58109,1.061
58110,1.012
58111,1.027
58112,977
58113,997
58114,1.033
58115,982
58116,1.006
58117,1.020
58118,1.047
58119,1.061
58120,1.059
58121,1.079
58122,1.023
58123,997
58124,1.114
58125,1.046
58126,1.104
58127,1.029
58128,1.018
58129,1.048
58130,1.052
58131,1.010
58132,996
58133,1.044
58134,999
58135,978
58136,1.054
58137,1.119
58138,1.091
58139,1.086
58140,1.051
58141,1.056
58142,998
58143,1.044
58144,1.074
58145,1.067
58146,1.090
58147,1.015
58148,1.071
58149,1.044
58150,1.032
58151,1.055
58152,1.028
58153,1.021
58154,1.017
58155,1.066
58156,1.037
58157,974
58158,1.019
58159,967
58160,976
58161,1.011
58162,1.001
58163,1.012
58164,995
58165,1.015
58166,959
58167,1.052
58168,1.097
58169,996
58170,1.052
58171,1.012
58172,977
58173,1.014
58174,1.032
58175,1.106
58176,955
58177,987
58178,1.002
58179,939
58180,974
58181,934
58182,919
58183,874
58184,921
58185,915
58186,892
58187,978
58188,911
58189,960
58190,935
58191,1.018
58192,867
58193,946
58194,950
58195,972
58196,876
58197,901
58198,942
58199,960
58200,940
58201,940
58202,919
58203,964
58204,914
58205,981
58206,963
58207,1.067
58208,975
58209,962
58210,918
58211,942
58212,974
58213,937
58214,955
58215,988
58216,994
58217,951
58218,965
58219,1.020
58220,966
58221,949
58222,935
58223,941
58224,986
58225,993
58226,923
58227,947
58228,957
58229,955
58230,957
58231,974
58232,953
58233,969
58234,955
58235,928
58236,979
58237,1.031
58238,895
58239,891
58240,891
58241,910
58242,894
58243,926
58244,883
58245,856
58246,882
58247,851
58248,852
58249,838
58250,891
58251,849
58252,913
58253,897
58254,843
58255,793
58256,805
58257,877
58258,682
58259,596
58260,603
58261,612
58262,678
58263,747
58264,756
58265,663
58266,606
58267,766
58268,813
58269,830
58270,684
58271,550
58272,707
58273,790
58274,718
58275,641
58276,580
58277,538
58278,588
58279,636
58280,619
58281,537
58282,487
58283,530
58284,440
58285,498
58286,411
58287,484
58288,462
58289,426
58290,476
58291,370
58292,415
58293,431
58294,452
58295,435
58296,398
58297,384
58298,423
58299,371
58300,402
58301,429
58302,425
58303,419
58304,396
58305,472
58306,427
58307,380
58308,420
58309,399
58310,452
58311,441
58312,457
58313,425
58314,392
58315,395
58316,417
58317,415
58318,380
58319,431
58320,380
58321,392
58322,412
58323,379
58324,351
58325,348
58326,391
58327,396
58328,380
58329,397
58330,359
58331,386
58332,348
58333,429
58334,344
58335,344
58336,438
58337,381
58338,433
58339,403
58340,390
58341,428
58342,406
58343,425
58344,421
58345,423
58346,420
58347,405
58348,412
58349,410
58350,420
58351,450
58352,428
58353,392
58354,358
58355,353
58356,397
58357,394
58358,387
58359,341
58360,352
58361,336
58362,388
58363,367
58364,323
58365,382
58366,351
58367,331
58368,334
58369,399
58370,355
58371,366
58372,354
58373,368
58374,364
58375,348
58376,370
58377,350
58378,368
58379,329
58380,341
58381,332
58382,347
58383,312
58384,368
58385,375
58386,371
58387,369
58388,325
58389,337
58390,389
58391,340
58392,379
58393,344
58394,349
58395,358
58396,322
58397,384
58398,373
58399,355
58400,349
58401,352
58402,333
58403,374
58404,368
58405,344
58406,350
58407,378
58408,367
58409,383
58410,391
58411,356
58412,408
58413,343
58414,326
58415,362
58416,370
58417,339
58418,331
58419,371
58420,348
58421,381
58422,361
58423,389
58424,385
58425,353
58426,373
58427,405
58428,379
58429,377
58430,369
58431,400
58432,379
58433,401
58434,379
58435,430
58436,416
58437,440
58438,449
58439,432
58440,469
58441,414
58442,452
58443,424
58444,445
58445,406
58446,432
58447,402
58448,442
58449,454
58450,446
58451,477
58452,501
58453,475
58454,499
58455,489
58456,535
58457,534
58458,548
58459,581
58460,533
58461,571
58462,590
58463,561
58464,571
58465,512
58466,551
58467,558
58468,545
58469,593
58470,545
58471,544
58472,572
58473,549
58474,635
58475,586
58476,563
58477,577
58478,599
58479,676
58480,656
58481,663
58482,694
58483,688
58484,665
58485,670
58486,665
58487,706
58488,654
58489,654
58490,675
58491,634
58492,653
58493,704
58494,712
58495,702
58496,752
58497,702
58498,669
58499,738
58500,676
58501,650
58502,703
58503,690
58504,652
58505,653
