NETCARE2015/data/raw/Flight8/CPC3776_POLAR6_20150420_r2_L1_NETCARE.ict
35,1001
Abbatt,Jon
University of Toronto
Polar 6
NETCARE
1,1
2015,4,20,2017,8,16
1
time,seconds,seconds from start in UTC
1
1
-99999
conc,number of particles per cm3
0
20
PI_CONTACT_INFO: 80 St. George Street; Toronto; ON M5S 3H6 CANADA; email: jabbatt@chem.utoronto.ca
PLATFORM: Polar 6 aircraft
LOCATION: Canadian Arctic near Inuvik
ASSOCIATED_DATA: none
INSTRUMENT_INFO: The Ultrafine Condensation Particle Counter 3776 is a continuous-flow instrument that detects particles down to 2.5 nm. It operates at an aerosol flow rate of 50 cm^3/min and detects concentrations from 0 to 300 000 particles/cm^3 with coincidence correction.
DATA_INFO: all relevant information is given above
UNCERTAINTY:  ±10% of measured value
ULOD_FLAG: -7777
ULOD_VALUE: N/As
LLOD_FLAG: -8888
LLOD_VALUE: N/A
DM_CONTACT_INFO: Data collected by Julia Burkart. Please direct all correspondence to Jon Abbatt: jabbatt@chem.utoronto.ca
PROJECT_INFO: Polar 6 NETCARE Spring 2015 campaign
STIPULATIONS_ON_USE: N/A
OTHER_COMMENTS: N/A
REVISION: R2, R1, R0
R2: zero and filter measurements are removed
R1: uncorrected raw data
R0: raw data
time,conc
[from data line 7690]
64679,594
64680,513
64681,578
64682,545
64683,585
64684,564
64685,546
64686,555
64687,595
64688,560
64689,607
64690,555
64691,600
64692,575
64693,595
64694,568
64695,559
64696,575
64697,594
64698,636
64699,578
64700,616
64701,579
64702,536
64703,563
64704,586
64705,552
64706,602
64707,624
64708,542
64709,568
64710,543
64711,545
64712,565
64713,569
64714,554
64715,567
64716,547
64717,603
64718,558
64719,584
64720,550
64721,584
64722,522
64723,514
64724,503
64725,530
64726,558
64727,571
64728,522
64729,569
64730,512
64731,520
64732,559
64733,553
64734,576
64735,569
64736,523
64737,566
64738,525
64739,573
64740,577
64741,539
64742,590
64743,538
64744,548
64745,580
64746,567
64747,525
64748,553
64749,511
64750,577
64751,535
64752,538
64753,521
64754,524
64755,535
64756,587
64757,520
64758,551
64759,555
64760,550
64761,507
64762,539
64763,488
64764,494
64765,527
64766,523
64767,557
64768,502
64769,493
64770,502
64771,502
64772,557
64773,550
64774,561
64775,574
64776,521
64777,473
64778,478
64779,541
64780,528
64781,496
64782,510
64783,530
64784,514
64785,534
64786,506
64787,517
64788,481
64789,493
64790,545
64791,546
64792,475
64793,480
64794,517
64795,528
64796,517
64797,561
64798,553
64799,537
64800,525
64801,496
64802,506
64803,513
64804,543
64805,530
64806,557
64807,541
64808,521
64809,572
64810,524
64811,545
64812,562
64813,534
64814,580
64815,552
64816,547
64817,545
64818,546
64819,568
64820,521
64821,607
64822,590
64823,545
64824,557
64825,567
64826,555
64827,599
64828,561
64829,542
64830,563
64831,538
64832,557
64833,563
64834,553
64835,568
64836,534
64837,524
64838,587
64839,548
64840,535
64841,586
64842,538
64843,538
64844,558
64845,571
64846,546
64847,566
64848,531
64849,537
64850,554
64851,557
64852,554
64853,583
64854,571
64855,551
64856,553
64857,591
64858,557
64859,555
64860,573
64861,599
64862,571
64863,551
64864,593
64865,562
64866,528
64867,527
64868,605
64869,603
64870,583
64871,588
64872,667
64873,604
64874,600
64875,647
64876,633
64877,611
64878,660
64879,657
64880,658
64881,668
64882,633
64883,600
64884,615
64885,663
64886,671
64887,643
64888,679
64889,660
64890,680
64891,627
64892,646
64893,638
64894,684
64895,653
64896,671
64897,662
64898,672
64899,711
64900,654
64901,643
64902,673
64903,698
64904,636
64905,692
64906,628
64907,619
64908,659
64909,593
64910,585
64911,683
64912,685
64913,623
64914,678
64915,650
64916,675
64917,673
64918,668
64919,643
64920,692
64921,696
64922,653
64923,663
64924,626
64925,695
64926,694
64927,656
64928,732
64929,684
64930,716
64931,689
64932,684
64933,686
64934,722
64935,717
64936,695
64937,661
64938,689
64939,708
64940,653
64941,731
64942,709
64943,711
64944,686
64945,683
64946,675
64947,697
64948,697
64949,710
64950,707
64951,684
64952,683
64953,740
64954,701
64955,750
64956,722
64957,770
64958,770
64959,693
64960,702
64961,714
64962,713
64963,715
64964,746
64965,695
64966,726
64967,676
64968,676
64969,708
64970,709
64971,664
64972,692
64973,708
64974,747
64975,745
64976,735
64977,706
64978,686
64979,674
64980,680
64981,724
64982,689
64983,688
64984,616
64985,601
64986,701
64987,698
64988,671
64989,722
64990,669
64991,675
64992,694
64993,653
64994,704
64995,724
64996,745
64997,755
64998,681
64999,715
65000,656
65001,688
65002,698
65003,634
65004,641
65005,621
65006,676
65007,645
65008,692
65009,691
65010,674
65011,672
65012,645
65013,639
65014,719
65015,692
65016,651
65017,667
65018,678
65019,661
65020,648
65021,706
65022,688
65023,699
65024,551
65025,655
65026,637
65027,669
65028,705
65029,651
65030,600
65031,667
65032,617
65033,604
65034,711
65035,692
65036,703
65037,693
65038,719
65039,727
65040,741
65041,728
65042,750
65043,745
65044,745
65045,727
65046,731
65047,771
65048,706
65049,716
65050,720
65051,711
65052,722
65053,700
65054,688
65055,755
65056,706
65057,754
65058,722
65059,755
65060,676
65061,787
65062,753
65063,794
65064,742
65065,698
65066,750
65067,754
65068,698
65069,770
65070,713
65071,744
65072,757
65073,771
65074,753
65075,752
65076,744
65077,676
65078,700
65079,743
65080,713
65081,655
65082,687
65083,768
65084,707
65085,669
65086,698
65087,681
65088,743
65089,728
65090,749
65091,763
65092,711
65093,757
65094,722
65095,731
65096,731
65097,704
65098,674
65099,719
65100,727
65101,756
65102,765
65103,738
65104,777
65105,819
65106,707
65107,778
65108,725
65109,708
65110,706
65111,724
65112,755
65113,734
65114,737
65115,721
65116,752
65117,722
65118,753
65119,717
65120,765
65121,738
65122,770
65123,772
65124,713
65125,787
65126,770
65127,733
65128,740
65129,777
65130,757
65131,765
65132,786
65133,774
65134,749
65135,729
65136,738
65137,718
65138,807
65139,766
65140,786
65141,777
65142,769
65143,738
65144,793
65145,729
65146,762
65147,719
65148,793
65149,729
65150,761
65151,796
65152,757
65153,766
65154,776
65155,804
65156,751
65157,805
65158,777
65159,811
65160,801
65161,773
65162,796
65163,712
65164,713
65165,735
65166,826
65167,774
65168,768
65169,787
65170,777
65171,803
65172,798
65173,802
65174,747
65175,747
65176,821
65177,799
65178,802
65179,795
65180,787
65181,856
65182,795
65183,760
65184,781
65185,752
65186,818
65187,854
65188,835
65189,727
65190,836
65191,793
65192,780
65193,864
65194,820
65195,845
65196,845
65197,818
65198,787
65199,837
65200,790
65201,824
65202,846
65203,803
65204,769
65205,833
65206,779
65207,735
65208,792
65209,794
65210,761
65211,792
65212,780
65213,777
65214,783
65215,779
65216,806
65217,743
65218,736
65219,780
65220,751
65221,753
65222,793
65223,794
65224,777
65225,750
65226,847
65227,765
65228,827
65229,778
65230,796
65231,799
65232,807
65233,848
65234,765
65235,822
65236,773
65237,773
65238,804
65239,795
65240,824
65241,842
65242,794
65243,840
65244,795
65245,794
65246,773
65247,804
65248,827
65249,789
65250,849
65251,795
65252,813
65253,844
65254,800
65255,805
65256,786
65257,802
65258,782
65259,763
65260,777
65261,801
65262,826
65263,803
65264,787
65265,777
65266,827
65267,796
65268,754
65269,798
65270,756
65271,825
65272,821
65273,744
65274,808
65275,934
65276,803
65277,823
65278,875
65279,881
65280,795
65281,823
65282,866
65283,852
65284,806
65285,843
65286,861
65287,845
65288,811
65289,808
65290,805
65291,863
65292,841
65293,844
65294,834
65295,783
65296,811
65297,752
65298,771
65299,810
65300,723
65301,786
65302,741
65303,720
65304,767
65305,744
65306,792
65307,663
65308,760
65309,748
65310,756
65311,741
65312,788
65313,804
65314,749
65315,805
65316,834
65317,825
65318,792
65319,765
65320,818
65321,808
65322,814
65323,856
65324,808
65325,795
65326,813
65327,774
65328,752
65329,780
65330,716
65331,737
65332,714
65333,746
65334,797
65335,801
65336,879
65337,820
65338,798
65339,852
65340,872
65341,839
65342,836
65343,778
65344,680
65345,721
65346,697
65347,745
65348,745
65349,728
65350,767
65351,703
65352,741
65353,706
65354,673
65355,690
65356,685
65357,664
65358,748
65359,731
65360,720
65361,745
65362,716
65363,726
65364,727
65365,775
65366,702
65367,770
65368,756
65369,719
65370,774
65371,687
65372,699
65373,738
65374,720
65375,687
65376,707
65377,710
65378,771
65379,783
65380,796
65381,755
65382,687
65383,726
65384,798
65385,749
65386,770
65387,727
65388,763
65389,799
65390,790
65391,749
65392,871
65393,794
65394,798
65395,800
65396,818
65397,744
65398,742
65399,748
65400,773
65401,809
65402,823
65403,785
65404,727
65405,761
65406,803
65407,768
65408,823
65409,824
65410,812
65411,849
65412,814
65413,856
65414,814
65415,764
65416,735
65417,765
65418,749
65419,741
65420,745
65421,765
65422,757
65423,830
65424,849
65425,822
65426,788
65427,841
65428,769
65429,777
65430,818
65431,750
65432,832
65433,750
65434,714
65435,718
65436,706
65437,754
65438,761
65439,818
65440,731
65441,781
65442,792
65443,735
65444,719
65445,734
65446,734
65447,683
65448,703
65449,753
65450,725
65451,737
65452,703
65453,696
65454,742
65455,707
65456,737
65457,712
65458,701
65459,746
65460,716
65461,730
65462,883
65463,774
65464,752
65465,818
65466,824
65467,790
65468,749
65469,727
65470,759
65471,790
65472,718
65473,708
65474,710
65475,741
65476,749
65477,760
65478,669
65479,710
65480,706
65481,667
65482,719
65483,670
65484,658
65485,695
65486,710
65487,674
65488,654
65489,642
65490,658
65491,678
65492,681
65493,656
65494,637
65495,662
65496,661
65497,670
65498,702
65499,713
65500,706
65501,761
65502,763
65503,733
65504,717
65505,715
65506,707
65507,733
65508,733
65509,655
65510,711
65511,711
65512,747
65513,755
65514,720
65515,739
65516,645
65517,687
65518,708
65519,662
65520,683
65521,649
65522,720
65523,715
65524,678
65525,696
65526,666
65527,704
65528,680
65529,693
65530,686
65531,725
65532,721
65533,683
65534,687
65535,674
65536,707
65537,727
65538,705
65539,738
65540,688
65541,703
65542,731
65543,722
65544,673
65545,641
65546,692
65547,730
65548,707
65549,741
65550,661
65551,706
65552,609
65553,733
65554,716
65555,632
65556,658
65557,675
65558,673
65559,683
65560,683
65561,639
65562,686
65563,627
65564,695
65565,686
65566,646
65567,634
65568,610
65569,640
65570,666
65571,655
65572,695
65573,605
65574,646
65575,623
65576,623
65577,640
65578,639
65579,631
65580,641
65581,663
65582,646
65583,653
65584,656
65585,615
65586,640
65587,592
65588,546
65589,552
65590,564
65591,558
65592,601
65593,530
65594,504
65595,557
65596,560
65597,560
65598,573
65599,556
65600,532
65601,539
65602,554
65603,566
65604,549
65605,635
65606,582
65607,566
65608,591
65609,594
65610,639
65611,582
65612,609
65613,615
65614,620
65615,562
65616,574
65617,629
65618,578
65619,568
65620,601
65621,539
65622,546
65623,512
65624,488
65625,553
65626,490
65627,515
65628,505
65629,497
65630,455
65631,487
65632,475
65633,482
65634,430
65635,516
65636,449
65637,479
65638,458
65639,441
65640,466
65641,457
65642,440
65643,483
65644,422
65645,459
65646,455
65647,456
65648,416
65649,456
65650,459
65651,494
65652,460
65653,456
65654,497
65655,478
65656,456
65657,467
65658,433
65659,513
65660,469
65661,495
65662,461
65663,507
65664,533
65665,491
65666,533
65667,510
65668,492
65669,513
65670,472
65671,471
65672,500
65673,458
65674,498
65675,553
65676,449
65677,510
65678,499
65679,500
65680,542
65681,530
65682,540
65683,523
65684,482
65685,532
65686,539
65687,493
65688,540
65689,490
65690,521
65691,549
65692,531
65693,532
65694,536
65695,490
65696,526
65697,488
65698,492
65699,480
65700,478
65701,481
65702,496
65703,490
65704,459
65705,508
65706,478
65707,500
65708,473
65709,467
65710,486
65711,417
65712,502
65713,483
65714,504
65715,458
65716,468
65717,456
65718,454
65719,428
65720,510
65721,425
65722,475
65723,482
65724,470
65725,391
65726,490
65727,458
65728,467
65729,502
65730,467
65731,565
65732,529
65733,493
65734,468
65735,454
65736,469
65737,488
65738,447
65739,497
65740,502
65741,504
65742,485
65743,524
65744,504
65745,520
65746,496
65747,519
65748,483
65749,501
65750,521
65751,494
65752,506
65753,568
65754,506
65755,515
65756,491
65757,444
65758,446
65759,525
65760,497
65761,488
65762,507
65763,491
65764,482
65765,525
65766,485
65767,494
65768,526
65769,486
65770,531
65771,521
65772,473
65773,510
65774,525
65775,480
65776,493
65777,490
65778,497
65779,506
65780,538
65781,526
65782,547
65783,450
65784,519
65785,510
65786,467
65787,470
65788,501
65789,527
65790,500
65791,582
65792,573
65793,529
65794,512
65795,529
65796,551
65797,528
65798,513
65799,540
65800,538
65801,580
65802,612
65803,534
65804,512
65805,600
65806,548
65807,535
65808,526
65809,518
65810,584
65811,597
65812,567
65813,646
65814,567
65815,483
65816,532
65817,496
65818,486
65819,563
65820,533
65821,546
65822,523
65823,486
65824,471
65825,529
65826,590
65827,546
65828,614
65829,538
65830,593
65831,564
65832,568
65833,613
65834,600
65835,593
65836,544
65837,561
65838,599
65839,531
65840,600
65841,563
65842,609
65843,581
65844,615
65845,580
65846,563
65847,586
65848,624
65849,588
65850,575
65851,566
65852,602
65853,623
65854,548
65855,518
65856,554
65857,558
65858,591
65859,526
65860,550
65861,572
65862,590
65863,622
65864,623
65865,573
65866,531
65867,553
65868,580
65869,573
65870,597
65871,572
65872,589
65873,523
65874,560
65875,538
65876,599
65877,538
65878,616
65879,598
65880,582
65881,575
65882,532
65883,571
65884,569
65885,553
65886,568
65887,580
65888,559
65889,592
65890,552
65891,608
65892,539
65893,595
65894,582
65895,645
65896,587
65897,625
65898,592
65899,602
65900,569
65901,627
65902,666
65903,619
65904,566
65905,556
65906,535
65907,586
65908,568
65909,500
65910,522
65911,537
65912,558
65913,522
65914,535
65915,483
65916,547
65917,533
65918,502
65919,519
65920,523
65921,525
65922,515
65923,507
65924,518
65925,578
65926,566
65927,553
65928,586
65929,550
65930,635
65931,575
65932,589
65933,596
65934,576
65935,598
65936,619
65937,623
65938,665
65939,560
65940,582
65941,524
65942,636
65943,593
65944,598
65945,464
65946,549
65947,603
65948,617
65949,619
65950,552
65951,600
65952,518
65953,537
65954,529
65955,541
65956,542
65957,598
65958,644
65959,602
65960,605
65961,561
65962,530
65963,571
65964,485
65965,564
65966,561
65967,638
65968,589
65969,576
65970,540
65971,584
65972,605
65973,594
65974,612
65975,504
65976,571
65977,515
65978,599
65979,571
65980,558
65981,527
65982,493
65983,641
65984,643
65985,591
65986,562
65987,577
65988,596
65989,598
65990,614
65991,628
65992,704
65993,620
65994,615
65995,663
65996,601
65997,691
65998,654
65999,562
66000,617
66001,658
66002,579
66003,658
66004,604
66005,653
66006,663
66007,683
66008,654
66009,639
66010,738
66011,676
66012,668
66013,681
66014,704
66015,684
66016,714
66017,691
66018,687
66019,618
66020,678
66021,671
66022,657
66023,641
66024,726
66025,631
66026,633
66027,686
66028,667
66029,682
66030,721
66031,673
66032,678
66033,713
66034,679
66035,646
66036,724
66037,711
66038,635
66039,712
66040,686
66041,700
66042,612
66043,717
66044,698
66045,680
66046,701
66047,674
66048,641
66049,699
66050,699
66051,674
66052,654
66053,617
66054,657
66055,701
66056,679
66057,691
66058,675
66059,651
66060,674
66061,672
66062,736
66063,698
66064,744
66065,673
66066,716
66067,663
66068,664
66069,675
66070,743
66071,675
66072,715
66073,757
66074,710
66075,694
66076,753
66077,708
66078,726
66079,646
66080,698
66081,729
66082,676
66083,686
66084,680
66085,695
66086,693
66087,666
66088,696
66089,652
66090,727
66091,746
66092,717
66093,723
66094,700
66095,671
66096,759
66097,679
66098,726
66099,689
66100,704
66101,669
66102,638
66103,701
66104,710
66105,704
66106,671
66107,646
66108,632
66109,661
66110,693
66111,697
66112,685
66113,631
66114,660
66115,670
66116,686
66117,745
66118,676
66119,660
66120,681
66121,755
66122,653
66123,729
66124,693
66125,676
66126,810
66127,724
66128,673
66129,733
66130,692
66131,726
66132,739
66133,771
66134,670
66135,698
66136,686
66137,708
66138,704
66139,682
66140,759
66141,734
66142,680
66143,724
66144,745
66145,694
66146,731
66147,752
66148,744
66149,720
66150,755
66151,755
66152,733
66153,808
66154,756
66155,811
66156,719
66157,741
66158,692
66159,715
66160,708
66161,756
66162,738
66163,760
66164,784
66165,729
66166,692
66167,743
66168,745
66169,652
66170,708
66171,701
66172,720
66173,761
66174,761
66175,736
66176,731
66177,743
66178,732
66179,743
66180,751
66181,750
66182,773
66183,722
66184,745
66185,811
66186,785
66187,818
66188,751
66189,818
66190,767
66191,770
66192,765
66193,747
66194,808
66195,800
66196,788
66197,772
66198,816
66199,783
66200,800
66201,803
66202,762
66203,767
66204,770
66205,805
66206,818
66207,780
66208,776
66209,785
66210,788
66211,817
66212,800
66213,836
66214,746
66215,804
66216,802
66217,815
66218,802
66219,827
66220,736
66221,831
66222,835
66223,817
66224,808
66225,867
66226,849
66227,889
66228,792
66229,847
66230,799
66231,838
66232,833
66233,832
66234,862
66235,787
66236,847
66237,913
66238,855
66239,863
66240,828
66241,761
66242,875
66243,772
66244,866
66245,870
66246,856
66247,904
66248,839
66249,849
66250,858
66251,863
66252,886
66253,829
66254,856
66255,828
66256,888
66257,830
66258,840
66259,833
66260,817
66261,818
66262,848
66263,851
66264,828
66265,882
66266,815
66267,790
66268,803
66269,829
66270,832
66271,873
66272,878
66273,801
66274,800
66275,795
66276,774
66277,773
