NETCARE2015/data/raw/Flight8/CPC3776_POLAR6_20150420_r2_L1_NETCARE.ict
35,1001
Abbatt,Jon
University of Toronto
Polar 6
NETCARE
1,1
2015,4,20,2017,8,16
1
time,seconds,seconds from start in UTC
1
1
-99999
conc,number of particles per cm3
0
20
PI_CONTACT_INFO: 80 St. George Street; Toronto; ON M5S 3H6 CANADA; email: jabbatt@chem.utoronto.ca
PLATFORM: Polar 6 aircraft
LOCATION: Canadian Arctic near Inuvik
ASSOCIATED_DATA: none
INSTRUMENT_INFO: The Ultrafine Condensation Particle Counter 3776 is a continuous-flow instrument that detects particles down to 2.5 nm. It operates at an aerosol flow rate of 50 cm^3/min and detects concentrations from 0 to 300 000 particles/cm^3 with coincidence correction.
DATA_INFO: all relevant information is given above
UNCERTAINTY:  ±10% of measured value
ULOD_FLAG: -7777
ULOD_VALUE: N/As
LLOD_FLAG: -8888
LLOD_VALUE: N/A
DM_CONTACT_INFO: Data collected by Julia Burkart. Please direct all correspondence to Jon Abbatt: jabbatt@chem.utoronto.ca
PROJECT_INFO: Polar 6 NETCARE Spring 2015 campaign
STIPULATIONS_ON_USE: N/A
OTHER_COMMENTS: N/A
REVISION: R2, R1, R0
R2: zero and filter measurements are removed
R1: uncorrected raw data
R0: raw data
time,conc
[from data line 3014]
60003,501
60004,565
60005,617
60006,556
60007,568
60008,525
60009,529
60010,515
60011,530
60012,503
60013,-99999
60014,-99999
60015,-99999
60016,-99999
60017,-99999
60018,-99999
60019,-99999
60020,-99999
60021,-99999
60022,-99999
60023,-99999
60024,-99999
60025,-99999
60026,-99999
60027,-99999
60028,-99999
60029,-99999
60030,-99999
60031,-99999
60032,-99999
60033,-99999
60034,-99999
60035,-99999
60036,-99999
60037,-99999
60038,-99999
60039,-99999
60040,-99999
60041,-99999
60042,-99999
60043,-99999
60044,-99999
60045,-99999
60046,-99999
60047,-99999
60048,-99999
60049,-99999
60050,-99999
60051,-99999
60052,-99999
60053,-99999
60054,-99999
60055,-99999
60056,-99999
60057,-99999
60058,-99999
60059,-99999
60060,-99999
60061,-99999
60062,-99999
60063,-99999
60064,-99999
60065,-99999
60066,-99999
60067,-99999
60068,-99999
60069,-99999
60070,-99999
60071,-99999
60072,-99999
60073,-99999
60074,-99999
60075,-99999
60076,-99999
60077,519
60078,606
60079,714
60080,768
60081,713
60082,533
60083,543
60084,508
60085,487
60086,464
60087,471
60088,438
60089,486
60090,525
60091,496
60092,513
60093,523
60094,479
60095,485
60096,471
60097,473
60098,485
60099,467
60100,465
60101,482
60102,440
60103,499
60104,511
60105,534
60106,489
60107,487
60108,458
60109,465
60110,502
60111,440
60112,509
60113,473
60114,498
60115,513
60116,501
60117,488
60118,521
60119,519
60120,473
60121,498
60122,454
60123,451
60124,453
60125,585
60126,468
60127,497
60128,492
60129,512
60130,527
60131,499
60132,502
60133,473
60134,528
60135,538
60136,518
60137,516
60138,488
60139,499
60140,509
60141,562
60142,525
60143,537
60144,518
60145,541
60146,559
60147,480
60148,552
60149,512
60150,520
60151,563
60152,519
60153,538
60154,465
60155,521
60156,526
60157,540
60158,503
60159,508
60160,489
60161,546
60162,528
60163,562
60164,540
60165,562
60166,521
60167,566
60168,511
60169,546
60170,541
60171,516
60172,503
60173,581
60174,494
60175,547
60176,519
60177,478
60178,464
60179,392
60180,416
60181,439
60182,425
60183,419
60184,398
60185,438
60186,412
60187,452
60188,424
60189,339
60190,388
60191,410
60192,397
60193,391
60194,417
60195,356
60196,393
60197,403
60198,398
60199,387
60200,389
60201,386
60202,353
60203,380
60204,368
60205,356
60206,355
60207,355
60208,352
60209,355
60210,336
60211,342
60212,350
60213,336
60214,343
60215,349
60216,281
60217,343
60218,363
60219,349
60220,317
60221,339
60222,285
60223,314
60224,316
60225,340
60226,345
60227,356
60228,339
60229,360
60230,352
60231,364
60232,357
60233,353
60234,350
60235,393
60236,352
60237,338
60238,333
60239,402
60240,352
60241,325
60242,340
60243,324
60244,310
60245,352
60246,378
60247,364
60248,345
60249,369
60250,386
60251,365
60252,352
60253,374
60254,327
60255,352
60256,350
60257,349
60258,348
60259,358
60260,379
60261,323
60262,351
60263,346
60264,379
60265,345
60266,369
60267,377
60268,395
60269,356
60270,376
60271,372
60272,323
60273,337
60274,356
60275,336
60276,331
60277,396
60278,377
60279,355
60280,361
60281,385
60282,446
60283,406
60284,435
60285,446
60286,502
60287,455
60288,466
60289,463
60290,478
60291,452
60292,491
60293,485
60294,451
60295,512
60296,517
60297,545
60298,472
60299,511
60300,517
60301,550
60302,542
60303,579
60304,564
60305,557
60306,612
60307,614
60308,552
60309,587
60310,618
60311,570
60312,582
60313,589
60314,588
60315,577
60316,570
60317,591
60318,586
60319,547
60320,565
60321,594
60322,570
60323,600
60324,565
60325,572
60326,585
60327,557
60328,542
60329,540
60330,601
60331,600
60332,646
60333,570
60334,593
60335,616
60336,527
60337,550
60338,529
60339,531
60340,580
60341,560
60342,604
60343,562
60344,555
60345,597
60346,582
60347,578
60348,533
60349,614
60350,559
60351,490
60352,543
60353,577
60354,599
60355,569
60356,531
60357,577
60358,589
60359,591
60360,549
60361,601
60362,552
60363,574
60364,560
60365,556
60366,575
60367,585
60368,573
60369,550
60370,587
60371,637
60372,587
60373,587
60374,632
60375,600
60376,633
60377,567
60378,601
60379,632
60380,618
60381,624
60382,594
60383,565
60384,640
60385,683
60386,568
60387,619
60388,617
60389,596
60390,539
60391,551
60392,572
60393,561
60394,622
60395,576
60396,571
60397,651
60398,558
60399,627
60400,569
60401,654
60402,560
60403,597
60404,619
60405,611
60406,627
60407,625
60408,596
60409,592
60410,602
60411,489
60412,586
60413,580
60414,605
60415,615
60416,584
60417,547
60418,650
60419,582
60420,625
60421,606
60422,550
60423,578
60424,599
60425,579
60426,616
60427,585
60428,559
60429,594
60430,593
60431,592
60432,524
60433,595
60434,585
60435,583
60436,593
60437,555
60438,627
60439,582
60440,685
60441,629
60442,553
60443,550
60444,477
60445,518
60446,513
60447,555
60448,499
60449,515
60450,580
60451,561
60452,542
60453,542
60454,565
60455,596
60456,530
60457,572
60458,596
60459,653
60460,634
60461,596
60462,633
60463,653
60464,605
60465,667
60466,637
60467,640
60468,583
60469,618
60470,583
60471,616
60472,663
60473,675
60474,619
60475,637
60476,648
60477,641
60478,588
60479,576
60480,594
60481,599
60482,598
60483,661
60484,625
60485,630
60486,633
60487,630
60488,603
60489,548
60490,551
60491,591
60492,631
60493,628
60494,627
60495,580
60496,630
60497,578
60498,521
60499,599
60500,609
60501,585
60502,538
60503,529
60504,592
60505,503
60506,446
60507,473
60508,454
60509,499
60510,464
60511,473
60512,487
60513,455
60514,466
60515,456
60516,495
60517,489
60518,466
60519,472
60520,498
60521,570
60522,535
60523,594
60524,606
60525,625
60526,639
60527,589
60528,604
60529,569
60530,631
60531,544
60532,563
60533,640
60534,631
60535,580
60536,587
60537,632
60538,578
60539,585
60540,568
60541,548
60542,539
60543,539
60544,571
60545,484
60546,501
60547,598
60548,572
60549,536
60550,561
60551,601
60552,596
60553,565
60554,583
60555,508
60556,514
60557,552
60558,541
60559,544
60560,528
60561,546
60562,528
60563,482
60564,517
60565,520
60566,515
60567,488
60568,488
60569,522
60570,526
60571,493
60572,495
60573,533
60574,462
60575,466
60576,493
60577,513
60578,443
60579,487
60580,510
60581,547
60582,464
60583,508
60584,503
60585,483
60586,562
60587,537
60588,515
60589,566
60590,568
60591,558
60592,556
60593,601
60594,570
60595,565
60596,569
60597,570
60598,625
60599,644
60600,676
60601,726
60602,647
60603,694
60604,667
60605,644
60606,648
60607,683
60608,610
60609,617
60610,617
60611,628
60612,590
60613,568
60614,530
60615,500
60616,598
60617,584
60618,616
60619,587
60620,569
60621,619
60622,627
60623,601
60624,655
60625,711
60626,675
60627,699
60628,658
60629,700
60630,672
60631,704
60632,704
60633,759
60634,718
60635,715
60636,749
60637,793
60638,769
60639,785
60640,764
60641,775
60642,843
60643,762
60644,857
60645,893
60646,821
60647,848
60648,801
60649,840
60650,835
60651,831
60652,815
60653,816
60654,756
60655,749
60656,778
60657,798
60658,878
60659,804
60660,881
60661,856
60662,836
60663,872
60664,885
60665,778
60666,937
60667,859
60668,839
60669,812
60670,844
60671,833
60672,842
60673,798
60674,850
60675,854
60676,870
60677,849
60678,880
60679,885
60680,849
60681,865
60682,861
60683,837
60684,768
60685,797
60686,816
60687,746
60688,791
60689,775
60690,776
60691,777
60692,712
60693,761
60694,754
60695,761
60696,812
60697,781
60698,828
60699,763
60700,789
60701,802
60702,801
60703,821
60704,794
60705,864
60706,849
60707,870
60708,871
60709,879
60710,828
60711,800
60712,906
60713,775
60714,827
60715,836
60716,745
60717,768
60718,755
60719,761
60720,788
60721,801
60722,788
60723,793
60724,754
60725,811
60726,782
60727,801
60728,656
60729,757
60730,787
60731,729
60732,759
60733,742
60734,817
60735,778
60736,770
60737,698
60738,703
60739,696
60740,693
60741,723
60742,691
60743,688
60744,665
60745,688
60746,719
60747,680
60748,622
60749,700
60750,715
60751,650
60752,687
60753,726
60754,675
60755,713
60756,644
60757,663
60758,656
60759,702
60760,690
60761,728
60762,686
60763,675
60764,736
60765,709
60766,689
60767,718
60768,618
60769,654
60770,655
60771,718
60772,674
60773,734
60774,659
60775,710
60776,727
60777,705
60778,663
60779,673
60780,710
60781,676
60782,716
60783,646
60784,664
60785,708
60786,650
60787,663
60788,686
60789,729
60790,739
60791,691
60792,681
60793,683
60794,683
60795,637
60796,622
60797,572
60798,606
60799,672
60800,643
60801,675
60802,620
60803,586
60804,624
60805,631
60806,606
60807,662
60808,617
60809,648
60810,630
60811,587
60812,620
60813,646
60814,595
60815,593
60816,568
60817,616
60818,591
60819,611
60820,579
60821,573
60822,627
60823,649
60824,620
60825,623
60826,615
60827,630
60828,620
60829,636
60830,632
60831,655
60832,641
60833,576
60834,650
60835,605
60836,639
60837,638
60838,626
60839,687
60840,680
60841,618
60842,654
60843,615
60844,656
60845,727
60846,772
60847,810
60848,643
60849,656
60850,642
60851,625
60852,646
60853,662
60854,592
60855,589
60856,624
60857,667
60858,649
60859,616
60860,688
60861,640
60862,670
60863,616
60864,661
60865,632
60866,623
60867,678
60868,701
60869,613
60870,720
60871,685
60872,651
60873,646
60874,681
60875,663
60876,685
60877,711
60878,704
60879,657
60880,655
60881,675
60882,659
60883,627
60884,646
60885,637
60886,643
60887,646
60888,714
60889,685
60890,623
60891,664
60892,626
60893,661
60894,631
60895,676
60896,582
60897,712
60898,564
60899,587
60900,581
60901,552
60902,562
60903,544
60904,561
60905,546
60906,502
60907,498
60908,467
60909,491
60910,472
60911,513
60912,445
60913,489
60914,482
60915,482
60916,528
60917,516
60918,505
60919,485
60920,498
60921,488
60922,497
60923,487
60924,474
60925,424
60926,537
60927,522
60928,463
60929,430
60930,488
60931,491
60932,449
60933,477
60934,502
60935,457
60936,495
60937,514
60938,499
60939,506
60940,519
60941,525
60942,538
60943,471
60944,463
60945,481
60946,499
60947,509
60948,487
60949,496
60950,524
60951,514
60952,445
60953,477
60954,485
60955,429
60956,509
60957,492
60958,480
60959,469
60960,469
60961,444
60962,470
60963,517
60964,490
60965,501
60966,491
60967,497
60968,515
60969,470
60970,454
60971,493
60972,504
60973,490
60974,521
60975,537
60976,532
60977,507
60978,474
60979,510
60980,538
60981,517
60982,495
60983,515
60984,510
60985,506
60986,526
60987,493
60988,450
60989,542
60990,508
60991,508
60992,485
60993,509
60994,515
60995,534
60996,482
60997,522
60998,524
60999,527
61000,515
61001,525
61002,551
61003,507
61004,498
61005,551
61006,548
61007,543
61008,553
61009,505
61010,538
61011,481
61012,516
61013,501
61014,519
61015,539
61016,548
61017,494
61018,550
61019,550
61020,522
61021,512
61022,530
61023,516
61024,473
61025,506
61026,510
61027,514
61028,540
61029,500
61030,535
61031,514
61032,494
61033,523
61034,583
61035,582
61036,576
61037,537
61038,470
61039,489
61040,504
61041,514
61042,477
61043,517
61044,532
61045,506
61046,488
61047,545
61048,583
61049,554
61050,504
61051,570
61052,512
61053,535
61054,523
61055,546
61056,546
61057,540
61058,584
61059,573
61060,578
61061,489
61062,593
61063,523
61064,592
61065,531
61066,583
61067,551
61068,490
61069,543
61070,555
61071,517
61072,495
61073,515
61074,585
61075,551
61076,538
61077,556
61078,529
61079,549
61080,560
61081,560
61082,581
61083,508
61084,606
61085,560
61086,569
61087,570
61088,547
61089,519
61090,524
61091,535
61092,532
61093,467
61094,465
61095,501
61096,519
61097,571
61098,620
61099,561
61100,562
61101,530
61102,538
61103,540
61104,508
61105,553
61106,516
61107,545
61108,510
61109,528
61110,550
61111,546
61112,543
61113,543
61114,570
61115,550
61116,543
61117,508
61118,520
61119,520
61120,491
61121,560
61122,586
61123,533
61124,506
61125,547
61126,524
61127,524
61128,563
61129,540
61130,578
61131,585
61132,605
61133,594
61134,618
61135,520
61136,512
61137,605
61138,589
61139,542
61140,587
61141,536
61142,546
61143,533
61144,606
61145,526
61146,511
61147,524
61148,536
61149,525
61150,560
61151,562
61152,546
61153,513
61154,546
61155,520
61156,578
61157,560
61158,540
61159,519
61160,578
61161,546
61162,581
61163,522
61164,572
61165,551
61166,535
61167,546
61168,542
61169,555
61170,609
61171,509
61172,518
61173,519
61174,517
61175,565
61176,538
61177,505
61178,544
61179,491
61180,509
61181,528
61182,555
61183,480
61184,546
61185,552
61186,520
61187,524
61188,453
61189,532
61190,483
61191,544
61192,518
61193,518
61194,530
61195,488
61196,514
61197,570
61198,552
61199,519
61200,546
61201,562
61202,541
61203,580
61204,525
61205,503
61206,564
61207,554
61208,520
61209,608
61210,524
61211,525
61212,560
61213,525
61214,564
61215,546
61216,549
61217,518
61218,532
61219,583
61220,544
61221,522
61222,538
61223,535
61224,519
61225,530
61226,485
61227,504
61228,502
61229,492
61230,469
61231,492
61232,503
61233,459
61234,481
61235,506
61236,488
61237,473
61238,478
61239,495
61240,481
61241,517
61242,547
61243,675
61244,654
61245,683
61246,701
61247,707
61248,685
61249,701
61250,709
61251,670
61252,670
61253,687
61254,675
61255,666
61256,709
61257,643
61258,714
61259,679
61260,723
61261,719
61262,690
61263,696
61264,689
61265,683
61266,662
61267,653
61268,697
61269,711
61270,706
61271,702
61272,719
61273,710
61274,736
61275,730
61276,777
61277,776
61278,734
61279,750
61280,719
61281,763
61282,760
61283,797
61284,781
61285,787
61286,761
61287,740
61288,784
61289,794
61290,760
61291,714
61292,714
61293,766
61294,760
61295,767
61296,735
61297,789
61298,818
61299,722
61300,764
61301,827
61302,850
61303,878
61304,844
61305,883
61306,885
61307,815
61308,863
61309,843
61310,814
61311,899
61312,825
61313,884
61314,870
61315,846
61316,905
61317,850
61318,870
61319,843
61320,889
61321,863
61322,885
61323,832
61324,941
61325,831
61326,885
61327,897
61328,890
61329,914
61330,900
61331,864
61332,867
61333,891
61334,916
61335,883
61336,938
61337,914
61338,924
61339,981
61340,934
61341,940
61342,955
61343,965
61344,959
61345,949
61346,879
61347,884
61348,974
61349,958
61350,935
61351,960
61352,902
61353,1.014
61354,886
61355,876
61356,912
61357,952
61358,943
61359,921
61360,869
61361,911
61362,943
61363,948
61364,938
61365,991
61366,813
61367,873
61368,878
61369,1.005
61370,907
61371,869
61372,973
61373,931
61374,873
61375,863
61376,923
61377,840
61378,924
61379,862
61380,829
61381,901
61382,890
61383,850
61384,852
61385,835
61386,771
61387,787
61388,806
61389,739
61390,806
61391,783
61392,773
61393,809
61394,774
61395,763
61396,808
61397,742
61398,777
61399,721
61400,749
61401,744
61402,688
61403,746
61404,723
61405,680
61406,695
61407,662
61408,671
61409,666
61410,654
61411,695
61412,671
61413,667
61414,734
61415,731
61416,750
61417,720
61418,782
61419,823
61420,785
61421,777
61422,801
61423,755
61424,748
61425,677
61426,760
61427,784
61428,741
61429,795
61430,769
61431,782
61432,758
61433,778
61434,772
61435,801
61436,803
61437,788
61438,769
61439,711
61440,728
61441,734
61442,724
61443,759
61444,713
61445,792
61446,791
61447,839
61448,764
61449,763
61450,693
61451,761
61452,655
61453,751
61454,769
61455,716
61456,745
61457,724
61458,789
61459,751
61460,716
61461,721
61462,696
61463,728
61464,717
61465,738
61466,680
61467,677
61468,701
61469,702
61470,702
61471,695
61472,694
61473,665
61474,689
61475,676
61476,629
61477,644
61478,716
61479,693
61480,707
61481,721
61482,705
61483,684
61484,700
61485,693
61486,660
61487,688
61488,707
61489,682
61490,673
61491,702
61492,685
61493,694
61494,729
61495,726
61496,738
61497,743
61498,710
61499,707
61500,687
61501,637
61502,720
61503,666
61504,668
61505,699
61506,693
61507,702
61508,673
61509,726
61510,689
61511,697
61512,720
61513,730
61514,694
61515,618
61516,631
61517,622
61518,660
61519,694
61520,723
61521,698
61522,683
61523,732
61524,695
61525,721
61526,658
61527,637
61528,685
61529,646
61530,637
61531,691
61532,661
61533,704
61534,641
61535,643
61536,663
61537,744
61538,693
61539,681
61540,730
61541,685
61542,687
61543,720
61544,640
61545,636
61546,689
61547,652
61548,649
61549,643
61550,607
61551,676
61552,637
61553,717
61554,612
61555,701
61556,667
61557,709
61558,632
61559,663
61560,724
61561,699
61562,687
61563,637
61564,589
61565,597
61566,642
61567,646
61568,646
61569,617
61570,691
61571,658
61572,676
61573,644
61574,670
61575,635
61576,630
61577,623
61578,701
61579,675
61580,654
61581,700
61582,662
