NETCARE2015/data/raw/Flight8/O3_POLAR6_201504201521_R0_L1_NETCARE.ict
37, 1001
Staebler, Ralf
Environment Canada
Thermo 49i ozone data
Polar 6 NETCARE
1, 1
2015, 4, 20, 2015, 9, 30
0
Start_UTC, seconds
6
1, 1, 1, 1, 1, 1
-9999, -9999, -999.9, -99.9, -99.9, -99.9
Stop_UTC, seconds
hr, decimal hours (UTC)
Press, cell pressure (Torr)
BenchT, instrument temperature (deg C)
LampT, ozone lamp temperature (deg C)
O3, ozone mixing ratio (ppbv)
1
Press, BenchT, LampT are included for diagnostics
16
PI_CONTACT_INFO: Address: 4905 Dufferin Street, Toronto, ON M3H 5T4; email: Ralf.Staebler@ec.gc.ca
PLATFORM: Polar 6 
LOCATION: Location data varies as seen in this file
INSTRUMENT_INFO: Thermo Scienfific ozone analyzer model 49i, S.N. 0606014771
UNCERTAINTY: 0.2 ppbv 
ULOD_FLAG: -7777
ULOD_VALUE: N/A
LLOD_FLAG: -8888
LLOD_VALUE: N/A
DM_CONTACT_INFO: Ralf Staebler; Environment Canada; Ralf.Staebler@ec.gc.ca
PROJECT_INFO: Polar 6 NETCARE Spring 2015 campaign
STIPULATIONS_ON_USE: If use of this data will lead to a publication, we ask that the PI be informed.
OTHER_COMMENTS: N/A
REVISION: R0
R0: First set of data.
Start_UTC,Stop_UTC,hr,Press,BenchT,LampT,O3
[from data line 391]
60900,60910,16.9194,467.7,37.8,53.5,60.2
60910,60920,16.9222,468.3,37.9,53.5,58.4
60920,60930,16.9250,468.0,37.9,53.5,59.9
60930,60940,16.9278,467.7,37.9,53.5,57.8
60940,60950,16.9306,467.7,37.9,53.5,57.8
60950,60960,16.9333,468.0,37.9,53.5,57.4
60960,60970,16.9361,468.0,37.9,53.5,60
60970,60980,16.9389,468.0,38.0,53.5,57.4
60980,60990,16.9417,468.6,38.0,53.5,57.2
60990,61000,16.9444,468.6,38.0,53.5,57.1
61000,61010,16.9472,469.2,38.0,53.5,60.9
61010,61020,16.9500,468.3,38.0,53.5,60.2
61020,61030,16.9528,468.0,38.0,53.5,60.8
61030,61040,16.9556,468.6,38.0,53.5,61.8
61040,61050,16.9583,467.4,38.0,53.5,60.6
61050,61060,16.9611,466.5,38.0,53.5,59.1
61060,61070,16.9639,466.5,38.1,53.5,57.1
61070,61080,16.9667,466.2,38.1,53.5,57.2
61080,61090,16.9694,466.5,38.1,53.5,59.7
61090,61100,16.9722,465.9,38.1,53.5,59.9
61100,61110,16.9750,466.2,38.1,53.5,58.5
61110,61120,16.9778,467.4,38.1,53.5,60.7
61120,61130,16.9806,467.4,38.1,53.5,59.7
61130,61140,16.9833,467.4,38.1,53.5,60.7
61140,61150,16.9861,467.4,38.1,53.5,60
61150,61160,16.9889,467.7,38.1,53.5,60.6
61160,61170,16.9917,468.0,38.2,53.5,61.6
61170,61180,16.9944,467.7,38.2,53.5,59.7
61180,61190,16.9972,467.4,38.2,53.5,60.2
61190,61200,17.0000,468.0,38.2,53.5,61
61200,61210,17.0028,468.3,38.2,53.5,59.1
61210,61220,17.0056,469.2,38.2,53.5,58
61220,61230,17.0083,471.0,38.2,53.5,59.6
61230,61240,17.0111,473.1,38.2,53.5,58.8
61240,61250,17.0139,475.2,38.2,53.5,60.2
61250,61260,17.0167,476.7,38.3,53.5,61.1
61260,61270,17.0194,477.6,38.3,53.5,61.7
61270,61280,17.0222,479.7,38.3,53.5,62.6
61280,61290,17.0250,481.8,38.3,53.5,66.4
61290,61300,17.0278,483.3,38.3,53.5,64.2
61300,61310,17.0306,484.5,38.3,53.5,65.4
61310,61320,17.0333,486.9,38.3,53.5,69.6
61320,61330,17.0361,488.4,38.3,53.5,70.3
61330,61340,17.0389,489.9,38.3,53.5,67.4
61340,61350,17.0417,491.4,38.3,53.5,70.4
61350,61360,17.0444,493.8,38.3,53.5,70.1
61360,61370,17.0472,496.2,38.4,53.5,69.3
61370,61380,17.0500,497.7,38.3,53.5,68.7
61380,61390,17.0528,499.2,38.4,53.5,67.4
61390,61400,17.0556,501.9,38.4,53.4,64.6
61400,61410,17.0583,504.2,38.4,53.5,63.3
61410,61420,17.0611,505.7,38.4,53.5,55.7
61420,61430,17.0639,507.2,38.4,53.5,54.9
61430,61440,17.0667,509.9,38.4,53.5,54.2
61440,61450,17.0694,510.2,38.4,53.5,56.4
61450,61460,17.0722,510.5,38.4,53.5,54.8
61460,61470,17.0750,511.4,38.5,53.5,54.3
61470,61480,17.0778,514.1,38.5,53.5,53.2
61480,61490,17.0806,514.4,38.5,53.5,51.7
61490,61500,17.0833,514.7,38.5,53.5,52.5
61500,61510,17.0861,515.0,38.5,53.5,51.1
61510,61520,17.0889,514.7,38.5,53.5,49.8
61520,61530,17.0917,515.0,38.5,53.5,50.9
61530,61540,17.0944,515.0,38.5,53.5,50.9
61540,61550,17.0972,514.4,38.5,53.5,50.4
61550,61560,17.1000,514.4,38.5,53.5,50.1
61560,61570,17.1028,514.1,38.5,53.5,49.8
61570,61580,17.1056,512.9,38.5,53.5,50.5
61580,61590,17.1083,512.3,38.5,53.5,53.5
61590,61600,17.1111,512.9,38.5,53.5,53.5
61600,61610,17.1139,513.2,38.5,53.5,49.9
61610,61620,17.1167,512.6,38.5,53.5,50.6
61620,61630,17.1194,511.4,38.6,53.5,49.2
61630,61640,17.1222,511.4,38.6,53.5,52.1
61640,61650,17.1250,510.8,38.6,53.5,51.3
61650,61660,17.1278,511.1,38.6,53.5,52.1
61660,61670,17.1306,510.8,38.6,53.4,49.2
61670,61680,17.1333,511.1,38.6,53.5,49.6
61680,61690,17.1361,510.5,38.6,53.5,49.9
61690,61700,17.1389,510.2,38.6,53.5,51.7
61700,61710,17.1417,510.2,38.6,53.5,51
61710,61720,17.1444,511.1,38.6,53.5,50.2
61720,61730,17.1472,511.1,38.6,53.5,51.6
61730,61740,17.1500,511.1,38.6,53.5,51.6
61740,61750,17.1528,511.4,38.6,53.5,51
61750,61760,17.1556,511.4,38.6,53.5,51.6
61760,61770,17.1583,511.7,38.6,53.5,49.7
61770,61780,17.1611,512.0,38.6,53.5,50.1
61780,61790,17.1639,511.4,38.6,53.4,50.4
61790,61800,17.1667,512.0,38.6,53.5,49.3
61800,61810,17.1694,512.3,38.6,53.5,49.6
61810,61820,17.1722,511.7,38.7,53.5,48.4
61820,61830,17.1750,511.1,38.7,53.5,50.2
61830,61840,17.1778,510.5,38.7,53.5,51.1
61840,61850,17.1806,510.2,38.7,53.5,52
61850,61860,17.1833,509.6,38.7,53.5,52.6
61860,61870,17.1861,509.6,38.7,53.5,54.4
61870,61880,17.1889,509.9,38.7,53.5,53.7
61880,61890,17.1917,509.9,38.7,53.5,52.9
61890,61900,17.1944,509.9,38.7,53.5,49.8
61900,61910,17.1972,509.3,38.7,53.5,49.8
61910,61920,17.2000,509.3,38.7,53.5,49.5
61920,61930,17.2028,509.6,38.7,53.5,49.8
61930,61940,17.2056,509.0,38.7,53.5,49.3
61940,61950,17.2083,508.7,38.7,53.5,50.2
61950,61960,17.2111,508.1,38.7,53.5,52
61960,61970,17.2139,508.1,38.7,53.5,50.6
61970,61980,17.2167,507.2,38.7,53.5,51.5
61980,61990,17.2194,506.6,38.7,53.5,51
61990,62000,17.2222,506.9,38.7,53.5,52.4
62000,62010,17.2250,506.9,38.7,53.5,51.4
62010,62020,17.2278,506.6,38.7,53.5,51.5
62020,62030,17.2306,506.6,38.7,53.5,52.1
62030,62040,17.2333,507.5,38.7,53.5,55.5
62040,62050,17.2361,508.1,38.7,53.5,58.7
62050,62060,17.2389,508.4,38.7,53.5,57.9
62060,62070,17.2417,508.7,38.8,53.5,55.7
62070,62080,17.2444,509.9,38.8,53.5,56.1
62080,62090,17.2472,511.1,38.8,53.5,54.3
62090,62100,17.2500,512.3,38.8,53.5,53.9
62100,62110,17.2528,512.9,38.8,53.5,53.2
62110,62120,17.2556,514.7,38.8,53.5,52.8
62120,62130,17.2583,515.6,38.8,53.5,52.5
62130,62140,17.2611,516.2,38.8,53.5,51.4
62140,62150,17.2639,517.1,38.8,53.5,52.2
62150,62160,17.2667,518.6,38.8,53.5,51.7
62160,62170,17.2694,519.8,38.8,53.5,50.1
62170,62180,17.2722,520.4,38.8,53.5,49.9
62180,62190,17.2750,520.7,38.8,53.5,50.1
62190,62200,17.2778,521.0,38.8,53.5,49.8
62200,62210,17.2806,521.0,38.8,53.5,49.9
62210,62220,17.2833,520.7,38.8,53.5,49.3
62220,62230,17.2861,520.7,38.8,53.5,48.2
62230,62240,17.2889,521.3,38.8,53.5,49.3
62240,62250,17.2917,521.0,38.8,53.5,49
62250,62260,17.2944,521.0,38.8,53.5,48.5
62260,62270,17.2972,521.0,38.8,53.4,49.3
62270,62280,17.3000,522.8,38.8,53.5,49.6
62280,62290,17.3028,523.7,38.8,53.5,50.2
62290,62300,17.3056,523.7,38.8,53.5,49.9
62300,62310,17.3083,524.3,38.8,53.5,48.7
62310,62320,17.3111,524.9,38.8,53.5,49.3
62320,62330,17.3139,525.2,38.8,53.4,49.8
62330,62340,17.3167,524.9,38.8,53.5,48.1
62340,62350,17.3194,524.6,38.8,53.5,50.5
62350,62360,17.3222,524.0,38.8,53.5,50.7
62360,62370,17.3250,524.6,38.8,53.4,49.4
62370,62380,17.3278,525.2,38.8,53.5,50.3
62380,62390,17.3306,524.6,38.8,53.4,50.1
62390,62400,17.3333,524.3,38.8,53.5,49.6
62400,62410,17.3361,524.6,38.8,53.5,50.8
62410,62420,17.3389,524.3,38.8,53.5,50.3
62420,62430,17.3417,524.9,38.8,53.5,50.5
62430,62440,17.3444,525.2,38.8,53.5,49
62440,62450,17.3472,525.5,38.8,53.5,49
62450,62460,17.3500,524.6,38.8,53.5,50.1
62460,62470,17.3528,524.0,38.8,53.4,50
62470,62480,17.3556,524.6,38.8,53.5,49
62480,62490,17.3583,525.2,38.8,53.5,49.4
62490,62500,17.3611,524.9,38.8,53.5,48.6
62500,62510,17.3639,524.0,38.8,53.5,50.2
62510,62520,17.3667,524.0,38.8,53.5,50
62520,62530,17.3694,524.9,38.8,53.5,48.9
62530,62540,17.3722,524.9,38.8,53.5,51.1
62540,62550,17.3750,525.2,38.8,53.5,52
62550,62560,17.3778,525.5,38.8,53.5,52
62560,62570,17.3806,525.2,38.8,53.4,53.2
62570,62580,17.3833,524.6,38.8,53.5,50.7
62580,62590,17.3861,523.7,38.8,53.4,51.7
62590,62600,17.3889,524.0,38.8,53.5,50.9
62600,62610,17.3917,524.3,38.8,53.5,50.3
62610,62620,17.3944,523.7,38.8,53.5,49.4
62620,62630,17.3972,524.3,38.7,53.4,49.6
62630,62640,17.4000,526.4,38.7,53.5,49.7
62640,62650,17.4028,527.9,38.7,53.5,49.4
62650,62660,17.4056,528.2,38.7,53.5,50.3
62660,62670,17.4083,527.6,38.7,53.5,50.4
62670,62680,17.4111,527.9,38.7,53.5,51
62680,62690,17.4139,527.6,38.7,53.5,51.3
62690,62700,17.4167,527.0,38.7,53.5,50.5
62700,62710,17.4194,526.7,38.7,53.5,50.8
62710,62720,17.4222,527.3,38.7,53.5,50.8
62720,62730,17.4250,527.3,38.7,53.5,50.2
62730,62740,17.4278,526.7,38.7,53.5,51.1
62740,62750,17.4306,526.4,38.7,53.5,50
62750,62760,17.4333,526.4,38.7,53.4,49.4
62760,62770,17.4361,526.7,38.7,53.5,51.1
62770,62780,17.4389,526.4,38.7,53.5,50.5
62780,62790,17.4417,526.7,38.7,53.5,50
62790,62800,17.4444,527.3,38.7,53.5,49.9
62800,62810,17.4472,527.0,38.7,53.4,51.1
62810,62820,17.4500,526.7,38.7,53.5,51
62820,62830,17.4528,526.4,38.7,53.5,51.2
62830,62840,17.4556,527.0,38.7,53.5,50.6
62840,62850,17.4583,527.3,38.7,53.5,49.7
62850,62860,17.4611,527.0,38.7,53.5,50.8
62860,62870,17.4639,527.3,38.7,53.5,50.8
62870,62880,17.4667,527.9,38.6,53.5,49.6
62880,62890,17.4694,527.6,38.6,53.5,49.7
62890,62900,17.4722,527.6,38.6,53.4,50.4
62900,62910,17.4750,527.3,38.6,53.5,50.3
62910,62920,17.4778,527.6,38.6,53.4,49.7
62920,62930,17.4806,527.3,38.6,53.5,49.9
62930,62940,17.4833,527.3,38.6,53.5,51
62940,62950,17.4861,527.0,38.6,53.4,49.9
62950,62960,17.4889,527.6,38.6,53.4,48
62960,62970,17.4917,527.3,38.6,53.5,49.4
62970,62980,17.4944,526.7,38.6,53.4,50.5
62980,62990,17.4972,526.7,38.6,53.5,49.7
62990,63000,17.5000,526.7,38.6,53.4,51.7
63000,63010,17.5028,527.0,38.6,53.5,50.6
63010,63020,17.5056,526.7,38.6,53.5,49.5
63020,63030,17.5083,526.7,38.6,53.5,49.2
63030,63040,17.5111,526.7,38.6,53.5,48.4
63040,63050,17.5139,526.7,38.6,53.5,49
63050,63060,17.5167,526.1,38.6,53.5,48.1
63060,63070,17.5194,525.8,38.6,53.5,48.7
63070,63080,17.5222,525.8,38.6,53.5,49.8
63080,63090,17.5250,526.1,38.6,53.5,49
63090,63100,17.5278,525.8,38.6,53.5,50.1
63100,63110,17.5306,525.5,38.6,53.4,50.4
63110,63120,17.5333,526.4,38.6,53.5,50.6
63120,63130,17.5361,525.8,38.6,53.5,50.4
63130,63140,17.5389,525.8,38.6,53.5,49
63140,63150,17.5417,525.8,38.6,53.5,49.3
63150,63160,17.5444,526.1,38.6,53.5,49.8
63160,63170,17.5472,526.4,38.6,53.4,48.2
63170,63180,17.5500,526.1,38.5,53.5,48.6
63180,63190,17.5528,526.4,38.5,53.5,50
63190,63200,17.5556,526.7,38.5,53.5,47.4
63200,63210,17.5583,526.7,38.5,53.4,47.7
63210,63220,17.5611,526.4,38.5,53.4,48.4
63220,63230,17.5639,526.4,38.5,53.5,50.4
63230,63240,17.5667,527.3,38.5,53.5,49.5
63240,63250,17.5694,527.0,38.5,53.4,49.4
63250,63260,17.5722,526.7,38.5,53.4,48.6
63260,63270,17.5750,526.7,38.5,53.4,48.8
63270,63280,17.5778,527.0,38.5,53.5,48.1
63280,63290,17.5806,527.0,38.5,53.5,48.5
63290,63300,17.5833,526.7,38.5,53.4,47.5
63300,63310,17.5861,526.7,38.5,53.4,49.8
63310,63320,17.5889,527.0,38.5,53.4,49.7
63320,63330,17.5917,527.0,38.5,53.4,47.8
63330,63340,17.5944,526.7,38.5,53.5,47.8
63340,63350,17.5972,527.0,38.5,53.5,47.9
63350,63360,17.6000,526.7,38.5,53.4,48.6
63360,63370,17.6028,526.7,38.5,53.5,48.7
63370,63380,17.6056,526.4,38.5,53.4,49.5
63380,63390,17.6083,526.1,38.5,53.4,51
63390,63400,17.6111,526.7,38.4,53.4,50.4
63400,63410,17.6139,527.0,38.4,53.4,50.7
63410,63420,17.6167,526.7,38.4,53.4,50.1
63420,63430,17.6194,526.4,38.4,53.4,50.4
63430,63440,17.6222,526.7,38.4,53.5,52
63440,63450,17.6250,526.4,38.4,53.4,52
63450,63460,17.6278,526.4,38.4,53.4,50.9
63460,63470,17.6306,526.7,38.4,53.4,50.1
63470,63480,17.6333,527.0,38.4,53.4,50.3
63480,63490,17.6361,527.0,38.4,53.5,50.3
63490,63500,17.6389,526.7,38.4,53.4,48.9
63500,63510,17.6417,526.7,38.4,53.4,50.9
63510,63520,17.6444,527.3,38.4,53.4,50.6
63520,63530,17.6472,527.0,38.4,53.4,50.4
63530,63540,17.6500,526.4,38.4,53.4,51.4
63540,63550,17.6528,526.1,38.4,53.4,50.9
63550,63560,17.6556,526.7,38.3,53.5,49
63560,63570,17.6583,527.0,38.3,53.5,50.4
63570,63580,17.6611,527.0,38.3,53.4,47.9
63580,63590,17.6639,526.4,38.3,53.4,47.8
63590,63600,17.6667,526.7,38.3,53.4,48.5
63600,63610,17.6694,526.7,38.3,53.5,50.4
63610,63620,17.6722,527.0,38.3,53.5,48.9
63620,63630,17.6750,527.0,38.3,53.4,49.1
63630,63640,17.6778,526.7,38.3,53.5,49.5
63640,63650,17.6806,527.0,38.3,53.4,50.4
63650,63660,17.6833,526.4,38.3,53.4,49.5
63660,63670,17.6861,526.4,38.3,53.4,50.4
63670,63680,17.6889,527.0,38.3,53.4,50.9
63680,63690,17.6917,526.7,38.3,53.4,50.9
63690,63700,17.6944,526.4,38.3,53.4,49.5
63700,63710,17.6972,526.4,38.3,53.4,49
63710,63720,17.7000,526.7,38.3,53.4,48.1
63720,63730,17.7028,527.0,38.3,53.4,49
63730,63740,17.7056,526.7,38.3,53.4,50
63740,63750,17.7083,526.4,38.3,53.4,49.8
63750,63760,17.7111,527.0,38.3,53.4,49.5
63760,63770,17.7139,527.0,38.2,53.4,50.2
63770,63780,17.7167,526.7,38.2,53.4,50.4
63780,63790,17.7194,526.4,38.2,53.4,50.3
63790,63800,17.7222,527.3,38.2,53.4,51.5
63800,63810,17.7250,527.3,38.2,53.4,52
63810,63820,17.7278,527.0,38.2,53.4,50.6
63820,63830,17.7306,527.0,38.2,53.5,50.9
63830,63840,17.7333,527.6,38.2,53.4,50.3
63840,63850,17.7361,527.6,38.2,53.4,49.2
63850,63860,17.7389,527.6,38.2,53.4,49.5
63860,63870,17.7417,527.3,38.2,53.4,48.6
63870,63880,17.7444,527.6,38.2,53.4,48.6
63880,63890,17.7472,527.3,38.2,53.4,49.5
63890,63900,17.7500,527.0,38.2,53.4,50.1
63900,63910,17.7528,526.7,38.2,53.4,49.4
63910,63920,17.7556,527.3,38.2,53.4,50.7
63920,63930,17.7583,527.0,38.2,53.4,52.3
63930,63940,17.7611,527.0,38.1,53.4,51.4
63940,63950,17.7639,527.0,38.1,53.4,50.9
63950,63960,17.7667,527.6,38.1,53.4,49.1
63960,63970,17.7694,527.3,38.1,53.4,51.5
63970,63980,17.7722,527.0,38.1,53.4,48.7
63980,63990,17.7750,527.0,38.1,53.4,49.6
63990,64000,17.7778,527.0,38.1,53.4,49.2
64000,64010,17.7806,527.3,38.1,53.4,47.7
64010,64020,17.7833,527.0,38.1,53.4,48.4
64020,64030,17.7861,526.7,38.1,53.4,50.9
64030,64040,17.7889,527.3,38.1,53.4,49
64040,64050,17.7917,527.3,38.1,53.4,50.1
64050,64060,17.7944,527.3,38.1,53.4,50.4
64060,64070,17.7972,526.7,38.1,53.5,50.9
64070,64080,17.8000,527.3,38.1,53.4,50.4
64080,64090,17.8028,527.3,38.1,53.4,50.9
64090,64100,17.8056,527.0,38.1,53.4,50.7
64100,64110,17.8083,526.7,38.1,53.4,50.3
64110,64120,17.8111,527.3,38.1,53.4,49.3
64120,64130,17.8139,527.3,38.1,53.4,49.5
64130,64140,17.8167,527.0,38.1,53.4,48.5
64140,64150,17.8194,527.0,38.1,53.4,49.3
64150,64160,17.8222,527.3,38.1,53.4,48.7
64160,64170,17.8250,528.5,38.0,53.4,49.8
64170,64180,17.8278,530.3,38.0,53.5,49.7
64180,64190,17.8306,532.1,38.0,53.4,49.9
64190,64200,17.8333,534.2,38.0,53.5,48.8
64200,64210,17.8361,536.3,38.0,53.4,49.5
64210,64220,17.8389,537.5,38.0,53.4,50.2
64220,64230,17.8417,539.3,38.0,53.4,50.1
64230,64240,17.8444,541.7,38.0,53.4,48.8
64240,64250,17.8472,543.8,38.0,53.4,49.2
64250,64260,17.8500,545.6,38.0,53.4,50.5
64260,64270,17.8528,547.1,38.0,53.4,50.1
64270,64280,17.8556,549.5,38.0,53.4,49.2
64280,64290,17.8583,551.6,38.0,53.4,50.8
64290,64300,17.8611,553.1,38.0,53.4,50.1
64300,64310,17.8639,554.9,38.0,53.4,50.2
64310,64320,17.8667,557.3,38.0,53.4,50.8
64320,64330,17.8694,559.4,38.0,53.4,50.6
64330,64340,17.8722,560.9,38.0,53.4,52.3
64340,64350,17.8750,562.7,38.0,53.4,50.9
64350,64360,17.8778,565.4,38.0,53.4,51.6
64360,64370,17.8806,567.5,38.0,53.4,50.2
64370,64380,17.8833,569.3,38.0,53.4,52
64380,64390,17.8861,571.7,37.9,53.4,51.5
64390,64400,17.8889,574.1,37.9,53.4,51.5
64400,64410,17.8917,576.5,37.9,53.4,50.1
64410,64420,17.8944,578.6,37.9,53.4,49.6
64420,64430,17.8972,580.4,37.9,53.4,50.8
64430,64440,17.9000,583.0,37.9,53.4,50.3
64440,64450,17.9028,585.4,37.9,53.4,50.2
64450,64460,17.9056,587.2,37.9,53.4,50
64460,64470,17.9083,589.6,37.9,53.4,51.9
64470,64480,17.9111,592.3,37.9,53.4,51.9
64480,64490,17.9139,594.7,37.9,53.4,53
64490,64500,17.9167,596.5,37.9,53.4,52.9
64500,64510,17.9194,598.6,37.9,53.4,53.7
64510,64520,17.9222,601.0,37.9,53.4,52.4
64520,64530,17.9250,603.1,37.9,53.4,52.6
64530,64540,17.9278,605.2,37.9,53.4,52.5
64540,64550,17.9306,607.3,37.8,53.4,52.9
64550,64560,17.9333,610.0,37.9,53.4,52.6
64560,64570,17.9361,612.1,37.8,53.4,53.7
64570,64580,17.9389,613.9,37.8,53.4,53.7
64580,64590,17.9417,615.4,37.8,53.4,52.4
64590,64600,17.9444,617.8,37.8,53.4,53.1
64600,64610,17.9472,620.5,37.8,53.4,52.6
64610,64620,17.9500,621.7,37.8,53.4,53
64620,64630,17.9528,623.8,37.8,53.4,52.3
64630,64640,17.9556,626.5,37.8,53.4,54.5
64640,64650,17.9583,628.6,37.8,53.4,54.3
64650,64660,17.9611,630.4,37.8,53.4,54.2
64660,64670,17.9639,632.2,37.8,53.4,53.5
64670,64680,17.9667,634.6,37.8,53.4,52.6
64680,64690,17.9694,636.7,37.8,53.4,52.7
64690,64700,17.9722,638.8,37.8,53.4,52.7
64700,64710,17.9750,640.9,37.8,53.4,53.6
64710,64720,17.9778,643.3,37.8,53.4,53
64720,64730,17.9806,645.7,37.8,53.4,53.1
64730,64740,17.9833,647.2,37.8,53.4,53.6
64740,64750,17.9861,649.3,37.8,53.4,53.2
64750,64760,17.9889,652.3,37.7,53.4,54.3
64760,64770,17.9917,654.4,37.7,53.4,53.5
64770,64780,17.9944,655.9,37.7,53.4,54.1
64780,64790,17.9972,658.0,37.7,53.4,53.7
64790,64800,18.0000,660.9,37.7,53.4,53.4
64800,64810,18.0028,662.7,37.7,53.4,52.9
64810,64820,18.0056,664.8,37.7,53.4,52.4
