NETCARE2015/data/raw/Flight8/O3_POLAR6_201504201521_R0_L1_NETCARE.ict
37, 1001
Staebler, Ralf
Environment Canada
Thermo 49i ozone data
Polar 6 NETCARE
1, 1
2015, 4, 20, 2015, 9, 30
0
Start_UTC, seconds
6
1, 1, 1, 1, 1, 1
-9999, -9999, -999.9, -99.9, -99.9, -99.9
Stop_UTC, seconds
hr, decimal hours (UTC)
Press, cell pressure (Torr)
BenchT, instrument temperature (deg C)
LampT, ozone lamp temperature (deg C)
O3, ozone mixing ratio (ppbv)
1
Press, BenchT, LampT are included for diagnostics
16
PI_CONTACT_INFO: Address: 4905 Dufferin Street, Toronto, ON M3H 5T4; email: Ralf.Staebler@ec.gc.ca
PLATFORM: Polar 6 
LOCATION: Location data varies as seen in this file
INSTRUMENT_INFO: Thermo Scienfific ozone analyzer model 49i, S.N. 0606014771
UNCERTAINTY: 0.2 ppbv 
ULOD_FLAG: -7777
ULOD_VALUE: N/A
LLOD_FLAG: -8888
LLOD_VALUE: N/A
DM_CONTACT_INFO: Ralf Staebler; Environment Canada; Ralf.Staebler@ec.gc.ca
PROJECT_INFO: Polar 6 NETCARE Spring 2015 campaign
STIPULATIONS_ON_USE: If use of this data will lead to a publication, we ask that the PI be informed.
OTHER_COMMENTS: N/A
REVISION: R0
R0: First set of data.
Start_UTC,Stop_UTC,hr,Press,BenchT,LampT,O3
[from data line 784]
64830,64840,18.0111,669.6,37.7,53.4,51.6
64840,64850,18.0139,671.4,37.7,53.4,53.2
64850,64860,18.0167,672.9,37.7,53.4,51.6
64860,64870,18.0194,675.0,37.7,53.4,51.2
64870,64880,18.0222,677.7,37.7,53.4,50.6
64880,64890,18.0250,679.8,37.7,53.4,48.5
64890,64900,18.0278,681.6,37.7,53.4,49.2
64900,64910,18.0306,683.7,37.7,53.4,49.2
64910,64920,18.0333,686.1,37.7,53.4,48.5
64920,64930,18.0361,687.6,37.7,53.4,48.9
64930,64940,18.0389,688.5,37.7,53.4,47.6
64940,64950,18.0417,689.4,37.7,53.4,47.1
64950,64960,18.0444,690.6,37.7,53.4,45.4
64960,64970,18.0472,691.8,37.7,53.4,45.9
64970,64980,18.0500,692.7,37.7,53.4,42.4
64980,64990,18.0528,693.6,37.6,53.4,38.3
64990,65000,18.0556,694.2,37.6,53.4,40.5
65000,65010,18.0583,695.4,37.6,53.4,38.8
65010,65020,18.0611,695.1,37.6,53.4,38.8
65020,65030,18.0639,693.9,37.6,53.4,38.7
65030,65040,18.0667,694.5,37.6,53.4,39.8
65040,65050,18.0694,694.2,37.6,53.4,42.6
65050,65060,18.0722,693.0,37.6,53.4,42.2
65060,65070,18.0750,693.0,37.6,53.4,45.3
65070,65080,18.0778,693.9,37.6,53.4,44.6
65080,65090,18.0806,694.8,37.6,53.4,44
65090,65100,18.0833,694.8,37.6,53.4,43.3
65100,65110,18.0861,694.8,37.6,53.4,42.5
65110,65120,18.0889,695.7,37.6,53.4,43.2
65120,65130,18.0917,695.7,37.6,53.4,42
65130,65140,18.0944,694.5,37.6,53.4,42.7
65140,65150,18.0972,694.2,37.6,53.4,41.8
65150,65160,18.1000,693.9,37.5,53.4,42.2
65160,65170,18.1028,693.6,37.5,53.4,42.4
65170,65180,18.1056,693.3,37.6,53.4,43.2
65180,65190,18.1083,693.6,37.5,53.4,43.1
65190,65200,18.1111,694.5,37.5,53.4,42.4
65200,65210,18.1139,694.8,37.5,53.4,43.5
65210,65220,18.1167,694.2,37.5,53.4,42.5
65220,65230,18.1194,694.2,37.5,53.4,43.6
65230,65240,18.1222,694.8,37.5,53.4,43.1
65240,65250,18.1250,694.5,37.5,53.4,43.2
65250,65260,18.1278,694.8,37.5,53.4,42.8
65260,65270,18.1306,694.8,37.5,53.4,42.9
65270,65280,18.1333,695.4,37.5,53.4,43.1
65280,65290,18.1361,695.7,37.5,53.4,43.5
65290,65300,18.1389,694.8,37.5,53.4,41.1
65300,65310,18.1417,694.2,37.5,53.4,39.7
65310,65320,18.1444,694.5,37.5,53.4,40
65320,65330,18.1472,694.2,37.5,53.4,42.6
65330,65340,18.1500,693.9,37.5,53.4,40.6
65340,65350,18.1528,694.5,37.5,53.4,40.9
65350,65360,18.1556,694.5,37.5,53.4,37.6
65360,65370,18.1583,694.8,37.5,53.4,38.2
65370,65380,18.1611,693.6,37.5,53.4,37
65380,65390,18.1639,693.6,37.5,53.4,37.6
65390,65400,18.1667,694.2,37.5,53.4,38.7
65400,65410,18.1694,694.2,37.5,53.4,38.7
65410,65420,18.1722,693.3,37.5,53.4,39
65420,65430,18.1750,693.0,37.5,53.4,38.5
65430,65440,18.1778,693.3,37.5,53.4,43.5
65440,65450,18.1806,692.7,37.5,53.4,43.3
65450,65460,18.1833,693.0,37.5,53.4,45.4
65460,65470,18.1861,693.0,37.5,53.4,41.9
65470,65480,18.1889,693.3,37.5,53.4,41.5
65480,65490,18.1917,693.6,37.5,53.4,39.4
65490,65500,18.1944,693.3,37.5,53.4,38.6
65500,65510,18.1972,693.3,37.5,53.4,41.3
65510,65520,18.2000,693.9,37.5,53.4,41.6
65520,65530,18.2028,693.0,37.4,53.4,39.9
65530,65540,18.2056,690.3,37.4,53.4,40.6
65540,65550,18.2083,688.2,37.4,53.4,44.5
65550,65560,18.2111,686.7,37.4,53.4,48.3
65560,65570,18.2139,685.2,37.4,53.4,48.1
65570,65580,18.2167,683.1,37.4,53.4,48.4
65580,65590,18.2194,680.1,37.4,53.4,49
65590,65600,18.2222,678.6,37.4,53.4,50.5
65600,65610,18.2250,676.2,37.4,53.4,51.1
65610,65620,18.2278,673.8,37.4,53.4,53.7
65620,65630,18.2306,671.1,37.4,53.4,53.3
65630,65640,18.2333,669.9,37.4,53.4,52.7
65640,65650,18.2361,667.8,37.4,53.4,51.9
65650,65660,18.2389,665.1,37.4,53.4,52.7
65660,65670,18.2417,662.4,37.4,53.4,51.8
65670,65680,18.2444,660.9,37.4,53.4,53.2
65680,65690,18.2472,659.2,37.4,53.4,51.6
65690,65700,18.2500,657.1,37.4,53.4,52.4
65700,65710,18.2528,655.0,37.4,53.4,52
65710,65720,18.2556,653.2,37.4,53.4,53.6
65720,65730,18.2583,651.1,37.4,53.4,54.6
65730,65740,18.2611,648.7,37.4,53.4,53.1
65740,65750,18.2639,646.3,37.4,53.4,54.5
65750,65760,18.2667,645.1,37.4,53.4,52.7
65760,65770,18.2694,642.7,37.4,53.4,54.2
65770,65780,18.2722,640.6,37.4,53.4,53.9
65780,65790,18.2750,638.8,37.4,53.4,54.3
65790,65800,18.2778,637.0,37.4,53.4,52.9
65800,65810,18.2806,634.6,37.4,53.4,53.3
65810,65820,18.2833,633.1,37.4,53.4,52.7
65820,65830,18.2861,630.7,37.4,53.4,53.5
65830,65840,18.2889,629.5,37.4,53.4,52.6
65840,65850,18.2917,628.3,37.4,53.4,52.6
65850,65860,18.2944,624.7,37.4,53.4,51.8
65860,65870,18.2972,622.3,37.4,53.4,54.2
65870,65880,18.3000,621.4,37.4,53.4,51.2
65880,65890,18.3028,619.3,37.4,53.4,53.1
65890,65900,18.3056,617.5,37.4,53.4,52.2
65900,65910,18.3083,615.1,37.4,53.4,52.9
65910,65920,18.3111,613.0,37.4,53.4,54.6
65920,65930,18.3139,611.8,37.4,53.4,53.8
65930,65940,18.3167,609.4,37.4,53.4,53.6
65940,65950,18.3194,607.3,37.4,53.4,52.1
65950,65960,18.3222,606.1,37.4,53.4,51.8
65960,65970,18.3250,604.6,37.4,53.4,52.4
65970,65980,18.3278,602.2,37.4,53.4,50.8
65980,65990,18.3306,600.1,37.4,53.4,53.7
65990,66000,18.3333,598.9,37.4,53.4,51.9
66000,66010,18.3361,596.8,37.4,53.4,52.3
66010,66020,18.3389,594.4,37.4,53.4,52.7
66020,66030,18.3417,592.3,37.4,53.4,51.4
66030,66040,18.3444,591.1,37.4,53.4,51.9
66040,66050,18.3472,589.0,37.4,53.4,51.7
66050,66060,18.3500,586.9,37.4,53.4,50.4
66060,66070,18.3528,584.5,37.4,53.4,51.5
66070,66080,18.3556,583.0,37.4,53.4,50.9
66080,66090,18.3583,581.0,37.4,53.4,51.2
66090,66100,18.3611,578.9,37.4,53.4,51.1
66100,66110,18.3639,576.8,37.4,53.4,51.2
66110,66120,18.3667,575.6,37.4,53.4,49.5
66120,66130,18.3694,573.8,37.4,53.4,51.1
66130,66140,18.3722,571.7,37.4,53.4,49.3
66140,66150,18.3750,569.6,37.4,53.4,51.6
66150,66160,18.3778,568.1,37.4,53.4,51
66160,66170,18.3806,566.3,37.4,53.4,52.3
66170,66180,18.3833,564.2,37.4,53.4,52.6
66180,66190,18.3861,562.7,37.4,53.4,52.6
66190,66200,18.3889,561.5,37.4,53.4,50.2
66200,66210,18.3917,560.0,37.4,53.4,50.1
66210,66220,18.3944,558.2,37.4,53.4,50.5
66220,66230,18.3972,555.5,37.4,53.4,50.2
66230,66240,18.4000,554.3,37.4,53.4,50.1
66240,66250,18.4028,553.1,37.4,53.4,50.9
66250,66260,18.4056,550.7,37.4,53.4,48.9
66260,66270,18.4083,548.9,37.4,53.4,49.4
66270,66280,18.4111,547.4,37.4,53.4,49.9
66280,66290,18.4139,545.6,37.4,53.4,49.9
66290,66300,18.4167,543.5,37.4,53.4,51.8
66300,66310,18.4194,541.7,37.4,53.4,50.2
66310,66320,18.4222,539.9,37.4,53.4,50.3
66320,66330,18.4250,538.4,37.4,53.4,50.7
66330,66340,18.4278,536.0,37.4,53.4,50.3
66340,66350,18.4306,534.5,37.4,53.4,49.6
66350,66360,18.4333,532.7,37.4,53.4,49.1
66360,66370,18.4361,531.5,37.4,53.4,49.2
66370,66380,18.4389,529.4,37.4,53.4,49.4
66380,66390,18.4417,527.3,37.4,53.4,49.7
66390,66400,18.4444,525.8,37.4,53.4,53.1
66400,66410,18.4472,524.0,37.4,53.4,55.9
66410,66420,18.4500,521.9,37.4,53.4,57
66420,66430,18.4528,520.1,37.4,53.4,58.3
66430,66440,18.4556,518.9,37.4,53.4,66.8
66440,66450,18.4583,517.4,37.4,53.4,72.9
66450,66460,18.4611,515.9,37.4,53.4,74
66460,66470,18.4639,514.1,37.4,53.4,74.4
66470,66480,18.4667,512.6,37.4,53.4,73.9
66480,66490,18.4694,511.7,37.4,53.4,72.5
66490,66500,18.4722,511.1,37.4,53.4,73.1
66500,66510,18.4750,511.1,37.4,53.4,72.9
66510,66520,18.4778,511.7,37.4,53.5,73
66520,66530,18.4806,511.7,37.4,53.4,72.9
66530,66540,18.4833,511.4,37.4,53.4,71.1
66540,66550,18.4861,511.7,37.4,53.4,70.1
66550,66560,18.4889,512.3,37.4,53.4,74.3
66560,66570,18.4917,512.6,37.4,53.4,76.8
66570,66580,18.4944,513.2,37.4,53.5,77.1
66580,66590,18.4972,512.9,37.4,53.4,77.8
66590,66600,18.5000,513.8,37.4,53.5,77.9
66600,66610,18.5028,514.1,37.5,53.4,76.8
66610,66620,18.5056,513.8,37.4,53.4,73.7
66620,66630,18.5083,513.5,37.5,53.4,75.9
66630,66640,18.5111,513.2,37.5,53.5,76.1
66640,66650,18.5139,512.9,37.5,53.4,74.8
66650,66660,18.5167,512.6,37.5,53.4,74.7
66660,66670,18.5194,512.6,37.5,53.4,75.5
66670,66680,18.5222,512.6,37.5,53.4,74.2
66680,66690,18.5250,512.3,37.5,53.4,75.7
66690,66700,18.5278,511.4,37.5,53.4,76.5
66700,66710,18.5306,511.7,37.5,53.4,77.5
66710,66720,18.5333,512.0,37.5,53.4,77.5
66720,66730,18.5361,512.0,37.5,53.5,77.4
66730,66740,18.5389,511.7,37.5,53.4,76.1
66740,66750,18.5417,511.1,37.5,53.4,76.3
66750,66760,18.5444,509.6,37.5,53.4,73.4
66760,66770,18.5472,508.7,37.5,53.4,75.6
66770,66780,18.5500,506.9,37.5,53.4,75
66780,66790,18.5528,505.1,37.5,53.4,73.9
66790,66800,18.5556,503.7,37.5,53.4,73.8
66800,66810,18.5583,502.5,37.5,53.4,75.4
66810,66820,18.5611,500.1,37.5,53.4,75.6
66820,66830,18.5639,498.0,37.5,53.4,76.3
66830,66840,18.5667,496.2,37.5,53.5,77.6
66840,66850,18.5694,494.7,37.5,53.5,78.6
66850,66860,18.5722,493.5,37.5,53.5,80.6
66860,66870,18.5750,492.0,37.5,53.5,81.3
66870,66880,18.5778,490.8,37.5,53.5,83.4
66880,66890,18.5806,488.7,37.5,53.4,83.5
66890,66900,18.5833,487.2,37.5,53.5,82.5
66900,66910,18.5861,485.1,37.5,53.5,81
66910,66920,18.5889,483.9,37.5,53.5,81.9
66920,66930,18.5917,482.1,37.5,53.5,81.7
66930,66940,18.5944,480.0,37.5,53.5,81.6
66940,66950,18.5972,478.5,37.5,53.4,80.9
66950,66960,18.6000,476.7,37.5,53.5,81.1
66960,66970,18.6028,475.5,37.6,53.4,83.1
66970,66980,18.6056,473.4,37.6,53.4,83.7
66980,66990,18.6083,472.2,37.6,53.4,83.3
66990,67000,18.6111,471.0,37.6,53.5,84.2
67000,67010,18.6139,470.1,37.6,53.5,83.9
67010,67020,18.6167,468.0,37.6,53.5,84.6
67020,67030,18.6194,467.1,37.6,53.5,84.4
67030,67040,18.6222,466.5,37.6,53.5,81.9
67040,67050,18.6250,466.2,37.6,53.4,82
67050,67060,18.6278,465.9,37.6,53.5,81.2
67060,67070,18.6306,466.2,37.6,53.5,80.1
67070,67080,18.6333,466.8,37.6,53.5,81.1
67080,67090,18.6361,467.4,37.6,53.5,81.5
67090,67100,18.6389,467.1,37.6,53.5,81.2
67100,67110,18.6417,467.4,37.6,53.5,81.6
67110,67120,18.6444,468.0,37.6,53.5,81.7
67120,67130,18.6472,468.0,37.6,53.5,82.9
67130,67140,18.6500,468.6,37.7,53.5,82.6
67140,67150,18.6528,468.3,37.6,53.5,82.9
67150,67160,18.6556,469.2,37.7,53.5,83.4
67160,67170,18.6583,468.3,37.7,53.5,80.9
67170,67180,18.6611,468.3,37.7,53.5,79.6
67180,67190,18.6639,467.7,37.7,53.4,80.5
67190,67200,18.6667,468.0,37.7,53.5,80.2
67200,67210,18.6694,467.4,37.7,53.5,82
67210,67220,18.6722,467.1,37.7,53.5,81.1
67220,67230,18.6750,466.8,37.7,53.5,81.5
67230,67240,18.6778,466.5,37.7,53.5,80.9
67240,67250,18.6806,466.2,37.7,53.4,81.9
67250,67260,18.6833,465.6,37.7,53.5,82.6
67260,67270,18.6861,465.6,37.7,53.4,81.3
67270,67280,18.6889,466.2,37.7,53.5,82.5
67280,67290,18.6917,466.8,37.7,53.4,82.1
67290,67300,18.6944,466.8,37.7,53.5,82.7
67300,67310,18.6972,467.1,37.7,53.5,84.5
67310,67320,18.7000,467.7,37.7,53.5,82.9
67320,67330,18.7028,468.0,37.7,53.4,82.9
67330,67340,18.7056,467.4,37.7,53.5,81.2
67340,67350,18.7083,465.6,37.7,53.5,81.5
67350,67360,18.7111,464.4,37.7,53.4,81.6
67360,67370,18.7139,462.9,37.8,53.5,81.3
67370,67380,18.7167,460.5,37.7,53.5,80.6
67380,67390,18.7194,458.7,37.8,53.4,82.8
67390,67400,18.7222,456.6,37.8,53.4,83.1
67400,67410,18.7250,455.4,37.8,53.5,82.4
67410,67420,18.7278,452.7,37.8,53.4,84.3
67420,67430,18.7306,450.9,37.8,53.5,81.3
67430,67440,18.7333,449.7,37.8,53.4,80.4
67440,67450,18.7361,448.2,37.8,53.5,81.7
67450,67460,18.7389,446.7,37.8,53.5,79
67460,67470,18.7417,445.2,37.8,53.4,78.9
67470,67480,18.7444,443.7,37.8,53.5,76.1
67480,67490,18.7472,442.2,37.8,53.5,80
67490,67500,18.7500,441.6,37.8,53.5,79.2
67500,67510,18.7528,439.8,37.8,53.5,78.4
67510,67520,18.7556,438.9,37.8,53.5,80.4
67520,67530,18.7583,437.4,37.8,53.4,78
67530,67540,18.7611,435.9,37.8,53.5,78.7
67540,67550,18.7639,434.4,37.8,53.5,80.4
67550,67560,18.7667,433.2,37.8,53.5,76.5
67560,67570,18.7694,431.4,37.8,53.5,77.7
67570,67580,18.7722,429.3,37.8,53.5,77.1
67580,67590,18.7750,428.1,37.8,53.5,75.4
67590,67600,18.7778,426.4,37.8,53.5,68.6
67600,67610,18.7806,425.5,37.8,53.5,70
67610,67620,18.7833,423.1,37.8,53.5,70.6
67620,67630,18.7861,421.0,37.9,53.5,70.1
67630,67640,18.7889,418.9,37.9,53.5,69.6
67640,67650,18.7917,418.0,37.9,53.5,70.5
67650,67660,18.7944,415.9,37.9,53.5,69
67660,67670,18.7972,414.1,37.9,53.5,72.4
67670,67680,18.8000,413.2,37.9,53.5,68.9
67680,67690,18.8028,412.0,37.9,53.5,71.4
67690,67700,18.8056,409.9,37.9,53.5,69.5
67700,67710,18.8083,408.7,37.9,53.5,68.7
67710,67720,18.8111,407.5,37.9,53.5,68
67720,67730,18.8139,406.6,37.9,53.5,66.4
67730,67740,18.8167,404.8,37.9,53.5,64.1
67740,67750,18.8194,403.3,37.9,53.5,64.2
67750,67760,18.8222,402.1,37.9,53.5,65.3
67760,67770,18.8250,400.9,37.9,53.5,63
67770,67780,18.8278,399.4,37.9,53.5,65.6
67780,67790,18.8306,397.9,38.0,53.5,63.3
67790,67800,18.8333,397.3,38.0,53.5,66.1
67800,67810,18.8361,394.9,38.0,53.5,62.4
67810,67820,18.8389,393.1,38.0,53.5,63.4
67820,67830,18.8417,391.3,38.0,53.5,61.4
67830,67840,18.8444,389.8,38.0,53.5,59.5
67840,67850,18.8472,388.6,38.0,53.5,59.7
67850,67860,18.8500,386.5,38.0,53.5,58
67860,67870,18.8528,385.3,38.0,53.5,57.1
67870,67880,18.8556,383.8,38.0,53.5,53.9
67880,67890,18.8583,382.3,38.0,53.5,54
67890,67900,18.8611,381.4,38.0,53.5,55.1
67900,67910,18.8639,379.6,38.0,53.5,52.9
67910,67920,18.8667,377.8,38.0,53.5,54.9
67920,67930,18.8694,376.6,38.0,53.5,55
67930,67940,18.8722,374.8,38.0,53.5,55.5
67940,67950,18.8750,373.6,38.0,53.5,55.3
67950,67960,18.8778,372.7,38.0,53.5,58
67960,67970,18.8806,371.5,38.0,53.5,57.1
67970,67980,18.8833,369.4,38.0,53.5,54.5
67980,67990,18.8861,368.5,38.0,53.5,56.1
67990,68000,18.8889,367.0,38.1,53.5,55.6
68000,68010,18.8917,366.1,38.0,53.5,54.3
68010,68020,18.8944,365.2,38.1,53.5,54.7
68020,68030,18.8972,364.0,38.1,53.5,56.3
68030,68040,18.9000,363.7,38.1,53.5,53.4
68040,68050,18.9028,363.7,38.1,53.5,53
68050,68060,18.9056,364.0,38.1,53.5,54.8
68060,68070,18.9083,363.4,38.1,53.5,52.6
68070,68080,18.9111,363.4,38.1,53.5,52.9
68080,68090,18.9139,363.4,38.1,53.5,52.2
68090,68100,18.9167,363.4,38.1,53.5,55.4
68100,68110,18.9194,364.3,38.1,53.5,55.3
68110,68120,18.9222,364.6,38.1,53.5,55.7
68120,68130,18.9250,364.9,38.1,53.5,57.9
68130,68140,18.9278,364.6,38.1,53.5,55.6
68140,68150,18.9306,364.9,38.1,53.5,53.9
68150,68160,18.9333,365.2,38.1,53.5,53.1
68160,68170,18.9361,365.5,38.1,53.5,53.1
68170,68180,18.9389,365.2,38.1,53.5,52
68180,68190,18.9417,364.9,38.1,53.5,52.6
68190,68200,18.9444,364.9,38.1,53.5,54.8
68200,68210,18.9472,365.2,38.2,53.5,52.5
68210,68220,18.9500,364.3,38.2,53.5,54.4
68220,68230,18.9528,364.3,38.2,53.5,54.1
68230,68240,18.9556,364.3,38.2,53.5,55.2
68240,68250,18.9583,364.9,38.2,53.5,56.9
68250,68260,18.9611,364.3,38.2,53.5,55.8
68260,68270,18.9639,364.9,38.2,53.5,56.9
68270,68280,18.9667,363.7,38.2,53.5,57.4
68280,68290,18.9694,364.0,38.2,53.5,53.4
68290,68300,18.9722,363.7,38.2,53.5,51.7
68300,68310,18.9750,364.0,38.2,53.5,53.6
68310,68320,18.9778,363.4,38.2,53.5,52.3
68320,68330,18.9806,364.0,38.2,53.5,54.5
68330,68340,18.9833,363.1,38.2,53.5,54.6
68340,68350,18.9861,363.7,38.2,53.5,52.9
68350,68360,18.9889,363.7,38.2,53.5,54.6
68360,68370,18.9917,363.7,38.2,53.5,57.3
68370,68380,18.9944,364.3,38.3,53.5,55.3
68380,68390,18.9972,364.6,38.3,53.5,56.6
68390,68400,19.0000,364.9,38.3,53.5,54.5
68400,68410,19.0028,365.2,38.3,53.5,55.7
68410,68420,19.0056,364.9,38.3,53.5,52.5
68420,68430,19.0083,364.9,38.3,53.5,54
68430,68440,19.0111,364.9,38.3,53.5,52
68440,68450,19.0139,364.6,38.3,53.5,53.6
68450,68460,19.0167,364.6,38.3,53.5,53.3
68460,68470,19.0194,364.0,38.3,53.5,52.4
68470,68480,19.0222,364.3,38.3,53.5,56.1
68480,68490,19.0250,364.6,38.3,53.5,55
68490,68500,19.0278,364.3,38.3,53.5,53.7
68500,68510,19.0306,363.7,38.3,53.5,56.1
68510,68520,19.0333,364.3,38.3,53.5,54.9
68520,68530,19.0361,364.6,38.3,53.5,56.7
68530,68540,19.0389,363.1,38.3,53.5,55.3
68540,68550,19.0417,363.4,38.3,53.5,56.2
68550,68560,19.0444,364.0,38.3,53.5,58.3
68560,68570,19.0472,364.3,38.3,53.5,57.2
68570,68580,19.0500,364.0,38.3,53.5,53.6
68580,68590,19.0528,364.9,38.3,53.5,56.3
68590,68600,19.0556,363.7,38.4,53.5,53.4
68600,68610,19.0583,363.7,38.4,53.5,55.3
68610,68620,19.0611,364.3,38.4,53.5,53.8
68620,68630,19.0639,362.8,38.4,53.5,53.4
68630,68640,19.0667,364.3,38.4,53.5,54.6
68640,68650,19.0694,364.0,38.4,53.5,57.9
68650,68660,19.0722,363.7,38.4,53.5,55.8
68660,68670,19.0750,362.8,38.4,53.5,56.3
68670,68680,19.0778,362.2,38.4,53.5,54.8
68680,68690,19.0806,363.4,38.4,53.5,57.3
68690,68700,19.0833,364.6,38.4,53.5,54.5
68700,68710,19.0861,365.8,38.4,53.5,54
68710,68720,19.0889,366.7,38.4,53.5,55.7
68720,68730,19.0917,368.2,38.4,53.5,58.1
