NETCARE2015/data/raw/Flight8/O3_POLAR6_201504201521_R0_L1_NETCARE.ict
37, 1001
Staebler, Ralf
Environment Canada
Thermo 49i ozone data
Polar 6 NETCARE
1, 1
2015, 4, 20, 2015, 9, 30
0
Start_UTC, seconds
6
1, 1, 1, 1, 1, 1
-9999, -9999, -999.9, -99.9, -99.9, -99.9
Stop_UTC, seconds
hr, decimal hours (UTC)
Press, cell pressure (Torr)
BenchT, instrument temperature (deg C)
LampT, ozone lamp temperature (deg C)
O3, ozone mixing ratio (ppbv)
1
Press, BenchT, LampT are included for diagnostics
16
PI_CONTACT_INFO: Address: 4905 Dufferin Street, Toronto, ON M3H 5T4; email: Ralf.Staebler@ec.gc.ca
PLATFORM: Polar 6 
LOCATION: Location data varies as seen in this file
INSTRUMENT_INFO: Thermo Scienfific ozone analyzer model 49i, S.N. 0606014771
UNCERTAINTY: 0.2 ppbv 
ULOD_FLAG: -7777
ULOD_VALUE: N/A
LLOD_FLAG: -8888
LLOD_VALUE: N/A
DM_CONTACT_INFO: Ralf Staebler; Environment Canada; Ralf.Staebler@ec.gc.ca
PROJECT_INFO: Polar 6 NETCARE Spring 2015 campaign
STIPULATIONS_ON_USE: If use of this data will lead to a publication, we ask that the PI be informed.
OTHER_COMMENTS: N/A
REVISION: R0
R0: First set of data.
Start_UTC,Stop_UTC,hr,Press,BenchT,LampT,O3
[from data line 1175]
68740,68750,19.0972,371.2,38.4,53.5,56.3
68750,68760,19.1000,372.7,38.4,53.5,54.9
68760,68770,19.1028,373.9,38.4,53.5,54.9
68770,68780,19.1056,375.4,38.4,53.5,54.8
68780,68790,19.1083,376.6,38.4,53.5,57.7
68790,68800,19.1111,378.1,38.5,53.5,56.7
68800,68810,19.1139,379.3,38.5,53.5,57
68810,68820,19.1167,380.2,38.5,53.5,58.1
68820,68830,19.1194,381.4,38.5,53.5,56.6
68830,68840,19.1222,382.9,38.5,53.5,56.8
68840,68850,19.1250,384.4,38.5,53.5,57.3
68850,68860,19.1278,385.6,38.5,53.5,56.4
68860,68870,19.1306,386.8,38.5,53.5,56.9
68870,68880,19.1333,388.3,38.5,53.5,56.7
68880,68890,19.1361,389.8,38.5,53.5,54.3
68890,68900,19.1389,391.0,38.5,53.5,55.2
68900,68910,19.1417,392.8,38.5,53.5,56.5
68910,68920,19.1444,394.6,38.5,53.5,56.2
68920,68930,19.1472,395.8,38.5,53.5,58.8
68930,68940,19.1500,397.0,38.5,53.5,59.1
68940,68950,19.1528,398.2,38.5,53.5,62.4
68950,68960,19.1556,400.3,38.5,53.5,58.8
68960,68970,19.1583,401.8,38.5,53.5,61.1
68970,68980,19.1611,403.0,38.5,53.5,58.6
68980,68990,19.1639,404.2,38.5,53.5,59.6
68990,69000,19.1667,405.7,38.5,53.5,57.9
69000,69010,19.1694,407.5,38.5,53.5,58.9
69010,69020,19.1722,408.4,38.5,53.5,58.3
69020,69030,19.1750,409.9,38.5,53.5,58.8
69030,69040,19.1778,411.7,38.5,53.5,59.3
69040,69050,19.1806,412.6,38.5,53.5,60.3
69050,69060,19.1833,414.4,38.5,53.5,59.9
69060,69070,19.1861,415.9,38.5,53.5,60.8
69070,69080,19.1889,418.0,38.5,53.5,58.8
69080,69090,19.1917,419.5,38.5,53.5,61.3
69090,69100,19.1944,420.7,38.5,53.5,61.8
69100,69110,19.1972,421.9,38.5,53.5,60.1
69110,69120,19.2000,423.4,38.5,53.5,61.8
69120,69130,19.2028,424.9,38.5,53.4,61
69130,69140,19.2056,426.1,38.5,53.5,60.3
69140,69150,19.2083,427.2,38.5,53.5,60.5
69150,69160,19.2111,429.6,38.5,53.5,63.3
69160,69170,19.2139,431.4,38.5,53.5,62.2
69170,69180,19.2167,432.6,38.5,53.5,61.4
69180,69190,19.2194,434.4,38.5,53.5,65.7
69190,69200,19.2222,436.2,38.5,53.5,63.6
69200,69210,19.2250,437.7,38.5,53.5,65.8
69210,69220,19.2278,439.5,38.5,53.5,64.2
69220,69230,19.2306,441.0,38.5,53.5,67.3
69230,69240,19.2333,443.1,38.5,53.5,67.6
69240,69250,19.2361,444.6,38.5,53.5,69.8
69250,69260,19.2389,445.8,38.5,53.5,67.6
69260,69270,19.2417,447.3,38.5,53.5,67.3
69270,69280,19.2444,449.1,38.5,53.5,65.8
69280,69290,19.2472,450.9,38.5,53.5,66.6
69290,69300,19.2500,452.4,38.5,53.5,67.2
69300,69310,19.2528,453.9,38.5,53.5,67.4
69310,69320,19.2556,456.3,38.5,53.5,67.7
69320,69330,19.2583,457.8,38.5,53.5,67.4
69330,69340,19.2611,459.6,38.5,53.5,67.5
69340,69350,19.2639,460.8,38.5,53.5,67.2
69350,69360,19.2667,462.6,38.5,53.5,67.1
69360,69370,19.2694,464.4,38.5,53.5,64.9
69370,69380,19.2722,465.9,38.5,53.5,62.4
69380,69390,19.2750,467.7,38.5,53.5,65.1
69390,69400,19.2778,469.5,38.5,53.5,61.9
69400,69410,19.2806,471.6,38.5,53.5,64.9
69410,69420,19.2833,473.1,38.5,53.5,63.6
69420,69430,19.2861,474.6,38.5,53.5,63.7
69430,69440,19.2889,477.3,38.4,53.5,64.3
69440,69450,19.2917,479.1,38.4,53.5,66.8
69450,69460,19.2944,480.3,38.4,53.4,67
69460,69470,19.2972,481.5,38.4,53.5,69.5
69470,69480,19.3000,483.6,38.4,53.5,72.1
69480,69490,19.3028,485.4,38.4,53.4,71.9
69490,69500,19.3056,487.2,38.4,53.5,72.4
69500,69510,19.3083,488.7,38.4,53.5,72.1
69510,69520,19.3111,490.2,38.4,53.5,74.2
69520,69530,19.3139,491.7,38.4,53.5,74.7
69530,69540,19.3167,493.8,38.4,53.5,74.1
69540,69550,19.3194,495.9,38.4,53.5,73
69550,69560,19.3222,498.3,38.4,53.5,71.9
69560,69570,19.3250,499.8,38.4,53.5,70.6
69570,69580,19.3278,501.0,38.4,53.5,69.1
69580,69590,19.3306,502.8,38.4,53.5,69
69590,69600,19.3333,505.1,38.4,53.5,67.7
69600,69610,19.3361,507.2,38.4,53.5,65.2
69610,69620,19.3389,509.0,38.4,53.5,58.4
69620,69630,19.3417,511.1,38.4,53.5,54.3
69630,69640,19.3444,513.2,38.4,53.4,53.2
69640,69650,19.3472,514.7,38.3,53.5,50.1
69650,69660,19.3500,516.2,38.4,53.4,49.1
69660,69670,19.3528,518.0,38.3,53.5,50.1
69670,69680,19.3556,519.8,38.3,53.4,50.2
69680,69690,19.3583,521.6,38.3,53.5,48.6
69690,69700,19.3611,523.1,38.3,53.5,47.1
69700,69710,19.3639,524.9,38.3,53.4,49.5
69710,69720,19.3667,526.4,38.3,53.5,47.6
69720,69730,19.3694,528.5,38.3,53.5,48
69730,69740,19.3722,529.4,38.3,53.5,49.3
69740,69750,19.3750,531.5,38.3,53.4,51.1
69750,69760,19.3778,533.6,38.3,53.4,50.8
69760,69770,19.3806,535.7,38.3,53.5,51.3
69770,69780,19.3833,536.9,38.3,53.4,50.8
69780,69790,19.3861,538.4,38.3,53.5,50.9
69790,69800,19.3889,540.5,38.3,53.4,49.5
69800,69810,19.3917,542.0,38.3,53.5,50.1
69810,69820,19.3944,543.5,38.3,53.4,48.8
69820,69830,19.3972,545.0,38.3,53.4,50
69830,69840,19.4000,547.1,38.3,53.4,49.8
69840,69850,19.4028,548.9,38.2,53.4,49.1
69850,69860,19.4056,550.4,38.2,53.4,49.8
69860,69870,19.4083,551.9,38.2,53.4,49.2
69870,69880,19.4111,554.0,38.2,53.5,50
69880,69890,19.4139,555.8,38.2,53.4,49.1
69890,69900,19.4167,557.0,38.2,53.4,48.9
69900,69910,19.4194,558.5,38.2,53.4,50.7
69910,69920,19.4222,560.9,38.2,53.4,49.1
69920,69930,19.4250,562.4,38.2,53.4,50.1
69930,69940,19.4278,564.2,38.2,53.4,50.2
69940,69950,19.4306,565.7,38.2,53.4,50.8
69950,69960,19.4333,568.1,38.2,53.4,48.5
69960,69970,19.4361,570.2,38.1,53.4,49.1
69970,69980,19.4389,572.0,38.1,53.4,47.8
69980,69990,19.4417,573.5,38.1,53.5,48.1
69990,70000,19.4444,575.9,38.1,53.4,47.3
70000,70010,19.4472,577.7,38.1,53.4,47.2
70010,70020,19.4500,579.5,38.1,53.5,47.5
70020,70030,19.4528,581.3,38.1,53.4,47.7
70030,70040,19.4556,583.9,38.1,53.4,49
70040,70050,19.4583,585.7,38.1,53.4,48.1
70050,70060,19.4611,587.2,38.1,53.4,48.7
70060,70070,19.4639,589.0,38.1,53.4,48.3
70070,70080,19.4667,591.7,38.1,53.4,48.3
70080,70090,19.4694,593.8,38.1,53.4,48.6
70090,70100,19.4722,595.6,38.1,53.4,47.5
70100,70110,19.4750,597.7,38.0,53.4,47.8
70110,70120,19.4778,599.5,38.0,53.4,47.2
70120,70130,19.4806,602.2,38.0,53.4,47.4
70130,70140,19.4833,604.0,38.0,53.4,47.3
70140,70150,19.4861,606.1,38.0,53.4,47.6
70150,70160,19.4889,608.2,38.0,53.4,48.4
70160,70170,19.4917,610.6,38.0,53.4,47.6
70170,70180,19.4944,611.2,38.0,53.4,47.9
70180,70190,19.4972,613.3,38.0,53.4,48.3
70190,70200,19.5000,616.0,38.0,53.4,47.5
70200,70210,19.5028,617.8,38.0,53.4,48.6
70210,70220,19.5056,619.3,37.9,53.4,48.2
70220,70230,19.5083,621.1,37.9,53.4,47.9
70230,70240,19.5111,623.5,37.9,53.4,47.7
70240,70250,19.5139,625.6,37.9,53.4,46.4
70250,70260,19.5167,627.4,37.9,53.4,47
70260,70270,19.5194,629.2,37.9,53.4,46.8
70270,70280,19.5222,631.3,37.9,53.4,47.3
70280,70290,19.5250,633.4,37.9,53.4,47.4
70290,70300,19.5278,635.2,37.9,53.4,46.5
70300,70310,19.5306,637.6,37.8,53.4,46.3
70310,70320,19.5333,640.6,37.8,53.4,46.2
70320,70330,19.5361,643.3,37.8,53.4,47
70330,70340,19.5389,645.7,37.8,53.4,47.6
70340,70350,19.5417,647.5,37.8,53.4,47.7
70350,70360,19.5444,650.2,37.8,53.4,46.4
70360,70370,19.5472,652.0,37.8,53.4,45.7
70370,70380,19.5500,653.8,37.8,53.4,46.1
70380,70390,19.5528,655.3,37.8,53.4,46.3
70390,70400,19.5556,658.0,37.8,53.4,46.9
70400,70410,19.5583,659.8,37.8,53.4,47.1
70410,70420,19.5611,661.2,37.7,53.4,47.9
70420,70430,19.5639,662.7,37.7,53.4,47.1
70430,70440,19.5667,665.1,37.7,53.4,46.5
70440,70450,19.5694,666.6,37.7,53.4,46.8
70450,70460,19.5722,667.8,37.7,53.4,47.2
70460,70470,19.5750,669.9,37.7,53.4,46.8
70470,70480,19.5778,671.7,37.7,53.4,46.6
70480,70490,19.5806,674.4,37.7,53.4,46.7
70490,70500,19.5833,676.2,37.7,53.4,46.1
70500,70510,19.5861,678.6,37.7,53.4,46.4
70510,70520,19.5889,680.7,37.7,53.4,44.1
70520,70530,19.5917,682.5,37.6,53.4,43.1
70530,70540,19.5944,684.0,37.6,53.4,43
70540,70550,19.5972,686.1,37.6,53.4,43.9
70550,70560,19.6000,689.1,37.6,53.4,43.7
70560,70570,19.6028,691.5,37.6,53.4,43.2
70570,70580,19.6056,693.9,37.6,53.4,42.6
70580,70590,19.6083,696.0,37.5,53.4,41.8
70590,70600,19.6111,697.8,37.5,53.4,41.3
70600,70610,19.6139,699.6,37.5,53.4,41.8
70610,70620,19.6167,701.1,37.5,53.4,42.7
70620,70630,19.6194,702.9,37.5,53.4,40.3
70630,70640,19.6222,705.3,37.5,53.4,40.1
70640,70650,19.6250,706.5,37.5,53.4,39.5
70650,70660,19.6278,708.0,37.5,53.4,39.2
70660,70670,19.6306,707.7,37.5,53.4,39.4
70670,70680,19.6333,708.9,37.5,53.4,39.3
70680,70690,19.6361,709.2,37.5,53.4,38.1
70690,70700,19.6389,709.5,37.4,53.4,38.2
70700,70710,19.6417,710.4,37.4,53.4,38.8
70710,70720,19.6444,712.5,37.4,53.4,38.4
70720,70730,19.6472,715.5,37.4,53.4,39.9
70730,70740,19.6500,715.8,37.4,53.4,39.4
70740,70750,19.6528,717.6,37.4,53.4,39.6
70750,70760,19.6556,720.6,37.4,53.4,39.3
70760,70770,19.6583,721.8,37.4,53.4,39.5
70770,70780,19.6611,723.3,37.4,53.4,39.7
70780,70790,19.6639,726.9,37.3,53.4,38.5
70790,70800,19.6667,729.9,37.3,53.4,39
70800,70810,19.6694,731.4,37.3,53.4,38.7
70810,70820,19.6722,733.8,37.3,53.4,38.6
70820,70830,19.6750,734.7,37.3,53.4,38.9
70830,70840,19.6778,735.6,37.3,53.4,38.5
70840,70850,19.6806,735.6,37.3,53.4,39.1
70850,70860,19.6833,734.4,37.2,53.4,37.8
70860,70870,19.6861,734.4,37.2,53.4,38.1
70870,70880,19.6889,735.6,37.2,53.4,39
70880,70890,19.6917,735.0,37.2,53.4,39
70890,70900,19.6944,735.3,37.2,53.4,38.5
70900,70910,19.6972,733.8,37.2,53.4,38.9
70910,70920,19.7000,734.4,37.2,53.4,39.7
70920,70930,19.7028,732.6,37.2,53.4,39.6
70930,70940,19.7056,730.2,37.2,53.4,40
70940,70950,19.7083,726.6,37.2,53.4,39
70950,70960,19.7111,724.5,37.1,53.4,38.6
70960,70970,19.7139,724.2,37.1,53.4,39.6
70970,70980,19.7167,723.0,37.1,53.4,38.7
70980,70990,19.7194,724.2,37.1,53.4,38.5
70990,71000,19.7222,722.7,37.1,53.4,38.8
71000,71010,19.7250,721.2,37.1,53.4,39.1
71010,71020,19.7278,720.9,37.0,53.4,38.4
71020,71030,19.7306,720.0,37.0,53.4,39.8
71030,71040,19.7333,721.2,37.0,53.4,38.5
71040,71050,19.7361,719.1,37.0,53.4,39.6
71050,71060,19.7389,719.4,37.0,53.4,38.9
71060,71070,19.7417,718.8,37.0,53.4,39.1
71070,71080,19.7444,719.1,37.0,53.4,38.3
71080,71090,19.7472,719.1,37.0,53.4,38.7
71090,71100,19.7500,718.2,37.0,53.4,39.2
71100,71110,19.7528,718.8,36.9,53.4,38.1
71110,71120,19.7556,718.2,36.9,53.4,38.4
71120,71130,19.7583,717.0,36.9,53.4,39.6
71130,71140,19.7611,716.7,36.9,53.4,39
71140,71150,19.7639,716.7,36.9,53.4,39.6
71150,71160,19.7667,716.7,36.9,53.4,39.2
71160,71170,19.7694,715.8,36.9,53.4,39.1
71170,71180,19.7722,715.5,36.9,53.4,38.6
71180,71190,19.7750,716.7,36.9,53.4,39.7
71190,71200,19.7778,718.8,36.9,53.4,39.6
71200,71210,19.7806,718.2,36.8,53.4,39.3
71210,71220,19.7833,720.3,36.8,53.3,38.4
71220,71230,19.7861,723.3,36.8,53.4,38.4
71230,71240,19.7889,723.9,36.8,53.4,39.1
71240,71250,19.7917,723.9,36.8,53.4,39.7
71250,71260,19.7944,725.7,36.8,53.4,39.6
71260,71270,19.7972,727.8,36.7,53.4,38.9
71270,71280,19.8000,729.0,36.7,53.4,39
71280,71290,19.8028,730.2,36.7,53.4,39.3
71290,71300,19.8056,732.0,36.7,53.3,39.6
71300,71310,19.8083,733.2,36.7,53.3,39.8
71310,71320,19.8111,734.4,36.7,53.4,39.9
71320,71330,19.8139,735.3,36.7,53.3,40.1
71330,71340,19.8167,735.0,36.7,53.4,39.4
71340,71350,19.8194,738.2,36.7,53.4,38.4
71350,71360,19.8222,738.8,36.7,53.4,39.8
71360,71370,19.8250,741.2,36.7,53.4,39.2
71370,71380,19.8278,741.8,36.6,53.4,39.3
71380,71390,19.8306,743.9,36.6,53.4,39
