NETCARE2015/data/raw/Flight8/O3_POLAR6_201504201521_R0_L1_NETCARE.ict
37, 1001
Staebler, Ralf
Environment Canada
Thermo 49i ozone data
Polar 6 NETCARE
1, 1
2015, 4, 20, 2015, 9, 30
0
Start_UTC, seconds
6
1, 1, 1, 1, 1, 1
-9999, -9999, -999.9, -99.9, -99.9, -99.9
Stop_UTC, seconds
hr, decimal hours (UTC)
Press, cell pressure (Torr)
BenchT, instrument temperature (deg C)
LampT, ozone lamp temperature (deg C)
O3, ozone mixing ratio (ppbv)
1
Press, BenchT, LampT are included for diagnostics
16
PI_CONTACT_INFO: Address: 4905 Dufferin Street, Toronto, ON M3H 5T4; email: Ralf.Staebler@ec.gc.ca
PLATFORM: Polar 6 
LOCATION: Location data varies as seen in this file
INSTRUMENT_INFO: Thermo Scienfific ozone analyzer model 49i, S.N. 0606014771
UNCERTAINTY: 0.2 ppbv 
ULOD_FLAG: -7777
ULOD_VALUE: N/A
LLOD_FLAG: -8888
LLOD_VALUE: N/A
DM_CONTACT_INFO: Ralf Staebler; Environment Canada; Ralf.Staebler@ec.gc.ca
PROJECT_INFO: Polar 6 NETCARE Spring 2015 campaign
STIPULATIONS_ON_USE: If use of this data will lead to a publication, we ask that the PI be informed.
OTHER_COMMENTS: N/A
REVISION: R0
R0: First set of data.
Start_UTC,Stop_UTC,hr,Press,BenchT,LampT,O3
56990,57000,15.8333,741.5,21.1,53.1,37.8
57000,57010,15.8361,737.6,21.2,53.1,38.4
57010,57020,15.8389,733.5,21.3,53.1,40
57020,57030,15.8417,730.5,21.4,53.1,39.2
57030,57040,15.8444,726.9,21.4,53.1,38
57040,57050,15.8472,723.6,21.5,53.1,38.5
57050,57060,15.8500,720.3,21.5,53.1,39.1
57060,57070,15.8528,719.7,21.6,53.1,38.9
57070,57080,15.8556,718.8,21.7,53.1,38.1
57080,57090,15.8583,716.4,21.7,53.1,37.1
57090,57100,15.8611,718.2,21.8,53.1,39.1
57100,57110,15.8639,713.4,21.9,53.1,38.9
57110,57120,15.8667,711.0,21.9,53.1,39.4
57120,57130,15.8694,708.3,22.0,53.1,40
57130,57140,15.8722,706.8,22.1,53.1,40.3
57140,57150,15.8750,705.9,22.1,53.1,40.4
57150,57160,15.8778,705.0,22.2,53.1,40.9
57160,57170,15.8806,704.7,22.3,53.1,38.8
57170,57180,15.8833,702.9,22.3,53.1,39.6
57180,57190,15.8861,701.4,22.4,53.1,41.2
57190,57200,15.8889,700.2,22.5,53.1,38.7
57200,57210,15.8917,698.1,22.5,53.1,39.5
57210,57220,15.8944,696.0,22.6,53.1,39.8
57220,57230,15.8972,693.6,22.7,53.1,40.3
57230,57240,15.9000,691.8,22.7,53.1,39.3
57240,57250,15.9028,690.0,22.8,53.1,39.9
57250,57260,15.9056,688.8,22.8,53.1,40.5
57260,57270,15.9083,688.2,22.9,53.2,41.3
57270,57280,15.9111,688.2,23.0,53.1,40.2
57280,57290,15.9139,687.0,23.0,53.1,40.2
57290,57300,15.9167,684.0,23.1,53.1,40.4
57300,57310,15.9194,681.3,23.2,53.1,40.1
57310,57320,15.9222,679.5,23.2,53.2,40
57320,57330,15.9250,677.4,23.3,53.2,40.3
57330,57340,15.9278,675.3,23.4,53.2,42.7
57340,57350,15.9306,674.1,23.4,53.1,44.5
57350,57360,15.9333,674.1,23.5,53.2,45.2
57360,57370,15.9361,673.2,23.5,53.1,45.3
57370,57380,15.9389,671.4,23.6,53.2,46.2
57380,57390,15.9417,670.2,23.7,53.2,47
57390,57400,15.9444,668.7,23.7,53.2,46.8
57400,57410,15.9472,666.9,23.8,53.1,48.3
57410,57420,15.9500,664.5,23.9,53.1,48.5
57420,57430,15.9528,662.4,23.9,53.2,48.7
57430,57440,15.9556,661.2,24.0,53.2,47.3
57440,57450,15.9583,659.2,24.0,53.2,46.1
57450,57460,15.9611,657.1,24.1,53.1,47.4
57460,57470,15.9639,655.0,24.1,53.2,47.2
57470,57480,15.9667,652.9,24.2,53.1,46.7
57480,57490,15.9694,650.5,24.3,53.2,46.2
57490,57500,15.9722,648.1,24.3,53.2,46.1
57500,57510,15.9750,644.8,24.4,53.2,47.1
57510,57520,15.9778,642.7,24.5,53.2,46.8
57520,57530,15.9806,640.3,24.5,53.2,47.6
57530,57540,15.9833,636.7,24.6,53.2,47.4
57540,57550,15.9861,634.3,24.7,53.2,46.3
57550,57560,15.9889,632.5,24.7,53.2,46.1
57560,57570,15.9917,630.7,24.8,53.2,46.6
57570,57580,15.9944,628.6,24.8,53.2,45.5
57580,57590,15.9972,626.8,24.9,53.2,45.5
57590,57600,16.0000,625.3,25.0,53.2,45.6
57600,57610,16.0028,623.8,25.0,53.2,45
57610,57620,16.0056,621.4,25.1,53.2,45.4
57620,57630,16.0083,619.3,25.1,53.2,46.6
57630,57640,16.0111,617.2,25.2,53.2,45.4
57640,57650,16.0139,615.1,25.3,53.2,46.4
57650,57660,16.0167,613.3,25.3,53.2,46.2
57660,57670,16.0194,611.2,25.4,53.2,46.9
57670,57680,16.0222,609.1,25.5,53.2,45.4
57680,57690,16.0250,607.0,25.5,53.2,47
57690,57700,16.0278,604.0,25.6,53.2,47.7
57700,57710,16.0306,602.2,25.6,53.2,47.5
57710,57720,16.0333,600.7,25.7,53.2,46.2
57720,57730,16.0361,599.2,25.8,53.2,47.4
57730,57740,16.0389,597.4,25.8,53.2,46
57740,57750,16.0417,595.3,25.9,53.2,46.3
57750,57760,16.0444,593.8,25.9,53.2,44.4
57760,57770,16.0472,592.3,26.0,53.2,45.4
57770,57780,16.0500,590.2,26.0,53.2,44.6
57780,57790,16.0528,588.1,26.1,53.2,45.8
57790,57800,16.0556,586.6,26.2,53.2,46
57800,57810,16.0583,585.7,26.2,53.2,48.4
57810,57820,16.0611,583.3,26.3,53.3,49.3
57820,57830,16.0639,581.3,26.4,53.2,48.5
57830,57840,16.0667,579.8,26.4,53.2,49.3
57840,57850,16.0694,578.3,26.5,53.2,48.9
57850,57860,16.0722,575.9,26.5,53.2,50.1
57860,57870,16.0750,573.5,26.6,53.3,48.6
57870,57880,16.0778,572.0,26.7,53.3,47.5
57880,57890,16.0806,570.8,26.7,53.3,48.6
57890,57900,16.0833,568.4,26.8,53.3,48.2
57900,57910,16.0861,566.9,26.8,53.3,47.6
57910,57920,16.0889,565.7,26.9,53.3,47.2
57920,57930,16.0917,564.2,27.0,53.3,48.1
57930,57940,16.0944,564.2,27.0,53.3,47.9
57940,57950,16.0972,560.0,27.1,53.3,48.8
57950,57960,16.1000,559.4,27.2,53.3,47.8
57960,57970,16.1028,557.0,27.2,53.3,48.7
57970,57980,16.1056,555.2,27.3,53.3,50.3
57980,57990,16.1083,553.7,27.3,53.3,49.1
57990,58000,16.1111,552.5,27.4,53.3,47.7
58000,58010,16.1139,551.3,27.4,53.3,48
58010,58020,16.1167,548.9,27.5,53.3,48.3
58020,58030,16.1194,548.0,27.5,53.3,48.5
58030,58040,16.1222,546.8,27.6,53.3,47.7
58040,58050,16.1250,545.3,27.7,53.3,48
58050,58060,16.1278,543.5,27.7,53.3,46.4
58060,58070,16.1306,541.4,27.8,53.3,49.3
58070,58080,16.1333,539.9,27.8,53.3,48.8
58080,58090,16.1361,539.0,27.9,53.3,48.7
58090,58100,16.1389,536.9,27.9,53.3,47.4
58100,58110,16.1417,535.1,28.0,53.3,49.7
58110,58120,16.1444,533.9,28.1,53.3,48.8
58120,58130,16.1472,532.4,28.1,53.3,48.5
58130,58140,16.1500,530.3,28.2,53.3,46.3
58140,58150,16.1528,528.5,28.2,53.3,48.9
58150,58160,16.1556,526.7,28.3,53.3,47.1
58160,58170,16.1583,525.5,28.3,53.3,47.6
58170,58180,16.1611,524.0,28.4,53.3,48.1
58180,58190,16.1639,521.9,28.5,53.3,48.8
58190,58200,16.1667,520.7,28.5,53.3,48.8
58200,58210,16.1694,519.2,28.6,53.4,49.5
58210,58220,16.1722,517.7,28.6,53.3,49.8
58220,58230,16.1750,515.6,28.7,53.3,48.7
58230,58240,16.1778,514.1,28.7,53.4,50
58240,58250,16.1806,512.6,28.8,53.4,50.9
58250,58260,16.1833,511.1,28.9,53.4,50.3
58260,58270,16.1861,509.6,28.9,53.3,51.6
58270,58280,16.1889,508.1,28.9,53.3,50.6
58280,58290,16.1917,506.9,29.0,53.3,50.8
58290,58300,16.1944,505.4,29.0,53.3,53.1
58300,58310,16.1972,504.0,29.1,53.4,54.2
58310,58320,16.2000,502.5,29.2,53.3,54.4
58320,58330,16.2028,501.0,29.2,53.3,54.8
58330,58340,16.2056,499.5,29.3,53.3,54.2
58340,58350,16.2083,497.4,29.3,53.3,54.5
58350,58360,16.2111,496.2,29.4,53.3,55.3
58360,58370,16.2139,495.3,29.4,53.3,57.6
58370,58380,16.2167,492.6,29.5,53.3,59.5
58380,58390,16.2194,490.8,29.5,53.3,59.3
58390,58400,16.2222,489.0,29.6,53.3,58.2
58400,58410,16.2250,486.9,29.6,53.3,58.5
58410,58420,16.2278,485.1,29.7,53.3,55.4
58420,58430,16.2306,483.3,29.8,53.3,56.4
58430,58440,16.2333,481.8,29.8,53.4,59.2
58440,58450,16.2361,480.3,29.9,53.3,61
58450,58460,16.2389,478.5,29.9,53.3,62.8
58460,58470,16.2417,476.7,30.0,53.3,61.8
58470,58480,16.2444,475.8,30.0,53.3,63.5
58480,58490,16.2472,474.6,30.1,53.3,63.8
58490,58500,16.2500,472.8,30.1,53.4,64.3
58500,58510,16.2528,471.3,30.2,53.4,64.4
58510,58520,16.2556,469.8,30.2,53.3,64.8
58520,58530,16.2583,468.3,30.3,53.4,65.3
58530,58540,16.2611,466.5,30.3,53.4,63.6
58540,58550,16.2639,465.9,30.4,53.4,65.5
58550,58560,16.2667,466.2,30.4,53.4,63.4
58560,58570,16.2694,466.8,30.5,53.4,62.1
58570,58580,16.2722,472.8,30.6,53.4,62.2
58580,58590,16.2750,477.3,30.6,53.4,-99.9
58590,58600,16.2778,477.3,30.7,53.4,-99.9
58600,58610,16.2806,477.9,30.7,53.4,-99.9
58610,58620,16.2833,477.6,30.8,53.4,-99.9
58620,58630,16.2861,478.2,30.8,53.4,-99.9
58630,58640,16.2889,479.4,30.8,53.4,-99.9
58640,58650,16.2917,479.4,30.9,53.4,-99.9
58650,58660,16.2944,478.8,31.0,53.4,-99.9
58660,58670,16.2972,478.2,31.0,53.4,-99.9
58670,58680,16.3000,477.9,31.0,53.4,-99.9
58680,58690,16.3028,477.9,31.1,53.4,-99.9
58690,58700,16.3056,477.3,31.1,53.4,-99.9
58700,58710,16.3083,477.3,31.2,53.4,-99.9
58710,58720,16.3111,477.0,31.2,53.4,-99.9
58720,58730,16.3139,477.3,31.3,53.4,-99.9
58730,58740,16.3167,477.3,31.3,53.4,-99.9
58740,58750,16.3194,476.4,31.4,53.4,-99.9
58750,58760,16.3222,477.0,31.5,53.4,-99.9
58760,58770,16.3250,477.0,31.5,53.4,-99.9
58770,58780,16.3278,476.4,31.6,53.4,-99.9
58780,58790,16.3306,477.0,31.6,53.4,-99.9
58790,58800,16.3333,476.4,31.7,53.4,-99.9
58800,58810,16.3361,477.0,31.7,53.4,-99.9
58810,58820,16.3389,476.4,31.7,53.4,-99.9
58820,58830,16.3417,476.7,31.8,53.4,-99.9
58830,58840,16.3444,477.0,31.8,53.4,-99.9
58840,58850,16.3472,477.3,31.9,53.4,-99.9
58850,58860,16.3500,477.0,31.9,53.4,-99.9
58860,58870,16.3528,477.3,32.0,53.4,-99.9
58870,58880,16.3556,477.9,32.0,53.4,-99.9
58880,58890,16.3583,466.8,32.1,53.4,-99.9
58890,58900,16.3611,466.8,32.1,53.4,61.9
58900,58910,16.3639,466.5,32.2,53.4,64.1
58910,58920,16.3667,466.8,32.2,53.4,64.7
58920,58930,16.3694,467.4,32.3,53.4,67.4
58930,58940,16.3722,467.1,32.3,53.4,66.7
58940,58950,16.3750,467.4,32.4,53.4,65.6
58950,58960,16.3778,467.4,32.4,53.4,65.6
58960,58970,16.3806,466.8,32.5,53.4,66.5
58970,58980,16.3833,465.3,32.5,53.4,63.4
58980,58990,16.3861,463.5,32.5,53.4,64.5
58990,59000,16.3889,462.0,32.6,53.4,64.2
59000,59010,16.3917,461.1,32.6,53.4,64.2
59010,59020,16.3944,459.6,32.7,53.4,63.3
59020,59030,16.3972,457.8,32.7,53.4,63.6
59030,59040,16.4000,456.9,32.7,53.4,63.8
59040,59050,16.4028,455.4,32.8,53.4,66.9
59050,59060,16.4056,453.3,32.8,53.4,65.5
59060,59070,16.4083,451.2,32.9,53.4,65.3
59070,59080,16.4111,450.0,32.9,53.4,65.7
59080,59090,16.4139,448.8,33.0,53.4,67.8
59090,59100,16.4167,446.1,33.0,53.4,68.9
59100,59110,16.4194,444.3,33.1,53.4,67.1
59110,59120,16.4222,442.2,33.1,53.4,67.6
59120,59130,16.4250,440.7,33.1,53.4,67.8
59130,59140,16.4278,438.9,33.2,53.4,67.1
59140,59150,16.4306,437.1,33.2,53.4,65.5
59150,59160,16.4333,435.6,33.3,53.4,67.4
59160,59170,16.4361,434.4,33.3,53.4,66.8
59170,59180,16.4389,432.9,33.3,53.4,67.4
59180,59190,16.4417,431.4,33.4,53.4,68.1
59190,59200,16.4444,429.9,33.4,53.4,69
59200,59210,16.4472,428.4,33.4,53.4,69.5
59210,59220,16.4500,426.4,33.5,53.4,71.4
59220,59230,16.4528,425.2,33.5,53.4,69.7
59230,59240,16.4556,423.7,33.6,53.4,70.3
59240,59250,16.4583,422.5,33.6,53.4,70.6
59250,59260,16.4611,420.4,33.6,53.4,65.8
59260,59270,16.4639,418.9,33.7,53.4,66.8
59270,59280,16.4667,417.4,33.7,53.4,67
59280,59290,16.4694,416.2,33.7,53.4,68.2
59290,59300,16.4722,415.3,33.8,53.4,67.2
59300,59310,16.4750,413.2,33.8,53.4,67.4
59310,59320,16.4778,411.4,33.9,53.4,69.1
59320,59330,16.4806,409.6,33.9,53.4,68.4
59330,59340,16.4833,407.8,33.9,53.4,67.4
59340,59350,16.4861,406.9,34.0,53.4,69.4
59350,59360,16.4889,405.1,34.0,53.4,68.4
59360,59370,16.4917,404.5,34.0,53.4,70.9
59370,59380,16.4944,402.7,34.1,53.4,68.2
59380,59390,16.4972,401.2,34.1,53.4,66.1
59390,59400,16.5000,399.7,34.1,53.4,66.8
59400,59410,16.5028,398.5,34.2,53.4,65.4
59410,59420,16.5056,397.0,34.2,53.4,65.1
59420,59430,16.5083,395.5,34.2,53.4,66.4
59430,59440,16.5111,394.6,34.3,53.4,66.9
59440,59450,16.5139,393.7,34.3,53.4,67
59450,59460,16.5167,391.9,34.3,53.5,65.6
59460,59470,16.5194,390.7,34.4,53.4,64.5
59470,59480,16.5222,389.2,34.4,53.5,67.4
59480,59490,16.5250,388.3,34.4,53.4,66.8
59490,59500,16.5278,386.5,34.5,53.4,67
59500,59510,16.5306,385.3,34.5,53.4,68.3
59510,59520,16.5333,384.1,34.5,53.5,69
59520,59530,16.5361,382.9,34.6,53.4,67.8
59530,59540,16.5389,380.5,34.6,53.4,65.6
59540,59550,16.5417,379.0,34.6,53.5,63.4
59550,59560,16.5444,378.1,34.7,53.4,63.5
59560,59570,16.5472,377.2,34.7,53.4,65.6
59570,59580,16.5500,375.7,34.7,53.5,65.5
59580,59590,16.5528,374.2,34.8,53.4,64.3
59590,59600,16.5556,373.0,34.8,53.5,65.5
59600,59610,16.5583,372.7,34.8,53.5,63.2
59610,59620,16.5611,370.6,34.8,53.5,63.2
59620,59630,16.5639,369.7,34.9,53.4,64.4
59630,59640,16.5667,368.8,34.9,53.5,65.8
59640,59650,16.5694,368.2,34.9,53.4,64.5
59650,59660,16.5722,366.4,35.0,53.5,66.6
59660,59670,16.5750,365.8,35.0,53.5,68.7
59670,59680,16.5778,364.9,35.0,53.5,60.4
59680,59690,16.5806,364.6,35.1,53.4,63.5
59690,59700,16.5833,364.3,35.1,53.5,58.2
59700,59710,16.5861,363.7,35.1,53.5,62.6
59710,59720,16.5889,363.4,35.2,53.5,62.5
59720,59730,16.5917,364.3,35.2,53.5,62.7
59730,59740,16.5944,364.3,35.2,53.5,61.6
59740,59750,16.5972,364.0,35.2,53.5,63.6
59750,59760,16.6000,364.3,35.3,53.5,63.7
59760,59770,16.6028,365.2,35.3,53.5,67.5
59770,59780,16.6056,364.9,35.3,53.5,63.5
59780,59790,16.6083,365.2,35.4,53.5,64.9
59790,59800,16.6111,366.1,35.4,53.5,64.6
59800,59810,16.6139,366.1,35.4,53.4,63.4
59810,59820,16.6167,365.5,35.5,53.4,61.5
59820,59830,16.6194,365.2,35.5,53.5,60.7
59830,59840,16.6222,365.5,35.5,53.5,61.6
59840,59850,16.6250,365.8,35.5,53.5,62.4
59850,59860,16.6278,364.6,35.6,53.5,63.2
59860,59870,16.6306,365.2,35.6,53.4,61.5
59870,59880,16.6333,365.5,35.6,53.5,60.5
59880,59890,16.6361,365.2,35.6,53.5,63.7
59890,59900,16.6389,364.6,35.7,53.5,62.5
59900,59910,16.6417,364.0,35.7,53.5,64.8
59910,59920,16.6444,363.7,35.7,53.5,64.5
59920,59930,16.6472,364.3,35.8,53.5,65
59930,59940,16.6500,363.4,35.8,53.5,65.9
59940,59950,16.6528,362.5,35.8,53.5,62.1
59950,59960,16.6556,363.1,35.9,53.5,63.9
59960,59970,16.6583,364.0,35.9,53.5,60.9
59970,59980,16.6611,364.0,35.9,53.5,63.1
59980,59990,16.6639,364.0,35.9,53.5,59.9
59990,60000,16.6667,364.6,36.0,53.5,61
60000,60010,16.6694,365.5,36.0,53.5,61.7
60010,60020,16.6722,366.4,36.0,53.5,61.5
60020,60030,16.6750,367.9,36.0,53.5,62.1
60030,60040,16.6778,369.7,36.1,53.5,68.3
60040,60050,16.6806,371.8,36.1,53.5,66.4
60050,60060,16.6833,373.6,36.1,53.5,65.3
60060,60070,16.6861,374.8,36.2,53.5,66.1
60070,60080,16.6889,376.9,36.2,53.5,65.8
60080,60090,16.6917,378.7,36.2,53.5,63.9
60090,60100,16.6944,379.9,36.2,53.5,61.1
60100,60110,16.6972,381.1,36.3,53.5,63.4
60110,60120,16.7000,382.6,36.3,53.5,64.2
60120,60130,16.7028,384.1,36.3,53.5,64.7
60130,60140,16.7056,385.0,36.3,53.5,64.1
60140,60150,16.7083,385.9,36.4,53.5,65.1
60150,60160,16.7111,387.7,36.4,53.5,67
60160,60170,16.7139,388.6,36.4,53.5,69.1
60170,60180,16.7167,389.8,36.4,53.5,68.8
60180,60190,16.7194,391.3,36.5,53.5,65.7
60190,60200,16.7222,393.1,36.5,53.5,65.7
60200,60210,16.7250,395.2,36.5,53.5,64.8
60210,60220,16.7278,396.4,36.6,53.5,64.3
60220,60230,16.7306,397.9,36.6,53.5,60.5
60230,60240,16.7333,399.4,36.6,53.4,61.9
60240,60250,16.7361,401.2,36.6,53.5,59.5
60250,60260,16.7389,402.4,36.7,53.5,60.5
60260,60270,16.7417,403.3,36.7,53.4,59.2
60270,60280,16.7444,405.4,36.7,53.5,59.3
60280,60290,16.7472,406.6,36.7,53.5,60.1
60290,60300,16.7500,407.8,36.7,53.5,56.1
60300,60310,16.7528,409.3,36.8,53.5,59.5
60310,60320,16.7556,411.1,36.8,53.5,62
60320,60330,16.7583,412.0,36.8,53.5,63.1
60330,60340,16.7611,413.5,36.8,53.5,62.1
60340,60350,16.7639,414.7,36.9,53.5,63.2
60350,60360,16.7667,416.5,36.9,53.5,60.9
60360,60370,16.7694,418.6,36.9,53.5,59.6
60370,60380,16.7722,419.8,36.9,53.5,61.8
60380,60390,16.7750,421.3,36.9,53.5,60.9
60390,60400,16.7778,423.7,37.0,53.5,61.2
60400,60410,16.7806,425.8,37.0,53.5,61.4
60410,60420,16.7833,427.2,37.0,53.5,61
60420,60430,16.7861,428.7,37.0,53.5,61.8
60430,60440,16.7889,430.8,37.0,53.5,60.5
60440,60450,16.7917,432.6,37.1,53.5,64.6
60450,60460,16.7944,433.8,37.1,53.5,62.8
60460,60470,16.7972,435.0,37.1,53.5,64.9
60470,60480,16.8000,436.8,37.1,53.5,63.3
60480,60490,16.8028,438.9,37.2,53.5,64.8
60490,60500,16.8056,440.4,37.2,53.5,62.8
60500,60510,16.8083,441.9,37.2,53.5,62.2
60510,60520,16.8111,444.0,37.2,53.5,60.1
60520,60530,16.8139,445.8,37.2,53.5,60.1
60530,60540,16.8167,447.0,37.3,53.5,59.2
60540,60550,16.8194,448.2,37.3,53.5,61.2
60550,60560,16.8222,450.0,37.3,53.5,60.4
60560,60570,16.8250,451.5,37.3,53.5,61.6
60570,60580,16.8278,453.3,37.3,53.5,60.4
60580,60590,16.8306,455.1,37.4,53.5,62.4
60590,60600,16.8333,457.2,37.4,53.5,64
60600,60610,16.8361,459.3,37.4,53.5,63.4
60610,60620,16.8389,461.1,37.4,53.5,60.3
60620,60630,16.8417,463.2,37.4,53.5,61.7
60630,60640,16.8444,465.3,37.5,53.5,65.5
60640,60650,16.8472,466.8,37.5,53.5,65.3
60650,60660,16.8500,467.4,37.5,53.5,64.4
60660,60670,16.8528,467.1,37.5,53.5,66
60670,60680,16.8556,467.1,37.5,53.5,67
60680,60690,16.8583,466.5,37.5,53.5,66.5
60690,60700,16.8611,466.5,37.5,53.5,64.2
60700,60710,16.8639,466.5,37.6,53.5,65.2
60710,60720,16.8667,466.5,37.6,53.5,66.1
60720,60730,16.8694,467.1,37.6,53.5,66.1
60730,60740,16.8722,466.5,37.6,53.4,63.6
60740,60750,16.8750,466.8,37.6,53.5,61.6
60750,60760,16.8778,467.1,37.7,53.5,64.2
60760,60770,16.8806,467.1,37.7,53.5,64.5
60770,60780,16.8833,467.1,37.7,53.5,61.5
60780,60790,16.8861,466.8,37.7,53.5,62.4
60790,60800,16.8889,466.8,37.7,53.5,61.5
60800,60810,16.8917,467.4,37.7,53.5,60.1
60810,60820,16.8944,467.4,37.7,53.5,58.7
60820,60830,16.8972,467.4,37.8,53.5,60.5
60830,60840,16.9000,468.3,37.8,53.5,60.1
60840,60850,16.9028,468.3,37.8,53.5,60.7
60850,60860,16.9056,468.0,37.8,53.5,60
60860,60870,16.9083,468.3,37.8,53.5,61.8
60870,60880,16.9111,468.0,37.8,53.5,62.6
60880,60890,16.9139,468.6,37.8,53.5,63.5
