NETCARE2015/data/raw/Flight2/AIMMS_POLAR6_20150407_R0_NETCARE.ict
57, 1001
Aliabadi, Amir A.
University of Guelph
AIMMS20 - 1 Hz data from the processed output file 04071631.txt
Polar 6 NETCARE
1, 1
2015, 04, 07, 2016, 01, 18
1
TimeWave, seconds
24
1, 1, 1, 1, 1, 1, 1, 1, 1, 1, 1, 1, 1, 1, 1, 1, 1, 1, 1, 1, 1, 1, 1, 1
-9999, -9999, -9999, -9999, -9999, -9999, -9999, -9999, -9999, -9999, -9999, -9999, -9999, -9999, -9999, -9999, -9999, -9999, -9999, -9999, -9999, -9999, -9999, -9999
Time_Hr, hr UTC
Temp, deg C
RH, 0-1
BP, pa
WSN, m/s
WSE, m/s
Lat, deg
Lon, deg
Alt, m
SProbN, m/s
SProbE, m/s
SProbD, m/s
Roll, deg
Pitch, deg
Heading, deg
TAS, m/s
WSD, m/s
SideslipAngle, deg
AOA, deg
SideslipDiff, none
SysStatFlag, none
WS, m/s
WSW, m/s
WD, deg
1
Values for certain parameters near the beginning and end of the data block may be 0 as the instrument may not have been recording during these start and end timestamps
18
PI_CONTACT_INFO: Address: University of Guelph; aliabadi@uoguelph.ca
PLATFORM: Polar 6 - sampling around the aircraft
LOCATION: Location data varies as seen in this file
ASSOCIATED_DATA: 04071631.r??
INSTRUMENT_INFO: AIMMS20, Avantech, www.aventech.com
DATA_INFO: none
UNCERTAINTY: Contact manufacturer, Aventech
ULOD_FLAG: -7777
ULOD_VALUE: N/A
LLOD_FLAG: -8888
LLOD_VALUE: N/A
DM_CONTACT_INFO: Amir A. Aliabadi; University of Guelph; aliabadi@uoguelph.ca
PROJECT_INFO: Polar 6 NETCARE Spring 2015 campaign
STIPULATIONS_ON_USE: N/A
OTHER_COMMENTS: N/A
REVISION: R0
R0: corrected for start/stop times
TimeWave,Time_Hr,Temp,RH,BP,WSN,WSE,Lat,Lon,Alt,SProbN,SProbE,SProbD,Roll,Pitch,Heading,TAS,WSD,SideslipAngle,AOA,SideslipDiff,SysStatFlag,WS,WSW,WD
[from data line 10261]
69778,19.382645,-31.6,1.067,51332,-3.41,-5.98,83.07772,-69.57887,4776.5,-34.35,71.5,2.39,-2.33,0.83,111.78,83.47,0.49,-0.1,1.3199,-0.35218,0.50427,6.883930563,-0.49,240.337325
69779,19.382923,-31.62,1.0715,51268,-2.65,-6.89,83.07741,-69.57356,4774,-33.83,71.71,2.43,-2.09,0.83,111.56,84.65,0.08,-0.01,1.2954,-0.37329,0.51856,7.382045787,-0.08,248.9974678
69780,19.3832,-31.6,1.0705,51303,-2.85,-6.7,83.07711,-69.56824,4772,-33.36,71.88,2.43,-1.63,0.83,111.11,84.41,0.17,0.04,1.29885,-0.35998,0.51653,7.280968342,-0.17,246.9903635
69781,19.383478,-31.55,1.0678,51355,-3.33,-6.25,83.07681,-69.5629,4769,-32.92,72.05,2.4,-1.34,0.86,110.57,83.81,0.4,0.08,1.30927,-0.33964,0.51043,7.081765317,-0.4,241.9827316
69782,19.383757,-31.54,1.0672,51386,-3.31,-6.2,83.07652,-69.55755,4767,-32.48,72.19,2.4,-1.17,0.88,110.3,83.72,0.43,0.07,1.31021,-0.33933,0.50988,7.02823591,-0.43,241.9349343
69783,19.384033,-31.55,1.0699,51349,-2.99,-6.81,83.07623,-69.55219,4764.5,-32.12,72.31,2.39,-0.91,0.92,110.08,84.41,0.17,0.09,1.29594,-0.35604,0.51822,7.437486134,-0.17,246.3292597
69784,19.384312,-31.51,1.0701,51389,-3.07,-6.58,83.07594,-69.54683,4762,-31.79,72.42,2.28,-0.74,1.02,109.68,84.14,0.2,0.27,1.29637,-0.32867,0.518,7.260943465,-0.2,245.0208364
69785,19.384588,-31.48,1.0689,51398,-3.13,-6.58,83.07566,-69.54145,4760,-31.45,72.51,2.15,-0.65,1.12,109.43,84.09,0.23,0.24,1.29473,-0.33503,0.51895,7.286514942,-0.23,244.5930656
69786,19.384867,-31.42,1.0639,51520,-4,-5.3,83.07538,-69.53607,4758,-31.1,72.59,2.01,-0.54,1.22,109.18,82.51,0.83,-0.01,1.32483,-0.33137,0.50134,6.64003012,-0.83,232.9843861
69787,19.385145,-31.45,1.0693,51441,-3,-6.64,83.0751,-69.53068,4756,-30.77,72.64,1.92,-0.49,1.29,108.97,84.09,0.2,0.32,1.29412,-0.32347,0.51934,7.286261044,-0.2,245.7195205
69788,19.385422,-31.41,1.0692,51468,-3.17,-6.49,83.07483,-69.52529,4754,-30.44,72.68,1.8,-0.48,1.36,108.74,83.78,0.23,0.25,1.29613,-0.33209,0.51813,7.222811087,-0.23,243.9995375
69789,19.3857,-31.39,1.0691,51484,-3.17,-6.28,83.07455,-69.5199,4752,-30.12,72.71,1.71,-0.4,1.41,108.71,83.46,0.35,0.12,1.30121,-0.34491,0.51514,7.034721032,-0.35,243.248467
69790,19.385977,-31.42,1.0712,51416,-2.64,-7.27,83.07428,-69.51451,4750.5,-29.9,72.69,1.69,0.04,1.42,108.85,84.49,-0.07,-0.02,1.27952,-0.39771,0.52786,7.73450063,0.07,250.0777356
69791,19.386255,-31.38,1.0709,51490,-2.98,-6.57,83.07401,-69.50912,4749,-29.79,72.64,1.66,0.65,1.48,108.65,83.7,0.25,0.07,1.29112,-0.36629,0.52105,7.214242857,-0.25,245.6353297
69792,19.386532,-31.36,1.0721,51491,-2.94,-6.78,83.07375,-69.50373,4747.5,-29.71,72.57,1.6,1.44,1.53,108.41,83.81,0.1,0.3,1.28612,-0.33842,0.524,7.389993234,-0.1,246.590838
69793,19.38681,-31.41,1.0722,51473,-2.66,-7.36,83.07348,-69.49836,4745.5,-29.7,72.48,1.55,1.46,1.56,108.21,84.37,-0.18,0.57,1.27611,-0.31035,0.53004,7.825931254,0.18,250.165054
69794,19.387089,-31.31,1.0694,51563,-3.54,-6.09,83.07322,-69.49298,4744.5,-29.62,72.41,1.51,1.21,1.56,107.92,82.78,0.38,0.51,1.30669,-0.27533,0.51215,7.044125212,-0.38,239.8617332
69795,19.387365,-31.3,1.0695,51576,-3.26,-6.22,83.07295,-69.48762,4742.5,-29.46,72.37,1.53,0.84,1.47,107.9,82.79,0.29,0.57,1.3065,-0.26626,0.51233,7.022535155,-0.29,242.3718781
69796,19.387644,-31.29,1.0689,51609,-3.41,-6.06,83.07269,-69.48225,4741,-29.31,72.35,1.72,0.66,1.29,107.98,82.6,0.44,0.32,1.31531,-0.29218,0.50695,6.953538667,-0.44,240.6640235
69797,19.38792,-31.32,1.0742,51515,-2.5,-7.49,83.07243,-69.47689,4739,-29.17,72.34,1.99,0.81,1.18,108.16,84.14,-0.15,0.35,1.27909,-0.34049,0.52813,7.896207951,0.15,251.5783925
69798,19.388199,-31.24,1.0667,51656,-4.01,-5.29,83.07216,-69.47153,4737,-29.15,72.31,2.13,1.35,1.16,108.31,81.58,0.82,-0.3,1.31876,-0.38582,0.50513,6.638087074,-0.82,232.863434
69799,19.388477,-31.28,1.0717,51605,-3.22,-6.58,83.0719,-69.46617,4735,-29.24,72.26,2.22,1.86,1.13,108.25,83.07,0.23,0.1,1.29047,-0.36368,0.52142,7.325626253,-0.23,243.9570679
69800,19.388754,-31.23,1.071,51623,-3.49,-6.22,83.07164,-69.46081,4732.5,-29.37,72.21,2.27,2.16,1.14,107.97,82.69,0.35,0.39,1.29408,-0.31302,0.5194,7.132215645,-0.35,240.734301
69801,19.389032,-31.26,1.075,51593,-3.06,-7.2,83.07137,-69.45546,4730.5,-29.4,72.19,2.24,1.9,1.15,107.49,83.76,-0.17,0.96,1.2771,-0.24803,0.53001,7.823272972,0.17,247.0084784
69802,19.389309,-31.15,1.068,51752,-4.19,-5.3,83.07111,-69.45011,4728,-29.28,72.23,2.3,1.26,1.05,107.55,81.41,0.77,0.43,1.32167,-0.26615,0.50333,6.756189755,-0.77,231.6975094
69803,19.389587,-31.17,1.0716,51706,-3.6,-5.95,83.07085,-69.44475,4725.5,-29.22,72.27,2.46,1.21,0.96,108.13,82.25,0.46,0.06,1.30056,-0.35515,0.51553,6.954315207,-0.46,238.854136
69804,19.389866,-31.18,1.0708,51712,-3.58,-5.79,83.07059,-69.43939,4723,-29.31,72.26,2.54,1.76,0.92,108.58,82.15,0.54,-0.26,1.29933,-0.40672,0.51643,6.807385695,-0.54,238.3007463
69805,19.390142,-31.13,1.0697,51790,-4.06,-5.29,83.07032,-69.43404,4720.5,-29.55,72.21,2.49,2.87,1.05,108.73,81.58,0.8,-0.41,1.30013,-0.42884,0.51614,6.668410605,-0.8,232.5208983
69806,19.390421,-31.14,1.0718,51763,-3.69,-5.86,83.07005,-69.42869,4718,-29.95,72.08,2.29,4.11,1.18,108.85,82.24,0.49,-0.06,1.28581,-0.39413,0.52419,6.925005415,-0.49,237.8309908
69807,19.390697,-31.13,1.0735,51772,-3.47,-6.32,83.06979,-69.42335,4716,-30.45,71.9,2.18,4.81,1.22,109.12,82.69,0.28,0.12,1.28516,-0.36768,0.52453,7.209944521,-0.28,241.262042
69808,19.390976,-31.11,1.0743,51815,-3.61,-5.96,83.06951,-69.41803,4714,-31.06,71.68,2.17,5.21,1.2,109.54,82.32,0.39,0.15,1.29403,-0.35009,0.51934,6.968048507,-0.39,238.826336
69809,19.391254,-31.11,1.0785,51771,-3.2,-6.89,83.06923,-69.41273,4712,-31.68,71.44,2.16,5.06,1.22,109.71,83.35,-0.14,0.51,1.27894,-0.31531,0.52833,7.596848031,0.14,245.1209154
69810,19.391531,-31.13,1.0779,51761,-3.03,-7.12,83.06894,-69.40744,4709.5,-32.12,71.26,2.13,3.94,1.25,109.76,83.63,-0.29,0.8,1.27635,-0.27383,0.53019,7.737913155,0.29,246.9812061
69811,19.391809,-31.05,1.0728,51879,-3.84,-5.72,83.06865,-69.40216,4707.5,-32.31,71.18,2.1,2.55,1.26,109.81,81.99,0.38,0.61,1.30705,-0.25857,0.51206,6.889412167,-0.38,236.1538733
69812,19.392086,-31.05,1.0731,51882,-3.73,-5.81,83.06836,-69.39689,4705.5,-32.28,71.16,2,1.36,1.29,110,82.06,0.3,0.41,1.30153,-0.29851,0.51507,6.904274039,-0.3,237.32874
69813,19.392365,-31.02,1.0758,51904,-3.55,-5.73,83.06808,-69.39162,4703,-32.13,71.19,2,0.57,1.24,110.34,81.99,0.27,0.07,1.30098,-0.35335,0.51528,6.74057861,-0.27,238.2494003
69814,19.392643,-31.02,1.0762,51889,-3.38,-6.06,83.06779,-69.38634,4701,-31.99,71.22,2.07,0.28,1.2,110.69,82.37,0.24,-0.36,1.29552,-0.42811,0.51877,6.93887599,-0.24,240.8800181
69815,19.39292,-31.01,1.0747,51910,-3.44,-5.79,83.0675,-69.38106,4699,-31.9,71.24,2.11,0.17,1.17,110.63,82.22,0.31,-0.34,1.29855,-0.42058,0.51698,6.734812544,-0.31,239.3143454
69816,19.393198,-30.98,1.0751,51960,-3.7,-5.62,83.06721,-69.37578,4697,-31.68,71.29,2.19,-0.26,1.08,109.95,82.01,0.37,0.03,1.30731,-0.34957,0.51158,6.728625417,-0.37,236.6693011
69817,19.393475,-30.98,1.0766,51951,-3.71,-5.67,83.06693,-69.37049,4694.5,-31.25,71.45,2.29,-1.21,1.01,109.22,82.02,0.27,0.38,1.30695,-0.29591,0.51188,6.775913223,-0.27,236.8312452
69818,19.393753,-30.95,1.0771,51975,-3.47,-5.61,83.06666,-69.36519,4692.5,-30.63,71.68,2.31,-2.15,1.05,109.01,81.94,0.21,0.26,1.29642,-0.32935,0.51797,6.596438433,-0.21,238.2911719
69819,19.394032,-30.95,1.0779,51956,-3.21,-5.93,83.06638,-69.35987,4690,-30.01,71.91,2.28,-2.36,1.07,109.16,82.33,0.16,-0.26,1.28767,-0.42419,0.52325,6.743070517,-0.16,241.6038672
69820,19.394308,-30.93,1.0771,51985,-3.2,-5.67,83.06612,-69.35453,4687.5,-29.53,72.09,2.34,-2.09,1.01,109.08,82.15,0.24,-0.46,1.29361,-0.44622,0.52002,6.510675848,-0.24,240.5914688
69821,19.394587,-30.95,1.0791,51960,-2.89,-6.21,83.06585,-69.34919,4685.5,-29.09,72.26,2.48,-1.47,0.87,108.71,82.83,0.03,-0.31,1.28279,-0.43844,0.52616,6.849540131,-0.03,245.0767388
69822,19.394863,-30.91,1.0765,52051,-3.72,-5.09,83.06559,-69.34383,4683,-28.75,72.41,2.65,-0.74,0.76,108.33,81.55,0.54,-0.45,1.30695,-0.42631,0.51223,6.304482532,-0.54,233.8663003
69823,19.395142,-30.89,1.0781,52053,-3.32,-5.55,83.06534,-69.33846,4680,-28.49,72.57,2.84,-0.2,0.62,108.05,82.14,0.29,-0.2,1.29533,-0.40368,0.51872,6.467217331,-0.29,239.1421949
69824,19.39542,-30.88,1.0799,52049,-3.11,-5.73,83.06508,-69.33308,4677,-28.34,72.71,3.02,0.36,0.51,108.06,82.43,0.23,-0.22,1.29147,-0.41173,0.52099,6.519585876,-0.23,241.539973
69825,19.395697,-30.91,1.0807,52051,-2.82,-6.15,83.06483,-69.32769,4674,-28.33,72.82,3.19,1.01,0.42,108.1,83.05,-0.01,-0.15,1.27915,-0.41917,0.52815,6.76571504,0.01,245.3999671
69826,19.395975,-30.86,1.0813,52101,-3.22,-5.64,83.06458,-69.3223,4671,-28.41,72.91,3.29,1.55,0.38,108.1,82.57,0.19,-0.24,1.287,-0.42206,0.52363,6.494459177,-0.19,240.3075774
69827,19.396252,-30.84,1.0803,52148,-3.38,-5.24,83.06432,-69.31689,4667.5,-28.54,73,3.36,1.78,0.34,108.11,82.23,0.31,-0.21,1.29507,-0.40549,0.51888,6.23554328,-0.31,237.2054403
69828,19.39653,-30.78,1.0794,52209,-3.83,-4.58,83.06406,-69.31148,4664,-28.67,73.1,3.38,1.6,0.32,108.28,81.58,0.51,-0.49,1.31063,-0.42624,0.51013,5.970368498,-0.51,230.1215399
69829,19.396807,-30.83,1.0844,52129,-2.96,-5.86,83.0638,-69.30606,4661,-28.77,73.2,3.45,1.03,0.26,108.33,83.27,-0.09,-0.2,1.28239,-0.4219,0.52629,6.565150417,0.09,243.2328275
69830,19.397085,-30.83,1.087,52105,-2.77,-6.45,83.06355,-69.30064,4657,-28.76,73.34,3.51,0.63,0.19,107.94,84.08,-0.38,0.13,1.27157,-0.38528,0.53248,7.019643866,0.38,246.7924004
69831,19.397364,-30.76,1.0816,52239,-3.58,-5.05,83.06329,-69.2952,4654,-28.61,73.53,3.57,0.25,0.16,107.78,82.5,0.33,-0.1,1.30182,-0.37873,0.51485,6.190226167,-0.33,234.6944848
69832,19.39764,-30.74,1.0825,52293,-3.79,-4.52,83.06303,-69.28975,4650,-28.49,73.72,3.56,0.18,0.16,108.05,82.04,0.6,-0.52,1.31125,-0.43097,0.50983,5.898686294,-0.6,230.045687
69833,19.397919,-30.75,1.0868,52223,-3.08,-5.69,83.06277,-69.28428,4647,-28.48,73.87,3.53,0.55,0.17,108.26,83.59,0.02,-0.53,1.2835,-0.47235,0.52604,6.470123646,-0.02,241.6045242
69834,19.398195,-30.72,1.0851,52296,-3.61,-4.96,83.06252,-69.27881,4643,-28.52,74,3.46,0.97,0.18,108.09,82.9,0.31,-0.54,1.30163,-0.44774,0.51548,6.134631203,-0.31,233.9793918
69835,19.398474,-30.71,1.0869,52298,-3.44,-5.22,83.06226,-69.27333,4640,-28.56,74.12,3.4,1.06,0.19,107.77,83.34,0.12,-0.16,1.29776,-0.39327,0.51726,6.251559805,-0.12,236.6436807
69836,19.398752,-30.68,1.0872,52328,-3.53,-5.15,83.06201,-69.26783,4636,-28.54,74.25,3.38,0.9,0.15,107.66,83.3,0.17,-0.14,1.30371,-0.3822,0.51377,6.243668793,-0.17,235.6000093
69837,19.399029,-30.65,1.0868,52362,-3.7,-4.78,83.06175,-69.26233,4633,-28.52,74.39,3.48,0.81,0.03,107.75,83.02,0.37,-0.31,1.31534,-0.39215,0.50714,6.044700158,-0.37,232.2845361
69838,19.399307,-30.57,1.0813,52516,-4.87,-3.11,83.0615,-69.25682,4629,-28.54,74.52,3.52,1.01,0.01,107.9,81.14,1.38,-0.92,1.35827,-0.42556,0.48363,5.778321556,-1.38,212.5789679
69839,19.399584,-30.63,1.0903,52385,-3.72,-5.2,83.06124,-69.2513,4626,-28.65,74.62,3.49,1.51,0.09,108.01,83.68,0.28,-0.6,1.30422,-0.45317,0.51407,6.393621822,-0.28,234.4482555
69840,19.399862,-30.63,1.0913,52372,-3.43,-5.66,83.06098,-69.24577,4622.5,-28.85,74.67,3.34,2.09,0.2,107.92,84.36,-0.11,-0.27,1.28633,-0.4263,0.52404,6.618194618,0.11,238.8136568
69841,19.400141,-30.58,1.0927,52432,-3.57,-5.46,83.06072,-69.24024,4619,-29.07,74.7,3.2,2.5,0.3,107.91,84.15,0.11,-0.15,1.29653,-0.39407,0.51798,6.523534318,-0.11,236.850309
69842,19.400417,-30.57,1.0913,52475,-3.95,-5,83.06046,-69.23471,4616,-29.35,74.68,3,2.81,0.49,108.14,83.65,0.37,-0.35,1.30502,-0.41321,0.51321,6.372009102,-0.37,231.717483
69843,19.400696,-30.56,1.0937,52455,-3.48,-5.56,83.0602,-69.22919,4613,-29.66,74.61,2.68,2.98,0.74,108.44,84.32,0.05,-0.23,1.28945,-0.41583,0.52218,6.559268252,-0.05,237.986977
69844,19.400972,-30.55,1.0939,52468,-3.34,-5.79,83.05993,-69.22367,4610.5,-30.01,74.5,2.38,3.51,0.92,108.87,84.55,0.06,-0.34,1.28261,-0.44369,0.52629,6.684287546,-0.06,240.0516599
69845,19.401251,-30.56,1.0968,52422,-2.88,-6.6,83.05965,-69.21816,4608.5,-30.63,74.26,2.11,5.21,1.04,109.51,85.44,-0.28,-0.33,1.2656,-0.46603,0.53622,7.200999931,0.28,246.4589857
69846,19.401529,-30.51,1.0976,52464,-3.21,-6.52,83.05938,-69.21268,4606,-31.5,73.88,1.93,6.69,1.12,109.91,85.19,-0.26,-0.23,1.27525,-0.43614,0.53048,7.26735853,0.26,243.8198877
69847,19.401806,-30.44,1.0948,52550,-3.64,-5.47,83.05909,-69.20722,4604.5,-32.41,73.49,1.95,7.05,1.05,110.39,83.95,0.19,-0.09,1.30904,-0.36624,0.51062,6.570426166,-0.19,236.3868895
69848,19.402084,-30.43,1.093,52567,-3.89,-5.27,83.0588,-69.2018,4602.5,-33.32,73.1,2.04,6.99,0.95,111.24,83.58,0.33,-0.4,1.31624,-0.40468,0.50673,6.550190837,-0.33,233.5946364
69849,19.402361,-30.42,1.0929,52581,-3.77,-5.22,83.05849,-69.19641,4600,-34.25,72.7,2.12,6.33,0.94,112.22,83.56,0.17,-0.6,1.31635,-0.43525,0.507,6.43904496,-0.17,234.189819
69850,19.402639,-30.44,1.0972,52526,-3.15,-6.21,83.05818,-69.19104,4598.5,-35.04,72.34,2.06,4.93,1.04,112.37,84.87,-0.44,-0.04,1.28911,-0.38729,0.52226,6.963232008,0.44,243.1357702
69851,19.402918,-30.35,1.0944,52646,-4.19,-5,83.05787,-69.1857,4596.5,-35.41,72.12,1.92,3.02,1.16,111.82,83.33,0.17,0.34,1.32163,-0.28018,0.50328,6.52350366,-0.17,230.0623719
69852,19.403194,-30.35,1.0952,52644,-3.79,-5.26,83.05755,-69.18036,4594.5,-35.25,72.13,1.72,0.44,1.2,111.36,83.57,-0.08,0.79,1.31679,-0.21742,0.50668,6.483185945,0.08,234.2535353
69853,19.403473,-30.3,1.0903,52723,-4.36,-4.15,83.05724,-69.17502,4592.5,-34.71,72.26,1.63,-1.72,1.19,111.46,82.16,0.47,0.14,1.34036,-0.28447,0.49224,6.019310592,-0.47,223.6085151
69854,19.403749,-30.37,1.0978,52585,-2.82,-6.02,83.05693,-69.16967,4591,-34.11,72.43,1.75,-2.25,1.05,111.78,84.46,-0.33,-0.13,1.29591,-0.39136,0.51833,6.647766542,0.33,244.9327157
69855,19.404028,-30.33,1.0972,52631,-3.26,-5.6,83.05663,-69.1643,4589.5,-33.6,72.56,1.86,-2.17,1.06,111.71,83.91,-0.03,-0.58,1.30334,-0.45144,0.51455,6.479783947,0.03,239.8248097
69856,19.404306,-30.29,1.0969,52679,-3.45,-5.34,83.05633,-69.15893,4587.5,-33.14,72.68,1.88,-1.84,1.06,111.35,83.55,0.14,-0.58,1.3088,-0.44408,0.51137,6.357523103,-0.14,237.1637943
69857,19.404861,-30.31,1.0979,52648,-3.1,-6,83.05574,-69.14816,4583.5,-32.31,72.92,2.09,-1.2,0.85,110.63,84.24,-0.19,-0.37,1.29812,-0.42648,0.51727,6.753517602,0.19,242.7078989
69858,19.405138,-30.27,1.0965,52706,-3.45,-5.36,83.05545,-69.14276,4581.5,-31.97,73.02,2.18,-0.73,0.85,110.33,83.48,0.16,-0.36,1.30643,-0.41248,0.5124,6.374331337,-0.16,237.2613988
69859,19.405416,-30.24,1.0964,52737,-3.69,-5.19,83.05516,-69.13736,4579,-31.75,73.1,2.2,-0.02,0.84,110.14,83.23,0.23,-0.42,1.30934,-0.41806,0.51079,6.368060929,-0.23,234.6155208
69860,19.405695,-30.21,1.0974,52766,-3.76,-5.14,83.05488,-69.13195,4577,-31.63,73.13,2.2,0.64,0.81,109.98,83.11,0.21,-0.35,1.31141,-0.40392,0.50948,6.368453501,-0.21,233.8411715
69861,19.405972,-30.22,1.0979,52739,-3.51,-5.54,83.0546,-69.12654,4575,-31.62,73.14,2.2,1.31,0.8,110.09,83.57,0.01,-0.37,1.30353,-0.41861,0.51411,6.55833058,-0.01,237.6719529
69862,19.40625,-30.21,1.0987,52760,-3.55,-5.82,83.05431,-69.12113,4572.5,-31.73,73.11,2.2,1.73,0.81,110.03,83.88,-0.11,-0.31,1.29776,-0.41684,0.5174,6.817250179,0.11,238.647976
69863,19.406527,-30.19,1.0996,52795,-3.68,-5.58,83.05403,-69.11572,4570.5,-31.82,73.08,2.22,1.8,0.79,109.67,83.66,-0.01,0.08,1.30809,-0.34035,0.51111,6.684220224,0.01,236.6239262
69864,19.406805,-30.1,1.0928,52963,-5.09,-3.49,83.05374,-69.11032,4568,-31.8,73.09,2.27,1.5,0.75,109.52,81.09,1.07,-0.25,1.35951,-0.31869,0.48125,6.171563821,-1.07,214.4542685
69865,19.407082,-30.22,1.1027,52725,-2.84,-6.72,83.05346,-69.10492,4566,-31.81,73.09,2.37,1.46,0.7,109.89,84.86,-0.44,0.13,1.28469,-0.3671,0.52481,7.295478052,0.44,247.1241838
69866,19.40736,-30.12,1.0995,52852,-3.85,-5.36,83.05317,-69.09951,4563.5,-31.93,73.05,2.43,1.79,0.69,110.25,83.31,0.26,-0.48,1.31472,-0.41911,0.50774,6.599401488,-0.26,234.3384806
69867,19.407639,-30.12,1.1015,52848,-3.8,-5.66,83.05288,-69.0941,4561,-32.06,73.03,2.43,1.6,0.69,109.94,83.75,0.07,-0.12,1.30965,-0.37033,0.51028,6.817301519,-0.07,236.1519204
