NETCARE2015/data/raw/Flight2/AIMMS_POLAR6_20150407_R0_NETCARE.ict
57, 1001
Aliabadi, Amir A.
University of Guelph
AIMMS20 - 1 Hz data from the processed output file 04071631.txt
Polar 6 NETCARE
1, 1
2015, 04, 07, 2016, 01, 18
1
TimeWave, seconds
24
1, 1, 1, 1, 1, 1, 1, 1, 1, 1, 1, 1, 1, 1, 1, 1, 1, 1, 1, 1, 1, 1, 1, 1
-9999, -9999, -9999, -9999, -9999, -9999, -9999, -9999, -9999, -9999, -9999, -9999, -9999, -9999, -9999, -9999, -9999, -9999, -9999, -9999, -9999, -9999, -9999, -9999
Time_Hr, hr UTC
Temp, deg C
RH, 0-1
BP, pa
WSN, m/s
WSE, m/s
Lat, deg
Lon, deg
Alt, m
SProbN, m/s
SProbE, m/s
SProbD, m/s
Roll, deg
Pitch, deg
Heading, deg
TAS, m/s
WSD, m/s
SideslipAngle, deg
AOA, deg
SideslipDiff, none
SysStatFlag, none
WS, m/s
WSW, m/s
WD, deg
1
Values for certain parameters near the beginning and end of the data block may be 0 as the instrument may not have been recording during these start and end timestamps
18
PI_CONTACT_INFO: Address: University of Guelph; aliabadi@uoguelph.ca
PLATFORM: Polar 6 - sampling around the aircraft
LOCATION: Location data varies as seen in this file
ASSOCIATED_DATA: 04071631.r??
INSTRUMENT_INFO: AIMMS20, Avantech, www.aventech.com
DATA_INFO: none
UNCERTAINTY: Contact manufacturer, Aventech
ULOD_FLAG: -7777
ULOD_VALUE: N/A
LLOD_FLAG: -8888
LLOD_VALUE: N/A
DM_CONTACT_INFO: Amir A. Aliabadi; University of Guelph; aliabadi@uoguelph.ca
PROJECT_INFO: Polar 6 NETCARE Spring 2015 campaign
STIPULATIONS_ON_USE: N/A
OTHER_COMMENTS: N/A
REVISION: R0
R0: corrected for start/stop times
TimeWave,Time_Hr,Temp,RH,BP,WSN,WSE,Lat,Lon,Alt,SProbN,SProbE,SProbD,Roll,Pitch,Heading,TAS,WSD,SideslipAngle,AOA,SideslipDiff,SysStatFlag,WS,WSW,WD
[from data line 7563]
67080,18.63341,-27.52,0.4453,53638,-10.92,-9.69,83.27958,-76.77279,4448,69.75,-8.63,-3.21,-8.02,5.76,-0.35,80.86,-0.96,0.51,1.16714,-0.47553,0.59367,14.59940067,0.96,221.6057445
67081,18.633688,-27.53,0.4448,53652,-10.32,-9.48,83.2802,-76.77349,4451,69.64,-10.09,-3.06,-7.81,5.5,358.66,80.17,-0.8,0.37,1.18523,-0.4722,0.58304,14.01330796,0.8,222.5923192
67082,18.633966,-27.54,0.4443,53634,-10.33,-9.55,83.28083,-76.7743,4454,69.55,-11.49,-2.72,-7.45,5.18,357.62,80.11,-0.91,0.48,1.18333,-0.45766,0.58419,14.06809866,0.91,222.774814
67083,18.634243,-27.58,0.4445,53595,-10.59,-9.26,83.28145,-76.77521,4457,69.48,-12.8,-2.46,-7.02,4.94,356.62,80.35,-0.97,0.37,1.18701,-0.46928,0.58199,14.06754065,0.97,221.1876482
67084,18.634521,-27.6,0.4436,53601,-10.52,-9.69,83.28207,-76.77622,4459,69.44,-14.11,-2.1,-7.31,4.64,355.42,80.33,-0.74,0.94,1.20234,-0.35837,0.57346,14.30267458,0.74,222.6698858
67085,18.634798,-27.6,0.4433,53570,-10.62,-9.38,83.28269,-76.77734,4461,69.41,-15.58,-1.73,-8.01,4.31,354.19,80.48,-1.01,0.84,1.19304,-0.38669,0.57878,14.16929074,1.01,221.4732281
67086,18.635077,-27.62,0.444,53543,-10.56,-9.35,83.28331,-76.77858,4463,69.37,-17.11,-1.38,-8.12,4.1,353.13,80.5,-1.02,0.77,1.18482,-0.41002,0.58351,14.10447092,1.02,221.5432741
67087,18.635355,-27.67,0.444,53528,-10.87,-9.26,83.28393,-76.77993,4464,69.35,-18.63,-1.01,-8.22,3.81,352.04,80.95,-1.12,0.73,1.18474,-0.41677,0.58351,14.2795133,1.12,220.4477153
67088,18.635632,-27.67,0.4429,53529,-10.52,-9.12,83.28455,-76.7814,4465,69.32,-20.18,-0.69,-8.21,3.74,350.9,80.81,-0.83,0.65,1.18396,-0.42916,0.58392,13.92281581,0.83,220.9434327
67089,18.63591,-27.66,0.4419,53551,-10.1,-9.17,83.28518,-76.78299,4466,69.26,-21.79,-0.78,-8.16,4,349.71,80.55,-0.76,0.68,1.17635,-0.43611,0.58838,13.64180707,0.76,222.2583841
67090,18.636187,-27.71,0.4432,53535,-10.76,-9.4,83.28579,-76.7847,4467,69.12,-23.47,-1.12,-8.29,4.12,348.61,81.28,-0.88,0.83,1.17537,-0.41457,0.58907,14.28767301,0.88,221.1615231
67091,18.636465,-27.71,0.4411,53554,-9.93,-9.25,83.28641,-76.78654,4468,68.96,-25.01,-1.07,-7.94,3.81,347.61,80.63,-0.61,0.6,1.20881,-0.40169,0.56936,13.57082901,0.61,222.9913037
67092,18.636744,-27.73,0.4419,53509,-10.13,-9.08,83.28703,-76.7885,4469,68.84,-26.45,-0.67,-7.57,3.44,346.55,81.07,-0.6,0.6,1.2151,-0.39364,0.56568,13.60379726,0.6,221.8926192
67093,18.63702,-27.77,0.4416,53470,-10.36,-9.15,83.28764,-76.79056,4469.5,68.74,-27.86,-0.38,-7.28,3.39,345.35,81.48,-0.63,0.87,1.20104,-0.37026,0.57414,13.82215974,0.63,221.4721158
67094,18.637299,-27.79,0.4426,53457,-10.93,-9,83.28826,-76.79273,4470,68.57,-29.34,-0.51,-7.19,3.71,344.21,82.24,-0.86,0.94,1.17672,-0.39476,0.5884,14.15856278,0.86,219.4888039
67095,18.637575,-27.77,0.4416,53484,-10.29,-8.9,83.28887,-76.79502,4471,68.28,-30.85,-1.1,-7.23,4.37,343.2,81.73,-0.7,0.68,1.17115,-0.44407,0.59142,13.60492925,0.7,220.8778214
67096,18.637854,-27.83,0.4412,53438,-11.14,-8.92,83.28948,-76.79742,4472.5,67.91,-32.33,-1.97,-7.14,4.93,342.31,82.59,-0.9,0.66,1.16228,-0.4596,0.59659,14.27115973,0.9,218.70451
67097,18.638132,-27.82,0.44,53414,-11.2,-9.06,83.29009,-76.79994,4475,67.49,-33.73,-2.4,-7.21,4.65,341.43,82.65,-0.95,0.7,1.20048,-0.39845,0.5743,14.40567944,0.95,218.9901515
67098,18.638409,-27.79,0.4389,53444,-10.16,-9.29,83.29069,-76.80256,4477,67.16,-35.04,-1.88,-7.51,3.87,340.5,81.69,-0.55,0.69,1.25396,-0.32332,0.54308,13.76697861,0.55,222.4603882
67099,18.638687,-27.83,0.4382,53406,-10.27,-9.23,83.29129,-76.80528,4479,66.85,-36.42,-1.19,-7.95,3.6,339.27,81.98,-0.51,0.86,1.24148,-0.31365,0.55057,13.80817874,0.51,221.9683937
67100,18.638964,-27.86,0.4375,53380,-10.38,-9.03,83.29189,-76.80811,4480,66.44,-38.02,-1.11,-8.58,3.8,337.91,82.3,-0.63,0.87,1.21635,-0.34806,0.56522,13.75809943,0.63,221.0421905
67101,18.639242,-27.88,0.4385,53314,-11.58,-8.87,83.29248,-76.81107,4481,65.89,-39.75,-1.35,-9.07,4.07,336.74,83.6,-0.93,0.91,1.1874,-0.38337,0.58215,14.58675084,0.93,217.4702375
67102,18.639521,-27.92,0.4378,53310,-11.6,-8.65,83.29307,-76.81417,4483,65.27,-41.43,-1.71,-8.92,4.4,335.61,83.74,-0.87,0.68,1.18326,-0.42577,0.58435,14.47005529,0.87,216.7301336
67103,18.639797,-27.92,0.4374,53288,-11.5,-8.56,83.29365,-76.81739,4485,64.6,-43.03,-2.1,-8.8,4.6,334.36,83.77,-0.87,0.68,1.18951,-0.41698,0.58069,14.33609431,0.87,216.680669
67104,18.640076,-27.9,0.4357,53325,-10.48,-8.68,83.29422,-76.82073,4487,63.87,-44.59,-2.28,-8.87,4.54,333.04,82.81,-0.67,0.64,1.21783,-0.38273,0.56412,13.60782128,0.67,219.6531614
67105,18.640352,-27.93,0.4348,53272,-10.83,-8.52,83.29479,-76.82419,4489.5,63.12,-46.14,-2.19,-9.04,4.36,331.74,83.18,-0.75,0.75,1.22148,-0.35986,0.56209,13.77966981,0.75,218.2116287
67106,18.640631,-27.94,0.4348,53234,-11.32,-8.29,83.29536,-76.82777,4491.5,62.37,-47.7,-1.98,-9.2,4.06,330.51,83.8,-0.91,0.8,1.2204,-0.35357,0.56278,14.0309123,0.91,216.2348868
67107,18.640909,-27.93,0.4332,53261,-10.26,-8.61,83.29591,-76.83147,4493.5,61.62,-49.24,-1.66,-9.11,3.77,329.33,82.78,-0.58,0.7,1.24226,-0.33817,0.54992,13.39401732,0.58,220.0230353
67108,18.641186,-27.97,0.433,53222,-10.7,-8.27,83.29646,-76.83529,4495,60.86,-50.81,-1.42,-9.2,3.66,328.12,83.45,-0.7,0.63,1.23391,-0.361,0.55472,13.52342043,0.7,217.7194581
67109,18.641464,-27.99,0.4329,53202,-10.6,-8.16,83.297,-76.83923,4497,60.09,-52.34,-1.27,-9.09,3.64,326.92,83.57,-0.65,0.55,1.2308,-0.37739,0.55648,13.37705498,0.65,217.6085498
67110,18.641741,-28.02,0.4335,53185,-10.88,-7.91,83.29754,-76.84329,4498,59.3,-53.86,-1.22,-8.94,3.61,325.6,84.1,-0.81,0.65,1.22168,-0.37553,0.56188,13.45148691,0.81,216.0362474
67111,18.642019,-28.02,0.4312,53195,-10.15,-8.05,83.29807,-76.84747,4499,58.47,-55.38,-1.13,-9.16,3.35,324.23,83.59,-0.66,0.67,1.24637,-0.33654,0.5475,12.95472887,0.66,218.4375415
67112,18.642296,-28.06,0.4314,53134,-10.54,-7.83,83.29858,-76.85175,4500.5,57.59,-56.97,-0.87,-9.55,3.17,322.92,84.21,-0.72,0.75,1.24009,-0.33339,0.55124,13.13013709,0.72,216.6266438
67113,18.642574,-28.07,0.4302,53135,-10.46,-7.83,83.2991,-76.85617,4501.5,56.65,-58.57,-0.83,-9.81,3.15,321.78,84.33,-0.77,0.58,1.23869,-0.36163,0.55189,13.06600551,0.77,216.8359507
67114,18.642853,-28.1,0.4305,53104,-10.78,-7.68,83.2996,-76.86071,4502.5,55.7,-60.16,-0.82,-9.86,3.15,320.65,84.92,-0.86,0.51,1.232,-0.38299,0.55575,13.23596615,0.86,215.4852176
67115,18.643129,-28.12,0.4314,53091,-10.72,-7.52,83.30009,-76.86537,4503.5,54.68,-61.73,-1,-9.79,3.44,319.33,85.15,-0.86,0.43,1.22287,-0.4083,0.56104,13.09460958,0.86,215.0671509
67116,18.643408,-28.13,0.4302,53083,-10.43,-7.58,83.30058,-76.87014,4504.5,53.52,-63.28,-1.5,-9.84,3.91,317.84,85.06,-0.74,0.5,1.21783,-0.40392,0.56403,12.89345958,0.74,216.0260342
67117,18.643684,-28.17,0.4295,53060,-10.92,-7.25,83.30105,-76.87504,4506.5,52.19,-64.8,-2.14,-10.08,4.37,316.31,85.64,-0.84,0.7,1.20888,-0.38631,0.5694,13.1075894,0.84,213.5979887
67118,18.643963,-28.15,0.4297,53096,-10.36,-7.38,83.30152,-76.88005,4509,50.75,-66.26,-2.65,-10.42,4.6,314.85,85.11,-0.61,0.62,1.22959,-0.36955,0.55724,12.71982704,0.61,215.4823574
67119,18.644241,-28.19,0.43,53006,-11.03,-6.93,83.30196,-76.88518,4511.5,49.3,-67.66,-2.74,-10.72,4.44,313.55,85.83,-0.8,0.65,1.23521,-0.35569,0.55399,13.02635022,0.8,212.1568937
67120,18.644518,-28.17,0.4278,53062,-9.88,-7.51,83.3024,-76.89041,4514.5,47.9,-69,-2.45,-10.82,4.09,312.3,84.64,-0.43,0.39,1.26891,-0.34899,0.53411,12.41025785,0.43,217.2581331
67121,18.644796,-28.23,0.4287,52946,-10.82,-6.75,83.30283,-76.89574,4516.5,46.55,-70.35,-1.89,-10.87,3.54,310.92,85.9,-0.73,0.59,1.26048,-0.32979,0.53918,12.7528389,0.73,211.9739692
67122,18.645073,-28.25,0.4287,52934,-10.63,-6.8,83.30324,-76.90118,4518.5,45.22,-71.71,-1.26,-10.69,3.12,309.48,85.91,-0.64,0.7,1.25827,-0.31488,0.54059,12.61891041,0.64,212.623544
67123,18.645351,-28.25,0.4282,52962,-10.03,-6.92,83.30363,-76.90672,4519.5,43.83,-73.07,-1.02,-10.4,3.18,307.99,85.54,-0.57,0.62,1.25185,-0.33719,0.54424,12.18553651,0.57,214.6205176
67124,18.64563,-28.27,0.4288,52962,-10.15,-6.75,83.30402,-76.91237,4520.5,42.34,-74.43,-1.17,-10.46,3.41,306.61,85.86,-0.6,0.62,1.24202,-0.35061,0.54998,12.1895447,0.6,213.6419397
67125,18.645906,-28.3,0.4292,52917,-10.62,-6.33,83.3044,-76.91811,4522.5,40.79,-75.72,-1.47,-10.5,3.65,305.28,86.59,-0.83,0.65,1.22797,-0.36687,0.55821,12.36338546,0.83,210.8124736
67126,18.646185,-28.27,0.428,52957,-9.75,-6.86,83.30476,-76.92396,4524.5,39.16,-76.96,-1.88,-10.56,3.88,303.87,85.7,-0.62,0.46,1.24589,-0.37104,0.5476,11.92149739,0.62,215.1476442
67127,18.646461,-28.31,0.428,52922,-10.15,-6.4,83.3051,-76.9299,4526.5,37.51,-78.12,-2.1,-10.61,3.89,302.46,86.37,-0.67,0.58,1.24798,-0.34811,0.54647,11.99927081,0.67,212.249497
67128,18.64674,-28.35,0.4286,52867,-10.26,-6.1,83.30543,-76.93593,4528.5,35.94,-79.21,-1.91,-10.59,3.48,301.09,86.72,-0.71,0.68,1.26446,-0.30908,0.53696,11.93639812,0.71,210.7488459
67129,18.647018,-28.34,0.4288,52858,-9.9,-6.15,83.30575,-76.94204,4530,34.38,-80.3,-1.47,-10.69,3.16,299.62,86.61,-0.64,0.71,1.27203,-0.29378,0.53258,11.65472007,0.64,211.8652056
67130,18.647295,-28.4,0.4294,52797,-10.17,-5.64,83.30605,-76.94824,4531.5,32.7,-81.43,-1.28,-10.96,3.23,298.15,87.29,-0.82,0.76,1.24964,-0.31878,0.54568,11.62920892,0.82,209.0262504
67131,18.647573,-28.42,0.429,52784,-10.31,-5.51,83.30634,-76.95452,4533,30.91,-82.54,-1.4,-11.13,3.36,296.86,87.58,-0.98,0.67,1.23822,-0.34826,0.55225,11.69000428,0.98,208.1357632
67132,18.64785,-28.43,0.4288,52780,-10.09,-5.66,83.30661,-76.96089,4534.5,29.12,-83.58,-1.54,-11.03,3.43,295.57,87.46,-0.81,0.56,1.2459,-0.35549,0.54766,11.5690838,0.81,209.3051652
67133,18.648129,-28.43,0.4289,52792,-9.78,-5.72,83.30686,-76.96733,4536.5,27.38,-84.53,-1.58,-10.79,3.42,294.16,87.41,-0.72,0.53,1.25257,-0.35057,0.54374,11.32990733,0.72,210.3373394
67134,18.648407,-28.47,0.4293,52744,-9.96,-5.25,83.3071,-76.97384,4537.5,25.61,-85.43,-1.61,-10.66,3.38,292.65,87.94,-0.89,0.71,1.24788,-0.32921,0.54665,11.25895643,0.89,207.8081903
67135,18.648684,-28.45,0.4275,52762,-9.54,-5.69,83.30732,-76.98043,4539.5,23.79,-86.28,-1.7,-10.64,3.5,291.25,87.43,-0.74,0.67,1.25429,-0.32544,0.54287,11.10800162,0.74,210.8290032
67136,18.648962,-28.48,0.4279,52769,-9.4,-5.72,83.30753,-76.98707,4541.5,21.91,-87.08,-1.92,-10.72,3.69,289.94,87.38,-0.72,0.55,1.25194,-0.34813,0.54413,11.00356306,0.72,211.336844
67137,18.649239,-28.5,0.4283,52736,-9.53,-5.52,83.30772,-76.99378,4543.5,20.04,-87.8,-2.17,-10.65,3.82,288.64,87.66,-0.73,0.57,1.25166,-0.34522,0.54431,11.01323295,0.73,210.0956883
67138,18.649517,-28.52,0.4283,52704,-9.48,-5.39,83.30789,-77.00054,4545.5,18.19,-88.45,-2.34,-10.6,3.85,287.29,87.81,-0.77,0.59,1.2555,-0.33575,0.54209,10.90515933,0.77,209.6360864
67139,18.649796,-28.53,0.4278,52678,-9.39,-5.2,83.30805,-77.00734,4547.5,16.35,-89.04,-2.37,-10.6,3.87,285.9,87.96,-0.76,0.63,1.25571,-0.32994,0.542,10.73368995,0.76,208.9915316
67140,18.650072,-28.58,0.4286,52612,-9.77,-4.59,83.30819,-77.01419,4550.5,14.42,-89.59,-2.41,-10.67,3.96,284.5,88.61,-0.92,0.8,1.24167,-0.32262,0.55038,10.79448933,0.92,205.1771611
67141,18.650351,-28.57,0.4284,52645,-9.42,-5.04,83.30831,-77.02109,4553.5,12.46,-90.07,-2.6,-10.74,4.2,283.11,88.04,-0.76,0.73,1.24359,-0.33119,0.54918,10.68353874,0.76,208.162477
67142,18.650627,-28.56,0.4271,52644,-9.05,-5.41,83.30841,-77.02801,4556.5,10.47,-90.49,-2.97,-10.76,4.38,281.81,87.53,-0.72,0.55,1.24958,-0.3516,0.54551,10.54374696,0.72,210.8862204
67143,18.650906,-28.55,0.4255,52661,-8.73,-5.68,83.30851,-77.03497,4559.5,8.53,-90.81,-3.12,-10.72,4.42,280.5,87.13,-0.55,0.44,1.26487,-0.34697,0.5365,10.41514762,0.55,213.065999
67144,18.651184,-28.61,0.4274,52558,-9.13,-4.58,83.30857,-77.04194,4561.5,6.61,-91.09,-3.08,-10.7,4.3,279.12,88.19,-0.76,0.66,1.25775,-0.32271,0.54084,10.21436733,0.76,206.6538206
67145,18.651461,-28.62,0.4272,52553,-8.96,-4.78,83.30863,-77.04894,4564.5,4.68,-91.35,-2.98,-10.71,4.18,277.82,87.86,-0.81,0.6,1.26188,-0.32562,0.53837,10.15529419,0.81,208.0933667
67146,18.651739,-28.65,0.4274,52485,-9.17,-4.17,83.30866,-77.05596,4567.5,2.81,-91.57,-2.82,-10.45,4.14,276.66,88.45,-0.92,0.6,1.24904,-0.34478,0.54586,10.07361901,0.92,204.4657722
67147,18.652016,-28.67,0.4267,52495,-9.05,-4.28,83.30868,-77.063,4570.5,1.08,-91.76,-2.71,-9.1,4.17,275.79,88.17,-0.7,0.35,1.24446,-0.38959,0.54838,10.01103891,0.7,205.3236243
67148,18.652294,-28.69,0.4263,52479,-8.93,-4.43,83.30869,-77.07004,4573.5,-0.23,-91.86,-2.77,-6.93,4.28,275.44,87.96,-0.65,-0.11,1.24332,-0.46406,0.54909,9.968440199,0.65,206.3985018
67149,18.652571,-28.72,0.4274,52447,-8.72,-4.22,83.30868,-77.07712,4581,-1.08,-91.93,-2.83,-4.49,4.24,274.97,88.24,-0.77,-0.22,1.24643,-0.47608,0.54734,9.687455806,0.77,205.8375253
67150,18.652849,-28.73,0.4261,52472,-8.47,-4.77,83.30867,-77.08415,4577.5,-1.61,-91.98,-2.64,-2.81,4.01,274.08,87.66,-0.73,0.29,1.26553,-0.36906,0.53604,9.720792149,0.73,209.4015556
67151,18.653128,-28.76,0.4265,52426,-8.28,-4.4,83.30866,-77.09121,4581,-2.03,-92.05,-2.38,-2.13,3.88,273.51,87.96,-0.75,0.47,1.26333,-0.34473,0.53742,9.376481216,0.75,208.0004148
67152,18.653404,-28.78,0.4271,52382,-8.46,-4.1,83.30864,-77.09829,4583.5,-2.37,-92.12,-2.28,-1.67,3.93,273.26,88.29,-0.81,0.62,1.25133,-0.33844,0.54454,9.401148866,0.81,205.8695007
67153,18.653683,-28.79,0.4264,52382,-8.4,-4.2,83.30862,-77.10536,4586,-2.64,-92.18,-2.26,-1.46,3.95,273.2,88.19,-0.84,0.47,1.25308,-0.35838,0.54341,9.391485505,0.84,206.5785254
67154,18.653959,-28.79,0.4258,52383,-8.36,-4.67,83.3086,-77.11244,4588.5,-2.89,-92.26,-2.21,-1.71,3.93,272.96,87.86,-0.7,0.52,1.26191,-0.3387,0.53828,9.575933375,0.7,209.2030735
67155,18.654238,-28.81,0.4256,52349,-8.36,-4.35,83.30857,-77.11953,4591,-3.28,-92.31,-2.29,-2.17,4.12,272.45,88.18,-0.8,0.74,1.24758,-0.32491,0.54686,9.42401719,0.8,207.5034781
67156,18.654516,-28.82,0.4254,52395,-8.29,-5.08,83.30854,-77.12663,4594.5,-3.76,-92.34,-2.63,-2.64,4.4,272.14,87.44,-0.61,0.69,1.25102,-0.32654,0.5448,9.722679672,0.61,211.5153814
67157,18.654793,-28.84,0.4262,52354,-8.4,-4.68,83.30851,-77.13372,4598,-4.29,-92.31,-2.98,-2.63,4.68,272.06,87.72,-0.62,0.48,1.24112,-0.37441,0.5504,9.615737101,0.62,209.1388256
67158,18.655071,-28.85,0.4258,52307,-8.64,-4.44,83.30847,-77.1408,4601,-4.65,-92.26,-3.24,-2.03,4.81,272.43,87.91,-0.66,0.06,1.24115,-0.44019,0.5503,9.714072267,0.66,207.2119232
67159,18.655348,-28.89,0.4284,52259,-8.61,-4.23,83.30843,-77.14788,4604,-4.8,-92.18,-3.38,-1.27,4.9,272.38,88.13,-0.86,0.03,1.23522,-0.45277,0.55377,9.592966173,0.86,206.1776589
67160,18.655626,-28.91,0.4269,52266,-8.32,-4.66,83.30839,-77.15496,4607,-4.88,-92.1,-3.54,-0.95,4.97,272,87.64,-0.71,0.2,1.24702,-0.40948,0.54685,9.536141777,0.71,209.2678577
67161,18.655905,-28.92,0.4261,52264,-8.35,-4.84,83.30834,-77.16202,4610.5,-5.04,-92.01,-3.52,-1.06,4.95,271.55,87.33,-0.58,0.56,1.25346,-0.34342,0.54325,9.651326334,0.58,210.1135935
67162,18.656181,-28.92,0.4256,52226,-8.33,-4.81,83.3083,-77.16909,4614,-5.27,-91.93,-3.5,-1.21,5.01,271.41,87.24,-0.46,0.54,1.2518,-0.35005,0.5442,9.618991631,0.46,210.018686
67163,18.65646,-28.91,0.427,52220,-8.26,-5.14,83.30826,-77.17614,4618,-5.47,-91.83,-3.63,-1.12,5.24,271.51,86.78,-0.45,0.26,1.2441,-0.40393,0.54857,9.728679253,0.45,211.9091908
67164,18.656736,-28.94,0.4261,52167,-8.2,-4.6,83.3082,-77.18319,4621.5,-5.56,-91.69,-3.9,-0.82,5.54,271.56,87.2,-0.64,0.13,1.22534,-0.45156,0.55954,9.402127419,0.64,209.3062192
67165,18.657015,-28.93,0.4253,52186,-7.98,-5.37,83.30816,-77.19022,4625.5,-5.6,-91.53,-4.19,-0.75,5.63,271.29,86.37,-0.51,0.25,1.24405,-0.40641,0.54859,9.618591373,0.51,213.9550989
67166,18.657293,-28.95,0.4269,52143,-8.06,-5.07,83.30811,-77.19725,4630,-5.76,-91.39,-4.06,-1.1,5.33,270.77,86.49,-0.56,0.7,1.2559,-0.31912,0.54196,9.52200084,0.56,212.1875348
67167,18.65757,-29.01,0.4291,52044,-8.4,-4.08,83.30806,-77.20426,4634,-6.06,-91.3,-3.72,-1.48,5.07,270.62,87.28,-0.88,0.83,1.24149,-0.3191,0.55052,9.3384367,0.88,205.9196482
