NETCARE2015/data/raw/Flight2/AIMMS_POLAR6_20150407_R0_NETCARE.ict
57, 1001
Aliabadi, Amir A.
University of Guelph
AIMMS20 - 1 Hz data from the processed output file 04071631.txt
Polar 6 NETCARE
1, 1
2015, 04, 07, 2016, 01, 18
1
TimeWave, seconds
24
1, 1, 1, 1, 1, 1, 1, 1, 1, 1, 1, 1, 1, 1, 1, 1, 1, 1, 1, 1, 1, 1, 1, 1
-9999, -9999, -9999, -9999, -9999, -9999, -9999, -9999, -9999, -9999, -9999, -9999, -9999, -9999, -9999, -9999, -9999, -9999, -9999, -9999, -9999, -9999, -9999, -9999
Time_Hr, hr UTC
Temp, deg C
RH, 0-1
BP, pa
WSN, m/s
WSE, m/s
Lat, deg
Lon, deg
Alt, m
SProbN, m/s
SProbE, m/s
SProbD, m/s
Roll, deg
Pitch, deg
Heading, deg
TAS, m/s
WSD, m/s
SideslipAngle, deg
AOA, deg
SideslipDiff, none
SysStatFlag, none
WS, m/s
WSW, m/s
WD, deg
1
Values for certain parameters near the beginning and end of the data block may be 0 as the instrument may not have been recording during these start and end timestamps
18
PI_CONTACT_INFO: Address: University of Guelph; aliabadi@uoguelph.ca
PLATFORM: Polar 6 - sampling around the aircraft
LOCATION: Location data varies as seen in this file
ASSOCIATED_DATA: 04071631.r??
INSTRUMENT_INFO: AIMMS20, Avantech, www.aventech.com
DATA_INFO: none
UNCERTAINTY: Contact manufacturer, Aventech
ULOD_FLAG: -7777
ULOD_VALUE: N/A
LLOD_FLAG: -8888
LLOD_VALUE: N/A
DM_CONTACT_INFO: Amir A. Aliabadi; University of Guelph; aliabadi@uoguelph.ca
PROJECT_INFO: Polar 6 NETCARE Spring 2015 campaign
STIPULATIONS_ON_USE: N/A
OTHER_COMMENTS: N/A
REVISION: R0
R0: corrected for start/stop times
TimeWave,Time_Hr,Temp,RH,BP,WSN,WSE,Lat,Lon,Alt,SProbN,SProbE,SProbD,Roll,Pitch,Heading,TAS,WSD,SideslipAngle,AOA,SideslipDiff,SysStatFlag,WS,WSW,WD
[from data line 1728]
61245,17.012476,-21.14,0.0899,66766,-3.04,3.71,82.96466,-68.37482,2843,24.42,-73.22,2.44,0.93,0.86,288.87,81.82,-1.63,0.83,1.20439,-0.37283,0.57214,4.796425753,1.63,129.3057312
61246,17.012753,-21.14,0.0905,66732,-3.39,4.35,82.96488,-68.38017,2840.5,24.31,-73.21,2.11,0.89,1.1,288.66,82.47,-1.95,1.05,1.19091,-0.35668,0.58027,5.514943336,1.95,127.9032443
61247,17.013031,-21.13,0.0912,66807,-3.07,3.93,82.9651,-68.38551,2838.5,24.15,-73.18,1.9,0.75,1.19,288.53,81.87,-1.73,0.96,1.2053,-0.35052,0.57177,4.986963004,1.73,127.9695259
61248,17.013309,-21.09,0.0897,66844,-2.85,3.62,82.96532,-68.39086,2836.5,23.99,-73.14,1.86,0.75,1.09,288.52,81.41,-1.56,0.8,1.22002,-0.35447,0.563,4.607266001,1.56,128.1868374
61249,17.013586,-21.09,0.0891,66897,-2.64,3.35,82.96553,-68.39619,2835,23.85,-73.09,2.03,0.92,0.92,288.49,80.98,-1.41,0.68,1.23061,-0.35796,0.5567,4.265219807,1.41,128.2139668
61250,17.013865,-21.11,0.0906,66840,-2.92,4.04,82.96575,-68.40153,2832.5,23.76,-73.06,2.21,1,0.85,288.31,81.71,-1.71,0.84,1.21463,-0.35639,0.56618,4.984776825,1.71,125.8308984
61251,17.014141,-21.1,0.0902,66894,-2.67,3.79,82.96596,-68.40687,2830.5,23.66,-73.04,2.22,0.99,0.85,288.11,81.33,-1.58,0.87,1.21857,-0.3453,0.56393,4.636054357,1.58,125.1363263
61252,17.01442,-21.11,0.0895,66881,-2.93,4.33,82.96617,-68.4122,2828.5,23.54,-73.03,2.26,1.03,0.84,287.97,81.87,-1.78,0.99,1.20882,-0.34088,0.56976,5.228173677,1.78,124.0568438
61253,17.014696,-21.06,0.0898,66978,-2.35,3.55,82.96638,-68.41754,2826,23.45,-73.01,2.24,1.1,0.85,287.91,80.88,-1.35,0.78,1.22533,-0.34977,0.55988,4.257346591,1.35,123.4747811
61254,17.014975,-21.09,0.0902,66951,-2.65,4.17,82.96659,-68.42287,2824,23.37,-73,2.25,1.16,0.78,287.88,81.53,-1.68,0.83,1.21766,-0.35341,0.5644,4.940789411,1.68,122.4064184
61255,17.015253,-21.1,0.0899,66927,-2.86,4.45,82.9668,-68.4282,2822,23.29,-72.99,2.36,1.19,0.69,287.77,81.88,-1.78,0.96,1.21423,-0.33733,0.56657,5.289810961,1.78,122.6996695
61256,17.01553,-21.08,0.0889,67032,-2.43,3.64,82.96701,-68.43354,2819.5,23.19,-72.99,2.46,1.08,0.63,287.62,80.88,-1.4,0.93,1.2306,-0.31836,0.557,4.376585427,1.4,123.6978338
61257,17.015808,-21.09,0.0894,67026,-2.63,3.82,82.96722,-68.43887,2817,23.06,-73.02,2.53,0.99,0.63,287.55,81.14,-1.48,1,1.2225,-0.31914,0.56181,4.637811984,1.48,124.5185722
61258,17.016085,-21.09,0.0899,67053,-2.79,4.02,82.96743,-68.44421,2814.5,22.94,-73.04,2.4,0.97,0.76,287.55,81.35,-1.65,0.97,1.21271,-0.33753,0.56747,4.893311762,1.65,124.7337847
61259,17.016363,-21.04,0.0901,67157,-2.24,2.77,82.96763,-68.44954,2812.5,22.8,-73.05,2.33,0.96,0.77,287.57,79.9,-1.08,0.75,1.24238,-0.32971,0.54991,3.562372805,1.08,128.9353424
61260,17.016642,-21.1,0.0894,67041,-3.27,4.35,82.96784,-68.45488,2810.5,22.65,-73.07,2.36,0.84,0.71,287.6,81.75,-1.82,0.97,1.21015,-0.34268,0.56895,5.442003308,1.82,126.906152
61261,17.016918,-21.09,0.0898,67069,-3.21,4.23,82.96804,-68.46022,2808,22.51,-73.09,2.42,0.77,0.75,287.54,81.61,-1.74,0.91,1.20965,-0.35285,0.56916,5.310084745,1.74,127.166815
61262,17.017197,-21.07,0.0897,67120,-3.03,3.98,82.96824,-68.46556,2805.5,22.35,-73.1,2.33,0.72,0.89,287.39,81.26,-1.62,0.88,1.20901,-0.3572,0.56951,5.002129547,1.62,127.255516
61263,17.017473,-21.06,0.0901,67171,-2.91,3.62,82.96844,-68.47091,2803.5,22.18,-73.1,2.2,0.71,0.98,287.25,80.84,-1.47,0.9,1.21445,-0.34676,0.56636,4.644620544,1.47,128.7686948
61264,17.017752,-21.06,0.0892,67160,-3.23,3.97,82.96864,-68.47625,2801.5,22.01,-73.1,2.15,0.93,1,287.11,81.2,-1.6,1.08,1.20796,-0.32828,0.57038,5.117987886,1.6,129.1060704
61265,17.01803,-21.04,0.0895,67232,-2.88,3.28,82.96884,-68.48157,2801,21.82,-73.1,2.19,0.99,0.95,287.03,80.36,-1.28,0.95,1.22426,-0.3242,0.56072,4.364951317,1.28,131.2600018
61266,17.018307,-21.04,0.0897,67250,-3.05,3.36,82.96904,-68.48691,2799,21.69,-73.09,2.18,1.29,1.06,287.02,80.45,-1.35,0.99,1.21215,-0.33635,0.56782,4.537851915,1.35,132.2069935
61267,17.018585,-21.06,0.0901,67230,-3.24,3.78,82.96923,-68.49224,2796.5,21.63,-73.03,2.02,1.58,1.22,287.02,80.8,-1.55,1.03,1.20147,-0.34559,0.57409,4.978554007,1.55,130.5762389
61268,17.018862,-21.05,0.0895,67280,-3.24,3.69,82.96943,-68.49759,2794.5,21.58,-72.96,1.94,1.56,1.25,287.04,80.6,-1.49,1.01,1.20923,-0.33771,0.56954,4.910570232,1.49,131.2600018
61269,17.01914,-21.04,0.0894,67271,-3.18,3.56,82.96962,-68.50291,2792.5,21.53,-72.89,1.91,1.71,1.34,287.15,80.41,-1.44,0.88,1.20359,-0.36586,0.57266,4.773468341,1.44,131.748629
61270,17.019419,-21.04,0.0902,67325,-3.15,3.51,82.96981,-68.50824,2790.5,21.53,-72.79,1.79,2.06,1.39,287.17,80.27,-1.41,0.89,1.20582,-0.36033,0.57138,4.716206102,1.41,131.8815479
61271,17.019695,-21.03,0.0896,67330,-3.09,3.49,82.97001,-68.51355,2788.5,21.58,-72.68,1.8,2.31,1.36,287.13,80.11,-1.4,0.97,1.20966,-0.34326,0.56923,4.661351735,1.4,131.4966657
61272,17.019974,-21.02,0.089,67376,-3.05,3.41,82.9702,-68.51886,2787.5,21.63,-72.55,1.86,2.59,1.35,287.12,79.92,-1.29,1.04,1.21,-0.33142,0.56914,4.574997268,1.29,131.785903
61273,17.02025,-21.03,0.0895,67373,-3.2,3.58,82.97039,-68.52416,2785.5,21.75,-72.44,1.98,2.78,1.17,287.26,80.04,-1.48,1.08,1.21048,-0.32366,0.56892,4.801708029,1.48,131.7676366
61274,17.020529,-21.03,0.0892,67396,-3.17,3.43,82.97058,-68.52946,2783.5,21.9,-72.33,2.25,2.86,0.94,287.52,79.84,-1.47,0.96,1.21404,-0.3375,0.56668,4.670524596,1.47,132.7200911
61275,17.020807,-21.03,0.0909,67406,-3.32,3.69,82.97078,-68.53474,2781,22.06,-72.26,2.42,2.85,0.9,287.77,80.15,-1.61,0.9,1.20209,-0.3648,0.57356,4.963718364,1.61,131.9542756
61276,17.021084,-21.06,0.0899,67368,-3.77,4.42,82.97098,-68.54002,2778.5,22.26,-72.19,2.41,3.12,0.97,287.93,81.02,-1.92,1.05,1.18222,-0.37019,0.58532,5.809414773,1.92,130.4371012
61277,17.021362,-21,0.0894,67514,-2.91,2.94,82.97118,-68.5453,2776.5,22.49,-72.09,2.3,3.33,1.09,288.02,79.28,-1.24,0.9,1.21142,-0.35112,0.56813,4.136629062,1.24,134.6832044
61278,17.021639,-21.04,0.0904,67443,-3.59,4.06,82.97139,-68.55057,2774.5,22.71,-71.98,2.2,3.24,1.13,288.15,80.51,-1.74,1.16,1.19271,-0.33698,0.57938,5.419566403,1.74,131.4596783
61279,17.021917,-21.03,0.0903,67496,-3.45,3.63,82.97159,-68.55583,2772,22.91,-71.87,2.19,3.11,1.11,288.39,80.01,-1.58,1.06,1.20178,-0.34021,0.57395,5.007933706,1.58,133.520078
61280,17.022196,-21.06,0.0892,67450,-3.87,4.3,82.97179,-68.56108,2770,23.11,-71.76,2.19,3.12,1.07,288.69,80.78,-1.89,1.05,1.18717,-0.36184,0.58245,5.78505834,1.89,131.9628597
61281,17.022472,-21.03,0.0896,67554,-3.24,3.36,82.972,-68.56633,2768,23.35,-71.65,2.21,3.31,1.04,288.94,79.62,-1.52,0.79,1.20463,-0.37765,0.57197,4.667676081,1.52,133.9350203
61282,17.022751,-21.02,0.0903,67589,-3.08,3.21,82.97221,-68.57156,2765.5,23.62,-71.53,2.26,3.53,1.05,289.11,79.44,-1.48,0.78,1.20362,-0.38158,0.57254,4.448651481,1.48,133.7925699
61283,17.023027,-21.04,0.0902,67572,-3.24,3.57,82.97242,-68.57679,2763.5,23.92,-71.4,2.22,3.68,1.12,289.25,79.81,-1.68,0.92,1.19281,-0.37504,0.57899,4.821047604,1.68,132.2014909
61284,17.023306,-21.01,0.089,67639,-2.84,3.05,82.97264,-68.58201,2761,24.23,-71.25,2.16,3.79,1.21,289.42,79.12,-1.4,0.85,1.20245,-0.37198,0.5733,4.167505249,1.4,132.9342009
61285,17.023584,-21,0.0899,67704,-2.65,2.72,82.97286,-68.58722,2759,24.56,-71.11,2.01,3.88,1.37,289.69,78.68,-1.25,0.8,1.2043,-0.37754,0.57216,3.797486011,1.25,134.2299665
61286,17.023861,-21.02,0.0907,67707,-2.74,2.82,82.97308,-68.59241,2757,24.93,-70.95,1.7,4.04,1.68,290.07,78.8,-1.27,0.75,1.19717,-0.39459,0.57628,3.93192065,1.27,134.1524144
61287,17.024139,-21.06,0.0908,67632,-3.36,3.86,82.9733,-68.59759,2756,25.29,-70.7,1.34,4.19,1.98,290.35,79.91,-1.74,0.98,1.17506,-0.39102,0.58942,5.117538471,1.74,131.0136391
61288,17.024416,-21.01,0.0891,67746,-2.74,2.95,82.97353,-68.60276,2754.5,25.64,-70.43,1.14,4.23,2.02,290.56,78.66,-1.29,0.87,1.20424,-0.36633,0.57227,4.026176847,1.29,132.8624556
61289,17.024694,-21.03,0.089,67705,-3.1,3.34,82.97376,-68.60791,2753.5,25.98,-70.18,1.27,4.05,1.69,290.87,79.04,-1.51,0.98,1.21062,-0.34017,0.56869,4.55692879,1.51,132.8418341
61290,17.024971,-21.02,0.09,67726,-3,3.14,82.974,-68.61303,2752,26.28,-70,1.62,3.74,1.37,291.24,78.77,-1.51,0.82,1.2151,-0.35861,0.56589,4.342764097,1.51,133.6703207
61291,17.025249,-21.02,0.0903,67740,-3.03,3.09,82.97424,-68.61815,2750.5,26.58,-69.87,1.89,3.47,1.29,291.59,78.76,-1.46,0.72,1.20807,-0.38398,0.56989,4.327701468,1.46,134.4151851
61292,17.025528,-21.03,0.0892,67761,-3,3.09,82.97447,-68.62326,2748.5,26.85,-69.76,1.86,3.24,1.39,291.78,78.8,-1.51,0.72,1.19974,-0.39668,0.57475,4.306750515,1.51,134.1300719
61293,17.025805,-21.01,0.0888,67807,-2.93,2.98,82.97472,-68.62835,2747,27.05,-69.65,1.75,2.86,1.52,291.85,78.62,-1.47,0.77,1.20136,-0.38553,0.57385,4.179150631,1.47,134.4922052
61294,17.026083,-21.01,0.09,67808,-2.97,2.97,82.97496,-68.63345,2745.5,27.18,-69.57,1.59,2.39,1.66,291.92,78.6,-1.41,0.81,1.20108,-0.37956,0.57406,4.20021428,1.41,134.9771753
61295,17.02636,-21.04,0.0903,67741,-3.72,4.01,82.9752,-68.63853,2743.5,27.23,-69.48,1.39,1.99,1.79,291.99,79.79,-1.89,0.99,1.17781,-0.38451,0.58783,5.469780617,1.89,132.8275749
61296,17.026638,-21.03,0.0894,67786,-3.44,3.53,82.97545,-68.64361,2742.5,27.22,-69.42,1.41,1.67,1.55,292,79.19,-1.69,0.91,1.20303,-0.36125,0.57303,4.92894512,1.69,134.2370105
61297,17.026917,-21.02,0.089,67838,-3.05,2.99,82.97569,-68.64869,2741,27.15,-69.41,1.67,1.33,1.36,291.97,78.52,-1.42,0.76,1.21642,-0.36588,0.56505,4.27113568,1.42,135.5466087
61298,17.027193,-21.02,0.0898,67833,-3.23,3.26,82.97593,-68.65377,2739.5,27.06,-69.44,1.84,1.07,1.28,291.89,78.84,-1.42,0.79,1.21039,-0.36917,0.56861,4.589172039,1.42,134.7121934
61299,17.027472,-21.01,0.0899,67890,-2.95,2.9,82.97617,-68.65885,2737.5,26.94,-69.5,1.92,0.87,1.2,291.72,78.41,-1.22,0.77,1.22269,-0.35608,0.5614,4.136725758,1.22,135.4671193
61300,17.027748,-21.08,0.0899,67764,-4.11,4.61,82.97642,-68.66393,2736,26.78,-69.58,2.05,0.7,1.05,291.53,80.49,-1.91,1.12,1.19471,-0.34128,0.57815,6.176099092,1.91,131.6937958
61301,17.028027,-21.06,0.0897,67875,-3.36,3.73,82.97665,-68.66903,2734,26.61,-69.69,2.23,0.59,0.85,291.44,79.41,-1.44,0.8,1.21922,-0.35613,0.56346,5.020209159,1.44,131.9883223
61302,17.028305,-21.1,0.0903,67815,-3.76,4.46,82.97689,-68.67413,2731.5,26.47,-69.83,2.45,0.61,0.72,291.34,80.34,-1.73,0.84,1.20396,-0.37108,0.57241,5.833455237,1.73,130.1072473
61303,17.028582,-21.09,0.0905,67889,-3.35,4.04,82.97713,-68.67924,2729,26.33,-69.99,2.49,0.66,0.76,291.12,79.88,-1.52,0.76,1.2092,-0.37562,0.56927,5.248247326,1.52,129.6402612
61304,17.02886,-21.13,0.0895,67821,-3.99,5.09,82.97736,-68.68437,2727,26.19,-70.13,2.45,0.66,0.78,290.86,81.2,-2.03,1.04,1.18834,-0.36231,0.58175,6.467472458,2.03,128.0662136
61305,17.029137,-21.14,0.0902,67862,-3.81,4.97,82.9776,-68.6895,2724,26.03,-70.28,2.5,0.67,0.64,290.59,81.11,-1.95,1.09,1.20145,-0.336,0.57418,6.262347803,1.95,127.4471172
61306,17.029415,-21.13,0.09,67940,-2.96,4.2,82.97784,-68.69465,2722,25.88,-70.43,2.71,0.7,0.5,290.36,80.14,-1.44,0.81,1.22229,-0.34966,0.56168,5.138248729,1.44,125.1469148
61307,17.029694,-21.13,0.0909,67969,-3.07,4.31,82.97807,-68.69981,2719,25.77,-70.6,2.73,0.78,0.57,290.21,80.42,-1.52,0.89,1.21386,-0.34903,0.56669,5.291597112,1.52,125.4344938
61308,17.02997,-21.19,0.0895,67923,-3.55,4.93,82.97829,-68.70498,2717,25.6,-70.77,2.59,0.69,0.72,289.93,81.27,-1.86,1.17,1.19437,-0.33279,0.57843,6.075146089,1.86,125.7294359
61309,17.030249,-21.17,0.0899,68019,-2.98,4.08,82.97852,-68.71016,2714,25.43,-70.93,2.45,0.82,0.82,289.76,80.32,-1.53,1.03,1.20968,-0.33311,0.56931,5.052405368,1.53,126.1167827
61310,17.030525,-21.2,0.0908,67992,-3.37,4.49,82.97875,-68.71535,2712,25.28,-71.05,2.36,0.91,0.85,289.76,80.91,-1.73,1.07,1.2041,-0.33463,0.57262,5.614000356,1.73,126.8633714
61311,17.030804,-21.19,0.0902,68051,-3.03,3.99,82.97898,-68.72055,2709.5,25.17,-71.15,2.33,1,0.89,289.75,80.34,-1.38,0.88,1.21484,-0.34904,0.56611,5.01008982,1.38,127.1862077
61312,17.031082,-21.23,0.0907,67998,-3.57,4.86,82.9792,-68.72576,2707,25.08,-71.23,2.29,1.13,0.95,289.66,81.44,-1.8,1.05,1.19679,-0.34882,0.57684,6.0302985,1.8,126.2725717
61313,17.031359,-21.21,0.0901,68071,-3.29,4.37,82.97943,-68.73098,2705,24.98,-71.32,2.26,1.17,1,289.48,80.91,-1.51,1.08,1.20757,-0.3289,0.57061,5.470009141,1.51,126.9477478
61314,17.031637,-21.2,0.0901,68113,-3.06,3.99,82.97965,-68.7362,2703,24.85,-71.39,2.19,1.22,1.14,289.35,80.47,-1.34,1.04,1.2103,-0.33,0.56897,5.028289968,1.34,127.4585862
61315,17.031914,-21.18,0.0905,68179,-2.84,3.6,82.97987,-68.74143,2701,24.73,-71.43,1.93,1.22,1.36,289.32,79.99,-1.16,0.94,1.21529,-0.33995,0.56592,4.585368033,1.16,128.2432776
61316,17.032192,-21.19,0.0896,68148,-3.2,3.95,82.98009,-68.74666,2699,24.63,-71.46,1.73,1.19,1.44,289.33,80.45,-1.36,1.01,1.21012,-0.33641,0.56902,5.083551908,1.36,128.9859897
61317,17.032471,-21.17,0.0897,68225,-2.88,3.33,82.98032,-68.75189,2697.5,24.51,-71.46,1.72,1.19,1.4,289.31,79.69,-1.06,0.88,1.22782,-0.33124,0.55854,4.402646931,1.06,130.8304494
61318,17.032747,-21.19,0.0901,68201,-3.04,3.62,82.98054,-68.75712,2696,24.4,-71.47,1.76,1.19,1.37,289.29,80,-1.15,0.86,1.22264,-0.34123,0.56154,4.727155593,1.15,129.9974855
61319,17.033026,-21.18,0.0906,68212,-3.09,3.54,82.98076,-68.76236,2694,24.3,-71.49,1.75,1.23,1.44,289.2,79.97,-1.24,0.93,1.21525,-0.34039,0.56594,4.698904128,1.24,131.0923073
61320,17.033302,-21.21,0.0899,68141,-3.69,4.7,82.98097,-68.76759,2692,24.19,-71.5,1.64,1.26,1.43,289.01,81.23,-1.77,1.17,1.19713,-0.32861,0.57683,5.975458141,1.77,128.1093785
61321,17.033581,-21.18,0.0897,68244,-3.13,3.72,82.98119,-68.77283,2691,24.06,-71.52,1.73,1.21,1.35,288.93,80.06,-1.3,1.03,1.21926,-0.32019,0.56373,4.861614958,1.3,130.051863
61322,17.033859,-21.19,0.0902,68231,-3.26,3.9,82.98141,-68.77806,2689,23.96,-71.54,1.84,1.27,1.24,288.91,80.27,-1.41,1.01,1.21548,-0.32756,0.56591,5.083069939,1.41,129.8667487
61323,17.034136,-21.19,0.0905,68233,-3.37,4.14,82.98162,-68.7833,2687,23.89,-71.56,1.93,1.42,1.14,288.89,80.57,-1.55,1.01,1.21056,-0.33562,0.56877,5.338211311,1.55,129.1201284
61324,17.034414,-21.2,0.0896,68197,-3.68,4.51,82.98183,-68.78854,2685,23.81,-71.62,2.06,1.5,1.06,288.78,81.06,-1.76,1.17,1.20233,-0.32114,0.57381,5.820867633,1.76,129.1874651
61325,17.034691,-21.16,0.0894,68313,-3.24,3.64,82.98205,-68.79379,2683,23.75,-71.69,2.14,1.5,1.01,288.77,80.09,-1.4,1.04,1.21781,-0.3195,0.5646,4.87310989,1.4,131.6480834
61326,17.034969,-21.16,0.0902,68326,-3.29,3.57,82.98226,-68.79904,2681,23.7,-71.75,2.19,1.51,0.96,288.83,80.08,-1.39,0.98,1.21807,-0.32927,0.56436,4.854791448,1.39,132.638684
61327,17.035246,-21.16,0.0904,68305,-3.51,3.93,82.98248,-68.80429,2679,23.69,-71.82,2.25,1.58,0.84,288.86,80.58,-1.65,0.99,1.21353,-0.33465,0.56701,5.269250421,1.65,131.7445266
61328,17.035524,-21.15,0.0898,68386,-3.06,3.17,82.98269,-68.80956,2677,23.68,-71.91,2.45,1.65,0.6,288.82,79.81,-1.35,0.88,1.23214,-0.32448,0.55603,4.40596187,1.35,133.9651244
61329,17.035803,-21.15,0.0898,68376,-3.34,3.49,82.9829,-68.81482,2674.5,23.68,-72.01,2.75,1.87,0.38,288.75,80.29,-1.52,1.05,1.22719,-0.30439,0.55916,4.830703882,1.52,133.7184134
61330,17.036079,-21.12,0.0903,68462,-2.71,2.57,82.98311,-68.8201,2672,23.69,-72.16,2.92,1.81,0.27,288.77,79.33,-1.14,0.78,1.2418,-0.32576,0.55028,3.734836007,1.14,136.4967961
61331,17.036358,-21.15,0.0907,68420,-3.32,3.32,82.98332,-68.82539,2669,23.73,-72.31,3.01,1.77,0.23,288.86,80.42,-1.61,0.93,1.22066,-0.33341,0.56278,4.695189027,1.61,134.9771753
61332,17.036634,-21.12,0.0898,68483,-2.97,2.64,82.98354,-68.83069,2666,23.81,-72.46,3.02,1.85,0.21,288.91,79.84,-1.35,0.83,1.23195,-0.33292,0.55607,3.973726211,1.35,138.3453435
61333,17.036913,-21.12,0.0899,68518,-3.01,2.81,82.98375,-68.836,2663,23.85,-72.6,2.92,1.82,0.43,288.86,80.16,-1.39,0.86,1.22444,-0.33897,0.56049,4.11779067,1.39,136.9463263
61334,17.037191,-21.12,0.0902,68519,-3.15,2.89,82.98396,-68.84132,2660,23.85,-72.72,2.67,1.52,0.64,288.87,80.39,-1.48,0.88,1.21737,-0.34629,0.56463,4.274880115,1.48,137.4432785
61335,17.037468,-21.11,0.0907,68563,-3.05,2.52,82.98418,-68.84665,2657.5,23.81,-72.85,2.55,1.35,0.56,288.93,80.1,-1.33,0.76,1.23305,-0.34196,0.55535,3.956374603,1.33,140.41541
