NETCARE2015/data/raw/Flight2/AIMMS_POLAR6_20150407_R0_NETCARE.ict
57, 1001
Aliabadi, Amir A.
University of Guelph
AIMMS20 - 1 Hz data from the processed output file 04071631.txt
Polar 6 NETCARE
1, 1
2015, 04, 07, 2016, 01, 18
1
TimeWave, seconds
24
1, 1, 1, 1, 1, 1, 1, 1, 1, 1, 1, 1, 1, 1, 1, 1, 1, 1, 1, 1, 1, 1, 1, 1
-9999, -9999, -9999, -9999, -9999, -9999, -9999, -9999, -9999, -9999, -9999, -9999, -9999, -9999, -9999, -9999, -9999, -9999, -9999, -9999, -9999, -9999, -9999, -9999
Time_Hr, hr UTC
Temp, deg C
RH, 0-1
BP, pa
WSN, m/s
WSE, m/s
Lat, deg
Lon, deg
Alt, m
SProbN, m/s
SProbE, m/s
SProbD, m/s
Roll, deg
Pitch, deg
Heading, deg
TAS, m/s
WSD, m/s
SideslipAngle, deg
AOA, deg
SideslipDiff, none
SysStatFlag, none
WS, m/s
WSW, m/s
WD, deg
1
Values for certain parameters near the beginning and end of the data block may be 0 as the instrument may not have been recording during these start and end timestamps
18
PI_CONTACT_INFO: Address: University of Guelph; aliabadi@uoguelph.ca
PLATFORM: Polar 6 - sampling around the aircraft
LOCATION: Location data varies as seen in this file
ASSOCIATED_DATA: 04071631.r??
INSTRUMENT_INFO: AIMMS20, Avantech, www.aventech.com
DATA_INFO: none
UNCERTAINTY: Contact manufacturer, Aventech
ULOD_FLAG: -7777
ULOD_VALUE: N/A
LLOD_FLAG: -8888
LLOD_VALUE: N/A
DM_CONTACT_INFO: Amir A. Aliabadi; University of Guelph; aliabadi@uoguelph.ca
PROJECT_INFO: Polar 6 NETCARE Spring 2015 campaign
STIPULATIONS_ON_USE: N/A
OTHER_COMMENTS: N/A
REVISION: R0
R0: corrected for start/stop times
TimeWave,Time_Hr,Temp,RH,BP,WSN,WSE,Lat,Lon,Alt,SProbN,SProbE,SProbD,Roll,Pitch,Heading,TAS,WSD,SideslipAngle,AOA,SideslipDiff,SysStatFlag,WS,WSW,WD
59517,16.53261,-28.88,0.6883,99330,-0.23,-2.03,82.51578,-62.29646,51,28.08,31,-0.06,0.48,0.1,48.74,43.51,-1.39,0.67,1.34424,-0.19692,0.49054,2.042988008,1.39,263.5782963
59518,16.532888,-28.98,0.6902,99325,-0.11,-2.16,82.51604,-62.2943,51,29.02,31.85,0.16,0.21,0.27,48.69,44.85,-1.43,0.73,1.32304,-0.21708,0.50296,2.162799112,1.43,267.1288485
59519,16.533165,-29.09,0.6938,99240,-1.18,-2.54,82.5163,-62.2921,51,30.12,32.48,0.03,-0.1,3.43,47.98,47.11,-1.85,0.23,1.06556,-0.66575,0.65309,2.800714195,1.85,245.114988
59520,16.533443,-28.83,0.6748,100446,14.25,14.23,82.51657,-62.28985,51,31.24,32.96,-0.28,0.48,5.22,48.25,25.19,-1.65,-0.42,0.8348,-1.09837,0,20.13840609,1.65,44.98256845
59521,16.53372,-28.94,0.6768,100454,14.24,14.17,82.51685,-62.28757,51.5,31.99,33.61,-0.98,1.6,5.75,49.07,26.21,-1.93,-1.28,0.89437,-1.1481,0,20.08896463,1.93,44.88158105
59522,16.533998,-29.47,0.7067,98896,-2.93,-5.78,82.51714,-62.28523,52.5,32.47,34.32,-1.13,2.19,5.85,49.71,53.44,-2.73,-0.87,0.91744,-1.05073,0.74057,6.480223762,2.73,243.1506339
59523,16.534277,-29.49,0.7077,98942,-2.16,-4.75,82.51743,-62.28285,54.5,32.73,35.04,-1.46,2.41,6.29,49.98,52.91,-2.54,-0.92,0.95004,-1.01142,0.72152,5.218055193,2.54,245.5802042
59524,16.534554,-29.48,0.7087,99015,-0.87,-4.12,82.51772,-62.28042,55.5,33.06,35.59,-1.53,1.77,6.04,49.63,52.27,-1.82,0.05,1.01922,-0.76084,0.68028,4.21085502,1.82,258.1159044
59525,16.534832,-29.41,0.7108,98986,-0.76,-4.38,82.51802,-62.27796,57.5,33.46,35.99,-1.72,1.59,6.45,49.28,52.92,-1.79,0.61,1.00723,-0.68916,0.68731,4.445447109,1.79,260.196933
59526,16.535109,-29.36,0.714,98900,-0.83,-4.97,82.51831,-62.27548,59.5,33.8,36.24,-2.27,1.45,7.21,49.27,53.76,-1.82,0.87,0.99031,-0.67407,0.69731,5.038829229,1.82,260.5598246
59527,16.535387,-29.3,0.7147,98928,-0.02,-4.21,82.51862,-62.27298,62,34.01,36.49,-2.6,1.92,7.19,49.65,52.96,-1.57,0.66,1.03672,-0.63928,0.67005,4.210047506,1.57,269.7733243
59528,16.535664,-29.25,0.7181,98896,0.19,-4.16,82.51892,-62.27046,64.5,34.15,36.73,-2.7,1.88,7.13,50.04,53.1,-1.3,0.44,1.06665,-0.63066,0.65246,4.164336682,1.3,272.5707343
59529,16.535942,-29.24,0.72,98868,0.34,-4,82.51922,-62.26792,67.5,34.2,37.06,-2.65,2.48,7.06,50.41,53.15,-1.24,0.33,1.08098,-0.62776,0.64406,4.014423994,1.24,274.8152779
59530,16.536221,-29.26,0.7222,98815,0.63,-3.92,82.51953,-62.26535,70.5,34.27,37.39,-2.56,2.12,6.87,50.67,53.23,-0.93,0.36,1.09723,-0.6,0.63454,3.970302255,0.93,279.0891581
59531,16.536497,-29.2,0.7253,98785,0.78,-3.95,82.51983,-62.26277,73,34.3,37.77,-2.5,2.57,6.74,50.94,53.49,-1.24,0.52,1.08833,-0.58741,0.63979,4.026276195,1.24,281.1304076
59532,16.536776,-29.14,0.7291,98728,1.02,-3.8,82.52014,-62.26015,75.5,34.34,38.13,-2.4,2.53,6.59,51.15,53.52,-1.1,0.61,1.10012,-0.55633,0.63292,3.934513947,1.1,284.9871933
59533,16.537052,-29.1,0.7315,98717,0.86,-3.76,82.52044,-62.25752,78,34.35,38.49,-2.43,2.65,6.81,51.26,53.89,-1.05,0.59,1.09132,-0.57295,0.63806,3.857097354,1.05,282.8441618
59534,16.537331,-29.11,0.7333,98663,0.84,-3.84,82.52075,-62.25486,80.5,34.35,38.79,-2.72,2.21,7.06,51.4,54.21,-1.13,0.64,1.09369,-0.56118,0.63669,3.930801445,1.13,282.2996965
59535,16.537609,-29.09,0.7357,98603,0.93,-3.83,82.52106,-62.25218,83.5,34.4,39,-2.85,1.66,7.24,51.46,54.36,-1.13,0.7,1.0932,-0.55276,0.63701,3.941294204,1.13,283.6096744
59536,16.537886,-29.07,0.7379,98577,0.97,-3.48,82.52136,-62.24949,86.5,34.45,39.14,-3.14,1.31,7.73,51.32,54.28,-0.86,0.66,1.092,-0.56031,0.6377,3.612658301,0.86,285.5372987
59537,16.538164,-29.04,0.7411,98510,0.73,-3.86,82.52167,-62.24679,89.5,34.5,39.14,-3.66,1.04,8.27,51.02,54.77,-1.11,0.94,1.07701,-0.53802,0.64663,3.928422075,1.11,280.6690324
59538,16.538441,-28.97,0.7434,98496,0.88,-3.39,82.52198,-62.24409,93.5,34.58,39.02,-4.11,0.81,8.51,50.73,54.31,-0.82,0.86,1.10917,-0.50435,0.62777,3.50235635,0.82,284.513782
59539,16.538719,-28.9,0.7478,98434,0.54,-3.4,82.52229,-62.2414,98.5,34.6,38.94,-4.2,1.1,8.41,50.47,54.49,-0.8,0.82,1.12165,-0.49322,0.62044,3.442615285,0.8,278.9834687
59540,16.538998,-28.78,0.7521,98379,0.49,-3.41,82.52259,-62.23872,102.5,34.67,38.86,-4.14,0.93,8.16,50.16,54.48,-0.82,0.96,1.14483,-0.43802,0.60703,3.445025399,0.82,278.1356415
59541,16.539274,-28.7,0.758,98291,0.16,-3.82,82.5229,-62.23604,106.5,34.79,38.83,-3.93,0.84,8.01,50.17,54.99,-0.8,0.83,1.13002,-0.47835,0.61557,3.823349317,0.8,272.3539885
59542,16.539553,-28.6,0.7622,98260,0.53,-3.57,82.52321,-62.23336,110.5,34.91,38.88,-3.79,0.84,7.82,50.65,54.58,-0.87,0.43,1.13182,-0.53933,0.61431,3.609127318,0.87,278.4030516
59543,16.539829,-28.54,0.7648,98212,1.07,-3.26,82.52352,-62.23067,114.5,35.02,39.09,-3.4,0.79,7.15,51.42,54.2,-0.87,-0.07,1.15992,-0.57752,0.59789,3.431107693,0.87,288.1344821
59544,16.540108,-28.43,0.771,98168,1.27,-3.37,82.52383,-62.22797,117.5,35.14,39.39,-2.94,0.66,6.69,51.94,54.51,-0.79,-0.27,1.15636,-0.61319,0.60009,3.601360854,0.79,290.6139727
59545,16.540386,-28.25,0.7786,98098,1.33,-3.28,82.52415,-62.22524,120.5,35.28,39.74,-2.42,0.68,6.12,52.06,54.85,-0.6,-0.29,1.16585,-0.60287,0.59455,3.539392603,0.6,292.0375001
59546,16.540663,-28.05,0.7857,98068,1.13,-3.14,82.52446,-62.22249,123,35.49,40.13,-2.2,0.77,5.74,51.81,55.32,-0.73,-0.2,1.17486,-0.57575,0.58921,3.337139494,0.73,289.7568044
59547,16.540941,-27.91,0.7937,98003,0.88,-3.34,82.52478,-62.21971,125.5,35.76,40.46,-2.24,0.59,5.66,51.5,56.06,-0.84,0.01,1.16783,-0.553,0.59323,3.453983208,0.84,284.7222867
59548,16.541218,-27.81,0.7987,97983,1.12,-3.04,82.5251,-62.21691,127.5,36.05,40.8,-2.27,0.74,5.54,51.27,56.12,-0.74,0.23,1.18553,-0.49273,0.58284,3.239753077,0.74,290.1894685
59549,16.541496,-27.74,0.8024,97985,1.11,-2.67,82.52542,-62.21409,130,36.35,41.16,-2.38,0.53,5.47,51.04,56.3,-0.8,0.19,1.20253,-0.47466,0.57289,2.891539382,0.8,292.5399387
59550,16.541775,-27.69,0.806,97940,1.25,-2.54,82.52575,-62.21124,132.5,36.69,41.48,-2.32,0.47,5.32,50.8,56.56,-0.59,0.39,1.21459,-0.42684,0.56586,2.830918579,0.59,296.1706386
59551,16.542051,-27.66,0.8083,97932,1.27,-2.16,82.52607,-62.20836,134.5,37.03,41.81,-2.25,0.65,5.13,50.67,56.7,-0.38,0.25,1.23878,-0.41299,0.55168,2.505693517,0.38,300.4237487
59552,16.54233,-27.62,0.8133,97885,1.25,-2.28,82.52641,-62.20547,137.5,37.32,42.16,-2.2,0.66,5.09,50.75,57.27,-0.27,0.22,1.24159,-0.41367,0.55003,2.600173071,0.27,298.7024875
59553,16.542606,-27.58,0.8164,97817,0.89,-2.19,82.52674,-62.20255,139.5,37.57,42.53,-2.22,0.83,4.99,50.88,57.86,-0.24,-0.2,1.25131,-0.46582,0.54447,2.363937393,0.24,292.0820341
59554,16.542885,-27.55,0.8192,97756,0.96,-2.24,82.52707,-62.1996,141.5,37.79,42.92,-2.2,0.73,4.89,50.92,58.29,-0.33,-0.09,1.25444,-0.44411,0.54257,2.437047394,0.33,293.1647079
59555,16.543163,-27.5,0.8213,97731,0.98,-2.2,82.52741,-62.19662,144.5,38,43.28,-2.31,0.56,4.9,50.98,58.67,-0.15,-0.11,1.2704,-0.424,0.53323,2.40840196,0.15,293.9773284
59556,16.54344,-27.46,0.8233,97677,0.65,-2.15,82.52775,-62.19362,146.5,38.22,43.61,-2.46,0.34,4.84,51.02,59.25,-0.24,-0.39,1.28149,-0.45255,0.52701,2.246107745,0.24,286.7842926
59557,16.543718,-27.44,0.8248,97645,0.57,-2.01,82.52809,-62.1906,149.5,38.44,43.92,-2.55,0.11,4.81,51.01,59.59,-0.24,-0.52,1.29235,-0.45684,0.52085,2.089258242,0.24,285.7947677
59558,16.543995,-27.41,0.8266,97592,0.54,-2.15,82.52843,-62.18756,151.5,38.67,44.2,-2.53,0.08,4.59,50.98,60.07,-0.11,-0.41,1.30478,-0.42309,0.51343,2.21677694,0.11,284.0604322
59559,16.544273,-27.36,0.8274,97548,0.75,-1.94,82.52878,-62.1845,154.5,38.92,44.48,-2.41,0.06,4.55,51.01,60.14,0.02,-0.44,1.31123,-0.4176,0.50971,2.079927883,-0.02,291.1014704
59560,16.544552,-27.29,0.8283,97533,0.98,-2.05,82.52913,-62.18142,157,39.13,44.76,-2.66,0.17,4.8,51.13,60.42,-0.18,-0.3,1.29971,-0.41176,0.51625,2.272201576,0.18,295.5173847
59561,16.544828,-27.23,0.8282,97482,1.02,-2.09,82.52947,-62.17832,160,39.3,44.98,-2.93,0.15,5.13,51.29,60.69,-0.05,-0.4,1.30273,-0.42385,0.51462,2.325618197,0.05,295.9816926
59562,16.545107,-27.19,0.8297,97450,1.23,-1.95,82.52982,-62.17521,163.5,39.43,45.13,-3.46,-0.16,5.74,51.46,60.71,-0.02,-0.52,1.29213,-0.45851,0.52099,2.305515127,0.02,302.2131724
59563,16.545383,-27.13,0.8318,97370,1.21,-2.25,82.53017,-62.17209,166.5,39.48,45.18,-4.08,-0.11,6.14,51.5,61.11,-0.04,-0.41,1.29791,-0.43169,0.51744,2.55472112,0.04,298.2390661
59564,16.545662,-27.1,0.8333,97310,1.38,-2.2,82.53053,-62.16896,171.5,39.53,45.26,-4.24,0.07,6.14,51.49,61.02,-0.09,-0.28,1.31456,-0.38791,0.50755,2.596998267,0.09,302.069559
59565,16.545938,-27.06,0.8351,97246,1.5,-2.37,82.53088,-62.16583,175.5,39.59,45.31,-4.35,-0.05,6.27,51.56,61.14,-0.04,-0.19,1.31626,-0.37164,0.50647,2.804799458,0.04,302.3009348
59566,16.546217,-27.04,0.8372,97160,1.39,-2.55,82.53123,-62.16269,179.5,39.63,45.36,-4.32,-0.07,6.21,51.73,61.43,0.08,-0.33,1.32114,-0.38607,0.50376,2.904238282,-0.08,298.5635691
59567,16.546495,-27.01,0.839,97133,1.52,-2.28,82.53159,-62.15956,184.5,39.61,45.46,-4.25,0.03,6.18,51.89,61.21,0.14,-0.47,1.32723,-0.40015,0.50043,2.740218969,-0.14,303.6615063
59568,16.546772,-27,0.8404,97054,1.55,-2.52,82.53194,-62.15641,188.5,39.63,45.54,-4.15,-0.17,6.06,52.01,61.44,0.07,-0.41,1.32385,-0.39497,0.5023,2.95853004,-0.07,301.565191
59569,16.54705,-26.96,0.8414,97021,1.71,-2.22,82.53229,-62.15326,192.5,39.66,45.67,-3.99,-0.09,5.77,52.14,61.26,0.19,-0.54,1.33688,-0.39731,0.49495,2.802231254,-0.19,307.5794164
59570,16.547327,-26.94,0.8433,96956,1.66,-2.45,82.53264,-62.15009,197,39.68,45.81,-4.02,0.02,5.98,52.14,61.57,0.03,-0.37,1.31081,-0.40755,0.50985,2.959408725,-0.03,304.0913002
59571,16.547606,-26.91,0.8442,96926,1.72,-2.14,82.533,-62.14692,201,39.66,45.89,-4.29,0.09,6.19,52.04,61.37,-0.02,-0.34,1.31467,-0.39725,0.50756,2.745541841,0.02,308.7641995
59572,16.547884,-26.89,0.845,96882,1.88,-1.97,82.53335,-62.14375,205.5,39.66,45.94,-4.45,-0.12,6.26,52.01,61.16,0.03,-0.28,1.33092,-0.36502,0.498,2.723104846,-0.03,313.6373582
59573,16.548161,-26.88,0.8473,96739,1.63,-2.72,82.5337,-62.14057,210.5,39.68,45.97,-4.48,-0.32,6.28,52.11,61.93,-0.2,-0.13,1.31088,-0.36987,0.50957,3.171009303,0.2,300.9028093
59574,16.548439,-26.81,0.8477,96738,2.11,-1.98,82.53405,-62.13738,214.5,39.71,46.02,-4.44,-0.35,6.26,52.24,61.13,0.07,-0.32,1.32416,-0.38067,0.50199,2.893527259,-0.07,316.7986231
59575,16.548716,-26.75,0.8515,96679,2.04,-2.13,82.53441,-62.1342,219.5,39.72,46.09,-4.38,-0.29,6.28,52.29,61.36,-0.04,-0.31,1.31122,-0.39739,0.50954,2.949321956,0.04,313.7401406
59576,16.548994,-26.72,0.8546,96616,2.1,-1.76,82.53476,-62.13101,223.5,39.73,46.14,-4.46,-0.34,6.44,52.16,61.11,-0.09,-0.34,1.30195,-0.41484,0.51499,2.74,0.09,320.0135155
59577,16.549273,-26.66,0.8565,96626,2.43,-1.1,82.53511,-62.12781,228.5,39.74,46.17,-4.5,-0.37,6.52,52.01,60.43,0.11,-0.3,1.32219,-0.38072,0.50312,2.667376989,-0.11,335.6325777
59578,16.549549,-26.65,0.8594,96517,2.26,-1.44,82.53547,-62.12461,233.5,39.79,46.16,-4.56,-0.46,6.51,51.9,60.81,-0.09,-0.18,1.31061,-0.3773,0.50976,2.67977611,0.09,327.4795245
59579,16.549828,-26.64,0.8612,96429,2.17,-1.51,82.53582,-62.12142,237.5,39.83,46.2,-4.46,-0.4,6.44,51.87,60.94,-0.04,-0.18,1.3049,-0.3856,0.5131,2.643671689,0.04,325.1501081
59580,16.550104,-26.62,0.8626,96408,2.28,-0.98,82.53617,-62.11822,242.5,39.86,46.24,-4.45,-0.33,6.43,51.88,60.5,0.03,-0.41,1.3143,-0.40845,0.50787,2.481692971,-0.03,336.7289816
59581,16.550383,-26.61,0.8638,96353,2.29,-0.8,82.53653,-62.11502,246.5,39.86,46.32,-4.35,-0.32,6.39,51.87,60.42,0,-0.45,1.31504,-0.41345,0.5075,2.425716389,0,340.7336277
59582,16.550661,-26.59,0.8648,96324,2.44,-0.32,82.53688,-62.11181,251.5,39.87,46.4,-4.31,-0.48,6.36,51.78,60.06,0.01,-0.5,1.31916,-0.4151,0.50518,2.460894146,-0.01,352.5246511
59583,16.550938,-26.52,0.8689,96249,2.33,-0.48,82.53724,-62.10859,255.5,39.95,46.46,-4.19,-0.68,6.17,51.6,60.31,0.08,-0.34,1.3188,-0.39055,0.50514,2.37892833,-0.08,348.3535235
59584,16.551216,-26.48,0.8714,96175,2.33,-0.73,82.53759,-62.10538,259.5,40.06,46.5,-4.04,-0.79,5.98,51.49,60.6,0.05,-0.14,1.3198,-0.35805,0.50436,2.44167975,-0.05,342.5951564
59585,16.551493,-26.44,0.8749,96115,2.47,-0.84,82.53795,-62.10215,264,40.23,46.52,-3.96,-0.95,5.94,51.54,60.67,0.02,-0.14,1.31864,-0.36012,0.50503,2.608926982,-0.02,341.2082817
59586,16.551771,-26.34,0.8797,96051,2.78,-1.34,82.53831,-62.09893,268,40.41,46.53,-3.9,-1.17,5.86,51.91,60.94,0.01,-0.12,1.32006,-0.35457,0.50419,3.08609786,-0.01,334.2522113
59587,16.55205,-26.22,0.8857,95942,2.71,-1.92,82.53867,-62.09571,272,40.55,46.58,-3.8,-1.22,5.77,52.31,61.58,-0.18,-0.33,1.30348,-0.41108,0.51408,3.321219655,0.18,324.6650076
59588,16.552326,-26.12,0.8882,95920,2.88,-1.43,82.53903,-62.09248,275.5,40.66,46.66,-3.69,-1.17,5.69,52.38,61.3,0.03,-0.58,1.31833,-0.42968,0.50582,3.215478191,-0.03,333.5809314
59589,16.552605,-26.06,0.8912,95850,2.87,-1.64,82.53939,-62.08925,279.5,40.8,46.71,-3.65,-1.14,5.72,52.21,61.62,0.09,-0.37,1.30945,-0.40991,0.51065,3.305525677,-0.09,330.2400317
59590,16.552881,-26,0.893,95818,2.96,-1.46,82.53976,-62.08602,283.5,40.97,46.74,-3.7,-1.11,5.76,52.03,61.5,0.13,-0.33,1.31504,-0.39449,0.50732,3.300484813,-0.13,333.7321753
59591,16.55316,-25.98,0.894,95752,2.89,-1.69,82.54012,-62.08278,287,41.11,46.75,-3.81,-1.11,5.85,51.94,61.83,0,-0.26,1.30627,-0.39722,0.51238,3.347864991,0,329.66659
59592,16.553438,-25.94,0.8933,95730,3.14,-1.25,82.54049,-62.07954,291,41.24,46.76,-3.87,-1.1,5.95,51.81,61.46,0.11,-0.29,1.31523,-0.38816,0.50717,3.379659746,-0.11,338.2820239
59593,16.553715,-25.92,0.8942,95668,3.12,-1.52,82.54086,-62.0763,295,41.39,46.72,-3.96,-1.2,5.91,51.63,61.74,0.06,-0.09,1.31658,-0.35609,0.50621,3.470561914,-0.06,334.0124314
59594,16.553993,-25.9,0.8949,95596,3.09,-1.74,82.54122,-62.07307,299,41.55,46.68,-4.03,-1.28,5.82,51.54,61.95,-0.11,-0.05,1.31794,-0.34661,0.50539,3.546223343,0.11,330.6009388
59595,16.55427,-25.86,0.8948,95549,2.87,-1.47,82.5416,-62.06983,303.5,41.71,46.66,-4.04,-1.48,5.94,51.46,62,-0.01,-0.41,1.31801,-0.40366,0.50571,3.224561986,0.01,332.8649403
59596,16.554548,-25.82,0.8953,95489,2.97,-1.5,82.54197,-62.06661,307.5,41.85,46.56,-4.33,-1.71,6.2,51.19,62.02,-0.06,-0.23,1.30923,-0.38775,0.51061,3.3272962,0.06,333.1903273
59597,16.554827,-25.8,0.8967,95425,2.73,-1.63,82.54234,-62.06338,312,42,46.42,-4.49,-1.49,6.23,50.82,62.28,0.01,-0.13,1.31617,-0.3615,0.50647,3.179591169,-0.01,329.1442162
59598,16.555103,-25.78,0.8973,95358,2.79,-1.51,82.54271,-62.06017,316.5,42.14,46.3,-4.45,-1.15,6.15,50.51,62.14,-0.02,0,1.32365,-0.3314,0.50203,3.172412331,0.02,331.5625055
59599,16.555382,-25.78,0.8983,95301,2.7,-1.65,82.54309,-62.05697,321,42.26,46.21,-4.32,-0.96,6.05,50.38,62.25,0.08,0.01,1.32878,-0.32148,0.49902,3.164253466,-0.08,328.5544929
59600,16.555658,-25.76,0.8986,95245,2.64,-1.67,82.54346,-62.05377,325.5,42.35,46.16,-4.22,-0.84,5.99,50.45,62.3,0.08,-0.18,1.32711,-0.35438,0.50011,3.123859792,-0.08,327.6671554
59601,16.555937,-25.77,0.8988,95173,2.61,-1.71,82.54384,-62.05057,330,42.4,46.14,-4.2,-0.59,6.04,50.58,62.37,0.18,-0.35,1.32153,-0.38835,0.50356,3.120288448,-0.18,326.7514333
59602,16.556215,-25.76,0.8989,95120,2.64,-1.65,82.54422,-62.04737,334.5,42.37,46.17,-4.19,-0.25,6.12,50.62,62.34,0.26,-0.35,1.32232,-0.38793,0.50311,3.113213774,-0.26,327.9783832
59603,16.556492,-25.76,0.899,95057,2.61,-1.71,82.54459,-62.04417,338.5,42.31,46.21,-4.28,-0.05,6.2,50.58,62.4,0.17,-0.22,1.31919,-0.37257,0.50478,3.120288448,-0.17,326.7514333
59604,16.55677,-25.76,0.8994,95001,2.62,-1.62,82.54497,-62.04097,343,42.27,46.22,-4.34,-0.13,6.2,50.51,62.28,0.11,-0.17,1.32542,-0.35535,0.50109,3.080389586,-0.11,328.2545503
59605,16.557047,-25.76,0.9002,94940,2.64,-1.62,82.54535,-62.03776,347.5,42.27,46.21,-4.37,-0.24,6.23,50.53,62.25,0.07,-0.18,1.32007,-0.36485,0.50423,3.09741828,-0.07,328.4492132
59606,16.557325,-25.76,0.901,94893,2.7,-1.49,82.54572,-62.03456,352,42.24,46.2,-4.48,-0.19,6.33,50.6,62.1,0.09,-0.26,1.31812,-0.37903,0.50544,3.083845003,-0.09,331.0931542
59607,16.557602,-25.78,0.9033,94835,2.63,-1.64,82.5461,-62.03135,356.5,42.19,46.21,-4.51,-0.24,6.25,50.61,62.24,0.02,-0.21,1.32424,-0.36249,0.50181,3.099435432,-0.02,328.037198
