NETCARE2015/data/raw/Flight2/CO2_POLAR6_20150407_R1_NETCARE.ict
34, 1001
Bozem, Heiko; Hoor, Peter
Institute for Atmospheric Physics, Johannes Gutenberg University, Mainz, Germany
CO2 mixing ratio from LI7200 CO2 analyzer
NETCARE Polar 6 Campaign 2015
1, 1
2015, 04, 07, 2015, 08, 12
1
Time_UTC, seconds
1
1
-9999.99
CO2_ppmv, ppmv
0
19
PI_CONTACT_INFO: Address: Johann-Joachim-Becherweg 21, 55128 Mainz, email: bozemh@uni-mainz.de; hoor@uni-mainz.de
PLATFORM: Polar 6
LOCATION: GPS location and altitude available at 1 Hz resolution in separate file (See AIMMS files under Aircraft data and meteorology)
ASSOCIATED_DATA: N/A
INSTRUMENT_INFO: CO2 measurements based on non-dispersive infrared absorption spectroscopy
DATA_INFO: Units are ppmv
UNCERTAINTY: UNCERTAINTY RELATIVE TO STANDARD: 1.71 ppmv at 1 sigma confidence (before drift correction is applied)
ULOD_FLAG: -7777
ULOD_VALUE: 3000
LLOD_FLAG: -8888
LLOD_VALUE: N/A 
DM_CONTACT_INFO: N/A
PROJECT_INFO: NETCARE Polar 6 aircraft campaign in April 2015; Alert
STIPULATIONS_ON_USE: N/A
OTHER_COMMENTS: N/A
REVISION: R1
R0: Preliminary data, corrected for instrument drift
R1: Final data, corrected for instrument drift
Time_UTC,CO2_ppmv
[from data line 2430]
61947,404.42
61948,404.43
61949,404.32
61950,404.34
61951,404.41
61952,404.37
61953,404.36
61954,404.32
61955,404.38
61956,404.37
61957,404.44
61958,404.35
61959,404.49
61960,404.51
61961,404.64
61962,404.75
61963,404.88
61964,404.83
61965,404.77
61966,404.91
61967,404.89
61968,404.83
61969,404.86
61970,404.92
61971,404.86
61972,404.90
61973,404.87
61974,404.90
61975,404.94
61976,404.93
61977,404.84
61978,404.89
61979,404.85
61980,404.86
61981,404.75
61982,404.76
61983,404.72
61984,404.71
61985,404.67
61986,404.57
61987,404.63
61988,404.57
61989,404.48
61990,404.60
61991,404.44
61992,404.48
61993,404.24
61994,404.14
61995,404.19
61996,404.12
61997,404.20
61998,404.15
61999,404.11
62000,404.13
62001,404.20
62002,404.16
62003,404.12
62004,404.11
62005,404.06
62006,404.04
62007,404.07
62008,403.93
62009,403.97
62010,403.96
62011,403.93
62012,403.94
62013,404.00
62014,403.88
62015,403.85
62016,403.88
62017,404.00
62018,403.95
62019,403.96
62020,403.97
62021,403.96
62022,403.94
62023,403.96
62024,403.88
62025,403.80
62026,403.71
62027,403.76
62028,403.80
62029,403.78
62030,403.80
62031,403.77
62032,403.79
62033,403.87
62034,404.00
62035,403.99
62036,404.05
62037,404.04
62038,404.03
62039,403.97
62040,404.03
62041,403.95
62042,403.79
62043,403.90
62044,403.81
62045,403.88
62046,403.80
62047,403.70
62048,403.76
62049,403.74
62050,403.88
62051,403.78
62052,403.75
62053,403.75
62054,403.89
62055,403.84
62056,403.88
62057,403.80
62058,403.86
62059,403.73
62060,403.79
62061,403.85
62062,403.85
62063,403.87
62064,403.67
62065,403.81
62066,403.93
62067,403.86
62068,403.84
62069,403.78
62070,403.86
62071,403.89
62072,403.93
62073,403.83
62074,403.88
62075,403.93
62076,403.91
62077,403.88
62078,403.82
62079,403.80
62080,403.87
62081,403.91
62082,403.92
62083,403.83
62084,403.96
62085,403.97
62086,403.93
62087,403.88
62088,403.92
62089,403.90
62090,403.95
62091,403.93
62092,403.98
62093,404.00
62094,403.99
62095,404.08
62096,404.06
62097,403.89
62098,404.00
62099,404.06
62100,404.07
62101,404.02
62102,404.10
62103,404.10
62104,404.18
62105,404.37
62106,404.29
62107,404.38
62108,404.35
62109,404.37
62110,404.47
62111,404.43
62112,404.42
62113,404.44
62114,404.51
62115,404.43
62116,404.50
62117,404.49
62118,404.62
62119,404.56
62120,404.46
62121,404.46
62122,404.58
62123,404.57
62124,404.59
62125,404.58
62126,404.57
62127,404.64
62128,404.57
62129,404.54
62130,404.55
62131,404.63
62132,404.64
62133,404.60
62134,404.62
62135,404.52
62136,404.63
62137,404.62
62138,404.66
62139,404.54
62140,404.60
62141,404.59
62142,404.54
62143,404.60
62144,404.66
62145,404.71
62146,404.60
62147,404.62
62148,404.53
62149,404.59
62150,404.65
62151,404.61
62152,404.62
62153,404.64
62154,404.65
62155,404.68
62156,404.54
62157,404.57
62158,404.64
62159,404.58
62160,404.70
62161,404.61
62162,404.63
62163,404.51
62164,404.57
62165,404.57
62166,404.48
62167,404.58
62168,404.56
62169,404.53
62170,404.51
62171,404.56
62172,404.51
62173,404.53
62174,404.46
62175,404.58
62176,404.53
62177,404.53
62178,404.49
62179,404.57
62180,404.60
62181,404.57
62182,404.52
62183,404.48
62184,404.47
62185,404.51
62186,404.49
62187,404.39
62188,404.37
62189,404.25
62190,404.36
62191,404.26
62192,404.24
62193,404.31
62194,404.25
62195,404.13
62196,404.14
62197,404.34
62198,404.12
62199,404.06
62200,404.02
62201,404.07
62202,403.97
62203,404.00
62204,403.97
62205,403.94
62206,403.85
62207,403.96
62208,404.00
62209,403.96
62210,403.86
62211,403.86
62212,403.88
62213,403.81
62214,403.91
62215,403.87
62216,403.83
62217,403.89
62218,403.89
62219,403.79
62220,403.86
62221,403.86
62222,403.83
62223,403.79
62224,403.88
62225,403.81
62226,403.83
62227,404.06
62228,404.17
62229,404.15
62230,404.06
62231,404.14
62232,404.10
62233,404.16
62234,404.09
62235,404.09
62236,404.08
62237,404.13
62238,404.16
62239,404.03
62240,404.14
62241,404.03
62242,404.05
62243,404.13
62244,404.05
62245,404.05
62246,403.95
62247,403.96
62248,403.97
62249,403.96
62250,403.91
62251,403.96
62252,403.87
62253,403.78
62254,403.93
62255,404.06
62256,404.03
62257,404.02
62258,403.98
62259,403.92
62260,403.92
62261,403.96
62262,404.05
62263,403.90
62264,404.00
62265,403.94
62266,403.96
62267,404.00
62268,404.07
62269,404.18
62270,404.12
62271,404.15
62272,404.12
62273,404.14
62274,404.27
62275,404.17
62276,404.25
62277,404.18
62278,404.25
62279,404.11
62280,404.23
62281,404.25
62282,404.29
62283,404.35
62284,404.21
62285,404.31
62286,404.41
62287,404.29
62288,404.31
62289,404.36
62290,404.43
62291,404.50
62292,404.46
62293,404.51
62294,404.56
62295,404.54
62296,404.55
62297,404.61
62298,404.61
62299,404.66
62300,404.56
62301,404.57
62302,404.38
62303,404.30
62304,404.31
62305,404.28
62306,404.26
62307,404.34
62308,404.41
62309,404.61
62310,404.59
62311,404.66
62312,404.52
62313,404.56
62314,404.68
62315,404.55
62316,404.48
62317,404.47
62318,404.56
62319,404.58
62320,404.52
62321,404.53
62322,404.52
62323,404.51
62324,404.46
62325,404.52
62326,404.59
62327,404.53
62328,404.47
62329,404.45
62330,404.57
62331,404.46
62332,404.41
62333,404.48
62334,404.48
62335,404.56
62336,404.51
62337,404.58
62338,404.40
62339,404.43
62340,404.52
62341,404.43
62342,404.49
62343,404.63
62344,404.59
62345,404.69
62346,404.65
62347,404.61
62348,404.62
62349,404.68
62350,404.79
62351,404.65
62352,404.65
62353,404.62
62354,404.50
62355,404.63
62356,404.64
62357,404.58
62358,404.58
62359,404.52
62360,404.55
62361,404.54
62362,404.58
62363,404.56
62364,404.47
62365,404.59
62366,404.47
62367,404.56
62368,404.53
62369,404.58
62370,404.57
62371,404.64
62372,404.45
62373,404.47
62374,404.46
62375,404.42
62376,404.37
62377,404.39
62378,404.39
62379,404.36
62380,404.40
62381,404.32
62382,404.35
62383,404.40
62384,404.38
62385,404.36
62386,404.43
62387,404.42
62388,404.36
62389,404.44
62390,404.51
62391,404.43
62392,404.45
62393,404.54
62394,404.47
62395,404.51
62396,404.56
62397,404.61
62398,404.51
62399,404.56
62400,404.68
62401,404.58
62402,404.60
62403,404.57
62404,404.67
62405,404.61
62406,404.67
62407,404.64
62408,404.59
62409,404.71
62410,404.72
62411,404.71
62412,404.71
62413,404.77
62414,404.72
62415,404.82
62416,404.75
62417,404.83
62418,404.83
62419,404.83
62420,404.80
62421,404.84
62422,404.86
62423,404.89
62424,404.91
62425,404.93
62426,404.88
62427,404.99
62428,404.95
62429,404.94
62430,404.83
62431,404.85
62432,404.93
62433,404.87
62434,404.88
62435,404.87
62436,404.89
62437,404.92
62438,404.92
62439,404.87
62440,404.82
62441,404.88
62442,404.89
62443,404.80
62444,404.83
62445,404.88
62446,404.81
62447,404.91
62448,404.80
62449,404.80
62450,404.80
62451,404.86
62452,404.67
62453,404.73
62454,404.68
62455,404.78
62456,404.76
62457,404.78
62458,404.71
62459,404.65
62460,404.68
62461,404.55
62462,404.70
62463,404.70
62464,404.68
62465,404.62
62466,404.59
62467,404.65
62468,404.68
62469,404.70
62470,404.65
62471,404.62
62472,404.50
62473,404.56
62474,404.54
62475,404.58
62476,404.48
62477,404.48
62478,404.43
62479,404.53
62480,404.56
62481,404.43
62482,404.45
62483,404.44
62484,404.50
62485,404.43
62486,404.41
62487,404.44
62488,404.42
62489,404.46
62490,404.46
62491,404.41
62492,404.36
62493,404.33
62494,404.36
62495,404.44
62496,404.38
62497,404.26
62498,404.30
62499,404.29
62500,404.32
62501,404.36
62502,404.43
62503,404.35
62504,404.35
62505,404.29
62506,404.28
62507,404.32
62508,404.37
62509,404.27
62510,404.33
62511,404.33
62512,404.32
62513,404.33
62514,404.38
62515,404.31
62516,404.26
62517,404.30
62518,404.34
62519,404.37
62520,404.41
62521,404.44
62522,404.35
62523,404.44
62524,404.37
62525,404.48
62526,404.50
62527,404.54
62528,404.41
62529,404.45
62530,404.48
62531,404.46
62532,404.50
62533,404.44
62534,404.36
62535,404.52
62536,404.52
62537,404.50
62538,404.49
62539,404.47
62540,404.48
62541,404.48
62542,404.47
62543,404.41
62544,404.53
62545,404.53
62546,404.55
62547,404.50
62548,404.47
62549,404.45
62550,404.52
62551,404.51
62552,404.49
62553,404.56
62554,404.41
62555,404.44
62556,404.43
62557,404.38
62558,404.47
62559,404.45
62560,404.46
62561,404.46
62562,404.48
62563,404.54
62564,404.48
62565,404.49
62566,404.54
62567,404.58
62568,404.65
62569,404.66
62570,404.58
62571,404.64
62572,404.65
62573,404.70
62574,404.64
62575,404.70
62576,404.65
62577,404.64
62578,404.75
62579,404.79
62580,404.75
62581,404.67
62582,404.67
62583,404.80
62584,404.68
62585,404.73
62586,404.82
62587,404.77
62588,404.73
62589,404.81
62590,404.75
62591,404.82
62592,404.79
62593,404.83
62594,404.75
62595,404.68
62596,404.88
62597,404.85
62598,404.76
62599,404.70
62600,404.83
62601,404.78
62602,404.81
62603,404.82
62604,404.85
62605,404.82
62606,404.76
62607,404.79
62608,404.87
62609,404.79
62610,404.86
62611,404.72
62612,404.72
62613,404.80
62614,404.79
62615,404.78
62616,404.79
62617,404.83
62618,404.80
62619,404.71
62620,404.90
62621,404.87
62622,404.76
62623,404.80
62624,404.81
62625,404.71
62626,404.72
62627,404.71
62628,404.80
62629,404.75
62630,404.80
62631,404.73
62632,404.70
62633,404.70
62634,404.79
62635,404.74
62636,404.74
62637,404.76
62638,404.85
62639,404.70
62640,404.74
62641,404.68
62642,404.85
62643,404.70
62644,404.77
62645,404.79
62646,404.70
62647,404.71
62648,404.66
62649,404.74
62650,404.74
62651,404.76
62652,404.80
62653,404.72
62654,404.77
62655,404.83
62656,404.73
62657,404.78
62658,404.74
62659,404.73
62660,404.75
62661,404.68
62662,404.78
62663,404.76
62664,404.65
62665,404.69
62666,404.80
62667,404.79
62668,404.79
62669,404.71
62670,404.71
62671,404.73
62672,404.72
62673,404.69
62674,404.75
62675,404.70
62676,404.74
62677,404.71
62678,404.75
62679,404.71
62680,404.80
62681,404.80
62682,404.81
62683,404.72
62684,404.81
62685,404.70
62686,404.78
62687,404.77
62688,404.75
62689,404.77
62690,404.77
62691,404.71
62692,404.79
62693,404.78
62694,404.74
62695,404.75
62696,404.82
62697,404.80
62698,404.78
62699,404.81
62700,404.82
62701,404.81
62702,404.83
62703,404.74
62704,404.84
62705,404.78
62706,404.77
62707,404.81
62708,404.81
62709,404.75
62710,404.65
62711,404.73
62712,404.77
62713,404.78
62714,404.68
62715,404.67
62716,404.65
62717,404.70
62718,404.76
62719,404.74
62720,404.71
62721,404.75
62722,404.61
62723,404.67
62724,404.67
62725,404.63
62726,404.65
62727,404.67
62728,404.72
62729,404.67
62730,404.66
62731,404.57
62732,404.62
62733,404.57
62734,404.56
62735,404.58
62736,404.66
62737,404.66
62738,404.69
62739,404.60
62740,404.65
62741,404.69
62742,404.69
62743,404.74
62744,404.62
62745,404.70
62746,404.74
62747,404.73
62748,404.84
62749,404.80
62750,404.79
62751,404.73
62752,404.75
62753,404.75
62754,404.75
62755,404.75
62756,404.84
62757,404.90
62758,404.76
62759,404.70
62760,404.76
62761,404.78
62762,404.79
62763,404.73
62764,404.78
62765,404.74
62766,404.66
62767,404.69
62768,404.74
62769,404.74
62770,404.79
62771,404.77
62772,404.74
62773,404.70
62774,404.76
62775,404.70
62776,404.70
62777,404.77
62778,404.84
62779,404.67
62780,-9999.99
62781,-9999.99
62782,-9999.99
62783,-9999.99
62784,-9999.99
62785,-9999.99
62786,-9999.99
62787,-9999.99
62788,-9999.99
62789,-9999.99
62790,-9999.99
62791,-9999.99
62792,-9999.99
62793,-9999.99
62794,-9999.99
62795,-9999.99
62796,-9999.99
62797,-9999.99
62798,-9999.99
62799,-9999.99
62800,-9999.99
62801,-9999.99
62802,-9999.99
62803,-9999.99
62804,-9999.99
62805,-9999.99
62806,-9999.99
62807,-9999.99
62808,-9999.99
62809,-9999.99
62810,-9999.99
62811,-9999.99
62812,-9999.99
62813,-9999.99
62814,-9999.99
62815,-9999.99
62816,-9999.99
62817,-9999.99
62818,-9999.99
62819,-9999.99
62820,-9999.99
62821,-9999.99
62822,-9999.99
62823,-9999.99
62824,-9999.99
62825,-9999.99
62826,-9999.99
62827,-9999.99
62828,-9999.99
62829,-9999.99
62830,-9999.99
62831,-9999.99
62832,-9999.99
62833,-9999.99
62834,-9999.99
62835,-9999.99
62836,-9999.99
62837,-9999.99
62838,-9999.99
62839,-9999.99
62840,-9999.99
62841,-9999.99
62842,-9999.99
62843,-9999.99
62844,-9999.99
62845,-9999.99
62846,-9999.99
62847,-9999.99
62848,-9999.99
62849,-9999.99
62850,-9999.99
62851,-9999.99
62852,-9999.99
62853,-9999.99
62854,-9999.99
62855,-9999.99
62856,-9999.99
62857,-9999.99
62858,-9999.99
62859,-9999.99
62860,-9999.99
62861,-9999.99
62862,-9999.99
62863,-9999.99
62864,-9999.99
62865,-9999.99
62866,-9999.99
62867,-9999.99
62868,-9999.99
62869,-9999.99
62870,-9999.99
62871,-9999.99
62872,-9999.99
62873,-9999.99
62874,-9999.99
62875,-9999.99
62876,-9999.99
62877,-9999.99
62878,-9999.99
62879,-9999.99
62880,-9999.99
62881,-9999.99
62882,-9999.99
62883,-9999.99
62884,-9999.99
62885,-9999.99
62886,-9999.99
62887,-9999.99
62888,-9999.99
62889,-9999.99
62890,-9999.99
62891,-9999.99
62892,-9999.99
62893,-9999.99
62894,-9999.99
62895,-9999.99
62896,-9999.99
62897,-9999.99
62898,-9999.99
62899,-9999.99
62900,-9999.99
62901,-9999.99
62902,-9999.99
62903,-9999.99
62904,-9999.99
62905,-9999.99
62906,-9999.99
62907,-9999.99
62908,-9999.99
62909,-9999.99
62910,-9999.99
62911,-9999.99
62912,-9999.99
62913,-9999.99
62914,-9999.99
62915,-9999.99
62916,-9999.99
62917,-9999.99
62918,-9999.99
62919,-9999.99
62920,-9999.99
62921,-9999.99
62922,-9999.99
62923,-9999.99
62924,-9999.99
62925,-9999.99
62926,-9999.99
62927,-9999.99
62928,-9999.99
62929,-9999.99
62930,-9999.99
62931,-9999.99
62932,-9999.99
62933,-9999.99
62934,-9999.99
62935,-9999.99
62936,-9999.99
62937,-9999.99
62938,-9999.99
62939,-9999.99
62940,-9999.99
62941,-9999.99
62942,-9999.99
62943,-9999.99
62944,-9999.99
62945,-9999.99
62946,-9999.99
62947,-9999.99
62948,-9999.99
62949,-9999.99
62950,-9999.99
62951,-9999.99
62952,-9999.99
62953,-9999.99
62954,-9999.99
62955,-9999.99
62956,-9999.99
62957,-9999.99
62958,-9999.99
62959,-9999.99
62960,-9999.99
62961,-9999.99
62962,-9999.99
62963,-9999.99
62964,-9999.99
62965,-9999.99
62966,-9999.99
62967,-9999.99
62968,-9999.99
62969,-9999.99
62970,-9999.99
62971,-9999.99
62972,-9999.99
62973,-9999.99
62974,-9999.99
62975,-9999.99
62976,-9999.99
62977,-9999.99
62978,-9999.99
62979,404.73
62980,404.60
62981,404.80
62982,404.76
62983,404.73
62984,404.71
62985,404.77
62986,404.75
62987,404.69
62988,404.65
62989,404.80
62990,404.69
62991,404.71
62992,404.66
62993,404.78
62994,404.74
62995,404.74
62996,404.76
62997,404.74
62998,404.68
62999,404.70
63000,404.67
63001,404.76
63002,404.67
63003,404.75
63004,404.74
63005,404.71
63006,404.75
63007,404.77
63008,404.74
63009,404.72
63010,404.75
63011,404.78
63012,404.84
63013,404.85
63014,404.85
63015,404.83
63016,404.83
63017,404.87
63018,404.77
63019,404.86
63020,404.88
63021,404.81
63022,404.87
63023,404.93
63024,404.93
63025,404.84
63026,404.90
63027,404.88
63028,404.89
63029,404.88
63030,404.90
63031,404.82
63032,404.84
63033,404.87
63034,404.76
63035,404.84
63036,404.85
63037,404.87
63038,404.87
63039,404.90
63040,404.89
63041,404.76
63042,404.80
63043,404.79
63044,404.91
63045,404.81
63046,404.90
63047,404.89
63048,404.83
63049,404.83
63050,404.83
63051,404.89
63052,404.86
63053,404.78
63054,404.84
63055,404.89
63056,404.91
63057,404.88
63058,404.87
63059,404.79
63060,404.93
63061,404.86
63062,404.86
63063,404.84
63064,404.93
63065,404.86
63066,404.83
63067,404.86
63068,404.83
63069,404.91
63070,404.97
63071,404.89
63072,404.80
63073,404.85
63074,404.86
63075,404.83
63076,404.87
63077,404.87
63078,404.87
63079,404.83
63080,404.82
63081,404.80
63082,404.83
63083,404.84
63084,404.86
63085,404.78
63086,404.75
63087,404.79
63088,404.88
63089,404.83
63090,404.94
63091,404.95
63092,404.96
63093,405.03
63094,405.10
63095,405.04
63096,405.12
63097,405.08
63098,405.06
63099,405.15
63100,405.16
63101,405.13
63102,405.12
63103,405.14
63104,405.14
63105,405.11
63106,405.12
63107,405.11
63108,405.06
63109,405.11
63110,405.08
63111,405.12
63112,405.16
63113,405.13
63114,405.15
63115,405.10
63116,405.12
63117,405.22
63118,405.14
63119,405.11
63120,405.16
63121,405.12
63122,405.17
63123,405.13
63124,405.11
63125,405.18
63126,405.16
63127,405.10
63128,405.22
63129,405.13
63130,405.13
63131,405.16
63132,405.10
63133,405.06
63134,405.06
63135,405.09
63136,405.05
63137,405.15
63138,405.06
63139,404.98
63140,405.07
63141,405.07
63142,405.04
63143,405.15
63144,405.04
63145,405.08
63146,405.08
