NETCARE2015/data/raw/Flight2/CO2_POLAR6_20150407_R1_NETCARE.ict
34, 1001
Bozem, Heiko; Hoor, Peter
Institute for Atmospheric Physics, Johannes Gutenberg University, Mainz, Germany
CO2 mixing ratio from LI7200 CO2 analyzer
NETCARE Polar 6 Campaign 2015
1, 1
2015, 04, 07, 2015, 08, 12
1
Time_UTC, seconds
1
1
-9999.99
CO2_ppmv, ppmv
0
19
PI_CONTACT_INFO: Address: Johann-Joachim-Becherweg 21, 55128 Mainz, email: bozemh@uni-mainz.de; hoor@uni-mainz.de
PLATFORM: Polar 6
LOCATION: GPS location and altitude available at 1 Hz resolution in separate file (See AIMMS files under Aircraft data and meteorology)
ASSOCIATED_DATA: N/A
INSTRUMENT_INFO: CO2 measurements based on non-dispersive infrared absorption spectroscopy
DATA_INFO: Units are ppmv
UNCERTAINTY: UNCERTAINTY RELATIVE TO STANDARD: 1.71 ppmv at 1 sigma confidence (before drift correction is applied)
ULOD_FLAG: -7777
ULOD_VALUE: 3000
LLOD_FLAG: -8888
LLOD_VALUE: N/A 
DM_CONTACT_INFO: N/A
PROJECT_INFO: NETCARE Polar 6 aircraft campaign in April 2015; Alert
STIPULATIONS_ON_USE: N/A
OTHER_COMMENTS: N/A
REVISION: R1
R0: Preliminary data, corrected for instrument drift
R1: Final data, corrected for instrument drift
Time_UTC,CO2_ppmv
[from data line 12062]
71579,405.46
71580,405.45
71581,405.49
71582,405.65
71583,405.83
71584,405.94
71585,405.95
71586,405.83
71587,405.86
71588,405.82
71589,405.87
71590,405.85
71591,405.81
71592,405.83
71593,405.87
71594,405.75
71595,405.74
71596,405.83
71597,405.77
71598,405.75
71599,405.67
71600,405.73
71601,405.77
71602,405.82
71603,405.75
71604,405.76
71605,405.82
71606,405.88
71607,405.82
71608,405.90
71609,405.83
71610,405.70
71611,405.80
71612,405.90
71613,405.94
71614,405.93
71615,405.83
71616,405.79
71617,405.79
71618,405.91
71619,405.83
71620,405.84
71621,405.96
71622,406.06
71623,405.93
71624,405.93
71625,405.86
71626,405.92
71627,405.97
71628,405.99
71629,405.96
71630,405.93
71631,405.92
71632,405.92
71633,406.02
71634,405.98
71635,405.87
71636,405.84
71637,405.89
71638,405.89
71639,405.83
71640,405.75
71641,405.80
71642,405.85
71643,405.72
71644,405.86
71645,405.73
71646,405.83
71647,405.71
71648,405.73
71649,405.80
71650,405.75
71651,405.68
71652,405.67
71653,405.65
71654,405.66
71655,405.68
71656,405.61
71657,405.56
71658,405.61
71659,405.50
71660,405.53
71661,405.51
71662,405.52
71663,405.58
71664,405.47
71665,405.48
71666,405.38
71667,405.34
71668,405.34
71669,405.31
71670,405.21
71671,405.27
71672,405.29
71673,405.06
71674,405.20
71675,405.12
71676,405.02
71677,404.86
71678,404.88
71679,404.95
71680,404.92
71681,404.92
71682,404.97
71683,405.11
71684,405.23
71685,405.31
71686,405.32
71687,405.43
71688,405.50
71689,405.35
71690,405.35
71691,405.47
71692,405.46
71693,405.62
71694,405.68
71695,405.58
71696,405.50
71697,405.45
71698,405.45
71699,405.43
71700,405.60
71701,405.57
71702,405.74
71703,405.74
71704,405.63
71705,405.66
71706,405.48
71707,405.50
71708,405.38
71709,405.41
71710,405.42
71711,405.37
71712,405.25
71713,405.33
71714,405.20
71715,405.27
71716,405.29
71717,405.25
71718,405.27
71719,405.13
71720,405.06
71721,404.88
71722,405.02
71723,404.91
71724,405.00
71725,404.95
71726,404.90
71727,405.00
71728,404.90
71729,404.80
71730,404.76
71731,404.72
71732,404.69
71733,404.62
71734,404.72
71735,404.58
71736,404.54
71737,404.53
71738,404.71
71739,404.69
71740,404.50
71741,404.61
71742,404.59
71743,404.78
71744,404.69
71745,404.76
71746,404.73
71747,404.62
71748,404.84
71749,404.64
71750,404.63
71751,404.73
71752,404.65
71753,404.97
71754,404.70
71755,404.80
71756,404.85
71757,404.97
71758,404.87
71759,404.78
71760,404.63
71761,404.72
71762,404.74
71763,404.86
71764,404.81
71765,404.77
71766,404.73
71767,404.79
71768,404.65
71769,404.72
71770,404.66
71771,404.42
71772,404.44
71773,404.35
71774,404.71
71775,404.77
71776,404.72
71777,404.64
71778,404.62
71779,404.39
71780,404.43
71781,404.47
71782,404.61
71783,404.44
71784,404.19
71785,404.17
71786,404.14
71787,404.18
71788,404.15
71789,404.21
71790,404.07
71791,404.05
71792,404.09
71793,404.12
71794,404.11
71795,404.04
71796,404.02
71797,403.94
71798,403.99
71799,403.94
71800,404.06
71801,404.00
71802,403.83
71803,403.84
71804,403.88
71805,403.92
71806,404.03
71807,403.91
71808,403.90
71809,403.84
71810,403.94
71811,404.17
71812,404.39
71813,404.44
71814,404.45
71815,404.50
71816,404.57
71817,404.56
71818,404.58
71819,404.47
71820,404.54
71821,404.60
71822,404.53
71823,404.41
71824,404.42
71825,404.30
71826,404.32
71827,404.31
71828,404.29
71829,404.32
71830,404.38
71831,404.32
71832,404.20
71833,404.21
71834,404.40
71835,404.43
71836,404.43
71837,404.35
71838,404.27
71839,404.15
71840,404.32
71841,404.37
71842,404.49
71843,404.52
71844,404.42
71845,404.52
71846,404.42
71847,404.41
71848,404.51
71849,404.41
71850,404.49
71851,404.47
71852,404.40
71853,404.50
71854,404.65
71855,404.39
71856,404.35
71857,404.38
71858,404.53
71859,404.44
71860,404.50
71861,404.67
71862,404.72
71863,404.95
71864,404.77
71865,404.57
71866,404.49
71867,404.59
71868,404.59
71869,404.50
71870,404.69
71871,404.69
71872,404.65
71873,404.70
71874,404.57
71875,404.61
71876,404.53
71877,404.49
71878,404.65
71879,404.55
71880,404.48
71881,404.54
71882,404.65
71883,404.50
71884,404.59
71885,404.52
71886,404.58
71887,404.65
71888,404.56
71889,404.57
71890,404.61
71891,404.49
71892,404.48
71893,404.33
71894,404.28
71895,404.33
71896,404.33
71897,404.43
71898,404.38
71899,404.34
71900,404.29
71901,404.37
71902,404.35
71903,404.36
71904,404.24
71905,404.29
71906,404.28
71907,404.18
71908,404.12
71909,404.17
71910,404.23
71911,404.23
71912,404.34
71913,404.26
71914,404.22
71915,404.21
71916,404.18
71917,404.26
71918,404.20
71919,404.18
71920,404.23
71921,404.12
71922,404.15
71923,404.21
71924,404.16
71925,404.30
71926,404.20
71927,404.12
71928,404.22
71929,404.19
71930,404.15
71931,404.19
71932,404.11
71933,404.20
71934,404.20
71935,404.05
71936,404.07
71937,404.09
71938,404.07
71939,404.13
71940,404.12
71941,404.16
71942,404.05
71943,404.24
71944,404.23
71945,404.28
71946,404.12
71947,404.24
71948,404.12
71949,404.16
71950,404.29
71951,404.16
71952,404.20
71953,404.09
71954,404.06
71955,404.15
71956,404.12
71957,404.09
71958,404.05
71959,404.13
71960,404.02
71961,404.18
71962,404.15
71963,404.15
71964,404.12
71965,404.17
71966,404.22
71967,404.17
71968,404.18
71969,404.38
71970,404.54
71971,404.45
71972,404.32
71973,404.34
71974,404.38
71975,404.62
71976,404.53
71977,404.56
71978,404.58
71979,404.62
71980,404.66
71981,404.63
71982,404.72
71983,404.73
71984,404.72
71985,404.75
71986,404.66
71987,404.62
71988,404.70
71989,404.52
71990,404.63
71991,404.57
71992,404.71
71993,404.68
71994,404.83
71995,404.91
71996,404.84
71997,404.91
71998,404.83
71999,404.84
72000,404.87
72001,404.91
72002,404.93
72003,405.05
72004,405.08
72005,404.98
72006,405.10
72007,405.11
72008,405.18
72009,405.11
72010,405.10
72011,405.30
72012,405.29
72013,405.34
72014,405.31
72015,405.21
72016,405.18
72017,405.16
72018,405.14
72019,405.14
72020,405.11
72021,405.20
72022,405.12
72023,405.09
72024,404.99
72025,405.01
72026,404.91
72027,404.96
72028,404.96
72029,404.97
72030,404.96
72031,405.02
72032,404.92
72033,404.94
72034,404.93
72035,404.98
72036,405.01
72037,405.09
72038,405.05
72039,405.04
72040,405.12
72041,405.05
72042,405.04
72043,405.04
72044,405.17
72045,405.16
72046,405.13
72047,405.14
72048,405.18
72049,405.20
72050,405.14
72051,405.26
72052,405.23
72053,405.22
72054,405.12
72055,405.18
72056,405.19
72057,405.16
72058,405.31
72059,405.13
72060,405.24
72061,405.19
72062,405.10
72063,405.12
72064,405.25
72065,405.36
72066,405.20
72067,405.24
72068,405.23
72069,405.18
72070,405.28
72071,405.25
72072,405.26
72073,405.27
72074,405.23
72075,405.22
72076,405.30
72077,405.20
72078,405.21
72079,405.20
72080,405.23
72081,405.21
72082,405.23
72083,405.19
72084,405.27
72085,405.22
72086,405.37
72087,405.25
72088,405.27
72089,405.22
72090,405.30
72091,405.25
72092,405.23
72093,405.21
72094,405.16
72095,405.30
72096,405.39
72097,405.25
72098,405.34
72099,405.40
72100,405.31
72101,405.34
72102,405.23
72103,405.12
72104,405.23
72105,405.24
72106,405.06
72107,404.95
72108,404.68
72109,404.59
72110,404.65
72111,404.68
72112,404.48
72113,404.51
72114,404.41
72115,404.46
72116,404.53
72117,404.52
72118,404.61
72119,404.56
72120,404.57
72121,404.60
72122,404.61
72123,404.69
72124,404.61
72125,404.53
72126,404.65
72127,404.92
72128,405.28
72129,405.14
72130,405.26
72131,405.18
72132,405.25
72133,405.16
72134,405.34
72135,405.36
72136,405.35
72137,405.27
72138,405.30
72139,405.16
72140,405.23
72141,405.24
72142,405.23
72143,405.19
72144,405.27
72145,405.22
72146,405.20
72147,405.23
72148,405.24
72149,405.23
72150,405.19
72151,405.22
72152,405.19
72153,405.24
72154,405.22
72155,405.22
72156,405.28
72157,405.24
72158,405.39
72159,405.36
72160,405.36
72161,405.24
72162,405.32
72163,405.31
72164,405.28
72165,405.34
72166,405.24
72167,405.33
72168,405.29
72169,405.26
72170,405.32
72171,405.31
72172,405.24
72173,405.21
72174,405.35
72175,405.31
72176,405.25
72177,405.11
72178,405.20
72179,405.25
72180,405.22
72181,405.21
72182,405.12
72183,405.26
72184,405.33
72185,405.23
72186,405.21
72187,405.10
72188,404.88
72189,404.55
72190,404.50
72191,404.51
72192,404.50
72193,404.40
72194,404.52
72195,404.47
72196,404.48
72197,404.42
72198,404.54
72199,404.39
72200,404.32
72201,404.41
72202,404.42
72203,404.37
72204,404.40
72205,404.48
72206,404.32
72207,404.45
72208,404.55
72209,404.56
72210,404.54
72211,404.49
72212,404.49
72213,404.54
72214,404.53
72215,404.49
72216,404.49
72217,404.56
72218,404.63
72219,404.62
72220,404.61
72221,404.67
72222,404.74
72223,404.68
72224,404.75
72225,404.84
72226,404.89
72227,404.82
72228,404.74
72229,405.04
72230,404.94
72231,404.87
72232,404.98
72233,404.92
72234,404.96
72235,404.94
72236,404.98
72237,404.96
72238,405.09
72239,405.02
72240,404.97
72241,404.86
72242,405.02
72243,404.99
72244,405.03
72245,405.04
72246,405.09
72247,405.03
72248,404.99
72249,405.10
72250,405.00
72251,404.96
72252,404.97
72253,405.07
72254,404.75
72255,404.26
72256,404.35
72257,404.50
72258,404.33
72259,404.14
72260,404.09
72261,404.31
72262,404.85
72263,404.99
72264,404.70
72265,404.36
72266,404.39
72267,404.44
72268,404.15
72269,404.07
72270,404.31
72271,404.34
72272,404.47
72273,404.36
72274,404.34
72275,404.31
72276,404.28
72277,404.40
72278,404.40
72279,404.32
72280,404.34
72281,404.42
72282,404.34
72283,404.29
72284,404.32
72285,404.42
72286,404.38
72287,404.35
72288,404.49
72289,404.55
72290,404.47
72291,404.38
72292,404.48
72293,404.48
72294,404.37
72295,404.33
72296,404.44
72297,404.46
72298,404.48
72299,404.41
72300,404.49
72301,404.35
72302,404.49
72303,404.41
72304,404.44
72305,404.43
72306,404.43
72307,404.46
72308,404.45
72309,404.47
72310,404.39
72311,404.39
72312,404.43
72313,404.33
72314,404.36
72315,404.44
72316,404.46
72317,404.45
72318,404.39
72319,404.44
72320,404.44
72321,404.49
72322,404.64
72323,404.70
72324,404.69
72325,404.79
72326,404.77
72327,404.53
72328,404.70
72329,404.77
72330,404.74
72331,404.77
72332,404.62
72333,404.72
72334,404.78
72335,404.77
72336,404.76
72337,404.60
72338,404.54
72339,404.60
72340,404.57
72341,404.51
72342,404.50
72343,404.57
72344,404.44
72345,404.54
72346,404.51
72347,404.65
72348,404.74
72349,404.80
72350,404.83
72351,404.76
72352,404.72
72353,404.66
72354,404.53
72355,-9999.99
72356,-9999.99
72357,-9999.99
72358,-9999.99
72359,-9999.99
72360,-9999.99
72361,-9999.99
72362,-9999.99
72363,-9999.99
72364,-9999.99
72365,-9999.99
72366,-9999.99
72367,-9999.99
72368,-9999.99
72369,-9999.99
72370,-9999.99
72371,-9999.99
72372,-9999.99
72373,-9999.99
72374,-9999.99
72375,-9999.99
72376,-9999.99
72377,-9999.99
72378,-9999.99
72379,-9999.99
72380,-9999.99
72381,-9999.99
72382,-9999.99
72383,-9999.99
72384,-9999.99
72385,-9999.99
72386,-9999.99
72387,-9999.99
72388,-9999.99
72389,-9999.99
72390,-9999.99
72391,-9999.99
72392,-9999.99
72393,-9999.99
72394,-9999.99
72395,-9999.99
72396,-9999.99
72397,-9999.99
72398,-9999.99
72399,-9999.99
72400,-9999.99
72401,-9999.99
72402,-9999.99
72403,-9999.99
72404,-9999.99
72405,-9999.99
72406,-9999.99
72407,-9999.99
72408,-9999.99
72409,-9999.99
72410,-9999.99
72411,-9999.99
72412,-9999.99
72413,-9999.99
72414,-9999.99
72415,-9999.99
72416,-9999.99
72417,-9999.99
72418,-9999.99
72419,-9999.99
72420,-9999.99
72421,-9999.99
72422,-9999.99
72423,-9999.99
72424,-9999.99
72425,-9999.99
72426,-9999.99
72427,-9999.99
72428,-9999.99
72429,-9999.99
72430,-9999.99
72431,-9999.99
72432,-9999.99
72433,-9999.99
72434,-9999.99
72435,-9999.99
72436,-9999.99
72437,-9999.99
72438,-9999.99
72439,-9999.99
72440,-9999.99
72441,-9999.99
72442,-9999.99
72443,-9999.99
72444,-9999.99
72445,-9999.99
72446,-9999.99
72447,-9999.99
72448,-9999.99
72449,-9999.99
72450,-9999.99
72451,-9999.99
72452,-9999.99
72453,-9999.99
72454,-9999.99
72455,-9999.99
72456,-9999.99
72457,-9999.99
72458,-9999.99
72459,-9999.99
72460,-9999.99
72461,-9999.99
72462,-9999.99
72463,-9999.99
72464,-9999.99
72465,-9999.99
72466,-9999.99
72467,-9999.99
72468,-9999.99
72469,-9999.99
72470,-9999.99
72471,-9999.99
72472,-9999.99
72473,-9999.99
72474,-9999.99
72475,-9999.99
72476,-9999.99
72477,-9999.99
72478,-9999.99
72479,-9999.99
72480,-9999.99
72481,-9999.99
72482,-9999.99
72483,-9999.99
72484,-9999.99
72485,-9999.99
72486,-9999.99
72487,-9999.99
72488,-9999.99
72489,-9999.99
72490,-9999.99
72491,-9999.99
72492,-9999.99
72493,-9999.99
72494,-9999.99
72495,-9999.99
72496,-9999.99
72497,-9999.99
72498,-9999.99
72499,-9999.99
72500,-9999.99
72501,-9999.99
72502,-9999.99
72503,-9999.99
72504,-9999.99
72505,-9999.99
72506,-9999.99
72507,-9999.99
72508,-9999.99
72509,-9999.99
72510,-9999.99
72511,-9999.99
72512,-9999.99
72513,-9999.99
72514,-9999.99
72515,-9999.99
72516,-9999.99
72517,-9999.99
72518,-9999.99
72519,-9999.99
72520,-9999.99
72521,-9999.99
72522,-9999.99
72523,-9999.99
72524,-9999.99
72525,-9999.99
72526,-9999.99
72527,-9999.99
72528,-9999.99
72529,-9999.99
72530,-9999.99
72531,-9999.99
72532,-9999.99
72533,-9999.99
72534,-9999.99
72535,-9999.99
72536,-9999.99
72537,-9999.99
72538,-9999.99
72539,-9999.99
72540,-9999.99
72541,-9999.99
72542,-9999.99
72543,-9999.99
72544,-9999.99
72545,-9999.99
72546,-9999.99
72547,-9999.99
72548,-9999.99
72549,-9999.99
72550,-9999.99
72551,-9999.99
72552,-9999.99
72553,-9999.99
72554,405.40
72555,405.60
72556,405.50
72557,405.51
72558,405.47
72559,405.45
72560,405.42
72561,405.44
72562,405.46
72563,405.45
72564,405.32
72565,405.38
72566,405.33
72567,405.36
72568,405.41
72569,405.36
72570,405.31
72571,405.39
72572,405.43
72573,405.34
72574,405.36
72575,405.31
72576,405.38
72577,405.36
72578,405.37
72579,405.33
72580,405.34
72581,405.40
72582,405.41
72583,405.34
72584,405.43
72585,405.35
72586,405.41
72587,405.40
72588,405.42
72589,405.46
72590,405.48
72591,405.39
72592,405.42
72593,405.50
72594,405.58
72595,405.47
72596,405.45
72597,405.41
72598,405.53
72599,405.50
72600,405.56
72601,405.63
72602,405.58
72603,405.51
72604,405.55
72605,405.54
72606,405.50
72607,405.47
72608,405.58
72609,405.59
72610,405.45
72611,405.55
72612,405.49
72613,405.44
72614,405.51
72615,405.51
72616,405.58
72617,405.43
72618,405.52
72619,405.52
72620,405.50
72621,405.54
72622,405.51
72623,405.50
72624,405.48
72625,405.48
72626,405.47
72627,405.32
72628,405.45
72629,405.38
72630,405.39
72631,405.47
72632,405.41
72633,405.38
72634,405.50
72635,405.45
72636,405.44
72637,405.50
72638,405.46
72639,405.41
72640,405.51
72641,405.48
72642,405.61
72643,405.52
72644,405.61
72645,405.51
72646,405.55
72647,405.64
72648,405.55
72649,405.58
72650,405.41
72651,405.41
72652,405.35
72653,405.43
72654,405.38
72655,405.43
72656,405.42
72657,405.45
72658,405.42
72659,405.45
72660,405.37
72661,405.37
72662,405.36
72663,405.30
72664,405.22
72665,405.12
72666,404.90
72667,404.98
72668,405.12
72669,405.36
72670,405.42
72671,405.43
72672,405.42
72673,405.39
72674,405.24
72675,405.14
72676,405.09
72677,404.90
72678,404.83
72679,404.78
72680,404.63
72681,404.56
72682,404.64
72683,404.69
72684,404.69
72685,404.69
72686,404.89
72687,404.87
72688,404.81
72689,404.80
72690,404.71
72691,404.80
72692,404.71
72693,404.75
72694,404.74
72695,404.74
72696,404.72
72697,404.70
72698,404.68
72699,404.76
72700,404.68
72701,404.61
72702,404.66
72703,404.69
72704,404.74
72705,404.69
72706,404.59
72707,404.60
72708,404.62
72709,404.59
72710,404.63
72711,404.58
72712,404.61
72713,404.51
72714,404.65
72715,404.66
72716,404.62
72717,404.54
72718,404.71
72719,404.66
72720,404.68
72721,404.62
72722,-9999.99
72723,-9999.99
72724,-9999.99
72725,-9999.99
72726,404.82
72727,404.78
72728,404.74
72729,404.79
72730,404.67
72731,404.77
72732,404.83
72733,404.64
72734,404.71
72735,404.72
72736,404.82
72737,404.76
72738,404.79
72739,404.91
72740,405.01
72741,404.95
72742,405.00
72743,405.17
72744,405.32
72745,405.28
72746,405.24
72747,405.27
72748,405.17
72749,405.29
72750,405.19
72751,405.11
72752,405.04
72753,405.15
72754,405.24
72755,405.14
72756,405.15
72757,405.21
72758,405.12
72759,405.17
72760,405.18
72761,405.11
72762,405.07
72763,405.12
72764,405.09
72765,405.12
72766,405.07
72767,405.11
72768,405.06
72769,405.10
72770,405.17
72771,405.00
72772,404.99
72773,405.06
72774,405.08
72775,405.01
72776,404.98
72777,405.03
