NETCARE2015/data/raw/Flight2/CO2_POLAR6_20150407_R1_NETCARE.ict
34, 1001
Bozem, Heiko; Hoor, Peter
Institute for Atmospheric Physics, Johannes Gutenberg University, Mainz, Germany
CO2 mixing ratio from LI7200 CO2 analyzer
NETCARE Polar 6 Campaign 2015
1, 1
2015, 04, 07, 2015, 08, 12
1
Time_UTC, seconds
1
1
-9999.99
CO2_ppmv, ppmv
0
19
PI_CONTACT_INFO: Address: Johann-Joachim-Becherweg 21, 55128 Mainz, email: bozemh@uni-mainz.de; hoor@uni-mainz.de
PLATFORM: Polar 6
LOCATION: GPS location and altitude available at 1 Hz resolution in separate file (See AIMMS files under Aircraft data and meteorology)
ASSOCIATED_DATA: N/A
INSTRUMENT_INFO: CO2 measurements based on non-dispersive infrared absorption spectroscopy
DATA_INFO: Units are ppmv
UNCERTAINTY: UNCERTAINTY RELATIVE TO STANDARD: 1.71 ppmv at 1 sigma confidence (before drift correction is applied)
ULOD_FLAG: -7777
ULOD_VALUE: 3000
LLOD_FLAG: -8888
LLOD_VALUE: N/A 
DM_CONTACT_INFO: N/A
PROJECT_INFO: NETCARE Polar 6 aircraft campaign in April 2015; Alert
STIPULATIONS_ON_USE: N/A
OTHER_COMMENTS: N/A
REVISION: R1
R0: Preliminary data, corrected for instrument drift
R1: Final data, corrected for instrument drift
Time_UTC,CO2_ppmv
[from data line 9662]
69179,406.09
69180,406.05
69181,406.13
69182,406.14
69183,406.03
69184,406.19
69185,406.27
69186,406.12
69187,405.97
69188,406.10
69189,406.10
69190,406.12
69191,406.17
69192,406.28
69193,406.24
69194,406.19
69195,406.19
69196,406.29
69197,406.29
69198,406.22
69199,406.34
69200,406.27
69201,406.29
69202,406.14
69203,406.22
69204,406.35
69205,406.28
69206,406.27
69207,406.28
69208,406.21
69209,406.39
69210,406.24
69211,406.18
69212,406.31
69213,406.26
69214,406.31
69215,406.33
69216,406.23
69217,406.30
69218,406.34
69219,406.40
69220,406.40
69221,406.36
69222,406.26
69223,406.35
69224,406.44
69225,406.43
69226,406.35
69227,406.29
69228,406.36
69229,406.21
69230,406.37
69231,406.32
69232,406.34
69233,406.31
69234,406.24
69235,406.34
69236,406.36
69237,406.31
69238,406.34
69239,406.29
69240,406.34
69241,406.37
69242,406.46
69243,406.43
69244,406.48
69245,406.46
69246,406.40
69247,406.48
69248,406.45
69249,406.38
69250,406.38
69251,406.48
69252,406.41
69253,406.43
69254,406.46
69255,406.35
69256,406.45
69257,406.42
69258,406.50
69259,406.43
69260,406.40
69261,406.43
69262,406.45
69263,406.40
69264,406.39
69265,406.46
69266,406.38
69267,406.45
69268,406.45
69269,406.50
69270,406.48
69271,406.48
69272,406.41
69273,406.48
69274,406.50
69275,406.47
69276,406.50
69277,406.58
69278,406.47
69279,406.55
69280,406.50
69281,406.65
69282,406.61
69283,406.51
69284,406.52
69285,406.50
69286,406.51
69287,406.60
69288,406.55
69289,406.54
69290,406.56
69291,406.61
69292,406.60
69293,406.65
69294,406.67
69295,406.64
69296,406.58
69297,406.55
69298,406.51
69299,406.61
69300,406.52
69301,406.45
69302,406.54
69303,406.56
69304,406.59
69305,406.51
69306,406.59
69307,406.55
69308,406.54
69309,406.51
69310,406.53
69311,406.60
69312,406.65
69313,406.54
69314,406.63
69315,406.65
69316,406.62
69317,406.63
69318,406.55
69319,406.53
69320,406.56
69321,406.64
69322,406.56
69323,406.57
69324,406.64
69325,406.67
69326,406.68
69327,406.53
69328,406.61
69329,406.69
69330,406.63
69331,406.57
69332,406.65
69333,406.68
69334,406.60
69335,406.53
69336,406.56
69337,406.58
69338,406.70
69339,406.57
69340,406.68
69341,406.75
69342,406.54
69343,406.64
69344,406.69
69345,406.67
69346,406.68
69347,406.63
69348,406.74
69349,406.73
69350,406.73
69351,406.70
69352,406.76
69353,406.76
69354,406.80
69355,406.73
69356,406.80
69357,406.79
69358,406.72
69359,406.82
69360,406.93
69361,406.93
69362,406.81
69363,406.80
69364,406.77
69365,406.85
69366,406.79
69367,406.86
69368,406.73
69369,406.80
69370,406.80
69371,406.71
69372,406.74
69373,406.76
69374,406.70
69375,406.70
69376,406.73
69377,406.75
69378,406.71
69379,406.72
69380,406.70
69381,406.71
69382,406.71
69383,406.67
69384,406.66
69385,406.72
69386,406.72
69387,406.69
69388,406.74
69389,406.58
69390,406.66
69391,406.61
69392,406.70
69393,406.65
69394,406.64
69395,406.55
69396,406.59
69397,406.58
69398,406.65
69399,406.51
69400,406.53
69401,406.53
69402,406.54
69403,406.59
69404,406.61
69405,406.57
69406,406.50
69407,406.38
69408,406.56
69409,406.54
69410,406.59
69411,406.49
69412,406.45
69413,406.47
69414,406.62
69415,406.56
69416,406.44
69417,406.39
69418,406.32
69419,406.35
69420,406.27
69421,406.36
69422,406.37
69423,406.27
69424,406.21
69425,406.21
69426,406.26
69427,406.39
69428,406.34
69429,406.33
69430,406.31
69431,406.27
69432,406.29
69433,406.22
69434,406.29
69435,406.32
69436,406.28
69437,406.28
69438,406.35
69439,406.39
69440,406.33
69441,406.31
69442,406.38
69443,406.31
69444,406.24
69445,406.37
69446,406.41
69447,406.35
69448,406.39
69449,406.33
69450,406.34
69451,406.36
69452,406.44
69453,406.34
69454,406.27
69455,406.30
69456,406.51
69457,406.45
69458,406.39
69459,406.35
69460,406.38
69461,406.46
69462,406.39
69463,406.39
69464,406.42
69465,406.37
69466,406.43
69467,406.41
69468,406.28
69469,406.36
69470,406.37
69471,406.37
69472,406.37
69473,406.37
69474,406.32
69475,406.38
69476,406.35
69477,406.35
69478,406.33
69479,406.23
69480,406.23
69481,406.36
69482,406.38
69483,406.39
69484,406.36
69485,406.47
69486,406.29
69487,406.28
69488,406.33
69489,406.20
69490,406.20
69491,406.01
69492,406.13
69493,406.25
69494,406.14
69495,406.10
69496,406.14
69497,406.18
69498,405.99
69499,406.14
69500,406.24
69501,406.23
69502,406.11
69503,406.17
69504,406.13
69505,406.04
69506,406.11
69507,406.06
69508,406.12
69509,405.98
69510,406.11
69511,405.99
69512,405.97
69513,405.99
69514,405.75
69515,405.81
69516,405.94
69517,406.02
69518,406.05
69519,406.06
69520,406.05
69521,406.06
69522,406.05
69523,406.06
69524,406.19
69525,406.28
69526,406.24
69527,406.28
69528,406.13
69529,406.28
69530,406.13
69531,406.25
69532,406.15
69533,406.12
69534,406.14
69535,406.17
69536,405.98
69537,406.00
69538,406.04
69539,406.10
69540,406.11
69541,406.04
69542,405.91
69543,405.98
69544,406.08
69545,406.12
69546,405.95
69547,406.05
69548,405.99
69549,405.99
69550,406.01
69551,406.07
69552,406.01
69553,405.96
69554,405.90
69555,405.91
69556,405.88
69557,405.98
69558,405.89
69559,405.94
69560,405.93
69561,406.03
69562,406.07
69563,406.12
69564,405.97
69565,406.03
69566,405.87
69567,405.86
69568,406.00
69569,405.98
69570,405.88
69571,405.90
69572,405.94
69573,405.91
69574,405.91
69575,405.99
69576,405.86
69577,405.87
69578,405.93
69579,406.01
69580,406.05
69581,405.98
69582,405.88
69583,405.94
69584,405.90
69585,405.98
69586,405.91
69587,405.90
69588,406.02
69589,405.97
69590,405.94
69591,405.86
69592,405.93
69593,405.93
69594,405.94
69595,405.85
69596,405.86
69597,405.97
69598,405.99
69599,405.90
69600,405.88
69601,405.84
69602,405.82
69603,405.96
69604,406.02
69605,405.87
69606,405.85
69607,405.79
69608,405.87
69609,406.04
69610,405.99
69611,405.92
69612,405.90
69613,405.94
69614,405.86
69615,405.93
69616,405.81
69617,405.89
69618,405.88
69619,405.91
69620,405.80
69621,405.91
69622,405.95
69623,405.98
69624,405.86
69625,405.86
69626,405.95
69627,405.95
69628,405.92
69629,405.91
69630,405.90
69631,406.01
69632,405.93
69633,405.91
69634,405.90
69635,405.90
69636,405.93
69637,405.97
69638,405.86
69639,405.85
69640,405.95
69641,405.85
69642,405.93
69643,405.76
69644,405.85
69645,405.87
69646,405.86
69647,405.90
69648,405.89
69649,405.87
69650,405.87
69651,405.87
69652,405.90
69653,405.90
69654,405.89
69655,405.85
69656,405.86
69657,405.87
69658,405.74
69659,405.79
69660,405.84
69661,405.93
69662,405.93
69663,405.86
69664,405.79
69665,405.82
69666,405.86
69667,405.83
69668,405.87
69669,405.87
69670,405.89
69671,405.87
69672,405.91
69673,405.84
69674,405.75
69675,405.80
69676,405.86
69677,405.78
69678,405.71
69679,405.76
69680,405.81
69681,405.80
69682,405.79
69683,405.87
69684,405.72
69685,405.80
69686,405.83
69687,405.87
69688,405.86
69689,405.82
69690,405.69
69691,405.89
69692,405.91
69693,405.82
69694,405.73
69695,405.77
69696,405.72
69697,405.79
69698,405.90
69699,405.80
69700,405.78
69701,405.74
69702,405.81
69703,405.85
69704,405.78
69705,405.80
69706,405.76
69707,405.72
69708,405.75
69709,405.76
69710,405.79
69711,405.76
69712,405.80
69713,405.78
69714,405.75
69715,405.76
69716,405.80
69717,405.76
69718,405.61
69719,405.66
69720,405.84
69721,405.55
69722,405.81
69723,405.68
69724,405.71
69725,405.70
69726,405.57
69727,405.66
69728,405.74
69729,405.66
69730,405.63
69731,405.70
69732,405.82
69733,405.67
69734,405.58
69735,405.69
69736,405.62
69737,405.64
69738,405.66
69739,405.63
69740,405.69
69741,405.75
69742,405.67
69743,405.61
69744,405.67
69745,405.60
69746,405.58
69747,405.71
69748,405.58
69749,405.59
69750,405.59
69751,405.62
69752,405.55
69753,405.53
69754,405.55
69755,405.57
69756,405.50
69757,405.59
69758,405.53
69759,405.51
69760,405.57
69761,405.50
69762,405.64
69763,405.54
69764,405.55
69765,405.41
69766,405.62
69767,405.44
69768,405.66
69769,405.52
69770,405.60
69771,405.39
69772,405.53
69773,405.54
69774,405.60
69775,405.66
69776,405.52
69777,405.56
69778,405.57
69779,405.64
69780,405.62
69781,405.62
69782,405.58
69783,405.56
69784,405.51
69785,405.60
69786,405.59
69787,405.59
69788,405.49
69789,405.60
69790,405.56
69791,405.58
69792,405.58
69793,405.53
69794,405.58
69795,405.57
69796,405.59
69797,405.63
69798,405.65
69799,405.58
69800,405.57
69801,405.48
69802,405.59
69803,405.53
69804,405.57
69805,405.68
69806,405.53
69807,405.56
69808,405.57
69809,405.52
69810,405.47
69811,405.59
69812,405.50
69813,405.63
69814,405.62
69815,405.52
69816,405.59
69817,405.43
69818,405.67
69819,405.69
69820,405.49
69821,405.57
69822,405.42
69823,405.40
69824,405.26
69825,405.28
69826,405.28
69827,405.30
69828,405.30
69829,405.19
69830,405.18
69831,405.14
69832,405.34
69833,405.24
69834,405.17
69835,405.14
69836,405.25
69837,405.21
69838,405.24
69839,405.25
69840,405.16
69841,405.11
69842,405.30
69843,405.17
69844,405.15
69845,405.13
69846,405.13
69847,405.14
69848,405.15
69849,405.15
69850,405.13
69851,404.95
69852,405.14
69853,405.02
69854,405.22
69855,405.12
69856,405.20
69857,405.26
69858,405.24
69859,405.22
69860,405.13
69861,405.22
69862,405.17
69863,405.14
69864,405.10
69865,405.10
69866,405.21
69867,405.21
69868,405.19
69869,405.10
69870,405.04
69871,405.18
69872,405.32
69873,405.08
69874,405.24
69875,405.12
69876,405.22
69877,405.26
69878,405.24
69879,405.17
69880,405.15
69881,405.25
69882,405.23
69883,405.32
69884,405.15
69885,405.16
69886,405.18
69887,405.16
69888,405.25
69889,405.14
69890,405.09
69891,405.11
69892,405.07
69893,405.01
69894,405.21
69895,405.16
69896,405.13
69897,405.13
69898,405.11
69899,405.17
69900,405.14
69901,405.24
69902,405.24
69903,405.16
69904,405.12
69905,405.19
69906,405.27
69907,405.19
69908,405.29
69909,405.29
69910,405.27
69911,405.09
69912,405.14
69913,405.10
69914,405.27
69915,405.27
69916,405.29
69917,405.27
69918,405.10
69919,405.11
69920,405.30
69921,405.33
69922,405.34
69923,405.25
69924,405.12
69925,405.23
69926,405.28
69927,405.24
69928,405.19
69929,405.20
69930,405.22
69931,405.32
69932,405.28
69933,405.28
69934,405.23
69935,405.19
69936,405.18
69937,405.34
69938,405.35
69939,405.33
69940,405.22
69941,405.29
69942,405.29
69943,405.32
69944,405.31
69945,405.27
69946,405.26
69947,405.36
69948,405.27
69949,405.17
69950,405.25
69951,405.47
69952,405.46
69953,405.39
69954,405.24
69955,405.31
69956,405.29
69957,405.47
69958,405.34
69959,405.42
69960,405.34
69961,405.31
69962,405.39
69963,405.32
69964,405.45
69965,405.34
69966,405.36
69967,405.40
69968,405.37
69969,405.41
69970,405.37
69971,405.36
69972,405.30
69973,405.50
69974,405.54
69975,405.41
69976,405.26
69977,405.34
69978,405.50
69979,405.41
69980,405.45
69981,405.48
69982,405.40
69983,405.29
69984,405.45
69985,405.44
69986,405.44
69987,405.49
69988,405.42
69989,405.42
69990,405.36
69991,405.58
69992,405.36
69993,405.42
69994,405.46
69995,405.41
69996,405.53
69997,405.44
69998,405.51
69999,405.44
70000,405.49
70001,-9999.99
70002,-9999.99
70003,-9999.99
70004,-9999.99
70005,-9999.99
70006,-9999.99
70007,-9999.99
70008,-9999.99
70009,-9999.99
70010,-9999.99
70011,-9999.99
70012,-9999.99
70013,-9999.99
70014,-9999.99
70015,-9999.99
70016,-9999.99
70017,-9999.99
70018,-9999.99
70019,-9999.99
70020,-9999.99
70021,-9999.99
70022,-9999.99
70023,-9999.99
70024,-9999.99
70025,-9999.99
70026,-9999.99
70027,-9999.99
70028,-9999.99
70029,-9999.99
70030,-9999.99
70031,-9999.99
70032,-9999.99
70033,-9999.99
70034,-9999.99
70035,-9999.99
70036,-9999.99
70037,-9999.99
70038,-9999.99
70039,-9999.99
70040,-9999.99
70041,-9999.99
70042,-9999.99
70043,-9999.99
70044,-9999.99
70045,-9999.99
70046,-9999.99
70047,-9999.99
70048,-9999.99
70049,-9999.99
70050,-9999.99
70051,-9999.99
70052,-9999.99
70053,-9999.99
70054,-9999.99
70055,-9999.99
70056,-9999.99
70057,-9999.99
70058,-9999.99
70059,-9999.99
70060,-9999.99
70061,-9999.99
70062,-9999.99
70063,-9999.99
70064,-9999.99
70065,-9999.99
70066,-9999.99
70067,-9999.99
70068,-9999.99
70069,-9999.99
70070,-9999.99
70071,-9999.99
70072,-9999.99
70073,-9999.99
70074,-9999.99
70075,-9999.99
70076,-9999.99
70077,-9999.99
70078,-9999.99
70079,-9999.99
70080,-9999.99
70081,-9999.99
70082,-9999.99
70083,-9999.99
70084,-9999.99
70085,-9999.99
70086,-9999.99
70087,-9999.99
70088,-9999.99
70089,-9999.99
70090,-9999.99
70091,-9999.99
70092,-9999.99
70093,-9999.99
70094,-9999.99
70095,-9999.99
70096,-9999.99
70097,-9999.99
70098,-9999.99
70099,-9999.99
70100,-9999.99
70101,-9999.99
70102,-9999.99
70103,-9999.99
70104,-9999.99
70105,-9999.99
70106,-9999.99
70107,-9999.99
70108,-9999.99
70109,-9999.99
70110,-9999.99
70111,-9999.99
70112,-9999.99
70113,-9999.99
70114,-9999.99
70115,-9999.99
70116,-9999.99
70117,-9999.99
70118,-9999.99
70119,-9999.99
70120,-9999.99
70121,-9999.99
70122,-9999.99
70123,-9999.99
70124,-9999.99
70125,-9999.99
70126,-9999.99
70127,-9999.99
70128,-9999.99
70129,-9999.99
70130,-9999.99
70131,-9999.99
70132,-9999.99
70133,-9999.99
70134,-9999.99
70135,-9999.99
70136,-9999.99
70137,-9999.99
70138,-9999.99
70139,-9999.99
70140,-9999.99
70141,-9999.99
70142,-9999.99
70143,-9999.99
70144,-9999.99
70145,-9999.99
70146,-9999.99
70147,-9999.99
70148,-9999.99
70149,-9999.99
70150,-9999.99
70151,-9999.99
70152,-9999.99
70153,-9999.99
70154,-9999.99
70155,-9999.99
70156,-9999.99
70157,-9999.99
70158,-9999.99
70159,-9999.99
70160,-9999.99
70161,-9999.99
70162,-9999.99
70163,-9999.99
70164,-9999.99
70165,-9999.99
70166,-9999.99
70167,-9999.99
70168,-9999.99
70169,-9999.99
70170,-9999.99
70171,-9999.99
70172,-9999.99
70173,-9999.99
70174,-9999.99
70175,-9999.99
70176,-9999.99
70177,-9999.99
70178,-9999.99
70179,-9999.99
70180,-9999.99
70181,-9999.99
70182,-9999.99
70183,-9999.99
70184,-9999.99
70185,-9999.99
70186,-9999.99
70187,-9999.99
70188,-9999.99
70189,-9999.99
70190,-9999.99
70191,-9999.99
70192,-9999.99
70193,-9999.99
70194,-9999.99
70195,-9999.99
70196,-9999.99
70197,-9999.99
70198,-9999.99
70199,-9999.99
70200,406.01
70201,406.00
70202,405.92
70203,405.86
70204,406.02
70205,405.92
70206,405.97
70207,405.98
70208,406.05
70209,405.95
70210,405.95
70211,405.98
70212,405.97
70213,405.96
70214,405.93
70215,405.99
70216,405.94
70217,406.07
70218,405.97
70219,405.98
70220,405.86
70221,406.01
70222,405.96
70223,405.91
70224,405.93
70225,406.01
70226,406.02
70227,406.00
70228,405.96
70229,405.98
70230,406.02
70231,405.99
70232,405.99
70233,405.99
70234,405.88
70235,405.92
70236,405.97
70237,405.93
70238,405.87
70239,405.92
70240,405.89
70241,405.85
70242,405.97
70243,405.92
70244,405.81
70245,405.87
70246,405.87
70247,405.89
70248,405.85
70249,405.83
70250,405.87
70251,405.77
70252,405.77
70253,405.76
70254,405.71
70255,405.74
70256,405.74
70257,405.73
70258,405.65
70259,405.65
70260,405.74
70261,405.64
70262,405.56
70263,405.73
70264,405.72
70265,405.66
70266,405.70
70267,405.62
70268,405.69
70269,405.70
70270,405.64
70271,405.60
70272,405.56
70273,405.57
70274,405.64
70275,405.67
70276,405.68
70277,405.61
70278,405.53
70279,405.63
70280,405.65
70281,405.57
70282,405.62
70283,405.62
70284,405.53
70285,405.63
70286,405.60
70287,405.55
70288,405.44
70289,405.48
70290,405.44
70291,405.42
70292,405.33
70293,405.38
70294,405.35
70295,405.32
70296,405.19
70297,405.06
70298,405.08
70299,405.11
70300,404.94
70301,405.06
70302,404.96
70303,405.01
70304,405.02
70305,405.14
70306,404.99
70307,405.06
70308,405.10
70309,404.98
70310,404.93
70311,405.04
70312,404.97
70313,404.96
70314,405.00
70315,404.93
70316,404.78
70317,404.77
70318,404.83
70319,404.83
70320,404.91
70321,404.88
70322,404.78
70323,404.72
70324,404.71
70325,404.73
70326,404.78
70327,404.75
70328,404.63
70329,404.72
70330,404.79
70331,404.74
70332,404.60
70333,404.47
70334,404.55
70335,404.39
70336,404.33
70337,404.36
70338,404.37
70339,404.28
70340,404.36
70341,404.33
70342,404.25
70343,404.31
70344,404.32
70345,404.38
70346,404.29
70347,404.26
70348,404.27
70349,404.37
70350,404.24
70351,404.30
70352,404.12
70353,404.25
70354,404.27
70355,404.31
70356,404.11
70357,404.14
70358,404.06
70359,404.17
70360,404.26
70361,404.27
70362,404.24
70363,404.25
70364,404.13
70365,404.13
70366,404.27
70367,404.21
70368,404.18
70369,404.10
70370,404.11
70371,404.22
70372,404.15
70373,404.29
70374,404.22
70375,404.25
70376,404.26
70377,404.28
