NETCARE2015/data/raw/Flight2/CO2_POLAR6_20150407_R1_NETCARE.ict
34, 1001
Bozem, Heiko; Hoor, Peter
Institute for Atmospheric Physics, Johannes Gutenberg University, Mainz, Germany
CO2 mixing ratio from LI7200 CO2 analyzer
NETCARE Polar 6 Campaign 2015
1, 1
2015, 04, 07, 2015, 08, 12
1
Time_UTC, seconds
1
1
-9999.99
CO2_ppmv, ppmv
0
19
PI_CONTACT_INFO: Address: Johann-Joachim-Becherweg 21, 55128 Mainz, email: bozemh@uni-mainz.de; hoor@uni-mainz.de
PLATFORM: Polar 6
LOCATION: GPS location and altitude available at 1 Hz resolution in separate file (See AIMMS files under Aircraft data and meteorology)
ASSOCIATED_DATA: N/A
INSTRUMENT_INFO: CO2 measurements based on non-dispersive infrared absorption spectroscopy
DATA_INFO: Units are ppmv
UNCERTAINTY: UNCERTAINTY RELATIVE TO STANDARD: 1.71 ppmv at 1 sigma confidence (before drift correction is applied)
ULOD_FLAG: -7777
ULOD_VALUE: 3000
LLOD_FLAG: -8888
LLOD_VALUE: N/A 
DM_CONTACT_INFO: N/A
PROJECT_INFO: NETCARE Polar 6 aircraft campaign in April 2015; Alert
STIPULATIONS_ON_USE: N/A
OTHER_COMMENTS: N/A
REVISION: R1
R0: Preliminary data, corrected for instrument drift
R1: Final data, corrected for instrument drift
Time_UTC,CO2_ppmv
[from data line 10862]
70379,404.24
70380,404.16
70381,404.30
70382,404.32
70383,404.43
70384,404.28
70385,404.43
70386,404.38
70387,404.42
70388,404.36
70389,404.40
70390,404.39
70391,404.36
70392,404.39
70393,404.29
70394,404.28
70395,404.51
70396,404.40
70397,404.40
70398,404.41
70399,404.35
70400,404.47
70401,404.53
70402,404.46
70403,404.40
70404,404.33
70405,404.38
70406,404.57
70407,404.45
70408,404.52
70409,404.45
70410,404.40
70411,404.42
70412,404.51
70413,404.48
70414,404.51
70415,404.35
70416,404.42
70417,404.35
70418,404.41
70419,404.39
70420,404.34
70421,404.45
70422,404.32
70423,404.38
70424,404.39
70425,404.40
70426,404.44
70427,404.42
70428,404.26
70429,404.43
70430,404.34
70431,404.40
70432,404.34
70433,404.32
70434,404.34
70435,404.39
70436,404.37
70437,404.53
70438,404.44
70439,404.41
70440,404.36
70441,404.30
70442,404.44
70443,404.38
70444,404.34
70445,404.40
70446,404.34
70447,404.43
70448,404.40
70449,404.32
70450,404.36
70451,404.33
70452,404.33
70453,404.38
70454,404.31
70455,404.37
70456,404.27
70457,404.41
70458,404.40
70459,404.39
70460,404.27
70461,404.38
70462,404.37
70463,404.27
70464,404.37
70465,404.37
70466,404.24
70467,404.23
70468,404.22
70469,404.28
70470,404.24
70471,404.21
70472,404.20
70473,404.19
70474,404.25
70475,404.22
70476,404.08
70477,404.14
70478,404.06
70479,404.17
70480,404.02
70481,404.12
70482,404.23
70483,404.19
70484,404.13
70485,404.16
70486,404.17
70487,404.18
70488,404.22
70489,404.21
70490,404.20
70491,404.12
70492,404.22
70493,404.16
70494,404.19
70495,404.20
70496,404.17
70497,404.06
70498,404.20
70499,404.32
70500,404.28
70501,404.15
70502,404.24
70503,404.25
70504,404.27
70505,404.15
70506,404.35
70507,404.28
70508,404.24
70509,404.20
70510,404.23
70511,404.20
70512,404.26
70513,404.24
70514,404.27
70515,404.16
70516,404.18
70517,404.24
70518,404.15
70519,404.09
70520,404.15
70521,404.08
70522,404.14
70523,404.14
70524,404.06
70525,404.03
70526,404.12
70527,403.92
70528,403.88
70529,403.86
70530,403.98
70531,403.88
70532,403.94
70533,403.81
70534,403.79
70535,403.75
70536,403.82
70537,403.66
70538,403.62
70539,403.57
70540,403.50
70541,403.49
70542,403.32
70543,403.24
70544,403.23
70545,403.30
70546,403.17
70547,403.22
70548,403.24
70549,403.19
70550,403.07
70551,403.21
70552,403.06
70553,403.12
70554,403.27
70555,403.21
70556,403.16
70557,403.19
70558,403.27
70559,403.41
70560,403.31
70561,403.43
70562,403.36
70563,403.35
70564,403.40
70565,403.43
70566,403.45
70567,403.21
70568,403.17
70569,403.15
70570,403.25
70571,403.19
70572,403.28
70573,403.16
70574,403.23
70575,403.23
70576,403.20
70577,403.23
70578,403.09
70579,403.11
70580,403.13
70581,403.24
70582,403.20
70583,403.19
70584,403.20
70585,403.23
70586,403.23
70587,403.10
70588,403.26
70589,403.20
70590,403.03
70591,403.23
70592,403.28
70593,403.22
70594,403.26
70595,403.41
70596,403.55
70597,403.72
70598,403.79
70599,403.76
70600,403.76
70601,403.72
70602,403.74
70603,403.82
70604,403.58
70605,403.69
70606,403.69
70607,403.74
70608,403.64
70609,403.45
70610,403.48
70611,403.64
70612,403.70
70613,403.85
70614,403.79
70615,403.68
70616,403.51
70617,403.30
70618,403.35
70619,403.46
70620,403.61
70621,403.37
70622,403.31
70623,403.38
70624,403.68
70625,403.38
70626,403.43
70627,403.34
70628,403.41
70629,403.42
70630,403.45
70631,403.31
70632,403.23
70633,403.29
70634,403.25
70635,403.19
70636,403.29
70637,403.27
70638,403.20
70639,403.25
70640,403.30
70641,403.34
70642,403.24
70643,403.34
70644,403.34
70645,403.40
70646,403.62
70647,403.75
70648,403.63
70649,403.94
70650,404.21
70651,404.24
70652,404.21
70653,404.24
70654,404.21
70655,404.42
70656,404.27
70657,404.29
70658,404.26
70659,404.42
70660,404.25
70661,404.34
70662,404.15
70663,403.94
70664,403.57
70665,403.45
70666,403.41
70667,403.37
70668,403.36
70669,403.41
70670,403.39
70671,403.39
70672,403.34
70673,403.25
70674,403.31
70675,403.28
70676,403.43
70677,403.37
70678,403.53
70679,403.52
70680,403.92
70681,404.19
70682,404.14
70683,404.09
70684,404.24
70685,404.13
70686,403.96
70687,404.00
70688,404.12
70689,404.05
70690,404.01
70691,404.02
70692,404.18
70693,404.21
70694,404.23
70695,404.21
70696,404.25
70697,404.38
70698,404.38
70699,404.34
70700,404.33
70701,404.24
70702,404.29
70703,404.40
70704,404.33
70705,404.37
70706,404.31
70707,404.26
70708,404.50
70709,404.40
70710,404.35
70711,404.36
70712,404.31
70713,404.34
70714,404.28
70715,404.28
70716,404.29
70717,404.36
70718,404.34
70719,404.29
70720,404.36
70721,404.28
70722,404.36
70723,404.30
70724,404.31
70725,404.29
70726,404.14
70727,404.33
70728,404.30
70729,404.19
70730,404.24
70731,404.23
70732,404.24
70733,404.42
70734,404.45
70735,404.39
70736,404.39
70737,404.36
70738,404.44
70739,404.44
70740,404.39
70741,404.48
70742,404.52
70743,404.43
70744,404.41
70745,404.51
70746,404.42
70747,404.51
70748,404.55
70749,404.47
70750,404.41
70751,404.48
70752,404.43
70753,404.50
70754,404.38
70755,404.44
70756,404.60
70757,404.44
70758,404.42
70759,404.56
70760,404.51
70761,404.49
70762,404.65
70763,404.44
70764,404.48
70765,404.47
70766,404.47
70767,404.44
70768,404.52
70769,404.52
70770,404.45
70771,404.57
70772,404.49
70773,404.53
70774,404.48
70775,404.47
70776,404.47
70777,404.52
70778,404.46
70779,404.49
70780,404.49
70781,404.44
70782,404.54
70783,404.39
70784,404.37
70785,404.47
70786,404.45
70787,404.42
70788,404.41
70789,404.39
70790,404.34
70791,404.38
70792,404.46
70793,404.48
70794,404.41
70795,404.30
70796,404.32
70797,404.30
70798,404.21
70799,404.28
70800,404.38
70801,404.42
70802,404.32
70803,404.32
70804,404.43
70805,404.43
70806,404.43
70807,404.52
70808,404.49
70809,404.45
70810,404.54
70811,404.46
70812,404.54
70813,404.52
70814,404.61
70815,404.59
70816,404.50
70817,404.58
70818,404.64
70819,404.58
70820,404.66
70821,404.57
70822,404.59
70823,404.63
70824,404.73
70825,404.67
70826,404.64
70827,404.57
70828,404.55
70829,404.49
70830,404.65
70831,404.74
70832,404.70
70833,404.70
70834,404.68
70835,404.66
70836,404.72
70837,404.78
70838,404.57
70839,404.65
70840,404.62
70841,404.60
70842,404.60
70843,404.69
70844,404.52
70845,404.63
70846,404.65
70847,404.64
70848,404.66
70849,404.61
70850,404.67
70851,404.69
70852,404.67
70853,404.72
70854,404.62
70855,404.76
70856,404.67
70857,404.70
70858,404.75
70859,404.78
70860,404.71
70861,404.61
70862,404.73
70863,404.61
70864,404.71
70865,404.62
70866,404.71
70867,404.77
70868,404.72
70869,404.66
70870,404.76
70871,404.75
70872,404.71
70873,404.78
70874,404.79
70875,404.81
70876,404.71
70877,404.65
70878,404.75
70879,404.86
70880,404.82
70881,404.68
70882,404.65
70883,404.72
70884,404.73
70885,404.71
70886,404.71
70887,404.68
70888,404.71
70889,404.69
70890,404.76
70891,404.65
70892,404.69
70893,404.84
70894,404.82
70895,404.77
70896,404.75
70897,404.77
70898,404.76
70899,404.71
70900,404.71
70901,404.70
70902,404.73
70903,404.73
70904,404.79
70905,404.76
70906,404.78
70907,404.67
70908,404.63
70909,404.73
70910,404.83
70911,404.92
70912,404.93
70913,404.73
70914,404.80
70915,404.86
70916,404.84
70917,404.83
70918,404.72
70919,404.76
70920,404.80
70921,404.82
70922,404.65
70923,404.77
70924,404.84
70925,404.77
70926,404.87
70927,404.83
70928,404.84
70929,404.75
70930,404.85
70931,404.75
70932,404.80
70933,404.70
70934,404.66
70935,404.85
70936,404.98
70937,404.87
70938,404.82
70939,404.84
70940,404.73
70941,404.97
70942,404.86
70943,404.89
70944,404.98
70945,404.92
70946,404.87
70947,404.89
70948,404.87
70949,404.89
70950,404.99
70951,404.99
70952,404.90
70953,404.97
70954,404.95
70955,405.05
70956,404.98
70957,404.97
70958,404.92
70959,404.92
70960,405.00
70961,405.00
70962,404.90
70963,404.79
70964,404.86
70965,404.95
70966,405.08
70967,405.01
70968,404.90
70969,404.84
70970,405.00
70971,404.86
70972,404.96
70973,404.99
70974,404.93
70975,404.88
70976,404.96
70977,404.95
70978,404.94
70979,405.07
70980,405.01
70981,405.08
70982,405.00
70983,405.03
70984,405.08
70985,405.05
70986,405.12
70987,405.12
70988,405.08
70989,405.13
70990,405.11
70991,405.15
70992,405.07
70993,405.01
70994,405.05
70995,405.14
70996,405.11
70997,405.14
70998,405.06
70999,405.06
71000,405.20
71001,405.17
71002,405.13
71003,405.17
71004,405.25
71005,405.29
71006,405.21
71007,405.23
71008,405.30
71009,405.34
71010,405.33
71011,405.31
71012,405.18
71013,405.33
71014,405.39
71015,405.45
71016,405.32
71017,405.36
71018,405.31
71019,405.28
71020,405.34
71021,405.34
71022,405.33
71023,405.25
71024,405.30
71025,405.43
71026,405.29
71027,405.22
71028,405.36
71029,405.23
71030,405.37
71031,405.28
71032,405.33
71033,405.31
71034,405.44
71035,405.34
71036,405.33
71037,405.39
71038,405.30
71039,405.26
71040,405.24
71041,405.15
71042,405.25
71043,405.23
71044,405.29
71045,405.31
71046,405.27
71047,405.18
71048,405.27
71049,405.26
71050,405.28
71051,405.25
71052,405.28
71053,405.19
71054,405.27
71055,405.27
71056,405.19
71057,405.16
71058,405.21
71059,405.21
71060,405.11
71061,405.10
71062,405.20
71063,405.13
71064,405.08
71065,405.14
71066,405.08
71067,405.09
71068,405.19
71069,405.11
71070,405.17
71071,405.12
71072,405.24
71073,405.15
71074,405.15
71075,405.13
71076,405.19
71077,405.14
71078,405.16
71079,405.22
71080,405.18
71081,405.25
71082,405.20
71083,405.22
71084,405.11
71085,405.21
71086,405.19
71087,405.14
71088,405.24
71089,405.12
71090,405.11
71091,405.29
71092,405.28
71093,405.24
71094,405.17
71095,405.25
71096,405.20
71097,405.26
71098,405.18
71099,405.18
71100,405.18
71101,405.24
71102,405.14
71103,405.12
71104,405.16
71105,405.17
71106,405.17
71107,405.33
71108,405.26
71109,405.31
71110,405.18
71111,405.12
71112,405.27
71113,405.25
71114,405.20
71115,405.18
71116,405.11
71117,405.19
71118,405.23
71119,405.27
71120,405.23
71121,405.17
71122,405.25
71123,405.25
71124,405.19
71125,405.14
71126,405.06
71127,405.15
71128,405.24
71129,405.14
71130,405.21
71131,405.11
71132,405.10
71133,405.16
71134,405.09
71135,405.08
71136,405.19
71137,405.17
71138,405.23
71139,405.07
71140,405.14
71141,405.21
71142,405.14
71143,405.23
71144,405.16
71145,405.20
71146,405.17
71147,405.19
71148,405.11
71149,405.21
71150,405.30
71151,405.14
71152,405.17
71153,405.21
71154,405.15
71155,405.16
71156,405.16
71157,405.17
71158,405.14
71159,405.19
71160,405.21
71161,405.21
71162,405.30
71163,405.24
71164,405.19
71165,405.17
71166,405.25
71167,405.23
71168,405.22
71169,405.14
71170,405.22
71171,-9999.99
71172,-9999.99
71173,-9999.99
71174,-9999.99
71175,-9999.99
71176,-9999.99
71177,-9999.99
71178,-9999.99
71179,-9999.99
71180,-9999.99
71181,-9999.99
71182,-9999.99
71183,-9999.99
71184,-9999.99
71185,-9999.99
71186,-9999.99
71187,-9999.99
71188,-9999.99
71189,-9999.99
71190,-9999.99
71191,-9999.99
71192,-9999.99
71193,-9999.99
71194,-9999.99
71195,-9999.99
71196,-9999.99
71197,-9999.99
71198,-9999.99
71199,-9999.99
71200,-9999.99
71201,-9999.99
71202,-9999.99
71203,-9999.99
71204,-9999.99
71205,-9999.99
71206,-9999.99
71207,-9999.99
71208,-9999.99
71209,-9999.99
71210,-9999.99
71211,-9999.99
71212,-9999.99
71213,-9999.99
71214,-9999.99
71215,-9999.99
71216,-9999.99
71217,-9999.99
71218,-9999.99
71219,-9999.99
71220,-9999.99
71221,-9999.99
71222,-9999.99
71223,-9999.99
71224,-9999.99
71225,-9999.99
71226,-9999.99
71227,-9999.99
71228,-9999.99
71229,-9999.99
71230,-9999.99
71231,-9999.99
71232,-9999.99
71233,-9999.99
71234,-9999.99
71235,-9999.99
71236,-9999.99
71237,-9999.99
71238,-9999.99
71239,-9999.99
71240,-9999.99
71241,-9999.99
71242,-9999.99
71243,-9999.99
71244,-9999.99
71245,-9999.99
71246,-9999.99
71247,-9999.99
71248,-9999.99
71249,-9999.99
71250,-9999.99
71251,-9999.99
71252,-9999.99
71253,-9999.99
71254,-9999.99
71255,-9999.99
71256,-9999.99
71257,-9999.99
71258,-9999.99
71259,-9999.99
71260,-9999.99
71261,-9999.99
71262,-9999.99
71263,-9999.99
71264,-9999.99
71265,-9999.99
71266,-9999.99
71267,-9999.99
71268,-9999.99
71269,-9999.99
71270,-9999.99
71271,-9999.99
71272,-9999.99
71273,-9999.99
71274,-9999.99
71275,-9999.99
71276,-9999.99
71277,-9999.99
71278,-9999.99
71279,-9999.99
71280,-9999.99
71281,-9999.99
71282,-9999.99
71283,-9999.99
71284,-9999.99
71285,-9999.99
71286,-9999.99
71287,-9999.99
71288,-9999.99
71289,-9999.99
71290,-9999.99
71291,-9999.99
71292,-9999.99
71293,-9999.99
71294,-9999.99
71295,-9999.99
71296,-9999.99
71297,-9999.99
71298,-9999.99
71299,-9999.99
71300,-9999.99
71301,-9999.99
71302,-9999.99
71303,-9999.99
71304,-9999.99
71305,-9999.99
71306,-9999.99
71307,-9999.99
71308,-9999.99
71309,-9999.99
71310,-9999.99
71311,-9999.99
71312,-9999.99
71313,-9999.99
71314,-9999.99
71315,-9999.99
71316,-9999.99
71317,-9999.99
71318,-9999.99
71319,-9999.99
71320,-9999.99
71321,-9999.99
71322,-9999.99
71323,-9999.99
71324,-9999.99
71325,-9999.99
71326,-9999.99
71327,-9999.99
71328,-9999.99
71329,-9999.99
71330,-9999.99
71331,-9999.99
71332,-9999.99
71333,-9999.99
71334,-9999.99
71335,-9999.99
71336,-9999.99
71337,-9999.99
71338,-9999.99
71339,-9999.99
71340,-9999.99
71341,-9999.99
71342,-9999.99
71343,-9999.99
71344,-9999.99
71345,-9999.99
71346,-9999.99
71347,-9999.99
71348,-9999.99
71349,-9999.99
71350,-9999.99
71351,-9999.99
71352,-9999.99
71353,-9999.99
71354,-9999.99
71355,-9999.99
71356,-9999.99
71357,-9999.99
71358,-9999.99
71359,-9999.99
71360,-9999.99
71361,-9999.99
71362,-9999.99
71363,-9999.99
71364,-9999.99
71365,-9999.99
71366,-9999.99
71367,-9999.99
71368,-9999.99
71369,-9999.99
71370,405.62
71371,405.61
71372,405.52
71373,405.53
71374,405.56
71375,405.52
71376,405.58
71377,405.46
71378,405.46
71379,405.52
71380,405.47
71381,405.51
71382,405.49
71383,405.54
71384,405.47
71385,405.39
71386,405.41
71387,405.44
71388,405.47
71389,405.39
71390,405.47
71391,405.41
71392,405.40
71393,405.36
71394,405.33
71395,405.50
71396,405.47
71397,405.44
71398,405.43
71399,405.33
71400,405.46
71401,405.49
71402,405.42
71403,405.48
71404,405.38
71405,405.41
71406,405.48
71407,405.46
71408,405.47
71409,405.40
71410,405.42
71411,405.45
71412,405.47
71413,405.39
71414,405.44
71415,405.51
71416,405.49
71417,405.50
71418,405.54
71419,405.46
71420,405.43
71421,405.43
71422,405.40
71423,405.34
71424,405.48
71425,405.41
71426,405.45
71427,405.41
71428,405.39
71429,405.47
71430,405.53
71431,405.55
71432,405.54
71433,405.61
71434,405.51
71435,405.71
71436,405.83
71437,405.73
71438,405.77
71439,405.83
71440,405.85
71441,405.79
71442,405.77
71443,405.72
71444,405.66
71445,405.83
71446,405.61
71447,405.68
71448,405.66
71449,405.58
71450,405.68
71451,405.71
71452,405.36
71453,405.46
71454,405.33
71455,405.33
71456,405.24
71457,405.19
71458,405.18
71459,405.14
71460,405.13
71461,405.13
71462,405.10
71463,405.14
71464,405.14
71465,405.11
71466,405.11
71467,405.19
71468,405.22
71469,405.11
71470,405.16
71471,405.09
71472,405.13
71473,405.14
71474,405.26
71475,405.30
71476,405.34
71477,405.50
71478,405.52
71479,405.59
71480,405.60
71481,405.58
71482,405.48
71483,405.61
71484,405.63
71485,405.62
71486,405.54
71487,405.60
71488,405.62
71489,405.56
71490,405.59
71491,405.59
71492,405.47
71493,405.51
71494,405.30
71495,405.41
71496,405.40
71497,405.41
71498,405.44
71499,405.44
71500,405.55
71501,405.61
71502,405.44
71503,405.41
71504,405.49
71505,405.49
71506,405.59
71507,405.52
71508,405.58
71509,405.58
71510,405.52
71511,405.48
71512,405.49
71513,405.49
71514,405.52
71515,405.44
71516,405.19
71517,405.20
71518,405.22
71519,405.09
71520,405.07
71521,405.00
71522,405.00
71523,404.95
71524,405.10
71525,405.08
71526,405.21
71527,405.20
71528,405.17
71529,405.32
71530,405.35
71531,405.43
71532,405.50
71533,405.59
71534,405.59
71535,405.55
71536,405.44
71537,405.48
71538,405.43
71539,405.33
71540,405.33
71541,405.49
71542,405.47
71543,405.40
71544,405.40
71545,405.48
71546,405.49
71547,405.36
71548,405.46
71549,405.33
71550,405.36
71551,405.35
71552,405.42
71553,405.48
71554,405.40
71555,405.54
71556,405.49
71557,405.51
71558,405.47
71559,405.39
71560,405.43
71561,405.32
71562,405.39
71563,405.39
71564,405.39
71565,405.47
71566,405.53
71567,405.67
71568,405.59
71569,405.46
71570,405.51
71571,405.62
71572,405.42
71573,405.45
71574,405.36
71575,405.40
71576,405.44
71577,405.54
