NETCARE2015/data/raw/Flight2/CPC3772_POLAR6_20150407_r2_NETCARE.ict
35,1001
Abbatt,Jon
University of Toronto
Polar 6
NETCARE
1,1
2015,4,7,2017,8,16
1
time,seconds,seconds from start in UTC
1
1
-99999
conc,number of particles per cm3
0
20
PI_CONTACT_INFO: 80 St. George Street; Toronto; ON M5S 3H6 CANADA; email: jabbatt@chem.utoronto.ca
PLATFORM: Polar 6 aircraft
LOCATION: Canadian Arctic near Alert
ASSOCIATED_DATA: none
INSTRUMENT_INFO: Condensation Particle Counter Model 3772 is an instrument that detects airborne particles down to 10 nm at an aerosol flow rate of 1.0 L/min, over a concentration range from 0 to 10^4 particles/cm^3 
DATA_INFO: all relevant information is given above
UNCERTAINTY:  ±10% of measured value
ULOD_FLAG: -7777
ULOD_VALUE: N/As
LLOD_FLAG: -8888
LLOD_VALUE: N/A
DM_CONTACT_INFO: Data collected by Julia Burkart. Please direct all correspondence to Jon Abbatt: jabbatt@chem.utoronto.ca
PROJECT_INFO: Polar 6 NETCARE Spring 2015 campaign
STIPULATIONS_ON_USE: N/A
OTHER_COMMENTS: N/A
REVISION: R2, R1, R0
R2: zero and filter measurements are removed
R1: uncorrected raw data
R0: raw data
time,conc
[from data line 6377]
65894,314
65895,317
65896,306
65897,305
65898,298
65899,305
65900,302
65901,301
65902,294
65903,294
65904,304
65905,306
65906,293
65907,292
65908,304
65909,299
65910,300
65911,291
65912,294
65913,286
65914,296
65915,278
65916,278
65917,262
65918,254
65919,247
65920,247
65921,252
65922,248
65923,232
65924,235
65925,243
65926,245
65927,244
65928,251
65929,271
65930,272
65931,280
65932,269
65933,277
65934,268
65935,277
65936,280
65937,303
65938,304
65939,297
65940,298
65941,298
65942,288
65943,292
65944,292
65945,281
65946,283
65947,264
65948,245
65949,242
65950,248
65951,275
65952,342
65953,385
65954,486
65955,492
65956,503
65957,513
65958,497
65959,484
65960,368
65961,293
65962,259
65963,244
65964,236
65965,230
65966,236
65967,239
65968,238
65969,236
65970,235
65971,244
65972,230
65973,229
65974,231
65975,229
65976,229
65977,225
65978,238
65979,285
65980,359
65981,462
65982,511
65983,506
65984,481
65985,466
65986,457
65987,459
65988,471
65989,467
65990,468
65991,471
65992,465
65993,477
65994,481
65995,476
65996,466
65997,477
65998,483
65999,490
66000,492
66001,470
66002,430
66003,406
66004,391
66005,374
66006,327
66007,302
66008,306
66009,297
66010,284
66011,280
66012,290
66013,296
66014,298
66015,284
66016,294
66017,282
66018,289
66019,282
66020,287
66021,285
66022,281
66023,276
66024,278
66025,285
66026,278
66027,272
66028,277
66029,270
66030,271
66031,268
66032,276
66033,269
66034,281
66035,276
66036,267
66037,268
66038,285
66039,282
66040,299
66041,347
66042,402
66043,397
66044,397
66045,427
66046,459
66047,440
66048,459
66049,427
66050,437
66051,327
66052,277
66053,259
66054,253
66055,234
66056,238
66057,231
66058,224
66059,231
66060,226
66061,233
66062,224
66063,235
66064,243
66065,248
66066,254
66067,257
66068,269
66069,270
66070,261
66071,267
66072,270
66073,276
66074,279
66075,279
66076,287
66077,284
66078,300
66079,287
66080,294
66081,301
66082,295
66083,298
66084,294
66085,289
66086,294
66087,291
66088,282
66089,287
66090,264
66091,252
66092,238
66093,227
66094,230
66095,237
66096,236
66097,250
66098,245
66099,250
66100,252
66101,264
66102,278
66103,279
66104,284
66105,277
66106,265
66107,257
66108,248
66109,248
66110,247
66111,239
66112,233
66113,228
66114,222
66115,232
66116,228
66117,221
66118,230
66119,235
66120,224
66121,228
66122,230
66123,228
66124,225
66125,233
66126,233
66127,229
66128,238
66129,235
66130,245
66131,246
66132,242
66133,246
66134,240
66135,240
66136,248
66137,241
66138,240
66139,238
66140,241
66141,240
66142,225
66143,225
66144,244
66145,241
66146,230
66147,222
66148,232
66149,228
66150,230
66151,222
66152,224
66153,242
66154,246
66155,250
66156,276
66157,288
66158,297
66159,316
66160,320
66161,314
66162,333
66163,329
66164,306
66165,319
66166,331
66167,327
66168,317
66169,328
66170,326
66171,316
66172,316
66173,298
66174,310
66175,317
66176,302
66177,295
66178,298
66179,298
66180,295
66181,305
66182,296
66183,290
66184,287
66185,271
66186,280
66187,295
66188,297
66189,297
66190,308
66191,286
66192,293
66193,296
66194,290
66195,274
66196,272
66197,282
66198,282
66199,295
66200,288
66201,299
66202,293
66203,296
66204,285
66205,281
66206,279
66207,277
66208,269
66209,264
66210,269
66211,265
66212,273
66213,283
66214,295
66215,284
66216,294
66217,286
66218,298
66219,282
66220,288
66221,287
66222,285
66223,280
66224,277
66225,275
66226,274
66227,274
66228,278
66229,272
66230,272
66231,279
66232,273
66233,272
66234,259
66235,264
66236,273
66237,265
66238,267
66239,260
66240,269
66241,270
66242,258
66243,271
66244,281
66245,270
66246,279
66247,272
66248,275
66249,265
66250,263
66251,267
66252,277
66253,271
66254,262
66255,269
66256,257
66257,260
66258,255
66259,256
66260,259
66261,254
66262,257
66263,256
66264,258
66265,252
66266,261
66267,254
66268,256
66269,287
66270,336
66271,306
66272,295
66273,276
66274,265
66275,271
66276,285
66277,300
66278,298
66279,297
66280,294
66281,294
66282,294
66283,286
66284,284
66285,288
66286,299
66287,301
66288,296
66289,303
66290,325
66291,332
66292,343
66293,345
66294,324
66295,309
66296,308
66297,293
66298,303
66299,304
66300,275
66301,253
66302,255
66303,249
66304,242
66305,243
66306,244
66307,244
66308,241
66309,237
66310,226
66311,237
66312,237
66313,233
66314,242
66315,240
66316,245
66317,230
66318,237
66319,240
66320,235
66321,232
66322,239
66323,244
66324,263
66325,267
66326,274
66327,292
66328,296
66329,296
66330,306
66331,298
66332,301
66333,299
66334,338
66335,331
66336,311
66337,300
66338,305
66339,294
66340,295
66341,297
66342,296
66343,292
66344,278
66345,264
66346,245
66347,249
66348,243
66349,230
66350,241
66351,244
66352,241
66353,240
66354,240
66355,241
66356,231
66357,240
66358,231
66359,237
66360,242
66361,240
66362,243
66363,249
66364,238
66365,255
66366,256
66367,261
66368,251
66369,245
66370,252
66371,242
66372,239
66373,240
66374,237
66375,247
66376,237
66377,235
66378,248
66379,248
66380,248
66381,246
66382,248
66383,255
66384,261
66385,265
66386,277
66387,274
66388,291
66389,310
66390,331
66391,315
66392,309
66393,300
66394,298
66395,304
66396,310
66397,330
66398,317
66399,287
66400,277
66401,264
66402,250
66403,255
66404,253
66405,262
66406,253
66407,244
66408,250
66409,258
66410,255
66411,264
66412,249
66413,252
66414,255
66415,245
66416,253
66417,249
66418,246
66419,255
66420,254
66421,247
66422,250
66423,256
66424,255
66425,256
66426,248
66427,253
66428,255
66429,257
66430,249
66431,256
66432,250
66433,253
66434,256
66435,251
66436,254
66437,248
66438,251
66439,256
66440,261
66441,257
66442,252
66443,253
66444,250
66445,249
66446,254
66447,261
66448,264
66449,276
66450,295
66451,297
66452,327
66453,331
66454,337
66455,340
66456,323
66457,320
66458,315
66459,311
66460,306
66461,310
66462,325
66463,329
66464,332
66465,342
66466,353
66467,341
66468,324
66469,307
66470,268
66471,247
66472,245
66473,238
66474,226
66475,220
66476,219
66477,216
66478,223
66479,221
66480,219
66481,217
66482,216
66483,217
66484,217
66485,199
66486,210
66487,197
66488,193
66489,192
66490,186
66491,188
66492,183
66493,186
66494,190
66495,209
66496,211
66497,224
66498,218
66499,237
66500,233
66501,241
66502,237
66503,251
66504,244
66505,252
66506,261
66507,253
66508,255
66509,256
66510,259
66511,263
66512,260
66513,258
66514,259
66515,260
66516,252
66517,258
66518,263
66519,262
66520,264
66521,260
66522,266
66523,268
66524,251
66525,258
66526,262
66527,266
66528,287
66529,309
66530,317
66531,329
66532,327
66533,322
66534,327
66535,328
66536,330
66537,322
66538,326
66539,319
66540,320
66541,314
66542,315
66543,316
66544,323
66545,319
66546,315
66547,315
66548,318
66549,326
66550,330
66551,329
66552,321
66553,323
66554,320
66555,330
66556,331
66557,321
66558,318
66559,328
66560,321
66561,317
66562,309
66563,307
66564,309
66565,310
66566,309
66567,309
66568,302
66569,303
66570,302
66571,308
66572,294
66573,300
66574,301
66575,295
66576,289
66577,291
66578,264
66579,257
66580,259
66581,276
66582,269
66583,269
66584,271
66585,270
66586,286
66587,267
66588,264
66589,263
66590,261
66591,265
66592,269
66593,263
66594,269
66595,279
66596,270
66597,271
66598,267
66599,271
66600,272
66601,274
66602,269
66603,269
66604,276
66605,281
66606,272
66607,266
66608,276
66609,280
66610,282
66611,277
66612,279
66613,284
66614,277
66615,277
66616,270
66617,253
66618,229
66619,242
66620,231
66621,223
66622,219
66623,224
66624,225
66625,221
66626,234
66627,231
66628,239
66629,252
66630,245
66631,245
66632,245
66633,246
66634,245
66635,243
66636,243
66637,242
66638,245
66639,242
66640,249
66641,248
66642,247
66643,247
66644,247
66645,243
66646,235
66647,226
66648,224
66649,227
66650,223
66651,225
66652,224
66653,222
66654,215
66655,220
66656,210
66657,212
66658,206
66659,209
66660,204
66661,206
66662,204
66663,196
66664,203
66665,196
66666,199
66667,192
66668,194
66669,194
66670,191
66671,182
66672,177
66673,183
66674,176
66675,175
66676,176
66677,175
66678,176
66679,176
66680,173
66681,170
66682,172
66683,163
66684,163
66685,166
66686,168
66687,168
66688,170
66689,172
66690,168
66691,171
66692,170
66693,168
66694,166
66695,169
66696,170
66697,167
66698,168
66699,167
66700,166
66701,164
66702,168
66703,161
66704,166
66705,175
66706,167
66707,171
66708,174
66709,175
66710,177
66711,178
66712,181
66713,183
66714,186
66715,190
66716,190
66717,192
66718,184
66719,189
66720,187
66721,182
66722,190
66723,190
66724,189
66725,192
66726,186
66727,184
66728,185
66729,180
66730,185
66731,181
66732,187
66733,183
66734,179
66735,176
66736,173
66737,174
66738,170
66739,165
66740,172
66741,169
66742,173
66743,167
66744,164
66745,165
66746,163
66747,160
66748,154
66749,153
66750,157
66751,157
66752,156
66753,157
66754,149
66755,156
66756,159
66757,157
66758,156
66759,155
66760,150
66761,146
66762,155
66763,148
66764,153
66765,152
66766,152
66767,154
66768,150
66769,152
66770,148
66771,151
66772,150
66773,151
66774,153
66775,152
66776,159
66777,149
66778,154
66779,146
66780,153
66781,154
66782,151
66783,153
66784,148
66785,153
66786,153
66787,151
66788,150
66789,157
66790,162
66791,176
66792,185
66793,179
66794,183
66795,188
66796,183
66797,185
66798,185
66799,184
66800,189
66801,184
66802,192
66803,197
66804,193
66805,189
66806,192
66807,199
66808,213
66809,221
66810,211
66811,226
66812,222
66813,232
66814,224
66815,223
66816,224
66817,229
66818,236
66819,237
66820,237
66821,245
66822,250
66823,257
66824,250
66825,260
66826,253
66827,260
66828,252
66829,262
66830,267
66831,271
66832,275
66833,275
66834,272
66835,271
66836,275
66837,278
66838,275
66839,278
66840,276
66841,283
66842,278
66843,288
66844,283
66845,281
66846,287
66847,296
66848,288
66849,290
66850,295
66851,301
66852,294
66853,296
66854,297
66855,300
66856,300
66857,297
66858,298
66859,302
66860,310
66861,309
66862,311
66863,302
66864,305
66865,313
66866,310
66867,317
66868,320
66869,318
66870,315
66871,308
66872,320
66873,316
66874,310
66875,323
66876,315
66877,320
66878,318
66879,324
66880,317
66881,327
66882,325
66883,316
66884,321
66885,314
66886,324
66887,320
66888,324
66889,318
66890,319
66891,317
66892,325
66893,312
66894,327
66895,326
66896,326
66897,325
66898,317
66899,319
66900,320
66901,317
66902,322
66903,320
66904,326
66905,322
66906,317
66907,323
66908,316
66909,322
66910,313
66911,309
66912,311
66913,311
66914,303
66915,306
66916,295
66917,292
66918,296
66919,294
66920,286
66921,287
66922,289
66923,276
66924,280
66925,286
66926,286
66927,276
66928,273
66929,279
66930,271
66931,281
66932,283
66933,299
66934,303
66935,306
66936,305
66937,297
66938,309
66939,304
66940,318
66941,313
66942,315
66943,321
66944,341
66945,335
66946,341
66947,347
66948,349
66949,356
66950,349
66951,354
66952,359
66953,365
66954,365
66955,360
66956,355
66957,364
66958,372
66959,370
66960,380
66961,384
66962,387
66963,382
66964,390
66965,389
66966,392
66967,385
66968,393
66969,381
66970,391
66971,382
66972,374
66973,381
66974,371
66975,359
66976,363
66977,362
66978,374
66979,367
66980,362
66981,355
66982,356
66983,350
66984,346
66985,342
66986,354
66987,347
66988,358
66989,346
66990,358
66991,350
66992,349
66993,340
66994,348
66995,347
66996,337
66997,343
66998,342
66999,334
67000,344
67001,334
67002,332
67003,340
67004,335
67005,333
67006,340
67007,343
67008,338
67009,330
67010,336
67011,334
67012,319
67013,324
67014,340
67015,325
67016,342
67017,337
67018,333
67019,333
67020,326
67021,322
67022,325
67023,331
67024,329
67025,328
67026,329
67027,329
67028,329
67029,332
67030,329
67031,330
67032,334
67033,329
67034,331
67035,324
67036,337
67037,330
67038,326
67039,333
67040,326
67041,330
67042,333
67043,327
67044,331
67045,329
67046,326
67047,334
67048,336
67049,330
67050,327
67051,328
67052,320
67053,323
67054,321
67055,326
67056,320
67057,324
67058,320
67059,324
67060,341
67061,331
67062,319
67063,332
67064,331
67065,340
67066,335
67067,335
67068,326
67069,332
67070,335
67071,325
67072,329
67073,333
67074,327
67075,330
67076,324
67077,328
67078,331
67079,313
67080,327
67081,331
67082,324
67083,322
67084,328
67085,323
67086,324
67087,326
67088,320
67089,325
67090,325
67091,328
67092,327
67093,327
67094,339
67095,327
67096,336
67097,330
67098,325
67099,328
67100,334
67101,333
67102,332
67103,325
67104,332
67105,330
67106,325
67107,332
67108,333
67109,329
67110,330
67111,335
67112,327
67113,322
67114,333
67115,331
67116,328
67117,323
67118,337
67119,332
67120,332
67121,345
67122,321
67123,337
67124,333
67125,336
67126,335
67127,326
67128,322
67129,323
67130,326
67131,326
67132,331
67133,331
67134,335
67135,342
67136,343
67137,333
67138,331
67139,328
67140,336
67141,326
67142,331
67143,326
67144,327
67145,327
67146,327
67147,321
67148,325
67149,324
67150,315
67151,323
67152,315
67153,330
67154,331
67155,319
67156,311
67157,314
67158,315
67159,314
67160,314
67161,320
67162,321
67163,325
67164,319
67165,320
67166,322
67167,323
67168,331
67169,329
67170,326
67171,335
67172,334
67173,323
67174,325
67175,328
67176,312
67177,320
67178,326
67179,327
67180,316
67181,331
67182,323
67183,323
67184,322
67185,314
67186,318
67187,318
67188,321
67189,316
67190,319
67191,319
67192,314
67193,325
67194,315
67195,326
67196,327
67197,328
67198,341
67199,331
67200,329
67201,326
67202,342
67203,323
67204,328
67205,325
67206,323
67207,324
67208,321
67209,329
67210,331
67211,331
67212,324
67213,327
67214,332
67215,330
67216,333
67217,325
67218,327
67219,327
67220,334
67221,344
67222,329
67223,330
67224,337
67225,336
67226,331
67227,324
67228,338
67229,340
67230,338
67231,346
67232,358
67233,350
67234,347
67235,354
67236,356
67237,353
67238,352
67239,350
67240,350
67241,354
67242,364
67243,351
67244,357
67245,358
67246,351
67247,352
67248,348
67249,347
67250,354
67251,352
67252,352
67253,362
67254,358
67255,360
67256,358
67257,357
67258,352
67259,357
67260,361
67261,360
67262,358
67263,356
67264,361
67265,369
67266,350
67267,346
67268,354
67269,365
67270,367
67271,367
67272,364
67273,360
67274,359
67275,363
67276,373
67277,363
67278,366
67279,350
67280,365
67281,357
67282,354
67283,366
67284,362
67285,378
67286,375
67287,367
67288,366
67289,385
67290,380
67291,380
67292,382
67293,383
67294,369
67295,371
67296,363
67297,367
67298,374
67299,358
67300,364
67301,353
67302,358
67303,358
67304,355
67305,373
67306,360
67307,368
67308,376
67309,356
67310,339
67311,345
67312,360
67313,357
67314,352
67315,363
67316,363
67317,357
67318,345
67319,376
67320,377
67321,361
67322,367
67323,406
67324,428
67325,465
67326,479
67327,482
67328,502
67329,496
67330,474
67331,439
67332,399
67333,379
67334,384
67335,362
67336,381
67337,377
67338,362
67339,381
67340,365
67341,423
67342,493
67343,487
67344,448
67345,363
67346,385
67347,412
67348,452
67349,447
67350,464
67351,447
67352,444
67353,403
67354,353
67355,360
67356,358
67357,329
67358,310
67359,304
67360,297
67361,286
67362,292
67363,289
67364,296
67365,304
67366,312
67367,338
67368,347
67369,351
67370,355
67371,347
67372,334
67373,334
67374,326
67375,340
67376,339
67377,329
67378,318
67379,331
67380,324
67381,331
67382,324
67383,354
67384,371
67385,513
67386,772
67387,799
67388,833
67389,882
67390,869
67391,879
67392,870
67393,937
67394,1003
67395,987
67396,991
67397,995
67398,995
67399,971
67400,998
67401,994
67402,995
67403,996
67404,998
67405,1002
67406,1001
67407,998
67408,1003
67409,1015
67410,1005
67411,940
67412,865
67413,802
67414,807
67415,807
67416,826
67417,825
67418,840
67419,827
67420,861
67421,873
67422,821
67423,755
67424,743
67425,753
67426,771
67427,789
67428,803
67429,799
67430,792
67431,786
67432,791
67433,816
67434,818
67435,821
67436,820
67437,816
67438,719
67439,667
67440,583
67441,559
67442,606
67443,534
67444,577
67445,638
67446,586
67447,617
67448,607
67449,599
67450,563
67451,595
67452,582
67453,573
67454,518
67455,518
67456,575
67457,591
67458,611
67459,599
67460,608
67461,631
67462,657
67463,664
67464,658
67465,670
67466,669
67467,662
67468,713
67469,743
67470,795
67471,804
67472,825
67473,833
67474,820
67475,832
67476,826
67477,843
67478,873
67479,873
67480,863
67481,869
67482,864
67483,859
67484,866
67485,882
67486,877
67487,878
67488,879
67489,879
67490,888
67491,892
67492,888
