NETCARE2015/data/raw/Flight2/CPC3772_POLAR6_20150407_r2_NETCARE.ict
35,1001
Abbatt,Jon
University of Toronto
Polar 6
NETCARE
1,1
2015,4,7,2017,8,16
1
time,seconds,seconds from start in UTC
1
1
-99999
conc,number of particles per cm3
0
20
PI_CONTACT_INFO: 80 St. George Street; Toronto; ON M5S 3H6 CANADA; email: jabbatt@chem.utoronto.ca
PLATFORM: Polar 6 aircraft
LOCATION: Canadian Arctic near Alert
ASSOCIATED_DATA: none
INSTRUMENT_INFO: Condensation Particle Counter Model 3772 is an instrument that detects airborne particles down to 10 nm at an aerosol flow rate of 1.0 L/min, over a concentration range from 0 to 10^4 particles/cm^3 
DATA_INFO: all relevant information is given above
UNCERTAINTY:  ±10% of measured value
ULOD_FLAG: -7777
ULOD_VALUE: N/As
LLOD_FLAG: -8888
LLOD_VALUE: N/A
DM_CONTACT_INFO: Data collected by Julia Burkart. Please direct all correspondence to Jon Abbatt: jabbatt@chem.utoronto.ca
PROJECT_INFO: Polar 6 NETCARE Spring 2015 campaign
STIPULATIONS_ON_USE: N/A
OTHER_COMMENTS: N/A
REVISION: R2, R1, R0
R2: zero and filter measurements are removed
R1: uncorrected raw data
R0: raw data
time,conc
[from data line 13803]
73320,346
73321,341
73322,341
73323,326
73324,326
73325,327
73326,327
73327,332
73328,341
73329,341
73330,342
73331,345
73332,351
73333,364
73334,365
73335,358
73336,358
73337,361
73338,362
73339,367
73340,363
73341,361
73342,364
73343,354
73344,367
73345,360
73346,362
73347,360
73348,351
73349,357
73350,356
73351,366
73352,365
73353,364
73354,362
73355,356
73356,353
73357,349
73358,352
73359,355
73360,349
73361,353
73362,357
73363,346
73364,353
73365,352
73366,350
73367,349
73368,353
73369,358
73370,358
73371,363
73372,364
73373,359
73374,362
73375,364
73376,365
73377,362
73378,371
73379,370
73380,363
73381,357
73382,362
73383,372
73384,363
73385,362
73386,361
73387,356
73388,351
73389,350
73390,347
73391,350
73392,358
73393,351
73394,355
73395,363
73396,354
73397,360
73398,350
73399,338
73400,342
73401,334
73402,337
73403,327
73404,331
73405,338
73406,332
73407,340
73408,328
73409,335
73410,334
73411,330
73412,343
73413,339
73414,331
73415,334
73416,342
73417,343
73418,344
73419,338
73420,347
73421,345
73422,341
73423,346
73424,341
73425,351
73426,351
73427,344
73428,357
73429,336
73430,339
73431,349
73432,348
73433,343
73434,343
73435,348
73436,335
73437,332
73438,333
73439,330
73440,340
73441,338
73442,325
73443,323
73444,334
73445,341
73446,337
73447,344
73448,340
73449,328
73450,338
73451,345
73452,336
73453,336
73454,339
73455,333
73456,333
73457,333
73458,336
73459,318
73460,323
73461,336
73462,341
73463,331
73464,335
73465,338
73466,333
73467,330
73468,331
73469,329
73470,330
73471,333
73472,329
73473,329
73474,326
73475,328
73476,326
73477,317
73478,332
73479,327
73480,326
73481,327
73482,332
73483,336
73484,321
73485,329
73486,330
73487,328
73488,332
73489,330
73490,329
73491,324
73492,326
73493,322
73494,334
73495,325
73496,326
73497,321
73498,318
73499,317
73500,309
73501,319
73502,318
73503,316
73504,312
73505,311
73506,310
73507,312
73508,313
73509,320
73510,322
73511,323
73512,315
73513,323
73514,320
73515,320
73516,318
73517,323
73518,323
73519,319
73520,327
73521,332
73522,331
73523,327
73524,336
73525,325
73526,335
73527,319
73528,321
73529,330
73530,331
73531,320
73532,324
73533,319
73534,314
73535,328
73536,324
73537,328
73538,326
73539,321
73540,327
73541,321
73542,313
73543,328
73544,327
73545,313
73546,324
73547,321
73548,318
73549,320
73550,317
73551,319
73552,314
73553,319
73554,319
73555,323
73556,321
73557,320
73558,320
73559,315
73560,327
73561,315
73562,304
73563,319
73564,313
73565,313
73566,312
73567,304
73568,304
73569,316
73570,310
73571,309
73572,309
73573,320
73574,315
73575,324
73576,322
73577,319
73578,318
73579,304
73580,310
73581,314
73582,311
73583,320
73584,308
73585,307
73586,307
73587,305
73588,308
73589,311
73590,309
73591,302
73592,308
73593,304
73594,302
73595,296
73596,311
73597,298
73598,307
73599,311
73600,291
73601,292
73602,300
73603,296
73604,302
73605,301
73606,304
73607,295
73608,289
73609,297
73610,292
73611,295
73612,297
73613,297
73614,313
73615,298
73616,291
73617,294
73618,286
73619,284
73620,293
73621,295
73622,291
73623,277
73624,279
73625,280
73626,287
73627,285
73628,286
73629,298
73630,292
73631,280
73632,285
73633,276
73634,277
73635,263
73636,258
73637,257
73638,253
73639,262
73640,256
73641,252
73642,257
73643,249
73644,253
73645,255
73646,256
73647,247
73648,254
73649,250
73650,250
73651,240
73652,256
73653,255
73654,253
73655,252
73656,246
73657,251
73658,254
73659,247
73660,252
73661,248
73662,248
73663,254
73664,254
73665,245
73666,251
73667,255
73668,246
73669,249
73670,251
73671,250
73672,254
73673,248
73674,238
73675,242
73676,242
73677,247
73678,242
73679,240
73680,236
73681,244
73682,240
73683,235
73684,239
73685,239
73686,243
73687,236
73688,245
73689,242
73690,241
73691,244
73692,240
73693,243
73694,238
73695,238
73696,241
73697,242
73698,238
73699,242
73700,237
73701,244
73702,235
73703,236
73704,235
73705,228
73706,240
73707,229
73708,229
73709,238
73710,230
73711,237
73712,229
73713,233
73714,230
73715,236
73716,225
73717,236
73718,230
73719,238
73720,229
73721,234
73722,227
73723,230
73724,232
73725,229
73726,225
73727,234
73728,228
73729,227
73730,225
73731,232
73732,233
73733,229
73734,232
73735,242
73736,238
73737,239
73738,234
73739,236
73740,234
73741,233
73742,238
73743,233
73744,235
73745,235
73746,232
73747,241
73748,232
73749,241
73750,234
73751,232
73752,235
73753,230
73754,239
73755,234
73756,230
73757,233
73758,231
73759,231
73760,227
73761,233
73762,233
73763,239
73764,236
73765,233
73766,223
73767,228
73768,226
73769,223
73770,223
73771,236
73772,234
73773,229
73774,222
73775,224
73776,227
73777,227
73778,233
73779,228
73780,222
73781,229
73782,223
73783,223
73784,226
73785,225
73786,223
73787,225
73788,226
73789,214
73790,225
73791,222
73792,223
73793,216
73794,223
73795,218
73796,227
73797,218
73798,227
73799,218
73800,219
73801,221
73802,219
73803,218
73804,222
73805,220
73806,219
73807,219
73808,215
73809,221
73810,221
73811,216
73812,219
73813,214
73814,218
73815,218
73816,218
73817,216
73818,210
73819,217
73820,214
73821,218
73822,217
73823,216
73824,214
73825,211
73826,216
73827,220
73828,223
73829,218
73830,217
73831,216
73832,221
73833,219
73834,217
73835,215
73836,216
73837,214
73838,214
73839,218
73840,223
73841,220
73842,219
73843,221
73844,223
73845,224
73846,213
73847,215
73848,221
73849,215
73850,219
73851,216
73852,220
73853,222
73854,216
73855,214
73856,221
73857,214
73858,214
73859,213
73860,219
73861,214
73862,212
73863,216
73864,213
73865,216
73866,212
73867,217
73868,216
73869,215
73870,219
73871,214
73872,221
73873,216
73874,219
73875,218
73876,214
73877,218
73878,217
73879,214
73880,209
73881,215
73882,219
73883,213
73884,212
73885,219
73886,221
73887,217
73888,217
73889,213
73890,217
73891,214
73892,213
73893,212
73894,213
73895,219
73896,211
73897,219
73898,220
73899,214
73900,217
73901,215
73902,211
73903,218
73904,225
73905,217
73906,211
73907,219
73908,216
73909,212
73910,213
73911,222
73912,221
73913,218
73914,215
73915,215
73916,222
73917,223
73918,220
73919,215
73920,224
73921,222
73922,219
73923,216
73924,216
73925,223
73926,218
73927,223
73928,219
73929,219
73930,222
73931,218
73932,219
73933,217
73934,222
73935,222
73936,217
73937,223
73938,223
73939,219
73940,227
73941,217
73942,217
73943,222
73944,221
73945,223
73946,224
73947,224
73948,220
73949,223
73950,228
73951,232
73952,221
73953,229
73954,224
73955,227
73956,231
73957,228
73958,229
73959,239
73960,231
73961,235
73962,242
73963,242
73964,243
73965,244
73966,245
73967,242
73968,249
73969,238
73970,240
73971,246
73972,249
73973,243
73974,253
73975,256
73976,252
73977,262
73978,251
73979,261
73980,255
73981,256
73982,255
73983,256
73984,258
73985,248
73986,255
73987,252
73988,250
73989,249
73990,248
73991,250
73992,246
73993,252
73994,242
73995,249
73996,249
73997,248
73998,240
73999,244
74000,227
74001,231
74002,232
74003,237
74004,232
74005,234
74006,230
74007,224
74008,230
74009,225
74010,229
74011,229
74012,236
74013,230
74014,226
74015,229
74016,234
74017,238
74018,240
74019,225
74020,229
74021,236
74022,231
74023,237
74024,230
74025,234
74026,225
74027,233
74028,231
74029,228
74030,229
74031,227
74032,232
74033,230
74034,233
74035,233
74036,227
74037,221
74038,231
74039,227
74040,226
74041,230
74042,232
74043,225
74044,225
74045,233
74046,229
74047,225
74048,224
74049,228
74050,224
74051,222
74052,225
74053,220
74054,230
74055,224
74056,226
74057,234
74058,221
74059,222
74060,227
74061,225
74062,223
74063,229
74064,227
74065,222
74066,228
74067,228
74068,226
74069,225
74070,225
74071,222
74072,221
74073,226
74074,229
74075,220
74076,222
74077,223
74078,228
74079,227
74080,224
74081,229
74082,221
74083,216
74084,225
74085,224
74086,226
74087,223
74088,224
74089,219
74090,220
74091,227
74092,219
74093,220
74094,218
74095,222
74096,221
74097,219
74098,224
74099,224
74100,219
74101,222
74102,226
74103,224
74104,220
74105,225
74106,222
74107,220
74108,224
74109,226
74110,216
74111,228
74112,223
74113,222
74114,222
74115,229
74116,224
74117,221
74118,224
74119,221
74120,226
74121,231
74122,220
74123,223
74124,226
74125,225
74126,227
74127,226
74128,223
74129,220
74130,233
74131,224
74132,225
74133,219
74134,225
74135,227
74136,226
74137,227
74138,224
74139,221
74140,221
74141,225
74142,230
74143,227
74144,225
74145,226
74146,224
74147,219
74148,223
74149,225
74150,225
74151,223
74152,225
74153,227
74154,223
74155,226
74156,227
74157,225
74158,230
74159,226
74160,227
74161,225
74162,225
74163,229
74164,221
74165,228
74166,230
74167,227
74168,220
74169,226
74170,222
74171,221
74172,216
74173,211
74174,215
74175,218
74176,213
74177,217
74178,217
74179,218
74180,213
74181,211
74182,213
74183,210
74184,215
74185,218
74186,210
74187,217
74188,208
74189,219
74190,218
74191,208
74192,222
74193,212
74194,209
74195,210
74196,211
74197,206
74198,205
74199,216
74200,219
74201,213
74202,207
74203,206
74204,202
74205,209
74206,211
74207,209
74208,214
74209,212
74210,212
74211,215
74212,213
74213,210
74214,209
74215,213
74216,209
74217,211
74218,208
74219,212
74220,214
74221,207
74222,210
74223,211
74224,209
74225,207
74226,209
74227,211
74228,210
74229,208
74230,211
74231,220
74232,213
74233,205
74234,213
74235,212
74236,205
74237,208
74238,214
74239,207
74240,210
74241,206
74242,213
74243,210
74244,206
74245,214
74246,213
74247,209
74248,216
74249,214
74250,223
74251,216
74252,210
74253,207
74254,210
74255,214
74256,220
74257,214
74258,221
74259,212
74260,219
74261,216
74262,219
74263,216
74264,217
74265,218
74266,216
74267,216
74268,219
74269,219
74270,223
74271,223
74272,224
74273,215
74274,220
74275,224
74276,218
74277,220
74278,213
74279,214
74280,219
74281,217
74282,206
74283,199
74284,204
74285,195
74286,198
74287,199
74288,196
74289,200
74290,200
74291,201
74292,206
74293,205
74294,197
74295,194
74296,200
74297,201
74298,202
74299,196
74300,201
74301,201
74302,203
74303,191
74304,205
74305,201
74306,198
74307,198
74308,201
74309,201
74310,200
74311,198
74312,200
74313,205
74314,203
74315,199
74316,202
74317,205
74318,205
74319,199
74320,200
74321,204
74322,196
74323,204
74324,204
74325,203
74326,199
74327,202
74328,195
74329,205
74330,201
74331,201
74332,201
74333,207
74334,203
74335,210
74336,201
74337,203
74338,198
74339,200
74340,202
74341,207
74342,200
74343,198
74344,202
74345,202
74346,203
74347,205
74348,200
74349,203
74350,212
74351,203
74352,203
74353,203
74354,210
74355,202
74356,197
74357,197
74358,200
74359,193
74360,199
74361,200
74362,197
74363,196
74364,197
74365,196
74366,198
74367,199
74368,197
74369,193
74370,196
74371,193
74372,202
74373,202
74374,204
74375,192
74376,200
74377,193
74378,195
74379,200
74380,206
74381,215
74382,209
74383,209
74384,211
74385,223
74386,217
74387,214
74388,217
74389,214
74390,207
74391,222
74392,217
74393,216
74394,221
74395,218
74396,217
74397,214
74398,217
74399,215
74400,220
74401,214
74402,212
74403,206
74404,205
74405,212
74406,210
74407,217
74408,213
74409,215
74410,213
74411,223
74412,222
74413,223
74414,223
74415,220
74416,209
74417,212
74418,204
74419,207
74420,208
74421,206
74422,206
74423,206
74424,203
74425,204
74426,198
74427,204
74428,197
74429,200
74430,195
74431,201
74432,195
74433,201
74434,204
74435,196
74436,204
74437,206
74438,201
74439,205
74440,203
74441,203
74442,198
74443,203
74444,205
74445,204
74446,201
74447,200
74448,209
74449,196
74450,200
74451,194
74452,199
74453,193
74454,198
74455,204
74456,198
74457,201
74458,198
74459,204
74460,204
74461,201
74462,194
74463,196
74464,205
74465,205
74466,207
74467,208
74468,199
74469,209
74470,206
74471,204
74472,206
74473,210
74474,202
74475,202
74476,202
74477,196
74478,203
74479,200
74480,196
74481,200
74482,200
74483,202
74484,199
74485,200
74486,194
74487,199
74488,201
74489,198
74490,201
74491,202
74492,200
74493,198
74494,207
74495,204
74496,202
74497,204
74498,201
74499,199
74500,201
74501,198
74502,202
74503,199
74504,200
74505,204
74506,207
74507,201
74508,199
74509,202
74510,201
74511,199
74512,201
74513,203
74514,204
74515,196
74516,199
74517,203
74518,204
74519,202
74520,199
74521,198
74522,202
74523,207
74524,200
74525,194
74526,198
74527,192
74528,199
74529,196
74530,195
74531,201
74532,205
74533,199
74534,198
74535,201
74536,205
74537,190
74538,206
74539,199
74540,200
74541,207
74542,201
74543,196
74544,197
74545,203
74546,204
74547,200
74548,199
74549,201
74550,202
74551,200
74552,200
74553,198
74554,200
74555,201
74556,207
74557,204
74558,204
74559,208
74560,199
74561,206
74562,203
74563,202
74564,205
74565,198
74566,199
74567,197
74568,200
74569,203
74570,199
74571,199
74572,203
74573,204
74574,205
74575,199
74576,202
74577,206
74578,203
74579,207
74580,204
74581,206
74582,200
74583,198
74584,203
74585,205
74586,201
74587,201
74588,198
74589,200
74590,204
74591,204
74592,211
74593,199
74594,205
74595,203
74596,201
74597,203
74598,206
74599,199
74600,203
74601,205
74602,202
74603,204
74604,199
74605,207
74606,198
74607,204
74608,204
74609,202
74610,204
74611,199
74612,198
74613,209
74614,208
74615,205
74616,203
74617,204
74618,207
74619,202
74620,205
74621,211
74622,205
74623,202
74624,204
74625,202
74626,205
74627,204
74628,208
74629,208
74630,210
74631,208
74632,210
74633,216
74634,206
74635,210
74636,219
74637,212
74638,218
74639,218
74640,211
74641,213
74642,215
74643,206
74644,208
74645,216
74646,214
74647,209
74648,216
74649,221
74650,222
74651,220
74652,234
74653,223
74654,229
74655,223
74656,228
74657,229
74658,229
74659,235
74660,221
74661,229
74662,231
74663,228
74664,227
74665,234
74666,233
74667,225
74668,234
74669,225
74670,218
74671,232
74672,218
74673,224
74674,226
74675,230
74676,232
74677,232
74678,227
74679,228
74680,231
74681,224
74682,231
74683,220
74684,224
74685,226
74686,226
74687,228
74688,227
74689,225
74690,227
74691,223
74692,222
74693,219
74694,224
74695,223
74696,221
74697,221
74698,226
74699,226
74700,227
74701,219
74702,224
74703,225
74704,222
74705,218
74706,216
74707,225
74708,227
74709,222
74710,218
74711,224
74712,227
74713,224
74714,223
74715,220
74716,224
74717,225
74718,222
74719,220
74720,227
74721,222
74722,222
74723,220
74724,223
74725,232
74726,227
74727,229
74728,216
74729,230
74730,228
74731,220
74732,217
74733,223
74734,226
74735,222
74736,228
74737,227
74738,221
74739,230
74740,228
74741,227
74742,226
74743,223
74744,235
74745,234
74746,225
74747,230
74748,231
74749,231
74750,227
74751,227
74752,232
74753,229
74754,220
74755,220
74756,230
74757,229
74758,222
74759,230
74760,223
74761,222
74762,228
74763,227
74764,227
74765,224
74766,228
74767,226
74768,226
74769,220
74770,224
74771,234
74772,225
74773,229
74774,227
74775,232
74776,227
74777,228
74778,227
74779,230
74780,219
74781,226
74782,225
74783,223
74784,225
74785,221
74786,229
74787,223
74788,223
74789,218
74790,226
74791,229
74792,230
74793,230
74794,227
74795,224
74796,230
74797,223
74798,226
74799,224
74800,223
74801,232
74802,230
74803,229
74804,226
74805,234
74806,229
74807,230
74808,238
74809,229
74810,229
74811,231
74812,239
74813,234
74814,232
74815,229
74816,238
74817,237
74818,237
74819,225
74820,233
74821,225
74822,238
74823,239
74824,242
74825,243
74826,241
74827,239
74828,235
74829,244
74830,246
74831,244
74832,237
74833,243
74834,240
74835,249
74836,244
74837,238
74838,242
74839,244
74840,242
74841,245
74842,251
74843,254
74844,239
74845,239
74846,237
74847,236
74848,235
74849,238
74850,257
74851,292
74852,293
74853,332
74854,357
74855,316
74856,274
74857,273
74858,246
74859,240
74860,248
74861,251
74862,233
74863,231
74864,229
74865,236
74866,232
74867,238
74868,235
74869,263
74870,272
74871,292
74872,305
74873,283
74874,283
74875,276
74876,285
74877,268
74878,247
74879,244
74880,232
74881,236
74882,254
74883,247
74884,245
74885,245
74886,243
74887,240
74888,247
74889,239
74890,236
74891,233
74892,232
