NETCARE2015/data/raw/Flight2/CPC3772_POLAR6_20150407_r2_NETCARE.ict
35,1001
Abbatt,Jon
University of Toronto
Polar 6
NETCARE
1,1
2015,4,7,2017,8,16
1
time,seconds,seconds from start in UTC
1
1
-99999
conc,number of particles per cm3
0
20
PI_CONTACT_INFO: 80 St. George Street; Toronto; ON M5S 3H6 CANADA; email: jabbatt@chem.utoronto.ca
PLATFORM: Polar 6 aircraft
LOCATION: Canadian Arctic near Alert
ASSOCIATED_DATA: none
INSTRUMENT_INFO: Condensation Particle Counter Model 3772 is an instrument that detects airborne particles down to 10 nm at an aerosol flow rate of 1.0 L/min, over a concentration range from 0 to 10^4 particles/cm^3 
DATA_INFO: all relevant information is given above
UNCERTAINTY:  ±10% of measured value
ULOD_FLAG: -7777
ULOD_VALUE: N/As
LLOD_FLAG: -8888
LLOD_VALUE: N/A
DM_CONTACT_INFO: Data collected by Julia Burkart. Please direct all correspondence to Jon Abbatt: jabbatt@chem.utoronto.ca
PROJECT_INFO: Polar 6 NETCARE Spring 2015 campaign
STIPULATIONS_ON_USE: N/A
OTHER_COMMENTS: N/A
REVISION: R2, R1, R0
R2: zero and filter measurements are removed
R1: uncorrected raw data
R0: raw data
time,conc
[from data line 7977]
67494,877
67495,882
67496,916
67497,890
67498,881
67499,877
67500,871
67501,892
67502,866
67503,866
67504,877
67505,865
67506,850
67507,840
67508,832
67509,824
67510,783
67511,722
67512,706
67513,609
67514,580
67515,535
67516,470
67517,489
67518,452
67519,389
67520,414
67521,451
67522,475
67523,408
67524,387
67525,379
67526,338
67527,323
67528,333
67529,342
67530,295
67531,288
67532,188
67533,139
67534,128
67535,115
67536,110
67537,119
67538,126
67539,142
67540,147
67541,180
67542,189
67543,187
67544,174
67545,176
67546,174
67547,154
67548,116
67549,100
67550,105
67551,123
67552,125
67553,121
67554,120
67555,123
67556,130
67557,124
67558,126
67559,136
67560,130
67561,127
67562,127
67563,132
67564,126
67565,127
67566,127
67567,128
67568,137
67569,127
67570,122
67571,122
67572,138
67573,120
67574,114
67575,119
67576,112
67577,114
67578,109
67579,110
67580,114
67581,113
67582,112
67583,113
67584,113
67585,112
67586,122
67587,129
67588,127
67589,134
67590,139
67591,137
67592,139
67593,121
67594,110
67595,111
67596,118
67597,138
67598,152
67599,122
67600,144
67601,197
67602,215
67603,178
67604,177
67605,167
67606,191
67607,227
67608,245
67609,310
67610,333
67611,364
67612,374
67613,366
67614,312
67615,331
67616,354
67617,408
67618,453
67619,437
67620,433
67621,474
67622,465
67623,440
67624,423
67625,434
67626,426
67627,430
67628,425
67629,416
67630,399
67631,404
67632,403
67633,398
67634,356
67635,371
67636,378
67637,382
67638,362
67639,341
67640,345
67641,356
67642,379
67643,403
67644,438
67645,507
67646,513
67647,526
67648,515
67649,516
67650,505
67651,496
67652,481
67653,473
67654,500
67655,517
67656,509
67657,510
67658,505
67659,485
67660,497
67661,498
67662,518
67663,517
67664,521
67665,516
67666,517
67667,529
67668,512
67669,520
67670,518
67671,533
67672,531
67673,528
67674,524
67675,540
67676,535
67677,528
67678,538
67679,531
67680,538
67681,537
67682,527
67683,534
67684,542
67685,557
67686,539
67687,552
67688,560
67689,537
67690,548
67691,538
67692,541
67693,532
67694,532
67695,547
67696,533
67697,544
67698,550
67699,543
67700,536
67701,547
67702,542
67703,536
67704,523
67705,514
67706,502
67707,520
67708,507
67709,502
67710,517
67711,499
67712,510
67713,517
67714,514
67715,510
67716,503
67717,513
67718,492
67719,494
67720,497
67721,502
67722,490
67723,493
67724,487
67725,485
67726,475
67727,469
67728,483
67729,488
67730,486
67731,472
67732,452
67733,413
67734,404
67735,412
67736,408
67737,414
67738,426
67739,465
67740,479
67741,445
67742,403
67743,397
67744,392
67745,399
67746,403
67747,410
67748,372
67749,375
67750,365
67751,339
67752,331
67753,339
67754,373
67755,385
67756,455
67757,496
67758,489
67759,499
67760,511
67761,514
67762,528
67763,522
67764,519
67765,530
67766,527
67767,536
67768,542
67769,535
67770,538
67771,537
67772,538
67773,526
67774,524
67775,525
67776,514
67777,477
67778,470
67779,467
67780,446
67781,444
67782,429
67783,414
67784,422
67785,422
67786,416
67787,404
67788,406
67789,377
67790,375
67791,399
67792,390
67793,396
67794,398
67795,382
67796,432
67797,457
67798,475
67799,454
67800,470
67801,485
67802,465
67803,449
67804,440
67805,434
67806,405
67807,407
67808,420
67809,414
67810,380
67811,383
67812,370
67813,329
67814,355
67815,396
67816,377
67817,390
67818,395
67819,375
67820,369
67821,412
67822,393
67823,382
67824,399
67825,415
67826,435
67827,437
67828,420
67829,467
67830,456
67831,453
67832,453
67833,467
67834,486
67835,473
67836,372
67837,413
67838,444
67839,448
67840,468
67841,457
67842,438
67843,445
67844,428
67845,441
67846,444
67847,442
67848,449
67849,441
67850,429
67851,463
67852,470
67853,464
67854,476
67855,467
67856,467
67857,437
67858,429
67859,448
67860,450
67861,451
67862,437
67863,426
67864,422
67865,416
67866,406
67867,407
67868,409
67869,404
67870,417
67871,421
67872,412
67873,419
67874,406
67875,399
67876,403
67877,405
67878,406
67879,408
67880,411
67881,405
67882,410
67883,408
67884,399
67885,425
67886,418
67887,401
67888,414
67889,412
67890,420
67891,419
67892,444
67893,457
67894,485
67895,506
67896,507
67897,514
67898,483
67899,494
67900,488
67901,482
67902,486
67903,472
67904,433
67905,423
67906,399
67907,380
67908,370
67909,359
67910,351
67911,340
67912,347
67913,351
67914,350
67915,368
67916,371
67917,367
67918,378
67919,389
67920,393
67921,392
67922,387
67923,385
67924,385
67925,388
67926,360
67927,359
67928,364
67929,365
67930,382
67931,395
67932,426
67933,433
67934,435
67935,425
67936,425
67937,367
67938,356
67939,341
67940,322
67941,305
67942,280
67943,274
67944,277
67945,273
67946,279
67947,270
67948,262
67949,274
67950,281
67951,289
67952,315
67953,387
67954,421
67955,425
67956,433
67957,432
67958,441
67959,438
67960,447
67961,457
67962,494
67963,472
67964,483
67965,494
67966,491
67967,493
67968,488
67969,497
67970,490
67971,483
67972,479
67973,476
67974,465
67975,477
67976,478
67977,487
67978,473
67979,499
67980,482
67981,482
67982,496
67983,492
67984,491
67985,490
67986,488
67987,489
67988,486
67989,493
67990,487
67991,495
67992,484
67993,495
67994,468
67995,478
67996,462
67997,470
67998,439
67999,397
68000,386
68001,388
68002,408
68003,400
68004,409
68005,427
68006,463
68007,498
68008,471
68009,473
68010,477
68011,468
68012,480
68013,501
68014,533
68015,531
68016,579
68017,613
68018,556
68019,510
68020,488
68021,444
68022,426
68023,481
68024,412
68025,402
68026,413
68027,435
68028,419
68029,413
68030,413
68031,425
68032,426
68033,419
68034,414
68035,417
68036,418
68037,430
68038,433
68039,442
68040,449
68041,450
68042,449
68043,456
68044,441
68045,447
68046,438
68047,428
68048,425
68049,443
68050,448
68051,486
68052,471
68053,465
68054,467
68055,464
68056,460
68057,477
68058,463
68059,461
68060,460
68061,460
68062,462
68063,458
68064,467
68065,470
68066,478
68067,461
68068,494
68069,490
68070,502
68071,497
68072,503
68073,509
68074,511
68075,490
68076,471
68077,483
68078,474
68079,482
68080,488
68081,478
68082,479
68083,478
68084,468
68085,485
68086,484
68087,474
68088,475
68089,483
68090,444
68091,416
68092,415
68093,407
68094,408
68095,410
68096,394
68097,413
68098,435
68099,447
68100,439
68101,456
68102,443
68103,431
68104,438
68105,446
68106,439
68107,456
68108,433
68109,434
68110,421
68111,408
68112,396
68113,393
68114,378
68115,405
68116,432
68117,424
68118,438
68119,438
68120,436
68121,453
68122,445
68123,455
68124,432
68125,462
68126,447
68127,448
68128,457
68129,451
68130,440
68131,450
68132,450
68133,450
68134,433
68135,425
68136,426
68137,417
68138,406
68139,452
68140,429
68141,416
68142,397
68143,364
68144,382
68145,361
68146,356
68147,-99999
68148,-99999
68149,-99999
68150,-99999
68151,-99999
68152,-99999
68153,-99999
68154,-99999
68155,-99999
68156,-99999
68157,-99999
68158,-99999
68159,-99999
68160,-99999
68161,-99999
68162,-99999
68163,-99999
68164,-99999
68165,-99999
68166,-99999
68167,-99999
68168,-99999
68169,-99999
68170,-99999
68171,-99999
68172,-99999
68173,-99999
68174,-99999
68175,-99999
68176,-99999
68177,-99999
68178,-99999
68179,-99999
68180,-99999
68181,-99999
68182,-99999
68183,-99999
68184,-99999
68185,-99999
68186,-99999
68187,-99999
68188,-99999
68189,-99999
68190,-99999
68191,-99999
68192,-99999
68193,-99999
68194,-99999
68195,-99999
68196,-99999
68197,-99999
68198,-99999
68199,-99999
68200,-99999
68201,-99999
68202,-99999
68203,-99999
68204,-99999
68205,-99999
68206,-99999
68207,-99999
68208,-99999
68209,-99999
68210,-99999
68211,-99999
68212,-99999
68213,-99999
68214,-99999
68215,-99999
68216,-99999
68217,-99999
68218,-99999
68219,-99999
68220,-99999
68221,-99999
68222,-99999
68223,-99999
68224,-99999
68225,-99999
68226,-99999
68227,-99999
68228,-99999
68229,-99999
68230,-99999
68231,-99999
68232,-99999
68233,-99999
68234,-99999
68235,-99999
68236,-99999
68237,-99999
68238,-99999
68239,-99999
68240,-99999
68241,-99999
68242,-99999
68243,-99999
68244,-99999
68245,-99999
68246,-99999
68247,-99999
68248,-99999
68249,-99999
68250,-99999
68251,-99999
68252,-99999
68253,-99999
68254,-99999
68255,-99999
68256,-99999
68257,-99999
68258,-99999
68259,-99999
68260,-99999
68261,-99999
68262,-99999
68263,-99999
68264,-99999
68265,-99999
68266,-99999
68267,-99999
68268,-99999
68269,-99999
68270,-99999
68271,-99999
68272,-99999
68273,-99999
68274,-99999
68275,-99999
68276,-99999
68277,-99999
68278,-99999
68279,-99999
68280,-99999
68281,-99999
68282,-99999
68283,-99999
68284,-99999
68285,-99999
68286,-99999
68287,-99999
68288,-99999
68289,-99999
68290,-99999
68291,-99999
68292,-99999
68293,-99999
68294,-99999
68295,-99999
68296,-99999
68297,-99999
68298,-99999
68299,-99999
68300,-99999
68301,-99999
68302,-99999
68303,-99999
68304,-99999
68305,-99999
68306,-99999
68307,-99999
68308,-99999
68309,-99999
68310,-99999
68311,-99999
68312,-99999
68313,-99999
68314,-99999
68315,-99999
68316,-99999
68317,-99999
68318,-99999
68319,-99999
68320,-99999
68321,-99999
68322,-99999
68323,-99999
68324,-99999
68325,-99999
68326,-99999
68327,-99999
68328,-99999
68329,-99999
68330,-99999
68331,-99999
68332,-99999
68333,-99999
68334,-99999
68335,-99999
68336,-99999
68337,-99999
68338,-99999
68339,-99999
68340,-99999
68341,-99999
68342,-99999
68343,-99999
68344,-99999
68345,-99999
68346,-99999
68347,-99999
68348,-99999
68349,-99999
68350,-99999
68351,-99999
68352,-99999
68353,-99999
68354,-99999
68355,-99999
68356,-99999
68357,-99999
68358,-99999
68359,-99999
68360,-99999
68361,-99999
68362,-99999
68363,-99999
68364,-99999
68365,-99999
68366,-99999
68367,-99999
68368,-99999
68369,-99999
68370,-99999
68371,-99999
68372,-99999
68373,-99999
68374,-99999
68375,-99999
68376,-99999
68377,-99999
68378,-99999
68379,-99999
68380,-99999
68381,-99999
68382,-99999
68383,-99999
68384,-99999
68385,-99999
68386,-99999
68387,-99999
68388,-99999
68389,-99999
68390,-99999
68391,-99999
68392,-99999
68393,-99999
68394,-99999
68395,-99999
68396,-99999
68397,-99999
68398,-99999
68399,-99999
68400,-99999
68401,-99999
68402,-99999
68403,-99999
68404,-99999
68405,-99999
68406,-99999
68407,-99999
68408,-99999
68409,-99999
68410,-99999
68411,-99999
68412,-99999
68413,-99999
68414,-99999
68415,-99999
68416,-99999
68417,-99999
68418,-99999
68419,-99999
68420,-99999
68421,-99999
68422,-99999
68423,-99999
68424,-99999
68425,-99999
68426,-99999
68427,-99999
68428,-99999
68429,-99999
68430,-99999
68431,-99999
68432,-99999
68433,-99999
68434,-99999
68435,-99999
68436,-99999
68437,-99999
68438,-99999
68439,-99999
68440,-99999
68441,-99999
68442,-99999
68443,-99999
68444,-99999
68445,-99999
68446,-99999
68447,-99999
68448,-99999
68449,-99999
68450,-99999
68451,-99999
68452,-99999
68453,-99999
68454,-99999
68455,-99999
68456,-99999
68457,-99999
68458,-99999
68459,-99999
68460,-99999
68461,-99999
68462,-99999
68463,-99999
68464,-99999
68465,-99999
68466,-99999
68467,-99999
68468,-99999
68469,-99999
68470,-99999
68471,-99999
68472,-99999
68473,-99999
68474,-99999
68475,-99999
68476,-99999
68477,-99999
68478,-99999
68479,-99999
68480,-99999
68481,-99999
68482,-99999
68483,-99999
68484,-99999
68485,-99999
68486,-99999
68487,-99999
68488,-99999
68489,-99999
68490,-99999
68491,-99999
68492,-99999
68493,-99999
68494,-99999
68495,-99999
68496,-99999
68497,-99999
68498,-99999
68499,-99999
68500,-99999
68501,-99999
68502,-99999
68503,-99999
68504,-99999
68505,-99999
68506,-99999
68507,-99999
68508,-99999
68509,-99999
68510,-99999
68511,-99999
68512,-99999
68513,-99999
68514,-99999
68515,-99999
68516,-99999
68517,-99999
68518,-99999
68519,-99999
68520,-99999
68521,-99999
68522,-99999
68523,-99999
68524,-99999
68525,-99999
68526,-99999
68527,-99999
68528,-99999
68529,-99999
68530,-99999
68531,-99999
68532,-99999
68533,-99999
68534,-99999
68535,-99999
68536,-99999
68537,-99999
68538,-99999
68539,-99999
68540,-99999
68541,-99999
68542,-99999
68543,-99999
68544,-99999
68545,-99999
68546,-99999
68547,-99999
68548,-99999
68549,-99999
68550,-99999
68551,-99999
68552,-99999
68553,-99999
68554,-99999
68555,-99999
68556,-99999
68557,-99999
68558,-99999
68559,-99999
68560,-99999
68561,-99999
68562,-99999
68563,-99999
68564,-99999
68565,-99999
68566,-99999
68567,-99999
68568,-99999
68569,-99999
68570,-99999
68571,-99999
68572,-99999
68573,-99999
68574,-99999
68575,-99999
68576,-99999
68577,-99999
68578,-99999
68579,-99999
68580,-99999
68581,-99999
68582,-99999
68583,-99999
68584,-99999
68585,-99999
68586,-99999
68587,-99999
68588,-99999
68589,-99999
68590,-99999
68591,-99999
68592,-99999
68593,-99999
68594,-99999
68595,-99999
68596,-99999
68597,-99999
68598,-99999
68599,-99999
68600,-99999
68601,-99999
68602,-99999
68603,-99999
68604,-99999
68605,-99999
68606,-99999
68607,-99999
68608,-99999
68609,-99999
68610,-99999
68611,-99999
68612,-99999
68613,-99999
68614,-99999
68615,-99999
68616,-99999
68617,-99999
68618,-99999
68619,-99999
68620,-99999
68621,-99999
68622,-99999
68623,-99999
68624,-99999
68625,-99999
68626,-99999
68627,-99999
68628,-99999
68629,-99999
68630,-99999
68631,-99999
68632,-99999
68633,-99999
68634,-99999
68635,-99999
68636,-99999
68637,-99999
68638,-99999
68639,-99999
68640,-99999
68641,-99999
68642,-99999
68643,-99999
68644,-99999
68645,-99999
68646,-99999
68647,-99999
68648,-99999
68649,-99999
68650,-99999
68651,-99999
68652,-99999
68653,-99999
68654,-99999
68655,-99999
68656,-99999
68657,-99999
68658,-99999
68659,-99999
68660,-99999
68661,-99999
68662,-99999
68663,-99999
68664,-99999
68665,-99999
68666,-99999
68667,-99999
68668,-99999
68669,-99999
68670,-99999
68671,-99999
68672,-99999
68673,-99999
68674,-99999
68675,-99999
68676,-99999
68677,-99999
68678,-99999
68679,-99999
68680,-99999
68681,-99999
68682,-99999
68683,-99999
68684,-99999
68685,-99999
68686,-99999
68687,-99999
68688,-99999
68689,-99999
68690,-99999
68691,-99999
68692,-99999
68693,-99999
68694,-99999
68695,-99999
68696,-99999
68697,-99999
68698,-99999
68699,-99999
68700,-99999
68701,-99999
68702,-99999
68703,-99999
68704,-99999
68705,-99999
68706,-99999
68707,-99999
68708,-99999
68709,-99999
68710,-99999
68711,-99999
68712,-99999
68713,-99999
68714,-99999
68715,-99999
68716,-99999
68717,-99999
68718,-99999
68719,-99999
68720,-99999
68721,-99999
68722,-99999
68723,-99999
68724,-99999
68725,-99999
68726,-99999
68727,-99999
68728,-99999
68729,-99999
68730,-99999
68731,-99999
68732,-99999
68733,-99999
68734,-99999
68735,-99999
68736,-99999
68737,-99999
68738,-99999
68739,-99999
68740,-99999
68741,-99999
68742,-99999
68743,-99999
68744,-99999
68745,-99999
68746,-99999
68747,-99999
68748,-99999
68749,-99999
68750,-99999
68751,-99999
68752,-99999
68753,-99999
68754,-99999
68755,-99999
68756,-99999
68757,-99999
68758,-99999
68759,-99999
68760,-99999
68761,-99999
68762,-99999
68763,-99999
68764,-99999
68765,-99999
68766,-99999
68767,-99999
68768,-99999
68769,-99999
68770,-99999
68771,-99999
68772,-99999
68773,-99999
68774,-99999
68775,-99999
68776,-99999
68777,-99999
68778,-99999
68779,-99999
68780,-99999
68781,-99999
68782,-99999
68783,-99999
68784,-99999
68785,-99999
68786,-99999
68787,-99999
68788,-99999
68789,-99999
68790,-99999
68791,-99999
68792,-99999
68793,-99999
68794,-99999
68795,-99999
68796,-99999
68797,-99999
68798,-99999
68799,-99999
68800,-99999
68801,-99999
68802,-99999
68803,-99999
68804,-99999
68805,-99999
68806,-99999
68807,-99999
68808,-99999
68809,-99999
68810,-99999
68811,-99999
68812,-99999
68813,-99999
68814,-99999
68815,-99999
68816,-99999
68817,-99999
68818,-99999
68819,-99999
68820,-99999
68821,-99999
68822,-99999
68823,-99999
68824,-99999
68825,-99999
68826,-99999
68827,-99999
68828,-99999
68829,-99999
68830,-99999
68831,-99999
68832,-99999
68833,-99999
68834,-99999
68835,-99999
68836,-99999
68837,-99999
68838,-99999
68839,-99999
68840,-99999
68841,-99999
68842,-99999
68843,-99999
68844,-99999
68845,-99999
68846,-99999
68847,-99999
68848,-99999
68849,-99999
68850,-99999
68851,-99999
68852,-99999
68853,-99999
68854,-99999
68855,-99999
68856,-99999
68857,-99999
68858,-99999
68859,-99999
68860,-99999
68861,-99999
68862,-99999
68863,-99999
68864,-99999
68865,-99999
68866,-99999
68867,-99999
68868,-99999
68869,-99999
68870,-99999
68871,-99999
68872,-99999
68873,-99999
