NETCARE2015/data/raw/Flight2/CPC3772_POLAR6_20150407_r2_NETCARE.ict
35,1001
Abbatt,Jon
University of Toronto
Polar 6
NETCARE
1,1
2015,4,7,2017,8,16
1
time,seconds,seconds from start in UTC
1
1
-99999
conc,number of particles per cm3
0
20
PI_CONTACT_INFO: 80 St. George Street; Toronto; ON M5S 3H6 CANADA; email: jabbatt@chem.utoronto.ca
PLATFORM: Polar 6 aircraft
LOCATION: Canadian Arctic near Alert
ASSOCIATED_DATA: none
INSTRUMENT_INFO: Condensation Particle Counter Model 3772 is an instrument that detects airborne particles down to 10 nm at an aerosol flow rate of 1.0 L/min, over a concentration range from 0 to 10^4 particles/cm^3 
DATA_INFO: all relevant information is given above
UNCERTAINTY:  ±10% of measured value
ULOD_FLAG: -7777
ULOD_VALUE: N/As
LLOD_FLAG: -8888
LLOD_VALUE: N/A
DM_CONTACT_INFO: Data collected by Julia Burkart. Please direct all correspondence to Jon Abbatt: jabbatt@chem.utoronto.ca
PROJECT_INFO: Polar 6 NETCARE Spring 2015 campaign
STIPULATIONS_ON_USE: N/A
OTHER_COMMENTS: N/A
REVISION: R2, R1, R0
R2: zero and filter measurements are removed
R1: uncorrected raw data
R0: raw data
time,conc
[from data line 10606]
70123,872
70124,956
70125,880
70126,827
70127,811
70128,839
70129,834
70130,819
70131,821
70132,829
70133,790
70134,789
70135,808
70136,805
70137,815
70138,789
70139,796
70140,824
70141,816
70142,795
70143,792
70144,792
70145,805
70146,801
70147,810
70148,794
70149,832
70150,795
70151,800
70152,820
70153,830
70154,826
70155,826
70156,817
70157,808
70158,818
70159,824
70160,817
70161,819
70162,823
70163,827
70164,803
70165,795
70166,798
70167,819
70168,813
70169,822
70170,798
70171,811
70172,787
70173,780
70174,782
70175,775
70176,773
70177,759
70178,774
70179,780
70180,773
70181,750
70182,751
70183,746
70184,744
70185,771
70186,784
70187,796
70188,768
70189,780
70190,782
70191,788
70192,780
70193,809
70194,797
70195,780
70196,787
70197,797
70198,784
70199,803
70200,790
70201,816
70202,809
70203,789
70204,796
70205,807
70206,788
70207,784
70208,787
70209,778
70210,736
70211,761
70212,784
70213,779
70214,767
70215,772
70216,761
70217,755
70218,790
70219,821
70220,804
70221,785
70222,763
70223,767
70224,788
70225,801
70226,798
70227,783
70228,774
70229,792
70230,801
70231,806
70232,772
70233,770
70234,782
70235,790
70236,789
70237,794
70238,779
70239,776
70240,788
70241,784
70242,779
70243,779
70244,801
70245,796
70246,810
70247,825
70248,840
70249,814
70250,846
70251,868
70252,866
70253,958
70254,973
70255,991
70256,979
70257,985
70258,982
70259,982
70260,978
70261,1007
70262,1004
70263,1012
70264,1021
70265,1021
70266,1022
70267,1023
70268,1029
70269,1042
70270,1026
70271,1032
70272,1016
70273,1030
70274,1047
70275,1049
70276,1059
70277,1052
70278,1053
70279,1057
70280,1071
70281,1050
70282,1067
70283,1061
70284,1053
70285,1065
70286,1075
70287,1061
70288,981
70289,959
70290,945
70291,890
70292,855
70293,846
70294,830
70295,806
70296,764
70297,754
70298,707
70299,725
70300,731
70301,714
70302,713
70303,754
70304,711
70305,740
70306,759
70307,735
70308,685
70309,705
70310,701
70311,736
70312,716
70313,687
70314,643
70315,629
70316,626
70317,628
70318,622
70319,621
70320,618
70321,605
70322,608
70323,592
70324,601
70325,593
70326,575
70327,568
70328,558
70329,567
70330,574
70331,559
70332,547
70333,494
70334,467
70335,453
70336,416
70337,391
70338,379
70339,366
70340,351
70341,336
70342,336
70343,316
70344,317
70345,311
70346,308
70347,301
70348,306
70349,306
70350,298
70351,301
70352,299
70353,298
70354,296
70355,300
70356,297
70357,292
70358,301
70359,295
70360,286
70361,288
70362,277
70363,284
70364,281
70365,292
70366,274
70367,275
70368,282
70369,280
70370,271
70371,268
70372,271
70373,264
70374,254
70375,255
70376,261
70377,248
70378,246
70379,240
70380,255
70381,244
70382,243
70383,245
70384,241
70385,246
70386,237
70387,242
70388,230
70389,234
70390,237
70391,241
70392,244
70393,243
70394,249
70395,237
70396,243
70397,245
70398,251
70399,258
70400,243
70401,240
70402,244
70403,250
70404,245
70405,245
70406,242
70407,243
70408,239
70409,242
70410,243
70411,238
70412,243
70413,249
70414,242
70415,246
70416,245
70417,244
70418,250
70419,249
70420,253
70421,242
70422,249
70423,247
70424,237
70425,250
70426,241
70427,239
70428,245
70429,237
70430,250
70431,250
70432,245
70433,243
70434,246
70435,247
70436,243
70437,235
70438,235
70439,237
70440,243
70441,230
70442,240
70443,234
70444,233
70445,240
70446,232
70447,238
70448,242
70449,241
70450,236
70451,237
70452,244
70453,237
70454,240
70455,240
70456,241
70457,242
70458,249
70459,232
70460,231
70461,238
70462,235
70463,234
70464,233
70465,229
70466,223
70467,220
70468,217
70469,216
70470,220
70471,217
70472,220
70473,208
70474,208
70475,208
70476,217
70477,215
70478,208
70479,209
70480,211
70481,220
70482,213
70483,216
70484,208
70485,221
70486,213
70487,209
70488,224
70489,225
70490,224
70491,223
70492,213
70493,228
70494,217
70495,211
70496,218
70497,211
70498,219
70499,213
70500,213
70501,210
70502,206
70503,209
70504,200
70505,197
70506,197
70507,194
70508,192
70509,192
70510,195
70511,199
70512,194
70513,186
70514,199
70515,194
70516,195
70517,193
70518,191
70519,192
70520,190
70521,189
70522,189
70523,192
70524,188
70525,193
70526,182
70527,197
70528,191
70529,184
70530,185
70531,177
70532,187
70533,180
70534,178
70535,181
70536,180
70537,171
70538,171
70539,176
70540,167
70541,170
70542,168
70543,161
70544,154
70545,151
70546,156
70547,159
70548,154
70549,162
70550,152
70551,153
70552,150
70553,149
70554,154
70555,156
70556,152
70557,154
70558,156
70559,153
70560,152
70561,162
70562,159
70563,166
70564,158
70565,164
70566,162
70567,159
70568,157
70569,160
70570,159
70571,153
70572,151
70573,153
70574,155
70575,156
70576,152
70577,152
70578,150
70579,150
70580,151
70581,155
70582,151
70583,148
70584,151
70585,153
70586,154
70587,148
70588,155
70589,152
70590,155
70591,147
70592,149
70593,150
70594,150
70595,153
70596,152
70597,155
70598,165
70599,173
70600,170
70601,175
70602,174
70603,174
70604,175
70605,181
70606,169
70607,168
70608,169
70609,168
70610,167
70611,166
70612,166
70613,162
70614,176
70615,177
70616,173
70617,171
70618,163
70619,159
70620,160
70621,156
70622,166
70623,159
70624,156
70625,166
70626,159
70627,163
70628,152
70629,158
70630,163
70631,157
70632,161
70633,149
70634,153
70635,149
70636,150
70637,148
70638,155
70639,155
70640,155
70641,153
70642,151
70643,155
70644,152
70645,152
70646,157
70647,162
70648,170
70649,174
70650,168
70651,177
70652,186
70653,193
70654,192
70655,192
70656,191
70657,188
70658,198
70659,195
70660,193
70661,190
70662,187
70663,189
70664,188
70665,178
70666,163
70667,162
70668,160
70669,161
70670,154
70671,162
70672,156
70673,158
70674,156
70675,149
70676,155
70677,160
70678,152
70679,163
70680,166
70681,169
70682,180
70683,181
70684,185
70685,191
70686,192
70687,188
70688,179
70689,182
70690,181
70691,195
70692,190
70693,190
70694,192
70695,196
70696,196
70697,195
70698,197
70699,190
70700,193
70701,196
70702,197
70703,198
70704,193
70705,192
70706,194
70707,194
70708,195
70709,192
70710,193
70711,192
70712,189
70713,197
70714,196
70715,194
70716,193
70717,193
70718,196
70719,198
70720,197
70721,194
70722,195
70723,199
70724,195
70725,197
70726,196
70727,195
70728,198
70729,196
70730,200
70731,199
70732,198
70733,201
70734,196
70735,202
70736,200
70737,195
70738,198
70739,200
70740,206
70741,198
70742,200
70743,196
70744,200
70745,198
70746,195
70747,206
70748,198
70749,201
70750,201
70751,198
70752,197
70753,201
70754,204
70755,208
70756,202
70757,196
70758,195
70759,201
70760,201
70761,202
70762,207
70763,192
70764,198
70765,192
70766,203
70767,198
70768,198
70769,202
70770,204
70771,197
70772,197
70773,205
70774,203
70775,201
70776,198
70777,204
70778,202
70779,200
70780,205
70781,201
70782,204
70783,205
70784,205
70785,204
70786,205
70787,204
70788,208
70789,197
70790,203
70791,201
70792,203
70793,204
70794,201
70795,205
70796,201
70797,198
70798,205
70799,193
70800,198
70801,202
70802,206
70803,207
70804,209
70805,201
70806,207
70807,212
70808,213
70809,217
70810,211
70811,215
70812,215
70813,211
70814,214
70815,213
70816,219
70817,221
70818,217
70819,219
70820,215
70821,222
70822,231
70823,227
70824,231
70825,219
70826,229
70827,225
70828,221
70829,228
70830,227
70831,228
70832,230
70833,229
70834,226
70835,232
70836,230
70837,235
70838,238
70839,243
70840,231
70841,246
70842,248
70843,245
70844,244
70845,244
70846,242
70847,242
70848,238
70849,243
70850,246
70851,249
70852,250
70853,245
70854,238
70855,245
70856,242
70857,233
70858,250
70859,244
70860,249
70861,246
70862,243
70863,239
70864,240
70865,248
70866,246
70867,247
70868,244
70869,249
70870,243
70871,237
70872,245
70873,244
70874,249
70875,243
70876,249
70877,252
70878,263
70879,261
70880,260
70881,266
70882,276
70883,286
70884,279
70885,286
70886,275
70887,262
70888,272
70889,279
70890,291
70891,280
70892,271
70893,273
70894,278
70895,286
70896,288
70897,287
70898,288
70899,293
70900,290
70901,292
70902,290
70903,296
70904,290
70905,295
70906,286
70907,297
70908,291
70909,290
70910,292
70911,298
70912,292
70913,288
70914,298
70915,288
70916,291
70917,287
70918,284
70919,285
70920,314
70921,330
70922,346
70923,350
70924,363
70925,368
70926,366
70927,365
70928,360
70929,367
70930,360
70931,361
70932,370
70933,377
70934,378
70935,356
70936,342
70937,330
70938,335
70939,325
70940,333
70941,329
70942,324
70943,329
70944,319
70945,340
70946,326
70947,319
70948,314
70949,329
70950,326
70951,322
70952,326
70953,326
70954,324
70955,321
70956,332
70957,332
70958,335
70959,349
70960,345
70961,337
70962,343
70963,351
70964,366
70965,367
70966,369
70967,362
70968,371
70969,370
70970,367
70971,361
70972,372
70973,368
70974,368
70975,373
70976,375
70977,376
70978,381
70979,384
70980,384
70981,382
70982,383
70983,395
70984,387
70985,401
70986,399
70987,397
70988,394
70989,401
70990,384
70991,392
70992,388
70993,374
70994,381
70995,387
70996,369
70997,389
70998,381
70999,392
71000,403
71001,418
71002,425
71003,440
71004,444
71005,450
71006,456
71007,459
71008,470
71009,464
71010,478
71011,468
71012,476
71013,472
71014,476
71015,484
71016,483
71017,486
71018,495
71019,484
71020,499
71021,470
71022,472
71023,476
71024,472
71025,479
71026,486
71027,483
71028,464
71029,473
71030,478
71031,467
71032,480
71033,525
71034,566
71035,551
71036,545
71037,541
71038,533
71039,514
71040,530
71041,523
71042,514
71043,528
71044,523
71045,526
71046,532
71047,508
71048,515
71049,523
71050,515
71051,487
71052,484
71053,477
71054,484
71055,498
71056,494
71057,484
71058,478
71059,466
71060,448
71061,435
71062,418
71063,414
71064,409
71065,393
71066,399
71067,394
71068,399
71069,387
71070,382
71071,386
71072,383
71073,397
71074,393
71075,417
71076,434
71077,440
71078,444
71079,429
71080,430
71081,461
71082,455
71083,476
71084,464
71085,480
71086,459
71087,461
71088,469
71089,449
71090,447
71091,455
71092,454
71093,452
71094,448
71095,450
71096,437
71097,423
71098,420
71099,413
71100,405
71101,394
71102,399
71103,396
71104,382
71105,382
71106,365
71107,366
71108,371
71109,366
71110,395
71111,407
71112,399
71113,379
71114,390
71115,387
71116,379
71117,366
71118,364
71119,375
71120,385
71121,371
71122,367
71123,365
71124,368
71125,375
71126,365
71127,371
71128,369
71129,364
71130,371
71131,367
71132,376
71133,387
71134,387
71135,390
71136,375
71137,382
71138,299
71139,601
71140,240
71141,136
71142,129
71143,202
71144,281
71145,323
71146,319
71147,314
71148,313
71149,326
71150,322
71151,316
71152,309
71153,319
71154,308
71155,315
71156,321
71157,325
71158,318
71159,319
71160,311
71161,311
71162,314
71163,311
71164,313
71165,313
71166,311
71167,302
71168,307
71169,308
71170,308
71171,316
71172,308
71173,311
71174,303
71175,307
71176,306
71177,311
71178,305
71179,313
71180,307
71181,311
71182,324
71183,315
71184,333
71185,323
71186,319
71187,311
71188,304
71189,305
71190,304
71191,304
71192,301
71193,308
71194,303
71195,302
71196,303
71197,303
71198,305
71199,303
71200,307
71201,300
71202,299
71203,297
71204,292
71205,298
71206,305
71207,303
71208,303
71209,296
71210,298
71211,295
71212,291
71213,301
71214,295
71215,292
71216,294
71217,297
71218,304
71219,306
71220,302
71221,298
71222,288
71223,293
71224,285
71225,295
71226,291
71227,284
71228,293
71229,287
71230,283
71231,283
71232,280
71233,286
71234,281
71235,283
71236,277
71237,273
71238,278
71239,275
71240,285
71241,288
71242,287
71243,289
71244,292
71245,286
71246,282
71247,278
71248,271
71249,261
71250,266
71251,265
71252,270
71253,260
71254,264
71255,261
71256,257
71257,266
71258,265
71259,271
71260,262
71261,276
71262,265
71263,267
71264,265
71265,266
71266,259
71267,260
71268,260
71269,264
71270,268
71271,262
71272,262
71273,262
71274,262
71275,272
71276,265
71277,270
71278,269
71279,272
71280,278
71281,293
71282,304
71283,303
71284,301
71285,303
71286,300
71287,304
71288,311
71289,315
71290,315
71291,318
71292,324
71293,320
71294,310
71295,321
71296,335
71297,325
71298,320
71299,321
71300,323
71301,333
71302,330
71303,333
71304,329
71305,329
71306,328
71307,351
71308,338
71309,330
71310,342
71311,327
71312,325
71313,326
71314,336
71315,330
71316,338
71317,337
71318,335
71319,327
71320,333
71321,328
71322,342
71323,333
71324,351
71325,348
71326,341
71327,339
71328,353
71329,334
71330,350
71331,350
71332,339
71333,339
71334,337
71335,353
71336,339
71337,337
71338,336
71339,339
71340,345
71341,346
71342,345
71343,337
71344,343
71345,343
71346,352
71347,349
71348,347
71349,360
71350,357
71351,342
71352,347
71353,348
71354,338
71355,352
71356,351
71357,351
71358,350
71359,354
71360,349
71361,360
71362,362
71363,351
71364,357
71365,340
71366,352
71367,355
71368,359
71369,340
71370,344
71371,349
71372,342
71373,341
71374,333
71375,338
71376,329
71377,329
71378,332
71379,346
71380,326
71381,327
71382,336
71383,322
71384,321
71385,320
71386,323
71387,317
71388,323
71389,312
71390,315
71391,315
71392,316
71393,314
71394,304
71395,309
71396,304
71397,311
71398,311
71399,311
71400,313
71401,296
71402,307
71403,309
71404,309
71405,302
71406,298
71407,314
71408,309
71409,303
71410,313
71411,299
71412,298
71413,308
71414,305
71415,307
71416,300
71417,293
71418,280
71419,292
71420,279
71421,278
71422,260
71423,258
71424,265
71425,277
71426,269
71427,267
71428,269
71429,272
71430,272
71431,279
71432,280
71433,278
71434,277
71435,279
71436,289
71437,288
71438,289
71439,298
71440,301
71441,287
71442,295
71443,301
71444,298
71445,286
71446,293
71447,274
71448,277
71449,274
71450,276
71451,282
71452,276
71453,276
71454,268
71455,274
71456,267
71457,265
71458,263
71459,259
71460,265
71461,255
71462,260
71463,266
71464,266
71465,272
71466,262
71467,257
71468,265
71469,271
71470,261
71471,271
71472,265
71473,264
71474,259
71475,264
71476,263
71477,268
71478,268
71479,266
71480,275
71481,266
71482,265
71483,254
71484,239
71485,235
71486,231
71487,232
71488,222
71489,228
71490,229
71491,226
71492,225
71493,223
71494,228
71495,225
71496,225
71497,230
71498,225
71499,231
71500,224
71501,232
71502,218
71503,225
71504,222
71505,232
71506,224
71507,220
71508,221
71509,224
71510,223
71511,233
71512,238
71513,237
71514,233
71515,226
71516,228
71517,240
71518,239
71519,238
71520,235
71521,236
71522,251
71523,254
71524,250
71525,253
71526,253
71527,248
71528,240
71529,236
71530,237
71531,231
71532,226
71533,228
71534,223
71535,224
71536,226
71537,222
71538,223
71539,228
71540,224
71541,227
71542,226
71543,223
71544,228
71545,233
71546,253
71547,253
71548,243
71549,248
71550,234
71551,250
71552,255
71553,259
71554,254
71555,246
71556,249
71557,252
71558,251
71559,245
71560,257
71561,252
71562,253
71563,254
71564,250
71565,250
71566,249
71567,253
71568,265
71569,253
71570,268
71571,249
71572,263
71573,249
71574,259
71575,258
71576,261
71577,264
71578,255
71579,260
71580,257
71581,266
71582,258
71583,275
71584,303
71585,310
71586,304
71587,309
71588,312
71589,308
71590,300
71591,296
71592,287
71593,285
71594,289
71595,283
71596,275
71597,280
71598,277
71599,279
71600,270
71601,272
71602,277
71603,269
71604,276
71605,281
71606,292
71607,287
71608,281
71609,280
71610,275
71611,286
71612,288
71613,279
71614,297
71615,298
71616,287
71617,290
71618,299
71619,301
71620,307
71621,314
71622,317
71623,328
71624,323
71625,316
71626,329
71627,332
71628,334
71629,337
71630,340
71631,337
71632,342
71633,333
71634,333
71635,336
71636,327
71637,320
71638,313
71639,324
71640,290
71641,305
71642,299
71643,284
71644,288
71645,282
71646,286
71647,284
71648,288
71649,288
71650,283
71651,277
71652,275
71653,272
71654,268
71655,260
71656,270
71657,268
71658,264
71659,260
71660,260
71661,263
71662,257
71663,256
71664,254
71665,251
71666,252
71667,257
71668,249
71669,242
71670,238
71671,245
71672,241
71673,218
71674,227
71675,227
71676,208
71677,196
71678,187
71679,187
71680,190
71681,189
71682,191
71683,197
71684,198
71685,196
71686,192
71687,190
71688,192
71689,202
71690,195
71691,193
71692,189
71693,190
71694,193
71695,196
71696,196
71697,194
71698,204
71699,207
71700,206
71701,203
71702,199
71703,184
71704,176
71705,165
71706,164
71707,153
71708,151
71709,153
71710,145
71711,152
71712,150
71713,157
71714,158
71715,163
71716,167
71717,161
71718,166
