NETCARE2015/data/raw/Flight2/H2O_POLAR6_20150407_R1_NETCARE.ict
34, 1001
Bozem, Heiko; Hoor, Peter
Institute for Atmospheric Physics, Johannes Gutenberg University, Mainz, Germany
H2O mixing ratio from LI7200 CO2/H2O analyzer
NETCARE Polar 6 Campaign 2015
1, 1
2015, 04, 07, 2016, 01, 22
1
Time_UTC, seconds
1
1
-9999.9
H2O_ppmv, ppmv
0
19
PI_CONTACT_INFO: Address: Johann-Joachim-Becherweg 21, 55128 Mainz, email: bozemh@uni-mainz.de; hoor@uni-mainz.de
PLATFORM: Polar 6
LOCATION: GPS location and altitude available at 1 Hz resolution in separate file (See AIMMS files under Aircraft data and meteorology)
ASSOCIATED_DATA: N/A
INSTRUMENT_INFO: H2O measurements based on non-dispersive infrared absorption spectroscopy
DATA_INFO: Units are ppmv
UNCERTAINTY RELATIVE TO STANDARD: 18.5 ppmv or 2.5 %, whichever is greater, at 1 sigma confidence (before drift correction is applied)
ULOD_FLAG: -7777
ULOD_VALUE: N/A
LLOD_FLAG: -8888
LLOD_VALUE: N/A 
DM_CONTACT_INFO: N/A
PROJECT_INFO: NETCARE Polar 6 aircraft campaign in April 2015; Alert
STIPULATIONS_ON_USE: N/A
OTHER_COMMENTS: N/A
REVISION: R1
R0: Preliminary data, corrected for instrument drift
R1: Final data, corrected for instrument drift
Time_UTC,H2O_ppmv
[from data line 14452]
73969,622.6
73970,622.7
73971,622.9
73972,622.1
73973,622.3
73974,622.9
73975,627.1
73976,629.7
73977,631.0
73978,631.2
73979,633.6
73980,634.6
73981,634.1
73982,632.1
73983,631.1
73984,630.1
73985,630.3
73986,630.1
73987,628.1
73988,627.8
73989,628.3
73990,627.2
73991,627.4
73992,627.7
73993,628.7
73994,627.7
73995,627.0
73996,627.1
73997,624.8
73998,621.6
73999,620.9
74000,619.5
74001,619.2
74002,618.1
74003,617.7
74004,614.6
74005,614.2
74006,615.4
74007,614.2
74008,613.1
74009,609.9
74010,608.5
74011,609.9
74012,607.9
74013,608.5
74014,611.0
74015,611.2
74016,611.6
74017,609.7
74018,608.1
74019,607.3
74020,609.5
74021,611.4
74022,611.2
74023,612.4
74024,612.5
74025,612.1
74026,613.0
74027,613.2
74028,613.6
74029,613.7
74030,612.7
74031,611.5
74032,611.9
74033,611.6
74034,609.9
74035,607.5
74036,606.6
74037,606.0
74038,606.4
74039,605.4
74040,606.6
74041,606.2
74042,606.3
74043,607.1
74044,606.9
74045,606.6
74046,606.5
74047,607.3
74048,605.4
74049,605.6
74050,606.5
74051,608.2
74052,610.1
74053,612.7
74054,613.4
74055,612.3
74056,611.2
74057,610.5
74058,610.8
74059,611.2
74060,610.7
74061,610.3
74062,609.1
74063,609.7
74064,609.1
74065,610.3
74066,610.3
74067,611.8
74068,615.0
74069,616.2
74070,612.0
74071,613.8
74072,618.8
74073,618.0
74074,617.4
74075,619.1
74076,614.5
74077,612.9
74078,613.5
74079,614.0
74080,615.7
74081,616.3
74082,616.8
74083,617.0
74084,617.4
74085,617.0
74086,617.7
74087,617.4
74088,618.8
74089,618.4
74090,620.0
74091,622.0
74092,622.1
74093,623.3
74094,624.4
74095,625.6
74096,623.0
74097,622.8
74098,621.4
74099,620.2
74100,607.9
74101,602.2
74102,604.3
74103,608.9
74104,604.2
74105,601.5
74106,597.8
74107,595.7
74108,595.8
74109,596.7
74110,597.7
74111,598.3
74112,599.0
74113,598.7
74114,599.4
74115,599.5
74116,600.0
74117,600.4
74118,599.6
74119,601.1
74120,600.4
74121,600.7
74122,599.8
74123,600.4
74124,600.9
74125,599.5
74126,601.1
74127,601.5
74128,600.6
74129,598.8
74130,600.5
74131,602.9
74132,602.7
74133,601.4
74134,598.3
74135,596.3
74136,594.9
74137,592.2
74138,587.6
74139,582.4
74140,589.1
74141,594.9
74142,594.7
74143,581.0
74144,577.1
74145,574.6
74146,574.9
74147,575.1
74148,573.1
74149,570.6
74150,569.5
74151,568.3
74152,568.9
74153,569.7
74154,568.7
74155,569.2
74156,569.2
74157,567.6
74158,568.0
74159,567.6
74160,567.5
74161,567.3
74162,567.6
74163,568.9
74164,567.9
74165,565.8
74166,565.8
74167,567.7
74168,571.3
74169,571.6
74170,576.5
74171,581.5
74172,591.5
74173,599.4
74174,598.9
74175,597.2
74176,596.4
74177,596.2
74178,596.6
74179,596.4
74180,596.5
74181,598.1
74182,598.6
74183,598.7
74184,598.8
74185,599.5
74186,600.4
74187,599.7
74188,599.9
74189,601.4
74190,601.9
74191,602.8
74192,603.1
74193,602.8
74194,603.7
74195,603.5
74196,603.4
74197,603.8
74198,602.6
74199,601.2
74200,601.6
74201,604.3
74202,601.1
74203,603.7
74204,602.1
74205,599.1
74206,599.3
74207,597.3
74208,593.7
74209,595.3
74210,590.4
74211,588.0
74212,588.4
74213,590.3
74214,591.1
74215,590.6
74216,590.4
74217,589.1
74218,587.3
74219,588.6
74220,588.2
74221,586.2
74222,583.9
74223,584.1
74224,585.1
74225,584.8
74226,584.9
74227,583.0
74228,583.9
74229,582.6
74230,582.0
74231,582.9
74232,582.5
74233,583.6
74234,584.3
74235,584.3
74236,584.8
74237,586.0
74238,584.6
74239,584.8
74240,586.5
74241,584.1
74242,574.7
74243,571.5
74244,569.2
74245,573.4
74246,576.3
74247,573.4
74248,555.3
74249,552.8
74250,554.9
74251,555.6
74252,559.9
74253,553.8
74254,553.8
74255,548.7
74256,542.7
74257,533.5
74258,530.2
74259,531.7
74260,527.4
74261,525.0
74262,528.6
74263,532.9
74264,531.7
74265,532.7
74266,524.2
74267,515.2
74268,496.8
74269,471.3
74270,469.8
74271,462.7
74272,456.9
74273,445.0
74274,439.6
74275,438.2
74276,436.1
74277,432.9
74278,427.0
74279,421.6
74280,427.5
74281,412.0
74282,406.9
74283,404.2
74284,404.6
74285,403.6
74286,404.3
74287,403.5
74288,404.0
74289,403.8
74290,403.7
74291,403.6
74292,403.6
74293,402.6
74294,402.3
74295,402.1
74296,401.3
74297,401.7
74298,401.7
74299,402.5
74300,402.2
74301,401.4
74302,402.7
74303,401.9
74304,402.4
74305,402.7
74306,402.5
74307,402.2
74308,401.6
74309,401.7
74310,401.9
74311,400.9
74312,401.6
74313,401.3
74314,401.6
74315,401.3
74316,401.3
74317,401.4
74318,400.6
74319,401.8
74320,401.9
74321,401.1
74322,400.7
74323,400.7
74324,399.8
74325,400.6
74326,399.9
74327,400.2
74328,399.9
74329,399.7
74330,401.0
74331,402.6
74332,400.8
74333,401.3
74334,399.4
74335,400.0
74336,401.5
74337,401.4
74338,402.8
74339,401.6
74340,400.6
74341,401.4
74342,401.9
74343,401.0
74344,401.6
74345,401.6
74346,400.8
74347,402.1
74348,401.4
74349,400.8
74350,400.5
74351,400.2
74352,400.8
74353,400.8
74354,401.2
74355,403.3
74356,403.5
74357,403.6
74358,404.4
74359,403.2
74360,404.6
74361,403.1
74362,403.0
74363,404.3
74364,404.3
74365,404.4
74366,403.5
74367,404.1
74368,403.8
74369,403.3
74370,403.9
74371,403.5
74372,404.7
74373,403.0
74374,403.2
74375,404.0
74376,404.0
74377,403.5
74378,403.9
74379,404.0
74380,404.3
74381,413.3
74382,419.3
74383,421.7
74384,431.8
74385,436.7
74386,432.7
74387,431.1
74388,422.9
74389,419.2
74390,424.2
74391,438.8
74392,437.6
74393,443.4
74394,435.1
74395,439.9
74396,430.8
74397,446.9
74398,447.5
74399,441.6
74400,425.3
74401,418.8
74402,412.7
74403,409.1
74404,413.1
74405,416.0
74406,421.6
74407,420.8
74408,419.1
74409,426.0
74410,438.3
74411,456.3
74412,467.7
74413,465.3
74414,444.4
74415,426.3
74416,411.4
74417,407.7
74418,409.0
74419,408.1
74420,406.5
74421,403.6
74422,401.5
74423,399.8
74424,400.0
74425,399.4
74426,399.2
74427,400.0
74428,399.6
74429,399.6
74430,399.8
74431,400.6
74432,399.9
74433,401.0
74434,400.7
74435,400.7
74436,401.3
74437,401.4
74438,401.4
74439,400.5
74440,401.0
74441,401.9
74442,401.9
74443,401.3
74444,401.1
74445,400.4
74446,401.5
74447,400.4
74448,401.4
74449,401.0
74450,400.8
74451,401.0
74452,401.7
74453,402.3
74454,401.5
74455,401.5
74456,401.9
74457,402.1
74458,401.9
74459,402.1
74460,402.0
74461,401.8
74462,402.2
74463,402.4
74464,402.6
74465,402.5
74466,401.8
74467,402.1
74468,402.2
74469,402.2
74470,401.2
74471,401.8
74472,401.7
74473,402.6
74474,401.5
74475,401.4
74476,402.2
74477,400.8
74478,401.4
74479,401.9
74480,402.9
74481,403.4
74482,404.5
74483,403.6
74484,403.4
74485,403.4
74486,403.0
74487,402.8
74488,400.2
74489,401.9
74490,401.3
74491,401.0
74492,401.9
74493,400.8
74494,399.4
74495,399.6
74496,400.2
74497,399.4
74498,398.9
74499,398.5
74500,397.7
74501,399.2
74502,399.4
74503,399.2
74504,400.0
74505,399.9
74506,400.4
74507,400.4
74508,399.4
74509,400.5
74510,400.5
74511,399.9
74512,400.7
74513,400.6
74514,400.8
74515,400.4
74516,400.8
74517,401.0
74518,400.6
74519,400.6
74520,399.7
74521,400.4
74522,400.0
74523,398.9
74524,398.7
74525,400.1
74526,399.8
74527,399.6
74528,400.4
74529,400.2
74530,399.5
74531,399.7
74532,399.9
74533,399.0
74534,400.4
74535,398.8
74536,398.5
74537,398.3
74538,399.2
74539,399.0
74540,399.3
74541,400.2
74542,400.6
74543,400.6
74544,400.4
74545,399.2
74546,399.6
74547,399.2
74548,398.5
74549,398.4
74550,399.5
74551,398.6
74552,-9999.9
74553,-9999.9
74554,-9999.9
74555,-9999.9
74556,-9999.9
74557,-9999.9
74558,-9999.9
74559,-9999.9
74560,-9999.9
74561,-9999.9
74562,-9999.9
74563,-9999.9
74564,-9999.9
74565,-9999.9
74566,-9999.9
74567,-9999.9
74568,-9999.9
74569,-9999.9
74570,-9999.9
74571,-9999.9
74572,-9999.9
74573,-9999.9
74574,-9999.9
74575,-9999.9
74576,-9999.9
74577,-9999.9
74578,-9999.9
74579,-9999.9
74580,-9999.9
74581,-9999.9
74582,-9999.9
74583,-9999.9
74584,-9999.9
74585,-9999.9
74586,-9999.9
74587,-9999.9
74588,-9999.9
74589,-9999.9
74590,-9999.9
74591,-9999.9
74592,-9999.9
74593,-9999.9
74594,-9999.9
74595,-9999.9
74596,-9999.9
74597,-9999.9
74598,-9999.9
74599,-9999.9
74600,-9999.9
74601,-9999.9
74602,-9999.9
74603,-9999.9
74604,-9999.9
74605,-9999.9
74606,-9999.9
74607,-9999.9
74608,-9999.9
74609,-9999.9
74610,-9999.9
74611,-9999.9
74612,-9999.9
74613,-9999.9
74614,-9999.9
74615,-9999.9
74616,-9999.9
74617,-9999.9
74618,-9999.9
74619,-9999.9
74620,-9999.9
74621,-9999.9
74622,-9999.9
74623,-9999.9
74624,-9999.9
74625,-9999.9
74626,-9999.9
74627,-9999.9
74628,-9999.9
74629,-9999.9
74630,-9999.9
74631,-9999.9
74632,-9999.9
74633,-9999.9
74634,-9999.9
74635,-9999.9
74636,-9999.9
74637,-9999.9
74638,-9999.9
74639,-9999.9
74640,-9999.9
74641,-9999.9
74642,-9999.9
74643,-9999.9
74644,-9999.9
74645,-9999.9
74646,-9999.9
74647,-9999.9
74648,-9999.9
74649,-9999.9
74650,-9999.9
74651,-9999.9
74652,-9999.9
74653,-9999.9
74654,-9999.9
74655,-9999.9
74656,-9999.9
74657,-9999.9
74658,-9999.9
74659,-9999.9
74660,-9999.9
74661,-9999.9
74662,-9999.9
74663,-9999.9
74664,-9999.9
74665,-9999.9
74666,-9999.9
74667,-9999.9
74668,-9999.9
74669,-9999.9
74670,-9999.9
74671,-9999.9
74672,-9999.9
74673,-9999.9
74674,-9999.9
74675,-9999.9
74676,-9999.9
74677,-9999.9
74678,-9999.9
74679,-9999.9
74680,-9999.9
74681,-9999.9
74682,-9999.9
74683,-9999.9
74684,-9999.9
74685,-9999.9
74686,-9999.9
74687,-9999.9
74688,-9999.9
74689,-9999.9
74690,-9999.9
74691,-9999.9
74692,-9999.9
74693,-9999.9
74694,-9999.9
74695,-9999.9
74696,-9999.9
74697,-9999.9
74698,-9999.9
74699,-9999.9
74700,-9999.9
74701,-9999.9
74702,-9999.9
74703,-9999.9
74704,-9999.9
74705,-9999.9
74706,-9999.9
74707,-9999.9
74708,-9999.9
74709,-9999.9
74710,-9999.9
74711,-9999.9
74712,-9999.9
74713,-9999.9
74714,-9999.9
74715,-9999.9
74716,-9999.9
74717,-9999.9
74718,-9999.9
74719,-9999.9
74720,-9999.9
74721,-9999.9
74722,-9999.9
74723,-9999.9
74724,-9999.9
74725,-9999.9
74726,-9999.9
74727,-9999.9
74728,-9999.9
74729,-9999.9
74730,-9999.9
74731,-9999.9
74732,-9999.9
74733,-9999.9
74734,-9999.9
74735,-9999.9
74736,-9999.9
74737,-9999.9
74738,-9999.9
74739,-9999.9
74740,-9999.9
74741,-9999.9
74742,-9999.9
74743,-9999.9
74744,-9999.9
74745,-9999.9
74746,-9999.9
74747,-9999.9
74748,-9999.9
74749,-9999.9
74750,-9999.9
74751,-9999.9
74752,-9999.9
74753,-9999.9
74754,-9999.9
74755,-9999.9
74756,-9999.9
74757,-9999.9
74758,-9999.9
74759,-9999.9
74760,-9999.9
74761,-9999.9
74762,-9999.9
74763,482.2
74764,482.5
74765,481.9
74766,483.7
74767,484.1
74768,485.1
74769,485.1
74770,487.9
74771,487.1
74772,486.3
74773,485.9
74774,486.8
74775,487.2
74776,486.3
74777,487.3
74778,486.6
74779,487.2
74780,487.6
74781,488.0
74782,490.1
74783,491.2
74784,490.2
74785,489.3
74786,487.3
74787,488.6
74788,489.6
74789,490.5
74790,492.4
74791,494.0
74792,494.9
74793,497.1
74794,497.5
74795,496.8
74796,496.1
74797,495.5
74798,498.0
74799,497.8
74800,498.3
74801,498.9
74802,498.9
74803,499.0
74804,499.7
74805,500.3
74806,500.2
74807,500.7
74808,499.7
74809,500.2
74810,499.8
74811,499.8
74812,500.0
74813,499.3
74814,500.3
74815,498.8
74816,499.7
74817,499.0
74818,499.3
74819,499.3
74820,498.3
74821,500.0
74822,499.8
74823,498.4
74824,498.1
74825,498.4
74826,497.8
74827,497.8
74828,496.7
74829,495.3
74830,495.7
74831,494.3
74832,493.5
74833,492.7
74834,492.3
74835,491.6
74836,492.1
74837,492.3
74838,490.6
74839,490.5
74840,489.7
74841,486.1
74842,487.2
74843,484.2
74844,478.1
74845,469.6
74846,462.5
74847,453.7
74848,450.9
74849,446.5
74850,434.5
74851,424.7
74852,421.9
74853,421.4
74854,419.3
74855,420.4
74856,421.2
74857,421.1
74858,419.8
74859,420.0
74860,419.5
74861,413.7
74862,407.9
74863,401.2
74864,396.2
74865,393.5
74866,393.7
74867,393.8
74868,394.3
74869,398.3
74870,399.6
74871,401.4
74872,394.1
74873,393.1
74874,389.9
74875,388.4
74876,386.1
74877,381.9
74878,381.8
74879,378.9
74880,378.9
74881,385.7
74882,383.8
74883,380.7
74884,383.9
74885,382.0
74886,384.6
74887,383.6
74888,381.8
74889,380.5
74890,378.8
74891,378.1
74892,377.3
