NETCARE2015/data/raw/Flight2/H2O_POLAR6_20150407_R1_NETCARE.ict
34, 1001
Bozem, Heiko; Hoor, Peter
Institute for Atmospheric Physics, Johannes Gutenberg University, Mainz, Germany
H2O mixing ratio from LI7200 CO2/H2O analyzer
NETCARE Polar 6 Campaign 2015
1, 1
2015, 04, 07, 2016, 01, 22
1
Time_UTC, seconds
1
1
-9999.9
H2O_ppmv, ppmv
0
19
PI_CONTACT_INFO: Address: Johann-Joachim-Becherweg 21, 55128 Mainz, email: bozemh@uni-mainz.de; hoor@uni-mainz.de
PLATFORM: Polar 6
LOCATION: GPS location and altitude available at 1 Hz resolution in separate file (See AIMMS files under Aircraft data and meteorology)
ASSOCIATED_DATA: N/A
INSTRUMENT_INFO: H2O measurements based on non-dispersive infrared absorption spectroscopy
DATA_INFO: Units are ppmv
UNCERTAINTY RELATIVE TO STANDARD: 18.5 ppmv or 2.5 %, whichever is greater, at 1 sigma confidence (before drift correction is applied)
ULOD_FLAG: -7777
ULOD_VALUE: N/A
LLOD_FLAG: -8888
LLOD_VALUE: N/A 
DM_CONTACT_INFO: N/A
PROJECT_INFO: NETCARE Polar 6 aircraft campaign in April 2015; Alert
STIPULATIONS_ON_USE: N/A
OTHER_COMMENTS: N/A
REVISION: R1
R0: Preliminary data, corrected for instrument drift
R1: Final data, corrected for instrument drift
Time_UTC,H2O_ppmv
[from data line 11844]
71361,-9999.9
71362,-9999.9
71363,-9999.9
71364,-9999.9
71365,-9999.9
71366,-9999.9
71367,-9999.9
71368,-9999.9
71369,-9999.9
71370,654.2
71371,654.7
71372,651.6
71373,653.5
71374,652.5
71375,655.0
71376,654.3
71377,653.5
71378,653.2
71379,651.3
71380,652.6
71381,654.2
71382,653.2
71383,654.1
71384,653.7
71385,656.5
71386,654.4
71387,655.6
71388,656.7
71389,652.8
71390,652.8
71391,653.4
71392,651.9
71393,649.2
71394,645.0
71395,643.4
71396,643.2
71397,641.2
71398,641.1
71399,640.1
71400,638.3
71401,640.3
71402,639.3
71403,640.4
71404,639.2
71405,639.0
71406,639.1
71407,638.2
71408,639.4
71409,639.4
71410,640.2
71411,640.8
71412,642.3
71413,641.8
71414,643.0
71415,642.9
71416,644.1
71417,642.7
71418,642.6
71419,640.6
71420,639.4
71421,640.6
71422,641.3
71423,638.4
71424,640.6
71425,641.5
71426,641.4
71427,640.0
71428,641.2
71429,644.3
71430,643.1
71431,640.3
71432,641.3
71433,643.1
71434,642.4
71435,643.8
71436,642.0
71437,647.3
71438,643.2
71439,646.0
71440,646.1
71441,647.9
71442,649.8
71443,648.7
71444,649.2
71445,648.1
71446,648.4
71447,645.4
71448,644.7
71449,643.9
71450,644.0
71451,646.0
71452,645.0
71453,645.3
71454,645.0
71455,646.7
71456,644.9
71457,644.6
71458,643.3
71459,643.7
71460,642.6
71461,645.7
71462,645.3
71463,647.6
71464,646.8
71465,645.7
71466,639.3
71467,636.0
71468,635.2
71469,632.9
71470,631.7
71471,628.7
71472,627.5
71473,624.6
71474,622.3
71475,621.3
71476,621.5
71477,622.1
71478,621.7
71479,620.4
71480,615.1
71481,611.6
71482,608.8
71483,609.3
71484,609.4
71485,611.4
71486,616.0
71487,619.4
71488,622.1
71489,626.0
71490,629.7
71491,632.5
71492,639.7
71493,645.3
71494,648.8
71495,648.2
71496,643.6
71497,645.9
71498,643.1
71499,640.2
71500,640.0
71501,641.5
71502,642.2
71503,640.5
71504,635.8
71505,636.1
71506,631.6
71507,626.0
71508,626.5
71509,627.4
71510,628.6
71511,630.7
71512,630.9
71513,630.1
71514,628.9
71515,626.5
71516,621.7
71517,618.8
71518,618.8
71519,613.0
71520,622.0
71521,616.0
71522,621.6
71523,620.6
71524,615.3
71525,613.6
71526,610.6
71527,613.2
71528,609.4
71529,610.3
71530,615.4
71531,619.8
71532,622.3
71533,625.1
71534,624.9
71535,624.4
71536,632.5
71537,640.6
71538,639.9
71539,643.1
71540,641.3
71541,641.5
71542,640.4
71543,639.2
71544,639.2
71545,634.5
71546,634.7
71547,635.2
71548,635.6
71549,636.0
71550,638.1
71551,636.0
71552,633.0
71553,629.1
71554,627.1
71555,625.2
71556,618.6
71557,618.1
71558,616.4
71559,612.1
71560,611.1
71561,612.9
71562,612.2
71563,613.0
71564,612.0
71565,614.5
71566,616.9
71567,617.3
71568,623.4
71569,624.9
71570,623.0
71571,623.9
71572,624.7
71573,623.7
71574,622.4
71575,624.7
71576,627.8
71577,626.5
71578,625.7
71579,627.8
71580,629.0
71581,630.5
71582,632.1
71583,626.2
71584,625.3
71585,624.1
71586,621.7
71587,624.4
71588,623.2
71589,620.9
71590,618.4
71591,618.5
71592,619.2
71593,621.3
71594,620.5
71595,621.6
71596,623.9
71597,623.2
71598,627.1
71599,632.2
71600,638.4
71601,640.6
71602,642.7
71603,643.6
71604,646.7
71605,647.2
71606,649.3
71607,644.8
71608,647.4
71609,649.5
71610,649.1
71611,648.6
71612,652.2
71613,651.0
71614,651.2
71615,647.9
71616,650.0
71617,650.4
71618,649.8
71619,649.3
71620,647.9
71621,644.2
71622,643.9
71623,641.7
71624,641.4
71625,641.1
71626,642.4
71627,642.9
71628,641.5
71629,641.0
71630,642.0
71631,641.3
71632,640.0
71633,639.5
71634,638.6
71635,637.9
71636,641.2
71637,643.4
71638,642.2
71639,642.6
71640,646.0
71641,646.4
71642,646.6
71643,646.4
71644,647.0
71645,646.3
71646,646.3
71647,645.8
71648,649.8
71649,649.1
71650,651.2
71651,651.3
71652,651.3
71653,652.8
71654,653.1
71655,655.0
71656,655.4
71657,653.7
71658,653.7
71659,655.0
71660,654.4
71661,653.4
71662,653.6
71663,652.0
71664,653.4
71665,656.9
71666,656.0
71667,655.1
71668,654.2
71669,655.7
71670,656.7
71671,657.2
71672,657.7
71673,655.9
71674,654.4
71675,654.0
71676,657.5
71677,657.7
71678,656.8
71679,659.3
71680,660.0
71681,659.0
71682,659.1
71683,659.3
71684,657.6
71685,658.5
71686,663.9
71687,666.6
71688,667.8
71689,665.0
71690,665.3
71691,667.3
71692,668.0
71693,675.9
71694,679.7
71695,678.5
71696,675.8
71697,673.6
71698,671.6
71699,668.3
71700,674.3
71701,675.8
71702,674.5
71703,674.8
71704,677.8
71705,681.8
71706,672.0
71707,664.9
71708,659.3
71709,656.6
71710,652.8
71711,653.7
71712,649.0
71713,651.0
71714,650.4
71715,653.9
71716,653.9
71717,654.4
71718,655.6
71719,656.6
71720,657.1
71721,655.3
71722,654.9
71723,655.7
71724,656.2
71725,656.5
71726,656.6
71727,658.8
71728,662.1
71729,664.8
71730,667.3
71731,665.1
71732,664.4
71733,673.1
71734,678.7
71735,674.5
71736,673.2
71737,677.7
71738,684.6
71739,688.8
71740,691.6
71741,691.2
71742,694.3
71743,697.3
71744,697.2
71745,702.4
71746,704.7
71747,702.6
71748,706.7
71749,704.9
71750,705.0
71751,706.7
71752,706.2
71753,713.9
71754,713.8
71755,718.3
71756,720.1
71757,724.2
71758,725.4
71759,723.1
71760,720.1
71761,719.6
71762,724.7
71763,726.7
71764,727.8
71765,726.0
71766,722.1
71767,723.2
71768,728.1
71769,733.0
71770,734.9
71771,734.7
71772,735.2
71773,734.8
71774,740.0
71775,740.5
71776,739.8
71777,742.0
71778,739.0
71779,736.7
71780,741.2
71781,746.3
71782,751.1
71783,753.9
71784,758.5
71785,764.6
71786,767.4
71787,766.1
71788,765.8
71789,763.0
71790,761.5
71791,758.6
71792,756.4
71793,756.8
71794,760.4
71795,757.9
71796,769.0
71797,768.4
71798,771.3
71799,770.4
71800,774.1
71801,774.0
71802,772.8
71803,772.9
71804,773.3
71805,773.2
71806,773.5
71807,779.9
71808,783.0
71809,784.8
71810,785.1
71811,774.8
71812,790.4
71813,807.9
71814,807.5
71815,806.0
71816,811.3
71817,810.8
71818,809.1
71819,808.2
71820,808.2
71821,808.9
71822,808.1
71823,807.9
71824,808.5
71825,811.5
71826,812.7
71827,810.2
71828,809.3
71829,810.1
71830,800.7
71831,801.0
71832,802.4
71833,802.7
71834,811.1
71835,817.2
71836,816.6
71837,814.4
71838,811.9
71839,810.7
71840,813.6
71841,820.2
71842,825.1
71843,826.0
71844,823.2
71845,823.3
71846,825.0
71847,823.9
71848,824.6
71849,826.3
71850,830.1
71851,826.0
71852,826.6
71853,829.1
71854,829.1
71855,829.9
71856,827.3
71857,825.7
71858,825.7
71859,824.9
71860,817.7
71861,811.3
71862,806.4
71863,787.5
71864,770.0
71865,712.8
71866,686.5
71867,679.6
71868,680.4
71869,689.6
71870,707.5
71871,739.8
71872,723.1
71873,726.6
71874,694.1
71875,677.8
71876,686.7
71877,676.6
71878,673.5
71879,677.7
71880,681.1
71881,687.6
71882,706.8
71883,715.7
71884,722.4
71885,735.5
71886,731.3
71887,725.0
71888,727.4
71889,730.9
71890,732.9
71891,742.1
71892,745.3
71893,744.2
71894,746.2
71895,749.2
71896,753.4
71897,753.9
71898,754.6
71899,754.2
71900,754.1
71901,755.5
71902,755.1
71903,756.3
71904,757.2
71905,762.6
71906,767.0
71907,763.4
71908,763.5
71909,760.1
71910,764.8
71911,768.0
71912,773.0
71913,771.2
71914,775.1
71915,773.3
71916,772.1
71917,774.2
71918,775.2
71919,779.2
71920,778.9
71921,777.5
71922,779.7
71923,780.3
71924,774.0
71925,762.0
71926,759.4
71927,757.8
71928,765.0
71929,772.5
71930,778.1
71931,786.3
71932,789.6
71933,788.1
71934,788.3
71935,787.6
71936,788.8
71937,790.3
71938,790.1
71939,788.9
71940,789.6
71941,790.5
71942,791.6
71943,793.6
71944,790.3
71945,791.2
71946,798.9
71947,800.4
71948,799.6
71949,799.0
71950,799.1
71951,798.7
71952,799.6
71953,797.6
71954,797.5
71955,797.7
71956,797.8
71957,795.3
71958,793.6
71959,798.0
71960,797.9
71961,796.6
71962,797.2
71963,799.6
71964,799.9
71965,802.1
71966,800.9
71967,800.5
71968,803.7
71969,804.9
71970,803.9
71971,802.5
71972,806.5
71973,807.6
71974,804.0
71975,802.1
71976,801.5
71977,800.7
71978,798.0
71979,799.9
71980,797.5
71981,792.5
71982,791.3
71983,795.8
71984,797.0
71985,797.2
71986,800.3
71987,808.3
71988,811.4
71989,817.1
71990,821.4
71991,825.2
71992,820.1
71993,812.3
71994,813.8
71995,813.0
71996,817.3
71997,819.6
71998,803.4
71999,820.6
72000,817.4
72001,817.9
72002,807.0
72003,768.4
72004,760.4
72005,755.2
72006,765.0
72007,768.8
72008,764.4
72009,758.7
72010,755.5
72011,731.7
72012,713.1
72013,704.5
72014,720.4
72015,740.5
72016,755.9
72017,758.7
72018,731.3
72019,733.2
72020,736.8
72021,735.7
72022,746.7
72023,743.0
72024,750.1
72025,773.4
72026,784.9
72027,788.3
72028,788.0
72029,784.4
72030,787.7
72031,785.3
72032,777.4
72033,775.6
72034,780.3
72035,784.5
72036,805.8
72037,825.6
72038,829.3
72039,836.8
72040,843.3
72041,837.9
72042,841.5
72043,846.6
72044,849.1
72045,843.7
72046,840.6
72047,824.1
72048,822.0
72049,826.0
72050,826.5
72051,824.6
72052,809.0
72053,820.6
72054,827.2
72055,818.7
72056,806.0
72057,810.7
72058,812.2
72059,820.5
72060,818.9
72061,812.6
72062,810.9
72063,810.7
72064,804.6
72065,807.7
72066,808.7
72067,809.9
72068,810.2
72069,809.8
72070,804.1
72071,802.4
72072,797.7
72073,793.9
72074,786.7
72075,785.9
72076,787.0
72077,790.3
72078,807.3
72079,805.2
72080,803.6
72081,806.7
72082,807.6
72083,805.7
72084,790.4
72085,786.9
72086,773.7
72087,758.8
72088,719.9
72089,736.3
72090,755.9
72091,784.9
72092,827.2
72093,804.4
72094,814.6
72095,780.7
72096,723.3
72097,705.3
72098,702.6
72099,701.6
72100,696.6
72101,686.5
72102,642.7
72103,597.8
72104,627.0
72105,609.8
72106,588.6
72107,527.0
72108,457.5
72109,434.0
72110,434.9
72111,424.4
72112,404.4
72113,392.6
72114,392.4
72115,407.6
72116,430.4
72117,440.0
72118,429.3
72119,422.1
72120,424.3
72121,398.7
72122,371.6
72123,347.8
72124,325.6
72125,333.2
72126,278.8
72127,185.7
72128,127.4
72129,116.9
72130,117.4
72131,127.0
72132,131.6
72133,130.7
72134,118.0
72135,115.0
72136,111.9
72137,108.5
72138,111.2
72139,106.1
72140,105.2
72141,105.3
72142,105.5
72143,103.7
72144,101.2
72145,101.4
72146,103.0
72147,102.3
72148,99.6
72149,97.8
72150,97.6
72151,94.5
72152,95.1
72153,94.5
72154,93.4
72155,91.7
72156,90.6
72157,87.8
72158,88.8
72159,87.1
72160,87.3
72161,86.6
72162,86.4
72163,87.6
72164,88.5
72165,87.3
72166,87.5
72167,87.9
72168,87.9
72169,87.1
72170,87.4
72171,87.6
72172,86.4
72173,86.1
72174,86.1
72175,85.8
72176,86.3
72177,85.9
72178,86.3
72179,85.1
72180,85.0
72181,85.6
72182,85.9
72183,83.3
72184,83.4
72185,85.1
72186,86.0
72187,85.1
72188,87.5
72189,91.8
72190,94.8
72191,97.0
72192,96.0
72193,95.9
72194,97.6
72195,96.8
72196,97.7
72197,96.0
72198,97.3
72199,96.9
72200,98.9
72201,98.8
72202,98.0
72203,97.7
72204,99.3
72205,99.9
72206,98.9
72207,98.9
72208,98.1
72209,98.7
72210,97.1
72211,96.1
72212,97.0
72213,96.7
72214,96.4
72215,96.6
72216,96.8
72217,95.2
72218,95.3
72219,96.6
72220,94.5
72221,94.1
72222,92.8
72223,92.9
72224,91.8
72225,89.5
72226,92.2
72227,91.1
72228,91.2
72229,91.9
72230,90.6
72231,90.2
72232,91.0
72233,90.3
72234,90.9
72235,89.3
72236,90.1
72237,89.4
72238,89.7
72239,88.9
72240,88.4
72241,90.2
72242,89.8
72243,88.8
72244,87.9
72245,87.6
72246,87.0
72247,88.2
72248,88.8
72249,90.0
72250,90.0
72251,89.3
72252,90.7
72253,88.3
72254,93.7
72255,104.1
72256,104.8
72257,99.1
72258,101.8
72259,107.0
72260,109.4
72261,104.5
72262,96.3
72263,89.9
72264,94.8
72265,103.9
72266,104.2
72267,104.2
72268,108.0
72269,109.6
72270,116.6
72271,119.3
72272,120.8
72273,119.6
72274,119.1
72275,120.0
72276,120.3
72277,120.5
72278,120.5
72279,119.6
72280,119.5
72281,120.3
72282,119.7
72283,120.4
72284,120.5
72285,120.7
72286,122.5
72287,123.0
72288,126.2
72289,129.8
72290,124.8
72291,121.7
72292,120.9
72293,119.4
72294,116.3
72295,115.8
72296,117.6
72297,117.0
72298,117.9
72299,116.0
72300,115.5
72301,114.7
72302,113.3
72303,114.8
72304,114.2
72305,113.1
72306,113.4
72307,112.8
72308,113.5
72309,113.9
72310,113.1
72311,112.9
72312,113.4
72313,113.6
72314,112.8
72315,113.3
72316,113.7
72317,115.0
72318,113.7
72319,115.5
72320,114.9
72321,119.2
72322,124.2
72323,130.9
72324,135.3
72325,140.2
72326,139.3
72327,132.4
72328,133.1
72329,134.7
72330,139.4
72331,139.4
72332,134.0
72333,136.6
72334,138.8
72335,136.3
72336,133.7
72337,129.0
72338,127.2
72339,125.6
72340,123.1
72341,123.1
72342,121.2
72343,-9999.9
72344,-9999.9
72345,-9999.9
72346,-9999.9
72347,-9999.9
72348,-9999.9
72349,-9999.9
72350,-9999.9
72351,-9999.9
72352,-9999.9
72353,-9999.9
72354,-9999.9
72355,-9999.9
72356,-9999.9
72357,-9999.9
72358,-9999.9
72359,-9999.9
72360,-9999.9
72361,-9999.9
72362,-9999.9
72363,-9999.9
72364,-9999.9
72365,-9999.9
72366,-9999.9
72367,-9999.9
72368,-9999.9
72369,-9999.9
72370,-9999.9
72371,-9999.9
72372,-9999.9
72373,-9999.9
72374,-9999.9
72375,-9999.9
72376,-9999.9
72377,-9999.9
72378,-9999.9
72379,-9999.9
72380,-9999.9
72381,-9999.9
72382,-9999.9
72383,-9999.9
72384,-9999.9
72385,-9999.9
72386,-9999.9
72387,-9999.9
72388,-9999.9
72389,-9999.9
72390,-9999.9
72391,-9999.9
72392,-9999.9
72393,-9999.9
72394,-9999.9
72395,-9999.9
72396,-9999.9
72397,-9999.9
72398,-9999.9
72399,-9999.9
72400,-9999.9
72401,-9999.9
72402,-9999.9
72403,-9999.9
72404,-9999.9
72405,-9999.9
72406,-9999.9
72407,-9999.9
72408,-9999.9
72409,-9999.9
72410,-9999.9
72411,-9999.9
72412,-9999.9
72413,-9999.9
72414,-9999.9
72415,-9999.9
72416,-9999.9
72417,-9999.9
72418,-9999.9
72419,-9999.9
72420,-9999.9
72421,-9999.9
72422,-9999.9
72423,-9999.9
72424,-9999.9
72425,-9999.9
72426,-9999.9
72427,-9999.9
72428,-9999.9
72429,-9999.9
72430,-9999.9
72431,-9999.9
72432,-9999.9
72433,-9999.9
72434,-9999.9
72435,-9999.9
72436,-9999.9
72437,-9999.9
72438,-9999.9
72439,-9999.9
72440,-9999.9
72441,-9999.9
72442,-9999.9
72443,-9999.9
72444,-9999.9
72445,-9999.9
72446,-9999.9
72447,-9999.9
72448,-9999.9
72449,-9999.9
72450,-9999.9
72451,-9999.9
72452,-9999.9
72453,-9999.9
72454,-9999.9
72455,-9999.9
72456,-9999.9
72457,-9999.9
72458,-9999.9
72459,-9999.9
72460,-9999.9
72461,-9999.9
72462,-9999.9
72463,-9999.9
72464,-9999.9
72465,-9999.9
72466,-9999.9
72467,-9999.9
72468,-9999.9
72469,-9999.9
72470,-9999.9
72471,-9999.9
72472,-9999.9
72473,-9999.9
72474,-9999.9
72475,-9999.9
72476,-9999.9
72477,-9999.9
72478,-9999.9
72479,-9999.9
72480,-9999.9
72481,-9999.9
72482,-9999.9
72483,-9999.9
72484,-9999.9
72485,-9999.9
72486,-9999.9
72487,-9999.9
72488,-9999.9
72489,-9999.9
72490,-9999.9
72491,-9999.9
72492,-9999.9
72493,-9999.9
72494,-9999.9
72495,-9999.9
72496,-9999.9
72497,-9999.9
72498,-9999.9
72499,-9999.9
72500,-9999.9
72501,-9999.9
72502,-9999.9
72503,-9999.9
72504,-9999.9
72505,-9999.9
72506,-9999.9
72507,-9999.9
72508,-9999.9
72509,-9999.9
72510,-9999.9
72511,-9999.9
72512,-9999.9
72513,-9999.9
72514,-9999.9
72515,-9999.9
72516,-9999.9
72517,-9999.9
72518,-9999.9
72519,-9999.9
72520,-9999.9
72521,-9999.9
72522,-9999.9
72523,-9999.9
72524,-9999.9
72525,-9999.9
72526,-9999.9
72527,-9999.9
72528,-9999.9
72529,-9999.9
72530,-9999.9
72531,-9999.9
72532,-9999.9
72533,-9999.9
72534,-9999.9
72535,-9999.9
72536,-9999.9
72537,-9999.9
72538,-9999.9
72539,-9999.9
72540,-9999.9
72541,-9999.9
72542,-9999.9
72543,-9999.9
72544,-9999.9
72545,-9999.9
72546,-9999.9
72547,-9999.9
72548,-9999.9
72549,-9999.9
72550,-9999.9
72551,-9999.9
72552,-9999.9
72553,-9999.9
72554,521.6
72555,574.5
72556,550.5
72557,537.4
72558,541.1
72559,513.2
72560,502.7
72561,507.0
72562,482.1
72563,461.8
72564,455.7
72565,469.5
72566,460.0
72567,443.3
72568,435.9
72569,429.8
72570,433.8
72571,465.9
72572,460.7
72573,448.9
72574,445.6
72575,436.9
72576,410.9
72577,399.8
72578,419.2
72579,417.4
72580,407.3
72581,440.2
72582,490.8
72583,460.6
72584,436.7
72585,459.5
72586,442.7
72587,503.1
72588,491.6
72589,489.3
72590,599.3
72591,604.8
72592,583.6
72593,624.1
72594,635.7
72595,628.4
72596,634.7
72597,671.0
72598,663.9
72599,662.5
72600,688.4
72601,686.5
72602,689.3
72603,692.0
72604,699.4
72605,695.6
72606,697.7
72607,681.2
72608,656.8
72609,700.8
72610,668.2
72611,681.1
72612,723.4
72613,731.6
72614,737.9
72615,740.9
72616,727.2
72617,720.1
72618,710.8
72619,715.0
72620,711.6
72621,697.7
72622,705.8
72623,701.1
72624,706.2
72625,696.0
72626,711.9
72627,725.6
72628,711.7
72629,695.5
72630,716.6
72631,781.7
72632,753.8
72633,744.5
72634,736.5
72635,731.0
72636,722.7
72637,714.3
72638,713.8
72639,699.7
72640,690.4
72641,681.2
72642,679.1
72643,677.0
72644,677.5
72645,669.1
72646,663.9
72647,660.5
72648,604.1
72649,562.4
72650,535.5
72651,527.9
72652,518.0
72653,455.5
72654,499.3
72655,528.1
72656,531.0
72657,510.4
72658,469.0
72659,484.9
72660,457.8
72661,452.0
72662,468.1
72663,421.1
72664,402.6
72665,296.8
