NETCARE2015/data/raw/Flight2/H2O_POLAR6_20150407_R1_NETCARE.ict
34, 1001
Bozem, Heiko; Hoor, Peter
Institute for Atmospheric Physics, Johannes Gutenberg University, Mainz, Germany
H2O mixing ratio from LI7200 CO2/H2O analyzer
NETCARE Polar 6 Campaign 2015
1, 1
2015, 04, 07, 2016, 01, 22
1
Time_UTC, seconds
1
1
-9999.9
H2O_ppmv, ppmv
0
19
PI_CONTACT_INFO: Address: Johann-Joachim-Becherweg 21, 55128 Mainz, email: bozemh@uni-mainz.de; hoor@uni-mainz.de
PLATFORM: Polar 6
LOCATION: GPS location and altitude available at 1 Hz resolution in separate file (See AIMMS files under Aircraft data and meteorology)
ASSOCIATED_DATA: N/A
INSTRUMENT_INFO: H2O measurements based on non-dispersive infrared absorption spectroscopy
DATA_INFO: Units are ppmv
UNCERTAINTY RELATIVE TO STANDARD: 18.5 ppmv or 2.5 %, whichever is greater, at 1 sigma confidence (before drift correction is applied)
ULOD_FLAG: -7777
ULOD_VALUE: N/A
LLOD_FLAG: -8888
LLOD_VALUE: N/A 
DM_CONTACT_INFO: N/A
PROJECT_INFO: NETCARE Polar 6 aircraft campaign in April 2015; Alert
STIPULATIONS_ON_USE: N/A
OTHER_COMMENTS: N/A
REVISION: R1
R0: Preliminary data, corrected for instrument drift
R1: Final data, corrected for instrument drift
Time_UTC,H2O_ppmv
[from data line 1352]
60869,81.0
60870,81.4
60871,80.1
60872,-9999.9
60873,-9999.9
60874,-9999.9
60875,-9999.9
60876,-9999.9
60877,-9999.9
60878,-9999.9
60879,-9999.9
60880,-9999.9
60881,-9999.9
60882,-9999.9
60883,-9999.9
60884,-9999.9
60885,-9999.9
60886,-9999.9
60887,-9999.9
60888,-9999.9
60889,-9999.9
60890,-9999.9
60891,-9999.9
60892,-9999.9
60893,-9999.9
60894,-9999.9
60895,-9999.9
60896,-9999.9
60897,-9999.9
60898,-9999.9
60899,-9999.9
60900,-9999.9
60901,-9999.9
60902,-9999.9
60903,-9999.9
60904,-9999.9
60905,-9999.9
60906,-9999.9
60907,-9999.9
60908,-9999.9
60909,-9999.9
60910,-9999.9
60911,-9999.9
60912,-9999.9
60913,-9999.9
60914,-9999.9
60915,-9999.9
60916,-9999.9
60917,-9999.9
60918,-9999.9
60919,-9999.9
60920,-9999.9
60921,-9999.9
60922,-9999.9
60923,-9999.9
60924,-9999.9
60925,-9999.9
60926,-9999.9
60927,-9999.9
60928,-9999.9
60929,-9999.9
60930,-9999.9
60931,-9999.9
60932,-9999.9
60933,-9999.9
60934,-9999.9
60935,-9999.9
60936,-9999.9
60937,-9999.9
60938,-9999.9
60939,-9999.9
60940,-9999.9
60941,-9999.9
60942,-9999.9
60943,-9999.9
60944,-9999.9
60945,-9999.9
60946,-9999.9
60947,-9999.9
60948,-9999.9
60949,-9999.9
60950,-9999.9
60951,-9999.9
60952,-9999.9
60953,-9999.9
60954,-9999.9
60955,-9999.9
60956,-9999.9
60957,-9999.9
60958,-9999.9
60959,-9999.9
60960,-9999.9
60961,-9999.9
60962,-9999.9
60963,-9999.9
60964,-9999.9
60965,-9999.9
60966,-9999.9
60967,-9999.9
60968,-9999.9
60969,-9999.9
60970,-9999.9
60971,-9999.9
60972,-9999.9
60973,-9999.9
60974,-9999.9
60975,-9999.9
60976,-9999.9
60977,-9999.9
60978,-9999.9
60979,-9999.9
60980,-9999.9
60981,-9999.9
60982,-9999.9
60983,-9999.9
60984,-9999.9
60985,-9999.9
60986,-9999.9
60987,-9999.9
60988,-9999.9
60989,-9999.9
60990,-9999.9
60991,-9999.9
60992,-9999.9
60993,-9999.9
60994,-9999.9
60995,-9999.9
60996,-9999.9
60997,-9999.9
60998,-9999.9
60999,-9999.9
61000,-9999.9
61001,-9999.9
61002,-9999.9
61003,-9999.9
61004,-9999.9
61005,-9999.9
61006,-9999.9
61007,-9999.9
61008,-9999.9
61009,-9999.9
61010,-9999.9
61011,-9999.9
61012,-9999.9
61013,-9999.9
61014,-9999.9
61015,-9999.9
61016,-9999.9
61017,-9999.9
61018,-9999.9
61019,-9999.9
61020,-9999.9
61021,-9999.9
61022,-9999.9
61023,-9999.9
61024,-9999.9
61025,-9999.9
61026,-9999.9
61027,-9999.9
61028,-9999.9
61029,-9999.9
61030,-9999.9
61031,-9999.9
61032,-9999.9
61033,-9999.9
61034,-9999.9
61035,-9999.9
61036,-9999.9
61037,-9999.9
61038,-9999.9
61039,-9999.9
61040,-9999.9
61041,-9999.9
61042,-9999.9
61043,-9999.9
61044,-9999.9
61045,-9999.9
61046,-9999.9
61047,-9999.9
61048,-9999.9
61049,-9999.9
61050,-9999.9
61051,-9999.9
61052,-9999.9
61053,-9999.9
61054,-9999.9
61055,-9999.9
61056,-9999.9
61057,-9999.9
61058,-9999.9
61059,-9999.9
61060,-9999.9
61061,-9999.9
61062,-9999.9
61063,-9999.9
61064,-9999.9
61065,-9999.9
61066,-9999.9
61067,-9999.9
61068,-9999.9
61069,-9999.9
61070,-9999.9
61071,-9999.9
61072,-9999.9
61073,-9999.9
61074,-9999.9
61075,-9999.9
61076,-9999.9
61077,-9999.9
61078,-9999.9
61079,-9999.9
61080,-9999.9
61081,-9999.9
61082,-9999.9
61083,83.1
61084,81.5
61085,82.2
61086,82.7
61087,80.3
61088,78.6
61089,78.2
61090,77.0
61091,78.0
61092,77.9
61093,75.9
61094,75.3
61095,73.3
61096,74.5
61097,75.3
61098,76.2
61099,76.7
61100,76.7
61101,78.2
61102,78.3
61103,78.1
61104,78.6
61105,79.1
61106,77.8
61107,78.1
61108,78.6
61109,78.0
61110,79.1
61111,78.9
61112,79.0
61113,79.5
61114,79.1
61115,79.7
61116,79.0
61117,79.5
61118,80.0
61119,79.3
61120,80.6
61121,80.0
61122,81.7
61123,83.7
61124,85.3
61125,87.5
61126,87.9
61127,89.0
61128,91.0
61129,91.5
61130,92.1
61131,91.5
61132,91.4
61133,92.0
61134,92.8
61135,92.0
61136,91.4
61137,92.1
61138,91.3
61139,89.7
61140,89.7
61141,87.2
61142,87.0
61143,86.6
61144,84.5
61145,85.8
61146,84.7
61147,80.8
61148,78.9
61149,77.8
61150,77.6
61151,77.1
61152,75.9
61153,75.9
61154,74.6
61155,73.5
61156,72.3
61157,73.8
61158,73.0
61159,68.7
61160,67.3
61161,65.6
61162,65.0
61163,64.1
61164,62.3
61165,62.9
61166,62.5
61167,62.8
61168,61.5
61169,62.3
61170,62.6
61171,62.5
61172,63.1
61173,64.5
61174,62.6
61175,61.1
61176,62.4
61177,60.5
61178,62.5
61179,61.3
61180,61.2
61181,60.2
61182,60.5
61183,59.4
61184,60.4
61185,59.8
61186,60.2
61187,59.2
61188,58.7
61189,57.0
61190,57.4
61191,57.2
61192,56.3
61193,56.5
61194,55.2
61195,56.6
61196,56.7
61197,56.3
61198,56.7
61199,56.4
61200,55.7
61201,56.3
61202,54.6
61203,54.6
61204,51.2
61205,53.8
61206,53.6
61207,54.1
61208,52.7
61209,53.4
61210,55.2
61211,55.4
61212,56.4
61213,55.9
61214,55.0
61215,56.0
61216,55.7
61217,56.6
61218,57.2
61219,57.8
61220,59.0
61221,59.7
61222,60.1
61223,60.1
61224,59.7
61225,59.8
61226,60.5
61227,60.3
61228,63.3
61229,65.7
61230,68.7
61231,68.9
61232,70.9
61233,71.4
61234,72.0
61235,73.2
61236,75.6
61237,77.8
61238,81.5
61239,85.1
61240,85.8
61241,86.2
61242,84.9
61243,84.5
61244,84.5
61245,84.9
61246,84.1
61247,84.6
61248,83.9
61249,83.6
61250,83.7
61251,83.9
61252,84.3
61253,83.5
61254,83.6
61255,83.3
61256,83.6
61257,79.3
61258,76.7
61259,75.9
61260,77.1
61261,77.0
61262,78.5
61263,76.9
61264,75.6
61265,76.4
61266,75.1
61267,74.8
61268,76.5
61269,77.2
61270,78.9
61271,78.9
61272,80.7
61273,79.8
61274,81.2
61275,82.9
61276,85.0
61277,82.5
61278,75.2
61279,70.1
61280,67.7
61281,69.0
61282,71.6
61283,73.6
61284,75.6
61285,75.6
61286,75.9
61287,76.6
61288,77.5
61289,77.7
61290,78.0
61291,77.7
61292,78.5
61293,78.5
61294,78.2
61295,79.3
61296,77.9
61297,78.8
61298,79.3
61299,78.8
61300,78.3
61301,76.6
61302,73.3
61303,70.7
61304,68.9
61305,68.8
61306,69.2
61307,70.4
61308,71.6
61309,74.8
61310,78.7
61311,79.4
61312,80.8
61313,81.1
61314,80.8
61315,80.6
61316,81.6
61317,81.3
61318,81.7
61319,81.8
61320,82.4
61321,82.6
61322,82.4
61323,82.9
61324,83.2
61325,82.8
61326,83.5
61327,83.9
61328,83.9
61329,84.2
61330,83.5
61331,84.8
61332,86.1
61333,86.2
61334,86.7
61335,86.4
61336,87.8
61337,91.3
61338,92.8
61339,94.0
61340,92.6
61341,87.9
61342,85.8
61343,81.6
61344,80.2
61345,79.4
61346,78.8
61347,77.6
61348,76.2
61349,77.3
61350,76.6
61351,76.8
61352,76.8
61353,76.1
61354,78.0
61355,76.8
61356,78.3
61357,78.5
61358,79.5
61359,79.6
61360,80.2
61361,84.2
61362,94.8
61363,101.1
61364,102.8
61365,102.7
61366,108.4
61367,112.6
61368,112.4
61369,114.7
61370,108.9
61371,101.4
61372,95.7
61373,99.3
61374,102.0
61375,103.4
61376,108.2
61377,114.8
61378,132.3
61379,155.1
61380,162.3
61381,165.2
61382,167.5
61383,168.6
61384,170.1
61385,170.1
61386,173.7
61387,175.3
61388,178.1
61389,178.1
61390,184.2
61391,184.8
61392,178.2
61393,173.2
61394,168.6
61395,168.1
61396,170.0
61397,167.3
61398,161.3
61399,157.4
61400,158.7
61401,157.6
61402,157.6
61403,157.4
61404,157.6
61405,156.8
61406,156.9
61407,156.3
61408,157.2
61409,156.0
61410,156.0
61411,154.9
61412,155.7
61413,154.9
61414,155.7
61415,156.5
61416,157.1
61417,158.7
61418,159.6
61419,164.8
61420,169.2
61421,171.9
61422,181.1
61423,192.0
61424,199.6
61425,199.4
61426,198.7
61427,196.7
61428,196.9
61429,195.2
61430,195.9
61431,195.4
61432,195.0
61433,193.3
61434,188.7
61435,184.6
61436,179.8
61437,177.2
61438,176.9
61439,174.4
61440,176.1
61441,177.4
61442,179.3
61443,180.5
61444,179.3
61445,177.7
61446,174.8
61447,176.1
61448,171.8
61449,167.1
61450,163.6
61451,163.0
61452,162.5
61453,163.4
61454,163.0
61455,166.1
61456,165.4
61457,166.6
61458,167.7
61459,166.9
61460,164.8
61461,162.7
61462,164.1
61463,164.0
61464,164.5
61465,165.1
61466,165.5
61467,164.7
61468,164.0
61469,165.4
61470,166.2
61471,166.0
61472,166.8
61473,168.3
61474,170.7
61475,173.3
61476,176.6
61477,176.8
61478,-9999.9
61479,-9999.9
61480,-9999.9
61481,-9999.9
61482,193.4
61483,181.4
61484,177.0
61485,175.1
61486,171.9
61487,169.7
61488,162.8
61489,152.8
61490,136.2
61491,132.6
61492,130.9
61493,129.8
61494,129.3
61495,127.6
61496,134.3
61497,134.6
61498,131.6
61499,122.1
61500,113.7
61501,107.4
61502,100.7
61503,96.7
61504,93.7
61505,90.2
61506,87.7
61507,86.6
61508,85.7
61509,85.3
61510,84.1
61511,83.0
61512,82.7
61513,80.8
61514,80.0
61515,79.8
61516,79.7
61517,79.7
61518,78.5
61519,78.6
61520,80.0
61521,79.1
61522,78.3
61523,78.0
61524,78.0
61525,78.0
61526,78.1
61527,78.2
61528,79.0
61529,79.6
61530,78.2
61531,78.5
61532,79.6
61533,79.1
61534,79.3
61535,80.0
61536,80.5
61537,80.2
61538,79.6
61539,79.9
61540,81.2
61541,80.6
61542,80.5
61543,79.7
61544,80.4
61545,79.4
61546,79.8
61547,79.0
61548,79.9
61549,80.9
61550,80.2
61551,79.9
61552,81.8
61553,80.7
61554,80.5
61555,83.3
61556,83.9
61557,85.6
61558,88.0
61559,87.2
61560,86.1
61561,85.2
61562,85.6
61563,86.2
61564,85.0
61565,84.3
61566,83.1
61567,82.4
61568,80.2
61569,79.2
61570,78.6
61571,75.1
61572,70.1
61573,69.2
61574,66.8
61575,67.1
61576,65.9
61577,66.9
61578,66.2
61579,62.5
61580,63.2
61581,61.5
61582,60.3
61583,60.9
61584,60.3
61585,60.1
61586,63.3
61587,63.7
61588,67.5
61589,70.2
61590,72.9
61591,72.3
61592,74.5
61593,73.6
61594,73.4
61595,73.5
61596,73.2
61597,73.4
61598,74.1
61599,74.8
61600,74.3
61601,73.7
61602,73.9
61603,73.5
61604,72.8
61605,72.2
61606,71.8
61607,72.0
61608,70.6
61609,71.1
61610,68.9
61611,69.9
61612,69.0
61613,68.3
61614,70.7
61615,73.7
61616,75.6
61617,76.0
61618,76.0
61619,74.8
61620,73.1
61621,73.1
61622,74.6
61623,77.0
61624,75.5
61625,75.9
61626,76.1
61627,76.8
61628,77.7
61629,81.9
61630,83.5
61631,85.4
61632,85.7
61633,85.5
61634,86.0
61635,88.1
61636,88.5
61637,88.2
61638,87.5
61639,88.6
61640,88.5
61641,88.2
61642,90.1
61643,89.5
61644,90.2
61645,89.3
61646,88.4
61647,89.5
61648,89.5
61649,88.9
61650,88.7
61651,89.0
61652,88.7
61653,88.6
61654,89.0
61655,87.0
61656,86.8
61657,88.3
61658,84.2
61659,86.0
61660,84.7
61661,84.3
61662,82.0
61663,77.2
61664,72.0
61665,71.2
61666,69.1
61667,70.0
61668,69.9
61669,69.8
61670,68.0
61671,66.5
61672,65.8
61673,65.6
61674,64.7
61675,65.3
61676,65.4
61677,66.3
61678,66.7
61679,65.2
61680,65.9
61681,64.5
61682,65.5
61683,64.1
61684,63.1
61685,63.3
61686,64.4
61687,63.1
61688,62.6
61689,62.2
61690,61.9
61691,62.1
61692,61.8
61693,62.3
61694,63.6
61695,63.9
61696,65.0
61697,65.7
61698,65.6
61699,65.0
61700,64.2
61701,63.7
61702,62.8
61703,64.9
61704,65.3
61705,64.2
61706,65.6
61707,67.0
61708,66.2
61709,66.6
61710,69.9
61711,75.1
61712,79.8
61713,82.9
61714,85.6
61715,85.6
61716,86.1
61717,86.4
61718,89.4
61719,88.7
61720,88.9
61721,89.1
61722,89.5
61723,88.8
61724,87.7
61725,85.0
61726,85.1
61727,84.7
61728,83.1
61729,81.9
61730,80.9
61731,78.9
61732,79.2
61733,79.3
61734,76.6
61735,76.2
61736,76.6
61737,75.7
61738,75.5
61739,74.4
61740,74.6
61741,74.7
61742,73.7
61743,73.1
61744,72.9
61745,73.5
61746,72.7
61747,73.4
61748,70.7
61749,69.1
61750,67.6
61751,69.9
61752,70.3
61753,70.0
61754,69.6
61755,70.3
61756,70.7
61757,69.7
61758,70.3
61759,69.4
61760,66.1
61761,61.4
61762,57.1
61763,55.8
61764,55.0
61765,55.6
61766,55.5
61767,54.9
61768,57.8
61769,58.6
61770,59.9
61771,60.0
61772,62.5
61773,64.0
61774,64.5
61775,65.2
61776,66.1
61777,68.3
61778,70.3
61779,70.8
61780,72.7
61781,72.7
61782,75.5
61783,76.9
61784,77.4
61785,78.8
61786,78.0
61787,78.9
61788,77.8
61789,77.2
61790,76.8
61791,78.3
61792,76.6
61793,78.2
61794,77.8
61795,78.3
61796,79.7
61797,80.7
61798,83.3
61799,81.9
61800,80.7
61801,79.0
61802,79.6
61803,80.5
61804,80.6
61805,80.0
61806,80.3
61807,80.0
61808,79.4
61809,80.2
61810,78.0
61811,78.3
61812,76.8
61813,75.9
61814,75.0
61815,75.4
61816,77.1
61817,77.8
61818,82.7
61819,101.0
61820,91.9
61821,107.9
61822,124.8
61823,133.2
61824,138.7
61825,140.1
61826,142.1
61827,145.1
61828,146.1
61829,146.6
61830,149.8
61831,149.5
61832,144.7
61833,143.1
61834,139.7
61835,138.9
61836,139.2
61837,138.3
61838,136.8
61839,137.6
61840,140.4
61841,140.4
61842,141.1
61843,139.9
61844,138.4
61845,137.9
61846,138.8
61847,138.7
61848,139.2
61849,138.9
61850,139.1
61851,139.4
61852,140.2
61853,139.2
61854,140.7
61855,139.0
61856,138.3
61857,138.1
61858,137.0
61859,136.4
61860,139.0
61861,152.2
61862,159.3
61863,163.1
61864,165.1
61865,166.2
61866,167.5
61867,165.1
61868,161.1
61869,160.4
61870,155.0
61871,152.0
61872,152.1
61873,151.2
61874,146.9
61875,142.2
61876,139.2
61877,138.1
61878,137.0
61879,137.4
61880,137.6
61881,138.9
61882,139.3
61883,141.9
61884,147.6
61885,156.0
61886,167.8
61887,175.5
61888,185.5
61889,185.0
61890,180.5
61891,178.3
61892,175.4
61893,166.8
61894,164.9
61895,164.2
61896,166.3
61897,156.7
61898,160.4
61899,173.4
61900,194.6
61901,199.9
61902,165.7
61903,149.1
61904,174.9
61905,178.4
61906,157.8
61907,142.9
61908,138.7
61909,140.3
61910,143.5
61911,139.8
61912,137.7
61913,138.3
61914,141.5
61915,137.5
61916,134.3
61917,133.9
61918,133.8
61919,135.0
61920,138.3
61921,136.4
61922,134.4
61923,136.1
61924,136.9
61925,137.7
61926,136.7
61927,133.4
61928,135.4
61929,135.2
61930,136.7
61931,138.2
61932,138.7
61933,137.8
61934,136.9
61935,136.8
61936,136.2
61937,128.8
61938,130.8
61939,129.6
61940,129.8
61941,129.4
61942,128.7
61943,126.6
61944,129.7
61945,130.3
61946,130.5
61947,133.6
61948,136.4
61949,139.4
61950,141.0
61951,146.0
61952,146.7
61953,146.1
61954,147.7
61955,146.4
61956,143.1
61957,139.6
61958,135.7
61959,129.4
61960,124.9
61961,118.0
61962,100.8
61963,89.1
61964,85.4
61965,83.9
61966,81.7
61967,81.5
61968,80.6
61969,80.1
61970,80.5
61971,79.9
61972,80.4
61973,79.4
61974,78.5
61975,78.6
61976,78.3
61977,76.8
61978,77.1
61979,78.1
61980,76.8
61981,77.8
61982,77.3
61983,78.2
61984,78.2
61985,79.0
61986,79.5
61987,79.9
61988,80.7
61989,81.6
61990,81.1
61991,82.1
61992,82.3
61993,83.8
61994,84.7
61995,84.2
61996,85.1
61997,83.8
61998,84.5
61999,83.8
62000,84.0
62001,85.2
62002,85.6
62003,84.2
62004,82.9
62005,83.6
62006,80.6
62007,81.0
62008,81.0
62009,79.7
62010,79.8
62011,80.4
62012,78.3
62013,79.1
62014,79.0
62015,78.6
62016,79.0
62017,79.0
62018,78.5
62019,79.3
62020,77.0
62021,68.6
62022,68.1
62023,64.9
62024,64.7
62025,63.0
62026,62.1
62027,63.1
62028,62.1
62029,62.8
62030,63.8
62031,65.0
62032,71.5
62033,77.0
62034,78.7
62035,73.0
62036,63.5
62037,60.4
62038,60.7
62039,61.9
62040,61.5
62041,62.4
62042,64.4
62043,66.7
62044,67.9
62045,69.8
62046,69.4
62047,69.8
62048,69.8
62049,69.6
62050,71.0
62051,70.5
62052,70.1
62053,70.6
62054,70.9
62055,69.9
62056,69.5
62057,69.8
62058,70.1
62059,69.0
62060,69.3
62061,69.5
62062,70.4
62063,69.0
62064,69.0
62065,69.5
62066,70.2
62067,69.9
62068,69.0
62069,69.8
62070,68.6
62071,69.2
62072,69.6
62073,69.5
62074,70.3
62075,69.4
62076,69.1
62077,68.3
62078,69.1
62079,68.4
62080,70.4
62081,69.9
62082,69.5
62083,70.3
62084,70.1
62085,69.4
62086,69.6
62087,68.8
62088,69.9
62089,68.9
62090,68.2
62091,69.5
62092,70.1
62093,69.5
62094,71.0
62095,69.9
62096,71.4
62097,69.5
62098,69.1
62099,69.3
62100,70.1
62101,71.2
62102,70.6
62103,72.5
62104,73.3
62105,76.2
62106,76.3
62107,76.8
62108,78.1
62109,78.4
62110,79.9
62111,79.1
62112,78.7
62113,78.4
62114,79.0
62115,79.3
62116,79.2
62117,78.9
62118,79.2
62119,78.2
62120,78.5
62121,78.1
62122,78.0
62123,78.4
62124,78.2
62125,79.4
62126,78.8
62127,79.2
62128,78.0
62129,78.8
62130,79.7
62131,78.6
62132,79.3
62133,79.0
62134,77.8
62135,77.9
62136,78.6
62137,78.6
62138,78.1
62139,78.2
62140,78.5
62141,77.8
62142,78.1
62143,78.0
62144,78.0
62145,77.6
62146,77.6
62147,78.1
62148,77.7
62149,77.4
62150,76.8
62151,76.9
62152,77.2
62153,75.7
62154,77.6
62155,77.8
62156,76.6
62157,75.1
62158,75.8
62159,76.7
62160,77.5
62161,76.3
62162,75.5
62163,77.0
62164,75.8
62165,76.5
62166,75.7
62167,75.5
62168,75.1
62169,76.6
62170,75.8
62171,75.5
62172,75.9
62173,75.2
62174,76.6
62175,76.2
62176,76.9
62177,76.1
62178,75.9
62179,77.4
62180,77.0
62181,77.6
62182,78.1
62183,76.4
62184,77.0
62185,78.3
62186,76.9
62187,77.1
62188,76.8
62189,75.8
62190,75.9
62191,76.8
62192,75.9
62193,75.5
62194,73.6
62195,71.4
62196,70.7
62197,73.8
62198,70.6
62199,66.8
62200,66.7
62201,65.5
62202,65.9
62203,64.7
62204,65.0
62205,66.5
62206,65.9
62207,66.2
62208,66.3
62209,66.4
62210,67.2
62211,66.6
62212,66.6
62213,66.4
62214,66.7
62215,67.0
62216,66.3
62217,67.1
62218,66.7
62219,66.7
62220,67.1
62221,68.1
62222,67.9
62223,67.3
62224,68.0
62225,67.9
62226,66.4
62227,59.4
62228,56.1
62229,57.0
62230,55.9
62231,57.5
62232,56.9
62233,57.2
62234,58.8
62235,59.4
62236,66.2
62237,81.0
62238,90.0
