NETCARE2015/data/raw/Flight2/H2O_POLAR6_20150407_R1_NETCARE.ict
34, 1001
Bozem, Heiko; Hoor, Peter
Institute for Atmospheric Physics, Johannes Gutenberg University, Mainz, Germany
H2O mixing ratio from LI7200 CO2/H2O analyzer
NETCARE Polar 6 Campaign 2015
1, 1
2015, 04, 07, 2016, 01, 22
1
Time_UTC, seconds
1
1
-9999.9
H2O_ppmv, ppmv
0
19
PI_CONTACT_INFO: Address: Johann-Joachim-Becherweg 21, 55128 Mainz, email: bozemh@uni-mainz.de; hoor@uni-mainz.de
PLATFORM: Polar 6
LOCATION: GPS location and altitude available at 1 Hz resolution in separate file (See AIMMS files under Aircraft data and meteorology)
ASSOCIATED_DATA: N/A
INSTRUMENT_INFO: H2O measurements based on non-dispersive infrared absorption spectroscopy
DATA_INFO: Units are ppmv
UNCERTAINTY RELATIVE TO STANDARD: 18.5 ppmv or 2.5 %, whichever is greater, at 1 sigma confidence (before drift correction is applied)
ULOD_FLAG: -7777
ULOD_VALUE: N/A
LLOD_FLAG: -8888
LLOD_VALUE: N/A 
DM_CONTACT_INFO: N/A
PROJECT_INFO: NETCARE Polar 6 aircraft campaign in April 2015; Alert
STIPULATIONS_ON_USE: N/A
OTHER_COMMENTS: N/A
REVISION: R1
R0: Preliminary data, corrected for instrument drift
R1: Final data, corrected for instrument drift
Time_UTC,H2O_ppmv
59517,364.3
59518,364.1
59519,362.7
59520,361.8
59521,359.2
59522,359.6
59523,358.9
59524,359.5
59525,359.4
59526,360.1
59527,361.9
59528,366.3
59529,375.1
59530,382.2
59531,386.3
59532,387.5
59533,389.9
59534,394.2
59535,403.4
59536,400.4
59537,403.1
59538,404.0
59539,406.9
59540,410.0
59541,415.7
59542,427.2
59543,432.4
59544,436.0
59545,438.6
59546,452.3
59547,465.6
59548,475.8
59549,484.5
59550,492.0
59551,494.4
59552,496.6
59553,499.4
59554,501.5
59555,504.5
59556,505.5
59557,506.5
59558,506.5
59559,508.8
59560,509.8
59561,511.0
59562,514.7
59563,517.2
59564,518.6
59565,522.1
59566,523.1
59567,528.1
59568,533.0
59569,533.7
59570,534.5
59571,535.4
59572,535.3
59573,536.7
59574,537.3
59575,539.6
59576,547.4
59577,556.9
59578,561.2
59579,563.2
59580,563.7
59581,563.8
59582,563.5
59583,563.7
59584,565.3
59585,571.2
59586,573.3
59587,583.4
59588,588.2
59589,589.5
59590,584.2
59591,581.1
59592,578.7
59593,579.1
59594,578.8
59595,579.6
59596,580.3
59597,581.4
59598,587.9
59599,590.9
59600,592.0
59601,592.5
59602,590.8
59603,589.5
59604,588.5
59605,588.3
59606,590.4
59607,597.3
59608,600.5
59609,601.2
59610,605.4
59611,605.6
59612,606.2
59613,606.4
59614,603.9
59615,603.7
59616,603.5
59617,601.2
59618,601.3
59619,604.6
59620,605.6
59621,602.7
59622,599.8
59623,598.6
59624,596.1
59625,599.3
59626,599.7
59627,596.5
59628,596.9
59629,594.8
59630,594.0
59631,592.0
59632,587.2
59633,580.2
59634,585.5
59635,602.8
59636,615.7
59637,618.9
59638,620.5
59639,622.1
59640,623.3
59641,624.4
59642,624.5
59643,625.7
59644,626.6
59645,627.4
59646,627.3
59647,626.2
59648,626.7
59649,626.3
59650,624.1
59651,622.8
59652,613.6
59653,605.0
59654,599.6
59655,594.8
59656,593.7
59657,594.9
59658,594.5
59659,591.7
59660,590.5
59661,587.4
59662,587.7
59663,587.4
59664,583.2
59665,586.9
59666,594.1
59667,591.6
59668,589.4
59669,585.2
59670,589.3
59671,591.1
59672,595.6
59673,606.2
59674,623.0
59675,624.9
59676,622.9
59677,620.7
59678,618.8
59679,622.5
59680,624.0
59681,628.4
59682,640.1
59683,644.5
59684,641.5
59685,629.0
59686,604.0
59687,597.2
59688,589.3
59689,588.8
59690,590.7
59691,589.3
59692,588.6
59693,592.8
59694,594.5
59695,591.8
59696,596.7
59697,597.5
59698,598.9
59699,599.6
59700,598.3
59701,601.1
59702,600.9
59703,601.6
59704,604.6
59705,601.0
59706,600.7
59707,605.1
59708,603.9
59709,604.5
59710,606.9
59711,607.4
59712,611.9
59713,611.0
59714,610.7
59715,609.6
59716,615.8
59717,614.9
59718,612.1
59719,611.5
59720,615.2
59721,614.3
59722,614.6
59723,613.7
59724,612.4
59725,615.4
59726,618.7
59727,632.7
59728,635.8
59729,634.3
59730,634.4
59731,633.8
59732,634.9
59733,635.7
59734,638.0
59735,639.1
59736,640.5
59737,640.4
59738,641.1
59739,642.4
59740,641.6
59741,637.9
59742,634.6
59743,634.2
59744,635.6
59745,636.4
59746,636.8
59747,636.4
59748,636.1
59749,638.3
59750,639.2
59751,640.1
59752,641.2
59753,641.9
59754,643.0
59755,648.7
59756,664.7
59757,692.7
59758,730.3
59759,755.6
59760,779.9
59761,801.9
59762,823.0
59763,825.6
59764,829.7
59765,836.5
59766,841.8
59767,843.6
59768,845.7
59769,867.0
59770,875.7
59771,878.1
59772,878.2
59773,880.2
59774,881.0
59775,881.6
59776,880.1
59777,879.1
59778,877.5
59779,872.5
59780,871.0
59781,873.4
59782,872.7
59783,872.5
59784,867.3
59785,866.0
59786,861.6
59787,858.9
59788,854.9
59789,851.8
59790,850.5
59791,851.9
59792,851.6
59793,851.5
59794,850.7
59795,847.2
59796,846.7
59797,844.7
59798,841.6
59799,842.1
59800,838.9
59801,836.7
59802,833.3
59803,820.0
59804,817.4
59805,816.3
59806,815.3
59807,813.7
59808,813.7
59809,812.3
59810,811.5
59811,803.9
59812,805.2
59813,808.0
59814,802.8
59815,805.5
59816,805.7
59817,806.2
59818,809.8
59819,806.3
59820,798.7
59821,803.2
59822,789.9
59823,785.3
59824,785.1
59825,783.0
59826,780.9
59827,779.4
59828,779.2
59829,777.7
59830,-9999.9
59831,-9999.9
59832,-9999.9
59833,768.9
59834,770.2
59835,771.1
59836,770.3
59837,770.2
59838,769.9
59839,769.3
59840,764.6
59841,768.4
59842,769.2
59843,768.7
59844,770.4
59845,771.2
59846,772.2
59847,790.6
59848,787.3
59849,773.4
59850,768.7
59851,776.2
59852,773.1
59853,767.0
59854,757.2
59855,786.7
59856,800.1
59857,800.8
59858,801.9
59859,801.0
59860,796.4
59861,797.5
59862,796.4
59863,800.6
59864,807.3
59865,816.6
59866,818.4
59867,806.2
59868,797.9
59869,772.8
59870,703.8
59871,689.3
59872,693.2
59873,701.9
59874,710.4
59875,714.3
59876,718.2
59877,725.9
59878,728.7
59879,734.3
59880,738.7
59881,760.3
59882,787.4
59883,783.3
59884,775.8
59885,806.1
59886,802.6
59887,800.2
59888,799.6
59889,803.4
59890,805.7
59891,793.2
59892,795.7
59893,791.8
59894,781.2
59895,778.0
59896,779.5
59897,781.8
59898,781.4
59899,775.8
59900,775.6
59901,777.7
59902,777.8
59903,782.8
59904,787.8
59905,792.8
59906,793.3
59907,793.3
59908,790.7
59909,787.1
59910,782.3
59911,771.4
59912,755.2
59913,743.6
59914,724.0
59915,715.9
59916,712.0
59917,746.8
59918,782.9
59919,786.3
59920,782.9
59921,778.0
59922,759.2
59923,718.8
59924,713.4
59925,692.9
59926,690.1
59927,695.6
59928,687.0
59929,661.5
59930,651.4
59931,656.5
59932,658.0
59933,644.6
59934,636.6
59935,633.6
59936,633.6
59937,636.2
59938,641.0
59939,654.1
59940,621.7
59941,597.0
59942,588.1
59943,583.0
59944,581.9
59945,589.3
59946,584.7
59947,589.9
59948,595.6
59949,596.9
59950,595.4
59951,623.2
59952,627.0
59953,610.3
59954,599.9
59955,633.8
59956,699.6
59957,696.0
59958,765.1
59959,805.5
59960,824.1
59961,824.1
59962,835.7
59963,844.5
59964,857.5
59965,862.3
59966,858.0
59967,865.1
59968,859.8
59969,866.6
59970,873.2
59971,872.9
59972,870.5
59973,880.5
59974,903.6
59975,906.7
59976,921.5
59977,928.2
59978,938.4
59979,930.0
59980,932.0
59981,936.8
59982,941.5
59983,951.8
59984,955.9
59985,958.5
59986,959.4
59987,960.3
59988,961.8
59989,960.9
59990,957.2
59991,953.7
59992,964.9
59993,973.7
59994,922.0
59995,870.7
59996,853.6
59997,838.7
59998,868.6
59999,867.6
60000,880.4
60001,889.1
60002,880.2
60003,873.8
60004,849.9
60005,832.7
60006,851.5
60007,822.8
60008,814.7
60009,829.0
60010,843.0
60011,844.2
60012,797.8
60013,705.3
60014,673.6
60015,660.4
60016,707.7
60017,757.4
60018,759.8
60019,721.8
60020,654.6
60021,643.1
60022,639.3
60023,641.3
60024,638.2
60025,620.7
60026,610.8
60027,605.9
60028,606.6
60029,604.8
60030,604.2
60031,602.5
60032,599.2
60033,598.0
60034,597.2
60035,595.2
60036,593.3
60037,592.2
60038,589.4
60039,585.7
60040,568.8
60041,545.7
60042,535.6
60043,532.5
60044,526.6
60045,528.4
60046,529.3
60047,527.4
60048,525.2
60049,526.4
60050,526.1
60051,526.2
60052,524.4
60053,525.7
60054,526.0
60055,527.9
60056,529.6
60057,529.3
60058,529.7
60059,531.8
60060,532.5
60061,531.7
60062,531.2
60063,530.7
60064,530.5
60065,529.7
60066,531.5
60067,530.8
60068,531.0
60069,531.0
60070,530.8
60071,529.9
60072,530.3
60073,529.3
60074,530.0
60075,530.1
60076,528.5
60077,528.2
60078,528.8
60079,528.5
60080,529.2
60081,530.8
60082,530.8
60083,528.9
60084,528.8
60085,529.0
60086,527.4
60087,519.8
60088,524.9
60089,522.3
60090,508.9
60091,502.7
60092,502.1
60093,502.0
60094,503.8
60095,504.4
60096,507.1
60097,513.0
60098,512.4
60099,508.6
60100,506.0
60101,508.6
60102,508.1
60103,510.1
60104,511.5
60105,509.9
60106,507.7
60107,512.7
60108,514.8
60109,505.9
60110,504.0
60111,505.5
60112,505.9
60113,532.0
60114,550.9
60115,566.7
60116,577.6
60117,580.8
60118,587.4
60119,601.4
60120,609.2
60121,608.6
60122,609.3
60123,608.1
60124,612.4
60125,615.5
60126,615.0
60127,617.5
60128,621.3
60129,621.2
60130,623.8
60131,624.0
60132,624.8
60133,624.7
60134,627.1
60135,630.5
60136,635.4
60137,636.7
60138,637.2
60139,637.5
60140,635.7
60141,635.7
60142,635.5
60143,635.6
60144,634.9
60145,636.9
60146,637.1
60147,639.8
60148,639.8
60149,640.9
60150,643.2
60151,645.6
60152,647.6
60153,647.5
60154,647.2
60155,647.8
60156,649.1
60157,648.2
60158,652.4
60159,658.3
60160,671.1
60161,678.6
60162,679.8
60163,679.2
60164,677.1
60165,667.8
60166,658.7
60167,642.0
60168,615.9
60169,627.4
60170,645.1
60171,646.6
60172,642.7
60173,640.0
60174,643.0
60175,647.8
60176,646.7
60177,645.6
60178,643.7
60179,643.1
60180,636.5
60181,634.1
60182,631.9
60183,627.8
60184,624.7
60185,598.1
60186,607.2
60187,613.4
60188,612.8
60189,600.6
60190,592.7
60191,589.6
60192,577.0
60193,581.0
60194,580.8
60195,577.6
60196,574.4
60197,573.2
60198,571.5
60199,571.4
60200,573.8
60201,576.0
60202,577.3
60203,577.0
60204,576.7
60205,572.6
60206,571.5
60207,572.5
60208,577.9
60209,576.3
60210,575.1
60211,573.3
60212,574.0
60213,570.1
60214,568.5
60215,569.8
60216,569.7
60217,572.4
60218,573.8
60219,573.5
60220,580.3
60221,581.9
60222,584.0
60223,586.0
60224,587.2
60225,594.7
60226,594.4
60227,600.2
60228,608.1
60229,610.5
60230,610.6
60231,610.6
60232,609.2
60233,609.0
60234,607.7
60235,607.2
60236,601.4
60237,600.4
60238,599.5
60239,596.7
60240,597.8
60241,597.6
60242,586.2
60243,574.2
60244,564.1
60245,556.2
60246,550.0
60247,543.0
60248,550.6
60249,547.6
60250,541.4
60251,540.8
60252,538.9
60253,543.7
60254,542.3
60255,534.1
60256,534.3
60257,532.3
60258,535.8
60259,539.0
60260,537.6
60261,539.6
60262,538.4
60263,536.8
60264,538.1
60265,540.0
60266,539.8
60267,533.6
60268,538.1
60269,539.5
60270,539.7
60271,539.4
60272,542.1
60273,539.3
60274,538.5
60275,538.1
60276,548.0
60277,555.5
60278,556.2
60279,560.1
60280,560.1
60281,558.5
60282,555.8
60283,551.1
60284,545.0
60285,540.0
60286,523.8
60287,511.9
60288,503.4
60289,500.4
60290,497.3
60291,499.4
60292,502.2
60293,502.7
60294,505.2
60295,506.1
60296,504.1
60297,501.9
60298,501.5
60299,501.1
60300,497.7
60301,500.8
60302,507.5
60303,509.9
60304,512.0
60305,521.8
60306,534.7
60307,540.7
60308,539.9
60309,540.0
60310,540.4
60311,542.2
60312,541.5
60313,543.5
60314,544.2
60315,543.0
60316,543.1
60317,544.6
60318,544.7
60319,546.7
60320,547.0
60321,545.8
60322,544.4
60323,545.5
60324,543.6
60325,542.6
60326,542.3
60327,542.8
60328,541.4
60329,540.6
60330,540.4
60331,540.8
60332,539.8
60333,539.2
60334,539.7
60335,538.3
60336,538.9
60337,541.5
60338,544.8
60339,548.3
60340,548.8
60341,552.6
60342,553.2
60343,556.1
60344,558.2
60345,561.0
60346,562.2
60347,565.6
60348,573.9
60349,580.4
60350,578.6
60351,575.9
60352,572.8
60353,570.6
60354,561.9
60355,548.7
60356,541.3
60357,536.0
60358,534.1
60359,530.6
60360,530.3
60361,529.7
60362,527.6
60363,526.6
60364,524.2
60365,522.6
60366,519.8
60367,521.4
60368,520.1
60369,519.5
60370,516.1
60371,508.8
60372,502.8
60373,494.7
60374,486.1
60375,479.1
60376,470.5
60377,460.5
60378,457.5
60379,456.4
60380,455.9
60381,453.9
60382,453.2
60383,452.3
60384,452.9
60385,452.9
60386,453.2
60387,452.2
60388,452.7
60389,452.4
60390,450.9
60391,450.5
60392,450.8
60393,450.4
60394,450.2
60395,449.5
60396,448.5
60397,448.5
60398,448.6
60399,447.9
60400,447.3
60401,446.2
60402,446.7
60403,444.9
60404,443.6
60405,444.1
60406,441.8
60407,440.2
60408,438.2
60409,436.8
60410,437.8
60411,437.3
60412,434.5
60413,434.4
60414,432.7
60415,433.3
60416,431.9
60417,431.1
60418,430.0
60419,427.9
60420,428.5
60421,427.8
60422,425.5
60423,423.7
60424,422.2
60425,420.6
60426,418.3
60427,416.1
60428,414.7
60429,411.2
60430,400.3
60431,393.6
60432,390.2
60433,389.5
60434,391.8
60435,391.7
60436,385.9
60437,376.1
60438,368.7
60439,363.8
60440,360.5
60441,359.5
60442,357.0
60443,352.2
60444,349.2
60445,347.8
60446,347.9
60447,346.3
60448,342.5
60449,340.2
60450,336.2
60451,332.3
60452,328.3
60453,324.5
60454,321.2
60455,318.4
60456,315.8
60457,310.2
60458,308.4
60459,308.7
60460,308.0
60461,306.7
60462,304.4
60463,305.1
60464,303.5
60465,302.7
60466,299.9
60467,297.3
60468,296.9
60469,295.5
60470,296.4
60471,297.3
60472,299.6
60473,303.8
60474,307.4
60475,309.3
60476,310.6
60477,312.2
60478,316.1
60479,319.4
60480,319.9
60481,320.8
60482,320.4
60483,319.3
60484,319.5
60485,320.8
60486,320.9
60487,321.6
60488,321.2
60489,321.9
60490,323.8
60491,324.4
60492,324.1
60493,325.1
60494,324.8
60495,324.4
60496,325.8
60497,325.1
60498,326.7
60499,327.9
60500,327.5
60501,328.2
60502,321.7
60503,313.7
60504,310.3
60505,322.2
60506,336.2
60507,345.1
60508,350.3
60509,353.7
60510,357.4
60511,362.8
60512,364.2
60513,367.8
60514,369.8
60515,369.8
60516,370.0
60517,374.1
60518,375.6
60519,374.7
60520,376.8
60521,376.8
60522,376.8
60523,376.2
60524,375.2
60525,374.8
60526,375.9
60527,374.1
60528,369.3
60529,363.7
60530,361.0
60531,357.8
60532,351.6
60533,344.7
60534,341.0
60535,335.5
60536,332.1
60537,327.3
60538,319.5
60539,312.2
60540,303.8
60541,301.0
60542,299.9
60543,295.0
60544,288.8
60545,284.1
60546,282.3
60547,281.8
60548,284.7
60549,286.8
60550,289.0
60551,289.0
60552,292.2
60553,295.7
60554,297.4
60555,303.0
60556,302.2
60557,305.8
60558,309.8
60559,315.9
60560,317.1
60561,319.1
60562,321.6
60563,322.2
60564,326.6
60565,325.7
60566,330.0
60567,334.9
60568,340.1
60569,346.0
60570,348.8
60571,343.6
60572,338.8
60573,335.9
60574,333.9
60575,331.1
60576,329.8
60577,326.6
60578,324.4
60579,323.1
60580,321.7
60581,313.6
60582,303.4
60583,296.6
60584,291.2
60585,275.5
60586,259.1
60587,253.6
60588,251.7
60589,246.2
60590,242.8
60591,242.2
60592,242.0
60593,239.0
60594,234.0
60595,230.0
60596,229.0
60597,227.9
60598,221.2
60599,218.7
60600,223.4
60601,218.7
60602,198.8
60603,187.1
60604,197.0
60605,198.6
60606,182.6
60607,170.7
60608,174.9
60609,190.6
60610,193.7
60611,182.0
60612,171.2
60613,167.4
60614,150.6
60615,137.4
60616,138.1
60617,137.7
60618,133.4
60619,131.0
60620,124.2
60621,117.6
60622,114.0
60623,110.1
60624,108.5
60625,107.6
60626,104.7
60627,103.0
60628,101.3
60629,99.9
60630,99.1
60631,98.5
60632,98.0
60633,97.6
60634,97.4
60635,96.2
60636,95.0
60637,93.8
60638,92.2
60639,88.2
60640,86.2
60641,84.6
60642,83.7
60643,84.3
60644,84.6
60645,88.5
60646,101.9
60647,109.5
60648,112.7
60649,113.8
60650,109.4
60651,105.9
60652,105.5
60653,103.6
60654,103.3
60655,102.5
60656,100.9
60657,100.8
60658,101.2
60659,100.0
60660,99.8
60661,97.3
60662,94.7
60663,92.7
60664,89.2
60665,87.0
60666,84.8
60667,85.3
60668,84.9
60669,85.6
60670,87.7
60671,88.0
60672,88.7
60673,89.2
60674,90.4
60675,91.3
60676,91.4
60677,92.6
60678,94.4
60679,93.8
60680,94.7
60681,95.0
60682,95.1
60683,95.4
60684,96.6
60685,97.2
60686,94.4
60687,94.1
60688,92.8
60689,92.5
60690,96.6
60691,99.3
60692,102.2
60693,100.9
60694,99.7
60695,96.7
60696,94.7
60697,94.2
60698,91.5
60699,87.3
60700,85.7
60701,82.5
60702,79.7
60703,79.7
60704,78.1
60705,78.2
60706,78.2
60707,77.6
60708,77.6
60709,76.4
60710,77.4
60711,77.2
60712,77.4
60713,76.8
60714,78.1
60715,78.7
60716,78.4
60717,78.2
60718,77.7
60719,77.0
60720,77.5
60721,77.6
60722,77.8
60723,77.9
60724,77.7
60725,77.4
60726,78.0
60727,78.0
60728,78.5
60729,78.2
60730,77.0
60731,78.0
60732,78.7
60733,77.9
60734,76.5
60735,75.5
60736,75.4
60737,74.9
60738,73.8
60739,74.8
60740,75.3
60741,77.8
60742,78.4
60743,81.8
60744,83.1
60745,84.0
60746,84.4
60747,85.2
60748,84.9
60749,84.6
60750,84.5
60751,85.9
60752,86.2
60753,86.8
60754,86.7
60755,87.8
60756,86.9
60757,86.7
60758,87.7
60759,88.3
60760,88.8
60761,88.9
60762,88.5
60763,89.0
60764,89.1
60765,90.9
60766,88.8
60767,89.1
60768,87.2
60769,88.9
60770,89.2
60771,88.8
60772,88.6
60773,88.4
60774,87.4
60775,88.0
60776,86.8
60777,87.5
60778,86.9
60779,87.1
60780,86.8
60781,86.8
60782,87.3
60783,86.6
60784,86.5
60785,86.0
60786,85.6
60787,86.0
60788,86.1
60789,86.7
60790,85.3
60791,84.2
60792,85.0
60793,83.2
60794,80.2
60795,80.3
60796,78.1
60797,74.4
60798,73.7
60799,73.2
60800,73.3
60801,74.0
60802,75.3
60803,74.9
60804,75.1
60805,74.6
60806,74.3
60807,74.5
60808,73.9
60809,73.9
60810,74.2
60811,74.0
60812,73.1
60813,74.2
60814,74.8
60815,74.4
60816,76.1
60817,74.9
60818,75.7
60819,76.2
60820,77.0
60821,77.5
60822,80.3
60823,81.7
60824,82.0
60825,83.5
60826,83.4
60827,85.0
60828,85.5
60829,86.1
60830,87.4
60831,88.6
60832,88.1
60833,89.7
60834,89.2
60835,90.7
60836,92.8
60837,94.1
60838,93.1
60839,90.0
60840,86.9
60841,84.1
60842,82.6
60843,83.3
60844,85.3
60845,89.3
60846,87.6
60847,89.0
60848,88.9
60849,91.0
60850,90.6
60851,90.5
60852,91.9
60853,91.7
60854,92.0
60855,89.2
60856,87.3
60857,86.7
60858,87.0
60859,84.6
60860,82.5
60861,80.8
60862,80.9
60863,79.9
60864,80.0
60865,80.1
60866,79.7
60867,80.6
