NETCARE2015/data/raw/Flight2/O3_POLAR6_201504071605_R0_L1_NETCARE.ict
37, 1001
Staebler, Ralf
Environment Canada
Thermo 49i ozone data
Polar 6 NETCARE
1, 1
2015, 4, 7, 2015, 9, 30
0
Start_UTC, seconds
6
1, 1, 1, 1, 1, 1
-9999, -9999, -999.9, -99.9, -99.9, -99.9
Stop_UTC, seconds
hr, decimal hours (UTC)
Press, cell pressure (Torr)
BenchT, instrument temperature (deg C)
LampT, ozone lamp temperature (deg C)
O3, ozone mixing ratio (ppbv)
1
Press, BenchT, LampT are included for diagnostics
16
PI_CONTACT_INFO: Address: 4905 Dufferin Street, Toronto, ON M3H 5T4; email: Ralf.Staebler@ec.gc.ca
PLATFORM: Polar 6 
LOCATION: Location data varies as seen in this file
INSTRUMENT_INFO: Thermo Scienfific ozone analyzer model 49i, S.N. 0606014771
UNCERTAINTY: 0.2 ppbv 
ULOD_FLAG: -7777
ULOD_VALUE: N/A
LLOD_FLAG: -8888
LLOD_VALUE: N/A
DM_CONTACT_INFO: Ralf Staebler; Environment Canada; Ralf.Staebler@ec.gc.ca
PROJECT_INFO: Polar 6 NETCARE Spring 2015 campaign
STIPULATIONS_ON_USE: If use of this data will lead to a publication, we ask that the PI be informed.
OTHER_COMMENTS: N/A
REVISION: R0
R0: First set of data.
Start_UTC,Stop_UTC,hr,Press,BenchT,LampT,O3
59510,59520,16.5333,744.2,21.4,53.1,-99.9
59520,59530,16.5361,740.3,21.4,53.1,-99.9
59530,59540,16.5389,737.6,21.4,53.1,-99.9
59540,59550,16.5417,734.1,21.5,53.1,-99.9
59550,59560,16.5444,729.0,21.5,53.1,-99.9
59560,59570,16.5472,725.4,21.6,53.1,-99.9
59570,59580,16.5500,721.5,21.6,53.1,-99.9
59580,59590,16.5528,716.4,21.7,53.1,-99.9
59590,59600,16.5556,712.5,21.7,53.1,-99.9
59600,59610,16.5583,708.3,21.8,53.1,-99.9
59610,59620,16.5611,704.4,21.8,53.1,-99.9
59620,59630,16.5639,699.9,21.9,53.1,-99.9
59630,59640,16.5667,696.0,21.9,53.1,-99.9
59640,59650,16.5694,692.7,22.0,53.1,-99.9
59650,59660,16.5722,689.4,22.0,53.1,-99.9
59660,59670,16.5750,684.9,22.1,53.1,-99.9
59670,59680,16.5778,681.6,22.1,53.1,-99.9
59680,59690,16.5806,676.8,22.1,53.1,-99.9
59690,59700,16.5833,673.2,22.2,53.1,-99.9
59700,59710,16.5861,671.7,22.2,53.1,-99.9
59710,59720,16.5889,669.9,22.3,53.1,-99.9
59720,59730,16.5917,669.9,22.3,53.1,-99.9
59730,59740,16.5944,666.9,22.4,53.1,-99.9
59740,59750,16.5972,664.2,22.4,53.1,-99.9
59750,59760,16.6000,662.1,22.5,53.1,-99.9
59760,59770,16.6028,659.8,22.5,53.1,-99.9
59770,59780,16.6056,658.3,22.6,53.1,-99.9
59780,59790,16.6083,655.6,22.6,53.1,-99.9
59790,59800,16.6111,653.5,22.6,53.1,-99.9
59800,59810,16.6139,649.3,22.7,53.1,-99.9
59810,59820,16.6167,638.5,22.7,53.1,-99.9
59820,59830,16.6194,636.7,22.8,53.1,46.6
59830,59840,16.6222,635.2,22.8,53.1,48
59840,59850,16.6250,633.4,22.8,53.2,46.4
59850,59860,16.6278,632.5,22.9,53.2,46
59860,59870,16.6306,630.7,22.9,53.1,47.1
59870,59880,16.6333,629.5,23.0,53.1,48
59880,59890,16.6361,628.3,23.0,53.1,46.6
59890,59900,16.6389,628.0,23.1,53.2,46.1
59900,59910,16.6417,625.9,23.1,53.2,47
59910,59920,16.6444,624.1,23.2,53.1,47.1
59920,59930,16.6472,622.0,23.2,53.1,46
59930,59940,16.6500,619.6,23.3,53.1,46.8
59940,59950,16.6528,617.2,23.3,53.2,49
59950,59960,16.6556,614.8,23.4,53.2,48.7
59960,59970,16.6583,613.3,23.4,53.2,46.9
59970,59980,16.6611,612.4,23.4,53.1,49.8
59980,59990,16.6639,610.0,23.5,53.1,47.9
59990,60000,16.6667,608.2,23.5,53.1,46.9
60000,60010,16.6694,606.1,23.5,53.2,45.3
60010,60020,16.6722,604.3,23.6,53.1,45.4
60020,60030,16.6750,602.5,23.6,53.2,44.5
60030,60040,16.6778,601.3,23.7,53.2,44.4
60040,60050,16.6806,600.1,23.7,53.2,46.2
60050,60060,16.6833,599.2,23.8,53.2,45.3
60060,60070,16.6861,597.1,23.8,53.2,45.3
60070,60080,16.6889,595.6,23.9,53.2,45.8
60080,60090,16.6917,594.4,23.9,53.2,46.8
60090,60100,16.6944,592.6,23.9,53.2,46.6
60100,60110,16.6972,590.5,24.0,53.2,49.3
60110,60120,16.7000,588.7,24.0,53.2,48.2
60120,60130,16.7028,587.5,24.1,53.1,46.1
60130,60140,16.7056,586.3,24.1,53.2,46.9
60140,60150,16.7083,584.5,24.1,53.2,45.7
60150,60160,16.7111,583.3,24.2,53.2,46.2
60160,60170,16.7139,582.5,24.2,53.2,47
60170,60180,16.7167,581.6,24.3,53.2,45.7
60180,60190,16.7194,580.4,24.3,53.2,45.9
60190,60200,16.7222,579.2,24.4,53.2,46.2
60200,60210,16.7250,578.6,24.4,53.2,46.3
60210,60220,16.7278,577.7,24.4,53.2,47.1
60220,60230,16.7306,575.9,24.5,53.2,46.5
60230,60240,16.7333,574.4,24.5,53.2,47.9
60240,60250,16.7361,573.5,24.6,53.2,47.8
60250,60260,16.7389,572.3,24.6,53.2,46.8
60260,60270,16.7417,570.5,24.7,53.2,47.8
60270,60280,16.7444,569.3,24.7,53.2,47.4
60280,60290,16.7472,567.8,24.7,53.2,47.6
60290,60300,16.7500,566.6,24.8,53.2,46.7
60300,60310,16.7528,564.8,24.8,53.2,47.1
60310,60320,16.7556,563.3,24.9,53.2,46.6
60320,60330,16.7583,562.4,24.9,53.2,46.2
60330,60340,16.7611,561.2,24.9,53.2,46.7
60340,60350,16.7639,559.4,25.0,53.2,48.2
60350,60360,16.7667,557.9,25.0,53.2,48.3
60360,60370,16.7694,556.7,25.0,53.2,49
60370,60380,16.7722,555.5,25.1,53.2,48.7
60380,60390,16.7750,553.4,25.1,53.2,49.3
60390,60400,16.7778,551.6,25.2,53.2,49
60400,60410,16.7806,550.1,25.2,53.2,45.8
60410,60420,16.7833,549.2,25.3,53.2,46.6
60420,60430,16.7861,546.8,25.3,53.2,48.7
60430,60440,16.7889,545.0,25.3,53.2,48.3
60440,60450,16.7917,543.5,25.4,53.2,47.6
60450,60460,16.7944,542.3,25.4,53.2,48.5
60460,60470,16.7972,540.2,25.5,53.2,48.6
60470,60480,16.8000,538.7,25.5,53.3,48.1
60480,60490,16.8028,537.8,25.6,53.1,49.1
60490,60500,16.8056,536.6,25.6,53.3,50
60500,60510,16.8083,535.1,25.6,53.2,51.5
60510,60520,16.8111,533.0,25.7,53.3,51.1
60520,60530,16.8139,532.1,25.7,53.3,51.2
60530,60540,16.8167,530.9,25.8,53.2,52
60540,60550,16.8194,529.4,25.8,53.2,50.7
60550,60560,16.8222,527.9,25.8,53.2,50.3
60560,60570,16.8250,526.4,25.9,53.2,51.1
60570,60580,16.8278,525.2,25.9,53.2,51.9
60580,60590,16.8306,524.0,25.9,53.2,52.3
60590,60600,16.8333,522.8,26.0,53.2,52.9
60600,60610,16.8361,521.9,26.0,53.3,52.4
60610,60620,16.8389,521.0,26.1,53.2,51.9
60620,60630,16.8417,518.9,26.1,53.2,55
60630,60640,16.8444,517.1,26.1,53.3,53.9
60640,60650,16.8472,515.3,26.2,53.2,55.2
60650,60660,16.8500,514.4,26.2,53.2,54.8
60660,60670,16.8528,512.9,26.3,53.2,55.1
60670,60680,16.8556,510.8,26.3,53.3,54.6
60680,60690,16.8583,509.6,26.3,53.2,55.1
60690,60700,16.8611,509.0,26.4,53.2,56.6
60700,60710,16.8639,506.9,26.4,53.3,54.5
60710,60720,16.8667,505.4,26.5,53.3,54.3
60720,60730,16.8694,504.6,26.5,53.2,55.2
60730,60740,16.8722,503.4,26.6,53.3,55
60740,60750,16.8750,502.5,26.6,53.3,54.7
60750,60760,16.8778,502.5,26.6,53.2,55.6
60760,60770,16.8806,503.4,26.7,53.3,54.5
60770,60780,16.8833,504.2,26.7,53.3,55.2
60780,60790,16.8861,505.4,26.8,53.2,55.3
60790,60800,16.8889,506.3,26.8,53.3,56.2
60800,60810,16.8917,508.1,26.8,53.3,54.7
60810,60820,16.8944,510.2,26.9,53.2,55.3
60820,60830,16.8972,511.1,26.9,53.3,53.5
60830,60840,16.9000,512.0,27.0,53.2,55.2
60840,60850,16.9028,513.8,27.0,53.3,54.7
60850,60860,16.9056,514.7,27.0,53.3,53.8
60860,60870,16.9083,516.5,27.1,53.3,52.5
60870,60880,16.9111,518.0,27.1,53.3,54.9
60880,60890,16.9139,519.8,27.2,53.3,53.4
60890,60900,16.9167,521.6,27.2,53.3,54
60900,60910,16.9194,522.2,27.2,53.3,54.1
60910,60920,16.9222,524.0,27.3,53.3,53.2
60920,60930,16.9250,524.3,27.3,53.3,51.7
60930,60940,16.9278,523.4,27.4,53.2,53.2
60940,60950,16.9306,521.9,27.4,53.3,54.2
60950,60960,16.9333,520.4,27.4,53.3,55.5
60960,60970,16.9361,519.8,27.5,53.3,52.4
60970,60980,16.9389,518.3,27.5,53.3,53.5
60980,60990,16.9417,517.1,27.6,53.3,52.9
60990,61000,16.9444,515.0,27.6,53.3,52.9
61000,61010,16.9472,514.4,27.6,53.3,53.5
61010,61020,16.9500,512.9,27.7,53.3,53.8
61020,61030,16.9528,511.1,27.7,53.3,53.5
61030,61040,16.9556,509.6,27.8,53.3,53.7
61040,61050,16.9583,508.1,27.8,53.3,53
61050,61060,16.9611,506.9,27.8,53.3,55
61060,61070,16.9639,505.1,27.9,53.3,53.6
61070,61080,16.9667,504.0,27.9,53.3,56.5
61080,61090,16.9694,503.1,28.0,53.3,54.9
61090,61100,16.9722,502.2,28.0,53.3,55.1
61100,61110,16.9750,500.7,28.0,53.3,52.6
61110,61120,16.9778,499.8,28.1,53.3,53.9
61120,61130,16.9806,498.9,28.1,53.3,52.9
61130,61140,16.9833,498.3,28.2,53.3,54.2
61140,61150,16.9861,497.1,28.2,53.3,54.5
61150,61160,16.9889,506.6,28.2,53.3,-99.9
61160,61170,16.9917,505.4,28.3,53.3,-99.9
61170,61180,16.9944,504.6,28.3,53.3,-99.9
61180,61190,16.9972,503.7,28.3,53.3,-99.9
61190,61200,17.0000,504.6,28.4,53.3,-99.9
61200,61210,17.0028,506.0,28.4,53.3,-99.9
61210,61220,17.0056,508.1,28.5,53.3,-99.9
61220,61230,17.0083,509.3,28.5,53.3,-99.9
61230,61240,17.0111,510.8,28.6,53.3,-99.9
61240,61250,17.0139,512.6,28.6,53.3,-99.9
61250,61260,17.0167,514.4,28.6,53.3,-99.9
61260,61270,17.0194,515.6,28.7,53.3,-99.9
61270,61280,17.0222,516.5,28.7,53.3,-99.9
61280,61290,17.0250,518.3,28.8,53.3,-99.9
61290,61300,17.0278,519.8,28.8,53.3,-99.9
61300,61310,17.0306,520.7,28.8,53.3,-99.9
61310,61320,17.0333,522.5,28.9,53.3,-99.9
61320,61330,17.0361,524.9,28.9,53.3,-99.9
61330,61340,17.0389,526.1,28.9,53.3,-99.9
61340,61350,17.0417,527.0,29.0,53.3,-99.9
61350,61360,17.0444,527.9,29.0,53.3,-99.9
61360,61370,17.0472,529.7,29.1,53.3,-99.9
61370,61380,17.0500,531.5,29.1,53.3,-99.9
61380,61390,17.0528,533.3,29.1,53.3,-99.9
61390,61400,17.0556,535.1,29.2,53.3,-99.9
61400,61410,17.0583,535.1,29.2,53.3,-99.9
61410,61420,17.0611,534.5,29.3,53.3,-99.9
61420,61430,17.0639,533.6,29.3,53.3,-99.9
61430,61440,17.0667,532.7,29.3,53.3,-99.9
61440,61450,17.0694,532.1,29.4,53.3,-99.9
61450,61460,17.0722,524.9,29.4,53.3,-99.9
61460,61470,17.0750,518.0,29.5,53.3,-99.9
61470,61480,17.0778,516.8,29.5,53.3,56.2
61480,61490,17.0806,515.6,29.5,53.3,56.4
61490,61500,17.0833,514.4,29.6,53.3,56.5
61500,61510,17.0861,513.2,29.6,53.3,56.1
61510,61520,17.0889,511.7,29.7,53.3,55.1
61520,61530,17.0917,511.4,29.7,53.3,56.2
61530,61540,17.0944,509.6,29.7,53.3,54.1
61540,61550,17.0972,507.8,29.8,53.3,53
61550,61560,17.1000,506.3,29.8,53.3,54.1
61560,61570,17.1028,505.1,29.9,53.3,53.8
61570,61580,17.1056,504.2,29.9,53.3,53.6
61580,61590,17.1083,502.8,29.9,53.3,53.6
61590,61600,17.1111,501.6,30.0,53.3,55.1
61600,61610,17.1139,500.1,30.0,53.3,55.2
61610,61620,17.1167,498.9,30.0,53.3,56.4
61620,61630,17.1194,497.7,30.1,53.3,53.3
61630,61640,17.1222,496.2,30.1,53.3,52.9
61640,61650,17.1250,495.3,30.2,53.3,54.3
61650,61660,17.1278,494.4,30.2,53.3,55.6
61660,61670,17.1306,493.2,30.2,53.4,54.6
61670,61680,17.1333,494.1,30.3,53.3,54.9
61680,61690,17.1361,495.3,30.3,53.3,55.4
61690,61700,17.1389,497.1,30.3,53.4,54.1
61700,61710,17.1417,498.6,30.4,53.3,52
61710,61720,17.1444,499.8,30.4,53.4,52.3
61720,61730,17.1472,502.5,30.5,53.4,54.2
61730,61740,17.1500,504.2,30.5,53.4,54.3
61740,61750,17.1528,505.4,30.6,53.3,56.8
61750,61760,17.1556,507.8,30.6,53.3,56.1
61760,61770,17.1583,509.9,30.6,53.3,55.3
61770,61780,17.1611,511.7,30.7,53.3,55.3
61780,61790,17.1639,513.5,30.7,53.4,54.9
61790,61800,17.1667,514.4,30.7,53.4,55.3
61800,61810,17.1694,516.8,30.8,53.3,54.8
61810,61820,17.1722,518.0,30.8,53.4,54.5
61820,61830,17.1750,519.2,30.9,53.4,52.9
61830,61840,17.1778,520.4,30.9,53.4,52.8
61840,61850,17.1806,521.9,30.9,53.3,52.7
61850,61860,17.1833,523.1,31.0,53.3,53.2
61860,61870,17.1861,524.0,31.0,53.4,53.2
61870,61880,17.1889,524.0,31.1,53.4,51.6
61880,61890,17.1917,523.7,31.1,53.4,53.3
61890,61900,17.1944,523.1,31.1,53.3,54.3
61900,61910,17.1972,521.6,31.2,53.4,53.8
61910,61920,17.2000,520.4,31.2,53.4,54.8
61920,61930,17.2028,519.2,31.3,53.4,53.9
61930,61940,17.2056,517.1,31.3,53.4,53.9
61940,61950,17.2083,515.6,31.3,53.4,53.4
61950,61960,17.2111,514.1,31.4,53.3,54.5
61960,61970,17.2139,512.9,31.4,53.4,54.5
61970,61980,17.2167,512.0,31.5,53.4,53.8
61980,61990,17.2194,510.2,31.5,53.3,53.2
61990,62000,17.2222,508.4,31.5,53.4,54.8
62000,62010,17.2250,507.8,31.6,53.4,54.9
62010,62020,17.2278,506.3,31.6,53.4,56.7
62020,62030,17.2306,504.9,31.6,53.4,55.9
62030,62040,17.2333,504.0,31.7,53.4,55.4
62040,62050,17.2361,503.4,31.7,53.3,54.7
62050,62060,17.2389,502.5,31.7,53.4,56
62060,62070,17.2417,501.3,31.8,53.4,53.5
62070,62080,17.2444,500.1,31.8,53.3,53.5
62080,62090,17.2472,499.2,31.8,53.4,54.7
62090,62100,17.2500,498.3,31.9,53.4,53.2
62100,62110,17.2528,496.8,31.9,53.3,53.7
62110,62120,17.2556,495.0,31.9,53.4,53.4
62120,62130,17.2583,494.4,32.0,53.4,53.6
62130,62140,17.2611,493.5,32.0,53.4,53.3
62140,62150,17.2639,493.5,32.0,53.4,53.2
62150,62160,17.2667,495.0,32.1,53.4,54.3
62160,62170,17.2694,497.4,32.1,53.4,54.1
62170,62180,17.2722,499.2,32.2,53.4,54.5
62180,62190,17.2750,500.4,32.2,53.4,54.8
62190,62200,17.2778,501.6,32.3,53.4,54.2
62200,62210,17.2806,503.7,32.3,53.4,55.4
62210,62220,17.2833,505.1,32.3,53.4,54.2
62220,62230,17.2861,506.6,32.4,53.4,52.4
62230,62240,17.2889,508.4,32.4,53.4,55.8
62240,62250,17.2917,510.5,32.4,53.4,53.2
62250,62260,17.2944,512.6,32.5,53.4,53.4
62260,62270,17.2972,514.1,32.5,53.4,52
62270,62280,17.3000,515.3,32.5,53.4,52.4
62280,62290,17.3028,517.1,32.6,53.4,53.7
62290,62300,17.3056,519.2,32.6,53.4,53.2
62300,62310,17.3083,520.4,32.6,53.4,54.4
62310,62320,17.3111,521.6,32.7,53.4,54.8
62320,62330,17.3139,524.0,32.7,53.4,54.3
62330,62340,17.3167,525.8,32.8,53.4,54.3
62340,62350,17.3194,526.7,32.8,53.4,52.6
62350,62360,17.3222,527.6,32.8,53.4,52.6
62360,62370,17.3250,529.1,32.9,53.4,50.4
62370,62380,17.3278,530.6,32.9,53.4,51.3
62380,62390,17.3306,532.1,32.9,53.4,48.3
62390,62400,17.3333,533.9,33.0,53.4,48.5
62400,62410,17.3361,534.8,33.0,53.4,49.7
62410,62420,17.3389,533.9,33.1,53.4,49
62420,62430,17.3417,532.4,33.1,53.4,50.2
62430,62440,17.3444,530.9,33.1,53.4,50.1
62440,62450,17.3472,529.7,33.2,53.4,50.8
62450,62460,17.3500,528.2,33.2,53.4,51
62460,62470,17.3528,526.7,33.2,53.4,49.9
62470,62480,17.3556,525.5,33.3,53.4,53.2
62480,62490,17.3583,524.6,33.3,53.4,52.6
62490,62500,17.3611,524.6,33.3,53.4,51.9
62500,62510,17.3639,525.2,33.4,53.4,51.3
62510,62520,17.3667,524.6,33.4,53.4,49.9
62520,62530,17.3694,523.4,33.4,53.4,52.1
62530,62540,17.3722,522.8,33.4,53.4,51.9
62540,62550,17.3750,521.6,33.5,53.4,51.9
62550,62560,17.3778,519.8,33.5,53.4,52.5
62560,62570,17.3806,518.9,33.5,53.4,53.1
62570,62580,17.3833,518.0,33.6,53.4,55.7
62580,62590,17.3861,516.8,33.6,53.4,53.6
62590,62600,17.3889,516.2,33.6,53.4,53
62600,62610,17.3917,517.4,33.7,53.4,53
62610,62620,17.3944,517.7,33.7,53.4,55
62620,62630,17.3972,518.3,33.7,53.4,53.4
62630,62640,17.4000,518.3,33.8,53.4,52.6
62640,62650,17.4028,518.6,33.8,53.4,50.4
62650,62660,17.4056,518.6,33.9,53.4,51.9
62660,62670,17.4083,518.3,33.9,53.4,52.4
62670,62680,17.4111,517.7,33.9,53.4,52.2
62680,62690,17.4139,518.0,33.9,53.4,51.5
62690,62700,17.4167,518.0,34.0,53.4,52.8
62700,62710,17.4194,517.7,34.0,53.4,51.8
62710,62720,17.4222,517.4,34.0,53.4,52
62720,62730,17.4250,517.7,34.1,53.4,53.5
62730,62740,17.4278,517.7,34.1,53.4,53.7
62740,62750,17.4306,517.1,34.1,53.4,53.2
62750,62760,17.4333,516.8,34.2,53.4,53.2
62760,62770,17.4361,517.1,34.2,53.4,53.1
62770,62780,17.4389,517.4,34.2,53.4,54.2
62780,62790,17.4417,517.1,34.3,53.4,51.9
62790,62800,17.4444,516.5,34.3,53.4,52.7
62800,62810,17.4472,516.8,34.3,53.4,53.4
62810,62820,17.4500,517.1,34.3,53.4,53.1
62820,62830,17.4528,516.8,34.4,53.4,52
62830,62840,17.4556,516.5,34.4,53.4,50.8
62840,62850,17.4583,517.1,34.4,53.4,52.8
62850,62860,17.4611,517.1,34.4,53.4,53.7
62860,62870,17.4639,517.1,34.5,53.4,52.2
62870,62880,17.4667,516.8,34.5,53.4,52.9
62880,62890,17.4694,516.8,34.5,53.4,53.3
62890,62900,17.4722,517.1,34.6,53.4,54.5
62900,62910,17.4750,517.1,34.6,53.4,53.3
62910,62920,17.4778,516.8,34.7,53.4,52.9
62920,62930,17.4806,517.1,34.7,53.4,53.2
62930,62940,17.4833,516.5,34.7,53.4,51.5
62940,62950,17.4861,515.9,34.7,53.4,52.2
62950,62960,17.4889,516.2,34.7,53.4,51.3
62960,62970,17.4917,516.8,34.8,53.4,53.3
62970,62980,17.4944,516.8,34.8,53.4,52.9
62980,62990,17.4972,516.5,34.8,53.4,52
62990,63000,17.5000,516.8,34.8,53.4,53.8
63000,63010,17.5028,517.4,34.9,53.4,52.8
63010,63020,17.5056,517.1,34.9,53.4,54
63020,63030,17.5083,516.8,34.9,53.4,54.1
63030,63040,17.5111,516.2,35.0,53.4,52.7
63040,63050,17.5139,516.8,35.0,53.4,52.8
63050,63060,17.5167,517.1,35.0,53.4,51.9
63060,63070,17.5194,516.8,35.0,53.4,51.3
63070,63080,17.5222,517.1,35.1,53.4,52
63080,63090,17.5250,518.3,35.1,53.4,51.4
63090,63100,17.5278,518.3,35.1,53.5,49.6
63100,63110,17.5306,517.7,35.2,53.4,50.4
63110,63120,17.5333,517.4,35.2,53.4,50.4
63120,63130,17.5361,517.7,35.2,53.4,52.1
63130,63140,17.5389,517.7,35.2,53.4,51.8
63140,63150,17.5417,518.0,35.3,53.5,50.9
63150,63160,17.5444,518.3,35.3,53.4,50.4
63160,63170,17.5472,520.4,35.3,53.4,50.2
63170,63180,17.5500,522.2,35.3,53.4,50.5
63180,63190,17.5528,523.7,35.4,53.4,48.5
63190,63200,17.5556,525.5,35.4,53.4,48
63200,63210,17.5583,528.2,35.4,53.4,48.4
63210,63220,17.5611,530.0,35.5,53.4,49.6
63220,63230,17.5639,531.5,35.5,53.4,47.9
63230,63240,17.5667,533.3,35.5,53.4,48.6
63240,63250,17.5694,535.7,35.5,53.5,47.9
63250,63260,17.5722,537.8,35.6,53.4,49.2
63260,63270,17.5750,539.3,35.6,53.4,48.1
63270,63280,17.5778,541.1,35.6,53.4,49.1
63280,63290,17.5806,543.2,35.6,53.4,47.8
63290,63300,17.5833,545.3,35.6,53.5,48.1
63300,63310,17.5861,547.4,35.7,53.5,47.9
63310,63320,17.5889,549.5,35.7,53.4,47.2
63320,63330,17.5917,551.6,35.8,53.4,46.3
63330,63340,17.5944,554.0,35.8,53.4,47.2
63340,63350,17.5972,555.8,35.8,53.4,47.7
63350,63360,17.6000,557.9,35.8,53.5,48.1
63360,63370,17.6028,560.0,35.8,53.4,49.3
63370,63380,17.6056,562.1,35.9,53.4,47.6
63380,63390,17.6083,563.3,35.9,53.4,46.2
63390,63400,17.6111,565.1,35.9,53.4,47.7
63400,63410,17.6139,567.5,35.9,53.4,46.3
