NETCARE2015/data/raw/Flight2/O3_POLAR6_201504071605_R0_L1_NETCARE.ict
37, 1001
Staebler, Ralf
Environment Canada
Thermo 49i ozone data
Polar 6 NETCARE
1, 1
2015, 4, 7, 2015, 9, 30
0
Start_UTC, seconds
6
1, 1, 1, 1, 1, 1
-9999, -9999, -999.9, -99.9, -99.9, -99.9
Stop_UTC, seconds
hr, decimal hours (UTC)
Press, cell pressure (Torr)
BenchT, instrument temperature (deg C)
LampT, ozone lamp temperature (deg C)
O3, ozone mixing ratio (ppbv)
1
Press, BenchT, LampT are included for diagnostics
16
PI_CONTACT_INFO: Address: 4905 Dufferin Street, Toronto, ON M3H 5T4; email: Ralf.Staebler@ec.gc.ca
PLATFORM: Polar 6 
LOCATION: Location data varies as seen in this file
INSTRUMENT_INFO: Thermo Scienfific ozone analyzer model 49i, S.N. 0606014771
UNCERTAINTY: 0.2 ppbv 
ULOD_FLAG: -7777
ULOD_VALUE: N/A
LLOD_FLAG: -8888
LLOD_VALUE: N/A
DM_CONTACT_INFO: Ralf Staebler; Environment Canada; Ralf.Staebler@ec.gc.ca
PROJECT_INFO: Polar 6 NETCARE Spring 2015 campaign
STIPULATIONS_ON_USE: If use of this data will lead to a publication, we ask that the PI be informed.
OTHER_COMMENTS: N/A
REVISION: R0
R0: First set of data.
Start_UTC,Stop_UTC,hr,Press,BenchT,LampT,O3
[from data line 391]
63420,63430,17.6194,571.4,36.0,53.4,46.8
63430,63440,17.6222,573.2,36.0,53.4,45.4
63440,63450,17.6250,575.3,36.0,53.4,46.7
63450,63460,17.6278,577.4,36.1,53.4,46.6
63460,63470,17.6306,579.2,36.1,53.4,47.8
63470,63480,17.6333,581.0,36.1,53.5,48.5
63480,63490,17.6361,583.6,36.1,53.4,48.6
63490,63500,17.6389,585.7,36.2,53.4,47.5
63500,63510,17.6417,587.2,36.2,53.4,47.9
63510,63520,17.6444,589.0,36.2,53.4,47.1
63520,63530,17.6472,591.1,36.2,53.5,47.4
63530,63540,17.6500,593.2,36.3,53.5,47
63540,63550,17.6528,595.0,36.3,53.5,47.1
63550,63560,17.6556,597.1,36.3,53.4,47.8
63560,63570,17.6583,599.8,36.3,53.4,47.8
63570,63580,17.6611,601.6,36.3,53.4,48
63580,63590,17.6639,603.1,36.4,53.4,48.1
63590,63600,17.6667,605.2,36.4,53.4,46.9
63600,63610,17.6694,607.9,36.4,53.5,46.1
63610,63620,17.6722,610.6,36.4,53.4,47.1
63620,63630,17.6750,612.4,36.5,53.4,47.2
63630,63640,17.6778,614.5,36.5,53.4,45.8
63640,63650,17.6806,616.9,36.5,53.4,45.4
63650,63660,17.6833,618.7,36.5,53.4,46
63660,63670,17.6861,620.2,36.6,53.4,46.6
63670,63680,17.6889,622.3,36.6,53.5,45.4
63680,63690,17.6917,624.7,36.6,53.4,47.2
63690,63700,17.6944,627.1,36.6,53.4,47.4
63700,63710,17.6972,628.3,36.7,53.4,45.9
63710,63720,17.7000,630.1,36.7,53.4,45.5
63720,63730,17.7028,632.8,36.7,53.5,45.4
63730,63740,17.7056,634.9,36.7,53.5,46.2
63740,63750,17.7083,637.3,36.7,53.5,43.4
63750,63760,17.7111,638.8,36.7,53.5,42.4
63760,63770,17.7139,640.6,36.8,53.4,37.8
63770,63780,17.7167,642.4,36.8,53.4,26.3
63780,63790,17.7194,643.6,36.8,53.4,22.7
63790,63800,17.7222,646.3,36.8,53.4,23.4
63800,63810,17.7250,648.7,36.9,53.5,24
63810,63820,17.7278,651.4,36.9,53.5,23.7
63820,63830,17.7306,653.5,36.9,53.5,23.2
63830,63840,17.7333,655.3,36.9,53.5,21.8
63840,63850,17.7361,658.0,36.9,53.4,22.3
63850,63860,17.7389,660.0,37.0,53.4,23.4
63860,63870,17.7417,661.5,37.0,53.4,22.5
63870,63880,17.7444,663.6,37.0,53.4,19.5
63880,63890,17.7472,666.0,37.0,53.5,20.3
63890,63900,17.7500,668.4,37.0,53.5,19.3
63900,63910,17.7528,670.2,37.0,53.5,18.8
63910,63920,17.7556,672.6,37.1,53.4,17.8
63920,63930,17.7583,675.6,37.1,53.4,16
63930,63940,17.7611,678.6,37.1,53.4,13.3
63940,63950,17.7639,679.5,37.1,53.4,10.2
63950,63960,17.7667,681.6,37.1,53.4,13.7
63960,63970,17.7694,684.9,37.2,53.4,7.1
63970,63980,17.7722,686.4,37.2,53.4,0.665
63980,63990,17.7750,688.2,37.2,53.4,0.131
63990,64000,17.7778,690.0,37.2,53.4,0.744
64000,64010,17.7806,692.7,37.2,53.4,1.07
64010,64020,17.7833,694.8,37.2,53.4,0.473
64020,64030,17.7861,696.3,37.2,53.4,0.537
64030,64040,17.7889,698.1,37.3,53.4,0.666
64040,64050,17.7917,700.5,37.3,53.4,0.349
64050,64060,17.7944,702.3,37.3,53.4,0.305
64060,64070,17.7972,704.4,37.3,53.5,0.731
64070,64080,17.8000,706.5,37.3,53.5,0.235
64080,64090,17.8028,708.9,37.3,53.4,0.577
64090,64100,17.8056,711.3,37.4,53.4,0.501
64100,64110,17.8083,713.4,37.4,53.4,-0.102
64110,64120,17.8111,715.2,37.4,53.4,0.679
64120,64130,17.8139,717.9,37.4,53.4,0.803
64130,64140,17.8167,720.3,37.4,53.4,0.798
64140,64150,17.8194,721.8,37.4,53.4,0.38
64150,64160,17.8222,723.6,37.4,53.4,0.798
64160,64170,17.8250,725.7,37.4,53.4,0.228
64170,64180,17.8278,728.4,37.5,53.4,0.366
64180,64190,17.8306,730.2,37.4,53.4,-0.282
64190,64200,17.8333,732.9,37.5,53.5,0.489
64200,64210,17.8361,733.5,37.5,53.4,1.47
64210,64220,17.8389,735.9,37.5,53.4,1.16
64220,64230,17.8417,735.6,37.5,53.4,-0.0447
64230,64240,17.8444,735.9,37.5,53.4,-0.0284
64240,64250,17.8472,735.9,37.5,53.4,1.54
64250,64260,17.8500,735.9,37.5,53.4,1.34
64260,64270,17.8528,735.3,37.5,53.4,0.446
64270,64280,17.8556,735.3,37.5,53.4,0.168
64280,64290,17.8583,735.9,37.5,53.5,0.888
64290,64300,17.8611,735.9,37.6,53.5,0.361
64300,64310,17.8639,735.3,37.6,53.4,1
64310,64320,17.8667,736.2,37.6,53.4,-0.569
64320,64330,17.8694,735.3,37.6,53.4,1.52
64330,64340,17.8722,735.6,37.6,53.4,1.36
64340,64350,17.8750,735.9,37.6,53.4,1.11
64350,64360,17.8778,735.6,37.6,53.4,1.74
64360,64370,17.8806,736.2,37.6,53.4,0.908
64370,64380,17.8833,736.5,37.6,53.4,0.555
64380,64390,17.8861,735.6,37.6,53.4,0.0763
64390,64400,17.8889,735.6,37.6,53.4,0.764
64400,64410,17.8917,735.9,37.7,53.4,0.743
64410,64420,17.8944,735.3,37.7,53.4,0.602
64420,64430,17.8972,735.9,37.7,53.4,0.816
64430,64440,17.9000,735.6,37.7,53.4,0.599
64440,64450,17.9028,736.5,37.7,53.4,0.238
64450,64460,17.9056,736.5,37.7,53.4,1.17
64460,64470,17.9083,735.9,37.7,53.4,0.00434
64470,64480,17.9111,735.6,37.7,53.4,0.689
64480,64490,17.9139,735.0,37.7,53.4,0.941
64490,64500,17.9167,735.6,37.7,53.4,0.135
64500,64510,17.9194,735.0,37.7,53.4,0.605
64510,64520,17.9222,735.3,37.7,53.4,0.571
64520,64530,17.9250,735.6,37.7,53.4,0.606
64530,64540,17.9278,735.9,37.7,53.4,0.557
64540,64550,17.9306,736.5,37.7,53.4,0.393
64550,64560,17.9333,736.2,37.7,53.4,-0.0414
64560,64570,17.9361,737.1,37.7,53.4,-0.251
64570,64580,17.9389,737.4,37.7,53.4,0.657
64580,64590,17.9417,737.1,37.7,53.4,0.655
64590,64600,17.9444,736.5,37.7,53.4,1.15
64600,64610,17.9472,736.5,37.7,53.4,0.921
64610,64620,17.9500,736.5,37.7,53.4,0.356
64620,64630,17.9528,736.2,37.7,53.4,0.505
64630,64640,17.9556,736.2,37.7,53.4,-0.426
64640,64650,17.9583,737.1,37.7,53.4,0.744
64650,64660,17.9611,736.8,37.7,53.4,0.764
64660,64670,17.9639,736.5,37.7,53.4,0.535
64670,64680,17.9667,735.0,37.7,53.4,1.62
64680,64690,17.9694,732.0,37.7,53.4,1.21
64690,64700,17.9722,729.0,37.7,53.4,1.23
64700,64710,17.9750,726.3,37.7,53.4,1.36
64710,64720,17.9778,723.3,37.7,53.4,-0.0175
64720,64730,17.9806,721.5,37.7,53.4,-0.372
64730,64740,17.9833,719.4,37.7,53.5,-0.85
64740,64750,17.9861,716.4,37.7,53.5,-0.791
64750,64760,17.9889,714.6,37.7,53.4,-0.0175
64760,64770,17.9917,713.4,37.8,53.4,0.422
64770,64780,17.9944,711.9,37.8,53.4,0.678
64780,64790,17.9972,710.1,37.8,53.4,0.0142
64790,64800,18.0000,707.4,37.8,53.4,-0.186
64800,64810,18.0028,705.6,37.8,53.4,0.0251
64810,64820,18.0056,703.8,37.7,53.4,-1.25
64820,64830,18.0083,702.6,37.8,53.4,-0.024
64830,64840,18.0111,701.1,37.8,53.5,1.32
64840,64850,18.0139,699.3,37.8,53.5,0.484
64850,64860,18.0167,698.4,37.8,53.4,-0.387
64860,64870,18.0194,696.6,37.8,53.4,0.895
64870,64880,18.0222,694.8,37.8,53.4,0.0469
64880,64890,18.0250,693.6,37.8,53.4,-0.156
64890,64900,18.0278,692.1,37.8,53.4,0.889
64900,64910,18.0306,690.0,37.8,53.4,0.453
64910,64920,18.0333,688.5,37.8,53.4,4.32
64920,64930,18.0361,687.3,37.8,53.4,9.08
64930,64940,18.0389,685.2,37.8,53.5,13.4
64940,64950,18.0417,682.2,37.8,53.5,20.6
64950,64960,18.0444,679.5,37.8,53.4,20.9
64960,64970,18.0472,677.4,37.8,53.4,20.8
64970,64980,18.0500,674.7,37.8,53.4,19.4
64980,64990,18.0528,672.3,37.8,53.4,19.3
64990,65000,18.0556,669.9,37.8,53.4,18.5
65000,65010,18.0583,668.7,37.8,53.4,18.2
65010,65020,18.0611,666.9,37.8,53.4,18
65020,65030,18.0639,664.8,37.8,53.4,17.1
65030,65040,18.0667,662.4,37.8,53.4,18.7
65040,65050,18.0694,660.9,37.8,53.4,18
65050,65060,18.0722,658.9,37.8,53.5,18.6
65060,65070,18.0750,656.2,37.8,53.4,17.9
65070,65080,18.0778,654.7,37.8,53.5,19
65080,65090,18.0806,653.5,37.8,53.4,18.6
65090,65100,18.0833,652.0,37.8,53.4,19.1
65100,65110,18.0861,649.3,37.8,53.4,17.5
65110,65120,18.0889,646.9,37.8,53.4,19.9
65120,65130,18.0917,645.7,37.8,53.4,19.7
65130,65140,18.0944,644.8,37.8,53.4,27.1
65140,65150,18.0972,642.7,37.8,53.4,20.3
65150,65160,18.1000,640.0,37.8,53.4,23.8
65160,65170,18.1028,638.2,37.8,53.4,32.4
65170,65180,18.1056,636.7,37.8,53.5,36.1
65180,65190,18.1083,634.3,37.8,53.4,42.7
65190,65200,18.1111,632.2,37.8,53.4,41.9
65200,65210,18.1139,631.3,37.8,53.5,42.6
65210,65220,18.1167,630.1,37.8,53.5,43.7
65220,65230,18.1194,627.7,37.8,53.4,45.3
65230,65240,18.1222,625.9,37.8,53.5,45.3
65240,65250,18.1250,624.4,37.8,53.5,45.4
65250,65260,18.1278,622.3,37.9,53.5,47.1
65260,65270,18.1306,620.2,37.9,53.4,46.3
65270,65280,18.1333,618.4,37.9,53.4,45.3
65280,65290,18.1361,616.9,37.9,53.4,45.8
65290,65300,18.1389,615.1,37.9,53.4,46.6
65300,65310,18.1417,613.3,37.9,53.4,46.6
65310,65320,18.1444,611.5,37.9,53.4,46.5
65320,65330,18.1472,610.0,37.9,53.4,46.9
65330,65340,18.1500,608.8,37.9,53.5,46.6
65340,65350,18.1528,606.7,37.9,53.5,45.8
65350,65360,18.1556,604.3,37.9,53.5,46.8
65360,65370,18.1583,602.5,37.9,53.5,46.8
65370,65380,18.1611,600.4,37.9,53.5,47
65380,65390,18.1639,598.6,37.9,53.5,48.1
65390,65400,18.1667,596.5,37.9,53.5,46.8
65400,65410,18.1694,595.0,37.9,53.4,47.5
65410,65420,18.1722,593.2,37.9,53.4,47
65420,65430,18.1750,590.8,37.9,53.4,46.5
65430,65440,18.1778,588.7,37.9,53.4,46.9
65440,65450,18.1806,586.9,38.0,53.4,47.7
65450,65460,18.1833,585.4,38.0,53.5,47.5
65460,65470,18.1861,583.3,38.0,53.5,47.9
65470,65480,18.1889,581.0,38.0,53.5,47.5
65480,65490,18.1917,580.1,38.0,53.4,48.3
65490,65500,18.1944,578.6,38.0,53.5,49.7
65500,65510,18.1972,576.5,38.0,53.5,48.2
65510,65520,18.2000,575.3,38.0,53.5,50
65520,65530,18.2028,574.7,38.0,53.5,49.7
65530,65540,18.2056,572.9,38.0,53.5,49.1
65540,65550,18.2083,570.8,38.0,53.5,49.2
65550,65560,18.2111,569.0,38.0,53.5,48.6
65560,65570,18.2139,567.5,38.0,53.5,48.8
65570,65580,18.2167,566.0,38.0,53.5,48.9
65580,65590,18.2194,563.9,38.0,53.4,47.5
65590,65600,18.2222,562.4,38.1,53.5,48.6
65600,65610,18.2250,560.9,38.1,53.5,48.9
65610,65620,18.2278,559.4,38.1,53.5,48.5
65620,65630,18.2306,557.3,38.1,53.4,49.1
65630,65640,18.2333,555.5,38.1,53.5,49.3
65640,65650,18.2361,554.3,38.1,53.5,48.7
65650,65660,18.2389,552.5,38.1,53.5,50.2
65660,65670,18.2417,550.1,38.1,53.5,50
65670,65680,18.2444,547.7,38.1,53.5,49.3
65680,65690,18.2472,546.5,38.1,53.5,50.4
65690,65700,18.2500,544.4,38.1,53.5,49.7
65700,65710,18.2528,542.0,38.1,53.5,49.1
65710,65720,18.2556,539.9,38.1,53.5,49
65720,65730,18.2583,538.7,38.1,53.5,48.2
65730,65740,18.2611,537.2,38.1,53.5,50
65740,65750,18.2639,535.1,38.2,53.5,50
65750,65760,18.2667,533.0,38.2,53.4,50.7
65760,65770,18.2694,531.2,38.2,53.5,51.9
65770,65780,18.2722,529.4,38.2,53.5,52.7
65780,65790,18.2750,527.3,38.2,53.5,50.2
65790,65800,18.2778,525.8,38.2,53.5,52.8
65800,65810,18.2806,524.6,38.2,53.6,52.7
65810,65820,18.2833,521.9,38.2,53.5,53
65820,65830,18.2861,519.2,38.2,53.5,52.5
65830,65840,18.2889,517.4,38.3,53.5,52.9
65840,65850,18.2917,516.5,38.3,53.5,53.2
65850,65860,18.2944,515.3,38.3,53.4,53.1
65860,65870,18.2972,513.8,38.3,53.4,54.1
65870,65880,18.3000,511.7,38.3,53.5,53.2
65880,65890,18.3028,511.1,38.3,53.5,53.8
65890,65900,18.3056,509.6,38.3,53.5,55.1
65900,65910,18.3083,507.5,38.3,53.4,54.5
65910,65920,18.3111,505.7,38.3,53.5,56.8
65920,65930,18.3139,504.6,38.4,53.5,56.5
65930,65940,18.3167,503.4,38.4,53.5,57.6
65940,65950,18.3194,503.1,38.4,53.5,54.5
65950,65960,18.3222,502.8,38.4,53.5,57.7
65960,65970,18.3250,503.1,38.4,53.5,55.5
65970,65980,18.3278,503.4,38.4,53.5,52.8
65980,65990,18.3306,503.1,38.4,53.5,52.1
65990,66000,18.3333,503.1,38.5,53.5,52.4
66000,66010,18.3361,503.4,38.5,53.5,53.5
66010,66020,18.3389,503.7,38.5,53.5,53.7
66020,66030,18.3417,503.7,38.5,53.5,52.3
66030,66040,18.3444,503.7,38.5,53.5,51.8
66040,66050,18.3472,504.0,38.5,53.5,54.8
66050,66060,18.3500,504.2,38.5,53.5,58.2
66060,66070,18.3528,504.2,38.5,53.5,57.2
66070,66080,18.3556,504.0,38.6,53.5,57.8
66080,66090,18.3583,504.2,38.6,53.5,58
66090,66100,18.3611,504.2,38.6,53.5,58.8
66100,66110,18.3639,504.2,38.6,53.5,56
66110,66120,18.3667,504.2,38.6,53.5,57.5
66120,66130,18.3694,504.2,38.6,53.5,56.4
66130,66140,18.3722,504.0,38.6,53.5,56.7
66140,66150,18.3750,503.4,38.7,53.5,55.1
66150,66160,18.3778,503.4,38.7,53.5,54.4
66160,66170,18.3806,503.7,38.7,53.5,54.5
66170,66180,18.3833,503.4,38.7,53.5,53.1
66180,66190,18.3861,503.1,38.7,53.5,54.5
66190,66200,18.3889,503.4,38.7,53.5,55.6
66200,66210,18.3917,503.4,38.8,53.5,54.6
66210,66220,18.3944,503.4,38.8,53.5,54.6
66220,66230,18.3972,503.1,38.8,53.5,54.5
66230,66240,18.4000,502.8,38.8,53.5,55.2
66240,66250,18.4028,503.1,38.8,53.5,53.4
66250,66260,18.4056,503.7,38.8,53.5,51.7
66260,66270,18.4083,503.4,38.8,53.5,53.6
66270,66280,18.4111,503.1,38.9,53.5,53.7
66280,66290,18.4139,503.4,38.9,53.5,56.1
66290,66300,18.4167,503.4,38.9,53.5,56.6
66300,66310,18.4194,503.1,38.9,53.5,54.6
66310,66320,18.4222,502.8,38.9,53.5,53.4
66320,66330,18.4250,503.4,38.9,53.5,55.5
66330,66340,18.4278,503.7,38.9,53.5,56.3
66340,66350,18.4306,503.1,38.9,53.5,56.9
66350,66360,18.4333,503.1,39.0,53.5,58.7
66360,66370,18.4361,503.4,39.0,53.5,56.3
66370,66380,18.4389,502.2,39.0,53.5,57.3
66380,66390,18.4417,500.4,39.0,53.5,54.3
66390,66400,18.4444,498.3,39.0,53.5,52.7
66400,66410,18.4472,496.8,39.1,53.5,53.2
66410,66420,18.4500,495.0,39.1,53.5,52
66420,66430,18.4528,492.9,39.1,53.5,51.9
66430,66440,18.4556,491.1,39.1,53.5,54.3
66440,66450,18.4583,489.9,39.1,53.5,54.7
66450,66460,18.4611,488.7,39.1,53.5,54.8
66460,66470,18.4639,487.2,39.1,53.5,58.2
66470,66480,18.4667,485.4,39.2,53.5,59.9
66480,66490,18.4694,483.9,39.2,53.5,59.7
66490,66500,18.4722,481.8,39.2,53.5,60.4
66500,66510,18.4750,480.0,39.2,53.5,60.6
66510,66520,18.4778,478.2,39.2,53.5,59.5
66520,66530,18.4806,477.0,39.2,53.5,49.1
66530,66540,18.4833,475.8,39.2,53.5,48.9
66540,66550,18.4861,474.6,39.2,53.5,49
66550,66560,18.4889,473.4,39.3,53.5,48.7
66560,66570,18.4917,471.9,39.3,53.5,47.8
66570,66580,18.4944,470.4,39.3,53.5,47.6
66580,66590,18.4972,468.6,39.3,53.5,47.2
66590,66600,18.5000,467.4,39.3,53.5,49.1
66600,66610,18.5028,466.2,39.4,53.5,48.4
66610,66620,18.5056,464.7,39.4,53.5,49.8
66620,66630,18.5083,463.2,39.4,53.5,54.5
66630,66640,18.5111,462.0,39.4,53.5,53.7
66640,66650,18.5139,461.4,39.4,53.5,54.9
66650,66660,18.5167,460.2,39.4,53.5,54.7
66660,66670,18.5194,457.8,39.4,53.5,54.9
66670,66680,18.5222,456.0,39.4,53.5,55.1
66680,66690,18.5250,455.1,39.5,53.5,54.8
66690,66700,18.5278,454.2,39.5,53.5,52.9
66700,66710,18.5306,452.4,39.5,53.5,51.7
66710,66720,18.5333,450.6,39.5,53.5,52.8
66720,66730,18.5361,449.1,39.5,53.5,52.6
66730,66740,18.5389,447.9,39.6,53.5,50.7
66740,66750,18.5417,446.1,39.6,53.5,54.5
66750,66760,18.5444,444.3,39.6,53.5,58.9
66760,66770,18.5472,442.8,39.6,53.5,61.6
66770,66780,18.5500,441.0,39.6,53.5,62.2
66780,66790,18.5528,439.2,39.6,53.5,59.6
66790,66800,18.5556,437.7,39.6,53.5,58.8
66800,66810,18.5583,436.2,39.6,53.5,53.3
66810,66820,18.5611,434.7,39.7,53.5,50.7
66820,66830,18.5639,432.6,39.7,53.5,51.4
66830,66840,18.5667,430.8,39.7,53.5,51.3
66840,66850,18.5694,429.6,39.7,53.5,50.6
66850,66860,18.5722,428.4,39.7,53.5,52.8
66860,66870,18.5750,426.6,39.7,53.6,50.8
66870,66880,18.5778,424.9,39.7,53.6,52.3
66880,66890,18.5806,423.7,39.8,53.5,51
66890,66900,18.5833,421.9,39.8,53.5,53.2
66900,66910,18.5861,419.8,39.8,53.5,54.3
66910,66920,18.5889,418.0,39.8,53.5,55.2
66920,66930,18.5917,416.8,39.8,53.5,55
66930,66940,18.5944,415.6,39.9,53.5,58.3
66940,66950,18.5972,413.8,39.9,53.5,56.6
66950,66960,18.6000,412.6,39.9,53.5,54.4
66960,66970,18.6028,411.1,39.9,53.5,54.3
66970,66980,18.6056,409.6,39.9,53.5,53.1
66980,66990,18.6083,407.8,39.9,53.6,53.9
66990,67000,18.6111,406.3,39.9,53.6,53.6
67000,67010,18.6139,405.4,40.0,53.6,52.9
67010,67020,18.6167,404.2,40.0,53.5,54.5
67020,67030,18.6194,402.4,40.0,53.5,54.5
67030,67040,18.6222,400.9,40.0,53.5,54.8
67040,67050,18.6250,399.7,40.1,53.5,56.3
67050,67060,18.6278,398.8,40.1,53.6,56.7
67060,67070,18.6306,397.0,40.1,53.6,55.8
67070,67080,18.6333,395.8,40.1,53.6,56.6
67080,67090,18.6361,394.9,40.1,53.6,54.3
67090,67100,18.6389,393.4,40.1,53.6,54.7
67100,67110,18.6417,392.2,40.1,53.5,55.1
67110,67120,18.6444,390.7,40.2,53.5,54.7
67120,67130,18.6472,389.5,40.2,53.5,53.6
67130,67140,18.6500,388.3,40.2,53.5,53.4
67140,67150,18.6528,386.5,40.2,53.6,52.8
67150,67160,18.6556,384.7,40.2,53.6,53.4
67160,67170,18.6583,383.5,40.3,53.6,53
67170,67180,18.6611,381.7,40.3,53.6,53.9
67180,67190,18.6639,380.2,40.3,53.5,52.9
67190,67200,18.6667,379.0,40.3,53.5,52.3
67200,67210,18.6694,378.1,40.3,53.5,52.7
67210,67220,18.6722,376.9,40.3,53.5,53.1
67220,67230,18.6750,375.4,40.3,53.6,52.8
67230,67240,18.6778,374.5,40.3,53.6,53.7
67240,67250,18.6806,373.3,40.4,53.6,51.6
67250,67260,18.6833,372.1,40.4,53.5,52.3
67260,67270,18.6861,370.9,40.4,53.6,50.7
67270,67280,18.6889,369.4,40.4,53.5,51.7
67280,67290,18.6917,368.5,40.5,53.6,50.1
67290,67300,18.6944,367.0,40.5,53.6,52.6
