NETCARE2015/data/raw/Flight2/O3_POLAR6_201504071605_R0_L1_NETCARE.ict
37, 1001
Staebler, Ralf
Environment Canada
Thermo 49i ozone data
Polar 6 NETCARE
1, 1
2015, 4, 7, 2015, 9, 30
0
Start_UTC, seconds
6
1, 1, 1, 1, 1, 1
-9999, -9999, -999.9, -99.9, -99.9, -99.9
Stop_UTC, seconds
hr, decimal hours (UTC)
Press, cell pressure (Torr)
BenchT, instrument temperature (deg C)
LampT, ozone lamp temperature (deg C)
O3, ozone mixing ratio (ppbv)
1
Press, BenchT, LampT are included for diagnostics
16
PI_CONTACT_INFO: Address: 4905 Dufferin Street, Toronto, ON M3H 5T4; email: Ralf.Staebler@ec.gc.ca
PLATFORM: Polar 6 
LOCATION: Location data varies as seen in this file
INSTRUMENT_INFO: Thermo Scienfific ozone analyzer model 49i, S.N. 0606014771
UNCERTAINTY: 0.2 ppbv 
ULOD_FLAG: -7777
ULOD_VALUE: N/A
LLOD_FLAG: -8888
LLOD_VALUE: N/A
DM_CONTACT_INFO: Ralf Staebler; Environment Canada; Ralf.Staebler@ec.gc.ca
PROJECT_INFO: Polar 6 NETCARE Spring 2015 campaign
STIPULATIONS_ON_USE: If use of this data will lead to a publication, we ask that the PI be informed.
OTHER_COMMENTS: N/A
REVISION: R0
R0: First set of data.
Start_UTC,Stop_UTC,hr,Press,BenchT,LampT,O3
[from data line 780]
67310,67320,18.7000,363.7,40.5,53.6,50.2
67320,67330,18.7028,363.1,40.5,53.6,51.4
67330,67340,18.7056,361.9,40.5,53.6,52.5
67340,67350,18.7083,359.8,40.6,53.6,53.2
67350,67360,18.7111,358.6,40.6,53.6,53.2
67360,67370,18.7139,358.0,40.6,53.5,48.7
67370,67380,18.7167,356.8,40.6,53.5,48.9
67380,67390,18.7194,355.3,40.6,53.6,42.3
67390,67400,18.7222,353.8,40.6,53.6,40.9
67400,67410,18.7250,352.9,40.7,53.5,40.3
67410,67420,18.7278,352.3,40.7,53.5,41.6
67420,67430,18.7306,350.8,40.7,53.6,41.3
67430,67440,18.7333,349.6,40.7,53.6,42.6
67440,67450,18.7361,349.1,40.8,53.5,42.4
67450,67460,18.7389,348.2,40.8,53.5,41.8
67460,67470,18.7417,346.7,40.8,53.7,37.9
67470,67480,18.7444,345.5,40.8,53.6,42.3
67480,67490,18.7472,344.6,40.8,53.6,40.6
67490,67500,18.7500,343.4,40.8,53.6,41.1
67500,67510,18.7528,341.6,40.9,53.6,39.9
67510,67520,18.7556,340.4,40.9,53.6,39.5
67520,67530,18.7583,339.5,40.9,53.6,39.8
67530,67540,18.7611,337.7,40.9,53.5,36.9
67540,67550,18.7639,336.8,40.9,53.6,38.6
67550,67560,18.7667,335.3,40.9,53.6,36.9
67560,67570,18.7694,333.8,40.9,53.5,36.2
67570,67580,18.7722,333.8,41.0,53.6,38.2
67580,67590,18.7750,332.9,41.0,53.6,37.8
67590,67600,18.7778,332.0,41.0,53.5,39.2
67600,67610,18.7806,332.3,41.0,53.6,38.9
67610,67620,18.7833,332.0,41.0,53.6,40.8
67620,67630,18.7861,331.4,41.1,53.6,39.3
67630,67640,18.7889,331.4,41.1,53.6,38.9
67640,67650,18.7917,331.4,41.1,53.6,36.9
67650,67660,18.7944,331.7,41.1,53.6,37.3
67660,67670,18.7972,331.4,41.2,53.6,37
67670,67680,18.8000,330.8,41.2,53.6,37.1
67680,67690,18.8028,331.1,41.2,53.6,35.5
67690,67700,18.8056,331.1,41.2,53.6,38.6
67700,67710,18.8083,331.1,41.2,53.6,36.7
67710,67720,18.8111,330.8,41.2,53.6,37.7
67720,67730,18.8139,331.1,41.2,53.6,38.6
67730,67740,18.8167,331.1,41.3,53.6,38.7
67740,67750,18.8194,330.8,41.3,53.6,37.5
67750,67760,18.8222,331.1,41.3,53.6,38.4
67760,67770,18.8250,331.1,41.3,53.6,38.6
67770,67780,18.8278,331.7,41.4,53.6,39.1
67780,67790,18.8306,331.1,41.4,53.6,35
67790,67800,18.8333,331.1,41.4,53.6,36.7
67800,67810,18.8361,331.1,41.4,53.6,36.4
67810,67820,18.8389,331.4,41.4,53.6,36
67820,67830,18.8417,331.7,41.4,53.6,39.4
67830,67840,18.8444,331.4,41.5,53.6,37.1
67840,67850,18.8472,332.6,41.5,53.6,36.2
67850,67860,18.8500,332.9,41.5,53.6,37.6
67860,67870,18.8528,332.9,41.5,53.6,38.8
67870,67880,18.8556,332.0,41.5,53.6,37.9
67880,67890,18.8583,332.3,41.6,53.6,39.8
67890,67900,18.8611,331.7,41.6,53.6,37.6
67900,67910,18.8639,332.0,41.6,53.6,39.4
67910,67920,18.8667,331.4,41.6,53.6,38
67920,67930,18.8694,332.0,41.7,53.6,35.9
67930,67940,18.8722,332.3,41.7,53.6,38.6
67940,67950,18.8750,332.6,41.7,53.6,38.4
67950,67960,18.8778,331.7,41.7,53.6,37.7
67960,67970,18.8806,331.4,41.7,53.6,39.2
67970,67980,18.8833,330.5,41.7,53.6,36.4
67980,67990,18.8861,329.6,41.7,53.6,37.1
67990,68000,18.8889,328.4,41.8,53.6,38
68000,68010,18.8917,327.5,41.8,53.6,35.4
68010,68020,18.8944,326.3,41.8,53.6,38.4
68020,68030,18.8972,325.1,41.8,53.6,40.3
68030,68040,18.9000,323.6,41.8,53.6,41.4
68040,68050,18.9028,323.3,41.9,53.6,41.1
68050,68060,18.9056,322.7,41.9,53.6,39.7
68060,68070,18.9083,321.8,41.9,53.6,37.4
68070,68080,18.9111,320.6,41.9,53.6,38.1
68080,68090,18.9139,319.4,41.9,53.6,35.6
68090,68100,18.9167,318.8,42.0,53.6,36.5
