NETCARE2015/data/raw/Flight2/SP2_Polar6_20150407_R2_L1.ict
38, 1001
Herber, Andreas; Schulz, Hannes
Alfred Wegener Institute (AWI), Bremerhaven, Germany
rBC mass concentration from SP2 (single particle soot photometer), combined high and low gain channel, size range 75 to 700 nm
NETCARE Polar 6 Campaign 2015
1, 1
2015,04,07, 2017, 09, 07
1
Time_UTC, seconds
4
1, 1, 1, 1, 1
-9999, -9999, -9999, -9999, -9999
BC_mass_concVOL, ug/m3
BC_numb_concVOL, 1/vccm
BC_mass_concSTP, ug/m3STP
BC_numb_concSTP, 1/sccm
0
20
PI_CONTACT_INFO: Address: AWI, Am Handelshafen 12, D-27570 Bremerhaven, email: andreas.herber@awi.de; hannes.schulz@awi.de
PLATFORM: Polar 6
LOCATION: GPS location and altitude available at 1 Hz resolution in separate file
ASSOCIATED_DATA: N/A
INSTRUMENT_INFO: Refractory black carbon aerosol measurements based on laser induced incandescence
DATA_INFO: Units are ug/m3 (volumetric) or ug/m3 STP (NIST standard NTP 20C, 1013.25 hPa; corrected with chamber temperature and pressure)
UNCERTAINTY: +/- 10%, typical intra-model variability of SP2 derived BC mass concentration [Laborde et al., 2012]
ULOD_FLAG: -7777
ULOD_VALUE: N/A
LLOD_FLAG: not masked
LLOD_VALUE: zero ug/m3 (e.g. no particle or particles <0.3 fg per single particle detection)
DM_CONTACT_INFO: Hannes Schulz, see above
PROJECT_INFO: NETCARE Polar 6 aircraft campaign in April 2015
STIPULATIONS_ON_USE: Preliminary data! Use of these data requires prior approval from PI
OTHER_COMMENTS: N/A
REVISION: R2
R2: Preliminary data; calibration: Fullerene Soot, DLR lab 2015/01/20; bad data and zero filter masked as -9999
R1: Preliminary data, updated header information, corrected mass concentration
R0: Preliminary data, initial release
Time_UTC, BC_mass_concVOL, BC_numb_concVOL, BC_mass_concSTP, BC_numb_concSTP
59517, 0.051184, 16.893248, 0.050788, 16.762791
59518, 0.051517, 13.095015, 0.051065, 12.979945
59519, 0.022435, 7.566188, 0.022210, 7.490160
59520, 0.051496, 13.526707, 0.050969, 13.388213
59521, 0.026095, 10.686685, 0.025823, 10.575435
59522, 0.023115, 9.005854, 0.022872, 8.910981
59523, 0.066259, 14.113201, 0.065534, 13.958705
59524, 0.038157, 10.339214, 0.037759, 10.231243
59525, 0.043868, 11.012764, 0.043339, 10.879899
59526, 0.024169, 7.350431, 0.023908, 7.270880
59527, 0.057173, 11.615211, 0.056569, 11.492529
59528, 0.035878, 11.290198, 0.035514, 11.175853
59529, 0.020378, 10.824733, 0.020172, 10.715157
59530, 0.029900, 8.054156, 0.029617, 7.977770
59531, 0.025553, 9.724382, 0.025313, 9.633149
59532, 0.039788, 5.088009, 0.039421, 5.041101
59533, 0.028215, 8.002467, 0.027960, 7.930095
59534, 0.028811, 7.090852, 0.028551, 7.027057
59535, 0.032179, 8.200490, 0.031901, 8.129722
59536, 0.097100, 12.736111, 0.096284, 12.629147
59537, 0.050640, 9.537469, 0.050228, 9.460031
59538, 0.048314, 11.572375, 0.047942, 11.483204
59539, 0.101913, 11.692307, 0.101257, 11.616966
59540, 0.034140, 6.349097, 0.033926, 6.309165
59541, 0.032727, 9.964264, 0.032547, 9.909553
59542, 0.046144, 9.865481, 0.045907, 9.814821
59543, 0.019265, 8.885535, 0.019184, 8.848473
59544, 0.046729, 12.134521, 0.046551, 12.088406
59545, 0.033546, 10.358838, 0.033425, 10.321549
59546, 0.049154, 9.723771, 0.048969, 9.687134
59547, 0.048973, 9.251062, 0.048793, 9.217161
59548, 0.021457, 9.314034, 0.021346, 9.265974
59549, 0.041531, 11.299359, 0.041360, 11.252765
59550, 0.067205, 8.644815, 0.066962, 8.613566
59551, 0.022611, 10.834199, 0.022518, 10.789550
59552, 0.041158, 11.493904, 0.040995, 11.448361
59553, 0.061754, 9.474164, 0.061518, 9.437841
59554, 0.048852, 9.645383, 0.048644, 9.604371
59555, 0.028848, 8.001253, 0.028737, 7.970531
59556, 0.068335, 8.116860, 0.068039, 8.081671
59557, 0.077759, 10.162518, 0.077522, 10.131641
59558, 0.024094, 9.968745, 0.024004, 9.931497
59559, 0.043116, 10.820872, 0.042976, 10.785861
59560, 0.047631, 12.236704, 0.047481, 12.198204
59561, 0.054958, 13.201999, 0.054759, 13.154278
59562, 0.022733, 7.035068, 0.022664, 7.013897
59563, 0.018227, 8.699237, 0.018189, 8.681184
59564, 0.022136, 8.584629, 0.022094, 8.568351
59565, 0.067261, 10.486141, 0.067167, 10.471446
59566, 0.042527, 13.846973, 0.042494, 13.836357
59567, 0.020682, 7.017709, 0.020688, 7.019820
59568, 0.053018, 16.163893, 0.053055, 16.175107
59569, 0.114847, 12.739090, 0.115018, 12.758011
59570, 0.086325, 16.916639, 0.086448, 16.940713
59571, 0.064637, 8.750059, 0.064805, 8.772693
59572, 0.040735, 11.203370, 0.040827, 11.228602
59573, 0.039611, 13.120258, 0.039751, 13.166752
59574, 0.132155, 8.640370, 0.132742, 8.678765
59575, 0.044606, 10.695178, 0.044828, 10.748418
59576, 0.026918, 8.457789, 0.027071, 8.505680
59577, 0.033609, 6.470158, 0.033824, 6.511542
59578, 0.042281, 4.998852, 0.042582, 5.034460
59579, 0.052832, 12.145167, 0.053274, 12.246836
59580, 0.024926, 9.380941, 0.025137, 9.460128
59581, 0.032878, 10.057356, 0.033176, 10.148397
59582, 0.058034, 11.085326, 0.058643, 11.201588
59583, 0.198399, 6.868054, 0.200632, 6.945368
59584, 0.023632, 7.900800, 0.023898, 7.989765
59585, 0.015104, 7.556651, 0.015277, 7.643311
59586, 0.032495, 11.271728, 0.032891, 11.409154
59587, 0.017629, 8.635959, 0.017855, 8.746388
59588, 0.031325, 9.807832, 0.031754, 9.941922
59589, 0.067689, 8.067134, 0.068617, 8.177689
59590, 0.035003, 8.820785, 0.035491, 8.943737
59591, 0.062152, 11.588041, 0.063080, 11.761037
59592, 0.043313, 8.874633, 0.043981, 9.011580
59593, 0.047679, 9.285367, 0.048419, 9.429503
59594, 0.030166, 8.814184, 0.030651, 8.955910
59595, 0.023699, 4.978116, 0.024082, 5.058617
59596, 0.031818, 10.498292, 0.032374, 10.681734
59597, 0.028985, 6.161318, 0.029504, 6.271751
59598, 0.055275, 13.077579, 0.056300, 13.320015
59599, 0.046534, 6.209541, 0.047415, 6.327098
59600, 0.029716, 10.286533, 0.030291, 10.485478
59601, 0.028741, 6.164146, 0.029328, 6.290175
59602, 0.012944, 6.933889, 0.013220, 7.082042
59603, 0.056018, 10.232461, 0.057186, 10.445728
59604, 0.019732, 8.612609, 0.020165, 8.801293
59605, 0.056551, 13.753322, 0.057842, 14.067416
59606, 0.055576, 8.813278, 0.056866, 9.017720
59607, 0.056220, 8.079891, 0.057582, 8.275624
59608, 0.052220, 8.243238, 0.053500, 8.445439
59609, 0.015021, 6.233761, 0.015399, 6.390925
59610, 0.027880, 8.776823, 0.028611, 9.006941
59611, 0.039411, 9.984671, 0.040479, 10.255385
59612, 0.023247, 8.932870, 0.023876, 9.174604
59613, 0.018845, 9.348332, 0.019374, 9.610401
59614, 0.027022, 6.968542, 0.027785, 7.165137
59615, 0.059423, 11.301846, 0.061168, 11.633858
59616, 0.035524, 10.696007, 0.036546, 11.003482
59617, 0.014267, 4.562982, 0.014697, 4.700631
59618, 0.019668, 6.588633, 0.020274, 6.791816
59619, 0.048225, 10.362828, 0.049733, 10.686795
59620, 0.059023, 10.658506, 0.060872, 10.992372
59621, 0.030962, 5.669140, 0.031967, 5.853115
59622, 0.103481, 8.288187, 0.106863, 8.559007
59623, 0.046346, 10.774184, 0.047891, 11.133453
59624, 0.022495, 7.238951, 0.023254, 7.483219
59625, 0.047889, 7.541458, 0.049563, 7.804977
59626, 0.027709, 6.868264, 0.028683, 7.109813
59627, 0.019989, 9.552273, 0.020711, 9.897028
59628, 0.054575, 15.231692, 0.056547, 15.782306
59629, 0.027999, 9.501157, 0.029058, 9.860755
59630, 0.034697, 8.984960, 0.036023, 9.328439
59631, 0.040030, 10.153155, 0.041571, 10.543994
59632, 0.114206, 11.824769, 0.118662, 12.286133
59633, 0.024350, 7.802257, 0.025326, 8.115003
59634, 0.010989, 7.317145, 0.011428, 7.609517
59635, 0.068131, 14.436400, 0.070886, 15.020090
59636, 0.034680, 6.274627, 0.036101, 6.531710
59637, 0.024368, 9.747910, 0.025396, 10.159101
59638, 0.037556, 10.860306, 0.039164, 11.325520
59639, 0.031734, 7.141704, 0.033117, 7.452921
59640, 0.030970, 7.386411, 0.032348, 7.714975
59641, 0.018292, 7.928731, 0.019121, 8.288124
59642, 0.035157, 7.939424, 0.036757, 8.300588
59643, 0.103921, 9.760948, 0.108734, 10.212966
59644, 0.051961, 6.939600, 0.054335, 7.256643
59645, 0.023445, 9.250562, 0.024560, 9.690490
59646, 0.043472, 14.709351, 0.045582, 15.423358
59647, 0.029965, 9.790228, 0.031439, 10.271642
59648, 0.014835, 4.012755, 0.015578, 4.213583
59649, 0.025254, 7.442331, 0.026532, 7.818922
59650, 0.052716, 13.764552, 0.055422, 14.471200
59651, 0.046226, 8.225137, 0.048590, 8.645771
59652, 0.015660, 5.237080, 0.016479, 5.511210
59653, 0.033973, 10.765066, 0.035754, 11.329466
59654, 0.042636, 12.503179, 0.044890, 13.164232
59655, 0.052590, 13.902586, 0.055402, 14.645924
59656, 0.111548, 8.226600, 0.117652, 8.676765
59657, 0.046157, 12.994841, 0.048683, 13.705889
59658, 0.049442, 8.711791, 0.052124, 9.184274
59659, 0.020261, 7.195753, 0.021379, 7.592863
59660, 0.018582, 7.873204, 0.019617, 8.312102
59661, 0.023976, 7.698819, 0.025273, 8.115276
59662, 0.025700, 6.532865, 0.027150, 6.901251
59663, 0.029733, 11.102290, 0.031432, 11.736768
59664, 0.029473, 7.043119, 0.031169, 7.448448
59665, 0.057494, 7.401942, 0.060829, 7.831222
59666, 0.042680, 9.725467, 0.045190, 10.297287
59667, 0.025747, 6.042315, 0.027259, 6.397072
59668, 0.036640, 10.835437, 0.038739, 11.456080
59669, 0.029537, 4.669815, 0.031305, 4.949416
59670, 0.044738, 11.023071, 0.047443, 11.689606
59671, 0.018634, 6.209549, 0.019774, 6.589307
59672, 0.031154, 4.666254, 0.033032, 4.947467
59673, 0.044843, 9.869531, 0.047609, 10.478248
59674, 0.025524, 10.050826, 0.027107, 10.674211
59675, 0.037269, 9.776565, 0.039553, 10.375737
59676, 0.013533, 5.929539, 0.014397, 6.308199
59677, 0.013282, 5.561023, 0.014131, 5.916468
59678, 0.021893, 10.349741, 0.023321, 11.024646
59679, 0.038095, 12.186650, 0.040613, 12.992329
59680, 0.027293, 7.052584, 0.029106, 7.521303
59681, 0.019893, 4.081050, 0.021241, 4.357508
59682, 0.048898, 11.162980, 0.052253, 11.928812
59683, 0.025112, 8.073160, 0.026831, 8.625723
59684, 0.015037, 5.381349, 0.016078, 5.753839
59685, 0.017775, 3.989212, 0.019017, 4.267978
59686, 0.016041, 8.103365, 0.017175, 8.676026
59687, 0.018556, 6.007241, 0.019873, 6.433715
59688, 0.030922, 9.200143, 0.033132, 9.857626
59689, 0.018991, 11.484055, 0.020344, 12.302708
59690, 0.019295, 5.959389, 0.020677, 6.386141
59691, 0.030874, 11.510793, 0.033105, 12.342517
59692, 0.044086, 7.798940, 0.047306, 8.368683
59693, 0.031478, 7.240793, 0.033795, 7.773802
59694, 0.019665, 9.381082, 0.021127, 10.078581
59695, 0.010563, 5.351435, 0.011358, 5.753987
59696, 0.031191, 7.089661, 0.033536, 7.622766
59697, 0.029921, 8.625891, 0.032199, 9.282423
59698, 0.021482, 7.887604, 0.023135, 8.494247
59699, 0.018321, 9.562330, 0.019740, 10.302765
59700, 0.032712, 6.335131, 0.035277, 6.831898
59701, 0.015232, 8.452035, 0.016452, 9.129176
59702, 0.019688, 6.107214, 0.021276, 6.599780
59703, 0.038416, 8.464851, 0.041551, 9.155645
59704, 0.041562, 7.455636, 0.045007, 8.073681
59705, 0.010792, 4.707231, 0.011699, 5.102469
59706, 0.015344, 6.922092, 0.016652, 7.512554
59707, 0.060760, 12.013466, 0.066052, 13.059982
59708, 0.013860, 7.715903, 0.015059, 8.383533
59709, 0.010825, 4.882119, 0.011775, 5.310604
59710, 0.023132, 9.277687, 0.025172, 10.096037
59711, 0.033918, 8.513374, 0.036939, 9.271634
59712, 0.025725, 6.561904, 0.028023, 7.147949
59713, 0.015642, 11.197014, 0.017048, 12.202972
59714, 0.012062, 5.602975, 0.013155, 6.110701
59715, 0.047486, 10.737845, 0.051815, 11.716761
59716, 0.029424, 7.859301, 0.032114, 8.577952
59717, 0.038910, 8.622088, 0.042455, 9.407498
59718, 0.023800, 8.952034, 0.025993, 9.776749
59719, 0.029183, 4.452526, 0.031871, 4.862652
59720, 0.021863, 9.349384, 0.023875, 10.209844
59721, 0.021888, 8.765524, 0.023912, 9.576368
59722, 0.059987, 8.704089, 0.065561, 9.512831
59723, 0.009791, 5.393017, 0.010708, 5.898154
59724, 0.024237, 11.267800, 0.026497, 12.318722
59725, 0.031219, 11.304631, 0.034116, 12.353674
59726, 0.017278, 7.354214, 0.018896, 8.042934
59727, 0.013010, 6.345156, 0.014215, 6.933095
59728, 0.025725, 8.015358, 0.028136, 8.766605
59729, 0.012555, 6.921234, 0.013734, 7.571133
59730, 0.028204, 7.087294, 0.030865, 7.756006
59731, 0.034756, 10.323300, 0.038073, 11.308421
59732, 0.019045, 9.855456, 0.020871, 10.800172
59733, 0.037679, 12.100346, 0.041307, 13.265456
59734, 0.011105, 5.577577, 0.012173, 6.114456
59735, 0.076427, 4.590704, 0.083786, 5.032710
59736, 0.022440, 6.968477, 0.024598, 7.638602
59737, 0.049501, 7.093019, 0.054244, 7.772613
59738, 0.063575, 9.318257, 0.069659, 10.210009
59739, 0.037520, 9.025849, 0.041109, 9.889246
59740, 0.038246, 8.352720, 0.041878, 9.146039
59741, 0.033890, 7.576983, 0.037074, 8.288764
59742, 0.027751, 9.385417, 0.030357, 10.266749
59743, 0.035809, 8.136196, 0.039170, 8.899937
59744, 0.021445, 9.864755, 0.023448, 10.786083
59745, 0.021361, 8.458883, 0.023357, 9.249167
59746, 0.035704, 8.905027, 0.039013, 9.730364
59747, 0.028562, 6.347978, 0.031198, 6.933897
59748, 0.017359, 8.465645, 0.018971, 9.251777
59749, 0.023669, 5.035995, 0.025866, 5.503644
59750, 0.031157, 9.475419, 0.034075, 10.362748
59751, 0.020258, 9.180335, 0.022184, 10.053203
59752, 0.047266, 8.549813, 0.051791, 9.368240
59753, 0.022584, 9.420994, 0.024777, 10.335560
59754, 0.025436, 8.307811, 0.027936, 9.124389
59755, 0.032409, 7.396881, 0.035624, 8.130591
59756, 0.006538, 3.943334, 0.007193, 4.338440
59757, 0.033367, 8.151375, 0.036726, 8.971982
59758, 0.043700, 8.839131, 0.048157, 9.740612
59759, 0.066514, 7.894042, 0.073338, 8.703963
59760, 0.045992, 13.765542, 0.050763, 15.193533
59761, 0.016152, 8.297366, 0.017833, 9.161036
59762, 0.028201, 11.081828, 0.031145, 12.238423
59763, 0.027766, 8.757415, 0.030654, 9.668149
59764, 0.017974, 10.113094, 0.019850, 11.168445
59765, 0.036813, 10.005971, 0.040649, 11.048583
59766, 0.048923, 14.053274, 0.054042, 15.523741
59767, 0.010908, 5.858544, 0.012058, 6.476645
59768, 0.047712, 11.285113, 0.052758, 12.478624
59769, 0.032333, 9.385512, 0.035764, 10.381197
59770, 0.030550, 12.008436, 0.033800, 13.285778
59771, 0.058060, 10.022122, 0.064237, 11.088333
59772, 0.052706, 11.927496, 0.058344, 13.203244
59773, 0.076527, 10.670073, 0.084714, 11.811473
59774, 0.088308, 15.730401, 0.097582, 17.382398
59775, 0.036616, 14.100430, 0.040531, 15.608157
59776, 0.011382, 7.072136, 0.012602, 7.830101
59777, 0.035547, 11.945374, 0.039372, 13.230634
59778, 0.030833, 11.671654, 0.034170, 12.934793
59779, 0.070864, 9.851001, 0.078524, 10.915925
59780, 0.021336, 11.005325, 0.023596, 12.171282
59781, 0.030219, 11.335758, 0.033495, 12.564385
59782, 0.025055, 7.791701, 0.027790, 8.642279
59783, 0.053240, 13.579408, 0.059064, 15.064859
59784, 0.037752, 10.313768, 0.041899, 11.446726
59785, 0.021580, 9.585052, 0.023971, 10.647399
59786, 0.027168, 9.790276, 0.030195, 10.881017
59787, 0.078825, 11.144761, 0.087636, 12.390549
59788, 0.026066, 11.614036, 0.028984, 12.914480
59789, 0.039464, 11.695058, 0.043899, 13.009295
59790, 0.125128, 10.504372, 0.139286, 11.692951
59791, 0.017144, 7.562817, 0.019090, 8.421194
59792, 0.028188, 9.709603, 0.031404, 10.817413
59793, 0.034655, 9.875802, 0.038615, 11.004464
59794, 0.058424, 8.167812, 0.065087, 9.099385
59795, 0.024519, 8.558542, 0.027320, 9.536451
59796, 0.077888, 15.873083, 0.086843, 17.698082
59797, 0.186955, 5.898827, 0.208491, 6.578356
59798, 0.024783, 8.911338, 0.027651, 9.942356
59799, 0.024663, 9.840354, 0.027529, 10.983703
59800, 0.021388, 8.819198, 0.023872, 9.843654
59801, 0.040141, 12.485001, 0.044809, 13.936981
59802, 0.022037, 9.985315, 0.024627, 11.159162
59803, 0.031400, 11.852669, 0.035107, 13.251949
59804, 0.013988, 6.650063, 0.015645, 7.437860
59805, 0.036547, 14.344200, 0.040891, 16.049125
59806, 0.028191, 11.306908, 0.031548, 12.653266
59807, 0.029612, 9.593540, 0.033153, 10.740502
59808, 0.025310, 5.958133, 0.028315, 6.665491
59809, 0.047084, 14.114446, 0.052696, 15.796548
59810, 0.041669, 9.389354, 0.046541, 10.487343
59811, 0.017868, 4.178429, 0.019959, 4.667521
59812, 0.030664, 9.826795, 0.034316, 10.996963
59813, 0.020436, 8.785543, 0.022885, 9.838203
59814, 0.061936, 12.260517, 0.069430, 13.743885
59815, 0.017312, 6.919561, 0.019398, 7.753037
59816, 0.036742, 10.232911, 0.041201, 11.474827
59817, 0.037520, 13.113036, 0.042102, 14.714419
59818, 0.018153, 6.706020, 0.020371, 7.525402
59819, 0.012430, 4.627600, 0.013963, 5.197980
59820, 0.040282, 8.916916, 0.045271, 10.021228
59821, 0.030144, 10.806563, 0.033866, 12.141062
59822, 0.035028, 9.733520, 0.039396, 10.947390
59823, 0.041913, 11.224125, 0.047140, 12.623627
59824, 0.026809, 7.919505, 0.030183, 8.916297
59825, 0.036238, 8.100949, 0.040792, 9.119184
59826, 0.019139, 9.612543, 0.021545, 10.820963
59827, 0.026356, 12.361951, 0.029711, 13.935953
59828, 0.033734, 10.043298, 0.038000, 11.313185
59829, 0.038585, 9.511032, 0.043472, 10.715695
59830, 0.113732, 10.624205, 0.128268, 11.982023
59831, 0.031216, 9.742475, 0.035169, 10.976147
59832, 0.056824, 9.757362, 0.064077, 11.002746
59833, 0.013203, 8.349640, 0.014889, 9.416104
59834, 0.010625, 5.524595, 0.011989, 6.233627
59835, 0.022757, 7.460057, 0.025695, 8.423008
59836, 0.014438, 7.714847, 0.016309, 8.714079
59837, 0.016650, 5.631832, 0.018806, 6.361179
59838, 0.031560, 7.936337, 0.035669, 8.969466
59839, 0.034213, 10.151547, 0.038679, 11.476575
59840, 0.020556, 10.293933, 0.023241, 11.638562
59841, 0.031246, 10.586413, 0.035344, 11.974995
59842, 0.037145, 9.912163, 0.042033, 11.216465
59843, 0.013562, 5.508101, 0.015348, 6.233696
59844, 0.041056, 10.945901, 0.046457, 12.385743
59845, 0.023923, 10.434624, 0.027082, 11.812690
59846, 0.026478, 7.088528, 0.029949, 8.017664
59847, 0.092389, 12.061845, 0.104651, 13.662687
59848, 0.029103, 9.384037, 0.032958, 10.627030
59849, 0.051920, 9.431190, 0.058830, 10.686244
59850, 0.045745, 12.021902, 0.051823, 13.619346
59851, 0.018089, 5.780249, 0.020490, 6.547469
59852, 0.021345, 8.433461, 0.024190, 9.557754
59853, 0.036667, 6.962059, 0.041565, 7.892117
59854, 0.053496, 8.624841, 0.060638, 9.776318
59855, 0.016662, 7.302321, 0.018898, 8.282435
59856, 0.021400, 7.599056, 0.024277, 8.620693
59857, 0.032969, 7.936979, 0.037405, 9.005046
