NETCARE2015/data/raw/Flight2/SP2_Polar6_20150407_R2_L1.ict
38, 1001
Herber, Andreas; Schulz, Hannes
Alfred Wegener Institute (AWI), Bremerhaven, Germany
rBC mass concentration from SP2 (single particle soot photometer), combined high and low gain channel, size range 75 to 700 nm
NETCARE Polar 6 Campaign 2015
1, 1
2015,04,07, 2017, 09, 07
1
Time_UTC, seconds
4
1, 1, 1, 1, 1
-9999, -9999, -9999, -9999, -9999
BC_mass_concVOL, ug/m3
BC_numb_concVOL, 1/vccm
BC_mass_concSTP, ug/m3STP
BC_numb_concSTP, 1/sccm
0
20
PI_CONTACT_INFO: Address: AWI, Am Handelshafen 12, D-27570 Bremerhaven, email: andreas.herber@awi.de; hannes.schulz@awi.de
PLATFORM: Polar 6
LOCATION: GPS location and altitude available at 1 Hz resolution in separate file
ASSOCIATED_DATA: N/A
INSTRUMENT_INFO: Refractory black carbon aerosol measurements based on laser induced incandescence
DATA_INFO: Units are ug/m3 (volumetric) or ug/m3 STP (NIST standard NTP 20C, 1013.25 hPa; corrected with chamber temperature and pressure)
UNCERTAINTY: +/- 10%, typical intra-model variability of SP2 derived BC mass concentration [Laborde et al., 2012]
ULOD_FLAG: -7777
ULOD_VALUE: N/A
LLOD_FLAG: not masked
LLOD_VALUE: zero ug/m3 (e.g. no particle or particles <0.3 fg per single particle detection)
DM_CONTACT_INFO: Hannes Schulz, see above
PROJECT_INFO: NETCARE Polar 6 aircraft campaign in April 2015
STIPULATIONS_ON_USE: Preliminary data! Use of these data requires prior approval from PI
OTHER_COMMENTS: N/A
REVISION: R2
R2: Preliminary data; calibration: Fullerene Soot, DLR lab 2015/01/20; bad data and zero filter masked as -9999
R1: Preliminary data, updated header information, corrected mass concentration
R0: Preliminary data, initial release
Time_UTC, BC_mass_concVOL, BC_numb_concVOL, BC_mass_concSTP, BC_numb_concSTP
[from data line 12626]
72143, 0.097213, 37.870827, 0.155381, 60.531484
72144, 0.121049, 32.834877, 0.193321, 52.438966
72145, 0.105156, 33.375690, 0.167988, 53.317912
72146, 0.120889, 45.626129, 0.193110, 72.883890
72147, 0.108111, 33.868744, 0.172626, 54.080216
72148, 0.080262, 27.387915, 0.128169, 43.735466
72149, 0.094160, 38.131210, 0.150284, 60.859454
72150, 0.108625, 35.271179, 0.173238, 56.251255
72151, 0.119916, 33.663807, 0.191153, 53.661991
72152, 0.103218, 36.260101, 0.164532, 57.799321
72153, 0.093897, 29.581070, 0.149639, 47.141762
72154, 0.082832, 29.637747, 0.131853, 47.177494
72155, 0.071048, 27.782701, 0.113176, 44.256417
72156, 0.096379, 31.472130, 0.153515, 50.129414
72157, 0.108431, 29.151690, 0.172539, 46.387119
72158, 0.088499, 31.116907, 0.140924, 49.549744
72159, 0.073585, 28.375294, 0.117075, 45.145679
72160, 0.107886, 35.710796, 0.171650, 56.816606
72161, 0.107156, 31.444818, 0.170409, 50.006449
72162, 0.073376, 25.270243, 0.116682, 40.184588
72163, 0.102959, 26.396975, 0.163810, 41.998270
72164, 0.122625, 36.399616, 0.195001, 57.883380
72165, 0.112738, 32.408382, 0.179245, 51.527078
72166, 0.094671, 29.942867, 0.150506, 47.602361
72167, 0.075573, 28.202074, 0.120114, 44.823839
72168, 0.085897, 33.510254, 0.136540, 53.267128
72169, 0.079000, 30.501236, 0.125396, 48.414179
72170, 0.138402, 36.918850, 0.219652, 58.592218
72171, 0.143378, 29.019947, 0.227348, 46.015439
72172, 0.100307, 32.079937, 0.158978, 50.843693
72173, 0.087190, 25.940149, 0.138051, 41.071699
72174, 0.085827, 28.972115, 0.135849, 45.857928
72175, 0.129834, 33.164230, 0.205557, 52.506525
72176, 0.154319, 35.836910, 0.244132, 56.693995
72177, 0.084214, 26.598654, 0.133216, 42.075652
72178, 0.107219, 31.551868, 0.169578, 49.902605
72179, 0.075947, 28.694263, 0.120153, 45.395803
72180, 0.128159, 28.134857, 0.202449, 44.443847
72181, 0.090804, 31.613092, 0.143527, 49.968254
72182, 0.065297, 22.492750, 0.103144, 35.530013
72183, 0.122467, 30.285275, 0.193491, 47.849204
72184, 0.066678, 22.660902, 0.105304, 35.788334
72185, 0.106767, 31.570332, 0.168577, 49.847066
72186, 0.096120, 35.835548, 0.151601, 56.519969
72187, 0.120039, 24.505337, 0.189278, 38.640083
72188, 0.159144, 28.267908, 0.251144, 44.609442
72189, 0.065850, 26.885403, 0.103909, 42.424096
72190, 0.072343, 21.182333, 0.114022, 33.386161
72191, 0.034080, 15.518250, 0.053715, 24.458817
72192, 0.022192, 11.844879, 0.034944, 18.651104
72193, 0.034508, 11.918385, 0.054359, 18.774457
72194, 0.052132, 15.550261, 0.082033, 24.469311
72195, 0.015852, 8.521880, 0.024962, 13.418928
72196, 0.051736, 13.043250, 0.081435, 20.530652
72197, 0.022443, 10.522288, 0.035302, 16.551342
72198, 0.025598, 8.665230, 0.040240, 13.621785
72199, 0.021356, 6.886190, 0.033564, 10.822945
72200, 0.025148, 13.209934, 0.039546, 20.773039
72201, 0.048640, 13.971444, 0.076407, 21.947411
72202, 0.018677, 9.027350, 0.029341, 14.181267
72203, 0.010791, 5.258011, 0.016946, 8.257244
72204, 0.029589, 7.115788, 0.046423, 11.164131
72205, 0.010141, 5.800305, 0.015906, 9.097599
72206, 0.020579, 13.364350, 0.032260, 20.949708
72207, 0.023032, 8.757704, 0.036124, 13.735875
72208, 0.020324, 9.294272, 0.031848, 14.564409
72209, 0.042132, 7.778715, 0.065983, 12.182316
72210, 0.022158, 9.265197, 0.034679, 14.500820
72211, 0.048022, 9.841664, 0.075182, 15.407975
72212, 0.029939, 11.241884, 0.046870, 17.599187
72213, 0.011626, 5.758157, 0.018185, 9.007019
72214, 0.041817, 8.288317, 0.065398, 12.962244
72215, 0.045746, 15.988961, 0.071532, 25.001507
72216, 0.028118, 10.752308, 0.043951, 16.807147
72217, 0.026995, 7.433720, 0.042143, 11.604932
72218, 0.037125, 12.411307, 0.057784, 19.317791
72219, 0.031416, 9.841027, 0.049037, 15.360571
72220, 0.021104, 10.906631, 0.032926, 17.016019
72221, 0.025847, 10.791104, 0.040329, 16.837433
72222, 0.106495, 5.659793, 0.165979, 8.821112
72223, 0.045869, 15.359111, 0.071471, 23.931970
72224, 0.046505, 14.372281, 0.072426, 22.383408
72225, 0.030139, 12.610724, 0.046933, 19.637970
72226, 0.057780, 14.715169, 0.089945, 22.906662
72227, 0.038683, 13.848445, 0.060172, 21.541273
72228, 0.069171, 19.659521, 0.107655, 30.597301
72229, 0.079461, 20.397486, 0.123529, 31.709875
72230, 0.047831, 15.193100, 0.074319, 23.607012
72231, 0.045280, 12.683040, 0.070330, 19.699449
72232, 0.099437, 20.842201, 0.154500, 32.383729
72233, 0.025581, 12.532676, 0.039710, 19.454606
72234, 0.078029, 17.181906, 0.121025, 26.649516
72235, 0.049476, 15.408460, 0.076803, 23.918949
72236, 0.043044, 15.443077, 0.066788, 23.961818
72237, 0.039932, 19.087509, 0.061962, 29.618189
72238, 0.070591, 17.128784, 0.109477, 26.564276
72239, 0.050087, 21.017046, 0.077622, 32.571087
72240, 0.050815, 16.916927, 0.078766, 26.222129
72241, 0.109698, 13.457726, 0.169936, 20.847739
72242, 0.027616, 14.136535, 0.042778, 21.897663
72243, 0.054984, 20.409389, 0.085100, 31.588198
72244, 0.035018, 12.570494, 0.054165, 19.443846
72245, 0.026135, 12.453345, 0.040391, 19.246146
72246, 0.034372, 17.303793, 0.053095, 26.729415
72247, 0.050102, 15.371749, 0.077352, 23.732344
72248, 0.042900, 16.612585, 0.066195, 25.633219
72249, 0.043639, 15.626533, 0.067319, 24.106015
72250, 0.033759, 15.946884, 0.051928, 24.529298
72251, 0.046464, 12.620460, 0.071624, 19.454404
72252, 0.050446, 14.939394, 0.077781, 23.034630
72253, 0.036579, 13.280971, 0.056360, 20.463106
72254, 0.032301, 13.947815, 0.049800, 21.504133
72255, 0.051091, 11.082870, 0.078574, 17.044749
72256, 0.015172, 4.547756, 0.023380, 7.007922
72257, 0.024703, 5.674124, 0.038041, 8.737889
72258, 0.020844, 8.107841, 0.032115, 12.491617
72259, 0.010316, 6.034402, 0.015873, 9.285599
72260, 0.021169, 3.952896, 0.032574, 6.082519
72261, 0.003364, 2.472823, 0.005177, 3.805670
72262, 0.010568, 4.973754, 0.016241, 7.643783
72263, 0.026767, 9.380820, 0.041102, 14.404462
72264, 0.038857, 10.557194, 0.059678, 16.214109
72265, 0.042122, 11.713703, 0.064572, 17.956858
72266, 0.037335, 10.666775, 0.057239, 16.353561
72267, 0.019323, 9.622962, 0.029625, 14.754027
72268, 0.015016, 5.679474, 0.023003, 8.700147
72269, 0.025269, 6.525396, 0.038675, 9.987398
72270, 0.017976, 2.774626, 0.027485, 4.242344
72271, 0.008156, 1.954078, 0.012480, 2.990076
72272, 0.001107, 1.016946, 0.001694, 1.555728
72273, 0.002957, 2.536319, 0.004522, 3.878382
72274, 0.004747, 2.000493, 0.007258, 3.058419
72275, 0.000000, 0.000000, 0.000000, 0.000000
72276, 0.007437, 2.614332, 0.011364, 3.994667
72277, 0.006377, 1.026239, 0.009742, 1.567814
72278, 0.013010, 4.006796, 0.019881, 6.122792
72279, 0.001793, 1.507655, 0.002739, 2.302989
72280, 0.005608, 2.585262, 0.008567, 3.949028
72281, 0.003907, 2.649443, 0.005964, 4.044868
72282, 0.002400, 2.108517, 0.003663, 3.218494
72283, 0.002759, 2.091539, 0.004208, 3.190133
72284, 0.002469, 2.050760, 0.003765, 3.127496
72285, 0.020307, 3.113224, 0.031000, 4.752603
72286, 0.006574, 2.104138, 0.010022, 3.207788
72287, 0.000721, 0.532934, 0.001099, 0.812792
72288, 0.000000, 0.000000, 0.000000, 0.000000
72289, 0.003775, 1.568414, 0.005755, 2.391015
72290, 0.003556, 1.519019, 0.005417, 2.313603
72291, 0.002679, 2.515294, 0.004084, 3.834223
72292, 0.003604, 1.975740, 0.005487, 3.008049
72293, 0.017490, 3.478775, 0.026646, 5.299893
72294, 0.011547, 2.080727, 0.017582, 3.168118
72295, 0.003274, 1.953916, 0.004983, 2.974155
72296, 0.003538, 2.866899, 0.005385, 4.364324
72297, 0.005794, 2.452187, 0.008818, 3.732053
72298, 0.004231, 1.443773, 0.006437, 2.196686
72299, 0.008285, 3.783189, 0.012599, 5.752989
72300, 0.013132, 1.925367, 0.019964, 2.927106
72301, 0.006257, 2.388590, 0.009504, 3.628178
72302, 0.002520, 1.891803, 0.003828, 2.874401
72303, 0.005016, 2.420088, 0.007621, 3.677421
72304, 0.011962, 2.018324, 0.018163, 3.064559
72305, 0.009843, 3.979813, 0.014959, 6.048056
72306, 0.006494, 4.424241, 0.009867, 6.722528
72307, 0.004442, 2.028644, 0.006751, 3.083421
72308, 0.002958, 1.532935, 0.004485, 2.324358
72309, 0.038797, 4.073895, 0.058992, 6.194474
72310, 0.005934, 2.053479, 0.009022, 3.121934
72311, 0.021007, 6.241789, 0.031951, 9.493280
72312, 0.005695, 2.634261, 0.008660, 4.005701
72313, 0.000590, 0.528610, 0.000896, 0.803441
72314, 0.003075, 1.586996, 0.004678, 2.414574
72315, 0.023107, 4.313054, 0.035194, 6.569175
72316, 0.004514, 3.800616, 0.006878, 5.791194
72317, 0.017014, 3.123751, 0.025912, 4.757510
72318, 0.005914, 3.080750, 0.009011, 4.694206
72319, 0.035498, 2.574845, 0.054108, 3.924646
72320, 0.005810, 3.035836, 0.008861, 4.629945
72321, 0.003357, 1.552033, 0.005120, 2.367002
72322, 0.006804, 1.560811, 0.010370, 2.378591
72323, 0.000837, 1.010984, 0.001276, 1.541071
72324, 0.023212, 3.489726, 0.035387, 5.320036
72325, 0.000551, 0.487942, 0.000841, 0.744321
72326, 0.004625, 1.919931, 0.007045, 2.924297
72327, 0.010855, 1.969944, 0.016534, 3.000472
72328, 0.002302, 1.435089, 0.003503, 2.184103
72329, 0.006752, 1.885606, 0.010275, 2.869241
72330, 0.001592, 1.380441, 0.002423, 2.100603
72331, 0.002455, 1.423353, 0.003739, 2.167698
72332, 0.004622, 1.434021, 0.007042, 2.184894
72333, 0.002663, 0.920897, 0.004054, 1.401827
72334, 0.002950, 1.872478, 0.004492, 2.851723
72335, 0.000937, 0.957820, 0.001426, 1.456700
72336, 0.002304, 1.443927, 0.003506, 2.197632
72337, 0.001319, 0.997562, 0.002007, 1.518303
72338, 0.000909, 1.001988, 0.001384, 1.525396
72339, 0.002318, 2.025724, 0.003528, 3.083149
72340, 0.018636, 4.199665, 0.028414, 6.402964
72341, 0.008937, 3.672634, 0.013627, 5.600086
72342, 0.012989, 2.076792, 0.019774, 3.161737
72343, 0.001608, 1.490363, 0.002450, 2.271070
72344, 0.002302, 1.031294, 0.003507, 1.570843
72345, 0.002616, 1.549039, 0.003993, 2.364615
72346, 0.004101, 2.052513, 0.006254, 3.129599
72347, 0.013817, 4.519112, 0.021070, 6.891397
72348, 0.009571, 3.981022, 0.014605, 6.075156
72349, 0.002238, 0.507215, 0.003408, 0.772455
72350, 0.001054, 1.010934, 0.001606, 1.540193
72351, 0.002444, 1.461155, 0.003726, 2.227564
72352, 0.001744, 0.973763, 0.002656, 1.482917
72353, 0.002334, 1.476624, 0.003554, 2.248541
72354, 0.002486, 2.015143, 0.003783, 3.067174
72355, 0.012711, 4.021676, 0.019349, 6.122159
72356, 0.005567, 2.076568, 0.008481, 3.163257
72357, 0.008428, 1.503711, 0.012791, 2.282178
72358, 0.001058, 0.985449, 0.001611, 1.500311
72359, 0.001120, 0.973263, 0.001703, 1.479609
72360, 0.002818, 0.983871, 0.004291, 1.497832
72361, 0.004901, 3.098063, 0.007457, 4.713353
72362, 0.002027, 0.507475, 0.003085, 0.772533
72363, 0.000412, 0.508852, 0.000628, 0.774702
72364, 0.000000, 0.000000, 0.000000, 0.000000
72365, 0.007804, 2.508170, 0.011885, 3.819737
72366, 0.001590, 1.496628, 0.002423, 2.280217
72367, 0.001846, 1.501010, 0.002813, 2.287501
72368, 0.002951, 1.517100, 0.004493, 2.310079
72369, 0.011693, 2.989368, 0.017810, 4.553305
72370, 0.008569, 6.021230, 0.013033, 9.158372
72371, 0.023362, 2.973779, 0.035539, 4.523738
72372, 0.003786, 1.449545, 0.005755, 2.203169
72373, 0.011023, 4.419134, 0.016758, 6.718085
72374, 0.001331, 0.975437, 0.002024, 1.483407
72375, 0.000870, 0.986067, 0.001323, 1.499249
72376, 0.006762, 2.936062, 0.010286, 4.466231
72377, 0.001797, 1.510639, 0.002733, 2.296737
72378, 0.001873, 1.028693, 0.002849, 1.564213
72379, 0.002685, 2.007302, 0.004085, 3.054213
72380, 0.000000, 0.000000, 0.000000, 0.000000
72381, 0.003211, 2.015799, 0.004886, 3.067404
72382, 0.009033, 3.721874, 0.013743, 5.662600
72383, 0.016333, 1.591212, 0.024852, 2.421111
72384, 0.011805, 3.517319, 0.017979, 5.356766
72385, 0.007250, 4.604972, 0.011050, 7.019214
72386, 0.008475, 3.030573, 0.012912, 4.617096
72387, 0.002582, 1.986762, 0.003936, 3.029200
72388, 0.000740, 1.026606, 0.001128, 1.565273
72389, 0.004074, 3.597334, 0.006206, 5.480270
72390, 0.003286, 3.018798, 0.005008, 4.600437
72391, 0.015629, 3.594759, 0.023817, 5.478161
72392, 0.034884, 6.948213, 0.053157, 10.587891
72393, 0.020582, 4.430772, 0.031338, 6.746099
72394, 0.016214, 2.505077, 0.024697, 3.815811
72395, 0.013562, 1.461963, 0.020667, 2.227813
72396, 0.009829, 2.475629, 0.014984, 3.774178
72397, 0.008247, 3.009161, 0.012556, 4.581165
72398, 0.009249, 3.521549, 0.014083, 5.362439
72399, 0.007821, 2.979534, 0.011922, 4.541863
72400, 0.007491, 3.457806, 0.011413, 5.268454
72401, 0.007177, 2.499777, 0.010933, 3.808224
72402, 0.011694, 3.390547, 0.017827, 5.168762
72403, 0.000305, 0.494722, 0.000464, 0.753568
72404, 0.010581, 2.504308, 0.016117, 3.814494
72405, 0.005582, 2.358327, 0.008481, 3.583214
72406, 0.018867, 2.900880, 0.028752, 4.420781
72407, 0.009245, 4.413382, 0.014066, 6.714403
72408, 0.003130, 1.416101, 0.004762, 2.154286
72409, 0.007957, 2.999768, 0.012111, 4.565673
72410, 0.009755, 3.015790, 0.014860, 4.593897
72411, 0.003856, 0.487729, 0.005880, 0.743627
72412, 0.004172, 2.511794, 0.006351, 3.823660
72413, 0.001375, 0.511237, 0.002094, 0.778519
72414, 0.011676, 3.473116, 0.017730, 5.274076
72415, 0.035691, 3.071696, 0.054331, 4.675927
72416, 0.005514, 3.536613, 0.008393, 5.383142
72417, 0.006446, 1.881633, 0.009819, 2.866080
72418, 0.014958, 4.433831, 0.022722, 6.734952
72419, 0.037964, 5.592388, 0.057831, 8.519065
72420, 0.011242, 4.004797, 0.017118, 6.098191
72421, 0.005635, 2.518991, 0.008585, 3.837639
72422, 0.001820, 1.984551, 0.002770, 3.021492
72423, 0.011390, 3.047451, 0.017351, 4.642369
72424, 0.013496, 4.074078, 0.020566, 6.208230
72425, 0.004933, 4.129496, 0.007510, 6.286259
72426, 0.016333, 5.223618, 0.024894, 7.961295
72427, 0.014280, 7.674354, 0.021747, 11.687493
72428, 0.021863, 7.098309, 0.033209, 10.782133
72429, 0.013776, 3.656519, 0.020968, 5.565182
72430, 0.030971, 7.422931, 0.047199, 11.312183
72431, 0.016970, 5.163449, 0.025852, 7.865982
72432, 0.016435, 5.165353, 0.025057, 7.875392
72433, 0.009976, 5.668358, 0.015202, 8.637815
72434, 0.012274, 4.587063, 0.018696, 6.987258
72435, 0.008602, 5.558242, 0.013113, 8.473006
72436, 0.005944, 3.074580, 0.009058, 4.685047
72437, 0.008381, 4.034879, 0.012763, 6.144317
72438, 0.018817, 7.290310, 0.028647, 11.098605
72439, 0.020216, 4.655409, 0.030800, 7.092641
72440, 0.021279, 5.865767, 0.032409, 8.933856
72441, 0.012532, 5.762171, 0.019087, 8.775867
72442, 0.014899, 6.195929, 0.022622, 9.407406
72443, 0.009581, 3.811225, 0.014596, 5.806471
72444, 0.017116, 5.337787, 0.026090, 8.136360
72445, 0.029791, 6.918214, 0.045349, 10.531277
72446, 0.031974, 4.910488, 0.048644, 7.470641
72447, 0.007221, 4.408118, 0.010994, 6.711763
72448, 0.008831, 5.099398, 0.013454, 7.769430
72449, 0.006630, 2.559399, 0.010105, 3.901152
72450, 0.051128, 7.421623, 0.077852, 11.300911
72451, 0.016110, 5.621609, 0.024565, 8.572276
72452, 0.032184, 9.285472, 0.049019, 14.142318
72453, 0.023866, 10.218740, 0.036368, 15.571755
72454, 0.033369, 9.401524, 0.050884, 14.336062
72455, 0.029682, 9.407008, 0.045174, 14.316804
72456, 0.008413, 5.009225, 0.012788, 7.614460
72457, 0.017677, 7.036723, 0.026920, 10.716217
72458, 0.057906, 13.949393, 0.088217, 21.251255
72459, 0.021834, 10.525539, 0.033243, 16.025420
72460, 0.035901, 13.554108, 0.054670, 20.639990
72461, 0.024196, 8.353848, 0.036830, 12.716014
72462, 0.025835, 5.898698, 0.039336, 8.981315
72463, 0.031215, 6.950562, 0.047528, 10.582874
72464, 0.046742, 8.348408, 0.071186, 12.714203
72465, 0.034410, 7.832673, 0.052458, 11.941110
72466, 0.023659, 12.137782, 0.036005, 18.472080
72467, 0.015036, 4.947999, 0.022856, 7.521489
72468, 0.012141, 6.706753, 0.018478, 10.207645
72469, 0.028110, 7.565213, 0.042772, 11.511278
72470, 0.047036, 5.960974, 0.071654, 9.080802
72471, 0.024537, 6.678166, 0.037309, 10.154451
72472, 0.020829, 6.952355, 0.031716, 10.585983
72473, 0.011783, 3.097260, 0.017936, 4.714708
72474, 0.021949, 7.520257, 0.033423, 11.451399
72475, 0.011543, 5.565062, 0.017613, 8.491270
72476, 0.030348, 8.081407, 0.046254, 12.317162
72477, 0.056465, 4.576991, 0.086137, 6.982105
72478, 0.013871, 6.611806, 0.021153, 10.082971
72479, 0.012433, 3.661021, 0.018953, 5.580898
72480, 0.010954, 7.776157, 0.016713, 11.864546
72481, 0.014652, 5.606968, 0.022364, 8.558003
72482, 0.021752, 7.000561, 0.033193, 10.682634
72483, 0.004922, 2.493850, 0.007515, 3.807519
72484, 0.011407, 5.145659, 0.017411, 7.853721
