NETCARE2015/data/raw/Flight2/SP2_Polar6_20150407_R2_L1.ict
38, 1001
Herber, Andreas; Schulz, Hannes
Alfred Wegener Institute (AWI), Bremerhaven, Germany
rBC mass concentration from SP2 (single particle soot photometer), combined high and low gain channel, size range 75 to 700 nm
NETCARE Polar 6 Campaign 2015
1, 1
2015,04,07, 2017, 09, 07
1
Time_UTC, seconds
4
1, 1, 1, 1, 1
-9999, -9999, -9999, -9999, -9999
BC_mass_concVOL, ug/m3
BC_numb_concVOL, 1/vccm
BC_mass_concSTP, ug/m3STP
BC_numb_concSTP, 1/sccm
0
20
PI_CONTACT_INFO: Address: AWI, Am Handelshafen 12, D-27570 Bremerhaven, email: andreas.herber@awi.de; hannes.schulz@awi.de
PLATFORM: Polar 6
LOCATION: GPS location and altitude available at 1 Hz resolution in separate file
ASSOCIATED_DATA: N/A
INSTRUMENT_INFO: Refractory black carbon aerosol measurements based on laser induced incandescence
DATA_INFO: Units are ug/m3 (volumetric) or ug/m3 STP (NIST standard NTP 20C, 1013.25 hPa; corrected with chamber temperature and pressure)
UNCERTAINTY: +/- 10%, typical intra-model variability of SP2 derived BC mass concentration [Laborde et al., 2012]
ULOD_FLAG: -7777
ULOD_VALUE: N/A
LLOD_FLAG: not masked
LLOD_VALUE: zero ug/m3 (e.g. no particle or particles <0.3 fg per single particle detection)
DM_CONTACT_INFO: Hannes Schulz, see above
PROJECT_INFO: NETCARE Polar 6 aircraft campaign in April 2015
STIPULATIONS_ON_USE: Preliminary data! Use of these data requires prior approval from PI
OTHER_COMMENTS: N/A
REVISION: R2
R2: Preliminary data; calibration: Fullerene Soot, DLR lab 2015/01/20; bad data and zero filter masked as -9999
R1: Preliminary data, updated header information, corrected mass concentration
R0: Preliminary data, initial release
Time_UTC, BC_mass_concVOL, BC_numb_concVOL, BC_mass_concSTP, BC_numb_concSTP
[from data line 13316]
72833, 0.023889, 10.266130, 0.035209, 15.130513
72834, 0.099237, 10.250106, 0.146375, 15.118885
72835, 0.054200, 16.546560, 0.079979, 24.416606
72836, 0.058546, 9.752095, 0.086444, 14.399124
72837, 0.046942, 9.711724, 0.069211, 14.318848
72838, 0.036837, 8.466390, 0.054309, 12.481969
72839, 0.066738, 14.208262, 0.098504, 20.970928
72840, 0.035263, 14.386703, 0.051962, 21.199189
72841, 0.033662, 13.579167, 0.049609, 20.012125
72842, 0.056432, 16.056818, 0.083130, 23.653294
72843, 0.053008, 13.155743, 0.078054, 19.371932
72844, 0.056346, 12.991105, 0.082831, 19.097503
72845, 0.052609, 15.325785, 0.077414, 22.551815
72846, 0.029745, 8.460583, 0.043761, 12.447035
72847, 0.026484, 14.694395, 0.038938, 21.604471
72848, 0.017208, 7.825545, 0.025298, 11.504702
72849, 0.043170, 8.948346, 0.063413, 13.144307
72850, 0.033068, 7.442046, 0.048565, 10.929621
72851, 0.029767, 9.477104, 0.043704, 13.914425
72852, 0.020436, 5.841200, 0.029964, 8.564489
72853, 0.029855, 9.799209, 0.043699, 14.343131
72854, 0.036919, 9.476525, 0.054072, 13.879615
72855, 0.019819, 7.161883, 0.029009, 10.482972
72856, 0.023933, 7.696779, 0.035027, 11.264442
72857, 0.023260, 9.710813, 0.033994, 14.191936
72858, 0.014190, 7.373330, 0.020753, 10.783515
72859, 0.021127, 9.593677, 0.030916, 14.039000
72860, 0.032694, 8.667676, 0.047772, 12.665222
72861, 0.025959, 6.627576, 0.037970, 9.694230
72862, 0.008817, 4.144473, 0.012892, 6.059909
72863, 0.008110, 3.038175, 0.011853, 4.440432
72864, 0.016680, 6.115418, 0.024365, 8.932700
72865, 0.010746, 5.026414, 0.015679, 7.333624
72866, 0.020963, 6.505537, 0.030579, 9.489583
72867, 0.017270, 8.185439, 0.025178, 11.933729
72868, 0.014262, 3.559669, 0.020784, 5.187391
72869, 0.009121, 4.593389, 0.013290, 6.693065
72870, 0.012943, 4.046873, 0.018868, 5.899456
72871, 0.018320, 4.560739, 0.026673, 6.640141
72872, 0.010925, 4.454546, 0.015913, 6.488333
72873, 0.016389, 8.110697, 0.023845, 11.800363
72874, 0.014067, 4.086547, 0.020441, 5.938260
72875, 0.010369, 5.069634, 0.015075, 7.370236
72876, 0.011482, 6.097950, 0.016689, 8.863196
72877, 0.013446, 5.048702, 0.019541, 7.337377
72878, 0.024433, 7.602741, 0.035535, 11.057241
72879, 0.011268, 5.027280, 0.016382, 7.308791
72880, 0.016402, 5.091345, 0.023821, 7.394387
72881, 0.021712, 8.701858, 0.031553, 12.645663
72882, 0.028024, 11.620181, 0.040721, 16.885016
72883, 0.006083, 5.040290, 0.008832, 7.317891
72884, 0.033278, 8.520826, 0.048316, 12.371394
72885, 0.012327, 5.084248, 0.017893, 7.380139
72886, 0.024305, 8.585322, 0.035247, 12.450115
72887, 0.020556, 6.420114, 0.029773, 9.298560
72888, 0.016183, 7.821177, 0.023456, 11.335782
72889, 0.045903, 7.142187, 0.066498, 10.346451
72890, 0.014781, 6.622729, 0.021408, 9.592184
72891, 0.023894, 9.305896, 0.034620, 13.483328
72892, 0.041014, 7.320732, 0.059439, 10.609425
72893, 0.025507, 8.446852, 0.036966, 12.241339
72894, 0.008249, 4.974663, 0.011937, 7.198553
72895, 0.020014, 6.605999, 0.028970, 9.562004
72896, 0.028848, 8.177824, 0.041771, 11.841391
72897, 0.009726, 5.580638, 0.014067, 8.071330
72898, 0.022842, 7.932105, 0.033060, 11.480692
72899, 0.029097, 9.540939, 0.042043, 13.785779
72900, 0.063966, 15.078098, 0.092420, 21.785328
72901, 0.020777, 7.730909, 0.030008, 11.165807
72902, 0.029057, 10.421237, 0.041940, 15.041567
72903, 0.020038, 9.816412, 0.028926, 14.170544
72904, 0.017996, 7.692513, 0.025999, 11.113409
72905, 0.027444, 10.559458, 0.039598, 15.236193
72906, 0.013199, 6.184406, 0.019039, 8.920861
72907, 0.005576, 3.976992, 0.008044, 5.736662
72908, 0.021089, 4.927202, 0.030401, 7.102865
72909, 0.029299, 8.204183, 0.042286, 11.840761
72910, 0.030728, 11.437296, 0.044329, 16.499385
72911, 0.020849, 7.565503, 0.030048, 10.903834
72912, 0.014688, 5.497463, 0.021169, 7.922947
72913, 0.015571, 7.844416, 0.022464, 11.316900
72914, 0.012384, 5.024143, 0.017843, 7.239117
72915, 0.020607, 8.717154, 0.029714, 12.569690
72916, 0.012857, 8.771748, 0.018510, 12.628818
72917, 0.018812, 8.751862, 0.027084, 12.600188
72918, 0.035174, 9.363432, 0.050597, 13.468813
72919, 0.043710, 12.292546, 0.062828, 17.669333
72920, 0.033116, 10.916504, 0.047665, 15.712703
72921, 0.027520, 12.074457, 0.039533, 17.345635
72922, 0.043716, 10.062214, 0.062850, 14.466467
72923, 0.055601, 13.807923, 0.079912, 19.845171
72924, 0.012877, 4.621404, 0.018527, 6.649139
72925, 0.030315, 11.609101, 0.043555, 16.679136
72926, 0.030879, 13.321337, 0.044356, 19.135352
72927, 0.045637, 11.473559, 0.065567, 16.484077
72928, 0.054522, 12.516080, 0.078310, 17.976710
72929, 0.018652, 6.635201, 0.026827, 9.543462
72930, 0.021162, 8.186067, 0.030387, 11.754396
72931, 0.014090, 5.386085, 0.020228, 7.732207
72932, 0.009932, 5.071539, 0.014262, 7.282593
72933, 0.022626, 3.959987, 0.032512, 5.690264
72934, 0.015147, 4.696334, 0.021760, 6.746768
72935, 0.006442, 4.752458, 0.009254, 6.826504
72936, 0.018109, 6.226899, 0.025966, 8.928522
72937, 0.020356, 5.038752, 0.029197, 7.227230
72938, 0.009901, 4.607787, 0.014194, 6.605429
72939, 0.013716, 5.190833, 0.019658, 7.439926
72940, 0.004638, 3.375853, 0.006638, 4.831783
72941, 0.014554, 3.870246, 0.020832, 5.539848
72942, 0.035154, 11.459031, 0.050247, 16.378976
72943, 0.004489, 3.434442, 0.006418, 4.910973
72944, 0.008879, 5.586570, 0.012692, 7.985216
72945, 0.016883, 5.988345, 0.024104, 8.549694
72946, 0.018575, 3.046305, 0.026511, 4.347720
72947, 0.024998, 5.132896, 0.035652, 7.320504
72948, 0.026608, 2.035513, 0.037915, 2.900470
72949, 0.025064, 6.155429, 0.035682, 8.763033
72950, 0.007203, 3.422045, 0.010251, 4.870249
72951, 0.002151, 1.028645, 0.003061, 1.463937
72952, 0.008123, 3.576986, 0.011559, 5.089759
72953, 0.020301, 3.292563, 0.028795, 4.670279
72954, 0.010763, 1.828937, 0.015307, 2.601092
72955, 0.009087, 2.786500, 0.012917, 3.960769
72956, 0.014496, 3.348295, 0.020589, 4.755641
72957, 0.014954, 1.986029, 0.021239, 2.820818
72958, 0.045999, 3.007606, 0.065299, 4.269542
72959, 0.000734, 1.010107, 0.001043, 1.435008
72960, 0.001745, 1.560457, 0.002477, 2.214647
72961, 0.004080, 2.032881, 0.005786, 2.882781
72962, 0.005153, 2.542830, 0.007319, 3.612110
72963, 0.003620, 2.181938, 0.005140, 3.097616
72964, 0.003127, 2.629893, 0.004438, 3.732069
72965, 0.007833, 1.988269, 0.011097, 2.816540
72966, 0.003611, 1.534346, 0.005116, 2.174021
72967, 0.005726, 3.544663, 0.008106, 5.017607
72968, 0.007946, 4.652583, 0.011263, 6.594890
72969, 0.029504, 3.684821, 0.041724, 5.211031
72970, 0.003164, 3.508923, 0.004471, 4.958778
72971, 0.004999, 1.478492, 0.007069, 2.090538
72972, 0.004029, 1.531462, 0.005694, 2.164114
72973, 0.014481, 3.543807, 0.020467, 5.008595
72974, 0.022728, 2.015089, 0.032123, 2.848109
72975, 0.001926, 2.065054, 0.002720, 2.917357
72976, 0.002193, 1.551001, 0.003095, 2.189472
72977, 0.001828, 1.516859, 0.002578, 2.139809
72978, 0.000824, 1.011129, 0.001162, 1.426187
72979, 0.011157, 4.001830, 0.015736, 5.644299
72980, 0.004580, 1.992520, 0.006458, 2.809628
72981, 0.000354, 0.515705, 0.000498, 0.727022
72982, 0.008659, 2.615818, 0.012222, 3.692062
72983, 0.009758, 4.981747, 0.013741, 7.015090
72984, 0.006450, 2.005849, 0.009095, 2.828611
72985, 0.001119, 0.519472, 0.001575, 0.731281
72986, 0.010846, 3.621086, 0.015285, 5.102964
72987, 0.001623, 1.024397, 0.002286, 1.442997
72988, 0.015949, 3.031227, 0.022450, 4.266840
72989, 0.012854, 1.534940, 0.018104, 2.161867
72990, 0.009794, 2.580560, 0.013781, 3.630769
72991, 0.041137, 2.503943, 0.057907, 3.524665
72992, 0.018575, 6.006860, 0.026161, 8.459930
72993, 0.004636, 2.003928, 0.006532, 2.823752
72994, 0.000745, 1.004056, 0.001050, 1.414103
72995, 0.009428, 2.008501, 0.013281, 2.829234
72996, 0.013022, 2.436558, 0.018329, 3.429566
72997, 0.003717, 2.453058, 0.005245, 3.461960
72998, 0.014454, 3.535798, 0.020357, 4.979601
72999, 0.003939, 2.513437, 0.005551, 3.542644
73000, 0.003598, 1.991438, 0.005074, 2.808039
73001, 0.001114, 1.015674, 0.001571, 1.431799
73002, 0.004854, 2.001972, 0.006836, 2.819641
73003, 0.004778, 1.513285, 0.006742, 2.135309
73004, 0.008329, 2.609140, 0.011739, 3.677261
73005, 0.011992, 3.503191, 0.016905, 4.938365
73006, 0.006877, 2.901083, 0.009693, 4.089081
73007, 0.001658, 1.519530, 0.002337, 2.142397
73008, 0.022215, 2.913930, 0.031284, 4.103523
73009, 0.003811, 2.337165, 0.005361, 3.287836
73010, 0.012511, 5.239788, 0.017621, 7.380155
73011, 0.008435, 2.919977, 0.011886, 4.114604
73012, 0.002270, 0.972568, 0.003198, 1.370429
73013, 0.000912, 0.492815, 0.001285, 0.693964
73014, 0.003474, 2.922524, 0.004894, 4.116420
73015, 0.003590, 2.521383, 0.005062, 3.554799
73016, 0.033649, 2.532237, 0.047426, 3.568960
73017, 0.006087, 2.972376, 0.008552, 4.175967
73018, 0.026437, 3.033781, 0.037235, 4.272933
73019, 0.008738, 1.996929, 0.012299, 2.810730
73020, 0.009774, 3.981077, 0.013773, 5.609563
73021, 0.004782, 1.491782, 0.006738, 2.101814
73022, 0.004027, 2.023925, 0.005671, 2.849871
73023, 0.007096, 1.022496, 0.009992, 1.439781
73024, 0.005818, 3.085589, 0.008199, 4.348174
73025, 0.004816, 3.123071, 0.006775, 4.393980
73026, 0.014336, 3.641645, 0.020169, 5.123316
73027, 0.003650, 1.541091, 0.005134, 2.167671
73028, 0.017438, 2.543832, 0.024543, 3.580151
73029, 0.032675, 3.012880, 0.045959, 4.237742
73030, 0.012748, 1.499779, 0.017930, 2.109342
73031, 0.007243, 2.064801, 0.010190, 2.904809
73032, 0.008063, 4.098044, 0.011336, 5.761066
73033, 0.000341, 0.514184, 0.000479, 0.723356
73034, 0.000000, 0.000000, 0.000000, 0.000000
73035, 0.009508, 3.579626, 0.013380, 5.037418
73036, 0.007624, 3.543814, 0.010724, 4.984666
73037, 0.001367, 0.511679, 0.001925, 0.720381
73038, 0.041101, 2.996927, 0.057870, 4.219630
73039, 0.003513, 2.448169, 0.004953, 3.451709
73040, 0.002479, 1.500084, 0.003492, 2.112394
73041, 0.005959, 3.048192, 0.008394, 4.293727
73042, 0.000000, 0.000000, 0.000000, 0.000000
73043, 0.008515, 3.341890, 0.011996, 4.708102
73044, 0.013508, 3.930893, 0.019000, 5.529128
73045, 0.003963, 0.977351, 0.005578, 1.375581
73046, 0.008440, 3.486778, 0.011876, 4.906246
73047, 0.002993, 1.960681, 0.004210, 2.758067
73048, 0.005375, 2.518297, 0.007563, 3.543600
73049, 0.001670, 1.478415, 0.002350, 2.080896
73050, 0.013376, 3.318789, 0.018842, 4.674741
73051, 0.007729, 1.831452, 0.010878, 2.577643
73052, 0.003280, 1.928629, 0.004623, 2.718505
73053, 0.006062, 2.513183, 0.008540, 3.540428
73054, 0.007699, 2.926467, 0.010834, 4.118260
73055, 0.010017, 5.517482, 0.014100, 7.766399
73056, 0.001765, 1.013184, 0.002484, 1.426075
73057, 0.000000, 0.000000, 0.000000, 0.000000
73058, 0.006524, 3.564972, 0.009190, 5.021818
73059, 0.001187, 1.054165, 0.001671, 1.484157
73060, 0.001575, 1.525389, 0.002217, 2.146851
73061, 0.002719, 2.540479, 0.003829, 3.577546
73062, 0.001365, 1.531027, 0.001922, 2.156158
73063, 0.020169, 4.115264, 0.028373, 5.789305
73064, 0.003220, 1.593418, 0.004541, 2.247265
73065, 0.001939, 1.040885, 0.002731, 1.466199
73066, 0.014369, 2.965494, 0.020263, 4.181848
73067, 0.003545, 2.073259, 0.005000, 2.924446
73068, 0.001632, 1.019557, 0.002300, 1.437059
73069, 0.005533, 1.935029, 0.007798, 2.727391
73070, 0.003291, 1.490661, 0.004641, 2.101974
73071, 0.000000, 0.000000, 0.000000, 0.000000
73072, 0.004059, 2.075782, 0.005728, 2.929224
73073, 0.011171, 2.562939, 0.015752, 3.613831
73074, 0.016771, 0.967786, 0.023690, 1.367011
73075, 0.007342, 3.996436, 0.010368, 5.643865
73076, 0.006146, 1.993438, 0.008667, 2.811378
73077, 0.002633, 2.434921, 0.003713, 3.433063
73078, 0.009336, 3.910740, 0.013169, 5.516603
73079, 0.002195, 1.440133, 0.003099, 2.033397
73080, 0.010882, 3.399042, 0.015365, 4.799281
73081, 0.004372, 2.471164, 0.006168, 3.486338
73082, 0.013662, 2.950156, 0.019282, 4.163583
73083, 0.004826, 1.499975, 0.006816, 2.118563
73084, 0.022266, 2.476741, 0.031405, 3.493382
73085, 0.003512, 2.037552, 0.004958, 2.876096
73086, 0.006130, 2.529482, 0.008641, 3.565594
73087, 0.004960, 1.993628, 0.006992, 2.810298
73088, 0.000921, 0.992192, 0.001300, 1.400164
73089, 0.008849, 4.489122, 0.012475, 6.328763
73090, 0.010624, 3.470992, 0.014986, 4.896329
73091, 0.010385, 3.493503, 0.014652, 4.928779
73092, 0.012428, 2.532074, 0.017543, 3.574015
73093, 0.016180, 3.112169, 0.022840, 4.393251
73094, 0.025590, 2.562219, 0.036082, 3.612832
73095, 0.009110, 3.622003, 0.012841, 5.105744
73096, 0.002248, 2.000399, 0.003170, 2.820830
73097, 0.001365, 1.513164, 0.001924, 2.132675
73098, 0.004836, 2.508511, 0.006820, 3.537754
73099, 0.001751, 1.443219, 0.002466, 2.032412
73100, 0.003313, 1.450956, 0.004666, 2.043731
73101, 0.006995, 3.012870, 0.009857, 4.245703
73102, 0.000325, 0.503671, 0.000458, 0.709563
73103, 0.008560, 2.943345, 0.012057, 4.145550
73104, 0.002266, 0.979125, 0.003194, 1.380286
73105, 0.006970, 3.932828, 0.009824, 5.542974
73106, 0.001621, 1.505877, 0.002285, 2.123015
73107, 0.006066, 2.012380, 0.008539, 2.832874
73108, 0.010811, 3.406741, 0.015222, 4.796614
73109, 0.004551, 3.007156, 0.006418, 4.240657
73110, 0.001452, 1.545005, 0.002047, 2.179036
73111, 0.001199, 0.517965, 0.001693, 0.731110
73112, 0.006205, 2.489590, 0.008751, 3.511024
73113, 0.007866, 3.503694, 0.011094, 4.941266
73114, 0.001075, 0.988928, 0.001514, 1.392408
73115, 0.002084, 1.478579, 0.002938, 2.084571
73116, 0.001780, 1.889260, 0.002508, 2.660874
73117, 0.001661, 0.936174, 0.002339, 1.317979
73118, 0.003175, 1.913911, 0.004465, 2.692044
73119, 0.001863, 1.810037, 0.002625, 2.550318
73120, 0.179978, 2.922165, 0.253085, 4.109139
73121, 0.003155, 1.465424, 0.004436, 2.060264
73122, 0.003575, 3.442332, 0.005031, 4.843394
73123, 0.002579, 2.479442, 0.003616, 3.476344
73124, 0.000937, 1.009478, 0.001316, 1.417871
73125, 0.007156, 2.018481, 0.010053, 2.835485
73126, 0.000000, 0.000000, 0.000000, 0.000000
73127, 0.002155, 1.469594, 0.003019, 2.058929
73128, 0.003155, 2.491443, 0.004420, 3.490411
73129, 0.008621, 3.939903, 0.012061, 5.512111
73130, 0.020400, 2.485044, 0.028567, 3.479848
73131, 0.009288, 2.498470, 0.012987, 3.493532
73132, 0.010347, 3.374695, 0.014457, 4.715161
73133, 0.010659, 3.976859, 0.014883, 5.552661
73134, 0.005782, 3.044549, 0.008078, 4.253530
73135, 0.005322, 2.438298, 0.007435, 3.406606
73136, 0.013078, 2.503052, 0.018279, 3.498466
73137, 0.011489, 4.585435, 0.016022, 6.394692
73138, 0.002864, 0.485556, 0.003998, 0.677841
73139, 0.005172, 2.927527, 0.007206, 4.079090
73140, 0.011010, 4.388967, 0.015348, 6.118175
73141, 0.004599, 3.497195, 0.006419, 4.881502
73142, 0.018517, 3.489165, 0.025787, 4.859266
73143, 0.009333, 2.493547, 0.012993, 3.471213
73144, 0.006338, 2.524182, 0.008821, 3.512898
73145, 0.181533, 2.034348, 0.252199, 2.826278
73146, 0.003138, 2.519429, 0.004371, 3.509685
73147, 0.001754, 1.541349, 0.002440, 2.144729
73148, 0.003500, 2.551200, 0.004871, 3.549980
73149, 0.003486, 2.541164, 0.004847, 3.533531
73150, 0.010291, 5.143465, 0.014306, 7.150101
73151, 0.022365, 2.070632, 0.031070, 2.876565
73152, 0.000941, 1.023690, 0.001307, 1.422435
73153, 0.004082, 2.133320, 0.005664, 2.960179
73154, 0.003086, 2.596197, 0.004282, 3.602802
73155, 0.003123, 2.026858, 0.004331, 2.810400
73156, 0.006932, 4.444543, 0.009610, 6.161015
73157, 0.002545, 1.510648, 0.003526, 2.093258
73158, 0.009234, 4.574878, 0.012814, 6.348662
73159, 0.011238, 3.096427, 0.015575, 4.291672
73160, 0.016154, 3.114199, 0.022315, 4.301792
73161, 0.013939, 5.033828, 0.019308, 6.972365
73162, 0.007307, 3.482382, 0.010111, 4.818813
73163, 0.008855, 4.055993, 0.012247, 5.610133
73164, 0.007357, 2.907442, 0.010169, 4.019029
73165, 0.022021, 5.299264, 0.030427, 7.322299
73166, 0.003257, 1.451291, 0.004500, 2.005204
73167, 0.015429, 5.088026, 0.021320, 7.030502
73168, 0.004111, 1.870672, 0.005679, 2.584329
73169, 0.035156, 4.783398, 0.048535, 6.603858
73170, 0.004702, 3.675643, 0.006484, 5.068542
73171, 0.008808, 2.771779, 0.012157, 3.825540
73172, 0.009771, 5.219119, 0.013463, 7.191559
73173, 0.007468, 4.743020, 0.010292, 6.536416
73174, 0.007750, 3.815791, 0.010676, 5.256162
73175, 0.014288, 4.443789, 0.019684, 6.122183
73176, 0.004424, 1.945182, 0.006087, 2.676374
73177, 0.010553, 5.557758, 0.014538, 7.656817
