NETCARE2015/data/raw/Flight2/SP2_Polar6_20150407_R2_L1.ict
38, 1001
Herber, Andreas; Schulz, Hannes
Alfred Wegener Institute (AWI), Bremerhaven, Germany
rBC mass concentration from SP2 (single particle soot photometer), combined high and low gain channel, size range 75 to 700 nm
NETCARE Polar 6 Campaign 2015
1, 1
2015,04,07, 2017, 09, 07
1
Time_UTC, seconds
4
1, 1, 1, 1, 1
-9999, -9999, -9999, -9999, -9999
BC_mass_concVOL, ug/m3
BC_numb_concVOL, 1/vccm
BC_mass_concSTP, ug/m3STP
BC_numb_concSTP, 1/sccm
0
20
PI_CONTACT_INFO: Address: AWI, Am Handelshafen 12, D-27570 Bremerhaven, email: andreas.herber@awi.de; hannes.schulz@awi.de
PLATFORM: Polar 6
LOCATION: GPS location and altitude available at 1 Hz resolution in separate file
ASSOCIATED_DATA: N/A
INSTRUMENT_INFO: Refractory black carbon aerosol measurements based on laser induced incandescence
DATA_INFO: Units are ug/m3 (volumetric) or ug/m3 STP (NIST standard NTP 20C, 1013.25 hPa; corrected with chamber temperature and pressure)
UNCERTAINTY: +/- 10%, typical intra-model variability of SP2 derived BC mass concentration [Laborde et al., 2012]
ULOD_FLAG: -7777
ULOD_VALUE: N/A
LLOD_FLAG: not masked
LLOD_VALUE: zero ug/m3 (e.g. no particle or particles <0.3 fg per single particle detection)
DM_CONTACT_INFO: Hannes Schulz, see above
PROJECT_INFO: NETCARE Polar 6 aircraft campaign in April 2015
STIPULATIONS_ON_USE: Preliminary data! Use of these data requires prior approval from PI
OTHER_COMMENTS: N/A
REVISION: R2
R2: Preliminary data; calibration: Fullerene Soot, DLR lab 2015/01/20; bad data and zero filter masked as -9999
R1: Preliminary data, updated header information, corrected mass concentration
R0: Preliminary data, initial release
Time_UTC, BC_mass_concVOL, BC_numb_concVOL, BC_mass_concSTP, BC_numb_concSTP
[from data line 12969]
72486, 0.017256, 4.927907, 0.026287, 7.506877
72487, 0.017076, 6.340523, 0.026021, 9.661955
72488, 0.017321, 6.367868, 0.026377, 9.697443
72489, 0.013735, 5.292226, 0.020914, 8.058082
72490, 0.011996, 5.348908, 0.018279, 8.150573
72491, 0.012365, 5.792519, 0.018816, 8.814313
72492, 0.021049, 3.837912, 0.032043, 5.842302
72493, 0.007213, 2.487470, 0.010973, 3.784151
72494, 0.050920, 4.471858, 0.077399, 6.797219
72495, 0.013520, 2.999979, 0.020572, 4.564746
72496, 0.015511, 4.985160, 0.023625, 7.592726
72497, 0.027479, 4.016058, 0.041809, 6.110423
72498, 0.021343, 6.122138, 0.032511, 9.325389
72499, 0.006364, 3.650100, 0.009672, 5.547077
72500, 0.004438, 3.022123, 0.006760, 4.602801
72501, 0.004714, 2.634583, 0.007182, 4.013760
72502, 0.007767, 4.615406, 0.011827, 7.028097
72503, 0.012948, 5.909477, 0.019740, 9.009450
72504, 0.010681, 3.446594, 0.016262, 5.247776
72505, 0.015464, 2.992465, 0.023579, 4.562677
72506, 0.007714, 3.455531, 0.011750, 5.263344
72507, 0.006488, 2.449207, 0.009888, 3.732696
72508, 0.005699, 2.519206, 0.008696, 3.843539
72509, 0.001870, 1.016660, 0.002847, 1.547504
72510, 0.008111, 3.500997, 0.012342, 5.327438
72511, 0.009311, 1.982604, 0.014168, 3.016873
72512, 0.009835, 3.518219, 0.014966, 5.353491
72513, 0.000840, 0.504313, 0.001278, 0.767612
72514, 0.006527, 1.526418, 0.009935, 2.323408
72515, 0.004056, 2.528252, 0.006168, 3.844523
72516, 0.007769, 3.953765, 0.011822, 6.016416
72517, 0.003341, 1.452612, 0.005085, 2.210878
72518, 0.023225, 4.898749, 0.035369, 7.460194
72519, 0.003755, 0.978971, 0.005720, 1.491248
72520, 0.009016, 2.572478, 0.013723, 3.915520
72521, 0.001300, 1.477168, 0.001976, 2.245802
72522, 0.004166, 1.907724, 0.006342, 2.904363
72523, 0.006705, 3.537492, 0.010209, 5.386583
72524, 0.004517, 2.481112, 0.006882, 3.779628
72525, 0.006153, 0.987621, 0.009379, 1.505541
72526, 0.007360, 2.581873, 0.011214, 3.933509
72527, 0.001120, 1.015583, 0.001705, 1.545968
72528, 0.002497, 1.487257, 0.003804, 2.265704
72529, 0.002085, 1.011180, 0.003175, 1.540180
72530, 0.001271, 1.516851, 0.001937, 2.312610
72531, 0.007628, 3.610610, 0.011625, 5.502545
72532, 0.000000, 0.000000, 0.000000, 0.000000
72533, 0.001650, 2.009191, 0.002515, 3.062644
72534, 0.001551, 0.991891, 0.002363, 1.511361
72535, 0.001031, 0.975873, 0.001568, 1.484873
72536, 0.004100, 3.002810, 0.006239, 4.569700
72537, 0.000000, 0.000000, 0.000000, 0.000000
72538, 0.001493, 1.006970, 0.002271, 1.531193
72539, 0.003243, 1.479389, 0.004932, 2.249936
72540, 0.007243, 3.864862, 0.011016, 5.877542
72541, 0.000000, 0.000000, 0.000000, 0.000000
72542, 0.000000, 0.000000, 0.000000, 0.000000
72543, 0.002078, 1.027843, 0.003160, 1.562975
72544, 0.000871, 1.005800, 0.001324, 1.529226
72545, 0.007156, 1.482992, 0.010887, 2.256217
72546, 0.003297, 1.491042, 0.005014, 2.268079
72547, 0.002039, 1.024279, 0.003105, 1.559341
72548, 0.001767, 1.038287, 0.002690, 1.580346
72549, 0.006370, 3.066149, 0.009697, 4.667047
72550, 0.003902, 1.019116, 0.005944, 1.552421
72551, 0.001035, 1.030371, 0.001575, 1.568483
72552, 0.001166, 1.031890, 0.001772, 1.568375
72553, 0.000458, 0.513971, 0.000697, 0.781917
72554, 0.001241, 0.527100, 0.001889, 0.802258
72555, 0.003633, 1.031819, 0.005530, 1.570348
72556, 0.002371, 0.621788, 0.003612, 0.947220
72557, 0.002047, 0.505505, 0.003116, 0.769575
72558, 0.002935, 1.015801, 0.004468, 1.546384
72559, 0.002185, 0.986583, 0.003327, 1.502081
72560, 0.001522, 0.996066, 0.002317, 1.516748
72561, 0.006212, 0.987923, 0.009452, 1.503036
72562, 0.001259, 0.480305, 0.001915, 0.730569
72563, 0.005328, 2.931188, 0.008105, 4.458472
72564, 0.001239, 0.489962, 0.001885, 0.745314
72565, 0.001426, 0.967634, 0.002169, 1.472086
72566, 0.001344, 1.497717, 0.002045, 2.279804
72567, 0.004459, 0.983283, 0.006791, 1.497314
72568, 0.005113, 1.955071, 0.007789, 2.978009
72569, 0.004737, 1.487590, 0.007212, 2.264861
72570, 0.006344, 1.504503, 0.009661, 2.291076
72571, 0.001552, 0.509988, 0.002368, 0.778207
72572, 0.000000, 0.000000, 0.000000, 0.000000
72573, 0.001459, 1.541612, 0.002224, 2.350869
72574, 0.006894, 1.047816, 0.010511, 1.597634
72575, 0.000761, 0.516633, 0.001162, 0.788463
72576, 0.001279, 1.008636, 0.001950, 1.537744
72577, 0.000380, 0.513267, 0.000581, 0.783458
72578, 0.000922, 1.030600, 0.001407, 1.571687
72579, 0.024077, 1.049246, 0.036732, 1.600745
72580, 0.002508, 2.028190, 0.003828, 3.095143
72581, 0.012916, 2.423563, 0.019727, 3.701699
72582, 0.006790, 1.520150, 0.010373, 2.322164
72583, 0.009660, 2.434666, 0.014728, 3.712132
72584, 0.010280, 2.340510, 0.015680, 3.570191
72585, 0.000000, 0.000000, 0.000000, 0.000000
72586, 0.004360, 0.485182, 0.006658, 0.740930
72587, 0.001214, 1.464027, 0.001856, 2.237447
72588, 0.002916, 2.413193, 0.004453, 3.684407
72589, 0.000316, 0.486943, 0.000483, 0.744424
72590, 0.005212, 0.995194, 0.007934, 1.514963
72591, 0.000692, 0.984438, 0.001056, 1.502505
72592, 0.002237, 1.480116, 0.003412, 2.257786
72593, 0.000543, 0.498445, 0.000828, 0.760287
72594, 0.003888, 1.961279, 0.005929, 2.990702
72595, 0.006738, 1.507266, 0.010289, 2.301586
72596, 0.004819, 1.016299, 0.007346, 1.548970
72597, 0.015964, 2.923358, 0.024356, 4.460234
72598, 0.001109, 0.487128, 0.001690, 0.742253
72599, 0.002514, 0.986309, 0.003836, 1.504993
72600, 0.000310, 0.501506, 0.000472, 0.765413
72601, 0.000000, 0.000000, 0.000000, 0.000000
72602, 0.040381, 1.033383, 0.061580, 1.575879
72603, 0.004578, 0.510357, 0.006987, 0.778799
72604, 0.005478, 1.556859, 0.008362, 2.376481
72605, 0.000457, 0.500429, 0.000698, 0.764291
72606, 0.000000, 0.000000, 0.000000, 0.000000
72607, 0.002796, 1.505726, 0.004267, 2.297659
72608, 0.001054, 0.973346, 0.001609, 1.485815
72609, 0.003804, 1.995302, 0.005799, 3.041258
72610, 0.000834, 0.491646, 0.001270, 0.748829
72611, 0.002730, 1.496044, 0.004159, 2.278955
72612, 0.002106, 1.020245, 0.003212, 1.555770
72613, 0.002375, 0.990336, 0.003620, 1.509263
72614, 0.013309, 0.967054, 0.020278, 1.473371
72615, 0.008308, 0.492036, 0.012657, 0.749628
72616, 0.002589, 0.971292, 0.003938, 1.477677
72617, 0.000326, 0.494727, 0.000497, 0.753672
72618, 0.031936, 1.485151, 0.048670, 2.263358
72619, 0.002082, 0.497939, 0.003174, 0.759006
72620, 0.000874, 0.514197, 0.001331, 0.783057
72621, 0.005217, 1.021657, 0.007946, 1.556215
72622, 0.000533, 0.500151, 0.000812, 0.762284
72623, 0.001846, 1.006116, 0.002812, 1.532573
72624, 0.008044, 2.052809, 0.012263, 3.129560
72625, 0.000000, 0.000000, 0.000000, 0.000000
72626, 0.000000, 0.000000, 0.000000, 0.000000
72627, 0.000708, 1.024183, 0.001081, 1.562241
72628, 0.001449, 1.003608, 0.002208, 1.529374
72629, 0.001363, 0.501294, 0.002076, 0.763445
72630, 0.001127, 1.015173, 0.001716, 1.545535
72631, 0.003472, 1.046653, 0.005287, 1.593614
72632, 0.003538, 0.980767, 0.005383, 1.492248
72633, 0.001305, 0.960430, 0.001984, 1.460779
72634, 0.000000, 0.000000, 0.000000, 0.000000
72635, 0.001681, 0.957593, 0.002557, 1.457175
72636, 0.002686, 1.448141, 0.004088, 2.204059
72637, 0.000692, 0.954784, 0.001053, 1.453302
72638, 0.000332, 0.493396, 0.000506, 0.750572
72639, 0.004560, 2.473677, 0.006943, 3.765944
72640, 0.001443, 0.970750, 0.002202, 1.481019
72641, 0.003835, 2.007953, 0.005846, 3.060522
72642, 0.000000, 0.000000, 0.000000, 0.000000
72643, 0.000392, 0.516884, 0.000598, 0.787750
72644, 0.000343, 0.511437, 0.000523, 0.779639
72645, 0.000000, 0.000000, 0.000000, 0.000000
72646, 0.002099, 1.020740, 0.003198, 1.555717
72647, 0.000737, 1.061573, 0.001124, 1.618754
72648, 0.003068, 1.052245, 0.004687, 1.607274
72649, 0.001037, 0.512258, 0.001582, 0.781323
72650, 0.005971, 1.029740, 0.009120, 1.572809
72651, 0.000613, 0.513531, 0.000935, 0.784059
72652, 0.023235, 1.556577, 0.035453, 2.375142
72653, 0.001215, 1.026554, 0.001855, 1.566356
72654, 0.004351, 2.549255, 0.006642, 3.891371
72655, 0.000000, 0.000000, 0.000000, 0.000000
72656, 0.000425, 0.499499, 0.000649, 0.762465
72657, 0.001143, 1.002755, 0.001742, 1.529145
72658, 0.000000, 0.000000, 0.000000, 0.000000
72659, 0.000000, 0.000000, 0.000000, 0.000000
72660, 0.004470, 1.506785, 0.006819, 2.298479
72661, 0.000798, 0.495991, 0.001218, 0.757513
72662, 0.009047, 3.397076, 0.013788, 5.177214
72663, 0.001047, 0.496132, 0.001596, 0.756455
72664, 0.005314, 1.463205, 0.008110, 2.232908
72665, 0.002863, 1.900093, 0.004367, 2.897916
72666, 0.000377, 0.484692, 0.000575, 0.739382
72667, 0.003117, 1.481297, 0.004752, 2.258276
72668, 0.000981, 0.995007, 0.001496, 1.517430
72669, 0.002875, 0.982641, 0.004388, 1.499727
72670, 0.001142, 1.511329, 0.001742, 2.304951
72671, 0.000642, 0.482291, 0.000978, 0.735014
72672, 0.002676, 1.875045, 0.004083, 2.861448
72673, 0.001440, 1.448044, 0.002196, 2.208079
72674, 0.001790, 0.932715, 0.002727, 1.420511
72675, 0.004600, 0.946010, 0.007002, 1.439954
72676, 0.001218, 0.987094, 0.001854, 1.502191
72677, 0.001551, 0.970970, 0.002363, 1.479217
72678, 0.003496, 1.973640, 0.005327, 3.007340
72679, 0.002871, 2.577149, 0.004376, 3.927442
72680, 0.001439, 1.016944, 0.002191, 1.548678
72681, 0.001918, 1.027672, 0.002916, 1.562445
72682, 0.004905, 2.061164, 0.007469, 3.138556
72683, 0.001245, 1.033547, 0.001896, 1.573979
72684, 0.008559, 2.633380, 0.013048, 4.014496
72685, 0.012174, 2.074800, 0.018557, 3.162722
72686, 0.016081, 3.583587, 0.024487, 5.456659
72687, 0.002423, 1.049429, 0.003689, 1.597743
72688, 0.001973, 1.043974, 0.003003, 1.588964
72689, 0.001702, 1.027670, 0.002593, 1.564963
72690, 0.000704, 0.500308, 0.001071, 0.761518
72691, 0.002184, 1.018091, 0.003320, 1.547857
72692, 0.000405, 0.514534, 0.000616, 0.783030
72693, 0.008013, 0.994052, 0.012183, 1.511275
72694, 0.001844, 0.978019, 0.002802, 1.485722
72695, 0.000882, 0.486264, 0.001341, 0.739648
72696, 0.005789, 1.459752, 0.008807, 2.220948
72697, 0.009622, 2.490370, 0.014613, 3.782188
72698, 0.001555, 0.984686, 0.002361, 1.495182
72699, 0.004465, 1.471409, 0.006783, 2.235501
72700, 0.001277, 1.478187, 0.001939, 2.243608
72701, 0.009796, 2.960122, 0.014871, 4.493374
72702, 0.000422, 0.497524, 0.000640, 0.754923
72703, 0.013532, 3.096363, 0.020567, 4.706290
72704, 0.004907, 2.031868, 0.007465, 3.090877
72705, 0.004751, 1.956630, 0.007216, 2.972215
72706, 0.007013, 2.448217, 0.010643, 3.715578
72707, 0.013463, 4.566056, 0.020438, 6.931586
72708, 0.003856, 2.977353, 0.005859, 4.524413
72709, 0.002168, 1.518241, 0.003297, 2.308272
72710, 0.008724, 2.564752, 0.013258, 3.897893
72711, 0.019013, 3.575931, 0.028897, 5.434733
72712, 0.001776, 2.018806, 0.002701, 3.070484
72713, 0.012192, 3.941235, 0.018517, 5.985831
72714, 0.004613, 1.484352, 0.007017, 2.257581
72715, 0.012231, 1.960590, 0.018584, 2.978934
72716, 0.010307, 2.512660, 0.015638, 3.812286
72717, 0.009377, 3.021601, 0.014262, 4.595631
72718, 0.008738, 2.950445, 0.013277, 4.482927
72719, 0.016934, 2.473552, 0.025706, 3.754739
72720, 0.003760, 3.992057, 0.005705, 6.056873
72721, 0.004902, 1.492410, 0.007439, 2.264834
72722, 0.010368, 3.570715, 0.015754, 5.425618
72723, 0.003664, 2.550965, 0.005561, 3.871718
72724, 0.011096, 3.526191, 0.016834, 5.349664
72725, 0.014246, 4.538818, 0.021620, 6.888123
72726, 0.004242, 1.973812, 0.006441, 2.996510
72727, 0.030542, 3.491122, 0.046369, 5.300316
72728, 0.019823, 6.925343, 0.030117, 10.521479
72729, 0.011182, 4.486428, 0.016988, 6.815706
72730, 0.010897, 4.936952, 0.016547, 7.496458
72731, 0.004567, 1.969109, 0.006937, 2.990890
72732, 0.010663, 4.560143, 0.016201, 6.928483
72733, 0.010806, 4.079868, 0.016429, 6.202924
72734, 0.013844, 4.998470, 0.021064, 7.605427
72735, 0.022312, 7.756991, 0.033959, 11.806219
72736, 0.011721, 4.058336, 0.017824, 6.171558
72737, 0.019244, 7.038996, 0.029174, 10.671195
72738, 0.016087, 6.012407, 0.024474, 9.146660
72739, 0.026672, 7.491302, 0.040535, 11.384974
72740, 0.015855, 5.413806, 0.024139, 8.242665
72741, 0.041790, 11.716620, 0.063521, 17.809271
72742, 0.025741, 7.778110, 0.039096, 11.813863
72743, 0.016421, 6.416498, 0.024951, 9.749648
72744, 0.048507, 5.500825, 0.073715, 8.359492
72745, 0.013775, 5.363676, 0.020930, 8.149873
72746, 0.020599, 9.295192, 0.031283, 14.115839
72747, 0.021883, 6.903942, 0.033250, 10.490241
72748, 0.031583, 8.308653, 0.047994, 12.626002
72749, 0.049091, 7.241169, 0.074646, 11.010730
72750, 0.019909, 7.657145, 0.030229, 11.626185
72751, 0.039242, 5.617574, 0.059536, 8.522696
72752, 0.006968, 4.833752, 0.010573, 7.334257
72753, 0.010385, 4.885232, 0.015746, 7.406792
72754, 0.019370, 5.411257, 0.029374, 8.205988
72755, 0.020918, 6.573988, 0.031696, 9.961411
72756, 0.003033, 3.070978, 0.004598, 4.656048
72757, 0.007860, 3.087085, 0.011910, 4.677940
72758, 0.015728, 3.470771, 0.023814, 5.255057
72759, 0.004987, 2.479870, 0.007559, 3.759045
72760, 0.022397, 3.064914, 0.033928, 4.642816
72761, 0.018181, 4.986380, 0.027515, 7.546235
72762, 0.010495, 2.959227, 0.015892, 4.480965
72763, 0.006584, 3.040035, 0.009965, 4.601280
72764, 0.009574, 3.569479, 0.014465, 5.393053
72765, 0.028591, 7.566893, 0.043271, 11.452137
72766, 0.000993, 1.008569, 0.001502, 1.525018
72767, 0.039034, 6.589436, 0.058942, 9.950169
72768, 0.014322, 2.581654, 0.021603, 3.894250
72769, 0.035549, 6.054801, 0.053697, 9.145874
72770, 0.014984, 3.451535, 0.022577, 5.200374
72771, 0.005290, 3.070132, 0.007969, 4.625132
72772, 0.025852, 3.574504, 0.038852, 5.371925
72773, 0.010054, 3.038876, 0.015146, 4.577764
72774, 0.004596, 2.575267, 0.006923, 3.878729
72775, 0.009898, 3.097052, 0.014906, 4.664218
72776, 0.011536, 3.513140, 0.017362, 5.287021
72777, 0.004153, 1.989011, 0.006248, 2.992185
72778, 0.013074, 4.609089, 0.019664, 6.932277
72779, 0.007781, 2.974737, 0.011694, 4.470936
72780, 0.004824, 2.850802, 0.007247, 4.282461
72781, 0.003442, 2.447832, 0.005173, 3.678477
72782, 0.017262, 3.932451, 0.025926, 5.906448
72783, 0.001716, 1.459619, 0.002577, 2.191578
72784, 0.002226, 1.950867, 0.003341, 2.928225
72785, 0.005008, 2.420884, 0.007509, 3.629759
72786, 0.004199, 3.471107, 0.006305, 5.211336
72787, 0.028199, 2.466926, 0.042313, 3.701653
72788, 0.014332, 3.931992, 0.021495, 5.897284
72789, 0.001741, 2.011711, 0.002606, 3.011283
72790, 0.000457, 0.500667, 0.000683, 0.748676
72791, 0.023658, 2.873282, 0.035401, 4.299586
72792, 0.000358, 0.490203, 0.000534, 0.732495
72793, 0.004795, 2.998197, 0.007155, 4.473470
72794, 0.014231, 4.808117, 0.021231, 7.173079
72795, 0.004466, 1.941201, 0.006664, 2.896861
72796, 0.005995, 1.536506, 0.008942, 2.291887
72797, 0.006701, 3.021323, 0.009997, 4.507329
72798, 0.005384, 1.995964, 0.008038, 2.979643
72799, 0.010319, 3.984457, 0.015384, 5.939956
72800, 0.002845, 1.974131, 0.004242, 2.943607
72801, 0.017374, 2.583672, 0.025888, 3.849891
72802, 0.011723, 3.136172, 0.017460, 4.670874
72803, 0.000543, 0.511563, 0.000809, 0.762089
72804, 0.002620, 1.563745, 0.003902, 2.328440
72805, 0.003021, 2.081096, 0.004497, 3.098498
72806, 0.004812, 2.469168, 0.007163, 3.675711
72807, 0.010240, 3.016514, 0.015230, 4.486548
72808, 0.017666, 3.948385, 0.026267, 5.870909
72809, 0.002005, 1.459864, 0.002978, 2.168417
72810, 0.004791, 3.074162, 0.007116, 4.565834
72811, 0.005389, 2.042839, 0.008004, 3.033807
72812, 0.004862, 2.012113, 0.007220, 2.987775
72813, 0.004219, 2.521209, 0.006261, 3.742023
72814, 0.013579, 2.513920, 0.020146, 3.729502
72815, 0.008193, 2.058045, 0.012167, 3.056072
72816, 0.019716, 6.563760, 0.029249, 9.737190
72817, 0.002724, 1.525846, 0.004046, 2.266278
72818, 0.014026, 3.577812, 0.020788, 5.302551
72819, 0.024040, 7.557410, 0.035663, 11.211241
72820, 0.028500, 8.542499, 0.042261, 12.667495
72821, 0.032021, 9.161029, 0.047489, 13.586213
72822, 0.020515, 7.397196, 0.030405, 10.963349
72823, 0.021115, 10.351084, 0.031301, 15.344137
72824, 0.028885, 8.840586, 0.042764, 13.088509
72825, 0.016338, 4.878133, 0.024189, 7.222233
72826, 0.020156, 9.728170, 0.029807, 14.386043
72827, 0.006384, 4.316230, 0.009434, 6.378319
72828, 0.085689, 6.911208, 0.126710, 10.219779
72829, 0.005994, 3.896735, 0.008855, 5.756080
72830, 0.041425, 7.254970, 0.061171, 10.713301
72831, 0.024286, 7.972523, 0.035885, 11.780302
