data/raw/Flight3/CO_POLAR6_20150408_R1_L1_NETCARE.ict
34, 1001
Bozem, Heiko; Hoor, Peter
Institute for Atmospheric Physics, Johannes Gutenberg University, Mainz, Germany
CO mixing ratio from AL5002 CO analyzer
NETCARE Polar 6 Campaign 2015
1, 1
2015, 04, 08, 2015, 08, 15
1
Time_UTC, seconds
1
1
-9999.9
CO_ppbv, ppbv
0
19
PI_CONTACT_INFO: Address: Johann-Joachim-Becherweg 21, 55128 Mainz, email: bozemh@uni-mainz.de; hoor@uni-mainz.de
PLATFORM: Polar 6
LOCATION: GPS location and altitude available at 1 Hz resolution in separate file (See AIMMS files under Aircraft data and meteorology)
ASSOCIATED_DATA: N/A
INSTRUMENT_INFO: CO measurements based on the fluorescence of CO in the VUV at 150 nm
DATA_INFO: Units are ppbv
UNCERTAINTY RELATIVE TO STANDARD: 2.3 ppbv at 1 sigma confidence (before drift correction is applied)
ULOD_FLAG: -7777
ULOD_VALUE: N/A
LLOD_FLAG: -8888
LLOD_VALUE: 1.5 
DM_CONTACT_INFO: N/A
PROJECT_INFO: NETCARE Polar 6 aircraft campaign in April 2015; Alert
STIPULATIONS_ON_USE: N/A
OTHER_COMMENTS: N/A
REVISION: R1
R0: Preliminary data, corrected for instrument drift
R1: Final data, corrected for instrument drift
Time_UTC,CO_ppbv
[from data line 3956]
53835,144.8
53836,145.1
53837,143.8
53838,144.3
53839,143.4
53840,144.4
53841,145.3
53842,143.7
53843,142.3
53844,141.4
53845,142.3
53846,143.9
53847,143.8
53848,143.5
53849,144.6
53850,146.5
53851,145.1
53852,143.0
53853,142.5
53854,143.5
53855,145.8
53856,144.6
53857,144.2
53858,144.1
53859,144.0
53860,145.4
53861,146.2
53862,144.9
53863,144.3
53864,143.7
53865,142.3
53866,143.9
53867,145.6
53868,143.4
53869,142.2
53870,143.5
53871,144.1
53872,143.9
53873,144.5
53874,145.0
53875,145.9
53876,145.7
53877,143.3
53878,142.6
53879,145.7
53880,144.9
53881,144.5
53882,145.6
53883,146.1
53884,144.5
53885,143.5
53886,143.6
53887,145.3
53888,144.7
53889,141.1
53890,139.6
53891,138.8
53892,139.3
53893,142.2
53894,142.3
53895,141.2
53896,142.9
53897,146.7
53898,149.2
53899,145.1
53900,144.3
53901,146.4
53902,145.6
53903,144.2
53904,143.6
53905,143.7
53906,143.7
53907,145.7
53908,145.3
53909,145.4
53910,144.9
53911,142.5
53912,142.3
53913,141.9
53914,144.3
53915,145.9
53916,145.2
53917,143.7
53918,143.7
53919,145.9
53920,145.0
53921,142.3
53922,144.2
53923,145.5
53924,145.8
53925,146.6
53926,144.1
53927,144.0
53928,145.5
53929,144.8
53930,143.1
53931,143.0
53932,144.4
53933,145.9
53934,144.6
53935,141.7
53936,145.3
53937,147.3
53938,145.5
53939,147.0
53940,147.2
53941,145.8
53942,145.9
53943,146.1
53944,144.8
53945,145.6
53946,147.5
53947,146.7
53948,146.7
53949,143.2
53950,143.8
53951,144.9
53952,144.3
53953,144.3
53954,144.3
53955,147.0
53956,148.7
53957,147.6
53958,146.6
53959,146.3
53960,147.0
53961,147.5
53962,146.4
53963,148.1
53964,151.5
53965,149.7
53966,149.2
53967,150.4
53968,150.2
53969,150.5
53970,151.3
53971,152.9
53972,154.5
53973,153.7
53974,151.6
53975,149.8
53976,150.4
53977,150.8
53978,151.3
53979,151.0
53980,149.2
53981,147.9
53982,147.2
53983,146.2
53984,148.8
53985,150.3
53986,150.1
53987,150.5
53988,152.2
53989,151.6
53990,149.2
53991,149.6
53992,149.6
53993,149.9
53994,150.6
53995,152.0
53996,153.1
53997,152.6
53998,149.4
53999,149.3
54000,152.2
54001,153.0
54002,153.8
54003,152.4
54004,150.5
54005,152.0
54006,151.7
54007,150.8
54008,150.2
54009,149.5
54010,152.9
54011,153.4
54012,151.9
54013,152.0
54014,150.0
54015,152.1
54016,156.3
54017,155.8
54018,156.5
54019,154.1
54020,154.0
54021,155.3
54022,153.7
54023,154.5
54024,154.7
54025,153.3
54026,152.4
54027,152.4
54028,152.3
54029,155.2
54030,153.1
54031,148.3
54032,152.5
54033,155.1
54034,155.3
54035,153.8
54036,151.7
54037,153.0
54038,154.7
54039,156.7
54040,158.7
54041,158.5
54042,154.5
54043,154.4
54044,153.9
54045,152.7
54046,156.0
54047,155.1
54048,152.7
54049,153.7
54050,154.4
54051,154.3
54052,154.0
54053,151.7
54054,149.8
54055,152.3
54056,155.7
54057,154.1
54058,152.3
54059,154.6
54060,154.2
54061,152.9
54062,154.3
54063,154.9
54064,154.6
54065,156.4
54066,155.8
54067,153.0
54068,152.6
54069,154.3
54070,153.7
54071,154.2
54072,157.0
54073,156.5
54074,155.5
54075,154.2
54076,154.4
54077,156.2
54078,156.0
54079,154.2
54080,154.6
54081,157.3
54082,158.0
54083,156.7
54084,157.9
54085,160.0
54086,155.3
54087,155.2
54088,156.9
54089,156.2
54090,156.3
54091,157.2
54092,154.5
54093,154.1
54094,154.6
54095,156.0
54096,156.4
54097,154.5
54098,154.8
54099,153.6
54100,153.7
54101,155.7
54102,155.7
54103,157.5
54104,156.8
54105,155.2
54106,155.9
54107,156.6
54108,156.0
54109,154.8
54110,156.4
54111,158.9
54112,158.2
54113,156.7
54114,155.4
54115,154.6
54116,153.9
54117,154.4
54118,155.6
54119,155.0
54120,157.2
54121,159.0
54122,161.3
54123,160.0
54124,159.0
54125,157.4
54126,157.2
54127,159.4
54128,158.8
54129,158.5
54130,156.4
54131,157.6
54132,161.1
54133,161.9
54134,159.4
54135,156.7
54136,157.8
54137,157.7
54138,157.1
54139,156.1
54140,156.4
54141,160.2
54142,161.2
54143,158.9
54144,160.5
54145,161.0
54146,157.5
54147,158.6
54148,160.6
54149,158.8
54150,157.6
54151,156.9
54152,158.1
54153,157.7
54154,155.8
54155,161.8
54156,158.9
54157,157.4
54158,159.3
54159,161.2
54160,161.0
54161,160.6
54162,160.6
54163,158.8
54164,159.5
54165,158.8
54166,157.1
54167,159.1
54168,161.0
54169,161.8
54170,159.6
54171,158.4
54172,159.2
54173,159.1
54174,161.0
54175,159.5
54176,155.5
54177,157.0
54178,158.7
54179,158.8
54180,158.1
54181,155.5
54182,155.9
54183,156.0
54184,155.4
54185,157.6
54186,158.8
54187,157.0
54188,155.6
54189,158.3
54190,159.9
54191,158.8
54192,158.2
54193,158.1
54194,156.5
54195,156.9
54196,156.4
54197,157.3
54198,156.4
54199,154.9
54200,156.9
54201,158.0
54202,161.1
54203,159.5
54204,157.4
54205,160.2
54206,158.4
54207,158.6
54208,161.3
54209,161.4
54210,160.2
54211,160.0
54212,160.9
54213,159.6
54214,157.6
54215,160.1
54216,163.9
54217,161.3
54218,157.6
54219,157.5
54220,157.4
54221,154.4
54222,151.1
54223,156.0
54224,156.0
54225,152.8
54226,154.0
54227,155.6
54228,154.1
54229,152.4
54230,150.8
54231,150.5
54232,152.9
54233,151.9
54234,152.4
54235,154.3
54236,153.6
54237,155.6
54238,153.8
54239,151.0
54240,152.9
54241,150.5
54242,148.3
54243,151.3
54244,153.4
54245,157.0
54246,157.7
54247,155.7
54248,156.7
54249,155.8
54250,155.2
54251,156.1
54252,156.7
54253,157.9
54254,159.5
54255,160.5
54256,160.9
54257,162.4
54258,163.6
54259,162.7
54260,162.0
54261,159.9
54262,158.9
54263,158.6
54264,157.7
54265,158.0
54266,160.5
54267,160.0
54268,158.4
54269,160.2
54270,162.8
54271,164.0
54272,161.3
54273,159.8
54274,159.5
54275,158.8
54276,159.3
54277,159.8
54278,159.5
54279,160.9
54280,161.6
54281,157.8
54282,157.9
54283,158.4
54284,157.1
54285,159.3
54286,159.5
54287,160.5
54288,160.7
54289,157.4
54290,-9999.9
54291,-9999.9
54292,-9999.9
54293,-9999.9
54294,-9999.9
54295,-9999.9
54296,-9999.9
54297,-9999.9
54298,-9999.9
54299,-9999.9
54300,-9999.9
54301,-9999.9
54302,-9999.9
54303,-9999.9
54304,-9999.9
54305,-9999.9
54306,-9999.9
54307,-9999.9
54308,-9999.9
54309,-9999.9
54310,-9999.9
54311,-9999.9
54312,-9999.9
54313,-9999.9
54314,-9999.9
54315,-9999.9
54316,-9999.9
54317,-9999.9
54318,-9999.9
54319,-9999.9
54320,-9999.9
54321,-9999.9
54322,-9999.9
54323,-9999.9
54324,-9999.9
54325,-9999.9
54326,-9999.9
54327,-9999.9
54328,-9999.9
54329,-9999.9
54330,-9999.9
54331,-9999.9
54332,-9999.9
54333,-9999.9
54334,-9999.9
54335,-9999.9
54336,-9999.9
54337,-9999.9
54338,-9999.9
54339,-9999.9
54340,-9999.9
54341,-9999.9
54342,-9999.9
54343,-9999.9
54344,-9999.9
54345,-9999.9
54346,-9999.9
54347,-9999.9
54348,-9999.9
54349,-9999.9
54350,-9999.9
54351,-9999.9
54352,-9999.9
54353,-9999.9
54354,-9999.9
54355,-9999.9
54356,-9999.9
54357,-9999.9
54358,-9999.9
54359,-9999.9
54360,-9999.9
54361,-9999.9
54362,-9999.9
54363,-9999.9
54364,-9999.9
54365,-9999.9
54366,-9999.9
54367,-9999.9
54368,-9999.9
54369,-9999.9
54370,-9999.9
54371,-9999.9
54372,-9999.9
54373,-9999.9
54374,-9999.9
54375,-9999.9
54376,-9999.9
54377,-9999.9
54378,-9999.9
54379,-9999.9
54380,-9999.9
54381,-9999.9
54382,-9999.9
54383,-9999.9
54384,-9999.9
54385,-9999.9
54386,-9999.9
54387,-9999.9
54388,-9999.9
54389,-9999.9
54390,-9999.9
54391,-9999.9
54392,-9999.9
54393,-9999.9
54394,-9999.9
54395,-9999.9
54396,-9999.9
54397,-9999.9
54398,-9999.9
54399,-9999.9
54400,-9999.9
54401,-9999.9
54402,-9999.9
54403,-9999.9
54404,-9999.9
54405,-9999.9
54406,-9999.9
54407,-9999.9
54408,-9999.9
54409,-9999.9
54410,-9999.9
54411,-9999.9
54412,-9999.9
54413,-9999.9
54414,-9999.9
54415,-9999.9
54416,146.1
54417,146.8
54418,144.7
54419,144.4
54420,146.6
54421,147.8
54422,147.6
54423,147.6
54424,146.4
54425,145.9
54426,146.6
54427,143.8
54428,144.0
54429,147.3
54430,148.6
54431,146.3
54432,146.9
54433,147.5
54434,144.6
54435,144.2
54436,145.5
54437,146.3
54438,148.6
54439,149.1
54440,146.5
54441,145.2
54442,148.7
54443,147.7
54444,144.6
54445,144.8
54446,143.9
54447,143.0
54448,141.9
54449,143.7
54450,146.5
54451,147.6
54452,149.0
54453,148.2
54454,151.0
54455,155.4
54456,152.9
54457,149.0
54458,148.8
54459,151.1
54460,152.2
54461,151.1
54462,148.9
54463,149.2
54464,151.1
54465,149.1
54466,149.3
54467,146.3
54468,145.1
54469,147.3
54470,145.8
54471,144.8
54472,146.7
54473,145.9
54474,145.7
54475,146.2
54476,144.7
54477,144.2
54478,145.0
54479,148.1
54480,151.6
54481,152.4
54482,152.3
54483,151.5
54484,150.9
54485,150.5
54486,149.5
54487,151.2
54488,153.0
54489,152.9
54490,151.1
54491,153.3
54492,154.3
54493,154.4
54494,155.0
54495,156.2
54496,157.5
54497,152.5
54498,149.5
54499,157.2
54500,157.2
54501,154.2
54502,152.3
54503,150.1
54504,149.4
54505,149.4
54506,149.8
54507,149.6
54508,149.3
54509,151.9
54510,153.4
54511,152.6
54512,151.9
54513,151.2
54514,151.9
54515,151.3
54516,150.9
54517,151.0
54518,149.1
54519,147.6
54520,147.6
54521,148.5
54522,148.0
54523,147.2
54524,149.2
54525,153.7
54526,154.8
54527,152.6
54528,154.0
54529,154.9
54530,155.4
54531,158.7
54532,157.3
54533,154.9
54534,155.5
54535,159.4
54536,158.1
54537,160.0
54538,160.7
54539,158.7
54540,158.0
54541,157.6
54542,158.6
54543,160.3
54544,160.0
54545,157.2
54546,157.1
54547,158.9
54548,160.3
54549,159.1
54550,158.7
54551,157.0
54552,157.6
54553,159.2
54554,156.4
54555,156.7
54556,157.7
54557,159.1
54558,158.6
54559,155.4
54560,157.9
54561,161.2
54562,160.1
54563,159.2
54564,160.5
54565,161.2
54566,160.1
54567,159.2
54568,158.8
54569,156.9
54570,158.9
54571,162.6
54572,162.6
54573,161.1
54574,159.7
54575,159.4
54576,158.0
54577,156.8
54578,159.6
54579,159.1
54580,157.5
54581,159.3
54582,161.9
54583,161.3
54584,158.1
54585,156.3
54586,155.5
54587,158.2
54588,159.6
54589,158.1
54590,159.5
54591,160.6
54592,160.4
54593,160.0
54594,161.0
54595,159.8
54596,158.3
54597,156.6
54598,155.3
54599,156.7
54600,155.8
54601,155.7
54602,157.0
54603,157.8
54604,160.5
54605,158.4
54606,157.6
54607,159.0
54608,162.2
54609,163.4
54610,160.7
54611,160.0
54612,158.6
54613,158.4
54614,158.7
54615,158.6
54616,159.1
54617,157.8
54618,158.4
54619,160.4
54620,158.7
54621,157.1
54622,160.5
54623,161.4
54624,159.4
54625,160.5
54626,161.2
54627,159.5
54628,157.9
54629,158.1
54630,160.5
54631,161.1
54632,158.6
54633,158.5
54634,160.2
54635,159.4
54636,157.1
54637,156.1
54638,164.0
54639,161.8
54640,157.8
54641,157.1
54642,158.6
54643,159.3
54644,160.2
54645,160.0
54646,157.6
54647,159.1
54648,160.1
54649,157.2
54650,159.1
54651,159.1
54652,159.4
54653,161.8
54654,159.5
54655,159.6
54656,159.3
54657,159.1
54658,159.2
54659,160.2
54660,161.0
54661,157.9
54662,158.1
54663,159.6
54664,158.0
54665,157.8
54666,157.3
54667,157.9
54668,160.5
54669,160.1
54670,159.6
54671,158.8
54672,158.2
54673,159.2
54674,157.9
54675,153.8
54676,153.3
54677,153.1
54678,151.1
54679,152.1
54680,152.4
54681,153.5
54682,153.9
54683,151.0
54684,151.6
54685,150.7
54686,149.2
54687,153.7
54688,155.2
54689,152.8
54690,152.5
54691,151.5
54692,152.5
54693,155.0
54694,156.6
54695,156.9
54696,157.4
54697,160.8
54698,160.0
54699,158.9
54700,161.8
54701,161.3
54702,159.8
54703,161.4
54704,161.3
54705,158.4
54706,157.6
54707,157.1
54708,156.8
54709,158.4
54710,162.0
54711,163.2
54712,160.2
54713,158.1
54714,157.9
54715,155.5
54716,154.8
54717,157.2
54718,158.1
54719,158.2
54720,160.1
54721,161.8
54722,160.5
54723,159.6
54724,156.5
54725,153.1
54726,153.9
54727,155.1
54728,155.1
54729,153.5
54730,151.8
54731,152.7
54732,152.2
54733,151.8
54734,152.2
54735,151.9
54736,153.1
54737,152.3
54738,151.8
54739,152.3
54740,152.3
54741,150.6
54742,152.1
54743,155.8
54744,154.3
54745,150.7
54746,150.3
54747,154.3
54748,158.8
54749,157.2
54750,153.7
54751,154.0
54752,151.4
54753,149.3
54754,154.9
54755,157.9
54756,155.3
54757,154.3
54758,155.7
54759,153.4
54760,152.3
54761,154.5
54762,154.4
54763,153.2
54764,154.3
54765,155.4
54766,153.3
54767,153.8
54768,155.2
54769,155.8
54770,156.8
54771,153.1
54772,151.1
54773,153.4
54774,155.1
54775,153.7
54776,153.7
54777,153.1
54778,154.6
54779,156.5
54780,156.0
54781,155.0
54782,155.8
54783,155.3
54784,156.0
54785,156.0
54786,155.8
54787,158.1
54788,158.6
54789,157.2
54790,157.0
54791,160.6
54792,160.4
54793,157.3
54794,154.9
54795,152.1
54796,152.0
54797,155.2
54798,155.2
54799,153.8
54800,152.1
54801,149.7
54802,151.0
54803,153.1
54804,152.5
54805,150.3
54806,148.6
54807,148.1
54808,152.0
54809,152.9
54810,150.8
54811,154.1
54812,151.7
54813,151.2
54814,151.1
54815,151.4
54816,153.5
54817,149.9
54818,151.1
54819,152.0
54820,151.2
54821,152.7
54822,152.3
54823,151.3
54824,147.3
54825,146.6
54826,149.9
54827,150.4
54828,149.1
54829,148.3
54830,149.8
54831,150.2
54832,148.4
54833,149.0
54834,148.2
54835,147.1
54836,147.0
54837,148.1
54838,150.6
54839,148.3
54840,145.5
54841,146.3
54842,146.8
54843,147.7
54844,147.7
54845,147.8
54846,148.0
54847,148.2
54848,146.6
54849,145.4
54850,146.6
54851,145.2
54852,145.2
54853,146.8
54854,147.0
54855,147.0
54856,146.2
54857,146.9
54858,146.6
54859,145.6
54860,142.6
54861,143.8
54862,146.5
54863,146.6
54864,146.5
54865,144.6
54866,141.4
54867,142.1
54868,145.5
54869,142.9
54870,140.3
54871,141.3
54872,142.0
54873,143.1
54874,143.6
54875,142.2
54876,142.2
54877,143.7
54878,144.2
54879,143.8
54880,145.1
54881,143.8
54882,143.7
54883,144.3
54884,143.4
54885,141.5
54886,141.4
54887,142.7
54888,143.9
54889,145.9
54890,145.3
54891,142.5
54892,142.5
54893,144.3
54894,142.8
54895,143.3
54896,142.4
54897,142.5
54898,147.5
54899,147.2
54900,147.0
54901,151.7
54902,150.2
54903,147.7
54904,149.1
54905,150.4
54906,151.7
54907,149.9
54908,147.8
54909,144.9
54910,145.3
54911,148.1
54912,146.1
54913,144.2
54914,141.8
54915,145.4
54916,151.0
54917,153.6
54918,154.3
54919,155.3
54920,156.2
54921,155.4
54922,154.0
54923,153.6
54924,154.6
54925,153.0
54926,151.0
54927,150.9
54928,149.6
54929,144.9
54930,146.0
54931,149.1
54932,146.2
54933,145.0
54934,146.1
54935,144.1
54936,143.3
54937,145.4
54938,145.2
54939,145.6
54940,146.3
54941,144.6
54942,144.7
54943,149.5
54944,149.0
54945,145.1
54946,142.4
54947,141.0
54948,146.1
54949,145.6
54950,142.8
54951,143.1
54952,144.5
54953,146.3
54954,144.8
54955,144.2
54956,145.9
54957,142.3
54958,141.8
54959,142.8
54960,142.5
54961,142.3
54962,143.5
54963,146.4
54964,147.4
54965,145.2
54966,144.1
54967,145.5
54968,147.3
54969,146.9
54970,146.0
54971,144.5
54972,142.5
54973,144.4
54974,146.5
54975,145.8
54976,146.4
54977,146.4
54978,145.2
54979,145.7
54980,147.9
54981,148.4
54982,146.5
54983,145.9
54984,148.0
54985,147.0
54986,144.5
54987,146.5
54988,145.1
54989,146.0
54990,147.3
54991,145.0
54992,144.8
54993,145.5
54994,145.8
54995,143.1
54996,146.2
54997,150.3
54998,148.8
54999,146.5
55000,145.1
55001,147.7
55002,149.6
55003,149.5
55004,148.3
55005,146.6
55006,145.6
55007,143.0
55008,142.2
55009,141.0
55010,139.2
55011,140.0
55012,139.5
55013,139.1
55014,138.4
55015,139.4
55016,141.5
55017,137.1
55018,137.1
55019,137.9
55020,138.0
55021,139.2
55022,138.2
55023,136.9
55024,137.9
55025,136.7
55026,135.7
55027,136.7
55028,137.0
55029,136.2
55030,135.2
55031,135.9
55032,135.7
55033,134.8
55034,135.5
55035,136.8
55036,135.8
55037,135.9
55038,137.0
55039,135.7
55040,135.8
55041,136.6
55042,136.0
55043,137.2
55044,141.0
55045,139.8
55046,139.4
55047,136.1
55048,132.2
55049,136.9
55050,137.7
55051,136.7
55052,138.3
55053,136.3
55054,136.1
55055,136.9
55056,136.3
55057,136.5
55058,138.0
55059,136.7
55060,136.1
55061,136.4
55062,136.7
55063,137.3
55064,138.5
55065,139.3
55066,137.8
55067,140.0
55068,142.9
55069,140.7
55070,140.0
55071,138.4
55072,138.5
55073,139.6
55074,135.4
55075,133.2
55076,135.9
55077,137.4
55078,135.7
55079,134.5
55080,133.9
55081,134.7
55082,135.9
55083,135.1
55084,133.5
55085,133.7
55086,134.9
55087,137.7
55088,136.9
55089,135.4
55090,134.7
55091,133.9
55092,136.7
55093,140.1
55094,137.0
55095,136.0
55096,139.1
55097,140.8
55098,142.4
55099,143.2
55100,142.0
55101,141.9
55102,143.8
55103,144.0
55104,142.0
55105,138.7
55106,139.1
55107,141.0
55108,143.6
55109,145.8
55110,142.3
55111,140.5
55112,141.7
55113,141.7
55114,143.1
55115,142.2
55116,142.6
55117,143.9
55118,141.2
55119,142.4
55120,144.1
55121,143.2
55122,145.3
55123,142.0
55124,138.7
55125,138.6
55126,137.0
55127,136.7
55128,137.5
55129,134.6
55130,131.8
55131,133.3
55132,134.2
55133,133.6
55134,132.9
55135,130.6
55136,132.2
55137,134.1
55138,133.0
55139,130.8
55140,130.0
55141,131.2
55142,132.6
55143,133.0
55144,132.6
55145,134.3
