data/raw/Flight3/CO_POLAR6_20150408_R1_L1_NETCARE.ict
34, 1001
Bozem, Heiko; Hoor, Peter
Institute for Atmospheric Physics, Johannes Gutenberg University, Mainz, Germany
CO mixing ratio from AL5002 CO analyzer
NETCARE Polar 6 Campaign 2015
1, 1
2015, 04, 08, 2015, 08, 15
1
Time_UTC, seconds
1
1
-9999.9
CO_ppbv, ppbv
0
19
PI_CONTACT_INFO: Address: Johann-Joachim-Becherweg 21, 55128 Mainz, email: bozemh@uni-mainz.de; hoor@uni-mainz.de
PLATFORM: Polar 6
LOCATION: GPS location and altitude available at 1 Hz resolution in separate file (See AIMMS files under Aircraft data and meteorology)
ASSOCIATED_DATA: N/A
INSTRUMENT_INFO: CO measurements based on the fluorescence of CO in the VUV at 150 nm
DATA_INFO: Units are ppbv
UNCERTAINTY RELATIVE TO STANDARD: 2.3 ppbv at 1 sigma confidence (before drift correction is applied)
ULOD_FLAG: -7777
ULOD_VALUE: N/A
LLOD_FLAG: -8888
LLOD_VALUE: 1.5 
DM_CONTACT_INFO: N/A
PROJECT_INFO: NETCARE Polar 6 aircraft campaign in April 2015; Alert
STIPULATIONS_ON_USE: N/A
OTHER_COMMENTS: N/A
REVISION: R1
R0: Preliminary data, corrected for instrument drift
R1: Final data, corrected for instrument drift
Time_UTC,CO_ppbv
[from data line 2644]
52523,140.8
52524,142.0
52525,142.9
52526,140.2
52527,139.6
52528,140.9
52529,142.2
52530,143.8
52531,144.6
52532,143.2
52533,141.2
52534,143.6
52535,144.2
52536,139.4
52537,138.4
52538,140.5
52539,142.2
52540,141.1
52541,140.2
52542,141.9
52543,143.3
52544,140.4
52545,140.4
52546,142.6
52547,143.9
52548,143.6
52549,141.3
52550,142.8
52551,141.1
52552,138.8
52553,139.4
52554,138.5
52555,140.0
52556,141.1
52557,141.5
52558,140.7
52559,140.4
52560,140.5
52561,138.8
52562,139.2
52563,139.7
52564,140.2
52565,140.9
52566,141.1
52567,139.5
52568,140.8
52569,140.4
52570,137.5
52571,138.5
52572,141.1
52573,141.3
52574,140.2
52575,138.5
52576,141.4
52577,142.6
52578,141.0
52579,141.7
52580,142.1
52581,141.6
52582,141.4
52583,140.5
52584,140.0
52585,142.6
52586,142.3
52587,141.0
52588,141.6
52589,143.1
52590,143.0
52591,140.3
52592,139.7
52593,144.2
52594,146.5
52595,142.5
52596,142.9
52597,144.5
52598,143.1
52599,142.0
52600,141.4
52601,144.6
52602,142.3
52603,141.3
52604,143.2
52605,142.7
52606,141.8
52607,139.9
52608,139.1
52609,139.8
52610,139.4
52611,141.3
52612,144.6
52613,144.3
52614,142.3
52615,142.8
52616,141.8
52617,142.8
52618,145.2
52619,142.4
52620,142.0
52621,142.6
52622,142.0
52623,140.8
52624,138.2
52625,141.6
52626,144.4
52627,141.3
52628,141.0
52629,142.7
52630,143.2
52631,144.3
52632,144.2
52633,141.9
52634,141.0
52635,142.0
52636,142.0
52637,140.8
52638,139.8
52639,140.8
52640,143.0
52641,144.9
52642,143.8
52643,140.8
52644,142.7
52645,145.3
52646,147.2
52647,145.8
52648,144.8
52649,142.7
52650,142.1
52651,145.9
52652,143.6
52653,141.6
52654,141.1
52655,140.9
52656,141.2
52657,143.3
52658,145.2
52659,142.1
52660,143.0
52661,144.9
52662,144.1
52663,142.2
52664,143.2
52665,144.9
52666,141.4
52667,141.6
52668,142.5
52669,141.3
52670,141.8
52671,141.0
52672,142.5
52673,140.6
52674,138.4
52675,140.8
52676,142.0
52677,141.5
52678,142.4
52679,143.5
52680,140.1
52681,141.4
52682,145.0
52683,142.4
52684,143.3
52685,145.2
52686,142.4
52687,144.0
52688,144.3
52689,142.3
52690,142.1
52691,145.8
52692,146.6
52693,143.1
52694,140.9
52695,140.7
52696,143.2
52697,144.6
52698,144.1
52699,142.1
52700,142.2
52701,143.2
52702,145.0
52703,144.8
52704,143.9
52705,146.2
52706,144.4
52707,144.8
52708,143.7
52709,142.2
52710,142.7
52711,142.3
52712,142.9
52713,142.3
52714,142.6
52715,143.3
52716,143.6
52717,145.2
52718,145.0
52719,142.4
52720,143.5
52721,143.9
52722,142.9
52723,141.7
52724,142.2
52725,143.5
52726,-9999.9
52727,-9999.9
52728,-9999.9
52729,-9999.9
52730,-9999.9
52731,-9999.9
52732,-9999.9
52733,-9999.9
52734,-9999.9
52735,-9999.9
52736,-9999.9
52737,-9999.9
52738,-9999.9
52739,-9999.9
52740,-9999.9
52741,-9999.9
52742,-9999.9
52743,-9999.9
52744,-9999.9
52745,-9999.9
52746,-9999.9
52747,-9999.9
52748,-9999.9
52749,-9999.9
52750,-9999.9
52751,-9999.9
52752,-9999.9
52753,-9999.9
52754,-9999.9
52755,-9999.9
52756,-9999.9
52757,-9999.9
52758,-9999.9
52759,-9999.9
52760,-9999.9
52761,-9999.9
52762,-9999.9
52763,-9999.9
52764,-9999.9
52765,-9999.9
52766,-9999.9
52767,-9999.9
52768,-9999.9
52769,-9999.9
52770,-9999.9
52771,-9999.9
52772,-9999.9
52773,-9999.9
52774,-9999.9
52775,-9999.9
52776,-9999.9
52777,-9999.9
52778,-9999.9
52779,-9999.9
52780,-9999.9
52781,-9999.9
52782,-9999.9
52783,-9999.9
52784,-9999.9
52785,-9999.9
52786,-9999.9
52787,-9999.9
52788,-9999.9
52789,-9999.9
52790,-9999.9
52791,-9999.9
52792,-9999.9
52793,-9999.9
52794,-9999.9
52795,-9999.9
52796,-9999.9
52797,-9999.9
52798,-9999.9
52799,-9999.9
52800,-9999.9
52801,-9999.9
52802,-9999.9
52803,-9999.9
52804,-9999.9
52805,-9999.9
52806,-9999.9
52807,-9999.9
52808,-9999.9
52809,-9999.9
52810,-9999.9
52811,-9999.9
52812,-9999.9
52813,-9999.9
52814,-9999.9
52815,-9999.9
52816,-9999.9
52817,-9999.9
52818,-9999.9
52819,-9999.9
52820,-9999.9
52821,-9999.9
52822,-9999.9
52823,-9999.9
52824,-9999.9
52825,-9999.9
52826,-9999.9
52827,-9999.9
52828,-9999.9
52829,-9999.9
52830,-9999.9
52831,-9999.9
52832,-9999.9
52833,-9999.9
52834,-9999.9
52835,-9999.9
52836,-9999.9
52837,-9999.9
52838,-9999.9
52839,-9999.9
52840,-9999.9
52841,-9999.9
52842,-9999.9
52843,-9999.9
52844,-9999.9
52845,-9999.9
52846,-9999.9
52847,-9999.9
52848,-9999.9
52849,-9999.9
52850,-9999.9
52851,-9999.9
52852,141.7
52853,142.2
52854,145.8
52855,144.0
52856,143.1
52857,143.1
52858,142.6
52859,141.3
52860,141.2
52861,140.9
52862,140.6
52863,143.0
52864,142.9
52865,141.7
52866,144.7
52867,142.8
52868,141.5
52869,145.2
52870,144.1
52871,142.0
52872,142.8
52873,143.4
52874,141.4
52875,142.5
52876,144.9
52877,139.8
52878,140.7
52879,142.5
52880,143.9
52881,142.6
52882,140.2
52883,141.5
52884,143.8
52885,144.8
52886,143.0
52887,140.2
52888,141.7
52889,143.7
52890,143.2
52891,142.0
52892,141.2
52893,141.4
52894,144.9
52895,146.6
52896,145.1
52897,145.3
52898,143.8
52899,143.0
52900,142.8
52901,142.0
52902,142.1
52903,142.3
52904,141.8
52905,142.4
52906,143.2
52907,141.9
52908,140.7
52909,140.3
52910,140.4
52911,143.5
52912,143.5
52913,141.6
52914,141.3
52915,141.8
52916,143.5
52917,142.3
52918,141.6
52919,142.0
52920,139.0
52921,139.4
52922,143.6
52923,144.2
52924,141.2
52925,141.3
52926,144.1
52927,144.9
52928,143.1
52929,141.9
52930,142.2
52931,142.4
52932,144.7
52933,145.3
52934,144.4
52935,143.7
52936,143.4
52937,143.7
52938,142.3
52939,142.0
52940,142.1
52941,142.0
52942,143.2
52943,142.5
52944,142.3
52945,142.0
52946,140.5
52947,140.8
52948,142.2
52949,144.8
52950,144.3
52951,141.1
52952,142.6
52953,144.2
52954,143.4
52955,144.5
52956,143.3
52957,141.3
52958,140.4
52959,141.3
52960,141.9
52961,140.6
52962,141.2
52963,142.3
52964,142.4
52965,143.3
52966,144.3
52967,143.5
52968,142.1
52969,141.0
52970,138.5
52971,138.6
52972,142.0
52973,142.8
52974,141.4
52975,139.4
52976,138.8
52977,141.3
52978,143.7
52979,141.8
52980,139.8
52981,144.2
52982,144.7
52983,145.1
52984,140.6
52985,140.5
52986,144.2
52987,143.1
52988,141.1
52989,141.7
52990,139.8
52991,137.5
52992,139.5
52993,141.1
52994,144.1
52995,145.4
52996,143.8
52997,142.2
52998,140.5
52999,140.2
53000,142.0
53001,142.6
53002,146.9
53003,146.6
53004,139.9
53005,140.2
53006,141.0
53007,142.2
53008,144.8
53009,144.1
53010,142.2
53011,141.0
53012,141.2
53013,142.1
53014,143.0
53015,143.5
53016,143.0
53017,141.9
53018,141.0
53019,142.0
53020,143.5
53021,142.1
53022,142.3
53023,141.9
53024,141.2
53025,142.2
53026,142.8
53027,142.9
53028,141.9
53029,141.1
53030,141.4
53031,145.1
53032,145.8
53033,143.3
53034,142.9
53035,142.5
53036,142.7
53037,143.2
53038,143.0
53039,141.5
53040,140.0
53041,140.5
53042,141.7
53043,142.4
53044,142.6
53045,143.9
53046,144.7
53047,143.4
53048,141.6
53049,140.7
53050,140.2
53051,141.6
53052,144.6
53053,142.8
53054,139.7
53055,141.6
53056,139.7
53057,140.6
53058,143.4
53059,144.1
53060,143.3
53061,142.8
53062,141.6
53063,142.1
53064,144.4
53065,141.3
53066,139.7
53067,142.0
53068,142.8
53069,144.1
53070,144.7
53071,140.2
53072,140.2
53073,146.2
53074,144.2
53075,141.0
53076,142.0
53077,143.3
53078,144.1
53079,143.0
53080,142.3
53081,142.6
53082,144.2
53083,144.2
53084,143.5
53085,140.8
53086,140.8
53087,138.2
53088,141.2
53089,142.7
53090,143.0
53091,140.3
53092,139.6
53093,142.6
53094,142.8
53095,141.4
53096,142.2
53097,143.4
53098,145.1
53099,144.3
53100,142.6
53101,143.6
53102,143.2
53103,141.5
53104,140.4
53105,141.4
53106,144.5
53107,143.7
53108,140.6
53109,140.1
53110,140.9
53111,140.5
53112,139.7
53113,140.2
53114,142.3
53115,142.2
53116,139.6
53117,140.8
53118,143.0
53119,140.8
53120,140.8
53121,137.5
53122,138.4
53123,142.1
53124,144.1
53125,141.3
53126,140.7
53127,140.6
53128,140.2
53129,140.3
53130,139.9
53131,141.9
53132,142.4
53133,141.3
53134,140.8
53135,140.9
53136,141.9
53137,141.7
53138,140.5
53139,142.3
53140,142.4
53141,141.2
53142,141.6
53143,141.1
53144,140.9
53145,141.1
53146,140.9
53147,140.4
53148,141.0
53149,140.8
53150,142.4
53151,144.3
53152,142.9
53153,142.0
53154,142.0
53155,143.8
53156,143.6
53157,144.0
53158,142.3
53159,141.3
53160,141.8
53161,141.1
53162,141.1
53163,140.6
53164,137.4
53165,139.7
53166,143.9
53167,143.7
53168,144.1
53169,142.5
53170,141.6
53171,142.5
53172,143.0
53173,142.9
53174,143.8
53175,143.1
53176,143.7
53177,143.9
53178,144.8
53179,145.1
53180,141.3
53181,140.1
53182,143.5
53183,143.8
53184,141.8
53185,142.3
53186,142.2
53187,144.1
53188,145.1
53189,141.2
53190,141.8
53191,143.7
53192,143.9
53193,143.4
53194,141.2
53195,141.5
53196,143.3
53197,140.8
53198,142.2
53199,144.4
53200,145.2
53201,144.5
53202,142.5
53203,142.7
53204,141.1
53205,140.5
53206,143.9
53207,146.0
53208,144.3
53209,142.2
53210,143.7
53211,145.0
53212,145.5
53213,143.5
53214,140.5
53215,141.7
53216,143.7
53217,142.2
53218,141.0
53219,141.6
53220,142.3
53221,143.2
53222,142.0
53223,141.3
53224,142.5
53225,141.9
53226,139.9
53227,140.6
53228,140.8
53229,142.5
53230,146.0
53231,144.9
53232,145.2
53233,144.4
53234,142.0
53235,141.4
53236,140.8
53237,140.5
53238,141.8
53239,141.8
53240,141.9
53241,145.7
53242,143.4
53243,141.2
53244,145.3
53245,145.2
53246,144.2
53247,141.1
53248,138.0
53249,141.5
53250,143.0
53251,141.1
53252,143.1
53253,143.3
53254,139.9
53255,139.9
53256,143.5
53257,145.9
53258,147.1
53259,144.7
53260,142.6
53261,143.3
53262,142.5
53263,142.6
53264,144.4
53265,144.1
53266,143.0
53267,142.1
53268,143.2
53269,143.2
53270,142.5
53271,142.7
53272,143.4
53273,145.2
53274,144.0
53275,143.5
53276,144.1
53277,143.8
53278,143.9
53279,144.6
53280,144.3
53281,144.6
53282,143.1
53283,141.1
53284,142.0
53285,142.3
53286,142.6
53287,141.2
53288,140.8
53289,143.2
53290,146.5
53291,148.1
53292,146.3
53293,148.2
53294,143.9
53295,141.4
53296,144.4
53297,143.0
53298,142.3
53299,144.2
53300,144.7
53301,141.9
53302,142.1
53303,144.3
53304,144.0
53305,144.4
53306,145.5
53307,144.5
53308,144.2
53309,146.5
53310,146.4
53311,142.4
53312,140.2
53313,142.4
53314,145.4
53315,145.7
53316,143.6
53317,141.9
53318,141.8
53319,141.7
53320,143.0
53321,145.9
53322,145.8
53323,144.4
53324,142.9
53325,141.0
53326,140.5
53327,145.8
53328,146.4
53329,143.6
53330,143.5
53331,146.6
53332,145.0
53333,142.2
53334,142.7
53335,143.8
53336,142.6
53337,142.6
53338,143.4
53339,143.2
53340,143.1
53341,142.0
53342,143.4
53343,144.5
53344,140.8
53345,140.4
53346,144.0
53347,144.4
53348,142.6
53349,141.6
53350,142.0
53351,144.6
53352,145.1
53353,143.2
53354,141.6
53355,140.9
53356,144.9
53357,145.9
53358,143.5
53359,144.1
53360,143.8
53361,141.5
53362,140.9
53363,143.2
53364,144.7
53365,143.7
53366,144.0
53367,145.2
53368,145.1
53369,143.1
53370,142.9
53371,143.8
53372,144.3
53373,142.5
53374,141.8
53375,141.1
53376,142.1
53377,144.1
53378,141.3
53379,142.2
53380,146.7
53381,145.5
53382,142.7
53383,142.9
53384,142.7
53385,142.5
53386,144.3
53387,145.4
53388,143.9
53389,142.5
53390,142.8
53391,141.3
53392,142.6
53393,143.6
53394,142.1
53395,143.0
53396,143.0
53397,143.5
53398,142.8
53399,141.6
53400,141.7
53401,142.3
53402,142.3
53403,143.4
53404,142.1
53405,142.9
53406,145.5
53407,144.6
53408,143.4
53409,144.6
53410,143.3
53411,141.8
53412,143.0
53413,143.2
53414,143.5
53415,141.7
53416,141.5
53417,140.9
53418,142.1
53419,142.4
53420,142.5
53421,143.6
53422,140.9
53423,140.1
53424,139.9
53425,142.4
53426,146.0
53427,144.8
53428,143.1
53429,143.0
53430,142.8
53431,147.1
53432,144.7
53433,144.6
53434,145.2
53435,146.2
53436,146.9
53437,144.4
53438,143.1
53439,141.2
53440,142.4
53441,145.2
53442,143.7
53443,140.7
53444,143.3
53445,143.4
53446,140.0
53447,141.9
53448,142.0
53449,142.1
53450,143.4
53451,142.9
53452,144.0
53453,145.1
53454,143.5
53455,142.5
53456,142.8
53457,144.1
53458,145.5
53459,145.9
53460,148.3
53461,149.0
53462,145.8
53463,143.0
53464,142.4
53465,144.6
53466,145.3
53467,143.3
53468,141.4
53469,142.0
53470,143.8
53471,145.1
53472,144.3
53473,144.2
53474,143.2
53475,142.6
53476,142.2
53477,143.8
53478,146.5
53479,144.6
53480,142.9
53481,143.6
53482,143.2
53483,141.2
53484,142.7
53485,145.8
53486,144.8
53487,143.9
53488,145.0
53489,146.0
53490,145.0
53491,145.7
53492,146.5
53493,144.2
53494,142.4
53495,143.8
53496,145.2
53497,142.7
53498,142.3
53499,143.7
53500,144.6
53501,143.5
53502,144.1
53503,145.7
53504,144.6
53505,143.6
53506,142.7
53507,141.2
53508,141.0
53509,144.4
53510,145.7
53511,144.6
53512,144.4
53513,142.1
53514,142.8
53515,144.6
53516,145.0
53517,146.2
53518,144.4
53519,142.1
53520,143.4
53521,143.8
53522,142.0
53523,141.4
53524,142.7
53525,143.3
53526,141.1
53527,142.7
53528,145.8
53529,143.2
53530,141.5
53531,142.8
53532,142.9
53533,142.8
53534,141.4
53535,142.6
53536,141.3
53537,139.3
53538,141.4
53539,143.0
53540,141.9
53541,140.4
53542,142.0
53543,144.4
53544,144.8
53545,144.1
53546,141.6
53547,140.9
53548,141.5
53549,139.9
53550,139.9
53551,140.0
53552,141.4
53553,144.0
53554,142.6
53555,141.3
53556,141.7
53557,142.4
53558,143.5
53559,145.0
53560,143.8
53561,142.3
53562,142.7
53563,141.6
53564,140.9
53565,141.2
53566,143.7
53567,146.1
53568,146.1
53569,143.0
53570,141.7
53571,143.2
53572,142.1
53573,140.9
53574,141.6
53575,140.1
53576,140.2
53577,144.9
53578,144.4
53579,140.5
53580,139.5
53581,141.5
53582,142.6
53583,141.3
53584,143.6
53585,144.4
53586,141.2
53587,139.8
53588,141.0
53589,141.9
53590,140.6
53591,143.6
53592,144.6
53593,142.1
53594,142.8
53595,145.1
53596,143.9
53597,143.2
53598,143.9
53599,142.3
53600,140.4
53601,140.4
53602,141.9
53603,141.2
53604,144.9
53605,144.8
53606,140.8
53607,139.4
53608,140.5
53609,139.6
53610,138.7
53611,139.8
53612,140.6
53613,142.1
53614,141.4
53615,141.1
53616,138.9
53617,141.1
53618,142.8
53619,141.5
53620,140.8
53621,140.5
53622,144.3
53623,145.3
53624,141.6
53625,139.0
53626,139.3
53627,140.8
53628,141.1
53629,144.5
53630,144.6
53631,140.1
53632,140.3
53633,141.5
53634,141.5
53635,140.9
53636,141.3
53637,141.0
53638,141.8
53639,141.8
53640,141.0
53641,142.3
53642,142.9
53643,141.1
53644,140.3
53645,141.0
53646,140.6
53647,141.5
53648,142.9
53649,143.8
53650,142.1
53651,140.6
53652,141.7
53653,143.2
53654,141.2
53655,141.5
53656,143.1
53657,141.4
53658,140.7
53659,139.4
53660,141.4
53661,143.1
53662,142.1
53663,139.7
53664,139.3
53665,140.3
53666,138.4
53667,141.1
53668,143.7
53669,141.6
53670,141.2
53671,141.7
53672,141.7
53673,142.3
53674,142.9
53675,140.7
53676,138.1
53677,142.4
53678,144.0
53679,141.9
53680,144.6
53681,143.4
53682,141.3
53683,139.2
53684,139.8
53685,141.4
53686,140.0
53687,140.6
53688,140.4
53689,139.6
53690,140.6
53691,143.0
53692,143.0
53693,139.3
53694,138.2
53695,138.7
53696,142.1
53697,144.3
53698,141.9
53699,143.2
53700,144.3
53701,140.0
53702,137.7
53703,141.0
53704,139.9
53705,138.9
53706,139.9
53707,142.7
53708,143.6
53709,142.9
53710,141.3
53711,141.5
53712,143.7
53713,141.9
53714,139.1
53715,140.2
53716,140.8
53717,142.5
53718,142.7
53719,142.1
53720,141.3
53721,140.4
53722,143.2
53723,144.3
53724,141.6
53725,142.4
53726,141.1
53727,138.9
53728,139.9
53729,141.9
53730,143.5
53731,140.4
53732,140.4
53733,141.6
53734,138.8
53735,140.5
53736,143.4
53737,142.8
53738,139.9
53739,140.7
53740,143.6
53741,141.7
53742,143.1
53743,143.7
53744,142.9
53745,141.5
53746,141.9
53747,140.8
53748,139.8
53749,140.9
53750,140.0
53751,142.7
53752,141.6
53753,141.8
53754,144.0
53755,142.1
53756,143.1
53757,143.4
53758,142.4
53759,144.9
53760,144.3
53761,141.2
53762,140.9
53763,140.8
53764,140.2
53765,143.3
53766,144.5
53767,143.0
53768,143.4
53769,141.6
53770,144.4
53771,147.4
53772,145.5
53773,144.2
53774,144.9
53775,145.8
53776,146.0
53777,145.5
53778,143.7
53779,143.4
53780,145.4
53781,145.6
53782,144.4
53783,144.3
53784,144.6
53785,144.5
53786,144.3
53787,144.4
53788,143.6
53789,143.9
53790,144.7
53791,144.2
53792,141.3
53793,142.4
53794,145.8
53795,143.8
53796,140.5
53797,143.3
53798,145.7
53799,144.8
53800,143.4
53801,140.4
53802,141.7
53803,142.8
53804,142.8
53805,143.1
53806,142.6
53807,144.1
53808,146.4
53809,146.8
53810,149.0
53811,146.4
53812,143.8
53813,145.0
53814,147.0
53815,145.5
53816,143.1
53817,145.6
53818,144.5
53819,141.1
53820,143.4
53821,144.3
53822,143.2
53823,143.0
53824,146.2
53825,145.2
53826,142.0
53827,143.1
53828,143.3
53829,144.5
53830,145.1
53831,144.7
53832,143.8
53833,141.0
