data/raw/Flight3/CO_POLAR6_20150408_R1_L1_NETCARE.ict
34, 1001
Bozem, Heiko; Hoor, Peter
Institute for Atmospheric Physics, Johannes Gutenberg University, Mainz, Germany
CO mixing ratio from AL5002 CO analyzer
NETCARE Polar 6 Campaign 2015
1, 1
2015, 04, 08, 2015, 08, 15
1
Time_UTC, seconds
1
1
-9999.9
CO_ppbv, ppbv
0
19
PI_CONTACT_INFO: Address: Johann-Joachim-Becherweg 21, 55128 Mainz, email: bozemh@uni-mainz.de; hoor@uni-mainz.de
PLATFORM: Polar 6
LOCATION: GPS location and altitude available at 1 Hz resolution in separate file (See AIMMS files under Aircraft data and meteorology)
ASSOCIATED_DATA: N/A
INSTRUMENT_INFO: CO measurements based on the fluorescence of CO in the VUV at 150 nm
DATA_INFO: Units are ppbv
UNCERTAINTY RELATIVE TO STANDARD: 2.3 ppbv at 1 sigma confidence (before drift correction is applied)
ULOD_FLAG: -7777
ULOD_VALUE: N/A
LLOD_FLAG: -8888
LLOD_VALUE: 1.5 
DM_CONTACT_INFO: N/A
PROJECT_INFO: NETCARE Polar 6 aircraft campaign in April 2015; Alert
STIPULATIONS_ON_USE: N/A
OTHER_COMMENTS: N/A
REVISION: R1
R0: Preliminary data, corrected for instrument drift
R1: Final data, corrected for instrument drift
Time_UTC,CO_ppbv
[from data line 5268]
55147,134.3
55148,131.8
55149,134.7
55150,137.4
55151,135.9
55152,132.5
55153,131.4
55154,132.8
55155,131.5
55156,127.7
55157,129.9
55158,134.1
55159,133.9
55160,131.6
55161,132.9
55162,133.8
55163,133.1
55164,131.7
55165,131.9
55166,133.1
55167,132.3
55168,131.1
55169,132.6
55170,131.1
55171,129.3
55172,131.0
55173,133.0
55174,133.2
55175,130.8
55176,131.9
55177,133.0
55178,132.2
55179,131.6
55180,130.6
55181,130.2
55182,132.3
55183,133.6
55184,134.2
55185,132.6
55186,130.6
55187,133.8
55188,132.6
55189,128.7
55190,131.4
55191,130.9
55192,132.8
55193,133.7
55194,130.2
55195,129.3
55196,131.2
55197,132.9
55198,134.9
55199,133.2
55200,132.3
55201,132.7
55202,134.1
55203,134.1
55204,129.5
55205,129.3
55206,130.9
55207,131.3
55208,131.6
55209,130.6
55210,130.4
55211,131.3
55212,131.8
55213,130.6
55214,128.6
55215,129.7
55216,130.7
55217,131.4
55218,132.2
55219,132.3
55220,131.2
55221,131.0
55222,130.7
55223,130.4
55224,130.9
55225,132.8
55226,130.6
55227,130.6
55228,131.3
55229,129.6
55230,131.4
55231,131.3
55232,129.1
55233,132.3
55234,134.0
55235,133.2
55236,131.4
55237,129.2
55238,132.8
55239,133.9
55240,131.7
55241,130.6
55242,129.3
55243,127.1
55244,127.7
55245,131.0
55246,131.4
55247,129.3
55248,129.1
55249,130.4
55250,130.1
55251,128.0
55252,127.7
55253,130.9
55254,132.5
55255,133.1
55256,132.7
55257,130.4
55258,128.0
55259,127.1
55260,128.2
55261,127.5
55262,128.5
55263,132.3
55264,131.8
55265,130.2
55266,131.8
55267,129.0
55268,127.9
55269,131.4
55270,130.0
55271,129.9
55272,131.2
55273,131.6
55274,133.2
55275,133.7
55276,132.3
55277,132.3
55278,130.7
55279,131.0
55280,133.1
55281,134.0
55282,136.9
55283,137.2
55284,134.7
55285,134.5
55286,135.8
55287,137.0
55288,135.5
55289,130.7
55290,130.3
55291,134.2
55292,136.3
55293,129.8
55294,129.8
55295,136.4
55296,134.3
55297,132.8
55298,133.6
55299,132.0
55300,131.8
55301,133.6
55302,132.4
55303,133.1
55304,133.9
55305,133.7
55306,133.9
55307,132.0
55308,133.0
55309,135.5
55310,134.4
55311,134.5
55312,134.4
55313,133.2
55314,135.3
55315,134.7
55316,134.1
55317,134.1
55318,134.5
55319,133.4
55320,130.4
55321,131.6
55322,132.4
55323,132.3
55324,133.1
55325,133.2
55326,133.8
55327,135.1
55328,135.2
55329,134.8
55330,132.2
55331,132.5
55332,132.8
55333,131.3
55334,132.9
55335,132.0
55336,131.1
55337,130.8
55338,129.3
55339,128.3
55340,129.6
55341,128.9
55342,128.2
55343,129.9
55344,129.4
55345,127.5
55346,128.0
55347,131.4
55348,132.6
55349,133.2
55350,132.3
55351,130.2
55352,131.9
55353,130.6
55354,131.1
55355,132.2
55356,129.4
55357,128.3
55358,130.6
55359,133.3
55360,133.0
55361,132.8
55362,132.9
55363,131.2
55364,129.2
55365,129.4
55366,131.1
55367,129.6
55368,129.4
55369,129.6
55370,131.4
55371,132.1
55372,131.6
55373,130.3
55374,130.0
55375,130.8
55376,130.0
55377,130.2
55378,131.1
55379,130.5
55380,130.0
55381,132.0
55382,132.1
55383,130.5
55384,131.5
55385,130.4
55386,127.9
55387,129.0
55388,129.8
55389,129.1
55390,130.4
55391,130.1
55392,126.8
55393,128.3
55394,128.7
55395,127.2
55396,125.9
55397,124.3
55398,130.3
55399,129.2
55400,127.4
55401,125.7
55402,126.0
55403,127.2
55404,125.4
55405,124.7
55406,127.8
55407,128.0
55408,126.7
55409,127.2
55410,127.0
55411,128.1
55412,126.6
55413,124.9
55414,127.2
55415,127.8
55416,124.8
55417,123.3
55418,125.6
55419,125.8
55420,123.0
55421,122.2
55422,125.0
55423,125.9
55424,124.6
55425,125.1
55426,124.9
55427,125.3
55428,126.4
55429,126.1
55430,126.5
55431,127.1
55432,129.6
55433,127.9
55434,128.1
55435,126.3
55436,124.9
55437,126.1
55438,126.5
55439,127.5
55440,125.5
55441,125.2
55442,126.1
55443,127.4
55444,127.3
55445,125.5
55446,123.7
55447,124.0
55448,126.8
55449,128.0
55450,126.6
55451,125.1
55452,124.1
55453,123.4
55454,124.2
55455,123.6
55456,125.6
55457,125.9
55458,124.5
55459,125.7
55460,125.7
55461,126.9
55462,126.1
55463,124.8
55464,126.9
55465,128.3
55466,127.4
55467,127.9
55468,127.3
55469,126.9
55470,125.9
55471,124.0
55472,124.1
55473,122.6
55474,123.5
55475,126.9
55476,128.1
55477,126.7
55478,127.4
55479,127.0
55480,125.1
55481,127.8
55482,127.3
55483,125.3
55484,124.6
55485,126.4
55486,128.4
55487,126.6
55488,126.8
55489,124.8
55490,123.0
55491,124.0
55492,124.4
55493,125.9
55494,126.9
55495,128.5
55496,129.1
55497,128.1
55498,125.0
55499,126.1
55500,129.7
55501,127.6
55502,128.2
55503,127.6
55504,127.2
55505,124.2
55506,123.7
55507,126.0
55508,125.6
55509,125.0
55510,125.4
55511,128.0
55512,129.4
55513,128.1
55514,127.7
55515,127.7
55516,125.9
55517,123.9
55518,123.5
55519,126.1
55520,126.8
55521,126.5
55522,127.1
55523,125.1
55524,125.1
55525,126.9
55526,125.7
55527,124.5
55528,125.2
55529,125.7
55530,125.6
55531,124.4
55532,124.2
55533,125.2
55534,124.7
55535,122.4
55536,124.7
55537,126.2
55538,124.5
55539,124.7
55540,126.0
55541,127.1
55542,125.6
55543,124.5
55544,125.8
55545,126.3
55546,125.2
55547,125.8
55548,125.6
55549,124.3
55550,125.8
55551,126.5
55552,127.0
55553,126.1
55554,122.5
55555,124.7
55556,126.5
55557,125.7
55558,126.6
55559,124.8
55560,124.3
55561,125.0
55562,124.7
55563,124.7
55564,125.7
55565,125.2
55566,125.0
55567,128.5
55568,131.4
55569,125.8
55570,124.6
55571,126.7
55572,128.3
55573,124.9
55574,126.5
55575,130.1
55576,127.9
55577,124.5
55578,123.6
55579,124.8
55580,126.7
55581,127.8
55582,128.1
55583,126.7
55584,127.0
55585,126.3
55586,125.0
55587,126.0
55588,127.1
55589,126.4
55590,125.5
55591,125.0
55592,123.9
55593,122.9
55594,123.0
55595,124.5
55596,125.7
55597,128.7
55598,127.0
55599,126.1
55600,126.6
55601,127.5
55602,128.8
55603,127.8
55604,128.0
55605,128.4
55606,126.5
55607,127.6
55608,129.3
55609,127.1
55610,125.5
55611,127.0
55612,128.0
55613,126.2
55614,127.5
55615,129.0
55616,127.0
55617,126.9
55618,128.6
55619,130.4
55620,129.7
55621,129.5
55622,127.3
55623,125.7
55624,129.5
55625,130.4
55626,129.3
55627,127.9
55628,127.4
55629,128.0
55630,127.5
55631,128.4
55632,129.8
55633,128.9
55634,127.2
55635,127.3
55636,127.6
55637,126.5
55638,126.9
55639,126.8
55640,127.2
55641,126.9
55642,128.7
55643,128.6
55644,126.6
55645,128.1
55646,126.9
55647,123.9
55648,125.2
55649,124.3
55650,122.1
55651,123.0
55652,122.3
55653,124.1
55654,123.5
55655,120.6
55656,123.3
55657,122.8
55658,120.1
55659,121.8
55660,122.8
55661,121.9
55662,119.9
55663,120.9
55664,122.8
55665,120.9
55666,119.9
55667,119.2
55668,119.4
55669,120.1
55670,120.6
55671,120.2
55672,118.3
55673,117.8
55674,118.5
55675,117.8
55676,118.8
55677,122.6
55678,122.2
55679,118.9
55680,119.9
55681,121.7
55682,118.7
55683,117.8
55684,119.7
55685,118.9
55686,119.0
55687,117.6
55688,117.5
55689,118.2
55690,119.4
55691,120.5
55692,119.7
55693,121.3
55694,120.5
55695,119.4
55696,121.2
55697,121.7
55698,121.7
55699,118.3
55700,116.7
55701,118.1
55702,116.7
55703,119.0
55704,120.3
55705,116.9
55706,113.7
55707,112.3
55708,120.0
55709,119.5
55710,117.8
55711,118.6
55712,118.4
55713,117.8
55714,120.6
55715,117.5
55716,115.8
55717,119.6
55718,118.6
55719,118.9
55720,121.3
55721,119.7
55722,117.4
55723,117.1
55724,116.4
55725,116.3
55726,117.0
55727,117.0
55728,118.4
55729,120.0
55730,118.8
55731,118.4
55732,120.6
55733,118.7
55734,117.8
55735,119.0
55736,118.5
55737,120.5
55738,122.1
55739,122.2
55740,122.5
55741,121.6
55742,117.2
55743,118.5
55744,120.0
55745,121.5
55746,122.5
55747,122.7
55748,121.1
55749,118.7
55750,120.7
55751,122.1
55752,122.8
55753,123.6
55754,122.2
55755,119.5
55756,120.1
55757,121.0
55758,121.4
55759,122.9
55760,121.4
55761,120.1
55762,119.4
55763,119.0
55764,118.7
55765,119.7
55766,119.4
55767,118.3
55768,118.6
55769,118.0
55770,116.8
55771,117.4
55772,115.8
55773,114.4
55774,117.3
55775,117.4
55776,116.3
55777,117.9
55778,116.1
55779,116.6
55780,116.3
55781,114.6
55782,114.7
55783,114.5
55784,115.4
55785,116.6
55786,117.2
55787,116.0
55788,115.5
55789,114.7
55790,114.9
55791,115.0
55792,114.8
55793,115.2
55794,113.9
55795,113.3
55796,112.2
55797,113.9
55798,114.7
55799,112.6
55800,113.2
55801,115.5
55802,115.9
55803,114.4
55804,112.5
55805,112.7
55806,114.5
55807,111.5
55808,110.9
55809,115.5
55810,117.3
55811,109.6
55812,111.1
55813,115.7
55814,114.3
55815,111.5
55816,112.4
55817,111.4
55818,112.6
55819,113.1
55820,114.2
55821,116.4
55822,116.8
55823,116.1
55824,116.5
55825,116.0
55826,116.0
55827,117.4
55828,118.0
55829,118.4
55830,116.4
55831,117.8
55832,118.6
55833,117.6
55834,119.3
55835,115.3
55836,112.6
55837,112.7
55838,116.1
55839,121.6
55840,120.0
55841,117.6
55842,117.2
55843,120.5
55844,123.4
55845,118.1
55846,118.6
55847,120.9
55848,120.2
55849,116.9
55850,115.9
55851,117.2
55852,119.0
55853,116.5
55854,117.1
55855,118.4
55856,116.1
55857,117.7
55858,118.7
55859,117.8
55860,116.4
55861,115.6
55862,118.4
55863,118.6
55864,116.8
55865,117.5
55866,118.3
55867,120.2
55868,119.8
55869,117.4
55870,118.6
55871,121.0
55872,118.1
55873,114.7
55874,115.6
55875,116.2
55876,114.7
55877,116.4
55878,117.7
55879,115.6
55880,115.5
55881,114.4
55882,118.8
55883,120.9
55884,117.0
55885,113.9
55886,114.3
55887,116.9
55888,116.5
55889,116.4
55890,116.3
55891,115.5
55892,115.0
55893,116.4
55894,119.4
55895,118.8
55896,118.1
55897,117.6
55898,117.9
55899,120.9
55900,118.9
55901,118.8
55902,120.4
55903,116.7
55904,117.6
55905,120.3
55906,118.8
55907,118.5
55908,117.0
55909,117.5
55910,120.7
55911,121.8
55912,122.4
55913,122.2
55914,122.5
55915,118.1
55916,118.4
55917,117.8
55918,119.6
55919,121.2
55920,119.0
55921,116.8
55922,116.3
55923,116.5
55924,116.7
55925,117.7
55926,117.7
55927,117.5
55928,117.4
55929,116.9
55930,114.8
55931,114.9
55932,117.4
55933,118.1
55934,117.7
55935,115.9
55936,114.6
55937,115.9
55938,118.2
55939,118.0
55940,116.5
55941,118.0
55942,115.7
55943,114.8
55944,117.9
55945,119.4
55946,116.2
55947,112.5
55948,112.2
55949,111.0
55950,116.0
55951,116.8
55952,117.0
55953,116.4
55954,115.6
55955,112.5
55956,113.2
55957,114.9
55958,115.3
55959,118.1
55960,117.2
55961,116.1
55962,117.0
55963,115.8
55964,114.1
55965,115.3
55966,117.2
55967,118.5
55968,118.0
55969,117.0
55970,115.7
55971,114.8
55972,113.5
55973,114.8
55974,116.1
55975,115.6
55976,115.7
55977,116.5
55978,116.2
55979,117.1
55980,118.9
55981,117.9
55982,115.4
55983,113.1
55984,113.5
55985,114.0
55986,114.2
55987,114.2
55988,113.8
55989,115.0
55990,116.7
55991,115.5
55992,113.5
55993,112.7
55994,114.4
55995,115.7
55996,114.7
55997,113.3
55998,115.7
55999,117.6
56000,116.3
56001,113.9
56002,113.5
56003,115.7
56004,113.6
56005,114.5
56006,117.2
56007,115.1
56008,116.9
56009,119.8
56010,119.9
56011,116.6
56012,114.3
56013,114.9
56014,117.0
56015,118.2
56016,117.1
56017,117.8
56018,118.4
56019,114.6
56020,116.5
56021,119.6
56022,118.9
56023,119.4
56024,119.4
56025,117.5
56026,117.5
56027,116.9
56028,116.7
56029,115.0
56030,113.9
56031,115.1
56032,115.3
56033,113.4
56034,113.9
56035,115.5
56036,115.1
56037,114.1
56038,113.8
56039,112.5
56040,111.5
56041,111.5
56042,112.3
56043,114.1
56044,113.5
56045,114.3
56046,115.7
56047,113.9
56048,113.2
56049,114.1
56050,114.0
56051,113.5
56052,113.0
56053,112.7
56054,114.2
56055,114.3
56056,111.2
56057,109.9
56058,110.1
56059,111.1
56060,112.3
56061,111.5
56062,111.5
56063,110.3
56064,111.4
56065,113.9
56066,112.4
56067,110.2
56068,110.0
56069,110.8
56070,110.9
56071,111.2
56072,109.1
56073,107.6
56074,109.3
56075,112.6
56076,115.0
56077,112.6
56078,112.3
56079,113.8
56080,113.4
56081,112.7
56082,112.1
56083,111.8
56084,112.7
56085,113.9
56086,113.5
56087,116.8
56088,116.8
56089,117.2
56090,116.5
56091,115.4
56092,114.1
56093,112.0
56094,110.2
56095,110.6
56096,110.9
56097,110.8
56098,113.1
56099,113.9
56100,112.4
56101,111.8
56102,112.3
56103,113.0
56104,111.8
56105,109.9
56106,110.3
56107,111.1
56108,111.9
56109,113.0
56110,113.4
56111,112.6
56112,111.2
56113,109.0
56114,108.5
56115,110.7
56116,115.3
56117,116.1
56118,115.1
56119,115.1
56120,114.1
56121,114.4
56122,111.5
56123,114.8
56124,116.4
56125,114.6
56126,114.9
56127,112.5
56128,111.1
56129,110.2
56130,110.9
56131,113.6
56132,114.8
56133,114.5
56134,112.7
56135,111.7
56136,111.3
56137,111.8
56138,112.4
56139,114.4
56140,114.9
56141,113.7
56142,-9999.9
56143,-9999.9
56144,-9999.9
56145,-9999.9
56146,-9999.9
56147,-9999.9
56148,114.7
56149,115.2
56150,115.0
56151,114.7
56152,114.1
56153,114.2
56154,114.3
56155,112.6
56156,110.8
56157,116.0
56158,115.6
56159,115.9
56160,114.6
56161,115.4
56162,119.2
56163,120.1
56164,118.7
56165,119.2
56166,120.2
56167,119.5
56168,120.7
56169,120.0
56170,117.8
56171,116.2
56172,115.2
56173,115.0
56174,113.4
56175,114.9
56176,116.9
56177,115.9
56178,115.0
56179,116.1
56180,115.9
56181,114.2
56182,113.6
56183,114.4
56184,115.0
56185,114.3
56186,116.1
56187,116.3
56188,115.1
56189,114.3
56190,114.0
56191,115.4
56192,112.3
56193,113.6
56194,114.9
56195,113.4
56196,112.3
56197,113.8
56198,113.1
56199,113.4
56200,114.0
56201,112.8
56202,114.9
56203,115.3
56204,113.9
56205,115.4
56206,-9999.9
56207,-9999.9
56208,-9999.9
56209,-9999.9
56210,-9999.9
56211,-9999.9
56212,-9999.9
56213,-9999.9
56214,-9999.9
56215,-9999.9
56216,-9999.9
56217,-9999.9
56218,-9999.9
56219,-9999.9
56220,-9999.9
56221,-9999.9
56222,-9999.9
56223,-9999.9
56224,-9999.9
56225,-9999.9
56226,-9999.9
56227,-9999.9
56228,-9999.9
56229,-9999.9
56230,-9999.9
56231,-9999.9
56232,-9999.9
56233,-9999.9
56234,-9999.9
56235,-9999.9
56236,-9999.9
56237,-9999.9
56238,-9999.9
56239,-9999.9
56240,-9999.9
56241,-9999.9
56242,-9999.9
56243,-9999.9
56244,-9999.9
56245,-9999.9
56246,-9999.9
56247,-9999.9
56248,-9999.9
56249,-9999.9
56250,-9999.9
56251,-9999.9
56252,-9999.9
56253,-9999.9
56254,-9999.9
56255,-9999.9
56256,-9999.9
56257,-9999.9
56258,-9999.9
56259,-9999.9
56260,-9999.9
56261,-9999.9
56262,-9999.9
56263,-9999.9
56264,-9999.9
56265,-9999.9
56266,-9999.9
56267,-9999.9
56268,-9999.9
56269,-9999.9
56270,-9999.9
56271,-9999.9
56272,-9999.9
56273,-9999.9
56274,-9999.9
56275,-9999.9
56276,-9999.9
56277,-9999.9
56278,-9999.9
56279,-9999.9
56280,-9999.9
56281,-9999.9
56282,-9999.9
56283,-9999.9
56284,-9999.9
56285,-9999.9
56286,-9999.9
56287,-9999.9
56288,-9999.9
56289,-9999.9
56290,-9999.9
56291,-9999.9
56292,-9999.9
56293,-9999.9
56294,-9999.9
56295,-9999.9
56296,-9999.9
56297,-9999.9
56298,-9999.9
56299,-9999.9
56300,-9999.9
56301,-9999.9
56302,-9999.9
56303,-9999.9
56304,-9999.9
56305,-9999.9
56306,-9999.9
56307,-9999.9
56308,-9999.9
56309,-9999.9
56310,-9999.9
56311,-9999.9
56312,-9999.9
56313,-9999.9
56314,-9999.9
56315,-9999.9
56316,-9999.9
56317,-9999.9
56318,-9999.9
56319,-9999.9
56320,-9999.9
56321,-9999.9
56322,-9999.9
56323,-9999.9
56324,-9999.9
56325,-9999.9
56326,-9999.9
56327,-9999.9
56328,-9999.9
56329,-9999.9
56330,-9999.9
56331,113.4
56332,112.0
56333,111.5
56334,111.1
56335,110.4
56336,108.6
56337,108.9
56338,111.3
56339,110.9
56340,110.1
56341,109.9
56342,113.0
56343,113.7
56344,110.7
56345,111.8
56346,113.0
56347,112.7
56348,114.0
56349,111.0
56350,110.1
56351,112.0
56352,111.5
56353,112.5
56354,114.4
56355,113.1
56356,112.2
56357,114.7
56358,116.0
56359,116.3
56360,116.9
56361,117.1
56362,116.4
56363,115.6
56364,116.4
56365,115.1
56366,113.9
56367,113.0
56368,107.4
56369,103.6
56370,103.8
56371,106.1
56372,108.9
56373,109.6
56374,108.8
56375,111.8
56376,115.3
56377,114.1
56378,113.2
56379,110.3
56380,111.1
56381,112.7
56382,110.3
56383,108.5
56384,110.7
56385,112.9
56386,111.4
56387,109.9
56388,106.8
56389,109.4
56390,111.7
56391,111.6
56392,113.1
56393,110.4
56394,107.8
56395,109.7
56396,109.2
56397,106.8
56398,111.7
56399,111.7
56400,110.8
56401,111.8
56402,112.0
56403,110.9
56404,112.4
56405,110.6
56406,108.4
56407,110.8
56408,114.4
56409,113.4
56410,111.5
56411,112.5
56412,113.4
56413,113.0
56414,113.3
56415,114.4
56416,113.0
56417,111.7
56418,111.9
56419,112.0
56420,111.7
56421,112.0
56422,113.4
56423,112.3
56424,111.7
56425,112.4
56426,112.8
56427,115.5
56428,117.3
56429,117.1
56430,115.3
56431,115.6
56432,117.7
56433,116.7
56434,113.8
56435,113.6
56436,116.3
56437,115.9
56438,116.4
56439,116.3
56440,116.2
56441,115.9
56442,114.6
56443,114.9
56444,114.2
56445,114.5
56446,117.7
56447,118.4
56448,116.9
56449,116.6
56450,116.8
56451,116.6
56452,-9999.9
56453,-9999.9
56454,-9999.9
56455,-9999.9
56456,-9999.9
