data/raw/Flight3/CO_POLAR6_20150408_R1_L1_NETCARE.ict
34, 1001
Bozem, Heiko; Hoor, Peter
Institute for Atmospheric Physics, Johannes Gutenberg University, Mainz, Germany
CO mixing ratio from AL5002 CO analyzer
NETCARE Polar 6 Campaign 2015
1, 1
2015, 04, 08, 2015, 08, 15
1
Time_UTC, seconds
1
1
-9999.9
CO_ppbv, ppbv
0
19
PI_CONTACT_INFO: Address: Johann-Joachim-Becherweg 21, 55128 Mainz, email: bozemh@uni-mainz.de; hoor@uni-mainz.de
PLATFORM: Polar 6
LOCATION: GPS location and altitude available at 1 Hz resolution in separate file (See AIMMS files under Aircraft data and meteorology)
ASSOCIATED_DATA: N/A
INSTRUMENT_INFO: CO measurements based on the fluorescence of CO in the VUV at 150 nm
DATA_INFO: Units are ppbv
UNCERTAINTY RELATIVE TO STANDARD: 2.3 ppbv at 1 sigma confidence (before drift correction is applied)
ULOD_FLAG: -7777
ULOD_VALUE: N/A
LLOD_FLAG: -8888
LLOD_VALUE: 1.5 
DM_CONTACT_INFO: N/A
PROJECT_INFO: NETCARE Polar 6 aircraft campaign in April 2015; Alert
STIPULATIONS_ON_USE: N/A
OTHER_COMMENTS: N/A
REVISION: R1
R0: Preliminary data, corrected for instrument drift
R1: Final data, corrected for instrument drift
Time_UTC,CO_ppbv
[from data line 1331]
51210,154.5
51211,153.8
51212,154.2
51213,155.5
51214,156.4
51215,155.7
51216,154.3
51217,155.2
51218,156.6
51219,156.5
51220,156.2
51221,157.8
51222,158.2
51223,158.6
51224,156.8
51225,155.0
51226,156.0
51227,156.4
51228,155.2
51229,155.7
51230,155.4
51231,153.8
51232,153.8
51233,154.9
51234,156.2
51235,154.1
51236,153.8
51237,153.4
51238,151.5
51239,152.8
51240,154.9
51241,154.1
51242,152.3
51243,153.1
51244,152.1
51245,152.7
51246,153.4
51247,151.8
51248,153.9
51249,156.4
51250,155.0
51251,153.7
51252,154.8
51253,154.6
51254,153.2
51255,151.2
51256,151.7
51257,152.9
51258,152.1
51259,152.7
51260,154.2
51261,154.5
51262,153.2
51263,152.5
51264,153.7
51265,156.6
51266,155.9
51267,151.5
51268,152.1
51269,153.9
51270,152.9
51271,154.3
51272,156.7
51273,154.3
51274,151.7
51275,153.3
51276,154.0
51277,154.1
51278,155.2
51279,154.0
51280,153.4
51281,151.6
51282,154.1
51283,157.6
51284,156.4
51285,154.1
51286,154.1
51287,156.5
51288,156.7
51289,160.9
51290,160.9
51291,159.4
51292,159.3
51293,160.5
51294,158.6
51295,157.7
51296,159.1
51297,156.9
51298,155.1
51299,156.1
51300,157.3
51301,157.4
51302,158.0
51303,157.9
51304,157.9
51305,157.0
51306,153.9
51307,152.5
51308,154.0
51309,156.2
51310,154.0
51311,152.2
51312,153.9
51313,152.8
51314,152.4
51315,154.9
51316,154.7
51317,155.0
51318,158.7
51319,159.2
51320,158.6
51321,158.4
51322,158.5
51323,158.2
51324,157.0
51325,152.6
51326,152.4
51327,152.6
51328,149.7
51329,147.0
51330,147.2
51331,147.8
51332,148.0
51333,147.4
51334,149.1
51335,149.9
51336,150.5
51337,153.2
51338,156.7
51339,156.5
51340,151.1
51341,147.4
51342,147.9
51343,149.3
51344,144.7
51345,139.4
51346,138.8
51347,140.8
51348,140.5
51349,139.7
51350,139.1
51351,137.5
51352,138.2
51353,137.5
51354,138.7
51355,140.0
51356,139.0
51357,138.6
51358,138.6
51359,140.1
51360,139.8
51361,139.2
51362,139.7
51363,140.0
51364,141.9
51365,142.0
51366,139.3
51367,137.4
51368,138.2
51369,141.8
51370,143.7
51371,141.4
51372,138.0
51373,137.4
51374,140.8
51375,140.9
51376,138.9
51377,138.3
51378,136.8
51379,137.7
51380,138.7
51381,139.1
51382,138.3
51383,138.4
51384,138.0
51385,137.0
51386,135.6
51387,136.0
51388,136.2
51389,135.6
51390,137.7
51391,137.6
51392,137.6
51393,139.1
51394,138.3
51395,137.0
51396,136.0
51397,134.7
51398,135.6
51399,140.2
51400,138.4
51401,135.0
51402,135.5
51403,137.4
51404,139.0
51405,137.8
51406,135.2
51407,134.0
51408,136.3
51409,135.7
51410,134.1
51411,134.6
51412,138.4
51413,139.6
51414,135.8
51415,135.8
51416,136.9
51417,137.5
51418,136.3
51419,134.2
51420,135.3
51421,135.3
51422,137.1
51423,137.7
51424,134.3
51425,135.1
51426,137.6
51427,138.3
51428,139.0
51429,138.0
51430,138.3
51431,135.1
51432,132.9
51433,135.3
51434,135.1
51435,135.1
51436,135.0
51437,135.2
51438,136.0
51439,135.7
51440,134.5
51441,136.8
51442,137.9
51443,138.4
51444,137.7
51445,136.6
51446,138.2
51447,136.8
51448,134.8
51449,135.6
51450,137.1
51451,135.2
51452,133.9
51453,136.8
51454,139.5
51455,140.8
51456,141.7
51457,140.6
51458,138.9
51459,140.8
51460,142.4
51461,141.9
51462,149.0
51463,144.9
51464,142.6
51465,145.4
51466,145.2
51467,143.1
51468,143.1
51469,143.8
51470,143.9
51471,147.4
51472,148.9
51473,146.1
51474,148.7
51475,149.2
51476,147.7
51477,148.0
51478,147.2
51479,151.0
51480,150.2
51481,146.6
51482,146.6
51483,147.8
51484,146.8
51485,146.2
51486,147.5
51487,146.8
51488,145.7
51489,143.0
51490,142.2
51491,142.8
51492,140.8
51493,139.8
51494,141.3
51495,140.4
51496,138.7
51497,139.3
51498,139.2
51499,138.7
51500,138.8
51501,140.9
51502,139.4
51503,137.7
51504,140.2
51505,140.9
51506,141.6
51507,141.3
51508,141.1
51509,140.4
51510,140.7
51511,143.2
51512,144.0
51513,146.6
51514,147.7
51515,143.7
51516,144.8
51517,148.2
51518,148.5
51519,148.3
51520,149.5
51521,150.4
51522,147.5
51523,146.6
51524,149.1
51525,150.0
51526,150.3
51527,148.7
51528,146.5
51529,147.7
51530,148.5
51531,149.1
51532,148.6
51533,148.3
51534,147.9
51535,147.5
51536,147.5
51537,148.0
51538,147.7
51539,148.6
51540,149.6
51541,148.7
51542,149.2
51543,149.2
51544,148.2
51545,144.7
51546,143.9
51547,142.2
51548,141.3
51549,142.4
51550,144.3
51551,145.1
51552,146.0
51553,148.4
51554,148.0
51555,143.3
51556,141.2
51557,144.3
51558,144.2
51559,146.4
51560,149.0
51561,149.5
51562,149.7
51563,148.5
51564,147.1
51565,150.2
51566,150.2
51567,145.6
51568,146.1
51569,146.1
51570,148.9
51571,152.1
51572,151.7
51573,148.4
51574,147.3
51575,147.6
51576,147.9
51577,149.7
51578,146.8
51579,146.1
51580,148.6
51581,148.0
51582,149.7
51583,147.3
51584,146.1
51585,147.3
51586,146.7
51587,148.1
51588,148.0
51589,146.6
51590,146.5
51591,149.7
51592,150.4
51593,147.2
51594,146.1
51595,145.8
51596,146.1
51597,147.3
51598,146.3
51599,146.7
51600,147.9
51601,144.4
51602,143.6
51603,142.9
51604,145.2
51605,145.0
51606,142.8
51607,144.7
51608,143.7
51609,141.1
51610,142.5
51611,141.6
51612,139.3
51613,139.5
51614,140.2
51615,140.9
51616,141.4
51617,140.9
51618,139.0
51619,137.9
51620,137.5
51621,137.1
51622,139.1
51623,140.0
51624,139.6
51625,139.5
51626,139.3
51627,139.7
51628,140.2
51629,140.7
51630,138.9
51631,135.9
51632,136.8
51633,137.8
51634,136.5
51635,137.6
51636,138.7
51637,139.4
51638,137.8
51639,138.2
51640,140.4
51641,140.5
51642,140.8
51643,140.4
51644,137.1
51645,137.2
51646,137.6
51647,140.1
51648,140.2
51649,138.3
51650,140.4
51651,139.1
51652,-9999.9
51653,-9999.9
51654,-9999.9
51655,-9999.9
51656,-9999.9
51657,-9999.9
51658,-9999.9
51659,-9999.9
51660,-9999.9
51661,-9999.9
51662,-9999.9
51663,-9999.9
51664,-9999.9
51665,-9999.9
51666,-9999.9
51667,-9999.9
51668,-9999.9
51669,-9999.9
51670,-9999.9
51671,-9999.9
51672,-9999.9
51673,-9999.9
51674,-9999.9
51675,-9999.9
51676,-9999.9
51677,-9999.9
51678,-9999.9
51679,-9999.9
51680,-9999.9
51681,-9999.9
51682,-9999.9
51683,-9999.9
51684,-9999.9
51685,-9999.9
51686,-9999.9
51687,-9999.9
51688,-9999.9
51689,-9999.9
51690,-9999.9
51691,-9999.9
51692,-9999.9
51693,-9999.9
51694,-9999.9
51695,-9999.9
51696,-9999.9
51697,-9999.9
51698,-9999.9
51699,-9999.9
51700,-9999.9
51701,-9999.9
51702,-9999.9
51703,-9999.9
51704,-9999.9
51705,-9999.9
51706,-9999.9
51707,-9999.9
51708,-9999.9
51709,-9999.9
51710,-9999.9
51711,-9999.9
51712,-9999.9
51713,-9999.9
51714,-9999.9
51715,-9999.9
51716,-9999.9
51717,-9999.9
51718,-9999.9
51719,-9999.9
51720,-9999.9
51721,-9999.9
51722,-9999.9
51723,-9999.9
51724,-9999.9
51725,-9999.9
51726,-9999.9
51727,-9999.9
51728,-9999.9
51729,-9999.9
51730,-9999.9
51731,-9999.9
51732,-9999.9
51733,-9999.9
51734,-9999.9
51735,-9999.9
51736,-9999.9
51737,-9999.9
51738,-9999.9
51739,-9999.9
51740,-9999.9
51741,-9999.9
51742,-9999.9
51743,-9999.9
51744,-9999.9
51745,-9999.9
51746,-9999.9
51747,-9999.9
51748,-9999.9
51749,-9999.9
51750,-9999.9
51751,-9999.9
51752,-9999.9
51753,-9999.9
51754,-9999.9
51755,-9999.9
51756,-9999.9
51757,-9999.9
51758,-9999.9
51759,-9999.9
51760,-9999.9
51761,-9999.9
51762,-9999.9
51763,-9999.9
51764,-9999.9
51765,-9999.9
51766,-9999.9
51767,-9999.9
51768,-9999.9
51769,-9999.9
51770,-9999.9
51771,-9999.9
51772,-9999.9
51773,-9999.9
51774,-9999.9
51775,-9999.9
51776,-9999.9
51777,-9999.9
51778,141.9
51779,142.6
51780,145.0
51781,144.2
51782,142.7
51783,141.7
51784,143.0
51785,143.3
51786,143.8
51787,145.3
51788,142.7
51789,143.6
51790,146.8
51791,144.5
51792,142.6
51793,144.5
51794,144.3
51795,145.6
51796,144.7
51797,143.6
51798,145.0
51799,144.1
51800,143.8
51801,142.5
51802,144.5
51803,146.7
51804,143.8
51805,143.9
51806,145.8
51807,141.7
51808,144.7
51809,146.6
51810,146.4
51811,147.2
51812,146.8
51813,147.3
51814,145.2
51815,144.0
51816,143.9
51817,144.9
51818,145.6
51819,144.0
51820,143.4
51821,143.0
51822,144.5
51823,145.1
51824,143.3
51825,142.6
51826,143.2
51827,145.0
51828,144.6
51829,143.5
51830,145.2
51831,145.0
51832,143.2
51833,140.1
51834,141.0
51835,143.2
51836,142.8
51837,143.7
51838,142.8
51839,143.5
51840,145.7
51841,144.0
51842,144.1
51843,147.7
51844,146.1
51845,143.6
51846,143.7
51847,145.1
51848,145.8
51849,144.9
51850,144.5
51851,143.8
51852,143.2
51853,144.4
51854,142.1
51855,139.4
51856,140.7
51857,140.2
51858,138.5
51859,139.2
51860,137.3
51861,135.7
51862,137.7
51863,139.6
51864,140.0
51865,139.4
51866,138.8
51867,139.2
51868,141.0
51869,141.2
51870,141.2
51871,140.1
51872,136.7
51873,136.5
51874,138.9
51875,141.2
51876,142.5
51877,138.5
51878,137.7
51879,137.2
51880,140.6
51881,141.7
51882,140.2
51883,139.9
51884,138.9
51885,140.7
51886,139.5
51887,137.5
51888,138.6
51889,139.7
51890,140.5
51891,139.7
51892,139.6
51893,140.6
51894,140.2
51895,139.6
51896,140.5
51897,138.9
51898,140.3
51899,141.0
51900,137.9
51901,137.3
51902,139.0
51903,138.7
51904,138.4
51905,139.9
51906,138.0
51907,138.2
51908,138.4
51909,139.3
51910,141.7
51911,139.0
51912,137.2
51913,138.7
51914,140.8
51915,138.7
51916,139.4
51917,140.6
51918,137.3
51919,137.4
51920,140.9
51921,140.0
51922,141.0
51923,139.8
51924,138.9
51925,138.0
51926,136.3
51927,139.9
51928,139.9
51929,136.9
51930,135.6
51931,137.7
51932,138.8
51933,138.0
51934,137.8
51935,138.0
51936,140.4
51937,142.0
51938,139.6
51939,139.7
51940,141.1
51941,139.3
51942,137.9
51943,138.6
51944,139.0
51945,138.1
51946,137.2
51947,138.5
51948,139.3
51949,138.4
51950,139.1
51951,140.1
51952,141.1
51953,140.5
51954,138.5
51955,139.3
51956,139.1
51957,140.0
51958,141.2
51959,140.8
51960,141.5
51961,139.8
51962,139.2
51963,138.1
51964,138.2
51965,140.7
51966,139.7
51967,138.1
51968,139.8
51969,141.1
51970,142.1
51971,142.1
51972,140.8
51973,141.2
51974,142.6
51975,143.2
51976,140.8
51977,138.5
51978,136.5
51979,134.6
51980,139.2
51981,138.8
51982,139.4
51983,139.1
51984,140.8
51985,141.1
51986,139.7
51987,140.9
51988,141.7
51989,140.3
51990,137.8
51991,137.4
51992,138.8
51993,140.3
51994,138.4
51995,138.1
51996,140.5
51997,142.7
51998,143.4
51999,141.9
52000,139.9
52001,140.0
52002,139.0
52003,140.4
52004,141.5
52005,139.8
52006,141.4
52007,143.4
52008,144.1
52009,140.8
52010,140.1
52011,140.2
52012,139.4
52013,140.5
52014,142.6
52015,141.4
52016,140.6
52017,140.8
52018,139.8
52019,139.0
52020,138.1
52021,139.8
52022,142.9
52023,143.8
52024,142.5
52025,141.8
52026,141.2
52027,140.6
52028,141.6
52029,139.6
52030,138.4
52031,140.9
52032,142.1
52033,141.5
52034,139.8
52035,140.5
52036,140.2
52037,140.4
52038,140.7
52039,139.2
52040,138.3
52041,138.5
52042,139.3
52043,138.3
52044,140.9
52045,143.1
52046,142.8
52047,143.0
52048,143.3
52049,142.2
52050,140.7
52051,138.3
52052,138.9
52053,141.8
52054,141.3
52055,138.9
52056,140.0
52057,142.5
52058,141.2
52059,140.7
52060,142.4
52061,140.8
52062,140.8
52063,141.3
52064,142.3
52065,142.7
52066,139.8
52067,139.0
52068,142.0
52069,142.6
52070,141.6
52071,142.9
52072,141.8
52073,140.3
52074,143.0
52075,143.7
52076,140.1
52077,140.8
52078,141.0
52079,141.3
52080,142.2
52081,141.4
52082,141.8
52083,140.4
52084,140.3
52085,141.3
52086,141.8
52087,141.5
52088,144.3
52089,144.7
52090,140.9
52091,140.5
52092,138.6
52093,139.6
52094,143.5
52095,142.5
52096,143.0
52097,143.3
52098,141.9
52099,143.7
52100,143.6
52101,140.8
52102,143.7
52103,143.5
52104,140.9
52105,143.4
52106,143.4
52107,142.0
52108,142.5
52109,144.1
52110,142.2
52111,141.6
52112,142.4
52113,141.7
52114,143.1
52115,144.2
52116,143.4
52117,141.9
52118,141.6
52119,144.9
52120,146.7
52121,144.1
52122,140.4
52123,142.0
52124,143.2
52125,142.9
52126,142.1
52127,143.1
52128,143.6
52129,142.2
52130,142.5
52131,143.3
52132,142.3
52133,140.6
52134,139.8
52135,141.4
52136,142.3
52137,141.0
52138,142.7
52139,142.6
52140,139.8
52141,141.5
52142,142.1
52143,141.3
52144,142.0
52145,143.1
52146,141.6
52147,139.7
52148,142.1
52149,144.4
52150,142.9
52151,141.1
52152,141.1
52153,140.6
52154,140.5
52155,141.3
52156,141.7
52157,141.0
52158,141.8
52159,141.8
52160,142.2
52161,143.2
52162,142.8
52163,143.5
52164,142.1
52165,141.0
52166,143.7
52167,144.2
52168,142.0
52169,141.7
52170,143.8
52171,143.3
52172,143.4
52173,146.4
52174,146.3
52175,145.5
52176,145.4
52177,145.4
52178,143.0
52179,140.1
52180,138.4
52181,140.5
52182,142.4
52183,141.8
52184,142.0
52185,142.1
52186,142.8
52187,142.7
52188,142.4
52189,142.3
52190,143.3
52191,143.2
52192,141.1
52193,140.4
52194,140.7
52195,142.3
52196,142.4
52197,141.3
52198,142.8
52199,142.2
52200,140.3
52201,140.8
52202,142.4
52203,141.5
52204,140.5
52205,140.7
52206,140.8
52207,141.0
52208,141.4
52209,140.5
52210,139.4
52211,142.8
52212,145.7
52213,144.0
52214,141.9
52215,142.1
52216,143.7
52217,145.0
52218,145.7
52219,144.0
52220,141.7
52221,141.9
52222,141.8
52223,143.0
52224,143.5
52225,143.3
52226,143.6
52227,141.4
52228,139.5
52229,141.6
52230,143.1
52231,142.8
52232,142.7
52233,145.0
52234,144.5
52235,142.0
52236,141.9
52237,141.9
52238,141.4
52239,140.1
52240,141.5
52241,142.3
52242,141.4
52243,142.3
52244,143.2
52245,141.2
52246,139.2
52247,140.1
52248,142.0
52249,141.9
52250,142.0
52251,141.9
52252,141.2
52253,142.9
52254,143.8
52255,142.7
52256,146.9
52257,143.6
52258,142.9
52259,142.1
52260,142.0
52261,142.8
52262,142.3
52263,142.4
52264,142.6
52265,143.2
52266,141.7
52267,143.3
52268,143.5
52269,141.6
52270,141.7
52271,142.9
52272,143.1
52273,141.4
52274,140.8
52275,143.8
52276,145.4
52277,145.3
52278,144.7
52279,143.6
52280,144.0
52281,143.8
52282,144.4
52283,143.7
52284,141.8
52285,143.6
52286,142.4
52287,143.0
52288,143.9
52289,142.3
52290,142.9
52291,142.3
52292,143.2
52293,144.1
52294,143.2
52295,142.3
52296,142.8
52297,143.3
52298,143.1
52299,141.0
52300,140.4
52301,140.8
52302,141.3
52303,142.1
52304,142.5
52305,141.6
52306,141.5
52307,141.9
52308,140.4
52309,141.5
52310,144.0
52311,146.9
52312,146.6
52313,144.9
52314,144.0
52315,142.8
52316,142.9
52317,143.0
52318,142.3
52319,141.9
52320,143.3
52321,141.9
52322,140.8
52323,143.8
52324,144.7
52325,144.7
52326,144.5
52327,144.7
52328,145.4
52329,145.7
52330,143.9
52331,144.0
52332,146.2
52333,144.2
52334,144.2
52335,143.4
52336,141.7
52337,144.1
52338,145.7
52339,145.5
52340,144.3
52341,143.7
52342,142.8
52343,143.6
52344,142.7
52345,140.9
52346,139.1
52347,139.8
52348,141.7
52349,143.7
52350,144.8
52351,141.9
52352,142.8
52353,143.4
52354,141.9
52355,143.5
52356,145.1
52357,142.8
52358,141.0
52359,144.4
52360,144.4
52361,141.1
52362,143.8
52363,144.3
52364,143.4
52365,143.0
52366,142.0
52367,142.5
52368,141.3
52369,140.1
52370,140.3
52371,143.9
52372,146.7
52373,144.9
52374,144.0
52375,144.4
52376,144.6
52377,146.7
52378,145.9
52379,143.3
52380,143.7
52381,141.4
52382,142.1
52383,143.9
52384,144.0
52385,142.6
52386,138.9
52387,141.4
52388,143.2
52389,142.7
52390,143.1
52391,142.5
52392,141.6
52393,140.7
52394,140.5
52395,139.5
52396,141.0
52397,143.8
52398,143.6
52399,140.6
52400,141.7
52401,143.4
52402,142.1
52403,141.4
52404,141.1
52405,143.9
52406,145.9
52407,147.0
52408,146.0
52409,142.0
52410,141.3
52411,141.9
52412,142.2
52413,141.1
52414,140.4
52415,142.3
52416,143.2
52417,142.6
52418,141.1
52419,141.7
52420,142.0
52421,140.3
52422,140.3
52423,142.9
52424,143.6
52425,141.9
52426,141.7
52427,140.6
52428,140.0
52429,143.2
52430,143.0
52431,142.2
52432,140.7
52433,140.0
52434,139.4
52435,140.7
52436,141.1
52437,140.4
52438,142.2
52439,142.9
52440,143.5
52441,143.8
52442,143.2
52443,140.5
52444,140.2
52445,141.2
52446,140.1
52447,143.0
52448,144.3
52449,143.0
52450,143.1
52451,143.4
52452,143.6
52453,143.4
52454,142.2
52455,142.2
52456,141.9
52457,141.6
52458,139.2
52459,139.5
52460,142.0
52461,143.3
52462,146.2
52463,146.9
52464,142.2
52465,140.3
52466,139.1
52467,141.6
52468,141.8
52469,140.5
52470,139.6
52471,140.5
52472,140.2
52473,141.7
52474,144.7
52475,143.2
52476,144.8
52477,144.0
52478,139.8
52479,142.3
52480,142.5
52481,140.2
52482,142.3
52483,139.5
52484,138.1
52485,142.0
52486,140.5
52487,138.9
52488,140.1
52489,141.9
52490,140.4
52491,138.3
52492,143.5
52493,144.0
52494,140.9
52495,142.4
52496,141.3
52497,139.4
52498,141.5
52499,142.7
52500,141.6
52501,140.4
52502,141.9
52503,142.7
52504,143.7
52505,143.1
52506,141.5
52507,140.9
52508,141.8
52509,142.0
52510,142.3
52511,141.1
52512,138.9
52513,139.3
52514,140.4
52515,140.8
52516,138.9
52517,139.7
52518,142.3
52519,139.8
52520,138.6
52521,138.9
