data/raw/Flight3/O3_POLAR6_201504081330_R0_L1_NETCARE.ict
37, 1001
Staebler, Ralf
Environment Canada
Thermo 49i ozone data
Polar 6 NETCARE
1, 1
2015, 4, 8, 2015, 9, 30
0
Start_UTC, seconds
6
1, 1, 1, 1, 1, 1
-9999, -9999, -999.9, -99.9, -99.9, -99.9
Stop_UTC, seconds
hr, decimal hours (UTC)
Press, cell pressure (Torr)
BenchT, instrument temperature (deg C)
LampT, ozone lamp temperature (deg C)
O3, ozone mixing ratio (ppbv)
1
Press, BenchT, LampT are included for diagnostics
16
PI_CONTACT_INFO: Address: 4905 Dufferin Street, Toronto, ON M3H 5T4; email: Ralf.Staebler@ec.gc.ca
PLATFORM: Polar 6 
LOCATION: Location data varies as seen in this file
INSTRUMENT_INFO: Thermo Scienfific ozone analyzer model 49i, S.N. 0606014771
UNCERTAINTY: 0.2 ppbv 
ULOD_FLAG: -7777
ULOD_VALUE: N/A
LLOD_FLAG: -8888
LLOD_VALUE: N/A
DM_CONTACT_INFO: Ralf Staebler; Environment Canada; Ralf.Staebler@ec.gc.ca
PROJECT_INFO: Polar 6 NETCARE Spring 2015 campaign
STIPULATIONS_ON_USE: If use of this data will lead to a publication, we ask that the PI be informed.
OTHER_COMMENTS: N/A
REVISION: R0
R0: First set of data.
Start_UTC,Stop_UTC,hr,Press,BenchT,LampT,O3
[from data line 778]
57650,57660,16.0167,509.9,41.4,53.5,44.4
57660,57670,16.0194,509.9,41.4,53.6,43.5
57670,57680,16.0222,509.0,41.4,53.5,44.1
57680,57690,16.0250,508.7,41.4,53.6,43.3
57690,57700,16.0278,509.3,41.4,53.5,42.8
57700,57710,16.0306,507.5,41.4,53.6,43.1
57710,57720,16.0333,506.3,41.4,53.5,45.2
57720,57730,16.0361,505.7,41.4,53.5,45.7
57730,57740,16.0389,506.0,41.4,53.6,44.3
57740,57750,16.0417,506.9,41.5,53.6,43.2
57750,57760,16.0444,507.8,41.5,53.5,43.7
57760,57770,16.0472,508.4,41.5,53.6,43.4
57770,57780,16.0500,509.6,41.5,53.5,43
57780,57790,16.0528,509.3,41.5,53.5,41.6
57790,57800,16.0556,509.6,41.5,53.6,42.7
57800,57810,16.0583,509.3,41.5,53.6,44.4
57810,57820,16.0611,509.3,41.5,53.5,43
57820,57830,16.0639,508.4,41.5,53.6,42.8
57830,57840,16.0667,506.9,41.5,53.5,43.8
57840,57850,16.0694,506.0,41.5,53.5,44.4
57850,57860,16.0722,506.0,41.5,53.6,45.1
57860,57870,16.0750,506.9,41.5,53.5,45.9
57870,57880,16.0778,507.8,41.5,53.5,44.9
57880,57890,16.0806,509.0,41.5,53.5,43.3
57890,57900,16.0833,509.3,41.6,53.5,41.9
57900,57910,16.0861,508.7,41.6,53.5,41.9
57910,57920,16.0889,507.5,41.6,53.5,42.8
57920,57930,16.0917,507.2,41.6,53.5,43.8
57930,57940,16.0944,508.1,41.6,53.6,44.5
57940,57950,16.0972,508.7,41.6,53.5,43.6
57950,57960,16.1000,508.7,41.6,53.5,40.5
57960,57970,16.1028,509.6,41.6,53.5,41
57970,57980,16.1056,511.4,41.6,53.5,42.9
57980,57990,16.1083,512.9,41.6,53.5,44.4
57990,58000,16.1111,515.0,41.6,53.6,43.7
58000,58010,16.1139,517.1,41.6,53.5,41.7
58010,58020,16.1167,519.2,41.6,53.5,41.4
58020,58030,16.1194,520.1,41.6,53.6,42.7
58030,58040,16.1222,521.0,41.7,53.5,46.8
58040,58050,16.1250,522.5,41.6,53.6,47.6
58050,58060,16.1278,524.3,41.6,53.6,43.2
58060,58070,16.1306,526.1,41.6,53.5,42.4
58070,58080,16.1333,527.6,41.7,53.6,43.7
58080,58090,16.1361,529.7,41.7,53.5,46.4
58090,58100,16.1389,532.7,41.7,53.5,48.8
58100,58110,16.1417,535.1,41.7,53.6,47.9
58110,58120,16.1444,536.3,41.7,53.5,46.2
58120,58130,16.1472,537.8,41.7,53.5,43.6
58130,58140,16.1500,539.9,41.7,53.5,42.3
58140,58150,16.1528,541.1,41.7,53.6,42.9
58150,58160,16.1556,542.3,41.7,53.5,43.6
58160,58170,16.1583,543.8,41.7,53.6,43.2
58170,58180,16.1611,545.9,41.7,53.6,43.1
58180,58190,16.1639,547.7,41.7,53.6,43.5
58190,58200,16.1667,549.2,41.7,53.5,44.8
58200,58210,16.1694,551.9,41.7,53.6,44.9
58210,58220,16.1722,554.0,41.7,53.5,44.1
58220,58230,16.1750,555.8,41.7,53.6,44.1
58230,58240,16.1778,557.6,41.7,53.5,43.7
58240,58250,16.1806,559.4,41.7,53.6,44
58250,58260,16.1833,562.1,41.7,53.6,44.4
58260,58270,16.1861,564.8,41.7,53.6,44.4
58270,58280,16.1889,566.6,41.7,53.6,47.3
58280,58290,16.1917,568.4,41.8,53.6,48.2
58290,58300,16.1944,570.5,41.8,53.6,46.9
58300,58310,16.1972,572.6,41.8,53.6,45.8
58310,58320,16.2000,573.8,41.8,53.6,45.8
58320,58330,16.2028,575.9,41.8,53.6,46.3
58330,58340,16.2056,578.0,41.8,53.5,46.7
58340,58350,16.2083,580.1,41.8,53.5,46.8
58350,58360,16.2111,581.6,41.8,53.6,45.8
58360,58370,16.2139,583.0,41.8,53.6,46.5
58370,58380,16.2167,584.8,41.8,53.6,47.5
58380,58390,16.2194,586.6,41.8,53.6,46.9
58390,58400,16.2222,587.8,41.8,53.6,47.4
58400,58410,16.2250,589.6,41.8,53.6,46.8
58410,58420,16.2278,592.0,41.9,53.5,46.8
58420,58430,16.2306,594.4,41.9,53.5,46.9
58430,58440,16.2333,595.9,41.9,53.5,46.2
58440,58450,16.2361,598.6,41.9,53.6,48
58450,58460,16.2389,601.0,41.9,53.6,46.9
58460,58470,16.2417,602.8,41.9,53.6,47.9
58470,58480,16.2444,605.5,41.9,53.6,46
58480,58490,16.2472,608.5,41.9,53.6,46.7
58490,58500,16.2500,610.9,41.9,53.5,46.8
58500,58510,16.2528,612.1,41.9,53.6,47
58510,58520,16.2556,613.0,41.9,53.6,46.4
58520,58530,16.2583,615.1,41.9,53.6,46.9
58530,58540,16.2611,617.8,41.9,53.6,46.8
58540,58550,16.2639,620.2,41.9,53.5,45.9
58550,58560,16.2667,621.4,41.9,53.6,44.9
58560,58570,16.2694,623.5,41.9,53.5,45.8
58570,58580,16.2722,625.6,42.0,53.5,45.8
58580,58590,16.2750,627.4,41.9,53.5,45.1
58590,58600,16.2778,628.6,42.0,53.6,44.7
58600,58610,16.2806,630.4,42.0,53.5,44.2
58610,58620,16.2833,632.8,42.0,53.6,42.9
58620,58630,16.2861,634.9,42.0,53.5,43.7
58630,58640,16.2889,636.1,42.0,53.5,42.9
58640,58650,16.2917,637.9,42.0,53.5,40.6
58650,58660,16.2944,640.0,42.0,53.5,41
58660,58670,16.2972,641.5,42.0,53.6,40.2
58670,58680,16.3000,643.3,42.0,53.5,40.4
58680,58690,16.3028,646.6,42.0,53.5,38.7
58690,58700,16.3056,649.9,42.0,53.5,41.1
58700,58710,16.3083,651.1,42.0,53.5,40
58710,58720,16.3111,652.6,42.0,53.5,42.2
58720,58730,16.3139,654.1,42.0,53.5,40.9
58730,58740,16.3167,656.5,42.0,53.5,40
58740,58750,16.3194,658.9,42.0,53.5,39.5
58750,58760,16.3222,661.2,42.0,53.5,39.9
58760,58770,16.3250,663.6,42.0,53.5,39.2
58770,58780,16.3278,666.0,42.0,53.5,38.7
58780,58790,16.3306,668.4,42.0,53.5,33.2
58790,58800,16.3333,670.2,42.0,53.5,32
58800,58810,16.3361,672.6,42.0,53.5,30.1
58810,58820,16.3389,675.9,42.0,53.5,29.8
58820,58830,16.3417,679.5,42.0,53.5,27.2
58830,58840,16.3444,681.9,42.0,53.5,27.1
58840,58850,16.3472,684.0,42.0,53.5,26.5
58850,58860,16.3500,687.3,42.0,53.5,24.5
58860,58870,16.3528,689.7,42.0,53.5,24.8
58870,58880,16.3556,691.8,42.0,53.6,24.3
58880,58890,16.3583,694.2,42.0,53.5,24
58890,58900,16.3611,696.9,42.0,53.5,25
58900,58910,16.3639,699.3,42.0,53.6,24.1
58910,58920,16.3667,700.8,42.1,53.5,24.9
58920,58930,16.3694,702.6,42.1,53.5,24.1
58930,58940,16.3722,705.0,42.0,53.5,23.4
58940,58950,16.3750,706.5,42.1,53.5,23.1
58950,58960,16.3778,707.1,42.1,53.5,22.9
58960,58970,16.3806,709.8,42.1,53.5,23.4
58970,58980,16.3833,712.2,42.1,53.6,25.5
58980,58990,16.3861,714.6,42.0,53.5,24.7
58990,59000,16.3889,716.4,42.1,53.5,25.3
59000,59010,16.3917,718.5,42.1,53.5,24.6
59010,59020,16.3944,721.5,42.1,53.6,25.5
59020,59030,16.3972,723.6,42.1,53.5,24
59030,59040,16.4000,724.2,42.1,53.5,22.2
59040,59050,16.4028,726.0,42.1,53.6,19.4
59050,59060,16.4056,728.7,42.1,53.5,18.8
59060,59070,16.4083,730.5,42.1,53.5,17.1
59070,59080,16.4111,732.0,42.1,53.5,16.5
59080,59090,16.4139,734.1,42.1,53.5,16.6
59090,59100,16.4167,736.2,42.1,53.5,16.4
59100,59110,16.4194,737.9,42.1,53.5,12.3
59110,59120,16.4222,739.1,42.1,53.5,11.1
59120,59130,16.4250,740.3,42.1,53.5,9.36
59130,59140,16.4278,741.8,42.1,53.5,9.68
59140,59150,16.4306,741.2,42.1,53.5,10.8
59150,59160,16.4333,740.3,42.1,53.5,9.61
59160,59170,16.4361,739.4,42.1,53.5,9.87
59170,59180,16.4389,739.4,42.1,53.5,6.81
59180,59190,16.4417,739.1,42.1,53.5,7.24
59190,59200,16.4444,737.9,42.1,53.5,8.02
59200,59210,16.4472,737.6,42.1,53.5,7.43
59210,59220,16.4500,738.5,42.1,53.5,7.25
59220,59230,16.4528,738.8,42.1,53.6,8.18
59230,59240,16.4556,738.8,42.1,53.5,9.63
59240,59250,16.4583,739.1,42.1,53.5,10.1
59250,59260,16.4611,740.0,42.1,53.5,9.61
59260,59270,16.4639,745.7,42.1,53.6,9.96
59270,59280,16.4667,749.6,42.1,53.5,0.754
59280,59290,16.4694,750.2,42.1,53.5,0.734
59290,59300,16.4722,750.8,42.1,53.5,0.958
59300,59310,16.4750,749.9,42.1,53.5,0.708
59310,59320,16.4778,748.7,42.1,53.5,0.692
59320,59330,16.4806,747.8,42.1,53.5,-0.635
59330,59340,16.4833,748.7,42.1,53.6,-1.24
59340,59350,16.4861,749.6,42.1,53.6,0.736
59350,59360,16.4889,749.0,42.1,53.5,-0.06
59360,59370,16.4917,748.7,42.1,53.5,0.95
59370,59380,16.4944,749.0,42.1,53.5,-0.637
59380,59390,16.4972,748.7,42.1,53.5,0.738
59390,59400,16.5000,748.4,42.1,53.5,0.307
59400,59410,16.5028,748.4,42.1,53.5,0.024
59410,59420,16.5056,748.4,42.1,53.5,0.567
59420,59430,16.5083,748.7,42.1,53.5,-0.0709
59430,59440,16.5111,747.5,42.1,53.5,-1.25
59440,59450,16.5139,749.0,42.1,53.5,-0.399
59450,59460,16.5167,751.4,42.1,53.5,-0.876
59460,59470,16.5194,751.1,42.1,53.6,-0.396
59470,59480,16.5222,750.8,42.1,53.5,-0.815
59480,59490,16.5250,748.1,42.1,53.5,-0.237
59490,59500,16.5278,746.9,42.1,53.5,0.151
59500,59510,16.5306,745.1,42.1,53.6,-0.196
59510,59520,16.5333,742.4,42.1,53.5,-0.436
59520,59530,16.5361,740.0,42.1,53.5,-0.0403
59530,59540,16.5389,737.4,42.1,53.5,-0.44
59540,59550,16.5417,736.8,42.1,53.5,0.384
59550,59560,16.5444,737.4,42.1,53.6,-0.44
59560,59570,16.5472,737.9,42.1,53.5,0.643
59570,59580,16.5500,738.5,42.1,53.5,0.643
59580,59590,16.5528,738.2,42.1,53.5,0.171
59590,59600,16.5556,739.7,42.1,53.6,-0.411
59600,59610,16.5583,740.6,42.2,53.5,0.618
59610,59620,16.5611,739.4,42.1,53.5,-0.234
59620,59630,16.5639,738.2,42.1,53.5,0.221
59630,59640,16.5667,737.6,42.1,53.6,-0.819
59640,59650,16.5694,736.8,42.1,53.6,-0.426
59650,59660,16.5722,736.5,42.1,53.5,0.197
59660,59670,16.5750,735.6,42.2,53.5,0.766
59670,59680,16.5778,734.7,42.2,53.5,-1.25
59680,59690,16.5806,735.3,42.2,53.6,-0.47
59690,59700,16.5833,736.2,42.2,53.6,-0.586
59700,59710,16.5861,737.4,42.2,53.5,-0.0022
59710,59720,16.5889,737.9,42.2,53.5,-0.00329
59720,59730,16.5917,738.2,42.2,53.5,-0.428
59730,59740,16.5944,738.8,42.2,53.6,-0.0861
59740,59750,16.5972,738.5,42.2,53.5,0.496
59750,59760,16.6000,736.8,42.2,53.6,0.174
59760,59770,16.6028,736.8,42.2,53.5,-0.0469
59770,59780,16.6056,737.6,42.2,53.5,-0.426
59780,59790,16.6083,737.1,42.2,53.5,-0.831
59790,59800,16.6111,736.8,42.2,53.5,0.369
59800,59810,16.6139,736.8,42.2,53.5,-0.811
59810,59820,16.6167,737.1,42.2,53.6,-0.149
59820,59830,16.6194,737.4,42.2,53.6,-0.622
59830,59840,16.6222,737.1,42.2,53.6,-0.036
59840,59850,16.6250,737.6,42.2,53.6,-0.185
59850,59860,16.6278,737.6,42.2,53.6,0.436
59860,59870,16.6306,737.4,42.2,53.6,-0.048
59870,59880,16.6333,736.5,42.2,53.5,-0.831
59880,59890,16.6361,736.5,42.2,53.5,0.405
59890,59900,16.6389,736.5,42.2,53.5,-0.438
59900,59910,16.6417,736.5,42.2,53.6,0.359
59910,59920,16.6444,735.9,42.2,53.5,-0.149
59920,59930,16.6472,735.9,42.3,53.5,0.753
59930,59940,16.6500,736.8,42.3,53.5,0.0185
59940,59950,16.6528,736.2,42.3,53.5,0.0174
59950,59960,16.6556,735.3,42.3,53.5,-0.792
59960,59970,16.6583,734.7,42.3,53.6,0.201
59970,59980,16.6611,734.7,42.3,53.6,-0.791
59980,59990,16.6639,734.7,42.3,53.5,-1.43
59990,60000,16.6667,734.1,42.3,53.5,-0.678
60000,60010,16.6694,734.7,42.3,53.5,0.201
60010,60020,16.6722,735.9,42.3,53.6,-1.38
60020,60030,16.6750,736.5,42.3,53.6,-1.26
60030,60040,16.6778,736.2,42.3,53.5,0.24
60040,60050,16.6806,736.2,42.3,53.5,-0.83
60050,60060,16.6833,736.8,42.3,53.6,-1.35
60060,60070,16.6861,737.6,42.3,53.6,0.144
60070,60080,16.6889,737.4,42.3,53.5,0.825
60080,60090,16.6917,738.5,42.3,53.6,0.387
60090,60100,16.6944,739.7,42.3,53.6,-0.833
60100,60110,16.6972,739.4,42.3,53.5,-0.625
60110,60120,16.7000,739.1,42.3,53.5,-0.00547
60120,60130,16.7028,740.9,42.3,53.5,0.348
60130,60140,16.7056,743.3,42.3,53.6,-0.11
60140,60150,16.7083,745.7,42.3,53.5,-0.794
60150,60160,16.7111,746.9,42.3,53.5,-0.169
60160,60170,16.7139,748.7,42.3,53.5,0.12
60170,60180,16.7167,751.1,42.3,53.5,-0.504
60180,60190,16.7194,752.0,42.3,53.5,-0.961
60190,60200,16.7222,753.5,42.3,53.5,-0.875
60200,60210,16.7250,755.9,42.3,53.5,-0.259
60210,60220,16.7278,756.5,42.3,53.5,-0.661
