data/raw/Flight3/O3_POLAR6_201504081330_R0_L1_NETCARE.ict
37, 1001
Staebler, Ralf
Environment Canada
Thermo 49i ozone data
Polar 6 NETCARE
1, 1
2015, 4, 8, 2015, 9, 30
0
Start_UTC, seconds
6
1, 1, 1, 1, 1, 1
-9999, -9999, -999.9, -99.9, -99.9, -99.9
Stop_UTC, seconds
hr, decimal hours (UTC)
Press, cell pressure (Torr)
BenchT, instrument temperature (deg C)
LampT, ozone lamp temperature (deg C)
O3, ozone mixing ratio (ppbv)
1
Press, BenchT, LampT are included for diagnostics
16
PI_CONTACT_INFO: Address: 4905 Dufferin Street, Toronto, ON M3H 5T4; email: Ralf.Staebler@ec.gc.ca
PLATFORM: Polar 6 
LOCATION: Location data varies as seen in this file
INSTRUMENT_INFO: Thermo Scienfific ozone analyzer model 49i, S.N. 0606014771
UNCERTAINTY: 0.2 ppbv 
ULOD_FLAG: -7777
ULOD_VALUE: N/A
LLOD_FLAG: -8888
LLOD_VALUE: N/A
DM_CONTACT_INFO: Ralf Staebler; Environment Canada; Ralf.Staebler@ec.gc.ca
PROJECT_INFO: Polar 6 NETCARE Spring 2015 campaign
STIPULATIONS_ON_USE: If use of this data will lead to a publication, we ask that the PI be informed.
OTHER_COMMENTS: N/A
REVISION: R0
R0: First set of data.
Start_UTC,Stop_UTC,hr,Press,BenchT,LampT,O3
49870,49880,13.8556,746.0,21.0,53.1,-99.9
49880,49890,13.8583,741.2,21.0,53.1,-99.9
49890,49900,13.8611,737.1,21.1,53.1,-99.9
49900,49910,13.8639,733.5,21.1,53.1,-99.9
49910,49920,13.8667,728.7,21.2,53.1,-99.9
49920,49930,13.8694,724.2,21.2,53.1,-99.9
49930,49940,13.8722,722.1,21.3,53.1,-99.9
49940,49950,13.8750,719.1,21.3,53.1,-99.9
49950,49960,13.8778,715.2,21.4,53.1,-99.9
49960,49970,13.8806,711.3,21.4,53.1,-99.9
49970,49980,13.8833,707.1,21.5,53.1,-99.9
49980,49990,13.8861,702.6,21.5,53.1,-99.9
49990,50000,13.8889,700.5,21.5,53.1,-99.9
50000,50010,13.8917,700.8,21.6,53.1,-99.9
50010,50020,13.8944,699.6,21.6,53.1,-99.9
50020,50030,13.8972,697.5,21.7,53.1,-99.9
50030,50040,13.9000,694.5,21.7,53.1,-99.9
50040,50050,13.9028,692.4,21.8,53.1,-99.9
50050,50060,13.9056,690.3,21.8,53.1,-99.9
50060,50070,13.9083,689.1,21.9,53.1,-99.9
50070,50080,13.9111,685.8,21.9,53.1,-99.9
50080,50090,13.9139,682.2,22.0,53.1,-99.9
50090,50100,13.9167,680.7,22.0,53.1,-99.9
50100,50110,13.9194,679.5,22.1,53.1,-99.9
50110,50120,13.9222,677.1,22.1,53.1,-99.9
50120,50130,13.9250,675.0,22.2,53.1,-99.9
50130,50140,13.9278,673.5,22.2,53.1,-99.9
50140,50150,13.9306,670.2,22.3,53.1,-99.9
50150,50160,13.9333,666.6,22.3,53.1,-99.9
50160,50170,13.9361,664.2,22.3,53.1,-99.9
50170,50180,13.9389,663.6,22.4,53.1,-99.9
50180,50190,13.9417,662.4,22.4,53.2,-99.9
50190,50200,13.9444,660.3,22.5,53.1,-99.9
50200,50210,13.9472,658.6,22.6,53.1,-99.9
50210,50220,13.9500,656.2,22.6,53.1,-99.9
50220,50230,13.9528,654.4,22.7,53.1,-99.9
50230,50240,13.9556,651.7,22.7,53.2,-99.9
50240,50250,13.9583,649.6,22.8,53.1,-99.9
50250,50260,13.9611,648.4,22.8,53.2,-99.9
50260,50270,13.9639,645.1,22.8,53.1,-99.9
50270,50280,13.9667,642.4,22.9,53.2,-99.9
50280,50290,13.9694,639.7,22.9,53.2,-99.9
50290,50300,13.9722,639.1,23.0,53.2,-99.9
50300,50310,13.9750,638.5,23.0,53.2,-99.9
50310,50320,13.9778,636.7,23.1,53.1,-99.9
50320,50330,13.9806,634.3,23.1,53.2,-99.9
50330,50340,13.9833,632.5,23.2,53.1,-99.9
50340,50350,13.9861,628.0,23.2,53.2,-99.9
50350,50360,13.9889,625.0,23.3,53.2,-99.9
50360,50370,13.9917,623.8,23.3,53.2,-99.9
50370,50380,13.9944,622.3,23.4,53.2,-99.9
50380,50390,13.9972,619.9,23.4,53.1,-99.9
50390,50400,14.0000,619.3,23.4,53.2,-99.9
50400,50410,14.0028,617.2,23.5,53.1,-99.9
50410,50420,14.0056,613.9,23.6,53.1,-99.9
50420,50430,14.0083,609.1,23.6,53.1,-99.9
50430,50440,14.0111,605.5,23.6,53.2,-99.9
50440,50450,14.0139,605.5,23.7,53.2,-99.9
50450,50460,14.0167,606.7,23.7,53.1,-99.9
50460,50470,14.0194,606.1,23.8,53.1,-99.9
50470,50480,14.0222,605.2,23.8,53.2,-99.9
50480,50490,14.0250,601.3,23.9,53.2,-99.9
50490,50500,14.0278,597.7,23.9,53.1,-99.9
50500,50510,14.0306,594.1,24.0,53.2,-99.9
50510,50520,14.0333,592.3,24.0,53.2,-99.9
50520,50530,14.0361,592.3,24.1,53.2,-99.9
50530,50540,14.0389,590.5,24.1,53.2,-99.9
50540,50550,14.0417,587.8,24.2,53.2,-99.9
50550,50560,14.0444,584.5,24.2,53.2,-99.9
50560,50570,14.0472,581.9,24.2,53.2,-99.9
50570,50580,14.0500,580.4,24.3,53.2,-99.9
50580,50590,14.0528,578.9,24.3,53.2,-99.9
50590,50600,14.0556,577.1,24.4,53.2,-99.9
50600,50610,14.0583,575.6,24.4,53.2,-99.9
50610,50620,14.0611,573.8,24.5,53.2,-99.9
50620,50630,14.0639,571.7,24.5,53.2,-99.9
50630,50640,14.0667,569.6,24.6,53.2,-99.9
50640,50650,14.0694,568.1,24.6,53.2,-99.9
50650,50660,14.0722,567.2,24.7,53.2,-99.9
50660,50670,14.0750,564.8,24.7,53.2,-99.9
50670,50680,14.0778,563.3,24.8,53.2,-99.9
50680,50690,14.0806,561.5,24.8,53.2,-99.9
50690,50700,14.0833,561.2,24.9,53.2,-99.9
50700,50710,14.0861,560.3,24.9,53.2,-99.9
50710,50720,14.0889,558.5,25.0,53.2,-99.9
50720,50730,14.0917,556.4,25.0,53.2,-99.9
50730,50740,14.0944,554.9,25.1,53.2,-99.9
50740,50750,14.0972,553.1,25.1,53.2,-99.9
50750,50760,14.1000,550.7,25.1,53.2,-99.9
50760,50770,14.1028,548.3,25.2,53.2,-99.9
50770,50780,14.1056,546.8,25.2,53.2,-99.9
50780,50790,14.1083,545.0,25.3,53.2,-99.9
50790,50800,14.1111,542.9,25.3,53.2,-99.9
50800,50810,14.1139,541.4,25.4,53.2,-99.9
50810,50820,14.1167,540.2,25.4,53.2,-99.9
50820,50830,14.1194,538.1,25.5,53.2,-99.9
50830,50840,14.1222,536.6,25.5,53.2,-99.9
50840,50850,14.1250,536.0,25.6,53.3,-99.9
50850,50860,14.1278,536.6,25.6,53.2,-99.9
50860,50870,14.1306,536.3,25.7,53.2,-99.9
50870,50880,14.1333,534.2,25.7,53.3,-99.9
50880,50890,14.1361,532.1,25.8,53.3,-99.9
50890,50900,14.1389,531.2,25.8,53.2,-99.9
50900,50910,14.1417,529.4,25.8,53.2,-99.9
50910,50920,14.1444,527.3,25.9,53.2,-99.9
50920,50930,14.1472,524.3,25.9,53.2,-99.9
50930,50940,14.1500,523.1,26.0,53.3,-99.9
50940,50950,14.1528,522.2,26.0,53.3,-99.9
50950,50960,14.1556,520.7,26.1,53.2,-99.9
50960,50970,14.1583,518.6,26.1,53.3,-99.9
50970,50980,14.1611,517.7,26.2,53.3,-99.9
50980,50990,14.1639,517.4,26.2,53.3,-99.9
50990,51000,14.1667,517.1,26.2,53.3,-99.9
51000,51010,14.1694,517.1,26.3,53.3,-99.9
51010,51020,14.1722,515.9,26.3,53.3,-99.9
51020,51030,14.1750,514.7,26.4,53.3,-99.9
51030,51040,14.1778,513.2,26.4,53.2,-99.9
51040,51050,14.1806,512.0,26.5,53.3,-99.9
51050,51060,14.1833,511.4,26.5,53.3,-99.9
51060,51070,14.1861,510.5,26.6,53.3,-99.9
51070,51080,14.1889,508.7,26.6,53.3,-99.9
51080,51090,14.1917,508.1,26.6,53.3,-99.9
51090,51100,14.1944,507.2,26.7,53.3,-99.9
51100,51110,14.1972,507.2,26.7,53.3,-99.9
51110,51120,14.2000,506.3,26.8,53.3,-99.9
51120,51130,14.2028,506.3,26.8,53.3,-99.9
51130,51140,14.2056,507.2,26.9,53.3,-99.9
51140,51150,14.2083,507.2,26.9,53.3,-99.9
51150,51160,14.2111,506.6,27.0,53.3,-99.9
51160,51170,14.2139,508.1,27.0,53.3,-99.9
51170,51180,14.2167,510.2,27.0,53.3,-99.9
51180,51190,14.2194,511.1,27.1,53.3,-99.9
51190,51200,14.2222,512.6,27.1,53.3,-99.9
51200,51210,14.2250,514.7,27.2,53.3,-99.9
51210,51220,14.2278,517.1,27.2,53.3,-99.9
51220,51230,14.2306,518.6,27.3,53.3,-99.9
51230,51240,14.2333,520.1,27.3,53.3,-99.9
51240,51250,14.2361,521.6,27.4,53.3,-99.9
51250,51260,14.2389,523.1,27.4,53.3,-99.9
51260,51270,14.2417,524.9,27.4,53.3,-99.9
51270,51280,14.2444,526.1,27.5,53.3,-99.9
51280,51290,14.2472,528.2,27.5,53.3,-99.9
51290,51300,14.2500,530.6,27.6,53.3,-99.9
51300,51310,14.2528,532.1,27.6,53.3,-99.9
51310,51320,14.2556,533.6,27.7,53.3,-99.9
51320,51330,14.2583,535.7,27.7,53.3,-99.9
51330,51340,14.2611,537.8,27.8,53.3,-99.9
51340,51350,14.2639,539.6,27.8,53.3,-99.9
51350,51360,14.2667,541.1,27.8,53.3,-99.9
51360,51370,14.2694,542.9,27.9,53.3,-99.9
51370,51380,14.2722,545.6,27.9,53.3,-99.9
51380,51390,14.2750,548.0,28.0,53.3,-99.9
51390,51400,14.2778,548.9,28.0,53.3,-99.9
51400,51410,14.2806,550.1,28.1,53.3,-99.9
51410,51420,14.2833,551.9,28.1,53.3,-99.9
51420,51430,14.2861,554.0,28.1,53.3,-99.9
51430,51440,14.2889,554.6,28.2,53.3,-99.9
51440,51450,14.2917,556.1,28.2,53.3,-99.9
51450,51460,14.2944,557.9,28.3,53.3,-99.9
51460,51470,14.2972,559.1,28.3,53.3,-99.9
51470,51480,14.3000,559.4,28.4,53.3,-99.9
51480,51490,14.3028,560.0,28.4,53.3,-99.9
51490,51500,14.3056,560.9,28.4,53.3,-99.9
51500,51510,14.3083,560.9,28.5,53.3,-99.9
51510,51520,14.3111,560.0,28.5,53.3,-99.9
51520,51530,14.3139,559.7,28.6,53.3,-99.9
51530,51540,14.3167,559.7,28.6,53.3,-99.9
51540,51550,14.3194,560.0,28.7,53.3,-99.9
51550,51560,14.3222,559.7,28.7,53.3,-99.9
51560,51570,14.3250,559.4,28.7,53.3,-99.9
51570,51580,14.3278,559.7,28.8,53.3,-99.9
51580,51590,14.3306,559.7,28.8,53.3,-99.9
51590,51600,14.3333,559.7,28.9,53.3,-99.9
51600,51610,14.3361,559.7,28.9,53.3,-99.9
51610,51620,14.3389,560.6,28.9,53.3,-99.9
51620,51630,14.3417,560.9,29.0,53.3,-99.9
51630,51640,14.3444,560.3,29.0,53.3,-99.9
51640,51650,14.3472,559.7,29.1,53.3,-99.9
51650,51660,14.3500,560.0,29.1,53.3,-99.9
51660,51670,14.3528,560.6,29.1,53.3,-99.9
51670,51680,14.3556,561.8,29.2,53.3,-99.9
51680,51690,14.3583,563.9,29.2,53.3,-99.9
51690,51700,14.3611,566.6,29.2,53.3,-99.9
51700,51710,14.3639,569.0,29.3,53.3,-99.9
51710,51720,14.3667,570.2,29.4,53.3,-99.9
51720,51730,14.3694,572.0,29.4,53.3,-99.9
51730,51740,14.3722,574.4,29.4,53.3,-99.9
51740,51750,14.3750,576.2,29.5,53.3,-99.9
51750,51760,14.3778,578.0,29.5,53.3,-99.9
51760,51770,14.3806,580.1,29.5,53.3,-99.9
51770,51780,14.3833,581.9,29.6,53.3,-99.9
51780,51790,14.3861,583.9,29.6,53.3,-99.9
51790,51800,14.3889,585.4,29.7,53.3,-99.9
51800,51810,14.3917,586.6,29.7,53.3,-99.9
51810,51820,14.3944,589.0,29.7,53.3,-99.9
51820,51830,14.3972,590.5,29.8,53.3,-99.9
51830,51840,14.4000,592.3,29.8,53.3,-99.9
51840,51850,14.4028,594.7,29.9,53.3,-99.9
51850,51860,14.4056,596.5,29.9,53.3,-99.9
51860,51870,14.4083,598.3,29.9,53.3,-99.9
51870,51880,14.4111,599.2,30.0,53.3,-99.9
51880,51890,14.4139,600.4,30.0,53.3,-99.9
51890,51900,14.4167,601.9,30.1,53.4,-99.9
51900,51910,14.4194,603.4,30.1,53.3,-99.9
51910,51920,14.4222,604.3,30.1,53.3,-99.9
51920,51930,14.4250,607.0,30.2,53.3,-99.9
51930,51940,14.4278,610.3,30.2,53.3,-99.9
51940,51950,14.4306,612.4,30.2,53.3,-99.9
51950,51960,14.4333,614.2,30.3,53.3,-99.9
51960,51970,14.4361,616.3,30.3,53.3,-99.9
51970,51980,14.4389,607.9,30.4,53.3,-99.9
51980,51990,14.4417,609.7,30.4,53.4,-99.9
51990,52000,14.4444,611.2,30.4,53.3,-99.9
52000,52010,14.4472,613.9,30.5,53.3,-99.9
52010,52020,14.4500,616.6,30.5,53.4,28.5
52020,52030,14.4528,617.5,30.6,53.3,27.6
52030,52040,14.4556,618.1,30.6,53.3,28.4
52040,52050,14.4583,619.6,30.6,53.3,30
52050,52060,14.4611,622.3,30.7,53.3,29
52060,52070,14.4639,625.0,30.7,53.4,26.9
52070,52080,14.4667,626.5,30.7,53.4,26.3
52080,52090,14.4694,628.6,30.8,53.4,26
52090,52100,14.4722,630.4,30.8,53.4,27.1
52100,52110,14.4750,631.9,30.8,53.4,26.2
52110,52120,14.4778,633.1,30.9,53.3,25.9
52120,52130,14.4806,634.6,30.9,53.3,26
52130,52140,14.4833,636.7,30.9,53.3,25.7
52140,52150,14.4861,638.8,31.0,53.4,26.4
52150,52160,14.4889,640.3,31.0,53.3,25.9
52160,52170,14.4917,641.8,31.0,53.3,25.9
52170,52180,14.4944,643.6,31.1,53.3,26.7
52180,52190,14.4972,645.1,31.1,53.3,25.5
52190,52200,14.5000,646.0,31.1,53.3,25.8
52200,52210,14.5028,647.8,31.2,53.4,25.9
52210,52220,14.5056,650.5,31.2,53.4,25.2
52220,52230,14.5083,652.9,31.2,53.4,24.4
52230,52240,14.5111,655.0,31.3,53.3,23.9
52240,52250,14.5139,656.8,31.3,53.3,21.8
52250,52260,14.5167,659.2,31.3,53.3,20.4
52260,52270,14.5194,660.9,31.4,53.4,21.8
52270,52280,14.5222,662.4,31.4,53.4,21.5
52280,52290,14.5250,664.5,31.5,53.2,21.1
52290,52300,14.5278,667.2,31.5,53.4,20.9
52300,52310,14.5306,669.9,31.5,53.3,21.7
52310,52320,14.5333,671.7,31.6,53.4,21.4
52320,52330,14.5361,674.4,31.6,53.3,20.3
52330,52340,14.5389,678.0,31.6,53.4,21.5
52340,52350,14.5417,680.4,31.6,53.3,22.6
52350,52360,14.5444,682.5,31.7,53.3,23.1
52360,52370,14.5472,684.3,31.7,53.3,25.3
52370,52380,14.5500,687.0,31.7,53.3,24.4
52380,52390,14.5528,688.8,31.8,53.3,24.1
52390,52400,14.5556,689.7,31.8,53.4,24.2
52400,52410,14.5583,690.6,31.8,53.3,24.4
52410,52420,14.5611,693.3,31.8,53.4,24.6
52420,52430,14.5639,695.1,31.9,53.3,24.3
52430,52440,14.5667,696.0,31.9,53.4,25.5
52440,52450,14.5694,698.1,31.9,53.4,28.3
52450,52460,14.5722,700.8,32.0,53.4,29.7
52460,52470,14.5750,702.6,32.0,53.4,30.1
52470,52480,14.5778,702.9,32.0,53.3,29.9
52480,52490,14.5806,704.4,32.1,53.3,32.3
52490,52500,14.5833,708.0,32.1,53.3,31.3
52500,52510,14.5861,709.8,32.1,53.4,31.6
52510,52520,14.5889,711.3,32.1,53.3,31.7
52520,52530,14.5917,712.5,32.2,53.3,32.3
52530,52540,14.5944,714.9,32.2,53.3,33.1
52540,52550,14.5972,715.8,32.3,53.3,33.9
52550,52560,14.6000,715.8,32.3,53.3,31.7
52560,52570,14.6028,717.9,32.3,53.3,30.8
52570,52580,14.6056,720.6,32.3,53.3,29.4
52580,52590,14.6083,722.4,32.4,53.3,28.1
52590,52600,14.6111,724.2,32.4,53.3,26.4
52600,52610,14.6139,726.0,32.4,53.3,24.6
52610,52620,14.6167,726.6,32.4,53.4,25.2
52620,52630,14.6194,728.1,32.5,53.3,21.5
52630,52640,14.6222,729.6,32.5,53.3,20.3
52640,52650,14.6250,731.7,32.5,53.3,19.8
52650,52660,14.6278,734.1,32.6,53.3,19.1
52660,52670,14.6306,735.9,32.6,53.3,17.9
52670,52680,14.6333,737.4,32.6,53.3,17
52680,52690,14.6361,739.1,32.6,53.4,17.3
52690,52700,14.6389,740.6,32.7,53.4,16
52700,52710,14.6417,742.1,32.7,53.3,16.2
52710,52720,14.6444,742.1,32.7,53.3,15.8
52720,52730,14.6472,740.9,32.7,53.3,16
52730,52740,14.6500,739.7,32.8,53.3,16
52740,52750,14.6528,739.1,32.8,53.4,14.3
52750,52760,14.6556,736.2,32.8,53.3,13.8
52760,52770,14.6583,735.0,32.8,53.3,18.2
52770,52780,14.6611,736.5,32.9,53.3,21.7
52780,52790,14.6639,738.2,32.9,53.4,23.7
52790,52800,14.6667,738.8,32.9,53.3,24.9
52800,52810,14.6694,738.5,32.9,53.4,24.9
52810,52820,14.6722,739.1,32.9,53.3,25.7
52820,52830,14.6750,740.3,33.0,53.4,24
52830,52840,14.6778,740.0,33.0,53.3,23.8
52840,52850,14.6806,740.3,33.0,53.3,23.8
52850,52860,14.6833,740.9,33.1,53.3,24.4
52860,52870,14.6861,740.3,33.1,53.3,21.9
52870,52880,14.6889,739.4,33.1,53.4,21.9
52880,52890,14.6917,739.4,33.2,53.4,22.3
52890,52900,14.6944,740.3,33.2,53.4,23.5
52900,52910,14.6972,741.5,33.2,53.3,22.7
52910,52920,14.7000,741.5,33.2,53.3,22.6
52920,52930,14.7028,741.2,33.2,53.3,24.8
52930,52940,14.7056,742.1,33.3,53.3,24.3
52940,52950,14.7083,741.5,33.3,53.4,23.6
52950,52960,14.7111,741.2,33.3,53.4,23
52960,52970,14.7139,740.6,33.3,53.3,23.7
52970,52980,14.7167,739.4,33.3,53.3,21.3
52980,52990,14.7194,736.2,33.4,53.3,18.5
52990,53000,14.7222,730.5,33.4,53.4,17.3
53000,53010,14.7250,729.9,33.4,53.4,21.9
53010,53020,14.7278,728.4,33.4,53.4,21.1
53020,53030,14.7306,726.6,33.5,53.3,26
53030,53040,14.7333,723.6,33.5,53.3,26.8
53040,53050,14.7361,720.6,33.5,53.3,27.2
53050,53060,14.7389,717.6,33.5,53.4,28.1
53060,53070,14.7417,714.9,33.5,53.4,28
53070,53080,14.7444,714.0,33.6,53.4,30.1
53080,53090,14.7472,711.3,33.6,53.3,30.4
53090,53100,14.7500,710.4,33.6,53.4,30.5
53100,53110,14.7528,708.0,33.6,53.4,31.8
53110,53120,14.7556,705.0,33.6,53.4,30.6
53120,53130,14.7583,702.3,33.7,53.4,27.3
53130,53140,14.7611,700.8,33.7,53.4,27.8
53140,53150,14.7639,698.4,33.7,53.4,26.7
53150,53160,14.7667,695.1,33.7,53.3,26.3
53160,53170,14.7694,692.7,33.7,53.4,26.3
53170,53180,14.7722,690.9,33.8,53.4,25.7
53180,53190,14.7750,689.1,33.8,53.4,24.7
53190,53200,14.7778,687.0,33.8,53.4,25
53200,53210,14.7806,684.6,33.9,53.4,25.5
53210,53220,14.7833,682.8,33.9,53.4,25.7
53220,53230,14.7861,679.8,33.9,53.4,25
53230,53240,14.7889,676.8,33.9,53.4,24.3
53240,53250,14.7917,675.3,33.9,53.4,24.8
53250,53260,14.7944,674.4,34.0,53.4,23.8
53260,53270,14.7972,672.6,34.0,53.4,22
53270,53280,14.8000,670.8,34.0,53.4,22.4
53280,53290,14.8028,668.7,34.0,53.4,22.7
53290,53300,14.8056,667.2,34.0,53.4,23
53300,53310,14.8083,665.4,34.1,53.4,22.1
53310,53320,14.8111,663.0,34.1,53.4,21.1
53320,53330,14.8139,660.9,34.1,53.4,23.4
53330,53340,14.8167,658.3,34.1,53.4,22
53340,53350,14.8194,655.6,34.1,53.4,21.7
53350,53360,14.8222,652.9,34.2,53.4,21.7
53360,53370,14.8250,650.8,34.2,53.4,22
53370,53380,14.8278,648.7,34.2,53.4,23
53380,53390,14.8306,646.3,34.2,53.4,22
53390,53400,14.8333,644.2,34.2,53.4,22.8
53400,53410,14.8361,642.7,34.3,53.4,21
53410,53420,14.8389,641.5,34.3,53.4,22.2
53420,53430,14.8417,639.4,34.3,53.4,20.2
53430,53440,14.8444,636.4,34.3,53.4,20.2
53440,53450,14.8472,634.6,34.3,53.4,21.3
53450,53460,14.8500,633.1,34.4,53.4,20.9
53460,53470,14.8528,631.3,34.4,53.4,20.9
53470,53480,14.8556,629.5,34.4,53.4,23.7
53480,53490,14.8583,628.0,34.4,53.4,23.7
53490,53500,14.8611,626.8,34.5,53.4,26.2
53500,53510,14.8639,625.3,34.5,53.4,27.6
53510,53520,14.8667,622.9,34.5,53.4,27.4
53520,53530,14.8694,620.8,34.5,53.4,28.1
53530,53540,14.8722,619.0,34.5,53.4,29.1
53540,53550,14.8750,617.5,34.6,53.4,27.4
53550,53560,14.8778,615.4,34.6,53.4,31.8
53560,53570,14.8806,613.3,34.6,53.4,33.5
53570,53580,14.8833,611.8,34.6,53.4,31.9
53580,53590,14.8861,610.9,34.7,53.4,37.6
53590,53600,14.8889,609.7,34.7,53.4,40.1
53600,53610,14.8917,607.9,34.7,53.4,40.4
53610,53620,14.8944,606.1,34.7,53.4,41.1
53620,53630,14.8972,604.3,34.7,53.4,41.3
53630,53640,14.9000,602.5,34.8,53.4,41.5
53640,53650,14.9028,601.3,34.8,53.4,40.6
53650,53660,14.9056,600.7,34.8,53.4,39.9
53660,53670,14.9083,598.6,34.8,53.4,41.6
53670,53680,14.9111,595.9,34.9,53.4,41.4
53680,53690,14.9139,593.5,34.9,53.4,41.7
53690,53700,14.9167,591.7,34.9,53.4,41.6
53700,53710,14.9194,589.6,34.9,53.4,42.7
53710,53720,14.9222,587.2,35.0,53.4,43.2
53720,53730,14.9250,585.4,35.0,53.4,43.1
