data/raw/Flight3/O3_POLAR6_201504081330_R0_L1_NETCARE.ict
37, 1001
Staebler, Ralf
Environment Canada
Thermo 49i ozone data
Polar 6 NETCARE
1, 1
2015, 4, 8, 2015, 9, 30
0
Start_UTC, seconds
6
1, 1, 1, 1, 1, 1
-9999, -9999, -999.9, -99.9, -99.9, -99.9
Stop_UTC, seconds
hr, decimal hours (UTC)
Press, cell pressure (Torr)
BenchT, instrument temperature (deg C)
LampT, ozone lamp temperature (deg C)
O3, ozone mixing ratio (ppbv)
1
Press, BenchT, LampT are included for diagnostics
16
PI_CONTACT_INFO: Address: 4905 Dufferin Street, Toronto, ON M3H 5T4; email: Ralf.Staebler@ec.gc.ca
PLATFORM: Polar 6 
LOCATION: Location data varies as seen in this file
INSTRUMENT_INFO: Thermo Scienfific ozone analyzer model 49i, S.N. 0606014771
UNCERTAINTY: 0.2 ppbv 
ULOD_FLAG: -7777
ULOD_VALUE: N/A
LLOD_FLAG: -8888
LLOD_VALUE: N/A
DM_CONTACT_INFO: Ralf Staebler; Environment Canada; Ralf.Staebler@ec.gc.ca
PROJECT_INFO: Polar 6 NETCARE Spring 2015 campaign
STIPULATIONS_ON_USE: If use of this data will lead to a publication, we ask that the PI be informed.
OTHER_COMMENTS: N/A
REVISION: R0
R0: First set of data.
Start_UTC,Stop_UTC,hr,Press,BenchT,LampT,O3
[from data line 387]
53740,53750,14.9306,580.7,35.0,53.4,43.4
53750,53760,14.9333,578.0,35.0,53.4,42.6
53760,53770,14.9361,576.2,35.1,53.4,42.7
53770,53780,14.9389,575.6,35.1,53.4,42.8
53780,53790,14.9417,574.1,35.1,53.4,41.6
53790,53800,14.9444,572.3,35.1,53.4,41.7
53800,53810,14.9472,570.8,35.2,53.4,42.5
53810,53820,14.9500,569.6,35.2,53.4,42.8
53820,53830,14.9528,567.5,35.2,53.4,42.7
53830,53840,14.9556,564.8,35.2,53.4,42.3
53840,53850,14.9583,563.9,35.2,53.4,44.7
53850,53860,14.9611,563.0,35.2,53.4,42.6
53860,53870,14.9639,561.5,35.3,53.4,42.3
53870,53880,14.9667,559.1,35.3,53.4,42
53880,53890,14.9694,557.3,35.3,53.4,42.8
53890,53900,14.9722,556.1,35.3,53.4,42.9
53900,53910,14.9750,554.3,35.3,53.4,42.4
53910,53920,14.9778,551.6,35.4,53.4,43.5
53920,53930,14.9806,549.2,35.4,53.4,45.2
53930,53940,14.9833,548.0,35.4,53.4,43.5
53940,53950,14.9861,546.5,35.5,53.4,42
53950,53960,14.9889,544.7,35.5,53.4,43
53960,53970,14.9917,542.6,35.5,53.4,45.4
53970,53980,14.9944,541.4,35.5,53.4,45.5
53980,53990,14.9972,540.2,35.5,53.4,43.8
53990,54000,15.0000,538.1,35.6,53.4,44.5
54000,54010,15.0028,536.6,35.6,53.4,44.6
54010,54020,15.0056,535.4,35.6,53.4,43.4
54020,54030,15.0083,533.6,35.6,53.5,43
54030,54040,15.0111,531.2,35.6,53.4,44
54040,54050,15.0139,530.0,35.7,53.4,43.6
54050,54060,15.0167,529.7,35.7,53.4,46.2
54060,54070,15.0194,527.6,35.7,53.5,44
54070,54080,15.0222,526.1,35.7,53.4,44.4
54080,54090,15.0250,524.9,35.8,53.5,44.9
54090,54100,15.0278,523.7,35.8,53.4,43.3
54100,54110,15.0306,522.5,35.8,53.4,43.9
54110,54120,15.0333,520.7,35.8,53.4,44.1
54120,54130,15.0361,519.8,35.8,53.4,42.5
54130,54140,15.0389,519.2,35.9,53.4,41.5
54140,54150,15.0417,518.3,35.9,53.4,41.5
54150,54160,15.0444,516.8,35.9,53.5,42.7
54160,54170,15.0472,515.3,35.9,53.5,44.1
54170,54180,15.0500,513.5,35.9,53.4,43.4
54180,54190,15.0528,510.8,36.0,53.5,41.8
54190,54200,15.0556,508.4,36.0,53.4,43.2
54200,54210,15.0583,507.2,36.0,53.4,43.3
54210,54220,15.0611,507.8,36.0,53.5,43
54220,54230,15.0639,508.4,36.1,53.5,42.1
54230,54240,15.0667,507.5,36.1,53.4,42.4
54240,54250,15.0694,507.5,36.1,53.5,42.5
54250,54260,15.0722,507.8,36.1,53.4,41.9
54260,54270,15.0750,508.1,36.1,53.5,41.6
54270,54280,15.0778,507.8,36.2,53.4,42.7
54280,54290,15.0806,507.5,36.2,53.5,43.1
54290,54300,15.0833,507.8,36.2,53.4,44.2
54300,54310,15.0861,507.5,36.2,53.5,43.6
54310,54320,15.0889,507.5,36.3,53.5,43.9
54320,54330,15.0917,507.2,36.3,53.4,45.7
54330,54340,15.0944,507.8,36.3,53.5,45.4
54340,54350,15.0972,508.1,36.3,53.5,44.5
54350,54360,15.1000,507.5,36.3,53.5,43.9
54360,54370,15.1028,508.1,36.4,53.5,44
54370,54380,15.1056,509.0,36.4,53.4,46.1
54380,54390,15.1083,508.7,36.4,53.5,47.6
54390,54400,15.1111,508.7,36.4,53.5,47.9
54400,54410,15.1139,507.8,36.4,53.5,47.9
54410,54420,15.1167,508.1,36.5,53.5,48.6
54420,54430,15.1194,508.1,36.5,53.5,47.9
54430,54440,15.1222,507.5,36.5,53.5,45
54440,54450,15.1250,508.1,36.5,53.4,45.9
54450,54460,15.1278,507.5,36.6,53.5,46.6
54460,54470,15.1306,507.2,36.6,53.5,43.6
54470,54480,15.1333,506.9,36.6,53.5,42.2
54480,54490,15.1361,507.5,36.6,53.5,45.4
54490,54500,15.1389,508.1,36.6,53.4,46
54500,54510,15.1417,508.1,36.7,53.5,44.6
54510,54520,15.1444,507.8,36.7,53.4,42.4
54520,54530,15.1472,508.1,36.7,53.4,41.9
54530,54540,15.1500,508.4,36.7,53.5,43.4
54540,54550,15.1528,508.7,36.7,53.5,42.2
54550,54560,15.1556,508.1,36.7,53.5,43.9
54560,54570,15.1583,508.7,36.8,53.4,43
54570,54580,15.1611,509.6,36.8,53.5,43
54580,54590,15.1639,508.4,36.8,53.4,42.6
54590,54600,15.1667,507.8,36.9,53.5,42.8
54600,54610,15.1694,507.2,36.9,53.5,43.4
54610,54620,15.1722,506.9,36.9,53.5,42.4
54620,54630,15.1750,506.3,36.9,53.5,41.2
54630,54640,15.1778,506.0,36.9,53.5,42.7
54640,54650,15.1806,506.3,36.9,53.4,42.1
54650,54660,15.1833,507.5,37.0,53.5,44.4
54660,54670,15.1861,507.8,37.0,53.5,46.8
54670,54680,15.1889,508.4,37.0,53.5,43.3
54680,54690,15.1917,508.7,37.0,53.5,44.8
54690,54700,15.1944,508.7,37.0,53.5,42.6
54700,54710,15.1972,508.7,37.0,53.5,43.9
54710,54720,15.2000,507.8,37.1,53.5,44.2
54720,54730,15.2028,507.8,37.1,53.5,43.7
54730,54740,15.2056,507.8,37.1,53.5,44.6
54740,54750,15.2083,508.1,37.1,53.5,42.2
54750,54760,15.2111,507.5,37.1,53.5,44.2
54760,54770,15.2139,506.6,37.2,53.5,42.7
54770,54780,15.2167,506.6,37.2,53.5,42.4
54780,54790,15.2194,506.3,37.2,53.5,45.1
54790,54800,15.2222,506.3,37.2,53.5,47.6
54800,54810,15.2250,506.9,37.2,53.4,47.6
54810,54820,15.2278,506.6,37.2,53.5,48.4
54820,54830,15.2306,505.1,37.3,53.5,50.1
54830,54840,15.2333,504.0,37.3,53.5,49.9
54840,54850,15.2361,501.6,37.3,53.5,48.7
54850,54860,15.2389,500.1,37.3,53.5,49.6
54860,54870,15.2417,498.3,37.4,53.5,48.4
54870,54880,15.2444,495.9,37.4,53.5,49.2
54880,54890,15.2472,494.1,37.4,53.5,45.9
54890,54900,15.2500,492.3,37.4,53.5,45.5
54900,54910,15.2528,489.6,37.4,53.5,45.4
54910,54920,15.2556,486.9,37.4,53.5,47.1
54920,54930,15.2583,486.0,37.4,53.5,47
54930,54940,15.2611,485.4,37.5,53.5,47.1
54940,54950,15.2639,484.2,37.5,53.5,47.1
54950,54960,15.2667,482.4,37.5,53.5,47.8
54960,54970,15.2694,480.3,37.5,53.5,49.1
54970,54980,15.2722,478.5,37.5,53.5,46.9
54980,54990,15.2750,476.7,37.5,53.5,47.1
54990,55000,15.2778,474.6,37.5,53.5,48.3
55000,55010,15.2806,473.4,37.6,53.5,49
55010,55020,15.2833,472.8,37.6,53.5,47.7
55020,55030,15.2861,471.0,37.6,53.5,49.1
55030,55040,15.2889,469.2,37.6,53.5,47.8
55040,55050,15.2917,467.1,37.6,53.5,48.4
55050,55060,15.2944,465.3,37.6,53.5,48.3
55060,55070,15.2972,462.6,37.7,53.5,49.4
55070,55080,15.3000,459.9,37.7,53.5,50.9
55080,55090,15.3028,458.4,37.7,53.5,48
55090,55100,15.3056,457.5,37.7,53.5,47.8
55100,55110,15.3083,456.6,37.7,53.5,47.1
55110,55120,15.3111,455.1,37.7,53.5,49.3
55120,55130,15.3139,453.9,37.8,53.5,50.1
55130,55140,15.3167,452.7,37.8,53.5,49
55140,55150,15.3194,451.8,37.8,53.5,49.6
55150,55160,15.3222,450.3,37.8,53.5,48.2
55160,55170,15.3250,448.8,37.8,53.5,49
55170,55180,15.3278,447.6,37.8,53.5,48.1
55180,55190,15.3306,446.4,37.9,53.5,48.1
55190,55200,15.3333,444.3,37.9,53.5,47.8
55200,55210,15.3361,442.2,37.9,53.5,49.2
55210,55220,15.3389,441.0,37.9,53.5,50.2
55220,55230,15.3417,440.1,37.9,53.5,49
55230,55240,15.3444,439.2,37.9,53.5,49.1
55240,55250,15.3472,438.6,38.0,53.5,49.2
55250,55260,15.3500,438.3,38.0,53.5,50.6
55260,55270,15.3528,437.7,38.0,53.5,49.7
55270,55280,15.3556,435.6,38.0,53.5,48.4
55280,55290,15.3583,433.5,38.0,53.5,50.3
55290,55300,15.3611,432.0,38.0,53.5,49.4
55300,55310,15.3639,430.2,38.0,53.5,47.9
55310,55320,15.3667,428.4,38.1,53.5,46.6
55320,55330,15.3694,426.6,38.1,53.5,47.3
55330,55340,15.3722,425.5,38.1,53.5,49.1
55340,55350,15.3750,424.3,38.1,53.5,50.3
55350,55360,15.3778,422.5,38.1,53.5,51.2
55360,55370,15.3806,421.0,38.1,53.5,52
55370,55380,15.3833,419.5,38.1,53.5,50.6
55380,55390,15.3861,418.0,38.2,53.5,48.9
55390,55400,15.3889,416.8,38.2,53.5,49.1
55400,55410,15.3917,415.6,38.2,53.5,49
55410,55420,15.3944,414.7,38.2,53.5,48
55420,55430,15.3972,413.2,38.2,53.5,47.7
55430,55440,15.4000,411.7,38.2,53.5,46.1
55440,55450,15.4028,410.8,38.2,53.5,47.4
55450,55460,15.4056,409.6,38.3,53.5,47.5
55460,55470,15.4083,407.8,38.3,53.5,46.6
55470,55480,15.4111,406.3,38.3,53.5,46.8
55480,55490,15.4139,405.4,38.3,53.5,49.1
55490,55500,15.4167,404.5,38.3,53.5,52.1
55500,55510,15.4194,403.0,38.3,53.5,52.5
55510,55520,15.4222,400.9,38.3,53.5,51.3
55520,55530,15.4250,399.4,38.4,53.5,53.6
55530,55540,15.4278,398.5,38.4,53.5,50.4
55540,55550,15.4306,397.3,38.4,53.5,48.6
55550,55560,15.4333,395.8,38.4,53.5,49
55560,55570,15.4361,394.9,38.4,53.5,50.8
55570,55580,15.4389,394.3,38.5,53.5,48.7
55580,55590,15.4417,392.5,38.5,53.5,49.9
55590,55600,15.4444,390.7,38.5,53.5,49.1
55600,55610,15.4472,388.9,38.5,53.5,50.8
55610,55620,15.4500,387.4,38.5,53.5,53
55620,55630,15.4528,387.4,38.5,53.5,52.5
55630,55640,15.4556,386.5,38.5,53.5,52.7
55640,55650,15.4583,385.9,38.6,53.5,54.7
55650,55660,15.4611,384.1,38.6,53.5,57.5
55660,55670,15.4639,382.9,38.6,53.5,55.8
55670,55680,15.4667,381.1,38.6,53.5,54.8
55680,55690,15.4694,379.6,38.6,53.5,55.5
55690,55700,15.4722,379.0,38.6,53.5,56.6
55700,55710,15.4750,377.8,38.6,53.5,55.9
55710,55720,15.4778,376.9,38.7,53.5,52
55720,55730,15.4806,375.7,38.7,53.5,54.3
55730,55740,15.4833,374.8,38.7,53.5,52.6
55740,55750,15.4861,373.6,38.7,53.5,51.4
55750,55760,15.4889,372.4,38.7,53.5,53.6
55760,55770,15.4917,372.1,38.7,53.5,61
55770,55780,15.4944,371.5,38.7,53.5,63.2
55780,55790,15.4972,370.9,38.8,53.5,64.3
55790,55800,15.5000,370.0,38.8,53.5,64.1
55800,55810,15.5028,370.0,38.8,53.5,59.8
55810,55820,15.5056,369.4,38.8,53.5,54.2
55820,55830,15.5083,368.2,38.8,53.5,51
55830,55840,15.5111,366.4,38.8,53.5,52
55840,55850,15.5139,365.5,38.8,53.5,52.2
55850,55860,15.5167,364.9,38.9,53.5,52.3
55860,55870,15.5194,363.7,38.9,53.5,49.3
55870,55880,15.5222,361.6,38.9,53.5,51.5
55880,55890,15.5250,359.8,38.9,53.5,51.9
55890,55900,15.5278,358.3,38.9,53.5,52.1
55900,55910,15.5306,357.1,38.9,53.5,54.7
55910,55920,15.5333,354.7,39.0,53.5,54.5
55920,55930,15.5361,353.5,39.0,53.5,54.1
55930,55940,15.5389,352.3,39.0,53.5,55.5
55940,55950,15.5417,350.8,39.0,53.5,55.2
55950,55960,15.5444,349.6,39.0,53.5,53.2
55960,55970,15.5472,348.8,39.0,53.5,51.9
55970,55980,15.5500,347.9,39.1,53.5,57
55980,55990,15.5528,346.4,39.1,53.5,55.1
55990,56000,15.5556,345.5,39.1,53.5,51.1
56000,56010,15.5583,344.6,39.1,53.5,50.4
56010,56020,15.5611,344.0,39.1,53.5,53
56020,56030,15.5639,343.1,39.1,53.5,56.6
56030,56040,15.5667,342.2,39.1,53.5,57.9
56040,56050,15.5694,341.0,39.2,53.5,62.5
56050,56060,15.5722,339.8,39.2,53.5,58.9
56060,56070,15.5750,338.0,39.2,53.5,55.4
56070,56080,15.5778,335.9,39.2,53.5,57.1
56080,56090,15.5806,335.0,39.2,53.5,60.3
56090,56100,15.5833,334.1,39.2,53.6,55.7
56100,56110,15.5861,333.8,39.2,53.5,59.4
56110,56120,15.5889,333.5,39.2,53.5,60.5
56120,56130,15.5917,344.6,39.3,53.6,-99.9
56130,56140,15.5944,344.6,39.3,53.5,-99.9
56140,56150,15.5972,345.2,39.3,53.5,-99.9
56150,56160,15.6000,345.2,39.3,53.5,-99.9
56160,56170,15.6028,345.2,39.4,53.5,-99.9
56170,56180,15.6056,345.8,39.4,53.5,-99.9
56180,56190,15.6083,345.8,39.4,53.5,-99.9
56190,56200,15.6111,345.8,39.4,53.5,-99.9
56200,56210,15.6139,345.5,39.4,53.5,-99.9
56210,56220,15.6167,346.1,39.4,53.6,-99.9
56220,56230,15.6194,345.5,39.4,53.5,-99.9
56230,56240,15.6222,345.5,39.4,53.5,-99.9
56240,56250,15.6250,345.2,39.5,53.5,-99.9
56250,56260,15.6278,345.5,39.5,53.5,-99.9
56260,56270,15.6306,345.2,39.5,53.5,-99.9
56270,56280,15.6333,345.2,39.5,53.5,-99.9
56280,56290,15.6361,344.9,39.5,53.5,-99.9
56290,56300,15.6389,345.5,39.6,53.5,-99.9
56300,56310,15.6417,345.5,39.6,53.6,-99.9
56310,56320,15.6444,344.9,39.6,53.5,-99.9
56320,56330,15.6472,345.2,39.6,53.6,-99.9
56330,56340,15.6500,345.5,39.6,53.5,-99.9
56340,56350,15.6528,345.5,39.6,53.5,-99.9
56350,56360,15.6556,345.5,39.6,53.6,-99.9
56360,56370,15.6583,345.5,39.6,53.5,-99.9
56370,56380,15.6611,346.1,39.7,53.5,-99.9
56380,56390,15.6639,346.1,39.7,53.6,-99.9
56390,56400,15.6667,345.5,39.7,53.5,-99.9
56400,56410,15.6694,345.8,39.7,53.6,-99.9
56410,56420,15.6722,345.8,39.7,53.5,-99.9
56420,56430,15.6750,345.5,39.7,53.5,-99.9
56430,56440,15.6778,335.6,39.7,53.5,-99.9
56440,56450,15.6806,335.0,39.8,53.5,52.9
56450,56460,15.6833,334.7,39.8,53.5,52.6
56460,56470,15.6861,335.6,39.8,53.5,56.6
56470,56480,15.6889,336.5,39.8,53.5,53.5
56480,56490,15.6917,337.4,39.8,53.5,54.7
56490,56500,15.6944,338.9,39.9,53.5,54.9
56500,56510,15.6972,339.8,39.9,53.5,62
56510,56520,15.7000,341.0,39.9,53.5,61
56520,56530,15.7028,342.2,39.9,53.6,62.1
56530,56540,15.7056,343.4,39.9,53.6,57.2
56540,56550,15.7083,344.9,39.9,53.5,56.8
56550,56560,15.7111,346.1,39.9,53.5,56.7
56560,56570,15.7139,347.3,40.0,53.6,52.3
56570,56580,15.7167,349.6,40.0,53.6,52.4
56580,56590,15.7194,351.4,40.0,53.5,53.7
56590,56600,15.7222,352.3,40.0,53.5,51.9
56600,56610,15.7250,354.4,40.0,53.5,56.1
56610,56620,15.7278,356.2,40.1,53.5,57.6
56620,56630,15.7306,357.1,40.1,53.5,54.6
56630,56640,15.7333,357.7,40.1,53.6,53.9
56640,56650,15.7361,359.2,40.1,53.5,56.6
56650,56660,15.7389,360.7,40.1,53.5,55
56660,56670,15.7417,362.5,40.1,53.6,53.7
56670,56680,15.7444,363.7,40.1,53.6,54.3
56680,56690,15.7472,364.9,40.1,53.5,55.4
56690,56700,15.7500,366.4,40.2,53.6,54.4
56700,56710,15.7528,367.6,40.2,53.6,52.5
56710,56720,15.7556,367.9,40.2,53.5,50.6
56720,56730,15.7583,369.1,40.2,53.5,53
56730,56740,15.7611,371.2,40.2,53.6,50
56740,56750,15.7639,372.7,40.2,53.5,54.5
56750,56760,15.7667,373.3,40.3,53.5,54.8
56760,56770,15.7694,374.8,40.3,53.6,50.6
56770,56780,15.7722,376.9,40.3,53.6,49.7
56780,56790,15.7750,378.1,40.3,53.5,52.7
56790,56800,15.7778,379.0,40.3,53.6,52.9
56800,56810,15.7806,379.9,40.3,53.5,52.2
56810,56820,15.7833,381.1,40.3,53.5,53
56820,56830,15.7861,382.0,40.4,53.6,51.2
56830,56840,15.7889,384.1,40.4,53.6,51.5
56840,56850,15.7917,385.6,40.4,53.6,53.3
56850,56860,15.7944,388.0,40.4,53.5,52.5
56860,56870,15.7972,389.5,40.4,53.6,53.3
56870,56880,15.8000,390.4,40.5,53.6,53.1
56880,56890,15.8028,392.2,40.5,53.6,53.6
56890,56900,15.8056,394.3,40.5,53.6,54.4
56900,56910,15.8083,396.4,40.5,53.6,54.6
56910,56920,15.8111,397.9,40.5,53.6,54.7
56920,56930,15.8139,399.1,40.5,53.5,56.4
56930,56940,15.8167,401.2,40.6,53.6,52.8
56940,56950,15.8194,403.0,40.6,53.5,51.6
56950,56960,15.8222,404.2,40.6,53.6,51.1
56960,56970,15.8250,405.7,40.6,53.6,48.6
56970,56980,15.8278,407.5,40.6,53.5,49.2
56980,56990,15.8306,409.3,40.6,53.5,48.9
56990,57000,15.8333,410.2,40.6,53.6,49.2
57000,57010,15.8361,411.4,40.6,53.6,50.1
57010,57020,15.8389,413.5,40.7,53.6,49.5
57020,57030,15.8417,415.3,40.7,53.5,50.3
57030,57040,15.8444,416.2,40.7,53.5,50.2
57040,57050,15.8472,417.4,40.7,53.5,51.1
57050,57060,15.8500,419.2,40.7,53.5,50.6
57060,57070,15.8528,420.4,40.7,53.5,50.7
57070,57080,15.8556,421.6,40.7,53.6,51.3
57080,57090,15.8583,422.8,40.8,53.5,49.4
57090,57100,15.8611,424.9,40.8,53.5,50.2
57100,57110,15.8639,426.1,40.8,53.6,50.5
57110,57120,15.8667,427.2,40.8,53.6,47.5
57120,57130,15.8694,429.0,40.8,53.5,47.6
57130,57140,15.8722,430.8,40.8,53.5,47.2
57140,57150,15.8750,432.3,40.8,53.6,49.3
57150,57160,15.8778,433.5,40.9,53.6,48.9
57160,57170,15.8806,434.4,40.9,53.5,50.4
57170,57180,15.8833,436.2,40.9,53.6,50.3
57180,57190,15.8861,437.4,40.9,53.6,48
57190,57200,15.8889,438.6,40.9,53.5,48.9
57200,57210,15.8917,439.8,40.9,53.5,49.5
57210,57220,15.8944,441.9,40.9,53.6,48.3
57220,57230,15.8972,443.4,40.9,53.5,48
57230,57240,15.9000,444.6,40.9,53.6,48.3
57240,57250,15.9028,446.1,41.0,53.6,49.7
57250,57260,15.9056,447.9,41.0,53.5,49.6
57260,57270,15.9083,449.4,41.0,53.6,49.1
57270,57280,15.9111,450.6,41.0,53.5,49.7
57280,57290,15.9139,452.1,41.0,53.5,51.6
57290,57300,15.9167,453.6,41.0,53.5,50.9
57300,57310,15.9194,455.4,41.0,53.6,49.1
57310,57320,15.9222,456.9,41.0,53.6,49.9
57320,57330,15.9250,458.4,41.1,53.5,50
57330,57340,15.9278,460.5,41.1,53.6,50.8
57340,57350,15.9306,463.2,41.1,53.6,49.4
57350,57360,15.9333,464.7,41.1,53.6,47.8
57360,57370,15.9361,466.2,41.1,53.6,48.2
57370,57380,15.9389,468.3,41.1,53.6,47.4
57380,57390,15.9417,469.8,41.1,53.5,48.2
57390,57400,15.9444,471.3,41.1,53.5,48
57400,57410,15.9472,473.1,41.2,53.6,48.4
57410,57420,15.9500,475.2,41.2,53.5,48.3
57420,57430,15.9528,476.4,41.2,53.6,49.3
57430,57440,15.9556,477.6,41.2,53.6,48
57440,57450,15.9583,479.4,41.2,53.5,51.7
57450,57460,15.9611,481.5,41.2,53.5,52
57460,57470,15.9639,483.3,41.2,53.6,50.4
57470,57480,15.9667,484.8,41.2,53.6,49.1
57480,57490,15.9694,486.9,41.2,53.5,49.7
57490,57500,15.9722,489.6,41.2,53.6,48.1
57500,57510,15.9750,491.4,41.3,53.5,47.6
57510,57520,15.9778,493.2,41.3,53.6,47
57520,57530,15.9806,495.6,41.3,53.6,45.6
57530,57540,15.9833,498.0,41.3,53.5,41.1
57540,57550,15.9861,500.1,41.3,53.6,40.2
57550,57560,15.9889,501.9,41.3,53.5,41.3
57560,57570,15.9917,504.0,41.3,53.5,41.1
57570,57580,15.9944,506.0,41.3,53.5,45.6
57580,57590,15.9972,507.8,41.3,53.5,48.3
57590,57600,16.0000,508.4,41.3,53.6,43.3
57600,57610,16.0028,507.8,41.4,53.5,43.1
57610,57620,16.0056,508.7,41.4,53.5,44.7
57620,57630,16.0083,508.4,41.4,53.5,48.3
57630,57640,16.0111,508.4,41.4,53.6,49.2
