NETCARE2015/data/raw/Flight5/AIMMS_POLAR6_20150409_R1_NETCARE.ict
57, 1001
Aliabadi, Amir A.
University of Guelph
AIMMS20 - 1 Hz data from the processed output file 04091350.txt
Polar 6 NETCARE
1, 1
2015, 04, 09, 2015, 06, 26
1
TimeWave, seconds
24
1, 1, 1, 1, 1, 1, 1, 1, 1, 1, 1, 1, 1, 1, 1, 1, 1, 1, 1, 1, 1, 1, 1, 1
-9999, -9999, -9999, -9999, -9999, -9999, -9999, -9999, -9999, -9999, -9999, -9999, -9999, -9999, -9999, -9999, -9999, -9999, -9999, -9999, -9999, -9999, -9999, -9999
Time_Hr, hr UTC
Temp, deg C
RH, 0-1
BP, pa
WSN, m/s
WSE, m/s
Lat, deg
Lon, deg
Alt, m
SProbN, m/s
SProbE, m/s
SProbD, m/s
Roll, deg
Pitch, deg
Heading, deg
TAS, m/s
WSD, m/s
SideslipAngle, deg
AOA, deg
SideslipDiff, none
SysStatFlag, none
WS, m/s
WSW, m/s
WD, deg
1
Values for certain parameters near the beginning and end of the data block may be 0 as the instrument may not have been recording during these start and end timestamps
18
PI_CONTACT_INFO: Address: University of Guelph; aliabadi@uoguelph.ca
PLATFORM: Polar 6 - sampling around the aircraft
LOCATION: Location data varies as seen in this file
ASSOCIATED_DATA: 04091350.r??
INSTRUMENT_INFO: AIMMS20, Avantech, www.aventech.com
DATA_INFO: none
UNCERTAINTY: Contact manufacturer, Aventech
ULOD_FLAG: -7777
ULOD_VALUE: N/A
LLOD_FLAG: -8888
LLOD_VALUE: N/A
DM_CONTACT_INFO: Amir A. Aliabadi; University of Guelph; aliabadi@uoguelph.ca
PROJECT_INFO: Polar 6 NETCARE Spring 2015 campaign
STIPULATIONS_ON_USE: N/A
OTHER_COMMENTS: N/A
REVISION: R1
R1: corrected for start/stop times
TimeWave,Time_Hr,Temp,RH,BP,WSN,WSE,Lat,Lon,Alt,SProbN,SProbE,SProbD,Roll,Pitch,Heading,TAS,WSD,SideslipAngle,AOA,SideslipDiff,SysStatFlag,WS,WSW,WD
[from data line 6376]
56188,15.60778,-37.790001,0.27039999,52876,19.83,-11.58,81.307129,-63.347752,4429.5,-65.629997,-9.3199997,-2.0599999,3.77,4.8600001,177.3,85.449997,-1.01,1.46,1.17812,-0.31101999,0.58836001,22.963564,1.01,149.71663
56189,15.608058,-37.810001,0.2703,52884,19.530001,-11.58,81.306541,-63.348301,4431.5,-65.620003,-9.4499998,-2.1700001,3.8199999,4.9499998,177.57001,85.150002,-0.92000002,1.28,1.18014,-0.33712,0.58687001,22.705008,0.92000002,149.33485
56190,15.608335,-37.810001,0.27110001,52865,19.719999,-11.4,81.305946,-63.348862,4433.5,-65.610001,-9.6099997,-2.29,3.8900001,5.02,177.73,85.330002,-1.01,1.35,1.1771899,-0.32923999,0.58871001,22.778023,1.01,149.96808
56191,15.608613,-37.82,0.27070001,52828,19.860001,-11.31,81.305367,-63.34943,4436.5,-65.580002,-9.7600002,-2.3900001,3.8699999,5.0100002,177.78,85.440002,-1.09,1.46,1.1794699,-0.30959001,0.58757001,22.854666,1.09,150.33908
56192,15.608891,-37.810001,0.2685,52910,18.459999,-11.7,81.304779,-63.349998,4438.5,-65.580002,-9.8900003,-2.3399999,3.8,4.8400002,177.85001,84.059998,-0.70999998,1.16,1.20781,-0.31513,0.57059997,21.855471,0.70999998,147.63336
56193,15.609169,-37.830002,0.2685,52836,19.24,-11.42,81.304192,-63.35059,4440.5,-65.599998,-10.01,-2.1300001,3.78,4.5900002,177.96001,84.830002,-1,1.33,1.20039,-0.29916999,0.57520002,22.373959,1,149.30853
56194,15.609447,-37.84,0.27000001,52785,19.58,-11.38,81.303596,-63.351181,4442.5,-65.660004,-10.17,-1.86,3.97,4.4499998,178.06,85.25,-1.13,1.4,1.1895601,-0.30408999,0.58161002,22.646872,1.13,149.83463
56195,15.609724,-37.860001,0.26930001,52757,19.73,-11.56,81.303017,-63.35178,4444.5,-65.720001,-10.35,-1.85,3.9200001,4.5100002,178.13,85.449997,-1.3200001,1.34,1.17915,-0.32842001,0.58754998,22.867149,1.3200001,149.63354
56196,15.610002,-37.959999,0.27070001,52615,21.780001,-11.22,81.302429,-63.35239,4446.5,-65.769997,-10.5,-1.99,3.6199999,4.6300001,178.16,87.550003,-1.95,1.66,1.14692,-0.32427999,0.60684001,24.500139,1.95,152.74467
56197,15.61028,-37.889999,0.26789999,52738,19.67,-11.66,81.301842,-63.353008,4448.5,-65.769997,-10.61,-2.1800001,3.4100001,4.8499999,178.19,85.459999,-1.1900001,1.36,1.17758,-0.32822001,0.58849001,22.86623,1.1900001,149.34135
56198,15.610558,-37.919998,0.26879999,52712,19.98,-11.59,81.301247,-63.35363,4451,-65.739998,-10.69,-2.4000001,3.4200001,5.0599999,178.19,85.739998,-1.22,1.47,1.1702501,-0.32135001,0.59293997,23.098236,1.22,149.88283
56199,15.610835,-37.91,0.26769999,52728,19.690001,-11.62,81.300659,-63.354259,4453.5,-65.669998,-10.77,-2.6300001,3.52,5.2600002,178.19,85.389999,-1,1.5,1.17555,-0.30871001,0.58991998,22.863083,1,149.45314
56200,15.611113,-37.880001,0.2658,52770,18.68,-11.84,81.300079,-63.3549,4456.5,-65.580002,-10.84,-2.8199999,3.28,5.3499999,178.28999,84.239998,-0.69,1.25,1.19567,-0.31913,0.57779998,22.11624,0.69,147.63213
56201,15.61139,-37.939999,0.26620001,52679,19.620001,-11.44,81.299492,-63.355541,4459,-65.470001,-10.88,-2.97,3.0899999,5.4400001,178.52,85.080002,-1.01,1.33,1.18076,-0.32785001,0.58660001,22.711628,1.01,149.75446
56202,15.611669,-37.900002,0.26699999,52673,19.49,-11.29,81.298897,-63.356178,4462,-65.349998,-10.94,-3.05,3.0599999,5.4699998,178.67999,84.860001,-0.93000001,1.3099999,1.18489,-0.32537001,0.58415997,22.523859,0.93000001,149.91751
56203,15.611946,-37.959999,0.26719999,52620,19.93,-11.3,81.298317,-63.356819,4465,-65.230003,-10.99,-3.03,3,5.4299998,178.69,85.169998,-1.1,1.3200001,1.1792901,-0.33070001,0.58744001,22.910585,1.1,150.44743
56204,15.612224,-37.919998,0.2638,52667,18.639999,-11.65,81.297729,-63.357471,4468,-65.139999,-11.03,-2.99,2.9100001,5.3400002,178.63,83.830002,-0.81,1.14,1.19872,-0.33111,0.57586002,21.981174,0.81,147.99461
56205,15.612501,-37.98,0.26539999,52610,19.620001,-11.89,81.29715,-63.35812,4470.5,-65.050003,-11.06,-2.95,2.8,5.1900001,178.5,84.709999,-1.14,1.13,1.18989,-0.34646001,0.58096999,22.941589,1.14,148.78354
56206,15.612779,-37.959999,0.26640001,52554,20.08,-12.14,81.29657,-63.358768,4473.5,-65.010002,-11.1,-2.71,2.79,5,178.25,85.160004,-1.28,1.25,1.18575,-0.33281001,0.58357,23.464569,1.28,148.84361
56207,15.613056,-37.939999,0.26550001,52557,19.700001,-12.33,81.29599,-63.359421,4476.5,-64.989998,-11.08,-2.4400001,2.6099999,4.8400002,177.91,84.75,-1.21,1.42,1.19011,-0.30008,0.58133,23.240459,1.21,147.95804
56208,15.613335,-37.950001,0.26359999,52522,19.879999,-12.21,81.29541,-63.360069,4478.5,-64.980003,-10.97,-2.1900001,2.22,4.7399998,177.73,84.889999,-1.03,1.58,1.19238,-0.27129999,0.58033001,23.330206,1.03,148.44237
56209,15.613612,-37.950001,0.26449999,52467,20.57,-12.15,81.294823,-63.36071,4481,-64.989998,-10.78,-2.04,1.84,4.5599999,177.8,85.550003,-1.3,1.42,1.18137,-0.31329,0.58639002,23.89032,1.3,149.43109
56210,15.61389,-37.93,0.26460001,52494,20.01,-12.13,81.294243,-63.36134,4483,-65.050003,-10.66,-1.65,2.0999999,4.1500001,177.89,85.080002,-1.0700001,1.26,1.20057,-0.30989,0.57497001,23.399509,1.0700001,148.77588
56211,15.614167,-37.959999,0.2649,52465,19.92,-12.24,81.293663,-63.361969,4484.5,-65.150002,-10.59,-1.23,2.45,4.04,177.75999,85.120003,-1.03,1.3,1.1915801,-0.31713,0.58025998,23.379992,1.03,148.43103
56212,15.614445,-37.970001,0.26440001,52403,20.780001,-11.87,81.293083,-63.362591,4485.5,-65.239998,-10.5,-1.25,2.4200001,4.25,177.53999,86.07,-1.33,1.73,1.16757,-0.28415,0.59500998,23.931263,1.33,150.26402
56213,15.614723,-38,0.2642,52452,20.209999,-11.74,81.292488,-63.363201,4487,-65.300003,-10.33,-1.48,1.9400001,4.3899999,177.53,85.5,-1.2,1.67,1.1739,-0.28468001,0.59121001,23.372456,1.2,149.84767
56214,15.615001,-38.009998,0.26530001,52430,20.190001,-11.72,81.291908,-63.363811,4488.5,-65.370003,-10.15,-1.63,1.77,4.3200002,177.72,85.540001,-1.36,1.36,1.17643,-0.32872999,0.58916998,23.345118,1.36,149.86546
56215,15.615278,-38.040001,0.2647,52417,20.120001,-11.84,81.291321,-63.364399,4490,-65.440002,-10.04,-1.55,2.04,4.1900001,177.75999,85.620003,-1.29,1.1799999,1.18159,-0.35019001,0.58587003,23.345236,1.29,149.52451
56216,15.615556,-38.049999,0.26230001,52439,19.68,-12.13,81.290733,-63.36499,4491.5,-65.510002,-9.9899998,-1.6,2.4300001,4.25,177.47,85.290001,-1.22,1.26,1.18582,-0.33193001,0.58354002,23.117943,1.22,148.35191
56217,15.615833,-38.049999,0.26409999,52366,20.58,-12.19,81.290154,-63.365582,4493.5,-65.550003,-9.9399996,-1.79,2.5899999,4.5300002,177.03,86.239998,-1.4,1.67,1.1684901,-0.29209,0.59434998,23.919291,1.4,149.36078
56218,15.616112,-38.009998,0.26390001,52372,20.32,-12.32,81.289558,-63.366161,4495.5,-65.529999,-9.8699999,-2.22,2.53,4.96,176.82001,85.900002,-1.1799999,1.73,1.16808,-0.28334999,0.59470999,23.763098,1.1799999,148.77161
56219,15.616389,-38.02,0.2647,52376,20.280001,-12.28,81.288979,-63.366741,4497.5,-65.440002,-9.79,-2.71,2.5899999,5.2399998,177.00999,85.720001,-1.15,1.52,1.1723,-0.30957001,0.59184998,23.708158,1.15,148.80414
56220,15.616667,-37.990002,0.26179999,52352,20.15,-12.21,81.288391,-63.367321,4500.5,-65.370003,-9.8199997,-2.72,2.9400001,4.9400001,177.33,85.529999,-1.16,1.27,1.19205,-0.32164001,0.57993001,23.560699,1.16,148.78601
56221,15.616944,-38.02,0.26269999,52303,20.48,-12.02,81.287804,-63.367901,4502.5,-65.349998,-9.9700003,-2.27,3.6400001,4.6199999,177.45,85.860001,-1.17,1.4299999,1.1914099,-0.29627001,0.58060002,23.746805,1.17,149.59073
56222,15.617222,-38.009998,0.26339999,52318,19.65,-12.3,81.287216,-63.368488,4505,-65.360001,-10.2,-1.99,4.0999999,4.6700001,177.44,85.07,-0.83999997,1.4299999,1.19401,-0.29368001,0.57907999,23.182159,0.83999997,147.95532
56223,15.6175,-38.040001,0.2633,52307,20.18,-12.07,81.286636,-63.369099,4507,-65.339996,-10.42,-2.1099999,3.76,4.8499999,177.50999,85.5,-1.0599999,1.65,1.18411,-0.27197,0.58526999,23.514194,1.0599999,149.11565
56224,15.617778,-38.029999,0.26089999,52291,20.24,-11.89,81.286049,-63.36972,4509.5,-65.300003,-10.54,-2.3099999,3.1400001,4.96,177.82001,85.480003,-1.16,1.51,1.18098,-0.29927,0.58679003,23.474022,1.16,149.56787
56225,15.618055,-38.110001,0.26230001,52171,21.9,-11.46,81.285469,-63.370338,4511.5,-65.25,-10.63,-2.4200001,2.8,4.8800001,178.14999,87.129997,-1.71,1.53,1.1581399,-0.32853001,0.60008001,24.717232,1.71,152.37749
56226,15.618333,-38.060001,0.26249999,52233,20.389999,-11.71,81.284882,-63.370972,4514.5,-65.230003,-10.71,-2.21,2.6300001,4.5799999,178.23,85.629997,-1.27,1.28,1.19293,-0.31827,0.57944,23.513319,1.27,150.1312
56227,15.61861,-38.099998,0.26190001,52228,20.27,-11.67,81.284302,-63.371601,4516.5,-65.230003,-10.7,-2.02,2.02,4.5300002,178.17999,85.519997,-1.25,1.3200001,1.19092,-0.31509,0.58067,23.389353,1.25,150.06978
56228,15.618888,-38.080002,0.25940001,52231,20.110001,-11.47,81.283707,-63.372231,4518,-65.230003,-10.57,-2.05,1.4299999,4.6700001,178.16,85.32,-1.14,1.33,1.18515,-0.32074001,0.58405,23.151091,1.14,150.30116
56229,15.619166,-38.110001,0.2613,52223,20.059999,-11.57,81.283127,-63.372849,4520.5,-65.18,-10.39,-2.3199999,1.26,4.8800001,178.16,85.25,-1.12,1.13,1.18004,-0.35986,0.58670998,23.157471,1.12,150.02495
56230,15.619444,-38.150002,0.26089999,52168,20.51,-11.4,81.282547,-63.373459,4522.5,-65.129997,-10.24,-2.3900001,1.6799999,4.6999998,178.07001,85.709999,-1.21,1.27,1.1845599,-0.33123001,0.58429003,23.465296,1.21,150.93353
56231,15.619721,-38.169998,0.26109999,52180,20.23,-11.5,81.281967,-63.374062,4525.5,-65.129997,-10.19,-2.0799999,2.4100001,4.3299999,177.84,85.419998,-1.14,1.4400001,1.20147,-0.28137001,0.57476997,23.270214,1.14,150.38339
56232,15.619999,-38.169998,0.25960001,52154,20.23,-11.51,81.28138,-63.37466,4527,-65.160004,-10.18,-1.84,2.6500001,4.2600002,177.74001,85.400002,-1.23,1.55,1.1971,-0.27024999,0.57753003,23.275158,1.23,150.36198
56233,15.620276,-38.139999,0.25920001,52206,19.620001,-11.43,81.2808,-63.375271,4528.5,-65.190002,-10.21,-1.83,2.74,4.3000002,178.00999,84.75,-0.98000002,1.35,1.20611,-0.28848001,0.57191002,22.706593,0.98000002,149.77626
56234,15.620555,-38.18,0.2606,52085,21.15,-11.01,81.28022,-63.37587,4530.5,-65.209999,-10.32,-1.95,3.0599999,4.3899999,178.42,86.309998,-1.5,1.35,1.17825,-0.32857999,0.58809,23.844131,1.5,152.49998
56235,15.620832,-38.16,0.26109999,52068,21.280001,-10.74,81.279633,-63.376492,4532.5,-65.209999,-10.54,-2.0799999,3.26,4.4200001,178.7,86.470001,-1.59,1.4,1.18207,-0.31426999,0.58595997,23.836653,1.59,153.21996
56236,15.62111,-38.150002,0.25870001,52114,20.280001,-11.04,81.279053,-63.377121,4535,-65.209999,-10.74,-2.0599999,3.22,4.3600001,178.75999,85.510002,-1.29,1.25,1.19882,-0.31417,0.57596999,23.090258,1.29,151.43707
56237,15.621387,-38.09,0.25889999,52093,20.24,-10.98,81.278473,-63.377762,4536.5,-65.230003,-10.88,-1.95,2.8499999,4.3200002,178.77,85.480003,-1.27,1.35,1.2000901,-0.29640999,0.57541001,23.026463,1.27,151.52061
56238,15.621665,-38.119999,0.26019999,52022,20.870001,-10.6,81.277878,-63.378399,4538.5,-65.239998,-10.94,-1.9400001,2.51,4.48,178.89,86.07,-1.47,1.53,1.17932,-0.29905999,0.58778,23.407625,1.47,153.07372
56239,15.621943,-38.119999,0.2595,52024,20.719999,-10.77,81.277298,-63.379051,4540.5,-65.220001,-11,-2.21,2.24,4.8400002,179.08,85.910004,-1.33,1.24,1.16934,-0.35857999,0.59309,23.3519,1.33,152.53514
56240,15.622221,-38.119999,0.25830001,52008,20.950001,-10.72,81.276711,-63.3797,4543.5,-65.120003,-11.05,-2.54,2.22,5.1399999,179.17999,86.080002,-1.25,1.21,1.1667399,-0.36723,0.59456003,23.5334,1.25,152.90143
56241,15.622499,-38.099998,0.25729999,52095,19.450001,-11.12,81.276131,-63.38036,4545.5,-64.989998,-11.1,-2.8099999,2.26,5.3200002,179.03,84.5,-0.63999999,1.1,1.1950099,-0.34294,0.57795,22.404396,0.63999999,150.24243
56242,15.622776,-38.119999,0.25850001,52010,20.530001,-10.97,81.275551,-63.381008,4548.5,-64.849998,-11.12,-2.9100001,2.22,5.3499999,178.78,85.419998,-0.95999998,1.48,1.18494,-0.29791999,0.58443999,23.277067,0.95999998,151.88263
56243,15.623054,-38.130001,0.25760001,51996,20.309999,-11.04,81.274971,-63.381672,4551.5,-64.709999,-11.08,-2.9100001,2.03,5.27,178.67,85.040001,-0.94999999,1.5,1.19305,-0.28336,0.57977998,23.11661,0.94999999,151.47263
56244,15.623331,-38.209999,0.25749999,51867,21.93,-10.55,81.274391,-63.382332,4554.5,-64.620003,-11.04,-2.6500001,1.88,4.9299998,178.73,86.540001,-1.41,1.73,1.17809,-0.26875001,0.58892,24.335724,1.41,154.3089
56245,15.62361,-38.169998,0.25670001,51903,21.09,-10.79,81.273819,-63.38298,4556.5,-64.580002,-11,-2.25,1.9299999,4.5900002,178.82001,85.660004,-1.25,1.45,1.1904,-0.29481,0.58121997,23.689919,1.25,152.90495
56246,15.623887,-38.209999,0.25709999,51869,21.34,-10.67,81.273239,-63.383629,4559.5,-64.580002,-11.01,-1.99,2.1600001,4.4699998,178.82001,85.949997,-1.41,1.5599999,1.1803401,-0.29232001,0.58726001,23.858845,1.41,153.43495
56247,15.624165,-38.209999,0.25650001,51891,21.030001,-10.78,81.272659,-63.384281,4561,-64.589996,-11,-1.84,2.04,4.3699999,178.73,85.639999,-1.39,1.5599999,1.18519,-0.28472999,0.58446002,23.631956,1.39,152.86028
56248,15.624442,-38.209999,0.25529999,51880,20.76,-10.7,81.272079,-63.38493,4562.5,-64.620003,-10.92,-1.73,1.49,4.3699999,178.77,85.349998,-1.1900001,1.48,1.18803,-0.29339001,0.58265001,23.355247,1.1900001,152.73277
56249,15.62472,-38.189999,0.25490001,51900,20.440001,-10.7,81.2715,-63.385571,4564.5,-64.629997,-10.8,-1.84,1.33,4.5700002,178.92,85.050003,-1.03,1.25,1.18273,-0.33812001,0.58530998,23.071272,1.03,152.3687
56250,15.624998,-38.27,0.25580001,51821,21.52,-10.52,81.27092,-63.386211,4566.5,-64.610001,-10.73,-2.1300001,1.51,4.75,178.89,86.139999,-1.38,1.36,1.16493,-0.34619999,0.59583998,23.953722,1.38,153.94841
56251,15.625276,-38.299999,0.25580001,51792,21.620001,-10.54,81.27034,-63.386841,4568.5,-64.580002,-10.65,-2.23,1.61,4.6999998,178.67999,86.239998,-1.47,1.52,1.1726,-0.31022,0.59166998,24.052361,1.47,154.01024
56252,15.625553,-38.310001,0.2538,51811,21.09,-10.67,81.269768,-63.38747,4571,-64.559998,-10.54,-2.0799999,1.45,4.5100002,178.47,85.68,-1.33,1.54,1.1884,-0.28327,0.58256,23.635504,1.33,153.16393
56253,15.625831,-38.25,0.25350001,51857,20.07,-10.83,81.269188,-63.388088,4573,-64.559998,-10.37,-1.84,1.09,4.4099998,178.46001,84.629997,-0.89999998,1.3,1.20248,-0.30077001,0.57393998,22.805565,0.89999998,151.64819
56254,15.626108,-38.290001,0.2538,51785,21.02,-10.58,81.268623,-63.388691,4574,-64.559998,-10.22,-1.87,1.05,4.6100001,178.53,85.580002,-1.1799999,1.3099999,1.17354,-0.34178999,0.59075999,23.532463,1.1799999,153.28252
56255,15.626387,-38.34,0.25420001,51726,21.719999,-10.48,81.268044,-63.38929,4576,-64.540001,-10.1,-2.05,1.3,4.6999998,178.41,86.32,-1.48,1.4400001,1.15878,-0.34222999,0.59955001,24.116152,1.48,154.24248
56256,15.626664,-38.330002,0.2516,51792,20.530001,-10.66,81.267464,-63.389889,4578,-64.510002,-10,-2.2,1.58,4.73,178.13,85.089996,-1.21,1.54,1.18098,-0.29389,0.58686,23.132586,1.21,152.55984
56257,15.626942,-38.34,0.25240001,51738,21.120001,-10.6,81.266876,-63.39048,4580,-64.5,-9.8800001,-2.1600001,1.45,4.6199999,177.96001,85.629997,-1.42,1.66,1.1778899,-0.27958,0.58890003,23.630795,1.42,153.34821
56258,15.627219,-38.34,0.25189999,51744,20.74,-10.59,81.266296,-63.39106,4582.5,-64.489998,-9.7600002,-2.02,1.54,4.5500002,178.06,85.230003,-1.29,1.5,1.17945,-0.30327001,0.58766001,23.287243,1.29,152.95081
56259,15.627497,-38.369999,0.25229999,51698,21.040001,-10.61,81.265732,-63.39164,4584.5,-64.510002,-9.71,-1.97,1.75,4.5100002,178.11,85.57,-1.39,1.41,1.17466,-0.32357001,0.59028,23.563822,1.39,153.23921
56260,15.627775,-38.41,0.2516,51660,21.379999,-10.64,81.265152,-63.392208,4586.5,-64.519997,-9.6999998,-1.97,1.85,4.4699998,178.02,85.940002,-1.66,1.49,1.16804,-0.32027999,0.59426999,23.881247,1.66,153.54224
56261,15.628053,-38.439999,0.25099999,51665,21.139999,-10.61,81.264572,-63.392792,4588.5,-64.550003,-9.6499996,-1.98,1.59,4.4299998,177.89,85.709999,-1.6799999,1.58,1.17374,-0.29793,0.59113997,23.653154,1.6799999,153.34828
