NETCARE2015/data/raw/Flight5/AIMMS_POLAR6_20150409_R1_NETCARE.ict
57, 1001
Aliabadi, Amir A.
University of Guelph
AIMMS20 - 1 Hz data from the processed output file 04091350.txt
Polar 6 NETCARE
1, 1
2015, 04, 09, 2015, 06, 26
1
TimeWave, seconds
24
1, 1, 1, 1, 1, 1, 1, 1, 1, 1, 1, 1, 1, 1, 1, 1, 1, 1, 1, 1, 1, 1, 1, 1
-9999, -9999, -9999, -9999, -9999, -9999, -9999, -9999, -9999, -9999, -9999, -9999, -9999, -9999, -9999, -9999, -9999, -9999, -9999, -9999, -9999, -9999, -9999, -9999
Time_Hr, hr UTC
Temp, deg C
RH, 0-1
BP, pa
WSN, m/s
WSE, m/s
Lat, deg
Lon, deg
Alt, m
SProbN, m/s
SProbE, m/s
SProbD, m/s
Roll, deg
Pitch, deg
Heading, deg
TAS, m/s
WSD, m/s
SideslipAngle, deg
AOA, deg
SideslipDiff, none
SysStatFlag, none
WS, m/s
WSW, m/s
WD, deg
1
Values for certain parameters near the beginning and end of the data block may be 0 as the instrument may not have been recording during these start and end timestamps
18
PI_CONTACT_INFO: Address: University of Guelph; aliabadi@uoguelph.ca
PLATFORM: Polar 6 - sampling around the aircraft
LOCATION: Location data varies as seen in this file
ASSOCIATED_DATA: 04091350.r??
INSTRUMENT_INFO: AIMMS20, Avantech, www.aventech.com
DATA_INFO: none
UNCERTAINTY: Contact manufacturer, Aventech
ULOD_FLAG: -7777
ULOD_VALUE: N/A
LLOD_FLAG: -8888
LLOD_VALUE: N/A
DM_CONTACT_INFO: Amir A. Aliabadi; University of Guelph; aliabadi@uoguelph.ca
PROJECT_INFO: Polar 6 NETCARE Spring 2015 campaign
STIPULATIONS_ON_USE: N/A
OTHER_COMMENTS: N/A
REVISION: R1
R1: corrected for start/stop times
TimeWave,Time_Hr,Temp,RH,BP,WSN,WSE,Lat,Lon,Alt,SProbN,SProbE,SProbD,Roll,Pitch,Heading,TAS,WSD,SideslipAngle,AOA,SideslipDiff,SysStatFlag,WS,WSW,WD
[from data line 9724]
59536,16.537798,-35.220001,0.68620002,68696,11.22,-4,81.304672,-63.370258,2676,-2.3699999,70.669998,0.02,1.03,2.78,100.09,75.959999,-0.34,0.28,1.25043,-0.39262,0.54487002,11.911692,0.34,160.37852
59537,16.538074,-35.220001,0.6839,68746,10.69,-2.8599999,81.304649,-63.366081,2676,-2.49,70.660004,-0.13,1.62,2.6600001,100.1,74.629997,0.22,0.14,1.2947,-0.35056001,0.51894999,11.065969,-0.22,165.0219
59538,16.538353,-35.200001,0.68430001,68739,10.72,-2.8199999,81.304619,-63.361889,2676.5,-2.75,70.589996,-0.41,2.22,3.1500001,100.61,74.559998,0.18000001,-0.1,1.2726001,-0.42039001,0.53195,11.08471,-0.18000001,165.2617
59539,16.538631,-35.169998,0.68529999,68753,10.73,-2.8699999,81.304588,-63.357719,2677,-3.1900001,70.360001,-1.29,2.8399999,3.96,101.21,74.470001,0,-0.31,1.25334,-0.47986999,0.54337001,11.107196,0,165.02539
59540,16.538908,-35.139999,0.68370003,68770,10.71,-2.6900001,81.304558,-63.353561,2678.5,-3.75,70.019997,-2.0699999,3.4000001,4.4899998,101.6,74.129997,0.02,-0.18000001,1.25833,-0.45326999,0.54035002,11.042654,-0.02,165.90083
59541,16.539186,-35.150002,0.68339998,68698,10.91,-3.49,81.30452,-63.34943,2680.5,-4.3000002,69.610001,-2.53,3.6600001,4.6900001,101.84,74.639999,-0.25999999,0.1,1.25922,-0.40784001,0.53970999,11.454615,0.25999999,162.26105
59542,16.539463,-35.16,0.68049997,68719,10.55,-2.55,81.304482,-63.345322,2683,-4.7600002,69.239998,-2.46,3.0999999,4.4200001,102.09,73.389999,0.01,0.079999998,1.29922,-0.35286,0.51630998,10.853802,-0.01,166.41187
59543,16.539742,-35.16,0.67839998,68686,10.58,-2.6600001,81.304443,-63.341228,2685,-5.0700002,68.970001,-1.99,2.03,3.99,102.19,73.339996,0.02,0.22,1.30726,-0.31992,0.51161999,10.909262,-0.02,165.88733
59544,16.54002,-35.189999,0.6821,68622,10.8,-3.25,81.30439,-63.337151,2687,-5.1900001,68.779999,-1.61,1.37,3.8900001,102.2,73.790001,-0.20999999,0.38999999,1.27548,-0.33971,0.53026998,11.278409,0.20999999,163.25209
59545,16.540297,-35.169998,0.68159997,68641,10.69,-3.0599999,81.304337,-63.33308,2688.5,-5.2199998,68.650002,-1.39,0.68000001,3.6300001,102.33,73.419998,-0.15000001,0.20999999,1.28571,-0.35295999,0.52421999,11.119339,0.15000001,164.02629
59546,16.540575,-35.18,0.6807,68624,10.84,-3.05,81.304291,-63.329021,2689.5,-5.2199998,68.589996,-0.92000002,0.5,3.23,102.49,73.419998,-0.050000001,0.16,1.28667,-0.35872999,0.52364999,11.26091,0.050000001,164.28523
59547,16.540852,-35.18,0.68150002,68561,10.98,-3.6099999,81.304253,-63.324959,2690.5,-5.23,68.599998,-0.36000001,0.43000001,2.7,102.45,74.059998,-0.37,0.22,1.28067,-0.35762,0.52717,11.558222,0.37,161.80019
59548,16.54113,-35.130001,0.67930001,68692,10.01,-1.74,81.304199,-63.3209,2690.5,-5.1900001,68.699997,0.23,0.22,2.3900001,102.02,72.129997,0.50999999,0.17,1.31659,-0.31522,0.50613999,10.160104,-0.50999999,170.13902
59549,16.541409,-35.099998,0.67869997,68692,10.21,-2.0599999,81.304153,-63.31683,2690.5,-4.9899998,68.870003,0.47,-0.12,2.21,101.65,72.589996,0.27000001,0.44,1.30281,-0.29211,0.51433998,10.415743,-0.27000001,168.59297
59550,16.541685,-35.16,0.67970002,68647,10.59,-2.47,81.3041,-63.312752,2689.5,-4.77,69.099998,0.85000002,-0.19,1.76,101.6,73.190002,0.090000004,0.49000001,1.3001,-0.28731,0.51596999,10.874236,-0.090000004,166.87111
59551,16.541964,-35.200001,0.68040001,68625,10.79,-2.9400001,81.30407,-63.308651,2688.5,-4.6300001,69.360001,1.29,-0.050000001,1.45,101.7,73.940002,-0.090000004,0.34,1.2884099,-0.32848001,0.52267998,11.183367,0.090000004,164.75836
59552,16.54224,-35.200001,0.6832,68594,10.86,-3.1700001,81.304024,-63.304539,2687.5,-4.5500002,69.629997,1.55,0.33000001,1.34,101.67,74.470001,-0.17,0.28999999,1.2761199,-0.35324001,0.52985001,11.3132,0.17,163.72765
59553,16.542519,-35.16,0.68229997,68678,10.43,-2.3099999,81.303978,-63.300419,2685.5,-4.5100002,69.910004,1.59,0.57999998,1.42,101.45,73.830002,0.2,0.25999999,1.2914701,-0.33711001,0.52086002,10.682743,-0.2,167.51192
59554,16.542797,-35.169998,0.68279999,68655,10.68,-2.6099999,81.30394,-63.296268,2683.5,-4.4099998,70.190002,1.47,0.41,1.45,101.23,74.400002,-0.01,0.5,1.28768,-0.30385,0.52323002,10.994294,0.01,166.26711
59555,16.543074,-35.150002,0.68220001,68690,10.61,-2.2,81.303902,-63.292099,2681,-4.2800002,70.459999,1.48,0.47999999,1.4400001,101.19,74.169998,0.23,0.41,1.29667,-0.3048,0.51789999,10.835686,-0.23,168.28563
59556,16.543352,-35.16,0.68229997,68728,10.58,-1.98,81.303864,-63.287922,2679.5,-4.2199998,70.699997,1.41,0.66000003,1.55,101.33,74.160004,0.37,0.20999999,1.30039,-0.33213001,0.51563001,10.76368,-0.37,169.39996
59557,16.543629,-35.18,0.68349999,68694,10.74,-2.4200001,81.303818,-63.28373,2678,-4.2199998,70.889999,1.11,0.76999998,1.8099999,101.4,74.82,0.079999998,0.17,1.28635,-0.3583,0.52383,11.009269,-0.079999998,167.30185
59558,16.543907,-35.150002,0.68290001,68714,10.58,-2.1099999,81.30378,-63.27953,2677,-4.21,71.029999,0.81,0.83999997,2.1099999,101.38,74.620003,0.31,0.090000004,1.2917,-0.36245,0.52070999,10.78835,-0.31,168.72131
59559,16.544186,-35.080002,0.6814,68840,10.14,-0.98000002,81.303741,-63.27533,2676.5,-4.1900001,71.080002,0.13,1.01,2.72,101.43,73.470001,0.74000001,-0.14,1.31065,-0.37243,0.50971001,10.187247,-0.74000001,174.47969
59560,16.544462,-35.09,0.68400002,68784,10.52,-1.79,81.303703,-63.271118,2676.5,-4.1900001,71.040001,-0.47,1.1799999,3.03,101.5,74.279999,0.41,-0.029999999,1.30275,-0.36535999,0.51427001,10.6712,-0.41,170.34349
59561,16.544741,-35.099998,0.68690002,68690,11.03,-2.8499999,81.303673,-63.266918,2677,-4.1999998,70.959999,-0.75999999,1.1799999,3.1400001,101.52,75.360001,-0.050000001,0.2,1.28848,-0.35067001,0.5226,11.392251,0.050000001,165.51242
59562,16.545017,-35.119999,0.68540001,68674,11.05,-3.02,81.303627,-63.262718,2678,-4.1900001,70.860001,-0.89999998,0.89999998,3.0999999,101.56,75.43,-0.059999999,0.13,1.29575,-0.35007,0.51833999,11.455256,0.059999999,164.71417
59563,16.545296,-35.080002,0.68510002,68699,10.72,-2.3399999,81.303589,-63.25853,2679,-4.1799998,70.809998,-0.69999999,0.87,2.9000001,101.59,74.660004,0.15000001,-0.050000001,1.31217,-0.35462001,0.50875998,10.97242,-0.15000001,167.68642
59564,16.545574,-35.119999,0.68699998,68603,11.28,-3.4000001,81.303551,-63.254341,2679,-4.1399999,70.779999,-0.52999997,0.82999998,2.79,101.53,75.760002,-0.27000001,0.23999999,1.28711,-0.34524,0.52340001,11.781273,0.27000001,163.22623
59565,16.545851,-35.09,0.68370003,68694,10.68,-2.24,81.303513,-63.250149,2680,-4.0900002,70.75,-0.44,0.74000001,2.8,101.43,74.5,0.17,0.029999999,1.3059,-0.35143,0.51240999,10.912378,-0.17,168.1546
59566,16.546129,-35.060001,0.68440002,68698,10.67,-2.0599999,81.303482,-63.24596,2680.5,-3.97,70.730003,-0.5,0.62,2.9000001,101.31,74.260002,0.31,0.090000004,1.3099999,-0.33594999,0.50999999,10.867038,-0.31,169.07265
59567,16.546406,-35.060001,0.68550003,68690,10.81,-2.3699999,81.303436,-63.241779,2681,-3.8299999,70.68,-0.56999999,0.47999999,2.97,101.23,74.529999,0.20999999,0.13,1.30085,-0.34323001,0.51534998,11.066752,-0.20999999,167.63405
59568,16.546684,-35.130001,0.68650001,68573,11.4,-3.72,81.303413,-63.237598,2681.5,-3.6900001,70.610001,-0.60000002,0.41999999,2.97,101.16,75.860001,-0.27000001,0.34,1.27435,-0.34913999,0.5309,11.991597,0.27000001,161.92767
59569,16.546961,-35.060001,0.68419999,68716,10.7,-2.04,81.303383,-63.233421,2682,-3.5599999,70.540001,-0.41999999,0.56,2.79,101.1,73.980003,0.44,0.039999999,1.31471,-0.33807001,0.50725001,10.892732,-0.44,169.20586
59570,16.547239,-35.09,0.68620002,68574,11.24,-3.4200001,81.303337,-63.229252,2682.5,-3.47,70.449997,-0.27000001,0.94999999,2.8900001,101,75.349998,-0.07,0.31,1.27142,-0.35709,0.53259999,11.748787,0.07,163.07654
59571,16.547518,-35.09,0.68629998,68627,11.01,-3.3199999,81.303307,-63.225079,2682.5,-3.4100001,70.32,-0.41,1.33,3.02,100.85,75.059998,-0.090000004,0.30000001,1.27097,-0.35962,0.53285998,11.499674,0.090000004,163.21964
59572,16.547794,-35.049999,0.6864,68629,10.89,-3.21,81.303284,-63.220921,2682.5,-3.3900001,70.18,-0.44999999,1.5700001,2.9400001,100.74,74.779999,-0.07,0.34,1.28027,-0.33943,0.52745003,11.353247,0.07,163.57628
59573,16.548073,-35.049999,0.68540001,68639,10.99,-3.24,81.303253,-63.21677,2683.5,-3.3900001,70.07,-0.34,1.76,2.8099999,100.76,74.690002,-0.090000004,0.41,1.2821,-0.32638001,0.52640998,11.457648,0.090000004,163.57378
59574,16.548349,-35.049999,0.68199998,68672,10.61,-2.4400001,81.303223,-63.212631,2683.5,-3.46,69.949997,-0.20999999,1.9400001,2.74,100.95,73.709999,0.15000001,0.13,1.29399,-0.35292,0.51937002,10.88695,-0.15000001,167.04877
59575,16.548628,-35.040001,0.68540001,68587,11.21,-3.8499999,81.303177,-63.208488,2683.5,-3.5899999,69.830002,-0.23,2.0999999,2.8099999,101.15,75.139999,-0.41,0.31,1.25833,-0.37575999,0.54026002,11.852704,0.41,161.0453
59576,16.548906,-34.950001,0.68239999,68773,10.17,-1.55,81.303146,-63.204361,2684,-3.73,69.699997,-0.33000001,2.27,2.8599999,101.19,72.610001,0.44,-0.059999999,1.30817,-0.36337,0.51112002,10.287439,-0.44,171.33429
59577,16.549183,-34.98,0.68379998,68647,10.71,-2.97,81.303123,-63.200241,2684.5,-3.8399999,69.57,-0.43000001,2.26,2.9200001,101.13,73.989998,-0.18000001,0.31999999,1.2775199,-0.34738001,0.52903998,11.114181,0.18000001,164.50072
59578,16.549461,-34.98,0.68339998,68626,10.84,-3.0899999,81.303093,-63.196121,2684.5,-3.9100001,69.459999,-0.40000001,2.1199999,2.75,101.15,74.019997,-0.31,0.44,1.28005,-0.32455999,0.52762997,11.271811,0.31,164.08951
59579,16.549738,-35.02,0.68260002,68648,10.72,-2.96,81.303047,-63.192009,2685.5,-3.99,69.370003,-0.19,2.1300001,2.54,101.26,73.779999,-0.25999999,0.33000001,1.28657,-0.33217999,0.52376002,11.121151,0.25999999,164.56413
59580,16.550016,-34.990002,0.68260002,68710,10.5,-2.25,81.303009,-63.187908,2685.5,-4.0900002,69.309998,-0.050000001,2.0899999,2.45,101.38,73,-0.039999999,0.23,1.2976,-0.33184001,0.51727003,10.738366,0.039999999,167.90524
59581,16.550295,-34.98,0.68339998,68691,10.57,-2.52,81.302971,-63.183811,2685.5,-4.1900001,69.269997,0.029999999,2.3299999,2.4000001,101.52,73.260002,-0.19,0.20999999,1.28439,-0.35494,0.52499002,10.866245,0.19,166.59041
59582,16.550571,-35.02,0.6825,68651,10.86,-3.04,81.30294,-63.17971,2685.5,-4.3499999,69.220001,0.090000004,2.6600001,2.3499999,101.71,73.82,-0.43000001,0.31,1.27176,-0.35716999,0.53240001,11.277464,0.43000001,164.36166
59583,16.55085,-35.009998,0.68260002,68655,10.86,-3.25,81.302902,-63.175621,2685,-4.5599999,69.160004,0.050000001,3.01,2.4100001,101.86,74,-0.5,0.31,1.26597,-0.36454001,0.53579003,11.335876,0.5,163.33948
59584,16.551126,-34.98,0.68339998,68694,10.68,-2.6600001,81.302856,-63.17152,2685,-4.8099999,69.080002,0.02,3.1900001,2.4100001,102,73.370003,-0.27000001,0.33000001,1.28229,-0.3387,0.52626002,11.006271,0.27000001,166.01427
59585,16.551405,-35.009998,0.68260002,68707,10.59,-2.48,81.302811,-63.167439,2685,-5.0599999,69.010002,0.029999999,3.0899999,2.48,102.21,73.139999,-0.11,0.28,1.28861,-0.33701,0.52253997,10.876512,0.11,166.81981
59586,16.551683,-35.049999,0.68120003,68678,10.77,-2.78,81.302757,-63.163349,2685,-5.2800002,68.919998,-0.090000004,3.03,2.5999999,102.48,73.440002,-0.23,0.28,1.27472,-0.3574,0.53065997,11.123008,0.23,165.52649
59587,16.55196,-35.049999,0.68519998,68610,11.24,-3.79,81.302719,-63.159279,2685,-5.5300002,68.809998,-0.23999999,3.1700001,2.6700001,102.78,74.470001,-0.68000001,0.40000001,1.2539901,-0.36840999,0.54284,11.861774,0.68000001,161.36649
59588,16.552238,-35.060001,0.6832,68617,11.05,-3.54,81.302673,-63.155201,2685.5,-5.8000002,68.68,-0.23999999,3.1700001,2.71,103.01,74.129997,-0.52999997,0.28999999,1.26212,-0.37434,0.53803003,11.603193,0.52999997,162.23651
59589,16.552515,-35.02,0.68190002,68708,10.66,-2.3800001,81.302612,-63.151138,2685.5,-6.04,68.550003,-0.31,3.01,2.8699999,103.16,72.849998,-0.090000004,0.23,1.28123,-0.35567001,0.52683997,10.922454,0.090000004,167.41429
59590,16.552794,-35.040001,0.68159997,68669,11.05,-3.0699999,81.302559,-63.147091,2685.5,-6.1999998,68.400002,-0.44999999,2.78,3,103.28,73.5,-0.34,0.43000001,1.26727,-0.34419,0.53509003,11.46854,0.34,164.47322
59591,16.553072,-35.080002,0.68470001,68592,11.59,-4.1900001,81.302498,-63.143051,2686.5,-6.3499999,68.239998,-0.55000001,2.55,3.0999999,103.45,74.57,-0.81,0.61000001,1.24038,-0.35484999,0.55093002,12.324131,0.81,160.12413
59592,16.553349,-35.02,0.6825,68682,10.82,-2.78,81.302437,-63.139011,2686.5,-6.4499998,68.080002,-0.57999998,2.1099999,3.1700001,103.59,72.919998,-0.16,0.20999999,1.2739201,-0.36993,0.53110999,11.171428,0.16,165.59058
59593,16.553627,-35.029999,0.6821,68667,10.88,-2.9200001,81.302391,-63.134991,2687.5,-6.48,67.93,-0.62,1.73,3.24,103.61,72.940002,-0.12,0.23999999,1.27127,-0.36824,0.53267002,11.265026,0.12,164.97685
59594,16.553904,-35.060001,0.68220001,68650,11.11,-3.27,81.30233,-63.13097,2688,-6.3699999,67.809998,-0.56999999,1.11,3.23,103.47,73.230003,-0.18000001,0.40000001,1.26322,-0.35449001,0.53744,11.581235,0.18000001,163.59929
59595,16.554182,-35.040001,0.6821,68655,11.08,-3.0999999,81.302269,-63.126961,2688,-6.1999998,67.720001,-0.41,0.87,3.1199999,103.2,72.949997,-0.12,0.55000001,1.26661,-0.32642001,0.53557003,11.505494,0.12,164.36926
59596,16.554461,-35.040001,0.68089998,68693,10.84,-2.53,81.302223,-63.122952,2688.5,-5.96,67.660004,-0.23999999,0.69,3.02,103.01,72.190002,0.14,0.49000001,1.27842,-0.31957,0.52862,11.13133,-0.14,166.86264
59597,16.554737,-35.040001,0.68049997,68713,10.91,-2.46,81.30217,-63.11895,2689,-5.75,67.629997,-0.059999999,0.75,2.9100001,102.91,72.059998,0.23,0.5,1.27794,-0.31838,0.52890998,11.183904,-0.23,167.29338
59598,16.555016,-35.02,0.68099999,68647,11.06,-3.0999999,81.302109,-63.114941,2689,-5.5700002,67.599998,0.090000004,0.86000001,2.78,102.79,72.639999,0.02,0.49000001,1.2664,-0.33717999,0.53564,11.486236,-0.02,164.34238
59599,16.555292,-35.029999,0.6825,68646,11.2,-3.27,81.302063,-63.110939,2688,-5.3899999,67.599998,0.31,0.82999998,2.6500001,102.67,72.800003,-0.02,0.55000001,1.2644399,-0.32914001,0.53684002,11.667601,0.02,163.72408
59600,16.555571,-35,0.6785,68747,10.53,-1.74,81.30201,-63.106941,2688,-5.21,67.620003,0.47999999,0.88,2.51,102.56,71.139999,0.56,0.25999999,1.29494,-0.33186999,0.51883,10.672792,-0.56,170.61711
59601,16.555849,-35,0.6821,68681,10.93,-2.96,81.301971,-63.10294,2687,-5.0599999,67.660004,0.64999998,0.97000003,2.3599999,102.41,72.449997,0.01,0.40000001,1.26621,-0.35113001,0.53569001,11.323714,-0.01,164.84695
59602,16.556126,-34.970001,0.68019998,68744,10.64,-2.3399999,81.301918,-63.098942,2687,-4.9299998,67.730003,0.81,0.95999998,2.27,102.16,71.830002,0.33000001,0.41,1.2812001,-0.32732001,0.52693999,10.894274,-0.33000001,167.59669
59603,16.556404,-35,0.68040001,68734,10.61,-2.47,81.30188,-63.094929,2686,-4.8000002,67.800003,0.83999997,0.87,2.29,101.87,72.010002,0.25,0.54000002,1.27415,-0.31762001,0.53114998,10.893713,-0.25,166.895
59604,16.556681,-34.970001,0.68080002,68735,10.6,-2.54,81.301842,-63.090912,2685,-4.6100001,67.860001,0.72000003,0.81999999,2.4100001,101.64,72.059998,0.22,0.58999997,1.2690001,-0.31676,0.53421003,10.900074,-0.22,166.52472
59605,16.556959,-35,0.68199998,68691,10.87,-3.3900001,81.301804,-63.086899,2684,-4.4299998,67.919998,0.58999997,0.69999999,2.5,101.54,72.949997,-0.16,0.60000002,1.25107,-0.34055999,0.54469001,11.386352,0.16,162.679
59606,16.557236,-34.959999,0.68279999,68702,10.89,-3.2,81.30175,-63.082878,2683.5,-4.23,67.970001,0.55000001,0.55000001,2.46,101.5,72.769997,-0.059999999,0.52999997,1.25966,-0.33976999,0.53961003,11.350423,0.059999999,163.62471
59607,16.557514,-34.970001,0.6825,68710,10.89,-3.3599999,81.30172,-63.07885,2683,-4.0500002,68.010002,0.57999998,0.56,2.4200001,101.35,72.959999,-0.11,0.5,1.25966,-0.34483001,0.53957999,11.396565,0.11,162.85292
59608,16.557793,-34.93,0.6832,68708,10.8,-3.0699999,81.301682,-63.074829,2682,-3.8299999,68.080002,0.62,0.5,2.47,101.12,72.690002,0.059999999,0.52999997,1.25969,-0.34046999,0.53959,11.227862,-0.059999999,164.13171
