NETCARE2015/data/raw/Flight5/AIMMS_POLAR6_20150409_R1_NETCARE.ict
57, 1001
Aliabadi, Amir A.
University of Guelph
AIMMS20 - 1 Hz data from the processed output file 04091350.txt
Polar 6 NETCARE
1, 1
2015, 04, 09, 2015, 06, 26
1
TimeWave, seconds
24
1, 1, 1, 1, 1, 1, 1, 1, 1, 1, 1, 1, 1, 1, 1, 1, 1, 1, 1, 1, 1, 1, 1, 1
-9999, -9999, -9999, -9999, -9999, -9999, -9999, -9999, -9999, -9999, -9999, -9999, -9999, -9999, -9999, -9999, -9999, -9999, -9999, -9999, -9999, -9999, -9999, -9999
Time_Hr, hr UTC
Temp, deg C
RH, 0-1
BP, pa
WSN, m/s
WSE, m/s
Lat, deg
Lon, deg
Alt, m
SProbN, m/s
SProbE, m/s
SProbD, m/s
Roll, deg
Pitch, deg
Heading, deg
TAS, m/s
WSD, m/s
SideslipAngle, deg
AOA, deg
SideslipDiff, none
SysStatFlag, none
WS, m/s
WSW, m/s
WD, deg
1
Values for certain parameters near the beginning and end of the data block may be 0 as the instrument may not have been recording during these start and end timestamps
18
PI_CONTACT_INFO: Address: University of Guelph; aliabadi@uoguelph.ca
PLATFORM: Polar 6 - sampling around the aircraft
LOCATION: Location data varies as seen in this file
ASSOCIATED_DATA: 04091350.r??
INSTRUMENT_INFO: AIMMS20, Avantech, www.aventech.com
DATA_INFO: none
UNCERTAINTY: Contact manufacturer, Aventech
ULOD_FLAG: -7777
ULOD_VALUE: N/A
LLOD_FLAG: -8888
LLOD_VALUE: N/A
DM_CONTACT_INFO: Amir A. Aliabadi; University of Guelph; aliabadi@uoguelph.ca
PROJECT_INFO: Polar 6 NETCARE Spring 2015 campaign
STIPULATIONS_ON_USE: N/A
OTHER_COMMENTS: N/A
REVISION: R1
R1: corrected for start/stop times
TimeWave,Time_Hr,Temp,RH,BP,WSN,WSE,Lat,Lon,Alt,SProbN,SProbE,SProbD,Roll,Pitch,Heading,TAS,WSD,SideslipAngle,AOA,SideslipDiff,SysStatFlag,WS,WSW,WD
[from data line 7425]
57237,15.899088,-41.93,0.141,45111,30.92,-8.5500002,81.266319,-63.44381,5422.5,-67.580002,-11.72,1.41,5.9000001,2.1500001,179.91,98.540001,-4.0300002,2.48,1.09763,-0.26668999,0.63713998,32.080349,4.0300002,164.54282
57238,15.899365,-41.919998,0.14120001,45125,30.83,-9.3999996,81.265709,-63.44453,5421,-67.830002,-12.6,1.47,6.5,2.0799999,180.86,98.720001,-4.1399999,1.6,1.0928299,-0.41158,0.63815999,32.231178,4.1399999,163.04366
57239,15.899643,-41.939999,0.1418,45157,30.360001,-9.4499998,81.265099,-63.445301,5420,-68.050003,-13.63,1.4299999,7.27,2.01,181.53,98.580002,-4.1100001,1.5700001,1.09841,-0.40911001,0.63485998,31.796732,4.1100001,162.71048
57240,15.89992,-41.98,0.1419,45127,30.59,-9.1400003,81.264488,-63.446129,5418,-68.279999,-14.76,1.4400001,8,1.92,182.17999,99.089996,-4.4400001,1.8099999,1.09724,-0.37279999,0.63594002,31.926285,4.4400001,163.36435
57241,15.900198,-41.990002,0.14219999,45122,30.700001,-8.6599998,81.263878,-63.447041,5417,-68.5,-16.01,1.4400001,8.7399998,1.8099999,182.98,99.529999,-4.7199998,2.0699999,1.09758,-0.33171001,0.63624001,31.89805,4.7199998,164.24706
57242,15.900476,-41.990002,0.1415,45127,30.76,-8.8699999,81.26326,-63.448021,5415.5,-68.709999,-17.370001,1.47,9.3800001,1.71,183.8,99.870003,-4.8499999,1.95,1.1013499,-0.34505999,0.63382,32.013348,4.8499999,163.91447
57243,15.900754,-42,0.14210001,45121,30.59,-8.96,81.26265,-63.449081,5413.5,-68.900002,-18.799999,1.53,9.8100004,1.58,184.72,100.03,-4.9400001,1.8200001,1.10366,-0.36203,0.63222998,31.875221,4.9400001,163.67436
57244,15.901031,-41.970001,0.14129999,45150,30.309999,-8.4499998,81.262032,-63.45023,5412.5,-69.050003,-20.309999,1.63,10.23,1.45,185.81,100.08,-5.0599999,1.92,1.1076699,-0.34015,0.63010001,31.465832,5.0599999,164.42229
57245,15.901309,-41.93,0.1416,45192,29.559999,-8.8999996,81.261421,-63.451469,5410.5,-69.139999,-21.889999,1.86,10.72,1.23,186.97,99.580002,-4.6500001,1.45,1.1221499,-0.39375001,0.62085998,30.870756,4.6500001,163.24387
57246,15.901587,-41.950001,0.1411,45189,29.209999,-8.1800003,81.260803,-63.452801,5408.5,-69.18,-23.540001,2.2,11.11,1.04,187.92,99.68,-4.6999998,1.9,1.12735,-0.31461999,0.61865002,30.333752,4.6999998,164.35558
57247,15.901865,-41.880001,0.14049999,45276,28.48,-8.4399996,81.260178,-63.454239,5406,-69.18,-25.190001,2.46,11.12,0.98000002,188.73,99.18,-4.3699999,1.9299999,1.13785,-0.29451001,0.61264002,29.704275,4.3699999,163.4929
57248,15.902143,-41.860001,0.14139999,45259,28.67,-7.5,81.25956,-63.455761,5403.5,-69.160004,-26.76,2.6199999,10.79,0.92000002,189.67999,99.769997,-4.48,2.3699999,1.13709,-0.22685,0.61413002,29.634758,4.48,165.34009
57249,15.90242,-41.869999,0.1409,45265,28.610001,-8.2799997,81.258942,-63.457378,5401,-69.120003,-28.309999,2.72,10.6,0.86000001,191,99.769997,-4.2399998,1.47,1.13503,-0.37094,0.61341,29.784065,4.2399998,163.85907
57250,15.902698,-41.889999,0.1416,45245,28.860001,-7.0300002,81.258324,-63.459091,5398.5,-69.029999,-29.969999,2.6199999,10.82,0.94999999,192.46001,100.56,-4.48,1.66,1.12448,-0.35633001,0.61985999,29.70388,4.48,166.30995
57251,15.902975,-41.889999,0.1419,45262,28.83,-7.0300002,81.257713,-63.460899,5396,-68.839996,-31.73,2.47,11.33,0.88999999,193.71001,100.79,-4.5300002,1.4299999,1.13024,-0.38396999,0.61614001,29.674734,4.5300002,166.29623
57252,15.903254,-41.880001,0.1409,45336,27.76,-7.02,81.257088,-63.462818,5393,-68.620003,-33.540001,2.6099999,11.79,0.69,194.8,100.03,-4.3000002,1.52,1.14993,-0.34193,0.60483003,28.633862,4.3000002,165.80846
57253,15.903531,-41.889999,0.1417,45321,28.08,-6.8699999,81.256477,-63.46484,5390.5,-68.389999,-35.330002,2.8699999,12,0.47999999,195.81,100.68,-4.4000001,1.5700001,1.15251,-0.32999,0.60342997,28.908188,4.4000001,166.25218
57254,15.903809,-41.849998,0.14120001,45322,27.73,-6.5599999,81.255867,-63.466961,5388,-68.129997,-37.099998,3.1400001,12.01,0.28,196.96001,100.68,-4.52,1.67,1.15495,-0.31106001,0.60219997,28.495377,4.52,166.6904
57255,15.904086,-41.82,0.1417,45391,27.059999,-6.6300001,81.255257,-63.4692,5384,-67.860001,-38.91,3.3499999,12.03,0.15000001,198.28999,100.31,-4.2800002,1.4299999,1.15984,-0.34241,0.59891999,27.860374,4.2800002,166.23309
57256,15.904364,-41.799999,0.14129999,45396,27,-6.3600001,81.254646,-63.471531,5381,-67.540001,-40.77,3.47,12.26,0.039999999,199.66,100.7,-4.3000002,1.28,1.1614,-0.36300001,0.59777999,27.738955,4.3000002,166.74529
57257,15.904642,-41.830002,0.142,45397,27.139999,-5.98,81.254051,-63.473991,5377,-67.169998,-42.709999,3.54,12.52,-0.01,200.83,101.36,-4.5300002,1.4299999,1.15734,-0.34533,0.60036999,27.791006,4.5300002,167.57405
57258,15.90492,-41.82,0.14139999,45439,26.559999,-5.9400001,81.253448,-63.476551,5374,-66.760002,-44.580002,3.55,12.36,0,201.89,101.12,-4.3299999,1.55,1.16802,-0.31092,0.59438998,27.21612,4.3299999,167.39355
57259,15.905197,-41.77,0.1411,45438,26.52,-5.0900002,81.252853,-63.479221,5370,-66.32,-46.380001,3.47,12.1,-0.01,203.23,101.67,-4.4699998,1.67,1.16712,-0.29341,0.59514999,27.004047,4.4699998,169.13531
57260,15.905475,-41.849998,0.14219999,45416,26.76,-4.1900001,81.252258,-63.481998,5367,-65.800003,-48.259998,3.27,12.27,-0.01,204.69,102.64,-4.9099998,1.72,1.15844,-0.29861999,0.60026997,27.086042,4.9099998,171.10106
57261,15.905752,-41.849998,0.1426,45363,27.17,-3.8599999,81.251678,-63.484879,5364,-65.199997,-50.139999,3.1700001,12.47,0.050000001,206.00999,103.42,-5.1900001,1.6,1.15207,-0.32640001,0.60373002,27.442822,5.1900001,171.91418
57262,15.90603,-41.880001,0.1437,45363,27.01,-3.3,81.251099,-63.487881,5360.5,-64.550003,-52,3.02,12.17,0.23999999,207.28999,103.84,-5.1399999,1.71,1.14923,-0.31398001,0.60557997,27.210846,5.1399999,173.0343
57263,15.906308,-41.779999,0.14129999,45534,25.43,-4.3899999,81.250519,-63.49099,5358,-63.799999,-53.810001,2.5999999,11.95,0.77999997,208.35001,102.08,-4.02,1.5599999,1.16417,-0.3161,0.59662998,25.806143,4.02,170.20552
57264,15.906586,-41.799999,0.1417,45529,25.48,-4,81.249962,-63.494202,5355,-62.990002,-55.509998,1.88,11.53,1.35,209.37,102.39,-4.1900001,1.77,1.1519001,-0.29975,0.60417002,25.792061,4.1900001,171.07819
57265,15.906863,-41.790001,0.1416,45543,25.32,-3.25,81.24939,-63.497509,5354,-62.110001,-57.07,1.15,11.57,1.74,210.67,102.56,-3.9200001,1.86,1.15421,-0.28343999,0.60299999,25.527727,3.9200001,172.68568
57266,15.907141,-41.740002,0.141,45576,24.709999,-3.55,81.24884,-63.500912,5353,-61.060001,-58.709999,0.70999998,12.6,1.88,212.33,101.82,-3.6900001,1.36,1.1648999,-0.34606001,0.59586,24.963705,3.6900001,171.82446
57267,15.907418,-41.75,0.1418,45534,24.93,-2.9300001,81.248299,-63.50441,5352.5,-59.830002,-60.490002,0.27000001,13.17,2.05,213.81,102.37,-4.1599998,1.39,1.15526,-0.35468999,0.60152,25.101589,4.1599998,173.29683
57268,15.907697,-41.799999,0.1424,45512,25.32,-2.05,81.24778,-63.508018,5352.5,-58.5,-62.240002,-0.050000001,13.6,2.21,215.00999,103.11,-4.4099998,1.75,1.15422,-0.30022001,0.60277998,25.402851,4.4099998,175.37122
57269,15.907974,-41.73,0.1418,45513,25.040001,-2.2,81.247261,-63.511719,5352.5,-57.169998,-63.91,-0.2,13.51,2.29,216.25,102.65,-4.27,1.7,1.16248,-0.29657,0.59789002,25.136461,4.27,174.97891
57270,15.908252,-41.720001,0.14139999,45493,25,-1.54,81.24675,-63.515518,5352.5,-55.830002,-65.480003,-0.17,13.29,2.24,217.64999,102.9,-4.3600001,1.74,1.16474,-0.28632,0.59666002,25.047386,4.3600001,176.47504
57271,15.908529,-41.650002,0.14,45578,23.889999,-2.3299999,81.246246,-63.519409,5353,-54.470001,-66.970001,-0.23,12.9,2.3699999,219.11,101.4,-3.8299999,1.39,1.17119,-0.33270001,0.59224999,24.003353,3.8299999,174.42953
57272,15.908807,-41.650002,0.14040001,45571,23.790001,-1.6900001,81.245781,-63.523392,5353,-53.02,-68.440002,-0.41999999,12.96,2.52,220.55,101.6,-3.8900001,1.4400001,1.16135,-0.33772999,0.59806001,23.849953,3.8900001,175.93663
57273,15.909085,-41.669998,0.1409,45552,23.35,-0.75999999,81.245308,-63.527451,5353.5,-51.48,-69.870003,-0.58999997,13.19,2.6400001,221.84,101.73,-4.1599998,1.9299999,1.15745,-0.26745,0.60128999,23.362366,4.1599998,178.13579
57274,15.909363,-41.669998,0.1408,45568,23.41,-1.21,81.24485,-63.53159,5354.5,-49.91,-71.269997,-0.68000001,13.45,2.6900001,223.14,101.25,-3.98,1.61,1.1596299,-0.31474,0.59935999,23.44125,3.98,177.04117
57275,15.90964,-41.669998,0.14040001,45577,23.200001,-1.02,81.244408,-63.53582,5354.5,-48.290001,-72.629997,-0.68000001,13.71,2.6900001,224.5,101.01,-3.9400001,1.62,1.16232,-0.30930001,0.59780997,23.222412,3.9400001,177.48259
57276,15.909918,-41.630001,0.1407,45607,22.610001,-0.81,81.24398,-63.540119,5355.5,-46.650002,-73.919998,-0.58999997,13.75,2.52,225.94,100.52,-4.02,1.67,1.16681,-0.29468,0.59531999,22.624504,4.02,177.94826
57277,15.910195,-41.639999,0.1397,45580,22.639999,-0.47,81.243584,-63.544498,5356,-44.990002,-75.220001,-0.19,13.83,2.1500001,227.33,100.64,-4.0900002,1.5700001,1.17356,-0.3012,0.59119999,22.644876,4.0900002,178.81073
57278,15.910474,-41.580002,0.1397,45621,22.34,-0.88,81.243179,-63.54895,5355.5,-43.330002,-76.489998,0.28,14,1.85,228.58,100.05,-3.95,1.47,1.17948,-0.30695,0.58759999,22.357327,3.95,177.74422
57279,15.910751,-41.610001,0.13940001,45608,22.27,-0.50999999,81.242798,-63.553478,5355.5,-41.68,-77.760002,0.74000001,14.04,1.53,229.77,100.19,-4.1900001,1.66,1.17691,-0.28215,0.58943999,22.275839,4.1900001,178.68811
57280,15.911029,-41.610001,0.1397,45587,22.6,-0.34999999,81.242439,-63.558079,5354.5,-40.07,-78.980003,1.28,13.86,1.21,231.02,100.48,-4.21,1.45,1.1774,-0.31353,0.58876002,22.602711,4.21,179.11275
57281,15.911306,-41.599998,0.1398,45576,21.93,0.059999999,81.242081,-63.562759,5352.5,-38.490002,-80.160004,1.83,13.46,0.89999998,232.39999,100.38,-4.4400001,1.65,1.1657701,-0.29925999,0.59587997,21.930082,4.4400001,180.15675
57282,15.911584,-41.580002,0.13940001,45611,21.870001,-0.30000001,81.241737,-63.567501,5350.5,-36.830002,-81.400002,2.1600001,13.58,0.81,233.77,100.11,-4.2600002,1.38,1.16365,-0.34463,0.59662002,21.872059,4.2600002,179.2141
57283,15.911861,-41.610001,0.14030001,45583,21.950001,0.60000002,81.241417,-63.572311,5348.5,-35.119999,-82.620003,2.3099999,13.57,1.05,235.06,100.93,-4.4299998,1.63,1.13871,-0.34055001,0.61154997,21.9582,4.4299998,181.56578
57284,15.91214,-41.619999,0.13959999,45551,21.700001,1.8200001,81.241119,-63.577202,5346.5,-33.330002,-83.809998,1.89,13.59,1.36,236.45,101.77,-4.96,2.03,1.1138999,-0.31345999,0.62672001,21.77619,4.96,184.79424
57285,15.912417,-41.580002,0.1397,45628,21.91,0.64999998,81.240829,-63.582161,5345,-31.42,-84.980003,1.6799999,14.59,1.28,238.22,100.77,-4.25,1.05,1.1339,-0.43939999,0.6135,21.91964,4.25,181.69928
57286,15.912695,-41.57,0.1401,45601,21,1.67,81.240547,-63.587181,5343,-29.290001,-86.209999,1.84,15.82,1.16,240.14999,101.15,-4.6100001,1.38,1.12948,-0.39335999,0.61650002,21.066298,4.6100001,184.54681
57287,15.912972,-41.59,0.141,45553,21.059999,2.5599999,81.240303,-63.592281,5341,-26.889999,-87.510002,1.87,17.07,1.24,242,102.02,-5.04,1.48,1.11071,-0.40415999,0.62757999,21.215023,5.04,186.93073
57288,15.91325,-41.549999,0.13869999,45597,20.23,2.4300001,81.240067,-63.59745,5339.5,-24.290001,-88.800003,1.91,18.139999,1.34,243.74001,101.46,-4.8600001,1.85,1.1169,-0.33752,0.62461001,20.375422,4.8600001,186.84947
57289,15.913528,-41.509998,0.1398,45673,19.74,2.04,81.239861,-63.602711,5337.5,-21.549999,-90.059998,1.9,18.76,1.3099999,245.53,100.83,-4.6500001,1.9299999,1.1315,-0.30381,0.61632001,19.845131,4.6500001,185.90019
57290,15.913806,-41.5,0.13869999,45705,19.040001,1.83,81.239693,-63.608028,5335.5,-18.77,-91.239998,2.1800001,19.09,0.99000001,247.59,100.35,-4.6999998,1.9,1.1417201,-0.29414001,0.61032999,19.127743,4.6999998,185.49004
57291,15.914083,-41.48,0.1393,45721,18.870001,1.79,81.239532,-63.613419,5332.5,-15.96,-92.349998,2.6500001,18.98,0.72000003,249.78999,100.26,-4.5100002,1.48,1.14147,-0.36120999,0.60966998,18.95471,4.5100002,185.41884
57292,15.914361,-41.5,0.1397,45697,18.07,2.6600001,81.239403,-63.61887,5330,-13,-93.389999,2.8199999,19.049999,0.82999998,252.02,100.93,-4.7199998,1.73,1.12191,-0.34941,0.62147999,18.264734,4.7199998,188.3741
57293,15.914639,-41.5,0.14040001,45696,18.17,3.01,81.239288,-63.624378,5327.5,-9.9399996,-94.360001,2.6600001,19.16,1.12,254.03,101.29,-4.5999999,1.6,1.11274,-0.38354999,0.62656999,18.417627,4.5999999,189.40607
57294,15.914917,-41.459999,0.1393,45738,17.41,2.96,81.23922,-63.629951,5324.5,-6.8099999,-95.160004,2.3699999,19.200001,1.37,256.14001,100.98,-4.46,1.73,1.11242,-0.36289001,0.62699002,17.659832,4.46,189.649
57295,15.915195,-41.439999,0.1392,45758,16.9,3.22,81.239166,-63.635551,5322.5,-3.5899999,-95.82,2.0899999,19.35,1.55,258.42001,100.97,-4.4699998,1.65,1.10998,-0.37882999,0.62826997,17.204023,4.4699998,190.78741
57296,15.915472,-41.43,0.1398,45777,16.1,3.5799999,81.239151,-63.641201,5320.5,-0.34,-96.339996,1.87,19.58,1.67,260.73001,101.12,-4.4899998,1.7,1.10853,-0.37303999,0.62919998,16.493223,4.4899998,192.53635
57297,15.91575,-41.41,0.1389,45793,15.85,3.3699999,81.239159,-63.646858,5318.5,2.96,-96.709999,1.67,19.57,1.7,263.06,100.69,-4.21,1.3200001,1.1169699,-0.42127001,0.62370002,16.204302,4.21,192.00339
57298,15.916027,-41.439999,0.139,45751,14.72,4.3200002,81.239197,-63.65255,5317,6.25,-96.959999,1.6900001,20,1.54,265.29999,101.51,-4.9400001,1.74,1.10859,-0.36660001,0.62923998,15.340821,4.9400001,196.35582
57299,15.916305,-41.349998,0.1382,45855,14.43,2.9400001,81.239273,-63.658249,5315,9.54,-97.089996,1.97,20.290001,1.24,267.37,100,-4.3899999,1.54,1.13489,-0.36037999,0.61361003,14.726456,4.3899999,191.51595
57300,15.916583,-41.34,0.1383,45851,13.66,3.01,81.239372,-63.663952,5313,12.75,-97.139999,2.4400001,20.299999,1,269.48001,100.03,-4.4899998,1.74,1.13597,-0.32821,0.61333001,13.987698,4.4899998,192.42662
57301,15.916861,-41.32,0.13770001,45872,13.24,3.23,81.239487,-63.669659,5310,15.99,-97.110001,2.8299999,20.370001,0.81,271.76999,100.24,-4.4499998,1.55,1.12964,-0.36713001,0.61667001,13.628298,4.4499998,193.70995
57302,15.917138,-41.310001,0.13850001,45868,12.22,3.1700001,81.239647,-63.675362,5307,19.290001,-96.980003,3.0999999,20.51,0.63999999,274.17001,100.32,-4.6799998,1.67,1.12367,-0.35681,0.62033999,12.624473,4.6799998,194.54259
57303,15.917416,-41.290001,0.138,45953,11.71,2.5599999,81.239838,-63.681049,5304,22.67,-96.720001,3.3399999,20.76,0.52999997,276.62,99.769997,-4.3899999,1.46,1.12781,-0.38281,0.61760002,11.986564,4.3899999,192.33179
57304,15.917693,-41.310001,0.1382,45909,10.65,3.1400001,81.240059,-63.686722,5301,26.17,-96.349998,3.46,21.09,0.50999999,278.98001,100.67,-4.75,1.76,1.11664,-0.35181999,0.62459999,11.103247,4.75,196.4274
57305,15.917972,-41.299999,0.13869999,45915,10.82,3.2,81.240311,-63.692371,5297,29.700001,-95.809998,3.48,21.469999,0.57999998,281.14999,100.79,-4.54,1.5599999,1.1141599,-0.38773999,0.62568003,11.283279,4.54,196.47551
57306,15.918249,-41.290001,0.13850001,45998,10.43,2.5799999,81.240578,-63.697979,5294,33.220001,-95.139999,3.52,21.780001,0.63999999,283.26001,100.31,-4.2800002,1.77,1.12464,-0.33919001,0.61997002,10.744362,4.2800002,193.89397
57307,15.918527,-41.290001,0.13869999,45965,9.7600002,2.99,81.240891,-63.703541,5290,36.68,-94.349998,3.5699999,21.84,0.55000001,285.60001,100.92,-4.6700001,1.8200001,1.1171499,-0.34251001,0.62440002,10.207727,4.6700001,197.03258
57308,15.918804,-41.259998,0.13770001,46023,9.4399996,2.5,81.241241,-63.709061,5286.5,40.119999,-93.400002,3.6700001,21.790001,0.38,288.20999,100.57,-4.4200001,1.4299999,1.12385,-0.39421001,0.61984003,9.7654285,4.4200001,194.83316
57309,15.919082,-41.290001,0.1389,46028,8.5200005,2.47,81.241608,-63.71452,5283,43.610001,-92.309998,3.75,22.110001,0.2,290.73001,101.05,-4.7600002,1.52,1.1225899,-0.38214001,0.62071002,8.8708124,4.7600002,196.16719
57310,15.91936,-41.25,0.1381,46077,8.8400002,1.92,81.24202,-63.719921,5279,47.07,-91.089996,3.95,22.51,0.15000001,292.95001,100.55,-4.23,1.29,1.13261,-0.40351999,0.61453998,9.0461044,4.23,192.25401
