NETCARE2015/data/raw/Flight5/AIMMS_POLAR6_20150409_R1_NETCARE.ict
57, 1001
Aliabadi, Amir A.
University of Guelph
AIMMS20 - 1 Hz data from the processed output file 04091350.txt
Polar 6 NETCARE
1, 1
2015, 04, 09, 2015, 06, 26
1
TimeWave, seconds
24
1, 1, 1, 1, 1, 1, 1, 1, 1, 1, 1, 1, 1, 1, 1, 1, 1, 1, 1, 1, 1, 1, 1, 1
-9999, -9999, -9999, -9999, -9999, -9999, -9999, -9999, -9999, -9999, -9999, -9999, -9999, -9999, -9999, -9999, -9999, -9999, -9999, -9999, -9999, -9999, -9999, -9999
Time_Hr, hr UTC
Temp, deg C
RH, 0-1
BP, pa
WSN, m/s
WSE, m/s
Lat, deg
Lon, deg
Alt, m
SProbN, m/s
SProbE, m/s
SProbD, m/s
Roll, deg
Pitch, deg
Heading, deg
TAS, m/s
WSD, m/s
SideslipAngle, deg
AOA, deg
SideslipDiff, none
SysStatFlag, none
WS, m/s
WSW, m/s
WD, deg
1
Values for certain parameters near the beginning and end of the data block may be 0 as the instrument may not have been recording during these start and end timestamps
18
PI_CONTACT_INFO: Address: University of Guelph; aliabadi@uoguelph.ca
PLATFORM: Polar 6 - sampling around the aircraft
LOCATION: Location data varies as seen in this file
ASSOCIATED_DATA: 04091350.r??
INSTRUMENT_INFO: AIMMS20, Avantech, www.aventech.com
DATA_INFO: none
UNCERTAINTY: Contact manufacturer, Aventech
ULOD_FLAG: -7777
ULOD_VALUE: N/A
LLOD_FLAG: -8888
LLOD_VALUE: N/A
DM_CONTACT_INFO: Amir A. Aliabadi; University of Guelph; aliabadi@uoguelph.ca
PROJECT_INFO: Polar 6 NETCARE Spring 2015 campaign
STIPULATIONS_ON_USE: N/A
OTHER_COMMENTS: N/A
REVISION: R1
R1: corrected for start/stop times
TimeWave,Time_Hr,Temp,RH,BP,WSN,WSE,Lat,Lon,Alt,SProbN,SProbE,SProbD,Roll,Pitch,Heading,TAS,WSD,SideslipAngle,AOA,SideslipDiff,SysStatFlag,WS,WSW,WD
[from data line 511]
50323,13.978515,-29.110001,0.44819999,83536,10.39,5.4000001,82.307083,-62.607361,1339,-44.75,-18.98,-0.37,3.22,5.1199999,205.12,60.279999,1.6,-1.08,1.235,-0.62761003,0.55533999,11.709488,-1.6,207.46228
50324,13.978792,-29.129999,0.44850001,83533,10.07,5.0900002,82.306671,-62.608639,1339,-44.860001,-19.41,-0.37,3.27,4.98,205.16,60.169998,1.63,-0.94999999,1.25082,-0.58459997,0.54585999,11.283306,-1.63,206.81485
50325,13.97907,-29.15,0.44909999,83529,9.8900003,5.1599998,82.306267,-62.609951,1340,-45.02,-19.75,-0.47999999,3.1199999,4.9000001,205.25,60.279999,1.48,-0.69,1.25323,-0.53964001,0.54395002,11.155165,-1.48,207.55281
50326,13.979347,-29.17,0.4492,83535,9.7299995,4.9299998,82.30587,-62.61129,1340.5,-45.18,-20.120001,-0.61000001,3.2,4.9200001,205.69,60.290001,1.46,-1,1.25322,-0.5891,0.54457998,10.907694,-1.46,206.87044
50327,13.979626,-29.190001,0.44980001,83491,9.9700003,5.0300002,82.305473,-62.612652,1341,-45.27,-20.57,-0.85000002,3.45,5.04,206.03999,60.900002,1.23,-0.98000002,1.2444201,-0.59921998,0.54966003,11.166996,-1.23,206.77156
50328,13.979903,-29.24,0.4499,83471,10.22,5.1999998,82.305061,-62.614029,1342.5,-45.32,-20.99,-1.29,3.4300001,5.4000001,206.10001,61.439999,0.92000002,-0.64999998,1.23232,-0.56426001,0.55609,11.466839,-0.92000002,206.96727
50329,13.980181,-29.23,0.44949999,83517,9.3999996,4.8699999,82.304657,-62.615452,1344,-45.360001,-21.299999,-1.85,3.1199999,5.75,206.12,60.720001,1.04,-0.41999999,1.25567,-0.49432001,0.54212999,10.586637,-1.04,207.388
50330,13.980458,-29.25,0.44929999,83488,9.4300003,4.6300001,82.304253,-62.616879,1346,-45.349998,-21.52,-2.4300001,2.8299999,5.9899998,206.27,60.740002,0.70999998,-0.58999997,1.25516,-0.52249998,0.54267001,10.505322,-0.70999998,206.15041
50331,13.980736,-29.27,0.4499,83403,9.6599998,5.1999998,82.303841,-62.618328,1349,-45.389999,-21.73,-2.54,2.6900001,5.5900002,206.47,61.310001,0.50999999,-0.27000001,1.27239,-0.44703001,0.53219998,10.97067,-0.50999999,208.29369
50332,13.981013,-29.309999,0.44960001,83404,9.2399998,4.5999999,82.303436,-62.619789,1351,-45.5,-21.93,-2.3299999,2.1600001,5.27,206.49001,60.919998,0.60000002,-0.54000002,1.29556,-0.45535001,0.51899999,10.321705,-0.60000002,206.46576
50333,13.981292,-29.299999,0.45120001,83380,9.2399998,4.5599999,82.303032,-62.621269,1354,-45.68,-22.049999,-2.26,1.88,5.0999999,206.23,61.130001,0.46000001,-0.30000001,1.2905,-0.42583999,0.52164,10.303941,-0.46000001,206.26663
50334,13.981569,-29.35,0.4508,83325,9.3500004,5.02,82.30262,-62.622749,1356,-45.900002,-22.08,-2.3499999,1.64,5.0100002,205.95,61.619999,0.079999998,0.25,1.27977,-0.35422,0.52770001,10.612394,-0.079999998,208.23128
50335,13.981847,-29.379999,0.45109999,83281,9.6300001,5.0500002,82.302208,-62.624222,1358,-46.150002,-22.07,-2.4300001,1.3,4.9499998,205.86,62.060001,-0.050000001,0.13,1.27818,-0.37619999,0.52862,10.873795,0.050000001,207.67265
50336,13.982124,-29.41,0.45159999,83205,9.9799995,5.4000001,82.301804,-62.625702,1361,-46.419998,-22.02,-2.5899999,1.1,4.9200001,205.91,62.75,-0.37,0.07,1.26447,-0.40432999,0.53665,11.347263,0.37,208.41704
50337,13.982402,-29.42,0.45190001,83195,9.6000004,5.1900001,82.301376,-62.627171,1364,-46.669998,-21.98,-2.72,0.93000001,4.8600001,205.92999,62.549999,-0.31,-0.11,1.28321,-0.40702999,0.52574003,10.913116,0.31,208.39676
50338,13.98268,-29.440001,0.4522,83161,9.6199999,5.0999999,82.300957,-62.628651,1367,-46.93,-21.940001,-2.8099999,0.86000001,4.73,205.86,62.75,-0.34,-0.25999999,1.29431,-0.41462001,0.51937002,10.888268,0.34,207.9301
50339,13.982958,-29.52,0.45370001,83053,10.62,5.8299999,82.300537,-62.630112,1370,-47.200001,-21.9,-2.8299999,0.86000001,4.5700002,205.67,64.209999,-0.56,-0.01,1.28769,-0.38477001,0.52306998,12.115003,0.56,208.76521
50340,13.983235,-29.549999,0.4542,83016,10.69,5.8400002,82.300117,-62.63158,1373,-47.5,-21.85,-2.8399999,0.81,4.4400001,205.47,64.529999,-0.61000001,0.02,1.29688,-0.36708999,0.51769,12.181203,0.61000001,208.64799
50341,13.983513,-29.58,0.45590001,82968,10.87,6.1500001,82.29969,-62.633041,1375.5,-47.82,-21.790001,-2.8,0.74000001,4.2600002,205.31,65.059998,-0.77999997,0.18000001,1.29585,-0.34252,0.51828003,12.489171,0.77999997,209.5002
50342,13.98379,-29.629999,0.45609999,82898,11.12,6.1999998,82.299263,-62.634499,1378.5,-48.16,-21.719999,-2.8299999,0.60000002,4.0799999,205.25,65.559998,-1.03,0,1.2942801,-0.37344,0.51921999,12.731629,1.03,209.14203
50343,13.984069,-29.65,0.4562,82864,11.16,6.48,82.298828,-62.635948,1381.5,-48.5,-21.66,-2.8599999,0.60000002,3.9300001,205.23,66.010002,-1.12,0.050000001,1.2987,-0.35964,0.51661998,12.904882,1.12,210.14139
50344,13.984346,-29.67,0.4558,82801,11.08,6.5599999,82.298393,-62.637402,1384,-48.84,-21.610001,-2.9100001,0.56,3.8,205.24001,66.230003,-1.28,-0.039999999,1.30221,-0.36783999,0.51459002,12.876335,1.28,210.62799
50345,13.984624,-29.709999,0.45809999,82699,11.68,7.4299998,82.297951,-62.638851,1387,-49.169998,-21.57,-3.01,0.81,3.8900001,205.48,67.339996,-1.52,0.029999999,1.27783,-0.39230001,0.52882999,13.842952,1.52,212.46167
50346,13.984901,-29.74,0.45829999,82681,11.63,7.27,82.297523,-62.640301,1391,-49.389999,-21.639999,-3.4300001,1.29,4.23,205.77,67.540001,-1.66,-0.34999999,1.27435,-0.45699,0.53113002,13.715313,1.66,212.00981
50347,13.985179,-29.75,0.45820001,82664,11.09,7.0599999,82.297073,-62.64175,1394,-49.529999,-21.75,-3.8299999,1.72,4.3499999,205.67,67.199997,-1.5599999,-0.17,1.29419,-0.39997,0.51936001,13.146547,1.5599999,212.48122
50348,13.985456,-29.780001,0.45860001,82577,11.64,7.3499999,82.296631,-62.643211,1398.5,-49.650002,-21.85,-4.0999999,1.9,4.3699999,205.5,67.949997,-1.75,0.050000001,1.29574,-0.36289999,0.51833999,13.766339,1.75,212.27008
50349,13.985735,-29.74,0.45829999,82587,10.84,6.7600002,82.296181,-62.644669,1402.5,-49.75,-21.99,-4.1999998,2.29,4.1599998,205.59,67.089996,-1.7,-0.13,1.32443,-0.34953001,0.50164002,12.775101,1.7,211.94833
50350,13.986012,-29.76,0.4589,82493,11.08,6.9299998,82.295738,-62.64616,1406.5,-49.849998,-22.25,-4.1599998,2.6600001,4.0300002,205.81,67.610001,-1.9400001,-0.13,1.31185,-0.36767,0.509,13.068714,1.9400001,212.02397
50351,13.98629,-29.799999,0.45930001,82404,11.42,6.9200001,82.295288,-62.647652,1411,-49.939999,-22.559999,-4.02,2.74,3.77,205.74001,68.129997,-2.1300001,0.029999999,1.31969,-0.33199,0.50433999,13.353007,2.1300001,211.21396
50352,13.986567,-29.799999,0.45969999,82396,11.05,6.5599999,82.294853,-62.64917,1415,-50.060001,-22.790001,-3.8299999,2.6199999,3.5899999,205.67,67.809998,-1.95,0.07,1.32842,-0.31277999,0.49922001,12.85053,1.95,210.69612
50353,13.986845,-29.809999,0.45950001,82357,10.97,6.3800001,82.294403,-62.6507,1418.5,-50.169998,-23.01,-3.5799999,2.49,3.3900001,205.81,67.809998,-1.91,-0.039999999,1.33156,-0.32666001,0.49742001,12.690363,1.91,210.18169
50354,13.987123,-29.83,0.45930001,82313,10.87,6.1599998,82.293953,-62.652248,1422.5,-50.279999,-23.27,-3.4000001,2.54,3.3,206.03,67.839996,-1.78,-0.25,1.33465,-0.35444999,0.49577999,12.494099,1.78,209.54012
50355,13.987401,-29.860001,0.4601,82242,11.33,6.5100002,82.293503,-62.65382,1426,-50.349998,-23.540001,-3.3299999,2.6900001,3.26,206.11,68.629997,-1.87,-0.050000001,1.32555,-0.33548999,0.50094002,13.067096,1.87,209.88084
50356,13.987679,-29.870001,0.46079999,82171,11.35,6.46,82.293053,-62.655399,1429,-50.41,-23.83,-3.1300001,2.75,3.1800001,206.08,68.830002,-1.85,0.14,1.32289,-0.30972999,0.50246,13.059637,1.85,209.64693
50357,13.987956,-29.83,0.4601,82179,10.73,5.8699999,82.292587,-62.657001,1432.5,-50.5,-24.07,-2.9100001,2.4300001,3.1400001,206,68.169998,-1.67,0.15000001,1.32539,-0.30542001,0.50099999,12.23069,1.67,208.6815
50358,13.988234,-29.84,0.45950001,82164,10.45,5.6100001,82.292137,-62.658619,1435,-50.560001,-24.200001,-3.0999999,2.04,3.25,206.00999,67.879997,-1.9299999,0.11,1.31125,-0.33149001,0.50927001,11.860632,1.9299999,208.22878
50359,13.988512,-29.9,0.4601,82117,10.76,5.4899998,82.291687,-62.66024,1439,-50.610001,-24.309999,-3.54,1.89,3.23,206.24001,68.18,-2.74,-0.25,1.28641,-0.42329001,0.52397001,12.07964,2.74,207.03172
50360,13.98879,-29.91,0.461,82062,11.3,4.8099999,82.291237,-62.661869,1442.5,-50.549999,-24.52,-4.0500002,1.79,2.96,206.12,68.550003,-3.74,-0.67000002,1.28373,-0.49338001,0.52613997,12.281128,3.74,203.05769
50361,13.989067,-29.950001,0.463,81974,13.01,4.1300001,82.290779,-62.663521,1446.5,-50.529999,-24.68,-4.1399999,1.29,2.51,205.36,69.93,-3.5599999,-0.92000002,1.3308901,-0.46467999,0.49937999,13.649798,3.5599999,197.61194
50362,13.989345,-29.860001,0.46309999,81782,12.39,5.9699998,82.290329,-62.665161,1450.5,-50.650002,-24.389999,-3.3499999,1.05,2.6900001,204.73,69.919998,-1.79,1.01,1.35642,-0.12521,0.48442,13.753291,1.79,205.72664
50363,13.989622,-29.790001,0.46129999,81914,11.31,6.1799998,82.289879,-62.66679,1454,-50.650002,-24.25,-3.4100001,1.88,3.5599999,206.45,68.629997,-1.8099999,-0.22,1.30867,-0.38732001,0.51093,12.888309,1.8099999,208.65303
50364,13.989901,-29.83,0.4614,81899,11.55,5.8699999,82.289429,-62.668419,1458,-50.299999,-24.57,-3.99,2.29,4.2199998,208.00999,68.879997,-1.74,-1.71,1.30528,-0.62506998,0.51684999,12.956057,1.74,206.94083
50365,13.990178,-29.83,0.46039999,81788,11.24,4.8099999,82.288979,-62.670071,1462,-49.889999,-24.84,-4.1900001,1.66,4.6799998,207.55,68.18,-1.86,-1.59,1.28219,-0.64007998,0.52958,12.225944,1.86,203.16782
50366,13.990456,-29.76,0.4623,81768,13.24,3.96,82.288528,-62.67173,1466.5,-49.610001,-24.76,-5.0900002,0.40000001,4.8800001,206.16,69.339996,-2.78,-1.58,1.2591799,-0.67096001,0.54273999,13.819522,2.78,196.6516
50367,13.990733,-29.469999,0.45789999,81760,11.86,2.1800001,82.288094,-62.673389,1471,-49.380001,-24.84,-4.0500002,1.4299999,4.5500002,204.64999,67.300003,-1.55,-0.77999997,1.3056999,-0.47903001,0.51358998,12.058689,1.55,190.41534
50368,13.991011,-29.200001,0.45820001,81808,11.86,1.6799999,82.287651,-62.675041,1475.5,-49.23,-24.6,-4.5100002,0.61000001,4.8200002,203.17999,66.709999,-2.21,0.12,1.27131,-0.38661,0.53263998,11.978396,2.21,188.06245
50369,13.991288,-29.02,0.45699999,81741,11.5,2.1400001,82.287209,-62.676682,1480.5,-49.200001,-24.18,-4.5500002,-0.44999999,4.54,202.78,66.160004,-2.3800001,0.63999999,1.2922,-0.27509999,0.52074999,11.697418,2.3800001,190.54143
50370,13.991567,-28.969999,0.45570001,81593,11.5,0.54000002,82.286774,-62.67828,1484.5,-49.25,-23.82,-4.0500002,0.16,4.2600002,203.38,65.349998,-2.27,-1.52,1.25176,-0.67302001,0.54684001,11.512671,2.27,182.68843
50371,13.991844,-28.84,0.4569,81502,12.52,0.49000001,82.286331,-62.67989,1488.5,-48.970001,-24.190001,-3.1500001,3.25,4.2399998,203.7,66.389999,-1.0599999,-1.6900001,1.28364,-0.65275002,0.5291,12.529586,1.0599999,182.24126
50372,13.992122,-28.73,0.45820001,81289,14.34,-0.039999999,82.285889,-62.681511,1491,-48.689999,-24.48,-2.8399999,1.6,4.4499998,202.42,67.849998,-2.6900001,-1.11,1.19415,-0.69114,0.57916999,14.340055,2.6900001,179.84018
50373,13.992399,-28.59,0.458,81565,13.36,2.3800001,82.285454,-62.683128,1495.5,-48.779999,-23.9,-4.4200001,-0.72000003,4.4200001,200.94,67.550003,-1.79,1.96,1.29006,-0.072229996,0.52538002,13.570335,1.79,190.10092
50374,13.992677,-28.540001,0.4562,81525,12.97,0.93000001,82.285019,-62.684719,1500,-48.84,-23.360001,-3.46,-1.8,3.97,201.82001,66.160004,-1.47,-0.44999999,1.35382,-0.35753,0.48489001,13.0033,1.47,184.10132
50375,13.992955,-28.620001,0.45969999,81200,15.99,1.1,82.284576,-62.686272,1503.5,-48.740002,-23.23,-2.6099999,0.94999999,4.1100001,203.49001,69.059998,-0.46000001,-2.8599999,1.26983,-0.85689002,0.54196,16.027792,0.46000001,183.93535
50376,13.993233,-28.450001,0.45750001,81174,14.15,-0.49000001,82.284149,-62.687832,1505.5,-48.529999,-23.440001,-1.9299999,-0.41,4.6799998,202.63,67.059998,-0.47,-2.53,1.24655,-0.83911002,0.55357999,14.158482,0.47,178.01669
50377,13.99351,-28.41,0.45570001,81313,12.84,-0.55000001,82.283707,-62.689381,1508,-48.610001,-22.76,-2.1400001,-2.5799999,4.9499998,200.33,65.660004,1.3,-0.55000001,1.30152,-0.44905999,0.51555002,12.851774,-1.3,177.54724
50378,13.993788,-28.280001,0.45339999,81564,10.63,-1.76,82.283279,-62.690891,1510,-48.779999,-22.139999,-1.92,-1.05,5.0100002,199.84,62.790001,-0.02,-0.95999998,1.20109,-0.65754998,0.57483,10.774715,0.02,170.59888
50379,13.994065,-28.299999,0.4553,81452,12.12,0.1,82.282837,-62.692371,1511.5,-48.740002,-21.950001,-0.99000001,-0.31999999,4.48,200.36,64.540001,-0.83999997,-0.47,1.2322299,-0.53614998,0.55589002,12.120413,0.83999997,180.47273
50380,13.994344,-28.42,0.46219999,80895,18.790001,1.4400001,82.282402,-62.693821,1513,-49.060001,-21.299999,-3.03,-1.63,4.8099999,201.45,71.389999,-5.02,-3.1400001,0.97324997,-1.32584,0.71249998,18.845098,5.02,184.38239
50381,13.994621,-28.15,0.456,81237,12.12,1.34,82.281967,-62.695251,1516.5,-48.98,-21.48,-2.6900001,0.85000002,3.51,202.42,65.199997,-1.36,-1.91,1.31126,-0.64792001,0.51429999,12.193851,1.36,186.30905
50382,13.994899,-28.129999,0.45629999,81342,11.67,-0.12,82.281517,-62.69669,1518.5,-49.029999,-21.530001,-0.47,-0.36000001,3.51,202.28999,64.449997,2.79,-2.8599999,1.4094501,-0.65652001,0.46599999,11.670617,-2.79,179.41086
50383,13.995176,-28.129999,0.4571,81168,13.24,-0.57999998,82.28109,-62.698139,1518.5,-48.919998,-21.889999,1.23,-0.56,3.4100001,201.88,65.889999,1.29,-2.98,1.26899,-0.87734002,0.54302001,13.252698,-1.29,177.49167
50384,13.995454,-28.08,0.45559999,81224,12.04,-3.24,82.280647,-62.6996,1517,-49.09,-22.040001,2.29,0.090000004,3.01,200.32001,64.309998,2.48,-3.21,1.24222,-0.95128,0.55906999,12.468328,-2.48,164.93834
50385,13.995732,-28.139999,0.45680001,81171,12.63,-2.8599999,82.280212,-62.70108,1514.5,-49.369999,-22.129999,2.23,0.94,3.3699999,198.64,65.139999,1.15,-1.3,1.15396,-0.77855998,0.60295999,12.949768,-1.15,167.24084
50386,13.99601,-28.129999,0.45519999,81628,9.9200001,-2,82.27977,-62.70256,1513.5,-49.740002,-22.059999,1.7,0.5,3.78,198.03999,62.950001,3.6700001,0.56999999,1.34073,-0.21784,0.49239999,10.119605,-3.6700001,168.60124
50387,13.996287,-28.16,0.45590001,81394,10.75,-3.1800001,82.27932,-62.704029,1510.5,-49.990002,-22.01,4.3499999,-0.41,3.1300001,198.67999,63.509998,6.8000002,-1.47,1.38123,-0.47832999,0.47301999,11.210482,-6.8000002,163.52104
50388,13.996565,-28.190001,0.461,81242,14.9,-0.37,82.27887,-62.705509,1507,-50.139999,-22.440001,1.9400001,3.3199999,4.29,198.92,68.779999,0.20999999,0.16,1.0577,-0.68760002,0.65771002,14.904593,-0.20999999,178.57751
50389,13.996842,-28.040001,0.45899999,81349,11.38,3.1600001,82.278419,-62.707008,1506.5,-50.400002,-22.379999,-1.09,2.7,4.8699999,199.14999,66.589996,-1.6799999,3.5999999,1.0955,-0.09465,0.64164001,11.810589,1.6799999,195.51892
50390,13.99712,-27.99,0.45919999,81393,10.84,4.3800001,82.277969,-62.7085,1509,-50.509998,-22.09,-3.3900001,2.72,4.9499998,201.73,66.269997,-1.21,1.77,1.2126499,-0.21292999,0.56906003,11.69145,1.21,202.00162
50391,13.997398,-28,0.4612,81319,12.71,3.3699999,82.277519,-62.709999,1512,-50.189999,-22.860001,-3.96,3.3199999,3.8199999,204.00999,68.129997,-2.1199999,-1.24,1.30459,-0.55269998,0.51552999,13.149182,2.1199999,194.85002
50392,13.997676,-28.040001,0.46200001,80990,13.61,1.04,82.277069,-62.71154,1515.5,-50.029999,-23.5,-1.47,1.79,3.6300001,202.60001,68.669998,0.97000003,-1.46,1.35885,-0.50968999,0.48550999,13.649677,-0.97000003,184.36974
50393,13.997953,-27.940001,0.46090001,81426,13.33,-0.43000001,82.276627,-62.713112,1518.5,-49.869999,-23.6,-4.2199998,-0.94999999,4.9200001,199.25,67.889999,-3.53,0.81,1.23989,-0.32427001,0.55142999,13.336933,3.53,178.15239
50394,13.998231,-27.91,0.4612,81176,13.73,-2.23,82.276176,-62.714668,1522,-50.139999,-22.82,-2.45,-0.49000001,4.1999998,196.59,67.379997,1.26,1.27,1.36708,-0.070249997,0.47927001,13.909917,-1.26,170.77469
50395,13.998508,-27.91,0.4612,81131,14.28,-3,82.275726,-62.716179,1524.5,-50.16,-22.51,-0.69,1.6900001,4.4400001,196.89,67.209999,2.0799999,0.02,1.31108,-0.34604999,0.50937998,14.591723,-2.0799999,168.1356
