NETCARE2015/data/raw/Flight5/CO_POLAR6_20150409_R1_NETCARE.ict
34, 1001
Bozem, Heiko; Hoor, Peter
Institute for Atmospheric Physics, Johannes Gutenberg University, Mainz, Germany
CO mixing ratio from AL5002 CO analyzer
NETCARE Polar 6 Campaign 2015
1, 1
2015, 04, 09, 2015, 08, 15
1
Time_UTC, seconds
1
1
-9999.9
CO_ppbv, ppbv
0
19
PI_CONTACT_INFO: Address: Johann-Joachim-Becherweg 21, 55128 Mainz, email: bozemh@uni-mainz.de; hoor@uni-mainz.de
PLATFORM: Polar 6
LOCATION: GPS location and altitude available at 1 Hz resolution in separate file (See AIMMS files under Aircraft data and meteorology)
ASSOCIATED_DATA: N/A
INSTRUMENT_INFO: CO measurements based on the fluorescence of CO in the VUV at 150 nm
DATA_INFO: Units are ppbv
UNCERTAINTY RELATIVE TO STANDARD: 2.3 ppbv at 1 sigma confidence (before drift correction is applied)
ULOD_FLAG: -7777
ULOD_VALUE: N/A
LLOD_FLAG: -8888
LLOD_VALUE: 1.5 
DM_CONTACT_INFO: N/A
PROJECT_INFO: NETCARE Polar 6 aircraft campaign in April 2015; Alert
STIPULATIONS_ON_USE: N/A
OTHER_COMMENTS: N/A
REVISION: R1
R0: Preliminary data, corrected for instrument drift
R1: Final data, corrected for instrument drift
Time_UTC,CO_ppbv
[from data line 7917]
57729,123.9
57730,126.8
57731,125.5
57732,125.0
57733,125.8
57734,123.2
57735,121.8
57736,121.0
57737,121.0
57738,122.9
57739,126.0
57740,125.1
57741,126.4
57742,128.1
57743,127.4
57744,124.6
57745,123.0
57746,123.9
57747,124.4
57748,124.6
57749,125.2
57750,125.9
57751,125.0
57752,124.7
57753,124.1
57754,123.7
57755,122.9
57756,124.0
57757,124.2
57758,125.5
57759,125.9
57760,124.1
57761,124.9
57762,125.5
57763,125.6
57764,124.9
57765,124.0
57766,124.6
57767,126.3
57768,125.4
57769,123.7
57770,124.1
57771,126.9
57772,125.4
57773,124.9
57774,124.4
57775,126.2
57776,128.8
57777,128.0
57778,125.7
57779,124.2
57780,127.2
57781,129.4
57782,128.4
57783,126.7
57784,126.2
57785,128.3
57786,128.9
57787,129.2
57788,129.0
57789,126.2
57790,124.5
57791,125.6
57792,127.9
57793,128.7
57794,128.6
57795,129.2
57796,129.5
57797,128.7
57798,127.0
57799,127.1
57800,128.8
57801,128.0
57802,126.9
57803,126.1
57804,125.1
57805,129.6
57806,128.1
57807,129.0
57808,128.5
57809,126.7
57810,127.1
57811,125.6
57812,123.1
57813,124.2
57814,126.3
57815,124.6
57816,123.9
57817,124.8
57818,125.6
57819,126.2
57820,127.8
57821,129.1
57822,127.4
57823,127.3
57824,126.9
57825,124.3
57826,125.5
57827,127.2
57828,126.7
57829,125.8
57830,126.5
57831,127.9
57832,127.8
57833,127.7
57834,128.1
57835,126.1
57836,126.0
57837,129.4
57838,130.5
57839,123.6
57840,125.5
57841,128.6
57842,126.5
57843,124.1
57844,125.7
57845,126.0
57846,126.2
57847,127.2
57848,128.3
57849,130.4
57850,127.7
57851,125.0
57852,126.8
57853,-9999.9
57854,-9999.9
57855,-9999.9
57856,-9999.9
57857,-9999.9
57858,-9999.9
57859,-9999.9
57860,-9999.9
57861,-9999.9
57862,-9999.9
57863,-9999.9
57864,-9999.9
57865,-9999.9
57866,-9999.9
57867,-9999.9
57868,-9999.9
57869,-9999.9
57870,-9999.9
57871,-9999.9
57872,-9999.9
57873,-9999.9
57874,-9999.9
57875,-9999.9
57876,-9999.9
57877,-9999.9
57878,-9999.9
57879,-9999.9
57880,-9999.9
57881,-9999.9
57882,-9999.9
57883,-9999.9
57884,-9999.9
57885,-9999.9
57886,-9999.9
57887,-9999.9
57888,-9999.9
57889,-9999.9
57890,-9999.9
57891,-9999.9
57892,-9999.9
57893,-9999.9
57894,-9999.9
57895,-9999.9
57896,-9999.9
57897,-9999.9
57898,-9999.9
57899,-9999.9
57900,-9999.9
57901,-9999.9
57902,-9999.9
57903,-9999.9
57904,-9999.9
57905,-9999.9
57906,-9999.9
57907,-9999.9
57908,-9999.9
57909,-9999.9
57910,-9999.9
57911,-9999.9
57912,-9999.9
57913,-9999.9
57914,-9999.9
57915,-9999.9
57916,-9999.9
57917,-9999.9
57918,-9999.9
57919,-9999.9
57920,-9999.9
57921,-9999.9
57922,-9999.9
57923,-9999.9
57924,-9999.9
57925,-9999.9
57926,-9999.9
57927,-9999.9
57928,-9999.9
57929,-9999.9
57930,-9999.9
57931,-9999.9
57932,-9999.9
57933,-9999.9
57934,-9999.9
57935,-9999.9
57936,-9999.9
57937,-9999.9
57938,-9999.9
57939,-9999.9
57940,-9999.9
57941,-9999.9
57942,-9999.9
57943,-9999.9
57944,-9999.9
57945,-9999.9
57946,-9999.9
57947,-9999.9
57948,-9999.9
57949,-9999.9
57950,-9999.9
57951,-9999.9
57952,-9999.9
57953,-9999.9
57954,-9999.9
57955,-9999.9
57956,-9999.9
57957,-9999.9
57958,-9999.9
57959,-9999.9
57960,-9999.9
57961,-9999.9
57962,-9999.9
57963,-9999.9
57964,-9999.9
57965,-9999.9
57966,-9999.9
57967,-9999.9
57968,-9999.9
57969,-9999.9
57970,-9999.9
57971,-9999.9
57972,-9999.9
57973,-9999.9
57974,-9999.9
57975,-9999.9
57976,-9999.9
57977,-9999.9
57978,-9999.9
57979,127.8
57980,127.6
57981,127.4
57982,125.8
57983,125.4
57984,127.1
57985,130.2
57986,130.2
57987,130.0
57988,130.0
57989,126.2
57990,126.8
57991,129.0
57992,128.7
57993,128.1
57994,126.1
57995,128.5
57996,128.8
57997,126.3
57998,127.4
57999,128.3
58000,126.7
58001,124.8
58002,128.3
58003,131.2
58004,128.4
58005,127.1
58006,126.5
58007,127.0
58008,128.4
58009,126.9
58010,126.5
58011,127.5
58012,128.7
58013,126.3
58014,125.1
58015,127.6
58016,128.0
58017,128.0
58018,128.5
58019,127.6
58020,128.9
58021,127.6
58022,126.1
58023,129.0
58024,128.4
58025,127.5
58026,129.0
58027,129.4
58028,131.3
58029,129.8
58030,126.4
58031,125.1
58032,126.9
58033,128.1
58034,124.7
58035,125.9
58036,128.8
58037,128.6
58038,128.4
58039,130.2
58040,128.1
58041,125.0
58042,127.0
58043,126.8
58044,127.7
58045,129.1
58046,128.4
58047,129.6
58048,127.6
58049,126.7
58050,128.4
58051,127.4
58052,125.5
58053,125.2
58054,127.3
58055,128.9
58056,128.0
58057,129.1
58058,130.1
58059,129.5
58060,128.8
58061,129.2
58062,129.7
58063,126.8
58064,126.6
58065,128.5
58066,127.7
58067,127.8
58068,128.6
58069,127.9
58070,127.7
58071,127.9
58072,127.6
58073,128.6
58074,127.0
58075,125.5
58076,128.5
58077,128.3
58078,127.5
58079,129.1
58080,129.0
58081,125.4
58082,126.3
58083,126.5
58084,127.1
58085,129.7
58086,128.1
58087,124.3
58088,125.9
58089,129.3
58090,128.7
58091,126.3
58092,127.3
58093,126.3
58094,125.0
58095,125.8
58096,124.6
58097,124.2
58098,125.9
58099,126.6
58100,124.9
58101,124.4
58102,124.9
58103,124.4
58104,125.7
58105,128.5
58106,126.4
58107,123.9
58108,124.2
58109,126.0
58110,126.3
58111,124.9
58112,125.9
58113,127.1
58114,127.7
58115,125.6
58116,125.8
58117,127.1
58118,129.2
58119,127.0
58120,125.9
58121,127.3
58122,128.4
58123,127.7
58124,126.9
58125,129.1
58126,127.7
58127,127.4
58128,127.7
58129,129.0
58130,129.4
58131,128.3
58132,129.2
58133,130.4
58134,130.0
58135,127.2
58136,126.7
58137,128.2
58138,129.1
58139,128.8
58140,127.8
58141,126.2
58142,129.4
58143,128.7
58144,126.2
58145,127.8
58146,125.3
58147,124.1
58148,124.3
58149,124.2
58150,127.0
58151,123.6
58152,120.5
58153,121.0
58154,121.9
58155,124.0
58156,124.0
58157,122.9
58158,123.9
58159,125.9
58160,126.4
58161,124.5
58162,122.8
58163,121.0
58164,121.7
58165,122.3
58166,122.4
58167,122.2
58168,121.6
58169,122.3
58170,121.8
58171,121.4
58172,121.0
58173,119.7
58174,120.2
58175,123.3
58176,122.7
58177,120.2
58178,122.2
58179,122.6
58180,123.3
58181,123.8
58182,120.3
58183,118.8
58184,122.4
58185,121.4
58186,121.4
58187,121.3
58188,122.4
58189,122.2
58190,121.3
58191,119.8
58192,118.7
58193,123.1
58194,125.3
58195,123.0
58196,121.0
58197,123.2
58198,123.8
58199,123.3
58200,123.9
58201,123.9
58202,124.1
58203,122.3
58204,123.3
58205,122.6
58206,120.8
58207,124.1
58208,123.2
58209,120.1
58210,120.7
58211,120.3
58212,122.2
58213,123.3
58214,122.9
58215,124.1
58216,124.3
58217,124.4
58218,123.6
58219,123.6
58220,126.2
58221,125.4
58222,123.6
58223,124.1
58224,125.3
58225,125.2
58226,124.3
58227,123.3
58228,123.4
58229,123.1
58230,123.4
58231,125.9
58232,128.0
58233,125.5
58234,124.8
58235,127.4
58236,125.6
58237,123.1
58238,125.4
58239,125.1
58240,124.4
58241,124.7
58242,122.9
58243,123.3
58244,123.1
58245,123.3
58246,123.0
58247,122.1
58248,123.4
58249,123.5
58250,123.1
58251,122.6
58252,120.4
58253,119.4
58254,122.8
58255,123.4
58256,124.2
58257,123.9
58258,124.0
58259,123.9
58260,124.3
58261,124.3
58262,123.5
58263,124.8
58264,126.4
58265,125.2
58266,124.5
58267,125.3
58268,123.4
58269,124.2
58270,127.3
58271,125.0
58272,125.0
58273,128.8
58274,127.3
58275,125.7
58276,128.0
58277,128.2
58278,127.5
58279,128.1
58280,126.9
58281,127.1
58282,126.2
58283,125.7
58284,128.5
58285,129.2
58286,127.2
58287,125.8
58288,131.3
58289,128.7
58290,127.4
58291,127.4
58292,126.6
58293,125.8
58294,125.7
58295,129.7
58296,129.0
58297,127.8
58298,130.2
58299,130.2
58300,131.9
58301,133.4
58302,129.6
58303,131.2
58304,133.5
58305,131.8
58306,131.8
58307,132.2
58308,135.6
58309,135.7
58310,134.0
58311,132.3
58312,133.7
58313,135.9
58314,133.1
58315,133.3
58316,133.9
58317,134.3
58318,134.5
58319,134.2
58320,135.7
58321,133.7
58322,131.2
58323,136.7
58324,135.8
58325,136.7
58326,137.6
58327,137.5
58328,137.9
58329,136.4
58330,134.2
58331,133.3
58332,133.6
58333,135.1
58334,135.0
58335,134.6
58336,134.4
58337,134.4
58338,135.6
58339,136.6
58340,135.3
58341,135.2
58342,137.1
58343,138.0
58344,139.3
58345,140.8
58346,140.3
58347,139.6
58348,140.4
58349,140.5
58350,141.5
58351,143.7
58352,144.1
58353,143.4
58354,144.3
58355,143.3
58356,142.1
58357,142.4
58358,141.7
58359,142.2
58360,143.9
58361,144.5
58362,143.9
58363,143.8
58364,143.6
58365,145.8
58366,149.0
58367,150.5
58368,150.1
58369,148.3
58370,150.8
58371,151.1
58372,149.2
58373,150.0
58374,151.1
58375,150.9
58376,149.3
58377,149.0
58378,149.1
58379,149.6
58380,149.8
58381,149.6
58382,149.6
58383,148.3
58384,148.9
58385,151.0
58386,149.5
58387,148.7
58388,149.4
58389,148.5
58390,147.7
58391,151.0
58392,152.0
58393,150.5
58394,148.2
58395,148.9
58396,149.4
58397,150.1
58398,150.8
58399,149.8
58400,149.0
58401,148.7
58402,147.3
58403,148.6
58404,150.0
58405,148.5
58406,149.1
58407,149.8
58408,148.2
58409,149.6
58410,151.0
58411,149.8
58412,147.2
58413,146.6
58414,147.0
58415,146.8
58416,148.4
58417,149.4
58418,150.1
58419,147.4
58420,145.9
58421,148.3
58422,151.1
58423,149.7
58424,148.4
58425,150.0
58426,145.6
58427,147.1
58428,148.2
58429,147.9
58430,147.1
58431,146.5
58432,149.8
58433,150.1
58434,149.0
58435,150.3
58436,149.0
58437,147.6
58438,147.2
58439,147.7
58440,146.3
58441,147.7
58442,152.6
58443,153.8
58444,150.7
58445,148.5
58446,150.1
58447,149.1
58448,147.3
58449,147.6
58450,147.0
58451,148.2
58452,148.6
58453,148.2
58454,148.5
58455,147.9
58456,145.6
58457,147.0
58458,149.0
58459,147.5
58460,146.6
58461,146.5
58462,148.0
58463,149.4
58464,147.6
58465,147.4
58466,148.1
58467,150.2
58468,151.7
58469,150.5
58470,147.9
58471,148.0
58472,148.4
58473,146.5
58474,147.7
58475,148.1
58476,147.9
58477,148.3
58478,147.4
58479,146.1
58480,146.4
58481,147.1
58482,145.1
58483,145.3
58484,146.6
58485,144.6
58486,144.4
58487,142.0
58488,140.5
58489,143.1
58490,143.8
58491,143.1
58492,142.1
58493,141.4
58494,143.0
58495,143.0
58496,145.1
58497,142.8
58498,141.1
58499,144.1
58500,144.2
58501,141.8
58502,141.3
58503,141.8
58504,142.3
58505,143.6
58506,144.2
58507,143.5
58508,142.9
58509,143.7
58510,145.5
58511,144.1
58512,141.9
58513,141.6
58514,141.3
58515,140.8
58516,143.8
58517,145.1
58518,143.4
58519,142.3
58520,141.6
58521,142.3
58522,142.7
58523,145.0
58524,148.7
58525,148.5
58526,148.1
58527,145.8
58528,144.0
58529,145.9
58530,144.7
58531,146.7
58532,147.5
58533,148.0
58534,146.7
58535,145.1
58536,148.4
58537,150.2
58538,150.5
58539,147.9
58540,147.2
58541,149.1
58542,151.0
58543,150.7
58544,147.8
58545,147.1
58546,148.3
58547,148.6
58548,148.9
58549,148.6
58550,149.7
58551,149.7
58552,147.5
58553,147.0
58554,145.8
58555,148.4
58556,148.9
58557,146.7
58558,147.6
58559,145.3
58560,143.7
58561,146.6
58562,147.3
58563,146.4
58564,145.7
58565,145.5
58566,145.9
58567,147.2
58568,147.4
58569,145.8
58570,145.9
58571,147.5
58572,147.4
58573,147.7
58574,146.1
58575,145.3
58576,148.8
58577,149.3
58578,148.6
58579,147.8
58580,145.9
58581,144.8
58582,145.6
58583,146.8
58584,144.5
58585,146.2
58586,149.8
58587,150.1
58588,150.7
58589,150.1
58590,149.1
58591,149.3
58592,149.7
58593,148.2
58594,146.2
58595,146.9
58596,149.3
58597,149.8
58598,149.1
58599,147.3
58600,147.7
58601,146.9
58602,146.2
58603,147.1
58604,147.6
58605,145.0
58606,146.2
58607,149.9
58608,148.4
58609,147.4
58610,147.8
58611,147.9
58612,146.3
58613,144.5
58614,146.2
58615,145.7
58616,143.8
58617,144.6
58618,144.9
58619,145.6
58620,144.6
58621,143.4
58622,144.1
58623,143.0
58624,144.2
58625,147.5
58626,150.2
58627,148.7
58628,145.3
58629,147.1
58630,146.9
58631,146.6
58632,148.4
58633,142.5
58634,143.6
58635,144.3
58636,144.1
58637,144.8
58638,145.8
58639,146.6
58640,146.2
58641,142.5
58642,144.0
58643,148.2
58644,146.9
58645,147.2
58646,147.7
58647,144.1
58648,142.7
58649,144.6
58650,145.6
58651,146.6
58652,145.0
58653,143.5
58654,146.3
58655,148.0
58656,146.8
58657,144.3
58658,145.0
58659,146.3
58660,141.5
58661,141.0
58662,143.7
58663,142.8
58664,144.1
58665,145.2
58666,144.4
58667,145.6
58668,145.5
58669,144.8
58670,143.4
58671,145.8
58672,146.7
58673,144.9
58674,144.3
58675,145.6
58676,148.7
58677,148.4
58678,148.4
58679,149.7
58680,147.4
58681,145.2
58682,143.7
58683,143.5
58684,147.4
58685,150.1
58686,148.5
58687,144.9
58688,144.9
58689,147.6
58690,148.0
58691,146.8
58692,145.5
58693,145.2
58694,146.9
58695,145.4
58696,143.9
58697,146.3
58698,148.6
58699,148.6
58700,146.6
58701,145.9
58702,148.7
58703,149.4
58704,149.0
58705,147.7
58706,148.6
58707,148.1
58708,149.1
58709,149.0
58710,147.2
58711,147.3
58712,147.7
58713,147.7
58714,144.4
58715,142.0
58716,140.7
58717,139.1
58718,142.9
58719,146.0
58720,145.5
58721,145.0
58722,143.6
58723,142.7
58724,143.2
58725,144.4
58726,-9999.9
58727,-9999.9
58728,-9999.9
58729,-9999.9
58730,-9999.9
58731,-9999.9
58732,-9999.9
58733,-9999.9
58734,-9999.9
58735,-9999.9
58736,-9999.9
58737,-9999.9
58738,-9999.9
58739,-9999.9
58740,-9999.9
58741,-9999.9
58742,-9999.9
58743,-9999.9
58744,-9999.9
58745,-9999.9
58746,-9999.9
58747,-9999.9
58748,-9999.9
58749,-9999.9
58750,-9999.9
58751,-9999.9
58752,-9999.9
58753,-9999.9
58754,-9999.9
58755,-9999.9
58756,-9999.9
58757,-9999.9
58758,-9999.9
58759,-9999.9
58760,-9999.9
58761,-9999.9
58762,-9999.9
58763,-9999.9
58764,-9999.9
58765,-9999.9
58766,-9999.9
58767,-9999.9
58768,-9999.9
58769,-9999.9
58770,-9999.9
58771,-9999.9
58772,-9999.9
58773,-9999.9
58774,-9999.9
58775,-9999.9
58776,-9999.9
58777,-9999.9
58778,-9999.9
58779,-9999.9
58780,-9999.9
58781,-9999.9
58782,-9999.9
58783,-9999.9
58784,-9999.9
58785,-9999.9
58786,-9999.9
58787,-9999.9
58788,-9999.9
58789,-9999.9
58790,-9999.9
58791,-9999.9
58792,-9999.9
58793,-9999.9
58794,-9999.9
58795,-9999.9
58796,-9999.9
58797,-9999.9
58798,-9999.9
58799,-9999.9
58800,-9999.9
58801,-9999.9
58802,-9999.9
58803,-9999.9
58804,-9999.9
58805,-9999.9
58806,-9999.9
58807,-9999.9
58808,-9999.9
58809,-9999.9
58810,-9999.9
58811,-9999.9
58812,-9999.9
58813,-9999.9
58814,-9999.9
58815,-9999.9
58816,-9999.9
58817,-9999.9
58818,-9999.9
58819,-9999.9
58820,-9999.9
58821,-9999.9
58822,-9999.9
58823,-9999.9
58824,-9999.9
58825,-9999.9
58826,-9999.9
58827,-9999.9
58828,-9999.9
58829,-9999.9
58830,-9999.9
58831,-9999.9
58832,-9999.9
58833,-9999.9
58834,-9999.9
58835,-9999.9
58836,-9999.9
58837,-9999.9
58838,-9999.9
58839,-9999.9
58840,-9999.9
58841,-9999.9
58842,-9999.9
58843,-9999.9
58844,-9999.9
58845,-9999.9
58846,-9999.9
58847,-9999.9
58848,-9999.9
58849,-9999.9
58850,-9999.9
58851,-9999.9
58852,141.0
58853,141.7
58854,140.7
58855,141.1
58856,143.6
58857,145.9
58858,143.9
58859,141.5
58860,141.2
58861,140.4
58862,139.1
58863,138.6
58864,139.6
58865,139.3
58866,139.5
58867,142.0
58868,142.7
58869,139.8
58870,142.0
58871,142.6
58872,138.2
58873,139.6
58874,142.2
58875,137.6
58876,140.2
58877,141.9
58878,140.8
58879,141.7
58880,140.6
58881,138.1
58882,138.2
58883,140.3
58884,141.1
58885,141.5
58886,142.7
58887,141.9
58888,140.9
58889,141.5
58890,140.9
58891,141.6
58892,142.8
58893,140.7
58894,140.0
58895,141.1
58896,142.6
58897,142.9
58898,140.4
58899,140.3
58900,141.3
58901,139.7
58902,139.7
58903,140.3
58904,141.1
58905,141.6
58906,144.3
58907,144.9
58908,142.3
58909,144.1
58910,142.9
58911,142.9
58912,142.8
58913,142.3
58914,142.4
58915,144.7
58916,146.0
58917,145.5
58918,145.3
58919,144.2
58920,147.1
58921,149.3
58922,147.4
58923,144.6
58924,146.3
58925,150.2
58926,149.9
58927,147.0
58928,146.5
58929,148.5
58930,149.2
58931,147.3
58932,142.8
58933,142.3
58934,145.9
58935,146.9
58936,145.8
58937,145.3
58938,147.3
58939,146.9
58940,147.5
58941,148.6
58942,147.1
58943,152.5
58944,150.3
58945,148.9
58946,148.7
58947,147.7
58948,148.8
58949,149.8
58950,150.5
58951,150.4
58952,149.7
58953,151.0
58954,152.3
58955,152.9
58956,151.6
58957,150.7
58958,150.0
58959,147.7
58960,149.6
58961,150.2
58962,148.3
58963,148.9
58964,149.0
58965,150.9
58966,151.5
58967,151.2
58968,152.1
58969,152.8
58970,154.3
58971,154.1
58972,154.8
58973,153.1
58974,150.3
58975,152.1
58976,154.7
58977,155.5
58978,156.4
58979,154.7
58980,152.1
58981,150.4
58982,150.4
58983,150.6
58984,150.7
58985,151.4
58986,150.3
58987,150.9
58988,152.1
58989,150.9
58990,150.0
58991,149.2
58992,151.8
58993,151.9
58994,149.2
58995,147.9
58996,147.4
58997,150.8
58998,153.1
58999,150.5
59000,148.6
59001,149.5
59002,149.9
59003,149.8
59004,149.7
59005,150.7
59006,152.7
59007,152.6
59008,150.4
59009,148.1
59010,147.2
59011,147.5
59012,150.7
59013,148.7
59014,149.4
59015,151.4
59016,148.7
59017,149.7
59018,150.4
