NETCARE2015/data/raw/Flight5/CO_POLAR6_20150409_R1_NETCARE.ict
34, 1001
Bozem, Heiko; Hoor, Peter
Institute for Atmospheric Physics, Johannes Gutenberg University, Mainz, Germany
CO mixing ratio from AL5002 CO analyzer
NETCARE Polar 6 Campaign 2015
1, 1
2015, 04, 09, 2015, 08, 15
1
Time_UTC, seconds
1
1
-9999.9
CO_ppbv, ppbv
0
19
PI_CONTACT_INFO: Address: Johann-Joachim-Becherweg 21, 55128 Mainz, email: bozemh@uni-mainz.de; hoor@uni-mainz.de
PLATFORM: Polar 6
LOCATION: GPS location and altitude available at 1 Hz resolution in separate file (See AIMMS files under Aircraft data and meteorology)
ASSOCIATED_DATA: N/A
INSTRUMENT_INFO: CO measurements based on the fluorescence of CO in the VUV at 150 nm
DATA_INFO: Units are ppbv
UNCERTAINTY RELATIVE TO STANDARD: 2.3 ppbv at 1 sigma confidence (before drift correction is applied)
ULOD_FLAG: -7777
ULOD_VALUE: N/A
LLOD_FLAG: -8888
LLOD_VALUE: 1.5 
DM_CONTACT_INFO: N/A
PROJECT_INFO: NETCARE Polar 6 aircraft campaign in April 2015; Alert
STIPULATIONS_ON_USE: N/A
OTHER_COMMENTS: N/A
REVISION: R1
R0: Preliminary data, corrected for instrument drift
R1: Final data, corrected for instrument drift
Time_UTC,CO_ppbv
[from data line 2646]
52458,145.0
52459,144.2
52460,144.1
52461,145.5
52462,141.9
52463,141.7
52464,145.5
52465,145.2
52466,146.4
52467,146.2
52468,143.7
52469,143.1
52470,141.2
52471,141.1
52472,144.6
52473,145.4
52474,144.0
52475,143.9
52476,142.9
52477,144.5
52478,144.6
52479,143.7
52480,144.0
52481,144.3
52482,142.3
52483,141.8
52484,144.6
52485,145.7
52486,147.2
52487,144.8
52488,143.0
52489,143.5
52490,141.1
52491,141.5
52492,143.2
52493,144.4
52494,146.6
52495,146.4
52496,144.0
52497,143.7
52498,145.4
52499,146.3
52500,144.5
52501,143.6
52502,143.8
52503,144.9
52504,144.4
52505,142.3
52506,141.8
52507,143.3
52508,142.7
52509,141.7
52510,143.0
52511,144.2
52512,144.7
52513,144.3
52514,143.5
52515,144.3
52516,146.7
52517,146.9
52518,146.3
52519,144.1
52520,143.8
52521,145.4
52522,144.7
52523,144.8
52524,145.9
52525,145.9
52526,147.4
52527,147.0
52528,145.8
52529,147.0
52530,148.2
52531,146.4
52532,143.3
52533,144.4
52534,145.5
52535,143.7
52536,144.3
52537,144.0
52538,146.0
52539,145.6
52540,144.6
52541,147.0
52542,144.0
52543,143.2
52544,147.9
52545,147.3
52546,143.5
52547,142.9
52548,142.2
52549,144.1
52550,146.6
52551,144.6
52552,141.3
52553,140.5
52554,144.0
52555,146.5
52556,144.4
52557,143.1
52558,145.2
52559,146.3
52560,144.2
52561,145.4
52562,146.9
52563,145.8
52564,145.6
52565,146.0
52566,144.6
52567,144.6
52568,143.7
52569,143.3
52570,144.2
52571,146.3
52572,147.2
52573,144.7
52574,143.2
52575,142.9
52576,143.0
52577,145.0
52578,146.8
52579,145.6
52580,143.0
52581,143.8
52582,143.5
52583,142.3
52584,144.3
52585,143.8
52586,143.8
52587,143.2
52588,143.0
52589,143.0
52590,142.3
52591,143.7
52592,143.4
52593,142.0
52594,142.5
52595,141.3
52596,142.2
52597,145.8
52598,147.3
52599,143.4
52600,142.9
52601,143.3
52602,141.6
52603,143.0
52604,143.4
52605,144.7
52606,145.5
52607,146.9
52608,145.7
52609,144.0
52610,146.2
52611,147.9
52612,147.5
52613,144.2
52614,143.9
52615,144.7
52616,142.9
52617,143.2
52618,143.2
52619,143.4
52620,145.0
52621,145.1
52622,145.3
52623,144.4
52624,145.7
52625,146.8
52626,145.1
52627,143.7
52628,142.5
52629,146.8
52630,145.1
52631,143.8
52632,143.7
52633,143.5
52634,143.4
52635,142.3
52636,142.2
52637,145.2
52638,145.2
52639,142.2
52640,141.3
52641,143.9
52642,146.0
52643,146.2
52644,146.9
52645,145.7
52646,144.4
52647,143.4
52648,143.0
52649,143.1
52650,144.5
52651,146.1
52652,143.6
52653,142.1
52654,142.9
52655,143.5
52656,144.6
52657,144.4
52658,144.0
52659,144.2
52660,144.5
52661,144.7
52662,145.0
52663,142.9
52664,142.7
52665,143.8
52666,143.8
52667,143.9
52668,144.7
52669,143.8
52670,142.1
52671,141.5
52672,144.4
52673,147.0
52674,145.1
52675,143.8
52676,145.6
52677,145.7
52678,143.4
52679,142.1
52680,144.7
52681,144.3
52682,143.2
52683,144.5
52684,145.7
52685,148.3
52686,148.5
52687,147.4
52688,147.2
52689,146.1
52690,145.4
52691,144.1
52692,143.8
52693,143.6
52694,142.9
52695,143.3
52696,143.3
52697,143.4
52698,144.1
52699,142.7
52700,141.6
52701,143.6
52702,144.4
52703,142.8
52704,142.7
52705,144.3
52706,143.1
52707,142.6
52708,144.8
52709,143.8
52710,142.3
52711,143.1
52712,143.1
52713,143.0
52714,143.2
52715,141.4
52716,142.6
52717,144.5
52718,143.4
52719,144.2
52720,144.9
52721,143.8
52722,141.8
52723,140.4
52724,140.6
52725,141.0
52726,141.8
52727,143.2
52728,143.1
52729,143.3
52730,142.9
52731,142.3
52732,141.8
52733,144.8
52734,145.9
52735,145.2
52736,144.5
52737,144.0
52738,144.3
52739,146.8
52740,147.1
52741,144.3
52742,144.2
52743,143.8
52744,142.2
52745,140.2
52746,142.1
52747,143.1
52748,142.1
52749,143.3
52750,143.4
52751,142.6
52752,144.4
52753,144.0
52754,143.6
52755,144.3
52756,142.2
52757,141.3
52758,142.8
52759,142.7
52760,142.5
52761,141.6
52762,142.0
52763,144.7
52764,144.7
52765,144.3
52766,142.4
52767,144.1
52768,144.7
52769,142.5
52770,143.5
52771,144.3
52772,143.5
52773,144.6
52774,143.8
52775,144.1
52776,146.2
52777,146.6
52778,145.6
52779,145.8
52780,144.3
52781,143.5
52782,143.2
52783,142.3
52784,142.8
52785,141.7
52786,143.5
52787,144.2
52788,144.2
52789,147.1
52790,146.7
52791,143.1
52792,142.3
52793,143.1
52794,144.0
52795,145.3
52796,143.7
52797,143.0
52798,144.1
52799,144.6
52800,142.4
52801,142.4
52802,144.7
52803,143.4
52804,142.2
52805,141.9
52806,141.8
52807,145.3
52808,146.1
52809,144.5
52810,144.7
52811,143.3
52812,144.2
52813,144.4
52814,142.4
52815,142.0
52816,142.4
52817,142.8
52818,141.3
52819,142.8
52820,145.0
52821,143.2
52822,144.6
52823,145.6
52824,142.8
52825,143.1
52826,144.6
52827,141.6
52828,139.2
52829,140.2
52830,141.8
52831,143.2
52832,142.8
52833,143.8
52834,145.5
52835,145.4
52836,143.0
52837,143.0
52838,144.9
52839,144.2
52840,140.8
52841,143.9
52842,146.1
52843,145.0
52844,143.4
52845,144.7
52846,145.8
52847,143.6
52848,143.5
52849,142.1
52850,143.6
52851,142.5
52852,140.3
52853,141.8
52854,141.9
52855,142.4
52856,144.5
52857,146.0
52858,144.2
52859,141.2
52860,139.9
52861,140.9
52862,143.6
52863,143.4
52864,144.2
52865,144.4
52866,141.9
52867,141.4
52868,142.9
52869,144.5
52870,141.1
52871,142.5
52872,144.0
52873,143.7
52874,143.5
52875,146.8
52876,145.4
52877,142.2
52878,145.3
52879,143.8
52880,142.7
52881,144.5
52882,144.0
52883,143.3
52884,143.6
52885,145.2
52886,144.1
52887,142.5
52888,142.5
52889,144.4
52890,144.7
52891,139.9
52892,139.3
52893,141.0
52894,141.9
52895,144.2
52896,144.0
52897,142.3
52898,142.9
52899,144.3
52900,142.6
52901,140.7
52902,142.7
52903,143.0
52904,141.4
52905,143.1
52906,141.5
52907,142.1
52908,142.8
52909,144.4
52910,144.1
52911,141.5
52912,142.7
52913,144.0
52914,143.0
52915,142.5
52916,143.5
52917,144.2
52918,143.8
52919,142.0
52920,142.6
52921,144.8
52922,144.8
52923,143.5
52924,143.6
52925,141.8
52926,140.8
52927,143.2
52928,144.7
52929,142.7
52930,143.5
52931,146.3
52932,143.7
52933,139.4
52934,141.7
52935,143.1
52936,144.3
52937,145.2
52938,142.9
52939,142.9
52940,142.3
52941,142.1
52942,141.2
52943,141.4
52944,140.9
52945,141.9
52946,144.0
52947,145.6
52948,145.9
52949,143.3
52950,141.9
52951,141.5
52952,142.2
52953,142.3
52954,142.7
52955,142.3
52956,142.4
52957,141.8
52958,140.2
52959,143.0
52960,142.0
52961,141.3
52962,142.5
52963,139.1
52964,137.7
52965,139.0
52966,141.4
52967,142.4
52968,144.0
52969,144.9
52970,142.0
52971,140.3
52972,140.6
52973,140.8
52974,142.0
52975,143.0
52976,140.3
52977,140.5
52978,140.9
52979,141.5
52980,141.2
52981,141.0
52982,142.7
52983,143.1
52984,142.4
52985,141.7
52986,142.4
52987,142.6
52988,142.0
52989,141.0
52990,142.1
52991,142.6
52992,142.1
52993,143.3
52994,140.7
52995,136.7
52996,138.1
52997,140.7
52998,140.9
52999,142.3
53000,144.3
53001,141.3
53002,139.6
53003,141.4
53004,140.9
53005,137.6
53006,138.2
53007,140.2
53008,144.5
53009,142.3
53010,140.8
53011,142.6
53012,142.9
53013,141.3
53014,142.8
53015,144.2
53016,144.0
53017,142.9
53018,141.6
53019,-9999.9
53020,-9999.9
53021,-9999.9
53022,-9999.9
53023,-9999.9
53024,-9999.9
53025,-9999.9
53026,-9999.9
53027,-9999.9
53028,-9999.9
53029,-9999.9
53030,-9999.9
53031,-9999.9
53032,-9999.9
53033,-9999.9
53034,-9999.9
53035,-9999.9
53036,-9999.9
53037,-9999.9
53038,-9999.9
53039,-9999.9
53040,-9999.9
53041,-9999.9
53042,-9999.9
53043,-9999.9
53044,-9999.9
53045,-9999.9
53046,-9999.9
53047,-9999.9
53048,-9999.9
53049,-9999.9
53050,-9999.9
53051,-9999.9
53052,-9999.9
53053,-9999.9
53054,-9999.9
53055,-9999.9
53056,-9999.9
53057,-9999.9
53058,-9999.9
53059,-9999.9
53060,-9999.9
53061,-9999.9
53062,-9999.9
53063,-9999.9
53064,-9999.9
53065,-9999.9
53066,-9999.9
53067,-9999.9
53068,-9999.9
53069,-9999.9
53070,-9999.9
53071,-9999.9
53072,-9999.9
53073,-9999.9
53074,-9999.9
53075,-9999.9
53076,-9999.9
53077,-9999.9
53078,-9999.9
53079,-9999.9
53080,-9999.9
53081,-9999.9
53082,-9999.9
53083,-9999.9
53084,-9999.9
53085,-9999.9
53086,-9999.9
53087,-9999.9
53088,-9999.9
53089,-9999.9
53090,-9999.9
53091,-9999.9
53092,-9999.9
53093,-9999.9
53094,-9999.9
53095,-9999.9
53096,-9999.9
53097,-9999.9
53098,-9999.9
53099,-9999.9
53100,-9999.9
53101,-9999.9
53102,-9999.9
53103,-9999.9
53104,-9999.9
53105,-9999.9
53106,-9999.9
53107,-9999.9
53108,-9999.9
53109,-9999.9
53110,-9999.9
53111,-9999.9
53112,-9999.9
53113,-9999.9
53114,-9999.9
53115,-9999.9
53116,-9999.9
53117,-9999.9
53118,-9999.9
53119,-9999.9
53120,-9999.9
53121,-9999.9
53122,-9999.9
53123,-9999.9
53124,-9999.9
53125,-9999.9
53126,-9999.9
53127,-9999.9
53128,-9999.9
53129,-9999.9
53130,-9999.9
53131,-9999.9
53132,-9999.9
53133,-9999.9
53134,-9999.9
53135,-9999.9
53136,-9999.9
53137,-9999.9
53138,-9999.9
53139,-9999.9
53140,-9999.9
53141,-9999.9
53142,-9999.9
53143,-9999.9
53144,141.1
53145,143.8
53146,148.2
53147,144.3
53148,140.9
53149,142.4
53150,144.7
53151,144.7
53152,143.7
53153,143.5
53154,143.9
53155,141.7
53156,143.3
53157,145.6
53158,140.2
53159,139.1
53160,142.8
53161,143.4
53162,142.2
53163,140.4
53164,142.4
53165,142.2
53166,141.7
53167,141.9
53168,141.8
53169,145.2
53170,142.9
53171,142.6
53172,144.5
53173,144.9
53174,144.0
53175,142.2
53176,142.7
53177,142.4
53178,141.4
53179,142.2
53180,143.6
53181,141.8
53182,140.4
53183,142.3
53184,143.7
53185,140.5
53186,141.2
53187,142.9
53188,141.6
53189,140.5
53190,141.9
53191,145.1
53192,143.1
53193,140.0
53194,140.6
53195,142.2
53196,144.1
53197,142.7
53198,140.3
53199,140.9
53200,142.7
53201,141.3
53202,139.9
53203,142.6
53204,143.9
53205,143.4
53206,143.4
53207,143.5
53208,141.8
53209,139.8
53210,140.1
53211,140.3
53212,140.2
53213,141.7
53214,143.0
53215,140.5
53216,142.0
53217,141.8
53218,139.7
53219,140.9
53220,141.3
53221,138.6
53222,138.7
53223,141.4
53224,142.2
53225,140.7
53226,140.1
53227,140.5
53228,140.1
53229,141.3
53230,141.3
53231,137.8
53232,137.3
53233,141.5
53234,142.5
53235,142.4
53236,142.9
53237,143.1
53238,142.1
53239,140.7
53240,140.3
53241,139.9
53242,140.4
53243,139.4
53244,139.0
53245,141.3
53246,142.0
53247,141.7
53248,142.4
53249,140.2
53250,140.6
53251,140.3
53252,142.4
53253,143.8
53254,142.0
53255,142.1
53256,140.6
53257,138.9
53258,140.3
53259,141.8
53260,141.0
53261,142.8
53262,144.5
53263,143.7
53264,142.2
53265,140.3
53266,140.5
53267,142.3
53268,141.3
53269,142.0
53270,143.1
53271,139.3
53272,137.8
53273,140.2
53274,140.6
53275,140.6
53276,143.4
53277,143.5
53278,143.0
53279,141.3
53280,137.7
53281,138.7
53282,139.9
53283,138.6
53284,139.8
53285,141.1
53286,142.5
53287,141.3
53288,139.6
53289,139.8
53290,142.0
53291,142.8
53292,139.4
53293,137.4
53294,140.2
53295,142.1
53296,139.0
53297,138.0
53298,140.5
53299,141.8
53300,141.3
53301,141.2
53302,139.4
53303,138.5
53304,142.2
53305,143.6
53306,143.0
53307,140.0
53308,140.9
53309,144.6
53310,144.5
53311,141.7
53312,141.3
53313,140.6
53314,138.7
53315,140.7
53316,142.5
53317,143.4
53318,142.9
53319,142.1
53320,143.9
53321,143.2
53322,140.2
53323,137.3
53324,138.4
53325,141.1
53326,140.6
53327,141.5
53328,140.9
53329,141.4
53330,145.4
53331,145.1
53332,142.5
53333,142.8
53334,143.4
53335,142.9
53336,142.2
53337,142.0
53338,142.6
53339,144.7
53340,142.9
53341,141.3
53342,141.7
53343,142.0
53344,141.9
53345,136.9
53346,136.4
53347,141.4
53348,141.1
53349,141.2
53350,141.9
53351,140.2
53352,141.3
53353,142.5
53354,140.3
53355,140.8
53356,140.9
53357,138.7
53358,139.5
53359,141.1
53360,140.2
53361,141.4
53362,144.2
53363,145.5
53364,143.3
53365,141.1
53366,141.1
53367,142.5
53368,142.9
53369,143.3
53370,141.6
53371,139.6
53372,141.8
53373,142.6
53374,140.0
53375,141.9
53376,144.4
53377,142.7
53378,142.8
53379,144.2
53380,142.6
53381,142.9
53382,143.8
53383,140.8
53384,139.9
53385,141.1
53386,142.6
53387,143.5
53388,143.4
53389,145.9
53390,143.8
53391,141.3
53392,141.0
53393,139.1
53394,138.3
53395,140.3
53396,140.2
53397,140.1
53398,141.0
53399,143.2
53400,143.8
53401,141.4
53402,141.3
53403,140.7
53404,138.2
53405,137.1
53406,140.6
53407,142.4
53408,141.5
53409,140.4
53410,141.2
53411,142.2
53412,141.3
53413,140.5
53414,139.9
53415,139.6
53416,140.5
53417,140.8
53418,139.0
53419,138.3
53420,138.8
53421,139.5
53422,139.5
53423,140.0
53424,139.7
53425,140.2
53426,141.7
53427,141.9
53428,141.0
53429,141.4
53430,142.1
53431,142.3
53432,140.8
53433,142.2
53434,143.6
53435,140.2
53436,140.5
53437,139.4
53438,137.9
53439,140.4
53440,140.0
53441,139.6
53442,140.9
53443,139.1
53444,138.4
53445,142.6
53446,141.6
53447,140.0
53448,142.7
53449,142.2
53450,140.0
53451,140.2
53452,140.7
53453,141.0
53454,141.4
53455,141.2
53456,141.8
53457,143.0
53458,142.7
53459,143.8
53460,142.6
53461,137.8
53462,139.0
53463,141.2
53464,139.9
53465,142.5
53466,141.9
53467,141.8
53468,143.4
53469,143.8
53470,143.8
53471,142.2
53472,142.7
53473,140.4
53474,138.2
53475,138.9
53476,140.2
53477,140.9
53478,141.2
53479,139.3
53480,140.9
53481,142.8
53482,139.7
53483,141.2
53484,141.4
53485,140.3
53486,144.1
53487,142.9
53488,140.1
53489,143.1
53490,144.1
53491,143.3
53492,140.7
53493,141.4
53494,141.5
53495,140.9
53496,142.8
53497,143.7
53498,142.2
53499,142.3
53500,142.5
53501,140.2
53502,142.5
53503,145.2
53504,144.4
53505,144.0
53506,142.3
53507,141.5
53508,141.1
53509,139.5
53510,140.7
53511,142.3
53512,141.6
53513,143.3
53514,143.8
53515,142.9
53516,142.5
53517,143.4
53518,143.2
53519,141.6
53520,141.6
53521,141.2
53522,142.7
53523,143.3
53524,143.0
53525,143.8
53526,143.7
53527,144.4
53528,143.5
53529,142.5
53530,144.2
53531,144.1
53532,144.2
53533,142.9
53534,141.7
53535,145.8
53536,145.1
53537,142.6
53538,142.6
53539,142.7
53540,143.1
53541,143.1
53542,144.7
53543,144.3
53544,141.4
53545,143.2
53546,145.5
53547,144.2
53548,142.8
53549,142.8
53550,144.5
53551,143.3
53552,142.4
53553,143.5
53554,141.5
53555,140.8
53556,143.9
53557,146.3
53558,146.0
53559,145.4
53560,143.5
53561,143.5
53562,141.9
53563,142.8
53564,142.5
53565,142.8
53566,144.5
53567,143.7
53568,140.7
53569,140.9
53570,144.3
53571,140.8
53572,140.2
53573,144.3
53574,142.8
53575,142.3
53576,143.5
53577,144.0
53578,143.5
53579,141.7
53580,142.0
53581,145.7
53582,144.5
53583,144.6
53584,145.3
53585,144.5
53586,144.2
53587,143.0
53588,143.6
53589,143.6
53590,145.3
53591,145.7
53592,144.9
53593,146.2
53594,147.3
53595,147.3
53596,140.3
53597,141.8
53598,144.3
53599,144.4
53600,141.7
53601,142.3
53602,143.4
53603,140.8
53604,140.5
53605,141.5
53606,140.7
53607,140.3
53608,142.9
53609,143.7
53610,143.8
53611,144.6
53612,142.9
53613,141.6
53614,142.4
53615,144.5
53616,144.5
53617,142.8
53618,143.0
53619,144.5
53620,143.9
53621,142.2
53622,141.9
53623,141.8
53624,143.1
53625,145.0
53626,143.2
53627,141.4
53628,142.8
53629,143.8
53630,142.6
53631,143.3
53632,145.4
53633,145.7
53634,143.3
53635,141.5
53636,142.5
53637,143.6
53638,143.5
53639,143.5
53640,141.6
53641,142.0
53642,144.1
53643,144.4
53644,144.9
53645,145.0
53646,145.6
53647,146.1
53648,145.3
53649,145.3
53650,145.9
53651,142.1
53652,141.0
53653,144.6
53654,143.1
53655,140.7
53656,141.9
53657,144.1
53658,146.0
53659,145.9
53660,145.7
53661,143.2
53662,142.4
53663,142.7
53664,141.1
53665,140.1
53666,142.4
53667,143.5
53668,139.7
53669,140.9
53670,145.6
53671,147.3
53672,147.2
53673,145.3
53674,144.4
53675,142.5
53676,143.0
53677,145.1
53678,143.8
53679,142.4
53680,143.9
53681,146.2
53682,145.9
53683,144.1
53684,144.7
53685,144.7
53686,144.0
53687,143.1
53688,142.5
53689,143.9
53690,144.4
53691,143.5
53692,143.6
53693,143.4
53694,143.3
53695,144.9
53696,144.0
53697,143.5
53698,144.2
53699,142.3
53700,142.9
53701,144.6
53702,144.4
53703,144.1
53704,145.7
53705,145.5
53706,146.0
53707,143.3
53708,142.4
53709,144.6
53710,144.6
53711,146.4
53712,144.7
53713,144.1
53714,145.7
53715,146.2
53716,146.4
53717,145.5
53718,145.8
53719,144.7
53720,145.6
53721,145.8
53722,144.2
53723,145.5
53724,143.9
53725,141.8
53726,143.0
53727,143.7
53728,142.2
53729,142.4
53730,143.6
53731,140.6
53732,137.9
53733,148.1
53734,147.9
53735,146.7
53736,145.8
53737,144.6
53738,144.5
53739,143.6
53740,142.7
53741,144.2
53742,144.9
53743,142.5
53744,141.6
53745,145.0
53746,146.8
53747,144.3
53748,142.5
53749,142.7
53750,143.1
53751,144.1
53752,144.2
53753,144.3
53754,142.9
53755,142.6
53756,142.7
53757,140.1
53758,141.9
53759,144.9
53760,145.5
53761,145.1
53762,145.0
53763,147.2
53764,146.5
53765,145.1
53766,144.5
53767,143.3
53768,144.1
53769,144.8
