NETCARE2015/data/raw/Flight5/CO_POLAR6_20150409_R1_NETCARE.ict
34, 1001
Bozem, Heiko; Hoor, Peter
Institute for Atmospheric Physics, Johannes Gutenberg University, Mainz, Germany
CO mixing ratio from AL5002 CO analyzer
NETCARE Polar 6 Campaign 2015
1, 1
2015, 04, 09, 2015, 08, 15
1
Time_UTC, seconds
1
1
-9999.9
CO_ppbv, ppbv
0
19
PI_CONTACT_INFO: Address: Johann-Joachim-Becherweg 21, 55128 Mainz, email: bozemh@uni-mainz.de; hoor@uni-mainz.de
PLATFORM: Polar 6
LOCATION: GPS location and altitude available at 1 Hz resolution in separate file (See AIMMS files under Aircraft data and meteorology)
ASSOCIATED_DATA: N/A
INSTRUMENT_INFO: CO measurements based on the fluorescence of CO in the VUV at 150 nm
DATA_INFO: Units are ppbv
UNCERTAINTY RELATIVE TO STANDARD: 2.3 ppbv at 1 sigma confidence (before drift correction is applied)
ULOD_FLAG: -7777
ULOD_VALUE: N/A
LLOD_FLAG: -8888
LLOD_VALUE: 1.5 
DM_CONTACT_INFO: N/A
PROJECT_INFO: NETCARE Polar 6 aircraft campaign in April 2015; Alert
STIPULATIONS_ON_USE: N/A
OTHER_COMMENTS: N/A
REVISION: R1
R0: Preliminary data, corrected for instrument drift
R1: Final data, corrected for instrument drift
Time_UTC,CO_ppbv
[from data line 9208]
59020,146.6
59021,147.2
59022,146.3
59023,147.4
59024,149.1
59025,148.8
59026,147.5
59027,147.4
59028,146.8
59029,147.7
59030,150.9
59031,150.1
59032,149.1
59033,150.6
59034,149.0
59035,147.9
59036,149.2
59037,149.8
59038,149.4
59039,152.7
59040,153.8
59041,150.1
59042,148.8
59043,148.9
59044,148.9
59045,148.8
59046,149.2
59047,151.0
59048,151.5
59049,149.0
59050,147.3
59051,147.8
59052,149.1
59053,148.1
59054,148.3
59055,150.6
59056,149.4
59057,149.1
59058,149.5
59059,149.0
59060,149.6
59061,149.4
59062,150.1
59063,150.1
59064,150.5
59065,151.9
59066,149.9
59067,148.4
59068,148.1
59069,149.4
59070,150.3
59071,148.5
59072,150.1
59073,150.9
59074,148.2
59075,151.5
59076,152.9
59077,149.7
59078,150.2
59079,150.2
59080,151.0
59081,152.2
59082,149.9
59083,150.6
59084,148.6
59085,146.7
59086,146.9
59087,148.6
59088,151.1
59089,151.2
59090,150.9
59091,150.7
59092,148.6
59093,147.6
59094,146.1
59095,145.8
59096,149.0
59097,147.8
59098,146.9
59099,147.5
59100,145.9
59101,147.3
59102,148.8
59103,149.0
59104,150.7
59105,149.0
59106,146.0
59107,148.4
59108,149.4
59109,148.5
59110,147.6
59111,146.9
59112,147.7
59113,148.9
59114,148.7
59115,146.9
59116,145.4
59117,147.5
59118,150.5
59119,149.0
59120,147.3
59121,147.7
59122,148.4
59123,146.4
59124,144.2
59125,143.7
59126,142.1
59127,143.0
59128,143.7
59129,145.9
59130,146.1
59131,145.0
59132,146.5
59133,146.6
59134,145.0
59135,143.0
59136,142.3
59137,144.8
59138,148.5
59139,148.0
59140,147.1
59141,145.6
59142,143.9
59143,146.1
59144,145.2
59145,144.8
59146,145.6
59147,144.3
59148,144.5
59149,143.0
59150,141.0
59151,145.5
59152,145.7
59153,144.5
59154,142.4
59155,144.6
59156,143.5
59157,144.5
59158,149.8
59159,148.0
59160,145.4
59161,144.4
59162,142.8
59163,140.9
59164,142.2
59165,142.6
59166,142.9
59167,143.2
59168,142.6
59169,142.5
59170,141.6
59171,140.7
59172,141.3
59173,143.9
59174,142.3
59175,141.4
59176,143.4
59177,143.0
59178,143.0
59179,142.4
59180,143.5
59181,144.6
59182,142.9
59183,141.9
59184,140.8
59185,141.6
59186,142.3
59187,142.0
59188,142.6
59189,144.1
59190,144.2
59191,144.0
59192,141.1
59193,140.7
59194,141.4
59195,139.9
59196,142.2
59197,143.2
59198,142.4
59199,142.5
59200,141.3
59201,140.9
59202,141.2
59203,142.2
59204,140.8
59205,141.3
59206,144.7
59207,145.0
59208,146.1
59209,146.2
59210,145.0
59211,143.0
59212,142.8
59213,143.4
59214,142.7
59215,141.7
59216,140.9
59217,141.8
59218,141.8
59219,143.6
59220,143.9
59221,141.8
59222,141.1
59223,145.7
59224,144.0
59225,139.3
59226,141.4
59227,143.8
59228,141.9
59229,143.1
59230,145.7
59231,143.9
59232,143.2
59233,141.7
59234,139.7
59235,139.1
59236,138.4
59237,139.5
59238,144.1
59239,145.5
59240,143.6
59241,143.1
59242,143.2
59243,143.1
59244,144.1
59245,143.8
59246,142.8
59247,142.5
59248,142.2
59249,142.5
59250,141.5
59251,143.2
59252,141.3
59253,137.3
59254,143.2
59255,140.7
59256,139.2
59257,141.2
59258,140.4
59259,139.2
59260,142.5
59261,142.4
59262,140.3
59263,143.7
59264,144.6
59265,141.0
59266,140.3
59267,141.5
59268,143.4
59269,142.9
59270,142.2
59271,144.5
59272,142.2
59273,140.0
59274,142.6
59275,142.7
59276,141.1
59277,141.8
59278,145.1
59279,143.9
59280,142.3
59281,146.0
59282,145.4
59283,143.2
59284,142.7
59285,144.0
59286,145.1
59287,144.5
59288,145.7
59289,144.4
59290,143.3
59291,145.3
59292,146.2
59293,145.1
59294,144.4
59295,143.5
59296,142.9
59297,141.8
59298,142.1
59299,143.4
59300,143.2
59301,142.9
59302,141.1
59303,140.9
59304,141.6
59305,143.8
59306,145.3
59307,145.5
59308,147.8
59309,143.9
59310,144.6
59311,148.3
59312,147.3
59313,148.9
59314,148.2
59315,145.5
59316,143.7
59317,146.1
59318,146.1
59319,143.6
59320,144.9
59321,147.1
59322,148.7
59323,145.8
59324,144.2
59325,143.1
59326,145.2
59327,145.6
59328,143.8
59329,144.4
59330,144.4
59331,142.8
59332,144.2
59333,144.5
59334,145.4
59335,147.2
59336,146.7
59337,145.8
59338,143.5
59339,143.9
59340,144.9
59341,144.6
59342,145.9
59343,144.4
59344,143.9
59345,144.6
59346,145.4
59347,144.7
59348,143.6
59349,144.8
59350,143.7
59351,144.1
59352,144.0
59353,145.2
59354,147.6
59355,147.8
59356,145.6
59357,142.8
59358,145.9
59359,144.2
59360,144.3
59361,145.2
59362,144.4
59363,143.1
59364,143.0
59365,145.5
59366,145.6
59367,143.9
59368,142.4
59369,142.8
59370,145.0
59371,144.8
59372,144.2
59373,143.3
59374,142.0
59375,143.3
59376,146.1
59377,145.2
59378,143.7
59379,143.5
59380,143.3
59381,143.0
59382,142.9
59383,143.3
59384,144.5
59385,143.8
59386,141.4
59387,143.6
59388,145.9
59389,145.7
59390,144.4
59391,143.3
59392,142.6
59393,140.0
59394,139.8
59395,141.1
59396,142.9
59397,145.1
59398,143.9
59399,141.7
59400,142.8
59401,143.7
59402,145.0
59403,146.2
59404,144.2
59405,141.6
59406,141.9
59407,141.0
59408,140.8
59409,143.4
59410,144.6
59411,142.6
59412,140.9
59413,141.0
59414,142.0
59415,140.8
59416,138.7
59417,139.1
59418,140.4
59419,141.6
59420,141.6
59421,143.9
59422,143.9
59423,141.4
59424,141.7
59425,143.3
59426,145.1
59427,143.6
59428,141.9
59429,141.2
59430,142.3
59431,141.1
59432,139.5
59433,137.1
59434,138.4
59435,142.2
59436,141.5
59437,140.0
59438,141.1
59439,141.0
59440,139.2
59441,140.0
59442,139.4
59443,140.4
59444,140.3
59445,137.6
59446,138.8
59447,139.9
59448,140.1
59449,141.2
59450,141.2
59451,140.9
59452,140.9
59453,140.3
59454,138.9
59455,140.8
59456,140.0
59457,138.8
59458,140.2
59459,140.1
59460,141.1
59461,139.9
59462,138.6
59463,140.0
59464,143.8
59465,143.3
59466,142.5
59467,141.0
59468,138.4
59469,138.6
59470,140.3
59471,142.4
59472,144.3
59473,142.9
59474,141.0
59475,141.3
59476,141.7
59477,141.1
59478,138.8
59479,138.9
59480,140.5
59481,142.1
59482,141.3
59483,138.9
59484,140.3
59485,141.4
59486,139.9
59487,142.5
59488,142.8
59489,136.9
59490,136.5
59491,138.7
59492,138.9
59493,141.8
59494,141.1
59495,137.8
59496,139.6
59497,140.8
59498,142.1
59499,142.6
59500,142.8
59501,144.0
59502,143.7
59503,140.7
59504,139.3
59505,142.1
59506,143.8
59507,141.4
59508,139.9
59509,140.7
59510,142.2
59511,142.5
59512,144.0
59513,145.4
59514,142.5
59515,141.7
59516,144.7
59517,143.2
59518,142.9
59519,144.9
59520,144.8
59521,143.5
59522,144.2
59523,143.5
59524,140.2
59525,141.5
59526,142.9
59527,143.3
59528,143.3
59529,142.3
59530,141.6
59531,143.5
59532,143.6
59533,143.4
59534,142.6
59535,141.9
59536,144.1
59537,145.4
59538,144.2
59539,140.8
59540,140.7
59541,143.4
59542,144.3
59543,143.5
59544,142.0
59545,142.4
59546,143.1
59547,144.2
59548,143.5
59549,142.3
59550,144.5
59551,143.2
59552,142.0
59553,143.7
59554,144.0
59555,145.8
59556,148.4
59557,147.0
59558,146.0
59559,144.7
59560,143.2
59561,144.2
59562,145.5
59563,146.5
59564,146.1
59565,146.4
59566,147.8
59567,148.2
59568,146.1
59569,143.1
59570,145.2
59571,148.8
59572,145.8
59573,143.5
59574,144.4
59575,144.7
59576,145.3
59577,144.4
59578,143.8
59579,144.3
59580,142.3
59581,140.3
59582,142.9
59583,143.8
59584,142.5
59585,143.8
59586,141.7
59587,140.1
59588,141.4
59589,140.3
59590,141.0
59591,141.3
59592,138.6
59593,139.9
59594,143.0
59595,143.4
59596,142.5
59597,141.5
59598,141.2
59599,140.4
59600,141.9
59601,141.7
59602,142.5
59603,144.5
59604,141.9
59605,141.0
59606,141.4
59607,141.7
59608,143.3
59609,141.7
59610,141.8
59611,141.6
59612,141.0
59613,141.7
59614,142.1
59615,142.8
59616,141.9
59617,142.9
59618,142.4
59619,141.1
59620,142.8
59621,143.3
59622,140.5
59623,140.8
59624,145.0
59625,145.1
59626,143.2
59627,143.7
59628,142.8
59629,140.2
59630,139.9
59631,145.2
59632,145.6
59633,141.9
59634,145.6
59635,144.0
59636,142.9
59637,142.4
59638,140.5
59639,142.6
59640,144.3
59641,143.5
59642,142.6
59643,141.8
59644,142.0
59645,143.6
59646,145.7
59647,143.8
59648,141.5
59649,142.0
59650,143.2
59651,144.0
59652,142.4
59653,142.9
59654,141.4
59655,138.1
59656,139.7
59657,142.3
59658,144.8
59659,145.1
59660,142.2
59661,141.0
59662,141.6
59663,141.5
59664,143.0
59665,144.1
59666,142.9
59667,142.8
59668,143.5
59669,141.7
59670,142.6
59671,142.7
59672,142.9
59673,144.7
59674,143.0
59675,140.7
59676,142.3
59677,140.3
59678,140.2
59679,142.8
59680,143.2
59681,145.2
59682,144.2
59683,143.7
59684,144.4
59685,143.8
59686,142.8
59687,141.9
59688,144.3
59689,146.4
59690,144.6
59691,142.6
59692,143.7
59693,144.4
59694,144.2
59695,142.0
59696,140.8
59697,142.3
59698,141.7
59699,143.5
59700,144.4
59701,142.4
59702,142.5
59703,140.8
59704,139.6
59705,139.6
59706,142.6
59707,145.3
59708,144.0
59709,142.2
59710,144.0
59711,145.6
59712,143.5
59713,143.4
59714,144.7
59715,142.9
59716,141.2
59717,140.8
59718,140.1
59719,140.6
59720,142.1
59721,143.3
59722,143.0
59723,141.3
59724,141.0
59725,138.6
59726,139.3
59727,140.1
59728,142.1
59729,145.7
59730,145.0
59731,143.3
59732,140.7
59733,139.4
59734,142.2
59735,142.1
59736,139.4
59737,142.4
59738,143.9
59739,143.4
59740,140.4
59741,141.3
59742,142.7
59743,140.8
59744,140.6
59745,140.7
59746,140.4
59747,141.2
59748,140.8
59749,141.3
59750,139.9
59751,139.0
59752,141.2
59753,141.4
59754,140.4
59755,141.5
59756,143.4
59757,143.3
59758,139.9
59759,137.6
59760,139.2
59761,140.1
59762,141.9
59763,144.3
59764,145.5
59765,142.1
59766,140.1
59767,142.8
59768,140.6
59769,139.8
59770,140.3
59771,138.8
59772,142.9
59773,141.3
59774,140.9
59775,143.0
59776,142.0
59777,140.1
59778,140.6
59779,140.3
59780,141.9
59781,140.7
59782,141.0
59783,141.9
59784,138.9
59785,138.4
59786,141.1
59787,143.9
59788,143.3
59789,142.6
59790,139.1
59791,140.7
59792,142.4
59793,142.5
59794,144.3
59795,142.1
59796,139.8
59797,139.3
59798,140.9
59799,141.9
59800,141.4
59801,142.3
59802,144.1
59803,141.3
59804,141.0
59805,143.8
59806,138.3
59807,139.6
59808,141.6
59809,141.3
59810,141.5
59811,142.2
59812,141.5
59813,142.0
59814,141.0
59815,140.3
59816,141.6
59817,141.3
59818,140.8
59819,140.7
59820,142.7
59821,144.0
59822,143.2
59823,142.6
59824,140.5
59825,139.1
59826,141.9
59827,142.0
59828,141.3
59829,143.3
59830,143.1
59831,141.6
59832,141.8
59833,143.4
59834,143.1
59835,143.7
59836,143.6
59837,142.2
59838,141.2
59839,140.2
59840,149.6
59841,146.1
59842,144.8
59843,145.9
59844,144.1
59845,143.6
59846,142.9
59847,142.4
59848,142.4
59849,142.6
59850,144.6
59851,146.3
59852,147.0
59853,145.2
59854,144.7
59855,146.8
59856,145.7
59857,146.0
59858,145.9
59859,144.4
59860,146.4
59861,144.0
59862,142.8
59863,143.0
59864,141.6
59865,143.5
59866,142.4
59867,141.3
59868,141.3
59869,141.8
59870,144.6
59871,144.8
59872,140.2
59873,141.0
59874,145.2
59875,141.5
59876,142.2
59877,141.5
59878,142.1
59879,141.2
59880,140.0
59881,142.2
59882,140.5
59883,141.1
59884,144.3
59885,144.1
59886,144.8
59887,142.7
59888,141.3
59889,143.8
59890,142.8
59891,139.7
59892,139.8
59893,141.6
59894,144.2
59895,143.5
59896,141.6
59897,142.7
59898,144.5
59899,147.2
59900,146.1
59901,143.5
59902,145.6
59903,144.3
59904,141.9
59905,139.6
59906,137.6
59907,141.8
59908,142.0
59909,139.4
59910,140.7
59911,142.0
59912,145.4
59913,145.2
59914,142.8
59915,141.6
59916,141.4
59917,141.3
59918,140.8
59919,143.5
59920,143.6
59921,144.1
59922,142.7
59923,140.6
59924,144.2
59925,145.2
59926,142.7
59927,142.7
59928,145.0
59929,143.4
59930,142.1
59931,142.5
59932,139.6
59933,141.7
59934,145.5
59935,143.8
59936,144.5
59937,146.1
59938,145.1
59939,141.3
59940,141.3
59941,144.6
59942,143.5
59943,140.7
59944,139.5
59945,143.4
59946,144.9
59947,143.5
59948,143.0
59949,144.4
59950,141.6
59951,138.6
59952,138.1
59953,140.4
59954,143.4
59955,140.8
59956,139.2
59957,143.4
59958,143.0
59959,141.8
59960,143.2
59961,144.7
59962,144.0
59963,142.1
59964,143.2
59965,142.9
59966,141.9
59967,142.7
59968,144.8
59969,144.3
59970,141.1
59971,142.2
59972,144.1
59973,142.6
59974,142.4
59975,142.8
59976,143.4
59977,143.6
59978,142.6
59979,143.4
59980,142.1
59981,141.2
59982,141.6
59983,143.3
59984,141.5
59985,140.0
59986,141.9
59987,142.2
59988,141.4
59989,140.9
59990,141.0
59991,141.3
59992,143.4
59993,144.1
59994,142.5
59995,143.2
59996,143.3
59997,142.3
59998,141.0
59999,141.4
60000,144.3
60001,146.4
60002,145.7
60003,143.5
60004,142.6
60005,143.4
60006,146.3
60007,144.4
60008,141.0
60009,142.1
60010,144.7
60011,145.9
60012,145.6
60013,145.4
60014,145.2
60015,146.6
60016,145.6
60017,143.5
60018,142.9
60019,141.5
60020,142.7
60021,144.1
60022,143.6
60023,144.4
60024,145.6
60025,145.7
60026,145.7
60027,145.9
60028,144.0
60029,143.0
60030,144.5
60031,145.6
60032,146.8
60033,147.0
60034,147.1
60035,147.2
60036,146.5
60037,145.7
60038,144.2
60039,144.6
60040,146.2
60041,142.6
60042,140.8
60043,143.1
60044,146.6
60045,147.8
60046,144.7
60047,143.8
60048,144.2
60049,145.0
60050,146.1
60051,144.6
60052,144.9
60053,146.3
60054,146.3
60055,144.5
60056,142.3
60057,143.7
60058,144.9
60059,144.4
60060,144.7
60061,145.9
60062,143.8
60063,141.4
60064,142.2
60065,143.8
60066,143.6
60067,142.1
60068,141.4
60069,143.5
60070,143.7
60071,142.3
60072,142.8
60073,143.1
60074,143.8
60075,145.3
60076,143.7
60077,144.1
60078,146.1
60079,144.9
60080,145.1
60081,145.3
60082,150.4
60083,148.8
60084,145.9
60085,143.7
60086,145.8
60087,146.6
60088,144.3
60089,143.3
60090,143.6
60091,145.6
60092,148.6
60093,147.6
60094,145.2
60095,148.2
60096,146.8
60097,146.5
60098,146.4
60099,142.5
60100,145.2
60101,147.2
60102,147.2
60103,146.3
60104,145.5
60105,148.1
60106,146.8
60107,143.3
60108,144.7
60109,145.0
60110,142.6
60111,144.1
60112,146.8
60113,145.6
60114,144.5
60115,144.4
60116,144.7
60117,141.1
60118,140.7
60119,144.4
60120,142.6
60121,138.4
60122,140.9
60123,144.4
60124,143.1
60125,142.3
60126,141.1
60127,141.6
60128,143.8
60129,141.3
60130,138.5
60131,140.3
60132,138.4
60133,138.2
60134,142.8
60135,140.7
60136,138.5
60137,140.2
60138,139.1
60139,137.6
60140,138.3
60141,137.5
60142,137.5
60143,140.2
60144,139.6
60145,138.2
60146,140.1
60147,140.6
60148,137.4
60149,138.2
60150,140.9
60151,145.3
60152,143.0
60153,141.1
60154,141.0
60155,140.1
60156,139.1
60157,140.3
60158,141.7
60159,140.8
60160,140.1
60161,140.3
60162,139.7
60163,139.5
60164,142.7
60165,144.7
60166,142.3
60167,140.7
60168,140.8
60169,142.5
60170,144.1
60171,142.7
60172,142.5
60173,143.4
60174,143.5
60175,143.1
60176,143.3
60177,141.5
60178,140.8
60179,141.7
60180,142.6
60181,145.7
60182,144.6
60183,144.2
60184,146.6
60185,143.5
60186,145.1
60187,145.9
60188,145.4
60189,144.6
60190,145.3
60191,144.0
60192,142.3
60193,144.8
60194,144.5
60195,142.1
60196,143.8
60197,143.2
60198,142.3
60199,141.8
60200,141.8
60201,144.0
60202,142.5
60203,143.6
60204,-9999.9
60205,-9999.9
60206,-9999.9
60207,-9999.9
60208,-9999.9
60209,-9999.9
60210,-9999.9
60211,-9999.9
60212,-9999.9
60213,-9999.9
60214,-9999.9
60215,-9999.9
60216,-9999.9
60217,-9999.9
60218,-9999.9
60219,-9999.9
60220,-9999.9
60221,-9999.9
60222,-9999.9
60223,-9999.9
60224,-9999.9
60225,-9999.9
60226,-9999.9
60227,-9999.9
60228,-9999.9
60229,-9999.9
60230,-9999.9
60231,-9999.9
60232,-9999.9
60233,-9999.9
60234,-9999.9
60235,-9999.9
60236,-9999.9
60237,-9999.9
60238,-9999.9
60239,-9999.9
60240,-9999.9
60241,-9999.9
60242,-9999.9
60243,-9999.9
60244,-9999.9
60245,-9999.9
60246,-9999.9
60247,-9999.9
60248,-9999.9
60249,-9999.9
60250,-9999.9
60251,-9999.9
60252,-9999.9
60253,-9999.9
60254,-9999.9
60255,-9999.9
60256,-9999.9
60257,-9999.9
60258,-9999.9
60259,-9999.9
60260,-9999.9
60261,-9999.9
60262,-9999.9
60263,-9999.9
60264,-9999.9
60265,-9999.9
60266,-9999.9
60267,-9999.9
60268,-9999.9
60269,-9999.9
60270,-9999.9
60271,-9999.9
60272,-9999.9
60273,-9999.9
60274,-9999.9
60275,-9999.9
60276,-9999.9
60277,-9999.9
60278,-9999.9
60279,-9999.9
60280,-9999.9
60281,-9999.9
60282,-9999.9
60283,-9999.9
60284,-9999.9
60285,-9999.9
60286,-9999.9
60287,-9999.9
60288,-9999.9
60289,-9999.9
60290,-9999.9
60291,-9999.9
60292,-9999.9
60293,-9999.9
60294,-9999.9
60295,-9999.9
60296,-9999.9
60297,-9999.9
60298,-9999.9
60299,-9999.9
60300,-9999.9
60301,-9999.9
60302,-9999.9
60303,-9999.9
60304,-9999.9
60305,-9999.9
60306,-9999.9
60307,-9999.9
60308,-9999.9
60309,-9999.9
60310,-9999.9
60311,-9999.9
60312,-9999.9
60313,-9999.9
60314,-9999.9
60315,-9999.9
60316,-9999.9
60317,-9999.9
60318,-9999.9
60319,-9999.9
60320,-9999.9
60321,-9999.9
60322,-9999.9
60323,-9999.9
60324,-9999.9
60325,-9999.9
60326,-9999.9
60327,-9999.9
60328,-9999.9
60329,-9999.9
60330,139.9
