NETCARE2015/data/raw/Flight5/CO_POLAR6_20150409_R1_NETCARE.ict
34, 1001
Bozem, Heiko; Hoor, Peter
Institute for Atmospheric Physics, Johannes Gutenberg University, Mainz, Germany
CO mixing ratio from AL5002 CO analyzer
NETCARE Polar 6 Campaign 2015
1, 1
2015, 04, 09, 2015, 08, 15
1
Time_UTC, seconds
1
1
-9999.9
CO_ppbv, ppbv
0
19
PI_CONTACT_INFO: Address: Johann-Joachim-Becherweg 21, 55128 Mainz, email: bozemh@uni-mainz.de; hoor@uni-mainz.de
PLATFORM: Polar 6
LOCATION: GPS location and altitude available at 1 Hz resolution in separate file (See AIMMS files under Aircraft data and meteorology)
ASSOCIATED_DATA: N/A
INSTRUMENT_INFO: CO measurements based on the fluorescence of CO in the VUV at 150 nm
DATA_INFO: Units are ppbv
UNCERTAINTY RELATIVE TO STANDARD: 2.3 ppbv at 1 sigma confidence (before drift correction is applied)
ULOD_FLAG: -7777
ULOD_VALUE: N/A
LLOD_FLAG: -8888
LLOD_VALUE: 1.5 
DM_CONTACT_INFO: N/A
PROJECT_INFO: NETCARE Polar 6 aircraft campaign in April 2015; Alert
STIPULATIONS_ON_USE: N/A
OTHER_COMMENTS: N/A
REVISION: R1
R0: Preliminary data, corrected for instrument drift
R1: Final data, corrected for instrument drift
Time_UTC,CO_ppbv
[from data line 11833]
61645,135.6
61646,138.7
61647,138.0
61648,136.8
61649,138.5
61650,139.7
61651,139.0
61652,137.9
61653,137.1
61654,137.0
61655,136.9
61656,136.7
61657,136.9
61658,138.8
61659,137.2
61660,136.8
61661,138.3
61662,139.8
61663,138.5
61664,135.4
61665,134.8
61666,136.1
61667,137.7
61668,137.2
61669,136.9
61670,139.8
61671,138.0
61672,138.0
61673,139.9
61674,139.3
61675,137.1
61676,135.7
61677,139.0
61678,138.8
61679,136.4
61680,139.5
61681,137.4
61682,135.2
61683,139.3
61684,138.9
61685,136.5
61686,137.8
61687,139.8
61688,139.7
61689,138.4
61690,138.0
61691,138.4
61692,138.5
61693,137.1
61694,136.3
61695,136.8
61696,137.3
61697,140.2
61698,140.3
61699,136.5
61700,136.8
61701,138.1
61702,140.3
61703,142.7
61704,138.2
61705,139.3
61706,140.9
61707,140.8
61708,137.4
61709,137.0
61710,138.5
61711,138.0
61712,137.6
61713,139.9
61714,141.7
61715,138.3
61716,138.3
61717,141.3
61718,141.9
61719,140.8
61720,138.7
61721,139.5
61722,142.7
61723,142.7
61724,141.3
61725,140.4
61726,137.2
61727,137.1
61728,138.5
61729,137.3
61730,136.7
61731,138.5
61732,141.0
61733,141.9
61734,144.7
61735,141.4
61736,135.6
61737,138.4
61738,141.6
61739,140.3
61740,139.0
61741,138.8
61742,138.7
61743,139.1
61744,139.4
61745,141.4
61746,140.4
61747,137.9
61748,136.3
61749,135.8
61750,137.7
61751,135.6
61752,135.7
61753,137.1
61754,137.9
61755,137.1
61756,135.6
61757,136.6
61758,135.1
61759,134.1
61760,137.2
61761,139.3
61762,137.0
61763,137.5
61764,139.3
61765,138.9
61766,138.3
61767,139.0
61768,137.5
61769,138.5
61770,140.1
61771,137.5
61772,136.5
61773,136.8
61774,138.1
61775,139.9
61776,139.1
61777,140.1
61778,141.1
61779,139.5
61780,137.8
61781,137.9
61782,139.8
61783,138.1
61784,138.1
61785,138.9
61786,137.1
61787,136.5
61788,138.4
61789,141.5
61790,139.0
61791,136.7
61792,135.6
61793,135.9
61794,140.3
61795,140.0
61796,135.8
61797,136.5
61798,140.9
61799,141.4
61800,138.8
61801,137.0
61802,138.6
61803,139.7
61804,137.8
61805,136.2
61806,135.5
61807,140.0
61808,139.0
61809,138.9
61810,137.9
61811,134.9
61812,135.3
61813,138.0
61814,139.9
61815,138.8
61816,136.7
61817,138.3
61818,142.4
61819,142.2
61820,140.1
61821,139.4
61822,138.6
61823,138.3
61824,137.3
61825,138.8
61826,140.1
61827,141.0
61828,139.7
61829,135.6
61830,136.9
61831,139.4
61832,140.7
61833,139.8
61834,136.7
61835,137.8
61836,139.7
61837,137.7
61838,137.1
61839,140.8
61840,143.5
61841,139.2
61842,139.2
61843,136.0
61844,138.0
61845,140.6
61846,138.3
61847,135.5
61848,138.9
61849,140.4
61850,140.7
61851,140.2
61852,138.1
61853,140.2
61854,141.1
61855,141.1
61856,141.5
61857,140.7
61858,141.7
61859,141.7
61860,137.6
61861,136.7
61862,138.9
61863,139.2
61864,138.9
61865,139.7
61866,138.5
61867,136.8
61868,138.2
61869,139.5
61870,138.9
61871,137.2
61872,137.7
61873,140.6
61874,140.6
61875,139.5
61876,140.2
61877,141.1
61878,140.7
61879,139.2
61880,138.9
61881,140.3
61882,141.7
61883,142.2
61884,141.4
61885,138.6
61886,137.6
61887,137.4
61888,139.6
61889,140.3
61890,139.4
61891,140.1
61892,137.6
61893,139.7
61894,141.5
61895,140.1
61896,141.0
61897,143.2
61898,142.2
61899,140.6
61900,140.4
61901,140.7
61902,141.6
61903,141.9
61904,140.9
61905,139.6
61906,140.1
61907,141.8
61908,142.6
61909,141.8
61910,141.8
61911,146.0
61912,144.6
61913,142.8
61914,143.5
61915,144.0
61916,143.8
61917,143.5
61918,142.7
61919,144.2
61920,144.3
61921,143.0
61922,144.5
61923,144.8
61924,143.2
61925,145.0
61926,145.6
61927,144.5
61928,145.5
61929,146.9
61930,145.8
61931,144.8
61932,143.1
61933,142.8
61934,144.8
61935,144.3
61936,146.2
61937,144.4
61938,141.6
61939,143.0
61940,145.4
61941,145.4
61942,144.0
61943,143.7
61944,144.2
61945,145.3
61946,145.3
61947,143.9
61948,142.7
61949,145.8
61950,146.6
61951,144.6
61952,145.7
61953,145.7
61954,144.4
61955,143.4
61956,142.4
61957,143.8
61958,146.8
61959,146.8
61960,144.2
61961,143.5
61962,144.6
61963,145.4
61964,146.4
61965,145.4
61966,145.6
61967,147.3
61968,144.3
61969,142.2
61970,145.1
61971,144.3
61972,144.5
61973,145.9
61974,144.5
61975,145.4
61976,145.7
61977,145.8
61978,144.7
61979,143.5
61980,146.5
61981,146.3
61982,147.4
61983,147.1
61984,144.8
61985,146.0
61986,147.8
61987,147.3
61988,146.3
61989,145.1
61990,145.5
61991,145.8
61992,146.1
61993,147.3
61994,146.6
61995,146.1
61996,145.7
61997,145.5
61998,146.3
61999,145.4
62000,145.2
62001,147.4
62002,148.2
62003,146.7
62004,146.5
62005,147.3
62006,145.7
62007,145.9
62008,148.3
62009,147.1
62010,143.4
62011,144.3
62012,147.0
62013,147.1
62014,140.1
62015,141.7
62016,144.5
62017,144.6
62018,144.2
62019,146.5
62020,147.8
62021,146.5
62022,145.3
62023,141.7
62024,140.7
62025,143.4
62026,144.2
62027,145.0
62028,145.4
62029,146.7
62030,146.3
62031,142.3
62032,143.3
62033,144.5
62034,141.8
62035,141.0
62036,143.3
62037,146.5
62038,146.5
62039,145.1
62040,146.0
62041,144.0
62042,143.0
62043,146.9
62044,147.3
62045,145.1
62046,144.8
62047,146.1
62048,145.9
62049,144.5
62050,143.2
62051,143.2
62052,144.0
62053,144.9
62054,146.6
62055,144.0
62056,142.9
62057,144.7
62058,142.2
62059,142.4
62060,142.7
62061,141.1
62062,140.7
62063,142.4
62064,146.0
62065,144.8
62066,144.1
62067,146.0
62068,145.2
62069,142.2
62070,142.1
62071,142.9
62072,142.3
62073,144.3
62074,145.4
62075,144.6
62076,144.0
62077,145.2
62078,145.7
62079,142.7
62080,143.6
62081,142.3
62082,138.5
62083,141.9
62084,141.8
62085,143.5
62086,146.3
62087,146.8
62088,145.2
62089,-9999.9
62090,-9999.9
62091,-9999.9
62092,-9999.9
62093,-9999.9
62094,-9999.9
62095,-9999.9
62096,-9999.9
62097,-9999.9
62098,-9999.9
62099,-9999.9
62100,-9999.9
62101,-9999.9
62102,-9999.9
62103,-9999.9
62104,-9999.9
62105,-9999.9
62106,-9999.9
62107,-9999.9
62108,-9999.9
62109,-9999.9
62110,-9999.9
62111,-9999.9
62112,-9999.9
62113,-9999.9
62114,-9999.9
62115,-9999.9
62116,-9999.9
62117,-9999.9
62118,-9999.9
62119,-9999.9
62120,-9999.9
62121,-9999.9
62122,-9999.9
62123,-9999.9
62124,-9999.9
62125,-9999.9
62126,-9999.9
62127,-9999.9
62128,-9999.9
62129,-9999.9
62130,-9999.9
62131,-9999.9
62132,-9999.9
62133,-9999.9
62134,-9999.9
62135,-9999.9
62136,-9999.9
62137,-9999.9
62138,-9999.9
62139,-9999.9
62140,-9999.9
62141,-9999.9
62142,-9999.9
62143,-9999.9
62144,-9999.9
62145,-9999.9
62146,-9999.9
62147,-9999.9
62148,-9999.9
62149,-9999.9
62150,-9999.9
62151,-9999.9
62152,-9999.9
62153,-9999.9
62154,-9999.9
62155,-9999.9
62156,-9999.9
62157,-9999.9
62158,-9999.9
62159,-9999.9
62160,-9999.9
62161,-9999.9
62162,-9999.9
62163,-9999.9
62164,-9999.9
62165,-9999.9
62166,-9999.9
62167,-9999.9
62168,-9999.9
62169,-9999.9
62170,-9999.9
62171,-9999.9
62172,-9999.9
62173,-9999.9
62174,-9999.9
62175,-9999.9
62176,-9999.9
62177,-9999.9
62178,-9999.9
62179,-9999.9
62180,-9999.9
62181,-9999.9
62182,-9999.9
62183,-9999.9
62184,-9999.9
62185,-9999.9
62186,-9999.9
62187,-9999.9
62188,-9999.9
62189,-9999.9
62190,-9999.9
62191,-9999.9
62192,-9999.9
62193,-9999.9
62194,-9999.9
62195,-9999.9
62196,-9999.9
62197,-9999.9
62198,-9999.9
62199,-9999.9
62200,-9999.9
62201,-9999.9
62202,-9999.9
62203,-9999.9
62204,-9999.9
62205,-9999.9
62206,-9999.9
62207,-9999.9
62208,-9999.9
62209,-9999.9
62210,-9999.9
62211,-9999.9
62212,-9999.9
62213,-9999.9
62214,-9999.9
62215,145.9
62216,145.4
62217,144.7
62218,145.6
62219,146.2
62220,146.5
62221,145.9
62222,144.0
62223,145.5
62224,144.8
62225,145.0
62226,146.3
62227,145.0
62228,143.4
62229,143.2
62230,143.1
62231,143.5
62232,147.4
62233,146.8
62234,144.7
62235,144.1
62236,143.6
62237,144.1
62238,145.2
62239,144.8
62240,141.5
62241,142.0
62242,143.8
62243,142.9
62244,142.9
62245,144.2
62246,144.1
62247,143.1
62248,142.3
62249,142.7
62250,143.6
62251,143.4
62252,143.0
62253,143.4
62254,143.2
62255,142.2
62256,145.7
62257,145.7
62258,146.2
62259,146.4
62260,143.7
62261,142.0
62262,142.7
62263,145.2
62264,147.8
62265,146.5
62266,144.2
62267,143.0
62268,143.3
62269,143.7
62270,144.8
62271,146.9
62272,145.4
62273,144.7
62274,147.0
62275,147.4
62276,146.2
62277,144.0
62278,143.4
62279,144.3
62280,143.9
62281,145.5
62282,145.1
62283,143.1
62284,145.1
62285,144.9
62286,144.2
62287,144.0
62288,142.1
62289,141.7
62290,142.2
62291,143.4
62292,143.9
62293,143.6
62294,142.8
62295,142.6
62296,142.2
62297,142.5
62298,144.7
62299,143.6
62300,142.8
62301,143.7
62302,144.1
62303,144.0
62304,144.1
62305,145.4
62306,146.1
62307,145.6
62308,145.9
62309,146.0
62310,142.7
62311,141.6
62312,141.3
62313,140.9
62314,144.6
62315,144.7
62316,143.0
62317,144.8
62318,143.9
62319,141.0
62320,141.3
62321,142.6
62322,142.8
62323,143.2
62324,144.2
62325,144.7
62326,144.9
62327,144.9
62328,145.4
62329,144.3
62330,144.1
62331,144.5
62332,143.4
62333,141.6
62334,142.3
62335,143.8
62336,143.5
62337,144.4
62338,144.0
62339,144.3
62340,144.4
62341,142.9
62342,143.2
62343,144.2
62344,143.1
62345,143.3
62346,143.9
62347,143.5
62348,144.0
62349,144.3
62350,145.2
62351,145.2
62352,142.0
62353,141.0
62354,142.1
62355,143.3
62356,145.8
62357,144.6
62358,142.2
62359,141.7
62360,140.8
62361,142.1
62362,143.1
62363,143.9
62364,143.8
62365,141.5
62366,143.4
62367,144.5
62368,143.1
62369,142.0
62370,142.6
62371,142.4
62372,142.9
62373,142.6
62374,142.0
62375,142.9
62376,143.3
62377,144.9
62378,145.1
62379,143.3
62380,143.5
62381,142.8
62382,141.1
62383,141.6
62384,141.2
62385,141.5
62386,141.8
62387,141.9
62388,142.6
62389,142.4
62390,142.2
62391,141.8
62392,141.1
62393,141.0
62394,141.0
62395,146.5
62396,143.5
62397,142.3
62398,145.3
62399,147.1
62400,145.5
62401,141.1
62402,141.4
62403,144.1
62404,143.7
62405,141.7
62406,140.0
62407,140.7
62408,143.7
62409,144.0
62410,142.1
62411,143.1
62412,143.0
62413,143.5
62414,145.8
62415,145.9
62416,143.9
62417,143.6
62418,144.2
62419,145.8
62420,147.6
62421,143.5
62422,142.4
62423,143.8
62424,144.3
62425,144.7
62426,142.9
62427,142.8
62428,143.2
62429,145.6
62430,143.9
62431,144.8
62432,146.3
62433,144.5
62434,144.1
62435,142.6
62436,141.8
62437,142.6
62438,142.8
62439,142.6
62440,143.1
62441,143.1
62442,143.0
62443,144.7
62444,144.6
62445,144.0
62446,143.9
62447,139.5
62448,140.0
62449,142.5
62450,141.2
62451,142.7
62452,144.0
62453,144.8
62454,140.3
62455,139.9
62456,143.6
62457,144.1
62458,142.6
62459,141.9
62460,145.0
62461,145.8
62462,145.2
62463,143.0
62464,143.2
62465,141.3
62466,143.0
62467,143.7
62468,144.3
62469,146.8
62470,145.6
62471,144.3
62472,143.6
62473,141.8
62474,140.4
62475,142.5
62476,144.4
62477,144.3
62478,141.2
62479,141.9
62480,143.7
62481,143.2
62482,143.0
62483,143.6
62484,145.1
62485,142.2
62486,141.7
62487,142.6
62488,143.6
62489,146.1
62490,146.3
62491,144.6
62492,141.1
62493,141.3
62494,144.3
62495,146.5
62496,145.5
62497,143.2
62498,142.0
62499,141.9
62500,140.0
62501,140.6
62502,142.6
62503,142.9
62504,144.0
62505,143.9
62506,143.1
62507,143.6
62508,144.7
62509,144.0
62510,144.0
62511,144.8
62512,144.8
62513,144.7
62514,144.4
62515,142.9
62516,141.9
62517,143.4
62518,145.3
62519,144.9
62520,143.9
62521,143.6
62522,142.2
62523,141.5
62524,141.7
62525,143.1
62526,143.8
62527,143.6
62528,145.3
62529,144.7
62530,143.1
62531,143.2
62532,143.7
62533,143.5
62534,141.8
62535,142.3
62536,143.6
62537,143.1
62538,144.0
62539,144.2
62540,143.6
62541,144.3
62542,144.7
62543,142.7
62544,141.5
62545,142.2
62546,143.8
62547,143.8
62548,143.9
62549,146.0
62550,146.6
62551,145.2
62552,144.6
62553,146.1
62554,146.0
62555,144.8
62556,143.5
62557,144.8
62558,147.6
62559,146.1
62560,143.0
62561,142.6
62562,142.9
62563,141.9
62564,145.8
62565,150.1
62566,144.9
62567,144.8
62568,141.5
62569,139.7
62570,143.1
62571,144.3
62572,144.1
62573,143.0
62574,144.0
62575,146.7
62576,144.6
62577,146.4
62578,147.7
62579,144.0
62580,140.5
62581,140.0
62582,141.7
62583,143.4
62584,143.7
62585,144.8
62586,147.2
62587,144.4
62588,142.3
62589,142.6
62590,145.1
62591,145.0
62592,145.5
62593,144.2
62594,142.4
62595,145.2
62596,144.2
62597,143.4
62598,145.3
62599,146.7
62600,146.8
62601,144.7
62602,144.5
62603,144.4
62604,142.0
62605,142.4
62606,145.0
62607,143.9
62608,145.4
62609,145.8
62610,142.4
62611,145.3
62612,147.6
62613,143.6
62614,143.2
62615,144.0
62616,143.3
62617,141.6
62618,142.4
62619,142.5
62620,141.7
62621,143.6
62622,143.4
62623,144.9
62624,146.3
62625,144.4
62626,142.0
62627,142.2
62628,143.4
62629,144.6
62630,146.0
62631,144.8
62632,143.1
62633,142.9
62634,142.9
62635,145.8
62636,143.9
62637,142.3
62638,143.1
62639,144.4
62640,144.2
62641,144.7
62642,145.1
62643,142.3
62644,142.4
62645,144.3
62646,143.9
62647,142.5
62648,145.8
62649,147.7
62650,146.5
62651,145.6
62652,142.5
62653,144.7
62654,143.1
62655,138.8
62656,142.8
62657,145.9
62658,144.6
62659,143.7
62660,142.2
62661,141.4
62662,142.3
62663,143.2
62664,143.4
62665,143.1
62666,144.1
62667,145.5
62668,145.7
62669,141.7
62670,141.7
62671,142.4
62672,143.6
62673,142.8
62674,145.0
62675,148.1
62676,144.7
62677,144.8
62678,145.0
62679,143.1
62680,145.3
62681,147.3
62682,146.4
62683,145.1
62684,143.5
62685,143.2
62686,144.5
62687,145.1
62688,143.2
62689,141.7
62690,143.2
62691,145.3
62692,142.5
62693,139.6
62694,142.4
62695,144.1
62696,146.7
62697,146.8
62698,144.9
62699,145.4
62700,143.8
62701,142.6
62702,144.1
62703,144.1
62704,142.8
62705,145.1
62706,144.6
62707,145.0
62708,145.3
62709,146.6
62710,146.0
62711,144.4
62712,144.8
62713,144.8
62714,146.3
62715,145.5
62716,146.0
62717,146.7
62718,146.7
62719,145.5
62720,143.1
62721,141.9
62722,144.9
62723,146.2
62724,145.3
62725,146.5
62726,144.2
62727,144.9
62728,145.9
62729,143.6
62730,143.8
62731,145.4
62732,146.2
62733,145.5
62734,144.9
62735,143.9
62736,143.6
62737,145.9
62738,146.9
62739,144.0
62740,144.3
62741,145.7
62742,148.2
62743,145.5
62744,143.5
62745,145.7
62746,146.4
62747,145.3
62748,145.9
62749,146.1
62750,147.5
62751,146.1
62752,146.2
62753,148.8
62754,146.5
62755,145.2
62756,146.2
62757,146.0
62758,144.1
62759,145.1
62760,145.5
62761,146.4
62762,144.6
62763,143.3
62764,143.6
62765,143.5
62766,144.6
62767,146.2
62768,144.6
62769,143.4
62770,145.8
62771,148.2
62772,147.4
62773,144.6
62774,144.7
62775,146.8
62776,148.4
62777,144.2
62778,140.7
62779,140.0
62780,144.4
62781,149.5
62782,149.0
62783,146.8
62784,146.1
62785,147.1
62786,146.9
62787,144.5
62788,144.1
62789,143.8
62790,143.4
62791,143.5
62792,144.8
62793,143.8
62794,143.0
62795,146.6
62796,146.9
62797,145.8
62798,144.6
62799,145.5
62800,147.2
62801,145.9
62802,145.0
62803,146.9
62804,147.8
62805,146.5
62806,144.9
62807,144.9
62808,147.3
62809,146.5
62810,145.2
62811,145.8
62812,147.1
62813,146.3
62814,145.0
62815,144.9
62816,144.4
62817,143.1
62818,145.8
62819,149.0
62820,148.4
62821,147.5
62822,146.4
62823,149.1
62824,149.1
62825,146.4
62826,147.5
62827,149.7
62828,149.4
62829,148.7
62830,145.7
62831,143.6
62832,145.7
62833,144.1
62834,144.9
62835,147.6
62836,148.0
62837,147.2
62838,145.5
62839,145.0
62840,147.8
62841,150.1
62842,144.1
62843,145.6
62844,148.5
62845,148.8
62846,147.9
62847,147.6
62848,145.2
62849,143.0
62850,146.0
62851,149.1
62852,147.1
62853,146.5
62854,146.8
62855,147.2
62856,149.8
62857,149.4
62858,146.1
62859,-9999.9
62860,-9999.9
62861,-9999.9
62862,-9999.9
62863,-9999.9
62864,-9999.9
62865,-9999.9
62866,-9999.9
62867,-9999.9
62868,-9999.9
62869,-9999.9
62870,-9999.9
62871,-9999.9
62872,-9999.9
62873,-9999.9
62874,-9999.9
62875,-9999.9
62876,-9999.9
62877,-9999.9
62878,-9999.9
62879,-9999.9
62880,-9999.9
62881,-9999.9
62882,-9999.9
62883,-9999.9
62884,-9999.9
62885,-9999.9
62886,-9999.9
62887,-9999.9
62888,-9999.9
62889,-9999.9
62890,-9999.9
62891,-9999.9
62892,-9999.9
62893,-9999.9
62894,-9999.9
62895,-9999.9
62896,-9999.9
62897,-9999.9
62898,-9999.9
62899,-9999.9
62900,-9999.9
62901,-9999.9
62902,-9999.9
62903,-9999.9
62904,-9999.9
62905,-9999.9
62906,-9999.9
62907,-9999.9
62908,-9999.9
62909,-9999.9
62910,-9999.9
62911,-9999.9
62912,-9999.9
62913,-9999.9
62914,-9999.9
62915,-9999.9
62916,-9999.9
62917,-9999.9
62918,-9999.9
62919,-9999.9
62920,-9999.9
62921,-9999.9
62922,-9999.9
62923,-9999.9
62924,-9999.9
62925,-9999.9
62926,-9999.9
62927,-9999.9
62928,-9999.9
62929,-9999.9
62930,-9999.9
62931,-9999.9
62932,-9999.9
62933,-9999.9
62934,-9999.9
62935,-9999.9
62936,-9999.9
62937,-9999.9
62938,-9999.9
62939,-9999.9
62940,-9999.9
62941,-9999.9
