NETCARE2015/data/raw/Flight5/CPC3772_POLAR6_20150409_r2_NETCARE.ict
35,1001
Abbatt,Jon
University of Toronto
Polar 6
NETCARE
1,1
2015,4,9,2017,8,16
1
time,seconds,seconds from start in UTC
1
1
-99999
conc,number of particles per cm3
0
20
PI_CONTACT_INFO: 80 St. George Street; Toronto; ON M5S 3H6 CANADA; email: jabbatt@chem.utoronto.ca
PLATFORM: Polar 6 aircraft
LOCATION: Canadian Arctic near Alert
ASSOCIATED_DATA: none
INSTRUMENT_INFO: Condensation Particle Counter Model 3772 is an instrument that detects airborne particles down to 10 nm at an aerosol flow rate of 1.0 L/min, over a concentration range from 0 to 10^4 particles/cm^3 
DATA_INFO: all relevant information is given above
UNCERTAINTY:  ±10% of measured value
ULOD_FLAG: -7777
ULOD_VALUE: N/As
LLOD_FLAG: -8888
LLOD_VALUE: N/A
DM_CONTACT_INFO: Data collected by Julia Burkart. Please direct all correspondence to Jon Abbatt: jabbatt@chem.utoronto.ca
PROJECT_INFO: Polar 6 NETCARE Spring 2015 campaign
STIPULATIONS_ON_USE: N/A
OTHER_COMMENTS: N/A
REVISION: R2, R1, R0
R2: zero and filter measurements are removed
R1: uncorrected raw data
R0: raw data
time,conc
[from data line 1596]
51408,311
51409,313
51410,312
51411,313
51412,309
51413,320
51414,315
51415,317
51416,317
51417,320
51418,324
51419,318
51420,319
51421,322
51422,321
51423,318
51424,319
51425,322
51426,324
51427,321
51428,323
51429,322
51430,323
51431,320
51432,314
51433,325
51434,323
51435,315
51436,324
51437,323
51438,326
51439,324
51440,323
51441,336
51442,327
51443,321
51444,321
51445,330
51446,317
51447,321
51448,329
51449,328
51450,320
51451,322
51452,327
51453,324
51454,325
51455,328
51456,330
51457,328
51458,323
51459,322
51460,323
51461,321
51462,310
51463,318
51464,314
51465,325
51466,317
51467,320
51468,321
51469,323
51470,322
51471,332
51472,319
51473,323
51474,325
51475,322
51476,325
51477,332
51478,338
51479,336
51480,344
51481,336
51482,327
51483,321
51484,315
51485,307
51486,299
51487,294
51488,294
51489,302
51490,310
51491,303
51492,301
51493,290
51494,300
51495,298
51496,297
51497,293
51498,297
51499,292
51500,295
51501,284
51502,299
51503,294
51504,287
51505,295
51506,291
51507,295
51508,286
51509,292
51510,292
51511,295
51512,292
51513,289
51514,288
51515,285
51516,284
51517,282
51518,280
51519,280
51520,281
51521,271
51522,271
51523,273
51524,270
51525,277
51526,270
51527,280
51528,272
51529,285
51530,277
51531,269
51532,279
51533,282
51534,273
51535,285
51536,271
51537,276
51538,268
51539,267
51540,268
51541,263
51542,267
51543,268
51544,260
51545,266
51546,270
51547,271
51548,260
51549,272
51550,271
51551,279
51552,276
51553,271
51554,271
51555,269
51556,271
51557,271
51558,264
51559,273
51560,270
51561,279
51562,271
51563,280
51564,271
51565,272
51566,262
51567,267
51568,268
51569,262
51570,269
51571,267
51572,261
51573,264
51574,269
51575,263
51576,266
51577,261
51578,270
51579,266
51580,270
51581,263
51582,266
51583,269
51584,264
51585,261
51586,264
51587,265
51588,265
51589,269
51590,258
51591,268
51592,266
51593,269
51594,261
51595,264
51596,261
51597,258
51598,258
51599,231
51600,-99999
51601,-99999
51602,-99999
51603,-99999
51604,-99999
51605,-99999
51606,-99999
51607,-99999
51608,-99999
51609,-99999
51610,-99999
51611,-99999
51612,-99999
51613,-99999
51614,-99999
51615,-99999
51616,-99999
51617,-99999
51618,-99999
51619,-99999
51620,-99999
51621,-99999
51622,-99999
51623,-99999
51624,-99999
51625,-99999
51626,-99999
51627,-99999
51628,-99999
51629,-99999
51630,-99999
51631,-99999
51632,-99999
51633,-99999
51634,-99999
51635,-99999
51636,-99999
51637,-99999
51638,-99999
51639,-99999
51640,-99999
51641,-99999
51642,-99999
51643,-99999
51644,-99999
51645,-99999
51646,-99999
51647,-99999
51648,-99999
51649,-99999
51650,-99999
51651,-99999
51652,-99999
51653,-99999
51654,-99999
51655,-99999
51656,-99999
51657,-99999
51658,-99999
51659,-99999
51660,-99999
51661,-99999
51662,-99999
51663,-99999
51664,-99999
51665,-99999
51666,-99999
51667,-99999
51668,-99999
51669,-99999
51670,-99999
51671,-99999
51672,-99999
51673,-99999
51674,-99999
51675,-99999
51676,-99999
51677,-99999
51678,-99999
51679,-99999
51680,-99999
51681,-99999
51682,-99999
51683,-99999
51684,-99999
51685,-99999
51686,-99999
51687,-99999
51688,-99999
51689,-99999
51690,-99999
51691,-99999
51692,-99999
51693,-99999
51694,-99999
51695,-99999
51696,-99999
51697,-99999
51698,-99999
51699,-99999
51700,-99999
51701,-99999
51702,-99999
51703,-99999
51704,-99999
51705,-99999
51706,-99999
51707,-99999
51708,-99999
51709,-99999
51710,-99999
51711,-99999
51712,-99999
51713,-99999
51714,-99999
51715,-99999
51716,-99999
51717,-99999
51718,-99999
51719,-99999
51720,-99999
51721,-99999
51722,-99999
51723,-99999
51724,-99999
51725,-99999
51726,246
51727,258
51728,258
51729,271
51730,272
51731,270
51732,270
51733,273
51734,270
51735,265
51736,265
51737,259
51738,257
51739,251
51740,253
51741,250
51742,247
51743,250
51744,247
51745,245
51746,251
51747,261
51748,258
51749,261
51750,263
51751,265
51752,260
51753,262
51754,268
51755,267
51756,274
51757,277
51758,274
51759,281
51760,274
51761,284
51762,270
51763,277
51764,282
51765,289
51766,279
51767,278
51768,276
51769,274
51770,281
51771,282
51772,279
51773,269
51774,281
51775,281
51776,275
51777,285
51778,279
51779,285
51780,285
51781,283
51782,280
51783,289
51784,283
51785,280
51786,287
51787,292
51788,281
51789,281
51790,286
51791,277
51792,272
51793,273
51794,267
51795,248
51796,237
51797,248
51798,243
51799,248
51800,246
51801,252
51802,253
51803,249
51804,261
51805,260
51806,258
51807,261
51808,272
51809,265
51810,264
51811,259
51812,266
51813,269
51814,266
51815,270
51816,268
51817,260
51818,276
51819,272
51820,268
51821,279
51822,274
51823,277
51824,271
51825,271
51826,274
51827,278
51828,270
51829,280
51830,282
51831,275
51832,264
51833,265
51834,271
51835,264
51836,249
51837,261
51838,254
51839,251
51840,252
51841,253
51842,247
51843,248
51844,245
51845,250
51846,252
51847,252
51848,254
51849,255
51850,255
51851,249
51852,242
51853,245
51854,245
51855,244
51856,252
51857,246
51858,241
51859,240
51860,235
51861,237
51862,232
51863,232
51864,229
51865,234
51866,233
51867,227
51868,220
51869,235
51870,239
51871,237
51872,236
51873,247
51874,252
51875,254
51876,260
51877,258
51878,255
51879,257
51880,254
51881,253
51882,257
51883,273
51884,283
51885,280
51886,274
51887,278
51888,278
51889,263
51890,273
51891,269
51892,269
51893,267
51894,274
51895,264
51896,265
51897,274
51898,278
51899,274
51900,271
51901,278
51902,278
51903,283
51904,284
51905,279
51906,281
51907,285
51908,283
51909,286
51910,284
51911,290
51912,290
51913,276
51914,260
51915,258
51916,256
51917,257
51918,257
51919,251
51920,253
51921,244
51922,251
51923,248
51924,246
51925,248
51926,254
51927,251
51928,252
51929,251
51930,254
51931,245
51932,254
51933,253
51934,251
51935,255
51936,263
51937,265
51938,274
51939,284
51940,280
51941,277
51942,288
51943,285
51944,286
51945,277
51946,272
51947,270
51948,270
51949,275
51950,281
51951,297
51952,311
51953,320
51954,293
51955,279
51956,271
51957,273
51958,276
51959,278
51960,270
51961,271
51962,269
51963,271
51964,265
51965,280
51966,273
51967,272
51968,265
51969,272
51970,273
51971,271
51972,273
51973,270
51974,282
51975,278
51976,270
51977,268
51978,267
51979,267
51980,264
51981,261
51982,257
51983,240
51984,235
51985,229
51986,217
51987,205
51988,186
51989,188
51990,185
51991,186
51992,193
51993,187
51994,190
51995,190
51996,188
51997,192
51998,195
51999,195
52000,197
52001,206
52002,210
52003,202
52004,210
52005,208
52006,212
52007,219
52008,214
52009,225
52010,218
52011,221
52012,217
52013,205
52014,201
52015,194
52016,199
52017,198
52018,197
52019,194
52020,197
52021,202
52022,200
52023,194
52024,198
52025,197
52026,191
52027,192
52028,200
52029,193
52030,189
52031,192
52032,197
52033,192
52034,195
52035,188
52036,193
52037,187
52038,194
52039,194
52040,189
52041,189
52042,188
52043,194
52044,192
52045,192
52046,196
52047,210
52048,230
52049,215
52050,206
52051,208
52052,217
52053,217
52054,216
52055,218
52056,213
52057,213
52058,210
52059,203
52060,203
52061,202
52062,205
52063,200
52064,199
52065,201
52066,197
52067,210
52068,197
52069,198
52070,198
52071,196
52072,203
52073,201
52074,201
52075,202
52076,198
52077,200
52078,206
52079,199
52080,205
52081,206
52082,203
52083,201
52084,211
52085,213
52086,209
52087,213
52088,207
52089,214
52090,203
52091,211
52092,205
52093,220
52094,215
52095,210
52096,207
52097,204
52098,207
52099,205
52100,210
52101,211
52102,207
52103,208
52104,207
52105,208
52106,205
52107,204
52108,204
52109,203
52110,197
52111,198
52112,207
52113,203
52114,206
52115,207
52116,205
52117,204
52118,203
52119,202
52120,207
52121,205
52122,201
52123,209
52124,202
52125,208
52126,208
52127,200
52128,207
52129,198
52130,203
52131,206
52132,198
52133,200
52134,204
52135,206
52136,202
52137,205
52138,204
52139,205
52140,199
52141,202
52142,195
52143,208
52144,203
52145,205
52146,201
52147,199
52148,200
52149,206
52150,205
52151,207
52152,201
52153,206
52154,201
52155,200
52156,201
52157,206
52158,201
52159,207
52160,195
52161,206
52162,205
52163,202
52164,200
52165,205
52166,202
52167,204
52168,195
52169,197
52170,201
52171,198
52172,199
52173,205
52174,203
52175,206
52176,203
52177,200
52178,206
52179,207
52180,203
52181,202
52182,205
52183,195
52184,199
52185,192
52186,190
52187,185
52188,186
52189,184
52190,178
52191,176
52192,180
52193,179
52194,183
52195,182
52196,187
52197,176
52198,176
52199,185
52200,178
52201,177
52202,179
52203,178
52204,179
52205,177
52206,174
52207,177
52208,173
52209,177
52210,170
52211,173
52212,178
52213,180
52214,173
52215,177
52216,172
52217,167
52218,172
52219,160
52220,170
52221,166
52222,166
52223,163
52224,169
52225,161
52226,165
52227,166
52228,162
52229,164
52230,166
52231,163
52232,167
52233,171
52234,160
52235,162
52236,170
52237,166
52238,168
52239,160
52240,166
52241,172
52242,167
52243,161
52244,168
52245,161
52246,163
52247,159
52248,164
52249,163
52250,160
52251,163
52252,157
52253,160
52254,154
52255,156
52256,159
52257,159
52258,156
52259,156
52260,156
52261,162
52262,159
52263,157
52264,161
52265,163
52266,159
52267,158
52268,163
52269,161
52270,161
52271,159
52272,158
52273,163
52274,159
52275,169
52276,160
52277,163
52278,151
52279,162
52280,159
52281,162
52282,164
52283,164
52284,160
52285,160
52286,161
52287,161
52288,162
52289,161
52290,170
52291,166
52292,167
52293,164
52294,171
52295,165
52296,165
52297,168
52298,168
52299,165
52300,163
52301,168
52302,175
52303,161
52304,177
52305,170
52306,165
52307,165
52308,164
52309,165
52310,170
52311,173
52312,172
52313,177
52314,173
52315,169
52316,172
52317,173
52318,174
52319,176
52320,171
52321,172
52322,165
52323,167
52324,182
52325,175
52326,174
52327,176
52328,174
52329,169
52330,171
52331,166
52332,167
52333,172
52334,169
52335,165
52336,168
52337,168
52338,160
52339,173
52340,172
52341,165
52342,168
52343,174
52344,173
52345,176
52346,182
52347,184
52348,179
52349,189
52350,188
52351,196
52352,189
52353,190
52354,193
52355,189
52356,198
52357,195
52358,198
52359,197
52360,200
52361,199
52362,191
52363,193
52364,189
52365,192
52366,180
52367,178
52368,177
52369,174
52370,176
52371,167
52372,168
52373,176
52374,181
52375,178
52376,180
52377,177
52378,175
52379,172
52380,178
52381,181
52382,184
52383,176
52384,179
52385,180
52386,177
52387,179
52388,182
52389,184
52390,183
52391,181
52392,180
52393,185
52394,184
52395,177
52396,183
52397,180
52398,179
52399,179
52400,177
52401,184
52402,184
52403,181
52404,195
52405,196
52406,195
52407,195
52408,188
52409,194
52410,201
52411,200
52412,206
52413,217
52414,216
52415,214
52416,215
52417,216
52418,222
52419,214
52420,218
52421,221
52422,219
52423,220
52424,219
52425,224
52426,221
52427,223
52428,231
52429,226
52430,218
52431,216
52432,221
52433,219
52434,221
52435,223
52436,225
52437,217
52438,220
52439,220
52440,221
52441,223
52442,224
52443,220
52444,219
52445,218
52446,218
52447,214
52448,225
52449,219
52450,218
52451,217
52452,227
52453,221
52454,222
52455,223
52456,218
52457,220
52458,222
52459,234
52460,227
52461,234
52462,226
52463,234
52464,230
52465,233
52466,229
52467,227
52468,227
52469,238
52470,232
52471,224
52472,233
52473,225
52474,221
52475,229
52476,232
52477,225
52478,231
52479,221
52480,222
52481,226
52482,231
52483,227
52484,230
52485,226
52486,228
52487,222
52488,226
52489,226
52490,220
52491,222
52492,222
52493,222
52494,228
52495,228
52496,217
52497,223
52498,230
52499,226
52500,222
52501,222
52502,226
52503,223
52504,222
52505,225
52506,224
52507,220
52508,217
52509,223
52510,222
52511,227
52512,228
52513,221
52514,224
52515,219
52516,229
52517,225
52518,227
52519,221
52520,232
52521,234
52522,230
52523,230
52524,227
52525,233
52526,232
52527,227
52528,221
52529,234
52530,229
52531,229
52532,227
52533,232
52534,236
52535,230
52536,232
52537,230
52538,228
52539,233
52540,225
52541,224
52542,228
52543,238
52544,233
52545,232
52546,227
52547,229
52548,231
52549,229
52550,231
52551,229
52552,222
52553,222
52554,226
52555,215
52556,225
52557,226
52558,226
52559,224
52560,230
52561,228
52562,226
52563,221
52564,219
52565,229
52566,224
52567,229
52568,228
52569,227
52570,229
52571,224
52572,230
52573,231
52574,229
52575,226
52576,227
52577,229
52578,216
52579,231
52580,235
52581,219
52582,222
52583,220
52584,228
52585,222
52586,225
52587,222
52588,227
52589,224
52590,220
52591,233
52592,230
52593,222
52594,225
52595,221
52596,225
52597,236
52598,225
52599,231
52600,222
52601,223
52602,226
52603,229
52604,228
52605,229
52606,225
52607,220
52608,232
52609,227
52610,227
52611,217
52612,228
52613,233
52614,229
52615,234
52616,237
52617,232
52618,232
52619,230
52620,236
52621,237
52622,230
52623,233
52624,231
52625,237
52626,230
52627,234
52628,226
52629,233
52630,235
52631,230
52632,233
52633,230
52634,230
52635,233
52636,236
52637,227
52638,233
52639,228
52640,236
52641,230
52642,225
52643,231
52644,232
52645,225
52646,228
52647,230
52648,230
52649,229
52650,229
52651,227
52652,234
52653,234
52654,232
52655,229
52656,235
52657,233
52658,228
52659,233
52660,227
52661,231
52662,230
52663,231
52664,230
52665,233
52666,231
52667,229
52668,229
52669,234
52670,229
52671,231
52672,235
52673,234
52674,226
52675,230
52676,232
52677,239
52678,236
52679,226
52680,229
52681,233
52682,223
52683,230
52684,230
52685,226
52686,228
52687,229
52688,226
52689,233
52690,234
52691,228
52692,231
52693,235
52694,231
52695,225
52696,229
52697,231
52698,235
52699,234
52700,227
52701,233
52702,229
52703,228
52704,230
52705,236
52706,228
52707,232
52708,230
52709,233
52710,231
52711,231
52712,236
52713,236
52714,234
52715,230
52716,237
52717,235
52718,232
52719,234
52720,238
52721,230
52722,234
52723,240
52724,231
52725,238
52726,246
52727,239
52728,238
52729,241
52730,237
52731,238
52732,238
52733,236
52734,229
52735,235
52736,228
52737,231
52738,225
52739,231
52740,224
52741,227
52742,225
52743,228
52744,228
52745,225
52746,230
52747,234
52748,226
52749,228
52750,228
52751,228
52752,228
52753,231
52754,225
52755,228
52756,228
52757,231
52758,227
52759,235
52760,233
52761,233
52762,231
52763,227
52764,227
52765,230
52766,237
52767,224
52768,234
52769,233
52770,224
52771,232
52772,230
52773,230
52774,232
52775,225
52776,228
52777,230
52778,236
52779,229
52780,239
52781,233
52782,232
52783,237
52784,227
52785,233
52786,228
52787,235
52788,229
52789,231
52790,232
52791,226
52792,234
52793,238
52794,229
52795,234
52796,231
52797,231
52798,232
52799,230
52800,233
52801,234
52802,227
52803,231
52804,230
52805,228
52806,231
52807,228
52808,231
52809,236
52810,235
52811,237
52812,236
52813,231
52814,231
52815,226
52816,235
52817,233
52818,232
52819,234
52820,234
52821,234
52822,235
52823,233
52824,236
52825,228
52826,236
52827,222
52828,238
52829,228
52830,229
52831,237
52832,233
52833,234
52834,236
52835,231
52836,233
52837,230
52838,231
52839,236
52840,235
52841,229
52842,239
52843,231
52844,237
52845,225
52846,222
52847,227
52848,232
52849,224
52850,229
52851,227
52852,230
52853,230
52854,230
52855,237
52856,232
52857,227
52858,236
52859,236
52860,233
52861,235
52862,238
52863,235
52864,235
52865,235
52866,237
52867,233
52868,235
52869,230
52870,234
52871,236
52872,233
52873,229
52874,240
52875,232
52876,232
52877,231
52878,233
52879,230
52880,231
52881,238
52882,230
52883,235
52884,237
52885,222
52886,223
52887,232
52888,233
52889,230
52890,231
52891,229
52892,236
52893,228
52894,233
52895,229
52896,241
52897,231
52898,237
52899,235
52900,227
52901,230
52902,225
52903,233
52904,239
52905,232
52906,226
52907,237
52908,233
52909,230
52910,233
52911,229
52912,227
52913,230
52914,237
52915,236
52916,235
52917,234
52918,229
52919,235
52920,231
52921,233
52922,238
52923,237
52924,229
52925,234
52926,239
52927,239
52928,238
52929,235
52930,235
52931,242
52932,240
52933,237
52934,236
52935,236
52936,234
52937,233
52938,238
52939,235
52940,234
52941,237
52942,233
52943,225
52944,230
52945,235
52946,236
52947,229
52948,229
52949,228
52950,227
52951,232
52952,231
52953,225
52954,223
52955,229
52956,232
52957,227
52958,237
52959,225
52960,231
52961,231
52962,234
52963,235
52964,230
52965,229
52966,227
52967,233
52968,230
