NETCARE2015/data/raw/Flight5/CPC3776_POLAR6_20150409_r2_NETCARE.ict
35,1001
Abbatt,Jon
University of Toronto
Polar 6
NETCARE
1,1
2015,4,9,2017,8,16
1
time,seconds,seconds from start in UTC
1
1
-99999
conc,number of particles per cm3
0
20
PI_CONTACT_INFO: 80 St. George Street; Toronto; ON M5S 3H6 CANADA; email: jabbatt@chem.utoronto.ca
PLATFORM: Polar 6 aircraft
LOCATION: Canadian Arctic near Alert
ASSOCIATED_DATA: none
INSTRUMENT_INFO: The Ultrafine Condensation Particle Counter 3776 is a continuous-flow instrument that detects particles down to 2.5 nm. It operates at an aerosol flow rate of 50 cm^3/min and detects concentrations from 0 to 300 000 particles/cm^3 with coincidence correction.
DATA_INFO: all relevant information is given above
UNCERTAINTY:  ±10% of measured value
ULOD_FLAG: -7777
ULOD_VALUE: N/As
LLOD_FLAG: -8888
LLOD_VALUE: N/A
DM_CONTACT_INFO: Data collected by Julia Burkart. Please direct all correspondence to Jon Abbatt: jabbatt@chem.utoronto.ca
PROJECT_INFO: Polar 6 NETCARE Spring 2015 campaign
STIPULATIONS_ON_USE: N/A
OTHER_COMMENTS: N/A
REVISION: R2, R1, R0
R2: zero and filter measurements are removed
R1: uncorrected raw data
R0: raw data
time,conc
[from data line 1596]
51408,365
51409,333
51410,321
51411,352
51412,339
51413,323
51414,326
51415,331
51416,312
51417,357
51418,341
51419,309
51420,317
51421,312
51422,335
51423,346
51424,330
51425,357
51426,326
51427,339
51428,327
51429,328
51430,345
51431,305
51432,303
51433,323
51434,342
51435,305
51436,319
51437,329
51438,376
51439,334
51440,358
51441,350
51442,319
51443,334
51444,317
51445,352
51446,346
51447,295
51448,349
51449,316
51450,368
51451,353
51452,301
51453,343
51454,384
51455,359
51456,349
51457,303
51458,351
51459,323
51460,327
51461,295
51462,357
51463,315
51464,302
51465,328
51466,328
51467,360
51468,316
51469,366
51470,331
51471,324
51472,339
51473,324
51474,353
51475,354
51476,367
51477,357
51478,322
51479,353
51480,331
51481,352
51482,328
51483,335
51484,299
51485,318
51486,333
51487,279
51488,334
51489,291
51490,310
51491,279
51492,313
51493,309
51494,321
51495,275
51496,269
51497,321
51498,350
51499,298
51500,316
51501,294
51502,284
51503,309
51504,289
51505,310
51506,311
51507,303
51508,301
51509,286
51510,309
51511,306
51512,323
51513,275
51514,306
51515,281
51516,319
51517,272
51518,284
51519,286
51520,268
51521,268
51522,279
51523,318
51524,265
51525,282
51526,262
51527,272
51528,296
51529,281
51530,298
51531,287
51532,253
51533,273
51534,237
51535,303
51536,284
51537,255
51538,263
51539,247
51540,258
51541,241
51542,276
51543,257
51544,275
51545,271
51546,268
51547,242
51548,243
51549,279
51550,271
51551,300
51552,237
51553,297
51554,278
51555,259
51556,266
51557,305
51558,273
51559,256
51560,290
51561,268
51562,267
51563,285
51564,259
51565,266
51566,271
51567,249
51568,249
51569,265
51570,288
51571,267
51572,266
51573,226
51574,266
51575,277
51576,299
51577,312
51578,303
51579,309
51580,267
51581,286
51582,234
51583,253
51584,245
51585,220
51586,280
51587,270
51588,323
51589,269
51590,263
51591,247
51592,281
51593,276
51594,257
51595,233
51596,280
51597,-99999
51598,-99999
51599,-99999
51600,-99999
51601,-99999
51602,-99999
51603,-99999
51604,-99999
51605,-99999
51606,-99999
51607,-99999
51608,-99999
51609,-99999
51610,-99999
51611,-99999
51612,-99999
51613,-99999
51614,-99999
51615,-99999
51616,-99999
51617,-99999
51618,-99999
51619,-99999
51620,-99999
51621,-99999
51622,-99999
51623,-99999
51624,-99999
51625,-99999
51626,-99999
51627,-99999
51628,-99999
51629,-99999
51630,-99999
51631,-99999
51632,-99999
51633,-99999
51634,-99999
51635,-99999
51636,-99999
51637,-99999
51638,-99999
51639,-99999
51640,-99999
51641,-99999
51642,-99999
51643,-99999
51644,-99999
51645,-99999
51646,-99999
51647,-99999
51648,-99999
51649,-99999
51650,-99999
51651,-99999
51652,-99999
51653,-99999
51654,-99999
51655,-99999
51656,-99999
51657,-99999
51658,-99999
51659,-99999
51660,-99999
51661,-99999
51662,-99999
51663,-99999
51664,-99999
51665,-99999
51666,-99999
51667,-99999
51668,-99999
51669,-99999
51670,-99999
51671,-99999
51672,-99999
51673,-99999
51674,-99999
51675,-99999
51676,-99999
51677,-99999
51678,-99999
51679,-99999
51680,-99999
51681,-99999
51682,-99999
51683,-99999
51684,-99999
51685,-99999
51686,-99999
51687,-99999
51688,-99999
51689,-99999
51690,-99999
51691,-99999
51692,-99999
51693,-99999
51694,-99999
51695,-99999
51696,-99999
51697,-99999
51698,-99999
51699,-99999
51700,-99999
51701,-99999
51702,-99999
51703,-99999
51704,-99999
51705,-99999
51706,-99999
51707,-99999
51708,-99999
51709,-99999
51710,-99999
51711,-99999
51712,-99999
51713,-99999
51714,-99999
51715,-99999
51716,-99999
51717,-99999
51718,-99999
51719,-99999
51720,-99999
51721,-99999
51722,-99999
51723,-99999
51724,-99999
51725,-99999
51726,-99999
51727,266
51728,273
51729,263
51730,256
51731,228
51732,289
51733,264
51734,266
51735,263
51736,239
51737,264
51738,290
51739,276
51740,288
51741,243
51742,288
51743,246
51744,251
51745,248
51746,244
51747,260
51748,274
51749,276
51750,236
51751,282
51752,249
51753,259
51754,305
51755,260
51756,301
51757,266
51758,271
51759,323
51760,298
51761,271
51762,260
51763,285
51764,235
51765,308
51766,295
51767,301
51768,313
51769,313
51770,294
51771,272
51772,286
51773,244
51774,258
51775,298
51776,315
51777,317
51778,300
51779,275
51780,278
51781,318
51782,302
51783,252
51784,273
51785,315
51786,322
51787,323
51788,301
51789,298
51790,281
51791,318
51792,282
51793,268
51794,247
51795,231
51796,264
51797,236
51798,210
51799,224
51800,265
51801,241
51802,224
51803,278
51804,241
51805,297
51806,229
51807,269
51808,259
51809,262
51810,326
51811,291
51812,312
51813,294
51814,268
51815,280
51816,274
51817,270
51818,310
51819,286
51820,273
51821,311
51822,266
51823,271
51824,297
51825,265
51826,317
51827,271
51828,288
51829,271
51830,264
51831,286
51832,288
51833,299
51834,246
51835,228
51836,263
51837,248
51838,257
51839,240
51840,240
51841,234
51842,248
51843,280
51844,239
51845,248
51846,227
51847,238
51848,250
51849,227
51850,272
51851,266
51852,268
51853,235
51854,247
51855,248
51856,214
51857,262
51858,225
51859,235
51860,230
51861,236
51862,240
51863,224
51864,229
51865,218
51866,211
51867,238
51868,245
51869,227
51870,270
51871,251
51872,249
51873,269
51874,237
51875,241
51876,259
51877,269
51878,276
51879,264
51880,249
51881,277
51882,268
51883,307
51884,256
51885,275
51886,268
51887,278
51888,310
51889,264
51890,276
51891,232
51892,254
51893,279
51894,280
51895,305
51896,265
51897,285
51898,269
51899,295
51900,294
51901,288
51902,257
51903,273
51904,278
51905,262
51906,269
51907,268
51908,292
51909,274
51910,289
51911,258
51912,253
51913,258
51914,252
51915,276
51916,282
51917,237
51918,265
51919,240
51920,248
51921,258
51922,263
51923,250
51924,282
51925,225
51926,242
51927,236
51928,274
51929,228
51930,258
51931,237
51932,270
51933,275
51934,272
51935,255
51936,244
51937,306
51938,267
51939,300
51940,289
51941,309
51942,305
51943,259
51944,302
51945,307
51946,242
51947,282
51948,294
51949,297
51950,321
51951,328
51952,323
51953,314
51954,278
51955,264
51956,272
51957,279
51958,295
51959,274
51960,271
51961,238
51962,275
51963,252
51964,264
51965,260
51966,273
51967,286
51968,262
51969,268
51970,281
51971,319
51972,270
51973,267
51974,263
51975,264
51976,256
51977,263
51978,255
51979,262
51980,266
51981,249
51982,237
51983,234
51984,229
51985,202
51986,200
51987,189
51988,181
51989,207
51990,160
51991,199
51992,188
51993,201
51994,173
51995,184
51996,216
51997,179
51998,162
51999,219
52000,223
52001,194
52002,200
52003,192
52004,224
52005,224
52006,221
52007,236
52008,230
52009,205
52010,199
52011,195
52012,177
52013,177
52014,220
52015,196
52016,206
52017,220
52018,189
52019,199
52020,215
52021,201
52022,220
52023,191
52024,191
52025,216
52026,199
52027,204
52028,166
52029,165
52030,184
52031,173
52032,196
52033,208
52034,171
52035,216
52036,214
52037,191
52038,164
52039,202
52040,175
52041,195
52042,182
52043,182
52044,210
52045,221
52046,216
52047,231
52048,228
52049,201
52050,206
52051,196
52052,218
52053,249
52054,216
52055,225
52056,215
52057,165
52058,201
52059,191
52060,220
52061,219
52062,167
52063,197
52064,202
52065,184
52066,173
52067,188
52068,200
52069,203
52070,216
52071,171
52072,193
52073,185
52074,190
52075,198
52076,184
52077,240
52078,217
52079,217
52080,189
52081,218
52082,215
52083,212
52084,215
52085,229
52086,215
52087,189
52088,220
52089,193
52090,223
52091,200
52092,218
52093,221
52094,228
52095,228
52096,196
52097,236
52098,208
52099,198
52100,205
52101,216
52102,221
52103,190
52104,187
52105,233
52106,196
52107,217
52108,232
52109,185
52110,232
52111,194
52112,204
52113,210
52114,225
52115,189
52116,219
52117,219
52118,193
52119,195
52120,206
52121,202
52122,221
52123,205
52124,198
52125,184
52126,209
52127,200
52128,206
52129,213
52130,206
52131,195
52132,204
52133,195
52134,186
52135,207
52136,204
52137,202
52138,218
52139,184
52140,210
52141,197
52142,197
52143,175
52144,225
52145,208
52146,209
52147,190
52148,231
52149,198
52150,215
52151,197
52152,207
52153,209
52154,218
52155,191
52156,206
52157,216
52158,208
52159,181
52160,194
52161,188
52162,200
52163,181
52164,213
52165,203
52166,208
52167,199
52168,220
52169,227
52170,212
52171,219
52172,203
52173,188
52174,207
52175,210
52176,194
52177,180
52178,209
52179,202
52180,215
52181,206
52182,206
52183,218
52184,190
52185,173
52186,151
52187,173
52188,185
52189,181
52190,185
52191,158
52192,178
52193,157
52194,177
52195,182
52196,153
52197,154
52198,177
52199,200
52200,179
52201,193
52202,177
52203,191
52204,159
52205,202
52206,191
52207,175
52208,171
52209,161
52210,186
52211,171
52212,173
52213,159
52214,163
52215,164
52216,158
52217,155
52218,171
52219,184
52220,171
52221,149
52222,182
52223,174
52224,155
52225,165
52226,166
52227,170
52228,147
52229,146
52230,189
52231,158
52232,153
52233,174
52234,162
52235,164
52236,157
52237,130
52238,161
52239,159
52240,161
52241,181
52242,171
52243,150
52244,165
52245,163
52246,167
52247,156
52248,155
52249,161
52250,156
52251,156
52252,165
52253,165
52254,144
52255,148
52256,180
52257,147
52258,148
52259,145
52260,152
52261,142
52262,158
52263,153
52264,148
52265,140
52266,129
52267,149
52268,153
52269,152
52270,168
52271,179
52272,159
52273,142
52274,184
52275,144
52276,147
52277,143
52278,137
52279,163
52280,184
52281,155
52282,170
52283,162
52284,149
52285,171
52286,171
52287,159
52288,180
52289,160
52290,154
52291,144
52292,143
52293,168
52294,169
52295,142
52296,166
52297,149
52298,178
52299,160
52300,163
52301,150
52302,186
52303,180
52304,153
52305,172
52306,149
52307,172
52308,157
52309,161
52310,174
52311,181
52312,185
52313,181
52314,182
52315,161
52316,170
52317,155
52318,169
52319,195
52320,161
52321,153
52322,166
52323,159
52324,176
52325,175
52326,154
52327,205
52328,153
52329,138
52330,178
52331,161
52332,190
52333,157
52334,152
52335,156
52336,161
52337,155
52338,166
52339,131
52340,138
52341,188
52342,153
52343,152
52344,183
52345,177
52346,190
52347,183
52348,177
52349,179
52350,216
52351,202
52352,188
52353,184
52354,213
52355,196
52356,192
52357,213
52358,177
52359,204
52360,203
52361,157
52362,208
52363,178
52364,165
52365,195
52366,175
52367,154
52368,177
52369,157
52370,178
52371,172
52372,205
52373,182
52374,154
52375,187
52376,167
52377,175
52378,161
52379,177
52380,179
52381,155
52382,171
52383,186
52384,174
52385,176
52386,182
52387,184
52388,172
52389,164
52390,193
52391,170
52392,164
52393,167
52394,167
52395,181
52396,195
52397,171
52398,195
52399,211
52400,199
52401,160
52402,174
52403,186
52404,172
52405,184
52406,192
52407,203
52408,213
52409,200
52410,216
52411,208
52412,196
52413,196
52414,218
52415,201
52416,245
52417,199
52418,237
52419,210
52420,227
52421,228
52422,226
52423,204
52424,240
52425,223
52426,227
52427,230
52428,200
52429,218
52430,226
52431,222
52432,217
52433,182
52434,224
52435,212
52436,241
52437,206
52438,228
52439,243
52440,212
52441,225
52442,191
52443,207
52444,199
52445,212
52446,213
52447,216
52448,215
52449,185
52450,185
52451,198
52452,199
52453,216
52454,219
52455,238
52456,237
52457,232
52458,239
52459,234
52460,231
52461,268
52462,233
52463,213
52464,234
52465,239
52466,201
52467,229
52468,224
52469,226
52470,212
52471,244
52472,196
52473,231
52474,232
52475,199
52476,232
52477,226
52478,183
52479,215
52480,240
52481,211
52482,227
52483,201
52484,218
52485,236
52486,224
52487,234
52488,238
52489,231
52490,237
52491,213
52492,209
52493,255
52494,239
52495,220
52496,196
52497,229
52498,252
52499,238
52500,230
52501,223
52502,207
52503,229
52504,191
52505,220
52506,237
52507,210
52508,199
52509,207
52510,197
52511,237
52512,211
52513,242
52514,224
52515,207
52516,215
52517,224
52518,240
52519,264
52520,229
52521,221
52522,199
52523,245
52524,226
52525,206
52526,199
52527,213
52528,225
52529,241
52530,220
52531,232
52532,240
52533,225
52534,221
52535,229
52536,241
52537,232
52538,220
52539,209
52540,247
52541,225
52542,216
52543,224
52544,200
52545,198
52546,229
52547,235
52548,240
52549,234
52550,211
52551,222
52552,219
52553,199
52554,236
52555,222
52556,213
52557,245
52558,214
52559,241
52560,216
52561,225
52562,220
52563,223
52564,227
52565,233
52566,208
52567,227
52568,225
52569,213
52570,199
52571,227
52572,245
52573,239
52574,222
52575,194
52576,225
52577,224
52578,228
52579,220
52580,225
52581,187
52582,221
52583,212
52584,220
52585,240
52586,232
52587,229
52588,213
52589,233
52590,240
52591,266
52592,217
52593,228
52594,216
52595,191
52596,245
52597,219
52598,228
52599,238
52600,226
52601,177
52602,208
52603,245
52604,243
52605,234
52606,242
52607,215
52608,230
52609,214
52610,209
52611,228
52612,230
52613,217
52614,225
52615,239
52616,213
52617,240
52618,215
52619,226
52620,224
52621,222
52622,240
52623,223
52624,225
52625,237
52626,220
52627,224
52628,219
52629,271
52630,201
52631,216
52632,218
52633,225
52634,225
52635,220
52636,238
52637,195
52638,223
52639,213
52640,233
52641,223
52642,198
52643,212
52644,242
52645,236
52646,223
52647,231
52648,240
52649,224
52650,211
52651,233
52652,197
52653,225
52654,219
52655,234
52656,179
52657,232
52658,229
52659,222
52660,216
52661,222
52662,225
52663,211
52664,208
52665,240
52666,193
52667,186
52668,222
52669,211
52670,210
52671,220
52672,225
52673,243
52674,220
52675,268
52676,188
52677,210
52678,247
52679,247
52680,223
52681,239
52682,227
52683,206
52684,223
52685,201
52686,233
52687,217
52688,200
52689,212
52690,215
52691,209
52692,196
52693,222
52694,212
52695,233
52696,243
52697,219
52698,214
52699,230
52700,228
52701,229
52702,215
52703,243
52704,207
52705,206
52706,200
52707,218
52708,228
52709,219
52710,195
52711,268
52712,223
52713,226
52714,221
52715,221
52716,231
52717,212
52718,193
52719,208
52720,238
52721,209
52722,248
52723,260
52724,226
52725,232
52726,259
52727,229
52728,232
52729,223
52730,247
52731,192
52732,211
52733,239
52734,228
52735,212
52736,219
52737,203
52738,219
52739,217
52740,230
52741,236
52742,232
52743,229
52744,239
52745,213
52746,233
52747,209
52748,214
52749,244
52750,217
52751,256
52752,225
52753,220
52754,226
52755,232
52756,233
52757,223
52758,224
52759,236
52760,224
52761,237
52762,254
52763,200
52764,228
52765,223
52766,230
52767,237
52768,222
52769,235
52770,208
52771,242
52772,192
52773,213
52774,249
52775,228
52776,248
52777,210
52778,210
52779,217
52780,237
52781,196
52782,244
52783,241
52784,230
52785,213
52786,215
52787,233
52788,225
52789,236
52790,217
52791,244
52792,237
52793,211
52794,244
52795,205
52796,238
52797,237
52798,218
52799,225
52800,220
52801,247
52802,217
52803,221
52804,229
52805,235
52806,241
52807,252
52808,230
52809,221
52810,221
52811,225
52812,240
52813,226
52814,209
52815,244
52816,234
52817,233
52818,227
52819,233
52820,234
52821,211
52822,215
52823,217
52824,231
52825,197
52826,221
52827,228
52828,223
52829,245
52830,242
52831,205
52832,207
52833,223
52834,207
52835,222
52836,233
52837,257
52838,247
52839,227
52840,207
52841,223
52842,226
52843,239
52844,220
52845,211
52846,233
52847,223
52848,257
52849,217
52850,217
52851,234
52852,212
52853,212
52854,239
52855,211
52856,191
52857,243
52858,235
52859,240
52860,201
52861,205
52862,245
52863,214
52864,210
52865,268
52866,208
52867,251
52868,219
52869,254
52870,231
52871,220
52872,208
52873,218
52874,229
52875,205
52876,227
52877,233
52878,221
52879,213
52880,237
52881,239
52882,239
52883,218
52884,217
52885,217
52886,248
52887,245
52888,234
52889,215
52890,243
52891,247
52892,217
52893,200
52894,219
52895,215
52896,219
52897,208
52898,210
52899,209
52900,211
52901,239
52902,202
52903,203
52904,222
52905,237
52906,198
52907,226
52908,245
52909,207
52910,250
52911,207
52912,233
52913,237
52914,210
52915,222
52916,229
52917,219
52918,239
52919,243
52920,237
52921,233
52922,208
52923,247
52924,242
52925,194
52926,217
52927,231
52928,249
52929,215
52930,255
52931,261
52932,224
52933,221
52934,246
52935,273
52936,226
52937,220
52938,235
52939,228
52940,220
52941,214
52942,223
52943,216
52944,226
52945,229
52946,254
52947,246
52948,220
52949,185
52950,204
52951,198
52952,189
52953,194
52954,202
52955,211
52956,207
52957,195
52958,199
52959,213
52960,213
52961,215
52962,219
52963,222
52964,219
52965,221
52966,232
52967,247
