NETCARE2015/data/raw/Flight5/CPC3772_POLAR6_20150409_r2_NETCARE.ict
35,1001
Abbatt,Jon
University of Toronto
Polar 6
NETCARE
1,1
2015,4,9,2017,8,16
1
time,seconds,seconds from start in UTC
1
1
-99999
conc,number of particles per cm3
0
20
PI_CONTACT_INFO: 80 St. George Street; Toronto; ON M5S 3H6 CANADA; email: jabbatt@chem.utoronto.ca
PLATFORM: Polar 6 aircraft
LOCATION: Canadian Arctic near Alert
ASSOCIATED_DATA: none
INSTRUMENT_INFO: Condensation Particle Counter Model 3772 is an instrument that detects airborne particles down to 10 nm at an aerosol flow rate of 1.0 L/min, over a concentration range from 0 to 10^4 particles/cm^3 
DATA_INFO: all relevant information is given above
UNCERTAINTY:  ±10% of measured value
ULOD_FLAG: -7777
ULOD_VALUE: N/As
LLOD_FLAG: -8888
LLOD_VALUE: N/A
DM_CONTACT_INFO: Data collected by Julia Burkart. Please direct all correspondence to Jon Abbatt: jabbatt@chem.utoronto.ca
PROJECT_INFO: Polar 6 NETCARE Spring 2015 campaign
STIPULATIONS_ON_USE: N/A
OTHER_COMMENTS: N/A
REVISION: R2, R1, R0
R2: zero and filter measurements are removed
R1: uncorrected raw data
R0: raw data
time,conc
[from data line 11066]
60878,216
60879,224
60880,217
60881,217
60882,216
60883,222
60884,230
60885,223
60886,220
60887,226
60888,220
60889,222
60890,221
60891,218
60892,217
60893,225
60894,225
60895,220
60896,225
60897,225
60898,220
60899,228
60900,219
60901,223
60902,225
60903,228
60904,229
60905,221
60906,217
60907,210
60908,210
60909,204
60910,205
60911,205
60912,207
60913,210
60914,214
60915,218
60916,216
60917,216
60918,209
60919,209
60920,213
60921,218
60922,214
60923,212
60924,211
60925,209
60926,205
60927,208
60928,207
60929,208
60930,215
60931,217
60932,209
60933,212
60934,211
60935,217
60936,213
60937,219
60938,222
60939,215
60940,222
60941,208
60942,217
60943,210
60944,215
60945,218
60946,218
60947,216
60948,214
60949,210
60950,216
60951,218
60952,220
60953,217
60954,221
60955,223
60956,220
60957,227
60958,218
60959,226
60960,228
60961,222
60962,223
60963,225
60964,220
60965,229
60966,223
60967,219
60968,225
60969,234
60970,232
60971,229
60972,233
60973,237
60974,235
60975,237
60976,234
60977,222
60978,221
60979,220
60980,212
60981,204
60982,223
60983,226
60984,206
60985,204
60986,208
60987,202
60988,209
60989,207
60990,201
60991,207
60992,207
60993,211
60994,218
60995,213
60996,199
60997,200
60998,205
60999,-99999
61000,-99999
61001,-99999
61002,-99999
61003,-99999
61004,-99999
61005,-99999
61006,-99999
61007,-99999
61008,-99999
61009,-99999
61010,-99999
61011,-99999
61012,-99999
61013,-99999
61014,-99999
61015,-99999
61016,-99999
61017,-99999
61018,-99999
61019,-99999
61020,-99999
61021,-99999
61022,-99999
61023,-99999
61024,-99999
61025,-99999
61026,-99999
61027,-99999
61028,-99999
61029,-99999
61030,-99999
61031,-99999
61032,-99999
61033,-99999
61034,-99999
61035,-99999
61036,-99999
61037,-99999
61038,-99999
61039,-99999
61040,-99999
61041,-99999
61042,-99999
61043,-99999
61044,-99999
61045,-99999
61046,-99999
61047,-99999
61048,-99999
61049,-99999
61050,-99999
61051,-99999
61052,-99999
61053,-99999
61054,-99999
61055,-99999
61056,-99999
61057,-99999
61058,-99999
61059,-99999
61060,-99999
61061,-99999
61062,-99999
61063,-99999
61064,-99999
61065,-99999
61066,-99999
61067,-99999
61068,-99999
61069,-99999
61070,-99999
61071,-99999
61072,-99999
61073,-99999
61074,-99999
61075,-99999
61076,-99999
61077,-99999
61078,-99999
61079,-99999
61080,-99999
61081,-99999
61082,-99999
61083,-99999
61084,-99999
61085,-99999
61086,-99999
61087,-99999
61088,-99999
61089,-99999
61090,-99999
61091,-99999
61092,-99999
61093,-99999
61094,-99999
61095,-99999
61096,-99999
61097,-99999
61098,-99999
61099,-99999
61100,-99999
61101,-99999
61102,-99999
61103,-99999
61104,-99999
61105,-99999
61106,-99999
61107,-99999
61108,-99999
61109,-99999
61110,-99999
61111,-99999
61112,-99999
61113,-99999
61114,-99999
61115,-99999
61116,-99999
61117,-99999
61118,-99999
61119,-99999
61120,-99999
61121,-99999
61122,-99999
61123,-99999
61124,-99999
61125,-99999
61126,-99999
61127,-99999
61128,-99999
61129,-99999
61130,-99999
61131,-99999
61132,-99999
61133,-99999
61134,-99999
61135,-99999
61136,-99999
61137,-99999
61138,-99999
61139,-99999
61140,-99999
61141,-99999
61142,-99999
61143,-99999
61144,-99999
61145,-99999
61146,-99999
61147,-99999
61148,-99999
61149,-99999
61150,-99999
61151,-99999
61152,-99999
61153,-99999
61154,-99999
61155,-99999
61156,-99999
61157,-99999
61158,-99999
61159,-99999
61160,-99999
61161,-99999
61162,-99999
61163,-99999
61164,-99999
61165,-99999
61166,-99999
61167,-99999
61168,-99999
61169,-99999
61170,-99999
61171,-99999
61172,-99999
61173,-99999
61174,-99999
61175,-99999
61176,-99999
61177,-99999
61178,-99999
61179,-99999
61180,-99999
61181,-99999
61182,-99999
61183,-99999
61184,-99999
61185,-99999
61186,-99999
61187,-99999
61188,-99999
61189,-99999
61190,-99999
61191,-99999
61192,-99999
61193,-99999
61194,-99999
61195,-99999
61196,-99999
61197,-99999
61198,-99999
61199,-99999
61200,-99999
61201,-99999
61202,-99999
61203,-99999
61204,-99999
61205,-99999
61206,-99999
61207,-99999
61208,-99999
61209,-99999
61210,-99999
61211,-99999
61212,-99999
61213,-99999
61214,-99999
61215,-99999
61216,-99999
61217,-99999
61218,-99999
61219,-99999
61220,-99999
61221,-99999
61222,-99999
61223,-99999
61224,-99999
61225,-99999
61226,-99999
61227,-99999
61228,-99999
61229,-99999
61230,-99999
61231,-99999
61232,-99999
61233,-99999
61234,-99999
61235,-99999
61236,-99999
61237,-99999
61238,-99999
61239,-99999
61240,-99999
61241,-99999
61242,-99999
61243,-99999
61244,-99999
61245,-99999
61246,-99999
61247,-99999
61248,-99999
61249,-99999
61250,-99999
61251,-99999
61252,-99999
61253,-99999
61254,-99999
61255,-99999
61256,-99999
61257,-99999
61258,-99999
61259,-99999
61260,-99999
61261,-99999
61262,-99999
61263,-99999
61264,-99999
61265,-99999
61266,-99999
61267,-99999
61268,-99999
61269,-99999
61270,-99999
61271,-99999
61272,-99999
61273,-99999
61274,-99999
61275,-99999
61276,-99999
61277,-99999
61278,-99999
61279,-99999
61280,-99999
61281,-99999
61282,-99999
61283,-99999
61284,-99999
61285,-99999
61286,-99999
61287,-99999
61288,-99999
61289,-99999
61290,-99999
61291,-99999
61292,-99999
61293,-99999
61294,-99999
61295,-99999
61296,-99999
61297,-99999
61298,-99999
61299,-99999
61300,-99999
61301,-99999
61302,-99999
61303,-99999
61304,-99999
61305,-99999
61306,-99999
61307,-99999
61308,-99999
61309,-99999
61310,-99999
61311,-99999
61312,-99999
61313,-99999
61314,-99999
61315,-99999
61316,-99999
61317,-99999
61318,-99999
61319,-99999
61320,-99999
61321,-99999
61322,-99999
61323,-99999
61324,-99999
61325,-99999
61326,-99999
61327,-99999
61328,-99999
61329,-99999
61330,-99999
61331,-99999
61332,-99999
61333,-99999
61334,-99999
61335,-99999
61336,-99999
61337,-99999
61338,-99999
61339,-99999
61340,-99999
61341,-99999
61342,-99999
61343,-99999
61344,-99999
61345,-99999
61346,-99999
61347,-99999
61348,-99999
61349,-99999
61350,-99999
61351,-99999
61352,-99999
61353,-99999
61354,-99999
61355,-99999
61356,-99999
61357,-99999
61358,-99999
61359,-99999
61360,-99999
61361,-99999
61362,-99999
61363,-99999
61364,-99999
61365,-99999
61366,-99999
61367,-99999
61368,-99999
61369,-99999
61370,-99999
61371,-99999
61372,-99999
61373,-99999
61374,-99999
61375,-99999
61376,-99999
61377,-99999
61378,-99999
61379,-99999
61380,-99999
61381,180
61382,195
61383,203
61384,215
61385,222
61386,221
61387,213
61388,214
61389,215
61390,209
61391,208
61392,208
61393,199
61394,204
61395,204
61396,208
61397,219
61398,218
61399,228
61400,214
61401,221
61402,228
61403,237
61404,235
61405,238
61406,231
61407,232
61408,222
61409,213
61410,212
61411,213
61412,210
61413,208
61414,207
61415,203
61416,204
61417,204
61418,206
61419,208
61420,208
61421,206
61422,204
61423,207
61424,204
61425,208
61426,208
61427,207
61428,214
61429,211
61430,216
61431,208
61432,209
61433,207
61434,217
61435,245
61436,256
61437,254
61438,250
61439,241
61440,245
61441,236
61442,230
61443,217
61444,216
61445,223
61446,220
61447,228
61448,225
61449,226
61450,233
61451,234
61452,228
61453,228
61454,228
61455,231
61456,238
61457,232
61458,230
61459,236
61460,237
61461,242
61462,247
61463,243
61464,241
61465,237
61466,240
61467,244
61468,245
61469,253
61470,250
61471,246
61472,240
61473,247
61474,242
61475,234
61476,245
61477,252
61478,250
61479,255
61480,244
61481,260
61482,251
61483,250
61484,241
61485,239
61486,233
61487,233
61488,236
61489,241
61490,241
61491,233
61492,251
61493,254
61494,239
61495,231
61496,233
61497,236
61498,249
61499,261
61500,263
61501,262
61502,264
61503,268
61504,265
61505,256
61506,260
61507,262
61508,253
61509,248
61510,249
61511,258
61512,250
61513,247
61514,240
61515,253
61516,252
61517,266
61518,262
61519,270
61520,259
61521,266
61522,260
61523,268
61524,268
61525,265
61526,262
61527,270
61528,260
61529,257
61530,267
61531,262
61532,262
61533,264
61534,259
61535,262
61536,260
61537,259
61538,254
61539,250
61540,246
61541,251
61542,247
61543,250
61544,250
61545,255
61546,261
61547,261
61548,248
61549,261
61550,260
61551,251
61552,254
61553,258
61554,255
61555,249
61556,251
61557,232
61558,242
61559,243
61560,238
61561,246
61562,240
61563,249
61564,250
61565,255
61566,250
61567,251
61568,257
61569,263
61570,261
61571,262
61572,269
61573,265
61574,255
61575,242
61576,226
61577,224
61578,215
61579,211
61580,209
61581,211
61582,219
61583,212
61584,210
61585,212
61586,219
61587,213
61588,218
61589,236
61590,236
61591,245
61592,251
61593,252
61594,252
61595,262
61596,274
61597,270
61598,279
61599,273
61600,266
61601,270
61602,258
61603,261
61604,248
61605,251
61606,247
61607,242
61608,239
61609,243
61610,251
61611,241
61612,254
61613,239
61614,252
61615,235
61616,241
61617,229
61618,234
61619,226
61620,226
61621,218
61622,221
61623,213
61624,217
61625,202
61626,207
61627,214
61628,208
61629,203
61630,209
61631,201
61632,211
61633,203
61634,206
61635,204
61636,210
61637,204
61638,212
61639,207
61640,213
61641,209
61642,205
61643,212
61644,203
61645,205
61646,205
61647,195
61648,196
61649,203
61650,205
61651,194
61652,194
61653,190
61654,201
61655,203
61656,196
61657,196
61658,200
61659,199
61660,200
61661,198
61662,196
61663,198
61664,204
61665,200
61666,199
61667,199
61668,197
61669,196
61670,206
61671,193
61672,202
61673,197
61674,194
61675,205
61676,195
61677,200
61678,198
61679,197
61680,200
61681,199
61682,197
61683,203
61684,196
61685,201
61686,199
61687,201
61688,196
61689,204
61690,209
61691,201
61692,199
61693,201
61694,203
61695,200
61696,206
61697,201
61698,204
61699,199
61700,201
61701,205
61702,205
61703,205
61704,209
61705,208
61706,205
61707,211
61708,215
61709,218
61710,216
61711,211
61712,210
61713,213
61714,211
61715,213
61716,211
61717,214
61718,217
61719,206
61720,212
61721,207
61722,211
61723,210
61724,211
61725,214
61726,213
61727,214
61728,220
61729,213
61730,219
61731,209
61732,204
61733,209
61734,215
61735,210
61736,213
61737,208
61738,210
61739,212
61740,208
61741,211
61742,206
61743,211
61744,211
61745,206
61746,215
61747,210
61748,209
61749,206
61750,206
61751,197
61752,205
61753,201
61754,199
61755,205
61756,197
61757,197
61758,195
61759,197
61760,207
61761,202
61762,204
61763,205
61764,205
61765,201
61766,198
61767,194
61768,203
61769,197
61770,198
61771,200
61772,194
61773,192
61774,186
61775,190
61776,183
61777,186
61778,192
61779,187
61780,186
61781,185
61782,185
61783,180
61784,184
61785,180
61786,181
61787,180
61788,187
61789,181
61790,189
61791,179
61792,180
61793,182
61794,181
61795,180
61796,181
61797,177
61798,183
61799,175
61800,186
61801,183
61802,175
61803,179
61804,175
61805,177
61806,181
61807,181
61808,182
61809,181
61810,181
61811,177
61812,176
61813,179
61814,176
61815,187
61816,177
61817,183
61818,181
61819,185
61820,186
61821,187
61822,183
61823,186
61824,186
61825,186
61826,185
61827,184
61828,181
61829,189
61830,179
61831,185
61832,182
61833,189
61834,183
61835,186
61836,175
61837,175
61838,185
61839,192
61840,176
61841,182
61842,186
61843,182
61844,179
61845,177
61846,179
61847,178
61848,180
61849,185
61850,189
61851,179
61852,179
61853,182
61854,181
61855,182
61856,184
61857,188
61858,178
61859,181
61860,177
61861,176
61862,180
61863,184
61864,182
61865,184
61866,182
61867,180
61868,181
61869,183
61870,188
61871,186
61872,192
61873,185
61874,186
61875,192
61876,187
61877,193
61878,192
61879,197
61880,190
61881,191
61882,198
61883,201
61884,204
61885,208
61886,214
61887,207
61888,202
61889,207
61890,220
61891,216
61892,216
61893,218
61894,219
61895,218
61896,216
61897,224
61898,213
61899,214
61900,220
61901,217
61902,224
61903,221
61904,218
61905,217
61906,220
61907,221
61908,224
61909,222
61910,215
61911,222
61912,224
61913,230
61914,217
61915,217
61916,218
61917,221
61918,219
61919,212
61920,214
61921,226
61922,219
61923,219
61924,222
61925,220
61926,218
61927,224
61928,216
61929,220
61930,224
61931,222
61932,219
61933,219
61934,223
61935,220
61936,226
61937,227
61938,225
61939,222
61940,224
61941,223
61942,228
61943,226
61944,228
61945,221
61946,227
61947,226
61948,225
61949,225
61950,225
61951,230
61952,225
61953,230
61954,231
61955,233
61956,239
61957,238
61958,236
61959,237
61960,241
61961,232
61962,227
61963,242
61964,237
61965,241
61966,237
61967,244
61968,245
61969,238
61970,242
61971,242
61972,242
61973,247
61974,255
61975,248
61976,251
61977,256
61978,259
61979,259
61980,258
61981,257
61982,259
61983,257
61984,252
61985,254
61986,255
61987,252
61988,255
61989,257
61990,260
61991,250
61992,259
61993,261
61994,259
61995,260
61996,256
61997,261
61998,264
61999,254
62000,260
62001,262
62002,267
62003,260
62004,269
62005,275
62006,258
62007,265
62008,269
62009,265
62010,266
62011,261
62012,265
62013,261
62014,254
62015,254
62016,243
62017,238
62018,236
62019,239
62020,240
62021,239
62022,234
62023,238
62024,233
62025,240
62026,230
62027,226
62028,224
62029,226
62030,223
62031,222
62032,222
62033,231
62034,228
62035,221
62036,222
62037,223
62038,224
62039,214
62040,224
62041,221
62042,217
62043,221
62044,224
62045,216
62046,217
62047,220
62048,217
62049,218
62050,219
62051,215
62052,222
62053,216
62054,217
62055,207
62056,207
62057,211
62058,218
62059,216
62060,216
62061,219
62062,214
62063,225
62064,219
62065,224
62066,230
62067,220
62068,225
62069,225
62070,223
62071,215
62072,221
62073,221
62074,217
62075,217
62076,213
62077,225
62078,221
62079,221
62080,226
62081,208
62082,216
62083,216
62084,209
62085,204
62086,208
62087,210
62088,216
62089,210
62090,209
62091,211
62092,213
62093,213
62094,216
62095,213
62096,214
62097,216
62098,217
62099,223
62100,210
62101,218
62102,217
62103,212
62104,217
62105,217
62106,222
62107,223
62108,218
62109,215
62110,217
62111,225
62112,219
62113,216
62114,220
62115,218
62116,225
62117,216
62118,219
62119,224
62120,219
62121,219
62122,220
62123,223
62124,223
62125,227
62126,220
62127,222
62128,227
62129,230
62130,224
62131,228
62132,231
62133,227
62134,231
62135,227
62136,222
62137,224
62138,218
62139,219
62140,213
62141,208
62142,210
62143,204
62144,209
62145,208
62146,215
62147,211
62148,201
62149,202
62150,201
62151,208
62152,204
62153,204
62154,204
62155,203
62156,208
62157,204
62158,197
62159,205
62160,208
62161,204
62162,202
62163,209
62164,201
62165,211
62166,210
62167,215
62168,203
62169,211
62170,214
62171,219
62172,223
62173,222
62174,225
62175,229
62176,228
62177,224
62178,228
62179,233
62180,221
62181,225
62182,230
62183,232
62184,235
62185,230
62186,231
62187,228
62188,230
62189,227
62190,222
62191,225
62192,229
62193,221
62194,219
62195,225
62196,219
62197,219
62198,219
62199,210
62200,216
62201,213
62202,209
62203,216
62204,211
62205,211
62206,207
62207,205
62208,220
62209,215
62210,220
62211,227
62212,217
62213,217
62214,212
62215,213
62216,213
62217,216
62218,220
62219,212
62220,208
62221,206
62222,220
62223,216
62224,212
62225,221
62226,224
62227,225
62228,218
62229,208
62230,214
62231,209
62232,210
62233,207
62234,207
62235,213
62236,202
62237,202
62238,200
62239,205
62240,203
62241,206
62242,209
62243,206
62244,208
62245,210
62246,203
62247,207
62248,210
62249,209
62250,207
62251,211
62252,205
62253,216
62254,216
62255,219
62256,216
62257,205
62258,215
62259,214
62260,215
62261,214
62262,220
62263,211
62264,211
62265,217
62266,213
62267,221
62268,218
62269,213
62270,216
62271,213
62272,212
62273,217
62274,207
62275,209
62276,213
62277,204
62278,200
62279,196
62280,198
62281,196
62282,200
62283,190
62284,196
62285,204
62286,192
62287,194
62288,193
62289,190
62290,191
62291,195
62292,189
62293,193
62294,195
62295,191
62296,193
62297,186
62298,194
62299,199
62300,194
62301,194
62302,197
62303,192
62304,190
62305,189
62306,201
62307,190
62308,193
62309,200
62310,195
62311,188
62312,192
62313,192
62314,197
62315,195
62316,198
62317,198
62318,204
62319,203
62320,199
62321,188
62322,196
62323,191
62324,192
62325,196
62326,189
62327,194
62328,188
62329,187
62330,189
62331,187
62332,187
62333,193
62334,189
62335,188
62336,188
62337,185
62338,189
62339,183
62340,191
62341,177
62342,188
62343,184
62344,185
62345,184
62346,180
62347,180
62348,183
62349,180
62350,178
62351,174
62352,177
62353,175
62354,177
62355,170
62356,169
62357,173
62358,172
62359,174
62360,170
62361,177
62362,167
