NETCARE2015/data/raw/Flight5/CPC3772_POLAR6_20150409_r2_NETCARE.ict
35,1001
Abbatt,Jon
University of Toronto
Polar 6
NETCARE
1,1
2015,4,9,2017,8,16
1
time,seconds,seconds from start in UTC
1
1
-99999
conc,number of particles per cm3
0
20
PI_CONTACT_INFO: 80 St. George Street; Toronto; ON M5S 3H6 CANADA; email: jabbatt@chem.utoronto.ca
PLATFORM: Polar 6 aircraft
LOCATION: Canadian Arctic near Alert
ASSOCIATED_DATA: none
INSTRUMENT_INFO: Condensation Particle Counter Model 3772 is an instrument that detects airborne particles down to 10 nm at an aerosol flow rate of 1.0 L/min, over a concentration range from 0 to 10^4 particles/cm^3 
DATA_INFO: all relevant information is given above
UNCERTAINTY:  ±10% of measured value
ULOD_FLAG: -7777
ULOD_VALUE: N/As
LLOD_FLAG: -8888
LLOD_VALUE: N/A
DM_CONTACT_INFO: Data collected by Julia Burkart. Please direct all correspondence to Jon Abbatt: jabbatt@chem.utoronto.ca
PROJECT_INFO: Polar 6 NETCARE Spring 2015 campaign
STIPULATIONS_ON_USE: N/A
OTHER_COMMENTS: N/A
REVISION: R2, R1, R0
R2: zero and filter measurements are removed
R1: uncorrected raw data
R0: raw data
time,conc
49812,-99999
49813,-99999
49814,-99999
49815,-99999
49816,-99999
49817,-99999
49818,-99999
49819,-99999
49820,-99999
49821,-99999
49822,-99999
49823,-99999
49824,-99999
49825,-99999
49826,-99999
49827,285
49828,239
49829,238
49830,230
49831,230
49832,228
49833,233
49834,233
49835,231
49836,228
49837,230
49838,232
49839,218
49840,226
49841,227
49842,226
49843,231
49844,226
49845,228
49846,227
49847,232
49848,231
49849,229
49850,229
49851,232
49852,232
49853,229
49854,230
49855,234
49856,226
49857,232
49858,223
49859,225
49860,225
49861,231
49862,224
49863,223
49864,228
49865,232
49866,229
49867,229
49868,231
49869,228
49870,228
49871,226
49872,234
49873,231
49874,228
49875,228
49876,225
49877,226
49878,229
49879,228
49880,226
49881,224
49882,220
49883,227
49884,229
49885,231
49886,234
49887,229
49888,223
49889,229
49890,224
49891,233
49892,216
49893,225
49894,226
49895,224
49896,228
49897,231
49898,230
49899,227
49900,222
49901,228
49902,233
49903,223
49904,218
49905,227
49906,225
49907,223
49908,222
49909,216
49910,217
49911,226
49912,227
49913,223
49914,225
49915,222
49916,223
49917,219
49918,219
49919,217
49920,227
49921,227
49922,220
49923,226
49924,221
49925,221
49926,228
49927,231
49928,223
49929,216
49930,221
49931,226
49932,231
49933,224
49934,233
49935,231
49936,222
49937,221
49938,232
49939,223
49940,221
49941,224
49942,222
49943,216
49944,220
49945,220
49946,220
49947,215
49948,222
49949,221
49950,224
49951,219
49952,217
49953,224
49954,220
49955,225
49956,216
49957,217
49958,219
49959,221
49960,217
49961,217
49962,223
49963,216
49964,222
49965,219
49966,220
49967,228
49968,226
49969,228
49970,219
49971,218
49972,225
49973,216
49974,214
49975,228
49976,223
49977,220
49978,218
49979,222
49980,215
49981,220
49982,223
49983,224
49984,217
49985,217
49986,218
49987,220
49988,224
49989,223
49990,221
49991,223
49992,219
49993,223
49994,220
49995,219
49996,219
49997,224
49998,211
49999,222
50000,222
50001,219
50002,218
50003,229
50004,218
50005,224
50006,219
50007,218
50008,211
50009,217
50010,221
50011,217
50012,218
50013,223
50014,218
50015,219
50016,218
50017,219
50018,217
50019,223
50020,217
50021,221
50022,221
50023,214
50024,216
50025,217
50026,216
50027,223
50028,215
50029,221
50030,219
50031,220
50032,218
50033,219
50034,220
50035,224
50036,220
50037,225
50038,222
50039,225
50040,209
50041,218
50042,224
50043,222
50044,219
50045,214
50046,211
50047,214
50048,222
50049,215
50050,212
50051,220
50052,218
50053,213
50054,221
50055,219
50056,218
50057,217
50058,210
50059,211
50060,216
50061,214
50062,219
50063,215
50064,221
50065,213
50066,217
50067,210
50068,214
50069,213
50070,216
50071,215
50072,208
50073,214
50074,218
50075,209
50076,213
50077,218
50078,215
50079,215
50080,217
50081,213
50082,215
50083,212
50084,207
50085,220
50086,210
50087,216
50088,218
50089,212
50090,212
50091,216
50092,216
50093,209
50094,212
50095,200
50096,212
50097,206
50098,198
50099,209
50100,205
50101,197
50102,197
50103,193
50104,196
50105,198
50106,195
50107,194
50108,195
50109,193
50110,195
50111,189
50112,197
50113,205
50114,205
50115,204
50116,203
50117,207
50118,201
50119,202
50120,208
50121,213
50122,205
50123,207
50124,211
50125,204
50126,214
50127,210
50128,214
50129,213
50130,213
50131,211
50132,208
50133,210
50134,219
50135,207
50136,210
50137,208
50138,208
50139,209
50140,209
50141,216
50142,207
50143,205
50144,204
50145,213
50146,206
50147,213
50148,210
50149,215
50150,210
50151,207
50152,208
50153,213
50154,203
50155,213
50156,205
50157,202
50158,205
50159,212
50160,203
50161,205
50162,207
50163,204
50164,204
50165,214
50166,207
50167,205
50168,206
50169,209
50170,211
50171,207
50172,207
50173,205
50174,205
50175,202
50176,200
50177,194
50178,198
50179,196
50180,189
50181,183
50182,179
50183,180
50184,177
50185,183
50186,179
50187,180
50188,181
50189,186
50190,185
50191,187
50192,178
50193,180
50194,183
50195,182
50196,182
50197,187
50198,178
50199,183
50200,181
50201,182
50202,181
50203,181
50204,184
50205,176
50206,178
50207,179
50208,183
50209,179
50210,177
50211,176
50212,186
50213,178
50214,177
50215,176
50216,181
50217,176
50218,183
50219,176
50220,177
50221,178
50222,181
50223,174
50224,172
50225,177
50226,176
50227,177
50228,173
50229,178
50230,177
50231,172
50232,174
50233,176
50234,182
50235,174
50236,177
50237,180
50238,181
50239,181
50240,174
50241,170
50242,173
50243,174
50244,183
50245,180
50246,171
50247,171
50248,178
50249,175
50250,173
50251,171
50252,172
50253,171
50254,175
50255,172
50256,171
50257,172
50258,170
50259,172
50260,167
50261,175
50262,175
50263,177
50264,175
50265,178
50266,188
50267,179
50268,178
50269,185
50270,179
50271,191
50272,194
50273,205
50274,200
50275,211
50276,219
50277,219
50278,227
50279,227
50280,226
50281,221
50282,219
50283,224
50284,219
50285,221
50286,218
50287,225
50288,231
50289,223
50290,222
50291,230
50292,227
50293,232
50294,237
50295,221
50296,220
50297,208
50298,200
50299,208
50300,212
50301,220
50302,208
50303,186
50304,178
50305,172
50306,178
50307,177
50308,177
50309,177
50310,172
50311,173
50312,172
50313,173
50314,174
50315,179
50316,171
50317,167
50318,171
50319,168
50320,170
50321,176
50322,173
50323,170
50324,174
50325,169
50326,166
50327,173
50328,170
50329,170
50330,174
50331,174
50332,168
50333,175
50334,170
50335,170
50336,172
50337,163
50338,168
50339,170
50340,169
50341,169
50342,172
50343,172
50344,167
50345,167
50346,171
50347,170
50348,169
50349,174
50350,175
50351,171
50352,175
50353,179
50354,176
50355,177
50356,174
50357,184
50358,174
50359,187
50360,179
50361,176
50362,180
50363,184
50364,208
50365,204
50366,196
50367,213
50368,217
50369,224
50370,228
50371,225
50372,229
50373,249
50374,254
50375,258
50376,244
50377,238
50378,251
50379,247
50380,252
50381,267
50382,275
50383,269
50384,269
50385,264
50386,250
50387,248
50388,250
50389,254
50390,270
50391,279
50392,283
50393,269
50394,271
50395,274
50396,268
50397,263
50398,260
50399,255
50400,254
50401,254
50402,247
50403,269
50404,255
50405,231
50406,223
50407,221
50408,227
50409,237
50410,243
50411,229
50412,233
50413,243
50414,252
50415,257
50416,255
50417,260
50418,289
50419,280
50420,275
50421,261
50422,255
50423,248
50424,245
50425,227
50426,224
50427,230
50428,228
50429,250
50430,273
50431,275
50432,277
50433,275
50434,282
50435,277
50436,266
50437,270
50438,265
50439,273
50440,267
50441,267
50442,261
50443,268
50444,272
50445,263
50446,269
50447,290
50448,277
50449,270
50450,271
50451,265
50452,268
50453,261
50454,261
50455,265
50456,260
50457,247
50458,275
50459,274
50460,280
50461,279
50462,260
50463,260
50464,267
50465,262
50466,260
50467,266
50468,270
50469,258
50470,267
50471,263
50472,262
50473,266
50474,262
50475,257
50476,257
50477,243
50478,251
50479,256
50480,249
50481,248
50482,246
50483,243
50484,239
50485,235
50486,243
50487,251
50488,246
50489,240
50490,248
50491,240
50492,241
50493,251
50494,248
50495,240
50496,240
50497,249
50498,238
50499,244
50500,235
50501,237
50502,237
50503,236
50504,230
50505,244
50506,243
50507,247
50508,261
50509,256
50510,261
50511,254
50512,259
50513,257
50514,267
50515,272
50516,267
50517,268
50518,264
50519,261
50520,274
50521,276
50522,281
50523,285
50524,281
50525,293
50526,289
50527,290
50528,287
50529,277
50530,279
50531,284
50532,280
50533,284
50534,272
50535,275
50536,272
50537,267
50538,264
50539,262
50540,255
50541,255
50542,257
50543,263
50544,263
50545,265
50546,261
50547,261
50548,258
50549,249
50550,257
50551,257
50552,249
50553,244
50554,251
50555,242
50556,240
50557,227
50558,236
50559,230
50560,224
50561,215
50562,215
50563,219
50564,214
50565,214
50566,208
50567,210
50568,210
50569,214
50570,212
50571,212
50572,221
50573,216
50574,216
50575,214
50576,220
50577,219
50578,214
50579,214
50580,214
50581,211
50582,215
50583,215
50584,217
50585,217
50586,220
50587,218
50588,219
50589,220
50590,218
50591,221
50592,225
50593,220
50594,218
50595,222
50596,215
50597,217
50598,220
50599,220
50600,216
50601,220
50602,227
50603,221
50604,217
50605,221
50606,219
50607,220
50608,216
50609,228
50610,218
50611,217
50612,219
50613,225
50614,225
50615,220
50616,223
50617,218
50618,223
50619,214
50620,219
50621,216
50622,219
50623,208
50624,213
50625,217
50626,218
50627,213
50628,218
50629,213
50630,212
50631,213
50632,217
50633,209
50634,211
50635,227
50636,219
50637,219
50638,217
50639,229
50640,227
50641,219
50642,220
50643,221
50644,219
50645,224
50646,226
50647,217
50648,222
50649,224
50650,225
50651,223
50652,219
50653,219
50654,222
50655,221
50656,217
50657,228
50658,213
50659,222
50660,227
50661,222
50662,221
50663,220
50664,216
50665,217
50666,212
50667,212
50668,202
50669,208
50670,201
50671,213
50672,213
50673,218
50674,210
50675,213
50676,213
50677,209
50678,220
50679,214
50680,218
50681,217
50682,215
50683,208
50684,218
50685,216
50686,217
50687,216
50688,220
50689,223
50690,218
50691,217
50692,207
50693,210
50694,217
50695,216
50696,214
50697,213
50698,210
50699,214
50700,218
50701,220
50702,212
50703,219
50704,217
50705,217
50706,223
50707,228
50708,227
50709,228
50710,222
50711,218
50712,213
50713,211
50714,213
50715,213
50716,209
50717,202
50718,204
50719,208
50720,198
50721,203
50722,205
50723,210
50724,203
50725,198
50726,205
50727,201
50728,211
50729,207
50730,200
50731,202
50732,207
50733,211
50734,208
50735,208
50736,207
50737,207
50738,197
50739,208
50740,207
50741,201
50742,201
50743,202
50744,205
50745,204
50746,204
50747,206
50748,206
50749,202
50750,205
50751,206
50752,206
50753,203
50754,207
50755,207
50756,207
50757,200
50758,209
50759,203
50760,210
50761,210
50762,202
50763,203
50764,204
50765,206
50766,202
50767,202
50768,204
50769,209
50770,200
50771,206
50772,200
50773,202
50774,201
50775,199
50776,204
50777,206
50778,210
50779,204
50780,207
50781,208
50782,211
50783,210
50784,210
50785,207
50786,206
50787,214
50788,208
50789,205
50790,211
50791,213
50792,219
50793,204
50794,214
50795,220
50796,217
50797,209
50798,210
50799,216
50800,219
50801,217
50802,215
50803,220
50804,215
50805,219
50806,213
50807,217
50808,216
50809,222
50810,216
50811,219
50812,218
50813,215
50814,215
50815,209
50816,210
50817,221
50818,219
50819,221
50820,220
50821,212
50822,215
50823,215
50824,219
50825,213
50826,214
50827,225
50828,217
50829,219
50830,214
50831,211
50832,215
50833,219
50834,217
50835,213
50836,210
50837,221
50838,221
50839,220
50840,218
50841,218
50842,221
50843,223
50844,240
50845,236
50846,236
50847,231
50848,236
50849,242
50850,240
50851,243
50852,236
50853,234
50854,238
50855,235
50856,239
50857,234
50858,239
50859,240
50860,232
50861,237
50862,239
50863,241
50864,240
50865,252
50866,260
50867,264
50868,253
50869,247
50870,236
50871,241
50872,242
50873,234
50874,246
50875,246
50876,248
50877,252
50878,254
50879,252
50880,243
50881,249
50882,250
50883,243
50884,251
50885,240
50886,244
50887,244
50888,245
50889,245
50890,242
50891,238
50892,236
50893,243
50894,247
50895,241
50896,245
50897,238
50898,235
50899,234
50900,232
50901,238
50902,233
50903,239
50904,243
50905,238
50906,241
50907,230
50908,237
50909,233
50910,231
50911,225
50912,213
50913,210
50914,220
50915,203
50916,211
50917,208
50918,210
50919,210
50920,207
50921,212
50922,212
50923,202
50924,210
50925,209
50926,213
50927,208
50928,206
50929,208
50930,211
50931,209
50932,212
50933,208
50934,212
50935,207
50936,217
50937,211
50938,220
50939,220
50940,223
50941,234
50942,236
50943,234
50944,239
50945,249
50946,246
50947,245
50948,241
50949,247
50950,254
50951,249
50952,246
50953,235
50954,240
50955,245
50956,243
50957,237
50958,234
50959,240
50960,238
50961,232
50962,231
50963,235
50964,239
50965,234
50966,233
50967,234
50968,233
50969,228
50970,226
50971,232
50972,235
50973,233
50974,238
50975,233
50976,240
50977,238
50978,237
50979,234
50980,233
50981,233
50982,230
50983,236
50984,235
50985,232
50986,229
50987,226
50988,234
50989,223
50990,229
50991,225
50992,232
50993,238
50994,234
50995,223
50996,218
50997,212
50998,214
50999,207
51000,215
51001,214
51002,204
51003,212
51004,216
51005,211
51006,214
51007,205
51008,213
51009,205
51010,210
51011,211
51012,215
51013,223
51014,216
51015,217
51016,217
51017,215
51018,210
51019,209
51020,209
51021,204
51022,213
51023,214
51024,211
51025,215
51026,222
51027,214
51028,222
51029,215
51030,209
51031,207
51032,216
51033,213
51034,209
51035,211
51036,221
51037,212
51038,217
51039,216
51040,223
51041,213
51042,203
51043,203
51044,206
51045,199
51046,209
51047,215
51048,215
51049,213
51050,214
51051,221
51052,223
51053,223
51054,230
51055,224
51056,223
51057,230
51058,222
51059,230
51060,220
51061,225
51062,221
51063,227
51064,232
51065,222
51066,229
51067,224
51068,223
51069,221
51070,219
51071,228
51072,221
51073,220
51074,231
51075,223
51076,226
51077,229
51078,224
51079,220
51080,222
51081,222
51082,221
51083,223
51084,220
51085,220
51086,224
51087,216
51088,224
51089,231
51090,223
51091,225
51092,227
51093,226
51094,218
51095,225
51096,239
51097,237
51098,253
51099,261
51100,274
51101,265
51102,242
51103,236
51104,230
51105,231
51106,224
51107,227
51108,231
51109,236
51110,236
51111,232
51112,229
51113,237
51114,241
51115,234
51116,234
51117,232
51118,236
51119,239
51120,242
51121,231
51122,239
51123,238
51124,238
51125,245
51126,247
51127,252
51128,245
51129,249
51130,241
51131,249
51132,251
51133,255
51134,257
51135,254
51136,251
51137,250
51138,248
51139,246
51140,250
51141,245
51142,267
51143,285
51144,291
51145,279
51146,283
51147,286
51148,289
51149,288
51150,283
51151,287
51152,287
51153,287
51154,292
51155,290
51156,296
51157,305
51158,297
51159,303
51160,292
51161,284
51162,289
51163,289
51164,293
51165,288
51166,293
51167,294
51168,291
51169,287
51170,282
51171,298
51172,294
51173,290
51174,289
51175,293
51176,287
51177,288
51178,284
51179,289
51180,280
51181,288
51182,288
51183,287
51184,284
51185,288
51186,284
51187,294
51188,290
51189,282
51190,295
51191,288
51192,297
51193,295
51194,293
51195,294
51196,300
51197,292
51198,301
51199,296
51200,292
51201,303
51202,296
51203,292
51204,299
51205,285
51206,290
51207,295
51208,294
51209,297
51210,298
51211,306
51212,299
51213,288
51214,293
51215,300
51216,294
51217,293
51218,290
51219,288
51220,294
51221,290
51222,294
51223,300
51224,290
51225,301
51226,296
51227,291
51228,296
51229,289
51230,285
51231,290
51232,289
51233,283
51234,287
51235,284
51236,281
51237,274
51238,285
51239,286
51240,282
51241,285
51242,274
51243,288
51244,283
51245,286
51246,284
51247,284
51248,272
51249,280
51250,277
51251,282
51252,277
51253,273
51254,274
51255,282
51256,271
51257,280
51258,275
51259,268
51260,272
51261,274
51262,264
51263,272
51264,268
51265,263
51266,247
51267,241
51268,239
51269,235
51270,233
51271,227
51272,221
51273,222
51274,223
51275,217
51276,216
51277,223
51278,216
51279,223
51280,217
51281,212
51282,216
51283,218
51284,217
51285,215
51286,226
51287,230
51288,233
51289,240
51290,235
51291,230
51292,232
51293,226
51294,235
51295,231
51296,229
51297,230
51298,225
51299,231
51300,228
51301,235
51302,231
51303,233
51304,239
51305,233
51306,235
51307,241
51308,236
51309,237
51310,236
51311,236
51312,236
51313,236
51314,234
51315,232
51316,237
51317,238
51318,228
51319,236
51320,245
51321,236
51322,235
51323,236
51324,239
51325,245
51326,244
51327,239
51328,246
51329,244
51330,244
51331,244
51332,240
51333,243
51334,243
51335,239
51336,245
51337,243
51338,245
51339,245
51340,246
51341,249
51342,243
51343,257
51344,240
51345,247
51346,243
51347,237
51348,238
51349,247
51350,241
51351,237
51352,240
51353,237
51354,238
51355,245
51356,243
51357,243
51358,234
51359,253
51360,263
51361,271
51362,259
51363,257
51364,241
51365,257
51366,261
51367,269
51368,276
51369,262
51370,275
51371,286
51372,297
51373,296
51374,293
51375,298
51376,303
51377,313
51378,312
51379,308
51380,320
51381,316
51382,319
51383,318
51384,309
51385,320
51386,320
51387,323
51388,320
51389,317
51390,312
51391,313
51392,303
51393,303
51394,307
51395,300
51396,299
51397,300
51398,296
51399,295
51400,290
51401,298
51402,308
51403,306
51404,311
51405,307
51406,307
