NETCARE2015/data/raw/Flight5/CPC3776_POLAR6_20150409_r2_NETCARE.ict
35,1001
Abbatt,Jon
University of Toronto
Polar 6
NETCARE
1,1
2015,4,9,2017,8,16
1
time,seconds,seconds from start in UTC
1
1
-99999
conc,number of particles per cm3
0
20
PI_CONTACT_INFO: 80 St. George Street; Toronto; ON M5S 3H6 CANADA; email: jabbatt@chem.utoronto.ca
PLATFORM: Polar 6 aircraft
LOCATION: Canadian Arctic near Alert
ASSOCIATED_DATA: none
INSTRUMENT_INFO: The Ultrafine Condensation Particle Counter 3776 is a continuous-flow instrument that detects particles down to 2.5 nm. It operates at an aerosol flow rate of 50 cm^3/min and detects concentrations from 0 to 300 000 particles/cm^3 with coincidence correction.
DATA_INFO: all relevant information is given above
UNCERTAINTY:  ±10% of measured value
ULOD_FLAG: -7777
ULOD_VALUE: N/As
LLOD_FLAG: -8888
LLOD_VALUE: N/A
DM_CONTACT_INFO: Data collected by Julia Burkart. Please direct all correspondence to Jon Abbatt: jabbatt@chem.utoronto.ca
PROJECT_INFO: Polar 6 NETCARE Spring 2015 campaign
STIPULATIONS_ON_USE: N/A
OTHER_COMMENTS: N/A
REVISION: R2, R1, R0
R2: zero and filter measurements are removed
R1: uncorrected raw data
R0: raw data
time,conc
49812,-99999
49813,-99999
49814,-99999
49815,-99999
49816,-99999
49817,-99999
49818,-99999
49819,-99999
49820,-99999
49821,-99999
49822,-99999
49823,-99999
49824,-99999
49825,-99999
49826,-99999
49827,256
49828,229
49829,228
49830,229
49831,250
49832,238
49833,231
49834,225
49835,237
49836,223
49837,268
49838,220
49839,233
49840,228
49841,237
49842,258
49843,228
49844,228
49845,220
49846,221
49847,247
49848,227
49849,229
49850,227
49851,263
49852,223
49853,227
49854,246
49855,225
49856,223
49857,230
49858,223
49859,244
49860,212
49861,211
49862,251
49863,245
49864,242
49865,224
49866,221
49867,206
49868,253
49869,191
49870,208
49871,224
49872,225
49873,215
49874,185
49875,210
49876,234
49877,247
49878,239
49879,249
49880,231
49881,242
49882,242
49883,240
49884,251
49885,199
49886,228
49887,247
49888,225
49889,218
49890,213
49891,232
49892,239
49893,251
49894,192
49895,232
49896,241
49897,205
49898,221
49899,238
49900,246
49901,225
49902,230
49903,209
49904,215
49905,228
49906,242
49907,203
49908,242
49909,222
49910,245
49911,215
49912,216
49913,211
49914,232
49915,237
49916,210
49917,240
49918,198
49919,191
49920,231
49921,229
49922,196
49923,201
49924,201
49925,203
49926,238
49927,230
49928,244
49929,243
49930,229
49931,219
49932,226
49933,257
49934,240
49935,228
49936,214
49937,219
49938,239
49939,218
49940,218
49941,241
49942,223
49943,205
49944,218
49945,219
49946,243
49947,224
49948,223
49949,222
49950,218
49951,204
49952,227
49953,204
49954,228
49955,226
49956,230
49957,201
49958,243
49959,235
49960,238
49961,233
49962,217
49963,204
49964,256
49965,215
49966,262
49967,226
49968,226
49969,229
49970,235
49971,232
49972,231
49973,229
49974,205
49975,220
49976,237
49977,238
49978,227
49979,219
49980,213
49981,204
49982,219
49983,213
49984,230
49985,221
49986,232
49987,240
49988,194
49989,223
49990,232
49991,223
49992,206
49993,239
49994,169
49995,206
49996,201
49997,218
49998,246
49999,234
50000,226
50001,226
50002,230
50003,220
50004,210
50005,195
50006,236
50007,220
50008,228
50009,192
50010,209
50011,208
50012,213
50013,214
50014,194
50015,207
50016,201
50017,194
50018,212
50019,218
50020,205
50021,213
50022,233
50023,222
50024,208
50025,229
50026,228
50027,202
50028,217
50029,213
50030,224
50031,213
50032,202
50033,190
50034,216
50035,208
50036,207
50037,213
50038,196
50039,215
50040,201
50041,223
50042,208
50043,212
50044,225
50045,197
50046,204
50047,227
50048,226
50049,209
50050,217
50051,209
50052,201
50053,216
50054,226
50055,219
50056,247
50057,211
50058,201
50059,189
50060,215
50061,185
50062,215
50063,211
50064,220
50065,230
50066,251
50067,198
50068,228
50069,231
50070,214
50071,224
50072,229
50073,203
50074,184
50075,242
50076,217
50077,200
50078,229
50079,248
50080,208
50081,178
50082,213
50083,190
50084,216
50085,236
50086,243
50087,206
50088,206
50089,202
50090,198
50091,244
50092,210
50093,230
50094,196
50095,206
50096,190
50097,197
50098,199
50099,206
50100,181
50101,189
50102,197
50103,189
50104,160
50105,199
50106,188
50107,198
50108,194
50109,211
50110,207
50111,203
50112,213
50113,220
50114,202
50115,195
50116,180
50117,209
50118,182
50119,195
50120,217
50121,177
50122,209
50123,212
50124,198
50125,201
50126,216
50127,238
50128,230
50129,174
50130,201
50131,205
50132,195
50133,210
50134,236
50135,231
50136,214
50137,199
50138,189
50139,203
50140,175
50141,229
50142,204
50143,216
50144,176
50145,198
50146,226
50147,226
50148,220
50149,180
50150,185
50151,200
50152,216
50153,198
50154,245
50155,171
50156,207
50157,194
50158,221
50159,178
50160,231
50161,202
50162,220
50163,191
50164,232
50165,199
50166,198
50167,188
50168,199
50169,237
50170,209
50171,217
50172,243
50173,218
50174,209
50175,177
50176,180
50177,205
50178,184
50179,202
50180,203
50181,203
50182,193
50183,177
50184,185
50185,163
50186,174
50187,204
50188,187
50189,171
50190,176
50191,196
50192,193
50193,167
50194,185
50195,191
50196,192
50197,198
50198,175
50199,170
50200,169
50201,179
50202,174
50203,190
50204,166
50205,198
50206,143
50207,182
50208,223
50209,181
50210,175
50211,198
50212,175
50213,157
50214,177
50215,182
50216,178
50217,165
50218,149
50219,170
50220,182
50221,166
50222,198
50223,162
50224,150
50225,179
50226,188
50227,171
50228,183
50229,192
50230,140
50231,197
50232,195
50233,171
50234,190
50235,193
50236,200
50237,174
50238,194
50239,183
50240,164
50241,175
50242,168
50243,190
50244,200
50245,150
50246,180
50247,168
50248,180
50249,167
50250,160
50251,153
50252,173
50253,164
50254,178
50255,194
50256,184
50257,193
50258,154
50259,165
50260,170
50261,155
50262,167
50263,154
50264,196
50265,177
50266,189
50267,179
50268,166
50269,168
50270,187
50271,226
50272,213
50273,192
50274,192
50275,230
50276,214
50277,212
50278,218
50279,230
50280,207
50281,232
50282,212
50283,217
50284,229
50285,211
50286,234
50287,217
50288,240
50289,205
50290,270
50291,237
50292,213
50293,231
50294,251
50295,208
50296,185
50297,218
50298,211
50299,245
50300,217
50301,217
50302,180
50303,185
50304,179
50305,187
50306,165
50307,184
50308,177
50309,192
50310,170
50311,187
50312,161
50313,202
50314,173
50315,169
50316,182
50317,175
50318,174
50319,205
50320,173
50321,151
50322,177
50323,183
50324,167
50325,169
50326,148
50327,192
50328,175
50329,153
50330,162
50331,193
50332,161
50333,156
50334,175
50335,169
50336,212
50337,171
50338,151
50339,160
50340,186
50341,172
50342,195
50343,181
50344,178
50345,192
50346,188
50347,176
50348,183
50349,160
50350,192
50351,188
50352,179
50353,182
50354,186
50355,180
50356,153
50357,206
50358,182
50359,190
50360,170
50361,182
50362,179
50363,201
50364,197
50365,199
50366,210
50367,218
50368,246
50369,231
50370,266
50371,216
50372,297
50373,253
50374,278
50375,286
50376,283
50377,238
50378,262
50379,256
50380,297
50381,273
50382,297
50383,256
50384,264
50385,199
50386,293
50387,262
50388,278
50389,283
50390,299
50391,279
50392,280
50393,295
50394,275
50395,289
50396,256
50397,274
50398,278
50399,272
50400,291
50401,274
50402,242
50403,212
50404,217
50405,243
50406,234
50407,233
50408,241
50409,236
50410,208
50411,231
50412,256
50413,260
50414,272
50415,282
50416,271
50417,303
50418,299
50419,241
50420,276
50421,261
50422,238
50423,265
50424,232
50425,241
50426,208
50427,214
50428,230
50429,308
50430,306
50431,271
50432,267
50433,287
50434,294
50435,292
50436,301
50437,290
50438,286
50439,249
50440,284
50441,260
50442,259
50443,236
50444,253
50445,259
50446,268
50447,282
50448,254
50449,258
50450,306
50451,322
50452,269
50453,279
50454,267
50455,243
50456,252
50457,286
50458,245
50459,287
50460,286
50461,268
50462,272
50463,234
50464,280
50465,264
50466,295
50467,297
50468,268
50469,286
50470,240
50471,285
50472,262
50473,275
50474,277
50475,262
50476,276
50477,268
50478,263
50479,264
50480,245
50481,258
50482,278
50483,267
50484,258
50485,263
50486,278
50487,243
50488,224
50489,231
50490,217
50491,266
50492,262
50493,262
50494,250
50495,256
50496,273
50497,241
50498,249
50499,240
50500,229
50501,224
50502,250
50503,256
50504,241
50505,306
50506,231
50507,242
50508,270
50509,321
50510,253
50511,242
50512,285
50513,261
50514,286
50515,257
50516,270
50517,267
50518,313
50519,280
50520,289
50521,287
50522,293
50523,290
50524,283
50525,290
50526,298
50527,271
50528,307
50529,300
50530,322
50531,300
50532,292
50533,271
50534,305
50535,288
50536,260
50537,259
50538,269
50539,241
50540,270
50541,286
50542,274
50543,291
50544,265
50545,273
50546,228
50547,251
50548,249
50549,233
50550,262
50551,271
50552,259
50553,267
50554,223
50555,267
50556,277
50557,240
50558,207
50559,239
50560,241
50561,229
50562,239
50563,231
50564,242
50565,241
50566,217
50567,238
50568,221
50569,214
50570,211
50571,225
50572,247
50573,253
50574,191
50575,193
50576,212
50577,244
50578,192
50579,198
50580,215
50581,207
50582,222
50583,232
50584,229
50585,216
50586,222
50587,251
50588,219
50589,243
50590,218
50591,175
50592,215
50593,234
50594,192
50595,204
50596,252
50597,210
50598,243
50599,210
50600,205
50601,247
50602,200
50603,210
50604,201
50605,231
50606,239
50607,222
50608,197
50609,223
50610,249
50611,240
50612,228
50613,211
50614,235
50615,201
50616,213
50617,208
50618,219
50619,209
50620,261
50621,230
50622,223
50623,226
50624,228
50625,253
50626,206
50627,221
50628,193
50629,192
50630,207
50631,202
50632,231
50633,212
50634,198
50635,235
50636,236
50637,200
50638,213
50639,239
50640,241
50641,244
50642,230
50643,233
50644,251
50645,218
50646,276
50647,221
50648,225
50649,242
50650,246
50651,255
50652,227
50653,249
50654,253
50655,263
50656,256
50657,268
50658,238
50659,208
50660,242
50661,256
50662,197
50663,254
50664,249
50665,199
50666,199
50667,216
50668,207
50669,202
50670,229
50671,209
50672,203
50673,236
50674,216
50675,212
50676,236
50677,207
50678,228
50679,225
50680,218
50681,219
50682,224
50683,229
50684,221
50685,228
50686,230
50687,212
50688,227
50689,210
50690,225
50691,211
50692,232
50693,218
50694,231
50695,227
50696,220
50697,222
50698,209
50699,220
50700,232
50701,219
50702,256
50703,208
50704,208
50705,231
50706,180
50707,245
50708,223
50709,230
50710,226
50711,214
50712,192
50713,233
50714,219
50715,218
50716,209
50717,191
50718,196
50719,228
50720,213
50721,219
50722,224
50723,210
50724,227
50725,210
50726,225
50727,196
50728,217
50729,222
50730,219
50731,208
50732,212
50733,211
50734,240
50735,255
50736,215
50737,220
50738,214
50739,203
50740,206
50741,204
50742,202
50743,223
50744,198
50745,227
50746,205
50747,228
50748,216
50749,211
50750,232
50751,231
50752,215
50753,217
50754,231
50755,177
50756,212
50757,207
50758,219
50759,202
50760,205
50761,214
50762,191
50763,252
50764,193
50765,210
50766,223
50767,198
50768,214
50769,231
50770,205
50771,236
50772,208
50773,172
50774,199
50775,204
50776,187
50777,225
50778,216
50779,194
50780,222
50781,203
50782,197
50783,234
50784,210
50785,226
50786,195
50787,217
50788,232
50789,239
50790,210
50791,195
50792,204
50793,219
50794,209
50795,217
50796,198
50797,234
50798,205
50799,228
50800,216
50801,229
50802,197
50803,259
50804,252
50805,225
50806,213
50807,223
50808,230
50809,232
50810,229
50811,209
50812,201
50813,218
50814,216
50815,245
50816,229
50817,235
50818,229
50819,228
50820,242
50821,219
50822,239
50823,219
50824,250
50825,244
50826,176
50827,223
50828,225
50829,254
50830,223
50831,202
50832,215
50833,234
50834,250
50835,243
50836,221
50837,247
50838,209
50839,224
50840,218
50841,214
50842,241
50843,244
50844,225
50845,222
50846,232
50847,237
50848,279
50849,241
50850,262
50851,251
50852,225
50853,258
50854,263
50855,231
50856,233
50857,280
50858,259
50859,234
50860,228
50861,210
50862,259
50863,262
50864,276
50865,288
50866,275
50867,260
50868,263
50869,241
50870,262
50871,280
50872,237
50873,252
50874,247
50875,271
50876,261
50877,220
50878,270
50879,272
50880,225
50881,284
50882,253
50883,254
50884,216
50885,266
50886,291
50887,261
50888,269
50889,246
50890,268
50891,249
50892,238
50893,236
50894,246
50895,257
50896,290
50897,232
50898,265
50899,280
50900,231
50901,277
50902,216
50903,258
50904,238
50905,238
50906,221
50907,277
50908,197
50909,244
50910,210
50911,263
50912,204
50913,215
50914,209
50915,211
50916,202
50917,205
50918,235
50919,220
50920,234
50921,213
50922,222
50923,200
50924,234
50925,220
50926,221
50927,211
50928,203
50929,226
50930,240
50931,219
50932,209
50933,225
50934,201
50935,226
50936,222
50937,233
50938,205
50939,263
50940,211
50941,249
50942,267
50943,240
50944,254
50945,265
50946,224
50947,265
50948,257
50949,252
50950,257
50951,304
50952,257
50953,260
50954,234
50955,253
50956,251
50957,271
50958,210
50959,250
50960,226
50961,242
50962,232
50963,256
50964,244
50965,254
50966,224
50967,282
50968,248
50969,243
50970,236
50971,235
50972,280
50973,228
50974,244
50975,215
50976,275
50977,232
50978,222
50979,260
50980,273
50981,253
50982,233
50983,216
50984,244
50985,234
50986,237
50987,254
50988,224
50989,256
50990,232
50991,255
50992,220
50993,217
50994,247
50995,228
50996,234
50997,216
50998,220
50999,221
51000,238
51001,210
51002,199
51003,231
51004,204
51005,257
51006,220
51007,202
51008,203
51009,248
51010,207
51011,234
51012,231
51013,225
51014,251
51015,207
51016,193
51017,179
51018,202
51019,234
51020,207
51021,205
51022,201
51023,209
51024,243
51025,231
51026,237
51027,238
51028,211
51029,203
51030,219
51031,164
51032,176
51033,202
51034,217
51035,263
51036,277
51037,271
51038,244
51039,254
51040,246
51041,226
51042,206
51043,207
51044,229
51045,221
51046,239
51047,205
51048,218
51049,228
51050,252
51051,228
51052,216
51053,231
51054,262
51055,244
51056,229
51057,246
51058,229
51059,203
51060,225
51061,230
51062,237
51063,218
51064,225
51065,228
51066,259
51067,263
51068,213
51069,263
51070,201
51071,211
51072,234
51073,237
51074,220
51075,234
51076,232
51077,262
51078,252
51079,215
51080,235
51081,245
51082,233
51083,227
51084,222
51085,255
51086,235
51087,191
51088,225
51089,243
51090,203
51091,248
51092,241
51093,200
51094,226
51095,273
51096,262
51097,254
51098,277
51099,241
51100,286
51101,245
51102,212
51103,212
51104,228
51105,251
51106,186
51107,231
51108,255
51109,256
51110,242
51111,220
51112,222
51113,231
51114,248
51115,228
51116,257
51117,294
51118,268
51119,262
51120,241
51121,226
51122,232
51123,231
51124,258
51125,240
51126,299
51127,243
51128,250
51129,265
51130,280
51131,231
51132,237
51133,301
51134,257
51135,288
51136,252
51137,261
51138,256
51139,278
51140,262
51141,268
51142,291
51143,292
51144,338
51145,296
51146,302
51147,289
51148,315
51149,322
51150,270
51151,284
51152,275
51153,278
51154,283
51155,308
51156,324
51157,280
51158,295
51159,341
51160,311
51161,302
51162,331
51163,285
51164,303
51165,287
51166,285
51167,311
51168,279
51169,284
51170,293
51171,283
51172,258
51173,308
51174,263
51175,324
51176,326
51177,298
51178,305
51179,302
51180,276
51181,275
51182,272
51183,283
51184,268
51185,289
51186,307
51187,325
51188,287
51189,335
51190,295
51191,310
51192,342
51193,316
51194,305
51195,343
51196,307
51197,283
51198,293
51199,282
51200,303
51201,310
51202,288
51203,301
51204,293
51205,290
51206,292
51207,328
51208,296
51209,318
51210,307
51211,262
51212,288
51213,296
51214,318
51215,305
51216,298
51217,301
51218,334
51219,286
51220,334
51221,303
51222,303
51223,307
51224,342
51225,288
51226,326
51227,313
51228,287
51229,319
51230,314
51231,298
51232,296
51233,290
51234,291
51235,293
51236,322
51237,289
51238,306
51239,328
51240,284
51241,277
51242,294
51243,283
51244,274
51245,260
51246,317
51247,287
51248,279
51249,303
51250,316
51251,287
51252,295
51253,262
51254,279
51255,269
51256,284
51257,280
51258,306
51259,264
51260,253
51261,264
51262,255
51263,286
51264,277
51265,255
51266,258
51267,227
51268,232
51269,231
51270,206
51271,220
51272,260
51273,222
51274,212
51275,224
51276,233
51277,233
51278,233
51279,197
51280,202
51281,234
51282,195
51283,206
51284,232
51285,204
51286,206
51287,235
51288,280
51289,222
51290,223
51291,240
51292,246
51293,226
51294,226
51295,235
51296,231
51297,254
51298,213
51299,233
51300,248
51301,224
51302,228
51303,251
51304,248
51305,227
51306,248
51307,242
51308,226
51309,234
51310,265
51311,230
51312,231
51313,240
51314,263
51315,233
51316,229
51317,257
51318,222
51319,224
51320,220
51321,239
51322,255
51323,246
51324,244
51325,242
51326,246
51327,252
51328,283
51329,237
51330,271
51331,242
51332,262
51333,232
51334,257
51335,255
51336,222
51337,253
51338,304
51339,264
51340,248
51341,240
51342,266
51343,235
51344,235
51345,247
51346,255
51347,270
51348,262
51349,229
51350,247
51351,228
51352,254
51353,265
51354,221
51355,256
51356,201
51357,250
51358,268
51359,291
51360,262
51361,258
51362,291
51363,283
51364,259
51365,272
51366,276
51367,250
51368,301
51369,287
51370,302
51371,281
51372,290
51373,286
51374,290
51375,325
51376,314
51377,338
51378,341
51379,323
51380,328
51381,341
51382,335
51383,325
51384,273
51385,310
51386,341
51387,352
51388,319
51389,313
51390,326
51391,282
51392,296
51393,313
51394,258
51395,276
51396,274
51397,342
51398,293
51399,289
51400,307
51401,293
51402,316
51403,301
51404,284
51405,327
51406,279
