NETCARE2015/data/raw/Flight5/CPC3776_POLAR6_20150409_r2_NETCARE.ict
35,1001
Abbatt,Jon
University of Toronto
Polar 6
NETCARE
1,1
2015,4,9,2017,8,16
1
time,seconds,seconds from start in UTC
1
1
-99999
conc,number of particles per cm3
0
20
PI_CONTACT_INFO: 80 St. George Street; Toronto; ON M5S 3H6 CANADA; email: jabbatt@chem.utoronto.ca
PLATFORM: Polar 6 aircraft
LOCATION: Canadian Arctic near Alert
ASSOCIATED_DATA: none
INSTRUMENT_INFO: The Ultrafine Condensation Particle Counter 3776 is a continuous-flow instrument that detects particles down to 2.5 nm. It operates at an aerosol flow rate of 50 cm^3/min and detects concentrations from 0 to 300 000 particles/cm^3 with coincidence correction.
DATA_INFO: all relevant information is given above
UNCERTAINTY:  ±10% of measured value
ULOD_FLAG: -7777
ULOD_VALUE: N/As
LLOD_FLAG: -8888
LLOD_VALUE: N/A
DM_CONTACT_INFO: Data collected by Julia Burkart. Please direct all correspondence to Jon Abbatt: jabbatt@chem.utoronto.ca
PROJECT_INFO: Polar 6 NETCARE Spring 2015 campaign
STIPULATIONS_ON_USE: N/A
OTHER_COMMENTS: N/A
REVISION: R2, R1, R0
R2: zero and filter measurements are removed
R1: uncorrected raw data
R0: raw data
time,conc
[from data line 11059]
60871,238
60872,239
60873,232
60874,257
60875,260
60876,234
60877,257
60878,242
60879,235
60880,245
60881,261
60882,279
60883,246
60884,248
60885,251
60886,261
60887,248
60888,272
60889,238
60890,255
60891,250
60892,241
60893,240
60894,258
60895,274
60896,269
60897,219
60898,271
60899,242
60900,233
60901,274
60902,263
60903,265
60904,254
60905,247
60906,231
60907,249
60908,224
60909,219
60910,239
60911,231
60912,251
60913,243
60914,240
60915,257
60916,230
60917,231
60918,248
60919,205
60920,264
60921,237
60922,277
60923,234
60924,218
60925,240
60926,248
60927,235
60928,234
60929,223
60930,229
60931,236
60932,251
60933,247
60934,226
60935,242
60936,280
60937,271
60938,272
60939,243
60940,257
60941,230
60942,260
60943,245
60944,228
60945,262
60946,262
60947,250
60948,262
60949,231
60950,261
60951,232
60952,248
60953,247
60954,258
60955,246
60956,235
60957,246
60958,266
60959,263
60960,277
60961,257
60962,254
60963,238
60964,271
60965,267
60966,263
60967,265
60968,235
60969,265
60970,257
60971,283
60972,254
60973,268
60974,265
60975,259
60976,267
60977,275
60978,285
60979,250
60980,215
60981,274
60982,257
60983,271
60984,234
60985,212
60986,242
60987,202
60988,191
60989,252
60990,226
60991,232
60992,257
60993,216
60994,234
60995,225
60996,213
60997,225
60998,255
60999,-99999
61000,-99999
61001,-99999
61002,-99999
61003,-99999
61004,-99999
61005,-99999
61006,-99999
61007,-99999
61008,-99999
61009,-99999
61010,-99999
61011,-99999
61012,-99999
61013,-99999
61014,-99999
61015,-99999
61016,-99999
61017,-99999
61018,-99999
61019,-99999
61020,-99999
61021,-99999
61022,-99999
61023,-99999
61024,-99999
61025,-99999
61026,-99999
61027,-99999
61028,-99999
61029,-99999
61030,-99999
61031,-99999
61032,-99999
61033,-99999
61034,-99999
61035,-99999
61036,-99999
61037,-99999
61038,-99999
61039,-99999
61040,-99999
61041,-99999
61042,-99999
61043,-99999
61044,-99999
61045,-99999
61046,-99999
61047,-99999
61048,-99999
61049,-99999
61050,-99999
61051,-99999
61052,-99999
61053,-99999
61054,-99999
61055,-99999
61056,-99999
61057,-99999
61058,-99999
61059,-99999
61060,-99999
61061,-99999
61062,-99999
61063,-99999
61064,-99999
61065,-99999
61066,-99999
61067,-99999
61068,-99999
61069,-99999
61070,-99999
61071,-99999
61072,-99999
61073,-99999
61074,-99999
61075,-99999
61076,-99999
61077,-99999
61078,-99999
61079,-99999
61080,-99999
61081,-99999
61082,-99999
61083,-99999
61084,-99999
61085,-99999
61086,-99999
61087,-99999
61088,-99999
61089,-99999
61090,-99999
61091,-99999
61092,-99999
61093,-99999
61094,-99999
61095,-99999
61096,-99999
61097,-99999
61098,-99999
61099,-99999
61100,-99999
61101,-99999
61102,-99999
61103,-99999
61104,-99999
61105,-99999
61106,-99999
61107,-99999
61108,-99999
61109,-99999
61110,-99999
61111,-99999
61112,-99999
61113,-99999
61114,-99999
61115,-99999
61116,-99999
61117,-99999
61118,-99999
61119,-99999
61120,-99999
61121,-99999
61122,-99999
61123,-99999
61124,-99999
61125,-99999
61126,-99999
61127,-99999
61128,-99999
61129,-99999
61130,-99999
61131,-99999
61132,-99999
61133,-99999
61134,-99999
61135,-99999
61136,-99999
61137,-99999
61138,-99999
61139,-99999
61140,-99999
61141,-99999
61142,-99999
61143,-99999
61144,-99999
61145,-99999
61146,-99999
61147,-99999
61148,-99999
61149,-99999
61150,-99999
61151,-99999
61152,-99999
61153,-99999
61154,-99999
61155,-99999
61156,-99999
61157,-99999
61158,-99999
61159,-99999
61160,-99999
61161,-99999
61162,-99999
61163,-99999
61164,-99999
61165,-99999
61166,-99999
61167,-99999
61168,-99999
61169,-99999
61170,-99999
61171,-99999
61172,-99999
61173,-99999
61174,-99999
61175,-99999
61176,-99999
61177,-99999
61178,-99999
61179,-99999
61180,-99999
61181,-99999
61182,-99999
61183,-99999
61184,-99999
61185,-99999
61186,-99999
61187,-99999
61188,-99999
61189,-99999
61190,-99999
61191,-99999
61192,-99999
61193,-99999
61194,-99999
61195,-99999
61196,-99999
61197,-99999
61198,-99999
61199,-99999
61200,-99999
61201,-99999
61202,-99999
61203,-99999
61204,-99999
61205,-99999
61206,-99999
61207,-99999
61208,-99999
61209,-99999
61210,-99999
61211,-99999
61212,-99999
61213,-99999
61214,-99999
61215,-99999
61216,-99999
61217,-99999
61218,-99999
61219,-99999
61220,-99999
61221,-99999
61222,-99999
61223,-99999
61224,-99999
61225,-99999
61226,-99999
61227,-99999
61228,-99999
61229,-99999
61230,-99999
61231,-99999
61232,-99999
61233,-99999
61234,-99999
61235,-99999
61236,-99999
61237,-99999
61238,-99999
61239,-99999
61240,-99999
61241,-99999
61242,-99999
61243,-99999
61244,-99999
61245,-99999
61246,-99999
61247,-99999
61248,-99999
61249,-99999
61250,-99999
61251,-99999
61252,-99999
61253,-99999
61254,-99999
61255,-99999
61256,-99999
61257,-99999
61258,-99999
61259,-99999
61260,-99999
61261,-99999
61262,-99999
61263,-99999
61264,-99999
61265,-99999
61266,-99999
61267,-99999
61268,-99999
61269,-99999
61270,-99999
61271,-99999
61272,-99999
61273,-99999
61274,-99999
61275,-99999
61276,-99999
61277,-99999
61278,-99999
61279,-99999
61280,-99999
61281,-99999
61282,-99999
61283,-99999
61284,-99999
61285,-99999
61286,-99999
61287,-99999
61288,-99999
61289,-99999
61290,-99999
61291,-99999
61292,-99999
61293,-99999
61294,-99999
61295,-99999
61296,-99999
61297,-99999
61298,-99999
61299,-99999
61300,-99999
61301,-99999
61302,-99999
61303,-99999
61304,-99999
61305,-99999
61306,-99999
61307,-99999
61308,-99999
61309,-99999
61310,-99999
61311,-99999
61312,-99999
61313,-99999
61314,-99999
61315,-99999
61316,-99999
61317,-99999
61318,-99999
61319,-99999
61320,-99999
61321,-99999
61322,-99999
61323,-99999
61324,-99999
61325,-99999
61326,-99999
61327,-99999
61328,-99999
61329,-99999
61330,-99999
61331,-99999
61332,-99999
61333,-99999
61334,-99999
61335,-99999
61336,-99999
61337,-99999
61338,-99999
61339,-99999
61340,-99999
61341,-99999
61342,-99999
61343,-99999
61344,-99999
61345,-99999
61346,-99999
61347,-99999
61348,-99999
61349,-99999
61350,-99999
61351,-99999
61352,-99999
61353,-99999
61354,-99999
61355,-99999
61356,-99999
61357,-99999
61358,-99999
61359,-99999
61360,-99999
61361,-99999
61362,-99999
61363,-99999
61364,-99999
61365,-99999
61366,-99999
61367,-99999
61368,-99999
61369,-99999
61370,-99999
61371,-99999
61372,-99999
61373,-99999
61374,-99999
61375,-99999
61376,-99999
61377,-99999
61378,-99999
61379,-99999
61380,-99999
61381,269
61382,256
61383,247
61384,239
61385,246
61386,256
61387,255
61388,302
61389,253
61390,224
61391,244
61392,260
61393,210
61394,244
61395,236
61396,255
61397,276
61398,271
61399,270
61400,257
61401,268
61402,272
61403,288
61404,257
61405,282
61406,245
61407,277
61408,237
61409,262
61410,241
61411,250
61412,273
61413,237
61414,249
61415,234
61416,231
61417,236
61418,247
61419,247
61420,252
61421,265
61422,279
61423,253
61424,220
61425,261
61426,243
61427,260
61428,251
61429,228
61430,247
61431,243
61432,243
61433,273
61434,288
61435,327
61436,287
61437,301
61438,271
61439,275
61440,261
61441,276
61442,262
61443,283
61444,277
61445,313
61446,267
61447,274
61448,266
61449,289
61450,262
61451,252
61452,271
61453,303
61454,274
61455,267
61456,263
61457,293
61458,254
61459,275
61460,273
61461,257
61462,316
61463,242
61464,283
61465,270
61466,292
61467,321
61468,314
61469,311
61470,275
61471,295
61472,270
61473,308
61474,301
61475,291
61476,311
61477,295
61478,315
61479,327
61480,309
61481,282
61482,285
61483,294
61484,278
61485,251
61486,255
61487,273
61488,254
61489,280
61490,276
61491,274
61492,298
61493,293
61494,284
61495,249
61496,294
61497,293
61498,281
61499,263
61500,301
61501,305
61502,295
61503,309
61504,315
61505,280
61506,333
61507,323
61508,306
61509,320
61510,298
61511,255
61512,260
61513,277
61514,306
61515,300
61516,290
61517,274
61518,312
61519,317
61520,337
61521,294
61522,285
61523,344
61524,310
61525,331
61526,301
61527,295
61528,314
61529,280
61530,284
61531,365
61532,341
61533,340
61534,284
61535,298
61536,302
61537,267
61538,318
61539,273
61540,306
61541,277
61542,307
61543,309
61544,292
61545,306
61546,325
61547,287
61548,304
61549,292
61550,299
61551,311
61552,317
61553,323
61554,323
61555,306
61556,279
61557,238
61558,320
61559,288
61560,270
61561,260
61562,287
61563,299
61564,299
61565,320
61566,317
61567,315
61568,334
61569,286
61570,283
61571,316
61572,340
61573,308
61574,294
61575,307
61576,249
61577,230
61578,245
61579,288
61580,231
61581,239
61582,262
61583,277
61584,288
61585,257
61586,250
61587,257
61588,320
61589,274
61590,293
61591,337
61592,287
61593,289
61594,299
61595,328
61596,325
61597,330
61598,330
61599,337
61600,291
61601,311
61602,290
61603,299
61604,293
61605,290
61606,282
61607,271
61608,320
61609,308
61610,283
61611,288
61612,305
61613,297
61614,260
61615,308
61616,257
61617,274
61618,290
61619,255
61620,253
61621,262
61622,258
61623,218
61624,247
61625,254
61626,243
61627,213
61628,251
61629,223
61630,259
61631,283
61632,256
61633,264
61634,249
61635,238
61636,215
61637,271
61638,238
61639,274
61640,256
61641,239
61642,257
61643,246
61644,245
61645,275
61646,235
61647,248
61648,245
61649,246
61650,235
61651,265
61652,229
61653,267
61654,228
61655,224
61656,260
61657,258
61658,220
61659,223
61660,233
61661,224
61662,230
61663,230
61664,255
61665,228
61666,231
61667,237
61668,215
61669,237
61670,233
61671,239
61672,234
61673,255
61674,236
61675,251
61676,250
61677,223
61678,231
61679,229
61680,254
61681,214
61682,240
61683,227
61684,244
61685,256
61686,220
61687,233
61688,259
61689,236
61690,244
61691,232
61692,249
61693,216
61694,233
61695,245
61696,260
61697,260
61698,263
61699,254
61700,234
61701,301
61702,239
61703,256
61704,255
61705,224
61706,275
61707,245
61708,256
61709,235
61710,257
61711,243
61712,259
61713,281
61714,216
61715,255
61716,257
61717,268
61718,242
61719,264
61720,251
61721,235
61722,245
61723,268
61724,245
61725,254
61726,277
61727,271
61728,279
61729,258
61730,268
61731,275
61732,241
61733,234
61734,232
61735,272
61736,263
61737,251
61738,263
61739,273
61740,253
61741,246
61742,251
61743,265
61744,230
61745,249
61746,244
61747,229
61748,286
61749,271
61750,235
61751,238
61752,226
61753,236
61754,241
61755,223
61756,261
61757,238
61758,244
61759,234
61760,257
61761,245
61762,244
61763,219
61764,249
61765,216
61766,251
61767,218
61768,244
61769,245
61770,247
61771,231
61772,228
61773,240
61774,239
61775,238
61776,242
61777,222
61778,214
61779,254
61780,200
61781,241
61782,216
61783,237
61784,221
61785,216
61786,216
61787,208
61788,216
61789,215
61790,217
61791,239
61792,193
61793,221
61794,214
61795,226
61796,227
61797,231
61798,199
61799,219
61800,242
61801,237
61802,204
61803,196
61804,187
61805,234
61806,236
61807,203
61808,208
61809,230
61810,238
61811,223
61812,199
61813,227
61814,214
61815,201
61816,224
61817,233
61818,222
61819,201
61820,201
61821,236
61822,219
61823,230
61824,195
61825,224
61826,200
61827,218
61828,233
61829,231
61830,217
61831,237
61832,230
61833,206
61834,223
61835,213
61836,217
61837,212
61838,232
61839,227
61840,209
61841,216
61842,221
61843,218
61844,206
61845,193
61846,237
61847,242
61848,221
61849,228
61850,230
61851,239
61852,223
61853,220
61854,241
61855,207
61856,220
61857,239
61858,199
61859,202
61860,230
61861,218
61862,203
61863,213
61864,197
61865,225
61866,237
61867,215
61868,223
61869,225
61870,212
61871,245
61872,219
61873,223
61874,217
61875,225
61876,223
61877,231
61878,244
61879,244
61880,256
61881,255
61882,240
61883,257
61884,291
61885,255
61886,267
61887,248
61888,248
61889,273
61890,247
61891,263
61892,245
61893,235
61894,294
61895,243
61896,270
61897,255
61898,257
61899,249
61900,301
61901,274
61902,258
61903,236
61904,268
61905,272
61906,235
61907,288
61908,248
61909,246
61910,261
61911,268
61912,254
61913,287
61914,260
61915,269
61916,308
61917,245
61918,281
61919,244
61920,228
61921,287
61922,270
61923,262
61924,226
61925,229
61926,247
61927,267
61928,269
61929,262
61930,231
61931,261
61932,271
61933,268
61934,248
61935,268
61936,276
61937,264
61938,259
61939,279
61940,242
61941,290
61942,259
61943,250
61944,265
61945,263
61946,267
61947,280
61948,274
61949,269
61950,280
61951,296
61952,263
61953,279
61954,289
61955,290
61956,291
61957,310
61958,261
61959,316
61960,296
61961,285
61962,250
61963,307
61964,268
61965,291
61966,285
61967,285
61968,325
61969,265
61970,290
61971,309
61972,274
61973,311
61974,311
61975,327
61976,333
61977,318
61978,273
61979,317
61980,293
61981,278
61982,311
61983,301
61984,297
61985,330
61986,318
61987,317
61988,323
61989,343
61990,326
61991,295
61992,357
61993,325
61994,353
61995,326
61996,339
61997,346
61998,326
61999,319
62000,351
62001,349
62002,298
62003,344
62004,304
62005,342
62006,331
62007,320
62008,317
62009,312
62010,341
62011,337
62012,313
62013,345
62014,330
62015,306
62016,271
62017,287
62018,277
62019,273
62020,289
62021,287
62022,277
62023,280
62024,304
62025,291
62026,292
62027,302
62028,285
62029,289
62030,267
62031,276
62032,260
62033,274
62034,246
62035,249
62036,256
62037,259
62038,262
62039,250
62040,256
62041,290
62042,248
62043,298
62044,277
62045,289
62046,267
62047,285
62048,249
62049,281
62050,259
62051,284
62052,305
62053,262
62054,249
62055,249
62056,294
62057,248
62058,254
62059,301
62060,253
62061,258
62062,252
62063,279
62064,269
62065,251
62066,292
62067,289
62068,259
62069,250
62070,238
62071,248
62072,270
62073,264
62074,279
62075,257
62076,272
62077,207
62078,263
62079,251
62080,287
62081,267
62082,263
62083,260
62084,276
62085,253
62086,261
62087,251
62088,245
62089,254
62090,251
62091,263
62092,270
62093,271
62094,251
62095,281
62096,269
62097,297
62098,251
62099,281
62100,276
62101,242
62102,256
62103,290
62104,268
62105,243
62106,268
62107,304
62108,307
62109,277
62110,249
62111,249
62112,256
62113,305
62114,271
62115,260
62116,291
62117,289
62118,289
62119,271
62120,253
62121,290
62122,291
62123,284
62124,246
62125,289
62126,297
62127,281
62128,292
62129,304
62130,302
62131,315
62132,291
62133,295
62134,263
62135,292
62136,291
62137,294
62138,259
62139,267
62140,284
62141,255
62142,254
62143,255
62144,273
62145,273
62146,262
62147,253
62148,236
62149,249
62150,261
62151,246
62152,284
62153,256
62154,268
62155,244
62156,243
62157,230
62158,297
62159,274
62160,243
62161,255
62162,273
62163,240
62164,281
62165,238
62166,245
62167,265
62168,285
62169,221
62170,282
62171,323
62172,273
62173,275
62174,284
62175,309
62176,293
62177,307
62178,281
62179,308
62180,271
62181,270
62182,305
62183,301
62184,296
62185,276
62186,278
62187,300
62188,324
62189,270
62190,269
62191,273
62192,313
62193,266
62194,259
62195,289
62196,283
62197,280
62198,290
62199,233
62200,303
62201,274
62202,273
62203,286
62204,251
62205,271
62206,245
62207,295
62208,256
62209,282
62210,266
62211,270
62212,290
62213,275
62214,279
62215,297
62216,242
62217,294
62218,304
62219,303
62220,275
62221,268
62222,305
62223,277
62224,290
62225,304
62226,280
62227,285
62228,299
62229,276
62230,278
62231,241
62232,279
62233,275
62234,262
62235,268
62236,266
62237,273
62238,262
62239,277
62240,292
62241,251
62242,285
62243,259
62244,294
62245,272
62246,275
62247,268
62248,264
62249,281
62250,290
62251,294
62252,280
62253,257
62254,314
62255,259
62256,272
62257,262
62258,277
62259,283
62260,290
62261,267
62262,249
62263,270
62264,264
62265,244
62266,245
62267,298
62268,294
62269,260
62270,294
62271,250
62272,267
62273,257
62274,276
62275,310
62276,258
62277,255
62278,281
62279,240
62280,268
62281,277
62282,275
62283,277
62284,270
62285,236
62286,239
62287,244
62288,244
62289,269
62290,269
62291,284
62292,253
62293,278
62294,252
62295,232
62296,242
62297,255
62298,266
62299,254
62300,259
62301,253
62302,262
62303,225
62304,255
62305,258
62306,244
62307,219
62308,227
62309,260
62310,240
62311,259
62312,240
62313,243
62314,254
62315,248
62316,278
62317,249
62318,271
62319,253
62320,238
62321,228
62322,267
62323,276
62324,256
62325,250
62326,268
62327,250
62328,233
62329,249
62330,271
62331,235
62332,241
62333,258
62334,241
62335,261
62336,239
62337,255
62338,217
62339,259
62340,233
62341,233
62342,257
62343,251
62344,265
62345,209
62346,248
62347,241
62348,246
62349,208
62350,236
62351,242
62352,225
62353,230
62354,256
