NETCARE2015/data/raw/Flight5/CPC3776_POLAR6_20150409_r2_NETCARE.ict
35,1001
Abbatt,Jon
University of Toronto
Polar 6
NETCARE
1,1
2015,4,9,2017,8,16
1
time,seconds,seconds from start in UTC
1
1
-99999
conc,number of particles per cm3
0
20
PI_CONTACT_INFO: 80 St. George Street; Toronto; ON M5S 3H6 CANADA; email: jabbatt@chem.utoronto.ca
PLATFORM: Polar 6 aircraft
LOCATION: Canadian Arctic near Alert
ASSOCIATED_DATA: none
INSTRUMENT_INFO: The Ultrafine Condensation Particle Counter 3776 is a continuous-flow instrument that detects particles down to 2.5 nm. It operates at an aerosol flow rate of 50 cm^3/min and detects concentrations from 0 to 300 000 particles/cm^3 with coincidence correction.
DATA_INFO: all relevant information is given above
UNCERTAINTY:  ±10% of measured value
ULOD_FLAG: -7777
ULOD_VALUE: N/As
LLOD_FLAG: -8888
LLOD_VALUE: N/A
DM_CONTACT_INFO: Data collected by Julia Burkart. Please direct all correspondence to Jon Abbatt: jabbatt@chem.utoronto.ca
PROJECT_INFO: Polar 6 NETCARE Spring 2015 campaign
STIPULATIONS_ON_USE: N/A
OTHER_COMMENTS: N/A
REVISION: R2, R1, R0
R2: zero and filter measurements are removed
R1: uncorrected raw data
R0: raw data
time,conc
[from data line 12544]
62356,241
62357,230
62358,227
62359,242
62360,247
62361,203
62362,222
62363,220
62364,232
62365,214
62366,236
62367,235
62368,216
62369,232
62370,213
62371,236
62372,214
62373,197
62374,221
62375,205
62376,195
62377,259
62378,227
62379,237
62380,236
62381,198
62382,223
62383,197
62384,206
62385,202
62386,212
62387,194
62388,207
62389,176
62390,221
62391,207
62392,199
62393,216
62394,182
62395,184
62396,195
62397,199
62398,210
62399,206
62400,224
62401,221
62402,202
62403,176
62404,203
62405,217
62406,197
62407,184
62408,180
62409,203
62410,195
62411,186
62412,196
62413,201
62414,177
62415,211
62416,176
62417,233
62418,181
62419,197
62420,216
62421,213
62422,189
62423,180
62424,196
62425,176
62426,199
62427,196
62428,185
62429,170
62430,200
62431,194
62432,181
62433,173
62434,188
62435,229
62436,200
62437,175
62438,190
62439,196
62440,181
62441,177
62442,191
62443,201
62444,192
62445,203
62446,207
62447,191
62448,180
62449,189
62450,204
62451,185
62452,221
62453,193
62454,191
62455,191
62456,192
62457,197
62458,199
62459,183
62460,217
62461,176
62462,194
62463,199
62464,222
62465,183
62466,222
62467,213
62468,197
62469,206
62470,200
62471,188
62472,186
62473,201
62474,185
62475,190
62476,193
62477,187
62478,199
62479,213
62480,208
62481,193
62482,178
62483,199
62484,176
62485,172
62486,219
62487,203
62488,188
62489,220
62490,210
62491,199
62492,183
62493,222
62494,219
62495,187
62496,207
62497,231
62498,225
62499,205
62500,224
62501,220
62502,216
62503,201
62504,186
62505,191
62506,209
62507,210
62508,211
62509,230
62510,227
62511,211
62512,206
62513,193
62514,207
62515,235
62516,211
62517,227
62518,201
62519,193
62520,234
62521,200
62522,204
62523,233
62524,194
62525,191
62526,226
62527,227
62528,202
62529,235
62530,185
62531,214
62532,201
62533,208
62534,221
62535,200
62536,211
62537,201
62538,223
62539,212
62540,224
62541,209
62542,210
62543,215
62544,201
62545,201
62546,211
62547,219
62548,228
62549,212
62550,225
62551,214
62552,215
62553,205
62554,191
62555,202
62556,202
62557,213
62558,203
62559,196
62560,208
62561,214
62562,213
62563,231
62564,203
62565,233
62566,231
62567,203
62568,185
62569,204
62570,201
62571,214
62572,203
62573,204
62574,195
62575,212
62576,237
62577,205
62578,193
62579,209
62580,184
62581,214
62582,220
62583,201
62584,220
62585,203
62586,192
62587,220
62588,214
62589,228
62590,222
62591,194
62592,176
62593,210
62594,210
62595,236
62596,214
62597,234
62598,212
62599,219
62600,211
62601,218
62602,216
62603,212
62604,201
62605,218
62606,184
62607,202
62608,193
62609,208
62610,225
62611,206
62612,216
62613,214
62614,209
62615,213
62616,198
62617,215
62618,192
62619,202
62620,208
62621,189
62622,211
62623,215
62624,197
62625,200
62626,187
62627,197
62628,218
62629,200
62630,209
62631,212
62632,207
62633,204
62634,212
62635,195
62636,219
62637,191
62638,197
62639,219
62640,191
62641,217
62642,198
62643,177
62644,209
62645,189
62646,195
62647,196
62648,197
62649,215
62650,204
62651,207
62652,179
62653,213
62654,228
62655,224
62656,192
62657,218
62658,226
62659,204
62660,234
62661,218
62662,203
62663,207
62664,215
62665,241
62666,261
62667,223
62668,229
62669,223
62670,211
62671,220
62672,224
62673,226
62674,223
62675,225
62676,206
62677,223
62678,233
62679,204
62680,210
62681,227
62682,247
62683,234
62684,226
62685,172
62686,224
62687,219
62688,207
62689,216
62690,231
62691,229
62692,218
62693,240
62694,221
62695,213
62696,204
62697,207
62698,184
62699,207
62700,198
62701,207
62702,235
62703,205
62704,226
62705,228
62706,210
62707,211
62708,226
62709,219
62710,257
62711,240
62712,258
62713,268
62714,226
62715,209
62716,251
62717,240
62718,219
62719,219
62720,209
62721,204
62722,226
62723,208
62724,188
62725,202
62726,231
62727,222
62728,207
62729,208
62730,209
62731,230
62732,204
62733,219
62734,210
62735,204
62736,193
62737,238
62738,187
62739,196
62740,193
62741,206
62742,202
62743,239
62744,219
62745,205
62746,194
62747,220
62748,225
62749,219
62750,210
62751,192
62752,190
62753,216
62754,196
62755,222
62756,202
62757,226
62758,203
62759,198
62760,187
62761,174
62762,208
62763,203
62764,184
62765,214
62766,188
62767,211
62768,219
62769,204
62770,206
62771,210
62772,223
62773,216
62774,208
62775,218
62776,228
62777,196
62778,239
62779,209
62780,215
62781,197
62782,225
62783,196
62784,198
62785,209
62786,191
62787,188
62788,207
62789,213
62790,219
62791,211
62792,222
62793,198
62794,157
62795,229
62796,213
62797,194
62798,194
62799,195
62800,222
62801,185
62802,210
62803,226
62804,202
62805,192
62806,199
62807,202
62808,215
62809,206
62810,217
62811,207
62812,218
62813,189
62814,213
62815,213
62816,220
62817,198
62818,213
62819,218
62820,175
62821,209
62822,222
62823,172
62824,200
62825,176
62826,228
62827,201
62828,189
62829,196
62830,212
62831,194
62832,215
62833,213
62834,220
62835,214
62836,208
62837,218
62838,208
62839,192
62840,220
62841,209
62842,199
62843,210
62844,201
62845,219
62846,214
62847,196
62848,209
62849,191
62850,206
62851,201
62852,220
62853,194
62854,213
62855,178
62856,178
62857,219
62858,196
62859,197
62860,209
62861,196
62862,193
62863,192
62864,217
62865,205
62866,228
62867,211
62868,190
62869,229
62870,184
62871,206
62872,227
62873,228
62874,211
62875,203
62876,223
62877,218
62878,203
62879,171
62880,197
62881,217
62882,205
62883,199
62884,214
62885,214
62886,216
62887,208
62888,209
62889,215
62890,227
62891,192
62892,240
62893,216
62894,212
62895,210
62896,204
62897,196
62898,209
62899,191
62900,209
62901,230
62902,220
62903,222
62904,207
62905,199
62906,191
62907,198
62908,196
62909,209
62910,208
62911,203
62912,200
62913,204
62914,229
62915,228
62916,211
62917,235
62918,209
62919,211
62920,197
62921,197
62922,211
62923,207
62924,209
62925,208
62926,223
62927,216
62928,227
62929,224
62930,231
62931,191
62932,237
62933,205
62934,182
62935,234
62936,195
62937,194
62938,193
62939,225
62940,226
62941,233
62942,197
62943,230
62944,239
62945,214
62946,200
62947,217
62948,229
62949,223
62950,200
62951,199
62952,214
62953,226
62954,237
62955,246
62956,198
62957,240
62958,217
62959,217
62960,221
62961,230
62962,227
62963,195
62964,221
62965,213
62966,259
62967,231
62968,208
62969,238
62970,212
62971,216
62972,221
62973,236
62974,241
62975,229
62976,231
62977,250
62978,207
62979,234
62980,199
62981,203
62982,229
62983,236
62984,201
62985,226
62986,225
62987,203
62988,235
62989,238
62990,220
62991,207
62992,223
62993,219
62994,217
62995,242
62996,310
62997,234
62998,229
62999,257
63000,246
63001,265
63002,276
63003,317
63004,266
63005,305
63006,289
63007,339
63008,333
63009,325
63010,360
63011,362
63012,375
63013,418
63014,421
63015,382
63016,393
63017,420
63018,403
63019,403
63020,428
63021,471
63022,404
63023,351
63024,386
63025,356
63026,381
63027,359
63028,364
63029,336
63030,352
63031,335
63032,362
63033,363
63034,329
63035,337
63036,308
63037,316
63038,314
63039,325
63040,319
63041,290
63042,343
63043,320
63044,300
63045,283
63046,272
63047,293
63048,327
63049,260
63050,287
63051,261
63052,267
63053,267
63054,281
63055,288
63056,267
63057,264
63058,248
63059,270
63060,270
63061,223
63062,247
63063,228
63064,248
63065,261
63066,255
63067,259
63068,224
63069,234
63070,250
63071,236
63072,234
63073,218
63074,236
63075,229
63076,216
63077,223
63078,236
63079,231
63080,224
63081,228
63082,224
63083,233
63084,236
63085,220
63086,253
63087,217
63088,221
63089,207
63090,237
63091,217
63092,216
63093,220
63094,223
63095,234
63096,235
63097,233
63098,247
63099,264
63100,254
63101,293
63102,285
63103,264
63104,271
63105,232
63106,252
63107,254
63108,257
63109,257
63110,260
63111,266
63112,277
63113,275
63114,255
63115,238
63116,250
63117,247
63118,263
63119,243
63120,274
63121,269
63122,256
63123,300
63124,287
63125,273
63126,266
63127,250
63128,243
63129,273
63130,248
63131,235
63132,244
63133,228
63134,268
63135,242
63136,236
63137,242
63138,234
63139,243
63140,236
63141,220
63142,224
63143,254
63144,212
63145,272
63146,257
63147,242
63148,208
63149,209
63150,232
63151,230
63152,230
63153,209
63154,254
63155,245
63156,218
63157,243
63158,234
63159,203
63160,217
63161,217
63162,221
63163,238
63164,251
63165,214
63166,194
63167,254
63168,236
63169,206
63170,199
63171,225
63172,245
63173,251
63174,234
63175,231
63176,243
63177,219
63178,224
63179,234
63180,220
63181,254
63182,206
63183,201
63184,226
63185,237
63186,220
63187,186
63188,210
63189,200
63190,228
63191,227
63192,229
63193,224
63194,218
63195,210
63196,217
63197,239
63198,210
63199,201
63200,222
63201,217
63202,231
63203,212
63204,212
63205,205
63206,238
63207,190
63208,226
63209,210
63210,226
63211,217
63212,231
63213,205
63214,211
63215,216
63216,214
63217,220
63218,242
63219,242
63220,228
63221,231
63222,259
63223,233
63224,240
63225,216
63226,235
63227,244
63228,225
63229,227
63230,210
63231,228
63232,160
63233,227
63234,225
63235,213
63236,239
63237,247
63238,228
63239,224
63240,229
63241,228
63242,239
63243,233
63244,221
63245,233
63246,216
63247,215
63248,228
63249,245
63250,228
63251,240
63252,240
63253,216
63254,211
63255,237
63256,220
63257,244
63258,233
63259,223
63260,224
63261,206
63262,248
63263,221
63264,258
63265,218
63266,221
63267,248
63268,217
63269,253
63270,226
63271,212
63272,241
63273,228
63274,219
63275,224
63276,247
63277,267
63278,223
63279,218
63280,257
63281,247
63282,248
63283,234
63284,254
63285,253
63286,255
63287,262
63288,271
63289,224
63290,248
63291,256
63292,261
63293,255
63294,253
63295,253
63296,240
63297,253
63298,213
63299,273
63300,242
63301,253
63302,272
63303,286
63304,299
63305,285
63306,307
63307,336
63308,351
63309,316
63310,358
63311,376
63312,375
63313,325
63314,305
63315,260
63316,295
63317,279
63318,284
63319,304
63320,297
63321,314
63322,286
63323,309
63324,324
63325,258
63326,311
63327,286
63328,258
63329,244
63330,235
63331,242
63332,239
63333,254
63334,244
63335,272
63336,258
63337,288
63338,260
63339,285
63340,316
63341,279
63342,268
63343,301
63344,368
63345,315
63346,358
63347,327
63348,321
63349,296
63350,287
63351,296
63352,329
63353,301
63354,278
63355,288
63356,313
63357,314
63358,349
63359,361
63360,372
63361,359
63362,394
63363,368
63364,321
63365,393
63366,409
63367,365
63368,336
63369,331
63370,429
63371,300
63372,351
63373,362
63374,391
63375,402
63376,342
63377,328
63378,403
63379,413
63380,363
63381,337
63382,466
63383,443
63384,428
63385,400
63386,374
63387,389
63388,415
63389,357
63390,367
63391,390
63392,372
63393,398
63394,400
63395,371
63396,379
63397,399
63398,373
63399,435
63400,419
63401,422
63402,352
63403,365
63404,369
63405,354
63406,315
63407,349
63408,319
63409,315
63410,362
63411,303
63412,287
63413,374
63414,317
63415,384
63416,416
63417,419
63418,510
63419,503
63420,508
63421,404
63422,351
63423,356
63424,354
63425,374
63426,337
63427,326
63428,310
63429,309
63430,319
63431,341
63432,271
63433,293
63434,315
63435,268
63436,304
63437,288
63438,324
63439,372
63440,343
63441,329
63442,385
63443,311
63444,277
63445,302
63446,297
63447,345
63448,329
63449,332
63450,301
63451,295
63452,277
63453,294
63454,293
63455,380
63456,333
63457,323
63458,289
63459,279
63460,286
63461,306
63462,274
63463,284
63464,292
63465,304
63466,289
63467,353
63468,313
63469,324
63470,286
63471,275
63472,318
63473,304
63474,302
63475,288
63476,280
63477,258
63478,314
63479,293
63480,286
63481,283
63482,316
63483,268
63484,314
63485,296
63486,275
63487,303
63488,310
63489,337
63490,264
63491,292
63492,310
63493,306
63494,287
63495,295
63496,294
63497,322
63498,297
63499,295
63500,309
63501,279
63502,286
63503,306
63504,276
63505,286
63506,278
63507,292
63508,285
63509,255
63510,304
63511,273
63512,297
63513,259
63514,262
63515,250
63516,257
63517,281
63518,248
63519,289
63520,274
63521,277
63522,285
63523,270
63524,259
63525,271
63526,265
63527,270
63528,265
63529,305
63530,299
63531,294
63532,263
63533,276
63534,277
63535,292
63536,258
63537,295
63538,251
63539,269
63540,287
63541,258
63542,307
63543,263
63544,282
63545,285
63546,266
63547,265
63548,283
63549,284
63550,283
63551,283
63552,257
63553,291
63554,247
63555,282
63556,239
63557,243
63558,249
63559,255
63560,283
63561,292
63562,262
63563,287
63564,261
63565,272
63566,267
63567,267
63568,269
63569,256
63570,274
63571,287
63572,259
63573,246
63574,224
63575,234
63576,239
63577,263
63578,255
63579,277
63580,258
63581,257
63582,271
63583,263
63584,272
63585,247
63586,265
63587,204
63588,245
63589,248
63590,289
63591,268
63592,232
63593,238
63594,242
63595,213
63596,240
63597,230
63598,206
63599,216
63600,225
63601,222
63602,226
63603,249
63604,255
63605,238
63606,241
63607,245
63608,273
63609,271
63610,270
63611,240
63612,263
63613,271
63614,294
63615,210
63616,266
63617,225
63618,224
63619,268
63620,237
63621,248
63622,275
63623,281
63624,259
63625,258
63626,310
63627,269
63628,256
63629,249
63630,243
63631,290
63632,305
63633,278
63634,247
63635,262
63636,222
63637,230
63638,255
63639,257
63640,276
63641,271
63642,226
63643,272
63644,317
63645,263
63646,243
63647,243
63648,249
63649,252
63650,226
63651,229
63652,232
63653,247
63654,221
63655,237
63656,231
63657,240
63658,244
63659,250
63660,203
63661,238
63662,242
63663,292
63664,222
63665,209
63666,228
63667,206
63668,262
63669,251
63670,228
63671,213
63672,211
63673,219
63674,202
63675,240
63676,210
63677,232
63678,220
63679,209
63680,234
63681,203
63682,235
63683,240
63684,209
63685,223
63686,203
63687,245
63688,234
63689,245
63690,227
63691,218
63692,210
63693,250
63694,196
63695,223
63696,227
63697,233
63698,242
63699,259
63700,215
63701,254
63702,223
63703,213
63704,220
63705,230
63706,257
63707,213
63708,240
63709,248
63710,222
63711,233
63712,220
63713,242
63714,218
63715,227
63716,210
63717,186
63718,209
63719,225
63720,238
63721,193
63722,203
63723,244
63724,218
63725,219
63726,217
63727,235
63728,220
63729,199
63730,219
63731,212
63732,211
63733,211
63734,204
63735,221
63736,228
63737,221
63738,197
63739,214
63740,218
63741,203
63742,220
63743,218
63744,231
63745,222
63746,208
63747,220
63748,206
63749,251
63750,221
63751,206
63752,231
63753,236
63754,223
63755,197
63756,228
63757,197
63758,224
63759,241
63760,202
63761,225
63762,214
63763,197
63764,242
63765,222
63766,236
63767,224
63768,203
63769,223
63770,211
63771,221
63772,229
63773,204
63774,234
63775,212
63776,232
63777,236
63778,206
63779,237
63780,223
63781,223
63782,241
63783,233
63784,207
63785,245
63786,226
63787,236
63788,235
63789,248
63790,228
63791,220
63792,230
63793,230
63794,239
63795,223
63796,241
63797,220
63798,246
63799,226
63800,248
63801,225
63802,226
63803,207
63804,196
63805,216
63806,188
63807,225
63808,213
63809,217
63810,220
63811,199
63812,206
63813,219
63814,221
63815,218
63816,214
63817,233
63818,229
63819,234
63820,224
63821,240
63822,216
63823,211
63824,205
63825,203
63826,214
63827,201
63828,230
63829,201
63830,225
63831,226
63832,225
63833,243
63834,232
63835,222
63836,197
63837,224
63838,210
63839,235
63840,205
63841,257
63842,192
63843,230
63844,247
63845,218
63846,223
63847,188
63848,226
63849,192
63850,214
63851,221
63852,205
63853,187
63854,220
63855,203
63856,202
63857,258
63858,221
63859,210
63860,200
63861,234
63862,218
63863,226
63864,232
63865,231
63866,212
63867,241
63868,220
63869,240
63870,227
63871,239
63872,222
63873,223
63874,228
63875,231
63876,228
63877,229
63878,235
63879,223
63880,190
63881,239
63882,204
63883,204
63884,221
63885,230
63886,211
63887,212
63888,214
63889,243
63890,212
63891,203
63892,208
63893,223
63894,217
63895,180
63896,210
63897,197
63898,217
63899,206
63900,213
63901,217
63902,241
63903,200
63904,212
63905,239
63906,204
63907,202
63908,215
63909,192
63910,212
63911,200
63912,229
63913,205
63914,241
63915,218
63916,187
63917,241
63918,203
63919,219
63920,226
63921,216
63922,237
63923,241
63924,212
63925,223
63926,215
63927,221
63928,226
63929,190
63930,228
63931,220
63932,222
63933,230
63934,205
63935,211
63936,204
63937,240
63938,205
63939,194
63940,252
63941,236
63942,193
63943,232
63944,227
63945,239
63946,217
63947,222
63948,211
63949,184
63950,223
63951,216
63952,208
63953,210
63954,242
