NETCARE2015/data/raw/Flight5/CPC3772_POLAR6_20150409_r2_NETCARE.ict
35,1001
Abbatt,Jon
University of Toronto
Polar 6
NETCARE
1,1
2015,4,9,2017,8,16
1
time,seconds,seconds from start in UTC
1
1
-99999
conc,number of particles per cm3
0
20
PI_CONTACT_INFO: 80 St. George Street; Toronto; ON M5S 3H6 CANADA; email: jabbatt@chem.utoronto.ca
PLATFORM: Polar 6 aircraft
LOCATION: Canadian Arctic near Alert
ASSOCIATED_DATA: none
INSTRUMENT_INFO: Condensation Particle Counter Model 3772 is an instrument that detects airborne particles down to 10 nm at an aerosol flow rate of 1.0 L/min, over a concentration range from 0 to 10^4 particles/cm^3 
DATA_INFO: all relevant information is given above
UNCERTAINTY:  ±10% of measured value
ULOD_FLAG: -7777
ULOD_VALUE: N/As
LLOD_FLAG: -8888
LLOD_VALUE: N/A
DM_CONTACT_INFO: Data collected by Julia Burkart. Please direct all correspondence to Jon Abbatt: jabbatt@chem.utoronto.ca
PROJECT_INFO: Polar 6 NETCARE Spring 2015 campaign
STIPULATIONS_ON_USE: N/A
OTHER_COMMENTS: N/A
REVISION: R2, R1, R0
R2: zero and filter measurements are removed
R1: uncorrected raw data
R0: raw data
time,conc
[from data line 3158]
52970,223
52971,224
52972,217
52973,230
52974,235
52975,220
52976,228
52977,226
52978,227
52979,225
52980,219
52981,227
52982,221
52983,228
52984,235
52985,225
52986,235
52987,231
52988,228
52989,226
52990,232
52991,224
52992,228
52993,230
52994,225
52995,225
52996,221
52997,223
52998,230
52999,224
53000,222
53001,229
53002,222
53003,229
53004,227
53005,224
53006,228
53007,229
53008,226
53009,227
53010,228
53011,230
53012,230
53013,224
53014,224
53015,229
53016,236
53017,229
53018,228
53019,224
53020,230
53021,228
53022,222
53023,230
53024,228
53025,232
53026,227
53027,229
53028,226
53029,227
53030,227
53031,229
53032,228
53033,230
53034,226
53035,229
53036,229
53037,223
53038,233
53039,232
53040,225
53041,233
53042,230
53043,233
53044,233
53045,232
53046,226
53047,230
53048,230
53049,233
53050,227
53051,230
53052,223
53053,226
53054,229
53055,223
53056,234
53057,229
53058,236
53059,229
53060,231
53061,232
53062,235
53063,227
53064,232
53065,230
53066,231
53067,224
53068,237
53069,232
53070,223
53071,223
53072,228
53073,228
53074,226
53075,226
53076,227
53077,228
53078,226
53079,226
53080,236
53081,234
53082,228
53083,223
53084,227
53085,231
53086,229
53087,233
53088,231
53089,225
53090,232
53091,228
53092,235
53093,226
53094,225
53095,230
53096,229
53097,237
53098,228
53099,223
53100,225
53101,228
53102,227
53103,223
53104,227
53105,235
53106,229
53107,222
53108,225
53109,230
53110,226
53111,232
53112,229
53113,223
53114,228
53115,227
53116,232
53117,227
53118,226
53119,228
53120,228
53121,233
53122,231
53123,234
53124,228
53125,226
53126,222
53127,227
53128,236
53129,229
53130,228
53131,235
53132,225
53133,228
53134,221
53135,230
53136,231
53137,234
53138,233
53139,230
53140,233
53141,231
53142,228
53143,230
53144,224
53145,228
53146,236
53147,233
53148,239
53149,233
53150,234
53151,228
53152,235
53153,230
53154,233
53155,232
53156,234
53157,231
53158,235
53159,232
53160,231
53161,232
53162,234
53163,235
53164,233
53165,232
53166,231
53167,235
53168,224
53169,233
53170,233
53171,228
53172,232
53173,237
53174,234
53175,232
53176,235
53177,230
53178,235
53179,233
53180,232
53181,230
53182,229
53183,236
53184,229
53185,224
53186,220
53187,229
53188,218
53189,224
53190,223
53191,223
53192,217
53193,228
53194,223
53195,232
53196,230
53197,233
53198,232
53199,232
53200,229
53201,229
53202,230
53203,227
53204,233
53205,230
53206,224
53207,223
53208,223
53209,217
53210,226
53211,217
53212,227
53213,226
53214,224
53215,226
53216,220
53217,226
53218,222
53219,218
53220,225
53221,223
53222,231
53223,227
53224,218
53225,227
53226,226
53227,226
53228,222
53229,223
53230,225
53231,223
53232,227
53233,226
53234,228
53235,225
53236,221
53237,223
53238,221
53239,223
53240,224
53241,223
53242,226
53243,220
53244,225
53245,225
53246,220
53247,218
53248,230
53249,219
53250,226
53251,223
53252,216
53253,227
53254,231
53255,222
53256,220
53257,224
53258,226
53259,232
53260,226
53261,228
53262,224
53263,224
53264,225
53265,232
53266,227
53267,224
53268,230
53269,230
53270,222
53271,227
53272,229
53273,227
53274,226
53275,224
53276,237
53277,227
53278,227
53279,230
53280,229
53281,231
53282,235
53283,239
53284,230
53285,227
53286,231
53287,228
53288,235
53289,223
53290,228
53291,225
53292,224
53293,232
53294,226
53295,231
53296,226
53297,226
53298,235
53299,223
53300,227
53301,226
53302,224
53303,227
53304,229
53305,221
53306,223
53307,221
53308,224
53309,233
53310,226
53311,223
53312,224
53313,224
53314,230
53315,218
53316,217
53317,227
53318,226
53319,217
53320,224
53321,219
53322,225
53323,216
53324,218
53325,213
53326,219
53327,220
53328,223
53329,215
53330,227
53331,219
53332,222
53333,222
53334,224
53335,225
53336,225
53337,219
53338,225
53339,224
53340,222
53341,223
53342,226
53343,227
53344,227
53345,229
53346,221
53347,226
53348,216
53349,222
53350,232
53351,228
53352,219
53353,228
53354,226
53355,223
53356,224
53357,229
53358,232
53359,231
53360,234
53361,235
53362,219
53363,226
53364,228
53365,232
53366,232
53367,230
53368,226
53369,235
53370,227
53371,228
53372,228
53373,224
53374,234
53375,225
53376,228
53377,228
53378,229
53379,229
53380,230
53381,222
53382,223
53383,218
53384,219
53385,226
53386,223
53387,227
53388,225
53389,220
53390,223
53391,227
53392,227
53393,220
53394,223
53395,219
53396,221
53397,226
53398,223
53399,223
53400,223
53401,226
53402,223
53403,222
53404,222
53405,228
53406,219
53407,225
53408,227
53409,222
53410,221
53411,221
53412,220
53413,216
53414,219
53415,220
53416,221
53417,220
53418,218
53419,211
53420,218
53421,220
53422,222
53423,219
53424,219
53425,224
53426,218
53427,213
53428,216
53429,212
53430,221
53431,216
53432,221
53433,222
53434,223
53435,214
53436,214
53437,219
53438,221
53439,230
53440,226
53441,226
53442,226
53443,218
53444,227
53445,223
53446,230
53447,222
53448,219
53449,223
53450,219
53451,219
53452,226
53453,222
53454,228
53455,220
53456,224
53457,225
53458,219
53459,221
53460,224
53461,226
53462,230
53463,236
53464,230
53465,227
53466,231
53467,230
53468,232
53469,227
53470,235
53471,235
53472,229
53473,232
53474,230
53475,229
53476,225
53477,228
53478,233
53479,228
53480,229
53481,231
53482,234
53483,230
53484,239
53485,233
53486,226
53487,229
53488,234
53489,234
53490,232
53491,237
53492,234
53493,236
53494,229
53495,231
53496,234
53497,229
53498,231
53499,231
53500,231
53501,236
53502,234
53503,231
53504,233
53505,227
53506,239
53507,237
53508,225
53509,232
53510,233
53511,234
53512,238
53513,235
53514,233
53515,242
53516,234
53517,234
53518,230
53519,238
53520,230
53521,237
53522,233
53523,233
53524,241
53525,228
53526,235
53527,233
53528,229
53529,232
53530,238
53531,234
53532,230
53533,229
53534,236
53535,233
53536,226
53537,232
53538,227
53539,233
53540,232
53541,241
53542,228
53543,230
53544,224
53545,230
53546,228
53547,232
53548,232
53549,228
53550,230
53551,223
53552,231
53553,230
53554,231
53555,230
53556,226
53557,229
53558,226
53559,231
53560,229
53561,229
53562,226
53563,233
53564,228
53565,228
53566,222
53567,226
53568,230
53569,238
53570,230
53571,228
53572,233
53573,225
53574,231
53575,232
53576,218
53577,238
53578,226
53579,224
53580,235
53581,229
53582,225
53583,230
53584,234
53585,225
53586,232
53587,229
53588,231
53589,236
53590,227
53591,227
53592,234
53593,233
53594,227
53595,227
53596,236
53597,234
53598,233
53599,236
53600,229
53601,224
53602,235
53603,232
53604,227
53605,228
53606,233
53607,233
53608,224
53609,236
53610,222
53611,231
53612,228
53613,226
53614,231
53615,231
53616,226
53617,227
53618,231
53619,233
53620,223
53621,224
53622,231
53623,226
53624,226
53625,236
53626,228
53627,227
53628,233
53629,231
53630,237
53631,228
53632,229
53633,226
53634,224
53635,231
53636,226
53637,227
53638,229
53639,234
53640,229
53641,233
53642,227
53643,234
53644,237
53645,235
53646,235
53647,232
53648,240
53649,240
53650,242
53651,235
53652,232
53653,237
53654,234
53655,232
53656,230
53657,231
53658,231
53659,231
53660,238
53661,229
53662,238
53663,235
53664,234
53665,236
53666,232
53667,231
53668,229
53669,234
53670,242
53671,234
53672,230
53673,233
53674,235
53675,225
53676,236
53677,236
53678,241
53679,232
53680,234
53681,235
53682,248
53683,235
53684,235
53685,244
53686,239
53687,240
53688,234
53689,238
53690,243
53691,235
53692,235
53693,234
53694,233
53695,237
53696,238
53697,240
53698,240
53699,238
53700,233
53701,243
53702,234
53703,240
53704,238
53705,240
53706,242
53707,233
53708,233
53709,237
53710,236
53711,239
53712,236
53713,237
53714,234
53715,233
53716,235
53717,232
53718,231
53719,236
53720,242
53721,232
53722,239
53723,240
53724,229
53725,230
53726,234
53727,239
53728,227
53729,233
53730,239
53731,236
53732,238
53733,236
53734,224
53735,243
53736,232
53737,234
53738,239
53739,233
53740,231
53741,228
53742,237
53743,235
53744,243
53745,235
53746,235
53747,239
53748,234
53749,232
53750,230
53751,234
53752,236
53753,232
53754,237
53755,241
53756,236
53757,237
53758,232
53759,234
53760,230
53761,236
53762,226
53763,228
53764,240
53765,235
53766,233
53767,233
53768,234
53769,235
53770,229
53771,236
53772,226
53773,229
53774,236
53775,231
53776,233
53777,230
53778,239
53779,229
53780,234
53781,231
53782,232
53783,229
53784,230
53785,229
53786,238
53787,233
53788,233
53789,231
53790,231
53791,229
53792,230
53793,232
53794,231
53795,232
53796,234
53797,232
53798,233
53799,228
53800,229
53801,232
53802,235
53803,228
53804,233
53805,230
53806,235
53807,228
53808,234
53809,239
53810,233
53811,234
53812,225
53813,233
53814,241
53815,239
53816,234
53817,233
53818,239
53819,227
53820,229
53821,226
53822,227
53823,233
53824,226
53825,237
53826,238
53827,229
53828,227
53829,234
53830,228
53831,239
53832,240
53833,235
53834,229
53835,233
53836,228
53837,234
53838,234
53839,233
53840,232
53841,237
53842,228
53843,227
53844,233
53845,229
53846,226
53847,235
53848,233
53849,225
53850,232
53851,223
53852,233
53853,241
53854,233
53855,232
53856,234
53857,233
53858,228
53859,228
53860,230
53861,236
53862,231
53863,230
53864,233
53865,229
53866,235
53867,234
53868,226
53869,228
53870,238
53871,230
53872,228
53873,227
53874,227
53875,231
53876,239
53877,231
53878,226
53879,231
53880,229
53881,227
53882,231
53883,226
53884,232
53885,226
53886,225
53887,229
53888,221
53889,230
53890,229
53891,224
53892,222
53893,226
53894,232
53895,228
53896,228
53897,229
53898,227
53899,230
53900,228
53901,225
53902,225
53903,230
53904,228
53905,227
53906,230
53907,223
53908,221
53909,224
53910,225
53911,225
53912,231
53913,223
53914,226
53915,223
53916,229
53917,226
53918,229
53919,229
53920,219
53921,228
53922,226
53923,229
53924,225
53925,223
53926,222
53927,228
53928,221
53929,232
53930,226
53931,223
53932,235
53933,224
53934,235
53935,228
53936,226
53937,220
53938,228
53939,233
53940,220
53941,229
53942,221
53943,234
53944,232
53945,232
53946,228
53947,225
53948,226
53949,221
53950,226
53951,229
53952,225
53953,231
53954,224
53955,225
53956,224
53957,226
53958,224
53959,226
53960,225
53961,223
53962,225
53963,226
53964,226
53965,224
53966,221
53967,225
53968,225
53969,224
53970,223
53971,224
53972,220
53973,221
53974,212
53975,222
53976,217
53977,228
53978,226
53979,222
53980,219
53981,219
53982,222
53983,219
53984,224
53985,220
53986,227
53987,220
53988,218
53989,223
53990,221
53991,219
53992,218
53993,221
53994,222
53995,221
53996,214
53997,219
53998,221
53999,220
54000,216
54001,216
54002,217
54003,224
54004,219
54005,218
54006,223
54007,221
54008,217
54009,215
54010,213
54011,222
54012,220
54013,211
54014,225
54015,224
54016,218
54017,221
54018,215
54019,209
54020,210
54021,204
54022,204
54023,208
54024,200
54025,212
54026,207
54027,199
54028,203
54029,196
54030,193
54031,197
54032,194
54033,204
54034,198
54035,194
54036,192
54037,191
54038,193
54039,192
54040,196
54041,197
54042,198
54043,195
54044,189
54045,188
54046,191
54047,186
54048,186
54049,186
54050,185
54051,184
54052,189
54053,186
54054,191
54055,185
54056,182
54057,186
54058,181
54059,192
54060,187
54061,184
54062,187
54063,184
54064,188
54065,186
54066,185
54067,185
54068,181
54069,181
54070,180
54071,184
54072,187
54073,183
54074,182
54075,180
54076,183
54077,183
54078,181
54079,176
54080,187
54081,180
54082,187
54083,183
54084,183
54085,182
54086,176
54087,176
54088,174
54089,173
54090,168
54091,174
54092,175
54093,178
54094,188
54095,184
54096,184
54097,184
54098,188
54099,179
54100,183
54101,170
54102,180
54103,177
54104,179
54105,173
54106,178
54107,183
54108,177
54109,184
54110,176
54111,175
54112,174
54113,173
54114,176
54115,169
54116,177
54117,179
54118,176
54119,173
54120,179
54121,175
54122,180
54123,176
54124,179
54125,174
54126,176
54127,173
54128,178
54129,171
54130,178
54131,176
54132,176
54133,180
54134,183
54135,181
54136,183
54137,181
54138,183
54139,183
54140,183
54141,184
54142,181
54143,187
54144,182
54145,184
54146,180
54147,190
54148,179
54149,175
54150,183
54151,182
54152,179
54153,184
54154,188
54155,182
54156,177
54157,180
54158,177
54159,180
54160,178
54161,183
54162,180
54163,170
54164,177
54165,172
54166,175
54167,178
54168,171
54169,172
54170,180
54171,176
54172,172
54173,173
54174,172
54175,183
54176,182
54177,180
54178,183
54179,182
54180,184
54181,185
54182,183
54183,186
54184,184
54185,180
54186,174
54187,180
54188,178
54189,179
54190,175
54191,178
54192,175
54193,176
54194,175
54195,180
54196,174
54197,181
54198,174
54199,169
54200,172
54201,173
54202,171
54203,171
54204,173
54205,171
54206,170
54207,171
54208,174
54209,168
54210,173
54211,169
54212,170
54213,176
54214,170
54215,176
54216,174
54217,169
54218,173
54219,166
54220,166
54221,169
54222,167
54223,163
54224,166
54225,168
54226,166
54227,166
54228,171
54229,164
54230,166
54231,167
54232,169
54233,168
54234,166
54235,170
54236,169
54237,167
54238,173
54239,176
54240,170
54241,168
54242,172
54243,174
54244,171
54245,172
54246,178
54247,172
54248,172
54249,176
54250,175
54251,179
54252,177
54253,170
54254,174
54255,174
54256,171
54257,173
54258,173
54259,177
54260,173
54261,177
54262,182
54263,176
54264,175
54265,166
54266,175
54267,181
54268,178
54269,179
54270,175
54271,174
54272,179
54273,179
54274,177
54275,179
54276,176
54277,174
54278,181
54279,184
54280,177
54281,183
54282,180
54283,172
54284,181
54285,173
54286,175
54287,177
54288,176
54289,178
54290,172
54291,181
54292,179
54293,178
54294,172
54295,179
54296,180
54297,184
54298,182
54299,183
54300,182
54301,186
54302,185
54303,183
54304,184
54305,175
54306,181
54307,180
54308,183
54309,179
54310,176
54311,185
54312,185
54313,184
54314,189
54315,193
54316,192
54317,193
54318,195
54319,196
54320,197
54321,195
54322,207
54323,195
54324,199
54325,195
54326,199
54327,199
54328,195
54329,204
54330,208
54331,203
54332,196
54333,196
54334,201
54335,188
54336,196
54337,199
54338,196
54339,200
54340,201
54341,199
54342,199
54343,198
54344,196
54345,205
54346,195
54347,198
54348,202
54349,196
54350,198
54351,200
54352,198
54353,200
54354,196
54355,201
54356,202
54357,198
54358,205
54359,200
54360,197
54361,191
54362,198
54363,193
54364,200
54365,191
54366,200
54367,192
54368,202
54369,199
54370,192
54371,197
54372,201
54373,197
54374,198
54375,196
54376,195
54377,198
54378,200
54379,200
54380,201
54381,194
54382,201
54383,199
54384,200
54385,203
54386,198
54387,206
54388,201
54389,207
54390,204
54391,203
54392,207
54393,202
54394,206
54395,201
54396,209
54397,203
54398,203
54399,203
54400,205
54401,208
54402,207
54403,204
54404,208
54405,202
54406,205
54407,202
54408,206
54409,208
54410,209
54411,202
54412,196
54413,203
54414,209
54415,207
54416,200
54417,203
54418,199
54419,200
54420,203
54421,202
54422,201
54423,201
54424,202
54425,202
54426,203
54427,213
54428,203
54429,205
54430,205
54431,201
54432,206
54433,208
54434,203
54435,202
54436,203
54437,200
54438,203
54439,201
54440,196
54441,209
54442,207
54443,201
54444,202
54445,206
54446,212
54447,207
54448,202
54449,202
54450,196
54451,203
54452,203
54453,208
54454,209
54455,203
54456,205
54457,209
54458,202
54459,205
54460,203
54461,201
54462,207
54463,203
54464,203
54465,200
54466,203
54467,204
54468,196
54469,207
54470,199
54471,206
54472,207
54473,201
54474,202
54475,200
54476,192
54477,201
54478,204
54479,202
54480,199
54481,197
54482,209
54483,199
54484,202
54485,203
54486,207
54487,207
54488,205
54489,203
54490,202
54491,206
54492,197
54493,199
54494,200
54495,200
54496,194
54497,201
54498,197
54499,201
54500,199
54501,203
54502,193
54503,200
54504,205
54505,198
54506,198
54507,199
54508,207
54509,200
54510,198
54511,197
54512,196
54513,198
54514,203
54515,201
54516,205
54517,202
54518,196
54519,200
54520,199
54521,200
54522,202
54523,197
54524,196
54525,197
54526,198
54527,202
54528,198
54529,196
54530,193
54531,198
54532,197
54533,193
54534,195
54535,194
54536,198
54537,195
54538,196
54539,202
54540,202
54541,199
54542,199
54543,205
54544,213
54545,226
54546,224
54547,225
54548,223
54549,226
54550,234
54551,238
54552,238
54553,246
54554,243
54555,243
54556,246
54557,245
54558,245
54559,244
54560,244
54561,240
54562,246
54563,243
54564,235
54565,250
54566,242
54567,237
54568,231
