NETCARE2015/data/raw/Flight5/H2O_POLAR6_20150409_R1_NETCARE.ict
34, 1001
Bozem, Heiko; Hoor, Peter
Institute for Atmospheric Physics, Johannes Gutenberg University, Mainz, Germany
H2O mixing ratio from LI7200 CO2/H2O analyzer
NETCARE Polar 6 Campaign 2015
1, 1
2015, 04, 09, 2016, 01, 22
1
Time_UTC, seconds
1
1
-9999.9
H2O_ppmv, ppmv
0
19
PI_CONTACT_INFO: Address: Johann-Joachim-Becherweg 21, 55128 Mainz, email: bozemh@uni-mainz.de; hoor@uni-mainz.de
PLATFORM: Polar 6
LOCATION: GPS location and altitude available at 1 Hz resolution in separate file (See AIMMS files under Aircraft data and meteorology)
ASSOCIATED_DATA: N/A
INSTRUMENT_INFO: H2O measurements based on non-dispersive infrared absorption spectroscopy
DATA_INFO: Units are ppmv
UNCERTAINTY RELATIVE TO STANDARD: 18.5 ppmv or 2.5 %, whichever is greater, at 1 sigma confidence (before drift correction is applied)
ULOD_FLAG: -7777
ULOD_VALUE: N/A
LLOD_FLAG: -8888
LLOD_VALUE: N/A 
DM_CONTACT_INFO: N/A
PROJECT_INFO: NETCARE Polar 6 aircraft campaign in April 2015; Alert
STIPULATIONS_ON_USE: N/A
OTHER_COMMENTS: N/A
REVISION: R1
R0: Preliminary data, corrected for instrument drift
R1: Final data, corrected for instrument drift
Time_UTC,H2O_ppmv
[from data line 5244]
55056,-9999.9
55057,-9999.9
55058,-9999.9
55059,-9999.9
55060,-9999.9
55061,-9999.9
55062,-9999.9
55063,-9999.9
55064,-9999.9
55065,-9999.9
55066,-9999.9
55067,-9999.9
55068,-9999.9
55069,-9999.9
55070,-9999.9
55071,-9999.9
55072,-9999.9
55073,-9999.9
55074,-9999.9
55075,-9999.9
55076,-9999.9
55077,-9999.9
55078,-9999.9
55079,-9999.9
55080,-9999.9
55081,-9999.9
55082,-9999.9
55083,-9999.9
55084,-9999.9
55085,-9999.9
55086,-9999.9
55087,-9999.9
55088,-9999.9
55089,-9999.9
55090,-9999.9
55091,-9999.9
55092,-9999.9
55093,-9999.9
55094,-9999.9
55095,-9999.9
55096,-9999.9
55097,-9999.9
55098,-9999.9
55099,-9999.9
55100,-9999.9
55101,-9999.9
55102,-9999.9
55103,-9999.9
55104,-9999.9
55105,-9999.9
55106,-9999.9
55107,-9999.9
55108,-9999.9
55109,-9999.9
55110,-9999.9
55111,-9999.9
55112,-9999.9
55113,-9999.9
55114,-9999.9
55115,-9999.9
55116,-9999.9
55117,-9999.9
55118,-9999.9
55119,-9999.9
55120,-9999.9
55121,-9999.9
55122,-9999.9
55123,-9999.9
55124,-9999.9
55125,-9999.9
55126,-9999.9
55127,-9999.9
55128,-9999.9
55129,-9999.9
55130,-9999.9
55131,-9999.9
55132,-9999.9
55133,-9999.9
55134,-9999.9
55135,-9999.9
55136,-9999.9
55137,-9999.9
55138,-9999.9
55139,-9999.9
55140,-9999.9
55141,-9999.9
55142,-9999.9
55143,-9999.9
55144,-9999.9
55145,-9999.9
55146,-9999.9
55147,-9999.9
55148,-9999.9
55149,-9999.9
55150,-9999.9
55151,-9999.9
55152,-9999.9
55153,221.4
55154,222.5
55155,224.0
55156,222.5
55157,222.3
55158,221.3
55159,221.4
55160,221.3
55161,222.2
55162,221.3
55163,221.6
55164,220.8
55165,220.1
55166,222.8
55167,222.5
55168,229.4
55169,234.9
55170,236.2
55171,235.3
55172,234.6
55173,235.5
55174,238.0
55175,238.8
55176,239.4
55177,238.6
55178,238.1
55179,237.2
55180,236.4
55181,236.2
55182,236.6
55183,236.6
55184,237.1
55185,236.4
55186,237.7
55187,239.3
55188,238.4
55189,237.1
55190,236.5
55191,235.8
55192,238.0
55193,238.1
55194,235.2
55195,232.4
55196,229.4
55197,228.0
55198,229.2
55199,228.9
55200,229.2
55201,229.1
55202,230.2
55203,229.2
55204,230.4
55205,229.6
55206,231.7
55207,231.8
55208,231.3
55209,232.6
55210,231.9
55211,233.7
55212,233.6
55213,233.0
55214,232.9
55215,233.0
55216,231.9
55217,232.6
55218,233.0
55219,234.6
55220,234.6
55221,235.3
55222,234.9
55223,233.9
55224,233.3
55225,235.0
55226,234.8
55227,236.0
55228,235.8
55229,236.7
55230,237.2
55231,238.8
55232,237.6
55233,238.4
55234,238.8
55235,238.1
55236,239.8
55237,238.2
55238,236.9
55239,237.1
55240,237.0
55241,235.1
55242,235.0
55243,235.7
55244,235.9
55245,238.4
55246,238.3
55247,237.0
55248,237.0
55249,235.1
55250,235.9
55251,232.9
55252,231.1
55253,232.6
55254,233.6
55255,234.1
55256,232.5
55257,231.7
55258,234.1
55259,235.2
55260,238.9
55261,239.6
55262,240.8
55263,239.7
55264,239.4
55265,238.1
55266,235.9
55267,236.8
55268,237.9
55269,238.0
55270,237.6
55271,237.1
55272,237.7
55273,238.4
55274,239.0
55275,237.7
55276,239.5
55277,239.6
55278,240.1
55279,239.9
55280,239.5
55281,241.1
55282,240.1
55283,240.9
55284,242.3
55285,245.0
55286,246.4
55287,247.2
55288,247.3
55289,247.6
55290,248.4
55291,244.3
55292,241.0
55293,240.4
55294,239.2
55295,237.8
55296,234.9
55297,235.2
55298,236.8
55299,235.7
55300,237.1
55301,239.1
55302,240.5
55303,241.6
55304,245.0
55305,247.8
55306,249.1
55307,250.6
55308,250.7
55309,249.5
55310,249.2
55311,249.9
55312,249.7
55313,249.5
55314,247.8
55315,246.6
55316,245.2
55317,245.2
55318,244.6
55319,245.3
55320,245.6
55321,246.9
55322,247.0
55323,248.2
55324,248.0
55325,247.5
55326,248.4
55327,250.5
55328,251.7
55329,253.9
55330,251.0
55331,249.4
55332,249.3
55333,249.1
55334,249.9
55335,247.8
55336,245.4
55337,244.7
55338,244.6
55339,244.1
55340,245.3
55341,245.9
55342,247.0
55343,247.0
55344,247.6
55345,246.6
55346,247.1
55347,247.0
55348,248.0
55349,246.7
55350,247.9
55351,247.9
55352,247.5
55353,248.8
55354,250.9
55355,251.0
55356,253.1
55357,254.2
55358,256.5
55359,257.6
55360,261.2
55361,261.0
55362,262.9
55363,262.8
55364,265.1
55365,265.4
55366,266.1
55367,267.8
55368,269.4
55369,267.3
55370,267.9
55371,266.8
55372,266.7
55373,265.6
55374,264.5
55375,264.5
55376,264.3
55377,263.5
55378,261.8
55379,262.3
55380,261.7
55381,259.7
55382,259.0
55383,257.2
55384,256.4
55385,255.0
55386,254.2
55387,254.1
55388,252.9
55389,253.3
55390,253.2
55391,254.2
55392,252.3
55393,253.5
55394,253.6
55395,254.4
55396,255.0
55397,254.4
55398,256.3
55399,259.3
55400,260.4
55401,258.0
55402,257.2
55403,257.0
55404,256.6
55405,257.1
55406,257.9
55407,257.0
55408,256.6
55409,257.1
55410,257.1
55411,256.7
55412,257.6
55413,258.1
55414,256.4
55415,256.5
55416,254.8
55417,254.1
55418,254.2
55419,255.5
55420,255.9
55421,255.7
55422,255.5
55423,255.0
55424,254.0
55425,254.4
55426,253.5
55427,253.0
55428,252.3
55429,253.3
55430,253.7
55431,253.4
55432,253.3
55433,255.7
55434,254.6
55435,253.2
55436,249.5
55437,244.5
55438,243.9
55439,244.7
55440,245.6
55441,243.0
55442,244.3
55443,244.3
55444,244.6
55445,243.6
55446,242.8
55447,246.3
55448,243.0
55449,242.5
55450,245.0
55451,244.9
55452,244.1
55453,244.4
55454,244.0
55455,245.3
55456,244.9
55457,248.6
55458,250.5
55459,249.8
55460,247.2
55461,247.5
55462,247.1
55463,248.2
55464,247.8
55465,248.1
55466,248.3
55467,247.4
55468,246.5
55469,246.0
55470,245.3
55471,244.6
55472,244.5
55473,245.7
55474,245.9
55475,247.2
55476,248.1
55477,249.3
55478,251.5
55479,252.0
55480,252.5
55481,251.3
55482,249.7
55483,250.8
55484,246.7
55485,245.9
55486,245.7
55487,245.2
55488,246.4
55489,248.3
55490,248.3
55491,246.3
55492,248.4
55493,247.8
55494,248.5
55495,246.5
55496,246.5
55497,246.9
55498,246.7
55499,247.2
55500,246.5
55501,246.1
55502,244.2
55503,245.0
55504,245.5
55505,245.3
55506,246.4
55507,245.0
55508,241.8
55509,239.6
55510,241.0
55511,229.0
55512,221.7
55513,224.6
55514,220.5
55515,219.8
55516,214.2
55517,212.4
55518,205.9
55519,203.3
55520,198.5
55521,201.8
55522,197.7
55523,193.1
55524,193.7
55525,192.6
55526,187.9
55527,183.9
55528,181.5
55529,177.1
55530,176.7
55531,176.9
55532,179.2
55533,178.7
55534,181.4
55535,183.5
55536,187.0
55537,188.0
55538,186.7
55539,181.7
55540,177.8
55541,172.2
55542,173.4
55543,173.6
55544,173.6
55545,174.9
55546,180.0
55547,181.5
55548,181.8
55549,181.3
55550,176.1
55551,167.4
55552,161.5
55553,150.1
55554,142.9
55555,140.1
55556,144.4
55557,157.4
55558,171.0
55559,177.7
55560,158.9
55561,142.0
55562,138.6
55563,135.8
55564,135.4
55565,139.5
55566,147.6
55567,146.6
55568,144.6
55569,139.8
55570,134.1
55571,133.6
55572,140.6
55573,148.1
55574,150.3
55575,150.5
55576,140.0
55577,135.2
55578,134.1
55579,136.1
55580,140.6
55581,138.1
55582,133.3
55583,129.7
55584,129.2
55585,130.5
55586,131.3
55587,128.3
55588,125.9
55589,123.2
55590,122.9
55591,120.9
55592,121.3
55593,122.9
55594,122.4
55595,120.2
55596,121.0
55597,120.5
55598,121.6
55599,120.6
55600,119.0
55601,118.8
55602,118.9
55603,118.8
55604,119.2
55605,120.0
55606,118.7
55607,118.2
55608,117.2
55609,116.3
55610,113.5
55611,114.2
55612,114.2
55613,113.0
55614,114.3
55615,112.7
55616,113.4
55617,112.0
55618,110.1
55619,111.6
55620,111.5
55621,111.0
55622,110.0
55623,110.6
55624,108.9
55625,109.7
55626,108.2
55627,108.6
55628,106.9
55629,107.2
55630,107.1
55631,107.2
55632,106.7
55633,106.4
55634,106.7
55635,106.2
55636,106.6
55637,106.4
55638,106.2
55639,106.0
55640,105.5
55641,104.2
55642,104.1
55643,102.8
55644,103.1
55645,103.2
55646,104.4
55647,103.5
55648,103.0
55649,102.2
55650,102.2
55651,100.9
55652,99.0
55653,98.4
55654,98.5
55655,99.1
55656,98.1
55657,98.8
55658,98.0
55659,97.4
55660,98.0
55661,97.1
55662,96.5
55663,95.5
55664,96.1
55665,95.2
55666,95.8
55667,95.3
55668,94.1
55669,93.2
55670,94.7
55671,94.5
55672,92.7
55673,93.3
55674,94.0
55675,93.8
55676,93.6
55677,94.5
55678,93.8
55679,93.4
55680,92.4
55681,91.5
55682,92.6
55683,91.7
55684,91.1
55685,90.0
55686,88.1
55687,85.3
55688,86.1
55689,83.3
55690,81.1
55691,82.6
55692,85.2
55693,85.9
55694,85.7
55695,83.8
55696,84.4
55697,83.2
55698,83.2
55699,82.2
55700,80.5
55701,78.8
55702,78.3
55703,77.1
55704,77.6
55705,77.2
55706,76.6
55707,77.1
55708,77.7
55709,75.7
55710,77.5
55711,77.7
55712,78.5
55713,79.7
55714,79.0
55715,79.8
55716,81.7
55717,80.7
55718,79.9
55719,76.7
55720,75.4
55721,75.4
55722,74.4
55723,76.2
55724,73.2
55725,75.3
55726,77.0
55727,74.8
55728,74.7
55729,74.3
55730,74.6
55731,74.8
55732,75.4
55733,74.1
55734,74.3
55735,73.5
55736,74.0
55737,74.0
55738,72.9
55739,73.7
55740,73.1
55741,73.7
55742,73.2
55743,73.9
55744,74.2
55745,72.2
55746,73.2
55747,71.7
55748,72.9
55749,73.0
55750,73.0
55751,70.9
55752,70.3
55753,69.8
55754,68.8
55755,69.3
55756,69.1
55757,68.2
55758,71.4
55759,68.1
55760,69.9
55761,71.9
55762,70.4
55763,70.7
55764,69.4
55765,68.6
55766,68.5
55767,68.0
55768,65.9
55769,65.0
55770,62.9
55771,62.8
55772,60.8
55773,58.0
55774,57.6
55775,58.3
55776,56.3
55777,56.5
55778,57.5
55779,56.4
55780,56.0
55781,55.5
55782,55.1
55783,55.5
55784,55.4
55785,55.5
55786,56.7
55787,56.0
55788,55.5
55789,54.9
55790,56.4
55791,55.8
55792,55.8
55793,55.7
55794,55.3
55795,55.5
55796,56.0
55797,54.6
55798,54.9
55799,54.4
55800,54.7
55801,54.1
55802,52.8
55803,55.6
55804,52.6
55805,54.2
55806,54.8
55807,54.9
55808,52.8
55809,52.6
55810,52.8
55811,51.0
55812,52.1
55813,51.1
55814,51.2
55815,50.6
55816,50.2
55817,49.5
55818,49.8
55819,49.8
55820,48.7
55821,47.7
55822,48.2
55823,46.0
55824,46.8
55825,46.5
55826,46.1
55827,46.7
55828,45.8
55829,47.7
55830,48.7
55831,45.9
55832,47.1
55833,47.8
55834,47.5
55835,48.6
55836,47.5
55837,48.0
55838,47.5
55839,48.0
55840,47.6
55841,47.4
55842,46.1
55843,47.4
55844,45.4
55845,47.9
55846,46.2
55847,48.0
55848,47.7
55849,47.1
55850,46.4
55851,47.8
55852,47.3
55853,46.8
55854,45.5
55855,46.6
55856,47.1
55857,46.3
55858,46.0
55859,48.3
55860,45.9
55861,47.2
55862,47.1
55863,46.5
55864,46.9
55865,45.6
55866,44.0
55867,46.4
55868,45.9
55869,45.6
55870,46.0
55871,45.3
55872,45.5
55873,45.1
55874,45.1
55875,44.3
55876,45.2
55877,44.4
55878,45.0
55879,45.4
55880,44.0
55881,45.0
55882,44.3
55883,45.1
55884,44.9
55885,44.4
55886,48.0
55887,44.6
55888,44.3
55889,44.1
55890,45.0
55891,45.3
55892,44.5
55893,44.0
55894,45.1
55895,44.2
55896,44.0
55897,44.1
55898,43.8
55899,42.8
55900,45.1
55901,44.1
55902,45.0
55903,44.3
55904,44.5
55905,43.4
55906,44.6
55907,43.8
55908,45.4
55909,44.8
55910,43.8
55911,41.8
55912,43.6
55913,45.7
55914,45.5
55915,45.6
55916,44.1
55917,43.4
55918,43.8
55919,44.0
55920,44.7
55921,44.6
55922,42.9
55923,43.8
55924,44.0
55925,43.8
55926,43.1
55927,44.1
55928,43.4
55929,44.7
55930,44.1
55931,44.8
55932,43.6
55933,42.7
55934,43.7
55935,45.1
55936,45.2
55937,43.3
55938,44.6
55939,43.8
55940,44.3
55941,44.0
55942,43.1
55943,42.6
55944,43.2
55945,42.2
55946,44.0
55947,42.3
55948,43.8
55949,43.0
55950,43.0
55951,41.1
55952,42.2
55953,42.9
55954,42.9
55955,42.8
55956,42.0
55957,43.5
55958,41.7
55959,43.6
55960,41.4
55961,41.8
55962,40.9
55963,41.9
55964,41.9
55965,42.1
55966,42.6
55967,41.1
55968,41.9
55969,42.8
55970,39.9
55971,41.1
55972,39.9
55973,40.7
55974,42.4
55975,41.2
55976,41.0
55977,41.3
55978,41.4
55979,40.7
55980,42.8
55981,41.1
55982,43.1
55983,41.6
55984,42.3
55985,42.6
55986,41.4
55987,40.3
55988,42.1
55989,42.1
55990,41.7
55991,42.3
55992,41.9
55993,41.8
55994,40.0
55995,41.4
55996,40.2
55997,42.6
55998,40.1
55999,41.6
56000,40.6
56001,40.7
56002,41.2
56003,41.3
56004,42.2
56005,41.0
56006,41.3
56007,40.5
56008,41.7
56009,42.0
56010,41.4
56011,39.8
56012,41.4
56013,42.5
56014,43.6
56015,40.6
56016,40.5
56017,40.4
56018,40.9
56019,40.4
56020,42.5
56021,39.3
56022,40.6
56023,40.8
56024,40.9
56025,41.9
56026,42.0
56027,40.6
56028,40.4
56029,41.0
56030,40.6
56031,43.1
56032,41.8
56033,40.1
56034,39.4
56035,40.8
56036,40.3
56037,41.3
56038,39.6
56039,40.8
56040,40.5
56041,41.1
56042,40.8
56043,39.9
56044,39.6
56045,39.7
56046,41.6
56047,40.9
56048,40.8
56049,42.0
56050,41.6
56051,40.6
56052,41.1
56053,41.6
56054,40.7
56055,41.4
56056,40.4
56057,40.5
56058,41.9
56059,40.5
56060,40.0
56061,41.2
56062,41.3
56063,41.9
56064,41.1
56065,41.6
56066,39.8
56067,39.8
56068,39.7
56069,40.2
56070,40.0
56071,39.9
56072,41.1
56073,40.9
56074,40.3
56075,40.0
56076,40.4
56077,38.8
56078,38.3
56079,39.4
56080,39.6
56081,40.8
56082,39.3
56083,40.3
56084,39.0
56085,40.0
56086,39.8
56087,40.1
56088,40.4
56089,39.8
56090,40.2
56091,40.3
56092,41.1
56093,40.3
56094,39.0
56095,39.1
56096,39.5
56097,39.3
56098,40.3
56099,38.6
56100,38.4
56101,37.1
56102,39.6
56103,38.7
56104,37.8
56105,39.1
56106,38.7
56107,38.9
56108,38.0
56109,37.4
56110,39.3
56111,37.6
56112,39.7
56113,38.4
56114,38.0
56115,38.9
56116,38.8
56117,39.0
56118,39.1
56119,38.3
56120,39.1
56121,39.5
56122,38.5
56123,39.4
56124,38.7
56125,38.4
56126,38.6
56127,39.1
56128,38.1
56129,38.0
56130,37.3
56131,37.1
56132,39.7
56133,37.4
56134,38.3
56135,37.6
56136,36.1
56137,36.7
56138,38.2
56139,37.2
56140,35.7
56141,36.2
56142,36.5
56143,38.1
56144,36.6
56145,36.9
56146,38.0
56147,37.3
56148,36.6
56149,36.5
56150,36.6
56151,36.2
56152,37.9
56153,36.5
56154,37.1
56155,37.4
56156,37.7
56157,37.4
56158,37.0
56159,36.3
56160,36.9
56161,36.1
56162,35.4
56163,36.1
56164,35.9
56165,34.4
56166,36.5
56167,35.1
56168,37.2
56169,36.3
56170,35.6
56171,36.7
56172,35.1
56173,36.2
56174,34.9
56175,37.3
56176,36.9
56177,35.6
56178,36.1
56179,35.6
56180,35.8
56181,36.7
56182,35.2
56183,33.8
56184,35.7
56185,36.4
56186,35.3
56187,35.9
56188,34.9
56189,35.3
56190,35.4
56191,35.3
56192,34.9
56193,35.9
56194,35.4
56195,34.1
56196,35.5
56197,34.1
56198,35.1
56199,35.6
56200,34.1
56201,34.7
56202,33.9
56203,36.0
56204,35.2
56205,34.6
56206,34.4
56207,34.9
56208,33.5
56209,32.7
56210,34.4
56211,34.6
56212,34.5
56213,33.0
56214,32.6
56215,35.0
56216,35.3
56217,34.0
56218,32.7
56219,32.1
56220,31.7
56221,32.8
56222,33.6
56223,33.8
56224,34.1
56225,31.8
56226,33.2
56227,33.1
56228,32.4
56229,32.8
56230,33.2
56231,33.2
56232,33.7
56233,32.0
56234,31.3
56235,32.9
56236,34.1
56237,32.7
56238,30.7
56239,33.5
56240,31.4
56241,33.2
56242,31.9
56243,31.5
56244,31.2
56245,32.1
56246,32.1
56247,32.3
56248,32.4
56249,33.2
56250,31.9
56251,32.4
56252,31.6
56253,32.1
56254,31.4
56255,33.0
56256,31.5
56257,32.1
56258,31.8
56259,31.0
56260,32.5
56261,30.7
56262,31.1
56263,31.1
56264,33.4
56265,33.0
56266,30.8
56267,31.9
56268,32.2
56269,31.1
56270,31.2
56271,32.3
56272,31.5
56273,31.5
56274,31.1
56275,30.7
56276,31.9
56277,31.6
56278,30.9
56279,31.5
56280,31.2
56281,31.1
56282,30.5
56283,31.4
56284,30.8
56285,30.7
56286,30.0
56287,30.7
56288,29.8
56289,28.6
56290,28.6
56291,31.0
56292,31.5
56293,30.1
56294,29.9
56295,30.0
56296,29.3
56297,29.9
56298,30.1
56299,29.2
56300,29.4
56301,29.1
56302,28.5
56303,30.3
56304,27.9
56305,28.7
56306,27.6
56307,28.6
56308,28.5
56309,27.5
56310,28.1
56311,28.0
56312,28.2
56313,27.1
56314,26.0
56315,26.6
56316,27.7
56317,27.7
56318,27.8
56319,28.9
56320,28.1
56321,27.6
56322,27.7
56323,27.6
56324,27.6
56325,27.3
56326,27.5
56327,26.7
56328,25.3
56329,27.6
56330,26.6
56331,26.1
56332,26.8
56333,27.7
56334,28.2
56335,27.8
56336,26.7
56337,27.0
56338,27.7
56339,26.8
56340,26.6
56341,26.6
56342,26.3
56343,26.4
56344,27.0
56345,28.1
56346,26.9
56347,26.5
56348,25.9
56349,26.7
56350,26.5
56351,25.7
56352,25.4
56353,26.3
56354,26.1
56355,26.4
56356,25.9
56357,26.9
56358,24.6
56359,26.0
56360,26.4
56361,26.1
56362,25.0
56363,24.9
56364,25.4
56365,25.0
56366,23.9
56367,25.3
56368,24.5
56369,25.4
56370,24.9
56371,27.0
56372,25.7
56373,24.6
56374,25.2
56375,26.3
56376,25.4
56377,26.3
56378,25.9
56379,24.7
56380,25.6
56381,26.0
56382,24.8
56383,24.5
56384,24.0
56385,25.1
56386,24.5
56387,24.4
56388,25.6
56389,24.8
56390,27.0
56391,24.3
56392,24.5
56393,26.6
56394,27.1
56395,25.2
56396,25.7
56397,24.7
56398,25.6
56399,25.9
56400,26.3
56401,25.7
56402,25.8
56403,25.4
56404,24.1
56405,25.6
56406,25.1
56407,23.4
56408,25.2
56409,22.1
56410,23.0
56411,23.5
56412,24.0
56413,22.9
56414,22.9
56415,23.4
56416,23.4
56417,23.7
56418,23.8
56419,23.0
56420,21.6
56421,20.2
56422,23.0
56423,22.5
56424,23.6
56425,22.1
56426,21.7
56427,22.9
56428,23.6
56429,21.3
56430,21.5
56431,21.4
56432,23.2
56433,22.5
56434,21.9
56435,21.0
56436,22.1
56437,22.7
