NETCARE2015/data/raw/Flight5/H2O_POLAR6_20150409_R1_NETCARE.ict
34, 1001
Bozem, Heiko; Hoor, Peter
Institute for Atmospheric Physics, Johannes Gutenberg University, Mainz, Germany
H2O mixing ratio from LI7200 CO2/H2O analyzer
NETCARE Polar 6 Campaign 2015
1, 1
2015, 04, 09, 2016, 01, 22
1
Time_UTC, seconds
1
1
-9999.9
H2O_ppmv, ppmv
0
19
PI_CONTACT_INFO: Address: Johann-Joachim-Becherweg 21, 55128 Mainz, email: bozemh@uni-mainz.de; hoor@uni-mainz.de
PLATFORM: Polar 6
LOCATION: GPS location and altitude available at 1 Hz resolution in separate file (See AIMMS files under Aircraft data and meteorology)
ASSOCIATED_DATA: N/A
INSTRUMENT_INFO: H2O measurements based on non-dispersive infrared absorption spectroscopy
DATA_INFO: Units are ppmv
UNCERTAINTY RELATIVE TO STANDARD: 18.5 ppmv or 2.5 %, whichever is greater, at 1 sigma confidence (before drift correction is applied)
ULOD_FLAG: -7777
ULOD_VALUE: N/A
LLOD_FLAG: -8888
LLOD_VALUE: N/A 
DM_CONTACT_INFO: N/A
PROJECT_INFO: NETCARE Polar 6 aircraft campaign in April 2015; Alert
STIPULATIONS_ON_USE: N/A
OTHER_COMMENTS: N/A
REVISION: R1
R0: Preliminary data, corrected for instrument drift
R1: Final data, corrected for instrument drift
Time_UTC,H2O_ppmv
[from data line 10619]
60431,244.9
60432,245.2
60433,245.9
60434,246.8
60435,247.3
60436,246.1
60437,248.2
60438,247.7
60439,248.7
60440,247.8
60441,248.1
60442,254.4
60443,258.1
60444,252.4
60445,249.0
60446,245.0
60447,245.6
60448,251.5
60449,255.8
60450,256.3
60451,252.2
60452,247.9
60453,248.8
60454,245.7
60455,246.5
60456,243.8
60457,243.6
60458,243.2
60459,243.0
60460,244.5
60461,242.8
60462,244.4
60463,244.0
60464,245.4
60465,244.8
60466,245.6
60467,244.4
60468,244.5
60469,243.8
60470,244.7
60471,242.7
60472,244.2
60473,241.6
60474,240.8
60475,241.8
60476,242.5
60477,240.3
60478,240.1
60479,237.6
60480,239.5
60481,241.1
60482,239.0
60483,239.2
60484,238.5
60485,238.8
60486,240.9
60487,241.1
60488,240.3
60489,239.1
60490,239.3
60491,243.0
60492,244.7
60493,244.9
60494,246.0
60495,245.9
60496,246.6
60497,248.0
60498,245.4
60499,243.8
60500,243.2
60501,243.4
60502,240.2
60503,245.5
60504,246.1
60505,246.5
60506,245.2
60507,245.3
60508,244.7
60509,244.6
60510,244.2
60511,243.3
60512,243.6
60513,244.1
60514,243.9
60515,245.0
60516,245.4
60517,245.5
60518,245.0
60519,242.9
60520,244.2
60521,244.9
60522,245.8
60523,245.5
60524,243.6
60525,241.6
60526,241.3
60527,240.7
60528,240.2
60529,240.6
60530,239.5
60531,241.0
60532,245.0
60533,244.1
60534,241.5
60535,245.3
60536,245.8
60537,244.4
60538,245.1
60539,244.0
60540,241.2
60541,242.7
60542,241.7
60543,242.8
60544,241.3
60545,241.0
60546,240.4
60547,240.3
60548,239.7
60549,239.5
60550,240.2
60551,240.2
60552,240.6
60553,241.1
60554,241.2
60555,243.1
60556,241.5
60557,242.0
60558,241.8
60559,240.2
60560,238.5
60561,236.7
60562,237.4
60563,237.9
60564,239.7
60565,239.5
60566,237.7
60567,237.1
60568,235.0
60569,236.8
60570,237.5
60571,235.2
60572,236.8
60573,237.2
60574,239.2
60575,241.3
60576,239.8
60577,242.6
60578,237.3
60579,240.6
60580,238.8
60581,242.6
60582,240.3
60583,237.8
60584,238.7
60585,236.5
60586,236.4
60587,236.2
60588,236.2
60589,238.9
60590,237.6
60591,238.5
60592,237.8
60593,240.6
60594,242.7
60595,241.1
60596,243.1
60597,243.4
60598,242.3
60599,240.3
60600,239.1
60601,241.4
60602,239.9
60603,239.1
60604,237.8
60605,239.5
60606,240.7
60607,242.2
60608,241.0
60609,238.4
60610,237.2
60611,237.0
60612,237.1
60613,237.2
60614,238.5
60615,237.4
60616,236.7
60617,237.2
60618,236.4
60619,235.6
60620,234.1
60621,233.1
60622,230.2
60623,229.6
60624,229.5
60625,229.9
60626,230.7
60627,230.2
60628,228.7
60629,229.2
60630,229.1
60631,229.6
60632,227.7
60633,229.4
60634,228.7
60635,228.9
60636,229.2
60637,231.7
60638,235.5
60639,236.3
60640,237.2
60641,236.2
60642,236.8
60643,234.5
60644,234.0
60645,232.7
60646,234.5
60647,234.3
60648,231.9
60649,232.5
60650,234.2
60651,234.6
60652,234.7
60653,235.9
60654,237.2
60655,236.0
60656,237.2
60657,237.3
60658,236.0
60659,235.2
60660,234.1
60661,235.4
60662,234.3
60663,236.0
60664,235.6
60665,234.7
60666,235.0
60667,234.2
60668,231.8
60669,232.1
60670,231.4
60671,228.7
60672,226.8
60673,224.1
60674,221.2
60675,221.3
60676,221.3
60677,221.1
60678,217.3
60679,214.9
60680,215.0
60681,214.7
60682,214.7
60683,214.0
60684,214.7
60685,214.2
60686,212.7
60687,213.1
60688,211.5
60689,211.2
60690,209.4
60691,209.3
60692,209.4
60693,211.9
60694,211.1
60695,211.0
60696,211.7
60697,210.5
60698,210.2
60699,213.4
60700,215.3
60701,216.6
60702,218.4
60703,219.5
60704,219.6
60705,219.6
60706,219.3
60707,219.5
60708,219.1
60709,219.9
60710,220.8
60711,221.0
60712,222.0
60713,222.0
60714,221.8
60715,220.9
60716,220.3
60717,218.0
60718,219.8
60719,217.6
60720,218.1
60721,217.6
60722,219.7
60723,219.2
60724,216.3
60725,217.1
60726,215.4
60727,214.3
60728,214.5
60729,213.6
60730,212.1
60731,212.0
60732,212.6
60733,210.9
60734,209.3
60735,209.1
60736,213.0
60737,210.7
60738,207.0
60739,205.2
60740,204.3
60741,205.2
60742,205.4
60743,204.3
60744,204.5
60745,207.7
60746,205.8
60747,208.1
60748,210.1
60749,209.9
60750,213.8
60751,214.4
60752,217.8
60753,220.5
60754,222.8
60755,224.4
60756,225.9
60757,229.1
60758,231.4
60759,233.9
60760,235.5
60761,235.9
60762,240.3
60763,242.9
60764,241.9
60765,241.2
60766,239.6
60767,238.3
60768,239.4
60769,235.4
60770,234.1
60771,233.9
60772,233.9
60773,231.3
60774,231.4
60775,232.7
60776,231.6
60777,233.5
60778,229.7
60779,229.4
60780,229.6
60781,228.9
60782,227.6
60783,225.5
60784,225.6
60785,223.8
60786,223.8
60787,222.8
60788,223.5
60789,223.4
60790,221.7
60791,220.9
60792,221.5
60793,221.3
60794,219.3
60795,219.2
60796,220.5
60797,222.0
60798,221.1
60799,222.2
60800,224.8
60801,225.7
60802,228.5
60803,227.8
60804,228.1
60805,229.3
60806,230.3
60807,230.1
60808,230.1
60809,230.7
60810,230.1
60811,229.2
60812,229.2
60813,230.3
60814,228.1
60815,225.0
60816,225.3
60817,225.3
60818,224.5
60819,219.7
60820,218.1
60821,222.9
60822,228.8
60823,229.2
60824,230.2
60825,231.1
60826,232.6
60827,232.5
60828,230.6
60829,228.3
60830,229.1
60831,227.1
60832,227.5
60833,225.9
60834,226.5
60835,226.9
60836,226.9
60837,224.7
60838,215.3
60839,191.7
60840,174.2
60841,170.8
60842,168.9
60843,169.8
60844,170.9
60845,169.8
60846,168.8
60847,168.2
60848,157.5
60849,160.5
60850,156.6
60851,158.0
60852,163.1
60853,160.4
60854,158.8
60855,157.4
60856,156.7
60857,159.8
60858,163.6
60859,163.9
60860,167.1
60861,162.8
60862,160.7
60863,159.8
60864,163.3
60865,166.9
60866,166.1
60867,166.5
60868,170.9
60869,167.3
60870,167.7
60871,171.5
60872,174.5
60873,173.2
60874,172.6
60875,174.8
60876,175.2
60877,175.0
60878,174.9
60879,174.6
60880,176.8
60881,177.2
60882,178.3
60883,177.9
60884,179.4
60885,178.9
60886,179.6
60887,178.9
60888,180.2
60889,181.4
60890,181.5
60891,182.1
60892,181.9
60893,183.4
60894,183.5
60895,183.7
60896,184.5
60897,185.5
60898,185.7
60899,188.0
60900,187.4
60901,187.5
60902,189.3
60903,189.9
60904,189.4
60905,183.9
60906,175.6
60907,167.9
60908,164.0
60909,162.4
60910,160.5
60911,162.6
60912,161.9
60913,160.2
60914,168.2
60915,172.1
60916,169.3
60917,162.9
60918,162.6
60919,165.3
60920,173.1
60921,175.3
60922,168.5
60923,164.8
60924,157.8
60925,157.0
60926,157.0
60927,156.7
60928,158.5
60929,159.2
60930,162.5
60931,162.0
60932,161.7
60933,163.9
60934,168.3
60935,167.1
60936,170.1
60937,174.9
60938,172.3
60939,170.3
60940,170.3
60941,168.5
60942,168.8
60943,165.6
60944,165.5
60945,165.6
60946,163.5
60947,162.3
60948,163.6
60949,163.0
60950,164.9
60951,168.7
60952,172.2
60953,173.7
60954,177.1
60955,181.5
60956,186.0
60957,182.7
60958,177.4
60959,179.6
60960,180.9
60961,183.9
60962,185.9
60963,184.5
60964,176.8
60965,174.9
60966,173.6
60967,173.7
60968,182.1
60969,188.8
60970,196.9
60971,211.5
60972,228.5
60973,236.2
60974,243.4
60975,251.9
60976,261.3
60977,275.2
60978,277.2
60979,282.4
60980,289.2
60981,287.6
60982,288.4
60983,288.8
60984,293.9
60985,290.8
60986,289.9
60987,288.0
60988,284.8
60989,285.1
60990,286.8
60991,287.6
60992,290.3
60993,291.9
60994,290.8
60995,288.3
60996,288.5
60997,287.4
60998,289.6
60999,290.2
61000,291.5
61001,291.3
61002,291.0
61003,290.3
61004,289.6
61005,286.7
61006,284.0
61007,283.2
61008,280.2
61009,280.9
61010,282.1
61011,280.4
61012,278.9
61013,276.5
61014,277.0
61015,277.7
61016,279.8
61017,279.6
61018,278.4
61019,279.5
61020,280.9
61021,284.1
61022,285.2
61023,285.9
61024,289.3
61025,295.7
61026,297.0
61027,294.3
61028,294.7
61029,293.8
61030,294.6
61031,294.4
61032,297.0
61033,298.9
61034,300.0
61035,302.7
61036,304.2
61037,304.9
61038,305.7
61039,307.9
61040,310.3
61041,311.3
61042,312.6
61043,312.5
61044,312.7
61045,313.5
61046,312.5
61047,314.1
61048,313.7
61049,314.2
61050,315.4
61051,314.6
61052,314.9
61053,314.6
61054,315.0
61055,315.1
61056,315.9
61057,317.1
61058,316.5
61059,318.9
61060,319.5
61061,318.4
61062,318.4
61063,318.7
61064,318.8
61065,316.5
61066,316.0
61067,317.9
61068,319.6
61069,318.6
61070,313.6
61071,314.6
61072,317.8
61073,317.8
61074,317.9
61075,318.8
61076,318.5
61077,321.5
61078,322.5
61079,323.1
61080,325.5
61081,324.2
61082,322.2
61083,318.8
61084,316.1
61085,315.8
61086,316.5
61087,317.4
61088,316.5
61089,316.5
61090,314.8
61091,311.9
61092,309.6
61093,308.8
61094,309.8
61095,310.3
61096,309.4
61097,310.6
61098,311.5
61099,311.9
61100,310.4
61101,311.3
61102,311.3
61103,312.3
61104,311.9
61105,312.4
61106,311.6
61107,312.6
61108,313.5
61109,316.5
61110,315.2
61111,315.4
61112,315.6
61113,314.7
61114,315.6
61115,317.0
61116,319.3
61117,319.2
61118,320.1
61119,318.9
61120,319.3
61121,319.4
61122,319.7
61123,316.6
61124,317.9
61125,317.9
61126,316.6
61127,321.3
61128,319.2
61129,318.2
61130,318.1
61131,318.0
61132,317.2
61133,316.2
61134,315.7
61135,316.8
61136,317.1
61137,315.5
61138,316.8
61139,316.6
61140,315.9
61141,313.3
61142,311.8
61143,309.8
61144,306.7
61145,304.4
61146,300.1
61147,302.7
61148,303.2
61149,301.5
61150,300.4
61151,298.7
61152,298.1
61153,295.9
61154,295.8
61155,296.2
61156,294.3
61157,296.6
61158,296.4
61159,300.1
61160,310.1
61161,314.8
61162,320.5
61163,320.3
61164,320.0
61165,319.2
61166,320.1
61167,320.7
61168,320.0
61169,320.2
61170,319.8
61171,321.5
61172,322.2
61173,320.2
61174,320.2
61175,321.2
61176,322.8
61177,323.3
61178,322.0
61179,322.2
61180,322.9
61181,321.4
61182,321.1
61183,322.2
61184,321.4
61185,327.0
61186,331.0
61187,332.0
61188,334.2
61189,333.5
61190,330.7
61191,329.4
61192,332.6
61193,334.1
61194,331.8
61195,327.7
61196,327.6
61197,322.4
61198,321.6
61199,321.7
61200,320.4
61201,321.3
61202,320.9
61203,317.7
61204,315.2
61205,315.0
61206,315.2
61207,314.2
61208,315.0
61209,314.8
61210,314.4
61211,315.3
61212,318.2
61213,318.8
61214,320.0
61215,327.1
61216,332.9
61217,336.9
61218,347.3
61219,330.2
61220,312.8
61221,309.8
61222,310.6
61223,307.6
61224,309.4
61225,312.9
61226,308.5
61227,308.1
61228,310.2
61229,310.5
61230,310.4
61231,308.1
61232,307.8
61233,308.9
61234,307.4
61235,311.3
61236,312.8
61237,313.5
61238,316.1
61239,317.2
61240,316.7
61241,316.9
61242,318.9
61243,317.6
61244,316.3
61245,315.6
61246,316.5
61247,317.0
61248,314.8
61249,315.9
61250,320.0
61251,321.1
61252,322.1
61253,320.2
61254,318.2
61255,318.1
61256,316.7
61257,316.9
61258,316.5
61259,318.9
61260,321.8
61261,329.4
61262,331.5
61263,337.1
61264,333.6
61265,326.7
61266,329.3
61267,333.4
61268,332.9
61269,333.2
61270,330.2
61271,333.7
61272,336.4
61273,336.7
61274,332.9
61275,330.2
61276,332.0
61277,332.5
61278,331.6
61279,335.2
61280,336.3
61281,326.5
61282,319.8
61283,315.3
61284,312.5
61285,313.8
61286,314.7
61287,317.3
61288,320.5
61289,321.1
61290,321.2
61291,319.6
61292,319.8
61293,319.3
61294,319.2
61295,320.8
61296,322.1
61297,320.5
61298,316.5
61299,315.5
61300,314.8
61301,310.6
61302,313.8
61303,314.6
61304,312.2
61305,312.8
61306,312.5
61307,320.1
61308,326.2
61309,327.5
61310,327.5
61311,327.0
61312,328.1
61313,329.2
61314,327.7
61315,326.9
61316,323.1
61317,319.5
61318,309.9
61319,314.2
61320,324.2
61321,327.3
61322,325.0
61323,322.7
61324,325.0
61325,326.1
61326,327.1
61327,326.5
61328,324.9
61329,324.2
61330,321.8
61331,322.2
61332,322.0
61333,320.3
61334,317.4
61335,317.4
61336,316.9
61337,316.5
61338,317.0
61339,314.5
61340,314.0
61341,314.6
61342,313.7
61343,314.0
61344,313.1
61345,308.6
61346,309.9
61347,313.4
61348,316.2
61349,316.2
61350,315.5
61351,314.9
61352,317.1
61353,327.5
61354,329.3
61355,330.5
61356,330.2
61357,330.5
61358,329.3
61359,330.1
61360,330.7
61361,327.6
61362,326.2
61363,328.1
61364,330.9
61365,329.6
61366,323.5
61367,323.7
61368,326.9
61369,326.2
61370,329.1
61371,328.6
61372,329.9
61373,331.7
61374,332.6
61375,331.1
61376,330.7
61377,329.3
61378,323.1
61379,315.6
61380,315.4
61381,314.1
61382,316.9
61383,325.4
61384,330.8
61385,329.1
61386,328.8
61387,325.2
61388,327.6
61389,326.1
61390,327.3
61391,328.3
61392,326.7
61393,321.5
61394,321.7
61395,324.6
61396,324.7
61397,325.3
61398,327.7
61399,327.6
61400,325.2
61401,325.9
61402,329.7
61403,331.1
61404,334.0
61405,332.4
61406,330.3
61407,330.6
61408,331.4
61409,339.7
61410,344.0
61411,340.5
61412,340.1
61413,338.1
61414,336.9
61415,337.5
61416,336.1
61417,336.0
61418,336.7
61419,336.8
61420,337.0
61421,337.5
61422,335.8
61423,337.0
61424,336.0
61425,335.8
61426,336.3
61427,336.9
61428,338.5
61429,339.2
61430,339.2
61431,339.4
61432,339.3
61433,334.4
61434,331.9
61435,340.7
61436,343.6
61437,336.7
61438,330.2
61439,329.8
61440,328.1
61441,326.6
61442,323.3
61443,321.0
61444,319.9
61445,315.0
61446,317.3
61447,319.1
61448,319.2
61449,-9999.9
61450,-9999.9
61451,-9999.9
61452,-9999.9
61453,-9999.9
61454,-9999.9
61455,-9999.9
61456,-9999.9
61457,-9999.9
61458,-9999.9
61459,-9999.9
61460,-9999.9
61461,-9999.9
61462,-9999.9
61463,-9999.9
61464,-9999.9
61465,-9999.9
61466,-9999.9
61467,-9999.9
61468,-9999.9
61469,-9999.9
61470,-9999.9
61471,-9999.9
61472,-9999.9
61473,-9999.9
61474,-9999.9
61475,-9999.9
61476,-9999.9
61477,-9999.9
61478,-9999.9
61479,-9999.9
61480,-9999.9
61481,-9999.9
61482,-9999.9
61483,-9999.9
61484,-9999.9
61485,-9999.9
61486,-9999.9
61487,-9999.9
61488,-9999.9
61489,-9999.9
61490,-9999.9
61491,-9999.9
61492,-9999.9
61493,-9999.9
61494,-9999.9
61495,-9999.9
61496,-9999.9
61497,-9999.9
61498,-9999.9
61499,-9999.9
61500,-9999.9
61501,-9999.9
61502,-9999.9
61503,-9999.9
61504,-9999.9
61505,-9999.9
61506,-9999.9
61507,-9999.9
61508,-9999.9
61509,-9999.9
61510,-9999.9
61511,-9999.9
61512,-9999.9
61513,-9999.9
61514,-9999.9
61515,-9999.9
61516,-9999.9
61517,-9999.9
61518,-9999.9
61519,-9999.9
61520,-9999.9
61521,-9999.9
61522,-9999.9
61523,-9999.9
61524,-9999.9
61525,-9999.9
61526,-9999.9
61527,-9999.9
61528,-9999.9
61529,-9999.9
61530,-9999.9
61531,-9999.9
61532,-9999.9
61533,-9999.9
61534,-9999.9
61535,-9999.9
61536,-9999.9
61537,-9999.9
61538,-9999.9
61539,-9999.9
61540,-9999.9
61541,-9999.9
61542,-9999.9
61543,-9999.9
61544,-9999.9
61545,-9999.9
61546,-9999.9
61547,-9999.9
61548,-9999.9
61549,-9999.9
61550,-9999.9
61551,-9999.9
61552,-9999.9
61553,-9999.9
61554,-9999.9
61555,-9999.9
61556,-9999.9
61557,-9999.9
61558,-9999.9
61559,-9999.9
61560,-9999.9
61561,-9999.9
61562,-9999.9
61563,-9999.9
61564,-9999.9
61565,-9999.9
61566,-9999.9
61567,-9999.9
61568,-9999.9
61569,-9999.9
61570,-9999.9
61571,-9999.9
61572,-9999.9
61573,-9999.9
61574,-9999.9
61575,-9999.9
61576,-9999.9
61577,-9999.9
61578,-9999.9
61579,-9999.9
61580,-9999.9
61581,-9999.9
61582,-9999.9
61583,-9999.9
61584,-9999.9
61585,-9999.9
61586,-9999.9
61587,-9999.9
61588,-9999.9
61589,-9999.9
61590,-9999.9
61591,-9999.9
61592,-9999.9
61593,-9999.9
61594,-9999.9
61595,-9999.9
61596,-9999.9
61597,-9999.9
61598,-9999.9
61599,-9999.9
61600,-9999.9
61601,-9999.9
61602,-9999.9
61603,-9999.9
61604,-9999.9
61605,-9999.9
61606,-9999.9
61607,-9999.9
61608,-9999.9
61609,-9999.9
61610,-9999.9
61611,-9999.9
61612,-9999.9
61613,-9999.9
61614,-9999.9
61615,-9999.9
61616,-9999.9
61617,-9999.9
61618,-9999.9
61619,-9999.9
61620,-9999.9
61621,-9999.9
61622,-9999.9
61623,-9999.9
61624,-9999.9
61625,-9999.9
61626,-9999.9
61627,-9999.9
61628,-9999.9
61629,-9999.9
61630,-9999.9
61631,-9999.9
61632,-9999.9
61633,-9999.9
61634,-9999.9
61635,-9999.9
61636,-9999.9
61637,-9999.9
61638,-9999.9
61639,-9999.9
61640,-9999.9
61641,-9999.9
61642,-9999.9
61643,-9999.9
61644,-9999.9
61645,-9999.9
61646,-9999.9
61647,-9999.9
61648,-9999.9
61649,-9999.9
61650,-9999.9
61651,-9999.9
61652,-9999.9
61653,-9999.9
61654,-9999.9
61655,-9999.9
61656,-9999.9
61657,-9999.9
61658,-9999.9
61659,-9999.9
61660,342.7
61661,342.3
61662,341.5
61663,341.8
61664,342.8
61665,342.3
61666,341.4
61667,342.8
61668,343.1
61669,342.4
61670,344.3
61671,343.7
61672,343.5
61673,343.1
61674,343.3
61675,344.3
61676,345.6
61677,348.2
61678,347.9
61679,347.7
61680,348.1
61681,345.7
61682,346.6
61683,347.0
61684,346.3
61685,346.6
61686,346.6
61687,346.3
61688,348.4
61689,347.6
61690,348.7
61691,350.4
61692,350.1
61693,353.2
61694,354.6
61695,352.5
61696,353.5
61697,355.2
61698,356.4
61699,358.2
61700,357.1
61701,355.1
61702,355.1
61703,353.2
61704,352.0
61705,352.3
61706,351.7
61707,348.5
61708,347.4
61709,346.7
61710,347.3
61711,347.9
61712,346.7
61713,345.6
61714,345.6
61715,346.1
61716,346.0
61717,345.8
61718,346.1
61719,346.9
61720,346.1
61721,346.2
61722,346.0
61723,346.5
61724,346.4
61725,346.1
61726,345.9
61727,345.8
61728,348.0
