NETCARE2015/data/raw/Flight5/H2O_POLAR6_20150409_R1_NETCARE.ict
34, 1001
Bozem, Heiko; Hoor, Peter
Institute for Atmospheric Physics, Johannes Gutenberg University, Mainz, Germany
H2O mixing ratio from LI7200 CO2/H2O analyzer
NETCARE Polar 6 Campaign 2015
1, 1
2015, 04, 09, 2016, 01, 22
1
Time_UTC, seconds
1
1
-9999.9
H2O_ppmv, ppmv
0
19
PI_CONTACT_INFO: Address: Johann-Joachim-Becherweg 21, 55128 Mainz, email: bozemh@uni-mainz.de; hoor@uni-mainz.de
PLATFORM: Polar 6
LOCATION: GPS location and altitude available at 1 Hz resolution in separate file (See AIMMS files under Aircraft data and meteorology)
ASSOCIATED_DATA: N/A
INSTRUMENT_INFO: H2O measurements based on non-dispersive infrared absorption spectroscopy
DATA_INFO: Units are ppmv
UNCERTAINTY RELATIVE TO STANDARD: 18.5 ppmv or 2.5 %, whichever is greater, at 1 sigma confidence (before drift correction is applied)
ULOD_FLAG: -7777
ULOD_VALUE: N/A
LLOD_FLAG: -8888
LLOD_VALUE: N/A 
DM_CONTACT_INFO: N/A
PROJECT_INFO: NETCARE Polar 6 aircraft campaign in April 2015; Alert
STIPULATIONS_ON_USE: N/A
OTHER_COMMENTS: N/A
REVISION: R1
R0: Preliminary data, corrected for instrument drift
R1: Final data, corrected for instrument drift
Time_UTC,H2O_ppmv
[from data line 13185]
62997,-9999.9
62998,-9999.9
62999,-9999.9
63000,-9999.9
63001,-9999.9
63002,-9999.9
63003,-9999.9
63004,-9999.9
63005,-9999.9
63006,-9999.9
63007,-9999.9
63008,-9999.9
63009,-9999.9
63010,-9999.9
63011,-9999.9
63012,-9999.9
63013,-9999.9
63014,-9999.9
63015,-9999.9
63016,-9999.9
63017,-9999.9
63018,-9999.9
63019,-9999.9
63020,-9999.9
63021,-9999.9
63022,444.9
63023,445.7
63024,451.8
63025,452.3
63026,463.6
63027,461.9
63028,465.5
63029,464.9
63030,467.6
63031,461.4
63032,463.9
63033,468.1
63034,473.4
63035,478.8
63036,482.4
63037,480.1
63038,478.9
63039,478.7
63040,475.3
63041,471.0
63042,474.4
63043,472.7
63044,479.1
63045,479.6
63046,480.8
63047,481.9
63048,475.8
63049,480.7
63050,479.5
63051,478.7
63052,474.3
63053,477.7
63054,481.7
63055,484.6
63056,477.7
63057,476.7
63058,485.1
63059,484.4
63060,480.8
63061,482.7
63062,482.3
63063,488.3
63064,485.7
63065,481.1
63066,475.5
63067,478.3
63068,488.2
63069,491.1
63070,491.0
63071,493.9
63072,501.0
63073,492.2
63074,494.9
63075,501.1
63076,498.6
63077,505.4
63078,499.7
63079,496.6
63080,497.8
63081,500.8
63082,491.1
63083,485.7
63084,480.6
63085,485.2
63086,484.2
63087,492.2
63088,487.7
63089,498.8
63090,501.2
63091,502.5
63092,501.3
63093,503.3
63094,507.9
63095,508.5
63096,513.5
63097,514.4
63098,514.9
63099,515.2
63100,513.9
63101,511.5
63102,510.4
63103,510.8
63104,512.6
63105,513.7
63106,513.3
63107,509.7
63108,507.5
63109,510.1
63110,506.5
63111,508.3
63112,506.6
63113,507.3
63114,508.4
63115,511.3
63116,508.6
63117,508.5
63118,504.3
63119,502.7
63120,509.5
63121,504.2
63122,499.9
63123,495.9
63124,496.8
63125,500.0
63126,502.3
63127,501.5
63128,503.7
63129,502.7
63130,503.0
63131,503.9
63132,502.3
63133,500.2
63134,498.5
63135,500.9
63136,502.0
63137,497.4
63138,497.2
63139,499.4
63140,502.0
63141,501.0
63142,501.8
63143,501.0
63144,506.2
63145,502.6
63146,498.7
63147,502.5
63148,504.1
63149,507.9
63150,510.2
63151,509.7
63152,510.2
63153,511.1
63154,509.7
63155,512.8
63156,513.3
63157,514.2
63158,512.0
63159,512.4
63160,510.3
63161,509.4
63162,507.1
63163,507.5
63164,503.5
63165,502.9
63166,511.9
63167,515.0
63168,514.7
63169,514.7
63170,513.6
63171,512.1
63172,513.2
63173,512.8
63174,510.1
63175,511.2
63176,512.4
63177,513.9
63178,509.6
63179,508.2
63180,514.4
63181,513.1
63182,513.1
63183,513.2
63184,514.8
63185,515.5
63186,510.5
63187,511.5
63188,512.5
63189,512.6
63190,514.7
63191,520.1
63192,517.8
63193,515.0
63194,511.6
63195,509.0
63196,508.8
63197,507.2
63198,507.4
63199,502.0
63200,501.5
63201,499.9
63202,498.8
63203,500.2
63204,504.8
63205,504.7
63206,505.7
63207,500.4
63208,496.9
63209,496.8
63210,496.8
63211,499.1
63212,502.7
63213,506.5
63214,-9999.9
63215,-9999.9
63216,-9999.9
63217,-9999.9
63218,519.4
63219,519.3
63220,521.5
63221,523.0
63222,524.7
63223,523.1
63224,519.4
63225,525.4
63226,526.1
63227,526.3
63228,527.1
63229,522.5
63230,521.5
63231,525.0
63232,526.2
63233,527.3
63234,524.9
63235,519.9
63236,520.6
63237,522.2
63238,523.2
63239,524.2
63240,524.9
63241,523.2
63242,524.4
63243,526.3
63244,526.1
63245,523.5
63246,523.8
63247,524.0
63248,525.3
63249,527.1
63250,525.4
63251,526.5
63252,524.4
63253,524.3
63254,523.8
63255,521.1
63256,518.7
63257,523.8
63258,523.3
63259,522.3
63260,521.7
63261,520.5
63262,519.0
63263,519.5
63264,519.3
63265,517.1
63266,513.6
63267,507.0
63268,493.6
63269,496.5
63270,493.3
63271,495.8
63272,495.5
63273,495.5
63274,499.3
63275,493.0
63276,490.6
63277,483.4
63278,485.2
63279,487.6
63280,490.4
63281,489.4
63282,485.9
63283,478.1
63284,475.6
63285,470.3
63286,467.2
63287,470.9
63288,455.2
63289,457.8
63290,459.7
63291,461.2
63292,472.3
63293,461.0
63294,447.6
63295,453.2
63296,450.5
63297,452.4
63298,464.1
63299,449.8
63300,462.7
63301,477.2
63302,471.9
63303,446.8
63304,438.3
63305,433.2
63306,441.5
63307,430.0
63308,417.5
63309,420.0
63310,420.1
63311,409.7
63312,409.8
63313,417.2
63314,432.6
63315,437.3
63316,440.8
63317,443.7
63318,443.4
63319,433.6
63320,427.2
63321,437.8
63322,435.6
63323,435.3
63324,436.7
63325,444.1
63326,434.4
63327,433.6
63328,440.4
63329,450.3
63330,457.1
63331,468.2
63332,467.2
63333,461.9
63334,459.0
63335,457.6
63336,465.6
63337,464.2
63338,461.2
63339,437.1
63340,421.2
63341,442.3
63342,447.2
63343,447.3
63344,435.2
63345,422.3
63346,430.1
63347,413.0
63348,420.9
63349,416.0
63350,406.8
63351,411.1
63352,418.1
63353,420.6
63354,419.8
63355,420.5
63356,435.9
63357,436.2
63358,434.9
63359,423.9
63360,411.6
63361,407.8
63362,411.3
63363,418.8
63364,410.1
63365,413.1
63366,418.1
63367,415.8
63368,402.8
63369,397.8
63370,400.9
63371,398.5
63372,394.7
63373,394.2
63374,398.4
63375,400.2
63376,396.0
63377,390.5
63378,394.6
63379,403.8
63380,403.9
63381,396.8
63382,404.2
63383,414.5
63384,408.2
63385,415.7
63386,414.3
63387,412.2
63388,426.5
63389,433.8
63390,420.5
63391,434.1
63392,423.5
63393,422.0
63394,419.5
63395,424.9
63396,434.4
63397,434.1
63398,433.4
63399,434.5
63400,429.4
63401,435.9
63402,434.9
63403,440.6
63404,444.4
63405,451.9
63406,459.1
63407,460.4
63408,457.5
63409,462.9
63410,451.0
63411,459.2
63412,463.5
63413,460.5
63414,455.1
63415,456.4
63416,452.6
63417,446.9
63418,447.8
63419,440.5
63420,440.5
63421,442.6
63422,448.2
63423,453.8
63424,455.4
63425,456.0
63426,449.1
63427,455.3
63428,460.8
63429,457.9
63430,462.5
63431,464.8
63432,466.6
63433,468.2
63434,456.0
63435,455.0
63436,458.0
63437,455.3
63438,453.1
63439,445.3
63440,441.8
63441,447.2
63442,442.5
63443,445.1
63444,454.0
63445,455.1
63446,456.2
63447,452.6
63448,451.5
63449,456.3
63450,451.2
63451,459.1
63452,466.2
63453,471.0
63454,467.9
63455,467.3
63456,444.4
63457,456.7
63458,463.7
63459,477.2
63460,474.0
63461,470.2
63462,465.8
63463,455.4
63464,447.0
63465,444.7
63466,446.5
63467,452.0
63468,453.9
63469,453.2
63470,456.4
63471,457.7
63472,450.7
63473,455.3
63474,453.5
63475,457.4
63476,464.2
63477,458.9
63478,444.5
63479,446.6
63480,447.5
63481,456.9
63482,457.6
63483,462.1
63484,459.2
63485,456.9
63486,459.6
63487,460.1
63488,459.7
63489,453.9
63490,461.0
63491,468.5
63492,461.7
63493,442.6
63494,433.4
63495,441.4
63496,442.1
63497,445.6
63498,445.7
63499,446.8
63500,453.0
63501,450.3
63502,445.2
63503,450.6
63504,444.2
63505,437.5
63506,431.3
63507,419.4
63508,420.6
63509,425.7
63510,426.1
63511,440.5
63512,445.7
63513,430.5
63514,430.0
63515,438.5
63516,434.1
63517,439.9
63518,437.8
63519,441.0
63520,423.8
63521,424.2
63522,423.4
63523,432.8
63524,430.8
63525,433.8
63526,450.3
63527,444.3
63528,441.7
63529,444.2
63530,435.8
63531,439.0
63532,438.0
63533,446.1
63534,458.8
63535,450.1
63536,460.1
63537,467.6
63538,468.4
63539,471.1
63540,471.6
63541,472.6
63542,477.0
63543,474.1
63544,476.1
63545,479.6
63546,481.9
63547,470.9
63548,453.0
63549,451.9
63550,457.8
63551,472.3
63552,470.2
63553,469.8
63554,457.7
63555,447.2
63556,448.0
63557,465.2
63558,449.3
63559,446.2
63560,462.8
63561,449.2
63562,444.9
63563,435.4
63564,443.8
63565,440.2
63566,452.4
63567,450.3
63568,446.2
63569,452.3
63570,428.6
63571,444.9
63572,433.8
63573,422.8
63574,415.1
63575,416.2
63576,416.0
63577,432.7
63578,439.6
63579,436.1
63580,439.8
63581,443.2
63582,450.4
63583,448.3
63584,441.9
63585,419.8
63586,416.2
63587,383.6
63588,378.5
63589,415.6
63590,431.0
63591,446.3
63592,423.3
63593,397.8
63594,403.5
63595,397.8
63596,386.7
63597,376.6
63598,365.3
63599,372.5
63600,383.8
63601,385.4
63602,389.2
63603,413.9
63604,423.0
63605,429.0
63606,434.2
63607,426.1
63608,423.2
63609,431.8
63610,441.9
63611,420.5
63612,401.5
63613,429.3
63614,439.0
63615,429.4
63616,401.2
63617,430.6
63618,425.7
63619,428.2
63620,426.7
63621,440.5
63622,446.1
63623,466.6
63624,456.3
63625,462.8
63626,470.6
63627,462.4
63628,451.0
63629,441.3
63630,432.2
63631,441.5
63632,460.2
63633,455.9
63634,433.7
63635,434.2
63636,406.5
63637,406.0
63638,414.4
63639,432.1
63640,428.4
63641,440.5
63642,441.1
63643,427.1
63644,440.6
63645,446.7
63646,429.3
63647,442.4
63648,453.2
63649,458.8
63650,423.0
63651,395.7
63652,384.9
63653,383.5
63654,385.4
63655,389.1
63656,398.3
63657,411.3
63658,394.8
63659,391.7
63660,391.9
63661,394.6
63662,422.2
63663,453.0
63664,454.4
63665,403.6
63666,386.6
63667,384.8
63668,381.5
63669,385.9
63670,387.9
63671,412.4
63672,417.1
63673,394.2
63674,385.4
63675,386.8
63676,391.5
63677,404.2
63678,408.5
63679,408.8
63680,416.3
63681,415.1
63682,425.8
63683,431.6
63684,430.7
63685,446.3
63686,452.3
63687,461.8
63688,452.0
63689,444.4
63690,439.4
63691,426.4
63692,426.9
63693,432.3
63694,442.7
63695,447.8
63696,454.9
63697,475.4
63698,478.5
63699,480.7
63700,476.5
63701,481.2
63702,479.9
63703,481.8
63704,491.1
63705,488.7
63706,491.3
63707,485.4
63708,480.9
63709,482.1
63710,491.6
63711,490.7
63712,479.0
63713,478.3
63714,474.0
63715,467.0
63716,469.1
63717,455.5
63718,435.6
63719,436.6
63720,437.5
63721,429.9
63722,419.5
63723,408.3
63724,402.9
63725,397.9
63726,401.7
63727,401.1
63728,393.6
63729,381.2
63730,368.8
63731,360.5
63732,350.7
63733,351.6
63734,349.2
63735,346.0
63736,346.0
63737,349.4
63738,345.3
63739,348.5
63740,351.5
63741,348.2
63742,340.3
63743,340.1
63744,342.8
63745,338.5
63746,342.1
63747,344.0
63748,340.1
63749,339.3
63750,340.4
63751,340.8
63752,341.9
63753,340.2
63754,337.5
63755,341.5
63756,341.1
63757,342.1
63758,350.6
63759,354.0
63760,358.2
63761,352.4
63762,360.6
63763,359.7
63764,348.8
63765,357.4
63766,365.6
63767,374.5
63768,367.4
63769,361.7
63770,357.3
63771,355.4
63772,360.0
63773,372.0
63774,379.9
63775,386.0
63776,387.4
63777,384.3
63778,385.8
63779,382.5
63780,384.5
63781,385.4
63782,375.4
63783,371.7
63784,376.3
63785,382.0
63786,381.8
63787,389.9
63788,383.5
63789,397.0
63790,399.4
63791,393.3
63792,398.2
63793,403.3
63794,396.8
63795,400.7
63796,412.9
63797,423.5
63798,421.6
63799,427.6
63800,429.2
63801,432.5
63802,432.1
63803,430.8
63804,429.8
63805,431.2
63806,426.8
63807,427.9
63808,428.7
63809,422.9
63810,428.1
63811,426.6
63812,423.9
63813,420.6
63814,423.6
63815,417.9
63816,409.6
63817,403.5
63818,411.5
63819,398.5
63820,395.0
63821,400.5
63822,408.0
63823,402.0
63824,398.1
63825,388.1
63826,374.9
63827,369.0
63828,371.4
63829,372.2
63830,370.1
63831,362.0
63832,359.0
63833,362.9
63834,362.2
63835,361.2
63836,355.8
63837,347.6
63838,348.8
63839,346.7
63840,343.9
63841,340.6
63842,339.5
63843,336.3
63844,335.7
63845,339.4
63846,338.2
63847,338.7
63848,336.9
63849,339.7
63850,339.4
63851,338.5
63852,336.4
63853,335.8
63854,340.4
63855,345.4
63856,340.7
63857,335.6
63858,331.0
63859,332.7
63860,338.9
63861,336.7
63862,331.4
63863,332.9
63864,334.0
63865,337.1
63866,336.4
63867,331.6
63868,330.0
63869,330.2
63870,331.7
63871,335.9
63872,341.6
63873,345.0
63874,349.3
63875,353.9
63876,357.5
63877,359.5
63878,344.0
63879,337.9
63880,334.6
63881,340.4
63882,350.0
63883,358.7
63884,354.7
63885,350.0
63886,348.4
63887,351.4
63888,358.9
63889,357.2
63890,362.7
63891,356.0
63892,355.5
63893,356.0
63894,357.7
63895,361.4
63896,362.9
63897,354.1
63898,358.7
63899,353.7
63900,344.9
63901,359.7
63902,362.3
63903,358.9
63904,357.0
63905,360.5
63906,359.7
63907,352.8
63908,358.0
63909,362.2
63910,364.5
63911,366.1
63912,365.9
63913,366.6
63914,367.0
63915,367.3
63916,368.3
63917,369.0
63918,367.2
63919,344.1
63920,340.8
63921,356.5
63922,368.0
63923,375.0
63924,372.0
63925,365.0
63926,370.2
63927,374.1
63928,374.9
63929,372.9
63930,374.4
63931,384.9
63932,378.6
63933,376.6
63934,380.3
63935,386.3
63936,382.0
63937,379.1
63938,395.2
63939,412.6
63940,410.2
63941,405.6
63942,406.3
63943,409.2
63944,406.7
63945,408.3
63946,409.7
63947,412.8
63948,411.1
63949,403.6
63950,403.3
63951,405.3
63952,405.0
63953,409.7
63954,418.7
63955,424.6
63956,424.5
63957,427.1
63958,429.4
63959,426.7
63960,424.0
63961,416.2
63962,419.4
63963,425.2
63964,426.6
63965,429.2
63966,430.0
63967,430.1
63968,429.3
63969,416.5
63970,420.7
63971,419.3
63972,426.6
63973,431.5
63974,434.9
63975,428.6
63976,422.7
63977,424.1
63978,432.2
63979,434.7
63980,423.7
63981,427.9
63982,432.2
63983,437.5
63984,439.4
63985,434.0
63986,435.0
63987,437.0
63988,438.1
63989,441.0
63990,443.5
63991,446.4
63992,447.7
63993,446.9
63994,443.9
63995,444.3
63996,-9999.9
63997,-9999.9
63998,-9999.9
63999,-9999.9
64000,-9999.9
64001,-9999.9
64002,-9999.9
64003,-9999.9
64004,-9999.9
64005,-9999.9
64006,-9999.9
64007,-9999.9
64008,-9999.9
64009,-9999.9
64010,-9999.9
64011,-9999.9
64012,-9999.9
64013,-9999.9
64014,-9999.9
64015,-9999.9
64016,-9999.9
64017,-9999.9
64018,-9999.9
64019,-9999.9
64020,-9999.9
64021,-9999.9
64022,-9999.9
64023,-9999.9
64024,-9999.9
64025,-9999.9
64026,-9999.9
64027,-9999.9
64028,-9999.9
64029,-9999.9
64030,-9999.9
64031,-9999.9
64032,-9999.9
64033,-9999.9
64034,-9999.9
64035,-9999.9
64036,-9999.9
64037,-9999.9
64038,-9999.9
64039,-9999.9
64040,-9999.9
64041,-9999.9
64042,-9999.9
64043,-9999.9
64044,-9999.9
64045,-9999.9
64046,-9999.9
64047,-9999.9
64048,-9999.9
64049,-9999.9
64050,-9999.9
64051,-9999.9
64052,-9999.9
64053,-9999.9
64054,-9999.9
