NETCARE2015/data/raw/Flight5/H2O_POLAR6_20150409_R1_NETCARE.ict
34, 1001
Bozem, Heiko; Hoor, Peter
Institute for Atmospheric Physics, Johannes Gutenberg University, Mainz, Germany
H2O mixing ratio from LI7200 CO2/H2O analyzer
NETCARE Polar 6 Campaign 2015
1, 1
2015, 04, 09, 2016, 01, 22
1
Time_UTC, seconds
1
1
-9999.9
H2O_ppmv, ppmv
0
19
PI_CONTACT_INFO: Address: Johann-Joachim-Becherweg 21, 55128 Mainz, email: bozemh@uni-mainz.de; hoor@uni-mainz.de
PLATFORM: Polar 6
LOCATION: GPS location and altitude available at 1 Hz resolution in separate file (See AIMMS files under Aircraft data and meteorology)
ASSOCIATED_DATA: N/A
INSTRUMENT_INFO: H2O measurements based on non-dispersive infrared absorption spectroscopy
DATA_INFO: Units are ppmv
UNCERTAINTY RELATIVE TO STANDARD: 18.5 ppmv or 2.5 %, whichever is greater, at 1 sigma confidence (before drift correction is applied)
ULOD_FLAG: -7777
ULOD_VALUE: N/A
LLOD_FLAG: -8888
LLOD_VALUE: N/A 
DM_CONTACT_INFO: N/A
PROJECT_INFO: NETCARE Polar 6 aircraft campaign in April 2015; Alert
STIPULATIONS_ON_USE: N/A
OTHER_COMMENTS: N/A
REVISION: R1
R0: Preliminary data, corrected for instrument drift
R1: Final data, corrected for instrument drift
Time_UTC,H2O_ppmv
[from data line 2631]
52443,514.5
52444,512.9
52445,513.0
52446,511.2
52447,509.1
52448,510.8
52449,508.2
52450,509.9
52451,513.0
52452,518.3
52453,523.2
52454,525.0
52455,526.1
52456,528.7
52457,530.6
52458,532.2
52459,533.3
52460,534.9
52461,535.2
52462,535.5
52463,536.1
52464,536.7
52465,536.2
52466,536.6
52467,536.8
52468,536.8
52469,536.7
52470,537.4
52471,537.5
52472,537.6
52473,535.0
52474,525.3
52475,520.3
52476,515.0
52477,511.3
52478,505.9
52479,501.3
52480,499.7
52481,504.3
52482,501.7
52483,500.4
52484,498.7
52485,498.1
52486,497.5
52487,495.2
52488,495.2
52489,496.2
52490,495.0
52491,493.4
52492,493.5
52493,489.3
52494,487.3
52495,487.0
52496,486.6
52497,491.6
52498,493.3
52499,495.5
52500,497.3
52501,501.9
52502,503.9
52503,499.7
52504,499.1
52505,498.7
52506,500.3
52507,501.7
52508,508.7
52509,513.8
52510,514.8
52511,516.4
52512,518.3
52513,519.3
52514,520.7
52515,520.3
52516,521.9
52517,524.5
52518,531.9
52519,533.5
52520,541.6
52521,544.1
52522,551.2
52523,556.0
52524,558.7
52525,560.1
52526,560.0
52527,559.3
52528,558.9
52529,558.0
52530,558.2
52531,558.5
52532,558.1
52533,556.7
52534,558.5
52535,559.5
52536,562.5
52537,569.6
52538,573.1
52539,572.9
52540,572.1
52541,572.3
52542,572.5
52543,572.8
52544,571.5
52545,571.5
52546,571.4
52547,570.7
52548,569.9
52549,569.1
52550,569.6
52551,566.4
52552,563.0
52553,554.0
52554,552.9
52555,554.2
52556,554.7
52557,554.1
52558,554.2
52559,554.1
52560,554.4
52561,556.2
52562,556.9
52563,556.6
52564,557.3
52565,558.0
52566,559.4
52567,558.4
52568,556.5
52569,555.9
52570,557.1
52571,555.6
52572,556.1
52573,556.8
52574,556.0
52575,557.0
52576,556.5
52577,555.9
52578,556.5
52579,557.1
52580,557.9
52581,556.9
52582,557.4
52583,556.9
52584,555.1
52585,555.7
52586,556.5
52587,556.9
52588,556.1
52589,554.2
52590,554.7
52591,553.9
52592,554.7
52593,554.6
52594,562.0
52595,563.9
52596,575.1
52597,585.4
52598,589.3
52599,595.1
52600,596.1
52601,598.6
52602,598.8
52603,599.4
52604,598.9
52605,598.7
52606,598.3
52607,598.3
52608,596.9
52609,595.9
52610,594.8
52611,591.8
52612,584.6
52613,573.8
52614,566.1
52615,557.2
52616,554.4
52617,552.1
52618,551.4
52619,550.3
52620,549.7
52621,552.3
52622,556.9
52623,549.0
52624,543.7
52625,543.4
52626,547.6
52627,550.2
52628,552.5
52629,557.3
52630,558.9
52631,559.6
52632,559.1
52633,559.8
52634,558.6
52635,557.3
52636,557.4
52637,557.4
52638,557.5
52639,554.8
52640,554.2
52641,555.4
52642,553.3
52643,549.2
52644,545.2
52645,543.6
52646,541.7
52647,544.7
52648,546.8
52649,555.1
52650,559.6
52651,557.3
52652,549.6
52653,548.8
52654,543.2
52655,543.6
52656,548.2
52657,546.3
52658,546.9
52659,547.2
52660,545.1
52661,527.8
52662,521.0
52663,522.9
52664,520.6
52665,534.3
52666,533.8
52667,524.0
52668,518.1
52669,514.0
52670,509.5
52671,513.4
52672,520.3
52673,521.9
52674,513.8
52675,515.7
52676,517.1
52677,515.2
52678,496.9
52679,493.2
52680,495.8
52681,491.4
52682,478.6
52683,464.5
52684,460.5
52685,462.2
52686,467.3
52687,466.4
52688,454.4
52689,447.5
52690,448.0
52691,444.5
52692,450.8
52693,454.1
52694,455.1
52695,450.8
52696,449.8
52697,455.5
52698,459.0
52699,463.2
52700,463.7
52701,463.2
52702,467.8
52703,468.4
52704,469.4
52705,471.2
52706,474.9
52707,473.5
52708,472.2
52709,473.9
52710,472.5
52711,473.5
52712,472.4
52713,475.1
52714,477.3
52715,473.3
52716,474.5
52717,471.4
52718,469.6
52719,469.0
52720,470.3
52721,474.7
52722,477.3
52723,484.3
52724,476.2
52725,477.9
52726,478.4
52727,478.0
52728,474.5
52729,470.1
52730,464.5
52731,461.2
52732,463.5
52733,464.6
52734,464.5
52735,453.5
52736,450.3
52737,444.5
52738,444.5
52739,443.3
52740,443.7
52741,441.9
52742,442.8
52743,445.3
52744,445.2
52745,444.5
52746,447.6
52747,452.7
52748,451.6
52749,449.9
52750,452.3
52751,450.0
52752,445.2
52753,446.5
52754,445.3
52755,444.7
52756,440.8
52757,444.1
52758,445.1
52759,445.7
52760,443.5
52761,441.3
52762,443.7
52763,443.3
52764,442.2
52765,435.0
52766,430.3
52767,427.3
52768,429.5
52769,431.5
52770,433.6
52771,436.8
52772,442.0
52773,441.8
52774,434.9
52775,439.2
52776,444.7
52777,442.1
52778,435.7
52779,438.1
52780,436.7
52781,438.0
52782,444.1
52783,436.9
52784,432.7
52785,446.8
52786,440.4
52787,435.5
52788,437.5
52789,433.2
52790,431.3
52791,440.6
52792,436.8
52793,439.0
52794,438.1
52795,446.2
52796,448.5
52797,450.9
52798,447.8
52799,448.5
52800,445.9
52801,435.1
52802,440.5
52803,449.7
52804,452.8
52805,443.1
52806,440.6
52807,445.7
52808,454.9
52809,450.7
52810,452.8
52811,451.4
52812,455.7
52813,463.5
52814,479.3
52815,472.1
52816,459.1
52817,465.2
52818,471.0
52819,475.2
52820,485.1
52821,465.1
52822,458.8
52823,459.3
52824,455.0
52825,459.5
52826,454.6
52827,458.1
52828,456.5
52829,453.8
52830,457.6
52831,460.6
52832,462.9
52833,467.7
52834,465.5
52835,451.2
52836,457.2
52837,458.9
52838,470.7
52839,476.0
52840,463.1
52841,460.9
52842,471.0
52843,482.6
52844,477.7
52845,465.1
52846,474.2
52847,490.8
52848,489.6
52849,494.0
52850,492.3
52851,480.6
52852,471.1
52853,485.3
52854,486.4
52855,487.7
52856,487.2
52857,489.1
52858,489.4
52859,497.6
52860,489.4
52861,495.5
52862,493.1
52863,494.0
52864,490.9
52865,489.9
52866,488.5
52867,498.6
52868,494.9
52869,503.5
52870,505.9
52871,495.0
52872,491.7
52873,479.6
52874,475.2
52875,473.8
52876,475.4
52877,471.6
52878,471.4
52879,449.0
52880,442.5
52881,458.2
52882,448.9
52883,442.8
52884,439.1
52885,434.4
52886,432.8
52887,434.8
52888,437.8
52889,440.0
52890,437.6
52891,448.5
52892,476.0
52893,484.6
52894,476.4
52895,458.2
52896,460.2
52897,456.9
52898,447.3
52899,445.8
52900,446.6
52901,445.8
52902,448.9
52903,432.4
52904,424.9
52905,424.2
52906,422.0
52907,428.3
52908,434.7
52909,433.7
52910,431.3
52911,430.4
52912,408.1
52913,422.6
52914,435.3
52915,428.3
52916,425.4
52917,435.3
52918,438.5
52919,430.9
52920,402.1
52921,411.3
52922,427.1
52923,425.7
52924,420.4
52925,415.9
52926,402.6
52927,395.5
52928,386.1
52929,413.4
52930,408.2
52931,401.0
52932,406.7
52933,402.6
52934,393.7
52935,388.3
52936,378.5
52937,370.6
52938,371.6
52939,360.5
52940,342.9
52941,341.0
52942,342.7
52943,341.7
52944,340.8
52945,340.9
52946,342.3
52947,341.6
52948,342.4
52949,343.5
52950,345.9
52951,346.2
52952,347.0
52953,347.5
52954,347.3
52955,347.3
52956,347.0
52957,345.3
52958,344.2
52959,343.5
52960,342.6
52961,343.9
52962,341.6
52963,343.1
52964,342.3
52965,342.7
52966,342.6
52967,343.1
52968,343.3
52969,345.7
52970,345.8
52971,346.6
52972,-9999.9
52973,-9999.9
52974,-9999.9
52975,-9999.9
52976,-9999.9
52977,-9999.9
52978,-9999.9
52979,-9999.9
52980,-9999.9
52981,-9999.9
52982,-9999.9
52983,-9999.9
52984,-9999.9
52985,-9999.9
52986,-9999.9
52987,-9999.9
52988,-9999.9
52989,-9999.9
52990,-9999.9
52991,-9999.9
52992,-9999.9
52993,-9999.9
52994,-9999.9
52995,-9999.9
52996,-9999.9
52997,-9999.9
52998,-9999.9
52999,-9999.9
53000,-9999.9
53001,-9999.9
53002,-9999.9
53003,-9999.9
53004,-9999.9
53005,-9999.9
53006,-9999.9
53007,-9999.9
53008,-9999.9
53009,-9999.9
53010,-9999.9
53011,-9999.9
53012,-9999.9
53013,-9999.9
53014,-9999.9
53015,-9999.9
53016,-9999.9
53017,-9999.9
53018,-9999.9
53019,-9999.9
53020,-9999.9
53021,-9999.9
53022,-9999.9
53023,-9999.9
53024,-9999.9
53025,-9999.9
53026,-9999.9
53027,-9999.9
53028,-9999.9
53029,-9999.9
53030,-9999.9
53031,-9999.9
53032,-9999.9
53033,-9999.9
53034,-9999.9
53035,-9999.9
53036,-9999.9
53037,-9999.9
53038,-9999.9
53039,-9999.9
53040,-9999.9
53041,-9999.9
53042,-9999.9
53043,-9999.9
53044,-9999.9
53045,-9999.9
53046,-9999.9
53047,-9999.9
53048,-9999.9
53049,-9999.9
53050,-9999.9
53051,-9999.9
53052,-9999.9
53053,-9999.9
53054,-9999.9
53055,-9999.9
53056,-9999.9
53057,-9999.9
53058,-9999.9
53059,-9999.9
53060,-9999.9
53061,-9999.9
53062,-9999.9
53063,-9999.9
53064,-9999.9
53065,-9999.9
53066,-9999.9
53067,-9999.9
53068,-9999.9
53069,-9999.9
53070,-9999.9
53071,-9999.9
53072,-9999.9
53073,-9999.9
53074,-9999.9
53075,-9999.9
53076,-9999.9
53077,-9999.9
53078,-9999.9
53079,-9999.9
53080,-9999.9
53081,-9999.9
53082,-9999.9
53083,-9999.9
53084,-9999.9
53085,-9999.9
53086,-9999.9
53087,-9999.9
53088,-9999.9
53089,-9999.9
53090,-9999.9
53091,-9999.9
53092,-9999.9
53093,-9999.9
53094,-9999.9
53095,-9999.9
53096,-9999.9
53097,-9999.9
53098,-9999.9
53099,-9999.9
53100,-9999.9
53101,-9999.9
53102,-9999.9
53103,-9999.9
53104,-9999.9
53105,-9999.9
53106,-9999.9
53107,-9999.9
53108,-9999.9
53109,-9999.9
53110,-9999.9
53111,-9999.9
53112,-9999.9
53113,-9999.9
53114,-9999.9
53115,-9999.9
53116,-9999.9
53117,-9999.9
53118,-9999.9
53119,-9999.9
53120,-9999.9
53121,-9999.9
53122,-9999.9
53123,-9999.9
53124,-9999.9
53125,-9999.9
53126,-9999.9
53127,-9999.9
53128,-9999.9
53129,-9999.9
53130,-9999.9
53131,-9999.9
53132,-9999.9
53133,-9999.9
53134,-9999.9
53135,-9999.9
53136,-9999.9
53137,-9999.9
53138,-9999.9
53139,-9999.9
53140,-9999.9
53141,-9999.9
53142,-9999.9
53143,-9999.9
53144,-9999.9
53145,-9999.9
53146,-9999.9
53147,-9999.9
53148,-9999.9
53149,-9999.9
53150,-9999.9
53151,-9999.9
53152,-9999.9
53153,-9999.9
53154,-9999.9
53155,-9999.9
53156,-9999.9
53157,-9999.9
53158,-9999.9
53159,-9999.9
53160,-9999.9
53161,-9999.9
53162,-9999.9
53163,-9999.9
53164,-9999.9
53165,-9999.9
53166,-9999.9
53167,-9999.9
53168,-9999.9
53169,-9999.9
53170,-9999.9
53171,-9999.9
53172,-9999.9
53173,-9999.9
53174,-9999.9
53175,-9999.9
53176,-9999.9
53177,-9999.9
53178,-9999.9
53179,-9999.9
53180,-9999.9
53181,-9999.9
53182,-9999.9
53183,346.2
53184,347.4
53185,348.0
53186,355.5
53187,357.2
53188,358.3
53189,360.2
53190,359.6
53191,356.9
53192,352.6
53193,349.9
53194,350.8
53195,351.1
53196,350.9
53197,351.8
53198,352.5
53199,352.3
53200,354.5
53201,355.9
53202,355.1
53203,354.9
53204,353.7
53205,354.6
53206,356.7
53207,359.4
53208,361.5
53209,361.7
53210,361.4
53211,360.8
53212,361.5
53213,360.9
53214,361.0
53215,361.4
53216,360.8
53217,360.3
53218,358.7
53219,358.8
53220,358.2
53221,358.6
53222,359.0
53223,359.6
53224,358.9
53225,358.1
53226,358.3
53227,358.2
53228,358.8
53229,359.2
53230,359.5
53231,359.1
53232,357.7
53233,358.2
53234,357.2
53235,357.7
53236,356.3
53237,357.9
53238,357.4
53239,358.1
53240,358.0
53241,358.1
53242,359.0
53243,359.8
53244,359.0
53245,359.1
53246,358.4
53247,358.8
53248,357.6
53249,355.8
53250,354.7
53251,354.0
53252,354.0
53253,354.2
53254,355.4
53255,355.5
53256,353.8
53257,353.2
53258,352.8
53259,352.8
53260,353.4
53261,352.7
53262,353.1
53263,353.1
53264,352.9
53265,352.3
53266,352.3
53267,352.2
53268,352.2
53269,352.1
53270,351.9
53271,351.3
53272,351.5
53273,351.5
53274,351.9
53275,351.8
53276,351.3
53277,351.5
53278,351.1
53279,350.6
53280,351.0
53281,350.6
53282,349.9
53283,350.7
53284,350.8
53285,350.4
53286,350.5
53287,351.2
53288,350.5
53289,350.2
53290,350.6
53291,350.2
53292,350.0
53293,350.0
53294,349.4
53295,349.4
53296,350.1
53297,349.3
53298,350.2
53299,349.9
53300,350.3
53301,349.7
53302,350.7
53303,350.4
53304,350.7
53305,352.5
53306,351.4
53307,350.9
53308,352.0
53309,352.6
53310,352.4
53311,351.1
53312,353.0
53313,349.0
53314,348.7
53315,348.2
53316,348.9
53317,350.2
53318,351.2
53319,351.5
53320,351.7
53321,351.5
53322,350.8
53323,348.1
53324,348.5
53325,347.5
53326,346.9
53327,346.9
53328,347.9
53329,347.2
53330,346.5
53331,347.4
53332,346.5
53333,346.5
53334,346.6
53335,346.3
53336,347.2
53337,347.1
53338,347.4
53339,346.7
53340,348.2
53341,349.1
53342,350.7
53343,350.1
53344,350.4
53345,349.9
53346,349.7
53347,350.5
53348,349.6
53349,349.8
53350,349.1
53351,350.5
53352,349.6
53353,349.7
53354,349.8
53355,350.1
53356,350.3
53357,350.2
53358,351.1
53359,354.5
53360,357.1
53361,358.2
53362,359.5
53363,358.4
53364,358.2
53365,359.3
53366,360.4
53367,360.5
53368,360.4
53369,360.8
53370,360.2
53371,359.1
53372,359.5
53373,356.3
53374,356.8
53375,355.5
53376,356.0
53377,354.2
53378,355.0
53379,354.0
53380,355.0
53381,356.7
53382,357.5
53383,356.9
53384,356.7
53385,357.2
53386,358.3
53387,358.8
53388,358.1
53389,357.9
53390,359.1
53391,358.7
53392,359.2
53393,360.4
53394,362.1
53395,360.4
53396,360.8
53397,360.8
53398,360.5
53399,361.8
53400,363.0
53401,363.1
53402,363.9
53403,364.0
53404,364.3
53405,364.5
53406,364.2
53407,364.1
53408,363.8
53409,363.6
53410,364.5
53411,363.8
53412,364.8
53413,365.3
53414,365.5
53415,363.6
53416,365.3
53417,365.9
53418,366.3
53419,367.2
53420,367.7
53421,368.6
53422,368.5
53423,368.6
53424,369.4
53425,368.6
53426,369.1
53427,368.9
53428,370.0
53429,368.9
53430,369.7
53431,371.0
53432,371.2
53433,370.7
53434,369.4
53435,368.9
53436,370.8
53437,371.0
53438,367.5
53439,359.6
53440,361.7
53441,359.1
53442,356.9
53443,355.9
53444,355.5
53445,355.9
53446,356.0
53447,358.3
53448,361.1
53449,361.5
53450,364.7
53451,366.4
53452,367.9
53453,370.6
53454,369.4
53455,372.7
53456,372.4
53457,368.6
53458,367.5
53459,364.5
53460,360.4
53461,357.2
53462,356.1
53463,356.2
53464,356.3
53465,355.9
53466,355.8
53467,356.5
53468,355.9
53469,356.4
53470,358.0
53471,359.2
53472,361.0
53473,360.6
53474,361.0
53475,362.0
53476,363.2
53477,364.3
53478,363.7
53479,362.6
53480,369.7
53481,378.8
53482,382.8
53483,384.1
53484,398.9
53485,406.5
53486,416.6
53487,429.5
53488,439.4
53489,439.7
53490,436.3
53491,438.3
53492,440.0
53493,440.5
53494,437.0
53495,437.5
53496,446.7
53497,457.8
53498,461.7
53499,459.7
53500,463.2
53501,467.7
53502,466.1
53503,472.0
53504,467.7
53505,469.5
53506,474.7
53507,476.0
53508,470.1
53509,467.3
53510,475.1
53511,481.3
53512,486.4
53513,488.4
53514,490.5
53515,492.1
53516,495.4
53517,495.2
53518,496.9
53519,499.6
53520,500.8
53521,501.1
53522,502.1
53523,502.5
53524,501.2
53525,501.2
53526,502.6
53527,499.0
53528,492.7
53529,493.7
53530,496.4
53531,501.9
53532,503.5
53533,502.1
53534,506.7
53535,508.8
53536,507.5
53537,503.8
53538,508.5
53539,510.4
53540,507.9
53541,488.6
53542,475.1
53543,484.3
53544,492.2
53545,481.4
53546,472.4
53547,473.2
53548,478.9
53549,480.0
53550,473.4
53551,470.6
53552,469.4
53553,468.7
53554,470.3
53555,471.5
53556,471.9
53557,470.2
53558,470.7
53559,472.3
53560,473.2
53561,473.5
53562,474.9
53563,474.6
53564,473.6
53565,474.0
53566,475.0
53567,477.1
53568,478.5
53569,477.3
53570,477.8
53571,478.1
53572,478.6
53573,478.9
53574,479.6
53575,479.8
53576,481.5
53577,483.0
53578,482.5
53579,483.3
53580,484.8
53581,481.1
53582,469.6
53583,466.9
53584,466.2
53585,468.8
53586,470.7
53587,474.1
53588,477.8
53589,469.0
53590,460.2
53591,459.3
53592,455.5
53593,458.3
53594,456.8
53595,450.3
53596,446.6
53597,445.3
53598,447.1
53599,448.9
53600,449.4
53601,447.2
53602,447.2
53603,449.8
53604,442.8
53605,436.6
53606,425.7
53607,422.7
53608,424.4
53609,425.7
53610,427.5
53611,423.6
53612,422.7
53613,422.8
53614,416.5
53615,417.7
53616,419.7
53617,420.3
53618,422.0
53619,423.2
53620,419.9
53621,417.6
53622,409.8
53623,408.0
53624,416.5
53625,422.4
53626,421.7
53627,420.1
53628,417.4
53629,420.6
53630,420.3
53631,419.5
53632,420.8
53633,421.4
53634,420.9
53635,419.8
53636,419.2
53637,419.9
53638,420.8
53639,422.0
53640,420.3
53641,422.1
53642,418.2
53643,404.0
53644,401.6
53645,402.7
53646,404.3
53647,405.2
53648,407.0
53649,408.0
53650,400.0
53651,399.6
53652,398.9
53653,393.5
53654,391.9
53655,390.8
53656,397.1
53657,397.5
53658,394.2
53659,399.2
53660,401.7
53661,398.9
53662,393.8
53663,395.8
53664,400.8
53665,400.8
53666,403.4
53667,413.0
53668,419.3
53669,414.7
53670,391.5
53671,388.5
53672,394.4
53673,399.1
53674,397.8
53675,404.4
53676,411.3
53677,410.7
53678,411.4
53679,422.6
53680,428.1
53681,427.0
53682,438.1
53683,441.6
53684,441.1
53685,441.4
53686,442.2
53687,439.9
53688,442.8
53689,443.4
53690,445.5
53691,448.4
53692,449.6
53693,452.3
53694,452.0
53695,449.0
53696,448.5
53697,448.8
53698,449.1
53699,448.0
53700,447.2
53701,447.9
53702,448.7
53703,448.1
53704,448.7
53705,447.7
53706,447.5
53707,449.0
53708,448.3
53709,450.8
53710,450.6
53711,451.9
53712,450.4
53713,449.3
53714,448.5
53715,449.1
53716,448.0
53717,447.6
53718,446.6
53719,448.1
53720,451.2
53721,452.6
53722,451.4
53723,450.9
53724,448.8
53725,449.4
53726,451.6
53727,451.0
53728,450.6
53729,451.9
53730,452.6
53731,451.2
53732,448.9
53733,448.1
53734,448.9
53735,448.8
53736,451.9
53737,455.2
53738,455.8
53739,451.1
53740,450.7
