NETCARE2015/data/raw/Flight5/O3_POLAR6_201504091339_R0_L1_NETCARE.ict
37, 1001
Staebler, Ralf
Environment Canada
Thermo 49i ozone data
Polar 6 NETCARE
1, 1
2015, 4, 9, 2015, 9, 30
0
Start_UTC, seconds
6
1, 1, 1, 1, 1, 1
-9999, -9999, -999.9, -99.9, -99.9, -99.9
Stop_UTC, seconds
hr, decimal hours (UTC)
Press, cell pressure (Torr)
BenchT, instrument temperature (deg C)
LampT, ozone lamp temperature (deg C)
O3, ozone mixing ratio (ppbv)
1
Press, BenchT, LampT are included for diagnostics
16
PI_CONTACT_INFO: Address: 4905 Dufferin Street, Toronto, ON M3H 5T4; email: Ralf.Staebler@ec.gc.ca
PLATFORM: Polar 6 
LOCATION: Location data varies as seen in this file
INSTRUMENT_INFO: Thermo Scienfific ozone analyzer model 49i, S.N. 0606014771
UNCERTAINTY: 0.2 ppbv 
ULOD_FLAG: -7777
ULOD_VALUE: N/A
LLOD_FLAG: -8888
LLOD_VALUE: N/A
DM_CONTACT_INFO: Ralf Staebler; Environment Canada; Ralf.Staebler@ec.gc.ca
PROJECT_INFO: Polar 6 NETCARE Spring 2015 campaign
STIPULATIONS_ON_USE: If use of this data will lead to a publication, we ask that the PI be informed.
OTHER_COMMENTS: N/A
REVISION: R0
R0: First set of data.
Start_UTC,Stop_UTC,hr,Press,BenchT,LampT,O3
49810,49820,13.8389,743.6,22.4,53.1,-99.9
49820,49830,13.8417,739.1,22.4,53.1,-99.9
49830,49840,13.8444,735.6,22.5,53.1,-99.9
49840,49850,13.8472,732.3,22.5,53.1,-99.9
49850,49860,13.8500,728.4,22.6,53.1,-99.9
49860,49870,13.8528,724.8,22.6,53.1,-99.9
49870,49880,13.8556,722.7,22.6,53.1,-99.9
49880,49890,13.8583,720.6,22.7,53.1,-99.9
49890,49900,13.8611,718.5,22.7,53.1,-99.9
49900,49910,13.8639,716.7,22.8,53.1,-99.9
49910,49920,13.8667,715.2,22.8,53.1,-99.9
49920,49930,13.8694,712.8,22.8,53.1,-99.9
49930,49940,13.8722,708.9,22.9,53.1,-99.9
49940,49950,13.8750,706.5,22.9,53.1,-99.9
49950,49960,13.8778,705.0,22.9,53.1,-99.9
49960,49970,13.8806,703.5,23.0,53.1,-99.9
49970,49980,13.8833,692.1,23.0,53.1,-99.9
49980,49990,13.8861,689.7,23.1,53.1,11.2
49990,50000,13.8889,687.0,23.1,53.1,12.1
50000,50010,13.8917,683.7,23.1,53.1,12.3
50010,50020,13.8944,679.8,23.2,53.1,12.2
50020,50030,13.8972,676.8,23.2,53.1,12.1
50030,50040,13.9000,675.3,23.3,53.1,11.5
50040,50050,13.9028,673.5,23.3,53.1,12.5
50050,50060,13.9056,670.8,23.3,53.1,12.7
50060,50070,13.9083,667.2,23.4,53.1,11.8
50070,50080,13.9111,663.9,23.4,53.1,12
50080,50090,13.9139,661.8,23.4,53.1,12.4
50090,50100,13.9167,660.0,23.5,53.1,15.4
50100,50110,13.9194,659.5,23.5,53.2,13.5
50110,50120,13.9222,659.2,23.5,53.1,12.3
50120,50130,13.9250,657.4,23.6,53.2,10.4
50130,50140,13.9278,654.1,23.6,53.2,11
50140,50150,13.9306,650.5,23.7,53.1,11.1
50150,50160,13.9333,647.8,23.7,53.2,11.7
50160,50170,13.9361,645.1,23.7,53.1,12.8
50170,50180,13.9389,642.4,23.8,53.2,18.1
50180,50190,13.9417,640.9,23.8,53.1,17.2
50190,50200,13.9444,639.7,23.9,53.2,16.3
50200,50210,13.9472,638.2,23.9,53.2,16.5
50210,50220,13.9500,636.1,23.9,53.1,16.4
50220,50230,13.9528,634.0,24.0,53.2,15.7
50230,50240,13.9556,631.6,24.0,53.2,16.1
50240,50250,13.9583,628.3,24.0,53.2,15.2
50250,50260,13.9611,625.3,24.1,53.2,21.9
50260,50270,13.9639,623.5,24.1,53.1,33
50270,50280,13.9667,623.2,24.1,53.2,37.7
50280,50290,13.9694,622.9,24.2,53.2,35.9
50290,50300,13.9722,621.7,24.2,53.2,18.9
50300,50310,13.9750,620.8,24.3,53.2,16.9
50310,50320,13.9778,619.0,24.3,53.2,16.2
50320,50330,13.9806,615.7,24.3,53.2,15.2
50330,50340,13.9833,611.2,24.4,53.2,16.8
50340,50350,13.9861,608.8,24.4,53.2,21.7
50350,50360,13.9889,606.1,24.4,53.2,34.3
50360,50370,13.9917,607.9,24.5,53.2,41.8
50370,50380,13.9944,604.3,24.5,53.2,41.7
50380,50390,13.9972,601.3,24.6,53.2,39.9
50390,50400,14.0000,603.1,24.6,53.2,40.4
50400,50410,14.0028,599.2,24.7,53.2,41.4
50410,50420,14.0056,598.6,24.7,53.2,43.2
50420,50430,14.0083,593.5,24.7,53.2,43.5
50430,50440,14.0111,592.9,24.7,53.2,44.1
50440,50450,14.0139,591.7,24.8,53.2,44.9
50450,50460,14.0167,589.3,24.8,53.2,46.1
50460,50470,14.0194,587.2,24.9,53.2,45.3
50470,50480,14.0222,586.9,24.9,53.2,45
50480,50490,14.0250,583.9,24.9,53.2,45.9
50490,50500,14.0278,581.6,25.0,53.2,45.8
50500,50510,14.0306,580.1,25.0,53.2,45.5
50510,50520,14.0333,578.6,25.1,53.2,40.8
50520,50530,14.0361,577.4,25.1,53.2,43.2
50530,50540,14.0389,575.6,25.1,53.2,45
50540,50550,14.0417,573.5,25.2,53.2,45.5
50550,50560,14.0444,571.7,25.2,53.2,45.7
50560,50570,14.0472,570.2,25.3,53.2,45.8
50570,50580,14.0500,568.4,25.3,53.2,46.7
50580,50590,14.0528,567.2,25.3,53.2,47.8
50590,50600,14.0556,565.7,25.4,53.2,45.9
50600,50610,14.0583,564.2,25.4,53.2,46.9
50610,50620,14.0611,562.1,25.5,53.2,46.8
50620,50630,14.0639,560.0,25.5,53.2,47.9
50630,50640,14.0667,558.8,25.5,53.2,47.3
50640,50650,14.0694,557.6,25.6,53.2,45.8
50650,50660,14.0722,555.8,25.6,53.2,46.1
50660,50670,14.0750,554.6,25.7,53.2,45.9
50670,50680,14.0778,553.4,25.7,53.2,44.6
50680,50690,14.0806,551.0,25.7,53.2,46.1
50690,50700,14.0833,548.6,25.8,53.2,45.3
50700,50710,14.0861,546.5,25.8,53.2,46.7
50710,50720,14.0889,545.0,25.8,53.2,45.9
50720,50730,14.0917,543.8,25.9,53.2,47.5
50730,50740,14.0944,542.0,25.9,53.2,46.2
50740,50750,14.0972,540.8,25.9,53.2,47.5
50750,50760,14.1000,539.6,26.0,53.2,47.4
50760,50770,14.1028,538.1,26.0,53.2,46.6
50770,50780,14.1056,536.3,26.1,53.2,47.5
50780,50790,14.1083,535.1,26.1,53.2,48.1
50790,50800,14.1111,533.9,26.1,53.2,47.4
50800,50810,14.1139,532.4,26.2,53.2,45.7
50810,50820,14.1167,531.2,26.2,53.2,46.8
50820,50830,14.1194,529.4,26.3,53.2,46.5
50830,50840,14.1222,527.3,26.3,53.2,45.4
50840,50850,14.1250,525.8,26.4,53.3,46.7
50850,50860,14.1278,524.3,26.4,53.3,46.2
50860,50870,14.1306,522.5,26.4,53.2,46.6
50870,50880,14.1333,521.9,26.5,53.3,46.6
50880,50890,14.1361,521.3,26.5,53.2,47
50890,50900,14.1389,520.4,26.5,53.3,46.6
50900,50910,14.1417,519.2,26.6,53.3,46.3
50910,50920,14.1444,517.7,26.6,53.2,46.9
50920,50930,14.1472,516.5,26.7,53.2,47.3
50930,50940,14.1500,514.1,26.7,53.2,45.4
50940,50950,14.1528,512.3,26.8,53.2,45.7
50950,50960,14.1556,511.4,26.8,53.3,46.3
50960,50970,14.1583,509.9,26.8,53.2,45.6
50970,50980,14.1611,508.4,26.9,53.2,45.6
50980,50990,14.1639,507.5,26.9,53.3,46.1
50990,51000,14.1667,507.2,27.0,53.3,47.6
51000,51010,14.1694,507.8,27.0,53.3,47.2
51010,51020,14.1722,508.1,27.0,53.3,47.7
51020,51030,14.1750,508.4,27.1,53.3,48.1
51030,51040,14.1778,509.3,27.1,53.3,47.7
51040,51050,14.1806,509.6,27.2,53.3,47.2
51050,51060,14.1833,509.6,27.2,53.3,46.6
51060,51070,14.1861,509.0,27.3,53.3,45.2
51070,51080,14.1889,508.7,27.3,53.3,46.6
51080,51090,14.1917,508.7,27.3,53.3,47.2
51090,51100,14.1944,508.4,27.4,53.3,46.5
51100,51110,14.1972,507.8,27.4,53.3,46.6
51110,51120,14.2000,507.8,27.4,53.3,46
51120,51130,14.2028,508.1,27.5,53.3,46
51130,51140,14.2056,507.8,27.5,53.3,45.6
51140,51150,14.2083,507.8,27.5,53.3,46.8
51150,51160,14.2111,508.4,27.6,53.3,47.5
51160,51170,14.2139,508.7,27.6,53.3,46.9
51170,51180,14.2167,508.4,27.7,53.3,46.8
51180,51190,14.2194,508.1,27.7,53.3,47.8
51190,51200,14.2222,508.7,27.7,53.3,47.1
51200,51210,14.2250,509.0,27.8,53.3,47.7
51210,51220,14.2278,509.0,27.8,53.3,46.6
51220,51230,14.2306,509.0,27.9,53.3,47.4
51230,51240,14.2333,509.0,27.9,53.3,45.2
51240,51250,14.2361,509.3,27.9,53.3,46.9
51250,51260,14.2389,509.3,28.0,53.3,46.5
51260,51270,14.2417,509.3,28.0,53.3,46.3
51270,51280,14.2444,509.3,28.1,53.3,46.4
51280,51290,14.2472,509.6,28.1,53.3,45.7
51290,51300,14.2500,509.0,28.1,53.3,46
51300,51310,14.2528,508.7,28.2,53.3,47
51310,51320,14.2556,508.4,28.2,53.3,46.7
51320,51330,14.2583,509.0,28.3,53.3,46.8
51330,51340,14.2611,508.7,28.3,53.3,47.7
51340,51350,14.2639,508.4,28.3,53.2,46.4
51350,51360,14.2667,508.1,28.4,53.3,46.6
51360,51370,14.2694,507.8,28.4,53.4,46.1
51370,51380,14.2722,507.5,28.5,53.3,45.6
51380,51390,14.2750,507.2,28.5,53.4,45.4
51390,51400,14.2778,507.2,28.5,53.3,45.3
51400,51410,14.2806,507.5,28.6,53.3,46
51410,51420,14.2833,506.9,28.6,53.4,44.6
51420,51430,14.2861,506.3,28.7,53.4,45.6
51430,51440,14.2889,506.6,28.7,53.3,46.9
51440,51450,14.2917,506.6,28.7,53.3,47.4
51450,51460,14.2944,506.9,28.8,53.3,47.2
51460,51470,14.2972,508.1,28.8,53.2,47.1
51470,51480,14.3000,509.0,28.9,53.3,49.7
51480,51490,14.3028,509.3,28.9,53.4,49.9
51490,51500,14.3056,508.7,28.9,53.4,49.8
51500,51510,14.3083,508.7,28.9,53.3,50.5
51510,51520,14.3111,509.0,29.0,53.3,49.7
51520,51530,14.3139,509.6,29.0,53.3,49.6
51530,51540,14.3167,509.0,29.1,53.3,48.6
51540,51550,14.3194,508.7,29.1,53.3,50.3
51550,51560,14.3222,509.0,29.1,53.3,51.6
51560,51570,14.3250,509.3,29.2,53.3,51.8
51570,51580,14.3278,508.7,29.2,53.3,50.7
51580,51590,14.3306,509.0,29.2,53.3,52.6
51590,51600,14.3333,509.6,29.3,53.3,52.1
51600,51610,14.3361,509.3,29.3,53.3,49.4
51610,51620,14.3389,509.0,29.4,53.3,48.3
51620,51630,14.3417,508.7,29.4,53.3,46.8
51630,51640,14.3444,508.1,29.4,53.3,47.6
51640,51650,14.3472,507.5,29.5,53.3,49
51650,51660,14.3500,506.6,29.5,53.3,48.5
51660,51670,14.3528,506.3,29.5,53.3,50.6
51670,51680,14.3556,507.2,29.6,53.3,51
51680,51690,14.3583,508.1,29.6,53.3,50.4
51690,51700,14.3611,509.0,29.6,53.3,49.6
51700,51710,14.3639,509.0,29.7,53.3,50.8
51710,51720,14.3667,509.3,29.7,53.3,44.8
51720,51730,14.3694,509.6,29.8,53.3,46.9
51730,51740,14.3722,509.3,29.8,53.3,51.2
51740,51750,14.3750,509.3,29.8,53.3,51.4
51750,51760,14.3778,509.0,29.9,53.3,49.3
51760,51770,14.3806,509.6,29.9,53.3,49.2
51770,51780,14.3833,511.7,29.9,53.3,49.1
51780,51790,14.3861,513.5,30.0,53.3,48.5
51790,51800,14.3889,515.0,30.0,53.3,46.8
51800,51810,14.3917,516.8,30.0,53.3,46.9
51810,51820,14.3944,518.9,30.1,53.3,44
51820,51830,14.3972,520.4,30.1,53.3,44
51830,51840,14.4000,522.5,30.1,53.3,44.3
51840,51850,14.4028,524.3,30.2,53.3,45.5
51850,51860,14.4056,525.8,30.2,53.3,46
51860,51870,14.4083,527.6,30.2,53.3,45.3
51870,51880,14.4111,530.3,30.3,53.3,44.5
51880,51890,14.4139,532.1,30.3,53.3,43.6
51890,51900,14.4167,533.6,30.3,53.3,44.1
51900,51910,14.4194,536.0,30.4,53.3,42.9
51910,51920,14.4222,538.1,30.4,53.3,43.4
51920,51930,14.4250,540.5,30.5,53.3,43.9
51930,51940,14.4278,542.3,30.5,53.3,42.7
51940,51950,14.4306,543.8,30.6,53.3,40.5
51950,51960,14.4333,546.2,30.6,53.3,39.3
51960,51970,14.4361,548.6,30.6,53.3,41.1
51970,51980,14.4389,550.4,30.6,53.3,41.1
51980,51990,14.4417,551.9,30.7,53.3,43.6
51990,52000,14.4444,553.7,30.7,53.3,41.9
52000,52010,14.4472,555.5,30.8,53.3,42.9
52010,52020,14.4500,557.0,30.8,53.3,42.7
52020,52030,14.4528,559.1,30.8,53.3,43.1
52030,52040,14.4556,561.5,30.9,53.3,41.1
52040,52050,14.4583,564.2,30.9,53.3,40.2
52050,52060,14.4611,566.0,30.9,53.3,40.4
52060,52070,14.4639,568.1,31.0,53.3,40
52070,52080,14.4667,570.2,31.0,53.4,38.2
52080,52090,14.4694,572.3,31.0,53.3,36
52090,52100,14.4722,573.8,31.1,53.3,36.2
52100,52110,14.4750,575.9,31.1,53.3,35.9
52110,52120,14.4778,577.7,31.1,53.3,33.5
52120,52130,14.4806,578.9,31.2,53.3,32.3
52130,52140,14.4833,580.7,31.2,53.4,32.6
52140,52150,14.4861,582.5,31.2,53.3,33.1
52150,52160,14.4889,584.5,31.2,53.3,31.2
52160,52170,14.4917,586.9,31.3,53.3,29.8
52170,52180,14.4944,588.7,31.3,53.3,17.8
52180,52190,14.4972,590.2,31.3,53.4,14.5
52190,52200,14.5000,592.6,31.4,53.3,13.2
52200,52210,14.5028,594.7,31.4,53.3,10.5
52210,52220,14.5056,595.9,31.5,53.3,9.05
52220,52230,14.5083,597.7,31.5,53.3,8.63
52230,52240,14.5111,599.8,31.5,53.3,8.56
52240,52250,14.5139,601.9,31.6,53.3,7.21
52250,52260,14.5167,603.4,31.6,53.3,6.76
52260,52270,14.5194,605.2,31.6,53.3,7.59
52270,52280,14.5222,607.6,31.6,53.3,7.6
52280,52290,14.5250,608.8,31.7,53.3,8.02
52290,52300,14.5278,610.6,31.7,53.3,8.48
52300,52310,14.5306,612.1,31.7,53.3,9.21
52310,52320,14.5333,614.8,31.8,53.4,8.92
52320,52330,14.5361,616.6,31.8,53.3,9.98
52330,52340,14.5389,618.1,31.8,53.3,7.4
52340,52350,14.5417,619.9,31.8,53.4,7.64
52350,52360,14.5444,622.6,31.9,53.3,7.68
52360,52370,14.5472,624.7,31.9,53.3,7.98
52370,52380,14.5500,626.2,31.9,53.4,7.55
52380,52390,14.5528,628.0,32.0,53.3,8.83
52390,52400,14.5556,630.4,32.0,53.3,7.76
52400,52410,14.5583,632.2,32.0,53.4,9.56
52410,52420,14.5611,633.7,32.1,53.4,11
52420,52430,14.5639,635.8,32.1,53.3,11.2
52430,52440,14.5667,638.2,32.1,53.3,11.1
52440,52450,14.5694,640.6,32.2,53.4,10.8
52450,52460,14.5722,642.7,32.2,53.4,9.85
52460,52470,14.5750,644.8,32.2,53.3,9.82
52470,52480,14.5778,647.5,32.3,53.3,9.06
52480,52490,14.5806,649.6,32.3,53.4,9.79
52490,52500,14.5833,651.4,32.3,53.3,11.4
52500,52510,14.5861,653.2,32.3,53.3,10
52510,52520,14.5889,655.0,32.4,53.3,10.8
52520,52530,14.5917,657.1,32.4,53.4,10.8
52530,52540,14.5944,658.6,32.4,53.3,11.1
52540,52550,14.5972,660.6,32.5,53.3,12
52550,52560,14.6000,663.3,32.5,53.3,13.1
52560,52570,14.6028,665.7,32.5,53.4,12.5
52570,52580,14.6056,667.2,32.6,53.4,12.3
52580,52590,14.6083,669.0,32.6,53.4,12.1
52590,52600,14.6111,672.3,32.6,53.4,12.7
52600,52610,14.6139,675.0,32.6,53.3,11.7
52610,52620,14.6167,677.4,32.7,53.3,11.6
52620,52630,14.6194,679.5,32.7,53.3,12.8
52630,52640,14.6222,682.5,32.7,53.3,12
52640,52650,14.6250,684.6,32.7,53.3,11.9
52650,52660,14.6278,686.4,32.8,53.3,11.1
52660,52670,14.6306,687.9,32.8,53.4,11.4
52670,52680,14.6333,690.3,32.8,53.4,14.4
52680,52690,14.6361,692.7,32.9,53.4,13.5
52690,52700,14.6389,693.9,32.9,53.3,13
52700,52710,14.6417,695.7,32.9,53.4,13.2
52710,52720,14.6444,698.7,32.9,53.3,14.1
52720,52730,14.6472,701.1,32.9,53.4,14.7
52730,52740,14.6500,702.3,33.0,53.4,16.3
52740,52750,14.6528,704.1,33.0,53.3,16.5
52750,52760,14.6556,706.5,33.0,53.4,17.5
52760,52770,14.6583,708.3,33.1,53.4,16.8
52770,52780,14.6611,709.8,33.1,53.3,16.7
52780,52790,14.6639,711.9,33.1,53.4,16.1
52790,52800,14.6667,714.6,33.2,53.4,17.8
52800,52810,14.6694,716.7,33.2,53.4,16.4
52810,52820,14.6722,718.2,33.2,53.3,16.5
52820,52830,14.6750,720.6,33.2,53.3,17.8
52830,52840,14.6778,723.0,33.3,53.4,17.1
52840,52850,14.6806,725.1,33.3,53.4,16.5
52850,52860,14.6833,726.3,33.3,53.3,16.3
52860,52870,14.6861,727.8,33.3,53.4,17.6
52870,52880,14.6889,730.8,33.3,53.4,18.5
52880,52890,14.6917,732.3,33.4,53.3,18.3
52890,52900,14.6944,734.4,33.4,53.4,18.9
52900,52910,14.6972,736.5,33.4,53.4,17.9
52910,52920,14.7000,739.1,33.4,53.3,18.3
52920,52930,14.7028,740.0,33.5,53.3,20.6
52930,52940,14.7056,737.9,33.5,53.3,22.2
52940,52950,14.7083,741.2,33.5,53.3,22.4
52950,52960,14.7111,741.8,33.5,53.3,23.1
52960,52970,14.7139,740.3,33.6,53.3,23.1
52970,52980,14.7167,740.9,33.6,53.4,25.2
52980,52990,14.7194,741.2,33.6,53.4,26
52990,53000,14.7222,743.0,33.6,53.4,24.6
53000,53010,14.7250,742.7,33.7,53.3,23.7
53010,53020,14.7278,742.4,33.7,53.3,23.8
53020,53030,14.7306,742.1,33.7,53.4,24.7
53030,53040,14.7333,742.4,33.7,53.4,23.1
53040,53050,14.7361,743.3,33.7,53.4,25.2
53050,53060,14.7389,743.0,33.8,53.4,25.7
53060,53070,14.7417,743.0,33.8,53.4,27.7
53070,53080,14.7444,743.0,33.8,53.4,27.3
53080,53090,14.7472,743.6,33.9,53.4,27.1
53090,53100,14.7500,743.6,33.9,53.4,29.2
53100,53110,14.7528,743.6,33.9,53.4,27.7
53110,53120,14.7556,743.6,33.9,53.4,25.1
53120,53130,14.7583,743.0,34.0,53.4,23.9
53130,53140,14.7611,741.5,34.0,53.4,24.7
53140,53150,14.7639,740.9,34.0,53.4,25
53150,53160,14.7667,740.6,34.0,53.4,24
53160,53170,14.7694,740.0,34.0,53.4,24.3
53170,53180,14.7722,739.7,34.1,53.4,31.8
53180,53190,14.7750,738.8,34.1,53.4,26.4
53190,53200,14.7778,739.7,34.1,53.4,32.3
53200,53210,14.7806,740.6,34.1,53.4,31.7
53210,53220,14.7833,742.1,34.2,53.4,31.9
53220,53230,14.7861,740.3,34.2,53.4,31.5
53230,53240,14.7889,742.7,34.2,53.4,30.6
53240,53250,14.7917,742.7,34.2,53.4,30.5
53250,53260,14.7944,741.5,34.2,53.4,29.6
53260,53270,14.7972,741.5,34.3,53.4,31.9
53270,53280,14.8000,742.1,34.3,53.4,30.7
53280,53290,14.8028,742.1,34.3,53.4,28.9
53290,53300,14.8056,741.5,34.3,53.4,26.1
53300,53310,14.8083,741.2,34.4,53.3,24.1
53310,53320,14.8111,740.9,34.4,53.4,25.4
53320,53330,14.8139,740.6,34.4,53.4,30.4
53330,53340,14.8167,740.9,34.4,53.4,35.1
53340,53350,14.8194,741.8,34.4,53.4,34
53350,53360,14.8222,743.0,34.5,53.4,29.2
53360,53370,14.8250,744.2,34.5,53.4,31.7
53370,53380,14.8278,744.2,34.5,53.4,34.9
53380,53390,14.8306,743.9,34.5,53.4,34.8
53390,53400,14.8333,742.7,34.5,53.4,34.9
53400,53410,14.8361,743.6,34.6,53.4,35.8
53410,53420,14.8389,741.2,34.6,53.4,33.7
53420,53430,14.8417,740.0,34.6,53.4,32.4
53430,53440,14.8444,741.2,34.7,53.4,31.3
53440,53450,14.8472,740.3,34.7,53.4,34.4
53450,53460,14.8500,738.5,34.7,53.4,24.6
53460,53470,14.8528,737.1,34.7,53.4,25.5
53470,53480,14.8556,735.9,34.7,53.4,20.8
53480,53490,14.8583,734.4,34.8,53.4,18.8
53490,53500,14.8611,732.6,34.8,53.4,17.6
53500,53510,14.8639,730.5,34.8,53.4,16.7
53510,53520,14.8667,727.8,34.8,53.4,18.6
53520,53530,14.8694,725.1,34.9,53.4,17.3
53530,53540,14.8722,722.1,34.9,53.4,18
53540,53550,14.8750,720.0,34.9,53.4,17.9
53550,53560,14.8778,719.1,34.9,53.4,17.5
53560,53570,14.8806,717.0,34.9,53.4,17
53570,53580,14.8833,714.9,35.0,53.4,16.9
53580,53590,14.8861,713.1,35.0,53.4,16.4
53590,53600,14.8889,712.2,35.0,53.4,17.4
53600,53610,14.8917,710.4,35.0,53.4,19
53610,53620,14.8944,707.4,35.0,53.4,18.3
53620,53630,14.8972,705.0,35.1,53.4,17.4
53630,53640,14.9000,703.8,35.1,53.4,16.7
53640,53650,14.9028,702.3,35.1,53.4,17.7
53650,53660,14.9056,700.5,35.2,53.4,15.5
53660,53670,14.9083,698.7,35.2,53.4,14.5
53670,53680,14.9111,697.5,35.2,53.4,12.5
53680,53690,14.9139,695.7,35.2,53.4,12.6
53690,53700,14.9167,693.6,35.3,53.4,12.2
53700,53710,14.9194,691.8,35.3,53.4,11.2
53710,53720,14.9222,690.3,35.3,53.4,11.3
