NETCARE2015/data/raw/Flight5/O3_POLAR6_201504091339_R0_L1_NETCARE.ict
37, 1001
Staebler, Ralf
Environment Canada
Thermo 49i ozone data
Polar 6 NETCARE
1, 1
2015, 4, 9, 2015, 9, 30
0
Start_UTC, seconds
6
1, 1, 1, 1, 1, 1
-9999, -9999, -999.9, -99.9, -99.9, -99.9
Stop_UTC, seconds
hr, decimal hours (UTC)
Press, cell pressure (Torr)
BenchT, instrument temperature (deg C)
LampT, ozone lamp temperature (deg C)
O3, ozone mixing ratio (ppbv)
1
Press, BenchT, LampT are included for diagnostics
16
PI_CONTACT_INFO: Address: 4905 Dufferin Street, Toronto, ON M3H 5T4; email: Ralf.Staebler@ec.gc.ca
PLATFORM: Polar 6 
LOCATION: Location data varies as seen in this file
INSTRUMENT_INFO: Thermo Scienfific ozone analyzer model 49i, S.N. 0606014771
UNCERTAINTY: 0.2 ppbv 
ULOD_FLAG: -7777
ULOD_VALUE: N/A
LLOD_FLAG: -8888
LLOD_VALUE: N/A
DM_CONTACT_INFO: Ralf Staebler; Environment Canada; Ralf.Staebler@ec.gc.ca
PROJECT_INFO: Polar 6 NETCARE Spring 2015 campaign
STIPULATIONS_ON_USE: If use of this data will lead to a publication, we ask that the PI be informed.
OTHER_COMMENTS: N/A
REVISION: R0
R0: First set of data.
Start_UTC,Stop_UTC,hr,Press,BenchT,LampT,O3
[from data line 1176]
61570,61580,17.1056,526.1,41.1,53.5,47.6
61580,61590,17.1083,528.5,41.1,53.6,47.3
61590,61600,17.1111,531.2,41.1,53.5,47.1
61600,61610,17.1139,533.3,41.1,53.5,48.1
61610,61620,17.1167,534.8,41.1,53.6,46.5
61620,61630,17.1194,536.0,41.1,53.5,47.5
61630,61640,17.1222,538.4,41.1,53.5,47.2
61640,61650,17.1250,539.9,41.1,53.5,47.4
61650,61660,17.1278,541.1,41.2,53.5,45.7
61660,61670,17.1306,542.3,41.1,53.5,46.4
61670,61680,17.1333,544.1,41.1,53.5,46.6
61680,61690,17.1361,545.9,41.2,53.5,45.8
61690,61700,17.1389,547.7,41.2,53.5,45.5
61700,61710,17.1417,549.8,41.2,53.5,46.1
61710,61720,17.1444,552.5,41.2,53.5,45.7
61720,61730,17.1472,554.3,41.2,53.5,47.5
61730,61740,17.1500,556.1,41.2,53.5,46.7
61740,61750,17.1528,557.6,41.2,53.5,48.2
61750,61760,17.1556,559.4,41.2,53.5,45.4
61760,61770,17.1583,560.6,41.2,53.5,46.3
61770,61780,17.1611,562.1,41.2,53.5,45.7
61780,61790,17.1639,563.9,41.2,53.5,45.8
61790,61800,17.1667,566.3,41.2,53.5,45.5
61800,61810,17.1694,568.7,41.2,53.5,45.7
61810,61820,17.1722,570.2,41.2,53.5,46
61820,61830,17.1750,571.7,41.2,53.5,46
61830,61840,17.1778,573.5,41.2,53.5,45.4
61840,61850,17.1806,575.0,41.2,53.5,46.3
61850,61860,17.1833,576.5,41.2,53.5,47
61860,61870,17.1861,578.0,41.2,53.5,46.6
61870,61880,17.1889,580.4,41.2,53.5,46.7
61880,61890,17.1917,582.1,41.2,53.5,45.2
61890,61900,17.1944,583.9,41.2,53.5,45.8
61900,61910,17.1972,585.7,41.2,53.5,46.2
61910,61920,17.2000,588.4,41.2,53.5,46.5
61920,61930,17.2028,589.9,41.2,53.5,44.5
61930,61940,17.2056,592.0,41.2,53.5,43.4
61940,61950,17.2083,594.4,41.2,53.5,43.7
61950,61960,17.2111,597.4,41.3,53.5,41.8
61960,61970,17.2139,599.5,41.2,53.5,42.9
61970,61980,17.2167,601.3,41.2,53.5,41.9
61980,61990,17.2194,602.5,41.2,53.5,40.7
61990,62000,17.2222,604.9,41.3,53.5,39.8
62000,62010,17.2250,607.3,41.3,53.5,41.8
62010,62020,17.2278,608.5,41.3,53.5,41.8
62020,62030,17.2306,610.6,41.3,53.5,41.3
62030,62040,17.2333,613.3,41.3,53.5,40.2
62040,62050,17.2361,615.7,41.3,53.5,40.7
62050,62060,17.2389,616.9,41.3,53.5,39.3
62060,62070,17.2417,618.1,41.3,53.5,40.4
62070,62080,17.2444,619.0,41.3,53.5,40.3
62080,62090,17.2472,619.9,41.3,53.5,40.7
62090,62100,17.2500,619.9,41.3,53.5,40
62100,62110,17.2528,620.2,41.3,53.5,41.1
62110,62120,17.2556,620.2,41.3,53.5,40.8
62120,62130,17.2583,619.3,41.3,53.5,40.9
62130,62140,17.2611,618.7,41.3,53.5,40.1
62140,62150,17.2639,618.7,41.3,53.5,40.8
62150,62160,17.2667,618.7,41.3,53.5,40.1
62160,62170,17.2694,618.7,41.3,53.5,41.1
62170,62180,17.2722,618.7,41.3,53.5,40.3
62180,62190,17.2750,618.7,41.3,53.5,41.4
62190,62200,17.2778,619.0,41.3,53.5,42
62200,62210,17.2806,618.7,41.3,53.5,40.9
62210,62220,17.2833,618.1,41.3,53.5,41.1
62220,62230,17.2861,618.1,41.3,53.5,41.6
62230,62240,17.2889,618.7,41.3,53.5,39.2
62240,62250,17.2917,619.0,41.3,53.5,41.1
62250,62260,17.2944,620.2,41.3,53.5,41
62260,62270,17.2972,622.6,41.3,53.5,41.4
62270,62280,17.3000,625.0,41.3,53.5,40.3
62280,62290,17.3028,627.4,41.3,53.5,41.4
62290,62300,17.3056,628.6,41.3,53.5,39.8
62300,62310,17.3083,630.4,41.4,53.6,40.3
62310,62320,17.3111,633.4,41.4,53.5,41.6
62320,62330,17.3139,635.5,41.4,53.5,40.8
62330,62340,17.3167,637.3,41.4,53.5,40.8
62340,62350,17.3194,638.8,41.4,53.5,39
62350,62360,17.3222,640.9,41.4,53.5,36.9
62360,62370,17.3250,643.0,41.4,53.5,35.9
62370,62380,17.3278,645.1,41.4,53.5,35.7
62380,62390,17.3306,647.8,41.4,53.5,33.9
62390,62400,17.3333,650.2,41.4,53.5,32.3
62400,62410,17.3361,652.6,41.4,53.5,32
62410,62420,17.3389,654.7,41.4,53.5,31.3
62420,62430,17.3417,656.8,41.4,53.5,31.2
62430,62440,17.3444,659.5,41.4,53.5,30
62440,62450,17.3472,661.2,41.4,53.5,28.2
62450,62460,17.3500,662.7,41.4,53.5,27.7
62460,62470,17.3528,664.8,41.4,53.5,27
62470,62480,17.3556,668.4,41.4,53.5,25.5
62480,62490,17.3583,671.1,41.4,53.6,24.5
62490,62500,17.3611,672.9,41.4,53.5,23.2
62500,62510,17.3639,675.0,41.4,53.5,23
62510,62520,17.3667,677.1,41.4,53.5,21.1
62520,62530,17.3694,679.2,41.4,53.5,20.7
62530,62540,17.3722,681.0,41.4,53.5,19.8
62540,62550,17.3750,683.4,41.5,53.6,19.4
62550,62560,17.3778,685.8,41.5,53.6,18.9
62560,62570,17.3806,687.6,41.5,53.6,19.3
62570,62580,17.3833,689.7,41.5,53.5,18.2
62580,62590,17.3861,691.8,41.5,53.5,19.1
62590,62600,17.3889,694.8,41.5,53.5,19
62600,62610,17.3917,697.2,41.5,53.5,19.8
62610,62620,17.3944,699.3,41.5,53.6,17.7
62620,62630,17.3972,701.1,41.5,53.5,17.2
62630,62640,17.4000,703.5,41.5,53.5,15.5
62640,62650,17.4028,705.6,41.5,53.6,14.4
62650,62660,17.4056,707.1,41.5,53.5,12.9
62660,62670,17.4083,709.5,41.5,53.5,12.4
62670,62680,17.4111,712.5,41.5,53.5,12.7
62680,62690,17.4139,714.9,41.5,53.5,11.9
62690,62700,17.4167,716.7,41.5,53.6,11.5
62700,62710,17.4194,718.5,41.6,53.6,10.5
62710,62720,17.4222,721.2,41.6,53.6,9.36
62720,62730,17.4250,723.6,41.6,53.6,8.69
62730,62740,17.4278,726.3,41.6,53.5,7.38
62740,62750,17.4306,729.0,41.6,53.6,6.41
62750,62760,17.4333,732.0,41.6,53.6,2.76
62760,62770,17.4361,735.0,41.6,53.5,1.54
62770,62780,17.4389,737.6,41.6,53.5,2.38
62780,62790,17.4417,740.0,41.6,53.6,1.46
62790,62800,17.4444,741.2,41.6,53.5,-0.341
62800,62810,17.4472,742.4,41.6,53.5,0.252
62810,62820,17.4500,742.1,41.6,53.5,0.12
62820,62830,17.4528,741.8,41.6,53.5,0.0152
62830,62840,17.4556,742.1,41.6,53.5,0.446
62840,62850,17.4583,742.4,41.6,53.5,0.358
62850,62860,17.4611,741.8,41.6,53.5,0.42
62860,62870,17.4639,741.2,41.6,53.5,0.0425
62870,62880,17.4667,741.2,41.6,53.5,-0.104
62880,62890,17.4694,740.9,41.6,53.5,1.28
62890,62900,17.4722,740.0,41.6,53.5,2.38
62900,62910,17.4750,740.0,41.6,53.5,2.84
62910,62920,17.4778,740.0,41.7,53.5,4.81
62920,62930,17.4806,740.9,41.7,53.5,4.03
62930,62940,17.4833,740.0,41.7,53.5,4.79
62940,62950,17.4861,739.4,41.7,53.5,3.96
62950,62960,17.4889,740.0,41.7,53.5,4.68
62960,62970,17.4917,740.0,41.7,53.5,4.38
62970,62980,17.4944,739.7,41.7,53.5,6.59
62980,62990,17.4972,739.7,41.7,53.5,7.52
62990,63000,17.5000,739.7,41.7,53.6,7.4
63000,63010,17.5028,739.7,41.7,53.5,8.46
63010,63020,17.5056,739.1,41.7,53.5,9.43
63020,63030,17.5083,739.4,41.7,53.5,10.2
63030,63040,17.5111,739.7,41.7,53.5,9.92
63040,63050,17.5139,740.9,41.7,53.6,11.1
63050,63060,17.5167,739.7,41.7,53.5,10.6
63060,63070,17.5194,738.5,41.7,53.6,13.4
63070,63080,17.5222,738.2,41.7,53.5,15.3
63080,63090,17.5250,739.4,41.7,53.6,14.7
63090,63100,17.5278,739.4,41.7,53.5,12.8
63100,63110,17.5306,739.7,41.7,53.5,12.8
63110,63120,17.5333,740.3,41.7,53.5,12.9
63120,63130,17.5361,740.9,41.7,53.5,12.8
63130,63140,17.5389,740.9,41.7,53.5,13.3
63140,63150,17.5417,740.6,41.7,53.5,13.3
63150,63160,17.5444,741.2,41.7,53.6,14.2
63160,63170,17.5472,741.5,41.7,53.6,16.2
63170,63180,17.5500,741.5,41.7,53.5,14.9
63180,63190,17.5528,741.8,41.8,53.5,15.7
63190,63200,17.5556,751.1,41.8,53.6,16.9
63200,63210,17.5583,750.8,41.8,53.6,-99.9
63210,63220,17.5611,749.0,41.8,53.6,-99.9
63220,63230,17.5639,746.9,41.8,53.6,-99.9
63230,63240,17.5667,746.6,41.8,53.5,-99.9
63240,63250,17.5694,745.1,41.8,53.6,-99.9
63250,63260,17.5722,743.0,41.8,53.5,-99.9
63260,63270,17.5750,741.2,41.8,53.6,-99.9
63270,63280,17.5778,740.0,41.8,53.5,-99.9
63280,63290,17.5806,738.2,41.8,53.6,-99.9
63290,63300,17.5833,737.4,41.8,53.6,-99.9
63300,63310,17.5861,737.9,41.8,53.6,-99.9
63310,63320,17.5889,739.1,41.9,53.6,-99.9
63320,63330,17.5917,739.1,41.9,53.6,-99.9
63330,63340,17.5944,738.8,41.9,53.6,-99.9
63340,63350,17.5972,738.2,41.9,53.6,-99.9
63350,63360,17.6000,737.6,41.9,53.6,-99.9
63360,63370,17.6028,738.8,41.9,53.5,-99.9
63370,63380,17.6056,738.8,41.9,53.6,-99.9
63380,63390,17.6083,739.1,41.9,53.5,-99.9
63390,63400,17.6111,739.4,41.9,53.5,-99.9
63400,63410,17.6139,740.0,42.0,53.5,-99.9
63410,63420,17.6167,739.4,42.0,53.5,-99.9
63420,63430,17.6194,738.5,42.0,53.5,-99.9
63430,63440,17.6222,738.8,42.0,53.5,-99.9
63440,63450,17.6250,738.5,42.0,53.6,-99.9
63450,63460,17.6278,737.9,42.0,53.6,-99.9
63460,63470,17.6306,737.9,42.0,53.6,-99.9
63470,63480,17.6333,737.6,42.0,53.6,-99.9
63480,63490,17.6361,736.8,42.0,53.6,-99.9
63490,63500,17.6389,736.8,42.0,53.5,-99.9
63500,63510,17.6417,736.8,42.0,53.6,-99.9
63510,63520,17.6444,736.8,42.1,53.6,-99.9
63520,63530,17.6472,737.1,42.1,53.5,-99.9
63530,63540,17.6500,735.3,42.1,53.6,-99.9
63540,63550,17.6528,734.7,42.1,53.6,-99.9
63550,63560,17.6556,735.0,42.1,53.5,-99.9
63560,63570,17.6583,735.6,42.1,53.6,-99.9
63570,63580,17.6611,735.9,42.1,53.6,-99.9
63580,63590,17.6639,735.9,42.1,53.6,-99.9
63590,63600,17.6667,736.2,42.2,53.6,-99.9
63600,63610,17.6694,736.8,42.2,53.6,-99.9
63610,63620,17.6722,736.5,42.2,53.6,-99.9
63620,63630,17.6750,737.1,42.2,53.6,-99.9
63630,63640,17.6778,738.2,42.2,53.6,-99.9
63640,63650,17.6806,737.9,42.2,53.6,-99.9
63650,63660,17.6833,737.9,42.2,53.5,-99.9
63660,63670,17.6861,739.1,42.3,53.5,-99.9
63670,63680,17.6889,740.0,42.3,53.6,-99.9
63680,63690,17.6917,741.2,42.3,53.6,-99.9
63690,63700,17.6944,740.0,42.3,53.6,-99.9
63700,63710,17.6972,738.2,42.3,53.6,-99.9
63710,63720,17.7000,737.4,42.3,53.6,-99.9
63720,63730,17.7028,736.8,42.3,53.6,-99.9
63730,63740,17.7056,736.5,42.3,53.5,-99.9
63740,63750,17.7083,737.4,42.3,53.6,-99.9
63750,63760,17.7111,738.2,42.4,53.6,-99.9
63760,63770,17.7139,738.8,42.4,53.5,-99.9
63770,63780,17.7167,737.9,42.4,53.6,-99.9
63780,63790,17.7194,737.6,42.4,53.6,-99.9
63790,63800,17.7222,738.8,42.4,53.6,-99.9
63800,63810,17.7250,738.8,42.4,53.6,-99.9
63810,63820,17.7278,738.2,42.4,53.6,-99.9
63820,63830,17.7306,738.2,42.4,53.6,-99.9
63830,63840,17.7333,738.5,42.5,53.6,-99.9
63840,63850,17.7361,738.8,42.5,53.6,-99.9
63850,63860,17.7389,738.5,42.5,53.6,-99.9
63860,63870,17.7417,738.2,42.5,53.6,-99.9
63870,63880,17.7444,738.8,42.5,53.6,-99.9
63880,63890,17.7472,739.4,42.5,53.6,-99.9
63890,63900,17.7500,740.0,42.5,53.6,-99.9
63900,63910,17.7528,740.6,42.5,53.6,-99.9
63910,63920,17.7556,743.0,42.6,53.6,-99.9
63920,63930,17.7583,744.8,42.6,53.6,-99.9
63930,63940,17.7611,746.0,42.6,53.6,-99.9
63940,63950,17.7639,747.2,42.6,53.6,-99.9
63950,63960,17.7667,748.7,42.6,53.5,-99.9
63960,63970,17.7694,749.9,42.6,53.5,-99.9
63970,63980,17.7722,750.8,42.6,53.6,-99.9
63980,63990,17.7750,751.7,42.6,53.6,-99.9
63990,64000,17.7778,754.1,42.6,53.5,-99.9
64000,64010,17.7806,755.6,42.6,53.5,-99.9
64010,64020,17.7833,757.1,42.6,53.6,-99.9
64020,64030,17.7861,757.1,42.6,53.5,-99.9
64030,64040,17.7889,757.1,42.6,53.6,-99.9
64040,64050,17.7917,756.8,42.6,53.6,-99.9
64050,64060,17.7944,756.5,42.6,53.5,-99.9
