NETCARE2015/data/raw/Flight5/O3_POLAR6_201504091339_R0_L1_NETCARE.ict
37, 1001
Staebler, Ralf
Environment Canada
Thermo 49i ozone data
Polar 6 NETCARE
1, 1
2015, 4, 9, 2015, 9, 30
0
Start_UTC, seconds
6
1, 1, 1, 1, 1, 1
-9999, -9999, -999.9, -99.9, -99.9, -99.9
Stop_UTC, seconds
hr, decimal hours (UTC)
Press, cell pressure (Torr)
BenchT, instrument temperature (deg C)
LampT, ozone lamp temperature (deg C)
O3, ozone mixing ratio (ppbv)
1
Press, BenchT, LampT are included for diagnostics
16
PI_CONTACT_INFO: Address: 4905 Dufferin Street, Toronto, ON M3H 5T4; email: Ralf.Staebler@ec.gc.ca
PLATFORM: Polar 6 
LOCATION: Location data varies as seen in this file
INSTRUMENT_INFO: Thermo Scienfific ozone analyzer model 49i, S.N. 0606014771
UNCERTAINTY: 0.2 ppbv 
ULOD_FLAG: -7777
ULOD_VALUE: N/A
LLOD_FLAG: -8888
LLOD_VALUE: N/A
DM_CONTACT_INFO: Ralf Staebler; Environment Canada; Ralf.Staebler@ec.gc.ca
PROJECT_INFO: Polar 6 NETCARE Spring 2015 campaign
STIPULATIONS_ON_USE: If use of this data will lead to a publication, we ask that the PI be informed.
OTHER_COMMENTS: N/A
REVISION: R0
R0: First set of data.
Start_UTC,Stop_UTC,hr,Press,BenchT,LampT,O3
[from data line 784]
57650,57660,16.0167,392.2,41.0,53.5,55.4
57660,57670,16.0194,393.4,41.0,53.6,54.2
57670,57680,16.0222,395.5,41.0,53.6,57.2
57680,57690,16.0250,397.0,41.0,53.6,56.7
57690,57700,16.0278,398.2,41.0,53.5,58.9
57700,57710,16.0306,399.7,41.0,53.5,57.1
57710,57720,16.0333,400.6,41.0,53.6,58.9
57720,57730,16.0361,402.4,41.1,53.5,58.1
57730,57740,16.0389,403.3,41.1,53.6,59.3
57740,57750,16.0417,404.2,41.1,53.6,59.1
57750,57760,16.0444,405.7,41.1,53.5,58.9
57760,57770,16.0472,406.9,41.1,53.6,58.2
57770,57780,16.0500,408.4,41.1,53.6,57.7
57780,57790,16.0528,410.2,41.1,53.5,56.4
57790,57800,16.0556,411.7,41.1,53.5,58.7
57800,57810,16.0583,413.5,41.1,53.6,58.2
57810,57820,16.0611,415.3,41.1,53.5,56.5
57820,57830,16.0639,414.4,41.1,53.5,58
57830,57840,16.0667,415.0,41.1,53.6,59.1
57840,57850,16.0694,414.4,41.2,53.6,60.2
57850,57860,16.0722,414.4,41.2,53.6,59.5
57860,57870,16.0750,414.4,41.2,53.6,60.3
57870,57880,16.0778,414.4,41.2,53.6,60.5
57880,57890,16.0806,414.1,41.2,53.6,58.7
57890,57900,16.0833,413.8,41.2,53.5,57
57900,57910,16.0861,413.5,41.2,53.5,57.1
57910,57920,16.0889,413.8,41.2,53.5,57.6
57920,57930,16.0917,414.1,41.2,53.6,57.7
57930,57940,16.0944,414.4,41.2,53.5,55.9
57940,57950,16.0972,415.0,41.2,53.6,57.9
57950,57960,16.1000,415.6,41.2,53.6,57.5
57960,57970,16.1028,415.9,41.2,53.5,58.2
57970,57980,16.1056,415.6,41.2,53.6,59.4
57980,57990,16.1083,415.6,41.2,53.6,59.2
57990,58000,16.1111,415.9,41.2,53.5,57.8
58000,58010,16.1139,415.9,41.2,53.6,58.8
58010,58020,16.1167,415.9,41.2,53.5,58.8
58020,58030,16.1194,415.9,41.2,53.5,56.8
58030,58040,16.1222,416.8,41.3,53.5,53.9
58040,58050,16.1250,418.3,41.3,53.5,57.9
58050,58060,16.1278,419.2,41.3,53.6,57.8
58060,58070,16.1306,420.4,41.3,53.6,56.4
58070,58080,16.1333,421.9,41.3,53.5,57.7
58080,58090,16.1361,423.4,41.3,53.6,58.1
58090,58100,16.1389,424.0,41.3,53.5,58.7
58100,58110,16.1417,425.5,41.3,53.5,58.3
58110,58120,16.1444,426.9,41.3,53.5,58.2
58120,58130,16.1472,428.7,41.3,53.6,60.3
58130,58140,16.1500,430.5,41.3,53.5,62.3
58140,58150,16.1528,431.4,41.3,53.6,63.1
58150,58160,16.1556,432.9,41.3,53.5,62.3
58160,58170,16.1583,434.1,41.3,53.6,62.8
58170,58180,16.1611,435.3,41.3,53.5,62.2
58180,58190,16.1639,436.5,41.3,53.5,61.5
58190,58200,16.1667,438.3,41.4,53.5,61.6
58200,58210,16.1694,439.2,41.3,53.5,59.4
58210,58220,16.1722,440.1,41.4,53.5,61
58220,58230,16.1750,441.3,41.4,53.6,59.9
58230,58240,16.1778,442.5,41.4,53.6,60.1
58240,58250,16.1806,443.7,41.4,53.6,61.2
58250,58260,16.1833,444.9,41.4,53.5,60.3
58260,58270,16.1861,446.4,41.4,53.6,60.9
58270,58280,16.1889,448.2,41.4,53.6,60.5
58280,58290,16.1917,449.4,41.4,53.6,56.7
58290,58300,16.1944,450.3,41.4,53.5,56.3
58300,58310,16.1972,451.5,41.4,53.5,55.2
58310,58320,16.2000,452.7,41.4,53.6,55.1
58320,58330,16.2028,453.9,41.4,53.5,54
58330,58340,16.2056,455.1,41.4,53.5,49.9
58340,58350,16.2083,457.5,41.4,53.6,47.7
58350,58360,16.2111,459.0,41.4,53.6,45.6
58360,58370,16.2139,460.2,41.4,53.5,44.3
58370,58380,16.2167,461.1,41.4,53.5,44.1
58380,58390,16.2194,462.6,41.4,53.5,45.6
58390,58400,16.2222,464.4,41.4,53.5,45.4
58400,58410,16.2250,466.2,41.4,53.5,45.9
58410,58420,16.2278,467.4,41.4,53.5,47.4
58420,58430,16.2306,469.2,41.4,53.5,45.4
58430,58440,16.2333,471.3,41.4,53.6,45
58440,58450,16.2361,473.7,41.4,53.5,44.7
58450,58460,16.2389,475.8,41.4,53.5,44.2
58460,58470,16.2417,477.6,41.4,53.6,45.5
58470,58480,16.2444,479.4,41.4,53.6,44.2
58480,58490,16.2472,481.5,41.4,53.6,46
58490,58500,16.2500,483.3,41.4,53.6,44.5
58500,58510,16.2528,484.8,41.4,53.5,45.2
58510,58520,16.2556,487.2,41.4,53.5,46.2
58520,58530,16.2583,489.3,41.4,53.5,47.3
58530,58540,16.2611,491.1,41.4,53.6,45.8
58540,58550,16.2639,492.6,41.5,53.6,46.4
58550,58560,16.2667,495.0,41.4,53.5,46.1
58560,58570,16.2694,496.5,41.5,53.5,45.7
58570,58580,16.2722,498.0,41.5,53.5,44.7
58580,58590,16.2750,499.8,41.5,53.5,43.9
58590,58600,16.2778,501.6,41.5,53.6,43.7
58600,58610,16.2806,504.0,41.5,53.5,45.3
58610,58620,16.2833,505.4,41.5,53.5,44.2
58620,58630,16.2861,506.6,41.5,53.5,44.8
58630,58640,16.2889,508.7,41.5,53.5,45.2
58640,58650,16.2917,508.4,41.5,53.6,45.2
58650,58660,16.2944,507.5,41.5,53.5,44.2
58660,58670,16.2972,507.2,41.5,53.5,44.7
58670,58680,16.3000,507.5,41.5,53.5,45.9
58680,58690,16.3028,507.8,41.5,53.5,45
58690,58700,16.3056,507.8,41.5,53.5,45.5
58700,58710,16.3083,508.7,41.5,53.5,45.9
58710,58720,16.3111,510.2,41.5,53.5,46.5
58720,58730,16.3139,510.5,41.5,53.6,45.6
58730,58740,16.3167,510.2,41.5,53.5,44.8
58740,58750,16.3194,509.9,41.5,53.5,45.6
58750,58760,16.3222,510.2,41.5,53.5,45.1
58760,58770,16.3250,510.2,41.5,53.5,46.2
58770,58780,16.3278,509.9,41.4,53.5,45.1
58780,58790,16.3306,509.9,41.5,53.6,46.1
58790,58800,16.3333,510.8,41.4,53.5,45.9
58800,58810,16.3361,510.8,41.4,53.5,47.3
58810,58820,16.3389,510.8,41.4,53.5,47
58820,58830,16.3417,510.8,41.4,53.5,46.9
58830,58840,16.3444,511.1,41.4,53.5,48.1
58840,58850,16.3472,511.1,41.4,53.5,49
58850,58860,16.3500,510.8,41.4,53.5,45.5
58860,58870,16.3528,510.2,41.4,53.5,46.7
58870,58880,16.3556,510.5,41.4,53.5,45.6
58880,58890,16.3583,510.2,41.4,53.5,46.8
58890,58900,16.3611,509.3,41.4,53.5,46.5
58900,58910,16.3639,508.1,41.4,53.5,43.5
58910,58920,16.3667,508.4,41.4,53.5,43.7
58920,58930,16.3694,508.1,41.4,53.5,44.5
58930,58940,16.3722,508.1,41.4,53.5,41.6
58940,58950,16.3750,508.1,41.4,53.5,43.4
58950,58960,16.3778,509.0,41.4,53.5,42.3
58960,58970,16.3806,509.3,41.4,53.5,42.8
58970,58980,16.3833,509.0,41.4,53.5,43.4
58980,58990,16.3861,509.3,41.4,53.5,42.5
58990,59000,16.3889,509.9,41.4,53.6,43.7
59000,59010,16.3917,509.9,41.4,53.5,43.2
59010,59020,16.3944,509.9,41.4,53.5,42.9
59020,59030,16.3972,509.9,41.4,53.5,43
59030,59040,16.4000,509.6,41.4,53.5,41.5
59040,59050,16.4028,509.6,41.4,53.5,43.5
59050,59060,16.4056,508.7,41.4,53.5,44
59060,59070,16.4083,508.4,41.4,53.5,42.7
59070,59080,16.4111,509.0,41.4,53.5,44.2
59080,59090,16.4139,508.7,41.4,53.5,44.7
59090,59100,16.4167,508.1,41.4,53.5,44.9
59100,59110,16.4194,508.1,41.4,53.5,44.9
59110,59120,16.4222,508.7,41.4,53.5,46.1
59120,59130,16.4250,508.7,41.4,53.5,43.9
59130,59140,16.4278,508.7,41.4,53.5,47.4
59140,59150,16.4306,508.7,41.4,53.5,46.2
59150,59160,16.4333,509.0,41.4,53.5,45.2
59160,59170,16.4361,509.0,41.4,53.6,45.9
59170,59180,16.4389,508.7,41.4,53.5,45.7
59180,59190,16.4417,508.4,41.4,53.5,45.8
59190,59200,16.4444,508.7,41.3,53.5,45.2
59200,59210,16.4472,509.0,41.4,53.5,47.1
59210,59220,16.4500,509.0,41.3,53.5,47.1
59220,59230,16.4528,508.4,41.3,53.5,46.6
59230,59240,16.4556,509.3,41.3,53.5,46.4
59240,59250,16.4583,509.9,41.3,53.5,46.6
59250,59260,16.4611,509.9,41.3,53.5,47.2
59260,59270,16.4639,509.6,41.3,53.5,47.3
59270,59280,16.4667,509.9,41.3,53.5,45.7
59280,59290,16.4694,509.9,41.3,53.5,46
59290,59300,16.4722,509.3,41.3,53.5,44.8
59300,59310,16.4750,509.3,41.3,53.5,45.4
59310,59320,16.4778,509.3,41.3,53.5,44.9
59320,59330,16.4806,509.0,41.3,53.5,44.8
59330,59340,16.4833,508.4,41.3,53.5,44.3
59340,59350,16.4861,508.1,41.3,53.5,44.2
59350,59360,16.4889,508.4,41.3,53.5,46
59360,59370,16.4917,508.4,41.3,53.5,44.9
59370,59380,16.4944,508.4,41.3,53.5,46.2
59380,59390,16.4972,508.7,41.3,53.5,46.8
59390,59400,16.5000,509.6,41.3,53.5,47.4
59400,59410,16.5028,509.9,41.3,53.5,46.5
59410,59420,16.5056,509.9,41.3,53.5,46.7
59420,59430,16.5083,509.9,41.3,53.5,47
59430,59440,16.5111,509.9,41.3,53.5,46.2
59440,59450,16.5139,509.9,41.3,53.5,46.8
59450,59460,16.5167,509.6,41.3,53.5,47.8
59460,59470,16.5194,509.3,41.3,53.5,45.5
59470,59480,16.5222,509.3,41.3,53.5,46.5
59480,59490,16.5250,509.0,41.3,53.5,46.6
59490,59500,16.5278,508.4,41.3,53.5,46.9
59500,59510,16.5306,508.4,41.3,53.5,46.3
59510,59520,16.5333,509.6,41.3,53.5,47.8
59520,59530,16.5361,509.0,41.2,53.5,48.4
59530,59540,16.5389,508.4,41.2,53.5,45.8
59540,59550,16.5417,508.7,41.3,53.5,43.6
59550,59560,16.5444,508.7,41.2,53.5,46.1
59560,59570,16.5472,509.0,41.3,53.5,45.4
59570,59580,16.5500,508.4,41.2,53.5,46.6
59580,59590,16.5528,508.7,41.2,53.6,46.2
59590,59600,16.5556,509.6,41.2,53.5,45.7
59600,59610,16.5583,509.6,41.2,53.5,46
59610,59620,16.5611,509.3,41.2,53.5,46.2
59620,59630,16.5639,509.3,41.2,53.5,45.6
59630,59640,16.5667,509.3,41.2,53.5,46
59640,59650,16.5694,509.0,41.2,53.5,45.5
59650,59660,16.5722,508.7,41.2,53.5,46.5
59660,59670,16.5750,508.7,41.2,53.5,46.8
59670,59680,16.5778,509.0,41.2,53.6,45.4
59680,59690,16.5806,509.3,41.2,53.5,47.6
59690,59700,16.5833,508.7,41.2,53.5,45.9
59700,59710,16.5861,508.4,41.2,53.5,46
59710,59720,16.5889,509.0,41.2,53.5,45.9
59720,59730,16.5917,509.3,41.2,53.5,47.1
59730,59740,16.5944,508.7,41.2,53.5,46.3
59740,59750,16.5972,508.7,41.2,53.5,47.4
59750,59760,16.6000,509.0,41.2,53.6,46.1
59760,59770,16.6028,508.7,41.2,53.5,47.4
59770,59780,16.6056,508.1,41.2,53.5,47.1
59780,59790,16.6083,508.1,41.2,53.5,47
59790,59800,16.6111,508.4,41.2,53.5,46.2
59800,59810,16.6139,508.4,41.2,53.5,48
59810,59820,16.6167,508.1,41.2,53.5,48
59820,59830,16.6194,508.4,41.2,53.5,45.7
59830,59840,16.6222,509.3,41.2,53.6,44.8
59840,59850,16.6250,509.6,41.2,53.5,45.6
59850,59860,16.6278,509.0,41.2,53.5,44.7
59860,59870,16.6306,508.7,41.2,53.5,46.6
59870,59880,16.6333,509.3,41.2,53.5,45.8
59880,59890,16.6361,509.6,41.2,53.5,46.5
59890,59900,16.6389,509.3,41.2,53.5,46.9
59900,59910,16.6417,509.0,41.2,53.5,45.5
59910,59920,16.6444,509.6,41.2,53.5,47.4
59920,59930,16.6472,509.3,41.2,53.5,47.1
59930,59940,16.6500,509.0,41.2,53.5,46.8
59940,59950,16.6528,509.3,41.2,53.5,45.9
59950,59960,16.6556,509.6,41.2,53.5,45.9
59960,59970,16.6583,509.6,41.2,53.5,46.6
59970,59980,16.6611,508.7,41.2,53.5,45.2
59980,59990,16.6639,508.7,41.2,53.5,45.6
59990,60000,16.6667,509.0,41.2,53.5,47.3
60000,60010,16.6694,509.0,41.2,53.5,45.5
60010,60020,16.6722,508.1,41.2,53.5,44.9
60020,60030,16.6750,508.1,41.2,53.5,45.5
60030,60040,16.6778,508.7,41.2,53.5,44.7
60040,60050,16.6806,508.7,41.2,53.5,44.3
60050,60060,16.6833,508.1,41.2,53.5,46.6
60060,60070,16.6861,508.1,41.2,53.5,47
60070,60080,16.6889,508.4,41.2,53.5,45.3
60080,60090,16.6917,508.1,41.2,53.5,45.6
60090,60100,16.6944,507.5,41.2,53.5,46.2
60100,60110,16.6972,507.8,41.2,53.5,46.5
60110,60120,16.7000,508.1,41.2,53.5,46.3
60120,60130,16.7028,508.4,41.2,53.5,47.8
60130,60140,16.7056,507.8,41.2,53.5,46.4
60140,60150,16.7083,507.5,41.2,53.5,45.6
60150,60160,16.7111,507.8,41.2,53.5,46.9
60160,60170,16.7139,508.1,41.2,53.5,46.7
60170,60180,16.7167,507.8,41.2,53.5,45.9
60180,60190,16.7194,507.8,41.2,53.5,44.9
60190,60200,16.7222,508.7,41.2,53.5,46.9
60200,60210,16.7250,509.0,41.2,53.5,47.3
60210,60220,16.7278,508.7,41.1,53.5,47.1
60220,60230,16.7306,508.4,41.2,53.5,47.5
60230,60240,16.7333,509.0,41.2,53.5,46.8
60240,60250,16.7361,509.3,41.2,53.5,47
60250,60260,16.7389,508.7,41.2,53.5,45.9
60260,60270,16.7417,508.4,41.2,53.5,46
60270,60280,16.7444,508.7,41.2,53.5,44.5
60280,60290,16.7472,508.7,41.1,53.5,46.6
60290,60300,16.7500,508.7,41.1,53.5,46.5
60300,60310,16.7528,508.1,41.1,53.5,46.7
60310,60320,16.7556,508.4,41.1,53.5,46.2
60320,60330,16.7583,508.7,41.1,53.5,47.9
60330,60340,16.7611,508.4,41.1,53.5,46.4
60340,60350,16.7639,508.7,41.1,53.5,47
60350,60360,16.7667,509.6,41.1,53.5,46.4
60360,60370,16.7694,509.3,41.1,53.5,46
60370,60380,16.7722,509.0,41.1,53.5,48
60380,60390,16.7750,509.0,41.1,53.5,46.8
60390,60400,16.7778,509.0,41.1,53.5,46.5
60400,60410,16.7806,508.7,41.1,53.5,45.9
60410,60420,16.7833,508.1,41.1,53.5,44.9
60420,60430,16.7861,508.1,41.1,53.5,45.7
60430,60440,16.7889,508.4,41.1,53.5,45.9
60440,60450,16.7917,508.4,41.1,53.5,46.6
60450,60460,16.7944,508.1,41.1,53.5,46.1
60460,60470,16.7972,507.8,41.1,53.5,44.5
60470,60480,16.8000,507.8,41.1,53.5,45.2
60480,60490,16.8028,507.8,41.1,53.5,46.2
60490,60500,16.8056,506.9,41.1,53.5,44.8
60500,60510,16.8083,506.9,41.1,53.5,46.2
60510,60520,16.8111,507.2,41.1,53.5,45.6
60520,60530,16.8139,507.5,41.1,53.5,45.5
60530,60540,16.8167,507.8,41.1,53.5,44.2
60540,60550,16.8194,507.8,41.1,53.5,43.7
60550,60560,16.8222,507.8,41.1,53.5,44.3
60560,60570,16.8250,507.8,41.1,53.5,44.5
60570,60580,16.8278,507.5,41.1,53.5,43.4
60580,60590,16.8306,508.1,41.1,53.5,43.6
60590,60600,16.8333,508.1,41.1,53.5,45.3
60600,60610,16.8361,507.8,41.1,53.5,44.3
60610,60620,16.8389,507.2,41.1,53.5,46.8
60620,60630,16.8417,507.2,41.1,53.5,47.6
60630,60640,16.8444,508.1,41.1,53.5,45.6
60640,60650,16.8472,508.1,41.1,53.5,45.3
60650,60660,16.8500,507.8,41.1,53.5,44.8
60660,60670,16.8528,507.5,41.1,53.5,46.6
60670,60680,16.8556,507.8,41.1,53.5,47.3
60680,60690,16.8583,507.5,41.1,53.5,48
60690,60700,16.8611,507.5,41.1,53.5,46.2
60700,60710,16.8639,507.2,41.1,53.5,47.9
60710,60720,16.8667,507.8,41.0,53.5,48.5
60720,60730,16.8694,507.5,41.0,53.5,49.2
60730,60740,16.8722,506.9,41.1,53.5,49.9
60740,60750,16.8750,506.6,41.0,53.5,47.4
60750,60760,16.8778,506.9,41.0,53.5,46.8
60760,60770,16.8806,506.9,41.0,53.5,45.7
60770,60780,16.8833,506.6,41.0,53.5,45.8
60780,60790,16.8861,506.9,41.0,53.5,45.6
60790,60800,16.8889,508.4,41.0,53.5,47
60800,60810,16.8917,509.0,41.0,53.5,44.8
60810,60820,16.8944,508.1,41.0,53.5,47.1
60820,60830,16.8972,507.8,41.0,53.5,49.4
60830,60840,16.9000,507.8,41.0,53.5,53.1
60840,60850,16.9028,508.1,41.0,53.5,54.7
60850,60860,16.9056,508.1,41.0,53.5,52.8
60860,60870,16.9083,507.8,41.0,53.5,52.4
60870,60880,16.9111,508.7,41.0,53.5,52.2
60880,60890,16.9139,509.0,41.0,53.5,51.4
60890,60900,16.9167,508.7,41.0,53.5,53.2
60900,60910,16.9194,508.4,41.0,53.5,55.2
60910,60920,16.9222,508.7,41.0,53.5,53.7
60920,60930,16.9250,508.4,41.0,53.5,55.2
60930,60940,16.9278,508.4,41.0,53.5,54.8
60940,60950,16.9306,508.7,41.0,53.5,52.5
60950,60960,16.9333,509.9,41.0,53.5,51
60960,60970,16.9361,510.8,41.0,53.5,47.7
60970,60980,16.9389,511.1,41.0,53.5,46
60980,60990,16.9417,511.4,41.0,53.5,45.5
60990,61000,16.9444,510.8,41.0,53.5,45
61000,61010,16.9472,510.2,41.0,53.5,45.7
61010,61020,16.9500,509.9,41.0,53.5,46.8
61020,61030,16.9528,509.9,41.0,53.5,45.6
61030,61040,16.9556,510.2,41.0,53.5,47.1
61040,61050,16.9583,509.6,41.0,53.5,47.4
61050,61060,16.9611,509.0,41.0,53.5,45.4
61060,61070,16.9639,508.7,41.0,53.5,46
61070,61080,16.9667,509.0,41.0,53.5,46.6
61080,61090,16.9694,509.3,41.0,53.5,46.4
61090,61100,16.9722,509.3,41.0,53.5,45.9
61100,61110,16.9750,509.0,41.0,53.5,45.1
61110,61120,16.9778,509.0,41.0,53.5,44.7
61120,61130,16.9806,508.4,41.0,53.5,45.6
61130,61140,16.9833,507.8,41.0,53.5,46.1
61140,61150,16.9861,507.8,41.0,53.5,45.9
61150,61160,16.9889,508.1,41.0,53.5,45.8
61160,61170,16.9917,508.1,41.0,53.5,47.4
61170,61180,16.9944,507.8,41.0,53.5,46.3
61180,61190,16.9972,508.1,41.0,53.5,46.6
61190,61200,17.0000,508.7,41.0,53.5,46.4
61200,61210,17.0028,509.0,41.0,53.5,47.5
61210,61220,17.0056,508.7,41.0,53.5,45.3
61220,61230,17.0083,508.1,41.0,53.5,44.5
61230,61240,17.0111,508.4,41.0,53.6,44.6
61240,61250,17.0139,508.4,41.0,53.5,43.9
61250,61260,17.0167,508.1,41.0,53.5,45.9
61260,61270,17.0194,508.1,41.0,53.5,46.8
61270,61280,17.0222,508.7,41.0,53.5,44
61280,61290,17.0250,509.3,41.0,53.5,45.4
61290,61300,17.0278,509.0,41.0,53.5,45.5
61300,61310,17.0306,509.3,41.0,53.5,45.9
61310,61320,17.0333,510.2,41.0,53.5,45.7
61320,61330,17.0361,510.5,41.0,53.5,45
61330,61340,17.0389,509.9,41.0,53.5,45
61340,61350,17.0417,509.3,41.0,53.5,47.5
61350,61360,17.0444,509.9,41.1,53.5,47.4
61360,61370,17.0472,509.9,41.1,53.5,46.5
61370,61380,17.0500,509.6,41.1,53.5,46
61380,61390,17.0528,509.0,41.1,53.5,45.1
61390,61400,17.0556,509.0,41.1,53.5,45.2
61400,61410,17.0583,509.3,41.1,53.5,46.3
61410,61420,17.0611,509.9,41.1,53.5,46
61420,61430,17.0639,510.2,41.1,53.5,47
61430,61440,17.0667,510.5,41.1,53.5,46.4
61440,61450,17.0694,509.6,41.1,53.5,46.6
61450,61460,17.0722,508.7,41.1,53.6,46.5
61460,61470,17.0750,509.0,41.1,53.5,48.2
61470,61480,17.0778,510.2,41.1,53.5,46.4
61480,61490,17.0806,510.8,41.1,53.5,48.5
61490,61500,17.0833,511.1,41.1,53.5,49
61500,61510,17.0861,512.3,41.1,53.5,46.8
61510,61520,17.0889,514.4,41.1,53.5,45.8
61520,61530,17.0917,516.5,41.1,53.5,47.1
61530,61540,17.0944,518.0,41.1,53.5,46.8
61540,61550,17.0972,519.5,41.1,53.5,46.8
61550,61560,17.1000,521.6,41.1,53.5,47.8
