NETCARE2015/data/raw/Flight5/O3_POLAR6_201504091339_R0_L1_NETCARE.ict
37, 1001
Staebler, Ralf
Environment Canada
Thermo 49i ozone data
Polar 6 NETCARE
1, 1
2015, 4, 9, 2015, 9, 30
0
Start_UTC, seconds
6
1, 1, 1, 1, 1, 1
-9999, -9999, -999.9, -99.9, -99.9, -99.9
Stop_UTC, seconds
hr, decimal hours (UTC)
Press, cell pressure (Torr)
BenchT, instrument temperature (deg C)
LampT, ozone lamp temperature (deg C)
O3, ozone mixing ratio (ppbv)
1
Press, BenchT, LampT are included for diagnostics
16
PI_CONTACT_INFO: Address: 4905 Dufferin Street, Toronto, ON M3H 5T4; email: Ralf.Staebler@ec.gc.ca
PLATFORM: Polar 6 
LOCATION: Location data varies as seen in this file
INSTRUMENT_INFO: Thermo Scienfific ozone analyzer model 49i, S.N. 0606014771
UNCERTAINTY: 0.2 ppbv 
ULOD_FLAG: -7777
ULOD_VALUE: N/A
LLOD_FLAG: -8888
LLOD_VALUE: N/A
DM_CONTACT_INFO: Ralf Staebler; Environment Canada; Ralf.Staebler@ec.gc.ca
PROJECT_INFO: Polar 6 NETCARE Spring 2015 campaign
STIPULATIONS_ON_USE: If use of this data will lead to a publication, we ask that the PI be informed.
OTHER_COMMENTS: N/A
REVISION: R0
R0: First set of data.
Start_UTC,Stop_UTC,hr,Press,BenchT,LampT,O3
[from data line 392]
53730,53740,14.9278,686.1,35.3,53.4,12
53740,53750,14.9306,684.6,35.4,53.4,11.1
53750,53760,14.9333,683.1,35.4,53.4,10.7
53760,53770,14.9361,681.0,35.4,53.4,11.5
53770,53780,14.9389,679.2,35.4,53.4,11.6
53780,53790,14.9417,677.1,35.5,53.4,12.1
53790,53800,14.9444,675.3,35.5,53.4,11.8
53800,53810,14.9472,673.2,35.5,53.4,12.4
53810,53820,14.9500,670.5,35.5,53.4,10.9
53820,53830,14.9528,668.4,35.6,53.4,11.7
53830,53840,14.9556,667.2,35.6,53.4,10.4
53840,53850,14.9583,665.4,35.6,53.4,12
53850,53860,14.9611,663.3,35.6,53.4,11
53860,53870,14.9639,660.9,35.7,53.4,9.67
53870,53880,14.9667,660.0,35.7,53.3,10
53880,53890,14.9694,658.3,35.7,53.4,10.7
53890,53900,14.9722,655.9,35.7,53.5,11.7
53900,53910,14.9750,653.8,35.8,53.5,12.4
53910,53920,14.9778,652.6,35.8,53.4,11.4
53920,53930,14.9806,651.1,35.8,53.5,11
53930,53940,14.9833,648.7,35.8,53.5,9.6
53940,53950,14.9861,646.6,35.9,53.4,10.5
53950,53960,14.9889,644.8,35.9,53.5,10.4
53960,53970,14.9917,642.7,35.9,53.4,9.1
53970,53980,14.9944,640.6,35.9,53.4,8.53
53980,53990,14.9972,638.2,36.0,53.4,9.45
53990,54000,15.0000,637.3,36.0,53.4,8.68
54000,54010,15.0028,635.2,36.0,53.4,10.1
54010,54020,15.0056,633.7,36.0,53.4,7.96
54020,54030,15.0083,631.9,36.1,53.4,8.09
54030,54040,15.0111,631.0,36.1,53.4,6.88
54040,54050,15.0139,630.1,36.1,53.4,7.67
54050,54060,15.0167,628.3,36.1,53.4,7.94
54060,54070,15.0194,626.5,36.2,53.4,7.64
54070,54080,15.0222,625.0,36.2,53.5,8.16
54080,54090,15.0250,623.2,36.2,53.4,8.57
54090,54100,15.0278,620.2,36.3,53.4,7.85
54100,54110,15.0306,617.5,36.3,53.4,8.19
54110,54120,15.0333,615.4,36.3,53.4,10.5
54120,54130,15.0361,613.3,36.3,53.4,13.3
54130,54140,15.0389,610.9,36.3,53.5,11.3
54140,54150,15.0417,608.8,36.4,53.5,10.8
54150,54160,15.0444,607.0,36.4,53.4,11.1
54160,54170,15.0472,605.2,36.4,53.4,12
54170,54180,15.0500,602.8,36.4,53.4,10.5
54180,54190,15.0528,601.0,36.5,53.4,11.4
54190,54200,15.0556,599.8,36.5,53.5,9.04
54200,54210,15.0583,597.7,36.5,53.4,9.26
54210,54220,15.0611,595.9,36.6,53.5,9.07
54220,54230,15.0639,594.4,36.6,53.4,10.3
54230,54240,15.0667,593.5,36.6,53.4,12.9
54240,54250,15.0694,591.7,36.6,53.5,11.5
54250,54260,15.0722,590.2,36.7,53.5,11.7
54260,54270,15.0750,588.7,36.7,53.5,12.2
54270,54280,15.0778,587.5,36.7,53.5,12.3
54280,54290,15.0806,585.7,36.7,53.5,13.8
54290,54300,15.0833,583.3,36.7,53.4,14.3
54300,54310,15.0861,581.6,36.8,53.5,19.7
54310,54320,15.0889,580.1,36.8,53.5,24.8
54320,54330,15.0917,578.3,36.8,53.5,25.9
54330,54340,15.0944,576.2,36.9,53.5,27.2
54340,54350,15.0972,574.4,36.9,53.4,27.6
54350,54360,15.1000,572.9,36.9,53.5,28.6
54360,54370,15.1028,570.8,36.9,53.5,29.2
54370,54380,15.1056,568.4,36.9,53.5,28.1
54380,54390,15.1083,566.3,37.0,53.5,31.3
54390,54400,15.1111,564.8,37.0,53.5,32.3
54400,54410,15.1139,563.0,37.0,53.5,33.2
54410,54420,15.1167,560.9,37.0,53.5,35
54420,54430,15.1194,559.1,37.1,53.5,34.6
54430,54440,15.1222,557.9,37.1,53.4,36.3
54440,54450,15.1250,556.4,37.1,53.5,36.5
54450,54460,15.1278,554.6,37.2,53.5,38.3
54460,54470,15.1306,552.8,37.2,53.5,38.6
54470,54480,15.1333,552.5,37.2,53.5,39.7
54480,54490,15.1361,551.9,37.2,53.5,40.2
54490,54500,15.1389,551.9,37.2,53.5,39.3
54500,54510,15.1417,552.5,37.3,53.5,40.6
54510,54520,15.1444,553.1,37.3,53.5,40.4
54520,54530,15.1472,553.1,37.3,53.5,40.4
54530,54540,15.1500,553.1,37.4,53.5,38.4
54540,54550,15.1528,552.8,37.4,53.5,39.5
54550,54560,15.1556,552.8,37.4,53.5,41.2
54560,54570,15.1583,552.8,37.4,53.5,38.6
54570,54580,15.1611,552.5,37.4,53.5,37.7
54580,54590,15.1639,552.5,37.5,53.5,38.5
54590,54600,15.1667,552.8,37.5,53.5,39.4
54600,54610,15.1694,552.8,37.5,53.5,39.6
54610,54620,15.1722,552.5,37.5,53.5,40.4
54620,54630,15.1750,552.2,37.5,53.5,40.6
54630,54640,15.1778,552.5,37.6,53.5,39.9
54640,54650,15.1806,551.0,37.6,53.5,38.4
54650,54660,15.1833,548.3,37.6,53.5,39.5
54660,54670,15.1861,546.2,37.7,53.5,41.1
54670,54680,15.1889,545.6,37.7,53.5,43.7
54680,54690,15.1917,544.4,37.7,53.5,41.3
54690,54700,15.1944,542.9,37.7,53.5,39.7
54700,54710,15.1972,541.1,37.7,53.5,39.3
54710,54720,15.2000,541.1,37.8,53.5,40.5
54720,54730,15.2028,539.9,37.8,53.5,40.8
54730,54740,15.2056,538.1,37.8,53.5,41
54740,54750,15.2083,536.6,37.8,53.5,39.8
54750,54760,15.2111,535.7,37.8,53.5,43.1
54760,54770,15.2139,534.5,37.9,53.5,41.3
54770,54780,15.2167,532.7,37.9,53.5,43.3
54780,54790,15.2194,530.9,37.9,53.5,44.2
54790,54800,15.2222,530.0,37.9,53.5,45
54800,54810,15.2250,528.8,38.0,53.5,45.1
54810,54820,15.2278,527.0,38.0,53.5,43
54820,54830,15.2306,525.5,38.0,53.5,43.3
54830,54840,15.2333,524.0,38.0,53.5,44.5
54840,54850,15.2361,522.2,38.0,53.5,45
54850,54860,15.2389,520.1,38.0,53.5,46.5
54860,54870,15.2417,518.6,38.1,53.5,46.2
54870,54880,15.2444,517.4,38.1,53.5,47.9
54880,54890,15.2472,515.9,38.1,53.5,47
54890,54900,15.2500,513.5,38.1,53.5,45.5
54900,54910,15.2528,511.7,38.1,53.5,47.5
54910,54920,15.2556,509.9,38.2,53.5,47.3
54920,54930,15.2583,508.4,38.2,53.5,47.3
54930,54940,15.2611,507.5,38.2,53.5,46.7
54940,54950,15.2639,507.5,38.2,53.5,48.6
54950,54960,15.2667,508.1,38.2,53.5,47
54960,54970,15.2694,508.4,38.3,53.5,48
54970,54980,15.2722,509.0,38.3,53.5,46.3
54980,54990,15.2750,509.0,38.3,53.5,47.7
54990,55000,15.2778,509.9,38.3,53.5,46
55000,55010,15.2806,509.9,38.3,53.5,47.1
55010,55020,15.2833,509.3,38.3,53.5,46
55020,55030,15.2861,509.3,38.4,53.5,47.3
55030,55040,15.2889,509.3,38.4,53.5,47.4
55040,55050,15.2917,509.3,38.4,53.5,47.8
55050,55060,15.2944,508.7,38.4,53.5,47.3
55060,55070,15.2972,508.1,38.4,53.5,47
55070,55080,15.3000,508.4,38.5,53.5,48.1
55080,55090,15.3028,508.4,38.5,53.5,46.9
55090,55100,15.3056,508.1,38.5,53.5,46.7
55100,55110,15.3083,508.4,38.5,53.5,45.5
55110,55120,15.3111,508.4,38.5,53.5,45.1
55120,55130,15.3139,508.7,38.5,53.5,45.2
55130,55140,15.3167,508.7,38.6,53.5,44.7
55140,55150,15.3194,509.0,38.6,53.5,45.7
55150,55160,15.3222,509.0,38.6,53.5,46.8
55160,55170,15.3250,508.7,38.6,53.5,47
55170,55180,15.3278,508.7,38.6,53.5,46.8
55180,55190,15.3306,508.7,38.6,53.5,47
55190,55200,15.3333,509.0,38.6,53.5,47.8
55200,55210,15.3361,509.6,38.7,53.5,47.9
55210,55220,15.3389,509.0,38.7,53.5,47.6
55220,55230,15.3417,508.7,38.7,53.5,47.9
55230,55240,15.3444,509.0,38.7,53.5,46.8
55240,55250,15.3472,509.0,38.7,53.5,46.3
55250,55260,15.3500,509.0,38.8,53.5,47
55260,55270,15.3528,508.7,38.8,53.5,46.8
55270,55280,15.3556,509.3,38.8,53.5,45.8
55280,55290,15.3583,509.3,38.8,53.5,47.2
55290,55300,15.3611,508.7,38.8,53.5,46.6
55300,55310,15.3639,507.2,38.8,53.5,45.6
55310,55320,15.3667,505.4,38.8,53.5,48.2
55320,55330,15.3694,504.0,38.8,53.5,47.3
55330,55340,15.3722,502.2,38.9,53.5,46.5
55340,55350,15.3750,500.7,38.9,53.5,47.6
55350,55360,15.3778,499.5,38.9,53.5,46.5
55360,55370,15.3806,498.0,38.9,53.5,46.9
55370,55380,15.3833,496.8,38.9,53.5,44.5
55380,55390,15.3861,495.0,38.9,53.5,45.9
55390,55400,15.3889,494.1,38.9,53.5,45.8
55400,55410,15.3917,492.9,38.9,53.5,46.1
55410,55420,15.3944,490.8,39.0,53.5,44.3
55420,55430,15.3972,489.0,39.0,53.5,44.2
55430,55440,15.4000,487.8,39.0,53.5,46
55440,55450,15.4028,485.7,39.0,53.5,45.5
55450,55460,15.4056,483.6,39.0,53.5,45.5
55460,55470,15.4083,482.1,39.0,53.5,45.3
55470,55480,15.4111,481.2,39.0,53.5,44.6
55480,55490,15.4139,479.7,39.0,53.5,46.5
55490,55500,15.4167,477.9,39.1,53.5,46.3
55500,55510,15.4194,476.1,39.1,53.5,50
55510,55520,15.4222,474.3,39.1,53.5,50.9
55520,55530,15.4250,472.8,39.1,53.5,51.8
55530,55540,15.4278,471.6,39.1,53.5,51.1
55540,55550,15.4306,469.8,39.1,53.5,51.9
55550,55560,15.4333,469.2,39.1,53.5,54.6
55560,55570,15.4361,467.7,39.1,53.5,53.8
55570,55580,15.4389,466.5,39.1,53.5,55.9
55580,55590,15.4417,465.0,39.1,53.5,56.6
55590,55600,15.4444,464.4,39.1,53.5,56.1
55600,55610,15.4472,462.9,39.2,53.5,58.5
55610,55620,15.4500,461.1,39.2,53.5,58.3
55620,55630,15.4528,459.3,39.2,53.5,59.3
55630,55640,15.4556,458.1,39.2,53.5,57
55640,55650,15.4583,456.9,39.2,53.5,58.6
55650,55660,15.4611,455.1,39.2,53.5,58.7
55660,55670,15.4639,453.6,39.2,53.5,57.8
55670,55680,15.4667,452.4,39.2,53.5,58.5
55680,55690,15.4694,451.5,39.2,53.5,58.7
55690,55700,15.4722,450.3,39.2,53.5,58.7
55700,55710,15.4750,448.5,39.2,53.5,58.7
55710,55720,15.4778,447.6,39.3,53.5,60.2
55720,55730,15.4806,445.8,39.3,53.5,59.7
55730,55740,15.4833,444.0,39.3,53.5,60.9
55740,55750,15.4861,442.5,39.3,53.5,61.9
55750,55760,15.4889,441.3,39.3,53.5,62.1
55760,55770,15.4917,439.8,39.3,53.5,65.4
55770,55780,15.4944,438.6,39.3,53.5,66.7
55780,55790,15.4972,436.8,39.3,53.5,66.2
55790,55800,15.5000,436.2,39.3,53.5,67.2
55800,55810,15.5028,434.7,39.4,53.5,67.7
55810,55820,15.5056,433.2,39.4,53.5,66.9
55820,55830,15.5083,432.0,39.4,53.5,66.4
55830,55840,15.5111,431.4,39.4,53.5,67.7
55840,55850,15.5139,430.2,39.4,53.5,67.2
55850,55860,15.5167,428.4,39.4,53.5,66.7
55860,55870,15.5194,427.5,39.4,53.5,67.8
55870,55880,15.5222,426.4,39.4,53.5,66.1
55880,55890,15.5250,425.2,39.4,53.5,67.3
55890,55900,15.5278,424.0,39.4,53.5,66.1
55900,55910,15.5306,422.5,39.4,53.5,69.3
55910,55920,15.5333,421.0,39.4,53.5,67.9
55920,55930,15.5361,419.8,39.5,53.5,63.2
55930,55940,15.5389,418.6,39.4,53.5,64.4
55940,55950,15.5417,417.1,39.5,53.5,63.5
55950,55960,15.5444,416.5,39.5,53.5,63.9
55960,55970,15.5472,415.6,39.5,53.5,65.4
55970,55980,15.5500,413.8,39.5,53.5,63
55980,55990,15.5528,412.6,39.5,53.5,62.2
55990,56000,15.5556,411.1,39.5,53.5,62.1
56000,56010,15.5583,409.6,39.5,53.5,61.3
56010,56020,15.5611,408.4,39.5,53.5,60.3
56020,56030,15.5639,407.2,39.6,53.5,58.9
56030,56040,15.5667,406.3,39.6,53.5,60.2
56040,56050,15.5694,405.4,39.6,53.5,61.2
56050,56060,15.5722,404.2,39.6,53.5,59.2
56060,56070,15.5750,403.3,39.6,53.5,58.9
56070,56080,15.5778,402.7,39.6,53.5,58.9
56080,56090,15.5806,401.5,39.6,53.5,57.9
56090,56100,15.5833,400.3,39.6,53.5,57.2
56100,56110,15.5861,399.1,39.6,53.5,56.3
56110,56120,15.5889,398.2,39.6,53.5,56.4
56120,56130,15.5917,397.3,39.6,53.5,58.5
56130,56140,15.5944,396.1,39.6,53.5,55.8
56140,56150,15.5972,394.6,39.6,53.5,57.3
56150,56160,15.6000,393.7,39.7,53.5,58.3
56160,56170,15.6028,392.2,39.7,53.5,59.9
56170,56180,15.6056,390.7,39.7,53.5,59
56180,56190,15.6083,389.2,39.7,53.5,60.8
56190,56200,15.6111,388.3,39.7,53.5,59
56200,56210,15.6139,387.1,39.7,53.5,59.4
56210,56220,15.6167,385.3,39.7,53.5,57.8
56220,56230,15.6194,384.1,39.7,53.5,58.7
56230,56240,15.6222,383.2,39.7,53.5,58.2
56240,56250,15.6250,382.0,39.7,53.5,60.1
56250,56260,15.6278,380.8,39.7,53.5,59.7
56260,56270,15.6306,379.6,39.7,53.5,61.2
56270,56280,15.6333,378.7,39.7,53.5,59.7
56280,56290,15.6361,376.9,39.8,53.5,63.8
56290,56300,15.6389,376.0,39.8,53.5,66.9
56300,56310,15.6417,374.2,39.8,53.5,65.6
56310,56320,15.6444,373.6,39.8,53.5,67.9
56320,56330,15.6472,372.7,39.8,53.5,67.9
56330,56340,15.6500,371.5,39.8,53.6,66.6
56340,56350,15.6528,370.6,39.8,53.5,64.7
56350,56360,15.6556,369.4,39.8,53.5,65.3
56360,56370,15.6583,368.5,39.8,53.5,62.6
56370,56380,15.6611,366.7,39.8,53.5,63.1
56380,56390,15.6639,365.5,39.8,53.5,62.2
56390,56400,15.6667,364.6,39.9,53.5,63.4
56400,56410,15.6694,363.7,39.9,53.5,65.2
56410,56420,15.6722,362.2,39.9,53.5,65.4
56420,56430,15.6750,361.3,39.9,53.5,65.7
56430,56440,15.6778,360.7,39.9,53.5,62
56440,56450,15.6806,360.1,39.9,53.5,67.2
56450,56460,15.6833,358.3,39.9,53.5,60.5
56460,56470,15.6861,357.1,39.9,53.5,62.3
56470,56480,15.6889,356.2,39.9,53.5,62.7
56480,56490,15.6917,355.6,39.9,53.6,61.3
56490,56500,15.6944,354.4,39.9,53.5,59.1
56500,56510,15.6972,353.5,39.9,53.5,59.4
56510,56520,15.7000,352.0,39.9,53.5,56.6
56520,56530,15.7028,350.8,40.0,53.5,56.9
56530,56540,15.7056,349.9,40.0,53.5,65.3
56540,56550,15.7083,348.8,40.0,53.5,65
56550,56560,15.7111,348.2,40.0,53.5,64.8
56560,56570,15.7139,347.6,40.0,53.5,63
56570,56580,15.7167,346.4,40.0,53.5,66.6
56580,56590,15.7194,345.5,40.0,53.5,70.6
56590,56600,15.7222,345.2,40.0,53.6,65
56600,56610,15.7250,344.3,40.0,53.5,68.1
56610,56620,15.7278,343.1,40.1,53.6,66.1
56620,56630,15.7306,341.9,40.1,53.5,67.1
56630,56640,15.7333,341.0,40.1,53.5,64
56640,56650,15.7361,340.1,40.1,53.6,63.6
56650,56660,15.7389,338.6,40.1,53.6,62.2
56660,56670,15.7417,337.4,40.1,53.6,62.2
56670,56680,15.7444,336.5,40.1,53.6,63.7
56680,56690,15.7472,335.3,40.1,53.6,62.5
56690,56700,15.7500,334.7,40.1,53.6,62.6
56700,56710,15.7528,334.4,40.1,53.6,63.1
56710,56720,15.7556,335.0,40.1,53.6,59.9
56720,56730,15.7583,335.0,40.1,53.6,63.1
56730,56740,15.7611,335.3,40.1,53.5,59.9
56740,56750,15.7639,335.3,40.1,53.6,60.7
56750,56760,15.7667,335.3,40.2,53.5,60.4
56760,56770,15.7694,335.3,40.2,53.5,62.6
56770,56780,15.7722,335.6,40.2,53.5,61.2
56780,56790,15.7750,335.6,40.2,53.6,59.3
56790,56800,15.7778,335.9,40.2,53.6,61.5
56800,56810,15.7806,336.2,40.2,53.6,60.7
56810,56820,15.7833,336.2,40.2,53.6,61.4
56820,56830,15.7861,336.2,40.2,53.5,61.6
56830,56840,15.7889,335.6,40.2,53.6,62.4
56840,56850,15.7917,335.6,40.2,53.6,64.7
56850,56860,15.7944,335.3,40.3,53.6,69.5
56860,56870,15.7972,335.0,40.3,53.6,64.6
56870,56880,15.8000,335.3,40.3,53.5,66.7
56880,56890,15.8028,335.6,40.3,53.6,66
56890,56900,15.8056,335.0,40.3,53.5,64.8
56900,56910,15.8083,335.0,40.3,53.6,67
56910,56920,15.8111,335.3,40.3,53.6,66.9
56920,56930,15.8139,335.0,40.3,53.6,65.2
56930,56940,15.8167,335.0,40.3,53.6,64.4
56940,56950,15.8194,335.0,40.3,53.5,64.8
56950,56960,15.8222,335.6,40.3,53.5,64.3
56960,56970,15.8250,336.2,40.3,53.6,64.7
56970,56980,15.8278,335.9,40.3,53.6,66.4
56980,56990,15.8306,335.9,40.4,53.6,62.7
56990,57000,15.8333,335.9,40.4,53.6,65.7
57000,57010,15.8361,335.9,40.4,53.5,65
57010,57020,15.8389,335.6,40.4,53.6,65
57020,57030,15.8417,335.6,40.4,53.6,69.6
57030,57040,15.8444,335.9,40.4,53.5,70.1
57040,57050,15.8472,335.9,40.4,53.5,68.2
57050,57060,15.8500,335.6,40.4,53.5,66.2
57060,57070,15.8528,335.9,40.5,53.6,65.9
57070,57080,15.8556,336.2,40.5,53.6,64.2
57080,57090,15.8583,336.5,40.5,53.6,66.9
57090,57100,15.8611,336.5,40.5,53.6,61.7
57100,57110,15.8639,336.2,40.5,53.6,59.2
57110,57120,15.8667,336.8,40.5,53.5,60.2
57120,57130,15.8694,336.8,40.5,53.5,57.2
57130,57140,15.8722,337.1,40.5,53.5,60
57140,57150,15.8750,336.8,40.5,53.6,63.5
57150,57160,15.8778,337.1,40.5,53.6,63.2
57160,57170,15.8806,336.8,40.5,53.6,62.2
57170,57180,15.8833,336.5,40.6,53.6,62.4
57180,57190,15.8861,336.2,40.6,53.6,62.4
57190,57200,15.8889,336.8,40.6,53.6,61.7
57200,57210,15.8917,336.8,40.6,53.5,60.5
57210,57220,15.8944,337.1,40.6,53.6,60.5
57220,57230,15.8972,336.5,40.6,53.6,58.8
57230,57240,15.9000,337.7,40.6,53.6,60.9
57240,57250,15.9028,338.3,40.6,53.5,62.7
57250,57260,15.9056,338.9,40.6,53.5,63
57260,57270,15.9083,338.9,40.6,53.6,60.9
57270,57280,15.9111,340.4,40.6,53.6,64.3
57280,57290,15.9139,341.9,40.6,53.6,67.5
57290,57300,15.9167,343.1,40.7,53.5,64.8
57300,57310,15.9194,344.0,40.7,53.6,63.4
57310,57320,15.9222,345.8,40.7,53.6,64.6
57320,57330,15.9250,347.3,40.7,53.5,59.3
57330,57340,15.9278,348.5,40.7,53.5,59.7
57340,57350,15.9306,349.9,40.7,53.5,57.3
57350,57360,15.9333,351.1,40.7,53.5,58.2
57360,57370,15.9361,352.9,40.7,53.6,58.3
57370,57380,15.9389,353.8,40.7,53.6,59.7
57380,57390,15.9417,354.7,40.8,53.6,60.4
57390,57400,15.9444,356.2,40.8,53.6,60.2
57400,57410,15.9472,357.4,40.8,53.5,62.6
57410,57420,15.9500,358.0,40.8,53.6,62.3
57420,57430,15.9528,359.2,40.8,53.5,62.4
57430,57440,15.9556,361.0,40.8,53.5,67.4
57440,57450,15.9583,362.8,40.8,53.5,66.7
57450,57460,15.9611,364.0,40.8,53.6,65.7
57460,57470,15.9639,365.5,40.9,53.5,62
57470,57480,15.9667,367.6,40.9,53.5,65.4
57480,57490,15.9694,370.0,40.9,53.5,62
57490,57500,15.9722,371.5,40.9,53.5,61.4
57500,57510,15.9750,372.1,40.9,53.6,63.8
57510,57520,15.9778,373.9,40.9,53.5,63.9
57520,57530,15.9806,375.7,40.9,53.5,63.3
57530,57540,15.9833,377.2,40.9,53.6,63.8
57540,57550,15.9861,378.1,40.9,53.5,63.8
57550,57560,15.9889,379.6,40.9,53.6,60.5
57560,57570,15.9917,380.8,40.9,53.5,63.8
57570,57580,15.9944,382.0,40.9,53.6,63.6
57580,57590,15.9972,382.9,40.9,53.6,62.1
57590,57600,16.0000,384.7,40.9,53.5,64.3
57600,57610,16.0028,386.2,40.9,53.6,59.2
57610,57620,16.0056,387.4,41.0,53.6,59.7
57620,57630,16.0083,389.2,41.0,53.6,59.8
57630,57640,16.0111,390.7,41.0,53.6,57
