NETCARE2015/data/raw/Flight5/SP2_Polar6_20150409_R2_L1.ict
38, 1001
Herber, Andreas; Schulz, Hannes
Alfred Wegener Institute (AWI), Bremerhaven, Germany
rBC mass concentration from SP2 (single particle soot photometer), combined high and low gain channel, size range 75 to 700 nm
NETCARE Polar 6 Campaign 2015
1, 1
2015,04,09, 2017, 09, 07
1
Time_UTC, seconds
4
1, 1, 1, 1, 1
-9999, -9999, -9999, -9999, -9999
BC_mass_concVOL, ug/m3
BC_numb_concVOL, 1/vccm
BC_mass_concSTP, ug/m3STP
BC_numb_concSTP, 1/sccm
0
20
PI_CONTACT_INFO: Address: AWI, Am Handelshafen 12, D-27570 Bremerhaven, email: andreas.herber@awi.de; hannes.schulz@awi.de
PLATFORM: Polar 6
LOCATION: GPS location and altitude available at 1 Hz resolution in separate file
ASSOCIATED_DATA: N/A
INSTRUMENT_INFO: Refractory black carbon aerosol measurements based on laser induced incandescence
DATA_INFO: Units are ug/m3 (volumetric) or ug/m3 STP (NIST standard NTP 20C, 1013.25 hPa; corrected with chamber temperature and pressure)
UNCERTAINTY: +/- 10%, typical intra-model variability of SP2 derived BC mass concentration [Laborde et al., 2012]
ULOD_FLAG: -7777
ULOD_VALUE: N/A
LLOD_FLAG: not masked
LLOD_VALUE: zero ug/m3 (e.g. no particle or particles <0.3 fg per single particle detection)
DM_CONTACT_INFO: Hannes Schulz, see above
PROJECT_INFO: NETCARE Polar 6 aircraft campaign in April 2015
STIPULATIONS_ON_USE: Preliminary data! Use of these data requires prior approval from PI
OTHER_COMMENTS: N/A
REVISION: R2
R2: Preliminary data; calibration: Fullerene Soot, DLR lab 2015/01/20; bad data and zero filter masked as -9999
R1: Preliminary data, updated header information, corrected mass concentration
R0: Preliminary data, initial release
Time_UTC, BC_mass_concVOL, BC_numb_concVOL, BC_mass_concSTP, BC_numb_concSTP
[from data line 10246]
60058, 0.059432, 15.623263, 0.088510, 23.266875
60059, 0.027735, 14.260113, 0.041301, 21.235198
60060, 0.040547, 17.707825, 0.060358, 26.359942
60061, 0.046601, 11.287248, 0.069418, 16.813773
60062, 0.025221, 8.799670, 0.037575, 13.109975
60063, 0.052770, 11.144153, 0.078611, 16.601292
60064, 0.040154, 11.549338, 0.059836, 17.210516
60065, 0.045772, 11.807053, 0.068264, 17.608973
60066, 0.030077, 10.291805, 0.044836, 15.342023
60067, 0.046895, 12.784776, 0.069929, 19.064388
60068, 0.028767, 10.488099, 0.042884, 15.635000
60069, 0.027694, 9.966091, 0.041283, 14.856168
60070, 0.021621, 12.493552, 0.032232, 18.625549
60071, 0.017939, 9.433346, 0.026735, 14.058617
60072, 0.037263, 10.978287, 0.055425, 16.329079
60073, 0.027897, 11.730754, 0.041586, 17.487069
60074, 0.033505, 10.942624, 0.049961, 16.317227
60075, 0.022821, 9.187061, 0.034026, 13.698060
60076, 0.015070, 7.813138, 0.022459, 11.644003
60077, 0.067162, 14.482809, 0.100073, 21.579806
60078, 0.034723, 9.594047, 0.051766, 14.302958
60079, 0.039204, 12.897323, 0.058391, 19.209710
60080, 0.015188, 8.103975, 0.022628, 12.074003
60081, 0.033534, 10.225368, 0.049933, 15.225806
60082, 0.031244, 9.883346, 0.046543, 14.722744
60083, 0.018138, 6.287776, 0.027015, 9.365320
60084, 0.021148, 8.670983, 0.031507, 12.918382
60085, 0.032022, 15.647245, 0.047721, 23.318800
60086, 0.044811, 12.981275, 0.066712, 19.325786
60087, 0.048078, 12.622166, 0.071675, 18.817141
60088, 0.027601, 13.003766, 0.041138, 19.381315
60089, 0.027232, 9.754440, 0.040560, 14.528594
60090, 0.026011, 9.122164, 0.038762, 13.594276
60091, 0.032668, 11.691500, 0.048694, 17.426921
60092, 0.030765, 9.762468, 0.045870, 14.555551
60093, 0.081168, 7.693431, 0.121029, 11.471638
60094, 0.029747, 7.363563, 0.044347, 10.977586
60095, 0.060649, 10.128135, 0.090485, 15.110496
60096, 0.033541, 7.699471, 0.050039, 11.486600
60097, 0.028535, 11.608562, 0.042542, 17.306744
60098, 0.035636, 9.951529, 0.053146, 14.841390
60099, 0.038953, 13.297939, 0.058165, 19.856626
60100, 0.142905, 12.254757, 0.213381, 18.298453
60101, 0.028057, 9.623701, 0.041875, 14.363374
60102, 0.059193, 11.891596, 0.088317, 17.742538
60103, 0.060796, 13.629208, 0.090701, 20.333391
60104, 0.038685, 10.083532, 0.057788, 15.062819
60105, 0.017748, 12.473164, 0.026494, 18.619507
60106, 0.055700, 11.199670, 0.083154, 16.719913
60107, 0.037570, 12.376100, 0.056060, 18.467161
60108, 0.055560, 11.464463, 0.082954, 17.116996
60109, 0.026768, 7.401716, 0.039966, 11.051229
60110, 0.027708, 11.380424, 0.041369, 16.991522
60111, 0.014466, 9.324634, 0.021601, 13.923874
60112, 0.033385, 13.349524, 0.049803, 19.914293
60113, 0.026287, 10.917786, 0.039208, 16.284250
60114, 0.032933, 8.472852, 0.049097, 12.631463
60115, 0.039645, 9.260187, 0.059127, 13.810755
60116, 0.038447, 7.299127, 0.057169, 10.853281
60117, 0.029880, 10.833227, 0.044545, 16.150348
60118, 0.063198, 9.540848, 0.094226, 14.224980
60119, 0.026712, 8.240239, 0.039831, 12.287386
60120, 0.027712, 9.135316, 0.041308, 13.617037
60121, 0.032141, 9.117251, 0.047952, 13.602433
60122, 0.032492, 10.113350, 0.048460, 15.083521
60123, 0.022702, 7.910237, 0.033867, 11.800645
60124, 0.045640, 8.073841, 0.068052, 12.038652
60125, 0.041407, 12.183568, 0.061778, 18.177388
60126, 0.031201, 12.946381, 0.046561, 19.320025
60127, 0.043012, 8.129299, 0.064210, 12.135657
60128, 0.013825, 5.940408, 0.020641, 8.868935
60129, 0.077651, 5.621733, 0.115905, 8.391225
60130, 0.033752, 9.623200, 0.050384, 14.365349
60131, 0.016749, 10.555386, 0.025001, 15.755912
60132, 0.031940, 9.404250, 0.047686, 14.040258
60133, 0.022942, 9.978196, 0.034258, 14.900288
60134, 0.031469, 11.000028, 0.046985, 16.423736
60135, 0.016449, 5.441665, 0.024544, 8.119948
60136, 0.017722, 9.122457, 0.026446, 13.613092
60137, 0.014366, 5.707974, 0.021446, 8.520767
60138, 0.022461, 9.327006, 0.033517, 13.918196
60139, 0.037041, 10.246809, 0.055269, 15.289134
60140, 0.030173, 9.038859, 0.045008, 13.482684
60141, 0.031011, 7.020060, 0.046272, 10.474784
60142, 0.054338, 8.081124, 0.081054, 12.054307
60143, 0.038892, 10.941350, 0.058036, 16.327011
60144, 0.042346, 10.148145, 0.063177, 15.140149
60145, 0.052824, 13.472591, 0.078820, 20.102707
60146, 0.051238, 8.714702, 0.076400, 12.994193
60147, 0.031234, 13.207561, 0.046603, 19.706639
60148, 0.028152, 9.954920, 0.041993, 14.849406
60149, 0.020818, 10.184974, 0.031067, 15.199298
60150, 0.016997, 8.574840, 0.025361, 12.794012
60151, 0.025163, 9.309605, 0.037530, 13.884915
60152, 0.020121, 7.095499, 0.030018, 10.585867
60153, 0.028954, 7.510403, 0.043176, 11.199207
60154, 0.007237, 4.170466, 0.010815, 6.232559
60155, 0.032349, 10.366752, 0.048343, 15.492456
60156, 0.017230, 5.753654, 0.025749, 8.598559
60157, 0.033513, 9.609816, 0.050087, 14.362639
60158, 0.020760, 12.331413, 0.031009, 18.419375
60159, 0.025965, 11.135108, 0.038826, 16.650380
60160, 0.049375, 13.961129, 0.073840, 20.878794
60161, 0.068914, 16.483335, 0.103005, 24.637410
60162, 0.026014, 8.588449, 0.038897, 12.841797
60163, 0.046160, 9.367924, 0.069067, 14.016667
60164, 0.039575, 7.921831, 0.059146, 11.839420
60165, 0.024314, 11.981259, 0.036369, 17.921724
60166, 0.046490, 12.309735, 0.069520, 18.407959
60167, 0.023468, 10.563119, 0.035068, 15.784560
60168, 0.045058, 9.621234, 0.067393, 14.390333
60169, 0.031934, 13.184692, 0.047769, 19.722620
60170, 0.039966, 15.004210, 0.059749, 22.431094
60171, 0.032850, 9.755164, 0.049120, 14.586919
60172, 0.026741, 10.611355, 0.039986, 15.867367
60173, 0.019818, 4.886300, 0.029616, 7.302194
60174, 0.072011, 15.215617, 0.107642, 22.744295
60175, 0.035640, 8.165042, 0.053270, 12.203953
60176, 0.051360, 15.634169, 0.076755, 23.364509
60177, 0.028396, 10.988353, 0.042431, 16.419478
60178, 0.026509, 6.901046, 0.039625, 10.315578
60179, 0.023238, 6.608020, 0.034736, 9.877549
60180, 0.049162, 12.096263, 0.073447, 18.071411
60181, 0.046308, 9.468672, 0.069174, 14.144058
60182, 0.032730, 11.803149, 0.048867, 17.622439
60183, 0.029330, 7.973619, 0.043776, 11.901116
60184, 0.034187, 11.019211, 0.051058, 16.456907
60185, 0.034050, 11.184591, 0.050822, 16.693663
60186, 0.034666, 7.443492, 0.051761, 11.114080
60187, 0.040040, 12.511778, 0.059805, 18.688018
60188, 0.045611, 13.056992, 0.068052, 19.481374
60189, 0.019928, 9.139663, 0.029744, 13.641802
60190, 0.030079, 9.132862, 0.044887, 13.629313
60191, 0.036670, 14.460701, 0.054678, 21.561642
60192, 0.063201, 10.309201, 0.094307, 15.383010
60193, 0.023294, 8.278151, 0.034766, 12.354855
60194, 0.027230, 11.925618, 0.040628, 17.793476
60195, 0.017665, 7.340668, 0.026350, 10.949940
60196, 0.037680, 6.840770, 0.056252, 10.212304
60197, 0.058990, 12.573266, 0.088059, 18.769307
60198, 0.093074, 11.027455, 0.138681, 16.430903
60199, 0.021058, 10.686272, 0.031429, 15.949390
60200, 0.103059, 11.724625, 0.153849, 17.502691
60201, 0.027039, 11.411677, 0.040373, 17.039253
60202, 0.017363, 9.269317, 0.025916, 13.835435
60203, 0.032905, 9.908002, 0.049131, 14.793905
60204, 0.047817, 12.018691, 0.071410, 17.948690
60205, 0.044588, 13.302688, 0.066570, 19.860703
60206, 0.016561, 7.592300, 0.024718, 11.331508
60207, 0.021544, 11.255242, 0.032184, 16.814203
60208, 0.062926, 14.394893, 0.094029, 21.510025
60209, 0.023662, 8.570627, 0.035336, 12.799062
60210, 0.030630, 10.909492, 0.045766, 16.300779
60211, 0.023317, 9.669792, 0.034817, 14.438658
60212, 0.069681, 10.676347, 0.104074, 15.945872
60213, 0.032423, 9.875126, 0.048421, 14.747467
60214, 0.031991, 13.601568, 0.047762, 20.306524
60215, 0.045926, 15.308614, 0.068552, 22.850661
60216, 0.029589, 14.841320, 0.044173, 22.156728
60217, 0.028697, 11.560855, 0.042858, 17.265978
60218, 0.054375, 14.303565, 0.080930, 21.289000
60219, 0.037746, 13.970551, 0.056345, 20.854106
60220, 0.033920, 12.420417, 0.050616, 18.533900
60221, 0.027490, 8.118828, 0.041025, 12.116311
60222, 0.034710, 7.708000, 0.051796, 11.502330
60223, 0.022254, 7.346288, 0.033232, 10.970461
60224, 0.050197, 15.034997, 0.074905, 22.435631
60225, 0.043906, 12.722939, 0.065541, 18.992398
60226, 0.031809, 11.069925, 0.047462, 16.517294
60227, 0.042831, 10.574544, 0.063904, 15.777340
60228, 0.053278, 11.712090, 0.079487, 17.473616
60229, 0.056729, 11.975918, 0.084697, 17.880269
60230, 0.038363, 12.805008, 0.057264, 19.114242
60231, 0.023915, 9.290044, 0.035715, 13.873845
60232, 0.030862, 14.997247, 0.046092, 22.397960
60233, 0.020035, 8.731003, 0.029919, 13.038432
60234, 0.015916, 8.465845, 0.023764, 12.639915
60235, 0.032684, 8.130787, 0.048802, 12.140298
60236, 0.045447, 12.923326, 0.067778, 19.273433
60237, 0.037686, 11.484667, 0.056279, 17.150978
60238, 0.128380, 12.509154, 0.191617, 18.670864
60239, 0.038382, 8.274194, 0.057318, 12.356357
60240, 0.065035, 12.836186, 0.097100, 19.164855
60241, 0.038465, 11.971890, 0.057417, 17.870810
60242, 0.036697, 9.100555, 0.054750, 13.577524
60243, 0.025639, 9.149781, 0.038254, 13.651578
60244, 0.031742, 13.554588, 0.047369, 20.227659
60245, 0.031144, 12.435984, 0.046460, 18.551693
60246, 0.026218, 8.940842, 0.039134, 13.345151
60247, 0.045599, 13.908406, 0.068069, 20.762025
60248, 0.051488, 11.349741, 0.076803, 16.929978
60249, 0.025617, 9.997265, 0.038206, 14.909895
60250, 0.029125, 7.086395, 0.043463, 10.574860
60251, 0.060449, 12.928673, 0.090158, 19.282807
60252, 0.061781, 19.416702, 0.092081, 28.939342
60253, 0.027847, 11.222966, 0.041478, 16.716878
60254, 0.035538, 12.507089, 0.052985, 18.647330
60255, 0.048641, 14.741089, 0.072469, 21.962378
60256, 0.030804, 13.611092, 0.045908, 20.284827
60257, 0.050817, 11.728325, 0.075686, 17.468162
60258, 0.033046, 12.312468, 0.049214, 18.336288
60259, 0.040990, 12.431856, 0.061036, 18.511561
60260, 0.046076, 12.748830, 0.068598, 18.980549
60261, 0.037632, 14.568893, 0.056041, 21.696158
60262, 0.024148, 11.365686, 0.035942, 16.916645
60263, 0.037312, 11.102213, 0.055574, 16.536048
60264, 0.021005, 13.252706, 0.031278, 19.734645
60265, 0.028848, 7.889183, 0.042975, 11.752500
60266, 0.072254, 10.643301, 0.107696, 15.863991
60267, 0.022495, 10.692798, 0.033521, 15.933755
60268, 0.046027, 11.747616, 0.068637, 17.518317
60269, 0.020825, 7.151924, 0.031057, 10.666009
60270, 0.031609, 12.906696, 0.047128, 19.243311
60271, 0.038317, 10.375579, 0.057129, 15.469528
60272, 0.053133, 12.330310, 0.079235, 18.387425
60273, 0.017440, 7.871223, 0.026033, 11.749407
60274, 0.030080, 11.792473, 0.044896, 17.600583
60275, 0.161601, 5.794218, 0.241159, 8.646775
60276, 0.023336, 11.005423, 0.034805, 16.413968
60277, 0.037172, 12.589725, 0.055460, 18.783357
60278, 0.019722, 11.372054, 0.029449, 16.980426
60279, 0.068530, 13.452242, 0.102347, 20.090377
60280, 0.046066, 14.722904, 0.068795, 21.987116
60281, 0.016153, 8.877177, 0.024120, 13.255323
60282, 0.049176, 15.309835, 0.073427, 22.859756
60283, 0.067016, 12.088781, 0.100058, 18.048954
60284, 0.030151, 12.743320, 0.045022, 19.028778
60285, 0.031481, 12.834625, 0.047031, 19.174057
60286, 0.064287, 10.617438, 0.096038, 15.861207
60287, 0.040955, 12.351005, 0.061128, 18.434815
60288, 0.080074, 10.663972, 0.119583, 15.925684
60289, 0.027660, 10.760469, 0.041311, 16.071302
60290, 0.023328, 8.995960, 0.034841, 13.435500
60291, 0.020433, 8.045288, 0.030505, 12.011391
60292, 0.032658, 10.728003, 0.048743, 16.011833
60293, 0.047162, 14.777712, 0.070399, 22.058534
60294, 0.030159, 11.195857, 0.044997, 16.704149
60295, 0.026908, 10.749719, 0.040144, 16.037328
60296, 0.012017, 7.683394, 0.017926, 11.460914
60297, 0.030359, 9.328689, 0.045293, 13.917592
60298, 0.027175, 11.641891, 0.040573, 17.381676
60299, 0.021533, 7.837781, 0.032126, 11.693264
60300, 0.046369, 7.773082, 0.069170, 11.595309
60301, 0.020809, 7.971057, 0.031053, 11.895296
60302, 0.026462, 10.769476, 0.039384, 16.028597
60303, 0.062748, 11.082503, 0.093535, 16.520174
60304, 0.020724, 7.969830, 0.030890, 11.879287
60305, 0.028947, 9.362719, 0.043160, 13.959996
60306, 0.019376, 6.013312, 0.028871, 8.959813
60307, 0.021169, 7.340894, 0.031557, 10.943115
60308, 0.003756, 2.478684, 0.005593, 3.691126
60309, 0.026637, 8.599475, 0.039684, 12.811465
60310, 0.021523, 8.614040, 0.032048, 12.826295
60311, 0.025131, 10.165726, 0.037440, 15.145160
60312, 0.024080, 7.077924, 0.035808, 10.525376
60313, 0.028765, 5.943232, 0.042833, 8.849813
60314, 0.007297, 4.015135, 0.010873, 5.982655
60315, 0.019904, 7.583554, 0.029573, 11.267449
60316, 0.017060, 8.186503, 0.025419, 12.197242
60317, 0.022596, 8.599730, 0.033654, 12.807884
60318, 0.019695, 8.768894, 0.029375, 13.079131
60319, 0.025205, 8.835768, 0.037554, 13.164855
60320, 0.025168, 6.379184, 0.037513, 9.508170
60321, 0.043545, 11.911715, 0.064902, 17.753994
60322, 0.030440, 9.825239, 0.045402, 14.654709
60323, 0.039584, 11.376982, 0.059033, 16.966840
60324, 0.014754, 6.043729, 0.022013, 9.016926
60325, 0.045768, 10.355361, 0.068305, 15.454357
60326, 0.044509, 7.948286, 0.066423, 11.861642
60327, 0.032358, 9.266824, 0.048316, 13.837139
60328, 0.017567, 7.781091, 0.026235, 11.620245
60329, 0.021659, 7.242234, 0.032319, 10.806595
60330, 0.053690, 8.435192, 0.080166, 12.594813
60331, 0.017143, 6.596616, 0.025603, 9.851778
60332, 0.025149, 8.789139, 0.037567, 13.128840
60333, 0.008276, 4.354671, 0.012361, 6.504284
60334, 0.016497, 6.960732, 0.024640, 10.396546
60335, 0.045544, 10.132876, 0.068057, 15.141797
60336, 0.016818, 9.454609, 0.025131, 14.128570
60337, 0.011085, 5.103977, 0.016572, 7.629900
60338, 0.018097, 5.574890, 0.027069, 8.338718
60339, 0.032093, 7.607622, 0.047943, 11.364912
60340, 0.024708, 9.763795, 0.036919, 14.589379
60341, 0.027962, 7.631671, 0.041804, 11.409623
60342, 0.006702, 4.620465, 0.010020, 6.908274
60343, 0.021699, 6.093964, 0.032451, 9.113581
60344, 0.057869, 9.233506, 0.086464, 13.796139
60345, 0.014230, 5.315300, 0.021280, 7.948753
60346, 0.015098, 6.820047, 0.022570, 10.195358
60347, 0.019829, 9.369747, 0.029659, 14.014469
60348, 0.014765, 5.948499, 0.022063, 8.888718
60349, 0.016959, 7.476371, 0.025349, 11.175306
60350, 0.020685, 6.910653, 0.030912, 10.327330
60351, 0.070625, 8.867491, 0.105624, 13.261854
60352, 0.013955, 5.829653, 0.020855, 8.712308
60353, 0.027728, 7.971689, 0.041454, 11.918099
60354, 0.037209, 9.962005, 0.055588, 14.882727
60355, 0.006779, 4.844710, 0.010123, 7.234771
60356, 0.024907, 8.861867, 0.037186, 13.230933
60357, 0.010365, 3.964849, 0.015480, 5.921642
60358, 0.024617, 9.043734, 0.036738, 13.496774
60359, 0.021685, 6.318468, 0.032339, 9.422849
60360, 0.024599, 7.676412, 0.036682, 11.447130
60361, 0.017104, 7.726741, 0.025487, 11.513689
60362, 0.022349, 8.494178, 0.033306, 12.658672
60363, 0.025753, 8.550428, 0.038332, 12.726846
60364, 0.014021, 6.987416, 0.020879, 10.405212
60365, 0.035885, 7.286016, 0.053388, 10.839796
60366, 0.021495, 8.391062, 0.031988, 12.487276
60367, 0.018828, 7.668807, 0.028017, 11.411828
60368, 0.025057, 11.477864, 0.037264, 17.069654
60369, 0.014820, 5.775901, 0.022043, 8.591176
60370, 0.027637, 10.491316, 0.041096, 15.600663
60371, 0.017988, 10.364626, 0.026762, 15.420043
60372, 0.025533, 12.778416, 0.037982, 19.008988
60373, 0.032060, 7.979737, 0.047676, 11.866670
60374, 0.033212, 13.267519, 0.049375, 19.724369
60375, 0.019969, 5.805207, 0.029697, 8.633020
60376, 0.085051, 7.818399, 0.126592, 11.637172
60377, 0.054025, 10.674925, 0.080394, 15.885392
60378, 0.029990, 12.141949, 0.044624, 18.066967
60379, 0.013145, 8.125273, 0.019566, 12.094145
60380, 0.030407, 11.213300, 0.045273, 16.695322
60381, 0.013933, 7.176110, 0.020742, 10.682598
60382, 0.016079, 8.985328, 0.023956, 13.387279
60383, 0.043813, 12.087659, 0.065225, 17.995045
60384, 0.014960, 8.405684, 0.022280, 12.518004
60385, 0.036511, 12.257964, 0.054417, 18.269321
60386, 0.015421, 8.371685, 0.022973, 12.471405
60387, 0.020184, 11.672977, 0.030068, 17.389418
60388, 0.013099, 9.161390, 0.019516, 13.649460
60389, 0.036918, 16.380302, 0.055040, 24.420499
60390, 0.030429, 12.160082, 0.045346, 18.121168
60391, 0.032318, 12.820445, 0.048157, 19.103425
60392, 0.023534, 9.206223, 0.035075, 13.720721
60393, 0.020193, 10.635201, 0.030074, 15.839227
60394, 0.040978, 13.394996, 0.061104, 19.973914
