NETCARE2015/data/raw/Flight5/SP2_Polar6_20150409_R2_L1.ict
38, 1001
Herber, Andreas; Schulz, Hannes
Alfred Wegener Institute (AWI), Bremerhaven, Germany
rBC mass concentration from SP2 (single particle soot photometer), combined high and low gain channel, size range 75 to 700 nm
NETCARE Polar 6 Campaign 2015
1, 1
2015,04,09, 2017, 09, 07
1
Time_UTC, seconds
4
1, 1, 1, 1, 1
-9999, -9999, -9999, -9999, -9999
BC_mass_concVOL, ug/m3
BC_numb_concVOL, 1/vccm
BC_mass_concSTP, ug/m3STP
BC_numb_concSTP, 1/sccm
0
20
PI_CONTACT_INFO: Address: AWI, Am Handelshafen 12, D-27570 Bremerhaven, email: andreas.herber@awi.de; hannes.schulz@awi.de
PLATFORM: Polar 6
LOCATION: GPS location and altitude available at 1 Hz resolution in separate file
ASSOCIATED_DATA: N/A
INSTRUMENT_INFO: Refractory black carbon aerosol measurements based on laser induced incandescence
DATA_INFO: Units are ug/m3 (volumetric) or ug/m3 STP (NIST standard NTP 20C, 1013.25 hPa; corrected with chamber temperature and pressure)
UNCERTAINTY: +/- 10%, typical intra-model variability of SP2 derived BC mass concentration [Laborde et al., 2012]
ULOD_FLAG: -7777
ULOD_VALUE: N/A
LLOD_FLAG: not masked
LLOD_VALUE: zero ug/m3 (e.g. no particle or particles <0.3 fg per single particle detection)
DM_CONTACT_INFO: Hannes Schulz, see above
PROJECT_INFO: NETCARE Polar 6 aircraft campaign in April 2015
STIPULATIONS_ON_USE: Preliminary data! Use of these data requires prior approval from PI
OTHER_COMMENTS: N/A
REVISION: R2
R2: Preliminary data; calibration: Fullerene Soot, DLR lab 2015/01/20; bad data and zero filter masked as -9999
R1: Preliminary data, updated header information, corrected mass concentration
R0: Preliminary data, initial release
Time_UTC, BC_mass_concVOL, BC_numb_concVOL, BC_mass_concSTP, BC_numb_concSTP
[from data line 1378]
51190, 0.010351, 4.681184, 0.014801, 6.693287
51191, 0.014985, 6.925650, 0.021431, 9.904845
51192, 0.000000, 0.000000, 0.000000, 0.000000
51193, 0.012679, 4.192834, 0.018155, 6.003837
51194, 0.008462, 2.735221, 0.012089, 3.907698
51195, 0.007162, 2.780129, 0.010258, 3.982032
51196, 0.008413, 6.183359, 0.012058, 8.862688
51197, 0.050217, 4.756074, 0.072038, 6.822782
51198, 0.020817, 3.077047, 0.029852, 4.412506
51199, 0.007304, 5.116056, 0.010481, 7.341809
51200, 0.014554, 5.561998, 0.020877, 7.978422
51201, 0.012144, 3.513923, 0.017429, 5.043094
51202, 0.004001, 2.511604, 0.005725, 3.593342
51203, 0.009815, 4.478808, 0.014088, 6.428643
51204, 0.011225, 4.454561, 0.016109, 6.393054
51205, 0.009454, 5.822840, 0.013571, 8.358678
51206, 0.005152, 3.951223, 0.007376, 5.656687
51207, 0.009968, 2.475508, 0.014314, 3.554681
51208, 0.011896, 4.783490, 0.017085, 6.869719
51209, 0.014678, 6.075487, 0.021083, 8.726912
51210, 0.009206, 5.033297, 0.013227, 7.231601
51211, 0.015242, 5.082422, 0.021887, 7.298152
51212, 0.012639, 4.262715, 0.018139, 6.117556
51213, 0.007965, 3.346441, 0.011432, 4.803157
51214, 0.009831, 5.304150, 0.014112, 7.614414
51215, 0.020548, 5.347101, 0.029498, 7.675967
51216, 0.011352, 5.075262, 0.016295, 7.285161
51217, 0.015566, 4.174899, 0.022340, 5.991488
51218, 0.011736, 4.917038, 0.016846, 7.057632
51219, 0.029627, 6.711309, 0.042488, 9.624761
51220, 0.018287, 5.220681, 0.026226, 7.487292
51221, 0.008219, 3.064612, 0.011786, 4.394755
51222, 0.004970, 4.016809, 0.007133, 5.765674
51223, 0.006603, 3.625700, 0.009475, 5.202779
51224, 0.002772, 2.540195, 0.003978, 3.645949
51225, 0.005851, 4.100859, 0.008395, 5.883314
51226, 0.023065, 4.211551, 0.033108, 6.045430
51227, 0.039380, 4.249563, 0.056526, 6.099785
51228, 0.012846, 2.107728, 0.018446, 3.026427
51229, 0.032580, 9.035481, 0.046786, 12.975120
51230, 0.056347, 5.146680, 0.080900, 7.389316
51231, 0.012843, 4.121001, 0.018446, 5.918805
51232, 0.003331, 3.092040, 0.004781, 4.438309
51233, 0.004413, 2.069903, 0.006334, 2.970670
51234, 0.007015, 3.675078, 0.010067, 5.274140
51235, 0.009806, 3.971524, 0.014070, 5.698212
51236, 0.006568, 4.079927, 0.009423, 5.853366
51237, 0.010170, 3.502687, 0.014584, 5.023080
51238, 0.005015, 2.936815, 0.007192, 4.211772
51239, 0.010681, 5.924249, 0.015328, 8.501485
51240, 0.010857, 3.447891, 0.015581, 4.948069
51241, 0.097958, 5.359335, 0.140662, 7.695712
51242, 0.035941, 6.076683, 0.051574, 8.719816
51243, 0.020633, 3.957666, 0.029625, 5.682360
51244, 0.009619, 2.941483, 0.013814, 4.224300
51245, 0.002739, 2.101969, 0.003933, 3.018354
51246, 0.007066, 2.922562, 0.010148, 4.197069
51247, 0.016429, 4.973821, 0.023579, 7.138661
51248, 0.014686, 4.907557, 0.021101, 7.051363
51249, 0.004533, 2.429432, 0.006514, 3.491141
51250, 0.007409, 3.436020, 0.010644, 4.936313
51251, 0.007489, 4.468039, 0.010769, 6.425256
51252, 0.013192, 2.531901, 0.018975, 3.641854
51253, 0.010491, 5.021575, 0.015075, 7.215804
51254, 0.004702, 3.637498, 0.006769, 5.236437
51255, 0.019343, 6.947509, 0.027832, 9.996509
51256, 0.008976, 4.061740, 0.012903, 5.838983
51257, 0.008534, 4.060817, 0.012269, 5.838036
51258, 0.012380, 4.437750, 0.017806, 6.382898
51259, 0.006747, 3.129864, 0.009698, 4.499057
51260, 0.008974, 4.278673, 0.012900, 6.150110
51261, 0.010145, 5.406491, 0.014585, 7.772070
51262, 0.007648, 5.294892, 0.010991, 7.609251
51263, 0.006842, 3.043617, 0.009829, 4.372691
51264, 0.012608, 6.527975, 0.018107, 9.374598
51265, 0.015020, 4.725321, 0.021575, 6.787551
51266, 0.004417, 3.298109, 0.006347, 4.739722
51267, 0.015092, 4.779575, 0.021682, 6.866771
51268, 0.008196, 3.495925, 0.011768, 5.019641
51269, 0.003427, 2.899396, 0.004924, 4.166104
51270, 0.008115, 2.941796, 0.011646, 4.221731
51271, 0.009553, 3.496000, 0.013708, 5.016386
51272, 0.009721, 3.129712, 0.013952, 4.491836
51273, 0.013680, 6.283420, 0.019596, 9.000417
51274, 0.019301, 7.765954, 0.027719, 11.153142
51275, 0.007832, 4.602727, 0.011244, 6.607745
51276, 0.016773, 4.230895, 0.024086, 6.075616
51277, 0.013133, 6.203029, 0.018865, 8.910631
51278, 0.014772, 4.166379, 0.021226, 5.986738
51279, 0.009257, 5.066542, 0.013298, 7.278071
51280, 0.014061, 6.759804, 0.020209, 9.715859
51281, 0.014099, 4.088786, 0.020261, 5.875824
51282, 0.031029, 4.639903, 0.044611, 6.670931
51283, 0.009524, 4.125950, 0.013671, 5.922620
51284, 0.014732, 9.718264, 0.021189, 13.978191
51285, 0.014163, 3.096462, 0.020384, 4.456802
51286, 0.019649, 8.926208, 0.028284, 12.849196
51287, 0.016319, 4.560314, 0.023496, 6.565922
51288, 0.008744, 4.618861, 0.012585, 6.648112
51289, 0.016020, 4.999216, 0.023075, 7.200510
51290, 0.023427, 5.728167, 0.033748, 8.251622
51291, 0.011208, 6.030948, 0.016161, 8.695771
51292, 0.007138, 4.482197, 0.010290, 6.461146
51293, 0.018812, 7.300915, 0.027121, 10.525589
51294, 0.016668, 4.323522, 0.023996, 6.224401
51295, 0.016087, 7.378126, 0.023174, 10.628403
51296, 0.032800, 11.075322, 0.047241, 15.951704
51297, 0.013077, 5.676652, 0.018824, 8.170936
51298, 0.009284, 5.272779, 0.013365, 7.590618
51299, 0.010386, 2.904851, 0.014954, 4.182710
51300, 0.029354, 5.417738, 0.042247, 7.797378
51301, 0.036065, 8.898139, 0.051876, 12.799110
51302, 0.033662, 8.716172, 0.048415, 12.536212
51303, 0.108083, 9.963235, 0.155531, 14.337049
51304, 0.008521, 2.998967, 0.012256, 4.313532
51305, 0.025462, 6.211341, 0.036610, 8.930874
51306, 0.006079, 4.329363, 0.008752, 6.232913
51307, 0.022170, 4.969985, 0.031886, 7.148060
51308, 0.009434, 4.069006, 0.013570, 5.853188
51309, 0.026111, 5.879779, 0.037559, 8.457750
51310, 0.021148, 6.703283, 0.030437, 9.647604
51311, 0.023071, 7.986366, 0.033206, 11.494930
51312, 0.026373, 6.997896, 0.037927, 10.063560
51313, 0.021642, 8.107293, 0.031122, 11.658606
51314, 0.031827, 5.037827, 0.045805, 7.250406
51315, 0.020391, 8.202165, 0.029327, 11.796807
51316, 0.013074, 7.666477, 0.018809, 11.029288
51317, 0.019753, 3.576328, 0.028405, 5.142883
51318, 0.010349, 6.006782, 0.014899, 8.647624
51319, 0.014778, 5.198874, 0.021265, 7.480830
51320, 0.022031, 7.702236, 0.031712, 11.086733
51321, 0.033733, 6.216902, 0.048570, 8.951130
51322, 0.018282, 7.554138, 0.026332, 10.880247
51323, 0.040889, 9.948497, 0.058845, 14.317126
51324, 0.010940, 7.384557, 0.015760, 10.638383
51325, 0.005732, 5.209422, 0.008256, 7.503400
51326, 0.016211, 4.405558, 0.023373, 6.352011
51327, 0.014429, 7.257602, 0.020802, 10.463140
51328, 0.013785, 5.862507, 0.019866, 8.448738
51329, 0.014968, 6.312815, 0.021579, 9.101312
51330, 0.032022, 6.485940, 0.046162, 9.349913
51331, 0.028439, 7.453139, 0.041009, 10.747428
51332, 0.012750, 7.020164, 0.018378, 10.118714
51333, 0.020219, 5.632054, 0.029141, 8.117312
51334, 0.016803, 4.088402, 0.024222, 5.893704
51335, 0.009737, 5.442283, 0.014034, 7.844333
51336, 0.007827, 3.540670, 0.011286, 5.105436
51337, 0.017728, 9.300452, 0.025556, 13.407305
51338, 0.014859, 5.629054, 0.021418, 8.113875
51339, 0.044385, 6.305019, 0.063952, 9.084484
51340, 0.005687, 5.286818, 0.008202, 7.624710
51341, 0.026639, 5.958837, 0.038421, 8.594364
51342, 0.035631, 7.650582, 0.051406, 11.037671
51343, 0.007389, 2.974499, 0.010662, 4.292331
51344, 0.023267, 8.094037, 0.033560, 11.674707
51345, 0.015596, 6.833528, 0.022493, 9.855557
51346, 0.020238, 7.431268, 0.029165, 10.709582
51347, 0.018621, 7.117451, 0.026850, 10.263072
51348, 0.020350, 5.321900, 0.029332, 7.670684
51349, 0.007733, 3.853775, 0.011140, 5.551679
51350, 0.012074, 6.916995, 0.017379, 9.956041
51351, 0.013637, 5.871477, 0.019639, 8.455655
51352, 0.007286, 4.860487, 0.010486, 6.995366
51353, 0.038183, 9.858468, 0.054906, 14.176298
51354, 0.039078, 7.272486, 0.056214, 10.461520
51355, 0.007834, 5.052587, 0.011268, 7.267437
51356, 0.023438, 7.076908, 0.033733, 10.185200
51357, 0.012484, 4.469633, 0.017973, 6.434658
51358, 0.016934, 6.696720, 0.024367, 9.636351
51359, 0.029089, 8.314023, 0.041900, 11.975509
51360, 0.009006, 6.604108, 0.012982, 9.519541
51361, 0.033469, 10.857121, 0.048219, 15.642165
51362, 0.019752, 9.803383, 0.028487, 14.139158
51363, 0.014430, 6.160683, 0.020820, 8.888855
51364, 0.029730, 8.473489, 0.042894, 12.225437
51365, 0.013843, 5.929776, 0.019982, 8.559403
51366, 0.029712, 7.543642, 0.042901, 10.892494
51367, 0.018112, 6.652371, 0.026154, 9.606091
51368, 0.020221, 7.030568, 0.029205, 10.154120
51369, 0.026556, 10.487557, 0.038375, 15.155254
51370, 0.034645, 8.887324, 0.050057, 12.840968
51371, 0.014120, 8.414290, 0.020407, 12.160489
51372, 0.015489, 8.015730, 0.022391, 11.587351
51373, 0.057263, 13.239684, 0.082765, 19.136014
51374, 0.038419, 11.685401, 0.055550, 16.895825
51375, 0.056588, 9.997004, 0.081794, 14.450034
51376, 0.053516, 13.536573, 0.077360, 19.567604
51377, 0.027397, 11.408877, 0.039595, 16.488323
51378, 0.030216, 12.364128, 0.043679, 17.873328
51379, 0.050311, 15.008234, 0.072726, 21.695076
51380, 0.046657, 15.834271, 0.067447, 22.889929
51381, 0.045730, 15.412957, 0.066129, 22.288201
51382, 0.043892, 15.405890, 0.063469, 22.277374
51383, 0.024131, 11.395622, 0.034882, 16.472757
51384, 0.040968, 10.929537, 0.059224, 15.800051
51385, 0.056972, 18.587719, 0.082288, 26.847148
51386, 0.036930, 17.123579, 0.053353, 24.738686
51387, 0.018713, 11.322856, 0.027021, 16.350232
51388, 0.035483, 12.591448, 0.051246, 18.185365
51389, 0.066643, 15.255414, 0.096152, 22.010287
51390, 0.032377, 14.430711, 0.046735, 20.830442
51391, 0.061313, 18.959352, 0.088225, 27.281230
51392, 0.051682, 13.528350, 0.074562, 19.517553
51393, 0.096662, 11.315115, 0.139410, 16.319094
51394, 0.038278, 15.669297, 0.055211, 22.601095
51395, 0.023369, 9.875153, 0.033708, 14.244217
51396, 0.025426, 13.296000, 0.036668, 19.174296
51397, 0.028589, 13.250031, 0.041249, 19.117190
51398, 0.040748, 10.693485, 0.058808, 15.433239
51399, 0.019682, 6.928006, 0.028388, 9.992133
51400, 0.024429, 8.023072, 0.035247, 11.575874
51401, 0.027208, 11.595485, 0.039247, 16.726002
51402, 0.038499, 17.649174, 0.055530, 25.457091
51403, 0.030257, 13.427186, 0.043648, 19.370199
51404, 0.034977, 14.258776, 0.050461, 20.571120
51405, 0.040388, 15.007025, 0.058262, 21.648259
51406, 0.076863, 13.239561, 0.110911, 19.104361
51407, 0.040726, 10.971118, 0.058763, 15.830021
51408, 0.039739, 14.634695, 0.057302, 21.102524
51409, 0.049181, 19.314501, 0.070961, 27.868045
51410, 0.027713, 11.980269, 0.039965, 17.276742
51411, 0.046103, 15.478632, 0.066494, 22.324857
51412, 0.044892, 16.756790, 0.064761, 24.173131
51413, 0.049421, 12.349373, 0.071285, 17.812795
51414, 0.020228, 9.395939, 0.029175, 13.551917
51415, 0.028909, 12.968180, 0.041694, 18.703565
51416, 0.056326, 16.698635, 0.081237, 24.084048
51417, 0.025431, 14.899954, 0.036674, 21.487136
51418, 0.070286, 14.767673, 0.101353, 21.295204
51419, 0.073588, 11.373974, 0.106131, 16.403905
51420, 0.025555, 10.377236, 0.036833, 14.956944
51421, 0.038377, 14.518896, 0.055347, 20.938745
51422, 0.032619, 13.281256, 0.047016, 19.143167
51423, 0.237157, 15.038943, 0.341770, 21.672853
51424, 0.042375, 16.126942, 0.061047, 23.232937
51425, 0.044564, 16.671825, 0.064254, 24.038400
51426, 0.128957, 26.110821, 0.185848, 37.630015
51427, 0.056522, 17.912739, 0.081460, 25.816004
51428, 0.064768, 16.198023, 0.093392, 23.356676
51429, 0.039393, 13.856848, 0.056815, 19.984988
51430, 0.057747, 16.502119, 0.083283, 23.799460
51431, 0.052831, 20.911654, 0.076199, 30.161605
51432, 0.057437, 13.320306, 0.082860, 19.216142
51433, 0.033603, 14.255492, 0.048435, 20.547874
51434, 0.056800, 15.944296, 0.081921, 22.996295
51435, 0.044406, 13.546986, 0.064040, 19.536676
51436, 0.098388, 14.337187, 0.141884, 20.675554
51437, 0.057769, 18.158482, 0.083365, 26.204179
51438, 0.065217, 19.285221, 0.094136, 27.836992
51439, 0.059736, 14.350013, 0.086175, 20.701125
51440, 0.028397, 9.323859, 0.040967, 13.450873
51441, 0.038991, 19.311354, 0.056243, 27.855981
51442, 0.037250, 12.530672, 0.053744, 18.078970
51443, 0.063994, 18.400108, 0.092324, 26.545529
51444, 0.026444, 13.011024, 0.038148, 18.769755
51445, 0.055598, 18.933357, 0.080192, 27.308583
51446, 0.049646, 15.485536, 0.071685, 22.359946
51447, 0.082123, 17.248060, 0.118628, 24.915205
51448, 0.045903, 18.899773, 0.066277, 27.288624
51449, 0.040743, 17.562902, 0.058873, 25.377944
51450, 0.035805, 18.147879, 0.051748, 26.228612
51451, 0.032559, 13.654700, 0.047022, 19.719995
51452, 0.059378, 18.179338, 0.085728, 26.246972
51453, 0.026216, 16.107275, 0.037866, 23.265623
51454, 0.066229, 16.432745, 0.095702, 23.745704
51455, 0.084244, 21.110538, 0.121620, 30.476682
51456, 0.093396, 14.553260, 0.134949, 21.028301
51457, 0.097485, 17.418146, 0.140915, 25.177891
51458, 0.049235, 13.616836, 0.071191, 19.689114
51459, 0.041643, 14.263582, 0.060214, 20.624393
51460, 0.093678, 21.721277, 0.135484, 31.414808
51461, 0.047658, 19.351097, 0.068928, 27.987557
51462, 0.036371, 17.172768, 0.052608, 24.839145
51463, 0.031553, 12.766149, 0.045665, 18.475837
51464, 0.030754, 15.099916, 0.044552, 21.874796
51465, 0.046760, 15.968740, 0.067679, 23.112802
51466, 0.047889, 14.971931, 0.069366, 21.686637
51467, 0.038193, 15.859811, 0.055335, 22.978004
51468, 0.045799, 20.263422, 0.066408, 29.381604
51469, 0.044266, 17.996475, 0.064170, 26.088508
51470, 0.122596, 17.723278, 0.177836, 25.709219
51471, 0.051691, 16.854612, 0.074950, 24.438585
51472, 0.068206, 17.613827, 0.098899, 25.540028
51473, 0.057744, 19.162428, 0.083751, 27.792685
51474, 0.051069, 17.167486, 0.073991, 24.873181
51475, 0.042017, 15.019026, 0.060856, 21.753129
51476, 0.118039, 14.664328, 0.170990, 21.242719
51477, 0.047539, 19.543003, 0.068898, 28.323659
51478, 0.046666, 13.820719, 0.067634, 20.030418
51479, 0.061890, 16.040239, 0.089659, 23.237149
51480, 0.057579, 16.717642, 0.083366, 24.204897
51481, 0.051812, 19.264793, 0.074972, 27.876317
51482, 0.074389, 20.977129, 0.107620, 30.347878
51483, 0.040784, 14.464929, 0.058995, 20.923945
51484, 0.030937, 16.797489, 0.044757, 24.300892
51485, 0.030897, 17.173693, 0.044684, 24.836510
51486, 0.060006, 16.639832, 0.086589, 24.011525
51487, 0.089204, 14.937025, 0.129066, 21.611770
51488, 0.034079, 12.093318, 0.049276, 17.486144
51489, 0.036614, 11.613017, 0.052890, 16.775365
51490, 0.032876, 12.139709, 0.047448, 17.520829
51491, 0.052521, 17.277491, 0.075842, 24.948968
51492, 0.060874, 13.750283, 0.087993, 19.876026
51493, 0.036300, 11.714847, 0.052423, 16.918159
51494, 0.065907, 16.529968, 0.095104, 23.852746
51495, 0.049928, 13.726639, 0.072067, 19.813347
51496, 0.037028, 15.701520, 0.053419, 22.651977
51497, 0.022657, 9.510707, 0.032697, 13.724850
51498, 0.054321, 14.690845, 0.078390, 21.199992
51499, 0.026629, 11.370343, 0.038441, 16.414066
51500, 0.048167, 11.108336, 0.069597, 16.050398
51501, 0.039019, 13.076854, 0.056305, 18.870432
51502, 0.039417, 12.142127, 0.056944, 17.541172
51503, 0.043220, 15.328866, 0.062476, 22.158394
51504, 0.027770, 14.224895, 0.040151, 20.566638
51505, 0.057717, 17.016787, 0.083488, 24.615053
51506, 0.047837, 15.124004, 0.069198, 21.877410
51507, 0.026295, 8.160515, 0.038040, 11.805809
51508, 0.056365, 12.638717, 0.081513, 18.277725
51509, 0.036380, 12.479640, 0.052670, 18.067666
51510, 0.037291, 17.363220, 0.053961, 25.124930
51511, 0.059289, 14.499728, 0.085801, 20.983558
51512, 0.027154, 14.704625, 0.039322, 21.293877
51513, 0.033694, 15.297256, 0.048823, 22.166089
51514, 0.053210, 9.822262, 0.077111, 14.234158
51515, 0.031756, 15.367443, 0.046018, 22.268851
51516, 0.036195, 11.306198, 0.052414, 16.372590
51517, 0.059924, 15.642482, 0.086748, 22.644803
51518, 0.053908, 14.900839, 0.078089, 21.584685
51519, 0.020929, 10.335802, 0.030315, 14.971505
51520, 0.049016, 14.778356, 0.070951, 21.391661
51521, 0.035063, 11.122233, 0.050784, 16.108708
51522, 0.058050, 14.220785, 0.084067, 20.594205
51523, 0.026513, 16.589018, 0.038402, 24.027441
51524, 0.045487, 13.902008, 0.065877, 20.133675
51525, 0.038858, 10.133536, 0.056289, 14.679334
51526, 0.059473, 15.081398, 0.086178, 21.853165
51527, 0.045274, 13.719567, 0.065580, 19.872717
51528, 0.015295, 7.615497, 0.022173, 11.040550
