NETCARE2015/data/raw/Flight5/SP2_Polar6_20150409_R2_L1.ict
38, 1001
Herber, Andreas; Schulz, Hannes
Alfred Wegener Institute (AWI), Bremerhaven, Germany
rBC mass concentration from SP2 (single particle soot photometer), combined high and low gain channel, size range 75 to 700 nm
NETCARE Polar 6 Campaign 2015
1, 1
2015,04,09, 2017, 09, 07
1
Time_UTC, seconds
4
1, 1, 1, 1, 1
-9999, -9999, -9999, -9999, -9999
BC_mass_concVOL, ug/m3
BC_numb_concVOL, 1/vccm
BC_mass_concSTP, ug/m3STP
BC_numb_concSTP, 1/sccm
0
20
PI_CONTACT_INFO: Address: AWI, Am Handelshafen 12, D-27570 Bremerhaven, email: andreas.herber@awi.de; hannes.schulz@awi.de
PLATFORM: Polar 6
LOCATION: GPS location and altitude available at 1 Hz resolution in separate file
ASSOCIATED_DATA: N/A
INSTRUMENT_INFO: Refractory black carbon aerosol measurements based on laser induced incandescence
DATA_INFO: Units are ug/m3 (volumetric) or ug/m3 STP (NIST standard NTP 20C, 1013.25 hPa; corrected with chamber temperature and pressure)
UNCERTAINTY: +/- 10%, typical intra-model variability of SP2 derived BC mass concentration [Laborde et al., 2012]
ULOD_FLAG: -7777
ULOD_VALUE: N/A
LLOD_FLAG: not masked
LLOD_VALUE: zero ug/m3 (e.g. no particle or particles <0.3 fg per single particle detection)
DM_CONTACT_INFO: Hannes Schulz, see above
PROJECT_INFO: NETCARE Polar 6 aircraft campaign in April 2015
STIPULATIONS_ON_USE: Preliminary data! Use of these data requires prior approval from PI
OTHER_COMMENTS: N/A
REVISION: R2
R2: Preliminary data; calibration: Fullerene Soot, DLR lab 2015/01/20; bad data and zero filter masked as -9999
R1: Preliminary data, updated header information, corrected mass concentration
R0: Preliminary data, initial release
Time_UTC, BC_mass_concVOL, BC_numb_concVOL, BC_mass_concSTP, BC_numb_concSTP
[from data line 11602]
61414, 0.010197, 4.754808, 0.015268, 7.119462
61415, 0.007430, 5.227663, 0.011121, 7.824511
61416, 0.021916, 7.133585, 0.032845, 10.690972
61417, 0.007917, 5.691194, 0.011870, 8.532693
61418, 0.014909, 4.796538, 0.022347, 7.189456
61419, 0.014592, 5.285816, 0.021856, 7.916807
61420, 0.009470, 4.426939, 0.014190, 6.633520
61421, 0.009668, 4.344669, 0.014486, 6.510114
61422, 0.045066, 6.929587, 0.067497, 10.378759
61423, 0.044326, 11.701662, 0.066372, 17.521693
61424, 0.008045, 4.915204, 0.012042, 7.357069
61425, 0.011350, 4.688389, 0.016995, 7.020323
61426, 0.017029, 4.707118, 0.025502, 7.049473
61427, 0.021973, 6.013339, 0.032888, 9.000579
61428, 0.029889, 10.200969, 0.044745, 15.271233
61429, 0.008564, 5.016327, 0.012823, 7.510829
61430, 0.006286, 3.960480, 0.009410, 5.928986
61431, 0.009589, 4.007872, 0.014360, 6.002028
61432, 0.009922, 4.490360, 0.014864, 6.726501
61433, 0.020295, 6.725696, 0.030355, 10.059819
61434, 0.037884, 8.787683, 0.056727, 13.158414
61435, 0.010682, 3.597719, 0.015975, 5.380753
61436, 0.004699, 3.133754, 0.007031, 4.689215
61437, 0.015462, 4.404021, 0.023138, 6.590617
61438, 0.004746, 2.940864, 0.007100, 4.399004
61439, 0.019235, 5.387260, 0.028767, 8.057272
61440, 0.005506, 3.508837, 0.008238, 5.249876
61441, 0.013246, 4.043618, 0.019816, 6.049301
61442, 0.010382, 3.012802, 0.015524, 4.505047
61443, 0.026227, 5.655033, 0.039228, 8.458133
61444, 0.042179, 5.039947, 0.063123, 7.542454
61445, 0.008037, 5.004881, 0.012024, 7.488226
61446, 0.029104, 6.105056, 0.043518, 9.128717
61447, 0.014297, 2.994507, 0.021386, 4.479391
61448, 0.015809, 4.462336, 0.023656, 6.677269
61449, 0.015054, 2.530524, 0.022514, 3.784536
61450, 0.008603, 4.628357, 0.012871, 6.924592
61451, 0.033874, 4.101768, 0.050736, 6.143693
61452, 0.010955, 4.436218, 0.016401, 6.641532
61453, 0.005858, 3.979325, 0.008769, 5.956707
61454, 0.004869, 2.969669, 0.007290, 4.446135
61455, 0.007325, 3.496890, 0.010967, 5.235258
61456, 0.023165, 5.133289, 0.034713, 7.692426
61457, 0.005240, 2.927157, 0.007854, 4.387626
61458, 0.023493, 3.469407, 0.035220, 5.201300
61459, 0.006963, 2.966942, 0.010442, 4.449740
61460, 0.008500, 2.014324, 0.012750, 3.021508
61461, 0.004923, 4.078171, 0.007393, 6.124554
61462, 0.024392, 5.157515, 0.036618, 7.742719
61463, 0.013233, 4.060376, 0.019861, 6.093895
61464, 0.013801, 5.413031, 0.020716, 8.124940
61465, 0.011324, 5.195852, 0.017001, 7.800605
61466, 0.005080, 3.957602, 0.007633, 5.946384
61467, 0.023273, 5.033896, 0.034979, 7.565863
61468, 0.022917, 4.000040, 0.034443, 6.011796
61469, 0.016922, 5.076406, 0.025446, 7.633303
61470, 0.005944, 4.046877, 0.008939, 6.086574
61471, 0.015210, 3.982034, 0.022896, 5.994186
61472, 0.013589, 4.586355, 0.020437, 6.897595
61473, 0.021631, 4.917723, 0.032544, 7.398778
61474, 0.024545, 5.343149, 0.036950, 8.043611
61475, 0.022292, 5.034514, 0.033546, 7.576354
61476, 0.002604, 2.506898, 0.003919, 3.772456
61477, 0.014925, 4.385407, 0.022461, 6.599574
61478, 0.031572, 4.038523, 0.047491, 6.074856
61479, 0.005186, 1.441487, 0.007803, 2.169176
61480, 0.007062, 2.907095, 0.010622, 4.372882
61481, 0.027872, 5.402643, 0.041896, 8.121116
61482, 0.003173, 1.907112, 0.004770, 2.867239
61483, 0.014335, 3.393721, 0.021545, 5.100807
61484, 0.001508, 1.466443, 0.002265, 2.202032
61485, 0.004964, 2.436758, 0.007452, 3.657685
61486, 0.017713, 3.355841, 0.026590, 5.037641
61487, 0.012248, 3.901451, 0.018389, 5.857431
61488, 0.025650, 5.364455, 0.038486, 8.048980
61489, 0.006718, 2.058628, 0.010076, 3.087580
61490, 0.005572, 3.808729, 0.008348, 5.706279
61491, 0.004910, 1.921022, 0.007355, 2.877944
61492, 0.005763, 2.345450, 0.008630, 3.512422
61493, 0.003367, 1.875123, 0.005040, 2.806666
61494, 0.016931, 3.811907, 0.025334, 5.703748
61495, 0.005232, 0.959320, 0.007832, 1.436048
61496, 0.011111, 2.578381, 0.016620, 3.856933
61497, 0.008139, 3.007127, 0.012182, 4.500889
61498, 0.006996, 4.090181, 0.010466, 6.119100
61499, 0.008520, 4.081532, 0.012743, 6.104495
61500, 0.011752, 3.057983, 0.017591, 4.577399
61501, 0.010649, 3.174998, 0.015927, 4.748890
61502, 0.013068, 1.599054, 0.019550, 2.392232
61503, 0.003100, 1.006743, 0.004642, 1.507563
61504, 0.015998, 5.426552, 0.023962, 8.127973
61505, 0.004351, 3.104638, 0.006515, 4.649234
61506, 0.006590, 4.627369, 0.009871, 6.931391
61507, 0.003307, 3.090331, 0.004950, 4.624990
61508, 0.024172, 4.111177, 0.036188, 6.154925
61509, 0.006562, 2.620990, 0.009819, 3.921754
61510, 0.006298, 3.084153, 0.009423, 4.614521
61511, 0.010886, 5.178776, 0.016283, 7.746721
61512, 0.004755, 3.034635, 0.007112, 4.538336
61513, 0.003628, 1.985224, 0.005420, 2.965397
61514, 0.006979, 4.362258, 0.010427, 6.516748
61515, 0.004814, 1.443955, 0.007186, 2.155546
61516, 0.001370, 0.966802, 0.002044, 1.442491
61517, 0.005546, 3.856696, 0.008277, 5.755547
61518, 0.018933, 6.500976, 0.028226, 9.691769
61519, 0.003199, 3.362051, 0.004770, 5.012781
61520, 0.007116, 2.896953, 0.010613, 4.320643
61521, 0.092968, 4.380020, 0.138441, 6.522427
61522, 0.035817, 4.488623, 0.053413, 6.693892
61523, 0.008694, 4.477593, 0.012947, 6.668128
61524, 0.009580, 3.027346, 0.014275, 4.510716
61525, 0.012048, 3.567299, 0.017936, 5.310550
61526, 0.006610, 4.962187, 0.009835, 7.382677
61527, 0.009402, 4.944306, 0.013997, 7.360564
61528, 0.015094, 5.093015, 0.022447, 7.574313
61529, 0.005679, 2.551396, 0.008445, 3.794431
61530, 0.020321, 5.926237, 0.030206, 8.808761
61531, 0.008470, 5.494018, 0.012588, 8.164953
61532, 0.011034, 4.969426, 0.016389, 7.381140
61533, 0.013878, 3.493436, 0.020596, 5.184504
61534, 0.011535, 4.459568, 0.017119, 6.618676
61535, 0.015809, 7.568414, 0.023446, 11.224492
61536, 0.016353, 6.096324, 0.024228, 9.032109
61537, 0.005948, 2.483751, 0.008815, 3.680959
61538, 0.009043, 4.466710, 0.013396, 6.616898
61539, 0.012671, 5.371981, 0.018768, 7.956767
61540, 0.005080, 4.036334, 0.007521, 5.976045
61541, 0.022836, 10.156590, 0.033789, 15.028192
61542, 0.049826, 11.354258, 0.073725, 16.800325
61543, 0.066768, 9.494255, 0.098680, 14.032054
61544, 0.019856, 7.038109, 0.029319, 10.392301
61545, 0.004284, 3.540918, 0.006324, 5.227506
61546, 0.006614, 1.941975, 0.009763, 2.866785
61547, 0.017602, 5.020353, 0.025980, 7.410007
61548, 0.010074, 4.434897, 0.014863, 6.543404
61549, 0.007276, 2.942599, 0.010736, 4.341858
61550, 0.006077, 2.486593, 0.008965, 3.668210
61551, 0.008427, 5.106760, 0.012428, 7.531587
61552, 0.006269, 2.566759, 0.009235, 3.781134
61553, 0.003991, 2.448291, 0.005875, 3.604223
61554, 0.017246, 3.479680, 0.025385, 5.121813
61555, 0.015604, 5.378707, 0.022959, 7.914084
61556, 0.005479, 4.059601, 0.008061, 5.972777
61557, 0.060594, 7.728846, 0.089104, 11.365312
61558, 0.034942, 9.101054, 0.051230, 13.343226
61559, 0.041343, 10.148499, 0.060783, 14.920694
61560, 0.039550, 13.384873, 0.058109, 19.665882
61561, 0.017683, 10.507647, 0.025980, 15.438128
61562, 0.032162, 11.820115, 0.047237, 17.360163
61563, 0.016563, 7.756512, 0.024309, 11.384222
61564, 0.041293, 12.904452, 0.060610, 18.941030
61565, 0.017939, 7.687321, 0.026325, 11.280915
61566, 0.027079, 9.018296, 0.039728, 13.230665
61567, 0.042828, 9.751697, 0.062839, 14.308276
61568, 0.065347, 9.948406, 0.095828, 14.588744
61569, 0.015398, 7.665458, 0.022575, 11.237941
61570, 0.021851, 6.752053, 0.032027, 9.896487
61571, 0.036448, 6.969384, 0.053393, 10.209629
61572, 0.027423, 8.062473, 0.040155, 11.805590
61573, 0.039283, 11.320078, 0.057547, 16.583164
61574, 0.034476, 13.126084, 0.050451, 19.208370
61575, 0.015721, 5.572970, 0.023010, 8.157187
61576, 0.023808, 8.367643, 0.034838, 12.244401
61577, 0.016285, 8.946561, 0.023799, 13.074375
61578, 0.045277, 8.997918, 0.066207, 13.157490
61579, 0.021216, 8.980167, 0.031006, 13.124047
61580, 0.018083, 8.273931, 0.026417, 12.086935
61581, 0.041356, 6.000579, 0.060381, 8.760966
61582, 0.014995, 6.815437, 0.021886, 9.947413
61583, 0.018368, 6.972707, 0.026790, 10.169621
61584, 0.029138, 4.769854, 0.042466, 6.951746
61585, 0.012812, 6.189344, 0.018661, 9.014450
61586, 0.010316, 6.590789, 0.015023, 9.598046
61587, 0.019522, 6.706340, 0.028419, 9.762870
61588, 0.024266, 7.949291, 0.035318, 11.569524
61589, 0.018455, 7.266705, 0.026850, 10.572122
61590, 0.022249, 11.340564, 0.032355, 16.491748
61591, 0.027014, 5.644334, 0.039269, 8.204949
61592, 0.011987, 7.008419, 0.017440, 10.196197
61593, 0.022729, 9.242847, 0.033034, 13.433433
61594, 0.028734, 9.815745, 0.041748, 14.261585
61595, 0.036254, 14.980115, 0.052674, 21.764734
61596, 0.027430, 11.159551, 0.039849, 16.212047
61597, 0.031771, 11.793965, 0.046165, 17.137229
61598, 0.022874, 10.439114, 0.033225, 15.162849
61599, 0.034965, 12.526265, 0.050805, 18.200831
61600, 0.024983, 10.241269, 0.036235, 14.853617
61601, 0.066671, 12.799479, 0.096699, 18.564148
61602, 0.029833, 12.188546, 0.043252, 17.671208
61603, 0.052722, 12.565778, 0.076177, 18.156181
61604, 0.056445, 16.483135, 0.081759, 23.875217
61605, 0.035156, 14.233613, 0.050889, 20.603595
61606, 0.022719, 10.910340, 0.032862, 15.781324
61607, 0.035232, 9.426464, 0.050787, 13.588250
61608, 0.048834, 12.892920, 0.070583, 18.634878
61609, 0.037727, 10.545464, 0.054520, 15.239451
61610, 0.029914, 8.466765, 0.043216, 12.231761
61611, 0.095038, 11.685623, 0.137143, 16.862688
61612, 0.023298, 9.737153, 0.033631, 14.055900
61613, 0.029208, 10.167567, 0.042179, 14.682990
61614, 0.032898, 11.788167, 0.047451, 17.002716
61615, 0.024865, 9.898239, 0.035870, 14.278881
61616, 0.010383, 7.035578, 0.014971, 10.144481
61617, 0.012613, 4.379470, 0.018185, 6.314331
61618, 0.017831, 7.466968, 0.025707, 10.764843
61619, 0.024474, 10.252908, 0.035253, 14.768298
61620, 0.029527, 12.057574, 0.042535, 17.369224
61621, 0.019843, 10.149873, 0.028563, 14.610072
61622, 0.021303, 8.739716, 0.030667, 12.581567
61623, 0.023517, 6.952936, 0.033862, 10.011518
61624, 0.013768, 4.882961, 0.019810, 7.025819
61625, 0.028985, 6.996920, 0.041696, 10.065224
61626, 0.016461, 6.551036, 0.023662, 9.416546
61627, 0.016143, 5.520712, 0.023221, 7.941300
61628, 0.010900, 5.047007, 0.015662, 7.252060
61629, 0.010809, 4.108494, 0.015538, 5.906049
61630, 0.008720, 3.564158, 0.012533, 5.122596
61631, 0.021455, 7.239201, 0.030852, 10.409950
61632, 0.025907, 9.738874, 0.037236, 13.997912
61633, 0.055087, 10.029218, 0.079114, 14.403511
61634, 0.015732, 6.748907, 0.022595, 9.692952
61635, 0.040054, 6.018138, 0.057526, 8.643348
61636, 0.009281, 7.916666, 0.013324, 11.365529
61637, 0.014818, 6.414070, 0.021283, 9.212626
61638, 0.008277, 4.550246, 0.011880, 6.531393
61639, 0.001493, 1.500634, 0.002143, 2.153894
61640, 0.005699, 2.945648, 0.008184, 4.230393
61641, 0.015342, 5.541601, 0.022018, 7.952890
61642, 0.014018, 5.728544, 0.020113, 8.219641
61643, 0.009844, 3.337440, 0.014108, 4.783215
61644, 0.031103, 7.293618, 0.044562, 10.449762
61645, 0.021341, 6.913403, 0.030559, 9.899443
61646, 0.084406, 5.262097, 0.120786, 7.530107
61647, 0.021901, 8.247236, 0.031310, 11.790164
61648, 0.012062, 4.337577, 0.017235, 6.197641
61649, 0.003175, 2.929984, 0.004531, 4.180736
61650, 0.006160, 3.894397, 0.008788, 5.555937
61651, 0.022176, 4.409411, 0.031613, 6.285987
61652, 0.018931, 6.318505, 0.026967, 9.000744
61653, 0.013694, 5.401792, 0.019503, 7.693409
61654, 0.031395, 5.886579, 0.044685, 8.378685
61655, 0.024879, 5.259364, 0.035390, 7.481385
61656, 0.012581, 4.471559, 0.017901, 6.362543
61657, 0.015969, 8.583400, 0.022707, 12.204860
61658, 0.004464, 2.087204, 0.006344, 2.966402
61659, 0.019203, 5.668611, 0.027282, 8.053151
61660, 0.015294, 6.717832, 0.021719, 9.540089
61661, 0.018727, 5.733022, 0.026580, 8.137194
61662, 0.012385, 4.999654, 0.017577, 7.095210
61663, 0.007217, 5.120869, 0.010242, 7.267159
61664, 0.033710, 7.517768, 0.047835, 10.667941
61665, 0.014714, 4.093891, 0.020869, 5.806568
61666, 0.006456, 2.014858, 0.009161, 2.859116
61667, 0.014064, 4.070582, 0.019941, 5.771496
61668, 0.013771, 7.734794, 0.019518, 10.962550
61669, 0.016346, 5.701656, 0.023169, 8.081640
61670, 0.016725, 4.161756, 0.023706, 5.899091
61671, 0.006240, 3.597930, 0.008843, 5.098898
61672, 0.011029, 4.097243, 0.015623, 5.804176
61673, 0.024801, 4.137355, 0.035119, 5.858558
61674, 0.022368, 7.145021, 0.031675, 10.118138
61675, 0.027994, 6.514563, 0.039629, 9.222082
61676, 0.027298, 6.130437, 0.038631, 8.675695
61677, 0.015637, 5.029798, 0.022112, 7.112477
61678, 0.007626, 4.126315, 0.010787, 5.836285
61679, 0.016019, 6.073374, 0.022642, 8.584521
61680, 0.016116, 5.433932, 0.022786, 7.682855
61681, 0.026357, 7.482035, 0.037265, 10.578688
61682, 0.031512, 6.982713, 0.044520, 9.865267
61683, 0.016524, 5.901515, 0.023329, 8.332223
61684, 0.050371, 7.824210, 0.071168, 11.054822
61685, 0.011437, 3.902989, 0.016155, 5.512978
61686, 0.014422, 7.577218, 0.020361, 10.697491
61687, 0.010765, 4.932602, 0.015195, 6.962168
61688, 0.013559, 5.079134, 0.019149, 7.173262
61689, 0.023158, 5.413542, 0.032687, 7.641180
61690, 0.015024, 7.897578, 0.021195, 11.141905
61691, 0.015081, 6.049723, 0.021273, 8.533409
61692, 0.010744, 5.856696, 0.015158, 8.262276
61693, 0.012369, 4.298591, 0.017423, 6.055017
61694, 0.013252, 7.442068, 0.018682, 10.491672
61695, 0.031087, 6.890283, 0.043817, 9.711654
61696, 0.047599, 8.358198, 0.066978, 11.761096
61697, 0.005336, 1.918842, 0.007517, 2.702831
61698, 0.017315, 8.492810, 0.024383, 11.959898
61699, 0.025622, 8.714189, 0.036072, 12.268369
61700, 0.032384, 8.723615, 0.045597, 12.282929
61701, 0.022186, 9.632011, 0.031205, 13.547660
61702, 0.035714, 9.997086, 0.050216, 14.056418
61703, 0.043453, 8.759002, 0.061059, 12.307886
61704, 0.015126, 10.060819, 0.021260, 14.140846
61705, 0.025655, 8.978492, 0.036038, 12.611829
61706, 0.028667, 7.235118, 0.040256, 10.160009
61707, 0.025696, 8.826957, 0.036058, 12.386109
61708, 0.023605, 6.704696, 0.033099, 9.401073
61709, 0.011243, 4.773095, 0.015761, 6.691512
61710, 0.018343, 4.859388, 0.025721, 6.814012
61711, 0.027029, 6.845428, 0.037877, 9.592917
61712, 0.019030, 7.435201, 0.026658, 10.415738
61713, 0.021700, 8.801123, 0.030390, 12.325318
61714, 0.010018, 5.114864, 0.014027, 7.161833
61715, 0.015624, 5.576188, 0.021852, 7.799156
61716, 0.038324, 7.890033, 0.053629, 11.040886
61717, 0.016520, 6.651765, 0.023097, 9.300218
61718, 0.021208, 4.488355, 0.029638, 6.272471
61719, 0.019282, 4.980916, 0.026943, 6.960070
61720, 0.006066, 3.545239, 0.008451, 4.938746
61721, 0.017737, 5.599866, 0.024755, 7.815659
61722, 0.011507, 7.799466, 0.016059, 10.884825
61723, 0.022873, 6.034090, 0.031887, 8.411988
61724, 0.018512, 6.272265, 0.025808, 8.744569
61725, 0.007417, 4.231013, 0.010328, 5.891540
61726, 0.020673, 6.135989, 0.028797, 8.547329
61727, 0.041962, 7.790873, 0.058439, 10.850018
61728, 0.011110, 7.242253, 0.015467, 10.082318
61729, 0.018490, 6.711512, 0.025724, 9.337473
61730, 0.023692, 8.677201, 0.032941, 12.064399
61731, 0.031615, 5.979649, 0.043954, 8.313589
61732, 0.010009, 4.420066, 0.013901, 6.138395
61733, 0.026969, 8.502282, 0.037456, 11.808451
61734, 0.023434, 7.259587, 0.032509, 10.070937
61735, 0.027286, 6.675358, 0.037852, 9.260164
61736, 0.022767, 5.768941, 0.031562, 7.997572
61737, 0.023905, 8.842096, 0.033124, 12.252354
61738, 0.021469, 9.376594, 0.029726, 12.982764
61739, 0.011186, 5.917171, 0.015487, 8.192273
61740, 0.012339, 6.990822, 0.017084, 9.679540
61741, 0.027125, 7.948830, 0.037525, 10.996455
61742, 0.010355, 4.545760, 0.014326, 6.288959
61743, 0.007395, 2.041063, 0.010224, 2.821876
61744, 0.037531, 5.591798, 0.051894, 7.731762
61745, 0.004073, 4.190223, 0.005628, 5.790135
61746, 0.042450, 5.861502, 0.058691, 8.104079
61747, 0.008391, 4.989029, 0.011591, 6.891162
61748, 0.006537, 4.050941, 0.009024, 5.592031
61749, 0.012328, 3.069931, 0.017023, 4.239127
61750, 0.015632, 7.760022, 0.021584, 10.714526
61751, 0.011272, 5.619326, 0.015554, 7.753706
61752, 0.006541, 3.539565, 0.009020, 4.881042
61753, 0.002000, 1.893290, 0.002759, 2.611562
61754, 0.015288, 3.997341, 0.021074, 5.510402
61755, 0.019934, 3.455352, 0.027461, 4.760142
61756, 0.013625, 4.013811, 0.018764, 5.527888
61757, 0.004066, 2.549793, 0.005600, 3.511509
