NETCARE2015/data/raw/Flight5/SP2_Polar6_20150409_R2_L1.ict
38, 1001
Herber, Andreas; Schulz, Hannes
Alfred Wegener Institute (AWI), Bremerhaven, Germany
rBC mass concentration from SP2 (single particle soot photometer), combined high and low gain channel, size range 75 to 700 nm
NETCARE Polar 6 Campaign 2015
1, 1
2015,04,09, 2017, 09, 07
1
Time_UTC, seconds
4
1, 1, 1, 1, 1
-9999, -9999, -9999, -9999, -9999
BC_mass_concVOL, ug/m3
BC_numb_concVOL, 1/vccm
BC_mass_concSTP, ug/m3STP
BC_numb_concSTP, 1/sccm
0
20
PI_CONTACT_INFO: Address: AWI, Am Handelshafen 12, D-27570 Bremerhaven, email: andreas.herber@awi.de; hannes.schulz@awi.de
PLATFORM: Polar 6
LOCATION: GPS location and altitude available at 1 Hz resolution in separate file
ASSOCIATED_DATA: N/A
INSTRUMENT_INFO: Refractory black carbon aerosol measurements based on laser induced incandescence
DATA_INFO: Units are ug/m3 (volumetric) or ug/m3 STP (NIST standard NTP 20C, 1013.25 hPa; corrected with chamber temperature and pressure)
UNCERTAINTY: +/- 10%, typical intra-model variability of SP2 derived BC mass concentration [Laborde et al., 2012]
ULOD_FLAG: -7777
ULOD_VALUE: N/A
LLOD_FLAG: not masked
LLOD_VALUE: zero ug/m3 (e.g. no particle or particles <0.3 fg per single particle detection)
DM_CONTACT_INFO: Hannes Schulz, see above
PROJECT_INFO: NETCARE Polar 6 aircraft campaign in April 2015
STIPULATIONS_ON_USE: Preliminary data! Use of these data requires prior approval from PI
OTHER_COMMENTS: N/A
REVISION: R2
R2: Preliminary data; calibration: Fullerene Soot, DLR lab 2015/01/20; bad data and zero filter masked as -9999
R1: Preliminary data, updated header information, corrected mass concentration
R0: Preliminary data, initial release
Time_UTC, BC_mass_concVOL, BC_numb_concVOL, BC_mass_concSTP, BC_numb_concSTP
[from data line 7910]
57722, 0.027596, 7.006479, 0.052005, 13.203941
57723, 0.029383, 13.361009, 0.055331, 25.160092
57724, 0.029026, 13.851259, 0.054637, 26.073267
57725, 0.015857, 9.143072, 0.029866, 17.220213
57726, 0.049488, 13.359204, 0.093209, 25.161441
57727, 0.054031, 13.894295, 0.101739, 26.162648
57728, 0.052903, 16.316776, 0.099461, 30.676606
57729, 0.024095, 8.665044, 0.045289, 16.286901
57730, 0.027323, 7.042565, 0.051345, 13.234066
57731, 0.029103, 11.954482, 0.054695, 22.466454
57732, 0.035710, 10.219837, 0.067027, 19.182532
57733, 0.033337, 11.925801, 0.062573, 22.384609
57734, 0.043023, 13.221189, 0.080721, 24.806347
57735, 0.038866, 14.106977, 0.072873, 26.450401
57736, 0.057882, 13.319501, 0.108580, 24.986022
57737, 0.012102, 6.661624, 0.022702, 12.496526
57738, 0.043662, 14.060296, 0.081810, 26.344833
57739, 0.020893, 8.762805, 0.039126, 16.410260
57740, 0.040933, 16.317493, 0.076653, 30.556452
57741, 0.033005, 11.478437, 0.061751, 21.475484
57742, 0.040277, 14.953547, 0.075313, 27.961591
57743, 0.040204, 13.536300, 0.075150, 25.301895
57744, 0.045658, 12.893195, 0.085318, 24.092555
57745, 0.047580, 10.582805, 0.088857, 19.763794
57746, 0.058593, 13.008200, 0.109256, 24.255615
57747, 0.057591, 15.317486, 0.107445, 28.577182
57748, 0.018291, 8.628103, 0.034057, 16.065415
57749, 0.033680, 10.359287, 0.062738, 19.296923
57750, 0.032178, 13.143003, 0.059943, 24.483620
57751, 0.027640, 9.895214, 0.051505, 18.438998
57752, 0.029619, 10.298883, 0.055192, 19.191016
57753, 0.039433, 15.459892, 0.073498, 28.815360
57754, 0.032811, 10.987221, 0.061239, 20.506374
57755, 0.074049, 10.142704, 0.138264, 18.938523
57756, 0.042617, 11.727193, 0.079608, 21.906095
57757, 0.017376, 9.066888, 0.032486, 16.951297
57758, 0.022887, 10.356255, 0.042793, 19.363285
57759, 0.073679, 9.602977, 0.137666, 17.942660
57760, 0.022265, 11.574981, 0.041587, 21.619495
57761, 0.035298, 12.529298, 0.065941, 23.406104
57762, 0.051365, 13.963035, 0.095854, 26.056577
57763, 0.050546, 12.934689, 0.094274, 24.124884
57764, 0.050290, 11.950556, 0.093665, 22.257796
57765, 0.047746, 16.440685, 0.088732, 30.553373
57766, 0.021922, 8.766500, 0.040737, 16.290817
57767, 0.023824, 10.402287, 0.044204, 19.300910
57768, 0.030212, 15.508543, 0.056086, 28.790581
57769, 0.031368, 12.688162, 0.058202, 23.542002
57770, 0.037536, 15.532661, 0.069632, 28.814137
57771, 0.029407, 11.089181, 0.054560, 20.574137
57772, 0.028486, 14.373709, 0.052794, 26.639447
57773, 0.035788, 11.446413, 0.066296, 21.204189
57774, 0.040625, 12.674676, 0.075263, 23.481187
57775, 0.037674, 11.799033, 0.069792, 21.858248
57776, 0.035233, 15.554214, 0.065258, 28.809150
57777, 0.022685, 10.752985, 0.042003, 19.909625
57778, 0.050990, 16.606115, 0.094419, 30.749847
57779, 0.032210, 8.020267, 0.059586, 14.836585
57780, 0.032505, 10.428017, 0.060154, 19.298078
57781, 0.039596, 11.591186, 0.073205, 21.429925
57782, 0.038777, 14.252156, 0.071675, 26.343192
57783, 0.099724, 11.542113, 0.184222, 21.322043
57784, 0.059325, 14.463971, 0.109452, 26.685229
57785, 0.026702, 7.076155, 0.049251, 13.051924
57786, 0.029942, 8.228601, 0.055179, 15.164136
57787, 0.044506, 15.118609, 0.082034, 27.867107
57788, 0.019614, 10.360945, 0.036101, 19.070471
57789, 0.018973, 8.949822, 0.034894, 16.459630
57790, 0.054308, 14.839828, 0.099807, 27.272764
57791, 0.096325, 9.312567, 0.177126, 17.124261
57792, 0.045580, 9.516347, 0.083451, 17.423297
57793, 0.032447, 10.671344, 0.059624, 19.609292
57794, 0.049749, 11.628198, 0.091394, 21.362268
57795, 0.035075, 10.138162, 0.064373, 18.606625
57796, 0.029895, 13.993594, 0.054862, 25.680328
57797, 0.041214, 14.493015, 0.075612, 26.589197
57798, 0.056806, 14.414503, 0.103898, 26.363763
57799, 0.043644, 13.091751, 0.080035, 24.007892
57800, 0.037578, 10.002129, 0.068890, 18.336474
57801, 0.046062, 13.658085, 0.084391, 25.023065
57802, 0.037516, 12.306767, 0.068726, 22.544774
57803, 0.023808, 12.966869, 0.043624, 23.759180
57804, 0.047767, 13.236152, 0.087514, 24.249799
57805, 0.059042, 13.418029, 0.107708, 24.478018
57806, 0.035499, 9.218400, 0.064983, 16.875013
57807, 0.026375, 12.691391, 0.048276, 23.230158
57808, 0.053201, 18.236277, 0.097293, 33.349959
57809, 0.024643, 9.582488, 0.045072, 17.526475
57810, 0.042789, 10.965758, 0.078316, 20.070421
57811, 0.034864, 12.184325, 0.063725, 22.270498
57812, 0.029450, 8.359187, 0.053794, 15.268974
57813, 0.050396, 12.129216, 0.092066, 22.158550
57814, 0.059642, 13.319228, 0.108981, 24.337589
57815, 0.046813, 10.459333, 0.085410, 19.082894
57816, 0.026120, 8.381132, 0.047654, 15.290595
57817, 0.032078, 10.121464, 0.058525, 18.466093
57818, 0.037240, 13.385725, 0.067966, 24.430390
57819, 0.043013, 13.985110, 0.078397, 25.489641
57820, 0.032346, 9.179725, 0.058932, 16.724610
57821, 0.055002, 15.418775, 0.100204, 28.090486
57822, 0.073752, 15.752297, 0.134345, 28.693972
57823, 0.049715, 13.706311, 0.090546, 24.963213
57824, 0.031254, 11.727563, 0.056920, 21.358211
57825, 0.036624, 10.469665, 0.066696, 19.066516
57826, 0.035801, 12.122375, 0.065151, 22.060511
57827, 0.040808, 15.178661, 0.074284, 27.630305
57828, 0.032724, 12.895854, 0.059521, 23.455812
57829, 0.033279, 11.375765, 0.060493, 20.678697
57830, 0.023611, 13.732042, 0.042881, 24.939478
57831, 0.075373, 17.960485, 0.136920, 32.626532
57832, 0.048177, 11.167510, 0.087507, 20.284346
57833, 0.037905, 13.818017, 0.068835, 25.093376
57834, 0.042476, 16.587698, 0.077089, 30.105070
57835, 0.021153, 11.400218, 0.038381, 20.684946
57836, 0.027894, 12.454958, 0.050619, 22.601597
57837, 0.044667, 15.953680, 0.081146, 28.982928
57838, 0.035288, 11.749627, 0.064000, 21.309574
57839, 0.043274, 17.283358, 0.078496, 31.350805
57840, 0.026274, 12.717506, 0.047640, 23.059624
57841, 0.038870, 10.657889, 0.070452, 19.317218
57842, 0.036449, 11.799626, 0.066024, 21.374019
57843, 0.046263, 14.625833, 0.083824, 26.500394
57844, 0.037040, 11.458617, 0.067109, 20.760862
57845, 0.025301, 9.828217, 0.045856, 17.812694
57846, 0.025415, 10.285618, 0.046067, 18.644076
57847, 0.019524, 10.281964, 0.035384, 18.633985
57848, 0.026006, 10.600075, 0.047132, 19.211422
57849, 0.040640, 14.217958, 0.073603, 25.749971
57850, 0.031776, 10.079593, 0.057623, 18.278532
57851, 0.042432, 13.585822, 0.076933, 24.632398
57852, 0.054883, 12.432708, 0.099600, 22.562534
57853, 0.036008, 12.843223, 0.065291, 23.287806
57854, 0.129038, 16.020344, 0.234128, 29.067575
57855, 0.021579, 9.503752, 0.039196, 17.262274
57856, 0.031969, 13.137321, 0.058069, 23.862489
57857, 0.022858, 11.017037, 0.041549, 20.025554
57858, 0.033854, 11.957133, 0.061500, 21.721290
57859, 0.041634, 12.817081, 0.075643, 23.287046
57860, 0.035486, 14.018708, 0.064511, 25.485283
57861, 0.094778, 15.638906, 0.172250, 28.422197
57862, 0.056100, 15.486719, 0.102000, 28.157824
57863, 0.034192, 13.578305, 0.062183, 24.693935
57864, 0.038592, 17.623049, 0.070176, 32.045640
57865, 0.031460, 11.238086, 0.057128, 20.407058
57866, 0.057070, 15.116123, 0.103566, 27.431420
57867, 0.079638, 14.017597, 0.144374, 25.412243
57868, 0.036325, 13.529791, 0.065826, 24.517815
57869, 0.042390, 10.276142, 0.076831, 18.625228
57870, 0.113300, 17.657534, 0.205265, 31.990034
57871, 0.035206, 16.054733, 0.063784, 29.087206
57872, 0.044614, 11.074764, 0.080783, 20.053139
57873, 0.031610, 9.615703, 0.057198, 17.399667
57874, 0.033043, 10.306495, 0.059838, 18.664274
57875, 0.034418, 12.546214, 0.062296, 22.708043
57876, 0.049953, 14.149357, 0.090447, 25.619481
57877, 0.030702, 10.589355, 0.055559, 19.162692
57878, 0.037860, 15.162904, 0.068455, 27.416383
57879, 0.016406, 7.987616, 0.029682, 14.451709
57880, 0.036447, 12.620336, 0.065994, 22.851490
57881, 0.046339, 11.819632, 0.083864, 21.391250
57882, 0.045293, 14.916654, 0.081936, 26.984306
57883, 0.047825, 15.354168, 0.086543, 27.784274
57884, 0.026331, 13.539420, 0.047660, 24.506792
57885, 0.031480, 11.952853, 0.056974, 21.632667
57886, 0.018077, 8.395003, 0.032710, 15.190606
57887, 0.033141, 9.003951, 0.059970, 16.292918
57888, 0.025188, 11.350661, 0.045605, 20.551155
57889, 0.036039, 9.642742, 0.065251, 17.458850
57890, 0.070967, 13.363702, 0.128408, 24.180422
57891, 0.023384, 10.511997, 0.042362, 19.043513
57892, 0.023752, 10.413509, 0.043004, 18.854476
57893, 0.011321, 6.489252, 0.020940, 12.003063
57894, 0.052328, 12.478904, 0.096735, 23.069072
57895, 0.023514, 9.626928, 0.043460, 17.793238
57896, 0.018705, 9.917566, 0.034610, 18.350104
57897, 0.027392, 9.074967, 0.050672, 16.787749
57898, 0.111114, 15.659225, 0.205597, 28.974664
57899, 0.043244, 13.104021, 0.079990, 24.239091
57900, 0.028932, 13.672994, 0.053553, 25.308087
57901, 0.030072, 13.196888, 0.055693, 24.440157
57902, 0.028087, 7.779352, 0.051989, 14.399414
57903, 0.033583, 12.667995, 0.062129, 23.435681
57904, 0.046571, 18.036875, 0.086228, 33.395555
57905, 0.029653, 10.216023, 0.054893, 18.911544
57906, 0.022147, 10.257635, 0.040992, 18.986226
57907, 0.049320, 11.497164, 0.091331, 21.290512
57908, 0.028215, 15.840310, 0.052229, 29.322449
57909, 0.020608, 9.855162, 0.038138, 18.238271
57910, 0.076384, 15.071052, 0.141427, 27.904288
57911, 0.022670, 10.562155, 0.041974, 19.555609
57912, 0.047453, 14.689339, 0.087900, 27.209785
57913, 0.034811, 9.922480, 0.064461, 18.374140
57914, 0.037040, 12.582927, 0.068614, 23.308871
57915, 0.033472, 16.158918, 0.061947, 29.905477
57916, 0.023848, 12.710735, 0.044160, 23.536340
57917, 0.022186, 11.861905, 0.041096, 21.971884
57918, 0.044554, 15.943286, 0.082541, 29.536483
57919, 0.021730, 8.856151, 0.040258, 16.407578
57920, 0.093183, 10.722297, 0.172724, 19.874818
57921, 0.028761, 10.121769, 0.053326, 18.766657
57922, 0.038095, 14.894802, 0.070599, 27.603546
57923, 0.022783, 11.065450, 0.042257, 20.524229
57924, 0.063112, 16.622971, 0.117051, 30.830129
57925, 0.037585, 8.523817, 0.069744, 15.817273
57926, 0.038628, 13.141593, 0.071693, 24.390344
57927, 0.029847, 12.243185, 0.055407, 22.727899
57928, 0.032896, 10.801749, 0.061014, 20.034537
57929, 0.029578, 12.778732, 0.054826, 23.687165
57930, 0.022424, 10.427086, 0.041590, 19.338996
57931, 0.028421, 10.349093, 0.052751, 19.208745
57932, 0.053029, 15.699777, 0.098298, 29.102303
57933, 0.025395, 9.414112, 0.047066, 17.447637
57934, 0.050027, 15.797355, 0.092821, 29.310702
57935, 0.020687, 8.158236, 0.038361, 15.127969
57936, 0.055857, 13.590274, 0.103498, 25.181447
57937, 0.019308, 7.166493, 0.035794, 13.285611
57938, 0.034853, 12.939896, 0.064644, 24.000168
57939, 0.020764, 11.481330, 0.038518, 21.298332
57940, 0.038079, 12.437853, 0.070604, 23.061564
57941, 0.037862, 13.673961, 0.070224, 25.361670
57942, 0.065141, 13.424836, 0.120877, 24.911532
57943, 0.028383, 10.492810, 0.052678, 19.474280
57944, 0.097947, 11.929614, 0.181079, 22.054722
57945, 0.031271, 10.866268, 0.058022, 20.162135
57946, 0.027098, 10.513030, 0.050273, 19.504288
57947, 0.042697, 9.382676, 0.079198, 17.403930
57948, 0.049276, 12.035658, 0.091355, 22.313271
57949, 0.040315, 14.922628, 0.074677, 27.641917
57950, 0.053041, 16.569715, 0.098240, 30.689570
57951, 0.035078, 13.566592, 0.064957, 25.122663
57952, 0.021159, 10.271041, 0.039123, 18.991238
57953, 0.015857, 10.969121, 0.029344, 20.298732
57954, 0.039554, 13.637320, 0.073178, 25.230250
57955, 0.029743, 11.639109, 0.055055, 21.544141
57956, 0.061126, 12.453496, 0.113114, 23.045391
57957, 0.024134, 9.185510, 0.044690, 17.008884
57958, 0.038224, 10.508942, 0.070656, 19.425401
57959, 0.036726, 12.431079, 0.067951, 23.000007
57960, 0.032907, 15.612901, 0.060897, 28.893439
57961, 0.025885, 10.991876, 0.047895, 20.338059
57962, 0.046834, 10.847753, 0.086665, 20.073675
57963, 0.027341, 10.332599, 0.050614, 19.128141
57964, 0.125118, 14.624619, 0.231461, 27.054766
57965, 0.038612, 9.918346, 0.071465, 18.357260
57966, 0.038664, 15.236176, 0.071594, 28.212952
57967, 0.020927, 10.419989, 0.038721, 19.280518
57968, 0.023461, 10.009213, 0.043412, 18.520808
57969, 0.033139, 10.441054, 0.061331, 19.323692
57970, 0.042438, 8.590220, 0.078548, 15.899408
57971, 0.030994, 10.058753, 0.057429, 18.638129
57972, 0.032745, 11.021412, 0.060585, 20.391814
57973, 0.028855, 13.555288, 0.053384, 25.078208
57974, 0.036488, 10.004013, 0.067523, 18.513078
57975, 0.047645, 10.423075, 0.088152, 19.284604
57976, 0.035800, 15.217200, 0.066250, 28.160225
57977, 0.047117, 14.487447, 0.087214, 26.816716
57978, 0.015669, 8.118335, 0.028991, 15.020837
57979, 0.033914, 14.597840, 0.062766, 27.016828
57980, 0.037125, 11.769880, 0.068738, 21.791878
57981, 0.015207, 8.022444, 0.028149, 14.849452
57982, 0.038943, 15.681978, 0.072055, 29.016317
57983, 0.030393, 7.632887, 0.056273, 14.132395
57984, 0.046116, 18.463707, 0.085012, 34.036796
57985, 0.194715, 10.216473, 0.360355, 18.907430
57986, 0.044704, 11.893698, 0.082732, 22.011221
57987, 0.037205, 11.861913, 0.068854, 21.952614
57988, 0.032872, 11.497571, 0.060871, 21.290543
57989, 0.052461, 10.557623, 0.097086, 19.538404
57990, 0.035974, 14.214352, 0.066556, 26.298040
57991, 0.026487, 9.120761, 0.048970, 16.863087
57992, 0.032074, 11.242196, 0.059306, 20.787321
57993, 0.037675, 11.615371, 0.069654, 21.474658
57994, 0.030970, 8.615925, 0.057275, 15.934223
57995, 0.042668, 15.625010, 0.078915, 28.899143
57996, 0.026121, 9.216986, 0.048357, 17.062870
57997, 0.047088, 16.543839, 0.086832, 30.507441
57998, 0.041020, 13.564902, 0.075936, 25.111090
57999, 0.040300, 15.016610, 0.074635, 27.810340
58000, 0.033957, 12.505322, 0.062889, 23.160038
58001, 0.032865, 10.296977, 0.060855, 19.066726
58002, 0.008726, 7.124620, 0.016163, 13.196274
58003, 0.049030, 16.358295, 0.090876, 30.319795
58004, 0.048203, 13.789602, 0.089330, 25.555016
58005, 0.029910, 10.732765, 0.055405, 19.881006
58006, 0.061426, 10.871108, 0.113850, 20.148999
58007, 0.013589, 7.000941, 0.025123, 12.943138
58008, 0.027145, 14.093208, 0.050260, 26.094537
58009, 0.030740, 12.724082, 0.056937, 23.568104
58010, 0.034685, 14.461345, 0.064253, 26.788755
58011, 0.041133, 13.567430, 0.076193, 25.131842
58012, 0.023286, 9.602652, 0.043155, 17.796133
58013, 0.040076, 9.444619, 0.074255, 17.499594
58014, 0.036049, 14.420624, 0.066778, 26.713059
58015, 0.039365, 13.634201, 0.072661, 25.165966
58016, 0.039047, 12.513153, 0.072308, 23.172333
58017, 0.025218, 11.064116, 0.046689, 20.484688
58018, 0.025254, 10.306401, 0.046748, 19.078012
58019, 0.036413, 17.454470, 0.067444, 32.328981
58020, 0.039804, 14.363795, 0.073700, 26.595256
58021, 0.018655, 10.657660, 0.034560, 19.744292
58022, 0.024716, 12.686389, 0.045648, 23.430822
58023, 0.033885, 14.507823, 0.062723, 26.854932
58024, 0.030652, 10.581097, 0.056753, 19.591431
58025, 0.032571, 11.090995, 0.060312, 20.537669
58026, 0.032012, 14.802821, 0.059266, 27.405553
58027, 0.025474, 9.822854, 0.047178, 18.192068
58028, 0.047816, 19.618887, 0.088601, 36.353039
58029, 0.046506, 16.197044, 0.086082, 29.980806
58030, 0.030658, 8.278974, 0.056777, 15.332124
58031, 0.027842, 12.492821, 0.051588, 23.147931
58032, 0.038712, 12.926809, 0.071690, 23.938829
58033, 0.038180, 18.644917, 0.070712, 34.531985
58034, 0.026199, 9.555605, 0.048550, 17.707778
58035, 0.049502, 12.907684, 0.091778, 23.931183
58036, 0.039740, 13.998822, 0.073597, 25.924914
58037, 0.035713, 11.175825, 0.066191, 20.713503
58038, 0.028229, 9.463533, 0.052285, 17.528024
58039, 0.042112, 14.043080, 0.078005, 26.012247
58040, 0.042129, 12.999593, 0.078077, 24.091756
58041, 0.037667, 11.942392, 0.069821, 22.136872
58042, 0.029855, 11.749115, 0.055402, 21.803143
58043, 0.110522, 9.985606, 0.205081, 18.528971
58044, 0.040374, 12.914573, 0.074674, 23.886041
58045, 0.038374, 13.883392, 0.071136, 25.736136
58046, 0.029223, 12.729268, 0.054219, 23.617634
58047, 0.045558, 13.605591, 0.084394, 25.203700
58048, 0.049607, 13.451489, 0.091794, 24.890977
58049, 0.038431, 10.193951, 0.071137, 18.869300
58050, 0.044548, 13.917139, 0.082314, 25.715510
58051, 0.039356, 14.121023, 0.072766, 26.108771
58052, 0.014584, 7.040827, 0.026956, 13.013476
58053, 0.049825, 13.963445, 0.092020, 25.788726
58054, 0.022826, 10.079319, 0.042153, 18.613216
58055, 0.029686, 11.457598, 0.054775, 21.141347
