data/raw/Flight6/AIMMS_POLAR6_20150411_R1_NETCARE.ict
57, 1001
Aliabadi, Amir A.
University of Guelph
AIMMS20 - 1 Hz data from the processed output file 04111557.txt
Polar 6 NETCARE
1, 1
2015, 04, 11, 2015, 06, 26
1
TimeWave, seconds
24
1, 1, 1, 1, 1, 1, 1, 1, 1, 1, 1, 1, 1, 1, 1, 1, 1, 1, 1, 1, 1, 1, 1, 1
-9999, -9999, -9999, -9999, -9999, -9999, -9999, -9999, -9999, -9999, -9999, -9999, -9999, -9999, -9999, -9999, -9999, -9999, -9999, -9999, -9999, -9999, -9999, -9999
Time_Hr, hr UTC
Temp, deg C
RH, 0-1
BP, pa
WSN, m/s
WSE, m/s
Lat, deg
Lon, deg
Alt, m
SProbN, m/s
SProbE, m/s
SProbD, m/s
Roll, deg
Pitch, deg
Heading, deg
TAS, m/s
WSD, m/s
SideslipAngle, deg
AOA, deg
SideslipDiff, none
SysStatFlag, none
WS, m/s
WSW, m/s
WD, deg
1
Values for certain parameters near the beginning and end of the data block may be 0 as the instrument may not have been recording during these start and end timestamps
18
PI_CONTACT_INFO: Address: University of Guelph; aliabadi@uoguelph.ca
PLATFORM: Polar 6 - sampling around the aircraft
LOCATION: Location data varies as seen in this file
ASSOCIATED_DATA: 04111557.r??
INSTRUMENT_INFO: AIMMS20, Avantech, www.aventech.com
DATA_INFO: none
UNCERTAINTY: Contact manufacturer, Aventech
ULOD_FLAG: -7777
ULOD_VALUE: N/A
LLOD_FLAG: -8888
LLOD_VALUE: N/A
DM_CONTACT_INFO: Amir A. Aliabadi; University of Guelph; aliabadi@uoguelph.ca
PROJECT_INFO: Polar 6 NETCARE Spring 2015 campaign
STIPULATIONS_ON_USE: N/A
OTHER_COMMENTS: N/A
REVISION: R1
R1: corrected for start/stop times
TimeWave,Time_Hr,Temp,RH,BP,WSN,WSE,Lat,Lon,Alt,SProbN,SProbE,SProbD,Roll,Pitch,Heading,TAS,WSD,SideslipAngle,AOA,SideslipDiff,SysStatFlag,WS,WSW,WD
[from data line 17560]
75008,20.835508,-30.940001,0.73089999,98946,0.43000001,-0.88999999,80.470123,-88.974136,80.5,-60.869999,19.77,0.17,1.29,1.89,161.73,64.790001,0,-0.31,1.32765,-0.37316999,0.49992999,0.98843312,0,115.78733
75009,20.835785,-30.98,0.72850001,99070,-0.25999999,-0.34999999,80.469566,-88.973068,80.5,-60.610001,19.84,-0.090000004,0.70999998,1.66,161.32001,63.639999,0.25999999,0.19,1.38247,-0.2163,0.46765,0.43600458,-0.25999999,53.392925
75010,20.836063,-31.01,0.72939998,99009,0.13,-0.60000002,80.469032,-88.972,80.5,-60.380001,19.99,0.47999999,0.43000001,1.35,161.62,63.82,0.41999999,-0.40000001,1.3710099,-0.32607999,0.47479999,0.61392182,-0.41999999,102.22512
75011,20.836342,-30.98,0.7281,99107,-0.44,-0.30000001,80.468491,-88.970917,79.5,-60.220001,19.969999,0.56999999,0.44,1.46,161.89999,63.139999,0.73000002,-0.62,1.37608,-0.35321999,0.47242001,0.5325411,-0.73000002,34.286877
75012,20.836618,-31.02,0.72899997,99023,0.14,-0.31999999,80.467949,-88.969841,79.5,-60.09,19.93,0.38,0.56999999,1.55,161.75,63.59,-0.31999999,-0.31,1.3212301,-0.38345999,0.50369,0.34928498,0.31999999,113.62938
75013,20.836897,-31.030001,0.72839999,99116,-0.38999999,-0.12,80.467407,-88.968773,78.5,-59.900002,20.049999,0.33000001,0.5,1.38,161.47,62.830002,0.28,-0.18000001,1.36481,-0.30050999,0.47806999,0.4080441,-0.28,17.10273
75014,20.837173,-31.08,0.72930002,99093,0.82999998,-0.01,80.466881,-88.967682,78.5,-59.73,20.129999,0.11,0.81,1.4,161.69,63.77,-0.079999998,-0.07,1.35939,-0.29010001,0.48113999,0.83006024,0.079999998,179.30972
75015,20.837452,-31.07,0.72839999,99147,0.19,0.41999999,80.466339,-88.966599,78.5,-59.57,20.09,0.039999999,1.58,1.39,162.17999,62.849998,0.57999998,-0.37,1.39342,-0.28942001,0.46171999,0.4609772,-0.57999998,245.65891
75016,20.83773,-31.08,0.73100001,98988,2.24,0.2,80.465813,-88.965523,78.5,-59.41,19.940001,0.38999999,1.67,1.53,162.64,64.650002,0.28999999,-0.34999999,1.35489,-0.34074,0.48409,2.2489109,-0.28999999,185.10217
75017,20.838007,-31.040001,0.72890002,99123,1.26,0.60000002,80.465271,-88.964447,78,-59.259998,19.709999,-0.28,1.6799999,1.91,162.96001,63.450001,-0.029999999,-0.44,1.35116,-0.35997999,0.48642001,1.3955644,0.029999999,205.46335
75018,20.838285,-31.040001,0.73140001,98978,3.0599999,0.64999998,80.464752,-88.963387,78.5,-59.049999,19.5,-0.73000002,1.8,1.9299999,163.14999,64.879997,-0.57999998,0.01,1.33723,-0.30924001,0.49408001,3.1282742,0.57999998,191.99242
75019,20.838562,-31.01,0.73030001,99051,2.55,0.38,80.464218,-88.962349,79,-58.810001,19.23,-0.72000003,2.51,2.03,163.39999,64.150002,0.23999999,-0.43000001,1.3814,-0.31593001,0.46882999,2.5781581,-0.23999999,188.47581
75020,20.83884,-31.02,0.72909999,99122,1.67,0.23999999,80.463692,-88.961319,80,-58.599998,18.799999,-0.70999998,3.1300001,2.4200001,163.72,63.07,0.66000003,-0.76999998,1.38868,-0.35806,0.46568999,1.6871573,-0.66000003,188.17813
75021,20.839119,-31.049999,0.73000002,99008,2.6400001,0.37,80.463173,-88.96032,81,-58.419998,18.389999,-0.79000002,2.7,2.77,163.75,63.669998,0.34,-0.11,1.34632,-0.31588,0.48881999,2.665802,-0.34,187.97812
75022,20.839396,-31.08,0.7299,98981,3.05,0.58999997,80.462646,-88.959328,82,-58.279999,18.18,-1.4299999,2.4000001,3.1700001,163.77,63.790001,-0.61000001,0.33000001,1.3020999,-0.31020001,0.51468003,3.1065414,0.61000001,190.94823
75023,20.839674,-31.049999,0.72850001,99070,2.0999999,0.97000003,80.46212,-88.958351,83,-58.240002,18.040001,-1.71,2.6900001,3.5799999,164.23,62.630001,0.41,0.059999999,1.34084,-0.2974,0.49195999,2.3132012,-0.41,204.79243
75024,20.839951,-31.030001,0.7274,99128,1.21,1.15,80.461601,-88.95739,85,-58.209999,17.67,-2.49,2.99,4.3699999,164.97,61.639999,0.37,-0.41999999,1.35207,-0.35626999,0.48587,1.6693113,-0.37,223.54364
75025,20.840229,-31.02,0.72829998,99058,2.3,1.26,80.461082,-88.956451,88,-58.09,17.32,-3.6600001,2.3900001,5.0700002,165.34,62.57,-0.079999998,-0.17,1.3329999,-0.34411001,0.49665999,2.6225178,0.079999998,208.71507
75026,20.840508,-31.040001,0.72930002,98907,2.97,0.79000002,80.460564,-88.955521,92,-57.889999,16.799999,-4.1999998,3.51,5.5,165.5,63.080002,-0.44999999,-0.11,1.33026,-0.33846,0.49822,3.073272,0.44999999,194.89539
75027,20.840784,-31.01,0.727,98999,1.4400001,0.72000003,80.460037,-88.95462,96.5,-57.610001,16.49,-4.25,2.4000001,5.6100001,165.3,61.330002,0.83999997,-0.22,1.41819,-0.22984999,0.44699001,1.609969,-0.83999997,206.56505
75028,20.841063,-31.059999,0.72860003,98821,2.8499999,1.0700001,80.459534,-88.953743,101,-57.299999,16.34,-4.1399999,2.0799999,5.8600001,165.62,62.110001,0.02,0.20999999,1.33069,-0.28769001,0.49790999,3.0442405,-0.02,200.57808
75029,20.841339,-31.08,0.7277,98727,2.73,0.83999997,80.459007,-88.952873,105,-57,16.07,-4.5100002,2.1199999,6.0599999,166.02,61.740002,-0.47,-0.23999999,1.30828,-0.38997999,0.51117003,2.8563087,0.47,197.10272
75030,20.841618,-31.07,0.72729999,98714,2.5799999,1.16,80.458511,-88.952011,109.5,-56.700001,15.9,-4.4400001,1.51,6.0100002,166.14,61.209999,-0.16,-0.050000001,1.34088,-0.31459999,0.49197,2.8287807,0.16,204.20927
75031,20.841896,-31.129999,0.72799999,98556,3.5,1.01,80.458,-88.951157,113.5,-56.389999,15.91,-4.3000002,0.94,5.98,166.38,61.77,-0.54000002,-0.31,1.29827,-0.4163,0.51710999,3.6428149,0.54000002,196.09663
75032,20.842173,-31.09,0.72729999,98603,2.5999999,0.82999998,80.457489,-88.950302,118,-56.16,15.77,-3.9100001,0.95999998,5.6199999,166.42999,60.830002,0.22,-0.66000003,1.34708,-0.40092,0.48930001,2.7292671,-0.22,197.70468
75033,20.842451,-31.110001,0.72619998,98604,2.1199999,0.77999997,80.456993,-88.949463,122,-55.950001,15.67,-3.74,1.3099999,5.7199998,165.94,60.169998,0.039999999,-0.27000001,1.32191,-0.37647,0.50325,2.2589376,-0.039999999,200.19981
75034,20.842728,-31.08,0.7256,98598,1.95,0.67000002,80.45649,-88.948624,125.5,-55.630001,15.74,-3.5599999,0.91000003,5.6100001,165.58,59.610001,0.34999999,-0.20999999,1.33964,-0.3409,0.49281001,2.0618923,-0.34999999,198.96219
75035,20.843006,-31.049999,0.72530001,98585,1.54,0.94999999,80.456001,-88.947769,129,-55.349998,15.77,-3.23,0.88999999,5.3899999,165.89999,58.830002,0.55000001,-0.47,1.34918,-0.36796999,0.48763999,1.8094474,-0.55000001,211.66974
75036,20.843283,-31.02,0.7263,98520,1.97,0.69999999,80.455498,-88.946922,132,-55.130001,15.66,-3.0699999,1.33,5.3200002,166.3,59.110001,0.54000002,-0.93000001,1.33445,-0.46180001,0.49735999,2.0906699,-0.54000002,199.56165
75037,20.843561,-31.01,0.72829998,98321,3.77,0.81,80.455009,-88.946091,135,-54.959999,15.44,-2.8900001,1.52,5.3200002,166.28,60.650002,-0.28,-0.19,1.2663701,-0.44253001,0.53565001,3.8560343,0.28,192.12589
75038,20.84384,-30.98,0.72579998,98419,2.28,0.31999999,80.454521,-88.945259,138,-54.740002,15.35,-2.99,0.81999999,5.4200001,165.89999,59.119999,0.34,-0.63999999,1.31811,-0.43895999,0.50607002,2.3023467,-0.34,187.98933
75039,20.844116,-31.01,0.72390002,98486,1.13,0.44999999,80.454033,-88.944443,141,-54.490002,15.33,-2.9100001,0.87,5.4299998,165.58,57.759998,0.72000003,-0.52999997,1.34041,-0.39008,0.49287,1.2163059,-0.72000003,201.71393
75040,20.844395,-31.129999,0.72689998,98278,3.4300001,0.34999999,80.453537,-88.943611,144,-54.279999,15.34,-2.9100001,0.75,5.4000001,165.28,59.709999,-0.15000001,0.19,1.27397,-0.37237999,0.53108001,3.4478109,0.15000001,185.82634
75041,20.844671,-31.139999,0.72640002,98266,3.47,1.01,80.453049,-88.942787,146.5,-54.080002,15.46,-2.6900001,0.56999999,5.0100002,165.36,59.32,-0.01,0.56999999,1.29592,-0.28147,0.51849002,3.6140006,0.01,196.2285
75042,20.84495,-31.1,0.72680002,98202,3.3099999,0.56,80.452568,-88.941963,149,-54.029999,15.49,-2.3199999,0.83999997,4.8000002,166.03999,59.189999,-0.2,-0.58999997,1.26864,-0.50261998,0.53479999,3.3570373,0.2,189.60262
75043,20.845228,-31.15,0.72640002,98203,3.1199999,0.75999999,80.45208,-88.941132,151.5,-54.119999,15.36,-2.3800001,1.34,4.8400002,166.31,59.110001,-0.2,-0.55000001,1.27177,-0.49225,0.53290999,3.2112303,0.2,193.69005
75044,20.845505,-31.139999,0.72610003,98242,1.9299999,0.64999998,80.451599,-88.940308,154,-54.200001,15.25,-2.2,1.67,4.6999998,166.10001,58.07,0.11,-0.61000001,1.30084,-0.45877999,0.51604998,2.0365167,-0.11,198.61288
75045,20.845783,-31.129999,0.72759998,98109,2.97,0.22,80.451111,-88.939491,156,-54.349998,15.18,-1.73,1.5,4.1700001,165.97,59.259998,-0.14,-0.52999997,1.29054,-0.46175,0.52192998,2.978137,0.14,184.23639
75046,20.84606,-31.110001,0.72619998,98162,1.89,0.95999998,80.45063,-88.938667,157.5,-54.560001,15.18,-1.21,1.62,3.9300001,165.96001,58.240002,0.41,-0.029999999,1.30206,-0.36735001,0.51467001,2.1198349,-0.41,206.92767
75047,20.846338,-31.120001,0.72719997,98090,2.1700001,0.74000001,80.450142,-88.937859,159,-54.790001,15.22,-0.85000002,1.58,3.76,165.96001,58.759998,0.07,-0.15000001,1.27045,-0.43024001,0.53323001,2.292706,-0.07,198.83008
75048,20.846617,-31.09,0.72710001,98141,1.46,1.21,80.449654,-88.937042,159.5,-55.009998,15.25,-0.86000001,1.53,3.8599999,166.03999,58.18,0.41999999,0.059999999,1.28554,-0.37566,0.52430999,1.8962332,-0.41999999,219.65082
75049,20.846893,-31,0.72659999,98234,0.34999999,0.99000001,80.44915,-88.936234,160.5,-55.220001,15.26,-1.08,1.42,3.8699999,166.03999,57.400002,0.73000002,-0.38,1.32726,-0.38611999,0.50027001,1.0500476,-0.73000002,250.52969
75050,20.847172,-30.959999,0.72570002,98218,0.1,0.88999999,80.448662,-88.935402,161.5,-55.43,15.35,-1.2,0.98000002,3.75,165.94,57.400002,0.47,-0.50999999,1.33013,-0.40103,0.49880001,0.89560032,-0.47,263.58917
75051,20.847448,-30.940001,0.72710001,98136,0.97000003,1.17,80.448158,-88.934578,163,-55.630001,15.53,-1.24,0.56,3.49,165.89,58.389999,0.13,-0.11,1.3209,-0.35247999,0.50369,1.5198026,-0.13,230.33923
75052,20.847727,-30.9,0.72850001,98105,0.91000003,1.1900001,80.447662,-88.933739,164,-55.84,15.76,-0.87,0.31,3.1900001,166.13,58.549999,0.40000001,-0.50999999,1.33494,-0.39515999,0.49601999,1.4980655,-0.40000001,232.59465
75053,20.848005,-30.91,0.73019999,97958,2.28,1.66,80.447159,-88.932892,164.5,-56.080002,15.92,-0.79000002,0.33000001,3.3900001,166.41,60.040001,-0.12,-0.13,1.26982,-0.42842001,0.53359002,2.8202837,0.12,216.05725
75054,20.848282,-30.85,0.73079997,97918,2.5,1.26,80.446663,-88.93203,166,-56.279999,15.97,-1.25,0.82999998,3.8399999,166.63,60.599998,-0.38,-0.63,1.24787,-0.53942001,0.54698998,2.7995713,0.38,206.74811
75055,20.84856,-30.809999,0.73000002,97947,2.0599999,1.3099999,80.446152,-88.931183,167,-56.48,15.87,-1.77,1.33,4.0599999,166.41,60.43,-0.47999999,-0.31,1.26898,-0.45783001,0.53422999,2.4412496,0.47999999,212.45319
75056,20.848837,-30.77,0.7317,97878,2.5799999,1.4299999,80.445641,-88.930328,169,-56.630001,15.93,-2,1.15,4.1399999,166.02,60.98,-0.69,0.28,1.26834,-0.36631,0.53439999,2.9497964,0.69,208.998
75057,20.849115,-30.709999,0.73199999,97907,1.48,1.46,80.445137,-88.929466,171,-56.779999,15.99,-2.0699999,1.22,4.1700001,166.37,59.98,-0.31,-0.31999999,1.28844,-0.43206999,0.52287,2.0789421,0.31,224.61024
75058,20.849394,-30.709999,0.7317,97825,1.89,1.54,80.444633,-88.928619,173,-56.970001,15.82,-2.23,1.86,4.3499999,166.82001,60.599998,-0.37,-0.37,1.27882,-0.45411,0.52855003,2.4379704,0.37,219.17366
75059,20.84967,-30.700001,0.73280001,97759,2.26,1.38,80.444122,-88.92778,175.5,-57.119999,15.67,-2.28,1.88,4.5799999,166.77,61.09,-0.46000001,-0.2,1.26543,-0.44642001,0.53621,2.6480181,0.46000001,211.40906
75060,20.849949,-30.58,0.73009998,97976,-1.03,1.39,80.443611,-88.926941,178,-57.23,15.53,-2.6300001,1.87,4.9000001,166.92999,58.009998,0.49000001,-0.99000001,1.34246,-0.45866999,0.49293,1.7300289,-0.49000001,306.5387
75061,20.850225,-30.49,0.73470002,97842,0.34999999,2.1800001,80.443092,-88.926109,180.5,-57.290001,15.47,-2.8199999,1.49,5.1399999,167.11,59.189999,0.059999999,-0.029999999,1.3098201,-0.35605001,0.51012999,2.2079177,-0.059999999,260.87897
75062,20.850504,-30.299999,0.74290001,97621,2.1199999,1.85,80.442581,-88.925278,183,-57.299999,15.43,-2.9200001,1.1,5.29,167.33,60.959999,-0.63999999,-0.14,1.2436399,-0.46798,0.54891998,2.8136985,0.63999999,221.1093
75063,20.850782,-30.08,0.74559999,97703,0.82999998,2.0599999,80.44207,-88.924454,186,-57.279999,15.41,-3.21,1.17,5.4200001,167.33,59.709999,-0.30000001,-0.20999999,1.28058,-0.42583999,0.52736002,2.2209232,0.30000001,248.05487
75064,20.851059,-29.889999,0.74629998,97755,0.07,2.7,80.441559,-88.923622,190,-57.259998,15.42,-3.26,1.28,5.1599998,167.28,58.799999,-0.30000001,0.27000001,1.3156199,-0.30055001,0.50673997,2.7009072,0.30000001,268.51489
75065,20.851337,-29.780001,0.74650002,97680,0.22,2.7,80.44104,-88.922798,193,-57.330002,15.48,-2.8900001,0.98000002,4.6700001,167.39,59.009998,-0.20999999,0.12,1.32259,-0.31329,0.50263,2.7089481,0.20999999,265.34174
75066,20.851614,-29.66,0.74479997,97654,-0.050000001,2.4300001,80.440529,-88.921967,195,-57.459999,15.56,-2.27,0.81999999,4.4099998,167.53,58.919998,0.41,-0.38,1.3445801,-0.36050001,0.49015999,2.4305143,-0.41,271.17877
75067,20.851892,-29.549999,0.74250001,97603,-0.43000001,2.5,80.44001,-88.921127,197.5,-57.59,15.54,-2.1099999,0.85000002,4.6900001,167.62,58.73,0.16,-0.43000001,1.29202,-0.44389001,0.52091002,2.5367105,-0.16,279.75937
75068,20.852171,-29.48,0.74650002,97436,1.7,2.54,80.439499,-88.920303,200,-57.639999,15.55,-2.3800001,1.1799999,5.1100001,167.25,60.830002,-0.43000001,0.46000001,1.24231,-0.37648001,0.54969001,3.0564032,0.43000001,236.20595
75069,20.852448,-29.43,0.74419999,97487,0.87,2.8399999,80.43898,-88.919456,202,-57.619999,15.67,-2.78,0.92000002,5.3699999,167.02,59.939999,-0.19,0.64999998,1.26329,-0.31514001,0.53760999,2.9702692,0.19,252.96819
75070,20.852726,-29.34,0.74089998,97522,-0.33000001,2.9200001,80.438461,-88.918617,205,-57.630001,15.73,-2.8699999,1.15,5.2199998,167.14999,58.73,-0.059999999,0.28999999,1.29538,-0.32587999,0.51858997,2.9385881,0.059999999,276.44785
75071,20.853003,-29.26,0.7403,97430,-0.079999998,2.55,80.43795,-88.917778,208,-57.720001,15.74,-2.5899999,1.1799999,4.8200002,167.22,59.200001,-0.23,-0.050000001,1.2884099,-0.38958001,0.52266997,2.5512545,0.23,271.79694
75072,20.853281,-29.16,0.73979998,97386,-0.050000001,2.6800001,80.437431,-88.916939,210,-57.849998,15.78,-2.03,0.49000001,4.4200001,167.08,59.299999,-0.2,0.17,1.29365,-0.34788001,0.51956999,2.6804664,0.2,271.06882
75073,20.853559,-29.07,0.73790002,97389,-0.63999999,2.6400001,80.436913,-88.916077,212,-57.990002,16,-1.48,0.25999999,4.0500002,166.78999,58.959999,0.44999999,0.1,1.30957,-0.33559,0.51024997,2.7164683,-0.44999999,283.62698
75074,20.853836,-29.059999,0.73830003,97341,-0.07,2.52,80.436394,-88.915222,213.5,-58.18,16.25,-1.33,-0.16,3.96,166.63,59.740002,-0.17,0.07,1.28253,-0.3793,0.52607,2.520972,0.17,271.59113
75075,20.854115,-28.98,0.7367,97350,-0.50999999,2.8499999,80.43586,-88.914337,215,-58.310001,16.629999,-1.53,-0.55000001,4.0300002,166.41,59.490002,0.059999999,0.16,1.28315,-0.36392,0.52570999,2.895272,-0.059999999,280.14554
75076,20.854391,-28.879999,0.73509997,97355,-1.3,2.99,80.435341,-88.913452,216.5,-58.450001,16.84,-1.72,0.51999998,4.1500001,166.45,58.84,0.18000001,-0.059999999,1.2852499,-0.39489999,0.52451998,3.2603834,-0.18000001,293.49857
75077,20.85467,-28.77,0.73379999,97405,-2.0699999,2,80.434822,-88.912552,218.5,-58.689999,16.809999,-1.38,1.66,4.1199999,166.61,58.57,0.94,-1.21,1.3277,-0.51538002,0.50217003,2.8783503,-0.94,315.98532
75078,20.854946,-28.67,0.73250002,97361,-1.73,3.1600001,80.434288,-88.911652,219.5,-58.889999,16.68,-1.46,1.46,4.1100001,166.39999,58.790001,0.31,0.34999999,1.31547,-0.28775001,0.50687999,3.6025686,-0.31,298.69931
75079,20.855225,-28.76,0.73339999,97280,-1.0599999,2.3699999,80.433762,-88.910759,221,-59.07,16.719999,-1.59,1.4400001,4.0700002,166.34,59.75,-0.02,-0.17,1.29249,-0.40235999,0.52035999,2.5962472,0.02,294.09692
75080,20.855503,-28.700001,0.7324,97296,-1.97,2.0699999,80.433228,-88.909859,222.5,-59.259998,16.75,-1.48,0.81,3.95,166.42999,59.16,0.67000002,-0.77999997,1.34454,-0.42296001,0.49107999,2.8575864,-0.67000002,313.58209
