data/raw/Flight6/AIMMS_POLAR6_20150411_R1_NETCARE.ict
57, 1001
Aliabadi, Amir A.
University of Guelph
AIMMS20 - 1 Hz data from the processed output file 04111557.txt
Polar 6 NETCARE
1, 1
2015, 04, 11, 2015, 06, 26
1
TimeWave, seconds
24
1, 1, 1, 1, 1, 1, 1, 1, 1, 1, 1, 1, 1, 1, 1, 1, 1, 1, 1, 1, 1, 1, 1, 1
-9999, -9999, -9999, -9999, -9999, -9999, -9999, -9999, -9999, -9999, -9999, -9999, -9999, -9999, -9999, -9999, -9999, -9999, -9999, -9999, -9999, -9999, -9999, -9999
Time_Hr, hr UTC
Temp, deg C
RH, 0-1
BP, pa
WSN, m/s
WSE, m/s
Lat, deg
Lon, deg
Alt, m
SProbN, m/s
SProbE, m/s
SProbD, m/s
Roll, deg
Pitch, deg
Heading, deg
TAS, m/s
WSD, m/s
SideslipAngle, deg
AOA, deg
SideslipDiff, none
SysStatFlag, none
WS, m/s
WSW, m/s
WD, deg
1
Values for certain parameters near the beginning and end of the data block may be 0 as the instrument may not have been recording during these start and end timestamps
18
PI_CONTACT_INFO: Address: University of Guelph; aliabadi@uoguelph.ca
PLATFORM: Polar 6 - sampling around the aircraft
LOCATION: Location data varies as seen in this file
ASSOCIATED_DATA: 04111557.r??
INSTRUMENT_INFO: AIMMS20, Avantech, www.aventech.com
DATA_INFO: none
UNCERTAINTY: Contact manufacturer, Aventech
ULOD_FLAG: -7777
ULOD_VALUE: N/A
LLOD_FLAG: -8888
LLOD_VALUE: N/A
DM_CONTACT_INFO: Amir A. Aliabadi; University of Guelph; aliabadi@uoguelph.ca
PROJECT_INFO: Polar 6 NETCARE Spring 2015 campaign
STIPULATIONS_ON_USE: N/A
OTHER_COMMENTS: N/A
REVISION: R1
R1: corrected for start/stop times
TimeWave,Time_Hr,Temp,RH,BP,WSN,WSE,Lat,Lon,Alt,SProbN,SProbE,SProbD,Roll,Pitch,Heading,TAS,WSD,SideslipAngle,AOA,SideslipDiff,SysStatFlag,WS,WSW,WD
[from data line 8457]
65905,18.307049,-28.33,0.45469999,68365,-4.4200001,-3.1800001,80.969208,-90.468071,2719.5,36.040001,-68.5,0.56,0.88999999,2.04,301.60999,76.879997,-0.46000001,0.20999999,1.27746,-0.36469001,0.52903998,5.4450712,0.46000001,35.733395
65906,18.307327,-28.309999,0.4544,68370,-4.2800002,-3.26,80.969543,-90.47197,2719.5,36.029999,-68.540001,0.58999997,0.14,1.95,301.19,76.790001,-0.41999999,0.50999999,1.28514,-0.30632001,0.52472001,5.3801489,0.41999999,37.295879
65907,18.307606,-28.290001,0.45390001,68397,-4.2199998,-3.3199999,80.969856,-90.475883,2718.5,35.889999,-68.669998,0.69999999,-0.57999998,1.89,300.92999,76.720001,-0.38999999,0.56999999,1.28332,-0.29892001,0.52583998,5.369432,0.38999999,38.193188
65908,18.307882,-28.299999,0.45410001,68384,-4.4000001,-3.1800001,80.970177,-90.47979,2718,35.66,-68.870003,0.73000002,-1.15,1.84,300.89999,76.919998,-0.44,0.43000001,1.27968,-0.32714,0.52784002,5.4288487,0.44,35.856667
65909,18.308161,-28.299999,0.45390001,68387,-4.3299999,-3.3599999,80.970497,-90.483719,2717,35.439999,-69.080002,0.82999998,-1.34,1.8,300.88,76.849998,-0.31,0.23,1.2806,-0.35626,0.52721,5.4807386,0.31,37.810802
65910,18.308437,-28.280001,0.45379999,68379,-4.3699999,-3.24,80.970818,-90.487663,2716.5,35.23,-69.279999,0.86000001,-1.3200001,1.76,300.64001,77.059998,-0.37,0.25,1.27863,-0.35617,0.52837002,5.4400826,0.37,36.553932
65911,18.308716,-28.27,0.45379999,68397,-4.4099998,-3.27,80.97113,-90.491623,2716,34.98,-69.5,0.88,-1.3200001,1.75,300.32999,77.110001,-0.41999999,0.34999999,1.27757,-0.34279001,0.52903003,5.4900818,0.41999999,36.556808
65912,18.308994,-28.27,0.4535,68393,-4.3600001,-3.28,80.971443,-90.495583,2715,34.75,-69.699997,0.87,-1.11,1.88,300.17001,77.120003,-0.31999999,0.27000001,1.27018,-0.36531001,0.53332001,5.4560061,0.31999999,36.953907
65913,18.309271,-28.24,0.4531,68440,-4.3099999,-3.3499999,80.971764,-90.49955,2714.5,34.529999,-69.839996,0.40000001,-0.83999997,2.4000001,300.01001,77.029999,-0.33000001,0.23,1.25691,-0.39113,0.54106998,5.4588094,0.33000001,37.856571
65914,18.309549,-28.24,0.45359999,68398,-4.6399999,-2.9400001,80.972061,-90.50354,2714,34.299999,-69.900002,-0.11,-0.57999998,2.8099999,299.94,77.470001,-0.44,0.20999999,1.24919,-0.40584001,0.54558003,5.4930139,0.44,32.359196
65915,18.309826,-28.24,0.45300001,68411,-4.52,-3.1900001,80.972366,-90.507523,2714.5,34.119999,-69.860001,-0.56,-0.38,3.0599999,299.85999,77.099998,-0.41,0.22,1.25958,-0.38885999,0.53951001,5.5323143,0.41,35.212616
65916,18.310104,-28.219999,0.45249999,68428,-4.3499999,-3.3299999,80.972679,-90.511497,2715.5,33.93,-69.809998,-0.58999997,-0.31999999,2.9200001,299.53,76.769997,-0.28999999,0.38999999,1.27917,-0.33364001,0.52811998,5.4782662,0.28999999,37.434677
65917,18.310383,-28.23,0.45190001,68425,-4.1700001,-3.4100001,80.972977,-90.51548,2715.5,33.689999,-69.82,-0.44999999,-0.44999999,2.8399999,299.17001,76.489998,-0.18000001,0.50999999,1.28308,-0.31007999,0.52591002,5.3867431,0.18000001,39.274441
65918,18.310659,-28.219999,0.45159999,68422,-4.21,-3.3299999,80.973282,-90.519463,2716.5,33.400002,-69.839996,-0.43000001,-0.61000001,2.9200001,299.10001,76.379997,-0.28,0.36000001,1.2721699,-0.34908,0.53218001,5.367774,0.28,38.343075
65919,18.310938,-28.209999,0.45120001,68431,-4.3899999,-3.3099999,80.973579,-90.523438,2716.5,33.169998,-69.82,-0.56,-0.43000001,3.1700001,299.32999,76.370003,-0.25,0.1,1.25822,-0.40882,0.54030001,5.4980178,0.25,37.015793
65920,18.311214,-28.200001,0.45089999,68410,-4.4099998,-3.1700001,80.973877,-90.527412,2717.5,33.029999,-69.709999,-0.88999999,0.02,3.4200001,299.32999,76.349998,-0.31999999,0.039999999,1.25385,-0.42535001,0.54286999,5.4311142,0.31999999,35.70937
65921,18.311493,-28.219999,0.45109999,68396,-4.4699998,-2.99,80.974167,-90.53138,2718.5,32.889999,-69.550003,-1.16,0.31,3.6500001,299.07999,76.379997,-0.40000001,0.23999999,1.25021,-0.39871001,0.54499,5.3778248,0.40000001,33.778717
65922,18.311771,-28.190001,0.4501,68417,-4.29,-3.22,80.974472,-90.535347,2719.5,32.700001,-69.400002,-1.28,0.25,3.6900001,298.79001,75.860001,-0.31,0.43000001,1.26018,-0.35545999,0.53922999,5.3640003,0.31,36.891262
65923,18.312048,-28.190001,0.4499,68393,-4.4400001,-3.1099999,80.974762,-90.539299,2721.5,32.5,-69.279999,-1.1900001,0.12,3.5,298.73001,75.779999,-0.34999999,0.44999999,1.26669,-0.34276,0.53544003,5.4208579,0.34999999,35.009338
65924,18.312326,-28.190001,0.44890001,68402,-4.2399998,-3.49,80.97506,-90.543243,2722.5,32.32,-69.190002,-0.91000003,0.18000001,3.3099999,298.88,75.169998,-0.27000001,0.23,1.26881,-0.37402001,0.53411001,5.4916024,0.27000001,39.458248
65925,18.312603,-28.190001,0.4488,68381,-4.2600002,-3.4200001,80.975349,-90.547188,2723.5,32.240002,-69.080002,-0.72000003,0.43000001,3.26,298.95999,75.139999,-0.31,0.13,1.25894,-0.40389001,0.53987002,5.4629664,0.31,38.758083
65926,18.312881,-28.18,0.44859999,68400,-4.1700001,-3.3800001,80.975639,-90.551117,2724,32.169998,-69,-0.56999999,0.47,3.1800001,298.59,75.089996,-0.28,0.41,1.26029,-0.35716999,0.53916001,5.3678021,0.28,39.02655
65927,18.313158,-28.18,0.44800001,68406,-4.1799998,-3.3499999,80.975922,-90.555061,2724.5,32,-68.970001,-0.43000001,0.36000001,3.04,298.25,74.959999,-0.25999999,0.63999999,1.26209,-0.31944999,0.53829002,5.3567619,0.25999999,38.709923
65928,18.313437,-28.18,0.4479,68379,-4.3699999,-3.1400001,80.976212,-90.55899,2724.5,31.84,-68.959999,-0.27000001,0.44,2.99,298.26999,75.059998,-0.28,0.56999999,1.25369,-0.34283,0.54312003,5.3811245,0.28,35.698589
65929,18.313715,-28.190001,0.44760001,68380,-4.3499999,-3.3299999,80.976486,-90.56292,2725,31.76,-68.93,-0.23999999,0.66000003,3.01,298.60999,74.830002,-0.28999999,0.25,1.2511801,-0.39521,0.54442,5.4782662,0.28999999,37.434677
65930,18.313992,-28.190001,0.44769999,68381,-4.54,-3.1900001,80.976784,-90.566849,2725.5,31.76,-68.830002,-0.31,0.99000001,3.1600001,298.84,75.019997,-0.25999999,0.15000001,1.2463599,-0.41824999,0.54724002,5.5486665,0.25999999,35.093533
65931,18.31427,-28.200001,0.44749999,68377,-4.5799999,-3.01,80.977074,-90.57077,2726,31.780001,-68.699997,-0.43000001,1.04,3.26,298.73001,75.139999,-0.30000001,0.30000001,1.24572,-0.39651,0.54763001,5.4805565,0.30000001,33.313126
65932,18.314547,-28.209999,0.447,68396,-4.5799999,-3.02,80.977348,-90.574692,2726,31.709999,-68.599998,-0.47,0.75999999,3.26,298.39999,75,-0.28,0.60000002,1.25174,-0.33994001,0.54429001,5.4860549,0.28,33.400406
65933,18.314825,-28.209999,0.44690001,68381,-4.6500001,-2.99,80.977631,-90.578598,2726.5,31.540001,-68.559998,-0.5,0.31,3.29,298.29999,74.879997,-0.28,0.61000001,1.25086,-0.33959001,0.54482001,5.5283451,0.28,32.741451
65934,18.315104,-28.219999,0.44690001,68379,-4.9000001,-2.9200001,80.977921,-90.582512,2727.5,31.35,-68.540001,-0.49000001,0.029999999,3.28,298.47,74.93,-0.31,0.44,1.24798,-0.37079,0.54637003,5.7040687,0.31,30.791491
65935,18.31538,-28.23,0.4465,68368,-4.8699999,-2.97,80.978203,-90.586418,2727.5,31.190001,-68.519997,-0.38999999,0.029999999,3.1400001,298.67001,74.800003,-0.23999999,0.14,1.25482,-0.40718001,0.54228002,5.7041912,0.23999999,31.37719
65936,18.315659,-28.24,0.4465,68340,-4.98,-2.8,80.978477,-90.590317,2728.5,31.1,-68.489998,-0.18000001,0.22,2.9400001,298.60999,74.970001,-0.25999999,0.17,1.25537,-0.40182,0.54197001,5.7131777,0.25999999,29.346827
65937,18.315935,-28.26,0.44620001,68367,-4.9200001,-2.74,80.97876,-90.594231,2728.5,31,-68.489998,0.029999999,0.31,2.79,298.31,74.959999,-0.30000001,0.34999999,1.25468,-0.37522,0.54241002,5.6315184,0.30000001,29.113895
65938,18.316214,-28.290001,0.44600001,68361,-4.8699999,-2.77,80.979027,-90.598137,2728.5,30.860001,-68.540001,0.19,0.25,2.6800001,298.14001,74.849998,-0.27000001,0.38999999,1.25387,-0.37033001,0.54290003,5.6026602,0.27000001,29.630722
65939,18.316492,-28.299999,0.44600001,68372,-4.8499999,-2.6800001,80.979309,-90.602051,2728,30.77,-68.580002,0.25999999,0.31999999,2.7,298.31,74.870003,-0.25999999,0.1,1.24818,-0.42361,0.54617,5.5412002,0.25999999,28.924046
65940,18.316769,-28.32,0.44620001,68360,-5.0100002,-2.49,80.979591,-90.605957,2727.5,30.76,-68.57,0.15000001,0.67000002,2.79,298.45999,75.169998,-0.38999999,0.01,1.23905,-0.45159999,0.55154002,5.5946584,0.38999999,26.42765
65941,18.317047,-28.33,0.4456,68368,-4.7800002,-2.53,80.979858,-90.609871,2727.5,30.799999,-68.519997,0.079999998,1.01,2.8199999,298.28,75.010002,-0.34999999,0.1,1.24411,-0.42899999,0.54856002,5.4082623,0.34999999,27.891762
65942,18.317324,-28.35,0.44569999,68365,-4.6799998,-2.51,80.980141,-90.613777,2727.5,30.809999,-68.480003,0.07,1.05,2.78,297.98001,74.93,-0.33000001,0.36000001,1.25037,-0.37998,0.54492998,5.3106027,0.33000001,28.205763
65943,18.317602,-28.360001,0.44530001,68370,-4.7800002,-2.46,80.980423,-90.617691,2727.5,30.77,-68.470001,0.11,0.92000002,2.6700001,297.85001,74.989998,-0.44,0.50999999,1.25087,-0.35608,0.54471999,5.3758721,0.44,27.232359
65944,18.317881,-28.360001,0.44499999,68372,-4.8099999,-2.53,80.98069,-90.62159,2727.5,30.73,-68.5,0.25,0.81999999,2.52,298,74.889999,-0.43000001,0.36000001,1.25279,-0.37665999,0.54351997,5.4347954,0.43000001,27.743811
65945,18.318157,-28.370001,0.44490001,68377,-4.8299999,-2.6400001,80.980972,-90.625504,2727.5,30.75,-68.519997,0.37,0.91000003,2.4100001,298.14999,74.849998,-0.47,0.27000001,1.25128,-0.39196,0.54437,5.5044074,0.47,28.660305
65946,18.318436,-28.379999,0.44459999,68361,-4.8499999,-2.72,80.981239,-90.62941,2727,30.799999,-68.550003,0.47,1.04,2.3,298.22,74.879997,-0.52999997,0.27000001,1.25076,-0.39376,0.54466999,5.5606565,0.52999997,29.284788
65947,18.318712,-28.370001,0.4447,68389,-4.8200002,-2.75,80.981522,-90.633324,2726.5,30.85,-68.589996,0.5,1.08,2.27,298.16,74.900002,-0.61000001,0.34999999,1.24699,-0.38676,0.54689997,5.5493155,0.61000001,29.706461
65948,18.318991,-28.360001,0.44420001,68390,-4.79,-2.8699999,80.981796,-90.637238,2726.5,30.870001,-68.650002,0.56999999,1.02,2.25,298.03,74.839996,-0.56999999,0.49000001,1.24911,-0.36138001,0.54574001,5.5839949,0.56999999,30.928562
65949,18.319269,-28.360001,0.44400001,68394,-4.77,-2.9400001,80.982071,-90.641159,2725.5,30.879999,-68.720001,0.63999999,1,2.1900001,298.10001,74.800003,-0.5,0.41,1.25125,-0.37000999,0.54444999,5.6032581,0.5,31.647696
65950,18.319546,-28.360001,0.44409999,68403,-4.9299998,-2.8699999,80.982353,-90.645081,2724.5,30.92,-68.779999,0.73000002,1.05,2.1900001,298.23999,75.010002,-0.5,0.37,1.24612,-0.38449001,0.54742002,5.7045417,0.5,30.20583
65951,18.319824,-28.360001,0.44389999,68394,-4.9299998,-2.8399999,80.982628,-90.64901,2724.5,30.98,-68.809998,0.64999998,1.22,2.3800001,298.35001,75.129997,-0.44,0.28,1.23853,-0.40974,0.55182999,5.6895075,0.44,29.944735
65952,18.320101,-28.34,0.4436,68422,-4.79,-2.97,80.98291,-90.652939,2723.5,31.049999,-68.790001,0.33000001,1.36,2.6900001,298.34,74.989998,-0.37,0.31,1.2376699,-0.40661001,0.55233997,5.6360445,0.37,31.800642
65953,18.320379,-28.34,0.44369999,68431,-4.7800002,-2.8900001,80.983177,-90.65686,2723.5,31.1,-68.739998,0.029999999,1.37,2.8900001,298.23999,75.010002,-0.37,0.41999999,1.24213,-0.38235,0.54978001,5.585741,0.37,31.157263
65954,18.320658,-28.35,0.44330001,68410,-4.75,-2.75,80.983467,-90.660782,2723.5,31.1,-68.68,-0.07,1.33,2.8399999,298.19,75.040001,-0.41999999,0.41,1.25021,-0.37184,0.54505002,5.4886246,0.41999999,30.068583
65955,18.320934,-28.360001,0.4434,68408,-4.77,-2.48,80.983749,-90.664703,2723.5,31.120001,-68.629997,0.079999998,1.3,2.7,298.35999,75.199997,-0.31999999,0.19,1.25481,-0.40042999,0.54228997,5.3761787,0.31999999,27.47065
65956,18.321213,-28.360001,0.44299999,68424,-4.7399998,-2.9000001,80.984016,-90.668617,2723.5,31.200001,-68.550003,0.13,1.4400001,2.6700001,298.41,74.870003,-0.40000001,0.38,1.25462,-0.37134999,0.54245001,5.5567613,0.40000001,31.458895
65957,18.321489,-28.379999,0.44319999,68402,-4.7800002,-2.52,80.984306,-90.672531,2723.5,31.24,-68.510002,0.1,1.36,2.6900001,298.20001,75.220001,-0.60000002,0.5,1.24382,-0.36754,0.54882997,5.4035916,0.60000002,27.798046
65958,18.321768,-28.389999,0.44299999,68406,-4.6300001,-2.5,80.984581,-90.67643,2723.5,31.23,-68.5,0.1,1.0700001,2.6400001,298.07001,75.099998,-0.46000001,0.5,1.2519701,-0.35515001,0.54407001,5.2618341,0.46000001,28.36713
65959,18.322046,-28.379999,0.44279999,68428,-4.6199999,-2.55,80.984863,-90.680351,2723.5,31.190001,-68.510002,0.13,0.94999999,2.6300001,298.20001,75.029999,-0.47,0.34999999,1.24915,-0.38354999,0.54563999,5.2770162,0.47,28.896416
65960,18.322323,-28.389999,0.44279999,68417,-4.8299999,-2.5699999,80.985153,-90.684258,2723,31.200001,-68.510002,0.1,1.04,2.6199999,298.45001,75.089996,-0.56999999,0.25999999,1.2442501,-0.4048,0.54847997,5.471179,0.56999999,28.017046
65961,18.322601,-28.370001,0.44240001,68415,-4.77,-2.5599999,80.985428,-90.688171,2723,31.280001,-68.459999,0.12,1.3,2.5599999,298.67001,75.120003,-0.67000002,0.090000004,1.24395,-0.43198001,0.54865003,5.413548,0.67000002,28.221905
65962,18.322878,-28.379999,0.44229999,68414,-4.6500001,-2.6900001,80.98571,-90.692078,2723,31.35,-68.43,0.16,1.24,2.5799999,298.42001,75.010002,-0.61000001,0.36000001,1.2479,-0.38416001,0.54637003,5.3720202,0.61000001,30.04915
65963,18.323156,-28.360001,0.44209999,68419,-4.5799999,-2.74,80.985992,-90.695976,2723,31.33,-68.440002,0.1,0.87,2.5999999,298.01001,74.919998,-0.66000003,0.69999999,1.2485501,-0.32982001,0.54624999,5.3370404,0.66000003,30.890112
65964,18.323433,-28.35,0.44159999,68434,-4.5700002,-2.79,80.986267,-90.69989,2723,31.190001,-68.5,0,0.50999999,2.76,297.82999,74.82,-0.56999999,0.75,1.24209,-0.33054999,0.55006999,5.3543444,0.56999999,31.404202
65965,18.323711,-28.34,0.44139999,68450,-4.5500002,-2.8,80.986549,-90.703796,2723,31.040001,-68.57,-0.090000004,0.37,2.79,298.04999,74.739998,-0.63,0.40000001,1.24264,-0.38519999,0.54947001,5.3425183,0.63,31.6075
65966,18.32399,-28.34,0.44139999,68430,-4.54,-2.8800001,80.986816,-90.707718,2723,30.99,-68.57,-0.079999998,0.58999997,2.8,298.29999,74.650002,-0.55000001,0.14,1.24349,-0.42392001,0.54891998,5.37643,0.55000001,32.389458
65967,18.324266,-28.33,0.4409,68419,-4.4499998,-2.96,80.987106,-90.711632,2723,30.98,-68.550003,-0.059999999,0.85000002,2.8,298.20999,74.599998,-0.56999999,0.20999999,1.24326,-0.41341001,0.54904997,5.3445392,0.56999999,33.630604
65968,18.324545,-28.34,0.4413,68412,-4.54,-2.75,80.987381,-90.715553,2723,30.93,-68.550003,-0.02,0.77999997,2.8299999,297.85001,74.809998,-0.5,0.51999998,1.2433701,-0.36454001,0.54911,5.3079281,0.5,31.204416
65969,18.324821,-28.33,0.44060001,68434,-4.4200001,-2.8900001,80.987663,-90.71946,2723,30.809999,-68.589996,0.02,0.50999999,2.8,297.60001,74.540001,-0.47,0.63,1.24757,-0.34106001,0.54675001,5.2809563,0.47,33.178513
65970,18.3251,-28.32,0.44069999,68421,-4.5100002,-2.8099999,80.98793,-90.723381,2723,30.67,-68.650002,0.1,0.38999999,2.72,297.73001,74.629997,-0.43000001,0.41,1.2453099,-0.37876001,0.54790998,5.3137746,0.43000001,31.925375
65971,18.325378,-28.33,0.44069999,68428,-4.4899998,-2.77,80.988213,-90.727303,2723,30.610001,-68.669998,0.20999999,0.52999997,2.76,297.84,74.690002,-0.34,0.23999999,1.24115,-0.41233999,0.55028999,5.2756987,0.34,31.671537
65972,18.325655,-28.33,0.44060001,68426,-4.4699998,-2.74,80.98848,-90.731216,2723,30.549999,-68.68,0.13,0.63,2.8499999,297.67001,74.720001,-0.38,0.34,1.23955,-0.39831999,0.55124998,5.2429476,0.38,31.507273
65973,18.325933,-28.34,0.44049999,68439,-4.4400001,-2.6199999,80.988762,-90.735153,2723,30.450001,-68.68,0.059999999,0.56,2.9200001,297.39999,74.75,-0.36000001,0.47,1.24185,-0.37437001,0.54996997,5.1553855,0.36000001,30.544432
65974,18.32621,-28.34,0.4404,68429,-4.4099998,-2.52,80.989029,-90.739067,2723,30.32,-68.709999,-0.029999999,0.38999999,2.97,297.25,74.75,-0.36000001,0.46000001,1.24211,-0.37527001,0.54980999,5.0792222,0.36000001,29.744883
65975,18.326488,-28.360001,0.44049999,68427,-4.4299998,-2.49,80.989304,-90.742989,2723,30.18,-68.720001,-0.11,0.33000001,3.03,297.25,74.730003,-0.44,0.36000001,1.23678,-0.39974999,0.55287999,5.08183,0.44,29.339329
