data/raw/Flight6/AIMMS_POLAR6_20150411_R1_NETCARE.ict
57, 1001
Aliabadi, Amir A.
University of Guelph
AIMMS20 - 1 Hz data from the processed output file 04111557.txt
Polar 6 NETCARE
1, 1
2015, 04, 11, 2015, 06, 26
1
TimeWave, seconds
24
1, 1, 1, 1, 1, 1, 1, 1, 1, 1, 1, 1, 1, 1, 1, 1, 1, 1, 1, 1, 1, 1, 1, 1
-9999, -9999, -9999, -9999, -9999, -9999, -9999, -9999, -9999, -9999, -9999, -9999, -9999, -9999, -9999, -9999, -9999, -9999, -9999, -9999, -9999, -9999, -9999, -9999
Time_Hr, hr UTC
Temp, deg C
RH, 0-1
BP, pa
WSN, m/s
WSE, m/s
Lat, deg
Lon, deg
Alt, m
SProbN, m/s
SProbE, m/s
SProbD, m/s
Roll, deg
Pitch, deg
Heading, deg
TAS, m/s
WSD, m/s
SideslipAngle, deg
AOA, deg
SideslipDiff, none
SysStatFlag, none
WS, m/s
WSW, m/s
WD, deg
1
Values for certain parameters near the beginning and end of the data block may be 0 as the instrument may not have been recording during these start and end timestamps
18
PI_CONTACT_INFO: Address: University of Guelph; aliabadi@uoguelph.ca
PLATFORM: Polar 6 - sampling around the aircraft
LOCATION: Location data varies as seen in this file
ASSOCIATED_DATA: 04111557.r??
INSTRUMENT_INFO: AIMMS20, Avantech, www.aventech.com
DATA_INFO: none
UNCERTAINTY: Contact manufacturer, Aventech
ULOD_FLAG: -7777
ULOD_VALUE: N/A
LLOD_FLAG: -8888
LLOD_VALUE: N/A
DM_CONTACT_INFO: Amir A. Aliabadi; University of Guelph; aliabadi@uoguelph.ca
PROJECT_INFO: Polar 6 NETCARE Spring 2015 campaign
STIPULATIONS_ON_USE: N/A
OTHER_COMMENTS: N/A
REVISION: R1
R1: corrected for start/stop times
TimeWave,Time_Hr,Temp,RH,BP,WSN,WSE,Lat,Lon,Alt,SProbN,SProbE,SProbD,Roll,Pitch,Heading,TAS,WSD,SideslipAngle,AOA,SideslipDiff,SysStatFlag,WS,WSW,WD
[from data line 8241]
65689,18.247066,-28.91,0.48649999,68233,-3.6400001,-2.5,80.908073,-89.602882,2744,32.869999,-67.970001,-0.14,0.62,2.78,298.91,74.970001,-0.19,0.27000001,1.27273,-0.36201,0.53182,4.4158354,0.19,34.481792
65690,18.247345,-28.91,0.4862,68243,-3.6600001,-2.6800001,80.908363,-89.60672,2744.5,32.84,-67.989998,-0.079999998,0.46000001,2.72,298.92001,74.82,-0.22,0.30000001,1.26989,-0.36197999,0.53349,4.5362983,0.22,36.213097
65691,18.247622,-28.92,0.4858,68248,-3.74,-2.8199999,80.908653,-89.610573,2744.5,32.84,-68.019997,-0.12,0.54000002,2.76,299.13,74.730003,-0.22,0.19,1.26586,-0.38453001,0.53583002,4.6840153,0.22,37.016682
65692,18.2479,-28.91,0.48609999,68234,-4.0300002,-2.6900001,80.908951,-89.614418,2744.5,32.830002,-68.019997,-0.27000001,0.64999998,2.8199999,299.29001,74.980003,-0.28999999,0.17,1.26732,-0.38479999,0.53496999,4.8453074,0.28999999,33.722862
65693,18.248177,-28.9,0.4862,68218,-4.0599999,-2.73,80.909241,-89.618271,2744.5,32.880001,-67.980003,-0.22,0.81999999,2.8299999,299.42001,75,-0.23999999,0.13,1.2662899,-0.39308,0.53557003,4.8924942,0.23999999,33.917431
65694,18.248455,-28.889999,0.48550001,68240,-3.72,-2.8,80.909538,-89.622124,2744.5,32.919998,-67.949997,-0.25999999,0.63999999,2.8499999,299.16,74.82,-0.25,0.22,1.26806,-0.37650001,0.53455001,4.6560068,0.25,36.968342
65695,18.248732,-28.870001,0.48539999,68224,-3.5699999,-2.6199999,80.909843,-89.625961,2745.5,32.869999,-67.970001,-0.38,0.33000001,2.8900001,298.73001,74.879997,-0.38,0.43000001,1.26841,-0.34358001,0.53442001,4.4282389,0.38,36.274704
65696,18.24901,-28.870001,0.48559999,68234,-3.6900001,-2.6099999,80.910133,-89.629807,2745.5,32.720001,-68.019997,-0.37,0.02,2.9300001,298.59,74.860001,-0.22,0.51999998,1.26956,-0.32787001,0.53381002,4.5197568,0.22,35.272419
65697,18.249289,-28.85,0.48519999,68230,-3.8199999,-2.54,80.910423,-89.633659,2746,32.580002,-68.07,-0.46000001,-0.01,3,298.76999,74.919998,-0.38,0.28,1.26087,-0.37692001,0.53877002,4.5873737,0.38,33.620785
65698,18.249565,-28.84,0.48480001,68213,-3.99,-2.52,80.910713,-89.63752,2746.5,32.509998,-68.080002,-0.56,0.20999999,3,298.98999,75.010002,-0.38999999,0.13,1.26276,-0.39851999,0.53763998,4.7191629,0.38999999,32.275642
65699,18.249844,-28.82,0.4844,68210,-3.9300001,-2.7,80.911011,-89.641373,2747,32.490002,-68.059998,-0.44999999,0.34,2.9000001,299.04001,74.849998,-0.34999999,0.1,1.26898,-0.39359,0.53399998,4.7681131,0.34999999,34.489956
65700,18.25012,-28.799999,0.48449999,68207,-3.8800001,-2.8599999,80.911301,-89.645218,2747.5,32.459999,-68.080002,-0.36000001,0.38,2.79,298.95999,74.669998,-0.36000001,0.18000001,1.2697901,-0.37953001,0.53353,4.8201661,0.36000001,36.394424
65701,18.250399,-28.790001,0.4842,68208,-4.0300002,-2.8599999,80.911591,-89.649078,2747.5,32.43,-68.110001,-0.23999999,0.41,2.79,298.92999,74.739998,-0.36000001,0.28,1.2655801,-0.3705,0.53601003,4.9417105,0.36000001,35.362461
65702,18.250677,-28.75,0.48379999,68211,-4.0500002,-2.9100001,80.91188,-89.652931,2748,32.400002,-68.129997,-0.23999999,0.47,2.9000001,298.98001,74.690002,-0.33000001,0.23999999,1.2596101,-0.38541001,0.53948998,4.9870434,0.33000001,35.697945
65703,18.250954,-28.75,0.48359999,68203,-3.97,-2.9200001,80.91217,-89.656792,2748.5,32.369999,-68.129997,-0.38999999,0.51999998,3.0599999,299.06,74.639999,-0.25999999,0.1,1.258,-0.40965,0.54043001,4.9282146,0.25999999,36.335091
65704,18.251232,-28.719999,0.4835,68195,-4.0300002,-2.77,80.91246,-89.660637,2748.5,32.369999,-68.080002,-0.47,0.70999998,3.1600001,299.10999,74.760002,-0.2,0.059999999,1.25846,-0.41519001,0.54016,4.8901739,0.2,34.502487
65705,18.251509,-28.73,0.4833,68203,-4.1100001,-2.8699999,80.912758,-89.664497,2749.5,32.380001,-68.029999,-0.57999998,0.64999998,3.1700001,299.03,74.709999,-0.28,0.25,1.26161,-0.38065001,0.53832,5.0128837,0.28,34.926472
65706,18.251787,-28.709999,0.48300001,68198,-4.0599999,-2.8900001,80.913048,-89.66835,2749.5,32.32,-68,-0.63999999,0.41,3.24,298.82999,74.589996,-0.30000001,0.38999999,1.26249,-0.35839999,0.53785998,4.9835429,0.30000001,35.444122
65707,18.252066,-28.709999,0.48289999,68200,-4.25,-3.0999999,80.913338,-89.672203,2750.5,32.169998,-68.019997,-0.47999999,0.039999999,3.0699999,298.76999,74.419998,-0.14,0.52999997,1.27324,-0.32047001,0.53167999,5.2604656,0.14,36.107449
65708,18.252342,-28.690001,0.48269999,68175,-4.4000001,-3.04,80.91362,-89.676064,2751,32.02,-68.089996,-0.28,-0.22,2.98,298.92999,74.5,-0.16,0.31,1.2661099,-0.36554,0.53570002,5.3480463,0.16,34.640945
65709,18.252621,-28.68,0.4826,68173,-4.4899998,-3.1199999,80.91391,-89.679909,2751,31.889999,-68.139999,-0.34,-0.13,3.0799999,299.13,74.480003,-0.27000001,0.1,1.2535,-0.41624999,0.54306,5.467586,0.27000001,34.794567
65710,18.252897,-28.65,0.48199999,68171,-4.4099998,-3.1700001,80.9142,-89.683769,2751.5,31.83,-68.150002,-0.37,0.02,3.1099999,299.10999,74.43,-0.18000001,0.029999999,1.25583,-0.42311999,0.54171002,5.4311142,0.18000001,35.70937
65711,18.253176,-28.639999,0.48179999,68178,-4.3099999,-3.1700001,80.914482,-89.68763,2752,31.77,-68.160004,-0.41999999,0.28,3.1099999,298.95999,74.349998,-0.30000001,0.090000004,1.25459,-0.41543001,0.54242003,5.3502336,0.30000001,36.334438
65712,18.253454,-28.629999,0.4815,68188,-4.2199998,-3.24,80.914772,-89.69149,2752.5,31.73,-68.169998,-0.43000001,0.37,3.1099999,298.84,74.239998,-0.31,0.16,1.2565,-0.40296999,0.5413,5.3203382,0.31,37.516064
65713,18.253731,-28.620001,0.48140001,68162,-4.27,-3.1600001,80.915047,-89.695351,2752.5,31.68,-68.169998,-0.37,0.46000001,2.97,298.79999,74.309998,-0.31,0.17,1.26115,-0.39429,0.53858,5.312109,0.31,36.503178
65714,18.254009,-28.620001,0.48109999,68156,-4.3600001,-3.0799999,80.915337,-89.699211,2753.5,31.68,-68.190002,-0.17,0.58999997,2.75,298.84,74.410004,-0.31999999,0.15000001,1.26521,-0.39120999,0.53619999,5.3381643,0.31999999,35.238224
65715,18.254286,-28.610001,0.4808,68151,-4.25,-3.1900001,80.915619,-89.703072,2753.5,31.75,-68.209999,0.090000004,0.81999999,2.5699999,298.88,74.32,-0.23999999,0.14,1.26739,-0.39006001,0.53492999,5.3140006,0.23999999,36.89146
65716,18.254564,-28.610001,0.4806,68165,-4.25,-3.21,80.915909,-89.706932,2753,31.83,-68.230003,0.31999999,1,2.5,298.89999,74.360001,-0.14,0.18000001,1.26502,-0.38742,0.53631002,5.3260303,0.14,37.063538
65717,18.254843,-28.620001,0.48069999,68160,-4.2800002,-3.04,80.916191,-89.7108,2752.5,31.93,-68.260002,0.38,0.85000002,2.49,298.85001,74.610001,-0.23999999,0.23999999,1.2629499,-0.38071001,0.53754002,5.2497621,0.23999999,35.385429
65718,18.255119,-28.620001,0.48089999,68162,-4.27,-2.98,80.916481,-89.714661,2752.5,31.98,-68.32,0.34999999,0.83999997,2.46,298.82001,74.709999,-0.31,0.25,1.26148,-0.38159001,0.53839999,5.2070432,0.31,34.910892
65719,18.255398,-28.620001,0.4806,68151,-4.27,-2.95,80.916771,-89.718536,2752,32.040001,-68.379997,0.34999999,0.80000001,2.3699999,298.89999,74.800003,-0.36000001,0.17,1.2624201,-0.39208001,0.53784001,5.1899323,0.36000001,34.639297
65720,18.255674,-28.629999,0.48069999,68150,-4.3499999,-2.8399999,80.917061,-89.722412,2751.5,32.130001,-68.43,0.40000001,0.82999998,2.28,299,75.040001,-0.38,0.13,1.26357,-0.39741001,0.53716999,5.1950073,0.38,33.139458
65721,18.255953,-28.629999,0.4806,68158,-4.2600002,-2.8499999,80.917351,-89.726288,2751.5,32.240002,-68.480003,0.49000001,0.92000002,2.1199999,299.04001,75.099998,-0.38999999,0.079999998,1.26949,-0.39588001,0.53369999,5.1254368,0.38999999,33.783077
65722,18.256231,-28.639999,0.48069999,68158,-4.1599998,-2.98,80.917641,-89.730171,2750.5,32.369999,-68.550003,0.60000002,1.03,1.95,299.03,75.080002,-0.47999999,0.15000001,1.27414,-0.37893,0.53097999,5.1172256,0.47999999,35.615772
65723,18.256508,-28.629999,0.48030001,68157,-4.0599999,-2.99,80.917931,-89.734047,2750.5,32.52,-68.629997,0.79000002,1.13,1.83,298.97,75.150002,-0.41,0.22,1.27476,-0.36741,0.53061998,5.042192,0.41,36.369907
65724,18.256786,-28.65,0.48050001,68144,-4.1999998,-2.8299999,80.918221,-89.737938,2749.5,32.669998,-68.730003,0.82999998,1.21,1.75,298.97,75.529999,-0.55000001,0.31999999,1.27051,-0.35732999,0.53314,5.0644741,0.55000001,33.972466
65725,18.257063,-28.639999,0.48030001,68156,-4.0599999,-2.9300001,80.91851,-89.741837,2748.5,32.830002,-68.82,0.89999998,1.28,1.7,299,75.510002,-0.50999999,0.31999999,1.2717,-0.35620001,0.53244001,5.0068455,0.50999999,35.817039
65726,18.257341,-28.620001,0.4795,68191,-3.8399999,-3.22,80.918808,-89.745743,2747.5,33.009998,-68.910004,0.88,1.39,1.67,299.04999,75.309998,-0.44,0.31,1.27731,-0.34887999,0.52916002,5.0113869,0.44,39.981236
65727,18.25762,-28.629999,0.47999999,68183,-4.0100002,-3.0799999,80.919113,-89.749641,2747,33.18,-69,0.98000002,1.49,1.5700001,299.12,75.68,-0.47,0.38999999,1.27915,-0.33410999,0.52811998,5.0563326,0.47,37.527138
65728,18.257896,-28.610001,0.47940001,68194,-3.9100001,-3.21,80.919403,-89.753548,2746,33.360001,-69.089996,0.99000001,1.2,1.64,299.29999,75.650002,-0.52999997,0.25999999,1.27995,-0.35312,0.52759999,5.0588737,0.52999997,39.385033
65729,18.258175,-28.620001,0.48010001,68175,-4.0900002,-3.05,80.919708,-89.757469,2744.5,33.470001,-69.209999,0.75,0.41999999,1.85,299.47,76.059998,-0.61000001,0.14,1.27079,-0.38479,0.53293997,5.1020193,0.61000001,36.712677
65730,18.258451,-28.6,0.4797,68196,-4.0999999,-3.3,80.920013,-89.761391,2744.5,33.470001,-69.330002,0.47,-0.01,2.0999999,299.39999,75.980003,-0.56999999,0.23,1.27016,-0.37138,0.53332001,5.2630787,0.56999999,38.829826
65731,18.25873,-28.59,0.47929999,68179,-4.0900002,-3.1900001,80.920311,-89.76532,2743.5,33.369999,-69.459999,0.28,-0.31,2.28,299.35999,76.110001,-0.41,0.11,1.27035,-0.39052999,0.53320003,5.1869259,0.41,37.952488
65732,18.259007,-28.58,0.47909999,68180,-3.97,-3.23,80.920609,-89.769257,2743.5,33.32,-69.529999,0.12,0.17,2.51,299.32999,76.089996,-0.30000001,0.02,1.26648,-0.40932,0.53548002,5.1179881,0.30000001,39.13187
65733,18.259285,-28.58,0.479,68196,-3.9300001,-3.1099999,80.920914,-89.773201,2743.5,33.310001,-69.519997,-0.17,0.56,2.8099999,299.25,76.160004,-0.23999999,0.059999999,1.2651401,-0.40573999,0.53625,5.0116863,0.23999999,38.356281
65734,18.259563,-28.57,0.47830001,68185,-3.9300001,-3.05,80.921204,-89.77713,2744,33.299999,-69.449997,-0.49000001,0.69,3.02,299.16,76.169998,-0.25,0.15000001,1.26516,-0.39126,0.53623003,4.9746757,0.25,37.814373
65735,18.25984,-28.559999,0.47819999,68199,-3.79,-3.0799999,80.921501,-89.781067,2744.5,33.299999,-69.370003,-0.68000001,0.62,3.03,299.01001,75.980003,-0.28999999,0.23999999,1.27786,-0.35866001,0.52881998,4.8836975,0.28999999,39.099548
65736,18.260118,-28.57,0.4777,68177,-3.8099999,-3.05,80.921799,-89.785004,2745.5,33.220001,-69.330002,-0.52999997,0.30000001,2.8199999,298.84,75.949997,-0.28999999,0.36000001,1.28725,-0.32653999,0.52337998,4.8804302,0.28999999,38.678143
65737,18.260395,-28.559999,0.47760001,68156,-3.95,-2.8800001,80.922096,-89.788933,2745.5,33.099998,-69.349998,-0.41,-0.059999999,2.77,298.76001,76.089996,-0.36000001,0.38,1.27864,-0.33682001,0.52841002,4.8884459,0.36000001,36.096313
65738,18.260674,-28.559999,0.477,68175,-3.8299999,-3.1600001,80.922401,-89.792862,2746,32.939999,-69.400002,-0.40000001,-0.28999999,2.8099999,298.75,75.779999,-0.31999999,0.27000001,1.27779,-0.35482001,0.52886999,4.9653296,0.31999999,39.524857
65739,18.260952,-28.57,0.47670001,68164,-3.9000001,-3.1300001,80.922691,-89.796799,2746.5,32.759998,-69.440002,-0.46000001,-0.54000002,2.8699999,298.67999,75.769997,-0.36000001,0.23,1.27452,-0.36596999,0.53075999,5.00069,0.36000001,38.749279
65740,18.261229,-28.549999,0.4763,68161,-3.9000001,-3.1900001,80.922989,-89.800743,2747,32.540001,-69.510002,-0.49000001,-0.75,2.8900001,298.5,75.730003,-0.28,0.25999999,1.2773,-0.3576,0.52915001,5.0384622,0.28,39.281406
65741,18.261507,-28.559999,0.4763,68148,-4.0999999,-3.04,80.923279,-89.80468,2747.5,32.27,-69.610001,-0.49000001,-1,2.8800001,298.19,75.900002,-0.34999999,0.41,1.2737,-0.33875999,0.53131998,5.1040769,0.34999999,36.555584
65742,18.261784,-28.549999,0.47589999,68164,-4.02,-3.1600001,80.923569,-89.808617,2748,31.969999,-69.720001,-0.47999999,-1.08,2.9000001,297.98999,75.690002,-0.28999999,0.36000001,1.27218,-0.34909999,0.53218001,5.1133161,0.28999999,38.169815
65743,18.262062,-28.540001,0.4761,68152,-4.0799999,-3.0899999,80.923851,-89.812576,2748.5,31.68,-69.809998,-0.47999999,-0.97000003,2.99,297.82001,75.730003,-0.23,0.33000001,1.2687401,-0.35883,0.53416997,5.1180563,0.23,37.138573
65744,18.262341,-28.540001,0.47549999,68139,-4.25,-2.9200001,80.924141,-89.816544,2749,31.4,-69.879997,-0.66000003,-0.81,3.1400001,297.64999,75.879997,-0.34999999,0.34,1.26153,-0.36752999,0.53838998,5.1564426,0.34999999,34.491356
65745,18.262617,-28.540001,0.47499999,68146,-4.1199999,-2.99,80.924423,-89.820503,2750,31.139999,-69.900002,-0.76999998,-0.51999998,3.1700001,297.64999,75.620003,-0.27000001,0.12,1.26957,-0.39067,0.53365999,5.0906286,0.27000001,35.969448
65746,18.262896,-28.57,0.4754,68115,-4.3000002,-2.73,80.924698,-89.824463,2750.5,31.01,-69.889999,-0.66000003,-0.13,2.9400001,297.67001,75.900002,-0.31999999,0.059999999,1.27552,-0.39131999,0.53017998,5.0934176,0.31999999,32.410797
65747,18.263172,-28.57,0.4743,68113,-4.0799999,-2.79,80.92498,-89.82843,2751.5,30.950001,-69.870003,-0.40000001,0.27000001,2.77,297.53,75.709999,-0.27000001,0.07,1.27824,-0.38600999,0.52859002,4.9427218,0.27000001,34.365238
65748,18.263451,-28.58,0.47389999,68134,-3.9300001,-2.95,80.925247,-89.832382,2751.5,30.9,-69.870003,-0.30000001,0.38,2.8,297.22,75.5,-0.27000001,0.30000001,1.27328,-0.35631001,0.53151,4.9140005,0.27000001,36.893215
65749,18.263729,-28.59,0.47420001,68115,-4.0700002,-2.73,80.925529,-89.836349,2752.5,30.799999,-69.870003,-0.31,0.34999999,2.9000001,297.01999,75.660004,-0.30000001,0.44,1.26513,-0.34557,0.53635001,4.9007959,0.30000001,33.852192
65750,18.264006,-28.6,0.47389999,68118,-4.0900002,-2.8,80.925812,-89.840309,2752.5,30.690001,-69.879997,-0.46000001,0.31999999,3.04,297.06,75.529999,-0.25,0.36000001,1.2648,-0.35944,0.53649002,4.9566221,0.25,34.395405
65751,18.264284,-28.610001,0.4734,68112,-4.1199999,-2.74,80.926079,-89.844269,2753,30.610001,-69.830002,-0.49000001,0.49000001,3.1400001,297.25,75.529999,-0.14,0.15000001,1.26228,-0.39638001,0.53792,4.9479289,0.14,33.625835
65752,18.264561,-28.620001,0.47310001,68113,-4.04,-2.73,80.926361,-89.848221,2753.5,30.59,-69.75,-0.63999999,0.75999999,3.22,297.32999,75.440002,-0.18000001,0.039999999,1.2625999,-0.41207999,0.53775001,4.8759103,0.18000001,34.048569
65753,18.264839,-28.629999,0.4729,68105,-4.1599998,-2.5799999,80.926643,-89.85218,2754.5,30.610001,-69.620003,-0.76999998,1.0599999,3.3299999,297.28,75.550003,-0.23,0.18000001,1.26078,-0.39294001,0.5388,4.8950996,0.23,31.806871
65754,18.265118,-28.65,0.47260001,68102,-4.1500001,-2.53,80.92691,-89.856117,2755,30.6,-69.5,-0.83999997,1.03,3.3199999,297.01001,75.5,-0.28,0.47,1.26658,-0.33893001,0.53552002,4.8603911,0.28,31.368095
65755,18.265394,-28.67,0.47260001,68090,-4.1199999,-2.51,80.927193,-89.860062,2756,30.52,-69.419998,-0.75999999,0.74000001,3.3,296.85001,75.360001,-0.23999999,0.56,1.26667,-0.32574999,0.53552997,4.8243651,0.23999999,31.350748
65756,18.265673,-28.68,0.4718,68088,-4.1599998,-2.54,80.92746,-89.863998,2756.5,30.4,-69.379997,-0.73000002,0.50999999,3.24,296.89001,75.220001,-0.23999999,0.47,1.26759,-0.33748999,0.53492999,4.8741355,0.23999999,31.407276
65757,18.265949,-28.68,0.47150001,68085,-4.1900001,-2.5899999,80.927727,-89.867928,2757.5,30.299999,-69.339996,-0.63,0.38,3.1400001,296.94,75.150002,-0.23999999,0.40000001,1.27043,-0.34456,0.53321999,4.9258704,0.23999999,31.721804
65758,18.266228,-28.700001,0.47139999,68064,-4.3099999,-2.51,80.928001,-89.871857,2758,30.200001,-69.349998,-0.23,0.23999999,2.52,296.91,75.239998,-0.23999999,0.41,1.29067,-0.31461999,0.52140999,4.9876046,0.23999999,30.215092
