data/raw/Flight6/AIMMS_POLAR6_20150411_R1_NETCARE.ict
57, 1001
Aliabadi, Amir A.
University of Guelph
AIMMS20 - 1 Hz data from the processed output file 04111557.txt
Polar 6 NETCARE
1, 1
2015, 04, 11, 2015, 06, 26
1
TimeWave, seconds
24
1, 1, 1, 1, 1, 1, 1, 1, 1, 1, 1, 1, 1, 1, 1, 1, 1, 1, 1, 1, 1, 1, 1, 1
-9999, -9999, -9999, -9999, -9999, -9999, -9999, -9999, -9999, -9999, -9999, -9999, -9999, -9999, -9999, -9999, -9999, -9999, -9999, -9999, -9999, -9999, -9999, -9999
Time_Hr, hr UTC
Temp, deg C
RH, 0-1
BP, pa
WSN, m/s
WSE, m/s
Lat, deg
Lon, deg
Alt, m
SProbN, m/s
SProbE, m/s
SProbD, m/s
Roll, deg
Pitch, deg
Heading, deg
TAS, m/s
WSD, m/s
SideslipAngle, deg
AOA, deg
SideslipDiff, none
SysStatFlag, none
WS, m/s
WSW, m/s
WD, deg
1
Values for certain parameters near the beginning and end of the data block may be 0 as the instrument may not have been recording during these start and end timestamps
18
PI_CONTACT_INFO: Address: University of Guelph; aliabadi@uoguelph.ca
PLATFORM: Polar 6 - sampling around the aircraft
LOCATION: Location data varies as seen in this file
ASSOCIATED_DATA: 04111557.r??
INSTRUMENT_INFO: AIMMS20, Avantech, www.aventech.com
DATA_INFO: none
UNCERTAINTY: Contact manufacturer, Aventech
ULOD_FLAG: -7777
ULOD_VALUE: N/A
LLOD_FLAG: -8888
LLOD_VALUE: N/A
DM_CONTACT_INFO: Amir A. Aliabadi; University of Guelph; aliabadi@uoguelph.ca
PROJECT_INFO: Polar 6 NETCARE Spring 2015 campaign
STIPULATIONS_ON_USE: N/A
OTHER_COMMENTS: N/A
REVISION: R1
R1: corrected for start/stop times
TimeWave,Time_Hr,Temp,RH,BP,WSN,WSE,Lat,Lon,Alt,SProbN,SProbE,SProbD,Roll,Pitch,Heading,TAS,WSD,SideslipAngle,AOA,SideslipDiff,SysStatFlag,WS,WSW,WD
[from data line 15279]
72727,20.202074,-30.030001,0.70740002,63632,-8.1000004,-10.38,81.190277,-96.089058,3288,-31.07,56.560001,1.91,-1,1.74,109.24,70.849998,0.94,-0.34999999,1.29185,-0.43131,0.52090001,13.166412,-0.94,52.033417
72728,20.202353,-30.08,0.70999998,63529,-6.8099999,-12.14,81.19001,-96.085747,3286,-30.719999,56.630001,1.84,-0.88999999,1.73,108.9,72.879997,0.090000004,0.22,1.24682,-0.40645999,0.54697001,13.919616,-0.090000004,60.709515
72729,20.202629,-30.01,0.70740002,63667,-8.0699997,-10.39,81.189728,-96.082451,3284,-30.389999,56.709999,2.01,-0.76999998,1.47,108.59,70.769997,0.89999998,-0.22,1.30286,-0.39612001,0.51433998,13.155873,-0.89999998,52.163216
72730,20.202908,-30,0.70709997,63694,-7.98,-10.45,81.189461,-96.079132,3282,-30.1,56.799999,2.24,-0.68000001,1.29,108.49,70.809998,0.88,-0.31,1.29836,-0.41628,0.51705998,13.148494,-0.88,52.633331
72731,20.203186,-30.059999,0.71090001,63550,-6.5999999,-12.5,81.189194,-96.075813,3280,-29.879999,56.900002,2.3399999,-0.37,1.27,108.35,73.290001,-0.11,0.18000001,1.23866,-0.42543,0.55173999,14.135416,0.11,62.165947
72732,20.203463,-29.969999,0.70670003,63738,-8.1400003,-10.35,81.188919,-96.072479,3277.5,-29.690001,57,2.3,-0.19,1.25,108.04,70.790001,0.76999998,-0.31,1.29311,-0.42375001,0.52012002,13.167464,-0.76999998,51.815891
72733,20.203741,-30.02,0.70840001,63689,-7.3800001,-11.38,81.18866,-96.069153,3275,-29.469999,57.099998,2.3099999,-0.19,1.26,107.75,72.019997,0.28999999,0.12,1.2669801,-0.39368001,0.53517002,13.56351,-0.28999999,57.036343
72734,20.204018,-29.950001,0.70410001,63824,-8.3000002,-9.8500004,81.1884,-96.065811,3273,-29.23,57.200001,2.27,-0.23,1.3200001,107.54,70.279999,1.03,-0.22,1.30529,-0.39114001,0.51289999,12.880703,-1.03,49.881184
72735,20.204296,-29.950001,0.70609999,63786,-7.7800002,-10.48,81.188133,-96.062469,3271,-28.99,57.299999,2.1700001,-0.2,1.4,107.44,71.050003,0.64999998,-0.07,1.28545,-0.39675999,0.52441001,13.052156,-0.64999998,53.411045
72736,20.204575,-29.959999,0.70550001,63828,-7.9000001,-10.37,81.187866,-96.05912,3269,-28.790001,57.360001,2.04,-0.07,1.49,107.42,70.889999,0.75,-0.28,1.28916,-0.42493999,0.52240002,13.036368,-0.75,52.699379
72737,20.204851,-29.950001,0.70499998,63835,-7.9099998,-10.47,81.187622,-96.055771,3267,-28.66,57.380001,2.0699999,0.19,1.36,107.32,70.989998,0.81999999,-0.30000001,1.29886,-0.41424,0.51674998,13.122081,-0.81999999,52.929249
72738,20.20513,-29.940001,0.70569998,63830,-7.8000002,-10.9,81.187363,-96.052422,3265,-28.52,57.43,2.0899999,0.31,1.36,107.04,71.480003,0.52999997,-0.16,1.2824,-0.41501001,0.52625,13.403358,-0.52999997,54.412628
72739,20.205406,-29.92,0.70499998,63856,-7.77,-10.77,81.187111,-96.049072,3262.5,-28.35,57.48,2.02,0.34,1.41,106.79,71.330002,0.52999997,0.01,1.28284,-0.38823,0.52591002,13.280279,-0.52999997,54.191494
72740,20.205685,-29.940001,0.70529997,63861,-7.6199999,-10.94,81.186852,-96.045708,3261,-28.17,57.529999,1.95,0.25,1.45,106.69,71.489998,0.47999999,0.029999999,1.2827801,-0.38547,0.52592999,13.332216,-0.47999999,55.141766
72741,20.205961,-29.950001,0.70679998,63840,-7.0900002,-11.65,81.1866,-96.042351,3259,-28.01,57.560001,1.9,0.27000001,1.4400001,106.77,72.330002,0.079999998,0.059999999,1.2636499,-0.40781999,0.53713,13.637836,-0.079999998,58.675987
72742,20.20624,-29.969999,0.70969999,63740,-6.2199998,-13.08,81.186348,-96.038986,3257,-27.889999,57.580002,1.9,0.44,1.4299999,106.83,73.940002,-0.49000001,0.25,1.23278,-0.42234999,0.55519003,14.483604,0.49000001,64.567268
72743,20.206518,-29.940001,0.7051,63884,-7.1700001,-11.25,81.186096,-96.035629,3255,-27.82,57.580002,1.92,0.69999999,1.4,106.81,71.900002,0.31,-0.079999998,1.2765,-0.41141,0.52965999,13.340592,-0.31,57.489281
72744,20.206795,-29.959999,0.70719999,63823,-6.5500002,-12.24,81.185852,-96.032272,3253,-27.76,57.59,1.96,0.83999997,1.4,106.75,73.010002,-0.20999999,0.2,1.24721,-0.41012001,0.54674,13.882366,0.20999999,61.847397
72745,20.207073,-29.9,0.70169997,64003,-7.98,-10.1,81.1856,-96.0289,3251,-27.719999,57.599998,1.97,1.01,1.42,106.76,70.540001,0.77999997,-0.47,1.30075,-0.43755999,0.51586998,12.872079,-0.77999997,51.687771
72746,20.20735,-29.889999,0.70249999,64025,-7.8699999,-10.24,81.185349,-96.025543,3249,-27.73,57.59,1.92,1.25,1.47,106.64,70.739998,0.69,-0.27000001,1.29409,-0.41519001,0.51950002,12.914894,-0.69,52.455753
72747,20.207628,-29.889999,0.70209998,64032,-7.9899998,-10.36,81.185097,-96.022179,3247,-27.73,57.57,1.87,1.21,1.5,106.22,70.830002,0.54000002,0.039999999,1.29082,-0.37119001,0.52122998,13.083183,-0.54000002,52.359314
72748,20.207907,-29.92,0.7033,64007,-7.8000002,-10.94,81.184853,-96.018822,3245.5,-27.620001,57.580002,1.84,0.83999997,1.51,105.81,71.410004,0.34,0.37,1.28185,-0.33327001,0.52653003,13.435906,-0.34,54.511894
72749,20.208183,-29.92,0.70420003,63982,-7.3699999,-11.52,81.184601,-96.015457,3244,-27.43,57.619999,1.76,0.44,1.61,105.72,71.970001,-0.02,0.47999999,1.25815,-0.34968999,0.54044998,13.675793,0.02,57.39064
72750,20.208462,-29.91,0.70370001,63976,-7.1599998,-11.71,81.184357,-96.012093,3242,-27.24,57.630001,1.65,0.37,1.7,106.17,72.110001,-0.12,0,1.24789,-0.44003001,0.54637003,13.725513,0.12,58.556583
72751,20.208738,-29.879999,0.70020002,64074,-7.8200002,-10.49,81.18412,-96.008728,3240,-27.219999,57.599998,1.61,0.86000001,1.64,106.64,70.760002,0.46000001,-0.69999999,1.28354,-0.49831,0.52631003,13.084055,-0.46000001,53.296505
72752,20.209017,-29.9,0.7015,64052,-7.6199999,-10.89,81.183868,-96.005371,3238.5,-27.299999,57.560001,1.85,1.29,1.36,106.55,71.32,0.31,-0.44999999,1.28207,-0.46125001,0.52675003,13.291219,-0.31,55.018578
72753,20.209295,-29.92,0.70359999,64026,-7.3299999,-11.74,81.183632,-96.002007,3236.5,-27.35,57.560001,2.1500001,1.4400001,1.14,106.05,72.260002,-0.11,0.14,1.26371,-0.39566001,0.53707999,13.840394,0.11,58.020947
72754,20.209572,-29.870001,0.69919997,64154,-8.0200005,-10.15,81.18338,-95.99865,3234,-27.299999,57.619999,2.4200001,1.14,0.91000003,105.7,70.5,0.63,0.23,1.30616,-0.31933001,0.51226002,12.936109,-0.63,51.68605
72755,20.20985,-29.889999,0.70050001,64120,-7.4899998,-10.82,81.183144,-95.995293,3232,-27.17,57.740002,2.73,0.68000001,0.69,105.76,71.309998,0.36000001,0.28,1.29023,-0.33471,0.52160001,13.159502,-0.36000001,55.307602
72756,20.210127,-29.889999,0.70069999,64127,-7.2199998,-10.91,81.182899,-95.991913,3229,-27.1,57.880001,2.99,0.56,0.49000001,106.12,71.589996,0.28999999,0.02,1.28193,-0.38736001,0.52644002,13.082679,-0.28999999,56.50428
72757,20.210405,-29.85,0.69849998,64221,-7.9099998,-9.7299995,81.182648,-95.988533,3226,-27.1,58.040001,3.2,0.76999998,0.34999999,106.3,70.470001,0.88,-0.46000001,1.30904,-0.42464,0.51102,12.539577,-0.88,50.890625
72758,20.210684,-29.860001,0.69880003,64202,-7.73,-10.37,81.182411,-95.98513,3223,-27.110001,58.209999,3.3699999,0.98000002,0.19,106.15,71.370003,0.51999998,-0.33000001,1.2937,-0.42511001,0.51978999,12.934055,-0.51999998,53.298435
72759,20.21096,-29.85,0.69819999,64246,-7.77,-10.05,81.182159,-95.981743,3219,-27.120001,58.400002,3.5999999,0.97000003,0.050000001,105.89,71.209999,0.70999998,-0.07,1.30231,-0.37261,0.51454002,12.703362,-0.70999998,52.291161
72760,20.211239,-29.889999,0.70230001,64140,-6.8099999,-11.7,81.181923,-95.978317,3215,-27.09,58.630001,3.75,0.91000003,0,105.9,73.269997,-0.12,0.23,1.25423,-0.39442,0.54263002,13.53758,0.12,59.798401
72761,20.211515,-29.85,0.69910002,64270,-7.5,-10.45,81.181671,-95.974892,3212,-27.1,58.830002,3.5799999,1.03,0.25999999,106.14,72.029999,0.44999999,-0.28999999,1.27292,-0.44949001,0.53191,12.862834,-0.44999999,54.33287
72762,20.211794,-29.799999,0.69709998,64375,-8.0600004,-9.5799999,81.181427,-95.971451,3208,-27.200001,58.970001,3.21,1.3,0.56999999,106.31,71.209999,0.86000001,-0.64999998,1.29387,-0.47639999,0.52020001,12.519585,-0.86000001,49.924885
72763,20.212072,-29.83,0.70099998,64292,-7.1900001,-11.14,81.18119,-95.96801,3205,-27.309999,59.040001,2.8099999,1.53,0.87,106.16,73.089996,0.13,-0.079999998,1.25766,-0.43886,0.54067999,13.258798,-0.13,57.160915
72764,20.212349,-29.799999,0.69880003,64349,-7.4099998,-10.51,81.180939,-95.964569,3203,-27.360001,59.080002,2.5,1.47,1.04,106.02,72.43,0.44,0.039999999,1.27925,-0.38795999,0.528,12.859557,-0.44,54.814526
72765,20.212627,-29.77,0.69800001,64373,-7.5599999,-10.44,81.180702,-95.961121,3200,-27.370001,59.099998,2.26,1.4,1.15,106.13,72.300003,0.47,-0.16,1.2851501,-0.41119,0.52464002,12.88981,-0.47,54.090275
72766,20.212904,-29.799999,0.70160002,64282,-6.6199999,-11.98,81.18045,-95.957672,3198,-27.43,59.080002,2.0899999,1.46,1.24,106.33,74.040001,-0.28,0.07,1.24988,-0.42651001,0.54518998,13.687395,0.28,61.0755
72767,20.213182,-29.76,0.69989997,64350,-6.9899998,-11.19,81.180206,-95.954224,3196,-27.5,59.040001,1.98,1.53,1.3099999,106.44,73.18,0.050000001,-0.079999998,1.26888,-0.42188001,0.53411001,13.193793,-0.050000001,58.008427
72768,20.213461,-29.700001,0.69679999,64451,-7.7600002,-10.15,81.179962,-95.950783,3194,-27.58,58.98,1.91,1.54,1.35,106.46,71.919998,0.58999997,-0.38999999,1.29837,-0.42879,0.51714998,12.776545,-0.58999997,52.600929
72769,20.213737,-29.74,0.69870001,64367,-6.9000001,-11.55,81.17971,-95.947342,3192,-27.639999,58.919998,1.83,1.48,1.41,106.33,73.510002,-0.16,0.15000001,1.2617199,-0.39713001,0.53825003,13.454089,0.16,59.145794
72770,20.214016,-29.700001,0.69800001,64411,-6.96,-11.21,81.179459,-95.943901,3191,-27.620001,58.880001,1.72,1.22,1.48,106.15,73.110001,-0.050000001,0.33000001,1.26948,-0.35668001,0.53373998,13.194912,0.050000001,58.164921
72771,20.214293,-29.700001,0.69739997,64427,-7.02,-11.27,81.179222,-95.940468,3189,-27.530001,58.849998,1.64,0.91000003,1.5,106.16,73.040001,-0.090000004,0.19,1.2701,-0.37852001,0.53334999,13.277549,0.090000004,58.081528
72772,20.214571,-29.620001,0.69379997,64542,-7.7199998,-9.8900003,81.17897,-95.937042,3187,-27.43,58.810001,1.64,0.79000002,1.48,106.27,71.470001,0.56,-0.23,1.30428,-0.39499,0.51350999,12.546334,-0.56,52.024887
72773,20.214849,-29.690001,0.6983,64383,-6.4200001,-12.09,81.178719,-95.933609,3186,-27.370001,58.779999,1.67,1.02,1.38,106.42,73.900002,-0.44999999,0.11,1.25297,-0.41521001,0.54337001,13.688846,0.44999999,62.030922
72774,20.215126,-29.620001,0.69370002,64534,-7.4099998,-10.37,81.178482,-95.930183,3184,-27.389999,58.73,1.83,1.33,1.2,106.62,71.93,0.37,-0.43000001,1.29831,-0.43557999,0.51723999,12.745391,-0.37,54.45187
72775,20.215405,-29.67,0.69800001,64392,-6.3200002,-12.36,81.17823,-95.926758,3182,-27.52,58.68,1.97,1.71,1.11,106.72,74.169998,-0.55000001,-0.02,1.24903,-0.44062001,0.54570001,13.882074,0.55000001,62.918118
72776,20.215681,-29.57,0.69139999,64596,-7.7800002,-9.8900003,81.177979,-95.92334,3180,-27.67,58.650002,2.0699999,2.03,1.09,106.67,71.389999,0.60000002,-0.40000001,1.3073601,-0.41793001,0.51191998,12.583343,-0.60000002,51.809528
72777,20.21596,-29.610001,0.69590002,64493,-6.6599998,-11.68,81.177742,-95.919922,3178,-27.809999,58.610001,2.0799999,2.21,1.0700001,106.7,73.43,-0.31,0.16,1.26029,-0.39703,0.53908998,13.445371,0.31,60.307976
72778,20.216236,-29.620001,0.69709998,64448,-6.21,-12.54,81.17749,-95.916496,3176,-27.969999,58.57,2.03,2.21,1.13,106.91,74.379997,-0.75,0.23,1.23685,-0.41942999,0.55281001,13.993416,0.75,63.654682
72779,20.216515,-29.610001,0.69709998,64433,-5.9400001,-12.83,81.177231,-95.913094,3174,-28.17,58.509998,1.96,2.26,1.17,107.15,74.75,-0.86000001,0.28999999,1.23093,-0.41867,0.55628002,14.138334,0.86000001,65.156929
72780,20.216793,-29.57,0.69550002,64506,-6.0900002,-12.27,81.176979,-95.909683,3172,-28.360001,58.450001,1.91,2.3,1.1900001,107.34,74.129997,-0.69,0.27000001,1.2424901,-0.40558001,0.54951,13.698212,0.69,63.603302
72781,20.21707,-29.540001,0.69279999,64565,-6.6700001,-11.49,81.17672,-95.906273,3170,-28.549999,58.389999,1.91,2.3800001,1.11,107.66,73.190002,-0.33000001,-0.15000001,1.2643,-0.44003001,0.53684002,13.285668,0.33000001,59.864628
72782,20.217348,-29.52,0.6918,64627,-6.9400001,-10.82,81.176468,-95.90287,3168.5,-28.85,58.310001,2.03,2.75,1.01,108.18,72.470001,-0.01,-0.47,1.27887,-0.46891001,0.52863997,12.854415,0.01,57.323692
72783,20.217625,-29.49,0.69150001,64657,-7.1300001,-10.61,81.176208,-95.899467,3166.5,-29.24,58.209999,2.0599999,3.1900001,1.02,108.43,72.309998,0.11,-0.47999999,1.28215,-0.46559,0.52674001,12.783153,-0.11,56.098598
72784,20.217903,-29.48,0.68989998,64692,-7.1500001,-10.44,81.175949,-95.89608,3164.5,-29.6,58.099998,2.03,3.1199999,1.0599999,108.49,72.120003,0.090000004,-0.20999999,1.28724,-0.41701001,0.52345997,12.653699,-0.090000004,55.594086
72785,20.218182,-29.43,0.68699998,64760,-7.6399999,-9.6199999,81.175682,-95.892693,3162,-29.9,58.029999,2.02,2.76,1.0599999,108.66,71.209999,0.38999999,-0.34,1.30571,-0.40976,0.51279002,12.284706,-0.38999999,51.544144
72786,20.218458,-29.48,0.6911,64676,-6.6700001,-11.11,81.175407,-95.889313,3160,-30.120001,57.98,2.02,2.3299999,1.05,108.83,72.989998,-0.38999999,0.039999999,1.26721,-0.40562999,0.53504002,12.958433,0.38999999,59.021076
72787,20.218737,-29.4,0.68620002,64838,-7.8699999,-9.0900002,81.17514,-95.885933,3158,-30.290001,57.939999,2.01,1.99,1.02,108.92,70.690002,0.66000003,-0.34999999,1.3221101,-0.38835999,0.50322998,12.023519,-0.66000003,49.114426
72788,20.219013,-29.370001,0.68480003,64874,-7.9099998,-8.8299999,81.174873,-95.882553,3156,-30.379999,57.939999,2.04,1.74,0.98000002,108.99,70.449997,0.64999998,-0.33000001,1.32423,-0.38231999,0.50195998,11.85483,-0.64999998,48.145706
72789,20.219292,-29.41,0.68660003,64801,-7.2399998,-9.9099998,81.174591,-95.879181,3154,-30.440001,57.959999,2.0899999,1.5599999,0.91000003,109.31,71.68,0.14,-0.37,1.29452,-0.43046999,0.51936001,12.272966,-0.14,53.849064
72790,20.21957,-29.4,0.68739998,64801,-7.04,-10,81.174316,-95.875793,3152,-30.57,57.950001,2.1600001,1.6799999,0.85000002,109.66,71.910004,0.12,-0.49000001,1.29035,-0.45541999,0.52196997,12.229538,-0.12,54.854454
72791,20.219847,-29.299999,0.6821,65008,-8.5200005,-7.77,81.174042,-95.872421,3150,-30.73,57.939999,2.2,1.77,0.85000002,109.67,69.379997,1.26,-0.94,1.35434,-0.43496999,0.48596999,11.530972,-1.26,42.363934
72792,20.220125,-29.4,0.68849999,64770,-6.6100001,-10.94,81.173767,-95.869041,3148,-30.83,57.959999,2.24,1.6,0.81999999,109.55,73.080002,-0.41,-0.1,1.26741,-0.42758,0.53499001,12.78185,0.41,58.859428
72793,20.220402,-29.379999,0.68620002,64860,-6.9099998,-10.09,81.173492,-95.865662,3145.5,-30.879999,58,2.3199999,1.3099999,0.75999999,109.6,72.199997,-0.01,-0.14,1.2862099,-0.40733999,0.52401,12.229318,0.01,55.595234
72794,20.22068,-29.440001,0.69220001,64647,-5.0599999,-12.69,81.17321,-95.862267,3143,-30.91,58.060001,2.3499999,1.17,0.73000002,109.78,75.370003,-1.34,0.36000001,1.22041,-0.42274001,0.56246001,13.661613,1.34,68.260895
72795,20.220959,-29.379999,0.6882,64815,-6.3299999,-10.71,81.172943,-95.858887,3141,-30.950001,58.119999,2.4000001,1.15,0.67000002,109.91,73.150002,-0.38,-0.17,1.26745,-0.43888,0.53500998,12.44078,0.38,59.415367
72796,20.221235,-29.370001,0.6868,64856,-6.4499998,-10.52,81.172661,-95.855499,3138,-31,58.18,2.51,1.15,0.56,109.98,73,-0.22,-0.27000001,1.27578,-0.44150001,0.53021002,12.33989,0.22,58.486797
72797,20.221514,-29.370001,0.68699998,64874,-6.29,-10.64,81.172379,-95.852112,3136,-31.059999,58.25,2.5999999,1.39,0.54000002,110.06,73.269997,-0.25,-0.20999999,1.26727,-0.44558001,0.53513998,12.360167,0.25,59.409889
72798,20.22179,-29.280001,0.68360001,65025,-7.5599999,-8.9099998,81.172096,-95.848709,3133,-31.219999,58.299999,2.55,1.77,0.64999998,110.15,71.279999,0.66000003,-0.69,1.30902,-0.45964,0.51144999,11.685105,-0.66000003,49.685898
72799,20.222069,-29.26,0.68260002,65066,-7.6300001,-8.79,81.171822,-95.845306,3131,-31.42,58.299999,2.4100001,2.1099999,0.77999997,110.14,71.190002,0.66000003,-0.52999997,1.3108799,-0.43305999,0.51007003,11.63963,-0.66000003,49.040977
