NETCARE2015/data/raw/CPC_R1/CPC3776_Polar6_20150408_R1_L2.ict
33,1001
Abbatt,Jon
University of Toronto
Polar 6
NETCARE
1,1
2015,4,8,2016,1,15
1
time,seconds,seconds from start in UTC
1
1
-99999
conc,number of particles per cm3
0
18
PI_CONTACT_INFO: 80 St. George Street; Toronto; ON M5S 3H6 CANADA; email: jabbatt@chem.utoronto.ca
PLATFORM: Polar 6 aircraft
LOCATION: Canadian Arctic near Alert
ASSOCIATED_DATA: none
INSTRUMENT_INFO: data from TSI CPC3776
DATA_INFO: all relevant information is given above
UNCERTAINTY: to be determined
ULOD_FLAG: -7777
ULOD_VALUE: N/As
LLOD_FLAG: -8888
LLOD_VALUE: N/A
DM_CONTACT_INFO: Julia Burkart -- University of Toronto; jburkart@chem.utoronto.ca
PROJECT_INFO: Polar 6 NETCARE Spring 2015 campaign
STIPULATIONS_ON_USE: N/A
OTHER_COMMENTS: N/A
REVISION: R0
R0: validated data
time,conc
[from data line 9728]
74112,152
74113,170
74114,184
74115,171
74116,208
74117,181
74118,180
74119,206
74120,194
74121,171
74122,168
74123,183
74124,178
74125,177
74126,168
74127,158
74128,158
74129,163
74130,174
74131,176
74132,162
74133,195
74134,108
74135,152
74136,164
74137,171
74138,151
74139,173
74140,166
74141,173
74142,174
74143,190
74144,168
74145,203
74146,192
74147,190
74148,203
74149,183
74150,245
74151,206
74152,240
74153,202
74154,216
74155,247
74156,241
74157,248
74158,239
74159,272
74160,229
74161,270
74162,251
74163,235
74164,230
74165,253
74166,221
74167,273
74168,223
74169,222
74170,225
74171,237
74172,193
74173,238
74174,240
74175,243
74176,219
74177,230
74178,251
74179,255
74180,241
74181,218
74182,234
74183,235
74184,219
74185,208
74186,221
74187,215
74188,215
74189,246
74190,243
74191,263
74192,226
74193,252
74194,223
74195,222
74196,231
74197,279
74198,273
74199,238
74200,242
74201,251
74202,244
74203,278
74204,251
74205,271
74206,255
74207,246
74208,231
74209,244
74210,233
74211,241
74212,243
74213,239
74214,258
74215,234
74216,241
74217,230
74218,218
74219,205
74220,249
74221,225
74222,249
74223,207
74224,247
74225,260
74226,232
74227,272
74228,245
74229,228
74230,244
74231,222
74232,218
74233,254
74234,240
74235,266
74236,239
74237,213
74238,234
74239,271
74240,242
74241,255
74242,217
74243,237
74244,258
74245,250
74246,258
74247,242
74248,221
74249,252
74250,229
74251,233
74252,259
74253,225
74254,227
74255,245
74256,242
74257,258
74258,242
74259,274
74260,259
74261,251
74262,252
74263,233
74264,226
74265,233
74266,213
74267,262
74268,241
74269,227
74270,264
74271,233
74272,241
74273,266
74274,251
74275,229
74276,253
74277,259
74278,257
74279,221
74280,237
74281,252
74282,288
74283,263
74284,298
74285,223
74286,244
74287,274
74288,248
74289,260
74290,273
74291,275
74292,251
74293,238
74294,229
74295,232
74296,249
74297,236
74298,294
74299,255
74300,245
74301,258
74302,243
74303,254
74304,295
74305,285
74306,248
74307,279
74308,269
74309,244
74310,238
74311,268
74312,238
74313,263
74314,234
74315,216
74316,234
74317,252
74318,219
74319,252
74320,239
74321,245
74322,248
74323,239
74324,257
74325,212
74326,224
74327,224
74328,276
74329,229
74330,255
74331,246
74332,257
74333,206
74334,235
74335,235
74336,237
74337,242
74338,256
74339,272
74340,239
74341,225
74342,221
74343,244
74344,223
74345,245
74346,273
74347,237
74348,222
74349,226
74350,233
74351,273
74352,230
74353,260
74354,218
74355,236
74356,245
74357,233
74358,250
74359,240
74360,280
74361,247
74362,224
74363,263
74364,229
74365,223
74366,257
74367,252
74368,253
74369,278
74370,233
74371,230
74372,255
74373,264
74374,223
74375,280
74376,274
74377,258
74378,226
74379,281
74380,232
74381,229
74382,272
74383,287
74384,284
74385,307
74386,311
74387,301
74388,305
74389,295
74390,285
74391,286
74392,285
74393,269
74394,281
74395,256
74396,247
74397,257
74398,270
74399,257
74400,233
74401,250
74402,251
74403,262
74404,216
74405,244
74406,257
74407,281
74408,263
74409,275
74410,260
74411,245
74412,250
74413,237
74414,199
74415,229
74416,235
74417,244
74418,267
74419,249
74420,260
74421,269
74422,244
74423,261
74424,270
74425,230
74426,225
74427,210
74428,253
74429,220
74430,271
74431,241
74432,236
74433,228
74434,228
74435,253
74436,209
74437,217
74438,228
74439,208
74440,243
74441,209
74442,251
74443,212
74444,222
74445,228
74446,213
74447,252
74448,240
74449,227
74450,247
74451,242
74452,259
74453,249
74454,212
74455,224
74456,204
74457,254
74458,221
74459,231
74460,228
74461,209
74462,215
74463,218
74464,257
74465,211
74466,243
74467,234
74468,230
74469,217
74470,196
74471,231
74472,218
74473,248
74474,216
74475,253
74476,218
74477,225
74478,234
74479,226
74480,237
74481,231
74482,200
74483,244
74484,265
74485,242
74486,219
74487,224
74488,207
74489,251
74490,233
74491,203
74492,229
74493,220
74494,208
74495,236
74496,244
74497,228
74498,260
74499,229
74500,213
74501,228
74502,265
74503,240
74504,230
74505,226
74506,223
74507,238
74508,208
74509,238
74510,226
74511,214
74512,221
74513,222
74514,216
74515,220
74516,205
74517,238
74518,206
74519,231
74520,192
74521,238
74522,244
74523,210
74524,229
74525,241
74526,232
74527,253
74528,240
74529,266
74530,252
74531,232
74532,227
74533,234
74534,264
74535,251
74536,240
74537,235
74538,234
74539,249
74540,279
74541,243
74542,245
74543,264
74544,258
74545,237
74546,235
74547,206
74548,223
74549,235
74550,242
74551,247
74552,265
74553,258
74554,233
74555,274
74556,250
74557,234
74558,259
74559,216
74560,227
74561,246
74562,273
74563,226
74564,254
74565,250
74566,242
74567,237
74568,249
74569,242
74570,253
74571,267
74572,254
74573,236
74574,250
74575,225
74576,219
74577,248
74578,237
74579,254
74580,248
74581,278
74582,253
74583,247
74584,252
74585,259
74586,256
74587,282
74588,280
74589,253
74590,271
74591,268
74592,249
74593,244
74594,254
74595,267
74596,248
74597,258
74598,257
74599,264
74600,244
74601,316
74602,283
74603,252
74604,256
74605,261
74606,261
74607,213
74608,273
74609,319
74610,259
74611,264
74612,289
74613,292
74614,268
74615,239
74616,275
74617,293
74618,280
74619,295
74620,243
74621,224
74622,279
74623,233
74624,240
74625,263
74626,275
74627,286
74628,287
74629,271
74630,257
74631,263
74632,272
74633,253
74634,270
74635,276
74636,273
74637,250
74638,278
74639,273
74640,265
74641,302
74642,296
74643,272
74644,304
74645,272
74646,286
74647,282
74648,275
74649,269
74650,275
74651,288
74652,279
74653,261
74654,273
74655,276
74656,281
74657,310
74658,282
74659,270
74660,266
74661,279
74662,265
74663,278
74664,292
74665,264
74666,283
74667,276
74668,253
74669,280
74670,287
74671,250
74672,274
74673,278
74674,303
74675,301
74676,275
74677,282
74678,291
74679,293
74680,261
74681,284
74682,270
74683,263
74684,312
74685,253
74686,259
74687,284
74688,270
74689,293
74690,268
74691,259
74692,285
74693,268
74694,275
74695,283
74696,295
74697,288
74698,281
74699,293
74700,287
74701,274
74702,263
74703,286
74704,319
74705,302
74706,289
74707,309
74708,299
74709,280
74710,264
74711,296
74712,288
74713,282
74714,276
74715,317
74716,287
74717,276
74718,284
74719,291
74720,299
74721,257
74722,324
74723,245
74724,292
74725,279
74726,308
74727,270
74728,291
74729,302
74730,294
74731,277
74732,283
74733,243
74734,283
74735,292
74736,242
74737,318
74738,307
74739,275
74740,264
74741,267
74742,292
74743,269
74744,303
74745,287
74746,285
74747,279
74748,324
74749,299
74750,319
74751,312
74752,307
74753,295
74754,311
74755,282
74756,276
74757,307
74758,331
74759,301
74760,297
74761,308
74762,243
74763,281
74764,295
74765,299
74766,297
74767,311
74768,276
74769,316
74770,292
74771,299
74772,290
74773,322
74774,338
74775,296
74776,344
74777,287
74778,313
74779,326
74780,297
74781,304
74782,305
74783,277
74784,278
74785,279
74786,271
74787,264
74788,279
74789,304
74790,290
74791,306
74792,268
74793,318
74794,325
74795,329
74796,287
74797,276
74798,281
74799,273
74800,324
74801,301
74802,308
74803,260
74804,272
74805,278
74806,324
74807,293
74808,271
74809,301
74810,307
74811,293
74812,258
74813,307
74814,302
74815,306
74816,304
74817,320
74818,313
74819,359
74820,277
74821,345
74822,290
74823,291
74824,308
74825,321
74826,329
74827,328
74828,302
74829,324
74830,346
74831,320
74832,315
74833,304
74834,331
74835,314
74836,306
74837,306
74838,293
74839,317
74840,273
74841,300
74842,317
74843,306
74844,293
74845,327
74846,320
74847,296
74848,284
74849,253
74850,310
74851,278
74852,303
74853,297
74854,284
74855,315
74856,279
74857,330
74858,263
74859,249
74860,293
74861,295
74862,315
74863,273
74864,243
74865,287
74866,301
74867,303
74868,293
74869,274
74870,287
74871,296
74872,314
74873,290
74874,301
74875,264
74876,293
74877,283
74878,310
74879,292
74880,325
74881,306
74882,318
74883,301
74884,288
74885,306
74886,336
74887,292
74888,309
74889,331
74890,333
74891,312
74892,316
74893,347
74894,318
74895,309
74896,355
74897,349
74898,381
74899,331
74900,303
74901,323
74902,331
74903,306
74904,346
74905,314
74906,332
74907,323
74908,354
74909,319
74910,328
74911,368
74912,361
74913,331
74914,335
74915,325
74916,377
74917,350
74918,347
74919,333
74920,336
74921,351
74922,344
74923,331
74924,317
74925,331
74926,361
74927,355
74928,333
74929,359
74930,344
74931,326
74932,314
74933,346
74934,326
74935,312
74936,342
74937,334
74938,347
74939,343
74940,359
74941,334
74942,324
74943,370
74944,337
74945,342
74946,338
74947,365
74948,365
74949,361
74950,358
74951,339
74952,312
74953,321
74954,315
74955,359
74956,337
74957,320
74958,360
74959,379
74960,366
74961,315
74962,360
74963,374
74964,332
74965,345
74966,347
74967,356
74968,374
74969,368
74970,372
74971,343
74972,330
74973,342
74974,309
74975,360
74976,367
74977,344
74978,314
74979,349
74980,353
74981,395
74982,359
74983,347
74984,368
74985,361
74986,361
74987,370
74988,377
74989,367
74990,339
74991,362
74992,372
74993,340
74994,340
74995,369
74996,391
74997,409
74998,368
74999,357
75000,371
75001,403
75002,375
75003,398
75004,362
75005,383
75006,390
75007,407
75008,375
75009,341
75010,417
75011,390
75012,384
75013,377
75014,407
75015,382
75016,374
75017,399
75018,426
75019,380
75020,404
75021,424
75022,454
75023,422
75024,430
75025,363
75026,371
75027,408
75028,368
75029,394
75030,403
75031,391
75032,427
75033,430
75034,389
75035,381
75036,377
75037,409
75038,395
75039,426
75040,428
75041,412
75042,428
75043,458
75044,380
75045,420
75046,416
75047,394
75048,448
75049,470
75050,412
75051,410
75052,443
75053,460
75054,477
75055,480
75056,427
75057,422
75058,414
75059,492
75060,432
75061,393
75062,410
75063,434
75064,429
75065,444
75066,411
75067,421
75068,390
75069,410
75070,415
75071,419
75072,409
75073,415
75074,424
75075,422
75076,406
75077,445
75078,460
75079,453
75080,405
75081,452
75082,387
75083,414
75084,434
75085,460
75086,427
75087,417
75088,446
75089,434
75090,428
75091,452
75092,398
75093,423
75094,426
75095,393
75096,414
75097,444
75098,438
75099,454
75100,426
75101,433
75102,394
75103,387
75104,400
75105,398
75106,409
75107,442
75108,423
75109,445
75110,410
75111,439
75112,408
75113,444
75114,456
75115,431
75116,400
75117,410
75118,399
75119,408
75120,398
75121,461
75122,437
75123,423
75124,462
75125,454
75126,431
75127,459
75128,441
75129,464
75130,429
75131,418
75132,419
75133,430
75134,431
75135,399
75136,463
75137,436
75138,414
75139,437
75140,397
75141,422
75142,425
75143,409
75144,410
75145,402
75146,397
75147,429
75148,425
75149,476
75150,429
75151,384
75152,435
75153,472
75154,396
75155,437
75156,424
75157,437
75158,432
75159,423
75160,421
75161,433
75162,424
75163,394
75164,417
75165,382
75166,417
75167,392
75168,405
75169,411
75170,373
75171,454
75172,433
75173,413
75174,408
75175,401
75176,418
75177,399
75178,409
75179,405
75180,415
75181,393
75182,387
75183,379
75184,458
75185,394
75186,413
75187,417
75188,392
75189,367
75190,390
75191,426
75192,416
75193,400
75194,390
75195,378
75196,415
75197,431
75198,402
75199,368
75200,398
75201,390
75202,389
75203,389
75204,413
75205,388
75206,356
75207,348
75208,374
75209,385
75210,349
75211,340
75212,381
75213,337
75214,319
75215,341
75216,301
75217,316
75218,326
75219,309
75220,345
75221,354
75222,315
75223,313
75224,305
75225,340
75226,359
75227,360
75228,387
75229,403
75230,357
75231,394
75232,366
75233,383
75234,360
75235,391
75236,370
75237,368
75238,383
75239,362
75240,409
75241,374
75242,367
75243,354
75244,371
75245,405
75246,396
75247,351
75248,384
75249,372
75250,370
75251,324
75252,358
75253,385
75254,381
75255,351
75256,346
75257,347
75258,393
75259,384
75260,359
75261,356
75262,348
75263,350
75264,435
75265,361
75266,319
75267,340
75268,317
75269,316
75270,307
75271,331
75272,350
75273,338
75274,377
75275,343
75276,335
75277,321
75278,333
75279,337
75280,321
75281,308
75282,334
75283,329
75284,352
75285,297
75286,277
75287,239
75288,353
75289,289
75290,303
75291,319
75292,340
75293,323
75294,284
75295,348
75296,319
75297,343
75298,320
75299,310
75300,293
75301,309
75302,307
75303,253
75304,266
75305,280
75306,291
75307,295
75308,239
75309,251
75310,231
75311,235
75312,262
75313,278
75314,236
75315,227
75316,244
75317,230
75318,229
75319,229
75320,229
75321,264
75322,242
75323,241
75324,262
75325,231
75326,224
75327,229
75328,234
75329,259
75330,250
75331,210
75332,251
75333,225
75334,238
75335,226
75336,222
75337,252
75338,240
75339,241
75340,256
75341,252
75342,246
75343,223
75344,254
75345,248
75346,265
75347,206
75348,222
75349,255
75350,240
75351,247
75352,235
75353,229
75354,259
75355,235
75356,254
75357,237
75358,230
75359,253
75360,237
75361,217
75362,233
75363,230
75364,269
75365,240
75366,230
75367,237
75368,232
75369,213
75370,231
75371,201
75372,247
75373,227
75374,230
75375,245
75376,224
75377,246
75378,208
75379,208
75380,252
75381,236
75382,229
75383,251
75384,248
75385,250
75386,233
75387,263
75388,219
75389,231
75390,249
75391,239
75392,243
75393,250
75394,218
75395,217
75396,246
75397,259
75398,218
75399,222
75400,229
75401,204
75402,211
75403,242
75404,236
75405,218
75406,241
75407,219
75408,244
75409,240
75410,254
75411,240
75412,217
75413,224
75414,260
75415,258
75416,243
75417,257
75418,214
75419,221
75420,247
75421,247
75422,249
75423,218
75424,208
75425,229
75426,236
75427,260
75428,209
75429,204
75430,209
75431,272
75432,246
75433,260
75434,243
75435,234
75436,236
75437,244
75438,251
75439,262
75440,243
75441,216
75442,274
75443,213
75444,222
75445,209
75446,232
75447,228
75448,235
75449,234
75450,249
75451,216
75452,260
75453,204
75454,240
75455,197
75456,224
75457,241
75458,195
75459,245
75460,256
75461,258
75462,232
75463,234
75464,234
75465,222
75466,240
75467,251
75468,242
75469,248
75470,236
75471,219
75472,247
75473,214
75474,224
75475,238
75476,234
75477,254
75478,221
75479,230
75480,229
75481,244
75482,249
75483,175
75484,255
75485,200
75486,238
75487,244
75488,219
75489,211
75490,268
75491,243
75492,231
75493,229
75494,230
75495,218
75496,245
75497,221
75498,236
75499,211
75500,276
75501,202
75502,225
75503,242
75504,229
75505,210
75506,259
75507,241
75508,196
75509,247
75510,230
75511,225
75512,222
75513,201
75514,224
75515,232
75516,208
75517,207
75518,232
75519,222
75520,238
75521,229
75522,204
75523,217
75524,232
75525,232
75526,246
75527,227
75528,219
75529,243
75530,244
75531,223
75532,210
75533,214
75534,221
75535,230
75536,218
75537,234
75538,211
75539,225
75540,226
75541,228
75542,216
75543,213
75544,195
75545,241
75546,220
75547,246
75548,204
75549,185
75550,200
75551,226
75552,248
75553,214
75554,198
75555,232
75556,240
75557,200
75558,215
75559,222
75560,248
75561,212
75562,225
75563,238
75564,229
75565,217
75566,239
75567,227
75568,206
75569,214
75570,228
75571,236
75572,226
75573,227
75574,221
75575,198
75576,208
75577,225
75578,206
75579,213
75580,223
75581,199
75582,216
75583,212
75584,227
75585,257
75586,193
75587,221
75588,194
75589,219
75590,208
75591,212
75592,204
75593,198
75594,220
75595,210
75596,203
75597,202
75598,195
75599,208
75600,201
75601,213
75602,208
75603,212
75604,240
75605,237
75606,205
75607,203
75608,249
75609,183
75610,219
75611,228
75612,200
75613,238
75614,234
75615,208
75616,223
75617,213
75618,215
75619,217
75620,214
75621,220
75622,204
75623,229
75624,216
75625,226
75626,215
75627,220
75628,203
75629,200
75630,187
75631,243
75632,223
75633,215
75634,196
75635,186
75636,200
75637,205
75638,210
75639,198
75640,222
75641,223
75642,234
75643,206
75644,202
75645,226
75646,229
75647,188
75648,220
75649,195
75650,234
75651,207
75652,186
75653,226
75654,209
75655,212
75656,224
75657,190
75658,220
75659,221
75660,200
75661,213
75662,213
75663,217
75664,198
75665,211
75666,203
75667,212
75668,210
75669,231
75670,195
75671,218
75672,222
75673,205
75674,207
75675,208
75676,197
75677,227
75678,204
75679,209
75680,243
75681,207
75682,212
75683,193
75684,210
75685,212
75686,205
75687,224
75688,217
75689,233
75690,204
75691,203
75692,194
75693,192
75694,208
75695,187
75696,195
75697,209
75698,189
75699,211
75700,210
75701,218
75702,195
75703,241
75704,217
75705,221
75706,185
75707,224
75708,229
75709,183
75710,211
