NETCARE2015/data/raw/CPC_R1/CPC3776_Polar6_20150408_R1_L2.ict
33,1001
Abbatt,Jon
University of Toronto
Polar 6
NETCARE
1,1
2015,4,8,2016,1,15
1
time,seconds,seconds from start in UTC
1
1
-99999
conc,number of particles per cm3
0
18
PI_CONTACT_INFO: 80 St. George Street; Toronto; ON M5S 3H6 CANADA; email: jabbatt@chem.utoronto.ca
PLATFORM: Polar 6 aircraft
LOCATION: Canadian Arctic near Alert
ASSOCIATED_DATA: none
INSTRUMENT_INFO: data from TSI CPC3776
DATA_INFO: all relevant information is given above
UNCERTAINTY: to be determined
ULOD_FLAG: -7777
ULOD_VALUE: N/As
LLOD_FLAG: -8888
LLOD_VALUE: N/A
DM_CONTACT_INFO: Julia Burkart -- University of Toronto; jburkart@chem.utoronto.ca
PROJECT_INFO: Polar 6 NETCARE Spring 2015 campaign
STIPULATIONS_ON_USE: N/A
OTHER_COMMENTS: N/A
REVISION: R0
R0: validated data
time,conc
[from data line 11328]
75712,217
75713,203
75714,179
75715,226
75716,197
75717,214
75718,219
75719,182
75720,204
75721,209
75722,228
75723,231
75724,198
75725,210
75726,198
75727,171
75728,220
75729,211
75730,196
75731,181
75732,200
75733,205
75734,219
75735,209
75736,199
75737,196
75738,191
75739,196
75740,221
75741,222
75742,225
75743,175
75744,217
75745,208
75746,206
75747,202
75748,190
75749,232
75750,199
75751,223
75752,200
75753,210
75754,222
75755,225
75756,189
75757,208
75758,195
75759,192
75760,205
75761,188
75762,213
75763,213
75764,186
75765,188
75766,197
75767,203
75768,210
75769,199
75770,223
75771,221
75772,203
75773,193
75774,198
75775,211
75776,218
75777,200
75778,214
75779,198
75780,195
75781,230
75782,203
75783,196
75784,244
75785,221
75786,215
75787,199
75788,187
75789,199
75790,210
75791,209
75792,209
75793,214
75794,198
75795,204
75796,223
75797,212
75798,226
75799,197
75800,196
75801,214
75802,190
75803,198
75804,212
75805,207
75806,205
75807,198
75808,199
75809,205
75810,246
75811,208
75812,204
75813,208
75814,208
75815,232
75816,236
75817,220
75818,195
75819,210
75820,201
75821,207
75822,210
75823,209
75824,201
75825,200
75826,223
75827,201
75828,207
75829,196
75830,186
75831,187
75832,198
75833,203
75834,210
75835,240
75836,241
75837,205
75838,191
75839,213
75840,209
75841,209
75842,214
75843,193
75844,180
75845,218
75846,214
75847,214
75848,206
75849,173
75850,201
75851,183
75852,229
75853,186
75854,224
75855,221
75856,212
75857,222
75858,230
75859,194
75860,204
75861,193
75862,208
75863,235
75864,205
75865,172
75866,227
75867,192
75868,209
75869,207
75870,217
75871,218
75872,220
75873,190
75874,208
75875,218
75876,207
75877,212
75878,219
75879,208
75880,228
75881,233
75882,216
75883,227
75884,196
75885,229
75886,201
75887,252
75888,249
75889,222
75890,191
75891,223
75892,237
75893,201
75894,217
75895,219
75896,204
75897,211
75898,235
75899,198
75900,220
75901,205
75902,209
75903,199
75904,223
75905,178
75906,205
75907,211
75908,201
75909,245
75910,209
75911,219
75912,193
75913,221
75914,206
75915,205
75916,198
75917,206
75918,193
75919,214
75920,214
75921,227
75922,222
75923,248
75924,215
75925,207
75926,216
75927,204
75928,214
75929,223
75930,205
75931,223
75932,236
75933,203
75934,192
75935,230
75936,218
75937,221
75938,225
75939,196
75940,217
75941,203
75942,207
75943,234
75944,217
75945,207
75946,214
75947,209
75948,217
75949,191
75950,236
75951,240
75952,210
75953,204
75954,188
75955,185
75956,226
75957,219
75958,228
75959,227
75960,193
75961,203
75962,242
75963,212
75964,213
75965,222
75966,208
75967,247
75968,216
75969,221
75970,214
75971,223
75972,219
75973,216
75974,197
75975,221
75976,213
75977,211
75978,201
75979,236
75980,228
75981,217
75982,200
75983,233
75984,220
75985,240
75986,196
75987,223
75988,213
75989,225
75990,223
75991,197
75992,177
75993,208
75994,239
75995,254
75996,220
75997,191
75998,219
75999,226
76000,197
76001,228
76002,228
76003,243
76004,219
76005,222
76006,217
76007,240
76008,202
76009,227
76010,219
76011,223
76012,181
76013,196
76014,206
76015,214
76016,234
76017,202
76018,248
76019,230
76020,214
76021,236
76022,190
76023,236
76024,230
76025,222
76026,188
76027,214
76028,195
76029,222
76030,208
76031,247
76032,230
76033,238
76034,214
76035,194
76036,244
76037,226
76038,216
76039,208
76040,208
76041,225
76042,214
76043,218
76044,206
76045,258
76046,222
76047,222
76048,231
76049,184
76050,220
76051,207
76052,200
76053,215
76054,207
76055,206
76056,219
76057,217
76058,240
76059,199
76060,206
76061,220
76062,231
76063,233
76064,218
76065,219
76066,227
76067,254
76068,228
76069,228
76070,233
76071,222
76072,221
76073,230
76074,197
76075,208
76076,221
76077,201
76078,200
76079,213
76080,226
76081,198
76082,218
76083,230
76084,234
76085,212
76086,228
76087,202
76088,225
76089,219
76090,218
76091,254
76092,216
76093,228
76094,221
76095,214
76096,206
76097,229
76098,275
76099,237
76100,217
76101,215
76102,214
76103,208
76104,222
76105,231
76106,232
76107,247
76108,222
76109,232
76110,228
76111,245
76112,252
76113,236
76114,210
76115,234
76116,225
76117,239
76118,220
76119,238
76120,218
76121,218
76122,235
76123,210
76124,237
76125,229
76126,199
76127,215
76128,231
76129,217
76130,236
76131,202
76132,226
76133,239
76134,237
76135,230
76136,229
76137,216
76138,239
76139,199
76140,261
76141,237
76142,195
76143,199
76144,252
76145,220
76146,209
76147,207
76148,237
76149,204
76150,255
76151,213
76152,207
76153,221
76154,221
76155,207
76156,212
76157,231
76158,218
76159,232
76160,219
76161,223
76162,235
76163,216
76164,206
76165,229
76166,215
76167,234
76168,219
76169,208
76170,205
76171,234
76172,214
76173,233
76174,219
76175,212
76176,214
76177,220
76178,211
76179,247
76180,223
76181,238
76182,201
76183,213
76184,233
76185,245
76186,218
76187,212
76188,220
76189,231
76190,241
76191,210
76192,208
76193,238
76194,223
76195,211
76196,230
76197,226
76198,241
76199,235
76200,203
76201,216
76202,238
76203,204
76204,227
76205,232
76206,231
76207,243
76208,237
76209,219
76210,198
76211,242
76212,214
76213,217
76214,237
76215,224
76216,197
76217,238
76218,235
76219,203
76220,226
76221,216
76222,192
76223,211
76224,232
76225,238
76226,209
76227,214
76228,226
76229,224
76230,232
76231,209
76232,241
76233,242
76234,211
76235,210
76236,228
76237,221
76238,193
76239,233
76240,224
76241,250
76242,230
76243,223
76244,236
76245,218
76246,212
76247,212
76248,228
76249,220
76250,230
76251,238
76252,223
76253,224
76254,206
76255,215
76256,223
76257,225
76258,224
76259,229
76260,241
76261,242
76262,220
76263,202
76264,236
76265,212
76266,220
76267,194
76268,215
76269,246
76270,235
76271,220
76272,208
76273,205
76274,198
76275,213
76276,198
76277,225
76278,220
76279,196
76280,215
76281,216
76282,235
76283,202
76284,205
76285,203
76286,216
76287,222
76288,216
76289,216
76290,207
76291,221
76292,210
76293,211
76294,236
76295,195
76296,250
76297,218
76298,235
76299,222
76300,219
76301,228
76302,237
76303,205
76304,225
76305,241
76306,192
76307,227
76308,241
76309,211
76310,213
76311,200
76312,222
76313,209
76314,235
76315,224
76316,222
76317,220
76318,205
76319,221
76320,236
76321,199
76322,181
76323,230
76324,212
76325,208
76326,187
76327,196
76328,195
76329,231
76330,189
76331,222
76332,202
76333,217
76334,218
76335,201
76336,220
76337,245
76338,225
76339,207
76340,219
76341,229
76342,201
76343,205
76344,194
76345,213
76346,234
76347,218
76348,208
76349,214
76350,231
76351,212
76352,206
76353,215
76354,223
76355,235
76356,212
76357,177
76358,216
76359,199
76360,215
76361,219
76362,230
76363,225
76364,219
76365,226
76366,242
76367,231
76368,199
76369,222
76370,197
76371,222
76372,248
76373,237
76374,221
76375,215
76376,220
76377,223
76378,217
76379,203
76380,221
76381,202
76382,210
76383,190
76384,219
76385,226
76386,216
76387,217
76388,218
76389,184
76390,206
76391,204
76392,219
76393,193
76394,206
76395,228
76396,221
76397,214
76398,206
76399,200
76400,217
76401,217
76402,201
76403,243
76404,210
76405,209
76406,215
76407,207
76408,190
76409,230
76410,221
76411,238
76412,214
76413,203
76414,218
76415,212
76416,211
76417,232
76418,219
76419,229
76420,208
76421,196
76422,190
76423,211
76424,210
76425,207
76426,176
76427,220
76428,218
76429,235
76430,208
76431,198
76432,197
76433,215
76434,191
76435,210
76436,205
76437,190
76438,215
76439,237
76440,233
76441,219
76442,202
76443,219
76444,216
76445,220
76446,231
76447,209
76448,187
76449,228
76450,191
76451,207
76452,193
76453,214
76454,247
76455,208
76456,231
76457,181
76458,203
76459,190
76460,224
76461,207
76462,223
76463,191
76464,208
76465,214
76466,201
76467,201
76468,204
76469,192
76470,208
76471,229
76472,222
76473,217
76474,210
76475,229
76476,194
76477,206
76478,218
76479,210
76480,217
76481,183
76482,210
76483,201
76484,208
76485,217
76486,206
76487,214
76488,223
76489,200
76490,224
76491,242
76492,219
76493,235
76494,235
76495,213
76496,213
76497,207
76498,226
76499,231
76500,213
76501,233
76502,221
76503,192
76504,207
76505,193
76506,226
76507,208
76508,208
76509,215
76510,211
76511,237
76512,249
76513,224
76514,211
76515,209
76516,216
76517,205
76518,220
76519,221
76520,247
76521,189
76522,220
76523,205
76524,228
76525,225
76526,237
76527,206
76528,210
76529,215
76530,221
76531,217
76532,232
76533,206
76534,217
76535,253
76536,200
76537,202
76538,239
76539,218
76540,199
76541,235
76542,202
76543,205
76544,238
76545,228
76546,188
76547,196
76548,206
76549,221
76550,197
76551,238
76552,231
76553,230
76554,192
76555,209
76556,200
76557,203
76558,241
76559,237
76560,219
76561,202
76562,230
76563,222
76564,209
76565,187
76566,251
76567,214
76568,209
76569,228
76570,231
76571,193
76572,236
76573,222
76574,203
76575,218
76576,212
76577,225
76578,207
76579,223
76580,226
76581,203
76582,234
76583,236
76584,235
76585,212
76586,205
76587,224
76588,240
76589,202
76590,203
76591,225
76592,221
76593,230
76594,222
76595,252
76596,220
76597,219
76598,220
76599,219
76600,229
76601,187
76602,216
76603,203
76604,221
76605,254
76606,212
76607,240
76608,206
76609,233
76610,243
76611,208
76612,225
76613,208
76614,265
76615,226
76616,234
76617,231
76618,241
76619,228
76620,248
76621,236
76622,216
76623,198
76624,227
76625,208
76626,203
76627,241
76628,218
76629,227
76630,209
76631,232
76632,224
76633,216
76634,245
76635,227
76636,237
76637,231
76638,232
76639,206
76640,207
76641,212
76642,236
76643,240
76644,194
76645,226
76646,235
76647,230
76648,228
76649,248
76650,231
76651,217
76652,249
76653,203
76654,235
76655,239
76656,249
76657,231
76658,227
76659,232
76660,219
76661,207
76662,244
76663,220
76664,223
76665,230
76666,223
76667,257
76668,220
76669,239
76670,224
76671,227
76672,235
76673,246
76674,230
76675,270
76676,223
76677,231
76678,257
76679,236
76680,254
76681,224
76682,222
76683,261
76684,242
76685,217
76686,262
76687,225
76688,215
76689,217
76690,237
76691,266
76692,232
76693,237
76694,219
76695,238
76696,233
76697,247
76698,272
76699,227
76700,217
76701,239
76702,228
76703,259
76704,259
76705,232
76706,245
76707,212
76708,237
76709,249
76710,195
76711,258
76712,250
76713,229
76714,271
76715,245
76716,245
76717,230
76718,247
76719,233
76720,216
76721,255
76722,262
76723,239
76724,231
76725,247
76726,198
76727,240
76728,246
76729,223
76730,259
76731,208
76732,223
76733,228
76734,237
76735,236
76736,210
76737,262
76738,249
76739,204
76740,232
76741,251
76742,252
76743,256
76744,226
76745,219
76746,259
76747,228
76748,242
76749,239
76750,272
76751,227
76752,246
76753,234
76754,232
76755,264
76756,227
76757,274
76758,252
76759,255
76760,276
76761,209
76762,248
76763,240
76764,233
76765,221
76766,240
76767,245
76768,214
76769,210
76770,232
76771,231
76772,248
76773,209
76774,218
76775,199
76776,238
76777,228
76778,198
76779,246
76780,221
76781,228
76782,240
76783,222
76784,215
76785,201
76786,240
76787,238
76788,209
76789,223
76790,229
76791,221
76792,223
76793,241
76794,196
76795,198
76796,223
76797,207
76798,235
76799,221
76800,212
76801,212
76802,215
76803,240
76804,205
76805,207
76806,223
76807,218
76808,238
76809,241
76810,216
76811,220
76812,227
76813,233
76814,210
76815,222
76816,202
76817,228
76818,228
76819,236
76820,234
76821,222
76822,219
76823,237
76824,246
76825,234
76826,205
76827,209
76828,224
76829,248
76830,227
76831,245
76832,225
76833,224
76834,257
76835,246
76836,254
76837,244
76838,217
76839,245
76840,243
76841,227
76842,251
76843,241
76844,244
76845,247
76846,261
76847,277
76848,299
76849,251
76850,315
76851,298
76852,309
76853,300
76854,262
76855,263
76856,240
76857,306
76858,279
76859,284
76860,286
76861,279
76862,281
76863,294
76864,259
76865,311
76866,297
76867,305
76868,326
76869,307
76870,328
76871,309
76872,324
76873,272
76874,315
76875,310
76876,329
76877,315
76878,340
76879,328
76880,331
76881,339
76882,367
76883,384
76884,366
76885,354
76886,318
76887,359
76888,347
76889,362
76890,393
76891,418
76892,394
76893,405
76894,384
76895,338
76896,392
76897,390
76898,409
76899,362
76900,415
76901,411
76902,339
76903,358
76904,366
76905,386
76906,409
76907,392
76908,393
76909,362
76910,361
76911,378
76912,390
76913,334
76914,374
76915,389
76916,373
76917,429
76918,402
76919,390
76920,412
76921,404
76922,411
76923,418
76924,408
76925,447
76926,404
76927,473
76928,483
76929,483
76930,528
76931,628
76932,599
76933,578
76934,579
76935,620
76936,634
76937,542
76938,547
76939,581
76940,690
76941,725
76942,736
76943,727
76944,963
76945,1055
76946,1195
76947,1198
76948,1220
76949,1255
76950,1200
76951,1209
76952,687
76953,304
76954,234
76955,218
76956,235
76957,210
76958,245
76959,212
76960,242
76961,243
76962,286
76963,261
