NETCARE2015/data/raw/CPC_R1/CPC3776_Polar6_20150408_R1_L2.ict
33,1001
Abbatt,Jon
University of Toronto
Polar 6
NETCARE
1,1
2015,4,8,2016,1,15
1
time,seconds,seconds from start in UTC
1
1
-99999
conc,number of particles per cm3
0
18
PI_CONTACT_INFO: 80 St. George Street; Toronto; ON M5S 3H6 CANADA; email: jabbatt@chem.utoronto.ca
PLATFORM: Polar 6 aircraft
LOCATION: Canadian Arctic near Alert
ASSOCIATED_DATA: none
INSTRUMENT_INFO: data from TSI CPC3776
DATA_INFO: all relevant information is given above
UNCERTAINTY: to be determined
ULOD_FLAG: -7777
ULOD_VALUE: N/As
LLOD_FLAG: -8888
LLOD_VALUE: N/A
DM_CONTACT_INFO: Julia Burkart -- University of Toronto; jburkart@chem.utoronto.ca
PROJECT_INFO: Polar 6 NETCARE Spring 2015 campaign
STIPULATIONS_ON_USE: N/A
OTHER_COMMENTS: N/A
REVISION: R0
R0: validated data
time,conc
[from data line 1597]
65981,452
65982,422
65983,419
65984,437
65985,390
65986,447
65987,423
65988,413
65989,433
65990,432
65991,440
65992,446
65993,421
65994,429
65995,407
65996,381
65997,385
65998,413
65999,438
66000,459
66001,408
66002,437
66003,413
66004,410
66005,401
66006,404
66007,386
66008,398
66009,390
66010,411
66011,391
66012,414
66013,389
66014,444
66015,411
66016,410
66017,439
66018,412
66019,412
66020,429
66021,443
66022,427
66023,421
66024,439
66025,398
66026,434
66027,396
66028,399
66029,393
66030,386
66031,378
66032,374
66033,365
66034,400
66035,387
66036,404
66037,409
66038,396
66039,396
66040,384
66041,411
66042,417
66043,419
66044,366
66045,453
66046,378
66047,397
66048,388
66049,458
66050,415
66051,411
66052,447
66053,393
66054,438
66055,396
66056,437
66057,413
66058,403
66059,448
66060,415
66061,423
66062,457
66063,410
66064,430
66065,398
66066,417
66067,387
66068,395
66069,416
66070,411
66071,435
66072,443
66073,429
66074,405
66075,376
66076,424
66077,414
66078,431
66079,391
66080,400
66081,431
66082,399
66083,419
66084,405
66085,445
66086,430
66087,418
66088,368
66089,415
66090,389
66091,390
66092,441
66093,417
66094,406
66095,372
66096,410
66097,441
66098,370
66099,436
66100,383
66101,422
66102,418
66103,426
66104,451
66105,448
66106,375
66107,428
66108,407
66109,437
66110,440
66111,409
66112,419
66113,417
66114,442
66115,462
66116,476
66117,491
66118,510
66119,462
66120,448
66121,483
66122,472
66123,543
66124,492
66125,542
66126,536
66127,521
66128,511
66129,484
66130,555
66131,539
66132,530
66133,516
66134,517
66135,561
66136,542
66137,494
66138,553
66139,502
66140,537
66141,530
66142,555
66143,490
66144,518
66145,557
66146,549
66147,553
66148,527
66149,566
66150,524
66151,568
66152,507
66153,563
66154,525
66155,538
66156,503
66157,532
66158,527
66159,508
66160,477
66161,552
66162,522
66163,512
66164,522
66165,501
66166,512
66167,478
66168,499
66169,509
66170,523
66171,547
66172,537
66173,528
66174,525
66175,474
66176,495
66177,527
66178,553
66179,481
66180,540
66181,561
66182,510
66183,519
66184,506
66185,547
66186,530
66187,535
66188,523
66189,529
66190,558
66191,545
66192,540
66193,524
66194,583
66195,536
66196,545
66197,529
66198,586
66199,515
66200,597
66201,509
66202,493
66203,554
66204,515
66205,539
66206,536
66207,544
66208,546
66209,508
66210,501
66211,552
66212,523
66213,543
66214,499
66215,555
66216,492
66217,553
66218,576
66219,576
66220,527
66221,538
66222,535
66223,546
66224,513
66225,562
66226,523
66227,528
66228,508
66229,509
66230,517
66231,525
66232,539
66233,551
66234,529
66235,516
66236,546
66237,508
66238,539
66239,549
66240,589
66241,495
66242,511
66243,543
66244,518
66245,558
66246,505
66247,549
66248,553
66249,586
66250,557
66251,530
66252,493
66253,534
66254,537
66255,536
66256,498
66257,590
66258,539
66259,511
66260,509
66261,527
66262,492
66263,516
66264,490
66265,515
66266,505
66267,529
66268,521
66269,478
66270,499
66271,539
66272,535
66273,530
66274,500
66275,446
66276,529
66277,504
66278,486
66279,532
66280,480
66281,517
66282,523
66283,562
66284,479
66285,509
66286,515
66287,497
66288,549
66289,543
66290,486
66291,516
66292,521
66293,526
66294,536
66295,559
66296,530
66297,498
66298,490
66299,548
66300,507
66301,467
66302,535
66303,503
66304,497
66305,506
66306,570
66307,511
66308,538
66309,509
66310,519
66311,512
66312,530
66313,485
66314,505
66315,466
66316,529
66317,521
66318,523
66319,549
66320,514
66321,549
66322,516
66323,548
66324,529
66325,530
66326,547
66327,500
66328,464
66329,528
66330,466
66331,508
66332,545
66333,532
66334,528
66335,503
66336,494
66337,520
66338,538
66339,469
66340,477
66341,527
66342,479
66343,528
66344,516
66345,474
66346,478
66347,471
66348,505
66349,520
66350,523
66351,519
66352,521
66353,478
66354,521
66355,541
66356,498
66357,504
66358,456
66359,513
66360,523
66361,526
66362,471
66363,541
66364,521
66365,459
66366,481
66367,531
66368,532
66369,529
66370,522
66371,543
66372,557
66373,522
66374,568
66375,525
66376,557
66377,508
66378,536
66379,479
66380,508
66381,561
66382,508
66383,524
66384,571
66385,560
66386,489
66387,563
66388,501
66389,511
66390,472
66391,510
66392,489
66393,574
66394,514
66395,513
66396,479
66397,473
66398,497
66399,531
66400,453
66401,524
66402,456
66403,493
66404,495
66405,482
66406,467
66407,506
66408,550
66409,503
66410,482
66411,487
66412,442
66413,474
66414,446
66415,471
66416,557
66417,472
66418,470
66419,458
66420,472
66421,477
66422,436
66423,461
66424,437
66425,486
66426,496
66427,400
66428,460
66429,486
66430,443
66431,430
66432,442
66433,450
66434,435
66435,441
66436,408
66437,414
66438,433
66439,475
66440,451
66441,448
66442,408
66443,418
66444,402
66445,473
66446,449
66447,386
66448,462
66449,370
66450,387
66451,447
66452,471
66453,414
66454,406
66455,425
66456,412
66457,480
66458,401
66459,416
66460,465
66461,446
66462,457
66463,430
66464,418
66465,412
66466,427
66467,420
66468,460
66469,387
66470,377
66471,387
66472,374
66473,367
66474,362
66475,370
66476,374
66477,388
66478,390
66479,401
66480,392
66481,382
66482,370
66483,374
66484,390
66485,387
66486,391
66487,403
66488,416
66489,418
66490,408
66491,419
66492,430
66493,448
66494,394
66495,374
66496,451
66497,413
66498,404
66499,438
66500,448
66501,392
66502,419
66503,408
66504,423
66505,432
66506,391
66507,434
66508,428
66509,406
66510,442
66511,478
66512,443
66513,426
66514,424
66515,417
66516,417
66517,415
66518,393
66519,407
66520,439
66521,424
66522,424
66523,459
66524,409
66525,403
66526,396
66527,396
66528,420
66529,416
66530,423
66531,428
66532,397
66533,419
66534,397
66535,391
66536,390
66537,410
66538,377
66539,408
66540,418
66541,428
66542,413
66543,413
66544,413
66545,393
66546,385
66547,394
66548,400
66549,388
66550,388
66551,417
66552,363
66553,397
66554,391
66555,371
66556,371
66557,363
66558,364
66559,347
66560,360
66561,362
66562,369
66563,353
66564,364
66565,378
66566,347
66567,395
66568,403
66569,389
66570,370
66571,351
66572,369
66573,356
66574,367
66575,342
66576,367
66577,350
66578,364
66579,325
66580,371
66581,372
66582,376
66583,359
66584,379
66585,347
66586,377
66587,333
66588,354
66589,345
66590,353
66591,284
66592,328
66593,320
66594,333
66595,332
66596,349
66597,351
66598,332
66599,321
66600,308
66601,355
66602,324
66603,343
66604,322
66605,309
66606,335
66607,356
66608,346
66609,324
66610,302
66611,341
66612,336
66613,351
66614,352
66615,354
66616,349
66617,352
66618,353
66619,341
66620,375
66621,331
66622,362
66623,384
66624,401
66625,354
66626,345
66627,371
66628,404
66629,372
66630,425
66631,433
66632,438
66633,406
66634,409
66635,428
66636,444
66637,404
66638,404
66639,460
66640,414
66641,454
66642,512
66643,458
66644,492
66645,485
66646,505
66647,506
66648,466
66649,456
66650,474
66651,414
66652,495
66653,514
66654,511
66655,472
66656,430
66657,486
66658,520
66659,495
66660,462
66661,456
66662,470
66663,472
66664,460
66665,492
66666,496
66667,463
66668,395
66669,460
66670,440
66671,436
66672,442
66673,406
66674,426
66675,385
66676,413
66677,428
66678,339
66679,410
66680,421
66681,407
66682,440
66683,395
66684,399
66685,455
66686,394
66687,424
66688,403
66689,396
66690,414
66691,431
66692,433
66693,446
66694,435
66695,446
66696,475
66697,460
66698,454
66699,451
66700,430
66701,428
66702,443
66703,413
66704,448
66705,431
66706,446
66707,419
66708,439
66709,451
66710,443
66711,406
66712,413
66713,428
66714,404
66715,411
66716,416
66717,439
66718,420
66719,441
66720,449
66721,421
66722,463
66723,431
66724,418
66725,423
66726,367
66727,432
66728,379
66729,397
66730,422
66731,401
66732,407
66733,413
66734,407
66735,416
66736,400
66737,470
66738,433
66739,441
66740,425
66741,482
66742,435
66743,438
66744,409
66745,417
66746,389
66747,429
66748,419
66749,433
66750,424
66751,422
66752,441
66753,435
66754,425
66755,453
66756,404
66757,395
66758,425
66759,406
66760,430
66761,434
66762,390
66763,419
66764,411
66765,426
66766,425
66767,381
66768,384
66769,393
66770,381
66771,408
66772,459
66773,419
66774,403
66775,364
66776,399
66777,396
66778,380
66779,400
66780,395
66781,422
66782,388
66783,370
66784,370
66785,422
66786,421
66787,402
66788,431
66789,402
66790,410
66791,399
66792,395
66793,391
66794,409
66795,382
66796,416
66797,403
66798,379
66799,398
66800,398
66801,389
66802,409
66803,386
66804,412
66805,392
66806,402
66807,413
66808,367
66809,384
66810,411
66811,405
66812,422
66813,395
66814,449
66815,412
66816,427
66817,439
66818,415
66819,386
66820,389
66821,379
66822,376
66823,388
66824,390
66825,366
66826,378
66827,379
66828,395
66829,412
66830,396
66831,430
66832,372
66833,431
66834,414
66835,405
66836,407
66837,427
66838,384
66839,426
66840,402
66841,385
66842,405
66843,401
66844,348
66845,420
66846,371
66847,404
66848,408
66849,358
66850,383
66851,367
66852,398
66853,386
66854,395
66855,383
66856,414
66857,363
66858,365
66859,360
66860,400
66861,389
66862,399
66863,410
66864,366
66865,348
66866,373
66867,401
66868,411
66869,378
66870,383
66871,396
66872,382
66873,356
66874,385
66875,374
66876,344
66877,358
66878,392
66879,385
66880,370
66881,386
66882,381
66883,374
66884,402
66885,351
66886,391
66887,339
66888,379
66889,382
66890,384
66891,363
66892,399
66893,396
66894,350
66895,350
66896,375
66897,359
66898,352
66899,325
66900,372
66901,338
66902,411
66903,371
66904,370
66905,326
66906,342
66907,348
66908,320
66909,353
66910,325
66911,356
66912,370
66913,344
66914,353
66915,359
66916,358
66917,357
66918,368
66919,370
66920,367
66921,304
66922,350
66923,350
66924,336
66925,292
66926,320
66927,345
66928,331
66929,315
66930,343
66931,325
66932,378
66933,329
66934,328
66935,366
66936,335
66937,335
66938,327
66939,386
66940,332
66941,340
66942,342
66943,337
66944,324
66945,346
66946,364
66947,300
66948,341
66949,333
66950,360
66951,316
66952,304
66953,315
66954,350
66955,334
66956,327
66957,337
66958,350
66959,366
66960,353
66961,346
66962,334
66963,378
66964,344
66965,339
66966,353
66967,374
66968,344
66969,338
66970,332
66971,342
66972,342
66973,348
66974,328
66975,337
66976,369
66977,302
66978,360
66979,365
66980,343
66981,323
66982,322
66983,357
66984,347
66985,342
66986,383
66987,325
66988,356
66989,344
66990,373
66991,356
66992,338
66993,355
66994,353
66995,371
66996,359
66997,352
66998,354
66999,341
67000,361
67001,357
67002,347
67003,351
67004,408
67005,333
67006,333
67007,370
67008,311
67009,372
67010,377
67011,340
67012,303
67013,364
67014,324
67015,335
67016,321
67017,314
67018,321
67019,355
67020,308
67021,331
67022,283
67023,299
67024,308
67025,311
67026,348
67027,318
67028,272
67029,333
67030,310
67031,290
67032,314
67033,317
67034,336
67035,303
67036,303
67037,340
67038,332
67039,329
67040,307
67041,320
67042,335
67043,366
67044,318
67045,328
67046,317
67047,330
67048,358
67049,309
67050,319
67051,347
67052,313
67053,301
67054,353
67055,287
67056,307
67057,320
67058,312
67059,328
67060,339
67061,332
67062,320
67063,296
67064,314
67065,317
67066,294
67067,298
67068,306
67069,312
67070,318
67071,277
67072,315
67073,297
67074,279
67075,297
67076,303
67077,288
67078,297
67079,274
67080,285
67081,264
67082,281
67083,279
67084,270
67085,297
67086,289
67087,277
67088,258
67089,298
67090,283
67091,283
67092,289
67093,249
67094,272
67095,272
67096,278
67097,275
67098,262
67099,236
67100,306
67101,275
67102,254
67103,260
67104,269
67105,290
67106,277
67107,275
67108,291
67109,275
67110,263
67111,261
67112,291
67113,274
67114,241
67115,227
67116,267
67117,259
67118,256
67119,241
67120,257
67121,255
67122,287
67123,273
67124,250
67125,256
67126,276
67127,271
67128,279
67129,240
67130,301
67131,265
67132,263
67133,268
67134,274
67135,263
67136,275
67137,319
67138,305
67139,280
67140,293
67141,272
67142,298
67143,269
67144,243
67145,269
67146,263
67147,271
67148,277
67149,264
67150,246
67151,274
67152,276
67153,302
67154,256
67155,272
67156,312
67157,291
67158,257
67159,288
67160,291
67161,271
67162,280
67163,270
67164,287
67165,312
67166,247
67167,272
67168,244
67169,278
67170,269
67171,268
67172,291
67173,259
67174,294
67175,257
67176,304
67177,297
67178,318
67179,268
67180,285
67181,263
67182,266
67183,277
67184,255
67185,275
67186,265
67187,285
67188,292
67189,276
67190,280
67191,264
67192,286
67193,279
67194,254
67195,300
67196,254
67197,311
67198,272
67199,284
67200,299
67201,276
67202,268
67203,292
67204,289
67205,292
67206,269
67207,275
67208,237
67209,282
67210,310
67211,287
67212,299
67213,264
67214,237
67215,288
67216,304
67217,330
67218,294
67219,289
67220,280
67221,273
67222,309
67223,303
67224,295
67225,290
67226,285
67227,292
67228,281
67229,314
67230,351
67231,319
67232,353
67233,311
67234,378
67235,359
67236,369
67237,375
67238,409
67239,383
67240,383
67241,357
67242,372
67243,384
67244,411
67245,415
67246,365
67247,374
67248,359
67249,355
67250,417
67251,405
67252,419
67253,382
67254,380
67255,437
67256,410
67257,394
67258,477
67259,439
67260,394
67261,403
67262,429
67263,403
67264,440
67265,395
67266,416
67267,398
67268,419
67269,410
67270,431
67271,408
67272,404
67273,434
67274,457
67275,437
67276,400
67277,427
67278,449
67279,419
67280,443
67281,465
67282,420
67283,416
67284,434
67285,432
67286,418
67287,402
67288,432
67289,426
67290,439
67291,417
67292,432
67293,453
67294,416
67295,441
67296,418
67297,414
67298,437
67299,440
67300,461
67301,439
67302,426
67303,458
67304,425
67305,402
67306,421
67307,448
67308,436
67309,454
67310,423
67311,445
67312,428
67313,437
67314,458
67315,423
67316,458
67317,437
67318,450
67319,470
67320,444
67321,460
67322,447
67323,465
67324,445
67325,466
67326,428
67327,470
67328,481
67329,407
67330,396
67331,455
67332,467
67333,463
67334,458
67335,452
67336,477
67337,491
67338,429
67339,445
67340,479
67341,465
67342,420
67343,462
67344,464
67345,472
67346,459
67347,424
67348,440
67349,411
67350,431
67351,445
67352,410
67353,446
67354,405
67355,429
67356,451
67357,445
67358,445
67359,438
67360,392
67361,435
67362,415
67363,410
67364,407
67365,398
67366,407
67367,465
67368,409
67369,438
67370,413
67371,388
67372,432
67373,424
67374,443
67375,391
67376,412
67377,423
67378,406
67379,414
67380,419
67381,425
67382,434
67383,432
67384,418
67385,395
67386,412
67387,415
67388,379
67389,400
67390,403
67391,394
67392,428
67393,379
67394,326
67395,394
67396,408
67397,430
67398,410
67399,454
67400,438
67401,424
67402,403
67403,445
67404,406
67405,401
67406,405
67407,382
67408,404
67409,393
67410,414
67411,372
67412,361
67413,380
67414,427
67415,417
67416,393
67417,375
67418,416
67419,417
67420,384
67421,401
67422,422
67423,344
67424,383
67425,398
67426,370
67427,425
67428,382
67429,395
67430,422
67431,427
67432,411
67433,434
67434,435
67435,380
67436,399
67437,389
67438,402
67439,358
67440,402
67441,418
67442,400
67443,389
67444,370
67445,395
67446,397
67447,360
67448,410
67449,378
67450,383
67451,507
67452,408
67453,428
67454,398
67455,358
67456,420
67457,338
67458,396
67459,369
67460,385
67461,372
67462,402
67463,392
67464,383
67465,385
67466,408
67467,371
67468,380
67469,361
67470,403
67471,381
67472,381
67473,403
67474,354
67475,371
67476,384
67477,384
67478,407
67479,387
67480,374
67481,411
67482,366
67483,371
67484,413
67485,406
67486,432
67487,388
67488,400
67489,374
67490,402
67491,369
67492,389
67493,405
67494,347
67495,389
67496,362
67497,376
67498,363
67499,374
67500,398
67501,370
67502,363
67503,374
67504,381
67505,403
67506,372
67507,373
67508,393
67509,372
67510,360
67511,315
67512,384
67513,350
67514,313
67515,347
67516,354
67517,317
67518,322
67519,356
67520,329
67521,336
67522,380
67523,414
67524,341
67525,353
67526,362
67527,357
67528,337
67529,389
67530,324
67531,326
67532,285
67533,307
67534,278
67535,305
67536,310
67537,330
67538,291
67539,345
67540,356
67541,310
67542,296
67543,378
67544,327
67545,313
67546,257
67547,273
67548,316
67549,284
67550,268
67551,297
67552,298
67553,276
67554,322
67555,313
67556,289
67557,265
67558,266
67559,289
67560,286
67561,312
67562,280
67563,256
67564,251
67565,266
67566,287
67567,253
67568,268
67569,243
67570,270
67571,262
67572,265
67573,268
67574,255
67575,276
67576,275
67577,291
67578,272
67579,276
