NETCARE2015/data/raw/CPC_R1/CPC3776_Polar6_20150408_R1_L2.ict
33,1001
Abbatt,Jon
University of Toronto
Polar 6
NETCARE
1,1
2015,4,8,2016,1,15
1
time,seconds,seconds from start in UTC
1
1
-99999
conc,number of particles per cm3
0
18
PI_CONTACT_INFO: 80 St. George Street; Toronto; ON M5S 3H6 CANADA; email: jabbatt@chem.utoronto.ca
PLATFORM: Polar 6 aircraft
LOCATION: Canadian Arctic near Alert
ASSOCIATED_DATA: none
INSTRUMENT_INFO: data from TSI CPC3776
DATA_INFO: all relevant information is given above
UNCERTAINTY: to be determined
ULOD_FLAG: -7777
ULOD_VALUE: N/As
LLOD_FLAG: -8888
LLOD_VALUE: N/A
DM_CONTACT_INFO: Julia Burkart -- University of Toronto; jburkart@chem.utoronto.ca
PROJECT_INFO: Polar 6 NETCARE Spring 2015 campaign
STIPULATIONS_ON_USE: N/A
OTHER_COMMENTS: N/A
REVISION: R0
R0: validated data
time,conc
[from data line 6460]
70844,296
70845,268
70846,319
70847,291
70848,253
70849,286
70850,273
70851,284
70852,286
70853,270
70854,266
70855,281
70856,269
70857,271
70858,271
70859,286
70860,284
70861,284
70862,264
70863,277
70864,275
70865,281
70866,242
70867,259
70868,249
70869,285
70870,307
70871,294
70872,304
70873,311
70874,1782
70875,15745
70876,7016
70877,8738
70878,388
70879,287
70880,291
70881,254
70882,531
70883,288
70884,279
70885,263
70886,285
70887,272
70888,275
70889,305
70890,282
70891,268
70892,283
70893,258
70894,280
70895,269
70896,255
70897,289
70898,297
70899,285
70900,272
70901,313
70902,253
70903,260
70904,283
70905,298
70906,291
70907,295
70908,262
70909,264
70910,246
70911,262
70912,260
70913,298
70914,256
70915,300
70916,276
70917,282
70918,285
70919,275
70920,271
70921,281
70922,326
70923,264
70924,279
70925,260
70926,280
70927,311
70928,258
70929,287
70930,304
70931,281
70932,259
70933,264
70934,280
70935,256
70936,286
70937,260
70938,276
70939,273
70940,257
70941,258
70942,280
70943,247
70944,268
70945,283
70946,319
70947,281
70948,260
70949,282
70950,287
70951,281
70952,305
70953,278
70954,296
70955,283
70956,316
70957,249
70958,280
70959,313
70960,261
70961,294
70962,292
70963,261
70964,311
70965,303
70966,321
70967,351
70968,359
70969,368
70970,367
70971,415
70972,378
70973,398
70974,417
70975,404
70976,453
70977,413
70978,436
70979,426
70980,432
70981,434
70982,416
70983,421
70984,388
70985,424
70986,390
70987,452
70988,399
70989,385
70990,408
70991,430
70992,404
70993,454
70994,396
70995,405
70996,418
70997,432
70998,392
70999,419
71000,380
71001,408
71002,416
71003,382
71004,392
71005,367
71006,412
71007,438
71008,350
71009,389
71010,411
71011,410
71012,397
71013,418
71014,446
71015,365
71016,428
71017,429
71018,463
71019,380
71020,427
71021,373
71022,397
71023,371
71024,405
71025,456
71026,388
71027,376
71028,437
71029,388
71030,374
71031,402
71032,403
71033,398
71034,391
71035,385
71036,439
71037,416
71038,404
71039,347
71040,421
71041,398
71042,411
71043,419
71044,346
71045,398
71046,397
71047,433
71048,406
71049,460
71050,432
71051,426
71052,386
71053,403
71054,422
71055,401
71056,409
71057,430
71058,397
71059,402
71060,414
71061,419
71062,386
71063,397
71064,400
71065,408
71066,393
71067,402
71068,406
71069,383
71070,391
71071,406
71072,389
71073,422
71074,410
71075,419
71076,390
71077,383
71078,429
71079,380
71080,367
71081,428
71082,385
71083,424
71084,418
71085,366
71086,417
71087,442
71088,405
71089,354
71090,426
71091,389
71092,358
71093,355
71094,420
71095,412
71096,407
71097,380
71098,375
71099,368
71100,414
71101,399
71102,398
71103,407
71104,411
71105,396
71106,380
71107,378
71108,382
71109,366
71110,358
71111,379
71112,371
71113,339
71114,359
71115,376
71116,403
71117,373
71118,384
71119,389
71120,363
71121,384
71122,341
71123,363
71124,357
71125,395
71126,360
71127,392
71128,343
71129,398
71130,426
71131,367
71132,364
71133,392
71134,353
71135,368
71136,357
71137,349
71138,382
71139,340
71140,375
71141,334
71142,316
71143,356
71144,332
71145,350
71146,344
71147,333
71148,287
71149,335
71150,301
71151,328
71152,288
71153,332
71154,299
71155,285
71156,286
71157,312
71158,291
71159,261
71160,268
71161,297
71162,285
71163,249
71164,254
71165,277
71166,246
71167,258
71168,280
71169,279
71170,278
71171,248
71172,267
71173,262
71174,268
71175,296
71176,238
71177,250
71178,270
71179,228
71180,279
71181,267
71182,262
71183,257
71184,257
71185,258
71186,259
71187,265
71188,244
71189,255
71190,268
71191,249
71192,261
71193,259
71194,265
71195,259
71196,256
71197,226
71198,243
71199,252
71200,253
71201,252
71202,237
71203,246
71204,239
71205,232
71206,237
71207,221
71208,265
71209,229
71210,236
71211,232
71212,219
71213,247
71214,263
71215,231
71216,234
71217,295
71218,272
71219,263
71220,293
71221,255
71222,275
71223,239
71224,265
71225,310
71226,233
71227,257
71228,246
71229,250
71230,256
71231,251
71232,242
71233,315
71234,277
71235,248
71236,276
71237,251
71238,281
71239,268
71240,270
71241,236
71242,257
71243,257
71244,248
71245,273
71246,272
71247,281
71248,270
71249,293
71250,230
71251,267
71252,261
71253,269
71254,266
71255,235
71256,249
71257,250
71258,251
71259,211
71260,254
71261,254
71262,283
71263,264
71264,257
71265,270
71266,249
71267,254
71268,248
71269,255
71270,261
71271,248
71272,246
71273,253
71274,229
71275,245
71276,279
71277,262
71278,234
71279,242
71280,235
71281,238
71282,271
71283,239
71284,230
71285,210
71286,253
71287,252
71288,240
71289,227
71290,253
71291,282
71292,241
71293,249
71294,246
71295,208
71296,235
71297,245
71298,242
71299,248
71300,253
71301,242
71302,228
71303,239
71304,253
71305,189
71306,242
71307,202
71308,235
71309,239
71310,212
71311,218
71312,253
71313,223
71314,219
71315,216
71316,199
71317,223
71318,234
71319,206
71320,192
71321,191
71322,208
71323,197
71324,193
71325,232
71326,159
71327,183
71328,200
71329,185
71330,184
71331,180
71332,187
71333,192
71334,205
71335,194
71336,186
71337,184
71338,187
71339,198
71340,211
71341,233
71342,182
71343,204
71344,204
71345,200
71346,190
71347,198
71348,187
71349,198
71350,202
71351,204
71352,211
71353,202
71354,194
71355,181
71356,205
71357,226
71358,212
71359,197
71360,197
71361,231
71362,204
71363,215
71364,193
71365,205
71366,196
71367,224
71368,198
71369,181
71370,198
71371,224
71372,207
71373,201
71374,201
71375,205
71376,212
71377,188
71378,197
71379,199
71380,202
71381,222
71382,213
71383,216
71384,190
71385,220
71386,183
71387,212
71388,225
71389,222
71390,221
71391,212
71392,194
71393,180
71394,205
71395,226
71396,195
71397,186
71398,196
71399,207
71400,225
71401,221
71402,214
71403,201
71404,177
71405,205
71406,214
71407,201
71408,194
71409,171
71410,195
71411,193
71412,191
71413,218
71414,213
71415,201
71416,214
71417,226
71418,193
71419,228
71420,212
71421,184
71422,210
71423,193
71424,175
71425,200
71426,205
71427,193
71428,181
71429,219
71430,200
71431,201
71432,200
71433,206
71434,211
71435,217
71436,227
71437,225
71438,198
71439,181
71440,241
71441,201
71442,207
71443,225
71444,222
71445,215
71446,210
71447,200
71448,190
71449,198
71450,176
71451,188
71452,228
71453,205
71454,198
71455,219
71456,235
71457,195
71458,201
71459,213
71460,207
71461,196
71462,187
71463,217
71464,200
71465,205
71466,211
71467,202
71468,234
71469,186
71470,204
71471,212
71472,204
71473,212
71474,215
71475,211
71476,223
71477,193
71478,197
71479,209
71480,195
71481,232
71482,179
71483,186
71484,200
71485,222
71486,194
71487,219
71488,226
71489,216
71490,199
71491,209
71492,187
71493,203
71494,205
71495,225
71496,208
71497,225
71498,174
71499,215
71500,194
71501,219
71502,252
71503,205
71504,220
71505,230
71506,180
71507,202
71508,234
71509,212
71510,180
71511,191
71512,214
71513,202
71514,213
71515,190
71516,220
71517,209
71518,227
71519,200
71520,233
71521,202
71522,204
71523,234
71524,197
71525,191
71526,207
71527,225
71528,209
71529,195
71530,235
71531,205
71532,215
71533,179
71534,196
71535,241
71536,213
71537,221
71538,196
71539,232
71540,215
71541,222
71542,217
71543,194
71544,186
71545,210
71546,225
71547,211
71548,245
71549,209
71550,235
71551,216
71552,222
71553,242
71554,199
71555,211
71556,226
71557,187
71558,215
71559,211
71560,196
71561,210
71562,197
71563,197
71564,229
71565,227
71566,217
71567,198
71568,207
71569,233
71570,233
71571,221
71572,197
71573,231
71574,250
71575,207
71576,219
71577,227
71578,202
71579,218
71580,206
71581,193
71582,204
71583,239
71584,217
71585,196
71586,220
71587,211
71588,217
71589,217
71590,224
71591,221
71592,215
71593,184
71594,219
71595,221
71596,201
71597,211
71598,198
71599,210
71600,239
71601,185
71602,216
71603,201
71604,221
71605,198
71606,213
71607,206
71608,215
71609,251
71610,198
71611,195
71612,206
71613,227
71614,230
71615,216
71616,240
71617,225
71618,203
71619,208
71620,207
71621,226
71622,234
71623,227
71624,217
71625,238
71626,205
71627,203
71628,230
71629,220
71630,227
71631,209
71632,231
71633,219
71634,212
71635,241
71636,230
71637,248
71638,196
71639,187
71640,223
71641,227
71642,216
71643,240
71644,215
71645,206
71646,208
71647,238
71648,232
71649,219
71650,229
71651,188
71652,235
71653,252
71654,228
71655,200
71656,212
71657,234
71658,202
71659,195
71660,217
71661,222
71662,195
71663,206
71664,231
71665,206
71666,223
71667,211
71668,219
71669,189
71670,208
71671,206
71672,206
71673,167
71674,230
71675,218
71676,205
71677,215
71678,206
71679,268
71680,221
71681,229
71682,231
71683,228
71684,232
71685,217
71686,207
71687,203
71688,237
71689,237
71690,233
71691,237
71692,224
71693,215
71694,226
71695,210
71696,240
71697,238
71698,239
71699,205
71700,207
71701,220
71702,239
71703,207
71704,251
71705,211
71706,230
71707,214
71708,204
71709,222
71710,233
71711,212
71712,229
71713,209
71714,255
71715,218
71716,212
71717,191
71718,231
71719,219
71720,196
71721,202
71722,223
71723,206
71724,209
71725,216
71726,198
71727,216
71728,231
71729,232
71730,245
71731,231
71732,240
71733,193
71734,229
71735,231
71736,209
71737,231
71738,191
71739,196
71740,223
71741,244
71742,204
71743,197
71744,192
71745,245
71746,214
71747,206
71748,189
71749,249
71750,227
71751,195
71752,216
71753,212
71754,205
71755,232
71756,218
71757,182
71758,209
71759,186
71760,205
71761,182
71762,175
71763,204
71764,209
71765,215
71766,224
71767,190
71768,173
71769,219
71770,198
71771,217
71772,205
71773,209
71774,219
71775,201
71776,178
71777,184
71778,189
71779,192
71780,183
71781,196
71782,190
71783,209
71784,201
71785,193
71786,214
71787,164
71788,178
71789,225
71790,200
71791,202
71792,182
71793,189
71794,209
71795,221
71796,208
71797,209
71798,194
71799,202
71800,183
71801,180
71802,217
71803,198
71804,200
71805,194
71806,217
71807,210
71808,213
71809,214
71810,185
71811,214
71812,186
71813,225
71814,228
71815,233
71816,216
71817,209
71818,206
71819,236
71820,209
71821,191
71822,216
71823,185
71824,211
71825,245
71826,176
71827,210
71828,220
71829,208
71830,186
71831,227
71832,232
71833,218
71834,201
71835,222
71836,176
71837,200
71838,217
71839,235
71840,213
71841,197
71842,227
71843,226
71844,205
71845,202
71846,211
71847,212
71848,231
71849,192
71850,192
71851,215
71852,210
71853,217
71854,221
71855,214
71856,182
71857,208
71858,264
71859,216
71860,240
71861,232
71862,230
71863,204
71864,255
71865,263
71866,255
71867,220
71868,249
71869,250
71870,242
71871,266
71872,244
71873,235
71874,233
71875,267
71876,218
71877,277
71878,239
71879,241
71880,274
71881,232
71882,245
71883,237
71884,235
71885,229
71886,236
71887,234
71888,233
71889,259
71890,234
71891,226
71892,260
71893,243
71894,205
71895,271
71896,211
71897,255
71898,275
71899,252
71900,232
71901,241
71902,239
71903,257
71904,235
71905,255
71906,220
71907,282
71908,239
71909,247
71910,280
71911,239
71912,226
71913,230
71914,247
71915,290
71916,245
71917,237
71918,245
71919,273
71920,252
71921,236
71922,263
71923,297
71924,271
71925,250
71926,262
71927,269
71928,240
71929,269
71930,268
71931,259
71932,249
71933,266
71934,235
71935,287
71936,241
71937,263
71938,262
71939,276
71940,280
71941,289
71942,238
71943,281
71944,250
71945,317
71946,300
71947,291
71948,276
71949,277
71950,291
71951,273
71952,244
71953,252
71954,283
71955,288
71956,265
71957,279
71958,309
71959,261
71960,304
71961,288
71962,241
71963,281
71964,274
71965,265
71966,250
71967,275
71968,263
71969,271
71970,234
71971,286
71972,251
71973,271
71974,268
71975,261
71976,263
71977,253
71978,238
71979,245
71980,261
71981,226
71982,246
71983,276
71984,249
71985,236
71986,260
71987,238
71988,242
71989,241
71990,259
71991,266
71992,258
71993,249
71994,271
71995,231
71996,250
71997,248
71998,265
71999,267
72000,225
72001,262
72002,222
72003,230
72004,224
72005,229
72006,256
72007,247
72008,225
72009,261
72010,237
72011,241
72012,279
72013,234
72014,239
72015,267
72016,256
72017,246
72018,233
72019,258
72020,250
72021,242
72022,227
72023,273
72024,247
72025,253
72026,263
72027,235
72028,236
72029,254
72030,267
72031,249
72032,269
72033,246
72034,267
72035,228
72036,230
72037,230
72038,229
72039,247
72040,251
72041,252
72042,239
72043,243
72044,248
72045,231
72046,217
72047,228
72048,274
72049,232
72050,240
72051,241
72052,240
72053,220
72054,256
72055,244
72056,242
72057,268
72058,257
72059,249
72060,225
72061,231
72062,265
72063,232
72064,220
72065,257
72066,228
72067,203
72068,249
72069,247
72070,223
72071,225
72072,224
72073,264
72074,247
72075,262
72076,269
72077,289
72078,253
72079,255
72080,289
72081,266
72082,243
72083,298
72084,280
72085,272
72086,269
72087,283
72088,240
72089,261
72090,227
72091,264
72092,213
72093,265
72094,284
72095,306
72096,250
72097,238
72098,221
72099,258
72100,248
72101,228
72102,250
72103,256
72104,240
72105,214
72106,199
72107,224
72108,201
72109,213
72110,210
72111,215
72112,201
72113,202
72114,170
72115,199
72116,197
72117,184
72118,196
72119,179
72120,188
72121,199
72122,196
72123,197
72124,202
72125,183
72126,184
72127,182
72128,179
72129,165
72130,181
72131,197
72132,178
72133,183
72134,181
72135,194
72136,181
72137,181
72138,205
72139,184
72140,179
72141,209
72142,179
72143,201
72144,165
72145,179
72146,172
72147,172
72148,171
72149,163
72150,185
72151,210
72152,169
72153,163
72154,175
72155,176
72156,178
72157,203
72158,201
72159,170
72160,188
72161,199
72162,198
72163,204
72164,212
72165,185
72166,204
72167,210
72168,208
72169,198
72170,245
72171,228
72172,212
72173,220
72174,206
72175,227
72176,217
72177,242
72178,206
72179,197
72180,200
72181,232
72182,218
72183,200
72184,212
72185,214
72186,200
72187,190
72188,225
72189,183
72190,165
72191,205
72192,209
72193,208
72194,219
72195,186
72196,189
72197,207
72198,211
72199,211
72200,196
72201,208
72202,191
72203,194
72204,202
72205,181
72206,216
72207,202
72208,224
72209,175
72210,212
72211,204
72212,213
72213,188
72214,180
72215,226
72216,203
72217,209
72218,211
72219,215
72220,216
72221,172
72222,218
72223,236
72224,229
72225,213
72226,197
72227,210
72228,216
72229,200
72230,228
72231,213
72232,205
72233,215
72234,214
72235,240
72236,197
72237,217
72238,231
72239,218
72240,229
72241,216
72242,218
72243,271
72244,255
72245,208
72246,251
72247,261
72248,263
72249,262
72250,263
72251,244
72252,242
72253,250
72254,223
72255,259
72256,269
72257,232
72258,254
72259,302
72260,256
72261,248
72262,308
72263,251
72264,270
72265,302
72266,217
72267,308
72268,303
72269,272
72270,289
72271,278
72272,261
72273,286
72274,286
72275,266
72276,255
72277,259
72278,245
72279,272
72280,232
72281,274
72282,266
72283,256
72284,234
72285,234
72286,227
72287,228
72288,233
72289,215
72290,234
72291,241
72292,217
72293,191
72294,209
72295,206
72296,222
72297,220
72298,238
72299,300
72300,336
72301,291
72302,235
72303,253
72304,252
72305,242
72306,224
72307,233
72308,238
72309,201
72310,232
72311,208
72312,220
72313,220
72314,213
72315,211
72316,207
72317,205
72318,215
72319,199
72320,168
72321,197
72322,214
72323,207
72324,197
72325,182
72326,206
72327,213
72328,178
72329,200
72330,166
72331,212
72332,195
72333,192
72334,162
72335,189
72336,187
72337,227
72338,204
72339,212
72340,160
72341,168
72342,183
72343,164
72344,190
72345,191
72346,176
72347,165
72348,178
72349,200
72350,215
72351,185
72352,211
72353,191
72354,180
72355,174
72356,183
72357,208
72358,185
72359,170
72360,177
72361,177
72362,181
72363,174
72364,194
72365,172
72366,178
72367,170
72368,182
72369,200
72370,184
72371,221
72372,160
72373,176
72374,170
72375,183
72376,170
72377,196
72378,178
72379,183
72380,225
72381,170
72382,216
72383,175
72384,193
72385,173
72386,173
72387,190
72388,148
72389,187
72390,204
72391,189
72392,182
72393,196
72394,188
72395,196
72396,190
72397,203
72398,210
72399,210
72400,189
72401,196
72402,216
72403,181
72404,170
72405,194
72406,170
72407,220
72408,182
72409,195
72410,194
72411,166
72412,184
72413,182
72414,223
72415,201
72416,176
72417,190
72418,189
72419,206
72420,222
72421,194
72422,216
72423,194
72424,188
72425,178
72426,195
72427,192
72428,179
72429,198
72430,196
72431,231
72432,178
72433,192
72434,184
72435,208
72436,190
72437,191
72438,167
72439,184
72440,198
72441,162
