data/raw/Flight4/CO2_POLAR6_20150408_R1_L2_NETCARE.ict
34, 1001
Bozem, Heiko; Hoor, Peter
Institute for Atmospheric Physics, Johannes Gutenberg University, Mainz, Germany
CO2 mixing ratio from LI7200 CO2 analyzer
NETCARE Polar 6 Campaign 2015
1, 1
2015, 04, 08, 2015, 08, 12
1
Time_UTC, seconds
1
1
-9999.99
CO2_ppmv, ppmv
0
19
PI_CONTACT_INFO: Address: Johann-Joachim-Becherweg 21, 55128 Mainz, email: bozemh@uni-mainz.de; hoor@uni-mainz.de
PLATFORM: Polar 6
LOCATION: GPS location and altitude available at 1 Hz resolution in separate file (See AIMMS files under Aircraft data and meteorology)
ASSOCIATED_DATA: N/A
INSTRUMENT_INFO: CO2 measurements based on non-dispersive infrared absorption spectroscopy
DATA_INFO: Units are ppmv
UNCERTAINTY: UNCERTAINTY RELATIVE TO STANDARD: 1.71 ppmv at 1 sigma confidence (before drift correction is applied)
ULOD_FLAG: -7777
ULOD_VALUE: 3000
LLOD_FLAG: -8888
LLOD_VALUE: N/A 
DM_CONTACT_INFO: N/A
PROJECT_INFO: NETCARE Polar 6 aircraft campaign in April 2015; Alert
STIPULATIONS_ON_USE: N/A
OTHER_COMMENTS: N/A
REVISION: R1
R0: Preliminary data, corrected for instrument drift
R1: Final data, corrected for instrument drift
Time_UTC,CO2_ppmv
[from data line 1228]
65612,408.46
65613,408.54
65614,408.56
65615,408.48
65616,408.53
65617,408.52
65618,408.41
65619,408.48
65620,408.48
65621,408.51
65622,408.50
65623,408.47
65624,408.54
65625,408.42
65626,408.55
65627,408.42
65628,408.58
65629,408.56
65630,408.58
65631,408.44
65632,408.57
65633,408.58
65634,408.53
65635,408.51
65636,408.55
65637,408.63
65638,408.58
65639,408.67
65640,408.71
65641,408.64
65642,408.68
65643,408.72
65644,408.64
65645,408.75
65646,408.69
65647,408.72
65648,408.78
65649,408.75
65650,408.64
65651,408.62
65652,408.63
65653,408.58
65654,408.67
65655,408.70
65656,408.54
65657,408.53
65658,408.43
65659,408.57
65660,408.51
65661,408.48
65662,408.49
65663,408.50
65664,408.52
65665,408.54
65666,408.38
65667,408.45
65668,408.40
65669,408.50
65670,408.40
65671,408.43
65672,408.39
65673,408.35
65674,408.38
65675,408.28
65676,408.30
65677,408.26
65678,408.32
65679,408.27
65680,408.36
65681,408.31
65682,408.19
65683,408.34
65684,408.32
65685,408.26
65686,408.29
65687,408.30
65688,408.28
65689,408.32
65690,408.26
65691,408.19
65692,408.32
65693,408.36
65694,408.32
65695,408.25
65696,408.30
65697,408.33
65698,408.38
65699,408.40
65700,408.35
65701,408.25
65702,408.26
65703,408.35
65704,408.30
65705,408.30
65706,408.16
65707,408.25
65708,408.30
65709,408.32
65710,408.16
65711,408.21
65712,408.23
65713,408.25
65714,408.25
65715,408.15
65716,408.18
65717,408.12
65718,408.14
65719,408.18
65720,408.09
65721,408.08
65722,408.10
65723,408.11
65724,408.10
65725,408.11
65726,408.10
65727,408.04
65728,408.13
65729,408.11
65730,408.08
65731,408.17
65732,407.96
65733,407.98
65734,408.09
65735,407.92
65736,407.93
65737,407.94
65738,407.86
65739,407.83
65740,407.77
65741,407.75
65742,407.75
65743,407.71
65744,407.80
65745,407.82
65746,407.79
65747,407.70
65748,407.76
65749,407.71
65750,407.75
65751,407.79
65752,407.77
65753,407.71
65754,407.88
65755,407.76
65756,407.89
65757,407.82
65758,407.78
65759,407.80
65760,407.85
65761,407.84
65762,407.90
65763,407.97
65764,407.83
65765,407.87
65766,407.93
65767,407.86
65768,407.90
65769,407.88
65770,407.88
65771,407.87
65772,407.85
65773,407.89
65774,407.83
65775,407.91
65776,407.77
65777,407.86
65778,407.87
65779,407.75
65780,407.88
65781,407.80
65782,407.85
65783,407.93
65784,407.76
65785,407.88
65786,407.92
65787,407.91
65788,407.95
65789,407.80
65790,407.77
65791,407.80
65792,407.84
65793,407.77
65794,407.84
65795,407.88
65796,407.86
65797,407.84
65798,407.84
65799,407.83
65800,407.79
65801,407.94
65802,407.79
65803,407.84
65804,407.91
65805,407.80
65806,407.94
65807,407.77
65808,407.91
65809,407.82
65810,407.79
65811,407.84
65812,407.98
65813,407.85
65814,407.93
65815,407.96
65816,408.11
65817,408.20
65818,408.23
65819,408.21
65820,408.20
65821,408.12
65822,408.06
65823,408.15
65824,408.28
65825,408.14
65826,408.16
65827,408.10
65828,408.18
65829,408.14
65830,408.23
65831,408.10
65832,408.13
65833,408.06
65834,408.02
65835,408.07
65836,408.03
65837,408.06
65838,408.05
65839,408.20
65840,408.13
65841,408.12
65842,408.13
65843,408.16
65844,408.03
65845,408.28
65846,408.18
65847,408.36
65848,408.19
65849,408.15
65850,408.26
65851,408.10
65852,408.29
65853,408.19
65854,408.21
65855,408.26
65856,408.12
65857,408.27
65858,408.04
65859,408.17
65860,408.17
65861,408.09
65862,408.18
65863,407.97
65864,408.02
65865,407.74
65866,407.71
65867,407.89
65868,408.29
65869,408.31
65870,408.21
65871,408.12
65872,408.23
65873,408.18
65874,408.37
65875,408.27
65876,408.38
65877,408.50
65878,408.30
65879,408.17
65880,408.31
65881,408.36
65882,408.50
65883,408.48
65884,408.45
65885,408.50
65886,408.46
65887,408.41
65888,408.48
65889,408.44
65890,408.45
65891,408.45
65892,408.45
65893,408.41
65894,408.34
65895,408.58
65896,408.41
65897,408.36
65898,408.39
65899,408.46
65900,408.39
65901,408.43
65902,408.37
65903,408.39
65904,408.37
65905,408.38
65906,408.34
65907,408.37
65908,408.45
65909,408.55
65910,408.49
65911,408.46
65912,408.50
65913,408.66
65914,408.54
65915,408.56
65916,408.61
65917,408.59
65918,408.67
65919,408.70
65920,408.65
65921,408.71
65922,408.72
65923,408.67
65924,408.77
65925,408.70
65926,408.69
65927,408.71
65928,408.72
65929,408.62
65930,408.74
65931,408.71
65932,408.71
65933,408.67
65934,408.58
65935,408.62
65936,408.60
65937,408.59
65938,408.54
65939,408.48
65940,408.51
65941,408.52
65942,408.44
65943,408.42
65944,408.29
65945,408.25
65946,408.19
65947,408.27
65948,408.22
65949,408.25
65950,408.33
65951,408.47
65952,408.37
65953,408.45
65954,408.38
65955,408.35
65956,408.45
65957,408.46
65958,408.39
65959,408.38
65960,408.42
65961,408.22
65962,408.29
65963,408.22
65964,408.31
65965,408.27
65966,408.27
65967,408.26
65968,408.21
65969,408.21
65970,408.26
65971,408.20
65972,408.25
65973,408.17
65974,408.25
65975,408.11
65976,408.01
65977,408.04
65978,408.03
65979,407.95
65980,407.92
65981,408.01
65982,407.93
65983,408.05
65984,407.84
65985,408.00
65986,407.91
65987,407.96
65988,407.90
65989,407.97
65990,407.99
65991,407.93
65992,407.94
65993,407.98
65994,407.95
65995,407.90
65996,407.82
65997,407.94
65998,407.87
65999,407.92
66000,407.83
66001,407.85
66002,407.86
66003,407.90
66004,407.88
66005,407.89
66006,407.80
66007,407.95
66008,407.86
66009,407.80
66010,407.79
66011,407.79
66012,407.58
66013,407.62
66014,407.59
66015,407.60
66016,407.85
66017,407.81
66018,407.84
66019,407.93
66020,407.85
66021,407.89
66022,407.88
66023,407.81
66024,407.99
66025,407.98
66026,408.02
66027,408.02
66028,407.88
66029,407.75
66030,407.46
66031,407.40
66032,407.46
66033,407.47
66034,407.42
66035,407.46
66036,407.55
66037,407.41
66038,407.55
66039,407.64
66040,407.51
66041,407.48
66042,407.46
66043,407.50
66044,407.50
66045,407.71
66046,407.66
66047,-9999.99
66048,-9999.99
66049,-9999.99
66050,-9999.99
66051,-9999.99
66052,-9999.99
66053,-9999.99
66054,-9999.99
66055,-9999.99
66056,-9999.99
66057,-9999.99
66058,-9999.99
66059,-9999.99
66060,-9999.99
66061,-9999.99
66062,-9999.99
66063,-9999.99
66064,-9999.99
66065,-9999.99
66066,-9999.99
66067,-9999.99
66068,-9999.99
66069,-9999.99
66070,-9999.99
66071,-9999.99
66072,-9999.99
66073,-9999.99
66074,-9999.99
66075,-9999.99
66076,-9999.99
66077,-9999.99
66078,-9999.99
66079,-9999.99
66080,-9999.99
66081,-9999.99
66082,-9999.99
66083,-9999.99
66084,-9999.99
66085,-9999.99
66086,-9999.99
66087,-9999.99
66088,-9999.99
66089,-9999.99
66090,-9999.99
66091,-9999.99
66092,-9999.99
66093,-9999.99
66094,-9999.99
66095,-9999.99
66096,-9999.99
66097,-9999.99
66098,-9999.99
66099,-9999.99
66100,-9999.99
66101,-9999.99
66102,-9999.99
66103,-9999.99
66104,-9999.99
66105,-9999.99
66106,-9999.99
66107,-9999.99
66108,-9999.99
66109,-9999.99
66110,-9999.99
66111,-9999.99
66112,-9999.99
66113,-9999.99
66114,-9999.99
66115,-9999.99
66116,-9999.99
66117,-9999.99
66118,-9999.99
66119,-9999.99
66120,-9999.99
66121,-9999.99
66122,-9999.99
66123,-9999.99
66124,-9999.99
66125,-9999.99
66126,-9999.99
66127,-9999.99
66128,-9999.99
66129,-9999.99
66130,-9999.99
66131,-9999.99
66132,-9999.99
66133,-9999.99
66134,-9999.99
66135,-9999.99
66136,-9999.99
66137,-9999.99
66138,-9999.99
66139,-9999.99
66140,-9999.99
66141,-9999.99
66142,-9999.99
66143,-9999.99
66144,-9999.99
66145,-9999.99
66146,-9999.99
66147,-9999.99
66148,-9999.99
66149,-9999.99
66150,-9999.99
66151,-9999.99
66152,-9999.99
66153,-9999.99
66154,-9999.99
66155,-9999.99
66156,-9999.99
66157,-9999.99
66158,-9999.99
66159,-9999.99
66160,-9999.99
66161,-9999.99
66162,-9999.99
66163,-9999.99
66164,-9999.99
66165,-9999.99
66166,-9999.99
66167,-9999.99
66168,-9999.99
66169,-9999.99
66170,-9999.99
66171,-9999.99
66172,-9999.99
66173,-9999.99
66174,-9999.99
66175,-9999.99
66176,-9999.99
66177,-9999.99
66178,-9999.99
66179,-9999.99
66180,-9999.99
66181,-9999.99
66182,-9999.99
66183,-9999.99
66184,-9999.99
66185,-9999.99
66186,-9999.99
66187,-9999.99
66188,-9999.99
66189,-9999.99
66190,-9999.99
66191,-9999.99
66192,-9999.99
66193,-9999.99
66194,-9999.99
66195,-9999.99
66196,-9999.99
66197,-9999.99
66198,-9999.99
66199,-9999.99
66200,-9999.99
66201,-9999.99
66202,-9999.99
66203,-9999.99
66204,-9999.99
66205,-9999.99
66206,-9999.99
66207,-9999.99
66208,-9999.99
66209,-9999.99
66210,-9999.99
66211,-9999.99
66212,-9999.99
66213,-9999.99
66214,-9999.99
66215,-9999.99
66216,408.38
66217,408.53
66218,408.46
66219,408.57
66220,408.60
66221,408.49
66222,408.51
66223,408.49
66224,408.54
66225,408.46
66226,408.58
66227,408.44
66228,408.56
66229,408.46
66230,408.49
66231,408.57
66232,408.51
66233,408.59
66234,408.55
66235,408.51
66236,408.54
66237,408.49
66238,408.49
66239,408.52
66240,408.50
66241,408.54
66242,408.51
66243,408.56
66244,408.54
66245,408.62
66246,408.51
66247,408.56
66248,408.48
66249,408.51
66250,408.60
66251,408.54
66252,408.54
66253,408.50
66254,408.42
66255,408.55
66256,408.53
66257,408.54
66258,408.56
66259,408.49
66260,408.54
66261,408.51
66262,408.47
66263,408.46
66264,408.53
66265,408.45
66266,408.53
66267,408.41
66268,408.49
66269,408.41
66270,408.50
66271,408.53
66272,408.46
66273,408.47
66274,408.47
66275,408.51
66276,408.49
66277,408.46
66278,408.50
66279,408.57
66280,408.44
66281,408.48
66282,408.47
66283,408.43
66284,408.43
66285,408.50
66286,408.50
66287,408.49
66288,408.46
66289,408.40
66290,408.45
66291,408.53
66292,408.52
66293,408.51
66294,408.49
66295,408.48
66296,408.54
66297,408.48
66298,408.45
66299,408.51
66300,408.44
66301,408.45
66302,408.41
66303,408.36
66304,408.44
66305,408.41
66306,408.46
66307,408.53
66308,408.45
66309,408.52
66310,408.41
66311,408.40
66312,408.42
66313,408.44
66314,408.39
66315,408.48
66316,408.47
66317,408.37
66318,408.39
66319,408.49
66320,408.36
66321,408.46
66322,408.52
66323,408.57
66324,408.48
66325,408.55
66326,408.47
66327,408.47
66328,408.40
66329,408.43
66330,408.36
66331,408.37
66332,408.43
66333,408.39
66334,408.38
66335,408.39
66336,408.38
66337,408.38
66338,408.43
66339,408.42
66340,408.47
66341,408.32
66342,408.38
66343,408.36
66344,408.35
66345,408.39
66346,408.46
66347,408.30
66348,408.36
66349,408.27
66350,408.31
66351,408.49
66352,408.40
66353,408.51
66354,408.45
66355,408.27
66356,408.47
66357,408.34
66358,408.47
66359,408.37
66360,408.33
66361,408.32
66362,408.53
66363,408.52
66364,408.40
66365,408.44
66366,408.43
66367,408.43
66368,408.37
66369,408.27
66370,408.37
66371,408.48
66372,408.58
66373,408.49
66374,408.59
66375,408.64
66376,408.58
66377,408.59
66378,408.59
66379,408.57
66380,408.59
66381,408.61
66382,408.63
66383,408.62
66384,408.62
66385,408.62
66386,408.61
66387,408.63
66388,408.69
66389,408.63
66390,408.59
66391,408.58
66392,408.66
66393,408.62
66394,408.65
66395,408.63
66396,408.61
66397,408.60
66398,408.58
66399,408.57
66400,408.57
66401,408.60
66402,408.59
66403,408.45
66404,408.47
66405,408.47
66406,408.53
66407,408.51
66408,408.56
66409,408.54
66410,408.55
66411,408.53
66412,408.54
66413,408.52
66414,408.52
66415,408.50
66416,408.50
66417,408.49
66418,408.50
66419,408.48
66420,408.43
66421,408.48
66422,408.39
66423,408.42
66424,408.33
66425,408.34
66426,408.25
66427,408.25
66428,408.33
66429,408.24
66430,408.20
66431,408.34
66432,408.22
66433,408.22
66434,408.27
66435,408.26
66436,408.26
66437,408.22
66438,408.33
66439,408.25
66440,408.33
66441,408.28
66442,408.24
66443,408.35
66444,408.33
66445,408.32
66446,408.27
66447,408.19
66448,408.30
66449,408.19
66450,408.17
66451,408.23
66452,408.18
66453,408.32
66454,408.18
66455,408.29
66456,408.23
66457,408.38
66458,408.30
66459,408.37
66460,408.30
66461,408.37
66462,408.21
66463,408.42
66464,408.26
66465,408.30
66466,408.47
66467,408.39
66468,408.35
66469,408.43
66470,408.34
66471,408.38
66472,408.21
66473,408.20
66474,408.17
66475,407.90
66476,407.87
66477,407.97
66478,408.02
66479,407.98
66480,408.02
66481,408.05
66482,407.99
66483,408.13
66484,408.12
66485,408.00
66486,408.14
66487,408.12
66488,408.17
66489,408.16
66490,408.23
66491,408.28
66492,408.44
66493,408.40
66494,408.34
66495,408.46
66496,408.40
66497,408.36
66498,408.49
66499,408.44
66500,408.38
66501,408.49
66502,408.38
66503,408.46
66504,408.45
66505,408.47
66506,408.55
66507,408.59
66508,408.51
66509,408.48
66510,408.50
66511,408.51
66512,408.55
66513,408.47
66514,408.52
66515,408.46
66516,408.56
66517,408.52
66518,408.46
66519,408.44
66520,408.50
66521,408.53
66522,408.43
66523,408.41
66524,408.44
66525,408.36
66526,408.42
66527,408.34
66528,408.32
66529,408.31
66530,408.37
66531,408.28
66532,408.35
66533,408.30
66534,408.35
66535,408.37
66536,408.28
66537,408.40
66538,408.42
66539,408.40
66540,408.41
66541,408.27
66542,408.44
66543,408.50
66544,408.31
66545,408.34
66546,408.33
66547,408.38
66548,408.25
66549,408.20
66550,408.27
66551,408.08
66552,408.18
66553,408.03
66554,408.10
66555,407.98
66556,407.95
66557,407.96
66558,407.99
66559,407.90
66560,407.89
66561,407.84
66562,407.86
66563,407.80
66564,407.87
66565,407.83
66566,407.89
66567,407.90
66568,407.94
66569,407.95
66570,407.85
66571,407.78
66572,407.81
66573,407.87
66574,407.85
66575,407.81
66576,407.70
66577,407.66
66578,407.80
66579,407.74
66580,407.82
66581,407.74
66582,407.69
66583,407.60
66584,407.89
66585,407.71
66586,407.72
66587,407.71
66588,407.65
66589,407.67
66590,407.69
66591,407.67
66592,407.50
66593,407.45
66594,407.38
66595,407.39
66596,407.42
66597,407.48
66598,407.40
66599,407.44
66600,407.45
66601,407.40
66602,407.40
66603,407.41
66604,407.45
66605,407.44
66606,407.39
66607,407.40
66608,407.44
66609,407.26
66610,407.33
66611,407.31
66612,407.34
66613,407.39
66614,407.30
66615,407.36
66616,407.40
66617,407.39
66618,407.34
66619,407.38
66620,407.42
66621,407.44
66622,407.45
66623,407.46
66624,407.48
66625,407.58
66626,407.71
66627,407.72
66628,407.74
66629,407.67
66630,407.84
66631,408.07
66632,408.16
66633,408.42
66634,408.56
66635,408.63
66636,408.62
66637,408.58
66638,408.55
66639,408.59
66640,408.69
66641,408.71
66642,408.62
66643,408.62
66644,408.73
66645,408.74
66646,408.73
66647,408.74
66648,408.65
66649,408.68
66650,408.72
66651,408.73
66652,408.79
66653,408.73
66654,408.71
66655,408.68
66656,408.64
66657,408.66
66658,408.59
66659,408.59
66660,408.48
66661,408.44
66662,408.46
66663,408.41
66664,408.37
66665,408.43
66666,408.30
66667,408.26
66668,408.18
66669,408.29
66670,408.03
66671,407.99
66672,408.00
66673,408.02
66674,407.81
66675,407.90
66676,407.60
66677,407.87
66678,407.53
66679,407.61
66680,407.62
66681,407.61
66682,407.65
66683,407.68
66684,407.73
66685,407.76
66686,407.76
66687,407.75
66688,407.80
66689,407.75
66690,407.77
66691,407.83
66692,407.94
66693,407.86
66694,407.95
66695,407.97
66696,408.08
66697,408.05
66698,408.11
66699,408.07
66700,408.07
66701,408.06
66702,408.12
66703,407.97
66704,407.97
66705,407.94
66706,408.01
66707,408.07
66708,407.90
66709,407.99
66710,407.91
66711,408.03
66712,407.90
66713,407.92
66714,407.82
66715,407.83
66716,407.92
66717,407.90
66718,407.82
66719,407.85
66720,407.93
66721,407.85
66722,407.86
66723,407.74
66724,407.80
66725,407.66
66726,407.70
66727,407.82
66728,407.74
66729,407.68
66730,407.65
66731,407.70
66732,407.71
66733,407.73
66734,407.64
66735,407.65
66736,407.65
66737,407.77
66738,407.66
66739,407.76
66740,407.78
66741,407.77
66742,407.75
66743,407.70
66744,407.77
66745,407.83
66746,407.83
66747,407.76
66748,407.74
66749,407.73
66750,407.74
66751,407.75
66752,407.77
66753,407.75
66754,407.80
66755,407.71
66756,407.74
66757,407.66
66758,407.72
66759,407.74
66760,407.73
66761,407.76
66762,407.65
66763,407.68
66764,407.68
66765,407.53
66766,407.62
66767,407.65
66768,407.57
66769,407.56
66770,407.58
66771,407.60
66772,407.61
66773,407.62
66774,407.66
66775,407.68
66776,407.75
66777,407.68
66778,407.64
66779,407.59
66780,407.55
66781,407.57
66782,407.62
66783,407.53
66784,407.56
66785,407.65
66786,407.54
66787,407.50
66788,407.60
66789,407.53
66790,407.60
66791,407.58
66792,407.59
66793,407.55
66794,407.45
66795,407.57
66796,407.50
66797,407.55
66798,407.61
66799,407.56
66800,407.45
66801,407.54
66802,407.49
66803,407.46
66804,407.48
66805,407.52
66806,407.53
66807,407.49
66808,407.52
66809,407.44
66810,407.48
66811,407.53
66812,407.47
66813,407.52
66814,407.50
66815,407.57
