data/raw/Flight4/CO2_POLAR6_20150408_R1_L2_NETCARE.ict
34, 1001
Bozem, Heiko; Hoor, Peter
Institute for Atmospheric Physics, Johannes Gutenberg University, Mainz, Germany
CO2 mixing ratio from LI7200 CO2 analyzer
NETCARE Polar 6 Campaign 2015
1, 1
2015, 04, 08, 2015, 08, 12
1
Time_UTC, seconds
1
1
-9999.99
CO2_ppmv, ppmv
0
19
PI_CONTACT_INFO: Address: Johann-Joachim-Becherweg 21, 55128 Mainz, email: bozemh@uni-mainz.de; hoor@uni-mainz.de
PLATFORM: Polar 6
LOCATION: GPS location and altitude available at 1 Hz resolution in separate file (See AIMMS files under Aircraft data and meteorology)
ASSOCIATED_DATA: N/A
INSTRUMENT_INFO: CO2 measurements based on non-dispersive infrared absorption spectroscopy
DATA_INFO: Units are ppmv
UNCERTAINTY: UNCERTAINTY RELATIVE TO STANDARD: 1.71 ppmv at 1 sigma confidence (before drift correction is applied)
ULOD_FLAG: -7777
ULOD_VALUE: 3000
LLOD_FLAG: -8888
LLOD_VALUE: N/A 
DM_CONTACT_INFO: N/A
PROJECT_INFO: NETCARE Polar 6 aircraft campaign in April 2015; Alert
STIPULATIONS_ON_USE: N/A
OTHER_COMMENTS: N/A
REVISION: R1
R0: Preliminary data, corrected for instrument drift
R1: Final data, corrected for instrument drift
Time_UTC,CO2_ppmv
[from data line 4843]
69227,406.15
69228,406.16
69229,406.14
69230,406.20
69231,406.20
69232,406.19
69233,406.20
69234,406.13
69235,406.21
69236,406.20
69237,406.20
69238,406.21
69239,406.16
69240,406.19
69241,406.17
69242,406.16
69243,406.15
69244,406.21
69245,406.19
69246,406.20
69247,406.23
69248,406.18
69249,406.21
69250,406.18
69251,406.21
69252,406.15
69253,406.21
69254,406.19
69255,406.21
69256,406.23
69257,406.23
69258,406.22
69259,406.21
69260,406.20
69261,406.23
69262,406.11
69263,406.22
69264,406.18
69265,406.18
69266,406.23
69267,406.24
69268,406.22
69269,406.17
69270,406.23
69271,406.24
69272,406.16
69273,406.24
69274,406.24
69275,406.26
69276,406.22
69277,406.23
69278,406.17
69279,406.24
69280,406.30
69281,406.24
69282,406.24
69283,406.20
69284,406.20
69285,406.25
69286,406.25
69287,406.24
69288,406.23
69289,406.22
69290,406.24
69291,406.20
69292,406.21
69293,406.27
69294,406.26
69295,406.23
69296,406.14
69297,406.21
69298,406.19
69299,406.22
69300,406.25
69301,406.20
69302,406.15
69303,406.27
69304,406.22
69305,406.21
69306,406.21
69307,406.24
69308,406.26
69309,406.28
69310,406.24
69311,406.24
69312,406.19
69313,406.26
69314,406.19
69315,406.32
69316,406.27
69317,406.22
69318,406.29
69319,406.18
69320,406.25
69321,406.33
69322,406.22
69323,406.22
69324,406.33
69325,406.26
69326,406.29
69327,406.21
69328,406.32
69329,406.23
69330,406.29
69331,406.30
69332,-9999.99
69333,-9999.99
69334,-9999.99
69335,-9999.99
69336,-9999.99
69337,-9999.99
69338,-9999.99
69339,-9999.99
69340,-9999.99
69341,-9999.99
69342,-9999.99
69343,-9999.99
69344,-9999.99
69345,-9999.99
69346,-9999.99
69347,-9999.99
69348,-9999.99
69349,-9999.99
69350,-9999.99
69351,-9999.99
69352,-9999.99
69353,-9999.99
69354,-9999.99
69355,-9999.99
69356,-9999.99
69357,-9999.99
69358,-9999.99
69359,-9999.99
69360,-9999.99
69361,-9999.99
69362,-9999.99
69363,-9999.99
69364,-9999.99
69365,-9999.99
69366,-9999.99
69367,-9999.99
69368,-9999.99
69369,-9999.99
69370,-9999.99
69371,-9999.99
69372,-9999.99
69373,-9999.99
69374,-9999.99
69375,-9999.99
69376,-9999.99
69377,-9999.99
69378,-9999.99
69379,-9999.99
69380,-9999.99
69381,-9999.99
69382,-9999.99
69383,-9999.99
69384,-9999.99
69385,-9999.99
69386,-9999.99
69387,-9999.99
69388,-9999.99
69389,-9999.99
69390,-9999.99
69391,-9999.99
69392,-9999.99
69393,-9999.99
69394,-9999.99
69395,-9999.99
69396,-9999.99
69397,-9999.99
69398,-9999.99
69399,-9999.99
69400,-9999.99
69401,-9999.99
69402,-9999.99
69403,-9999.99
69404,-9999.99
69405,-9999.99
69406,-9999.99
69407,-9999.99
69408,-9999.99
69409,-9999.99
69410,-9999.99
69411,-9999.99
69412,-9999.99
69413,-9999.99
69414,-9999.99
69415,-9999.99
69416,-9999.99
69417,-9999.99
69418,-9999.99
69419,-9999.99
69420,-9999.99
69421,-9999.99
69422,-9999.99
69423,-9999.99
69424,-9999.99
69425,-9999.99
69426,-9999.99
69427,-9999.99
69428,-9999.99
69429,-9999.99
69430,-9999.99
69431,-9999.99
69432,-9999.99
69433,-9999.99
69434,-9999.99
69435,-9999.99
69436,-9999.99
69437,-9999.99
69438,-9999.99
69439,-9999.99
69440,-9999.99
69441,-9999.99
69442,-9999.99
69443,-9999.99
69444,-9999.99
69445,-9999.99
69446,-9999.99
69447,-9999.99
69448,-9999.99
69449,-9999.99
69450,-9999.99
69451,-9999.99
69452,-9999.99
69453,-9999.99
69454,-9999.99
69455,-9999.99
69456,-9999.99
69457,-9999.99
69458,-9999.99
69459,-9999.99
69460,-9999.99
69461,-9999.99
69462,-9999.99
69463,-9999.99
69464,-9999.99
69465,-9999.99
69466,-9999.99
69467,-9999.99
69468,-9999.99
69469,-9999.99
69470,-9999.99
69471,-9999.99
69472,-9999.99
69473,-9999.99
69474,-9999.99
69475,-9999.99
69476,-9999.99
69477,-9999.99
69478,-9999.99
69479,-9999.99
69480,-9999.99
69481,-9999.99
69482,-9999.99
69483,-9999.99
69484,-9999.99
69485,-9999.99
69486,-9999.99
69487,-9999.99
69488,-9999.99
69489,-9999.99
69490,-9999.99
69491,-9999.99
69492,-9999.99
69493,-9999.99
69494,-9999.99
69495,-9999.99
69496,-9999.99
69497,-9999.99
69498,-9999.99
69499,-9999.99
69500,-9999.99
69501,406.22
69502,406.24
69503,406.25
69504,406.29
69505,406.22
69506,406.24
69507,406.27
69508,406.25
69509,406.16
69510,406.22
69511,406.26
69512,406.33
69513,406.29
69514,406.20
69515,406.26
69516,406.28
69517,406.25
69518,406.23
69519,406.21
69520,406.29
69521,406.26
69522,406.15
69523,406.29
69524,406.38
69525,406.22
69526,406.02
69527,406.26
69528,406.38
69529,406.28
69530,406.16
69531,406.22
69532,406.31
69533,406.21
69534,406.28
69535,406.29
69536,406.15
69537,406.16
69538,406.26
69539,406.21
69540,406.29
69541,406.21
69542,406.24
69543,406.21
69544,406.27
69545,406.22
69546,406.25
69547,406.23
69548,406.21
69549,406.21
69550,406.28
69551,406.30
69552,406.21
69553,406.26
69554,406.21
69555,406.29
69556,406.25
69557,406.26
69558,406.18
69559,406.19
69560,406.19
69561,406.22
69562,406.20
69563,406.34
69564,406.03
69565,406.26
69566,406.15
69567,406.20
69568,406.26
69569,406.36
69570,406.19
69571,406.13
69572,406.19
69573,406.20
69574,406.24
69575,406.23
69576,406.16
69577,406.35
69578,406.13
69579,406.18
69580,406.23
69581,406.17
69582,406.21
69583,406.25
69584,406.22
69585,406.24
69586,406.37
69587,406.03
69588,406.33
69589,406.19
69590,406.27
69591,406.26
69592,406.10
69593,406.23
69594,406.25
69595,406.18
69596,406.20
69597,406.32
69598,406.18
69599,406.21
69600,406.22
69601,406.09
69602,406.22
69603,406.20
69604,406.22
69605,406.29
69606,406.21
69607,406.21
69608,406.28
69609,406.19
69610,406.29
69611,406.24
69612,406.20
69613,406.24
69614,406.15
69615,406.20
69616,406.22
69617,406.31
69618,406.24
69619,406.21
69620,406.32
69621,406.18
69622,406.23
69623,406.19
69624,406.23
69625,406.19
69626,406.15
69627,406.22
69628,406.18
69629,406.29
69630,406.18
69631,406.27
69632,406.12
69633,406.14
69634,406.21
69635,406.25
69636,406.16
69637,406.16
69638,406.20
69639,406.12
69640,406.30
69641,406.15
69642,406.06
69643,406.19
69644,406.15
69645,406.18
69646,406.08
69647,406.18
69648,406.12
69649,406.16
69650,406.10
69651,406.19
69652,406.15
69653,406.09
69654,406.17
69655,406.17
69656,406.15
69657,406.18
69658,406.14
69659,406.12
69660,406.15
69661,406.14
69662,406.09
69663,406.12
69664,406.18
69665,406.18
69666,406.15
69667,406.15
69668,406.11
69669,406.08
69670,406.21
69671,406.14
69672,406.10
69673,406.16
69674,406.21
69675,406.17
69676,406.14
69677,406.14
69678,406.15
69679,406.12
69680,406.15
69681,406.08
69682,406.09
69683,406.14
69684,406.15
69685,406.10
69686,406.13
69687,406.13
69688,406.15
69689,406.15
69690,406.04
69691,406.14
69692,406.15
69693,406.11
69694,406.11
69695,406.08
69696,406.06
69697,406.15
69698,406.16
69699,406.13
69700,406.00
69701,406.09
69702,406.02
69703,406.09
69704,406.06
69705,406.10
69706,406.07
69707,405.98
69708,406.08
69709,405.96
69710,406.13
69711,406.06
69712,406.03
69713,406.08
69714,406.07
69715,405.99
69716,405.97
69717,406.12
69718,406.08
69719,406.00
69720,406.03
69721,406.04
69722,405.94
69723,406.06
69724,406.01
69725,406.15
69726,405.86
69727,406.00
69728,406.07
69729,406.01
69730,406.05
69731,406.00
69732,405.96
69733,406.05
69734,405.99
69735,406.04
69736,406.02
69737,405.97
69738,406.03
69739,405.99
69740,406.12
69741,406.04
69742,405.86
69743,406.01
69744,406.04
69745,406.06
69746,405.98
69747,406.02
69748,406.02
69749,405.99
69750,405.98
69751,406.01
69752,405.97
69753,405.94
69754,406.03
69755,405.99
69756,406.05
69757,406.03
69758,405.89
69759,405.95
69760,406.06
69761,406.01
69762,406.02
69763,406.01
69764,405.99
69765,405.97
69766,406.01
69767,406.07
69768,405.97
69769,406.07
69770,406.06
69771,405.94
69772,406.04
69773,405.98
69774,406.01
69775,406.03
69776,405.98
69777,405.99
69778,406.05
69779,406.00
69780,405.97
69781,405.98
69782,405.96
69783,406.03
69784,405.99
69785,405.97
69786,405.97
69787,405.99
69788,406.02
69789,405.94
69790,406.02
69791,405.95
69792,405.99
69793,405.96
69794,406.04
69795,405.95
69796,406.02
69797,405.90
69798,405.99
69799,405.96
69800,406.01
69801,405.94
69802,405.93
69803,406.00
69804,405.97
69805,405.97
69806,405.95
69807,405.96
69808,405.96
69809,406.04
69810,405.89
69811,405.97
69812,405.94
69813,405.99
69814,405.93
69815,405.96
69816,405.96
69817,406.04
69818,405.96
69819,405.96
69820,406.03
69821,405.91
69822,405.99
69823,406.03
69824,405.93
69825,406.03
69826,405.88
69827,405.97
69828,405.96
69829,405.94
69830,406.05
69831,405.91
69832,405.95
69833,406.00
69834,405.94
69835,405.95
69836,405.98
69837,405.99
69838,405.97
69839,405.98
69840,405.94
69841,406.02
69842,406.03
69843,405.95
69844,406.02
69845,405.96
69846,406.05
69847,405.96
69848,406.01
69849,406.07
69850,406.02
69851,405.96
69852,406.03
69853,406.00
69854,405.94
69855,406.02
69856,405.90
69857,405.95
69858,406.02
69859,405.94
69860,405.91
69861,405.98
69862,406.08
69863,405.96
69864,405.88
69865,405.95
69866,405.94
69867,405.99
69868,406.03
69869,405.90
69870,405.97
69871,405.96
69872,405.99
69873,405.94
69874,405.98
69875,405.89
69876,405.97
69877,406.19
69878,405.79
69879,405.88
69880,406.00
69881,405.93
69882,406.07
69883,405.93
69884,405.97
69885,405.89
69886,405.94
69887,405.94
69888,405.97
69889,405.93
69890,405.94
69891,406.05
69892,406.04
69893,405.88
69894,405.90
69895,405.98
69896,405.90
69897,405.98
69898,405.93
69899,405.96
69900,405.93
69901,406.01
69902,405.84
69903,405.99
69904,405.94
69905,406.07
69906,405.91
69907,405.92
69908,406.01
69909,405.88
69910,405.96
69911,406.06
69912,405.92
69913,406.00
69914,405.90
69915,405.99
69916,405.85
69917,405.90
69918,405.98
69919,405.91
69920,405.94
69921,405.93
69922,405.93
69923,406.06
69924,405.92
69925,405.92
69926,405.93
69927,406.03
69928,405.97
69929,405.92
69930,405.91
69931,405.89
69932,406.00
69933,406.07
69934,405.87
69935,406.00
69936,405.93
69937,406.06
69938,405.94
69939,405.95
69940,406.00
69941,405.98
69942,406.00
69943,405.90
69944,405.98
69945,405.95
69946,406.21
69947,405.87
69948,405.95
69949,405.93
69950,406.05
69951,405.88
69952,406.00
69953,405.99
69954,406.02
69955,405.97
69956,405.93
69957,405.98
69958,406.04
69959,405.93
69960,406.01
69961,405.97
69962,405.94
69963,406.05
69964,405.90
69965,406.00
69966,405.99
69967,405.96
69968,405.94
69969,405.99
69970,405.84
69971,406.01
69972,405.97
69973,406.06
69974,406.02
69975,405.80
69976,405.96
69977,405.91
69978,405.91
69979,405.91
69980,405.97
69981,405.90
69982,405.94
69983,406.01
69984,406.03
69985,405.85
69986,405.90
69987,405.95
69988,405.87
69989,406.00
69990,405.93
69991,405.84
69992,406.04
69993,405.85
69994,405.95
69995,405.92
69996,405.92
69997,405.91
69998,406.02
69999,405.84
70000,405.88
70001,405.83
70002,405.91
70003,405.86
70004,405.96
70005,405.91
70006,405.93
70007,406.06
70008,405.77
70009,405.87
70010,405.83
70011,406.19
70012,406.03
70013,405.74
70014,405.79
70015,405.91
70016,405.85
70017,405.86
70018,405.86
70019,405.88
70020,405.86
70021,406.12
70022,405.62
70023,405.88
70024,405.88
70025,405.97
70026,405.71
70027,405.95
70028,405.83
70029,406.00
70030,405.92
70031,405.84
70032,405.85
70033,406.00
70034,406.08
70035,405.89
70036,405.71
70037,405.84
70038,405.89
70039,405.87
70040,405.89
70041,405.86
70042,405.81
70043,405.96
70044,405.80
70045,405.91
70046,405.90
70047,405.86
70048,405.95
70049,405.79
70050,405.97
70051,405.89
70052,405.78
70053,405.95
70054,405.90
70055,405.95
70056,405.94
70057,405.90
70058,405.88
70059,405.91
70060,405.95
70061,405.93
70062,405.79
70063,405.87
70064,405.94
70065,405.97
70066,406.02
70067,405.87
70068,405.90
70069,406.03
70070,405.90
70071,405.93
70072,405.89
70073,405.93
70074,405.92
70075,406.00
70076,405.99
70077,405.76
70078,406.02
70079,405.95
70080,405.99
70081,406.00
70082,405.92
70083,405.86
70084,405.92
70085,405.87
70086,405.93
70087,405.95
70088,405.90
70089,406.04
70090,405.84
70091,405.83
70092,405.98
70093,405.90
70094,405.95
70095,405.94
70096,405.89
70097,405.95
70098,405.92
70099,405.98
70100,405.89
70101,405.82
70102,405.99
70103,406.07
70104,405.83
70105,405.85
70106,405.98
70107,405.90
70108,405.95
70109,405.95
70110,405.81
70111,405.96
70112,405.94
70113,405.93
70114,405.89
70115,405.91
70116,405.92
70117,405.93
70118,406.00
70119,405.95
70120,406.03
70121,405.87
70122,405.93
70123,405.99
70124,405.96
70125,405.91
70126,405.87
70127,405.90
70128,405.92
70129,405.95
70130,405.85
70131,405.91
70132,405.94
70133,405.93
70134,405.84
70135,405.92
70136,406.02
70137,405.86
70138,406.03
70139,405.81
70140,405.84
70141,405.95
70142,405.80
70143,405.83
70144,405.87
70145,406.00
70146,405.95
70147,405.82
70148,405.90
70149,405.99
70150,405.77
70151,405.97
70152,405.92
70153,405.83
70154,405.95
70155,405.87
70156,405.93
70157,405.94
70158,405.92
70159,405.94
70160,405.87
70161,405.92
70162,405.78
70163,405.87
70164,405.93
70165,405.94
70166,405.86
70167,405.95
70168,405.96
70169,405.98
70170,405.94
70171,405.92
70172,405.95
70173,405.88
70174,405.94
70175,405.91
70176,405.91
70177,405.87
70178,406.15
70179,405.78
70180,406.03
70181,406.10
70182,405.83
70183,406.03
70184,406.20
70185,405.72
70186,405.95
70187,405.84
70188,406.06
70189,406.03
70190,405.77
70191,405.98
70192,406.02
70193,406.01
70194,406.07
70195,406.03
70196,406.02
70197,405.77
70198,406.12
70199,405.92
70200,405.80
70201,405.95
70202,405.94
70203,405.94
70204,405.94
70205,405.99
70206,406.05
70207,405.90
70208,405.86
70209,405.96
70210,405.90
70211,405.98
70212,405.96
70213,405.96
70214,406.02
70215,405.94
70216,405.99
70217,405.84
70218,406.00
70219,405.90
70220,405.84
70221,405.91
70222,405.84
70223,405.93
70224,405.97
70225,405.91
70226,405.89
70227,405.87
70228,405.92
70229,405.86
70230,405.93
70231,405.94
70232,405.93
70233,405.81
70234,405.95
70235,405.88
70236,405.98
70237,405.89
70238,405.88
70239,405.94
70240,405.92
70241,405.91
70242,406.05
70243,405.71
70244,405.89
70245,405.86
70246,405.91
70247,405.90
70248,405.91
70249,405.88
70250,405.81
70251,405.86
70252,405.85
70253,405.90
70254,405.87
70255,405.83
70256,406.00
70257,405.89
70258,405.92
70259,405.83
70260,405.86
70261,406.00
70262,405.88
70263,405.95
70264,405.86
70265,405.89
70266,405.86
70267,405.85
70268,405.80
70269,405.88
70270,405.91
70271,405.89
70272,405.89
70273,405.76
70274,405.95
70275,405.88
70276,405.81
70277,405.93
70278,405.91
70279,405.82
70280,405.84
70281,405.85
70282,405.88
70283,405.88
70284,405.83
70285,405.82
70286,405.84
70287,405.86
70288,405.87
70289,405.80
70290,405.93
70291,405.91
70292,405.78
70293,405.82
70294,405.83
70295,405.85
70296,405.89
70297,405.84
70298,405.79
70299,405.83
70300,405.80
70301,405.92
70302,405.89
70303,405.78
70304,405.77
70305,405.79
70306,405.81
70307,405.79
70308,405.85
70309,405.82
70310,405.81
70311,405.78
70312,405.83
70313,405.85
70314,405.84
70315,405.77
70316,405.88
70317,405.75
70318,405.78
70319,405.83
70320,405.76
70321,405.88
70322,405.80
70323,405.81
70324,405.82
70325,405.76
70326,405.83
70327,405.80
70328,405.79
70329,405.77
70330,405.79
70331,405.82
70332,405.80
70333,405.87
70334,405.80
70335,405.74
70336,405.81
70337,405.83
70338,405.74
70339,405.81
70340,405.80
70341,405.84
70342,405.86
70343,405.77
70344,405.75
70345,405.86
70346,405.78
70347,405.84
70348,405.80
70349,405.66
70350,405.84
70351,405.78
70352,405.80
70353,405.82
70354,405.68
70355,405.82
70356,405.80
70357,405.79
70358,405.71
70359,405.71
70360,405.76
70361,405.75
70362,405.79
70363,405.75
70364,405.75
70365,405.82
70366,405.71
70367,405.74
70368,405.80
70369,405.73
70370,405.73
70371,405.74
70372,405.75
70373,405.77
70374,405.68
70375,405.69
70376,405.79
70377,405.71
70378,405.75
70379,405.77
70380,405.74
70381,405.81
70382,405.71
70383,405.71
70384,405.74
70385,405.75
70386,405.73
70387,405.69
70388,405.66
70389,405.70
70390,405.72
70391,405.74
70392,405.77
70393,405.72
70394,405.70
70395,405.73
70396,405.71
70397,405.68
70398,405.68
70399,405.73
70400,405.72
70401,405.78
70402,405.76
70403,405.66
70404,405.69
70405,405.71
70406,405.71
70407,405.72
70408,405.77
70409,405.74
70410,405.66
70411,405.72
70412,405.64
70413,405.66
70414,405.73
70415,405.74
70416,405.69
70417,405.74
70418,405.70
70419,405.70
70420,405.72
70421,405.73
70422,405.65
70423,405.72
70424,405.71
70425,405.68
70426,405.70
70427,405.71
70428,405.72
70429,405.67
