data/raw/Flight4/CO2_POLAR6_20150408_R1_L2_NETCARE.ict
34, 1001
Bozem, Heiko; Hoor, Peter
Institute for Atmospheric Physics, Johannes Gutenberg University, Mainz, Germany
CO2 mixing ratio from LI7200 CO2 analyzer
NETCARE Polar 6 Campaign 2015
1, 1
2015, 04, 08, 2015, 08, 12
1
Time_UTC, seconds
1
1
-9999.99
CO2_ppmv, ppmv
0
19
PI_CONTACT_INFO: Address: Johann-Joachim-Becherweg 21, 55128 Mainz, email: bozemh@uni-mainz.de; hoor@uni-mainz.de
PLATFORM: Polar 6
LOCATION: GPS location and altitude available at 1 Hz resolution in separate file (See AIMMS files under Aircraft data and meteorology)
ASSOCIATED_DATA: N/A
INSTRUMENT_INFO: CO2 measurements based on non-dispersive infrared absorption spectroscopy
DATA_INFO: Units are ppmv
UNCERTAINTY: UNCERTAINTY RELATIVE TO STANDARD: 1.71 ppmv at 1 sigma confidence (before drift correction is applied)
ULOD_FLAG: -7777
ULOD_VALUE: 3000
LLOD_FLAG: -8888
LLOD_VALUE: N/A 
DM_CONTACT_INFO: N/A
PROJECT_INFO: NETCARE Polar 6 aircraft campaign in April 2015; Alert
STIPULATIONS_ON_USE: N/A
OTHER_COMMENTS: N/A
REVISION: R1
R0: Preliminary data, corrected for instrument drift
R1: Final data, corrected for instrument drift
Time_UTC,CO2_ppmv
[from data line 8483]
72867,405.88
72868,405.96
72869,405.77
72870,405.86
72871,405.88
72872,405.73
72873,405.86
72874,405.90
72875,405.92
72876,405.93
72877,405.96
72878,406.02
72879,405.95
72880,406.06
72881,405.96
72882,406.11
72883,406.06
72884,405.99
72885,406.04
72886,405.96
72887,406.06
72888,406.07
72889,406.13
72890,406.05
72891,406.07
72892,406.09
72893,406.08
72894,406.01
72895,406.09
72896,406.06
72897,406.16
72898,406.08
72899,406.12
72900,406.21
72901,405.98
72902,406.10
72903,406.18
72904,406.14
72905,406.07
72906,406.14
72907,406.09
72908,406.04
72909,405.98
72910,406.10
72911,406.04
72912,406.14
72913,406.03
72914,406.04
72915,406.02
72916,406.08
72917,406.14
72918,406.09
72919,406.02
72920,406.10
72921,406.08
72922,406.05
72923,406.07
72924,406.09
72925,406.02
72926,406.13
72927,406.08
72928,406.15
72929,406.07
72930,406.01
72931,406.02
72932,406.04
72933,406.05
72934,406.05
72935,405.97
72936,406.09
72937,406.06
72938,406.00
72939,406.01
72940,406.02
72941,406.04
72942,405.92
72943,405.92
72944,406.04
72945,405.88
72946,405.97
72947,405.91
72948,405.83
72949,405.85
72950,405.83
72951,405.83
72952,405.79
72953,405.85
72954,405.85
72955,405.91
72956,405.83
72957,405.85
72958,405.72
72959,405.75
72960,405.73
72961,405.73
72962,405.84
72963,405.88
72964,405.74
72965,405.74
72966,405.81
72967,405.84
72968,405.90
72969,405.80
72970,405.86
72971,405.80
72972,405.76
72973,405.76
72974,405.83
72975,405.77
72976,-9999.99
72977,-9999.99
72978,-9999.99
72979,-9999.99
72980,-9999.99
72981,-9999.99
72982,-9999.99
72983,-9999.99
72984,-9999.99
72985,-9999.99
72986,-9999.99
72987,-9999.99
72988,-9999.99
72989,-9999.99
72990,-9999.99
72991,-9999.99
72992,-9999.99
72993,-9999.99
72994,-9999.99
72995,-9999.99
72996,-9999.99
72997,-9999.99
72998,-9999.99
72999,-9999.99
73000,-9999.99
73001,-9999.99
73002,-9999.99
73003,-9999.99
73004,-9999.99
73005,-9999.99
73006,-9999.99
73007,-9999.99
73008,-9999.99
73009,-9999.99
73010,-9999.99
73011,-9999.99
73012,-9999.99
73013,-9999.99
73014,-9999.99
73015,-9999.99
73016,-9999.99
73017,-9999.99
73018,-9999.99
73019,-9999.99
73020,-9999.99
73021,-9999.99
73022,-9999.99
73023,-9999.99
73024,-9999.99
73025,-9999.99
73026,-9999.99
73027,-9999.99
73028,-9999.99
73029,-9999.99
73030,-9999.99
73031,-9999.99
73032,-9999.99
73033,-9999.99
73034,-9999.99
73035,-9999.99
73036,-9999.99
73037,-9999.99
73038,-9999.99
73039,-9999.99
73040,-9999.99
73041,-9999.99
73042,-9999.99
73043,-9999.99
73044,-9999.99
73045,-9999.99
73046,-9999.99
73047,-9999.99
73048,-9999.99
73049,-9999.99
73050,-9999.99
73051,-9999.99
73052,-9999.99
73053,-9999.99
73054,-9999.99
73055,-9999.99
73056,-9999.99
73057,-9999.99
73058,-9999.99
73059,-9999.99
73060,-9999.99
73061,-9999.99
73062,-9999.99
73063,-9999.99
73064,-9999.99
73065,-9999.99
73066,-9999.99
73067,-9999.99
73068,-9999.99
73069,-9999.99
73070,-9999.99
73071,-9999.99
73072,-9999.99
73073,-9999.99
73074,-9999.99
73075,-9999.99
73076,-9999.99
73077,-9999.99
73078,-9999.99
73079,-9999.99
73080,-9999.99
73081,-9999.99
73082,-9999.99
73083,-9999.99
73084,-9999.99
73085,-9999.99
73086,-9999.99
73087,-9999.99
73088,-9999.99
73089,-9999.99
73090,-9999.99
73091,-9999.99
73092,-9999.99
73093,-9999.99
73094,-9999.99
73095,-9999.99
73096,-9999.99
73097,-9999.99
73098,-9999.99
73099,-9999.99
73100,-9999.99
73101,-9999.99
73102,-9999.99
73103,-9999.99
73104,-9999.99
73105,-9999.99
73106,-9999.99
73107,-9999.99
73108,-9999.99
73109,-9999.99
73110,-9999.99
73111,-9999.99
73112,-9999.99
73113,-9999.99
73114,-9999.99
73115,-9999.99
73116,-9999.99
73117,-9999.99
73118,-9999.99
73119,-9999.99
73120,-9999.99
73121,-9999.99
73122,-9999.99
73123,-9999.99
73124,-9999.99
73125,-9999.99
73126,-9999.99
73127,-9999.99
73128,-9999.99
73129,-9999.99
73130,-9999.99
73131,-9999.99
73132,-9999.99
73133,-9999.99
73134,-9999.99
73135,-9999.99
73136,-9999.99
73137,-9999.99
73138,-9999.99
73139,-9999.99
73140,-9999.99
73141,-9999.99
73142,-9999.99
73143,-9999.99
73144,-9999.99
73145,406.16
73146,406.16
73147,406.11
73148,406.18
73149,406.04
73150,406.34
73151,406.22
73152,406.27
73153,406.30
73154,406.37
73155,406.35
73156,406.33
73157,406.29
73158,406.31
73159,406.25
73160,406.27
73161,406.22
73162,406.17
73163,406.13
73164,406.22
73165,405.99
73166,405.98
73167,406.03
73168,406.01
73169,406.09
73170,406.06
73171,406.03
73172,405.95
73173,406.12
73174,405.97
73175,405.99
73176,405.96
73177,405.98
73178,406.03
73179,405.95
73180,406.12
73181,406.03
73182,406.05
73183,405.99
73184,406.10
73185,406.02
73186,405.98
73187,405.96
73188,406.16
73189,406.04
73190,406.04
73191,406.08
73192,406.05
73193,406.13
73194,406.09
73195,406.02
73196,406.08
73197,406.12
73198,406.23
73199,406.19
73200,406.19
73201,406.08
73202,406.14
73203,406.37
73204,406.42
73205,406.62
73206,406.59
73207,406.54
73208,406.52
73209,406.54
73210,406.48
73211,406.57
73212,406.52
73213,406.63
73214,406.61
73215,406.51
73216,406.49
73217,406.51
73218,406.46
73219,406.64
73220,406.52
73221,406.58
73222,406.54
73223,406.55
73224,406.51
73225,406.57
73226,406.61
73227,406.71
73228,406.49
73229,406.51
73230,406.48
73231,406.63
73232,406.53
73233,406.53
73234,406.63
73235,406.61
73236,406.61
73237,406.69
73238,406.70
73239,406.71
73240,406.69
73241,406.65
73242,406.69
73243,406.70
73244,406.59
73245,406.61
73246,406.63
73247,406.67
73248,406.48
73249,406.70
73250,406.58
73251,406.59
73252,406.49
73253,406.57
73254,406.57
73255,406.62
73256,406.56
73257,406.48
73258,406.35
73259,406.26
73260,406.24
73261,406.40
73262,406.25
73263,406.28
73264,406.35
73265,406.33
73266,406.38
73267,406.35
73268,406.31
73269,406.29
73270,406.30
73271,406.25
73272,406.34
73273,406.36
73274,406.21
73275,406.29
73276,406.34
73277,406.22
73278,406.38
73279,406.31
73280,406.20
73281,406.30
73282,406.37
73283,406.28
73284,406.36
73285,406.28
73286,406.21
73287,406.14
73288,406.25
73289,406.26
73290,406.26
73291,406.18
73292,406.24
73293,406.14
73294,406.26
73295,406.27
73296,406.22
73297,406.41
73298,406.33
73299,406.36
73300,406.25
73301,406.37
73302,406.24
73303,406.33
73304,406.30
73305,406.30
73306,406.38
73307,406.40
73308,406.34
73309,406.30
73310,406.35
73311,406.26
73312,406.41
73313,406.35
73314,406.39
73315,406.33
73316,406.30
73317,406.44
73318,406.36
73319,406.33
73320,406.32
73321,406.32
73322,406.46
73323,406.31
73324,406.42
73325,406.50
73326,406.29
73327,406.35
73328,406.44
73329,406.41
73330,406.54
73331,406.35
73332,406.38
73333,406.45
73334,406.35
73335,406.47
73336,406.42
73337,406.36
73338,406.44
73339,406.47
73340,406.54
73341,406.42
73342,406.36
73343,406.39
73344,406.46
73345,406.46
73346,406.41
73347,406.45
73348,406.43
73349,406.61
73350,406.57
73351,406.57
73352,406.44
73353,406.37
73354,406.45
73355,406.60
73356,406.54
73357,406.36
73358,406.46
73359,406.48
73360,406.57
73361,406.43
73362,406.53
73363,406.52
73364,406.57
73365,406.48
73366,406.44
73367,406.54
73368,406.56
73369,406.55
73370,406.37
73371,-9999.99
73372,-9999.99
73373,-9999.99
73374,-9999.99
73375,-9999.99
73376,406.54
73377,406.51
73378,406.45
73379,406.60
73380,406.53
73381,406.68
73382,406.57
73383,406.54
73384,406.72
73385,406.70
73386,406.63
73387,406.68
73388,406.71
73389,406.67
73390,406.71
73391,406.64
73392,406.63
73393,406.69
73394,406.76
73395,406.66
73396,406.67
73397,406.72
73398,406.68
73399,406.76
73400,406.55
73401,406.68
73402,406.69
73403,406.71
73404,406.76
73405,406.62
73406,406.67
73407,406.69
73408,406.69
73409,406.69
73410,406.67
73411,406.64
73412,406.66
73413,406.66
73414,406.52
73415,406.64
73416,406.53
73417,406.63
73418,406.60
73419,406.56
73420,406.70
73421,406.67
73422,406.69
73423,406.59
73424,406.61
73425,406.62
73426,406.58
73427,406.63
73428,406.64
73429,406.58
73430,406.58
73431,406.60
73432,406.68
73433,406.65
73434,406.58
73435,406.51
73436,406.59
73437,406.56
73438,406.61
73439,406.55
73440,406.56
73441,406.62
73442,406.59
73443,406.59
73444,406.60
73445,406.51
73446,406.51
73447,406.54
73448,406.53
73449,406.34
73450,406.59
73451,406.60
73452,406.50
73453,406.53
73454,406.53
73455,406.58
73456,406.61
73457,406.58
73458,406.63
73459,406.61
73460,406.66
73461,406.56
73462,406.61
73463,406.60
73464,406.56
73465,406.58
73466,406.50
73467,406.54
73468,406.47
73469,406.48
73470,406.50
73471,406.50
73472,406.52
73473,406.61
73474,406.44
73475,406.52
73476,406.48
73477,406.49
73478,406.45
73479,406.55
73480,406.73
73481,406.68
73482,406.56
73483,406.53
73484,406.54
73485,406.61
73486,406.62
73487,406.57
73488,406.48
73489,406.50
73490,406.53
73491,406.48
73492,406.40
73493,406.50
73494,406.43
73495,406.36
73496,406.50
73497,406.45
73498,406.40
73499,406.41
73500,406.35
73501,406.29
73502,406.16
73503,406.22
73504,406.28
73505,406.22
73506,406.23
73507,406.12
73508,406.20
73509,406.12
73510,406.13
73511,406.05
73512,406.24
73513,406.28
73514,406.22
73515,406.09
73516,406.11
73517,406.07
73518,406.18
73519,406.10
73520,405.96
73521,405.94
73522,405.90
73523,406.01
73524,406.13
73525,406.13
73526,405.97
73527,406.05
73528,405.99
73529,406.02
73530,405.96
73531,405.95
73532,405.81
73533,405.85
73534,405.89
73535,405.81
73536,405.79
73537,405.79
73538,405.75
73539,405.84
73540,405.78
73541,405.84
73542,405.64
73543,405.81
73544,405.78
73545,405.69
73546,405.69
73547,405.76
73548,405.77
73549,405.71
73550,405.76
73551,405.68
73552,405.79
73553,405.80
73554,405.76
73555,405.81
73556,405.81
73557,405.91
73558,405.75
73559,405.91
73560,405.89
73561,405.80
73562,405.80
73563,405.90
73564,405.86
73565,405.94
73566,405.90
73567,405.85
73568,405.90
73569,405.99
73570,405.92
73571,405.85
73572,405.81
73573,405.89
73574,405.91
73575,405.83
73576,405.94
73577,405.85
73578,405.91
73579,405.90
73580,405.86
73581,405.76
73582,405.74
73583,405.80
73584,405.86
73585,405.77
73586,405.91
73587,405.77
73588,405.81
73589,405.89
73590,405.84
73591,405.64
73592,405.71
73593,405.65
73594,405.65
73595,405.66
73596,405.56
73597,405.64
73598,405.61
73599,405.41
73600,405.33
73601,405.31
73602,405.25
73603,405.28
73604,405.49
73605,405.42
73606,405.40
73607,405.50
73608,405.41
73609,405.59
73610,405.58
73611,405.52
73612,405.60
73613,405.69
73614,405.61
73615,405.70
73616,405.61
73617,405.65
73618,405.54
73619,405.67
73620,405.65
73621,405.67
73622,405.74
73623,405.77
73624,405.81
73625,405.77
73626,406.06
73627,406.30
73628,406.32
73629,406.51
73630,406.41
73631,406.32
73632,406.39
73633,406.46
73634,406.43
73635,406.43
73636,406.46
73637,406.57
73638,406.65
73639,406.59
73640,406.60
73641,406.49
73642,406.60
73643,406.60
73644,406.54
73645,406.58
73646,406.46
73647,406.58
73648,406.55
73649,406.54
73650,406.54
73651,406.43
73652,406.53
73653,406.58
73654,406.41
73655,406.50
73656,406.60
73657,406.55
73658,406.59
73659,406.49
73660,406.49
73661,406.52
73662,406.52
73663,406.44
73664,406.36
73665,406.46
73666,406.47
73667,406.43
73668,406.50
73669,406.31
73670,406.31
73671,406.21
73672,406.12
73673,406.13
73674,406.04
73675,406.11
73676,406.12
73677,406.09
73678,405.94
73679,406.03
73680,406.02
73681,405.89
73682,405.90
73683,405.82
73684,405.98
73685,405.89
73686,405.92
73687,405.92
73688,405.81
73689,405.91
73690,405.94
73691,405.88
73692,405.98
73693,405.79
73694,405.82
73695,405.96
73696,406.10
73697,406.13
73698,406.02
73699,406.07
73700,406.06
73701,406.01
73702,405.96
73703,405.92
73704,405.91
73705,405.92
73706,405.83
73707,405.99
73708,405.94
73709,406.01
73710,405.91
73711,405.91
73712,406.01
73713,405.92
73714,406.04
73715,405.95
73716,405.96
73717,405.95
73718,405.95
73719,406.03
73720,405.96
73721,405.97
73722,405.91
73723,406.00
73724,405.98
73725,405.88
73726,405.94
73727,405.96
73728,405.84
73729,405.86
73730,405.87
73731,405.92
73732,405.94
73733,405.90
73734,405.73
73735,405.63
73736,405.72
73737,405.73
73738,405.71
73739,405.67
73740,405.60
73741,405.62
73742,405.62
73743,405.61
73744,405.61
73745,405.67
73746,405.70
73747,405.59
73748,405.60
73749,405.57
73750,405.45
73751,405.25
73752,405.12
73753,404.97
73754,405.07
73755,404.98
73756,405.07
73757,405.18
73758,405.14
73759,404.95
73760,404.84
73761,404.85
73762,404.78
73763,404.72
73764,404.89
73765,404.82
73766,404.76
73767,404.81
73768,404.82
73769,404.80
73770,404.73
73771,404.81
73772,404.69
73773,404.73
73774,404.80
73775,404.74
73776,404.71
73777,404.80
73778,404.70
73779,404.87
73780,404.78
73781,404.79
73782,404.75
73783,404.72
73784,404.77
73785,404.76
73786,404.68
73787,404.73
73788,404.72
73789,404.73
73790,404.80
73791,404.73
73792,404.65
73793,404.55
73794,404.62
73795,404.53
73796,404.49
73797,404.43
73798,404.53
73799,404.47
73800,404.40
73801,404.44
73802,404.46
73803,404.43
73804,404.38
73805,404.34
73806,404.35
73807,404.25
73808,404.21
73809,404.07
73810,404.14
73811,404.10
73812,403.96
73813,404.11
73814,404.16
73815,404.08
73816,404.04
73817,404.05
73818,404.03
73819,404.09
73820,404.13
73821,403.97
73822,404.10
73823,404.12
73824,404.08
73825,404.06
73826,404.05
73827,403.98
73828,404.01
73829,404.05
73830,404.03
73831,404.06
73832,404.05
73833,404.26
73834,404.19
73835,404.22
73836,404.34
73837,404.28
73838,404.35
73839,404.26
73840,404.34
73841,404.22
73842,404.31
73843,404.19
73844,404.31
73845,404.29
73846,404.23
73847,404.28
73848,404.22
73849,404.20
73850,404.31
73851,404.29
73852,404.26
73853,404.36
73854,404.30
73855,404.37
73856,404.32
73857,404.38
73858,404.34
73859,404.31
73860,404.32
73861,404.34
73862,404.33
73863,404.39
73864,404.23
73865,404.36
73866,404.25
73867,404.30
73868,404.19
73869,404.34
73870,404.25
73871,404.17
73872,404.30
73873,404.25
73874,404.23
73875,404.20
73876,404.32
73877,404.22
73878,404.22
73879,404.20
73880,404.22
73881,404.22
73882,404.24
73883,404.34
73884,404.29
73885,404.32
73886,404.30
73887,404.26
73888,404.28
73889,404.34
73890,404.34
73891,404.25
73892,404.39
73893,404.32
73894,404.47
73895,404.43
73896,404.33
73897,404.38
73898,404.30
73899,404.40
73900,404.39
73901,404.38
73902,404.40
73903,404.33
73904,404.38
73905,404.31
73906,404.41
73907,404.32
73908,404.36
73909,404.40
73910,404.32
73911,404.29
73912,404.35
73913,404.31
73914,404.31
73915,404.30
73916,404.20
73917,404.27
73918,404.24
73919,404.26
73920,404.24
73921,404.29
73922,404.22
73923,404.26
73924,404.21
73925,404.26
73926,404.24
73927,404.23
73928,404.18
73929,404.16
73930,404.23
73931,404.17
73932,404.14
73933,404.16
73934,404.08
73935,403.98
73936,404.08
73937,403.99
73938,404.06
73939,403.95
73940,403.90
73941,403.86
73942,403.85
73943,403.75
73944,403.73
73945,403.91
73946,403.96
73947,403.77
73948,403.82
73949,403.89
73950,403.74
73951,403.81
73952,403.80
73953,403.75
73954,403.75
73955,403.71
73956,403.75
73957,403.69
73958,403.65
73959,403.80
73960,403.74
73961,403.68
73962,403.84
73963,403.74
73964,403.72
73965,403.76
73966,403.84
73967,403.86
73968,403.77
73969,403.85
73970,403.76
73971,403.76
73972,403.77
73973,403.81
73974,403.83
73975,403.81
73976,403.78
73977,403.71
73978,403.79
73979,403.77
73980,403.74
73981,403.72
73982,403.90
73983,403.85
73984,403.76
73985,403.77
73986,403.73
73987,403.74
73988,403.77
73989,403.73
73990,403.72
73991,403.78
73992,403.81
73993,403.92
73994,403.95
73995,403.89
73996,403.89
73997,403.97
73998,404.01
73999,404.05
74000,404.05
74001,404.00
74002,404.05
74003,404.06
74004,404.14
74005,403.99
74006,403.99
74007,403.92
74008,403.86
74009,403.88
74010,403.89
74011,403.84
74012,403.94
74013,403.97
74014,403.91
74015,403.86
74016,403.91
74017,403.85
74018,403.97
74019,404.02
74020,403.78
74021,403.79
74022,403.83
74023,403.91
74024,403.84
74025,403.90
74026,403.90
74027,404.07
74028,404.02
74029,404.03
74030,404.07
74031,404.01
74032,403.95
74033,403.98
74034,403.92
74035,403.98
74036,404.06
74037,404.02
74038,403.93
74039,403.91
74040,404.04
74041,404.11
74042,404.00
74043,404.04
74044,404.14
74045,404.12
74046,404.10
74047,404.10
74048,404.12
74049,404.15
74050,404.11
74051,404.06
74052,404.15
74053,404.09
74054,403.99
74055,404.09
74056,404.08
74057,404.02
74058,404.06
74059,403.97
74060,404.03
74061,403.90
74062,403.92
74063,403.89
74064,403.90
74065,403.86
74066,403.86
74067,403.83
74068,403.90
74069,403.91
