data/raw/Flight4/CO2_POLAR6_20150408_R1_L2_NETCARE.ict
34, 1001
Bozem, Heiko; Hoor, Peter
Institute for Atmospheric Physics, Johannes Gutenberg University, Mainz, Germany
CO2 mixing ratio from LI7200 CO2 analyzer
NETCARE Polar 6 Campaign 2015
1, 1
2015, 04, 08, 2015, 08, 12
1
Time_UTC, seconds
1
1
-9999.99
CO2_ppmv, ppmv
0
19
PI_CONTACT_INFO: Address: Johann-Joachim-Becherweg 21, 55128 Mainz, email: bozemh@uni-mainz.de; hoor@uni-mainz.de
PLATFORM: Polar 6
LOCATION: GPS location and altitude available at 1 Hz resolution in separate file (See AIMMS files under Aircraft data and meteorology)
ASSOCIATED_DATA: N/A
INSTRUMENT_INFO: CO2 measurements based on non-dispersive infrared absorption spectroscopy
DATA_INFO: Units are ppmv
UNCERTAINTY: UNCERTAINTY RELATIVE TO STANDARD: 1.71 ppmv at 1 sigma confidence (before drift correction is applied)
ULOD_FLAG: -7777
ULOD_VALUE: 3000
LLOD_FLAG: -8888
LLOD_VALUE: N/A 
DM_CONTACT_INFO: N/A
PROJECT_INFO: NETCARE Polar 6 aircraft campaign in April 2015; Alert
STIPULATIONS_ON_USE: N/A
OTHER_COMMENTS: N/A
REVISION: R1
R0: Preliminary data, corrected for instrument drift
R1: Final data, corrected for instrument drift
Time_UTC,CO2_ppmv
[from data line 7254]
71638,-9999.99
71639,-9999.99
71640,-9999.99
71641,-9999.99
71642,-9999.99
71643,-9999.99
71644,-9999.99
71645,-9999.99
71646,-9999.99
71647,-9999.99
71648,-9999.99
71649,-9999.99
71650,-9999.99
71651,405.22
71652,405.25
71653,405.11
71654,405.13
71655,405.16
71656,405.22
71657,405.10
71658,405.19
71659,405.17
71660,405.17
71661,405.26
71662,405.14
71663,405.12
71664,405.20
71665,405.11
71666,405.10
71667,405.11
71668,405.14
71669,405.08
71670,405.07
71671,405.11
71672,405.08
71673,405.13
71674,405.14
71675,405.16
71676,405.23
71677,405.24
71678,405.13
71679,405.24
71680,405.19
71681,405.20
71682,405.28
71683,405.24
71684,405.13
71685,405.12
71686,405.20
71687,405.23
71688,405.16
71689,405.26
71690,405.21
71691,405.22
71692,405.23
71693,405.19
71694,405.28
71695,405.22
71696,405.23
71697,405.18
71698,405.19
71699,405.09
71700,405.14
71701,405.19
71702,405.26
71703,405.12
71704,405.06
71705,405.03
71706,405.08
71707,405.19
71708,405.18
71709,405.11
71710,405.11
71711,405.10
71712,405.07
71713,405.08
71714,405.09
71715,404.99
71716,404.98
71717,405.01
71718,404.85
71719,404.82
71720,404.85
71721,405.04
71722,405.03
71723,404.96
71724,404.93
71725,404.93
71726,404.97
71727,404.97
71728,404.95
71729,404.93
71730,404.88
71731,404.86
71732,404.83
71733,404.88
71734,404.93
71735,404.81
71736,404.80
71737,404.80
71738,404.81
71739,404.69
71740,404.81
71741,404.70
71742,404.58
71743,404.79
71744,404.78
71745,404.66
71746,404.70
71747,404.74
71748,404.68
71749,404.72
71750,404.64
71751,404.74
71752,404.67
71753,404.76
71754,404.70
71755,404.68
71756,404.71
71757,404.68
71758,404.64
71759,404.62
71760,404.72
71761,404.53
71762,404.59
71763,404.48
71764,404.51
71765,404.61
71766,404.41
71767,404.50
71768,404.53
71769,404.56
71770,404.64
71771,404.53
71772,404.49
71773,404.47
71774,404.59
71775,404.51
71776,404.50
71777,404.51
71778,404.52
71779,404.51
71780,404.64
71781,404.53
71782,404.57
71783,404.55
71784,404.54
71785,404.56
71786,404.52
71787,404.54
71788,404.51
71789,404.50
71790,404.49
71791,404.49
71792,404.49
71793,404.55
71794,404.45
71795,404.39
71796,404.43
71797,404.54
71798,404.39
71799,404.42
71800,404.42
71801,404.51
71802,404.43
71803,404.30
71804,404.41
71805,404.45
71806,404.41
71807,404.54
71808,404.48
71809,404.65
71810,404.58
71811,404.45
71812,404.56
71813,404.51
71814,404.53
71815,404.45
71816,404.52
71817,404.53
71818,404.58
71819,404.66
71820,404.64
71821,404.84
71822,404.72
71823,404.74
71824,404.83
71825,404.76
71826,404.82
71827,404.85
71828,404.80
71829,404.81
71830,404.71
71831,404.77
71832,404.79
71833,404.77
71834,404.76
71835,404.75
71836,404.70
71837,404.71
71838,404.76
71839,404.63
71840,404.74
71841,404.72
71842,404.68
71843,404.68
71844,404.75
71845,404.75
71846,404.72
71847,404.71
71848,404.64
71849,404.75
71850,404.80
71851,404.75
71852,404.80
71853,404.68
71854,404.83
71855,404.84
71856,404.69
71857,404.87
71858,404.76
71859,404.80
71860,404.75
71861,404.69
71862,404.69
71863,404.57
71864,404.43
71865,404.57
71866,404.55
71867,404.46
71868,404.50
71869,404.54
71870,404.43
71871,404.42
71872,404.41
71873,404.50
71874,404.38
71875,404.24
71876,404.36
71877,404.42
71878,404.32
71879,404.34
71880,404.28
71881,404.22
71882,404.31
71883,404.20
71884,404.23
71885,404.14
71886,404.28
71887,404.26
71888,404.18
71889,404.19
71890,404.29
71891,404.18
71892,404.28
71893,404.24
71894,404.29
71895,404.22
71896,404.25
71897,404.21
71898,404.26
71899,404.31
71900,404.31
71901,404.26
71902,404.19
71903,404.30
71904,404.22
71905,404.33
71906,404.19
71907,404.28
71908,404.25
71909,404.23
71910,404.20
71911,404.35
71912,404.23
71913,404.26
71914,404.21
71915,404.22
71916,404.18
71917,404.23
71918,404.23
71919,404.14
71920,404.19
71921,404.18
71922,404.18
71923,404.24
71924,404.25
71925,404.24
71926,404.20
71927,404.26
71928,404.23
71929,404.31
71930,404.19
71931,404.25
71932,404.31
71933,404.25
71934,404.27
71935,404.32
71936,404.38
71937,404.36
71938,404.40
71939,404.35
71940,404.40
71941,404.31
71942,404.31
71943,404.28
71944,404.21
71945,404.34
71946,404.23
71947,404.24
71948,404.25
71949,404.31
71950,404.29
71951,404.31
71952,404.25
71953,404.23
71954,404.25
71955,404.32
71956,404.24
71957,404.28
71958,404.25
71959,404.30
71960,404.25
71961,404.28
71962,404.30
71963,404.29
71964,404.33
71965,404.31
71966,404.34
71967,404.32
71968,404.26
71969,404.33
71970,404.31
71971,404.25
71972,404.29
71973,404.20
71974,404.35
71975,404.25
71976,404.26
71977,404.32
71978,404.23
71979,404.30
71980,404.30
71981,404.24
71982,404.21
71983,404.29
71984,404.37
71985,404.26
71986,404.35
71987,404.27
71988,404.27
71989,404.25
71990,404.34
71991,404.30
71992,404.31
71993,404.33
71994,404.36
71995,404.29
71996,404.29
71997,404.17
71998,404.20
71999,404.33
72000,404.31
72001,404.29
72002,404.26
72003,404.30
72004,404.31
72005,404.30
72006,404.20
72007,404.19
72008,404.01
72009,404.25
72010,404.26
72011,404.26
72012,404.28
72013,404.20
72014,404.20
72015,404.24
72016,404.25
72017,404.24
72018,404.16
72019,404.21
72020,404.17
72021,404.18
72022,404.31
72023,404.23
72024,404.21
72025,404.25
72026,404.21
72027,404.21
72028,404.19
72029,404.22
72030,404.22
72031,404.19
72032,404.20
72033,404.07
72034,404.12
72035,404.10
72036,404.24
72037,404.13
72038,404.16
72039,404.09
72040,404.14
72041,404.08
72042,404.15
72043,404.09
72044,404.12
72045,404.09
72046,404.04
72047,404.09
72048,404.09
72049,404.11
72050,404.11
72051,404.11
72052,404.10
72053,404.01
72054,404.07
72055,403.96
72056,403.96
72057,404.04
72058,403.92
72059,404.03
72060,403.99
72061,403.92
72062,403.94
72063,403.92
72064,404.08
72065,404.02
72066,404.01
72067,404.11
72068,404.07
72069,404.10
72070,404.17
72071,404.17
72072,404.20
72073,404.26
72074,404.23
72075,404.20
72076,404.10
72077,404.16
72078,404.18
72079,404.15
72080,404.13
72081,404.10
72082,404.13
72083,404.12
72084,404.14
72085,404.06
72086,404.02
72087,403.90
72088,403.84
72089,403.79
72090,403.69
72091,403.70
72092,403.67
72093,403.76
72094,403.76
72095,403.64
72096,403.71
72097,403.68
72098,403.59
72099,403.68
72100,403.54
72101,403.60
72102,403.59
72103,403.58
72104,403.62
72105,403.67
72106,403.57
72107,403.55
72108,403.58
72109,403.54
72110,403.35
72111,403.34
72112,403.39
72113,403.32
72114,403.36
72115,403.24
72116,403.20
72117,403.30
72118,403.25
72119,403.26
72120,403.22
72121,403.27
72122,403.23
72123,403.26
72124,403.19
72125,403.22
72126,403.12
72127,403.16
72128,403.17
72129,403.11
72130,403.13
72131,403.16
72132,403.11
72133,403.15
72134,403.07
72135,403.10
72136,403.10
72137,403.05
72138,403.03
72139,403.20
72140,403.21
72141,403.16
72142,403.17
72143,403.16
72144,403.17
72145,403.13
72146,403.11
72147,403.10
72148,403.13
72149,403.07
72150,403.13
72151,403.12
72152,403.17
72153,402.99
72154,403.07
72155,403.06
72156,403.04
72157,403.08
72158,403.13
72159,403.06
72160,403.20
72161,403.12
72162,403.20
72163,403.09
72164,403.17
72165,403.15
72166,403.14
72167,403.16
72168,403.21
72169,403.26
72170,403.19
72171,403.22
72172,403.26
72173,403.21
72174,403.30
72175,403.24
72176,403.20
72177,403.30
72178,403.31
72179,403.37
72180,403.30
72181,403.44
72182,403.29
72183,403.29
72184,403.36
72185,403.31
72186,403.39
72187,403.27
72188,403.35
72189,403.30
72190,403.24
72191,403.21
72192,403.23
72193,403.21
72194,403.17
72195,403.22
72196,403.15
72197,403.11
72198,403.24
72199,403.15
72200,403.14
72201,403.13
72202,403.10
72203,403.09
72204,403.06
72205,403.12
72206,403.12
72207,403.09
72208,403.11
72209,403.16
72210,403.16
72211,403.16
72212,403.27
72213,403.24
72214,403.22
72215,403.22
72216,403.29
72217,403.37
72218,403.37
72219,403.31
72220,403.27
72221,403.28
72222,403.34
72223,403.32
72224,403.27
72225,403.39
72226,403.37
72227,403.46
72228,403.46
72229,403.36
72230,403.39
72231,403.45
72232,403.49
72233,403.48
72234,403.50
72235,403.44
72236,403.42
72237,403.51
72238,403.49
72239,403.51
72240,403.49
72241,403.50
72242,403.49
72243,403.51
72244,403.54
72245,403.46
72246,403.53
72247,403.55
72248,403.51
72249,403.50
72250,403.54
72251,403.49
72252,403.53
72253,403.56
72254,403.54
72255,403.60
72256,403.46
72257,403.61
72258,403.69
72259,403.62
72260,403.69
72261,403.62
72262,403.68
72263,403.62
72264,403.72
72265,403.71
72266,403.65
72267,403.70
72268,403.70
72269,403.53
72270,403.65
72271,403.63
72272,403.74
72273,403.66
72274,403.64
72275,403.62
72276,403.68
72277,403.61
72278,403.56
72279,403.60
72280,403.53
72281,403.69
72282,403.60
72283,403.63
72284,403.60
72285,403.51
72286,403.56
72287,403.48
72288,403.56
72289,403.57
72290,403.48
72291,403.56
72292,403.53
72293,403.47
72294,403.37
72295,403.37
72296,403.31
72297,403.22
72298,403.33
72299,403.34
72300,403.36
72301,403.22
72302,403.42
72303,403.38
72304,403.34
72305,403.31
72306,403.27
72307,403.26
72308,403.29
72309,403.19
72310,403.24
72311,403.22
72312,403.24
72313,403.29
72314,403.28
72315,403.27
72316,403.24
72317,403.27
72318,403.20
72319,403.08
72320,403.17
72321,403.16
72322,403.10
72323,403.10
72324,403.04
72325,403.03
72326,403.09
72327,402.99
72328,403.06
72329,402.91
72330,402.85
72331,402.86
72332,402.90
72333,402.92
72334,402.88
72335,402.97
72336,402.94
72337,402.94
72338,402.92
72339,402.88
72340,402.88
72341,402.98
72342,402.90
72343,403.04
72344,403.01
72345,402.97
72346,402.89
72347,402.94
72348,402.96
72349,402.97
72350,402.96
72351,402.99
72352,403.06
72353,402.95
72354,403.03
72355,403.13
72356,403.15
72357,403.15
72358,402.96
72359,402.99
72360,402.98
72361,402.98
72362,402.96
72363,402.96
72364,402.99
72365,402.99
72366,403.02
72367,403.06
72368,403.02
72369,403.08
72370,403.04
72371,403.03
72372,403.00
72373,403.10
72374,403.10
72375,403.05
72376,402.95
72377,403.12
72378,403.09
72379,403.19
72380,403.21
72381,403.05
72382,403.07
72383,403.06
72384,403.07
72385,403.10
72386,402.98
72387,403.07
72388,403.12
72389,403.15
72390,403.25
72391,403.11
72392,403.12
72393,403.16
72394,403.24
72395,403.20
72396,403.23
72397,403.32
72398,403.26
72399,403.36
72400,403.36
72401,403.36
72402,403.36
72403,403.37
72404,403.38
72405,403.27
72406,403.35
72407,403.32
72408,403.33
72409,403.35
72410,403.33
72411,403.34
72412,403.28
72413,403.33
72414,403.37
72415,403.34
72416,403.34
72417,403.41
72418,403.39
72419,403.41
72420,403.37
72421,403.43
72422,403.49
72423,403.38
72424,403.50
72425,403.50
72426,403.51
72427,403.52
72428,403.53
72429,403.50
72430,403.47
72431,403.47
72432,403.54
72433,403.44
72434,403.42
72435,403.49
72436,403.43
72437,403.54
72438,403.58
72439,403.42
72440,403.42
72441,403.50
72442,403.52
72443,403.50
72444,403.49
72445,403.52
72446,403.36
72447,403.25
72448,403.36
72449,403.38
72450,403.68
72451,404.06
72452,404.17
72453,404.10
72454,404.07
72455,404.21
72456,404.14
72457,404.04
72458,404.16
72459,404.10
72460,404.13
72461,404.10
72462,404.10
72463,404.08
72464,404.05
72465,404.13
72466,403.91
72467,404.04
72468,403.96
72469,403.90
72470,403.86
72471,403.99
72472,403.90
72473,403.88
72474,403.90
72475,403.96
72476,403.92
72477,403.84
72478,403.92
72479,403.89
72480,403.78
72481,403.84
72482,403.95
72483,403.86
72484,403.86
72485,403.82
72486,403.80
72487,403.77
72488,403.73
72489,403.88
72490,403.96
72491,404.03
72492,403.98
72493,403.99
72494,403.94
72495,403.89
72496,404.01
72497,403.97
72498,403.90
72499,403.79
72500,404.22
72501,404.40
72502,404.33
72503,404.38
72504,404.43
72505,404.38
72506,404.38
72507,404.34
72508,404.31
72509,404.07
72510,404.23
72511,404.13
72512,404.21
72513,404.07
72514,404.11
72515,404.13
72516,404.03
72517,404.07
72518,404.23
72519,404.16
72520,403.93
72521,404.13
72522,404.20
72523,404.23
72524,404.07
72525,404.20
72526,404.14
72527,404.08
72528,404.11
72529,404.34
72530,404.26
72531,404.31
72532,404.19
72533,404.28
72534,404.25
72535,404.02
72536,404.02
72537,404.08
72538,404.03
72539,404.01
72540,404.06
72541,404.06
72542,404.02
72543,404.00
72544,403.89
72545,404.02
72546,404.00
72547,404.04
72548,403.90
72549,403.92
72550,404.10
72551,404.09
72552,404.21
72553,404.28
72554,404.17
72555,404.25
72556,404.33
72557,404.37
72558,404.37
72559,404.38
72560,404.45
72561,404.51
72562,404.48
72563,404.58
72564,404.60
72565,404.62
72566,404.55
72567,404.57
72568,404.65
72569,404.62
72570,404.61
72571,404.63
72572,404.65
72573,404.66
72574,404.71
72575,404.78
72576,404.88
72577,404.85
72578,404.74
72579,404.81
72580,404.79
72581,404.72
72582,404.67
72583,404.73
72584,404.68
72585,404.76
72586,404.75
72587,404.72
72588,404.71
72589,404.66
72590,404.74
72591,404.84
72592,404.87
72593,404.86
72594,405.13
72595,405.15
72596,405.11
72597,405.18
72598,405.14
72599,405.09
72600,405.14
72601,405.13
72602,404.94
72603,404.95
72604,405.17
72605,405.21
72606,405.14
72607,405.13
72608,405.11
72609,405.03
72610,405.16
72611,405.09
72612,405.06
72613,405.05
72614,405.04
72615,405.12
72616,404.98
72617,405.05
72618,405.03
72619,405.15
72620,405.10
72621,405.21
72622,405.05
72623,405.16
72624,405.19
72625,405.09
72626,405.14
72627,405.09
72628,405.15
72629,405.24
72630,405.18
72631,405.19
72632,405.16
72633,405.09
72634,405.08
72635,405.17
72636,405.21
72637,405.12
72638,405.13
72639,405.12
72640,405.17
72641,405.17
72642,405.19
72643,405.16
72644,405.13
72645,404.75
72646,404.40
72647,404.43
72648,404.63
72649,404.57
72650,404.61
72651,404.70
72652,404.78
72653,404.76
72654,404.93
72655,405.00
72656,405.16
72657,405.30
72658,405.39
72659,405.31
72660,405.38
72661,405.47
72662,405.38
72663,405.40
72664,405.46
72665,405.49
72666,405.48
72667,405.50
72668,405.45
72669,405.55
72670,405.48
72671,405.47
72672,405.55
72673,405.55
72674,405.54
72675,405.54
72676,405.58
72677,405.53
72678,405.59
72679,405.57
72680,405.61
72681,405.55
72682,405.61
72683,405.55
72684,405.51
72685,405.40
72686,405.43
72687,405.39
72688,405.47
72689,405.50
72690,405.53
72691,405.65
72692,405.61
72693,405.53
72694,405.49
72695,405.61
72696,405.59
72697,405.63
72698,405.57
72699,405.57
72700,405.52
72701,405.50
72702,405.58
72703,405.55
72704,405.52
72705,405.56
72706,405.53
72707,405.49
72708,405.53
72709,405.48
72710,405.33
72711,405.38
72712,405.57
72713,405.61
72714,405.49
72715,405.53
72716,405.51
72717,405.57
72718,405.60
72719,405.57
72720,405.61
72721,405.57
72722,405.54
72723,405.58
72724,405.61
72725,405.66
72726,405.60
72727,405.77
72728,405.73
72729,405.65
72730,405.67
72731,405.71
72732,405.66
72733,405.57
72734,405.56
72735,405.61
72736,405.69
72737,405.54
72738,405.51
72739,405.40
72740,405.57
72741,405.36
72742,405.38
72743,405.41
72744,405.37
72745,405.36
72746,405.33
72747,405.36
72748,405.40
72749,405.47
72750,405.36
72751,405.42
72752,405.40
72753,405.37
72754,405.31
72755,405.38
72756,405.34
72757,405.42
72758,405.52
72759,405.53
72760,405.53
72761,405.57
72762,405.51
72763,405.49
72764,405.58
72765,405.59
72766,405.48
72767,405.53
72768,405.45
72769,405.50
72770,405.49
72771,405.41
72772,405.36
72773,405.29
72774,405.39
72775,405.32
72776,405.36
72777,405.34
72778,405.30
72779,405.25
72780,405.22
72781,405.28
72782,405.41
72783,405.24
72784,405.23
72785,405.18
72786,405.19
72787,405.21
72788,405.18
72789,405.23
72790,405.23
72791,405.15
72792,405.19
72793,405.11
72794,405.19
72795,405.14
72796,405.11
72797,405.32
72798,405.28
72799,405.30
72800,405.30
72801,405.31
72802,405.44
72803,405.35
72804,405.42
72805,405.44
72806,405.46
72807,405.53
72808,405.48
72809,405.43
72810,405.52
72811,405.45
72812,405.50
72813,405.40
72814,405.44
72815,405.49
72816,405.34
72817,405.56
72818,405.49
72819,405.51
72820,405.48
72821,405.53
72822,405.56
72823,405.64
72824,405.63
72825,405.64
72826,405.55
72827,405.66
72828,405.71
72829,405.58
72830,405.59
72831,405.63
72832,405.48
72833,405.55
72834,405.61
72835,405.53
72836,405.45
72837,405.53
72838,405.44
72839,405.53
72840,405.39
72841,405.45
72842,405.48
72843,405.48
72844,405.48
72845,405.53
72846,405.45
72847,405.51
72848,405.60
72849,405.56
72850,405.60
72851,405.68
72852,405.63
72853,405.72
72854,405.78
72855,405.73
72856,405.84
72857,405.77
72858,405.89
72859,405.86
72860,405.92
72861,405.90
72862,405.82
72863,405.70
72864,405.72
72865,405.81
