data/raw/Flight4/H2O_POLAR6_20150408_R1_L2_NETCARE.ict
34, 1001
Bozem, Heiko; Hoor, Peter
Institute for Atmospheric Physics, Johannes Gutenberg University, Mainz, Germany
H2O mixing ratio from LI7200 H2O analyzer
NETCARE Polar 6 Campaign 2015
1, 1
2015, 04, 08, 2016, 01, 22
1
Time_UTC, seconds
1
1
-9999.9
H2O_ppmv, ppmv
0
19
PI_CONTACT_INFO: Address: Johann-Joachim-Becherweg 21, 55128 Mainz, email: bozemh@uni-mainz.de; hoor@uni-mainz.de
PLATFORM: Polar 6
LOCATION: GPS location and altitude available at 1 Hz resolution in separate file (See AIMMS files under Aircraft data and meteorology)
ASSOCIATED_DATA: N/A
INSTRUMENT_INFO: H2O measurements based on non-dispersive infrared absorption spectroscopy
DATA_INFO: Units are ppmv
UNCERTAINTY RELATIVE TO STANDARD: 18.5 ppmv or 2.5 %, whichever is greater, at 1 sigma confidence (before drift correction is applied)
ULOD_FLAG: -7777
ULOD_VALUE: N/A
LLOD_FLAG: -8888
LLOD_VALUE: N/A 
DM_CONTACT_INFO: N/A
PROJECT_INFO: NETCARE Polar 6 aircraft campaign in April 2015; Alert
STIPULATIONS_ON_USE: N/A
OTHER_COMMENTS: N/A
REVISION: R1
R0: Preliminary data, corrected for instrument drift
R1: Final data, corrected for instrument drift
Time_UTC,H2O_ppmv
[from data line 3894]
68278,346.7
68279,335.9
68280,335.5
68281,334.4
68282,335.6
68283,325.0
68284,318.9
68285,316.9
68286,317.2
68287,321.0
68288,322.8
68289,321.5
68290,319.9
68291,317.7
68292,317.6
68293,318.6
68294,316.4
68295,317.6
68296,317.3
68297,317.3
68298,316.9
68299,316.5
68300,317.3
68301,318.5
68302,318.0
68303,318.8
68304,319.7
68305,320.0
68306,321.0
68307,318.6
68308,317.6
68309,312.4
68310,310.5
68311,312.3
68312,313.8
68313,314.8
68314,314.8
68315,314.4
68316,314.5
68317,312.8
68318,313.1
68319,313.5
68320,315.0
68321,314.8
68322,316.0
68323,315.9
68324,315.6
68325,315.3
68326,315.5
68327,314.6
68328,315.0
68329,314.4
68330,315.4
68331,316.8
68332,317.3
68333,318.3
68334,318.4
68335,318.5
68336,319.8
68337,321.4
68338,321.6
68339,321.6
68340,322.3
68341,323.6
68342,324.3
68343,324.5
68344,325.1
68345,325.0
68346,325.9
68347,325.3
68348,324.8
68349,325.3
68350,325.6
68351,326.4
68352,326.6
68353,326.4
68354,326.7
68355,327.8
68356,328.4
68357,329.5
68358,328.5
68359,329.1
68360,327.3
68361,321.9
68362,316.7
68363,311.9
68364,311.6
68365,312.8
68366,312.8
68367,309.5
68368,310.2
68369,310.0
68370,307.3
68371,303.5
68372,304.1
68373,305.5
68374,303.2
68375,303.4
68376,302.9
68377,302.6
68378,304.8
68379,305.7
68380,310.3
68381,312.2
68382,314.1
68383,311.2
68384,310.6
68385,311.7
68386,308.9
68387,304.7
68388,301.5
68389,297.6
68390,288.6
68391,284.7
68392,286.5
68393,289.0
68394,286.2
68395,285.9
68396,286.2
68397,286.6
68398,287.8
68399,290.7
68400,291.2
68401,287.1
68402,287.0
68403,291.6
68404,295.5
68405,298.2
68406,305.5
68407,308.9
68408,308.9
68409,319.2
68410,325.7
68411,353.7
68412,369.6
68413,380.7
68414,389.3
68415,424.5
68416,450.0
68417,452.4
68418,446.5
68419,437.8
68420,432.7
68421,430.8
68422,429.7
68423,431.1
68424,431.5
68425,430.4
68426,433.0
68427,434.5
68428,434.6
68429,436.2
68430,438.3
68431,438.2
68432,439.4
68433,438.9
68434,438.2
68435,440.7
68436,438.9
68437,441.0
68438,436.4
68439,438.5
68440,441.8
68441,439.0
68442,437.7
68443,437.3
68444,432.0
68445,422.8
68446,412.2
68447,411.3
68448,411.5
68449,416.6
68450,419.1
68451,418.4
68452,418.0
68453,416.0
68454,409.2
68455,407.8
68456,409.3
68457,410.5
68458,409.9
68459,411.8
68460,417.2
68461,422.1
68462,422.7
68463,422.5
68464,423.2
68465,424.2
68466,423.3
68467,423.7
68468,425.2
68469,427.7
68470,424.5
68471,423.7
68472,425.5
68473,426.5
68474,428.3
68475,430.1
68476,431.4
68477,430.5
68478,431.6
68479,431.7
68480,430.6
68481,432.6
68482,432.8
68483,434.4
68484,434.7
68485,435.7
68486,437.2
68487,438.1
68488,439.0
68489,440.2
68490,441.0
68491,442.7
68492,452.4
68493,459.0
68494,462.9
68495,467.2
68496,468.3
68497,469.4
68498,470.7
68499,470.5
68500,471.2
68501,471.1
68502,470.8
68503,471.0
68504,471.7
68505,470.1
68506,469.9
68507,470.2
68508,471.0
68509,471.3
68510,471.2
68511,467.6
68512,465.3
68513,465.7
68514,468.5
68515,468.8
68516,469.6
68517,468.5
68518,469.3
68519,469.8
68520,469.1
68521,468.6
68522,468.8
68523,469.1
68524,468.8
68525,469.3
68526,467.7
68527,467.5
68528,468.7
68529,470.4
68530,471.9
68531,472.3
68532,473.7
68533,477.8
68534,478.3
68535,475.0
68536,475.8
68537,475.4
68538,475.3
68539,474.9
68540,475.5
68541,477.3
68542,478.2
68543,480.1
68544,482.9
68545,485.2
68546,488.8
68547,488.3
68548,486.8
68549,488.2
68550,488.9
68551,486.8
68552,488.8
68553,486.8
68554,487.9
68555,489.2
68556,487.6
68557,486.2
68558,486.9
68559,488.5
68560,490.0
68561,490.0
68562,492.4
68563,492.8
68564,493.1
68565,494.7
68566,496.1
68567,499.9
68568,505.9
68569,508.6
68570,508.6
68571,509.6
68572,510.1
68573,511.2
68574,511.8
68575,511.4
68576,510.2
68577,509.8
68578,506.1
68579,503.3
68580,496.4
68581,495.7
68582,495.7
68583,495.9
68584,495.3
68585,497.6
68586,496.5
68587,497.0
68588,495.9
68589,496.2
68590,496.5
68591,497.0
68592,496.4
68593,495.6
68594,500.0
68595,506.1
68596,506.4
68597,508.0
68598,509.8
68599,512.7
68600,515.5
68601,516.9
68602,516.3
68603,517.0
68604,517.4
68605,518.4
68606,519.6
68607,522.6
68608,519.6
68609,519.7
68610,521.6
68611,519.4
68612,517.3
68613,515.2
68614,523.4
68615,544.1
68616,545.0
68617,544.5
68618,548.0
68619,555.4
68620,566.8
68621,567.9
68622,565.8
68623,566.9
68624,567.3
68625,568.3
68626,566.8
68627,564.8
68628,559.9
68629,558.3
68630,558.3
68631,559.2
68632,559.5
68633,558.6
68634,557.5
68635,557.8
68636,559.8
68637,561.2
68638,565.2
68639,569.3
68640,569.5
68641,568.4
68642,569.2
68643,571.3
68644,570.1
68645,575.5
68646,585.7
68647,585.7
68648,588.4
68649,584.6
68650,587.2
68651,592.5
68652,593.2
68653,595.0
68654,596.5
68655,592.0
68656,598.0
68657,604.9
68658,604.4
68659,606.8
68660,603.8
68661,616.0
68662,632.7
68663,633.7
68664,631.3
68665,634.6
68666,639.7
68667,638.0
68668,637.4
68669,640.6
68670,641.7
68671,641.7
68672,640.0
68673,637.0
68674,638.8
68675,638.8
68676,633.9
68677,639.0
68678,638.7
68679,630.7
68680,626.2
68681,630.6
68682,628.9
68683,629.3
68684,627.7
68685,627.9
68686,628.1
68687,626.6
68688,625.5
68689,624.2
68690,621.8
68691,621.3
68692,621.0
68693,622.0
68694,619.5
68695,619.8
68696,619.3
68697,617.6
68698,614.8
68699,616.2
68700,617.8
68701,618.4
68702,618.0
68703,617.8
68704,616.7
68705,615.0
68706,616.1
68707,616.8
68708,615.1
68709,614.5
68710,614.2
68711,614.3
68712,614.9
68713,614.8
68714,613.5
68715,613.4
68716,614.1
68717,614.1
68718,613.6
68719,614.0
68720,612.3
68721,612.9
68722,612.8
68723,613.0
68724,612.6
68725,613.7
68726,613.2
68727,613.2
68728,613.2
68729,613.5
68730,612.4
68731,612.3
68732,611.9
68733,612.2
68734,612.7
68735,613.4
68736,611.2
68737,611.3
68738,611.1
68739,613.1
68740,614.3
68741,612.9
68742,611.8
68743,611.2
68744,611.0
68745,611.1
68746,609.5
68747,610.0
68748,610.3
68749,609.7
68750,609.2
68751,609.3
68752,609.8
68753,609.0
68754,608.9
68755,607.9
68756,608.3
68757,607.3
68758,607.4
68759,606.7
68760,607.7
68761,609.5
68762,613.0
68763,610.5
68764,611.8
68765,609.7
68766,606.6
68767,606.5
68768,604.9
68769,604.4
68770,603.7
68771,604.0
68772,603.8
68773,604.9
68774,604.1
68775,603.1
68776,602.3
68777,602.4
68778,603.2
68779,601.8
68780,600.8
68781,600.5
68782,599.9
68783,600.3
68784,600.0
68785,599.7
68786,597.0
68787,596.0
68788,590.5
68789,587.4
68790,585.8
68791,582.9
68792,582.5
68793,579.6
68794,578.1
68795,579.7
68796,578.1
68797,577.6
68798,577.7
68799,577.8
68800,577.2
68801,578.2
68802,577.3
68803,577.8
68804,578.1
68805,577.4
68806,578.0
68807,578.0
68808,579.7
68809,579.2
68810,577.8
68811,578.5
68812,578.5
68813,578.6
68814,578.3
68815,578.6
68816,577.1
68817,579.2
68818,577.5
68819,576.9
68820,577.7
68821,577.0
68822,576.8
68823,576.6
68824,578.3
68825,578.7
68826,578.4
68827,577.5
68828,577.6
68829,577.7
68830,577.5
68831,577.2
68832,577.4
68833,577.3
68834,577.5
68835,577.4
68836,579.3
68837,579.0
68838,579.9
68839,584.0
68840,585.6
68841,593.6
68842,596.8
68843,602.0
68844,605.2
68845,604.7
68846,612.5
68847,615.9
68848,616.8
68849,618.0
68850,618.2
68851,619.1
68852,619.2
68853,620.2
68854,618.3
68855,615.6
68856,614.9
68857,614.2
68858,611.8
68859,602.1
68860,593.7
68861,589.1
68862,587.7
68863,588.1
68864,581.3
68865,574.9
68866,574.5
68867,572.5
68868,570.8
68869,566.9
68870,562.0
68871,554.4
68872,550.6
68873,552.3
68874,548.6
68875,550.3
68876,550.2
68877,551.8
68878,557.6
68879,559.3
68880,556.8
68881,555.0
68882,546.5
68883,541.3
68884,535.0
68885,535.8
68886,537.5
68887,537.8
68888,529.9
68889,529.1
68890,528.7
68891,526.5
68892,525.5
68893,524.6
68894,524.4
68895,521.8
68896,517.3
68897,515.1
68898,515.5
68899,515.8
68900,513.8
68901,515.1
68902,514.3
68903,515.7
68904,517.2
68905,516.0
68906,515.1
68907,514.0
68908,514.6
68909,517.1
68910,514.9
68911,514.0
68912,514.4
68913,514.4
68914,514.5
68915,515.0
68916,514.0
68917,512.7
68918,514.0
68919,514.4
68920,514.7
68921,515.0
68922,509.7
68923,509.4
68924,510.1
68925,509.9
68926,507.3
68927,509.5
68928,512.4
68929,511.9
68930,506.4
68931,504.2
68932,504.1
68933,502.6
68934,502.9
68935,502.5
68936,503.2
68937,503.2
68938,502.1
68939,502.3
68940,502.4
68941,502.7
68942,501.7
68943,501.6
68944,501.8
68945,502.7
68946,504.7
68947,503.0
68948,502.4
68949,502.7
68950,502.4
68951,503.0
68952,502.1
68953,502.6
68954,502.9
68955,501.8
68956,502.4
68957,502.9
68958,501.7
68959,501.5
68960,503.1
68961,501.9
68962,502.6
68963,502.3
68964,502.6
68965,501.7
68966,504.0
68967,502.8
68968,503.6
68969,503.9
68970,504.3
68971,502.9
68972,506.1
68973,503.7
68974,502.5
68975,503.0
68976,502.3
68977,502.9
68978,503.4
68979,502.3
68980,502.5
68981,502.8
68982,503.1
68983,503.2
68984,504.1
68985,503.7
68986,506.0
68987,505.2
68988,505.1
68989,507.0
68990,506.9
68991,504.3
68992,501.9
68993,503.2
68994,503.9
68995,505.2
68996,507.3
68997,507.1
68998,506.5
68999,506.1
69000,506.6
69001,506.7
69002,505.8
69003,507.4
69004,504.1
69005,505.0
69006,505.3
69007,507.4
69008,509.3
69009,507.5
69010,506.2
69011,504.9
69012,505.7
69013,507.0
69014,511.1
69015,505.7
69016,506.0
69017,507.7
69018,506.1
69019,506.7
69020,509.2
69021,509.7
69022,508.5
69023,509.7
69024,507.2
69025,509.0
69026,510.9
69027,509.6
69028,509.8
69029,506.5
69030,506.1
69031,505.8
69032,506.2
69033,508.9
69034,508.7
69035,509.3
69036,510.0
69037,511.9
69038,510.4
69039,508.3
69040,509.3
69041,510.0
69042,511.1
69043,510.0
69044,511.0
69045,510.5
69046,511.8
69047,511.4
69048,512.2
69049,512.2
69050,515.2
69051,515.0
69052,514.3
69053,512.5
69054,510.5
69055,511.0
69056,512.8
69057,511.6
69058,512.3
69059,512.8
69060,510.1
69061,512.6
69062,512.4
69063,513.3
69064,513.3
69065,514.7
69066,514.8
69067,513.6
69068,512.0
69069,513.6
69070,512.3
69071,512.8
69072,513.0
69073,513.4
69074,514.4
69075,511.8
69076,511.6
69077,513.0
69078,514.5
69079,513.1
69080,512.6
69081,512.5
69082,513.6
69083,515.0
69084,513.5
69085,513.0
69086,509.0
69087,507.6
69088,508.3
69089,506.5
69090,506.3
69091,507.4
69092,507.4
69093,508.6
69094,508.3
69095,507.7
69096,505.0
69097,501.9
69098,500.7
69099,501.5
69100,505.3
69101,497.6
69102,486.2
69103,490.6
69104,494.4
69105,496.4
69106,495.9
69107,494.5
69108,494.3
69109,497.5
69110,497.6
69111,487.4
69112,489.7
69113,485.7
69114,488.8
69115,491.8
69116,485.0
69117,475.8
69118,475.4
69119,479.0
69120,482.5
69121,480.1
69122,483.8
69123,484.3
69124,484.2
69125,473.9
69126,468.8
69127,469.9
69128,469.6
69129,469.1
69130,469.8
69131,468.6
69132,471.4
69133,472.3
69134,472.5
69135,474.2
69136,471.7
69137,471.4
69138,470.5
69139,468.7
69140,467.6
69141,464.7
69142,465.8
69143,466.8
69144,468.6
69145,471.7
69146,469.9
69147,474.1
69148,475.4
69149,467.8
69150,463.3
69151,463.5
69152,460.4
69153,459.9
69154,460.2
69155,461.0
69156,459.6
69157,461.1
69158,464.0
69159,463.1
69160,463.0
69161,461.2
69162,462.7
69163,462.8
69164,455.7
69165,455.4
69166,457.7
69167,460.1
69168,460.7
69169,456.6
69170,458.1
69171,457.1
69172,459.1
69173,456.1
69174,451.7
69175,450.0
69176,451.3
69177,450.6
69178,452.0
69179,448.3
69180,450.3
69181,449.9
69182,451.1
69183,449.4
69184,445.2
69185,442.8
69186,439.9
69187,440.4
69188,437.9
69189,437.9
69190,433.0
69191,426.1
69192,426.7
69193,428.6
69194,426.5
69195,428.3
69196,428.4
69197,425.1
69198,425.5
69199,426.7
69200,426.2
69201,424.6
69202,422.6
69203,421.9
69204,422.0
69205,420.8
69206,421.4
69207,420.2
69208,419.5
69209,418.7
69210,417.1
69211,414.7
69212,416.5
69213,417.2
69214,417.3
69215,418.3
69216,418.2
69217,417.2
69218,418.7
69219,417.2
69220,415.6
69221,415.9
69222,418.3
69223,416.0
69224,416.0
69225,415.6
69226,413.2
69227,412.5
69228,412.0
69229,413.1
69230,413.2
69231,413.5
69232,414.9
69233,416.1
69234,415.9
69235,417.3
69236,418.1
69237,416.2
69238,418.2
69239,418.5
69240,418.1
69241,417.4
69242,418.5
69243,420.1
69244,419.9
69245,419.4
69246,418.7
69247,417.6
69248,418.0
69249,416.3
69250,416.2
69251,415.3
69252,415.5
69253,414.7
69254,415.0
69255,414.6
69256,414.8
69257,413.0
69258,411.7
69259,412.2
69260,411.6
69261,412.8
69262,413.4
69263,413.6
69264,413.9
69265,415.5
69266,415.4
69267,416.0
69268,416.6
69269,416.6
69270,416.5
69271,415.6
69272,414.5
69273,415.3
69274,414.8
69275,413.8
69276,412.4
69277,412.7
69278,411.6
69279,411.4
69280,410.7
69281,410.6
69282,410.8
69283,411.9
69284,410.8
69285,411.4
69286,411.5
69287,411.2
69288,412.2
69289,415.7
69290,-9999.9
69291,-9999.9
69292,-9999.9
69293,-9999.9
69294,-9999.9
69295,-9999.9
69296,-9999.9
69297,-9999.9
69298,-9999.9
69299,-9999.9
69300,-9999.9
69301,-9999.9
69302,-9999.9
69303,-9999.9
69304,-9999.9
69305,-9999.9
69306,-9999.9
69307,-9999.9
69308,-9999.9
69309,-9999.9
69310,-9999.9
69311,-9999.9
69312,-9999.9
69313,-9999.9
69314,-9999.9
69315,-9999.9
69316,-9999.9
69317,-9999.9
69318,-9999.9
69319,-9999.9
69320,-9999.9
69321,-9999.9
69322,-9999.9
69323,-9999.9
69324,-9999.9
69325,-9999.9
69326,-9999.9
69327,-9999.9
69328,-9999.9
69329,-9999.9
69330,-9999.9
69331,-9999.9
69332,-9999.9
69333,-9999.9
69334,-9999.9
69335,-9999.9
69336,-9999.9
69337,-9999.9
69338,-9999.9
69339,-9999.9
69340,-9999.9
69341,-9999.9
69342,-9999.9
69343,-9999.9
69344,-9999.9
69345,-9999.9
69346,-9999.9
69347,-9999.9
69348,-9999.9
69349,-9999.9
69350,-9999.9
69351,-9999.9
69352,-9999.9
69353,-9999.9
69354,-9999.9
69355,-9999.9
69356,-9999.9
69357,-9999.9
69358,-9999.9
69359,-9999.9
69360,-9999.9
69361,-9999.9
69362,-9999.9
69363,-9999.9
69364,-9999.9
69365,-9999.9
69366,-9999.9
69367,-9999.9
69368,-9999.9
69369,-9999.9
69370,-9999.9
69371,-9999.9
69372,-9999.9
69373,-9999.9
69374,-9999.9
69375,-9999.9
69376,-9999.9
69377,-9999.9
69378,-9999.9
69379,-9999.9
69380,-9999.9
69381,-9999.9
69382,-9999.9
69383,-9999.9
69384,-9999.9
69385,-9999.9
69386,-9999.9
69387,-9999.9
69388,-9999.9
69389,-9999.9
69390,-9999.9
69391,-9999.9
69392,-9999.9
69393,-9999.9
69394,-9999.9
69395,-9999.9
69396,-9999.9
69397,-9999.9
69398,-9999.9
69399,-9999.9
69400,-9999.9
69401,-9999.9
69402,-9999.9
69403,-9999.9
69404,-9999.9
69405,-9999.9
69406,-9999.9
69407,-9999.9
69408,-9999.9
69409,-9999.9
69410,-9999.9
69411,-9999.9
69412,-9999.9
69413,-9999.9
69414,-9999.9
69415,-9999.9
69416,-9999.9
69417,-9999.9
69418,-9999.9
69419,-9999.9
69420,-9999.9
69421,-9999.9
69422,-9999.9
69423,-9999.9
69424,-9999.9
69425,-9999.9
69426,-9999.9
69427,-9999.9
69428,-9999.9
69429,-9999.9
69430,-9999.9
69431,-9999.9
69432,-9999.9
69433,-9999.9
69434,-9999.9
69435,-9999.9
69436,-9999.9
69437,-9999.9
69438,-9999.9
69439,-9999.9
69440,-9999.9
69441,-9999.9
69442,-9999.9
69443,-9999.9
69444,-9999.9
69445,-9999.9
69446,-9999.9
69447,-9999.9
69448,-9999.9
69449,-9999.9
69450,-9999.9
69451,-9999.9
69452,-9999.9
69453,-9999.9
69454,-9999.9
69455,-9999.9
69456,-9999.9
69457,-9999.9
69458,-9999.9
69459,-9999.9
69460,-9999.9
69461,-9999.9
69462,-9999.9
69463,-9999.9
69464,-9999.9
69465,-9999.9
69466,-9999.9
69467,-9999.9
69468,-9999.9
69469,-9999.9
69470,-9999.9
69471,-9999.9
69472,-9999.9
69473,-9999.9
69474,-9999.9
69475,-9999.9
69476,-9999.9
69477,-9999.9
69478,-9999.9
69479,-9999.9
69480,-9999.9
69481,-9999.9
69482,-9999.9
69483,-9999.9
69484,-9999.9
69485,-9999.9
69486,-9999.9
69487,-9999.9
69488,-9999.9
69489,-9999.9
69490,-9999.9
69491,-9999.9
69492,-9999.9
69493,-9999.9
69494,-9999.9
69495,-9999.9
69496,-9999.9
69497,-9999.9
69498,-9999.9
69499,-9999.9
69500,-9999.9
69501,394.3
69502,392.7
69503,392.4
69504,395.1
69505,395.8
69506,396.4
69507,396.1
69508,398.0
69509,398.2
69510,398.0
69511,396.3
69512,396.3
69513,396.0
69514,395.1
69515,400.4
69516,403.5
69517,402.9
69518,408.2
69519,407.7
69520,406.9
69521,405.1
69522,408.7
69523,407.7
69524,407.5
69525,409.1
69526,403.4
69527,405.3
69528,402.4
69529,402.8
69530,403.3
69531,402.5
69532,402.0
69533,405.9
69534,406.9
69535,405.7
69536,406.0
69537,405.5
69538,406.7
69539,408.1
69540,411.9
69541,411.0
69542,410.5
69543,409.5
69544,407.1
69545,407.0
69546,409.6
69547,410.0
69548,409.9
69549,409.4
69550,407.4
69551,405.7
69552,405.7
69553,405.4
69554,406.0
69555,403.5
69556,401.3
69557,401.3
69558,401.8
69559,402.5
69560,407.3
69561,410.8
69562,406.1
69563,401.5
69564,403.2
69565,415.6
69566,418.2
69567,418.7
69568,418.2
69569,418.3
69570,414.3
69571,413.1
69572,413.1
69573,413.9
69574,415.4
