data/raw/Flight4/H2O_POLAR6_20150408_R1_L2_NETCARE.ict
34, 1001
Bozem, Heiko; Hoor, Peter
Institute for Atmospheric Physics, Johannes Gutenberg University, Mainz, Germany
H2O mixing ratio from LI7200 H2O analyzer
NETCARE Polar 6 Campaign 2015
1, 1
2015, 04, 08, 2016, 01, 22
1
Time_UTC, seconds
1
1
-9999.9
H2O_ppmv, ppmv
0
19
PI_CONTACT_INFO: Address: Johann-Joachim-Becherweg 21, 55128 Mainz, email: bozemh@uni-mainz.de; hoor@uni-mainz.de
PLATFORM: Polar 6
LOCATION: GPS location and altitude available at 1 Hz resolution in separate file (See AIMMS files under Aircraft data and meteorology)
ASSOCIATED_DATA: N/A
INSTRUMENT_INFO: H2O measurements based on non-dispersive infrared absorption spectroscopy
DATA_INFO: Units are ppmv
UNCERTAINTY RELATIVE TO STANDARD: 18.5 ppmv or 2.5 %, whichever is greater, at 1 sigma confidence (before drift correction is applied)
ULOD_FLAG: -7777
ULOD_VALUE: N/A
LLOD_FLAG: -8888
LLOD_VALUE: N/A 
DM_CONTACT_INFO: N/A
PROJECT_INFO: NETCARE Polar 6 aircraft campaign in April 2015; Alert
STIPULATIONS_ON_USE: N/A
OTHER_COMMENTS: N/A
REVISION: R1
R0: Preliminary data, corrected for instrument drift
R1: Final data, corrected for instrument drift
Time_UTC,H2O_ppmv
[from data line 5192]
69576,414.5
69577,415.8
69578,412.0
69579,412.5
69580,415.4
69581,415.6
69582,415.9
69583,416.6
69584,415.2
69585,412.7
69586,413.7
69587,414.2
69588,415.6
69589,413.7
69590,410.1
69591,412.9
69592,412.8
69593,411.0
69594,409.1
69595,410.8
69596,413.0
69597,414.3
69598,415.1
69599,417.0
69600,412.9
69601,408.0
69602,408.2
69603,410.0
69604,412.5
69605,415.4
69606,412.2
69607,407.7
69608,404.8
69609,405.8
69610,409.4
69611,410.2
69612,410.4
69613,410.4
69614,411.8
69615,412.5
69616,410.9
69617,410.8
69618,411.8
69619,415.5
69620,414.8
69621,410.2
69622,406.8
69623,408.7
69624,407.8
69625,407.2
69626,405.7
69627,406.8
69628,406.9
69629,404.3
69630,402.4
69631,401.7
69632,402.3
69633,403.1
69634,403.3
69635,403.0
69636,401.3
69637,400.7
69638,400.4
69639,400.9
69640,399.1
69641,400.0
69642,397.7
69643,400.5
69644,400.3
69645,398.2
69646,398.5
69647,397.8
69648,398.7
69649,398.1
69650,398.1
69651,396.6
69652,396.7
69653,395.8
69654,394.1
69655,395.4
69656,394.0
69657,395.5
69658,396.9
69659,397.1
69660,396.4
69661,397.2
69662,400.0
69663,402.0
69664,402.4
69665,403.3
69666,403.3
69667,401.8
69668,401.5
69669,398.8
69670,398.8
69671,399.5
69672,398.2
69673,398.3
69674,398.4
69675,395.8
69676,395.2
69677,396.1
69678,398.3
69679,398.0
69680,398.4
69681,396.5
69682,394.4
69683,395.9
69684,397.3
69685,396.1
69686,395.2
69687,397.3
69688,396.7
69689,395.3
69690,393.7
69691,394.2
69692,393.7
69693,395.8
69694,393.7
69695,394.6
69696,395.8
69697,397.2
69698,398.6
69699,396.5
69700,395.9
69701,396.5
69702,397.1
69703,394.9
69704,394.4
69705,395.2
69706,394.8
69707,395.0
69708,394.2
69709,394.0
69710,395.5
69711,397.3
69712,397.3
69713,399.0
69714,398.5
69715,397.1
69716,396.8
69717,397.6
69718,400.3
69719,400.5
69720,398.1
69721,400.5
69722,400.3
69723,398.3
69724,397.7
69725,398.3
69726,398.3
69727,398.5
69728,398.0
69729,398.5
69730,400.1
69731,400.1
69732,398.1
69733,397.3
69734,397.7
69735,398.6
69736,398.9
69737,399.2
69738,398.7
69739,397.9
69740,398.6
69741,401.1
69742,401.2
69743,399.1
69744,398.9
69745,399.9
69746,400.9
69747,399.5
69748,399.7
69749,399.5
69750,398.6
69751,400.0
69752,401.2
69753,400.5
69754,399.4
69755,399.6
69756,400.6
69757,400.2
69758,399.3
69759,399.0
69760,400.3
69761,400.3
69762,400.1
69763,399.9
69764,399.8
69765,400.5
69766,400.8
69767,402.0
69768,403.1
69769,401.7
69770,401.6
69771,401.4
69772,400.0
69773,400.6
69774,401.6
69775,402.7
69776,400.5
69777,400.7
69778,401.5
69779,401.3
69780,400.4
69781,400.3
69782,401.0
69783,402.2
69784,403.4
69785,403.5
69786,404.1
69787,403.3
69788,403.0
69789,404.5
69790,403.3
69791,403.0
69792,403.0
69793,402.2
69794,402.3
69795,402.9
69796,403.6
69797,405.4
69798,404.1
69799,405.2
69800,405.7
69801,405.0
69802,404.5
69803,405.5
69804,405.9
69805,405.7
69806,404.8
69807,403.7
69808,405.0
69809,405.9
69810,404.4
69811,405.5
69812,404.5
69813,405.3
69814,404.8
69815,405.9
69816,405.9
69817,405.6
69818,405.1
69819,406.1
69820,407.5
69821,405.8
69822,406.7
69823,405.4
69824,406.5
69825,407.4
69826,406.2
69827,406.3
69828,404.9
69829,404.6
69830,404.9
69831,404.5
69832,403.9
69833,405.8
69834,407.4
69835,407.1
69836,408.0
69837,408.5
69838,409.2
69839,410.2
69840,410.2
69841,410.7
69842,409.9
69843,410.2
69844,410.5
69845,410.4
69846,411.9
69847,411.2
69848,411.1
69849,411.6
69850,411.6
69851,412.9
69852,413.1
69853,413.3
69854,413.6
69855,414.8
69856,414.3
69857,414.4
69858,415.7
69859,419.8
69860,427.6
69861,430.2
69862,432.4
69863,433.6
69864,433.4
69865,433.0
69866,433.2
69867,432.7
69868,433.6
69869,435.1
69870,435.2
69871,436.9
69872,438.3
69873,438.0
69874,439.5
69875,440.5
69876,441.2
69877,440.5
69878,442.8
69879,443.6
69880,443.2
69881,442.4
69882,443.1
69883,444.6
69884,444.0
69885,443.9
69886,447.4
69887,448.5
69888,451.8
69889,456.3
69890,455.3
69891,455.5
69892,454.7
69893,457.5
69894,453.8
69895,451.5
69896,454.7
69897,455.6
69898,456.8
69899,455.9
69900,456.5
69901,454.8
69902,454.0
69903,453.4
69904,454.2
69905,452.0
69906,453.0
69907,454.8
69908,457.1
69909,455.3
69910,456.3
69911,460.4
69912,458.6
69913,463.9
69914,461.8
69915,459.8
69916,460.1
69917,461.9
69918,461.4
69919,461.9
69920,461.8
69921,462.1
69922,460.2
69923,462.0
69924,461.4
69925,460.8
69926,461.2
69927,461.8
69928,462.3
69929,460.7
69930,462.1
69931,463.8
69932,461.3
69933,461.1
69934,460.3
69935,458.6
69936,458.7
69937,460.5
69938,462.9
69939,459.8
69940,461.5
69941,462.6
69942,463.7
69943,464.1
69944,465.5
69945,464.8
69946,463.9
69947,464.4
69948,462.4
69949,463.3
69950,463.6
69951,465.4
69952,466.6
69953,467.8
69954,466.6
69955,466.7
69956,467.3
69957,468.6
69958,469.5
69959,470.1
69960,467.3
69961,469.2
69962,471.2
69963,474.5
69964,474.5
69965,469.8
69966,470.6
69967,471.5
69968,472.6
69969,473.9
69970,473.8
69971,474.8
69972,473.8
69973,473.7
69974,474.9
69975,473.9
69976,470.1
69977,470.1
69978,474.8
69979,475.1
69980,475.1
69981,475.7
69982,476.7
69983,476.9
69984,475.5
69985,472.4
69986,472.2
69987,474.1
69988,473.6
69989,473.9
69990,472.9
69991,472.3
69992,471.2
69993,474.4
69994,472.3
69995,472.3
69996,472.2
69997,475.0
69998,474.0
69999,473.3
70000,472.1
70001,474.9
70002,475.8
70003,474.9
70004,477.0
70005,477.1
70006,478.9
70007,481.4
70008,478.4
70009,474.0
70010,476.3
70011,475.7
70012,480.3
70013,478.6
70014,477.0
70015,477.7
70016,477.5
70017,478.3
70018,475.8
70019,480.2
70020,483.5
70021,484.8
70022,483.5
70023,482.4
70024,484.6
70025,487.2
70026,483.9
70027,482.5
70028,482.8
70029,485.3
70030,484.7
70031,484.9
70032,484.9
70033,486.1
70034,490.3
70035,490.0
70036,482.4
70037,482.7
70038,482.4
70039,483.1
70040,487.1
70041,487.5
70042,485.3
70043,487.0
70044,491.4
70045,496.7
70046,498.1
70047,501.4
70048,497.9
70049,499.0
70050,500.6
70051,500.7
70052,496.6
70053,496.3
70054,500.0
70055,501.7
70056,501.1
70057,500.8
70058,502.8
70059,504.1
70060,504.1
70061,503.9
70062,503.9
70063,504.3
70064,505.1
70065,504.2
70066,505.7
70067,504.3
70068,503.6
70069,504.7
70070,504.3
70071,503.6
70072,503.6
70073,503.4
70074,503.4
70075,504.1
70076,504.1
70077,501.0
70078,501.5
70079,501.2
70080,500.8
70081,500.7
70082,499.7
70083,497.7
70084,497.4
70085,498.5
70086,498.1
70087,499.0
70088,497.4
70089,498.6
70090,497.4
70091,496.2
70092,497.0
70093,497.0
70094,496.7
70095,497.1
70096,496.1
70097,496.6
70098,495.7
70099,497.2
70100,495.2
70101,494.7
70102,494.4
70103,495.6
70104,495.3
70105,495.2
70106,495.2
70107,495.8
70108,495.0
70109,495.2
70110,494.0
70111,494.9
70112,494.1
70113,493.8
70114,493.4
70115,493.1
70116,493.2
70117,492.9
70118,494.2
70119,495.2
70120,495.7
70121,495.2
70122,492.2
70123,493.5
70124,493.9
70125,493.0
70126,491.8
70127,492.6
70128,492.4
70129,494.7
70130,491.8
70131,491.4
70132,492.1
70133,492.2
70134,491.8
70135,492.5
70136,492.8
70137,491.8
70138,491.9
70139,491.6
70140,490.2
70141,489.9
70142,490.1
70143,489.6
70144,490.7
70145,490.3
70146,493.2
70147,491.8
70148,490.8
70149,491.7
70150,490.1
70151,490.0
70152,489.6
70153,489.2
70154,490.3
70155,489.8
70156,490.8
70157,490.7
70158,490.4
70159,490.5
70160,490.4
70161,489.7
70162,490.5
70163,490.1
70164,489.7
70165,490.0
70166,489.7
70167,490.2
70168,490.7
70169,490.3
70170,490.3
70171,489.5
70172,490.6
70173,489.6
70174,490.5
70175,491.2
70176,491.8
70177,491.0
70178,493.5
70179,492.0
70180,489.0
70181,489.3
70182,490.6
70183,491.3
70184,493.3
70185,490.6
70186,488.3
70187,489.4
70188,488.7
70189,492.1
70190,489.4
70191,488.7
70192,489.1
70193,496.2
70194,494.2
70195,497.3
70196,497.6
70197,495.0
70198,500.3
70199,503.2
70200,496.4
70201,490.8
70202,489.7
70203,492.9
70204,495.8
70205,500.7
70206,507.2
70207,509.9
70208,509.4
70209,507.0
70210,508.3
70211,511.5
70212,513.8
70213,514.1
70214,512.6
70215,511.5
70216,512.0
70217,510.8
70218,511.4
70219,515.6
70220,525.5
70221,526.6
70222,525.4
70223,526.1
70224,525.4
70225,527.0
70226,526.3
70227,527.2
70228,527.4
70229,527.5
70230,526.1
70231,524.4
70232,524.8
70233,526.9
70234,525.5
70235,526.4
70236,528.2
70237,527.9
70238,526.8
70239,527.6
70240,526.2
70241,526.1
70242,525.3
70243,524.7
70244,522.2
70245,521.4
70246,521.9
70247,521.6
70248,521.7
70249,521.4
70250,524.0
70251,525.6
70252,524.8
70253,524.3
70254,523.2
70255,521.8
70256,521.6
70257,524.6
70258,525.6
70259,527.5
70260,525.6
70261,523.7
70262,524.8
70263,526.1
70264,527.5
70265,528.2
70266,527.9
70267,532.0
70268,534.0
70269,535.3
70270,537.2
70271,537.2
70272,537.1
70273,538.6
70274,538.1
70275,540.1
70276,541.2
70277,542.3
70278,544.2
70279,547.6
70280,545.3
70281,551.1
70282,549.8
70283,550.4
70284,551.7
70285,556.3
70286,557.8
70287,558.8
70288,555.3
70289,552.5
70290,548.9
70291,544.8
70292,542.6
70293,542.8
70294,542.0
70295,540.3
70296,541.1
70297,544.5
70298,544.0
70299,543.0
70300,548.8
70301,557.5
70302,561.0
70303,558.5
70304,553.9
70305,550.6
70306,546.7
70307,545.6
70308,543.4
70309,542.2
70310,548.3
70311,554.8
70312,555.3
70313,556.4
70314,564.3
70315,567.1
70316,565.6
70317,565.0
70318,565.1
70319,563.6
70320,561.9
70321,561.3
70322,561.7
70323,566.1
70324,568.3
70325,571.4
70326,571.9
70327,570.2
70328,567.9
70329,564.9
70330,564.4
70331,564.6
70332,564.0
70333,562.6
70334,566.8
70335,569.8
70336,572.5
70337,571.5
70338,570.8
70339,569.6
70340,569.1
70341,568.3
70342,567.2
70343,565.8
70344,564.2
70345,564.4
70346,571.0
70347,577.8
70348,582.0
70349,579.9
70350,574.4
70351,573.6
70352,571.9
70353,570.0
70354,570.8
70355,569.8
70356,573.5
70357,579.7
70358,583.2
70359,582.4
70360,581.6
70361,578.3
70362,577.4
70363,574.1
70364,569.0
70365,566.5
70366,566.9
70367,573.2
70368,579.8
70369,582.7
70370,583.9
70371,581.5
70372,578.1
70373,574.5
70374,573.2
70375,577.0
70376,578.8
70377,580.0
70378,581.6
70379,583.2
70380,582.2
70381,577.8
70382,578.3
70383,576.3
70384,576.1
70385,576.4
70386,576.5
70387,574.5
70388,575.8
70389,576.9
70390,576.8
70391,577.7
70392,577.8
70393,579.1
70394,577.6
70395,579.0
70396,578.9
70397,580.0
70398,580.0
70399,578.8
70400,579.1
70401,579.2
70402,578.1
70403,575.8
70404,570.3
70405,569.1
70406,567.0
70407,566.3
70408,564.7
70409,570.7
70410,574.9
70411,574.7
70412,575.9
70413,573.3
70414,575.1
70415,574.0
70416,566.8
70417,564.6
70418,562.4
70419,561.4
70420,561.0
70421,560.0
70422,560.8
70423,560.3
70424,559.4
70425,559.1
70426,558.6
70427,558.1
70428,557.5
70429,557.0
70430,557.8
70431,556.7
70432,556.8
70433,555.9
70434,556.2
70435,556.7
70436,556.0
70437,555.8
70438,555.5
70439,555.0
70440,556.0
70441,553.9
70442,555.2
70443,554.3
70444,554.6
70445,553.9
70446,553.4
70447,553.2
70448,554.7
70449,552.3
70450,554.6
70451,555.3
70452,554.2
70453,556.2
70454,557.1
70455,559.5
70456,558.6
70457,556.9
70458,556.5
70459,558.7
70460,556.4
70461,561.1
70462,561.2
70463,558.8
70464,560.4
70465,562.7
70466,561.2
70467,561.9
70468,557.3
70469,558.7
70470,558.7
70471,556.0
70472,552.8
70473,555.8
70474,558.4
70475,559.2
70476,556.4
70477,568.2
70478,570.8
70479,565.3
70480,570.9
70481,575.0
70482,577.3
70483,577.4
70484,577.3
70485,578.5
70486,578.1
70487,579.1
70488,578.4
70489,580.1
70490,580.7
70491,581.9
70492,581.5
70493,582.1
70494,581.8
70495,582.3
70496,582.9
70497,583.3
70498,582.3
70499,582.8
70500,583.0
70501,583.2
70502,581.4
70503,581.0
70504,581.9
70505,583.1
70506,582.5
70507,581.4
70508,581.0
70509,580.3
70510,581.6
70511,580.6
70512,580.9
70513,581.2
70514,580.0
70515,580.4
70516,578.9
70517,574.9
70518,575.8
70519,580.7
70520,580.2
70521,576.0
70522,577.6
70523,577.1
70524,576.1
70525,572.3
70526,572.1
70527,572.7
70528,574.3
70529,570.8
70530,569.9
70531,570.2
70532,569.2
70533,570.6
70534,570.0
70535,570.6
70536,570.8
70537,570.0
70538,569.6
70539,570.2
70540,571.4
70541,569.6
70542,570.1
70543,573.2
70544,571.8
70545,570.4
70546,571.9
70547,582.0
70548,581.3
70549,581.2
70550,588.4
70551,595.0
70552,595.9
70553,597.9
70554,606.0
70555,606.8
70556,607.6
70557,608.3
70558,609.8
70559,611.5
70560,613.0
70561,617.2
70562,619.0
70563,618.8
70564,619.0
70565,618.5
70566,620.5
70567,620.8
70568,620.9
70569,620.3
70570,620.7
70571,619.9
70572,620.2
70573,621.8
70574,622.7
70575,622.0
70576,621.9
70577,622.7
70578,622.5
70579,621.9
70580,623.1
70581,623.1
70582,623.4
70583,624.1
70584,625.4
70585,625.0
70586,625.2
70587,625.5
70588,626.3
70589,625.8
70590,625.0
70591,625.8
70592,626.8
70593,627.9
70594,626.7
70595,626.3
70596,626.4
70597,625.8
70598,625.2
70599,625.1
70600,625.9
70601,626.8
70602,629.0
70603,627.5
70604,628.0
70605,629.1
70606,630.4
70607,629.3
70608,629.2
70609,628.4
70610,628.2
70611,627.1
70612,624.8
70613,625.4
70614,626.3
70615,626.2
70616,626.0
70617,626.9
70618,627.8
70619,626.6
70620,626.9
70621,624.6
70622,623.4
70623,623.1
70624,622.9
70625,622.3
70626,621.9
70627,621.9
70628,622.0
70629,622.3
70630,622.8
70631,620.9
70632,620.6
70633,621.3
70634,622.3
70635,623.7
70636,625.2
70637,627.7
70638,628.0
70639,628.9
70640,631.8
70641,634.0
70642,635.7
70643,635.3
70644,635.7
70645,637.3
70646,634.8
70647,637.3
70648,638.0
70649,636.4
70650,639.3
70651,641.2
70652,637.6
70653,636.9
70654,642.4
70655,646.5
70656,640.4
70657,625.8
70658,619.7
70659,608.7
70660,606.5
70661,607.3
70662,595.3
70663,592.6
70664,598.3
70665,593.3
70666,587.0
70667,584.1
70668,585.8
70669,584.5
70670,584.5
70671,583.7
70672,580.1
70673,580.5
70674,583.1
70675,582.9
70676,580.6
70677,579.8
70678,579.3
70679,576.5
70680,576.1
70681,577.4
70682,576.8
70683,576.4
70684,575.4
70685,574.7
70686,574.9
70687,574.6
70688,574.1
70689,569.2
70690,565.2
70691,563.8
70692,565.2
70693,563.4
70694,547.3
70695,535.4
70696,532.9
70697,530.8
70698,530.8
70699,527.3
70700,531.1
70701,529.1
70702,530.9
70703,528.6
70704,530.2
70705,533.7
70706,531.3
70707,525.8
70708,526.3
70709,525.0
70710,525.1
70711,524.5
70712,525.0
70713,524.9
70714,528.2
70715,526.3
70716,526.7
70717,528.5
70718,530.6
70719,530.5
70720,529.7
70721,526.1
70722,525.6
70723,526.7
70724,523.5
70725,521.6
70726,522.9
70727,522.1
70728,522.7
70729,521.6
70730,521.7
70731,520.0
70732,520.0
70733,521.0
70734,519.1
70735,520.1
70736,520.3
70737,520.8
70738,520.7
70739,519.9
70740,522.0
70741,528.5
70742,531.8
70743,534.7
70744,532.8
70745,531.0
70746,529.0
70747,532.4
70748,532.1
70749,532.7
70750,532.5
70751,533.0
70752,533.7
70753,532.7
70754,532.4
70755,532.8
70756,532.0
70757,532.3
70758,533.4
70759,533.1
70760,533.4
70761,534.6
70762,533.9
70763,537.0
70764,536.5
70765,534.3
70766,534.6
70767,537.2
70768,539.2
70769,539.3
70770,538.4
70771,537.9
70772,535.9
70773,535.9
70774,535.4
70775,535.6
70776,537.6
70777,537.6
70778,535.1
70779,529.8
70780,526.2
70781,525.8
70782,525.9
70783,523.2
70784,522.5
70785,521.9
70786,521.7
70787,519.3
70788,516.7
70789,517.0
70790,516.7
70791,516.1
70792,515.6
70793,515.6
70794,515.8
70795,514.8
70796,515.6
70797,514.4
70798,513.8
70799,514.3
70800,515.8
70801,513.7
70802,514.2
70803,512.2
70804,511.8
70805,512.7
70806,511.8
70807,510.2
70808,509.4
70809,508.8
70810,505.1
70811,503.5
70812,501.8
70813,499.5
70814,496.5
70815,493.4
70816,491.4
70817,489.6
70818,488.6
70819,485.2
70820,486.0
70821,485.7
70822,485.5
70823,484.6
70824,485.6
70825,485.1
70826,485.2
70827,482.7
70828,483.8
70829,483.5
70830,483.5
70831,484.1
70832,484.0
70833,485.2
70834,484.1
70835,482.9
70836,483.1
70837,484.5
70838,484.0
70839,483.0
70840,483.4
70841,482.8
70842,483.4
70843,483.1
70844,482.8
70845,482.2
70846,482.8
70847,482.5
70848,482.3
70849,482.1
70850,481.7
70851,481.8
70852,481.6
70853,481.5
70854,481.7
70855,482.2
70856,482.6
70857,481.2
70858,481.5
70859,481.4
70860,481.7
70861,482.7
70862,483.2
70863,483.9
70864,483.1
70865,482.4
70866,483.0
70867,482.0
70868,481.5
70869,480.9
70870,479.3
70871,479.2
70872,478.3
70873,478.1
70874,476.1
70875,474.6
70876,475.2
70877,469.9
70878,471.7
70879,467.6
70880,463.6
70881,465.9
70882,464.2
70883,463.4
70884,459.5
70885,457.1
70886,455.3
70887,449.7
70888,449.1
70889,445.4
70890,443.4
70891,444.1
70892,442.4
70893,440.5
70894,439.6
70895,439.4
70896,439.9
70897,439.4
70898,438.0
70899,438.5
70900,439.4
70901,439.4
70902,439.3
70903,439.1
70904,439.9
70905,438.9
70906,438.4
70907,438.6
70908,438.9
