data/raw/Flight4/H2O_POLAR6_20150408_R1_L2_NETCARE.ict
34, 1001
Bozem, Heiko; Hoor, Peter
Institute for Atmospheric Physics, Johannes Gutenberg University, Mainz, Germany
H2O mixing ratio from LI7200 H2O analyzer
NETCARE Polar 6 Campaign 2015
1, 1
2015, 04, 08, 2016, 01, 22
1
Time_UTC, seconds
1
1
-9999.9
H2O_ppmv, ppmv
0
19
PI_CONTACT_INFO: Address: Johann-Joachim-Becherweg 21, 55128 Mainz, email: bozemh@uni-mainz.de; hoor@uni-mainz.de
PLATFORM: Polar 6
LOCATION: GPS location and altitude available at 1 Hz resolution in separate file (See AIMMS files under Aircraft data and meteorology)
ASSOCIATED_DATA: N/A
INSTRUMENT_INFO: H2O measurements based on non-dispersive infrared absorption spectroscopy
DATA_INFO: Units are ppmv
UNCERTAINTY RELATIVE TO STANDARD: 18.5 ppmv or 2.5 %, whichever is greater, at 1 sigma confidence (before drift correction is applied)
ULOD_FLAG: -7777
ULOD_VALUE: N/A
LLOD_FLAG: -8888
LLOD_VALUE: N/A 
DM_CONTACT_INFO: N/A
PROJECT_INFO: NETCARE Polar 6 aircraft campaign in April 2015; Alert
STIPULATIONS_ON_USE: N/A
OTHER_COMMENTS: N/A
REVISION: R1
R0: Preliminary data, corrected for instrument drift
R1: Final data, corrected for instrument drift
Time_UTC,H2O_ppmv
[from data line 10528]
74912,273.5
74913,275.9
74914,277.9
74915,277.3
74916,279.0
74917,280.5
74918,277.6
74919,278.6
74920,277.6
74921,272.8
74922,274.9
74923,273.5
74924,279.6
74925,285.5
74926,296.1
74927,297.3
74928,296.9
74929,297.2
74930,293.2
74931,290.8
74932,288.0
74933,281.9
74934,275.6
74935,275.7
74936,275.9
74937,276.6
74938,276.6
74939,276.3
74940,276.7
74941,278.3
74942,276.4
74943,278.4
74944,275.4
74945,279.9
74946,282.2
74947,281.4
74948,278.8
74949,279.4
74950,277.9
74951,278.2
74952,278.2
74953,279.2
74954,279.9
74955,281.2
74956,281.1
74957,281.1
74958,281.2
74959,281.5
74960,282.2
74961,283.7
74962,284.7
74963,284.1
74964,284.5
74965,285.3
74966,285.7
74967,288.3
74968,286.5
74969,287.2
74970,289.3
74971,288.6
74972,290.9
74973,292.3
74974,292.7
74975,294.0
74976,295.3
74977,297.1
74978,299.6
74979,298.7
74980,298.2
74981,297.2
74982,294.5
74983,294.6
74984,294.1
74985,293.2
74986,293.3
74987,298.3
74988,297.4
74989,299.4
74990,299.6
74991,300.2
74992,300.6
74993,299.3
74994,300.6
74995,300.7
74996,299.5
74997,300.8
74998,301.2
74999,302.2
75000,304.1
75001,305.0
75002,304.4
75003,303.1
75004,302.6
75005,302.6
75006,301.9
75007,303.5
75008,304.7
75009,304.2
75010,304.6
75011,304.9
75012,306.1
75013,307.2
75014,307.6
75015,308.8
75016,308.6
75017,310.1
75018,311.0
75019,310.6
75020,309.2
75021,310.2
75022,311.3
75023,309.6
75024,310.8
75025,312.8
75026,311.1
75027,311.4
75028,312.1
75029,311.8
75030,312.2
75031,311.5
75032,310.9
75033,313.6
75034,315.6
75035,313.5
75036,313.7
75037,315.4
75038,315.2
75039,314.3
75040,314.4
75041,314.2
75042,314.8
75043,314.8
75044,315.7
75045,316.2
75046,316.7
75047,317.1
75048,316.4
75049,316.1
75050,315.7
75051,316.3
75052,315.9
75053,315.8
75054,316.2
75055,315.6
75056,316.2
75057,315.6
75058,316.6
75059,317.0
75060,316.5
75061,316.7
75062,316.4
75063,316.0
75064,316.2
75065,317.0
75066,317.3
75067,318.0
75068,317.1
75069,317.5
75070,316.5
75071,317.4
75072,316.5
75073,316.1
75074,317.9
75075,316.5
75076,315.8
75077,317.4
75078,316.4
75079,316.5
75080,315.6
75081,315.6
75082,315.3
75083,315.5
75084,316.2
75085,315.5
75086,315.0
75087,315.6
75088,316.2
75089,315.8
75090,314.5
75091,315.7
75092,316.4
75093,314.9
75094,314.4
75095,314.6
75096,315.2
75097,314.4
75098,316.9
75099,316.8
75100,317.2
75101,317.3
75102,317.4
75103,317.2
75104,318.7
75105,318.5
75106,318.7
75107,319.2
75108,318.9
75109,319.2
75110,318.3
75111,318.5
75112,317.2
75113,316.9
75114,316.1
75115,315.1
75116,315.2
75117,315.9
75118,316.3
75119,317.3
75120,318.3
75121,318.3
75122,318.6
75123,321.5
75124,322.5
75125,320.8
75126,322.1
75127,322.1
75128,322.4
75129,322.4
75130,321.0
75131,319.0
75132,319.0
75133,319.6
75134,319.3
75135,321.8
75136,323.6
75137,324.4
75138,327.5
75139,326.3
75140,327.1
75141,327.4
75142,328.2
75143,326.2
75144,323.4
75145,320.1
75146,322.6
75147,322.6
75148,323.5
75149,320.5
75150,319.3
75151,322.4
75152,323.6
75153,323.6
75154,325.8
75155,327.6
75156,327.5
75157,328.1
75158,329.0
75159,328.4
75160,328.1
75161,326.2
75162,326.2
75163,327.1
75164,326.6
75165,326.6
75166,326.6
75167,328.0
75168,329.2
75169,320.5
75170,323.0
75171,327.4
75172,327.4
75173,329.0
75174,326.5
75175,324.7
75176,325.4
75177,325.9
75178,325.0
75179,325.2
75180,326.1
75181,326.0
75182,324.0
75183,326.0
75184,322.6
75185,321.7
75186,321.0
75187,321.3
75188,316.7
75189,317.9
75190,315.6
75191,314.7
75192,313.7
75193,312.4
75194,314.2
75195,314.8
75196,313.7
75197,312.7
75198,311.4
75199,311.1
75200,310.7
75201,310.6
75202,309.9
75203,309.9
75204,310.8
75205,311.4
75206,310.0
75207,311.3
75208,310.0
75209,309.0
75210,306.9
75211,303.6
75212,299.5
75213,297.5
75214,296.9
75215,294.2
75216,293.5
75217,292.4
75218,291.9
75219,292.6
75220,292.1
75221,290.7
75222,290.7
75223,290.4
75224,291.7
75225,293.0
75226,292.9
75227,293.4
75228,294.2
75229,297.8
75230,303.5
75231,304.6
75232,304.9
75233,306.8
75234,307.6
75235,306.0
75236,306.4
75237,306.1
75238,305.5
75239,303.1
75240,303.5
75241,303.6
75242,305.0
75243,304.7
75244,304.2
75245,303.4
75246,301.5
75247,303.4
75248,300.8
75249,302.2
75250,301.5
75251,300.7
75252,301.0
75253,300.2
75254,300.4
75255,301.2
75256,300.1
75257,299.4
75258,298.0
75259,297.7
75260,296.3
75261,295.4
75262,297.6
75263,294.3
75264,296.6
75265,297.6
75266,298.5
75267,298.5
75268,298.3
75269,297.9
75270,297.1
75271,296.2
75272,296.7
75273,296.6
75274,297.3
75275,296.8
75276,297.9
75277,298.7
75278,296.4
75279,294.6
75280,294.9
75281,290.2
75282,291.7
75283,295.7
75284,295.8
75285,296.3
75286,296.5
75287,294.0
75288,289.9
75289,284.6
75290,290.9
75291,292.1
75292,293.6
75293,296.3
75294,296.2
75295,296.5
75296,296.0
75297,294.5
75298,294.2
75299,294.1
75300,295.1
75301,294.6
75302,293.7
75303,292.9
75304,292.5
75305,289.8
75306,289.6
75307,290.8
75308,292.6
75309,287.0
75310,280.0
75311,272.6
75312,271.0
75313,276.9
75314,282.8
75315,284.4
75316,282.4
75317,274.1
75318,263.6
75319,256.8
75320,257.8
75321,263.3
75322,264.1
75323,263.1
75324,267.1
75325,276.4
75326,280.7
75327,281.1
75328,271.4
75329,261.4
75330,255.4
75331,252.9
75332,254.0
75333,256.0
75334,254.8
75335,255.7
75336,254.3
75337,254.0
75338,254.3
75339,254.3
75340,252.7
75341,251.9
75342,250.4
75343,251.1
75344,250.9
75345,251.4
75346,252.1
75347,251.0
75348,250.0
75349,249.1
75350,248.5
75351,248.1
75352,247.6
75353,248.8
75354,249.2
75355,248.6
75356,247.8
75357,249.2
75358,248.0
75359,248.7
75360,248.3
75361,247.7
75362,247.1
75363,246.0
75364,246.6
75365,246.7
75366,248.1
75367,247.7
75368,247.6
75369,245.3
75370,246.6
75371,246.1
75372,245.9
75373,245.3
75374,246.3
75375,246.0
75376,246.5
75377,246.7
75378,247.4
75379,246.7
75380,246.9
75381,247.8
75382,247.0
75383,247.4
75384,245.5
75385,246.7
75386,245.9
75387,246.3
75388,245.6
75389,245.2
75390,245.7
75391,247.1
75392,245.5
75393,243.5
75394,243.7
75395,243.8
75396,244.0
75397,243.2
75398,242.6
75399,241.2
75400,242.3
75401,242.0
75402,242.0
75403,242.1
75404,240.6
75405,241.3
75406,240.8
75407,238.9
75408,239.2
75409,239.9
75410,241.5
75411,245.3
75412,247.6
75413,247.6
75414,247.6
75415,249.1
75416,248.5
75417,248.7
75418,247.8
75419,246.9
75420,246.4
75421,248.1
75422,247.1
75423,247.0
75424,247.4
75425,247.5
75426,247.4
75427,247.3
75428,246.5
75429,245.3
75430,245.6
75431,248.6
75432,248.8
75433,251.0
75434,251.4
75435,252.6
75436,251.0
75437,249.1
75438,242.6
75439,238.4
75440,237.1
75441,237.8
75442,236.2
75443,237.0
75444,237.7
75445,236.1
75446,238.0
75447,239.1
75448,240.7
75449,241.1
75450,243.1
75451,247.9
75452,248.0
75453,250.2
75454,251.5
75455,251.4
75456,251.0
75457,252.0
75458,253.4
75459,254.5
75460,255.6
75461,259.1
75462,260.7
75463,264.7
75464,267.4
75465,267.7
75466,267.6
75467,267.3
75468,268.9
75469,270.5
75470,269.2
75471,268.4
75472,268.0
75473,265.5
75474,264.5
75475,266.1
75476,267.4
75477,268.8
75478,268.5
75479,269.7
75480,270.9
75481,272.6
75482,273.4
75483,274.1
75484,274.4
75485,274.7
75486,275.2
75487,274.8
75488,276.4
75489,275.0
75490,274.9
75491,274.5
75492,274.8
75493,274.4
75494,276.1
75495,277.7
75496,277.5
75497,278.8
75498,279.3
75499,278.9
75500,278.8
75501,278.9
75502,277.0
75503,274.3
75504,272.9
75505,275.2
75506,278.1
75507,278.8
75508,277.7
75509,276.4
75510,276.7
75511,278.2
75512,276.0
75513,275.5
75514,276.4
75515,275.2
75516,274.9
75517,277.5
75518,279.3
75519,282.0
75520,282.1
75521,284.1
75522,289.0
75523,289.2
75524,286.1
75525,292.6
75526,293.1
75527,294.3
75528,294.7
75529,295.5
75530,296.8
75531,296.6
75532,297.8
75533,298.1
75534,298.9
75535,297.7
75536,298.0
75537,298.3
75538,298.5
75539,298.8
75540,299.3
75541,299.5
75542,300.2
75543,299.4
75544,300.5
75545,299.9
75546,302.5
75547,302.8
75548,305.4
75549,307.3
75550,306.3
75551,306.0
75552,311.8
75553,312.8
75554,314.2
75555,313.9
75556,316.2
75557,316.0
75558,315.3
75559,313.6
75560,314.8
75561,314.5
75562,313.3
75563,313.1
75564,313.3
75565,315.5
75566,314.4
75567,314.1
75568,313.2
75569,312.5
75570,311.9
75571,311.8
75572,312.3
75573,312.6
75574,313.9
75575,314.5
75576,314.5
75577,316.0
75578,315.6
75579,316.9
75580,318.2
75581,318.4
75582,320.0
75583,324.4
75584,330.1
75585,334.9
75586,336.4
75587,335.2
75588,333.8
75589,336.2
75590,339.7
75591,344.7
75592,350.6
75593,354.5
75594,354.3
75595,351.3
75596,351.5
75597,356.2
75598,354.0
75599,352.4
75600,348.7
75601,348.1
75602,348.1
75603,348.2
75604,350.3
75605,352.1
75606,352.1
75607,351.5
75608,349.3
75609,348.3
75610,351.3
75611,352.5
75612,354.3
75613,359.0
75614,358.0
75615,355.2
75616,352.1
75617,348.2
75618,345.8
75619,345.0
75620,346.2
75621,345.6
75622,345.8
75623,348.3
75624,348.4
75625,348.5
75626,348.9
75627,349.6
75628,351.2
75629,350.7
75630,352.7
75631,354.2
75632,357.4
75633,354.7
75634,354.6
75635,360.1
75636,361.9
75637,360.8
75638,362.7
75639,363.2
75640,371.3
75641,373.0
75642,372.7
75643,372.1
75644,377.3
75645,378.1
75646,378.1
75647,374.9
75648,374.3
75649,371.2
75650,369.7
75651,368.0
75652,367.8
75653,364.8
75654,362.0
75655,362.2
75656,365.0
75657,367.2
75658,367.6
75659,370.4
75660,370.1
75661,371.7
75662,371.8
75663,374.6
75664,374.4
75665,373.4
75666,374.2
75667,375.1
75668,376.1
75669,379.2
75670,381.3
75671,382.5
75672,381.4
75673,380.8
75674,381.8
75675,383.1
75676,385.1
75677,384.7
75678,387.8
75679,388.8
75680,391.0
75681,389.9
75682,389.0
75683,390.9
75684,392.8
75685,393.7
75686,391.9
75687,392.7
75688,394.6
75689,394.4
75690,393.3
75691,392.4
75692,394.1
75693,395.7
75694,396.6
75695,395.7
75696,396.3
75697,398.1
75698,398.7
75699,396.6
75700,395.4
75701,395.5
75702,395.9
75703,397.0
75704,399.7
75705,400.0
75706,401.1
75707,401.7
75708,403.1
75709,403.0
75710,404.7
75711,405.1
75712,407.5
75713,410.1
75714,411.6
75715,417.4
75716,419.9
75717,413.0
75718,413.0
75719,416.5
75720,410.4
75721,408.5
75722,409.3
75723,415.6
75724,417.6
75725,417.4
75726,412.7
75727,416.0
75728,419.4
75729,425.1
75730,418.9
75731,413.2
75732,414.3
75733,418.2
75734,422.3
75735,426.6
75736,427.5
75737,429.9
75738,428.1
75739,427.0
75740,426.5
75741,422.8
75742,418.1
75743,419.6
75744,425.0
75745,425.3
75746,425.9
75747,434.7
75748,439.5
75749,432.2
75750,438.2
75751,442.7
75752,446.1
75753,444.0
75754,442.2
75755,448.7
75756,451.1
75757,447.1
75758,452.7
75759,461.6
75760,460.9
75761,458.4
75762,464.2
75763,466.6
75764,464.5
75765,465.9
75766,466.7
75767,468.5
75768,466.5
75769,465.7
75770,467.6
75771,466.8
75772,467.2
75773,468.1
75774,470.0
75775,468.2
75776,468.5
75777,470.0
75778,473.4
75779,474.0
75780,473.2
75781,476.4
75782,474.4
75783,473.7
75784,473.5
75785,474.4
75786,474.5
75787,476.9
75788,477.0
75789,477.5
75790,479.8
75791,479.8
75792,482.6
75793,488.9
75794,493.1
75795,495.0
75796,499.7
75797,502.2
75798,504.4
75799,506.2
75800,507.1
75801,508.0
75802,506.2
75803,502.0
75804,496.8
75805,495.5
75806,497.7
75807,499.2
75808,499.8
75809,502.1
75810,507.4
75811,508.5
75812,509.5
75813,509.9
75814,508.6
75815,511.1
75816,509.5
75817,515.2
75818,523.5
75819,523.3
75820,523.3
75821,524.8
75822,528.2
75823,530.2
75824,532.0
75825,532.3
75826,534.9
75827,536.1
75828,533.9
75829,530.9
75830,530.8
75831,533.7
75832,535.9
75833,536.1
75834,538.3
75835,541.4
75836,542.8
75837,544.0
75838,544.8
75839,548.7
75840,548.9
75841,549.4
75842,548.3
75843,549.1
75844,549.3
75845,548.6
75846,548.0
75847,548.3
75848,547.5
75849,547.1
75850,546.6
75851,547.6
75852,547.0
75853,547.9
75854,548.4
75855,548.7
75856,548.0
75857,548.1
75858,547.3
75859,546.0
75860,545.6
75861,546.2
75862,546.2
75863,547.2
75864,547.5
75865,544.2
75866,544.7
75867,544.9
75868,544.8
75869,547.3
75870,547.0
75871,545.4
75872,546.3
75873,546.3
75874,545.3
75875,543.4
75876,541.8
75877,547.3
75878,554.2
75879,556.8
75880,560.8
75881,561.2
75882,563.2
75883,559.6
75884,562.2
75885,572.1
75886,578.0
75887,574.7
75888,577.4
75889,579.0
75890,580.6
75891,574.5
75892,576.4
75893,574.7
75894,571.6
75895,576.5
75896,584.8
75897,584.0
75898,583.6
75899,585.2
75900,585.6
75901,585.1
75902,585.0
75903,584.7
75904,584.7
75905,584.1
75906,583.6
75907,584.7
75908,585.8
75909,585.7
75910,583.9
75911,583.3
75912,583.8
75913,583.7
75914,583.9
75915,584.3
75916,583.8
75917,583.0
75918,583.6
75919,583.8
75920,583.3
75921,583.8
75922,582.4
75923,583.4
75924,582.8
75925,583.0
75926,582.8
75927,581.3
75928,582.9
75929,582.1
75930,582.5
75931,582.8
75932,582.8
75933,581.3
75934,581.8
75935,581.8
75936,582.0
75937,581.5
75938,580.6
75939,581.1
75940,581.7
75941,581.7
75942,580.9
75943,580.8
75944,581.3
75945,580.3
75946,579.6
75947,581.0
75948,580.5
75949,580.9
75950,579.8
75951,579.4
75952,580.2
75953,581.2
75954,581.2
75955,580.8
75956,580.7
75957,580.3
75958,580.5
75959,579.6
75960,577.4
75961,576.6
75962,577.7
75963,578.5
75964,576.6
75965,577.0
75966,577.2
75967,577.2
75968,578.1
75969,578.9
75970,579.3
75971,578.9
75972,578.1
75973,577.8
75974,576.6
75975,574.6
75976,576.4
75977,577.6
75978,576.9
75979,575.8
75980,575.5
75981,574.0
75982,572.5
75983,570.1
75984,570.9
75985,570.8
75986,570.8
75987,571.7
75988,571.0
75989,570.8
75990,571.9
75991,572.5
75992,-9999.9
75993,-9999.9
75994,-9999.9
75995,-9999.9
75996,-9999.9
75997,-9999.9
75998,-9999.9
75999,-9999.9
76000,-9999.9
76001,-9999.9
76002,-9999.9
76003,-9999.9
76004,-9999.9
76005,-9999.9
76006,-9999.9
76007,-9999.9
76008,-9999.9
76009,-9999.9
76010,-9999.9
76011,-9999.9
76012,-9999.9
76013,-9999.9
76014,-9999.9
76015,-9999.9
76016,-9999.9
76017,-9999.9
76018,-9999.9
76019,-9999.9
76020,-9999.9
76021,-9999.9
76022,-9999.9
76023,-9999.9
76024,-9999.9
76025,-9999.9
76026,-9999.9
76027,-9999.9
76028,-9999.9
76029,-9999.9
76030,-9999.9
76031,-9999.9
76032,-9999.9
76033,-9999.9
76034,-9999.9
76035,-9999.9
76036,-9999.9
76037,-9999.9
76038,-9999.9
76039,-9999.9
76040,-9999.9
76041,-9999.9
76042,-9999.9
76043,-9999.9
76044,-9999.9
76045,-9999.9
76046,-9999.9
76047,-9999.9
76048,-9999.9
76049,-9999.9
76050,-9999.9
76051,-9999.9
76052,-9999.9
76053,-9999.9
76054,-9999.9
76055,-9999.9
76056,-9999.9
76057,-9999.9
76058,-9999.9
76059,-9999.9
76060,-9999.9
76061,-9999.9
76062,-9999.9
76063,-9999.9
76064,-9999.9
76065,-9999.9
76066,-9999.9
76067,-9999.9
76068,-9999.9
76069,-9999.9
76070,-9999.9
76071,-9999.9
76072,-9999.9
76073,-9999.9
76074,-9999.9
76075,-9999.9
76076,-9999.9
76077,-9999.9
76078,-9999.9
76079,-9999.9
76080,-9999.9
76081,-9999.9
76082,-9999.9
76083,-9999.9
76084,-9999.9
76085,-9999.9
76086,-9999.9
76087,-9999.9
76088,-9999.9
76089,-9999.9
76090,-9999.9
76091,-9999.9
76092,-9999.9
76093,-9999.9
76094,-9999.9
76095,-9999.9
76096,-9999.9
76097,-9999.9
76098,-9999.9
76099,-9999.9
76100,-9999.9
76101,-9999.9
76102,-9999.9
76103,-9999.9
76104,-9999.9
76105,-9999.9
76106,-9999.9
76107,-9999.9
76108,-9999.9
76109,-9999.9
76110,-9999.9
76111,-9999.9
76112,-9999.9
76113,-9999.9
76114,-9999.9
76115,-9999.9
76116,-9999.9
76117,-9999.9
76118,-9999.9
76119,-9999.9
76120,-9999.9
76121,-9999.9
76122,-9999.9
76123,-9999.9
76124,-9999.9
76125,-9999.9
76126,-9999.9
76127,-9999.9
76128,-9999.9
76129,-9999.9
76130,-9999.9
76131,-9999.9
76132,-9999.9
76133,-9999.9
76134,-9999.9
76135,-9999.9
76136,-9999.9
76137,-9999.9
76138,-9999.9
76139,-9999.9
76140,-9999.9
76141,-9999.9
76142,-9999.9
76143,-9999.9
76144,-9999.9
76145,-9999.9
76146,-9999.9
76147,-9999.9
76148,-9999.9
76149,-9999.9
76150,-9999.9
76151,-9999.9
76152,-9999.9
76153,-9999.9
76154,-9999.9
76155,-9999.9
76156,-9999.9
76157,-9999.9
76158,-9999.9
76159,-9999.9
76160,-9999.9
76161,-9999.9
76162,-9999.9
76163,-9999.9
76164,-9999.9
76165,-9999.9
76166,-9999.9
76167,-9999.9
76168,-9999.9
76169,-9999.9
76170,-9999.9
76171,-9999.9
76172,-9999.9
76173,-9999.9
76174,-9999.9
76175,-9999.9
76176,-9999.9
76177,-9999.9
76178,-9999.9
76179,-9999.9
76180,-9999.9
76181,-9999.9
76182,-9999.9
76183,-9999.9
76184,-9999.9
76185,-9999.9
76186,-9999.9
76187,-9999.9
76188,-9999.9
76189,-9999.9
76190,-9999.9
76191,-9999.9
76192,-9999.9
76193,-9999.9
76194,-9999.9
76195,-9999.9
76196,-9999.9
76197,-9999.9
76198,-9999.9
76199,-9999.9
76200,-9999.9
76201,-9999.9
76202,-9999.9
76203,463.0
76204,462.8
76205,463.2
76206,462.0
76207,462.7
76208,462.6
76209,463.4
