data/raw/Flight4/H2O_POLAR6_20150408_R1_L2_NETCARE.ict
34, 1001
Bozem, Heiko; Hoor, Peter
Institute for Atmospheric Physics, Johannes Gutenberg University, Mainz, Germany
H2O mixing ratio from LI7200 H2O analyzer
NETCARE Polar 6 Campaign 2015
1, 1
2015, 04, 08, 2016, 01, 22
1
Time_UTC, seconds
1
1
-9999.9
H2O_ppmv, ppmv
0
19
PI_CONTACT_INFO: Address: Johann-Joachim-Becherweg 21, 55128 Mainz, email: bozemh@uni-mainz.de; hoor@uni-mainz.de
PLATFORM: Polar 6
LOCATION: GPS location and altitude available at 1 Hz resolution in separate file (See AIMMS files under Aircraft data and meteorology)
ASSOCIATED_DATA: N/A
INSTRUMENT_INFO: H2O measurements based on non-dispersive infrared absorption spectroscopy
DATA_INFO: Units are ppmv
UNCERTAINTY RELATIVE TO STANDARD: 18.5 ppmv or 2.5 %, whichever is greater, at 1 sigma confidence (before drift correction is applied)
ULOD_FLAG: -7777
ULOD_VALUE: N/A
LLOD_FLAG: -8888
LLOD_VALUE: N/A 
DM_CONTACT_INFO: N/A
PROJECT_INFO: NETCARE Polar 6 aircraft campaign in April 2015; Alert
STIPULATIONS_ON_USE: N/A
OTHER_COMMENTS: N/A
REVISION: R1
R0: Preliminary data, corrected for instrument drift
R1: Final data, corrected for instrument drift
Time_UTC,H2O_ppmv
[from data line 11827]
76211,462.0
76212,462.4
76213,462.8
76214,462.3
76215,462.7
76216,462.9
76217,463.0
76218,462.3
76219,462.8
76220,463.7
76221,463.0
76222,464.9
76223,464.6
76224,464.0
76225,462.1
76226,461.5
76227,461.7
76228,460.6
76229,462.2
76230,460.7
76231,461.3
76232,460.7
76233,460.6
76234,461.3
76235,460.7
76236,461.5
76237,459.6
76238,460.6
76239,461.8
76240,458.7
76241,458.8
76242,460.6
76243,462.1
76244,460.8
76245,460.3
76246,458.9
76247,458.2
76248,458.3
76249,458.5
76250,458.1
76251,466.7
76252,467.8
76253,460.4
76254,462.6
76255,464.5
76256,469.2
76257,470.1
76258,475.4
76259,479.4
76260,467.8
76261,478.9
76262,490.8
76263,500.9
76264,501.7
76265,504.4
76266,515.8
76267,520.9
76268,519.9
76269,520.6
76270,523.3
76271,523.2
76272,521.6
76273,522.2
76274,523.3
76275,522.5
76276,521.8
76277,523.5
76278,522.7
76279,524.2
76280,524.2
76281,524.7
76282,528.2
76283,528.7
76284,529.6
76285,530.5
76286,530.8
76287,530.2
76288,525.9
76289,525.1
76290,524.4
76291,525.9
76292,527.7
76293,530.7
76294,529.3
76295,534.6
76296,536.1
76297,541.9
76298,544.0
76299,545.5
76300,545.3
76301,546.8
76302,549.2
76303,551.4
76304,550.5
76305,545.8
76306,543.3
76307,548.6
76308,548.5
76309,546.8
76310,546.8
76311,545.4
76312,543.7
76313,546.2
76314,542.8
76315,538.3
76316,535.5
76317,527.6
76318,529.7
76319,530.3
76320,533.4
76321,529.5
76322,528.6
76323,525.1
76324,521.9
76325,524.4
76326,526.0
76327,530.6
76328,535.1
76329,531.1
76330,528.8
76331,523.5
76332,521.6
76333,523.1
76334,525.3
76335,526.7
76336,526.7
76337,524.9
76338,523.3
76339,523.5
76340,523.0
76341,523.5
76342,522.8
76343,523.1
76344,522.9
76345,523.2
76346,524.3
76347,525.2
76348,524.5
76349,524.1
76350,522.9
76351,523.1
76352,522.8
76353,524.6
76354,524.1
76355,523.8
76356,525.1
76357,524.5
76358,524.9
76359,527.2
76360,527.5
76361,527.9
76362,527.8
76363,527.7
76364,528.9
76365,527.6
76366,528.2
76367,527.8
76368,527.9
76369,529.7
76370,528.5
76371,527.7
76372,527.5
76373,528.9
76374,528.1
76375,528.2
76376,528.2
76377,529.2
76378,528.5
76379,527.8
76380,528.2
76381,529.7
76382,530.2
76383,528.7
76384,529.1
76385,528.2
76386,529.0
76387,528.8
76388,528.3
76389,528.4
76390,528.7
76391,528.7
76392,528.5
76393,528.2
76394,528.6
76395,528.9
76396,529.0
76397,528.8
76398,528.0
76399,526.9
76400,526.2
76401,526.4
76402,527.4
76403,526.9
76404,526.8
76405,526.2
76406,527.3
76407,526.9
76408,527.6
76409,527.5
76410,526.1
76411,527.2
76412,526.2
76413,526.5
76414,526.0
76415,525.4
76416,526.2
76417,526.2
76418,526.0
76419,526.1
76420,525.7
76421,525.4
76422,525.3
76423,526.6
76424,526.4
76425,525.9
76426,525.6
76427,525.4
76428,525.6
76429,525.8
76430,525.7
76431,525.8
76432,525.5
76433,525.7
76434,525.4
76435,525.9
76436,524.7
76437,525.4
76438,525.7
76439,524.4
76440,524.5
76441,525.0
76442,524.3
76443,524.3
76444,523.8
76445,524.1
76446,524.3
76447,524.4
76448,522.9
76449,523.4
76450,522.8
76451,523.8
76452,522.3
76453,522.8
76454,524.1
76455,523.2
76456,522.9
76457,523.1
76458,523.3
76459,523.4
76460,523.8
76461,523.6
76462,523.7
76463,523.0
76464,522.7
76465,522.0
76466,522.5
76467,522.6
76468,523.0
76469,522.7
76470,522.4
76471,523.1
76472,523.9
76473,524.5
76474,524.1
76475,524.2
76476,524.2
76477,524.5
76478,523.5
76479,523.4
76480,523.8
76481,524.0
76482,522.8
76483,523.7
76484,522.8
76485,523.2
76486,523.1
76487,522.8
76488,524.5
76489,523.1
76490,522.2
76491,522.0
76492,522.7
76493,522.7
76494,522.2
76495,521.6
76496,520.7
76497,521.2
76498,520.9
76499,520.0
76500,520.5
76501,521.0
76502,520.9
76503,521.3
76504,521.2
76505,521.2
76506,520.8
76507,523.3
76508,521.7
76509,521.2
76510,520.8
76511,518.9
76512,517.1
76513,518.4
76514,517.6
76515,516.1
76516,516.3
76517,517.6
76518,517.4
76519,515.1
76520,513.6
76521,513.6
76522,513.1
76523,514.6
76524,513.3
76525,513.1
76526,511.8
76527,510.7
76528,511.0
76529,510.7
76530,510.8
76531,511.0
76532,509.1
76533,509.2
76534,509.7
76535,508.4
76536,508.0
76537,507.5
76538,507.2
76539,508.2
76540,507.6
76541,507.4
76542,505.2
76543,507.2
76544,506.5
76545,506.4
76546,502.1
76547,504.5
76548,498.2
76549,494.7
76550,498.0
76551,495.7
76552,496.2
76553,499.4
76554,495.0
76555,491.4
76556,489.1
76557,488.5
76558,483.5
76559,485.3
76560,488.9
76561,485.8
76562,487.2
76563,484.6
76564,486.2
76565,488.4
76566,490.0
76567,483.9
76568,482.8
76569,484.1
76570,487.7
76571,486.0
76572,487.6
76573,487.0
76574,487.5
76575,492.0
76576,490.8
76577,487.8
76578,485.9
76579,488.3
76580,489.2
76581,486.7
76582,488.6
76583,490.6
76584,490.9
76585,489.9
76586,492.2
76587,490.5
76588,491.0
76589,490.4
76590,489.4
76591,491.1
76592,488.2
76593,489.8
76594,492.4
76595,493.0
76596,492.4
76597,491.1
76598,491.6
76599,488.0
76600,487.4
76601,486.6
76602,484.6
76603,479.7
76604,477.5
76605,476.3
76606,474.6
76607,473.5
76608,476.0
76609,475.6
76610,475.2
76611,472.2
76612,471.4
76613,469.1
76614,467.6
76615,466.2
76616,463.8
76617,464.9
76618,464.7
76619,460.1
76620,460.6
76621,458.7
76622,458.9
76623,458.3
76624,457.4
76625,456.3
76626,458.6
76627,459.1
76628,457.1
76629,454.2
76630,453.7
76631,454.9
76632,454.5
76633,453.8
76634,452.5
76635,452.3
76636,453.0
76637,452.7
76638,451.6
76639,451.5
76640,450.8
76641,448.5
76642,449.7
76643,448.7
76644,450.9
76645,449.9
76646,450.0
76647,449.3
76648,448.1
76649,448.7
76650,448.7
76651,446.5
76652,442.6
76653,444.0
76654,442.7
76655,445.0
76656,442.0
76657,439.1
76658,439.0
76659,441.2
76660,440.8
76661,440.8
76662,440.9
76663,444.4
76664,443.3
76665,440.9
76666,438.5
76667,442.0
76668,442.9
76669,440.2
76670,438.8
76671,437.7
76672,442.0
76673,442.4
76674,439.9
76675,436.2
76676,436.8
76677,433.9
76678,432.8
76679,432.5
76680,431.2
76681,433.0
76682,430.0
76683,428.2
76684,432.8
76685,431.3
76686,426.4
76687,433.1
76688,434.7
76689,432.7
76690,432.1
76691,428.7
76692,424.3
76693,424.1
76694,424.4
76695,428.1
76696,428.8
76697,427.5
76698,425.5
76699,423.5
76700,423.3
76701,422.5
76702,421.4
76703,420.4
76704,418.3
76705,417.3
76706,420.6
76707,423.2
76708,424.0
76709,424.1
76710,424.2
76711,424.2
76712,423.0
76713,423.8
76714,422.3
76715,422.9
76716,421.9
76717,421.2
76718,422.2
76719,426.5
76720,423.4
76721,422.3
76722,423.8
76723,424.4
76724,421.3
76725,420.9
76726,427.2
76727,427.3
76728,428.0
76729,432.3
76730,428.7
76731,423.5
76732,429.3
76733,433.2
76734,431.1
76735,428.5
76736,426.6
76737,425.4
76738,425.4
76739,426.8
76740,423.2
76741,420.1
76742,419.5
76743,419.1
76744,417.2
76745,419.1
76746,418.1
76747,416.4
76748,416.7
76749,418.1
76750,415.9
76751,413.4
76752,415.9
76753,412.9
76754,412.7
76755,411.4
76756,411.0
76757,410.0
76758,409.9
76759,412.2
76760,408.1
76761,408.0
76762,409.5
76763,409.3
76764,409.1
76765,409.0
76766,414.1
76767,422.0
76768,418.4
76769,415.6
76770,419.0
76771,413.4
76772,416.0
76773,416.2
76774,414.9
76775,413.8
76776,413.0
76777,418.4
76778,417.1
76779,410.7
76780,410.0
76781,412.1
76782,410.9
76783,406.9
76784,405.7
76785,405.6
76786,404.4
76787,405.3
76788,406.4
76789,405.6
76790,405.3
76791,405.7
76792,406.2
76793,407.6
76794,408.7
76795,409.0
76796,412.8
76797,410.6
76798,408.5
76799,410.4
76800,407.9
76801,404.7
76802,404.5
76803,405.8
76804,406.3
76805,408.6
76806,406.5
76807,404.7
76808,406.2
76809,405.2
76810,406.2
76811,407.6
76812,408.4
76813,407.2
76814,409.3
76815,407.7
76816,405.7
76817,404.4
76818,401.7
76819,404.7
76820,407.7
76821,407.0
76822,407.7
76823,403.6
76824,396.7
76825,395.3
76826,395.4
76827,395.4
76828,392.9
76829,392.2
76830,386.7
76831,384.9
76832,383.9
76833,389.4
76834,387.7
76835,388.1
76836,390.5
76837,391.0
76838,382.8
76839,383.5
76840,383.7
76841,384.4
76842,386.0
76843,382.8
76844,384.5
76845,389.1
76846,386.0
76847,384.0
76848,377.2
76849,377.4
76850,374.9
76851,378.8
76852,373.3
76853,376.9
76854,376.3
76855,374.6
76856,374.3
76857,384.4
76858,385.9
76859,378.1
76860,375.8
76861,379.4
76862,384.4
76863,384.6
76864,385.5
76865,381.1
76866,379.5
76867,380.7
76868,380.0
76869,379.3
76870,379.5
76871,380.4
76872,377.7
76873,377.2
76874,377.7
76875,379.2
76876,380.6
76877,378.9
76878,377.7
76879,378.5
76880,377.1
76881,377.8
76882,376.7
76883,374.3
76884,376.0
76885,374.8
76886,375.8
76887,375.6
76888,375.7
76889,375.8
76890,374.4
76891,371.6
76892,371.5
76893,370.9
76894,371.1
76895,370.3
76896,373.0
76897,374.3
76898,373.0
76899,371.7
76900,369.5
76901,370.0
76902,373.1
76903,371.6
76904,372.5
76905,373.7
76906,372.7
76907,372.8
76908,371.5
76909,367.1
76910,368.0
76911,367.1
76912,366.1
76913,365.9
76914,365.7
76915,365.2
76916,366.9
76917,366.8
76918,367.9
76919,368.7
76920,368.4
76921,369.4
76922,370.2
76923,370.1
76924,367.8
76925,368.2
76926,368.4
76927,368.4
76928,368.3
76929,368.3
76930,367.1
76931,366.1
76932,365.3
76933,364.1
76934,363.4
76935,363.0
76936,363.8
76937,-9999.9
76938,-9999.9
76939,-9999.9
76940,-9999.9
76941,-9999.9
76942,-9999.9
76943,-9999.9
76944,-9999.9
76945,-9999.9
76946,-9999.9
76947,-9999.9
76948,-9999.9
76949,-9999.9
76950,-9999.9
76951,-9999.9
76952,-9999.9
76953,-9999.9
76954,-9999.9
76955,-9999.9
76956,-9999.9
76957,-9999.9
76958,-9999.9
76959,-9999.9
76960,-9999.9
76961,-9999.9
76962,-9999.9
76963,-9999.9
