data/raw/Flight4/O3_POLAR6_201504081735_R0_L2_NETCARE.ict
37, 1001
Staebler, Ralf
Environment Canada
Thermo 49i ozone data
Polar 6 NETCARE
1, 1
2015, 4, 8, 2015, 9, 30
0
Start_UTC, seconds
6
1, 1, 1, 1, 1, 1
-9999, -9999, -999.9, -99.9, -99.9, -99.9
Stop_UTC, seconds
hr, decimal hours (UTC)
Press, cell pressure (Torr)
BenchT, instrument temperature (deg C)
LampT, ozone lamp temperature (deg C)
O3, ozone mixing ratio (ppbv)
1
Press, BenchT, LampT are included for diagnostics
16
PI_CONTACT_INFO: Address: 4905 Dufferin Street, Toronto, ON M3H 5T4; email: Ralf.Staebler@ec.gc.ca
PLATFORM: Polar 6 
LOCATION: Location data varies as seen in this file
INSTRUMENT_INFO: Thermo Scienfific ozone analyzer model 49i, S.N. 0606014771
UNCERTAINTY: 0.2 ppbv 
ULOD_FLAG: -7777
ULOD_VALUE: N/A
LLOD_FLAG: -8888
LLOD_VALUE: N/A
DM_CONTACT_INFO: Ralf Staebler; Environment Canada; Ralf.Staebler@ec.gc.ca
PROJECT_INFO: Polar 6 NETCARE Spring 2015 campaign
STIPULATIONS_ON_USE: If use of this data will lead to a publication, we ask that the PI be informed.
OTHER_COMMENTS: N/A
REVISION: R0
R0: First set of data.
Start_UTC,Stop_UTC,hr,Press,BenchT,LampT,O3
64380,64390,17.8861,749.0,35.6,53.4,-99.9
64390,64400,17.8889,744.2,35.7,53.4,-99.9
64400,64410,17.8917,740.9,35.7,53.4,-99.9
64410,64420,17.8944,739.1,35.7,53.4,-99.9
64420,64430,17.8972,736.5,35.7,53.4,-99.9
64430,64440,17.9000,733.8,35.6,53.4,-99.9
64440,64450,17.9028,731.4,35.7,53.4,-99.9
64450,64460,17.9056,729.3,35.6,53.4,-99.9
64460,64470,17.9083,726.9,35.6,53.4,-99.9
64470,64480,17.9111,724.8,35.7,53.4,-99.9
64480,64490,17.9139,723.3,35.7,53.4,-99.9
64490,64500,17.9167,721.2,35.7,53.4,-99.9
64500,64510,17.9194,720.3,35.7,53.4,-99.9
64510,64520,17.9222,717.9,35.7,53.4,-99.9
64520,64530,17.9250,708.6,35.7,53.4,-99.9
64530,64540,17.9278,702.0,35.7,53.4,-99.9
64540,64550,17.9306,700.8,35.7,53.4,28.9
64550,64560,17.9333,698.7,35.7,53.4,28
64560,64570,17.9361,696.9,35.7,53.4,28.2
64570,64580,17.9389,696.0,35.7,53.4,27.6
64580,64590,17.9417,694.2,35.7,53.4,28.2
64590,64600,17.9444,691.8,35.7,53.4,29.1
64600,64610,17.9472,690.3,35.7,53.4,31.9
64610,64620,17.9500,689.1,35.7,53.4,33.2
64620,64630,17.9528,687.9,35.7,53.4,35.7
64630,64640,17.9556,686.1,35.7,53.4,37.4
64640,64650,17.9583,683.7,35.7,53.4,36.8
64650,64660,17.9611,681.6,35.7,53.4,35.8
64660,64670,17.9639,679.8,35.8,53.4,36.6
64670,64680,17.9667,676.8,35.8,53.4,35.3
64680,64690,17.9694,675.0,35.8,53.4,39.5
64690,64700,17.9722,674.1,35.8,53.4,39.8
64700,64710,17.9750,672.0,35.8,53.4,39.9
64710,64720,17.9778,669.6,35.8,53.4,39.4
64720,64730,17.9806,667.5,35.8,53.4,39.6
64730,64740,17.9833,665.4,35.8,53.4,38.2
64740,64750,17.9861,663.9,35.8,53.4,37.8
64750,64760,17.9889,661.8,35.8,53.4,38.1
64760,64770,17.9917,660.3,35.8,53.4,38.5
64770,64780,17.9944,659.2,35.8,53.4,39
64780,64790,17.9972,657.1,35.8,53.4,39.8
64790,64800,18.0000,655.0,35.8,53.4,39.4
64800,64810,18.0028,653.2,35.8,53.4,40.7
64810,64820,18.0056,652.0,35.8,53.4,41
64820,64830,18.0083,650.2,35.8,53.4,42.5
64830,64840,18.0111,647.8,35.9,53.4,43.4
64840,64850,18.0139,646.3,35.9,53.4,44.2
64850,64860,18.0167,644.5,35.9,53.4,42.8
64860,64870,18.0194,643.6,35.9,53.4,42.2
64870,64880,18.0222,641.5,35.9,53.4,44
64880,64890,18.0250,639.7,35.9,53.4,44.1
64890,64900,18.0278,638.2,35.9,53.4,45.6
64900,64910,18.0306,636.4,35.9,53.4,46.6
64910,64920,18.0333,634.0,35.9,53.4,45.4
64920,64930,18.0361,631.9,35.9,53.4,45.4
64930,64940,18.0389,630.4,35.9,53.4,46
64940,64950,18.0417,628.6,36.0,53.4,46.3
64950,64960,18.0444,626.5,36.0,53.4,45.7
64960,64970,18.0472,624.7,36.0,53.4,47.7
64970,64980,18.0500,623.8,36.0,53.4,46.9
64980,64990,18.0528,622.0,36.0,53.4,46.8
64990,65000,18.0556,619.9,36.0,53.4,46.4
65000,65010,18.0583,618.7,36.0,53.4,47.3
65010,65020,18.0611,617.2,36.0,53.4,47.2
65020,65030,18.0639,615.7,36.1,53.4,45.7
65030,65040,18.0667,613.3,36.1,53.4,47.3
65040,65050,18.0694,612.1,36.1,53.4,47.6
65050,65060,18.0722,610.9,36.1,53.4,46.7
65060,65070,18.0750,609.4,36.1,53.5,47.6
65070,65080,18.0778,607.0,36.1,53.4,47.2
65080,65090,18.0806,605.8,36.1,53.5,48.4
65090,65100,18.0833,604.3,36.1,53.4,47.5
65100,65110,18.0861,602.2,36.2,53.4,47.7
65110,65120,18.0889,600.4,36.2,53.5,48.3
65120,65130,18.0917,598.3,36.2,53.5,47
65130,65140,18.0944,597.1,36.2,53.5,47.7
65140,65150,18.0972,595.9,36.2,53.4,47.3
65150,65160,18.1000,593.5,36.2,53.5,47.6
65160,65170,18.1028,592.0,36.3,53.4,47.3
65170,65180,18.1056,590.8,36.3,53.4,46.4
65180,65190,18.1083,589.3,36.3,53.4,46.4
65190,65200,18.1111,587.5,36.3,53.4,45.9
65200,65210,18.1139,585.7,36.3,53.5,46.6
65210,65220,18.1167,584.5,36.3,53.4,47.4
65220,65230,18.1194,583.3,36.3,53.4,44.8
65230,65240,18.1222,581.3,36.4,53.4,43.1
65240,65250,18.1250,579.8,36.4,53.5,41.4
65250,65260,18.1278,578.6,36.4,53.4,42
65260,65270,18.1306,576.8,36.4,53.5,42
65270,65280,18.1333,574.7,36.4,53.4,39.4
65280,65290,18.1361,572.9,36.4,53.4,39
65290,65300,18.1389,571.7,36.4,53.4,40.5
65300,65310,18.1417,570.2,36.5,53.4,40.4
65310,65320,18.1444,567.8,36.5,53.4,42.2
65320,65330,18.1472,566.0,36.5,53.5,40.3
65330,65340,18.1500,564.8,36.5,53.4,41.1
65340,65350,18.1528,563.0,36.5,53.4,42.1
65350,65360,18.1556,561.2,36.6,53.5,42.9
65360,65370,18.1583,559.7,36.6,53.5,43.7
65370,65380,18.1611,558.8,36.6,53.5,42.4
65380,65390,18.1639,557.6,36.6,53.5,41.9
65390,65400,18.1667,555.5,36.6,53.5,41.5
65400,65410,18.1694,554.0,36.7,53.4,42.4
65410,65420,18.1722,553.1,36.7,53.5,40.3
65420,65430,18.1750,551.6,36.7,53.5,41.2
65430,65440,18.1778,549.8,36.7,53.4,42.2
65440,65450,18.1806,548.6,36.7,53.4,41.6
65450,65460,18.1833,547.1,36.7,53.4,42.6
65460,65470,18.1861,545.6,36.8,53.5,41.9
65470,65480,18.1889,544.1,36.8,53.5,42.5
65480,65490,18.1917,542.3,36.8,53.4,41.6
65490,65500,18.1944,541.4,36.8,53.5,42.5
65500,65510,18.1972,539.6,36.9,53.5,43.2
65510,65520,18.2000,538.1,36.9,53.5,44.5
65520,65530,18.2028,536.6,36.9,53.5,43.4
65530,65540,18.2056,535.4,36.9,53.5,42.8
65540,65550,18.2083,534.2,36.9,53.5,43.6
65550,65560,18.2111,532.4,37.0,53.5,42.4
65560,65570,18.2139,531.2,37.0,53.5,43.7
65570,65580,18.2167,530.3,37.0,53.5,42.4
65580,65590,18.2194,528.5,37.0,53.4,42.5
65590,65600,18.2222,526.4,37.0,53.5,42.6
65600,65610,18.2250,525.2,37.1,53.5,41.4
65610,65620,18.2278,523.7,37.1,53.5,42.7
65620,65630,18.2306,522.2,37.1,53.5,42.1
65630,65640,18.2333,520.1,37.1,53.5,41.7
65640,65650,18.2361,518.9,37.1,53.5,42.4
65650,65660,18.2389,518.0,37.2,53.5,43.2
65660,65670,18.2417,516.5,37.2,53.5,42.9
65670,65680,18.2444,514.4,37.2,53.5,43.7
65680,65690,18.2472,512.6,37.2,53.5,42
65690,65700,18.2500,511.7,37.3,53.5,42.3
65700,65710,18.2528,510.5,37.3,53.5,42.8
65710,65720,18.2556,508.7,37.3,53.5,43.6
65720,65730,18.2583,507.2,37.3,53.5,44.1
65730,65740,18.2611,507.5,37.4,53.5,44.3
65740,65750,18.2639,508.4,37.4,53.5,43.2
65750,65760,18.2667,509.6,37.4,53.5,43.5
65760,65770,18.2694,511.4,37.4,53.5,44.9
65770,65780,18.2722,513.5,37.5,53.5,45
65780,65790,18.2750,514.7,37.5,53.5,45.4
65790,65800,18.2778,515.6,37.5,53.5,44.8
65800,65810,18.2806,517.1,37.5,53.5,44.1
65810,65820,18.2833,518.9,37.5,53.5,43.4
65820,65830,18.2861,519.8,37.6,53.5,42.5
65830,65840,18.2889,521.3,37.6,53.5,44.5
65840,65850,18.2917,522.5,37.6,53.5,42.2
65850,65860,18.2944,524.3,37.7,53.5,40.7
65860,65870,18.2972,525.8,37.7,53.5,40.8
65870,65880,18.3000,527.0,37.7,53.5,43
65880,65890,18.3028,528.5,37.7,53.5,42.6
65890,65900,18.3056,530.3,37.7,53.5,43.3
65900,65910,18.3083,532.1,37.8,53.5,42.6
65910,65920,18.3111,533.6,37.8,53.5,44.1
65920,65930,18.3139,535.1,37.8,53.5,44.5
65930,65940,18.3167,536.9,37.8,53.5,44.1
65940,65950,18.3194,538.7,37.9,53.5,44
65950,65960,18.3222,539.9,37.9,53.5,44.6
65960,65970,18.3250,541.1,37.9,53.5,44.8
65970,65980,18.3278,541.4,38.0,53.5,43.2
65980,65990,18.3306,541.4,38.0,53.5,43.1
65990,66000,18.3333,540.8,38.0,53.5,44
66000,66010,18.3361,540.8,38.0,53.5,44
66010,66020,18.3389,541.4,38.0,53.5,44.5
66020,66030,18.3417,541.4,38.1,53.5,45.6
66030,66040,18.3444,541.7,38.1,53.5,45
66040,66050,18.3472,541.7,38.1,53.5,45.6
66050,66060,18.3500,542.0,38.1,53.5,44.7
66060,66070,18.3528,542.0,38.2,53.5,44.1
66070,66080,18.3556,541.7,38.2,53.5,46.7
66080,66090,18.3583,541.7,38.2,53.5,44.2
66090,66100,18.3611,542.0,38.2,53.5,45.6
66100,66110,18.3639,542.0,38.3,53.5,46.2
66110,66120,18.3667,541.4,38.3,53.5,44.8
66120,66130,18.3694,541.7,38.3,53.5,44.6
66130,66140,18.3722,542.3,38.3,53.5,44.5
66140,66150,18.3750,542.6,38.4,53.5,43.7
66150,66160,18.3778,542.0,38.4,53.5,44
66160,66170,18.3806,542.3,38.4,53.5,43.9
66170,66180,18.3833,542.3,38.4,53.5,43.7
66180,66190,18.3861,542.3,38.5,53.5,42.3
66190,66200,18.3889,541.7,38.5,53.5,44.3
66200,66210,18.3917,541.7,38.5,53.5,45.6
66210,66220,18.3944,541.7,38.5,53.5,45.2
66220,66230,18.3972,541.7,38.6,53.5,43.7
66230,66240,18.4000,541.7,38.6,53.5,44
66240,66250,18.4028,541.4,38.6,53.5,44.3
66250,66260,18.4056,541.1,38.6,53.5,44.1
66260,66270,18.4083,541.1,38.6,53.5,43.5
66270,66280,18.4111,540.8,38.7,53.5,42.4
66280,66290,18.4139,541.1,38.7,53.5,42.9
66290,66300,18.4167,542.0,38.7,53.5,43.6
66300,66310,18.4194,541.7,38.7,53.5,43.5
66310,66320,18.4222,541.4,38.8,53.5,42.8
66320,66330,18.4250,541.1,38.8,53.5,42.5
66330,66340,18.4278,541.4,38.8,53.5,44.5
66340,66350,18.4306,541.1,38.8,53.5,42.8
66350,66360,18.4333,540.8,38.9,53.5,43
66360,66370,18.4361,541.1,38.9,53.5,44.6
66370,66380,18.4389,541.1,38.9,53.5,44.1
66380,66390,18.4417,541.1,38.9,53.5,42.6
66390,66400,18.4444,540.2,38.9,53.5,42.8
66400,66410,18.4472,540.2,39.0,53.5,43.2
66410,66420,18.4500,540.5,39.0,53.5,43.2
66420,66430,18.4528,540.8,39.0,53.5,42.2
66430,66440,18.4556,540.5,39.0,53.5,42.5
66440,66450,18.4583,540.8,39.1,53.5,41.8
66450,66460,18.4611,540.8,39.1,53.5,41.2
66460,66470,18.4639,540.5,39.1,53.5,41.7
66470,66480,18.4667,540.2,39.1,53.5,43.1
66480,66490,18.4694,539.3,39.1,53.5,42.3
66490,66500,18.4722,540.5,39.2,53.5,42.3
66500,66510,18.4750,540.8,39.2,53.5,42.1
66510,66520,18.4778,541.1,39.2,53.5,41.7
66520,66530,18.4806,541.7,39.2,53.5,42.2
66530,66540,18.4833,542.0,39.2,53.5,42.2
66540,66550,18.4861,541.7,39.3,53.5,42.5
66550,66560,18.4889,540.8,39.3,53.5,42.8
66560,66570,18.4917,540.5,39.3,53.5,43.7
66570,66580,18.4944,540.8,39.3,53.5,44.3
66580,66590,18.4972,540.8,39.4,53.5,43.4
66590,66600,18.5000,541.1,39.4,53.5,44.1
66600,66610,18.5028,543.2,39.4,53.5,44.1
66610,66620,18.5056,545.3,39.4,53.5,43.6
66620,66630,18.5083,547.4,39.4,53.5,40.7
66630,66640,18.5111,548.6,39.5,53.5,41.7
66640,66650,18.5139,550.4,39.5,53.5,45.3
66650,66660,18.5167,552.5,39.5,53.5,45.7
66660,66670,18.5194,554.3,39.5,53.5,45.5
66670,66680,18.5222,555.8,39.6,53.5,44.4
66680,66690,18.5250,557.9,39.6,53.5,44.2
66690,66700,18.5278,560.0,39.6,53.5,43.5
66700,66710,18.5306,561.5,39.6,53.5,43.9
66710,66720,18.5333,563.0,39.6,53.5,44.1
66720,66730,18.5361,565.1,39.6,53.5,43.9
66730,66740,18.5389,567.2,39.7,53.5,45.1
66740,66750,18.5417,569.0,39.7,53.5,45.7
66750,66760,18.5444,570.5,39.7,53.5,46.6
66760,66770,18.5472,572.6,39.7,53.5,45.6
66770,66780,18.5500,575.0,39.7,53.5,44.7
66780,66790,18.5528,576.8,39.8,53.5,45.8
66790,66800,18.5556,578.3,39.8,53.5,46.4
66800,66810,18.5583,580.4,39.8,53.5,45.5
66810,66820,18.5611,581.9,39.8,53.5,46.5
66820,66830,18.5639,584.2,39.8,53.5,44.9
66830,66840,18.5667,585.4,39.9,53.5,45.1
66840,66850,18.5694,587.5,39.9,53.5,45.7
66850,66860,18.5722,589.9,39.9,53.5,46
66860,66870,18.5750,592.0,39.9,53.5,46.1
66870,66880,18.5778,592.9,39.9,53.5,45.8
66880,66890,18.5806,594.1,40.0,53.5,45.7
66890,66900,18.5833,594.4,40.0,53.5,48
66900,66910,18.5861,594.4,40.0,53.5,45
66910,66920,18.5889,595.0,40.0,53.5,46.6
66920,66930,18.5917,595.6,40.0,53.5,48.1
66930,66940,18.5944,596.2,40.1,53.5,47.8
66940,66950,18.5972,596.2,40.1,53.5,46.3
66950,66960,18.6000,595.9,40.1,53.5,46.9
66960,66970,18.6028,595.9,40.1,53.5,46.3
66970,66980,18.6056,595.9,40.1,53.5,47
66980,66990,18.6083,595.9,40.1,53.5,47.2
66990,67000,18.6111,595.6,40.1,53.5,45.6
67000,67010,18.6139,595.3,40.1,53.5,46.4
67010,67020,18.6167,595.6,40.1,53.5,46.4
67020,67030,18.6194,595.6,40.2,53.5,47.4
67030,67040,18.6222,595.0,40.2,53.5,47.7
67040,67050,18.6250,595.3,40.2,53.5,47.4
67050,67060,18.6278,595.9,40.2,53.5,48.4
67060,67070,18.6306,595.9,40.2,53.5,48.7
67070,67080,18.6333,595.3,40.2,53.5,48.8
67080,67090,18.6361,594.4,40.3,53.5,46.7
67090,67100,18.6389,595.3,40.3,53.5,46.6
67100,67110,18.6417,595.3,40.3,53.5,46.1
67110,67120,18.6444,594.7,40.3,53.5,47.2
67120,67130,18.6472,594.7,40.3,53.5,46.8
67130,67140,18.6500,595.0,40.3,53.5,47.3
67140,67150,18.6528,595.0,40.3,53.5,46.2
67150,67160,18.6556,592.9,40.3,53.5,46.5
67160,67170,18.6583,591.7,40.3,53.5,47.4
67170,67180,18.6611,590.8,40.3,53.5,47.5
67180,67190,18.6639,589.3,40.3,53.5,48.5
67190,67200,18.6667,587.2,40.4,53.5,48.2
67200,67210,18.6694,585.7,40.4,53.5,46.7
67210,67220,18.6722,584.8,40.4,53.5,46.8
67220,67230,18.6750,583.9,40.4,53.5,47.4
67230,67240,18.6778,581.9,40.4,53.5,45.4
67240,67250,18.6806,580.7,40.4,53.5,46.2
67250,67260,18.6833,579.5,40.4,53.5,44.5
67260,67270,18.6861,577.4,40.4,53.5,45.7
67270,67280,18.6889,575.3,40.4,53.5,45
67280,67290,18.6917,573.5,40.4,53.5,45.6
67290,67300,18.6944,572.0,40.5,53.5,44.8
67300,67310,18.6972,570.5,40.5,53.5,43.9
67310,67320,18.7000,568.4,40.5,53.5,44.7
67320,67330,18.7028,566.3,40.5,53.5,46.3
67330,67340,18.7056,565.1,40.5,53.5,45.4
67340,67350,18.7083,563.6,40.5,53.5,43.9
67350,67360,18.7111,561.5,40.5,53.5,44.3
67360,67370,18.7139,560.3,40.5,53.5,42.3
67370,67380,18.7167,559.1,40.5,53.5,41.9
67380,67390,18.7194,557.6,40.5,53.5,42
67390,67400,18.7222,555.5,40.5,53.5,42.6
67400,67410,18.7250,554.0,40.6,53.5,43.7
67410,67420,18.7278,552.8,40.6,53.5,42.2
67420,67430,18.7306,551.0,40.6,53.5,42.5
67430,67440,18.7333,549.5,40.6,53.5,42.6
67440,67450,18.7361,548.6,40.6,53.5,44.3
67450,67460,18.7389,547.4,40.6,53.5,44.7
67460,67470,18.7417,546.2,40.6,53.5,42.6
67470,67480,18.7444,544.4,40.6,53.6,43.4
67480,67490,18.7472,542.9,40.6,53.5,44.3
67490,67500,18.7500,541.7,40.6,53.5,43.9
67500,67510,18.7528,540.5,40.6,53.5,43.2
67510,67520,18.7556,539.0,40.6,53.5,43.2
67520,67530,18.7583,537.8,40.6,53.5,42.1
67530,67540,18.7611,536.9,40.6,53.5,43.1
67540,67550,18.7639,535.7,40.6,53.5,43.8
67550,67560,18.7667,533.9,40.6,53.5,45
67560,67570,18.7694,532.4,40.6,53.5,44.4
67570,67580,18.7722,531.5,40.6,53.5,44.8
67580,67590,18.7750,530.0,40.6,53.5,47
67590,67600,18.7778,527.6,40.6,53.5,46.9
67600,67610,18.7806,526.7,40.6,53.5,46.6
67610,67620,18.7833,525.5,40.6,53.5,47.3
67620,67630,18.7861,524.0,40.6,53.5,49.5
67630,67640,18.7889,522.5,40.7,53.5,47.2
67640,67650,18.7917,521.3,40.7,53.5,47.6
67650,67660,18.7944,520.7,40.7,53.5,47.2
67660,67670,18.7972,518.9,40.7,53.5,47.5
67670,67680,18.8000,516.8,40.7,53.5,48.2
67680,67690,18.8028,515.3,40.7,53.5,46.5
67690,67700,18.8056,513.8,40.7,53.5,47.2
67700,67710,18.8083,512.6,40.7,53.5,47.5
67710,67720,18.8111,511.1,40.7,53.5,47.7
67720,67730,18.8139,509.0,40.7,53.5,50.3
67730,67740,18.8167,508.4,40.7,53.5,48
67740,67750,18.8194,508.4,40.7,53.5,46.7
67750,67760,18.8222,507.2,40.7,53.5,47.8
67760,67770,18.8250,508.1,40.7,53.5,48.9
67770,67780,18.8278,508.1,40.7,53.5,48.7
67780,67790,18.8306,507.8,40.7,53.5,48
67790,67800,18.8333,507.5,40.7,53.5,47
67800,67810,18.8361,507.8,40.7,53.5,46.1
67810,67820,18.8389,508.4,40.7,53.5,46.5
67820,67830,18.8417,509.0,40.7,53.5,47
67830,67840,18.8444,509.0,40.7,53.5,47.2
67840,67850,18.8472,508.7,40.7,53.5,46.6
67850,67860,18.8500,509.3,40.7,53.5,47.6
67860,67870,18.8528,509.0,40.7,53.5,47.3
67870,67880,18.8556,508.4,40.8,53.5,47.9
67880,67890,18.8583,508.4,40.8,53.5,47.4
67890,67900,18.8611,509.0,40.7,53.5,48.5
67900,67910,18.8639,508.7,40.8,53.5,48.5
67910,67920,18.8667,507.8,40.8,53.5,49.7
67920,67930,18.8694,508.1,40.8,53.5,47.1
67930,67940,18.8722,508.1,40.8,53.5,48.1
67940,67950,18.8750,508.7,40.8,53.5,47.3
67950,67960,18.8778,508.1,40.8,53.5,47.1
67960,67970,18.8806,508.1,40.8,53.5,47.4
67970,67980,18.8833,508.1,40.8,53.5,47.1
67980,67990,18.8861,508.1,40.8,53.5,48.6
67990,68000,18.8889,508.1,40.8,53.5,48.9
68000,68010,18.8917,508.1,40.8,53.5,48.5
68010,68020,18.8944,509.0,40.8,53.6,49.9
68020,68030,18.8972,508.4,40.8,53.6,49.3
68030,68040,18.9000,507.8,40.8,53.5,52.4
68040,68050,18.9028,507.8,40.8,53.5,50.3
68050,68060,18.9056,508.4,40.8,53.5,51.8
68060,68070,18.9083,509.0,40.8,53.5,51.6
68070,68080,18.9111,510.2,40.8,53.5,49.7
68080,68090,18.9139,512.0,40.8,53.5,49.6
68090,68100,18.9167,514.7,40.8,53.5,50
68100,68110,18.9194,516.5,40.8,53.5,47.4
68110,68120,18.9222,517.4,40.8,53.5,46.9
68120,68130,18.9250,518.9,40.8,53.5,46.1
68130,68140,18.9278,520.7,40.9,53.5,43.4
68140,68150,18.9306,522.2,40.9,53.5,43.6
68150,68160,18.9333,523.4,40.9,53.5,41.5
68160,68170,18.9361,524.9,40.9,53.5,44.8
68170,68180,18.9389,527.0,40.9,53.6,45.6
68180,68190,18.9417,528.5,40.9,53.5,45.9
68190,68200,18.9444,530.0,40.9,53.5,46.2
68200,68210,18.9472,532.1,40.9,53.5,46.6
68210,68220,18.9500,534.5,40.9,53.6,45.1
68220,68230,18.9528,536.9,40.9,53.5,42.5
68230,68240,18.9556,538.4,40.9,53.5,43.4
68240,68250,18.9583,540.2,40.9,53.5,44.2
68250,68260,18.9611,543.2,40.9,53.5,45
68260,68270,18.9639,545.3,40.9,53.5,42.3
68270,68280,18.9667,546.5,40.9,53.5,45.1
68280,68290,18.9694,548.6,40.9,53.5,43.5
