data/raw/Flight4/O3_POLAR6_201504081735_R0_L2_NETCARE.ict
37, 1001
Staebler, Ralf
Environment Canada
Thermo 49i ozone data
Polar 6 NETCARE
1, 1
2015, 4, 8, 2015, 9, 30
0
Start_UTC, seconds
6
1, 1, 1, 1, 1, 1
-9999, -9999, -999.9, -99.9, -99.9, -99.9
Stop_UTC, seconds
hr, decimal hours (UTC)
Press, cell pressure (Torr)
BenchT, instrument temperature (deg C)
LampT, ozone lamp temperature (deg C)
O3, ozone mixing ratio (ppbv)
1
Press, BenchT, LampT are included for diagnostics
16
PI_CONTACT_INFO: Address: 4905 Dufferin Street, Toronto, ON M3H 5T4; email: Ralf.Staebler@ec.gc.ca
PLATFORM: Polar 6 
LOCATION: Location data varies as seen in this file
INSTRUMENT_INFO: Thermo Scienfific ozone analyzer model 49i, S.N. 0606014771
UNCERTAINTY: 0.2 ppbv 
ULOD_FLAG: -7777
ULOD_VALUE: N/A
LLOD_FLAG: -8888
LLOD_VALUE: N/A
DM_CONTACT_INFO: Ralf Staebler; Environment Canada; Ralf.Staebler@ec.gc.ca
PROJECT_INFO: Polar 6 NETCARE Spring 2015 campaign
STIPULATIONS_ON_USE: If use of this data will lead to a publication, we ask that the PI be informed.
OTHER_COMMENTS: N/A
REVISION: R0
R0: First set of data.
Start_UTC,Stop_UTC,hr,Press,BenchT,LampT,O3
[from data line 782]
72200,72210,20.0583,430.5,39.5,53.5,55
72210,72220,20.0611,429.3,39.5,53.5,55.3
72220,72230,20.0639,427.8,39.5,53.5,52.2
72230,72240,20.0667,425.8,39.6,53.6,50.6
72240,72250,20.0694,424.6,39.6,53.5,48.6
72250,72260,20.0722,423.4,39.6,53.6,49.1
72260,72270,20.0750,422.2,39.6,53.6,49
72270,72280,20.0778,420.4,39.6,53.5,50.7
72280,72290,20.0806,418.9,39.6,53.5,53
72290,72300,20.0833,418.0,39.7,53.5,52.8
72300,72310,20.0861,415.9,39.7,53.5,52.6
72310,72320,20.0889,413.8,39.7,53.5,56.3
72320,72330,20.0917,412.6,39.7,53.6,59.7
72330,72340,20.0944,411.7,39.7,53.6,60.1
72340,72350,20.0972,410.5,39.8,53.5,58.7
72350,72360,20.1000,408.4,39.8,53.5,60
72360,72370,20.1028,407.2,39.8,53.5,58.7
72370,72380,20.1056,406.3,39.8,53.6,59.5
72380,72390,20.1083,404.8,39.9,53.6,54.9
72390,72400,20.1111,403.3,39.9,53.6,57.5
72400,72410,20.1139,402.1,39.9,53.5,55
72410,72420,20.1167,400.9,39.9,53.6,54.8
72420,72430,20.1194,399.4,39.9,53.5,53.9
72430,72440,20.1222,397.6,40.0,53.6,53.2
72440,72450,20.1250,395.8,40.0,53.5,51.8
72450,72460,20.1278,395.2,40.0,53.5,53.4
72460,72470,20.1306,393.7,40.1,53.6,53.5
72470,72480,20.1333,391.9,40.1,53.6,54.9
72480,72490,20.1361,390.1,40.1,53.6,51
72490,72500,20.1389,388.9,40.1,53.6,51.7
72500,72510,20.1417,387.7,40.1,53.6,52
72510,72520,20.1444,385.9,40.1,53.6,50.4
72520,72530,20.1472,384.4,40.2,53.6,50.7
72530,72540,20.1500,383.5,40.2,53.5,52.4
72540,72550,20.1528,381.7,40.2,53.6,48.7
72550,72560,20.1556,380.5,40.2,53.6,48.8
72560,72570,20.1583,379.0,40.3,53.6,49.1
72570,72580,20.1611,378.1,40.3,53.6,46.5
72580,72590,20.1639,376.6,40.3,53.6,45.4
72590,72600,20.1667,375.1,40.3,53.6,47.5
72600,72610,20.1694,373.6,40.3,53.6,49.6
72610,72620,20.1722,372.7,40.4,53.5,48.1
72620,72630,20.1750,371.2,40.4,53.6,48.5
72630,72640,20.1778,369.1,40.4,53.6,50.7
72640,72650,20.1806,368.2,40.4,53.6,47.4
72650,72660,20.1833,367.3,40.5,53.5,42.3
72660,72670,20.1861,365.8,40.5,53.5,43.6
72670,72680,20.1889,364.0,40.5,53.6,42.9
72680,72690,20.1917,362.8,40.5,53.6,44.1
72690,72700,20.1944,361.6,40.6,53.5,45.1
72700,72710,20.1972,359.8,40.6,53.6,43.5
72710,72720,20.2000,358.3,40.6,53.6,42.8
72720,72730,20.2028,357.1,40.6,53.6,45.6
72730,72740,20.2056,356.5,40.6,53.6,45.4
72740,72750,20.2083,355.0,40.6,53.6,46.4
72750,72760,20.2111,353.2,40.7,53.6,47.5
72760,72770,20.2139,352.0,40.7,53.6,48.8
72770,72780,20.2167,350.8,40.7,53.6,47.8
72780,72790,20.2194,349.4,40.7,53.6,46.1
72790,72800,20.2222,348.2,40.8,53.6,44.5
72800,72810,20.2250,346.7,40.8,53.6,44
72810,72820,20.2278,345.8,40.8,53.6,45.1
72820,72830,20.2306,344.6,40.8,53.6,42.6
72830,72840,20.2333,342.8,40.9,53.6,43.6
72840,72850,20.2361,341.3,40.9,53.6,43.5
72850,72860,20.2389,340.1,40.9,53.6,41.5
72860,72870,20.2417,339.2,40.9,53.6,44.1
72870,72880,20.2444,337.4,40.9,53.6,43.8
72880,72890,20.2472,336.5,41.0,53.6,44.3
72890,72900,20.2500,335.9,41.0,53.6,44.1
72900,72910,20.2528,335.3,41.0,53.6,44.8
72910,72920,20.2556,335.0,41.0,53.6,45.6
72920,72930,20.2583,335.6,41.1,53.6,44.2
72930,72940,20.2611,335.9,41.1,53.6,42.5
72940,72950,20.2639,336.2,41.1,53.6,42.3
72950,72960,20.2667,336.2,41.1,53.6,43.3
72960,72970,20.2694,335.9,41.1,53.6,44.2
72970,72980,20.2722,336.2,41.2,53.6,42.8
72980,72990,20.2750,335.9,41.2,53.6,41.5
72990,73000,20.2778,335.6,41.2,53.6,42.4
73000,73010,20.2806,335.6,41.2,53.6,43
73010,73020,20.2833,335.6,41.2,53.6,43.5
73020,73030,20.2861,344.9,41.3,53.6,-99.9
73030,73040,20.2889,344.3,41.3,53.6,-99.9
73040,73050,20.2917,344.9,41.3,53.6,-99.9
73050,73060,20.2944,345.2,41.3,53.6,-99.9
73060,73070,20.2972,344.6,41.4,53.6,-99.9
73070,73080,20.3000,344.0,41.4,53.6,-99.9
73080,73090,20.3028,343.7,41.4,53.6,-99.9
73090,73100,20.3056,344.0,41.4,53.6,-99.9
73100,73110,20.3083,344.3,41.4,53.6,-99.9
73110,73120,20.3111,344.0,41.5,53.6,-99.9
73120,73130,20.3139,343.7,41.5,53.6,-99.9
73130,73140,20.3167,344.3,41.5,53.6,-99.9
73140,73150,20.3194,344.9,41.5,53.6,-99.9
73150,73160,20.3222,344.6,41.6,53.6,-99.9
73160,73170,20.3250,343.7,41.6,53.6,-99.9
73170,73180,20.3278,344.3,41.6,53.6,-99.9
73180,73190,20.3306,344.3,41.6,53.6,-99.9
73190,73200,20.3333,343.7,41.6,53.6,-99.9
73200,73210,20.3361,344.0,41.7,53.6,-99.9
73210,73220,20.3389,344.3,41.7,53.6,-99.9
73220,73230,20.3417,344.3,41.7,53.6,-99.9
73230,73240,20.3444,344.3,41.7,53.6,-99.9
73240,73250,20.3472,344.3,41.7,53.6,-99.9
73250,73260,20.3500,344.6,41.8,53.6,-99.9
73260,73270,20.3528,344.6,41.8,53.6,-99.9
73270,73280,20.3556,344.6,41.8,53.6,-99.9
73280,73290,20.3583,344.6,41.8,53.6,-99.9
73290,73300,20.3611,345.2,41.9,53.6,-99.9
73300,73310,20.3639,346.1,41.9,53.6,-99.9
73310,73320,20.3667,345.5,41.9,53.6,-99.9
73320,73330,20.3694,345.5,41.9,53.6,-99.9
73330,73340,20.3722,345.5,41.9,53.6,-99.9
73340,73350,20.3750,345.5,42.0,53.6,-99.9
73350,73360,20.3778,335.6,42.0,53.6,-99.9
73360,73370,20.3806,335.6,42.0,53.6,39.1
73370,73380,20.3833,336.2,42.0,53.6,41.7
73380,73390,20.3861,335.6,42.0,53.6,40.5
73390,73400,20.3889,335.6,42.0,53.6,41.1
73400,73410,20.3917,335.9,42.1,53.6,43.9
73410,73420,20.3944,337.4,42.1,53.6,42
73420,73430,20.3972,338.3,42.1,53.6,43.9
73430,73440,20.4000,339.5,42.1,53.6,44.2
73440,73450,20.4028,340.7,42.1,53.6,45
73450,73460,20.4056,342.8,42.2,53.6,43.9
73460,73470,20.4083,343.4,42.2,53.6,43.7
73470,73480,20.4111,344.0,42.2,53.6,44.1
73480,73490,20.4139,345.2,42.2,53.6,43.9
73490,73500,20.4167,347.3,42.3,53.6,46.2
73500,73510,20.4194,348.2,42.3,53.6,43.6
73510,73520,20.4222,349.4,42.3,53.6,45.1
73520,73530,20.4250,350.2,42.3,53.6,44.5
73530,73540,20.4278,351.4,42.3,53.6,45.7
73540,73550,20.4306,352.6,42.3,53.6,44.2
73550,73560,20.4333,353.2,42.4,53.6,46.2
73560,73570,20.4361,355.0,42.4,53.6,47.2
73570,73580,20.4389,356.5,42.4,53.6,48.8
73580,73590,20.4417,357.7,42.4,53.6,45.6
73590,73600,20.4444,358.6,42.4,53.6,50
73600,73610,20.4472,360.4,42.5,53.6,46.9
73610,73620,20.4500,361.6,42.5,53.6,45.5
73620,73630,20.4528,363.4,42.5,53.6,45.4
73630,73640,20.4556,364.0,42.5,53.6,42.8
73640,73650,20.4583,365.2,42.5,53.6,43.1
73650,73660,20.4611,366.7,42.6,53.6,42.9
73660,73670,20.4639,368.2,42.6,53.6,44.8
73670,73680,20.4667,369.1,42.6,53.6,45.8
73680,73690,20.4694,370.9,42.6,53.6,46.3
73690,73700,20.4722,372.4,42.6,53.6,44.3
73700,73710,20.4750,373.9,42.6,53.6,42.9
73710,73720,20.4778,374.8,42.6,53.6,44.6
73720,73730,20.4806,376.0,42.7,53.6,47
73730,73740,20.4833,377.5,42.7,53.6,48.8
73740,73750,20.4861,379.0,42.7,53.6,52
73750,73760,20.4889,379.9,42.7,53.6,55
73760,73770,20.4917,381.7,42.7,53.6,51.9
73770,73780,20.4944,383.5,42.7,53.6,53.4
73780,73790,20.4972,385.0,42.8,53.6,49.7
73790,73800,20.5000,385.9,42.8,53.6,48.8
73800,73810,20.5028,387.1,42.8,53.6,50.1
73810,73820,20.5056,389.2,42.8,53.6,51.5
73820,73830,20.5083,390.4,42.8,53.6,48.9
73830,73840,20.5111,391.6,42.8,53.6,51.1
73840,73850,20.5139,392.5,42.9,53.6,49.1
73850,73860,20.5167,394.3,42.9,53.6,53.8
73860,73870,20.5194,395.5,42.9,53.6,50.5
73870,73880,20.5222,396.4,42.9,53.6,53
73880,73890,20.5250,397.6,42.9,53.6,51.8
73890,73900,20.5278,399.7,42.9,53.6,52.3
73900,73910,20.5306,400.6,42.9,53.6,52.2
73910,73920,20.5333,401.8,43.0,53.6,48.9
73920,73930,20.5361,403.3,43.0,53.6,52.1
73930,73940,20.5389,405.1,43.0,53.6,53.8
73940,73950,20.5417,406.3,43.0,53.6,54.3
73950,73960,20.5444,407.2,43.0,53.6,55.2
73960,73970,20.5472,408.7,43.1,53.6,53.6
73970,73980,20.5500,410.2,43.1,53.6,54.3
73980,73990,20.5528,411.7,43.1,53.6,50.7
73990,74000,20.5556,412.6,43.1,53.6,54.5
74000,74010,20.5583,413.8,43.1,53.6,56.5
74010,74020,20.5611,415.9,43.1,53.6,55.9
74020,74030,20.5639,417.1,43.1,53.6,49.7
74030,74040,20.5667,418.3,43.1,53.6,50.2
74040,74050,20.5694,419.8,43.1,53.6,51.9
74050,74060,20.5722,422.2,43.1,53.6,52.3
74060,74070,20.5750,423.7,43.2,53.6,52
74070,74080,20.5778,425.2,43.2,53.6,51.6
74080,74090,20.5806,426.1,43.2,53.6,54.1
74090,74100,20.5833,427.8,43.2,53.6,53.4
74100,74110,20.5861,428.7,43.2,53.6,52.2
74110,74120,20.5889,429.6,43.2,53.6,52.6
74120,74130,20.5917,431.1,43.2,53.6,53.2
74130,74140,20.5944,432.9,43.3,53.6,51.7
74140,74150,20.5972,434.4,43.3,53.6,49.4
74150,74160,20.6000,435.3,43.3,53.6,49.9
74160,74170,20.6028,436.5,43.3,53.6,52.8
74170,74180,20.6056,438.0,43.3,53.6,52.4
74180,74190,20.6083,439.5,43.3,53.6,49.1
74190,74200,20.6111,440.7,43.3,53.6,48.4
74200,74210,20.6139,442.2,43.3,53.6,49.5
74210,74220,20.6167,444.0,43.3,53.6,49
74220,74230,20.6194,445.8,43.3,53.6,50.7
74230,74240,20.6222,447.0,43.4,53.6,49.7
74240,74250,20.6250,448.8,43.4,53.6,49.4
74250,74260,20.6278,451.2,43.4,53.6,49.5
74260,74270,20.6306,453.3,43.4,53.6,51.6
74270,74280,20.6333,454.5,43.4,53.6,51.1
74280,74290,20.6361,456.3,43.4,53.6,51.8
74290,74300,20.6389,458.7,43.4,53.6,51.8
74300,74310,20.6417,460.5,43.4,53.6,53.1
74310,74320,20.6444,461.7,43.4,53.6,51.6
74320,74330,20.6472,463.5,43.4,53.6,51.3
74330,74340,20.6500,465.3,43.5,53.6,51.5
74340,74350,20.6528,467.4,43.4,53.6,50.3
74350,74360,20.6556,468.6,43.4,53.6,51.2
74360,74370,20.6583,470.4,43.5,53.6,49.6
74370,74380,20.6611,472.8,43.5,53.6,49.5
74380,74390,20.6639,474.6,43.5,53.6,48.9
74390,74400,20.6667,476.7,43.5,53.6,49.3
74400,74410,20.6694,478.5,43.5,53.6,50.6
74410,74420,20.6722,480.9,43.5,53.6,49.8
74420,74430,20.6750,482.7,43.5,53.6,52.1
74430,74440,20.6778,484.2,43.5,53.6,51.6
74440,74450,20.6806,486.6,43.5,53.6,49.5
74450,74460,20.6833,489.3,43.5,53.6,49.8
74460,74470,20.6861,490.8,43.5,53.6,50.3
74470,74480,20.6889,492.0,43.5,53.6,48.7
74480,74490,20.6917,493.5,43.5,53.6,50.2
74490,74500,20.6944,495.6,43.5,53.6,49.2
74500,74510,20.6972,497.4,43.6,53.6,47
74510,74520,20.7000,498.6,43.6,53.6,43.8
74520,74530,20.7028,500.1,43.6,53.6,45.2
74530,74540,20.7056,502.2,43.6,53.6,44.2
74540,74550,20.7083,503.7,43.6,53.6,44.9
74550,74560,20.7111,504.9,43.6,53.6,46.5
74560,74570,20.7139,506.3,43.6,53.6,46.1
74570,74580,20.7167,508.4,43.6,53.6,47.7
74580,74590,20.7194,508.4,43.6,53.6,47.6
74590,74600,20.7222,508.1,43.6,53.6,47.9
74600,74610,20.7250,507.8,43.6,53.6,47.1
74610,74620,20.7278,509.0,43.6,53.6,47
74620,74630,20.7306,509.0,43.6,53.6,44.9
74630,74640,20.7333,508.7,43.6,53.6,47
74640,74650,20.7361,508.7,43.6,53.6,46.1
74650,74660,20.7389,509.3,43.6,53.6,45.5
74660,74670,20.7417,509.6,43.6,53.6,45.5
74670,74680,20.7444,509.3,43.6,53.6,44.9
74680,74690,20.7472,509.6,43.6,53.6,44.6
74690,74700,20.7500,509.9,43.6,53.6,46.3
74700,74710,20.7528,509.9,43.6,53.6,46.3
74710,74720,20.7556,509.6,43.6,53.6,46.6
74720,74730,20.7583,509.9,43.6,53.6,45.1
74730,74740,20.7611,510.5,43.6,53.6,47.7
74740,74750,20.7639,510.5,43.6,53.6,46.6
74750,74760,20.7667,509.9,43.6,53.6,45.4
74760,74770,20.7694,509.9,43.6,53.6,46.6
74770,74780,20.7722,510.5,43.6,53.6,45.4
74780,74790,20.7750,510.2,43.6,53.6,45.5
74790,74800,20.7778,509.6,43.6,53.6,45.7
74800,74810,20.7806,509.6,43.6,53.6,46.1
74810,74820,20.7833,509.3,43.6,53.6,45.5
74820,74830,20.7861,508.7,43.6,53.6,45.9
74830,74840,20.7889,507.8,43.6,53.6,47.4
74840,74850,20.7917,507.8,43.6,53.6,46.6
74850,74860,20.7944,509.0,43.6,53.6,47.3
74860,74870,20.7972,511.4,43.6,53.6,47.6
74870,74880,20.8000,513.2,43.6,53.6,46.6
74880,74890,20.8028,515.6,43.6,53.6,43.7
74890,74900,20.8056,518.6,43.6,53.6,45.6
74900,74910,20.8083,521.0,43.6,53.6,45.1
74910,74920,20.8111,521.9,43.6,53.6,42.3
74920,74930,20.8139,523.7,43.6,53.6,44.2
74930,74940,20.8167,525.8,43.6,53.6,45.3
74940,74950,20.8194,527.3,43.6,53.6,44
74950,74960,20.8222,528.8,43.6,53.6,45.3
74960,74970,20.8250,530.6,43.6,53.6,44.4
74970,74980,20.8278,533.0,43.6,53.6,45.1
74980,74990,20.8306,535.7,43.6,53.6,43.3
74990,75000,20.8333,537.8,43.6,53.6,43.9
75000,75010,20.8361,539.6,43.6,53.6,42.1
75010,75020,20.8389,542.3,43.6,53.6,43.8
75020,75030,20.8417,544.1,43.6,53.6,43.1
75030,75040,20.8444,545.3,43.6,53.6,42.2
75040,75050,20.8472,547.4,43.6,53.6,44.2
75050,75060,20.8500,549.5,43.6,53.6,42.2
75060,75070,20.8528,551.0,43.6,53.6,43.4
75070,75080,20.8556,552.8,43.6,53.6,42.7
75080,75090,20.8583,554.6,43.6,53.6,42.8
75090,75100,20.8611,557.3,43.6,53.6,41.9
75100,75110,20.8639,559.7,43.6,53.6,42.4
75110,75120,20.8667,561.8,43.6,53.6,44.1
75120,75130,20.8694,563.9,43.6,53.6,43.1
75130,75140,20.8722,566.9,43.6,53.6,42.9
75140,75150,20.8750,568.7,43.6,53.6,42.8
75150,75160,20.8778,570.2,43.6,53.6,43.2
75160,75170,20.8806,572.3,43.6,53.6,43.2
75170,75180,20.8833,574.7,43.5,53.6,42.6
75180,75190,20.8861,576.5,43.5,53.6,43.8
75190,75200,20.8889,578.6,43.5,53.6,43.4
75200,75210,20.8917,580.1,43.5,53.6,45
75210,75220,20.8944,582.1,43.5,53.6,44.9
75220,75230,20.8972,583.9,43.5,53.6,44
75230,75240,20.9000,585.4,43.5,53.6,44.1
75240,75250,20.9028,587.5,43.5,53.6,44.9
75250,75260,20.9056,589.9,43.5,53.6,45.1
75260,75270,20.9083,592.0,43.5,53.6,46.8
75270,75280,20.9111,593.2,43.5,53.6,46.5
75280,75290,20.9139,595.0,43.5,53.5,46.6
75290,75300,20.9167,597.7,43.5,53.6,46.6
75300,75310,20.9194,599.5,43.4,53.6,46
75310,75320,20.9222,601.0,43.4,53.5,46.6
75320,75330,20.9250,603.4,43.4,53.5,46.2
75330,75340,20.9278,606.1,43.4,53.6,46
75340,75350,20.9306,608.5,43.4,53.6,45
75350,75360,20.9333,610.0,43.4,53.6,45.9
75360,75370,20.9361,612.4,43.4,53.6,45.9
75370,75380,20.9389,614.5,43.4,53.5,44.8
75380,75390,20.9417,616.0,43.4,53.6,45.7
75390,75400,20.9444,617.8,43.4,53.6,46.2
75400,75410,20.9472,619.6,43.4,53.6,45.1
75410,75420,20.9500,622.0,43.4,53.6,46
75420,75430,20.9528,623.8,43.4,53.6,45.6
75430,75440,20.9556,625.6,43.3,53.6,45.4
75440,75450,20.9583,628.0,43.3,53.6,43.8
75450,75460,20.9611,630.1,43.3,53.6,43
75460,75470,20.9639,631.9,43.3,53.6,41.2
75470,75480,20.9667,632.8,43.3,53.6,40.7
75480,75490,20.9694,634.0,43.3,53.5,41
75490,75500,20.9722,636.7,43.3,53.6,40.9
75500,75510,20.9750,639.1,43.3,53.5,39.4
75510,75520,20.9778,640.6,43.3,53.6,36.9
75520,75530,20.9806,642.4,43.2,53.6,37.7
75530,75540,20.9833,645.1,43.2,53.5,36.5
75540,75550,20.9861,647.2,43.2,53.5,34.8
75550,75560,20.9889,649.6,43.2,53.6,34.9
75560,75570,20.9917,651.7,43.2,53.5,33.1
75570,75580,20.9944,653.8,43.2,53.5,31.4
75580,75590,20.9972,655.6,43.2,53.6,30.9
75590,75600,21.0000,656.5,43.1,53.6,29.9
75600,75610,21.0028,657.7,43.1,53.6,30.5
75610,75620,21.0056,660.6,43.1,53.5,30.4
75620,75630,21.0083,663.0,43.1,53.6,27.8
75630,75640,21.0111,664.8,43.1,53.5,28.2
75640,75650,21.0139,666.9,43.1,53.5,28.3
75650,75660,21.0167,669.3,43.1,53.5,27.3
75660,75670,21.0194,672.0,43.1,53.6,27
75670,75680,21.0222,673.2,43.0,53.5,28.3
75680,75690,21.0250,675.6,43.0,53.5,26.8
75690,75700,21.0278,678.9,43.0,53.5,26.2
75700,75710,21.0306,681.6,43.0,53.5,26.6
75710,75720,21.0333,683.7,43.0,53.5,26.9
75720,75730,21.0361,685.5,43.0,53.5,26.1
75730,75740,21.0389,688.2,42.9,53.5,26.5
75740,75750,21.0417,690.0,42.9,53.5,24.7
75750,75760,21.0444,691.8,42.9,53.5,25.4
75760,75770,21.0472,693.9,42.9,53.5,25
75770,75780,21.0500,696.3,42.9,53.5,24.3
75780,75790,21.0528,698.4,42.8,53.5,23.8
75790,75800,21.0556,699.6,42.8,53.5,23.6
75800,75810,21.0583,701.4,42.8,53.5,23
75810,75820,21.0611,704.4,42.8,53.5,22.9
75820,75830,21.0639,706.5,42.8,53.5,23.1
75830,75840,21.0667,707.7,42.7,53.5,22.7
75840,75850,21.0694,709.5,42.7,53.5,23.3
75850,75860,21.0722,712.2,42.7,53.5,22.5
75860,75870,21.0750,714.6,42.7,53.5,22.4
75870,75880,21.0778,715.8,42.7,53.5,21.6
75880,75890,21.0806,717.0,42.6,53.5,22.9
75890,75900,21.0833,719.1,42.6,53.5,22.6
75900,75910,21.0861,721.2,42.6,53.5,23.8
75910,75920,21.0889,722.4,42.6,53.5,23.6
75920,75930,21.0917,724.5,42.6,53.5,23.7
75930,75940,21.0944,726.9,42.5,53.5,23.4
75940,75950,21.0972,728.1,42.5,53.5,25.9
75950,75960,21.1000,729.9,42.5,53.5,25.8
75960,75970,21.1028,731.7,42.5,53.5,24.4
75970,75980,21.1056,734.1,42.4,53.5,26.1
75980,75990,21.1083,735.6,42.4,53.5,25.2
75990,76000,21.1111,737.1,42.4,53.5,26
76000,76010,21.1139,737.9,42.4,53.5,25.4
76010,76020,21.1167,739.7,42.3,53.5,24.2
76020,76030,21.1194,739.1,42.3,53.5,22.1
76030,76040,21.1222,738.5,42.3,53.5,21.6
76040,76050,21.1250,739.1,42.3,53.5,21.6
76050,76060,21.1278,740.3,42.3,53.5,22.8
76060,76070,21.1306,741.2,42.2,53.5,22.4
76070,76080,21.1333,741.8,42.2,53.5,22.4
76080,76090,21.1361,740.3,42.2,53.5,21.8
76090,76100,21.1389,740.0,42.2,53.5,21.8
