data/raw/Flight4/O3_POLAR6_201504081735_R0_L2_NETCARE.ict
37, 1001
Staebler, Ralf
Environment Canada
Thermo 49i ozone data
Polar 6 NETCARE
1, 1
2015, 4, 8, 2015, 9, 30
0
Start_UTC, seconds
6
1, 1, 1, 1, 1, 1
-9999, -9999, -999.9, -99.9, -99.9, -99.9
Stop_UTC, seconds
hr, decimal hours (UTC)
Press, cell pressure (Torr)
BenchT, instrument temperature (deg C)
LampT, ozone lamp temperature (deg C)
O3, ozone mixing ratio (ppbv)
1
Press, BenchT, LampT are included for diagnostics
16
PI_CONTACT_INFO: Address: 4905 Dufferin Street, Toronto, ON M3H 5T4; email: Ralf.Staebler@ec.gc.ca
PLATFORM: Polar 6 
LOCATION: Location data varies as seen in this file
INSTRUMENT_INFO: Thermo Scienfific ozone analyzer model 49i, S.N. 0606014771
UNCERTAINTY: 0.2 ppbv 
ULOD_FLAG: -7777
ULOD_VALUE: N/A
LLOD_FLAG: -8888
LLOD_VALUE: N/A
DM_CONTACT_INFO: Ralf Staebler; Environment Canada; Ralf.Staebler@ec.gc.ca
PROJECT_INFO: Polar 6 NETCARE Spring 2015 campaign
STIPULATIONS_ON_USE: If use of this data will lead to a publication, we ask that the PI be informed.
OTHER_COMMENTS: N/A
REVISION: R0
R0: First set of data.
Start_UTC,Stop_UTC,hr,Press,BenchT,LampT,O3
[from data line 1173]
76110,76120,21.1444,738.5,42.1,53.5,22.8
76120,76130,21.1472,738.8,42.0,53.5,22.8
76130,76140,21.1500,738.8,42.0,53.5,23.9
76140,76150,21.1528,739.7,42.0,53.5,23.2
76150,76160,21.1556,739.7,42.0,53.5,22.4
76160,76170,21.1583,739.4,42.0,53.5,22.4
76170,76180,21.1611,740.0,41.9,53.5,22.2
76180,76190,21.1639,738.8,41.9,53.5,23.3
76190,76200,21.1667,739.7,41.9,53.5,23.5
76200,76210,21.1694,740.3,41.8,53.5,22.3
76210,76220,21.1722,741.2,41.8,53.5,21.8
76220,76230,21.1750,740.0,41.8,53.5,23.2
76230,76240,21.1778,737.4,41.8,53.5,24.1
76240,76250,21.1806,735.3,41.7,53.5,27.2
76250,76260,21.1833,733.8,41.7,53.5,26
76260,76270,21.1861,732.0,41.7,53.5,25.5
76270,76280,21.1889,730.2,41.7,53.5,25.9
76280,76290,21.1917,729.6,41.6,53.5,23.7
76290,76300,21.1944,728.7,41.6,53.5,23.3
76300,76310,21.1972,727.5,41.6,53.5,24
76310,76320,21.2000,726.0,41.6,53.5,23.6
76320,76330,21.2028,724.2,41.6,53.5,23.1
76330,76340,21.2056,722.7,41.5,53.5,23.8
76340,76350,21.2083,720.9,41.5,53.5,23
76350,76360,21.2111,719.1,41.5,53.5,23
76360,76370,21.2139,717.3,41.4,53.5,23.6
76370,76380,21.2167,717.6,41.4,53.5,22.3
76380,76390,21.2194,718.2,41.4,53.5,23.3
76390,76400,21.2222,718.5,41.4,53.5,23.3
76400,76410,21.2250,719.4,41.4,53.5,22.8
76410,76420,21.2278,720.6,41.3,53.5,22.8
76420,76430,21.2306,721.2,41.3,53.5,22.6
76430,76440,21.2333,720.0,41.3,53.5,22.8
76440,76450,21.2361,719.4,41.3,53.5,22.8
76450,76460,21.2389,719.4,41.2,53.5,23
76460,76470,21.2417,719.4,41.2,53.5,23.4
76470,76480,21.2444,718.5,41.2,53.5,22.5
76480,76490,21.2472,718.5,41.2,53.5,22.5
76490,76500,21.2500,718.8,41.2,53.5,22.4
76500,76510,21.2528,719.1,41.1,53.5,22.8
76510,76520,21.2556,718.5,41.1,53.5,23
76520,76530,21.2583,717.9,41.1,53.5,23.1
76530,76540,21.2611,718.2,41.1,53.5,22.6
76540,76550,21.2639,717.9,41.0,53.5,23.2
76550,76560,21.2667,717.3,41.0,53.5,22.4
76560,76570,21.2694,717.3,41.0,53.5,22.7
76570,76580,21.2722,718.5,41.0,53.5,22.2
76580,76590,21.2750,718.8,41.0,53.5,22.9
76590,76600,21.2778,718.2,40.9,53.5,22
76600,76610,21.2806,717.9,40.9,53.5,22.7
76610,76620,21.2833,718.5,40.9,53.5,23.2
76620,76630,21.2861,718.2,40.9,53.5,22.6
76630,76640,21.2889,718.2,40.9,53.5,23.3
76640,76650,21.2917,718.2,40.8,53.5,23.9
76650,76660,21.2944,718.5,40.8,53.5,23.2
76660,76670,21.2972,718.8,40.8,53.5,24
76670,76680,21.3000,718.5,40.8,53.5,24.1
76680,76690,21.3028,718.8,40.7,53.5,23.6
76690,76700,21.3056,718.8,40.7,53.5,24.1
76700,76710,21.3083,719.1,40.7,53.5,23.2
76710,76720,21.3111,718.5,40.7,53.5,22.6
76720,76730,21.3139,718.8,40.7,53.5,23.3
76730,76740,21.3167,718.8,40.6,53.5,24.8
76740,76750,21.3194,718.8,40.6,53.5,23.3
76750,76760,21.3222,717.9,40.6,53.5,24.1
76760,76770,21.3250,718.5,40.6,53.5,23.8
76770,76780,21.3278,719.7,40.6,53.5,24.8
76780,76790,21.3306,720.3,40.6,53.5,24
76790,76800,21.3333,719.7,40.5,53.5,25.5
76800,76810,21.3361,720.0,40.5,53.5,24.4
76810,76820,21.3389,720.3,40.5,53.5,24.2
76820,76830,21.3417,721.2,40.5,53.5,24.2
76830,76840,21.3444,723.9,40.4,53.5,25.4
76840,76850,21.3472,725.4,40.4,53.5,23.8
76850,76860,21.3500,728.1,40.4,53.5,23.8
76860,76870,21.3528,731.7,40.4,53.5,23.4
76870,76880,21.3556,734.1,40.4,53.5,23.2
76880,76890,21.3583,736.8,40.3,53.5,22.8
76890,76900,21.3611,739.7,40.3,53.5,23.1
76900,76910,21.3639,741.5,40.3,53.5,23.1
76910,76920,21.3667,743.3,40.3,53.5,21.7
76920,76930,21.3694,745.1,40.3,53.5,20.4
76930,76940,21.3722,747.8,40.2,53.5,17.1
76940,76950,21.3750,749.3,40.2,53.5,3.99
76950,76960,21.3778,750.5,40.2,53.5,2.68
