data/raw/Flight4/O3_POLAR6_201504081735_R0_L2_NETCARE.ict
37, 1001
Staebler, Ralf
Environment Canada
Thermo 49i ozone data
Polar 6 NETCARE
1, 1
2015, 4, 8, 2015, 9, 30
0
Start_UTC, seconds
6
1, 1, 1, 1, 1, 1
-9999, -9999, -999.9, -99.9, -99.9, -99.9
Stop_UTC, seconds
hr, decimal hours (UTC)
Press, cell pressure (Torr)
BenchT, instrument temperature (deg C)
LampT, ozone lamp temperature (deg C)
O3, ozone mixing ratio (ppbv)
1
Press, BenchT, LampT are included for diagnostics
16
PI_CONTACT_INFO: Address: 4905 Dufferin Street, Toronto, ON M3H 5T4; email: Ralf.Staebler@ec.gc.ca
PLATFORM: Polar 6 
LOCATION: Location data varies as seen in this file
INSTRUMENT_INFO: Thermo Scienfific ozone analyzer model 49i, S.N. 0606014771
UNCERTAINTY: 0.2 ppbv 
ULOD_FLAG: -7777
ULOD_VALUE: N/A
LLOD_FLAG: -8888
LLOD_VALUE: N/A
DM_CONTACT_INFO: Ralf Staebler; Environment Canada; Ralf.Staebler@ec.gc.ca
PROJECT_INFO: Polar 6 NETCARE Spring 2015 campaign
STIPULATIONS_ON_USE: If use of this data will lead to a publication, we ask that the PI be informed.
OTHER_COMMENTS: N/A
REVISION: R0
R0: First set of data.
Start_UTC,Stop_UTC,hr,Press,BenchT,LampT,O3
[from data line 392]
68300,68310,18.9750,553.1,40.9,53.5,43.5
68310,68320,18.9778,554.6,40.9,53.5,44.5
68320,68330,18.9806,556.7,40.9,53.5,43.7
68330,68340,18.9833,558.8,40.9,53.5,42.3
68340,68350,18.9861,560.9,40.9,53.5,42.6
68350,68360,18.9889,562.7,40.9,53.5,43.1
68360,68370,18.9917,564.5,40.9,53.5,43.3
68370,68380,18.9944,567.2,40.9,53.5,44
68380,68390,18.9972,569.3,40.9,53.5,44.6
68390,68400,19.0000,570.5,40.9,53.5,45.3
68400,68410,19.0028,572.3,40.9,53.5,48.3
68410,68420,19.0056,574.4,40.9,53.5,48.9
68420,68430,19.0083,575.6,40.9,53.5,47
68430,68440,19.0111,576.8,40.9,53.5,48.1
68440,68450,19.0139,579.2,40.9,53.5,48.4
68450,68460,19.0167,581.9,40.9,53.5,48.7
68460,68470,19.0194,583.6,40.9,53.5,47.8
68470,68480,19.0222,584.8,40.9,53.5,47.2
68480,68490,19.0250,586.3,40.9,53.5,46.5
68490,68500,19.0278,588.4,40.9,53.5,46.7
68500,68510,19.0306,591.1,40.9,53.5,46.4
68510,68520,19.0333,593.2,40.9,53.5,46.5
68520,68530,19.0361,595.9,40.9,53.5,46.5
68530,68540,19.0389,598.9,40.8,53.5,46.4
68540,68550,19.0417,601.6,40.8,53.5,46.2
68550,68560,19.0444,603.7,40.8,53.5,45.4
68560,68570,19.0472,605.8,40.8,53.5,46.9
68570,68580,19.0500,608.5,40.8,53.5,47.6
68580,68590,19.0528,610.6,40.8,53.5,47.1
68590,68600,19.0556,612.4,40.8,53.5,47.7
68600,68610,19.0583,614.2,40.8,53.5,45.9
68610,68620,19.0611,616.6,40.8,53.5,45.5
68620,68630,19.0639,618.7,40.8,53.5,45
68630,68640,19.0667,620.2,40.8,53.5,43.7
68640,68650,19.0694,622.3,40.8,53.5,44.8
68650,68660,19.0722,625.0,40.8,53.5,41.9
68660,68670,19.0750,627.4,40.8,53.5,35.7
68670,68680,19.0778,628.9,40.8,53.5,35
68680,68690,19.0806,631.0,40.8,53.5,34.7
68690,68700,19.0833,633.4,40.8,53.5,35.1
68700,68710,19.0861,635.8,40.8,53.5,35.4
68710,68720,19.0889,637.0,40.8,53.5,35.2
68720,68730,19.0917,639.1,40.7,53.5,34.5
68730,68740,19.0944,641.5,40.7,53.5,33.7
68740,68750,19.0972,643.9,40.7,53.5,32.6
68750,68760,19.1000,645.1,40.7,53.5,32.6
68760,68770,19.1028,647.2,40.7,53.5,30.8
68770,68780,19.1056,649.3,40.7,53.5,26.9
68780,68790,19.1083,650.8,40.7,53.5,23.5
68790,68800,19.1111,652.6,40.7,53.5,23.4
68800,68810,19.1139,654.4,40.7,53.5,20.9
68810,68820,19.1167,656.5,40.7,53.5,21.2
68820,68830,19.1194,658.9,40.7,53.5,21.4
68830,68840,19.1222,660.0,40.7,53.5,21.5
68840,68850,19.1250,661.8,40.7,53.5,18.7
68850,68860,19.1278,663.9,40.7,53.5,18.9
68860,68870,19.1306,665.1,40.7,53.5,17.3
68870,68880,19.1333,666.0,40.7,53.5,16.7
68880,68890,19.1361,667.5,40.6,53.5,13.5
68890,68900,19.1389,669.6,40.6,53.5,13.1
68900,68910,19.1417,671.7,40.6,53.5,11.2
68910,68920,19.1444,674.7,40.6,53.5,8.72
68920,68930,19.1472,676.8,40.6,53.5,6.87
68930,68940,19.1500,678.9,40.6,53.5,6.24
68940,68950,19.1528,680.7,40.6,53.5,6.11
68950,68960,19.1556,682.2,40.6,53.5,6.7
68960,68970,19.1583,684.0,40.6,53.5,6.59
68970,68980,19.1611,685.5,40.6,53.5,6.58
68980,68990,19.1639,688.5,40.6,53.5,6.76
68990,69000,19.1667,689.7,40.5,53.5,6.79
69000,69010,19.1694,691.8,40.5,53.5,6.66
69010,69020,19.1722,694.8,40.5,53.5,7.04
69020,69030,19.1750,696.9,40.5,53.5,7.57
69030,69040,19.1778,698.7,40.5,53.5,7.54
69040,69050,19.1806,701.4,40.5,53.5,7.37
69050,69060,19.1833,705.3,40.5,53.5,7.55
69060,69070,19.1861,707.1,40.4,53.5,7.26
69070,69080,19.1889,709.2,40.4,53.5,4.69
69080,69090,19.1917,711.3,40.4,53.5,4.12
69090,69100,19.1944,714.0,40.4,53.5,4.37
69100,69110,19.1972,716.1,40.4,53.5,3.42
69110,69120,19.2000,717.9,40.4,53.5,3.76
69120,69130,19.2028,721.5,40.3,53.5,3.63
69130,69140,19.2056,724.5,40.3,53.5,3
69140,69150,19.2083,727.8,40.3,53.5,3.39
69150,69160,19.2111,729.9,40.3,53.5,2.92
69160,69170,19.2139,732.6,40.3,53.5,1.34
69170,69180,19.2167,735.9,40.3,53.4,0.414
69180,69190,19.2194,738.8,40.3,53.5,1.02
69190,69200,19.2222,738.2,40.2,53.5,-0.347
69200,69210,19.2250,738.2,40.2,53.5,0.119
69210,69220,19.2278,738.2,40.2,53.4,0.151
69220,69230,19.2306,737.9,40.2,53.4,-0.0131
69230,69240,19.2333,737.9,40.2,53.5,0.63
69240,69250,19.2361,738.2,40.1,53.5,0.346
69250,69260,19.2389,739.4,40.1,53.5,-0.048
69260,69270,19.2417,739.1,40.1,53.4,0.608
69270,69280,19.2444,739.4,40.1,53.5,1.21
69280,69290,19.2472,740.0,40.1,53.5,-0.0959
69290,69300,19.2500,740.9,40.0,53.5,-0.0349
69300,69310,19.2528,741.2,40.0,53.5,0.00543
69310,69320,19.2556,740.3,40.0,53.4,-0.00765
69320,69330,19.2583,739.7,40.0,53.5,0.567
69330,69340,19.2611,740.0,40.0,53.4,-0.202
69340,69350,19.2639,739.7,39.9,53.5,0.622
69350,69360,19.2667,738.5,39.9,53.5,-0.395
69360,69370,19.2694,738.2,39.9,53.5,0.564
69370,69380,19.2722,738.8,39.9,53.4,0.916
69380,69390,19.2750,738.2,39.9,53.4,0.521
69390,69400,19.2778,737.9,39.8,53.4,0.385
69400,69410,19.2806,737.9,39.8,53.4,0.971
69410,69420,19.2833,738.2,39.8,53.4,1.03
69420,69430,19.2861,738.5,39.8,53.4,0.129
69430,69440,19.2889,737.9,39.7,53.4,0.779
69440,69450,19.2917,738.5,39.7,53.4,0.742
69450,69460,19.2944,739.4,39.7,53.4,0.277
69460,69470,19.2972,739.4,39.7,53.5,-0.606
69470,69480,19.3000,739.7,39.7,53.4,0.263
69480,69490,19.3028,740.3,39.6,53.4,0.862
69490,69500,19.3056,740.3,39.6,53.4,0.366
69500,69510,19.3083,740.0,39.6,53.4,0.812
69510,69520,19.3111,738.8,39.6,53.4,0.38
69520,69530,19.3139,738.2,39.6,53.5,1.36
69530,69540,19.3167,738.5,39.5,53.4,0.156
69540,69550,19.3194,738.8,39.5,53.4,0.175
69550,69560,19.3222,738.2,39.5,53.4,0.578
69560,69570,19.3250,737.4,39.4,53.4,0.386
69570,69580,19.3278,738.5,39.4,53.4,1.11
69580,69590,19.3306,737.6,39.4,53.4,0.536
69590,69600,19.3333,737.6,39.4,53.4,0.614
69600,69610,19.3361,737.6,39.4,53.4,0.976
69610,69620,19.3389,738.5,39.3,53.4,0.835
69620,69630,19.3417,739.4,39.3,53.4,0.35
69630,69640,19.3444,739.1,39.3,53.4,0.409
69640,69650,19.3472,739.4,39.3,53.4,0.144
69650,69660,19.3500,740.0,39.2,53.4,0.921
69660,69670,19.3528,740.3,39.2,53.4,1.17
69670,69680,19.3556,740.6,39.2,53.4,0.567
69680,69690,19.3583,740.6,39.2,53.4,1.54
69690,69700,19.3611,741.5,39.1,53.4,0.346
69700,69710,19.3639,741.8,39.1,53.5,0.342
69710,69720,19.3667,740.9,39.1,53.4,0.761
69720,69730,19.3694,740.9,39.1,53.4,0.962
69730,69740,19.3722,740.9,39.1,53.4,0.332
69740,69750,19.3750,740.3,39.0,53.4,0.346
69750,69760,19.3778,739.1,39.0,53.4,0.605
69760,69770,19.3806,739.4,39.0,53.4,0.39
69770,69780,19.3833,739.7,38.9,53.4,0.706
69780,69790,19.3861,739.7,38.9,53.4,0.163
69790,69800,19.3889,739.1,38.9,53.4,0.00325
69800,69810,19.3917,739.1,38.9,53.4,1.19
69810,69820,19.3944,738.8,38.9,53.4,0.727
69820,69830,19.3972,736.8,38.8,53.4,1.17
69830,69840,19.4000,734.4,38.8,53.4,1.17
69840,69850,19.4028,731.4,38.8,53.4,1.37
69850,69860,19.4056,730.2,38.8,53.4,2.65
69860,69870,19.4083,728.4,38.8,53.4,3.37
69870,69880,19.4111,726.9,38.7,53.4,2.1
69880,69890,19.4139,726.0,38.7,53.4,3.02
69890,69900,19.4167,724.8,38.7,53.4,3.06
69900,69910,19.4194,723.9,38.6,53.4,3.25
69910,69920,19.4222,721.8,38.6,53.4,3.97
69920,69930,19.4250,719.4,38.6,53.4,2.4
69930,69940,19.4278,717.9,38.6,53.4,3.74
69940,69950,19.4306,716.1,38.6,53.4,4.34
69950,69960,19.4333,714.6,38.5,53.4,3.76
69960,69970,19.4361,713.1,38.5,53.4,4.13
69970,69980,19.4389,712.5,38.5,53.4,4.4
69980,69990,19.4417,711.0,38.5,53.4,3.97
69990,70000,19.4444,709.5,38.4,53.4,3.8
70000,70010,19.4472,708.3,38.4,53.4,3.76
70010,70020,19.4500,706.5,38.4,53.4,4.22
70020,70030,19.4528,705.3,38.4,53.4,4.24
70030,70040,19.4556,702.6,38.3,53.4,3.8
70040,70050,19.4583,699.6,38.3,53.4,2.97
70050,70060,19.4611,697.5,38.3,53.4,3.48
70060,70070,19.4639,695.4,38.3,53.4,4.77
70070,70080,19.4667,693.3,38.2,53.4,3.91
70080,70090,19.4694,692.4,38.2,53.4,3.88
70090,70100,19.4722,692.4,38.2,53.4,4.37
70100,70110,19.4750,690.9,38.2,53.4,3.73
70110,70120,19.4778,688.2,38.1,53.4,3.47
70120,70130,19.4806,686.7,38.1,53.4,4.58
70130,70140,19.4833,685.8,38.1,53.4,4.17
70140,70150,19.4861,684.3,38.1,53.4,5.29
70150,70160,19.4889,681.6,38.1,53.4,5.11
70160,70170,19.4917,678.9,38.0,53.4,6.22
70170,70180,19.4944,675.9,38.0,53.4,5.61
70180,70190,19.4972,674.4,38.0,53.4,5.81
70190,70200,19.5000,672.9,38.0,53.4,5.18
70200,70210,19.5028,672.0,37.9,53.4,5.83
70210,70220,19.5056,670.5,37.9,53.4,6.1
70220,70230,19.5083,668.4,37.9,53.4,7.25
70230,70240,19.5111,665.1,37.9,53.4,10.4
70240,70250,19.5139,662.7,37.8,53.4,14
70250,70260,19.5167,660.9,37.8,53.4,17.8
70260,70270,19.5194,660.3,37.8,53.4,22.1
70270,70280,19.5222,660.3,37.8,53.4,21.7
70280,70290,19.5250,660.6,37.8,53.4,21.3
70290,70300,19.5278,660.6,37.7,53.4,20.2
70300,70310,19.5306,660.3,37.7,53.4,23.3
70310,70320,19.5333,659.8,37.7,53.4,23
70320,70330,19.5361,659.5,37.7,53.4,23.3
70330,70340,19.5389,659.8,37.7,53.4,23.1
70340,70350,19.5417,659.8,37.7,53.4,23
70350,70360,19.5444,659.8,37.6,53.4,22.9
70360,70370,19.5472,659.8,37.6,53.4,23.2
70370,70380,19.5500,660.6,37.6,53.4,22.1
70380,70390,19.5528,660.6,37.6,53.4,23
70390,70400,19.5556,660.0,37.5,53.4,22.3
70400,70410,19.5583,660.6,37.5,53.4,21.9
70410,70420,19.5611,661.2,37.5,53.4,21
70420,70430,19.5639,660.9,37.5,53.4,19.8
70430,70440,19.5667,660.6,37.5,53.4,21
70440,70450,19.5694,660.6,37.5,53.4,19.6
70450,70460,19.5722,660.3,37.5,53.4,19
70460,70470,19.5750,658.3,37.4,53.4,21.7
70470,70480,19.5778,656.5,37.4,53.4,21.9
70480,70490,19.5806,654.7,37.4,53.4,23.7
70490,70500,19.5833,653.2,37.4,53.4,23.8
70500,70510,19.5861,651.4,37.4,53.4,22.9
70510,70520,19.5889,649.0,37.4,53.4,23.6
70520,70530,19.5917,646.6,37.4,53.4,24.2
70530,70540,19.5944,644.8,37.3,53.4,26.8
70540,70550,19.5972,642.7,37.3,53.4,34.5
70550,70560,19.6000,640.0,37.3,53.4,35
70560,70570,19.6028,637.6,37.3,53.4,36.2
70570,70580,19.6056,636.1,37.3,53.4,36.2
70580,70590,19.6083,634.0,37.3,53.4,36.6
70590,70600,19.6111,632.5,37.3,53.4,37.3
70600,70610,19.6139,630.7,37.3,53.4,37.8
70610,70620,19.6167,628.6,37.3,53.4,38.1
70620,70630,19.6194,626.2,37.2,53.4,39.1
70630,70640,19.6222,623.8,37.2,53.4,41.7
70640,70650,19.6250,621.4,37.2,53.4,45.5
70650,70660,19.6278,619.6,37.2,53.4,46.2
70660,70670,19.6306,617.2,37.2,53.4,45.5
70670,70680,19.6333,614.5,37.2,53.5,45.9
70680,70690,19.6361,612.7,37.2,53.4,46.6
70690,70700,19.6389,612.1,37.2,53.4,46.6
70700,70710,19.6417,610.9,37.2,53.4,46.5
70710,70720,19.6444,608.5,37.2,53.4,46.1
70720,70730,19.6472,607.0,37.2,53.4,45.1
70730,70740,19.6500,606.1,37.2,53.4,45.2
70740,70750,19.6528,605.2,37.2,53.4,45.9
70750,70760,19.6556,603.1,37.2,53.4,45.4
70760,70770,19.6583,601.6,37.2,53.4,46.7
70770,70780,19.6611,599.8,37.2,53.4,46.4
70780,70790,19.6639,598.3,37.2,53.4,47.6
70790,70800,19.6667,596.2,37.2,53.4,46
70800,70810,19.6694,594.7,37.2,53.4,46.7
70810,70820,19.6722,593.2,37.2,53.4,48.2
70820,70830,19.6750,591.4,37.2,53.4,47
70830,70840,19.6778,589.3,37.2,53.4,48.1
70840,70850,19.6806,587.5,37.2,53.5,46.9
70850,70860,19.6833,586.6,37.2,53.4,46.9
70860,70870,19.6861,584.8,37.2,53.4,47.1
70870,70880,19.6889,582.5,37.2,53.4,46.7
70880,70890,19.6917,580.7,37.2,53.4,47.7
70890,70900,19.6944,579.5,37.2,53.5,46.9
70900,70910,19.6972,578.0,37.2,53.5,47.6
70910,70920,19.7000,576.2,37.2,53.4,49.2
70920,70930,19.7028,574.7,37.2,53.4,47.8
70930,70940,19.7056,573.2,37.2,53.5,47.1
70940,70950,19.7083,571.1,37.2,53.5,49
70950,70960,19.7111,569.0,37.2,53.5,46.9
70960,70970,19.7139,567.8,37.2,53.5,45.9
70970,70980,19.7167,566.3,37.2,53.5,44.2
70980,70990,19.7194,564.8,37.2,53.4,43
70990,71000,19.7222,562.1,37.2,53.4,44.2
71000,71010,19.7250,560.6,37.2,53.4,44.1
71010,71020,19.7278,559.4,37.2,53.5,42.6
71020,71030,19.7306,557.6,37.2,53.4,43.8
71030,71040,19.7333,555.5,37.2,53.5,42.8
71040,71050,19.7361,554.0,37.2,53.5,42.6
71050,71060,19.7389,552.8,37.2,53.4,43.2
71060,71070,19.7417,550.7,37.3,53.4,44
71070,71080,19.7444,548.3,37.3,53.4,44
71080,71090,19.7472,545.9,37.3,53.5,43.2
71090,71100,19.7500,544.7,37.3,53.5,44.1
71100,71110,19.7528,542.9,37.3,53.5,42.6
71110,71120,19.7556,540.8,37.3,53.5,43.2
71120,71130,19.7583,539.0,37.3,53.5,43.4
71130,71140,19.7611,537.5,37.3,53.5,43.3
71140,71150,19.7639,536.3,37.4,53.5,43.6
71150,71160,19.7667,534.5,37.4,53.5,44.8
71160,71170,19.7694,533.0,37.4,53.5,45.5
71170,71180,19.7722,531.2,37.4,53.5,46.3
71180,71190,19.7750,529.7,37.4,53.4,45.6
71190,71200,19.7778,528.2,37.4,53.5,47.1
71200,71210,19.7806,526.4,37.4,53.5,45.9
71210,71220,19.7833,525.5,37.4,53.5,44
71220,71230,19.7861,524.0,37.4,53.5,43.3
71230,71240,19.7889,521.9,37.4,53.5,45
71240,71250,19.7917,520.4,37.5,53.5,46.8
71250,71260,19.7944,518.9,37.5,53.5,46.6
71260,71270,19.7972,517.4,37.5,53.5,45.9
71270,71280,19.8000,516.2,37.5,53.5,45.8
71280,71290,19.8028,515.6,37.5,53.5,45.8
71290,71300,19.8056,514.7,37.5,53.5,49.6
71300,71310,19.8083,512.9,37.5,53.5,48.8
71310,71320,19.8111,510.8,37.6,53.5,47.4
71320,71330,19.8139,509.3,37.6,53.5,47.8
71330,71340,19.8167,508.4,37.6,53.5,50.5
71340,71350,19.8194,507.2,37.6,53.5,50.7
71350,71360,19.8222,507.5,37.6,53.5,51.5
71360,71370,19.8250,507.5,37.7,53.5,51.4
71370,71380,19.8278,508.1,37.7,53.5,51.6
71380,71390,19.8306,508.4,37.7,53.5,51.2
71390,71400,19.8333,508.1,37.7,53.5,50.1
71400,71410,19.8361,508.4,37.7,53.5,50.7
71410,71420,19.8389,509.0,37.7,53.5,48.7
71420,71430,19.8417,509.3,37.8,53.5,48.6
71430,71440,19.8444,509.0,37.8,53.5,49.1
71440,71450,19.8472,509.3,37.8,53.5,50.6
71450,71460,19.8500,509.9,37.8,53.5,50
71460,71470,19.8528,509.6,37.8,53.5,50.5
71470,71480,19.8556,509.0,37.8,53.5,49.4
71480,71490,19.8583,509.0,37.9,53.5,51.1
71490,71500,19.8611,509.0,37.9,53.5,50.4
71500,71510,19.8639,508.4,37.9,53.5,49.2
71510,71520,19.8667,507.8,37.9,53.5,50.3
71520,71530,19.8694,507.8,38.0,53.5,50.2
71530,71540,19.8722,508.1,38.0,53.5,49
71540,71550,19.8750,507.5,38.0,53.5,49.9
71550,71560,19.8778,506.9,38.0,53.5,48.7
71560,71570,19.8806,507.2,38.1,53.5,48.4
71570,71580,19.8833,507.2,38.1,53.5,49.1
71580,71590,19.8861,507.8,38.1,53.5,48.1
71590,71600,19.8889,507.2,38.1,53.5,49.3
71600,71610,19.8917,507.2,38.1,53.5,49.8
71610,71620,19.8944,507.2,38.1,53.5,47.1
71620,71630,19.8972,506.9,38.2,53.5,47.9
71630,71640,19.9000,506.6,38.2,53.5,48.5
71640,71650,19.9028,506.9,38.2,53.5,49.5
71650,71660,19.9056,507.5,38.3,53.5,49.3
71660,71670,19.9083,507.8,38.3,53.5,50
71670,71680,19.9111,507.5,38.3,53.5,47.9
71680,71690,19.9139,507.8,38.3,53.5,48.2
71690,71700,19.9167,508.1,38.3,53.5,49.3
71700,71710,19.9194,508.1,38.4,53.5,49
71710,71720,19.9222,507.8,38.4,53.5,49.2
71720,71730,19.9250,508.1,38.4,53.5,48.9
71730,71740,19.9278,507.8,38.4,53.5,50
71740,71750,19.9306,507.5,38.5,53.5,48.7
71750,71760,19.9333,506.0,38.5,53.5,48.9
71760,71770,19.9361,504.2,38.5,53.5,48.3
71770,71780,19.9389,502.8,38.5,53.5,50.8
71780,71790,19.9417,501.0,38.6,53.5,50.6
71790,71800,19.9444,498.9,38.6,53.5,50.5
71800,71810,19.9472,497.4,38.6,53.5,51.3
71810,71820,19.9500,496.2,38.6,53.5,50.6
71820,71830,19.9528,495.3,38.6,53.5,49.4
71830,71840,19.9556,493.2,38.7,53.5,51
71840,71850,19.9583,491.4,38.7,53.5,51.8
71850,71860,19.9611,490.8,38.7,53.5,52.4
71860,71870,19.9639,489.3,38.7,53.5,53.1
71870,71880,19.9667,487.8,38.8,53.5,53.2
71880,71890,19.9694,486.9,38.8,53.5,52.8
71890,71900,19.9722,484.5,38.8,53.5,53.9
71900,71910,19.9750,483.0,38.8,53.5,53.5
71910,71920,19.9778,480.3,38.8,53.5,53.6
71920,71930,19.9806,479.1,38.9,53.5,53.1
71930,71940,19.9833,477.6,38.9,53.5,52
71940,71950,19.9861,475.8,38.9,53.5,52.5
71950,71960,19.9889,474.0,38.9,53.5,53.2
71960,71970,19.9917,472.2,39.0,53.6,54.2
71970,71980,19.9944,471.3,39.0,53.6,50.6
71980,71990,19.9972,469.5,39.0,53.5,51.3
71990,72000,20.0000,467.1,39.0,53.5,52.6
72000,72010,20.0028,465.6,39.0,53.6,52.1
72010,72020,20.0056,463.8,39.1,53.6,51.9
72020,72030,20.0083,462.0,39.1,53.5,52.1
72030,72040,20.0111,459.9,39.1,53.5,52
72040,72050,20.0139,458.1,39.1,53.4,54.6
72050,72060,20.0167,456.9,39.2,53.5,53.4
72060,72070,20.0194,455.4,39.2,53.6,51.2
72070,72080,20.0222,453.3,39.2,53.5,53.7
72080,72090,20.0250,451.5,39.2,53.6,54
72090,72100,20.0278,450.3,39.2,53.6,52.6
72100,72110,20.0306,448.8,39.3,53.6,53.4
72110,72120,20.0333,446.4,39.3,53.5,53.1
72120,72130,20.0361,444.6,39.3,53.5,55
72130,72140,20.0389,443.4,39.3,53.5,55.5
72140,72150,20.0417,441.3,39.4,53.5,54.9
72150,72160,20.0444,439.2,39.4,53.6,54.5
72160,72170,20.0472,438.0,39.4,53.5,56
72170,72180,20.0500,436.2,39.4,53.5,56.8
72180,72190,20.0528,434.1,39.4,53.5,56.9
