data/raw/Flight4/SP2_Polar6_20150408_R2_L2.ict
38, 1001
Herber, Andreas; Schulz, Hannes
Alfred Wegener Institute (AWI), Bremerhaven, Germany
rBC mass concentration from SP2 (single particle soot photometer), combined high and low gain channel, size range 75 to 700 nm
NETCARE Polar 6 Campaign 2015
1, 1
2015,04,08, 2017, 09, 07
1
Time_UTC, seconds
4
1, 1, 1, 1, 1
-9999, -9999, -9999, -9999, -9999
BC_mass_concVOL, ug/m3
BC_numb_concVOL, 1/vccm
BC_mass_concSTP, ug/m3STP
BC_numb_concSTP, 1/sccm
0
20
PI_CONTACT_INFO: Address: AWI, Am Handelshafen 12, D-27570 Bremerhaven, email: andreas.herber@awi.de; hannes.schulz@awi.de
PLATFORM: Polar 6
LOCATION: GPS location and altitude available at 1 Hz resolution in separate file
ASSOCIATED_DATA: N/A
INSTRUMENT_INFO: Refractory black carbon aerosol measurements based on laser induced incandescence
DATA_INFO: Units are ug/m3 (volumetric) or ug/m3 STP (NIST standard NTP 20C, 1013.25 hPa; corrected with chamber temperature and pressure)
UNCERTAINTY: +/- 10%, typical intra-model variability of SP2 derived BC mass concentration [Laborde et al., 2012]
ULOD_FLAG: -7777
ULOD_VALUE: N/A
LLOD_FLAG: not masked
LLOD_VALUE: zero ug/m3 (e.g. no particle or particles <0.3 fg per single particle detection)
DM_CONTACT_INFO: Hannes Schulz, see above
PROJECT_INFO: NETCARE Polar 6 aircraft campaign in April 2015
STIPULATIONS_ON_USE: Preliminary data! Use of these data requires prior approval from PI
OTHER_COMMENTS: N/A
REVISION: R2
R2: Preliminary data; calibration: Fullerene Soot, DLR lab 2015/01/20; bad data and zero filter masked as -9999
R1: Preliminary data, updated header information, corrected mass concentration
R0: Preliminary data, initial release
Time_UTC, BC_mass_concVOL, BC_numb_concVOL, BC_mass_concSTP, BC_numb_concSTP
[from data line 10392]
74776, 0.040883, 13.874650, 0.061404, 20.839041
74777, 0.046699, 20.960142, 0.070119, 31.471830
74778, 0.028495, 14.670877, 0.042835, 22.054244
74779, 0.050445, 18.744690, 0.075841, 28.181499
74780, 0.066767, 18.368769, 0.100364, 27.611924
74781, 0.058057, 20.660744, 0.087283, 31.061529
74782, 0.039826, 13.407369, 0.059847, 20.147398
74783, 0.053957, 16.825012, 0.081098, 25.287957
74784, 0.041985, 13.004249, 0.063169, 19.565552
74785, 0.036071, 17.698015, 0.054252, 26.618586
74786, 0.036193, 20.816776, 0.054425, 31.302710
74787, 0.083203, 17.403461, 0.125216, 26.191265
74788, 0.035386, 11.349378, 0.053296, 17.093735
74789, 0.079065, 18.341915, 0.119086, 27.626349
74790, 0.038633, 10.712020, 0.058164, 16.127489
74791, 0.042013, 21.208378, 0.063372, 31.990644
74792, 0.044009, 18.071571, 0.066139, 27.158894
74793, 0.054861, 17.411020, 0.082697, 26.244982
74794, 0.059128, 16.034166, 0.089159, 24.178041
74795, 0.066916, 18.485268, 0.100858, 27.861636
74796, 0.086789, 28.113091, 0.130733, 42.347556
74797, 0.116317, 21.935596, 0.175192, 33.038454
74798, 0.041134, 16.794189, 0.061811, 25.236231
74799, 0.051241, 18.821922, 0.077158, 28.342136
74800, 0.029503, 14.812374, 0.044423, 22.303317
74801, 0.050512, 23.148516, 0.075985, 34.822532
74802, 0.024544, 11.662769, 0.036980, 17.571688
74803, 0.052709, 17.490789, 0.079383, 26.342431
74804, 0.046034, 20.566580, 0.069277, 30.950980
74805, 0.051360, 19.838549, 0.077268, 29.845857
74806, 0.038661, 21.710161, 0.058187, 32.674726
74807, 0.052992, 22.494169, 0.079772, 33.861791
74808, 0.064217, 23.208824, 0.096673, 34.939166
74809, 0.056526, 17.736881, 0.085055, 26.688807
74810, 0.041655, 15.406081, 0.062687, 23.184861
74811, 0.051783, 21.964840, 0.077929, 33.055244
74812, 0.030108, 11.515410, 0.045280, 17.318375
74813, 0.036702, 14.739568, 0.055204, 22.170353
74814, 0.045071, 16.080448, 0.067748, 24.171149
74815, 0.061132, 21.303358, 0.091865, 32.013172
74816, 0.039015, 19.484383, 0.058607, 29.268958
74817, 0.048471, 19.909575, 0.072558, 29.803493
74818, 0.075690, 19.400814, 0.113666, 29.134743
74819, 0.057967, 21.815260, 0.087018, 32.748225
74820, 0.074037, 24.456423, 0.111004, 36.667484
74821, 0.053140, 17.441914, 0.079669, 26.149612
74822, 0.117116, 23.661451, 0.175738, 35.505115
74823, 0.048046, 18.018707, 0.072040, 27.017192
74824, 0.032882, 15.505082, 0.049283, 23.239159
74825, 0.033265, 15.462662, 0.049915, 23.202448
74826, 0.047350, 16.924242, 0.070997, 25.376404
74827, 0.080350, 23.424192, 0.120445, 35.112829
74828, 0.057851, 18.069532, 0.086715, 27.085084
74829, 0.047274, 17.587408, 0.070862, 26.363291
74830, 0.030971, 18.717125, 0.046449, 28.070847
74831, 0.041476, 17.245420, 0.062223, 25.872118
74832, 0.069330, 21.583563, 0.103990, 32.373555
74833, 0.093310, 21.466837, 0.140066, 32.223476
74834, 0.072757, 25.075155, 0.109210, 37.638378
74835, 0.047503, 22.480677, 0.071294, 33.739741
74836, 0.084207, 22.826235, 0.126462, 34.280291
74837, 0.052376, 17.161585, 0.078656, 25.772368
74838, 0.048959, 21.027632, 0.073503, 31.568864
74839, 0.055208, 13.974515, 0.082882, 20.979306
74840, 0.059352, 22.422844, 0.089172, 33.688737
74841, 0.073197, 23.872698, 0.109881, 35.836772
74842, 0.077390, 22.678488, 0.115888, 33.959757
74843, 0.052387, 17.704679, 0.078655, 26.582333
74844, 0.069753, 19.389790, 0.104742, 29.116092
74845, 0.046767, 14.945415, 0.070225, 22.442110
74846, 0.052792, 21.623381, 0.079250, 32.460890
74847, 0.052292, 18.699596, 0.078484, 28.066072
74848, 0.056754, 19.220442, 0.085019, 28.792707
74849, 0.079036, 23.790146, 0.118259, 35.596339
74850, 0.098404, 23.568573, 0.147694, 35.373954
74851, 0.140447, 25.189960, 0.210550, 37.763320
74852, 0.074727, 19.832512, 0.112060, 29.740854
74853, 0.092137, 21.526270, 0.137808, 32.196483
74854, 0.079122, 23.948589, 0.118595, 35.895963
74855, 0.046583, 18.454540, 0.069815, 27.658113
74856, 0.067726, 24.354517, 0.101551, 36.518161
74857, 0.045129, 18.786564, 0.067595, 28.138603
74858, 0.061375, 20.221205, 0.091927, 30.287415
74859, 0.069407, 18.606590, 0.104027, 27.887454
74860, 0.052955, 20.138357, 0.079331, 30.168754
74861, 0.063073, 14.980416, 0.094497, 22.443885
74862, 0.050569, 14.037741, 0.075789, 21.038793
74863, 0.040586, 21.553860, 0.060794, 32.285901
74864, 0.029591, 15.963545, 0.044292, 23.894410
74865, 0.074575, 16.565001, 0.111757, 24.823910
74866, 0.042838, 18.036732, 0.064186, 27.024849
74867, 0.044759, 15.328633, 0.067024, 22.953730
74868, 0.050080, 17.827198, 0.075023, 26.706428
74869, 0.043644, 19.279356, 0.065398, 28.889159
74870, 0.062387, 15.492976, 0.093441, 23.204725
74871, 0.031771, 17.110107, 0.047590, 25.629191
74872, 0.048921, 15.444454, 0.073240, 23.122044
74873, 0.041432, 15.631780, 0.061976, 23.383108
74874, 0.032290, 13.525251, 0.048273, 20.220159
74875, 0.082677, 19.675478, 0.123595, 29.413216
74876, 0.062752, 23.069891, 0.093765, 34.471286
74877, 0.035540, 16.191187, 0.053074, 24.178856
74878, 0.052008, 18.143412, 0.077689, 27.102459
74879, 0.050941, 19.744747, 0.076111, 29.500646
74880, 0.069069, 19.035118, 0.103145, 28.426395
74881, 0.060468, 16.507139, 0.089970, 24.560717
74882, 0.042368, 16.779789, 0.063216, 25.036592
74883, 0.047226, 19.367697, 0.070464, 28.897644
74884, 0.043388, 20.607176, 0.064724, 30.740894
74885, 0.046332, 16.923319, 0.069039, 25.217263
74886, 0.039763, 19.980291, 0.059254, 29.774277
74887, 0.149830, 29.530262, 0.223069, 43.965022
74888, 0.034165, 15.670202, 0.050894, 23.342928
74889, 0.073175, 24.307306, 0.108960, 36.194350
74890, 0.074285, 16.517632, 0.110542, 24.579679
74891, 0.051742, 18.117073, 0.077005, 26.962815
74892, 0.053520, 23.344587, 0.079681, 34.755712
74893, 0.063799, 20.220955, 0.094872, 30.069541
74894, 0.057435, 20.324911, 0.085448, 30.237925
74895, 0.055996, 19.018906, 0.083209, 28.261647
74896, 0.047218, 24.920389, 0.070151, 37.024052
74897, 0.053099, 24.550522, 0.078885, 36.473131
74898, 0.056566, 18.730438, 0.084046, 27.830052
74899, 0.064200, 17.777632, 0.095380, 26.411948
74900, 0.082443, 22.899424, 0.122397, 33.997226
74901, 0.049737, 23.895199, 0.073839, 35.474076
74902, 0.055642, 29.693155, 0.082584, 44.070579
74903, 0.030507, 15.620933, 0.045251, 23.170099
74904, 0.039342, 19.324810, 0.058332, 28.652598
74905, 0.085127, 23.298199, 0.126128, 34.519490
74906, 0.041696, 20.165276, 0.061783, 29.879491
74907, 0.037164, 15.568285, 0.055039, 23.055982
74908, 0.060923, 26.153557, 0.090240, 38.739318
74909, 0.038094, 15.379799, 0.056366, 22.756770
74910, 0.033815, 16.798399, 0.050060, 24.868418
74911, 0.061119, 23.163719, 0.090427, 34.271122
74912, 0.070523, 17.630367, 0.104335, 26.083322
74913, 0.060925, 20.614155, 0.090120, 30.492691
74914, 0.063775, 21.639118, 0.094331, 32.006876
74915, 0.062028, 18.481453, 0.091671, 27.313557
74916, 0.078514, 22.562716, 0.116003, 33.335977
74917, 0.080364, 24.588095, 0.118738, 36.329148
74918, 0.055320, 19.012516, 0.081621, 28.051877
74919, 0.071585, 21.252119, 0.105652, 31.366034
74920, 0.034757, 19.409754, 0.051274, 28.633015
74921, 0.060429, 22.117168, 0.089106, 32.613449
74922, 0.039310, 17.072880, 0.057947, 25.167444
74923, 0.048266, 19.656395, 0.071197, 28.995096
74924, 0.039627, 20.715796, 0.058401, 30.529949
74925, 0.062709, 22.469616, 0.092420, 33.115620
74926, 0.056743, 20.614744, 0.083575, 30.362914
74927, 0.122889, 21.479813, 0.180843, 31.609511
74928, 0.040843, 22.305834, 0.060112, 32.829482
74929, 0.074944, 28.869278, 0.110243, 42.466749
74930, 0.095660, 20.348789, 0.140653, 29.919872
74931, 0.055244, 20.656246, 0.081146, 30.340915
74932, 0.030364, 16.569229, 0.044603, 24.339216
74933, 0.055230, 16.705173, 0.081073, 24.521759
74934, 0.091738, 18.797476, 0.134611, 27.582484
74935, 0.058871, 21.986729, 0.086330, 32.241711
74936, 0.106716, 27.142725, 0.156450, 39.792359
74937, 0.065154, 20.478233, 0.095439, 29.996895
74938, 0.042892, 19.862818, 0.062861, 29.110179
74939, 0.057223, 19.646841, 0.083843, 28.786566
74940, 0.064197, 22.822573, 0.094028, 33.427896
74941, 0.053340, 20.348747, 0.078058, 29.778409
74942, 0.053827, 16.227512, 0.078799, 23.755730
74943, 0.066358, 25.934074, 0.097055, 37.931177
74944, 0.049242, 18.877451, 0.071994, 27.599686
74945, 0.063093, 18.383646, 0.092288, 26.890093
74946, 0.070134, 22.431391, 0.102469, 32.773094
74947, 0.077942, 23.626968, 0.113839, 34.508554
74948, 0.043579, 16.373697, 0.063660, 23.918490
74949, 0.062886, 24.057404, 0.091784, 35.112545
74950, 0.034947, 16.178144, 0.050973, 23.597265
74951, 0.046949, 17.372128, 0.068417, 25.315723
74952, 0.063884, 20.811615, 0.093057, 30.315492
74953, 0.068900, 19.041973, 0.100270, 27.711996
74954, 0.038577, 18.045422, 0.056146, 26.263681
74955, 0.079459, 26.543589, 0.115593, 38.614270
74956, 0.044269, 17.514551, 0.064394, 25.476539
74957, 0.062326, 24.824186, 0.090546, 36.064031
74958, 0.066108, 24.105980, 0.096042, 35.021324
74959, 0.077717, 27.802193, 0.112852, 40.371093
74960, 0.061246, 19.273264, 0.088970, 27.997535
74961, 0.053087, 19.313078, 0.077077, 28.040487
74962, 0.063059, 29.864124, 0.091541, 43.352733
74963, 0.060073, 19.803051, 0.087164, 28.733395
74964, 0.051039, 22.884016, 0.074066, 33.208310
74965, 0.068335, 24.373276, 0.099042, 35.325420
74966, 0.058055, 23.604385, 0.084131, 34.206514
74967, 0.048119, 23.205023, 0.069715, 33.619563
74968, 0.070640, 15.078631, 0.102338, 21.844694
74969, 0.083663, 18.354921, 0.121069, 26.561555
74970, 0.063674, 22.230030, 0.092176, 32.180658
74971, 0.035248, 20.477589, 0.051009, 29.633784
74972, 0.057620, 24.051497, 0.083342, 34.788390
74973, 0.045896, 16.619938, 0.066326, 24.018041
74974, 0.034868, 16.265457, 0.050399, 23.510265
74975, 0.089472, 24.969866, 0.129286, 36.081240
74976, 0.052824, 20.622507, 0.076284, 29.781660
74977, 0.058446, 18.361904, 0.084413, 26.519721
74978, 0.072800, 22.768242, 0.105056, 32.856635
74979, 0.058558, 19.017496, 0.084494, 27.440825
74980, 0.082266, 18.222818, 0.118682, 26.289222
74981, 0.064090, 28.079380, 0.092344, 40.457855
74982, 0.062826, 22.198189, 0.090498, 31.975553
74983, 0.065455, 23.569216, 0.094315, 33.961215
74984, 0.046717, 18.485487, 0.067268, 26.617514
74985, 0.047137, 20.585274, 0.067887, 29.646960
74986, 0.087472, 27.221680, 0.125888, 39.177018
74987, 0.068670, 21.312542, 0.098771, 30.655092
74988, 0.060718, 24.951412, 0.087305, 35.877038
74989, 0.044771, 16.379990, 0.064353, 23.544068
74990, 0.058515, 24.146172, 0.084085, 34.697659
74991, 0.042178, 20.393108, 0.060611, 29.305525
74992, 0.052267, 18.558317, 0.075046, 26.646280
74993, 0.059090, 20.735786, 0.084866, 29.781002
74994, 0.097125, 22.113201, 0.139424, 31.743684
74995, 0.036272, 15.857941, 0.052060, 22.760666
74996, 0.063958, 16.248518, 0.091648, 23.282880
74997, 0.047120, 21.171614, 0.067603, 30.374984
74998, 0.072933, 26.910381, 0.104549, 38.575432
74999, 0.048324, 22.717289, 0.069305, 32.580794
75000, 0.051805, 21.505039, 0.074208, 30.805199
75001, 0.055258, 16.443472, 0.079109, 23.540935
75002, 0.067305, 21.639759, 0.096296, 30.960649
75003, 0.088374, 21.317205, 0.126326, 30.471883
75004, 0.044819, 19.311216, 0.064053, 27.598712
75005, 0.074949, 22.302032, 0.107125, 31.876389
75006, 0.084606, 28.183575, 0.120885, 40.268588
75007, 0.080614, 26.006737, 0.115159, 37.151109
75008, 0.060837, 14.736032, 0.086892, 21.047268
75009, 0.088596, 21.539619, 0.126496, 30.753849
75010, 0.041621, 18.931141, 0.059404, 27.019341
75011, 0.050017, 24.302090, 0.071352, 34.668015
75012, 0.081067, 24.409357, 0.115562, 34.795674
75013, 0.050168, 20.091713, 0.071534, 28.648793
75014, 0.041747, 17.859301, 0.059523, 25.464011
75015, 0.085796, 29.064770, 0.122257, 41.416711
75016, 0.063416, 24.530340, 0.090307, 34.932086
75017, 0.088297, 28.638285, 0.125782, 40.796417
75018, 0.060225, 21.480312, 0.085728, 30.576600
75019, 0.090894, 26.632301, 0.129399, 37.914402
75020, 0.048773, 18.279673, 0.069432, 26.022287
75021, 0.061458, 22.857079, 0.087402, 32.506148
75022, 0.056866, 20.254324, 0.080819, 28.785772
75023, 0.064422, 24.887165, 0.091562, 35.371893
75024, 0.064610, 21.291275, 0.091772, 30.242023
75025, 0.052370, 19.606537, 0.074375, 27.845149
75026, 0.042102, 14.155057, 0.059782, 20.099411
75027, 0.066028, 22.899456, 0.093730, 32.506757
75028, 0.050198, 21.145401, 0.071222, 30.001947
75029, 0.058294, 27.350637, 0.082604, 38.756581
75030, 0.076006, 22.811489, 0.107749, 32.338671
75031, 0.057389, 19.707235, 0.081328, 27.927644
75032, 0.068765, 24.070814, 0.097333, 34.071235
75033, 0.054809, 20.305868, 0.077563, 28.735992
75034, 0.044786, 20.272646, 0.063332, 28.667799
75035, 0.053081, 21.081907, 0.075053, 29.808340
75036, 0.034808, 17.060804, 0.049208, 24.118881
75037, 0.075502, 21.138870, 0.106638, 29.856505
75038, 0.080397, 24.576473, 0.113643, 34.739311
75039, 0.064235, 19.178518, 0.090783, 27.104960
75040, 0.100214, 27.323002, 0.141510, 38.582326
75041, 0.082144, 24.932413, 0.115821, 35.154153
75042, 0.077454, 26.862247, 0.109225, 37.881083
75043, 0.061132, 22.804886, 0.086213, 32.161402
75044, 0.043144, 18.655848, 0.060841, 26.308324
75045, 0.048727, 23.151123, 0.068670, 32.626742
75046, 0.074851, 21.708212, 0.105459, 30.585001
75047, 0.117940, 22.187971, 0.165723, 31.177235
75048, 0.032777, 14.250848, 0.046146, 20.063543
75049, 0.098580, 26.934628, 0.138765, 37.914245
75050, 0.074615, 23.642277, 0.105024, 33.277597
75051, 0.095114, 22.506124, 0.133807, 31.661741
75052, 0.061750, 20.135422, 0.086831, 28.313864
75053, 0.057951, 22.673756, 0.081290, 31.805081
75054, 0.049292, 23.965103, 0.069262, 33.674376
75055, 0.099076, 24.108826, 0.139218, 33.876790
75056, 0.064173, 18.549238, 0.090113, 26.047190
75057, 0.084501, 26.819588, 0.118617, 37.647734
75058, 0.091216, 25.717997, 0.127874, 36.053355
75059, 0.187896, 25.563684, 0.263469, 35.845584
75060, 0.051945, 20.643425, 0.072757, 28.914303
75061, 0.089553, 30.576338, 0.125373, 42.806721
75062, 0.072368, 20.864401, 0.101216, 29.181588
75063, 0.050327, 18.506027, 0.070382, 25.880722
75064, 0.094654, 19.313946, 0.132388, 27.013428
75065, 0.066023, 20.701260, 0.092274, 28.932131
75066, 0.076729, 25.975269, 0.107229, 36.300367
75067, 0.062079, 19.931616, 0.086696, 27.835560
75068, 0.069653, 25.025061, 0.097219, 34.929114
75069, 0.087871, 20.841543, 0.122625, 29.084578
75070, 0.041150, 19.670641, 0.057388, 27.433042
75071, 0.115289, 30.265234, 0.160850, 42.225494
75072, 0.049162, 18.534843, 0.068444, 25.804654
75073, 0.100276, 26.398087, 0.139809, 36.805405
75074, 0.064683, 24.729055, 0.090132, 34.458552
75075, 0.049279, 23.188715, 0.068638, 32.298099
75076, 0.065695, 22.419079, 0.091447, 31.207123
75077, 0.062474, 24.495735, 0.086973, 34.101429
75078, 0.092276, 28.412382, 0.128431, 39.544709
75079, 0.080531, 22.121746, 0.112077, 30.787324
75080, 0.073493, 21.184580, 0.102286, 29.484385
75081, 0.073016, 25.613186, 0.101432, 35.581345
75082, 0.085592, 27.738302, 0.118937, 38.544533
75083, 0.208394, 25.270037, 0.289804, 35.141897
75084, 0.035675, 16.745403, 0.049598, 23.280625
75085, 0.075425, 25.485037, 0.104695, 35.374714
75086, 0.071181, 26.149967, 0.098824, 36.305340
75087, 0.073762, 22.485929, 0.102398, 31.215431
75088, 0.070654, 23.595856, 0.098017, 32.734277
75089, 0.064137, 20.894518, 0.088956, 28.979675
75090, 0.062716, 24.991741, 0.086927, 34.639203
75091, 0.086480, 22.573507, 0.119811, 31.273533
75092, 0.049069, 18.936302, 0.068001, 26.242022
75093, 0.087961, 23.033155, 0.121796, 31.893109
75094, 0.080082, 22.205740, 0.110868, 30.742520
75095, 0.074547, 19.174877, 0.103070, 26.511319
75096, 0.069163, 22.189253, 0.095799, 30.734946
75097, 0.043919, 19.055004, 0.060816, 26.386101
75098, 0.046943, 18.887585, 0.064966, 26.139066
75099, 0.052379, 23.610180, 0.072458, 32.661312
75100, 0.127612, 26.779190, 0.176396, 37.016467
75101, 0.059144, 23.471437, 0.081728, 32.433949
75102, 0.085320, 22.009356, 0.117848, 30.400431
75103, 0.059378, 22.859911, 0.081988, 31.564600
75104, 0.113587, 23.001343, 0.156879, 31.767966
75105, 0.157070, 26.474234, 0.216723, 36.528896
75106, 0.045174, 21.080513, 0.062283, 29.064870
75107, 0.050004, 18.839790, 0.068955, 25.980149
75108, 0.075943, 21.841217, 0.104634, 30.092800
