data/raw/Flight4/SP2_Polar6_20150408_R2_L2.ict
38, 1001
Herber, Andreas; Schulz, Hannes
Alfred Wegener Institute (AWI), Bremerhaven, Germany
rBC mass concentration from SP2 (single particle soot photometer), combined high and low gain channel, size range 75 to 700 nm
NETCARE Polar 6 Campaign 2015
1, 1
2015,04,08, 2017, 09, 07
1
Time_UTC, seconds
4
1, 1, 1, 1, 1
-9999, -9999, -9999, -9999, -9999
BC_mass_concVOL, ug/m3
BC_numb_concVOL, 1/vccm
BC_mass_concSTP, ug/m3STP
BC_numb_concSTP, 1/sccm
0
20
PI_CONTACT_INFO: Address: AWI, Am Handelshafen 12, D-27570 Bremerhaven, email: andreas.herber@awi.de; hannes.schulz@awi.de
PLATFORM: Polar 6
LOCATION: GPS location and altitude available at 1 Hz resolution in separate file
ASSOCIATED_DATA: N/A
INSTRUMENT_INFO: Refractory black carbon aerosol measurements based on laser induced incandescence
DATA_INFO: Units are ug/m3 (volumetric) or ug/m3 STP (NIST standard NTP 20C, 1013.25 hPa; corrected with chamber temperature and pressure)
UNCERTAINTY: +/- 10%, typical intra-model variability of SP2 derived BC mass concentration [Laborde et al., 2012]
ULOD_FLAG: -7777
ULOD_VALUE: N/A
LLOD_FLAG: not masked
LLOD_VALUE: zero ug/m3 (e.g. no particle or particles <0.3 fg per single particle detection)
DM_CONTACT_INFO: Hannes Schulz, see above
PROJECT_INFO: NETCARE Polar 6 aircraft campaign in April 2015
STIPULATIONS_ON_USE: Preliminary data! Use of these data requires prior approval from PI
OTHER_COMMENTS: N/A
REVISION: R2
R2: Preliminary data; calibration: Fullerene Soot, DLR lab 2015/01/20; bad data and zero filter masked as -9999
R1: Preliminary data, updated header information, corrected mass concentration
R0: Preliminary data, initial release
Time_UTC, BC_mass_concVOL, BC_numb_concVOL, BC_mass_concSTP, BC_numb_concSTP
[from data line 8733]
73117, 0.003377, 2.499140, 0.007541, 5.580724
73118, 0.002735, 1.998286, 0.006103, 4.458649
73119, 0.007505, 3.471367, 0.016748, 7.746571
73120, 0.012944, 3.990354, 0.028911, 8.912548
73121, 0.034559, 4.523049, 0.077079, 10.087981
73122, 0.005552, 3.961957, 0.012377, 8.833050
73123, 0.027786, 4.972079, 0.061944, 11.084160
73124, 0.011020, 5.085742, 0.024558, 11.333652
73125, 0.005150, 3.935190, 0.011473, 8.766947
73126, 0.006888, 4.005129, 0.015354, 8.927708
73127, 0.013482, 3.989549, 0.030043, 8.890392
73128, 0.011842, 5.804989, 0.026407, 12.945144
73129, 0.005243, 2.548078, 0.011675, 5.674515
73130, 0.006600, 4.007530, 0.014687, 8.918532
73131, 0.003787, 2.983559, 0.008427, 6.638931
73132, 0.007281, 3.004248, 0.016228, 6.696119
73133, 0.011236, 4.016469, 0.037777, 13.504034
73134, 0.009109, 3.522963, 0.030625, 11.844786
73135, 0.005140, 3.531558, 0.017283, 11.873683
73136, 0.006148, 2.528710, 0.020670, 8.501944
73137, 0.022028, 5.069819, 0.074062, 17.045573
73138, 0.006904, 2.541140, 0.023211, 8.543733
73139, 0.009526, 3.566361, 0.021218, 7.943535
73140, 0.002292, 1.541541, 0.005104, 3.433045
73141, 0.006671, 1.539673, 0.014854, 3.428240
73142, 0.004464, 3.555129, 0.009950, 7.924150
73143, 0.013570, 1.984433, 0.030248, 4.423402
73144, 0.007018, 5.002977, 0.015637, 11.147808
73145, 0.014465, 5.176922, 0.032214, 11.528918
73146, 0.009722, 4.522634, 0.021648, 10.070872
73147, 0.004056, 2.007810, 0.009031, 4.470597
73148, 0.009678, 3.018293, 0.021550, 6.720894
73149, 0.002138, 1.014194, 0.004766, 2.260572
73150, 0.001233, 0.506783, 0.002746, 1.128550
73151, 0.004782, 3.065891, 0.010627, 6.813324
73152, 0.002649, 1.452390, 0.005900, 3.234982
73153, 0.003604, 1.011108, 0.008028, 2.252143
73154, 0.003162, 1.968780, 0.007001, 4.359433
73155, 0.002629, 1.449501, 0.005850, 3.225653
73156, 0.005063, 2.000303, 0.011271, 4.452865
73157, 0.004771, 2.850566, 0.010607, 6.337123
73158, 0.011906, 2.411584, 0.026459, 5.359539
73159, 0.005888, 4.372917, 0.013077, 9.712669
73160, 0.006344, 3.382048, 0.014081, 7.506398
73161, 0.012678, 6.386738, 0.028180, 14.196363
73162, 0.004625, 2.836822, 0.010255, 6.290462
73163, 0.007760, 3.358317, 0.017205, 7.445839
73164, 0.011271, 4.180938, 0.024887, 9.231965
73165, 0.010522, 4.109728, 0.035375, 13.817587
73166, 0.005516, 3.013733, 0.018545, 10.132669
73167, 0.019365, 2.948153, 0.065107, 9.912181
73168, 0.004027, 2.404473, 0.013539, 8.084237
73169, 0.008419, 3.296071, 0.028306, 11.081936
73170, 0.006485, 3.689987, 0.021802, 12.406348
73171, 0.001971, 1.808061, 0.004377, 4.016259
73172, 0.007657, 3.266486, 0.017009, 7.255728
73173, 0.013508, 4.285351, 0.030015, 9.521772
73174, 0.005972, 3.425499, 0.013267, 7.609088
73175, 0.001035, 0.993609, 0.002302, 2.210930
73176, 0.004474, 1.502879, 0.009956, 3.344035
73177, 0.009452, 3.964881, 0.021049, 8.829279
73178, 0.011859, 2.928614, 0.026397, 6.518641
73179, 0.011233, 5.712882, 0.025045, 12.736728
73180, 0.009300, 6.600409, 0.020714, 14.701763
73181, 0.004908, 2.000626, 0.010952, 4.464287
73182, 0.017964, 3.988975, 0.040048, 8.892650
73183, 0.006845, 1.998800, 0.015259, 4.456026
73184, 0.028613, 4.459464, 0.063845, 9.950469
73185, 0.003843, 2.399296, 0.008573, 5.352797
73186, 0.009157, 4.023145, 0.020449, 8.984402
73187, 0.006622, 2.511438, 0.014771, 5.602405
73188, 0.014112, 5.136295, 0.031476, 11.455891
73189, 0.014579, 7.165702, 0.049016, 24.092279
73190, 0.004008, 2.546419, 0.013474, 8.561485
73191, 0.008640, 5.067573, 0.029050, 17.038020
73192, 0.003459, 3.025533, 0.011630, 10.172345
73193, 0.000958, 1.003557, 0.003222, 3.374124
73194, 0.007992, 4.993256, 0.026871, 16.788154
73195, 0.015565, 4.968965, 0.034668, 11.067796
73196, 0.008097, 5.811076, 0.018046, 12.950776
73197, 0.013314, 3.874632, 0.029644, 8.626939
73198, 0.014386, 4.869945, 0.032069, 10.855805
73199, 0.004175, 1.971820, 0.009303, 4.393596
73200, 0.007873, 5.112992, 0.017541, 11.391189
73201, 0.010649, 5.795397, 0.023765, 12.933893
73202, 0.006593, 2.371813, 0.014697, 5.287326
73203, 0.019545, 4.549857, 0.043570, 10.142417
73204, 0.003508, 2.015557, 0.007822, 4.494657
73205, 0.001822, 1.487479, 0.004064, 3.318377
73206, 0.001845, 1.540534, 0.004115, 3.436010
73207, 0.005676, 1.487878, 0.012675, 3.322484
73208, 0.003511, 3.010838, 0.007839, 6.722758
73209, 0.029305, 5.533700, 0.065446, 12.358389
73210, 0.058892, 3.065182, 0.131424, 6.840368
73211, 0.003605, 2.486080, 0.008052, 5.552626
73212, 0.008720, 3.507643, 0.019475, 7.834094
73213, 0.006468, 3.582702, 0.014457, 8.007936
73214, 0.002217, 1.063825, 0.004950, 2.375213
73215, 0.002181, 1.577922, 0.007332, 5.305236
73216, 0.021544, 5.065264, 0.072435, 17.030257
73217, 0.002000, 1.475996, 0.006726, 4.962542
73218, 0.004517, 2.869685, 0.015186, 9.648356
73219, 0.005585, 2.791844, 0.018776, 9.386642
73220, 0.004556, 1.359057, 0.015319, 4.569375
73221, 0.007185, 3.065344, 0.024158, 10.306195
73222, 0.012021, 4.262703, 0.026833, 9.515402
73223, 0.019260, 3.465234, 0.042982, 7.733392
73224, 0.008353, 3.822888, 0.018623, 8.522855
73225, 0.003964, 1.790302, 0.008841, 3.993062
73226, 0.005598, 3.037598, 0.012481, 6.772040
73227, 0.003860, 3.092622, 0.008628, 6.911961
73228, 0.016083, 6.457432, 0.035883, 14.407222
73229, 0.007932, 3.633828, 0.017686, 8.102539
73230, 0.011585, 3.682577, 0.025859, 8.219733
73231, 0.005776, 2.887578, 0.012888, 6.442833
73232, 0.001400, 1.491298, 0.003121, 3.324884
73233, 0.008662, 2.945044, 0.019335, 6.573579
73234, 0.005866, 4.575447, 0.013093, 10.212571
73235, 0.001849, 1.066225, 0.004129, 2.380650
73236, 0.001649, 1.076447, 0.003684, 2.403949
73237, 0.007608, 3.223933, 0.016990, 7.199844
73238, 0.002974, 2.860280, 0.006644, 6.390270
73239, 0.000809, 1.086497, 0.001806, 2.426040
73240, 0.009428, 3.098626, 0.021043, 6.916319
73241, 0.001684, 1.551704, 0.003764, 3.468067
73242, 0.011233, 2.669062, 0.025087, 5.960874
73243, 0.004034, 3.057843, 0.008996, 6.819017
73244, 0.003880, 2.084770, 0.008666, 4.655810
73245, 0.006603, 4.657750, 0.022201, 15.660129
73246, 0.002858, 2.564666, 0.009608, 8.622834
73247, 0.006900, 3.050518, 0.023200, 10.256346
73248, 0.002804, 2.519923, 0.009429, 8.472400
73249, 0.001582, 1.498879, 0.005319, 5.039481
73250, 0.001956, 1.981372, 0.006577, 6.661700
73251, 0.004627, 2.455661, 0.015557, 8.256340
73252, 0.005045, 4.404790, 0.011266, 9.837425
73253, 0.004855, 2.976481, 0.010851, 6.652518
73254, 0.004180, 2.563813, 0.009326, 5.720873
73255, 0.008100, 3.858000, 0.018078, 8.609853
73256, 0.010413, 2.837199, 0.023252, 6.335662
73257, 0.007100, 4.094894, 0.015859, 9.146474
73258, 0.030695, 4.350903, 0.068539, 9.715246
73259, 0.008757, 2.846857, 0.019437, 6.319117
73260, 0.005901, 4.349098, 0.013192, 9.721884
73261, 0.001518, 1.455291, 0.003389, 3.249419
73262, 0.007269, 3.262587, 0.016237, 7.287706
73263, 0.008761, 2.453898, 0.019575, 5.482875
73264, 0.162349, 2.947821, 0.362692, 6.585515
73265, 0.007082, 2.879147, 0.015827, 6.434709
73266, 0.006746, 5.145994, 0.015068, 11.494240
73267, 0.007723, 4.515266, 0.017278, 10.101263
73268, 0.012347, 1.995572, 0.027609, 4.462534
73269, 0.003539, 2.002152, 0.011898, 6.731569
73270, 0.008011, 3.014385, 0.026935, 10.134863
73271, 0.008029, 3.529896, 0.026994, 11.868096
73272, 0.002896, 2.024633, 0.009735, 6.807151
73273, 0.007321, 4.064477, 0.024613, 13.665447
73274, 0.004016, 4.079804, 0.013502, 13.716979
73275, 0.001361, 1.523831, 0.004577, 5.123372
73276, 0.003532, 2.113747, 0.007899, 4.726660
73277, 0.022975, 5.723929, 0.051386, 12.802368
73278, 0.010513, 3.646518, 0.023527, 8.160406
73279, 0.016146, 4.579304, 0.036133, 10.248054
73280, 0.011738, 3.020387, 0.026272, 6.760341
73281, 0.004900, 3.814157, 0.010962, 8.532617
73282, 0.005148, 2.986422, 0.011518, 6.682161
73283, 0.007096, 4.157508, 0.015879, 9.303853
73284, 0.013605, 5.009168, 0.030446, 11.210050
73285, 0.003576, 2.580843, 0.007999, 5.773155
73286, 0.006167, 5.097599, 0.013793, 11.400799
73287, 0.001020, 1.462600, 0.002283, 3.273238
73288, 0.016942, 5.771392, 0.037882, 12.904376
73289, 0.007817, 2.939249, 0.017492, 6.577363
73290, 0.030414, 4.891770, 0.067949, 10.928780
73291, 0.004317, 2.319439, 0.009650, 5.185439
73292, 0.010619, 3.016092, 0.023729, 6.739943
73293, 0.017275, 2.919311, 0.038607, 6.524410
73294, 0.007601, 2.982355, 0.017001, 6.670399
73295, 0.012062, 4.399611, 0.026962, 9.834106
73296, 0.002136, 1.509117, 0.004775, 3.373067
73297, 0.015517, 5.080816, 0.034691, 11.358632
73298, 0.017107, 4.561530, 0.038234, 10.194829
73299, 0.008376, 4.503751, 0.018642, 10.023777
73300, 0.024942, 3.639629, 0.055730, 8.132230
73301, 0.016705, 4.625505, 0.056164, 15.551717
73302, 0.010229, 5.066827, 0.034391, 17.035512
73303, 0.005063, 2.997736, 0.017023, 10.078887
73304, 0.005171, 2.956540, 0.017387, 9.940379
73305, 0.003375, 2.430385, 0.011347, 8.171356
73306, 0.009616, 4.316182, 0.032329, 14.511720
73307, 0.009004, 2.366231, 0.030274, 7.955663
73308, 0.010356, 5.172528, 0.023125, 11.550120
73309, 0.013512, 4.293048, 0.045431, 14.433941
73310, 0.013102, 4.361254, 0.044050, 14.663259
73311, 0.039042, 5.416475, 0.131265, 18.211087
73312, 0.017420, 5.004866, 0.058569, 16.827189
73313, 0.006833, 3.053015, 0.022975, 10.264745
73314, 0.032914, 6.209623, 0.110662, 20.877783
73315, 0.013535, 3.183093, 0.045506, 10.702086
73316, 0.004551, 2.093878, 0.010168, 4.678034
73317, 0.013210, 4.000403, 0.029461, 8.921885
73318, 0.011680, 5.646545, 0.026018, 12.578110
73319, 0.016434, 1.953287, 0.036656, 4.356825
73320, 0.013212, 3.474073, 0.029407, 7.732733
73321, 0.015770, 4.665145, 0.035091, 10.380413
73322, 0.003013, 2.977056, 0.006695, 6.614942
73323, 0.004205, 3.088142, 0.009352, 6.867692
73324, 0.005505, 3.692302, 0.012243, 8.211449
73325, 0.003875, 2.456008, 0.008625, 5.466342
73326, 0.003249, 2.529623, 0.007227, 5.627202
73327, 0.014704, 5.605276, 0.032713, 12.470611
73328, 0.015084, 2.482825, 0.033562, 5.524135
73329, 0.015585, 4.552092, 0.034707, 10.137429
73330, 0.009943, 5.978844, 0.022108, 13.293138
73331, 0.021855, 6.075296, 0.048661, 13.526595
73332, 0.020338, 3.007458, 0.045260, 6.692930
73333, 0.006754, 3.031881, 0.015031, 6.747216
73334, 0.006124, 3.629588, 0.013635, 8.081247
73335, 0.004539, 2.987553, 0.010107, 6.652728
73336, 0.002798, 1.583978, 0.006226, 3.524579
73337, 0.003728, 3.503157, 0.008307, 7.806653
73338, 0.005116, 3.594877, 0.011389, 8.002041
73339, 0.007702, 3.202317, 0.017175, 7.141152
73340, 0.003396, 2.080831, 0.007559, 4.631840
73341, 0.010633, 4.063497, 0.023680, 9.049386
73342, 0.016007, 4.040733, 0.053819, 13.585616
73343, 0.011685, 4.524945, 0.039287, 15.213617
73344, 0.004078, 1.501419, 0.013710, 5.048018
73345, 0.016020, 5.480146, 0.053862, 18.425162
73346, 0.006592, 2.975627, 0.022165, 10.004550
73347, 0.011975, 2.468504, 0.040261, 8.299521
73348, 0.008245, 2.951843, 0.018392, 6.584394
73349, 0.004879, 2.956759, 0.016405, 9.941116
73350, 0.010499, 3.457755, 0.035300, 11.625547
73351, 0.004861, 1.497113, 0.016345, 5.033541
73352, 0.020528, 4.924726, 0.069019, 16.557744
73353, 0.006601, 1.990057, 0.022194, 6.690902
73354, 0.012516, 2.493543, 0.042080, 8.383707
73355, 0.019774, 7.498632, 0.066485, 25.211643
73356, 0.008289, 2.564904, 0.018824, 5.824586
73357, 0.000845, 1.104193, 0.001918, 2.507521
73358, 0.006943, 4.679428, 0.015775, 10.631302
73359, 0.011724, 3.908331, 0.026258, 8.753292
73360, 0.011978, 2.596678, 0.026827, 5.815814
73361, 0.014403, 6.479146, 0.048426, 21.783966
73362, 0.003463, 2.455568, 0.011645, 8.256028
73363, 0.001915, 1.921894, 0.006437, 6.461727
73364, 0.006718, 2.351423, 0.022586, 7.905874
73365, 0.009582, 1.381557, 0.032215, 4.645023
73366, 0.005638, 3.609204, 0.018956, 12.134742
73367, 0.008647, 3.979401, 0.019396, 8.925724
73368, 0.006240, 4.411615, 0.020979, 14.832581
73369, 0.003593, 1.350688, 0.012082, 4.541238
73370, 0.007870, 2.244530, 0.026459, 7.546481
73371, 0.006922, 2.749790, 0.023272, 9.245249
73372, 0.006010, 2.785862, 0.020206, 9.366529
73373, 0.003496, 1.881928, 0.011753, 6.327356
73374, 0.003329, 2.860921, 0.011192, 9.618892
73375, 0.006643, 2.416657, 0.014894, 5.418711
73376, 0.003828, 2.494061, 0.008584, 5.592909
73377, 0.003975, 2.496039, 0.008920, 5.601276
73378, 0.005969, 3.016476, 0.013387, 6.765199
73379, 0.003589, 1.989736, 0.008060, 4.468714
73380, 0.004786, 2.536402, 0.010735, 5.689052
73381, 0.019355, 3.111321, 0.043462, 6.986500
73382, 0.002082, 1.060233, 0.004661, 2.373884
73383, 0.004471, 3.125687, 0.010032, 7.014179
73384, 0.002992, 1.599221, 0.006715, 3.588463
73385, 0.002627, 1.548398, 0.005898, 3.476319
73386, 0.007958, 4.605271, 0.017866, 10.339325
73387, 0.003153, 0.513869, 0.007074, 1.152963
73388, 0.001539, 1.033909, 0.003452, 2.318821
73389, 0.001251, 1.487555, 0.002810, 3.340776
73390, 0.001491, 1.489289, 0.005012, 5.007237
73391, 0.002925, 0.998062, 0.009835, 3.355650
73392, 0.008027, 3.057675, 0.026987, 10.280412
73393, 0.004773, 2.602438, 0.016049, 8.749830
73394, 0.007804, 2.617018, 0.026237, 8.798848
73395, 0.004660, 3.183668, 0.015668, 10.704020
73396, 0.016643, 3.198070, 0.037318, 7.171039
73397, 0.004136, 1.614584, 0.013906, 5.428499
73398, 0.008380, 4.225662, 0.028175, 14.207376
73399, 0.006171, 2.612615, 0.020748, 8.784045
73400, 0.014857, 4.103478, 0.049951, 13.796575
73401, 0.009883, 5.114708, 0.033229, 17.196498
73402, 0.001955, 2.550704, 0.006572, 8.575891
73403, 0.002459, 1.491173, 0.008268, 5.013573
73404, 0.004630, 2.462003, 0.010367, 5.512694
73405, 0.010067, 2.332296, 0.022554, 5.225436
73406, 0.009877, 5.318977, 0.022119, 11.911551
73407, 0.014299, 6.186174, 0.032048, 13.865303
73408, 0.001780, 0.465946, 0.003986, 1.043555
73409, 0.016738, 3.369623, 0.037517, 7.552634
73410, 0.006967, 1.941401, 0.015606, 4.348783
73411, 0.010646, 3.351941, 0.023845, 7.507665
73412, 0.005689, 3.461590, 0.012738, 7.751208
73413, 0.013043, 3.389985, 0.029219, 7.594044
73414, 0.005280, 2.909500, 0.011828, 6.517283
73415, 0.004189, 1.933159, 0.009369, 4.323489
73416, 0.006405, 4.360946, 0.014329, 9.756257
73417, 0.010758, 3.783905, 0.024058, 8.462218
73418, 0.001226, 1.460723, 0.002742, 3.267336
73419, 0.003312, 1.955375, 0.007402, 4.369242
73420, 0.007409, 1.991128, 0.016548, 4.446955
73421, 0.002636, 2.435953, 0.005886, 5.438373
73422, 0.014414, 2.445754, 0.048462, 8.223031
73423, 0.010403, 2.977907, 0.034975, 10.012217
73424, 0.010520, 5.540678, 0.035372, 18.628677
73425, 0.006894, 4.090407, 0.023179, 13.752627
73426, 0.021610, 4.153095, 0.072657, 13.963394
73427, 0.014219, 4.744950, 0.047807, 15.953310
73428, 0.009192, 4.779005, 0.020454, 10.633672
73429, 0.006366, 2.137327, 0.021405, 7.186048
73430, 0.006459, 1.068795, 0.021715, 3.593467
73431, 0.004003, 3.157095, 0.013458, 10.614678
73432, 0.004787, 1.566555, 0.016096, 5.267018
73433, 0.003817, 2.571090, 0.012833, 8.644433
73434, 0.018516, 3.628809, 0.062253, 12.200658
73435, 0.008107, 4.084389, 0.027256, 13.732393
73436, 0.003563, 2.540924, 0.007909, 5.640642
73437, 0.015538, 7.174959, 0.034497, 15.929962
73438, 0.012782, 4.564870, 0.028352, 10.125645
73439, 0.004718, 1.500898, 0.010477, 3.332591
73440, 0.001684, 1.476552, 0.003731, 3.271794
73441, 0.011404, 2.930529, 0.025274, 6.494524
73442, 0.020027, 2.877611, 0.044336, 6.370538
73443, 0.006647, 2.875846, 0.014719, 6.368071
73444, 0.008668, 3.365860, 0.019204, 7.456613
73445, 0.007750, 1.451122, 0.017159, 3.212726
73446, 0.003770, 1.977740, 0.008344, 4.377603
73447, 0.034568, 1.009418, 0.076492, 2.233611
73448, 0.020565, 3.522456, 0.045485, 7.790939
73449, 0.003736, 3.505174, 0.008262, 7.751092
73450, 0.006527, 2.040684, 0.014443, 4.516041
73451, 0.010660, 2.914038, 0.023554, 6.438395
73452, 0.007801, 3.381404, 0.017230, 7.467913
73453, 0.005193, 1.985289, 0.011458, 4.380075
73454, 0.024091, 5.010701, 0.053107, 11.045717
73455, 0.003063, 1.415347, 0.006751, 3.119865
73456, 0.007243, 2.341786, 0.015953, 5.157878
73457, 0.008540, 4.397975, 0.028712, 14.786723
73458, 0.007919, 3.992227, 0.026626, 13.422528
73459, 0.008686, 2.056552, 0.029205, 6.914470
73460, 0.006900, 4.771722, 0.023198, 16.043320
73461, 0.001815, 1.094557, 0.006103, 3.680081
