data/raw/Flight4/SP2_Polar6_20150408_R2_L2.ict
38, 1001
Herber, Andreas; Schulz, Hannes
Alfred Wegener Institute (AWI), Bremerhaven, Germany
rBC mass concentration from SP2 (single particle soot photometer), combined high and low gain channel, size range 75 to 700 nm
NETCARE Polar 6 Campaign 2015
1, 1
2015,04,08, 2017, 09, 07
1
Time_UTC, seconds
4
1, 1, 1, 1, 1
-9999, -9999, -9999, -9999, -9999
BC_mass_concVOL, ug/m3
BC_numb_concVOL, 1/vccm
BC_mass_concSTP, ug/m3STP
BC_numb_concSTP, 1/sccm
0
20
PI_CONTACT_INFO: Address: AWI, Am Handelshafen 12, D-27570 Bremerhaven, email: andreas.herber@awi.de; hannes.schulz@awi.de
PLATFORM: Polar 6
LOCATION: GPS location and altitude available at 1 Hz resolution in separate file
ASSOCIATED_DATA: N/A
INSTRUMENT_INFO: Refractory black carbon aerosol measurements based on laser induced incandescence
DATA_INFO: Units are ug/m3 (volumetric) or ug/m3 STP (NIST standard NTP 20C, 1013.25 hPa; corrected with chamber temperature and pressure)
UNCERTAINTY: +/- 10%, typical intra-model variability of SP2 derived BC mass concentration [Laborde et al., 2012]
ULOD_FLAG: -7777
ULOD_VALUE: N/A
LLOD_FLAG: not masked
LLOD_VALUE: zero ug/m3 (e.g. no particle or particles <0.3 fg per single particle detection)
DM_CONTACT_INFO: Hannes Schulz, see above
PROJECT_INFO: NETCARE Polar 6 aircraft campaign in April 2015
STIPULATIONS_ON_USE: Preliminary data! Use of these data requires prior approval from PI
OTHER_COMMENTS: N/A
REVISION: R2
R2: Preliminary data; calibration: Fullerene Soot, DLR lab 2015/01/20; bad data and zero filter masked as -9999
R1: Preliminary data, updated header information, corrected mass concentration
R0: Preliminary data, initial release
Time_UTC, BC_mass_concVOL, BC_numb_concVOL, BC_mass_concSTP, BC_numb_concSTP
[from data line 11061]
75445, 0.026724, 9.551827, 0.032866, 11.746771
75446, 0.020637, 8.976760, 0.025374, 11.037518
75447, 0.043381, 11.521551, 0.053344, 14.167653
75448, 0.030555, 8.527591, 0.037593, 10.491679
75449, 0.024347, 7.756398, 0.029948, 9.540830
75450, 0.055420, 12.083654, 0.068142, 14.857665
75451, 0.018266, 8.481082, 0.022452, 10.424484
75452, 0.024101, 8.913032, 0.029590, 10.942918
75453, 0.036938, 12.695445, 0.045334, 15.581127
75454, 0.015788, 8.494977, 0.019384, 10.429415
75455, 0.039488, 9.607807, 0.048464, 11.791767
75456, 0.022929, 9.576706, 0.028105, 11.738794
75457, 0.039292, 8.249501, 0.048140, 10.107032
75458, 0.021040, 7.838172, 0.025780, 9.603875
75459, 0.031996, 10.109598, 0.039232, 12.395966
75460, 0.054287, 12.866850, 0.066499, 15.761450
75461, 0.032482, 9.287348, 0.039771, 11.371282
75462, 0.027672, 9.174164, 0.033858, 11.225147
75463, 0.021399, 10.770762, 0.026189, 13.181666
75464, 0.014976, 7.135586, 0.018327, 8.732026
75465, 0.012848, 6.232577, 0.015726, 7.628314
75466, 0.029663, 8.951392, 0.036307, 10.956454
75467, 0.032497, 10.900139, 0.039771, 13.340133
75468, 0.031616, 12.144471, 0.038694, 14.863204
75469, 0.017693, 8.969831, 0.021643, 10.972069
75470, 0.029466, 11.654079, 0.036022, 14.247120
75471, 0.031188, 12.427352, 0.038119, 15.188812
75472, 0.035744, 14.515436, 0.043646, 17.724612
75473, 0.023240, 6.333767, 0.028386, 7.736108
75474, 0.018278, 6.651255, 0.022327, 8.124396
75475, 0.054421, 8.529922, 0.066431, 10.412383
75476, 0.032092, 10.746082, 0.039135, 13.104533
75477, 0.021546, 8.459684, 0.026266, 10.312813
75478, 0.034247, 11.010299, 0.041752, 13.422988
75479, 0.032416, 11.994823, 0.039512, 14.620477
75480, 0.020969, 9.034612, 0.025553, 11.009542
75481, 0.053756, 9.187483, 0.065473, 11.189975
75482, 0.029819, 10.113669, 0.036300, 12.311794
75483, 0.016208, 8.346353, 0.019710, 10.149685
75484, 0.023435, 8.950018, 0.028500, 10.884458
75485, 0.041932, 11.869605, 0.050971, 14.428158
75486, 0.041018, 9.153462, 0.049874, 11.129772
75487, 0.024513, 7.575828, 0.029781, 9.204009
75488, 0.016616, 9.137466, 0.020187, 11.100960
75489, 0.034343, 5.821116, 0.041693, 7.066946
75490, 0.030446, 10.712350, 0.036960, 13.004476
75491, 0.048943, 9.115800, 0.059412, 11.065794
75492, 0.019749, 8.138750, 0.023956, 9.872737
75493, 0.039953, 12.678002, 0.048497, 15.389228
75494, 0.027012, 12.443477, 0.032783, 15.101713
75495, 0.056588, 15.137071, 0.068633, 18.358897
75496, 0.032465, 8.155366, 0.039370, 9.889780
75497, 0.033021, 7.674306, 0.040054, 9.308900
75498, 0.031978, 12.264482, 0.038779, 14.872896
75499, 0.035264, 7.401496, 0.042752, 8.973068
75500, 0.088469, 12.912917, 0.107244, 15.653307
75501, 0.026320, 9.518311, 0.031886, 11.531097
75502, 0.021931, 7.545971, 0.026584, 9.147047
75503, 0.067149, 8.713690, 0.081283, 10.547714
75504, 0.038863, 8.808449, 0.047022, 10.657709
75505, 0.041582, 10.185863, 0.050331, 12.329010
75506, 0.025253, 8.748463, 0.030559, 10.586350
75507, 0.033819, 10.859517, 0.040908, 13.135785
75508, 0.032725, 11.901125, 0.039566, 14.388774
75509, 0.026996, 6.449200, 0.032615, 7.791538
75510, 0.015838, 7.592288, 0.019127, 9.168842
75511, 0.037767, 11.089248, 0.045599, 13.388917
75512, 0.047149, 10.280730, 0.056925, 12.412360
75513, 0.019927, 10.299953, 0.024056, 12.434178
75514, 0.017193, 11.383988, 0.020752, 13.740711
75515, 0.042731, 8.379144, 0.051545, 10.107528
75516, 0.024197, 10.372318, 0.029182, 12.509210
75517, 0.024596, 8.457465, 0.029656, 10.197123
75518, 0.028164, 9.698437, 0.033938, 11.686904
75519, 0.035356, 11.379305, 0.042577, 13.703460
75520, 0.013728, 5.347066, 0.016535, 6.440674
75521, 0.055055, 12.139137, 0.066296, 14.617620
75522, 0.075494, 8.549740, 0.090865, 10.290446
75523, 0.117797, 13.176233, 0.141783, 15.859246
75524, 0.024404, 6.416368, 0.029380, 7.724727
75525, 0.039555, 12.166116, 0.047578, 14.633669
75526, 0.029767, 8.823353, 0.035792, 10.609441
75527, 0.104907, 12.193254, 0.126127, 14.659533
75528, 0.031587, 9.684105, 0.037969, 11.640557
75529, 0.052773, 11.706129, 0.063372, 14.057141
75530, 0.017983, 7.750400, 0.021591, 9.305286
75531, 0.042197, 10.882447, 0.050661, 13.065255
75532, 0.021246, 8.124661, 0.025518, 9.758529
75533, 0.018252, 9.249536, 0.021916, 11.106414
75534, 0.016851, 6.562273, 0.020228, 7.877583
75535, 0.033861, 10.258677, 0.040657, 12.317662
75536, 0.019964, 8.670543, 0.023951, 10.401802
75537, 0.022260, 8.564701, 0.026658, 10.256922
75538, 0.024494, 8.915807, 0.029374, 10.692026
75539, 0.018097, 6.283065, 0.021696, 7.532771
75540, 0.027990, 8.738757, 0.033553, 10.475561
75541, 0.044875, 12.731789, 0.053746, 15.248556
75542, 0.034125, 7.799548, 0.040845, 9.335560
75543, 0.020221, 9.208339, 0.024204, 11.021901
75544, 0.037480, 8.620075, 0.044828, 10.310086
75545, 0.009335, 5.031762, 0.011164, 6.017460
75546, 0.061091, 7.335251, 0.073016, 8.767174
75547, 0.020011, 6.018018, 0.023900, 7.187422
75548, 0.034121, 8.591182, 0.040741, 10.258099
75549, 0.024918, 7.403340, 0.029737, 8.834988
75550, 0.014942, 7.327200, 0.017827, 8.742037
75551, 0.026988, 4.478969, 0.032182, 5.341038
75552, 0.013466, 6.048411, 0.016066, 7.216526
75553, 0.023022, 6.589268, 0.027450, 7.856637
75554, 0.035221, 7.032802, 0.041980, 8.382359
75555, 0.014584, 6.263604, 0.017375, 7.462297
75556, 0.036358, 7.549271, 0.043304, 8.991567
75557, 0.008865, 5.163968, 0.010551, 6.145930
75558, 0.095482, 14.777150, 0.113649, 17.588717
75559, 0.011163, 6.240658, 0.013283, 7.426354
75560, 0.026606, 7.997676, 0.031660, 9.516884
75561, 0.009253, 5.524686, 0.010994, 6.564528
75562, 0.021873, 6.013892, 0.025983, 7.143804
75563, 0.038044, 11.206430, 0.045178, 13.307871
75564, 0.047585, 11.562552, 0.056504, 13.729531
75565, 0.026027, 10.421686, 0.030891, 12.369237
75566, 0.030935, 4.412082, 0.036686, 5.232298
75567, 0.042645, 6.248115, 0.050554, 7.407038
75568, 0.027550, 6.817257, 0.032660, 8.081745
75569, 0.025285, 6.199765, 0.029954, 7.344758
75570, 0.018954, 6.271563, 0.022454, 7.429425
75571, 0.033760, 6.815895, 0.039975, 8.070725
75572, 0.063523, 8.332155, 0.075172, 9.860067
75573, 0.024682, 6.724403, 0.029196, 7.954398
75574, 0.041255, 10.173801, 0.048796, 12.033482
75575, 0.066571, 8.407012, 0.078732, 9.942793
75576, 0.026716, 7.949917, 0.031591, 9.400410
75577, 0.021305, 6.519424, 0.025195, 7.709865
75578, 0.021177, 7.603149, 0.025026, 8.984907
75579, 0.040272, 7.151163, 0.047561, 8.445367
75580, 0.016871, 7.289636, 0.019928, 8.610449
75581, 0.026740, 8.268484, 0.031583, 9.766001
75582, 0.028020, 8.570034, 0.033077, 10.116794
75583, 0.022979, 9.193349, 0.027142, 10.859047
75584, 0.030910, 7.358934, 0.036493, 8.688108
75585, 0.026914, 11.434230, 0.031772, 13.498138
75586, 0.015019, 7.815188, 0.017701, 9.210763
75587, 0.021559, 6.654120, 0.025432, 7.849320
75588, 0.009531, 6.137221, 0.011240, 7.237199
75589, 0.023012, 9.989316, 0.027105, 11.766059
75590, 0.033988, 6.509954, 0.040000, 7.661379
75591, 0.033418, 8.585404, 0.039319, 10.101390
75592, 0.043228, 6.632866, 0.050830, 7.799202
75593, 0.013617, 5.743360, 0.016016, 6.754981
75594, 0.011339, 6.224042, 0.013336, 7.320130
75595, 0.033489, 10.465817, 0.039377, 12.305863
75596, 0.015242, 5.321579, 0.017910, 6.252992
75597, 0.018672, 7.922391, 0.021954, 9.315135
75598, 0.005028, 3.043645, 0.005906, 3.574976
75599, 0.012101, 5.780137, 0.014214, 6.789379
75600, 0.021875, 5.455507, 0.025670, 6.401836
75601, 0.010788, 5.867074, 0.012660, 6.885223
75602, 0.038759, 7.201304, 0.045442, 8.442902
75603, 0.028130, 10.002836, 0.032976, 11.726184
75604, 0.022057, 8.118645, 0.025851, 9.515393
75605, 0.026798, 9.323684, 0.031388, 10.920654
75606, 0.031681, 8.205015, 0.037090, 9.605891
75607, 0.021200, 7.313601, 0.024808, 8.558141
75608, 0.012150, 6.207892, 0.014220, 7.265849
75609, 0.022402, 6.729860, 0.026208, 7.873298
75610, 0.035173, 6.360344, 0.041116, 7.435052
75611, 0.018650, 6.940696, 0.021803, 8.113871
75612, 0.022270, 8.834431, 0.026037, 10.328620
75613, 0.037442, 9.332302, 0.043802, 10.917483
75614, 0.021513, 8.249047, 0.025172, 9.652322
75615, 0.034579, 7.719017, 0.040466, 9.033133
75616, 0.016427, 5.355198, 0.019209, 6.262001
75617, 0.029561, 7.564496, 0.034565, 8.844883
75618, 0.025781, 5.410813, 0.030143, 6.326368
75619, 0.088252, 6.357812, 0.103228, 7.436691
75620, 0.018386, 5.938188, 0.021499, 6.943412
75621, 0.029060, 11.176186, 0.033984, 13.070304
75622, 0.011987, 6.383234, 0.014014, 7.463085
75623, 0.056217, 10.019316, 0.065716, 11.712208
75624, 0.038247, 6.525386, 0.044722, 7.630112
75625, 0.020227, 4.797234, 0.023649, 5.608713
75626, 0.012839, 4.441394, 0.015002, 5.189488
75627, 0.023386, 6.314240, 0.027312, 7.374074
75628, 0.018743, 5.871390, 0.021904, 6.861495
75629, 0.038410, 9.422418, 0.044853, 11.002946
75630, 0.016825, 5.002593, 0.019643, 5.840696
75631, 0.042896, 6.850546, 0.050078, 7.997620
75632, 0.020193, 8.050887, 0.023562, 9.394036
75633, 0.028183, 6.345967, 0.032886, 7.404826
75634, 0.032918, 6.891817, 0.038399, 8.039540
75635, 0.016985, 5.983145, 0.019796, 6.973545
75636, 0.158140, 7.887359, 0.184353, 9.194748
75637, 0.091837, 3.848827, 0.106987, 4.483764
75638, 0.020874, 4.885370, 0.024313, 5.690266
75639, 0.026892, 6.615496, 0.031313, 7.702988
75640, 0.038047, 8.201705, 0.044297, 9.549100
75641, 0.015993, 7.320488, 0.018611, 8.518567
75642, 0.019941, 6.841595, 0.023194, 7.957835
75643, 0.021396, 5.790102, 0.024890, 6.735575
75644, 0.046094, 7.212214, 0.053548, 8.378468
75645, 0.008585, 5.056685, 0.009982, 5.879319
75646, 0.009416, 4.197029, 0.010946, 4.878867
75647, 0.015058, 8.846071, 0.017492, 10.275550
75648, 0.015203, 8.572751, 0.017663, 9.959951
75649, 0.004811, 3.586838, 0.005587, 4.165408
75650, 0.006789, 3.459690, 0.007885, 4.018020
75651, 0.018511, 6.454846, 0.021489, 7.493166
75652, 0.025468, 7.039002, 0.029559, 8.169708
75653, 0.027443, 7.739464, 0.031821, 8.973989
75654, 0.008442, 3.079414, 0.009785, 3.569563
75655, 0.016076, 5.578898, 0.018630, 6.465269
75656, 0.029276, 5.644712, 0.033883, 6.533113
75657, 0.026736, 7.112907, 0.030948, 8.233436
75658, 0.038585, 5.497945, 0.044525, 6.344374
75659, 0.016045, 6.965971, 0.018555, 8.055921
75660, 0.024241, 5.596554, 0.028028, 6.470891
75661, 0.021007, 7.557153, 0.024276, 8.733262
75662, 0.037480, 8.561318, 0.043300, 9.890718
75663, 0.026387, 8.036549, 0.030470, 9.280213
75664, 0.009937, 3.579071, 0.011483, 4.135718
75665, 0.016879, 6.957137, 0.019487, 8.032272
75666, 0.010168, 5.702417, 0.011741, 6.584808
75667, 0.011113, 4.447383, 0.012824, 5.132230
75668, 0.015248, 6.364398, 0.017590, 7.341951
75669, 0.041537, 8.857218, 0.047899, 10.213929
75670, 0.023629, 5.195612, 0.027248, 5.991394
75671, 0.019889, 9.677255, 0.022932, 11.157694
75672, 0.030024, 6.893201, 0.034599, 7.943677
75673, 0.021700, 6.048270, 0.024993, 6.966230
75674, 0.018902, 7.162779, 0.021764, 8.247301
75675, 0.013201, 4.545283, 0.015198, 5.233093
75676, 0.016030, 5.920027, 0.018447, 6.812701
75677, 0.016144, 6.533015, 0.018575, 7.516568
75678, 0.035199, 9.010055, 0.040491, 10.364533
75679, 0.008969, 3.008209, 0.010317, 3.460026
75680, 0.005713, 5.382989, 0.006568, 6.187745
75681, 0.021938, 5.994892, 0.025192, 6.884151
75682, 0.009440, 4.331399, 0.010841, 4.974444
75683, 0.023097, 7.953285, 0.026530, 9.135604
75684, 0.033556, 5.629600, 0.038532, 6.464301
75685, 0.026010, 7.845347, 0.029854, 9.004838
75686, 0.023511, 5.868690, 0.026996, 6.738720
75687, 0.018874, 5.421391, 0.021672, 6.224986
75688, 0.044758, 7.469186, 0.051370, 8.572632
75689, 0.018125, 6.574704, 0.020796, 7.543882
75690, 0.014443, 5.111439, 0.016566, 5.862898
75691, 0.007721, 2.966588, 0.008852, 3.401071
75692, 0.032999, 5.511847, 0.037823, 6.317619
75693, 0.008678, 4.970950, 0.009937, 5.691649
75694, 0.042323, 4.491101, 0.048441, 5.140291
75695, 0.015616, 4.422586, 0.017873, 5.061653
75696, 0.027445, 6.104912, 0.031390, 6.982516
75697, 0.031318, 9.375017, 0.035831, 10.726035
75698, 0.035608, 7.498603, 0.040704, 8.571589
75699, 0.013240, 5.466879, 0.015130, 6.247398
75700, 0.006670, 3.437968, 0.007620, 3.927709
75701, 0.026158, 4.459664, 0.029882, 5.094635
75702, 0.023766, 3.029124, 0.027133, 3.458294
75703, 0.023672, 7.496764, 0.027028, 8.559476
75704, 0.010050, 5.635224, 0.011464, 6.428041
75705, 0.014732, 5.112221, 0.016802, 5.830787
75706, 0.011176, 5.283880, 0.012712, 6.009982
75707, 0.034010, 6.580788, 0.038748, 7.497667
75708, 0.048671, 4.761171, 0.055424, 5.421750
75709, 0.016070, 4.397964, 0.018289, 5.005361
75710, 0.014049, 4.332944, 0.015993, 4.932640
75711, 0.027048, 10.584722, 0.030769, 12.040900
75712, 0.019492, 6.397384, 0.022131, 7.263323
75713, 0.015398, 3.368755, 0.017482, 3.824779
75714, 0.030384, 6.640261, 0.034435, 7.525511
75715, 0.019545, 3.820743, 0.022179, 4.335601
75716, 0.022166, 5.771673, 0.025150, 6.548646
75717, 0.027930, 7.658662, 0.031671, 8.684497
75718, 0.036810, 5.918305, 0.041745, 6.711672
75719, 0.012354, 6.386709, 0.013998, 7.236849
75720, 0.021557, 3.917421, 0.024439, 4.441139
75721, 0.022460, 6.274436, 0.025450, 7.109561
75722, 0.008599, 6.010303, 0.009740, 6.808023
75723, 0.060378, 7.999262, 0.068389, 9.060576
75724, 0.017476, 6.593330, 0.019782, 7.463507
75725, 0.016508, 6.835433, 0.018683, 7.736180
75726, 0.033130, 9.175198, 0.037474, 10.378215
75727, 0.015655, 8.297557, 0.017702, 9.382510
75728, 0.024628, 6.663894, 0.027818, 7.527326
75729, 0.030155, 6.634824, 0.034039, 7.489240
75730, 0.016746, 7.266972, 0.018885, 8.195245
75731, 0.013215, 6.269747, 0.014885, 7.062031
75732, 0.021528, 7.069916, 0.024227, 7.956419
75733, 0.010736, 5.482019, 0.012095, 6.175552
75734, 0.022247, 7.718666, 0.025035, 8.685861
75735, 0.039204, 7.822527, 0.044114, 8.802274
75736, 0.021830, 7.684278, 0.024561, 8.645887
75737, 0.015645, 5.409910, 0.017596, 6.084535
75738, 0.043435, 6.703719, 0.048840, 7.537927
75739, 0.023949, 5.353270, 0.026928, 6.019172
75740, 0.034915, 10.522550, 0.039246, 11.827752
75741, 0.022120, 5.085253, 0.024852, 5.713424
75742, 0.029436, 10.241777, 0.033086, 11.511665
75743, 0.068099, 6.553466, 0.076487, 7.360659
75744, 0.027021, 6.473531, 0.030337, 7.267841
75745, 0.024687, 6.663527, 0.027718, 7.481444
75746, 0.020439, 7.391727, 0.022935, 8.294570
75747, 0.021086, 5.462881, 0.023638, 6.124264
75748, 0.030716, 6.205781, 0.034447, 6.959740
75749, 0.025897, 4.248970, 0.029021, 4.761580
75750, 0.011328, 7.237398, 0.012689, 8.106521
75751, 0.033033, 9.183539, 0.036996, 10.285395
75752, 0.023094, 6.073416, 0.025833, 6.793758
75753, 0.020567, 6.724981, 0.022998, 7.519750
75754, 0.028726, 6.927520, 0.032134, 7.749489
75755, 0.034114, 7.228299, 0.038143, 8.082051
75756, 0.016861, 5.264249, 0.018841, 5.882501
75757, 0.017128, 8.304348, 0.019135, 9.277701
75758, 0.017779, 5.073765, 0.019863, 5.668517
75759, 0.033133, 9.486994, 0.036999, 10.593968
75760, 0.032054, 7.032690, 0.035796, 7.853765
75761, 0.017863, 7.148058, 0.019949, 7.982944
75762, 0.010533, 6.066015, 0.011768, 6.776857
75763, 0.033270, 6.826452, 0.037162, 7.625072
75764, 0.022789, 9.067491, 0.025454, 10.128055
75765, 0.025226, 4.665211, 0.028156, 5.207159
75766, 0.023977, 7.279784, 0.026753, 8.122654
75767, 0.009700, 5.106177, 0.010816, 5.693868
75768, 0.017072, 6.410427, 0.019032, 7.146105
75769, 0.035728, 7.669532, 0.039806, 8.544889
75770, 0.006585, 5.782420, 0.007334, 6.440169
75771, 0.009301, 3.053433, 0.010349, 3.397498
75772, 0.022431, 7.022432, 0.024976, 7.819209
75773, 0.030217, 6.501806, 0.033633, 7.236792
75774, 0.013629, 5.126134, 0.015163, 5.702979
75775, 0.012719, 6.055408, 0.014143, 6.733448
75776, 0.034212, 6.644010, 0.038004, 7.380398
75777, 0.021943, 5.995456, 0.024374, 6.659830
75778, 0.015457, 5.327661, 0.017163, 5.915926
75779, 0.014619, 5.416824, 0.016234, 6.015243
75780, 0.009993, 3.421765, 0.011097, 3.799707
75781, 0.065511, 9.178877, 0.072696, 10.185478
75782, 0.016206, 6.565916, 0.017978, 7.283997
75783, 0.036325, 7.353923, 0.040285, 8.155547
75784, 0.028669, 9.539884, 0.031774, 10.573187
75785, 0.049328, 10.620065, 0.054661, 11.768043
75786, 0.004275, 3.515928, 0.004734, 3.894238
75787, 0.034777, 8.120617, 0.038494, 8.988472
