data/raw/Flight4/SP2_Polar6_20150408_R2_L2.ict
38, 1001
Herber, Andreas; Schulz, Hannes
Alfred Wegener Institute (AWI), Bremerhaven, Germany
rBC mass concentration from SP2 (single particle soot photometer), combined high and low gain channel, size range 75 to 700 nm
NETCARE Polar 6 Campaign 2015
1, 1
2015,04,08, 2017, 09, 07
1
Time_UTC, seconds
4
1, 1, 1, 1, 1
-9999, -9999, -9999, -9999, -9999
BC_mass_concVOL, ug/m3
BC_numb_concVOL, 1/vccm
BC_mass_concSTP, ug/m3STP
BC_numb_concSTP, 1/sccm
0
20
PI_CONTACT_INFO: Address: AWI, Am Handelshafen 12, D-27570 Bremerhaven, email: andreas.herber@awi.de; hannes.schulz@awi.de
PLATFORM: Polar 6
LOCATION: GPS location and altitude available at 1 Hz resolution in separate file
ASSOCIATED_DATA: N/A
INSTRUMENT_INFO: Refractory black carbon aerosol measurements based on laser induced incandescence
DATA_INFO: Units are ug/m3 (volumetric) or ug/m3 STP (NIST standard NTP 20C, 1013.25 hPa; corrected with chamber temperature and pressure)
UNCERTAINTY: +/- 10%, typical intra-model variability of SP2 derived BC mass concentration [Laborde et al., 2012]
ULOD_FLAG: -7777
ULOD_VALUE: N/A
LLOD_FLAG: not masked
LLOD_VALUE: zero ug/m3 (e.g. no particle or particles <0.3 fg per single particle detection)
DM_CONTACT_INFO: Hannes Schulz, see above
PROJECT_INFO: NETCARE Polar 6 aircraft campaign in April 2015
STIPULATIONS_ON_USE: Preliminary data! Use of these data requires prior approval from PI
OTHER_COMMENTS: N/A
REVISION: R2
R2: Preliminary data; calibration: Fullerene Soot, DLR lab 2015/01/20; bad data and zero filter masked as -9999
R1: Preliminary data, updated header information, corrected mass concentration
R0: Preliminary data, initial release
Time_UTC, BC_mass_concVOL, BC_numb_concVOL, BC_mass_concSTP, BC_numb_concSTP
[from data line 4002]
68386, 0.060327, 28.055218, 0.081118, 37.724182
68387, 0.085566, 24.383169, 0.115083, 32.794409
68388, 0.060576, 27.308872, 0.081449, 36.719206
68389, 0.083259, 27.305748, 0.111932, 36.709242
68390, 0.069889, 25.590895, 0.093808, 34.349207
68391, 0.044697, 22.351896, 0.059967, 29.987895
68392, 0.113070, 27.664152, 0.151730, 37.122928
68393, 0.040984, 19.900759, 0.054971, 26.692160
68394, 0.049173, 24.142153, 0.065926, 32.367672
68395, 0.065800, 20.308607, 0.088185, 27.217394
68396, 0.061904, 22.222275, 0.082971, 29.784627
68397, 0.063087, 21.708405, 0.084532, 29.087729
68398, 0.092070, 29.888554, 0.123346, 40.041802
68399, 0.236438, 23.162460, 0.316634, 31.018758
68400, 0.105074, 31.112303, 0.140591, 41.628604
68401, 0.087017, 22.947422, 0.116105, 30.618205
68402, 0.063128, 24.553602, 0.084406, 32.829739
68403, 0.052644, 20.388210, 0.070317, 27.232679
68404, 0.108828, 28.794237, 0.145279, 38.438541
68405, 0.068756, 25.802713, 0.091772, 34.440001
68406, 0.028712, 18.755478, 0.038300, 25.018529
68407, 0.074645, 26.100239, 0.099494, 34.788814
68408, 0.042210, 22.068359, 0.056239, 29.402738
68409, 0.059399, 21.557314, 0.079160, 28.729077
68410, 0.059113, 22.233635, 0.078735, 29.613770
68411, 0.075165, 20.487883, 0.100126, 27.291566
68412, 0.111227, 26.291800, 0.148026, 34.990419
68413, 0.050177, 20.065617, 0.066727, 26.683926
68414, 0.051293, 17.808523, 0.068200, 23.678444
68415, 0.062100, 21.199549, 0.082550, 28.180868
68416, 0.043111, 16.955017, 0.057267, 22.522194
68417, 0.056286, 13.025057, 0.074715, 17.289686
68418, 0.044471, 14.845016, 0.059023, 19.702608
68419, 0.051488, 17.578165, 0.068349, 23.334561
68420, 0.044442, 6.088961, 0.058937, 8.074953
68421, 0.031998, 10.216271, 0.042441, 13.550579
68422, 0.021189, 7.810827, 0.028111, 10.362398
68423, 0.043545, 6.664015, 0.057753, 8.838261
68424, 0.031120, 7.287755, 0.041252, 9.660560
68425, 0.024241, 5.903837, 0.032120, 7.822775
68426, 0.036146, 6.081454, 0.047896, 8.058333
68427, 0.012606, 6.055388, 0.016688, 8.016350
68428, 0.009454, 6.133374, 0.012528, 8.127375
68429, 0.010441, 3.654729, 0.013814, 4.835423
68430, 0.016226, 7.175985, 0.021481, 9.500120
68431, 0.011475, 7.604870, 0.015188, 10.065518
68432, 0.011055, 7.199230, 0.014640, 9.534097
68433, 0.029776, 6.890799, 0.039449, 9.129261
68434, 0.014464, 6.961038, 0.019157, 9.219326
68435, 0.020998, 8.980338, 0.027795, 11.887531
68436, 0.019153, 5.982867, 0.025373, 7.925630
68437, 0.026879, 11.152439, 0.035524, 14.739009
68438, 0.009526, 6.798475, 0.012623, 9.009268
68439, 0.018214, 6.747692, 0.024126, 8.937748
68440, 0.013110, 4.239399, 0.017369, 5.616391
68441, 0.051563, 5.241152, 0.068269, 6.939209
68442, 0.012471, 6.851486, 0.016513, 9.071657
68443, 0.014574, 6.723040, 0.019303, 8.904974
68444, 0.010214, 5.975792, 0.013521, 7.910249
68445, 0.015317, 4.409743, 0.020273, 5.836569
68446, 0.014979, 5.248326, 0.019807, 6.939912
68447, 0.023149, 6.882288, 0.030621, 9.103750
68448, 0.030259, 7.413273, 0.039999, 9.799760
68449, 0.038269, 6.609971, 0.050577, 8.735907
68450, 0.126090, 9.143686, 0.166624, 12.083054
68451, 0.006589, 3.689185, 0.008708, 4.875931
68452, 0.015098, 5.702809, 0.019949, 7.534964
68453, 0.014649, 7.295878, 0.019342, 9.633272
68454, 0.026043, 5.840205, 0.034381, 7.710175
68455, 0.011153, 4.467601, 0.014710, 5.892508
68456, 0.007395, 3.938846, 0.009750, 5.192824
68457, 0.013054, 6.830441, 0.017209, 9.004935
68458, 0.007979, 3.936563, 0.010515, 5.188090
68459, 0.025077, 6.686215, 0.033046, 8.810788
68460, 0.071052, 7.292408, 0.093617, 9.608275
68461, 0.007022, 4.120419, 0.009248, 5.426047
68462, 0.010646, 4.663960, 0.014013, 6.138908
68463, 0.011192, 4.155538, 0.014726, 5.467316
68464, 0.014022, 5.678220, 0.018438, 7.466648
68465, 0.009938, 5.011951, 0.013059, 6.585863
68466, 0.006204, 4.404299, 0.008147, 5.783821
68467, 0.026326, 8.910237, 0.034549, 11.693152
68468, 0.014645, 6.597762, 0.019202, 8.651144
68469, 0.008457, 2.384023, 0.011086, 3.125113
68470, 0.014191, 5.691390, 0.018585, 7.453648
68471, 0.025886, 8.923402, 0.033877, 11.678111
68472, 0.014567, 6.484419, 0.019042, 8.476713
68473, 0.022714, 8.705274, 0.029672, 11.371972
68474, 0.040618, 5.745223, 0.053063, 7.505585
68475, 0.019136, 6.222355, 0.024986, 8.124648
68476, 0.009326, 6.294428, 0.012177, 8.218608
68477, 0.018398, 7.518572, 0.024016, 9.814687
68478, 0.016803, 8.210448, 0.021926, 10.713479
68479, 0.007901, 5.437424, 0.010308, 7.093159
68480, 0.023649, 7.264811, 0.030832, 9.471075
68481, 0.031418, 6.520452, 0.040952, 8.499182
68482, 0.014432, 3.972752, 0.018785, 5.171017
68483, 0.021899, 6.405372, 0.028514, 8.340159
68484, 0.013340, 3.997385, 0.017356, 5.200760
68485, 0.023096, 5.647701, 0.030045, 7.346895
68486, 0.021725, 5.825216, 0.028244, 7.573169
68487, 0.012430, 6.396765, 0.016151, 8.311878
68488, 0.025957, 8.436621, 0.033735, 10.964862
68489, 0.013144, 5.639903, 0.017068, 7.323508
68490, 0.017578, 7.285259, 0.022821, 9.458349
68491, 0.021519, 8.391302, 0.027929, 10.890986
68492, 0.007779, 4.739116, 0.010095, 6.150173
68493, 0.006840, 3.629164, 0.008870, 4.706379
68494, 0.018782, 5.783227, 0.024360, 7.500965
68495, 0.014301, 4.734984, 0.018544, 6.140080
68496, 0.027663, 7.958913, 0.035853, 10.315272
68497, 0.014318, 6.132046, 0.018550, 7.944726
68498, 0.021037, 6.604117, 0.027246, 8.553030
68499, 0.033625, 10.155239, 0.043544, 13.150853
68500, 0.007367, 3.441406, 0.009533, 4.453239
68501, 0.018052, 8.111083, 0.023345, 10.489227
68502, 0.022672, 6.807414, 0.029322, 8.804081
68503, 0.035611, 8.234610, 0.046036, 10.645220
68504, 0.028977, 8.275464, 0.037451, 10.695801
68505, 0.030415, 7.187173, 0.039281, 9.282216
68506, 0.019635, 4.879988, 0.025376, 6.306671
68507, 0.013491, 8.608257, 0.017409, 11.108238
68508, 0.029965, 8.633844, 0.038688, 11.146983
68509, 0.036828, 6.944993, 0.047502, 8.957871
68510, 0.016286, 5.503583, 0.020960, 7.083030
68511, 0.018791, 6.182322, 0.024221, 7.968740
68512, 0.034291, 8.975215, 0.044195, 11.567496
68513, 0.009955, 5.852360, 0.012821, 7.537337
68514, 0.080196, 4.762456, 0.103267, 6.132478
68515, 0.014737, 5.784318, 0.018977, 7.448394
68516, 0.024148, 7.857647, 0.031051, 10.103851
68517, 0.029357, 9.140793, 0.037757, 11.756208
68518, 0.021360, 8.642251, 0.027445, 11.104375
68519, 0.032905, 11.622495, 0.042289, 14.936933
68520, 0.011488, 6.334321, 0.014748, 8.131948
68521, 0.020030, 7.839810, 0.025706, 10.061600
68522, 0.020607, 7.591816, 0.026458, 9.747564
68523, 0.003842, 3.523970, 0.004928, 4.520150
68524, 0.066126, 11.685688, 0.084830, 14.991005
68525, 0.022402, 7.282734, 0.028707, 9.332232
68526, 0.016007, 5.183032, 0.020518, 6.643847
68527, 0.005629, 4.590753, 0.007211, 5.881015
68528, 0.027130, 8.501416, 0.034752, 10.889827
68529, 0.023189, 7.459075, 0.029675, 9.545435
68530, 0.025330, 10.250386, 0.032409, 13.115207
68531, 0.019356, 8.992090, 0.024753, 11.499722
68532, 0.021326, 8.011009, 0.027284, 10.248846
68533, 0.043847, 9.735188, 0.056066, 12.448163
68534, 0.023931, 8.327617, 0.030592, 10.645563
68535, 0.014864, 4.608787, 0.018996, 5.889917
68536, 0.018752, 7.588976, 0.023948, 9.691784
68537, 0.016581, 4.809794, 0.021180, 6.143788
68538, 0.025606, 8.280716, 0.032713, 10.578866
68539, 0.006334, 4.005541, 0.008092, 5.117352
68540, 0.054008, 9.034473, 0.068912, 11.527584
68541, 0.028840, 7.479166, 0.036803, 9.544400
68542, 0.016017, 4.959535, 0.020431, 6.326502
68543, 0.021111, 7.440659, 0.026915, 9.486233
68544, 0.026383, 8.591777, 0.033613, 10.946136
68545, 0.024863, 7.398095, 0.031627, 9.410819
68546, 0.010553, 7.931756, 0.013424, 10.090401
68547, 0.018056, 6.600825, 0.022966, 8.395643
68548, 0.025335, 8.493950, 0.032214, 10.800245
68549, 0.035710, 10.622137, 0.045347, 13.488979
68550, 0.039750, 9.873027, 0.050548, 12.555241
68551, 0.020701, 9.360516, 0.026332, 11.906854
68552, 0.026189, 7.775965, 0.033302, 9.887946
68553, 0.023779, 8.166000, 0.030232, 10.382119
68554, 0.034862, 10.748855, 0.044206, 13.629639
68555, 0.069904, 8.909153, 0.088831, 11.321363
68556, 0.019737, 9.743476, 0.025067, 12.374617
68557, 0.029281, 8.309262, 0.037177, 10.549818
68558, 0.040881, 7.902991, 0.051921, 10.037147
68559, 0.015405, 7.315838, 0.019547, 9.282934
68560, 0.028533, 7.180329, 0.036206, 9.111088
68561, 0.011100, 4.994347, 0.014071, 6.330835
68562, 0.016388, 8.076263, 0.020768, 10.235254
68563, 0.029610, 7.381173, 0.037523, 9.353743
68564, 0.027078, 6.895029, 0.034291, 8.731571
68565, 0.013887, 6.096747, 0.017583, 7.719254
68566, 0.020497, 9.843190, 0.025946, 12.459402
68567, 0.009056, 4.436772, 0.011466, 5.617405
68568, 0.023806, 10.513339, 0.030117, 13.300648
68569, 0.039630, 10.142145, 0.050118, 12.826220
68570, 0.035847, 7.954885, 0.045332, 10.059697
68571, 0.010208, 3.955100, 0.012900, 4.998047
68572, 0.025988, 6.457586, 0.032824, 8.156064
68573, 0.018944, 9.445036, 0.023874, 11.902980
68574, 0.034258, 7.449908, 0.043241, 9.403329
68575, 0.038907, 7.825188, 0.049076, 9.870261
68576, 0.175042, 8.367452, 0.220746, 10.552208
68577, 0.020846, 7.814104, 0.026266, 9.845837
68578, 0.014709, 6.929059, 0.018519, 8.723785
68579, 0.012348, 7.418022, 0.015555, 9.344581
68580, 0.018342, 5.009559, 0.023100, 6.309049
68581, 0.021416, 7.248764, 0.026969, 9.128234
68582, 0.029903, 7.277657, 0.037631, 9.158465
68583, 0.045074, 10.501861, 0.056691, 13.208594
68584, 0.023112, 9.915098, 0.029067, 12.469654
68585, 0.027982, 9.055996, 0.035184, 11.386649
68586, 0.029779, 6.127626, 0.037431, 7.702106
68587, 0.023140, 5.591072, 0.029072, 7.024383
68588, 0.016742, 4.668622, 0.021025, 5.863018
68589, 0.015214, 7.072495, 0.019109, 8.883116
68590, 0.056443, 10.977362, 0.070852, 13.779855
68591, 0.029981, 6.997698, 0.037600, 8.776143
68592, 0.028569, 5.804772, 0.035831, 7.280368
68593, 0.037451, 11.632865, 0.046927, 14.576479
68594, 0.023128, 9.416605, 0.028961, 11.791375
68595, 0.039276, 7.909311, 0.049188, 9.905240
68596, 0.020746, 10.914104, 0.025974, 13.664087
68597, 0.012842, 7.608564, 0.016081, 9.527365
68598, 0.014274, 7.138200, 0.017860, 8.931826
68599, 0.021056, 7.633557, 0.026353, 9.553683
68600, 0.022625, 10.280138, 0.028298, 12.857661
68601, 0.050092, 9.278433, 0.062643, 11.603068
68602, 0.024440, 9.566076, 0.030531, 11.949849
68603, 0.000847, 0.986781, 0.001059, 1.233369
68604, 0.013288, 8.566597, 0.016606, 10.706073
68605, 0.022930, 9.360459, 0.028651, 11.695599
68606, 0.023630, 11.099078, 0.029506, 13.859272
68607, 0.047420, 12.558583, 0.059205, 15.679599
68608, 0.011228, 3.956310, 0.014014, 4.937932
68609, 0.014193, 5.598942, 0.017700, 6.982651
68610, 0.018322, 5.727454, 0.022859, 7.145737
68611, 0.008838, 6.262816, 0.011019, 7.808789
68612, 0.019728, 11.445486, 0.024589, 14.265511
68613, 0.027773, 9.650746, 0.034611, 12.026657
68614, 0.015475, 6.087160, 0.019281, 7.584157
68615, 0.019538, 8.555573, 0.024331, 10.654298
68616, 0.029965, 9.953417, 0.037318, 12.395695
68617, 0.003856, 3.997811, 0.004847, 5.025135
68618, 0.025664, 9.918332, 0.032282, 12.475977
68619, 0.045444, 12.013156, 0.056726, 14.995598
68620, 0.035179, 7.562925, 0.043871, 9.431538
68621, 0.032128, 10.069475, 0.040062, 12.556151
68622, 0.025403, 7.885467, 0.031661, 9.828026
68623, 0.016369, 9.044574, 0.020400, 11.271478
68624, 0.021309, 10.125795, 0.026532, 12.607576
68625, 0.019803, 8.777436, 0.024648, 10.925068
68626, 0.014940, 6.511423, 0.018589, 8.101697
68627, 0.053652, 7.674184, 0.066768, 9.550267
68628, 0.020486, 7.804710, 0.025479, 9.707066
68629, 0.057248, 13.453958, 0.071172, 16.726214
68630, 0.083722, 7.113623, 0.104022, 8.838459
68631, 0.013293, 8.175671, 0.016513, 10.155876
68632, 0.031335, 9.564816, 0.038951, 11.889747
68633, 0.012361, 7.949602, 0.015358, 9.877138
68634, 0.038844, 11.699996, 0.048233, 14.528037
68635, 0.020356, 7.848025, 0.025281, 9.746922
68636, 0.013162, 7.653530, 0.016342, 9.502671
68637, 0.016379, 6.921246, 0.020334, 8.592640
68638, 0.026538, 9.830802, 0.032949, 12.205703
68639, 0.063732, 11.319251, 0.079021, 14.034690
68640, 0.022287, 8.898521, 0.027630, 11.031710
68641, 0.023482, 9.069527, 0.029104, 11.241345
68642, 0.014050, 5.916175, 0.017393, 7.324024
68643, 0.038208, 7.868673, 0.047289, 9.738778
68644, 0.024266, 8.726339, 0.029990, 10.784671
68645, 0.016851, 8.882006, 0.020849, 10.989730
68646, 0.036061, 6.736685, 0.044576, 8.327423
68647, 0.043190, 14.486209, 0.053379, 17.903746
68648, 0.031208, 9.424666, 0.038545, 11.640278
68649, 0.013975, 8.014878, 0.017259, 9.898701
68650, 0.042590, 8.953863, 0.052560, 11.049746
68651, 0.080252, 8.012686, 0.099047, 9.889292
68652, 0.027609, 11.084015, 0.034030, 13.662043
68653, 0.014787, 6.658328, 0.018228, 8.207494
68654, 0.021638, 8.938302, 0.026656, 11.011031
68655, 0.037598, 9.477453, 0.046308, 11.672878
68656, 0.011153, 5.529068, 0.013713, 6.798301
68657, 0.102518, 10.373817, 0.126246, 12.774770
68658, 0.027975, 8.918891, 0.034408, 10.969658
68659, 0.016098, 7.460931, 0.019801, 9.177148
68660, 0.026405, 7.310781, 0.032441, 8.982020
68661, 0.023350, 10.424086, 0.028720, 12.821374
68662, 0.027439, 7.519951, 0.033720, 9.241242
68663, 0.032269, 7.373804, 0.039649, 9.060348
68664, 0.034714, 10.813422, 0.042655, 13.287380
68665, 0.031877, 9.192873, 0.039169, 11.295536
68666, 0.025782, 9.298053, 0.031654, 11.415888
68667, 0.017512, 9.646715, 0.021487, 11.836410
68668, 0.016537, 8.913461, 0.020286, 10.933857
68669, 0.031442, 9.481569, 0.038549, 11.624574
68670, 0.045916, 8.682776, 0.056284, 10.643427
68671, 0.022438, 6.013424, 0.027507, 7.372187
68672, 0.014004, 7.518309, 0.017160, 9.212714
68673, 0.042956, 6.199695, 0.052650, 7.598721
68674, 0.021844, 10.974013, 0.026747, 13.437182
68675, 0.016334, 8.650663, 0.019989, 10.586393
68676, 0.032916, 11.262736, 0.040285, 13.784310
68677, 0.055536, 8.930538, 0.067949, 10.926621
68678, 0.024634, 8.735894, 0.030119, 10.681271
68679, 0.026700, 8.159268, 0.032618, 9.967793
68680, 0.045751, 9.998998, 0.055909, 12.219118
68681, 0.036777, 12.484488, 0.044939, 15.255409
68682, 0.013838, 4.607219, 0.016893, 5.624339
68683, 0.026639, 7.228242, 0.032524, 8.825132
68684, 0.015171, 4.828568, 0.018511, 5.891449
68685, 0.038277, 10.626767, 0.046713, 12.968788
68686, 0.018008, 8.788939, 0.021957, 10.715823
68687, 0.014203, 6.410283, 0.017317, 7.815629
68688, 0.032654, 10.609747, 0.039783, 12.926031
68689, 0.028868, 9.642394, 0.035170, 11.747489
68690, 0.026999, 8.464121, 0.032911, 10.317664
68691, 0.038077, 7.595146, 0.046393, 9.253904
68692, 0.027050, 6.197812, 0.032955, 7.550573
68693, 0.021767, 10.051040, 0.026517, 12.244055
68694, 0.023879, 6.505370, 0.029064, 7.917975
68695, 0.021654, 5.980395, 0.026326, 7.270736
68696, 0.039711, 6.978316, 0.048344, 8.495368
68697, 0.036389, 6.961811, 0.044260, 8.467769
68698, 0.014770, 5.632432, 0.017959, 6.848818
68699, 0.016819, 6.156291, 0.020439, 7.481294
68700, 0.029985, 7.344524, 0.036419, 8.920520
68701, 0.018163, 4.885235, 0.022048, 5.930341
68702, 0.057626, 11.999444, 0.069919, 14.559149
68703, 0.019029, 8.586163, 0.023073, 10.410654
68704, 0.028864, 7.532232, 0.035001, 9.133826
68705, 0.039930, 10.395179, 0.048411, 12.603110
68706, 0.021972, 7.815983, 0.026606, 9.464396
68707, 0.019020, 7.759092, 0.023025, 9.392777
68708, 0.021385, 5.482274, 0.025877, 6.633622
68709, 0.021871, 8.352780, 0.026477, 10.111768
68710, 0.023296, 8.805283, 0.028181, 10.651504
68711, 0.020186, 7.396790, 0.024411, 8.945083
68712, 0.058690, 8.565782, 0.070963, 10.357020
68713, 0.025618, 8.977843, 0.030994, 10.861832
68714, 0.014251, 7.542354, 0.017229, 9.118159
68715, 0.027659, 8.400104, 0.033431, 10.152967
68716, 0.019707, 6.202153, 0.023793, 7.488007
68717, 0.024131, 8.936413, 0.029124, 10.785648
68718, 0.044847, 11.977692, 0.054121, 14.454558
68719, 0.039661, 12.138821, 0.047827, 14.638268
68720, 0.058984, 9.295986, 0.071130, 11.210190
68721, 0.020963, 6.947406, 0.025279, 8.377691
68722, 0.015213, 8.106744, 0.018331, 9.767960
68723, 0.028220, 9.181788, 0.033994, 11.060742
68724, 0.030299, 9.153129, 0.036495, 11.024979
68725, 0.044024, 5.897104, 0.053004, 7.099972
68726, 0.019283, 5.427430, 0.023203, 6.530750
68727, 0.009961, 5.921122, 0.011982, 7.122310
