data/raw/CPC_R1/CPC3772_Polar6_20150408_R1_L2.ict
33,1001
Abbatt,Jon
University of Toronto
Polar 6
NETCARE
1,1
2015,4,8,2016,1,15
1
time,seconds,seconds from start in UTC
1
1
-9999
conc,number of particles per cm3
0
18
PI_CONTACT_INFO: 80 St. George Street; Toronto; ON M5S 3H6 CANADA; email: jabbatt@chem.utoronto.ca
PLATFORM: Polar 6 aircraft
LOCATION: Canadian Arctic near Alert
ASSOCIATED_DATA: none
INSTRUMENT_INFO: data from TSI CPC3772
DATA_INFO: all relevant information is given above
UNCERTAINTY: to be determined
ULOD_FLAG: -7777
ULOD_VALUE: N/As
LLOD_FLAG: -8888
LLOD_VALUE: N/A
DM_CONTACT_INFO: Julia Burkart -- University of Toronto; jburkart@chem.utoronto.ca
PROJECT_INFO: Polar 6 NETCARE Spring 2015 campaign
STIPULATIONS_ON_USE: N/A
OTHER_COMMENTS: N/A
REVISION: R1
R1: validated data
time,conc
[from data line 9730]
74114,178
74115,174
74116,181
74117,173
74118,177
74119,186
74120,176
74121,173
74122,178
74123,173
74124,171
74125,170
74126,174
74127,168
74128,162
74129,172
74130,168
74131,176
74132,163
74133,166
74134,172
74135,170
74136,172
74137,170
74138,175
74139,168
74140,170
74141,171
74142,173
74143,175
74144,182
74145,182
74146,177
74147,188
74148,189
74149,198
74150,207
74151,222
74152,227
74153,230
74154,225
74155,232
74156,233
74157,232
74158,235
74159,232
74160,239
74161,235
74162,238
74163,230
74164,233
74165,235
74166,237
74167,231
74168,230
74169,229
74170,234
74171,229
74172,226
74173,232
74174,230
74175,232
74176,230
74177,226
74178,234
74179,233
74180,228
74181,235
74182,238
74183,223
74184,235
74185,233
74186,237
74187,241
74188,235
74189,237
74190,237
74191,238
74192,233
74193,239
74194,236
74195,234
74196,241
74197,243
74198,241
74199,243
74200,242
74201,239
74202,249
74203,244
74204,244
74205,248
74206,246
74207,245
74208,249
74209,241
74210,239
74211,244
74212,239
74213,229
74214,227
74215,228
74216,231
74217,231
74218,234
74219,229
74220,231
74221,238
74222,236
74223,235
74224,233
74225,230
74226,234
74227,238
74228,238
74229,236
74230,238
74231,239
74232,232
74233,234
74234,234
74235,231
74236,238
74237,237
74238,244
74239,237
74240,236
74241,233
74242,239
74243,239
74244,241
74245,240
74246,241
74247,239
74248,236
74249,237
74250,240
74251,243
74252,234
74253,245
74254,243
74255,240
74256,241
74257,242
74258,236
74259,243
74260,245
74261,248
74262,240
74263,237
74264,249
74265,238
74266,243
74267,237
74268,244
74269,240
74270,239
74271,243
74272,248
74273,241
74274,251
74275,250
74276,262
74277,251
74278,252
74279,253
74280,257
74281,254
74282,257
74283,262
74284,263
74285,270
74286,273
74287,265
74288,277
74289,261
74290,272
74291,275
74292,269
74293,260
74294,262
74295,262
74296,256
74297,256
74298,257
74299,260
74300,264
74301,256
74302,247
74303,262
74304,255
74305,261
74306,256
74307,262
74308,264
74309,262
74310,263
74311,256
74312,254
74313,245
74314,237
74315,236
74316,238
74317,232
74318,231
74319,230
74320,238
74321,242
74322,235
74323,237
74324,236
74325,234
74326,242
74327,243
74328,240
74329,239
74330,235
74331,237
74332,241
74333,236
74334,241
74335,234
74336,243
74337,244
74338,239
74339,242
74340,236
74341,239
74342,243
74343,231
74344,243
74345,235
74346,237
74347,236
74348,237
74349,238
74350,247
74351,239
74352,232
74353,245
74354,239
74355,243
74356,240
74357,240
74358,242
74359,240
74360,240
74361,238
74362,244
74363,243
74364,244
74365,240
74366,245
74367,245
74368,248
74369,242
74370,245
74371,248
74372,248
74373,240
74374,242
74375,241
74376,243
74377,251
74378,252
74379,249
74380,245
74381,251
74382,257
74383,256
74384,270
74385,267
74386,269
74387,280
74388,275
74389,282
74390,277
74391,276
74392,284
74393,275
74394,280
74395,270
74396,264
74397,263
74398,265
74399,254
74400,257
74401,260
74402,261
74403,257
74404,259
74405,252
74406,254
74407,258
74408,259
74409,255
74410,255
74411,255
74412,255
74413,258
74414,247
74415,255
74416,250
74417,258
74418,256
74419,253
74420,250
74421,254
74422,246
74423,252
74424,245
74425,244
74426,239
74427,240
74428,231
74429,234
74430,232
74431,234
74432,242
74433,226
74434,227
74435,231
74436,226
74437,225
74438,229
74439,221
74440,225
74441,234
74442,224
74443,225
74444,230
74445,230
74446,223
74447,227
74448,233
74449,229
74450,222
74451,233
74452,227
74453,224
74454,225
74455,236
74456,230
74457,232
74458,232
74459,229
74460,233
74461,230
74462,230
74463,228
74464,228
74465,229
74466,226
74467,226
74468,222
74469,232
74470,225
74471,228
74472,228
74473,234
74474,226
74475,231
74476,229
74477,225
74478,228
74479,233
74480,228
74481,228
74482,227
74483,229
74484,225
74485,228
74486,232
74487,234
74488,227
74489,232
74490,224
74491,224
74492,223
74493,219
74494,224
74495,230
74496,227
74497,235
74498,229
74499,234
74500,235
74501,233
74502,231
74503,229
74504,229
74505,239
74506,236
74507,232
74508,230
74509,232
74510,230
74511,228
74512,231
74513,223
74514,236
74515,226
74516,230
74517,227
74518,224
74519,223
74520,229
74521,228
74522,228
74523,232
74524,235
74525,224
74526,235
74527,235
74528,246
74529,234
74530,247
74531,238
74532,243
74533,243
74534,235
74535,234
74536,234
74537,244
74538,243
74539,239
74540,240
74541,255
74542,247
74543,243
74544,246
74545,247
74546,239
74547,238
74548,248
74549,245
74550,245
74551,241
74552,239
74553,239
74554,240
74555,252
74556,247
74557,247
74558,243
74559,246
74560,245
74561,254
74562,257
74563,251
74564,251
74565,252
74566,258
74567,258
74568,255
74569,258
74570,260
74571,253
74572,259
74573,259
74574,259
74575,263
74576,260
74577,262
74578,255
74579,260
74580,262
74581,260
74582,272
74583,261
74584,268
74585,272
74586,272
74587,271
74588,268
74589,264
74590,267
74591,271
74592,267
74593,269
74594,262
74595,272
74596,272
74597,272
74598,277
74599,277
74600,270
74601,276
74602,272
74603,274
74604,273
74605,283
74606,272
74607,279
74608,273
74609,270
74610,269
74611,271
74612,270
74613,272
74614,274
74615,273
74616,271
74617,274
74618,263
74619,274
74620,272
74621,265
74622,275
74623,270
74624,275
74625,276
74626,273
74627,269
74628,280
74629,272
74630,282
74631,277
74632,275
74633,276
74634,278
74635,273
74636,279
74637,269
74638,270
74639,278
74640,274
74641,271
74642,280
74643,277
74644,282
74645,271
74646,279
74647,279
74648,279
74649,276
74650,287
74651,279
74652,285
74653,284
74654,280
74655,283
74656,290
74657,276
74658,279
74659,283
74660,282
74661,278
74662,281
74663,278
74664,286
74665,288
74666,290
74667,282
74668,285
74669,284
74670,286
74671,287
74672,291
74673,289
74674,292
74675,287
74676,292
74677,288
74678,283
74679,295
74680,288
74681,283
74682,293
74683,295
74684,284
74685,291
74686,289
74687,281
74688,281
74689,287
74690,287
74691,287
74692,280
74693,281
74694,287
74695,289
74696,296
74697,293
74698,293
74699,288
74700,287
74701,297
74702,292
74703,284
74704,288
74705,283
74706,289
74707,287
74708,282
74709,292
74710,291
74711,280
74712,293
74713,281
74714,281
74715,289
74716,280
74717,291
74718,279
74719,286
74720,287
74721,288
74722,284
74723,289
74724,291
74725,287
74726,285
74727,283
74728,291
74729,285
74730,287
74731,287
74732,289
74733,296
74734,286
74735,293
74736,300
74737,291
74738,296
74739,293
74740,297
74741,296
74742,294
74743,296
74744,290
74745,292
74746,298
74747,299
74748,297
74749,294
74750,293
74751,297
74752,291
74753,297
74754,292
74755,302
74756,301
74757,295
74758,301
74759,300
74760,304
74761,292
74762,298
74763,294
74764,298
74765,293
74766,302
74767,295
74768,301
74769,295
74770,303
74771,295
74772,299
74773,294
74774,292
74775,295
74776,306
74777,296
74778,303
74779,288
74780,293
74781,292
74782,295
74783,298
74784,311
74785,296
74786,299
74787,302
74788,297
74789,294
74790,294
74791,301
74792,298
74793,299
74794,296
74795,308
74796,300
74797,299
74798,298
74799,290
74800,301
74801,304
74802,294
74803,301
74804,296
74805,300
74806,299
74807,302
74808,306
74809,306
74810,305
74811,301
74812,298
74813,308
74814,310
74815,308
74816,314
74817,313
74818,318
74819,304
74820,319
74821,320
74822,316
74823,313
74824,316
74825,318
74826,313
74827,316
74828,316
74829,309
74830,318
74831,315
74832,320
74833,318
74834,309
74835,314
74836,312
74837,315
74838,308
74839,308
74840,315
74841,299
74842,300
74843,300
74844,299
74845,303
74846,300
74847,307
74848,300
74849,305
74850,304
74851,293
74852,303
74853,296
74854,300
74855,301
74856,303
74857,303
74858,292
74859,298
74860,299
74861,296
74862,302
74863,305
74864,297
74865,295
74866,297
74867,292
74868,293
74869,299
74870,298
74871,297
74872,299
74873,300
74874,303
74875,298
74876,300
74877,304
74878,303
74879,306
74880,306
74881,305
74882,301
74883,311
74884,316
74885,310
74886,312
74887,314
74888,316
74889,309
74890,320
74891,323
74892,319
74893,327
74894,325
74895,328
74896,335
74897,338
74898,344
74899,338
74900,340
74901,341
74902,345
74903,336
74904,347
74905,351
74906,340
74907,345
74908,342
74909,344
74910,343
74911,353
74912,348
74913,348
74914,354
74915,346
74916,346
74917,345
74918,342
74919,345
74920,343
74921,341
74922,335
74923,345
74924,357
74925,373
74926,362
74927,362
74928,373
74929,358
74930,359
74931,355
74932,346
74933,341
74934,341
74935,348
74936,341
74937,355
74938,356
74939,347
74940,346
74941,344
74942,351
74943,351
74944,344
74945,353
74946,353
74947,353
74948,351
74949,353
74950,349
74951,354
74952,354
74953,348
74954,354
74955,356
74956,352
74957,354
74958,355
74959,359
74960,351
74961,353
74962,363
74963,365
74964,355
74965,355
74966,348
74967,350
74968,359
74969,358
74970,356
74971,351
74972,367
74973,360
74974,358
74975,372
74976,352
74977,368
74978,360
74979,362
74980,362
74981,365
74982,361
74983,358
74984,368
74985,360
74986,361
74987,350
74988,356
74989,363
74990,356
74991,356
74992,363
74993,362
74994,368
74995,365
74996,361
74997,362
74998,362
74999,366
75000,384
75001,375
75002,386
75003,394
75004,394
75005,396
75006,396
75007,405
75008,397
75009,399
75010,400
75011,402
75012,390
75013,393
75014,409
75015,400
75016,397
75017,391
75018,403
75019,400
75020,404
75021,394
75022,393
75023,397
75024,399
75025,395
75026,401
75027,400
75028,398
75029,405
75030,398
75031,402
75032,408
75033,409
75034,411
75035,421
75036,418
75037,427
75038,420
75039,419
75040,416
75041,411
75042,411
75043,426
75044,418
75045,424
75046,424
75047,422
75048,417
75049,428
75050,427
75051,424
75052,430
75053,430
75054,428
75055,432
75056,431
75057,431
75058,429
75059,430
75060,422
75061,432
75062,432
75063,437
75064,428
75065,425
75066,429
75067,432
75068,431
75069,430
75070,437
75071,430
75072,441
75073,439
75074,431
75075,435
75076,443
75077,440
75078,445
75079,432
75080,442
75081,437
75082,438
75083,444
75084,441
75085,430
75086,431
75087,434
75088,435
75089,441
75090,444
75091,447
75092,443
75093,440
75094,437
75095,445
75096,440
75097,432
75098,434
75099,434
75100,445
75101,440
75102,435
75103,442
75104,437
75105,437
75106,427
75107,422
75108,435
75109,432
75110,425
75111,428
75112,440
75113,432
75114,437
75115,438
75116,441
75117,439
75118,441
75119,451
75120,444
75121,446
75122,449
75123,451
75124,447
75125,446
75126,438
75127,438
75128,433
75129,439
75130,433
75131,444
75132,433
75133,438
75134,453
75135,438
75136,449
75137,444
75138,432
75139,441
75140,439
75141,432
75142,431
75143,437
75144,424
75145,427
75146,421
75147,430
75148,429
75149,422
75150,431
75151,439
75152,438
75153,441
75154,429
75155,445
75156,431
75157,431
75158,426
75159,436
75160,428
75161,440
75162,439
75163,422
75164,422
75165,430
75166,426
75167,426
75168,424
75169,413
75170,418
75171,429
75172,419
75173,425
75174,431
75175,421
75176,421
75177,417
75178,413
75179,422
75180,421
75181,424
75182,417
75183,418
75184,417
75185,412
75186,411
75187,405
75188,411
75189,405
75190,409
75191,405
75192,393
75193,401
75194,402
75195,394
75196,401
75197,396
75198,398
75199,403
75200,394
75201,398
75202,392
75203,391
75204,385
75205,388
75206,390
75207,397
75208,399
75209,384
75210,375
75211,370
75212,368
75213,355
75214,357
75215,351
75216,356
75217,341
75218,340
75219,329
75220,330
75221,326
75222,330
75223,326
75224,340
75225,348
75226,358
75227,359
75228,365
75229,373
75230,379
75231,377
75232,388
75233,385
75234,385
75235,384
75236,384
75237,383
75238,382
75239,386
75240,386
75241,382
75242,381
75243,389
75244,382
75245,378
75246,373
75247,386
75248,370
75249,376
75250,370
75251,369
75252,375
75253,376
75254,386
75255,379
75256,369
75257,373
75258,367
75259,366
75260,360
75261,362
75262,366
75263,366
75264,365
75265,365
75266,364
75267,362
75268,350
75269,350
75270,336
75271,342
75272,350
75273,355
75274,351
75275,354
75276,361
75277,350
75278,329
75279,321
75280,311
75281,308
75282,323
75283,325
75284,346
75285,338
75286,332
75287,304
75288,293
75289,308
75290,311
75291,323
75292,333
75293,336
75294,335
75295,334
75296,333
75297,334
75298,335
75299,329
75300,333
75301,321
75302,319
75303,312
75304,285
75305,290
75306,290
75307,294
75308,269
75309,264
75310,253
75311,251
75312,262
75313,268
75314,273
75315,273
75316,261
75317,250
75318,245
75319,241
75320,252
75321,240
75322,246
75323,249
75324,260
75325,267
75326,264
75327,250
75328,248
75329,241
75330,236
75331,240
75332,242
75333,244
75334,247
75335,248
75336,243
75337,238
75338,239
75339,239
75340,233
75341,242
75342,241
75343,240
75344,245
75345,234
75346,239
75347,234
75348,243
75349,239
75350,231
75351,240
75352,236
75353,238
75354,239
75355,238
75356,241
75357,241
75358,238
75359,242
75360,238
75361,238
75362,237
75363,242
75364,235
75365,236
75366,238
75367,244
75368,233
75369,236
75370,238
75371,235
75372,237
75373,235
75374,245
75375,235
75376,239
75377,238
75378,237
75379,238
75380,232
75381,244
75382,240
75383,239
75384,233
75385,232
75386,241
75387,236
75388,239
75389,241
75390,245
75391,239
75392,240
75393,238
75394,237
75395,234
75396,235
75397,232
75398,235
75399,239
75400,235
75401,234
75402,229
75403,230
75404,234
75405,239
75406,234
75407,234
75408,233
75409,234
75410,240
75411,243
75412,237
75413,241
75414,237
75415,235
75416,237
75417,240
75418,235
75419,231
75420,241
75421,239
75422,238
75423,241
75424,241
75425,237
75426,241
75427,242
75428,240
75429,246
75430,238
75431,245
75432,247
75433,248
75434,252
75435,244
75436,238
75437,233
75438,234
75439,236
75440,236
75441,237
75442,232
75443,237
75444,239
75445,234
75446,233
75447,230
75448,236
75449,230
75450,236
75451,238
75452,235
75453,237
75454,238
75455,233
75456,234
75457,243
75458,245
75459,242
75460,240
75461,238
75462,243
75463,241
75464,239
75465,239
75466,249
75467,239
75468,243
75469,245
75470,240
75471,246
75472,240
75473,244
75474,246
75475,240
75476,238
75477,239
75478,239
75479,239
75480,240
75481,242
75482,232
75483,242
75484,233
75485,244
75486,238
75487,236
75488,235
75489,240
75490,247
75491,239
75492,236
75493,241
75494,236
75495,246
75496,238
75497,240
75498,236
75499,230
75500,237
75501,240
75502,235
75503,243
75504,239
75505,241
75506,234
75507,238
75508,241
75509,236
75510,239
75511,235
75512,235
75513,240
75514,246
75515,245
75516,238
75517,236
75518,240
75519,240
75520,235
75521,233
75522,236
75523,230
75524,233
75525,229
75526,228
75527,226
75528,230
75529,227
75530,227
75531,231
75532,227
75533,231
75534,231
75535,234
75536,227
75537,231
75538,230
75539,227
75540,229
75541,223
75542,230
75543,223
75544,228
75545,228
75546,224
75547,227
75548,231
75549,221
75550,229
75551,222
75552,224
75553,226
75554,222
75555,230
75556,221
75557,222
75558,225
75559,223
75560,228
75561,218
75562,224
75563,221
75564,228
75565,226
75566,225
75567,219
75568,221
75569,227
75570,226
75571,226
75572,221
75573,223
75574,216
75575,225
75576,221
75577,219
75578,219
75579,223
75580,225
75581,221
75582,221
75583,214
75584,225
75585,222
75586,220
75587,216
75588,222
75589,221
75590,223
75591,214
75592,214
75593,217
75594,218
75595,213
75596,216
75597,221
75598,220
75599,223
75600,213
75601,215
75602,223
75603,218
75604,220
75605,218
75606,212
75607,216
75608,220
75609,213
75610,219
75611,219
75612,219
75613,219
75614,221
75615,216
75616,216
75617,221
75618,225
75619,216
75620,217
75621,222
75622,220
75623,218
75624,220
75625,226
75626,220
75627,220
75628,219
75629,214
75630,219
75631,223
75632,225
75633,219
75634,225
75635,224
75636,214
75637,213
75638,215
75639,214
75640,211
75641,213
75642,211
75643,210
75644,213
75645,211
75646,210
75647,213
75648,208
75649,217
75650,219
75651,225
75652,220
75653,215
75654,220
75655,220
75656,225
75657,218
75658,215
75659,224
75660,213
75661,214
75662,215
75663,213
75664,218
75665,214
75666,214
75667,218
75668,213
75669,215
75670,214
75671,212
75672,209
75673,218
75674,213
75675,212
75676,219
75677,217
75678,214
75679,214
75680,211
75681,209
75682,213
75683,212
75684,213
75685,206
75686,212
75687,209
75688,211
75689,218
75690,207
75691,208
75692,214
75693,202
75694,212
75695,217
75696,210
75697,211
75698,209
75699,211
75700,215
75701,214
75702,206
75703,210
75704,210
75705,216
75706,214
75707,212
75708,217
75709,212
75710,218
75711,208
75712,215
