data/raw/CPC_R1/CPC3772_Polar6_20150408_R1_L2.ict
33,1001
Abbatt,Jon
University of Toronto
Polar 6
NETCARE
1,1
2015,4,8,2016,1,15
1
time,seconds,seconds from start in UTC
1
1
-9999
conc,number of particles per cm3
0
18
PI_CONTACT_INFO: 80 St. George Street; Toronto; ON M5S 3H6 CANADA; email: jabbatt@chem.utoronto.ca
PLATFORM: Polar 6 aircraft
LOCATION: Canadian Arctic near Alert
ASSOCIATED_DATA: none
INSTRUMENT_INFO: data from TSI CPC3772
DATA_INFO: all relevant information is given above
UNCERTAINTY: to be determined
ULOD_FLAG: -7777
ULOD_VALUE: N/As
LLOD_FLAG: -8888
LLOD_VALUE: N/A
DM_CONTACT_INFO: Julia Burkart -- University of Toronto; jburkart@chem.utoronto.ca
PROJECT_INFO: Polar 6 NETCARE Spring 2015 campaign
STIPULATIONS_ON_USE: N/A
OTHER_COMMENTS: N/A
REVISION: R1
R1: validated data
time,conc
[from data line 3195]
67579,273
67580,276
67581,275
67582,263
67583,270
67584,272
67585,264
67586,269
67587,268
67588,267
67589,270
67590,268
67591,270
67592,270
67593,266
67594,263
67595,244
67596,229
67597,223
67598,219
67599,222
67600,234
67601,246
67602,252
67603,249
67604,241
67605,238
67606,239
67607,250
67608,249
67609,264
67610,240
67611,242
67612,249
67613,247
67614,249
67615,244
67616,248
67617,241
67618,239
67619,238
67620,239
67621,249
67622,248
67623,248
67624,250
67625,244
67626,236
67627,238
67628,242
67629,237
67630,238
67631,225
67632,228
67633,235
67634,235
67635,235
67636,221
67637,224
67638,227
67639,222
67640,225
67641,223
67642,219
67643,226
67644,220
67645,223
67646,223
67647,232
67648,244
67649,243
67650,240
67651,247
67652,246
67653,240
67654,241
67655,230
67656,233
67657,228
67658,232
67659,238
67660,241
67661,236
67662,235
67663,230
67664,237
67665,241
67666,246
67667,233
67668,239
67669,231
67670,225
67671,225
67672,220
67673,223
67674,222
67675,231
67676,232
67677,230
67678,238
67679,240
67680,238
67681,236
67682,230
67683,234
67684,229
67685,232
67686,231
67687,226
67688,226
67689,231
67690,237
67691,228
67692,229
67693,234
67694,234
67695,237
67696,237
67697,230
67698,234
67699,238
67700,239
67701,232
67702,230
67703,232
67704,235
67705,240
67706,233
67707,234
67708,233
67709,237
67710,226
67711,233
67712,233
67713,229
67714,226
67715,231
67716,226
67717,234
67718,226
67719,231
67720,237
67721,224
67722,226
67723,230
67724,227
67725,224
67726,232
67727,230
67728,232
67729,229
67730,227
67731,229
67732,238
67733,232
67734,231
67735,230
67736,231
67737,240
67738,231
67739,229
67740,223
67741,232
67742,225
67743,228
67744,224
67745,227
67746,228
67747,230
67748,235
67749,235
67750,228
67751,230
67752,229
67753,223
67754,229
67755,233
67756,235
67757,233
67758,230
67759,224
67760,226
67761,224
67762,233
67763,229
67764,227
67765,222
67766,232
67767,233
67768,224
67769,231
67770,237
67771,234
67772,232
67773,240
67774,234
67775,234
67776,238
67777,235
67778,234
67779,227
67780,233
67781,232
67782,238
67783,236
67784,235
67785,232
67786,242
67787,236
67788,240
67789,236
67790,229
67791,236
67792,239
67793,235
67794,238
67795,238
67796,241
67797,232
67798,236
67799,238
67800,232
67801,236
67802,235
67803,224
67804,231
67805,238
67806,231
67807,238
67808,230
67809,234
67810,224
67811,235
67812,233
67813,236
67814,243
67815,223
67816,233
67817,230
67818,228
67819,238
67820,234
67821,239
67822,227
67823,224
67824,225
67825,233
67826,229
67827,235
67828,232
67829,230
67830,227
67831,225
67832,223
67833,224
67834,227
67835,223
67836,217
67837,227
67838,231
67839,229
67840,225
67841,235
67842,230
67843,233
67844,230
67845,227
67846,230
67847,230
67848,225
67849,234
67850,234
67851,228
67852,227
67853,232
67854,229
67855,231
67856,229
67857,231
67858,225
67859,235
67860,231
67861,228
67862,233
67863,226
67864,223
67865,233
67866,224
67867,241
67868,227
67869,229
67870,226
67871,223
67872,229
67873,227
67874,233
67875,222
67876,229
67877,223
67878,231
67879,235
67880,236
67881,232
67882,229
67883,230
67884,236
67885,229
67886,231
67887,229
67888,227
67889,226
67890,231
67891,230
67892,231
67893,233
67894,227
67895,229
67896,230
67897,226
67898,228
67899,230
67900,235
67901,230
67902,233
67903,226
67904,226
67905,230
67906,229
67907,236
67908,223
67909,226
67910,223
67911,219
67912,220
67913,227
67914,232
67915,228
67916,220
67917,227
67918,220
67919,221
67920,215
67921,224
67922,222
67923,220
67924,222
67925,224
67926,225
67927,224
67928,229
67929,221
67930,228
67931,218
67932,224
67933,222
67934,220
67935,225
67936,219
67937,217
67938,223
67939,220
67940,220
67941,223
67942,225
67943,218
67944,218
67945,225
67946,214
67947,221
67948,218
67949,218
67950,218
67951,222
67952,221
67953,216
67954,219
67955,218
67956,218
67957,224
67958,223
67959,223
67960,226
67961,221
67962,219
67963,216
67964,224
67965,222
67966,217
67967,219
67968,222
67969,222
67970,223
67971,226
67972,225
67973,221
67974,225
67975,222
67976,217
67977,213
67978,222
67979,218
67980,221
67981,219
67982,219
67983,222
67984,223
67985,220
67986,211
67987,217
67988,217
67989,211
67990,210
67991,208
67992,210
67993,206
67994,203
67995,192
67996,194
67997,195
67998,199
67999,197
68000,199
68001,195
68002,192
68003,185
68004,194
68005,186
68006,195
68007,189
68008,194
68009,187
68010,191
68011,200
68012,192
68013,190
68014,190
68015,193
68016,192
68017,184
68018,188
68019,186
68020,185
68021,180
68022,184
68023,186
68024,185
68025,192
68026,190
68027,195
68028,189
68029,191
68030,188
68031,190
68032,188
68033,192
68034,193
68035,199
68036,191
68037,191
68038,192
68039,188
68040,188
68041,192
68042,183
68043,198
68044,200
68045,197
68046,196
68047,209
68048,203
68049,201
68050,203
68051,211
68052,204
68053,202
68054,204
68055,206
68056,201
68057,194
68058,197
68059,197
68060,199
68061,195
68062,197
68063,198
68064,192
68065,202
68066,207
68067,198
68068,201
68069,202
68070,201
68071,203
68072,205
68073,199
68074,203
68075,207
68076,196
68077,200
68078,201
68079,208
68080,201
68081,195
68082,202
68083,201
68084,201
68085,198
68086,203
68087,206
68088,195
68089,199
68090,198
68091,202
68092,202
68093,196
68094,206
68095,212
68096,200
68097,208
68098,201
68099,201
68100,202
68101,202
68102,205
68103,207
68104,200
68105,200
68106,199
68107,200
68108,204
68109,202
68110,202
68111,207
68112,195
68113,201
68114,202
68115,205
68116,201
68117,201
68118,199
68119,198
68120,213
68121,216
68122,219
68123,222
68124,226
68125,228
68126,224
68127,219
68128,216
68129,219
68130,211
68131,232
68132,238
68133,241
68134,244
68135,239
68136,239
68137,241
68138,238
68139,238
68140,245
68141,247
68142,259
68143,260
68144,257
68145,257
68146,258
68147,262
68148,267
68149,265
68150,267
68151,267
68152,268
68153,269
68154,265
68155,268
68156,280
68157,281
68158,276
68159,281
68160,273
68161,276
68162,285
68163,292
68164,291
68165,284
68166,286
68167,293
68168,293
68169,293
68170,294
68171,279
68172,282
68173,282
68174,270
68175,279
68176,280
68177,277
68178,275
68179,274
68180,269
68181,271
68182,266
68183,269
68184,264
68185,271
68186,271
68187,263
68188,256
68189,257
68190,257
68191,256
68192,248
68193,259
68194,252
68195,254
68196,253
68197,262
68198,259
68199,256
68200,257
68201,261
68202,259
68203,249
68204,245
68205,240
68206,241
68207,240
68208,227
68209,220
68210,212
68211,223
68212,219
68213,216
68214,217
68215,218
68216,207
68217,231
68218,239
68219,229
68220,233
68221,238
68222,242
68223,251
68224,251
68225,260
68226,251
68227,254
68228,262
68229,275
68230,300
68231,303
68232,270
68233,310
68234,329
68235,326
68236,327
68237,343
68238,339
68239,333
68240,329
68241,330
68242,324
68243,331
68244,329
68245,328
68246,328
68247,311
68248,322
68249,314
68250,306
68251,299
68252,300
68253,301
68254,297
68255,303
68256,293
68257,287
68258,294
68259,290
68260,286
68261,288
68262,283
68263,275
68264,276
68265,269
68266,268
68267,272
68268,274
68269,302
68270,319
68271,326
68272,334
68273,350
68274,359
68275,365
68276,375
68277,381
68278,369
68279,381
68280,381
68281,381
68282,370
68283,377
68284,371
68285,372
68286,361
68287,421
68288,93
68289,14
68290,3
68291,1
68292,0
68293,0
68294,0
68295,0
68296,0
68297,0
68298,0
68299,0
68300,0
68301,0
68302,0
68303,0
68304,0
68305,0
68306,0
68307,0
68308,0
68309,0
68310,0
68311,0
68312,0
68313,0
68314,0
68315,0
68316,0
68317,0
68318,0
68319,0
68320,0
68321,0
68322,0
68323,0
68324,0
68325,0
68326,0
68327,0
68328,0
68329,0
68330,0
68331,0
68332,0
68333,0
68334,0
68335,0
68336,0
68337,0
68338,0
68339,0
68340,0
68341,0
68342,0
68343,0
68344,0
68345,0
68346,0
68347,0
68348,0
68349,0
68350,0
68351,0
68352,0
68353,0
68354,0
68355,0
68356,0
68357,0
68358,0
68359,0
68360,0
68361,0
68362,0
68363,0
68364,0
68365,0
68366,0
68367,0
68368,0
68369,0
68370,0
68371,0
68372,0
68373,0
68374,0
68375,0
68376,0
68377,0
68378,0
68379,0
68380,0
68381,0
68382,0
68383,0
68384,0
68385,0
68386,0
68387,0
68388,1
68389,1
68390,0
68391,0
68392,1
68393,1
68394,1
68395,1
68396,1
68397,1
68398,1
68399,1
68400,1
68401,1
68402,1
68403,1
68404,2
68405,1
68406,1
68407,1
68408,1
68409,2
68410,1
68411,1
68412,2
68413,1
68414,1
68415,1
68416,2
68417,1
68418,1
68419,1
68420,2
68421,3
68422,1
68423,2
68424,2
68425,1
68426,2
68427,1
68428,1
68429,2
68430,1
68431,2
68432,2
68433,2
68434,1
68435,2
68436,1
68437,2
68438,2
68439,2
68440,2
68441,1
68442,2
68443,2
68444,1
68445,2
68446,1
68447,2
68448,1
68449,2
68450,2
68451,2
68452,2
68453,2
68454,2
68455,1
68456,2
68457,2
68458,1
68459,2
68460,2
68461,2
68462,2
68463,2
68464,3
68465,2
68466,2
68467,3
68468,3
68469,3
68470,2
68471,2
68472,3
68473,2
68474,3
68475,2
68476,2
68477,2
68478,2
68479,2
68480,2
68481,2
68482,2
68483,2
68484,2
68485,2
68486,2
68487,2
68488,2
68489,3
68490,2
68491,2
68492,3
68493,2
68494,2
68495,3
68496,2
68497,2
68498,3
68499,2
68500,2
68501,3
68502,3
68503,2
68504,2
68505,3
68506,3
68507,3
68508,3
68509,2
68510,2
68511,2
68512,2
68513,3
68514,2
68515,3
68516,2
68517,3
68518,2
68519,2
68520,3
68521,2
68522,3
68523,2
68524,3
68525,2
68526,3
68527,2
68528,2
68529,2
68530,2
68531,3
68532,2
68533,2
68534,2
68535,2
68536,2
68537,2
68538,3
68539,2
68540,3
68541,3
68542,3
68543,3
68544,2
68545,2
68546,2
68547,3
68548,2
68549,3
68550,3
68551,2
68552,3
68553,3
68554,3
68555,2
68556,2
68557,3
68558,3
68559,3
68560,2
68561,3
68562,3
68563,2
68564,3
68565,2
68566,3
68567,3
68568,3
68569,2
68570,2
68571,3
68572,3
68573,3
68574,4
68575,4
68576,3
68577,2
68578,3
68579,3
68580,3
68581,3
68582,3
68583,3
68584,2
68585,2
68586,2
68587,3
68588,3
68589,3
68590,3
68591,3
68592,2
68593,3
68594,3
68595,4
68596,3
68597,3
68598,3
68599,3
68600,2
68601,3
68602,4
68603,3
68604,4
68605,5
68606,4
68607,3
68608,2
68609,3
68610,3
68611,3
68612,3
68613,2
68614,3
68615,3
68616,3
68617,405
68618,309
68619,256
68620,257
68621,251
68622,250
68623,260
68624,250
68625,246
68626,252
68627,252
68628,251
68629,250
68630,255
68631,254
68632,255
68633,255
68634,249
68635,257
68636,256
68637,261
68638,257
68639,258
68640,256
68641,256
68642,262
68643,254
68644,248
68645,256
68646,251
68647,255
68648,253
68649,250
68650,250
68651,250
68652,252
68653,250
68654,249
68655,252
68656,252
68657,248
68658,247
68659,237
68660,240
68661,239
68662,237
68663,241
68664,238
68665,231
68666,237
68667,231
68668,230
68669,230
68670,227
68671,215
68672,213
68673,214
68674,211
68675,204
68676,209
68677,209
68678,193
68679,200
68680,203
68681,206
68682,193
68683,201
68684,203
68685,197
68686,196
68687,203
68688,193
68689,196
68690,200
68691,195
68692,193
68693,193
68694,192
68695,201
68696,201
68697,192
68698,197
68699,193
68700,197
68701,197
68702,200
68703,196
68704,199
68705,197
68706,194
68707,194
68708,197
68709,196
68710,193
68711,192
68712,196
68713,194
68714,202
68715,191
68716,195
68717,203
68718,191
68719,195
68720,195
68721,204
68722,199
68723,194
68724,199
68725,194
68726,195
68727,197
68728,200
68729,198
68730,197
68731,192
68732,199
68733,195
68734,194
68735,203
68736,193
68737,193
68738,195
68739,193
68740,192
68741,192
68742,197
68743,191
68744,193
68745,191
68746,188
68747,196
68748,194
68749,196
68750,189
68751,192
68752,194
68753,188
68754,187
68755,193
68756,195
68757,194
68758,194
68759,196
68760,194
68761,190
68762,192
68763,190
68764,185
68765,183
68766,190
68767,188
68768,185
68769,186
68770,185
68771,189
68772,183
68773,195
68774,183
68775,189
68776,187
68777,185
68778,181
68779,187
68780,177
68781,186
68782,183
68783,183
68784,178
68785,176
68786,181
68787,175
68788,175
68789,177
68790,175
68791,175
68792,170
68793,176
68794,176
68795,171
68796,168
68797,169
68798,168
68799,164
68800,172
68801,173
68802,169
68803,176
68804,167
68805,167
68806,166
68807,165
68808,167
68809,169
68810,167
68811,173
68812,171
68813,168
68814,171
68815,168
68816,171
68817,171
68818,167
68819,163
68820,163
68821,161
68822,164
68823,168
68824,164
68825,166
68826,166
68827,168
68828,168
68829,169
68830,166
68831,171
68832,166
68833,166
68834,164
68835,165
68836,163
68837,164
68838,157
68839,159
68840,163
68841,167
68842,166
68843,164
68844,167
68845,165
68846,162
68847,162
68848,164
68849,166
68850,165
68851,165
68852,165
68853,160
68854,162
68855,168
68856,163
68857,159
68858,160
68859,161
68860,163
68861,166
68862,162
68863,168
68864,171
68865,167
68866,176
68867,176
68868,176
68869,175
68870,176
68871,172
68872,186
68873,181
68874,181
68875,180
68876,183
68877,178
68878,171
68879,175
68880,181
68881,181
68882,190
68883,191
68884,187
68885,187
68886,190
68887,187
68888,193
68889,190
68890,188
68891,192
68892,187
68893,193
68894,194
68895,190
68896,192
68897,190
68898,193
68899,192
68900,197
68901,188
68902,193
68903,187
68904,191
68905,197
68906,197
68907,190
68908,192
68909,187
68910,197
68911,191
68912,190
68913,188
68914,191
68915,194
68916,192
68917,193
68918,187
68919,187
68920,190
68921,191
68922,200
68923,194
68924,197
68925,200
68926,191
68927,186
68928,201
68929,194
68930,198
68931,191
68932,192
68933,197
68934,194
68935,201
68936,192
68937,194
68938,203
68939,202
68940,192
68941,198
68942,198
68943,194
68944,200
68945,199
68946,201
68947,201
68948,197
68949,196
68950,196
68951,197
68952,194
68953,197
68954,200
68955,205
68956,201
68957,200
68958,201
68959,203
68960,202
68961,202
68962,193
68963,201
68964,203
68965,200
68966,201
68967,202
68968,206
68969,204
68970,204
68971,201
68972,199
68973,204
68974,205
68975,202
68976,198
68977,202
68978,205
68979,205
68980,200
68981,201
68982,203
68983,205
68984,204
68985,215
68986,203
68987,201
68988,199
68989,201
68990,204
68991,204
68992,202
68993,205
68994,204
68995,198
68996,198
68997,204
68998,203
68999,195
69000,203
69001,203
69002,205
69003,201
69004,200
69005,209
69006,212
69007,204
69008,208
69009,199
69010,205
69011,202
69012,210
69013,202
69014,207
69015,205
69016,208
69017,207
69018,206
69019,207
69020,205
69021,207
69022,199
69023,209
69024,210
69025,210
69026,206
69027,204
69028,206
69029,210
69030,206
69031,203
69032,209
69033,201
69034,203
69035,211
69036,210
69037,205
69038,208
69039,206
69040,213
69041,207
69042,208
69043,203
69044,203
69045,207
69046,205
69047,210
69048,217
69049,208
69050,208
69051,202
69052,206
69053,205
69054,211
69055,204
69056,210
69057,206
69058,208
69059,211
69060,210
69061,207
69062,216
69063,218
69064,214
69065,207
69066,209
69067,206
69068,215
69069,207
69070,209
69071,211
69072,215
69073,210
69074,212
69075,209
69076,210
69077,216
69078,205
69079,219
69080,215
69081,215
69082,213
69083,212
69084,217
69085,220
69086,211
69087,217
69088,212
69089,213
69090,217
69091,214
69092,215
69093,219
69094,218
69095,212
69096,219
69097,212
69098,221
69099,216
69100,218
69101,220
69102,216
69103,214
69104,221
69105,219
69106,220
69107,219
69108,219
69109,214
69110,216
69111,217
69112,212
69113,218
69114,216
69115,217
69116,215
69117,229
69118,217
69119,222
69120,211
69121,224
69122,218
69123,218
69124,214
69125,217
69126,225
69127,207
69128,223
69129,216
69130,216
69131,219
69132,221
69133,222
69134,220
69135,227
69136,224
69137,223
69138,226
69139,218
69140,222
69141,223
69142,221
69143,221
69144,229
69145,220
69146,221
69147,224
69148,231
69149,227
69150,221
69151,226
69152,224
69153,228
69154,225
69155,226
69156,219
69157,229
69158,223
69159,225
69160,222
69161,221
69162,225
69163,223
69164,224
69165,227
69166,223
69167,226
69168,222
69169,228
69170,226
69171,229
69172,225
69173,227
69174,223
69175,220
69176,223
69177,216
69178,221
69179,222
69180,220
69181,229
69182,225
69183,223
69184,224
69185,223
69186,219
69187,220
69188,211
69189,215
69190,215
69191,213
69192,212
69193,219
69194,214
69195,213
69196,217
69197,218
69198,217
69199,213
69200,220
69201,214
69202,216
69203,220
69204,217
69205,219
69206,217
69207,222
69208,223
69209,219
69210,223
69211,221
69212,221
69213,218
69214,222
69215,216
69216,225
69217,222
69218,222
69219,221
69220,221
69221,219
69222,219
69223,219
69224,219
69225,218
69226,225
69227,225
69228,217
69229,226
69230,217
69231,220
69232,218
69233,220
69234,223
69235,222
69236,220
69237,226
69238,222
69239,219
69240,220
69241,224
69242,220
