data/raw/CPC_R1/CPC3772_Polar6_20150408_R1_L2.ict
33,1001
Abbatt,Jon
University of Toronto
Polar 6
NETCARE
1,1
2015,4,8,2016,1,15
1
time,seconds,seconds from start in UTC
1
1
-9999
conc,number of particles per cm3
0
18
PI_CONTACT_INFO: 80 St. George Street; Toronto; ON M5S 3H6 CANADA; email: jabbatt@chem.utoronto.ca
PLATFORM: Polar 6 aircraft
LOCATION: Canadian Arctic near Alert
ASSOCIATED_DATA: none
INSTRUMENT_INFO: data from TSI CPC3772
DATA_INFO: all relevant information is given above
UNCERTAINTY: to be determined
ULOD_FLAG: -7777
ULOD_VALUE: N/As
LLOD_FLAG: -8888
LLOD_VALUE: N/A
DM_CONTACT_INFO: Julia Burkart -- University of Toronto; jburkart@chem.utoronto.ca
PROJECT_INFO: Polar 6 NETCARE Spring 2015 campaign
STIPULATIONS_ON_USE: N/A
OTHER_COMMENTS: N/A
REVISION: R1
R1: validated data
time,conc
64384,-99999
64385,-99999
64386,-99999
64387,-99999
64388,-99999
64389,-99999
64390,-99999
64391,-99999
64392,-99999
64393,-99999
64394,-99999
64395,-99999
64396,-99999
64397,-99999
64398,-99999
64399,-99999
64400,-99999
64401,-99999
64402,-99999
64403,-99999
64404,232
64405,225
64406,228
64407,226
64408,219
64409,225
64410,225
64411,220
64412,229
64413,228
64414,221
64415,225
64416,226
64417,235
64418,241
64419,250
64420,267
64421,269
64422,311
64423,384
64424,387
64425,453
64426,517
64427,433
64428,437
64429,459
64430,461
64431,471
64432,467
64433,471
64434,456
64435,449
64436,464
64437,474
64438,493
64439,536
64440,575
64441,611
64442,631
64443,608
64444,583
64445,563
64446,570
64447,549
64448,531
64449,519
64450,511
64451,449
64452,461
64453,467
64454,443
64455,423
64456,423
64457,410
64458,411
64459,399
64460,351
64461,335
64462,326
64463,335
64464,307
64465,315
64466,294
64467,292
64468,274
64469,287
64470,270
64471,269
64472,271
64473,267
64474,265
64475,264
64476,264
64477,260
64478,265
64479,254
64480,261
64481,260
64482,260
64483,262
64484,262
64485,254
64486,250
64487,251
64488,249
64489,256
64490,251
64491,255
64492,257
64493,255
64494,253
64495,250
64496,252
64497,254
64498,253
64499,254
64500,262
64501,253
64502,249
64503,247
64504,254
64505,244
64506,247
64507,245
64508,255
64509,254
64510,250
64511,249
64512,257
64513,257
64514,260
64515,249
64516,261
64517,261
64518,270
64519,276
64520,270
64521,269
64522,264
64523,260
64524,265
64525,270
64526,276
64527,275
64528,274
64529,260
64530,254
64531,253
64532,248
64533,248
64534,244
64535,240
64536,234
64537,236
64538,253
64539,251
64540,258
64541,272
64542,250
64543,240
64544,242
64545,228
64546,233
64547,237
64548,231
64549,238
64550,232
64551,238
64552,231
64553,231
64554,235
64555,237
64556,237
64557,240
64558,240
64559,236
64560,231
64561,233
64562,236
64563,233
64564,236
64565,235
64566,241
64567,238
64568,237
64569,236
64570,237
64571,235
64572,225
64573,239
64574,239
64575,233
64576,234
64577,237
64578,231
64579,228
64580,234
64581,235
64582,233
64583,224
64584,239
64585,225
64586,235
64587,232
64588,234
64589,228
64590,232
64591,227
64592,229
64593,228
64594,228
64595,224
64596,226
64597,225
64598,231
64599,227
64600,224
64601,234
64602,227
64603,227
64604,226
64605,231
64606,216
64607,229
64608,219
64609,223
64610,218
64611,224
64612,218
64613,222
64614,217
64615,226
64616,222
64617,217
64618,229
64619,227
64620,232
64621,236
64622,238
64623,240
64624,232
64625,231
64626,235
64627,226
64628,241
64629,238
64630,241
64631,237
64632,238
64633,238
64634,227
64635,235
64636,232
64637,238
64638,232
64639,237
64640,236
64641,237
64642,241
64643,238
64644,247
64645,242
64646,249
64647,247
64648,244
64649,241
64650,241
64651,238
64652,243
64653,241
64654,239
64655,239
64656,237
64657,236
64658,240
64659,237
64660,237
64661,231
64662,236
64663,240
64664,236
64665,230
64666,237
64667,236
64668,233
64669,238
64670,233
64671,232
64672,241
64673,236
64674,239
64675,236
64676,237
64677,226
64678,233
64679,236
64680,229
64681,235
64682,240
64683,233
64684,238
64685,228
64686,230
64687,231
64688,232
64689,240
64690,237
64691,236
64692,236
64693,229
64694,238
64695,238
64696,243
64697,245
64698,244
64699,245
64700,242
64701,246
64702,248
64703,249
64704,250
64705,246
64706,237
64707,243
64708,249
64709,250
64710,253
64711,249
64712,252
64713,236
64714,245
64715,236
64716,244
64717,249
64718,251
64719,241
64720,250
64721,247
64722,242
64723,252
64724,248
64725,248
64726,242
64727,247
64728,255
64729,247
64730,252
64731,259
64732,255
64733,251
64734,248
64735,248
64736,257
64737,252
64738,256
64739,254
64740,248
64741,254
64742,252
64743,249
64744,259
64745,252
64746,255
64747,258
64748,257
64749,258
64750,257
64751,252
64752,261
64753,270
64754,256
64755,255
64756,260
64757,255
64758,253
64759,252
64760,254
64761,251
64762,253
64763,257
64764,260
64765,263
64766,264
64767,259
64768,265
64769,261
64770,280
64771,261
64772,264
64773,256
64774,263
64775,268
64776,264
64777,271
64778,269
64779,265
64780,267
64781,261
64782,264
64783,266
64784,259
64785,261
64786,265
64787,267
64788,266
64789,259
64790,257
64791,263
64792,255
64793,257
64794,254
64795,256
64796,249
64797,249
64798,254
64799,248
64800,245
64801,245
64802,252
64803,252
64804,252
64805,247
64806,248
64807,250
64808,240
64809,248
64810,249
64811,241
64812,244
64813,246
64814,246
64815,241
64816,245
64817,242
64818,245
64819,243
64820,237
64821,235
64822,238
64823,233
64824,238
64825,232
64826,242
64827,238
64828,235
64829,235
64830,233
64831,230
64832,233
64833,230
64834,239
64835,232
64836,239
64837,233
64838,227
64839,226
64840,238
64841,225
64842,224
64843,227
64844,227
64845,227
64846,228
64847,222
64848,224
64849,228
64850,219
64851,221
64852,224
64853,222
64854,222
64855,219
64856,223
64857,213
64858,227
64859,222
64860,224
64861,219
64862,219
64863,223
64864,219
64865,214
64866,221
64867,217
64868,221
64869,220
64870,221
64871,213
64872,219
64873,212
64874,221
64875,218
64876,228
64877,228
64878,219
64879,223
64880,224
64881,218
64882,223
64883,229
64884,224
64885,218
64886,223
64887,225
64888,222
64889,222
64890,212
64891,218
64892,213
64893,219
64894,219
64895,217
64896,220
64897,221
64898,224
64899,220
64900,218
64901,221
64902,218
64903,216
64904,210
64905,212
64906,223
64907,218
64908,221
64909,212
64910,219
64911,212
64912,225
64913,211
64914,215
64915,223
64916,217
64917,208
64918,217
64919,224
64920,217
64921,229
64922,221
64923,217
64924,223
64925,223
64926,228
64927,227
64928,230
64929,244
64930,242
64931,242
64932,247
64933,244
64934,241
64935,244
64936,249
64937,233
64938,236
64939,244
64940,243
64941,240
64942,242
64943,241
64944,235
64945,231
64946,224
64947,228
64948,233
64949,229
64950,226
64951,229
64952,227
64953,225
64954,236
64955,229
64956,233
64957,228
64958,223
64959,229
64960,224
64961,228
64962,230
64963,228
64964,228
64965,229
64966,221
64967,232
64968,240
64969,239
64970,245
64971,237
64972,236
64973,238
64974,236
64975,239
64976,237
64977,236
64978,237
64979,245
64980,243
64981,252
64982,251
64983,242
64984,236
64985,240
64986,247
64987,237
64988,249
64989,242
64990,255
64991,241
64992,240
64993,239
64994,245
64995,240
64996,236
64997,237
64998,238
64999,242
65000,243
65001,242
65002,239
65003,237
65004,238
65005,245
65006,241
65007,249
65008,255
65009,253
65010,246
65011,257
65012,249
65013,246
65014,249
65015,241
65016,250
65017,251
65018,241
65019,254
65020,250
65021,247
65022,242
65023,244
65024,247
65025,256
65026,255
65027,253
65028,249
65029,255
65030,250
65031,258
65032,254
65033,255
65034,250
65035,247
65036,246
65037,261
65038,247
65039,243
65040,247
65041,250
65042,247
65043,252
65044,243
65045,252
65046,243
65047,249
65048,252
65049,255
65050,258
65051,251
65052,258
65053,257
65054,251
65055,255
65056,260
65057,258
65058,267
65059,261
65060,259
65061,258
65062,260
65063,258
65064,261
65065,264
65066,259
65067,264
65068,257
65069,261
65070,270
65071,269
65072,273
65073,267
65074,264
65075,264
65076,271
65077,260
65078,271
65079,259
65080,269
65081,257
65082,261
65083,257
65084,272
65085,270
65086,277
65087,270
65088,273
65089,268
65090,273
65091,273
65092,281
65093,270
65094,277
65095,275
65096,275
65097,277
65098,278
65099,268
65100,273
65101,275
65102,267
65103,269
65104,274
65105,274
65106,270
65107,283
65108,277
65109,277
65110,272
65111,266
65112,272
65113,274
65114,276
65115,280
65116,282
65117,287
65118,282
65119,279
65120,280
65121,288
65122,285
65123,287
65124,290
65125,282
65126,281
65127,281
65128,278
65129,286
65130,283
65131,284
65132,279
65133,287
65134,288
65135,281
65136,291
65137,282
65138,287
65139,280
65140,283
65141,284
65142,284
65143,282
65144,285
65145,286
65146,286
65147,282
65148,280
65149,281
65150,281
65151,282
65152,281
65153,276
65154,277
65155,285
65156,292
65157,285
65158,278
65159,291
65160,288
65161,283
65162,290
65163,285
65164,293
65165,285
65166,288
65167,286
65168,288
65169,285
65170,290
65171,288
65172,285
65173,292
65174,292
65175,294
65176,288
65177,285
65178,284
65179,288
65180,287
65181,290
65182,282
65183,289
65184,289
65185,287
65186,292
65187,283
65188,286
65189,291
65190,292
65191,289
65192,290
65193,291
65194,295
65195,289
65196,289
65197,295
65198,287
65199,288
65200,292
65201,287
65202,294
65203,291
65204,289
65205,284
65206,287
65207,287
65208,296
65209,293
65210,282
65211,282
65212,290
65213,293
65214,287
65215,288
65216,295
65217,283
65218,294
65219,288
65220,293
65221,290
65222,290
65223,287
65224,293
65225,297
65226,291
65227,290
65228,293
65229,302
65230,306
65231,296
65232,302
65233,307
65234,304
65235,304
65236,301
65237,308
65238,306
65239,319
65240,325
65241,330
65242,332
65243,348
65244,363
65245,369
65246,376
65247,381
65248,381
65249,376
65250,387
65251,380
65252,387
65253,391
65254,385
65255,390
65256,392
65257,393
65258,389
65259,404
65260,397
65261,396
65262,398
65263,391
65264,402
65265,387
65266,395
65267,392
65268,401
65269,392
65270,385
65271,378
65272,389
65273,381
65274,387
65275,380
65276,385
65277,380
65278,387
65279,387
65280,373
65281,387
65282,391
65283,389
65284,387
65285,397
65286,399
65287,400
65288,398
65289,400
65290,395
65291,390
65292,386
65293,392
65294,395
65295,397
65296,406
65297,389
65298,399
65299,401
65300,396
65301,399
65302,385
65303,389
65304,385
65305,394
65306,385
65307,384
65308,386
65309,394
65310,401
65311,400
65312,410
65313,404
65314,402
65315,410
65316,428
65317,424
65318,411
65319,412
65320,410
65321,410
65322,408
65323,405
65324,414
65325,418
65326,419
65327,425
65328,415
65329,423
65330,415
65331,428
65332,440
65333,433
65334,428
65335,416
65336,406
65337,409
65338,418
65339,415
65340,406
65341,404
65342,407
65343,413
65344,403
65345,414
65346,407
65347,422
65348,415
65349,412
65350,422
65351,410
65352,423
65353,417
65354,417
65355,425
65356,416
65357,420
65358,435
65359,421
65360,423
65361,435
65362,428
65363,429
65364,427
65365,419
65366,421
65367,425
65368,417
65369,417
65370,417
65371,436
65372,424
65373,434
65374,433
65375,432
65376,440
65377,437
65378,444
65379,443
65380,443
65381,439
65382,440
65383,436
65384,435
65385,440
65386,445
65387,432
65388,450
65389,446
65390,451
65391,443
65392,447
65393,441
65394,448
65395,435
65396,442
65397,443
65398,445
65399,449
65400,433
65401,438
65402,440
65403,448
65404,432
65405,434
65406,433
65407,428
65408,433
65409,430
65410,438
65411,433
65412,436
65413,429
65414,433
65415,431
65416,436
65417,428
65418,428
65419,432
65420,433
65421,428
65422,433
65423,424
65424,423
65425,428
65426,426
65427,429
65428,430
65429,420
65430,430
65431,432
65432,428
65433,421
65434,418
65435,422
65436,424
65437,423
65438,432
65439,420
65440,434
65441,440
65442,440
65443,442
65444,444
65445,439
65446,450
65447,450
65448,446
65449,459
65450,449
65451,454
65452,454
65453,463
65454,458
65455,465
65456,461
65457,451
65458,459
65459,460
65460,454
65461,485
65462,462
65463,457
65464,477
65465,459
65466,472
65467,460
65468,474
65469,458
65470,461
65471,455
65472,462
65473,466
65474,457
65475,464
65476,458
65477,452
65478,471
65479,471
65480,474
65481,472
65482,462
65483,474
65484,472
65485,477
65486,470
65487,476
65488,469
65489,477
65490,469
65491,471
65492,469
65493,466
65494,463
65495,463
65496,467
65497,462
65498,473
65499,472
65500,475
65501,481
65502,467
65503,469
65504,480
65505,480
65506,472
65507,486
65508,477
65509,484
65510,480
65511,481
65512,480
65513,489
65514,490
65515,493
65516,501
65517,493
65518,501
65519,493
65520,495
65521,488
65522,493
65523,497
65524,490
65525,485
65526,487
65527,495
65528,494
65529,480
65530,479
65531,462
65532,489
65533,484
65534,471
65535,472
65536,481
65537,456
65538,457
65539,460
65540,457
65541,445
65542,431
65543,428
65544,435
65545,429
65546,419
65547,433
65548,427
65549,421
65550,421
65551,432
65552,415
65553,411
65554,417
65555,432
65556,415
65557,417
65558,412
65559,405
65560,413
65561,411
65562,401
65563,404
65564,410
65565,406
65566,408
65567,412
65568,398
65569,401
65570,402
65571,406
65572,391
65573,385
65574,380
65575,382
65576,371
65577,378
65578,379
65579,386
65580,379
65581,378
65582,379
65583,375
65584,381
65585,380
65586,388
65587,373
65588,378
65589,385
65590,377
65591,381
65592,374
65593,381
65594,371
65595,363
65596,377
65597,376
65598,381
65599,377
65600,379
65601,388
65602,384
65603,376
65604,373
65605,381
65606,367
65607,375
65608,365
65609,379
65610,358
65611,369
65612,361
65613,358
65614,364
65615,360
65616,366
65617,362
65618,363
65619,361
65620,371
65621,371
65622,363
65623,364
65624,375
65625,374
65626,382
65627,377
65628,361
65629,360
65630,353
65631,353
65632,349
65633,352
65634,355
65635,339
65636,340
65637,356
65638,346
65639,346
65640,348
65641,347
65642,341
65643,344
65644,340
65645,339
65646,340
65647,339
65648,337
65649,342
65650,336
65651,334
65652,345
65653,331
65654,342
65655,338
65656,332
65657,333
65658,333
65659,339
65660,335
65661,332
65662,325
65663,335
65664,329
65665,333
65666,335
65667,322
65668,319
65669,324
65670,329
65671,320
65672,318
65673,311
65674,319
65675,317
65676,310
65677,315
65678,316
65679,312
65680,316
65681,311
65682,313
65683,322
65684,314
65685,318
65686,312
65687,316
65688,312
65689,315
65690,311
65691,311
65692,302
65693,307
65694,311
65695,302
65696,304
65697,319
65698,306
65699,310
65700,305
65701,302
65702,304
65703,298
65704,291
65705,306
65706,305
65707,305
65708,309
65709,303
65710,306
65711,300
65712,306
65713,308
65714,312
65715,306
65716,312
65717,306
65718,306
65719,299
65720,304
65721,303
65722,313
65723,311
65724,308
65725,321
65726,317
65727,318
65728,306
65729,323
65730,321
65731,302
65732,308
65733,303
65734,302
65735,300
65736,303
65737,293
65738,284
65739,288
65740,291
65741,291
65742,298
65743,290
65744,291
65745,297
65746,299
65747,301
65748,289
65749,297
65750,282
65751,298
65752,292
65753,290
65754,295
65755,301
65756,313
65757,296
65758,299
65759,299
65760,304
65761,302
65762,309
65763,306
65764,300
65765,301
65766,303
65767,304
65768,302
65769,312
65770,308
65771,306
65772,309
65773,317
65774,306
65775,302
65776,306
65777,303
65778,309
65779,307
65780,302
65781,305
65782,300
65783,310
65784,311
65785,312
65786,314
65787,318
65788,315
65789,310
65790,313
65791,316
65792,304
65793,308
65794,306
65795,319
65796,320
65797,309
65798,313
65799,315
65800,313
65801,311
65802,315
65803,314
65804,322
65805,322
65806,315
65807,312
65808,317
65809,320
65810,325
65811,316
65812,313
65813,323
65814,323
65815,338
65816,339
65817,347
65818,338
65819,350
65820,342
65821,334
65822,350
65823,337
65824,345
65825,330
65826,346
65827,346
65828,341
65829,344
65830,349
65831,341
65832,341
65833,344
65834,339
65835,339
65836,330
65837,336
65838,339
65839,351
65840,336
65841,342
65842,346
65843,350
65844,347
65845,345
65846,351
65847,349
65848,353
65849,350
65850,349
65851,348
65852,358
65853,350
65854,349
65855,346
65856,347
65857,345
65858,354
65859,346
65860,347
65861,351
65862,342
65863,333
65864,332
65865,342
65866,354
65867,364
65868,366
65869,349
65870,354
65871,358
65872,360
65873,369
65874,361
65875,371
65876,369
65877,366
65878,372
65879,375
65880,381
65881,385
65882,397
65883,400
65884,398
65885,391
65886,404
65887,409
65888,407
65889,413
65890,410
65891,407
65892,405
65893,393
65894,393
65895,400
65896,403
65897,411
65898,415
65899,416
65900,416
65901,409
65902,409
65903,421
65904,409
65905,416
65906,428
65907,427
65908,440
65909,439
65910,445
65911,446
65912,450
65913,458
65914,450
65915,459
65916,452
65917,468
65918,463
65919,467
65920,473
65921,462
65922,474
65923,476
65924,475
65925,475
65926,463
65927,475
65928,481
65929,475
65930,481
65931,470
65932,477
65933,474
65934,463
65935,465
65936,456
65937,458
65938,459
65939,455
65940,453
65941,449
65942,441
65943,437
65944,423
65945,430
65946,425
65947,426
65948,425
65949,435
65950,457
65951,459
65952,444
65953,458
65954,456
65955,469
65956,448
65957,442
65958,449
65959,449
65960,448
65961,434
65962,434
65963,445
65964,441
65965,450
65966,449
65967,433
65968,431
65969,436
65970,439
65971,439
65972,438
65973,441
65974,429
65975,421
65976,421
65977,417
