data/raw/CPC_R1/CPC3772_Polar6_20150408_R1_L2.ict
33,1001
Abbatt,Jon
University of Toronto
Polar 6
NETCARE
1,1
2015,4,8,2016,1,15
1
time,seconds,seconds from start in UTC
1
1
-9999
conc,number of particles per cm3
0
18
PI_CONTACT_INFO: 80 St. George Street; Toronto; ON M5S 3H6 CANADA; email: jabbatt@chem.utoronto.ca
PLATFORM: Polar 6 aircraft
LOCATION: Canadian Arctic near Alert
ASSOCIATED_DATA: none
INSTRUMENT_INFO: data from TSI CPC3772
DATA_INFO: all relevant information is given above
UNCERTAINTY: to be determined
ULOD_FLAG: -7777
ULOD_VALUE: N/As
LLOD_FLAG: -8888
LLOD_VALUE: N/A
DM_CONTACT_INFO: Julia Burkart -- University of Toronto; jburkart@chem.utoronto.ca
PROJECT_INFO: Polar 6 NETCARE Spring 2015 campaign
STIPULATIONS_ON_USE: N/A
OTHER_COMMENTS: N/A
REVISION: R1
R1: validated data
time,conc
[from data line 1595]
65979,415
65980,423
65981,419
65982,419
65983,429
65984,422
65985,424
65986,417
65987,419
65988,424
65989,432
65990,413
65991,415
65992,411
65993,411
65994,420
65995,408
65996,416
65997,414
65998,417
65999,420
66000,419
66001,415
66002,418
66003,417
66004,415
66005,409
66006,424
66007,419
66008,407
66009,408
66010,402
66011,405
66012,402
66013,395
66014,418
66015,422
66016,426
66017,414
66018,422
66019,415
66020,418
66021,430
66022,416
66023,423
66024,426
66025,431
66026,418
66027,417
66028,400
66029,381
66030,386
66031,379
66032,380
66033,379
66034,390
66035,383
66036,384
66037,393
66038,404
66039,400
66040,390
66041,390
66042,393
66043,397
66044,400
66045,396
66046,410
66047,401
66048,415
66049,397
66050,403
66051,401
66052,404
66053,403
66054,419
66055,416
66056,418
66057,414
66058,412
66059,421
66060,422
66061,419
66062,421
66063,430
66064,414
66065,427
66066,414
66067,414
66068,410
66069,404
66070,402
66071,402
66072,411
66073,409
66074,403
66075,401
66076,402
66077,410
66078,415
66079,408
66080,406
66081,405
66082,413
66083,414
66084,411
66085,410
66086,412
66087,415
66088,416
66089,412
66090,416
66091,417
66092,407
66093,410
66094,424
66095,413
66096,418
66097,417
66098,418
66099,410
66100,409
66101,416
66102,420
66103,427
66104,416
66105,419
66106,419
66107,424
66108,415
66109,421
66110,421
66111,422
66112,428
66113,420
66114,428
66115,434
66116,444
66117,444
66118,463
66119,472
66120,489
66121,491
66122,492
66123,491
66124,489
66125,500
66126,503
66127,503
66128,507
66129,522
66130,514
66131,520
66132,524
66133,521
66134,529
66135,527
66136,525
66137,525
66138,529
66139,523
66140,532
66141,529
66142,530
66143,530
66144,539
66145,526
66146,525
66147,522
66148,535
66149,525
66150,530
66151,526
66152,542
66153,527
66154,522
66155,528
66156,508
66157,527
66158,516
66159,512
66160,537
66161,532
66162,523
66163,512
66164,508
66165,516
66166,522
66167,514
66168,536
66169,528
66170,528
66171,536
66172,536
66173,535
66174,534
66175,534
66176,521
66177,525
66178,527
66179,527
66180,536
66181,532
66182,536
66183,534
66184,526
66185,533
66186,507
66187,526
66188,521
66189,536
66190,529
66191,533
66192,527
66193,530
66194,521
66195,528
66196,526
66197,520
66198,524
66199,529
66200,518
66201,530
66202,531
66203,521
66204,528
66205,516
66206,520
66207,524
66208,520
66209,532
66210,530
66211,526
66212,535
66213,541
66214,532
66215,535
66216,538
66217,537
66218,542
66219,544
66220,535
66221,536
66222,531
66223,547
66224,543
66225,547
66226,549
66227,543
66228,540
66229,542
66230,536
66231,550
66232,533
66233,530
66234,539
66235,528
66236,537
66237,535
66238,526
66239,526
66240,527
66241,526
66242,533
66243,525
66244,530
66245,530
66246,529
66247,521
66248,522
66249,539
66250,529
66251,531
66252,528
66253,542
66254,527
66255,538
66256,532
66257,523
66258,527
66259,527
66260,511
66261,506
66262,515
66263,519
66264,510
66265,514
66266,519
66267,510
66268,509
66269,513
66270,516
66271,508
66272,513
66273,511
66274,515
66275,512
66276,492
66277,499
66278,521
66279,517
66280,518
66281,516
66282,518
66283,520
66284,514
66285,509
66286,515
66287,516
66288,508
66289,519
66290,511
66291,518
66292,516
66293,525
66294,519
66295,517
66296,519
66297,517
66298,512
66299,519
66300,521
66301,514
66302,501
66303,503
66304,505
66305,510
66306,516
66307,518
66308,497
66309,507
66310,516
66311,506
66312,505
66313,506
66314,505
66315,504
66316,504
66317,511
66318,502
66319,509
66320,504
66321,525
66322,519
66323,521
66324,515
66325,519
66326,504
66327,501
66328,497
66329,507
66330,505
66331,514
66332,507
66333,504
66334,510
66335,508
66336,511
66337,516
66338,521
66339,503
66340,506
66341,499
66342,498
66343,509
66344,512
66345,509
66346,498
66347,494
66348,493
66349,506
66350,506
66351,514
66352,511
66353,499
66354,506
66355,505
66356,499
66357,511
66358,497
66359,496
66360,507
66361,521
66362,510
66363,510
66364,528
66365,507
66366,512
66367,505
66368,497
66369,504
66370,518
66371,527
66372,526
66373,534
66374,530
66375,524
66376,535
66377,525
66378,533
66379,511
66380,532
66381,521
66382,530
66383,536
66384,528
66385,531
66386,527
66387,541
66388,527
66389,526
66390,525
66391,532
66392,528
66393,530
66394,526
66395,525
66396,506
66397,498
66398,495
66399,492
66400,489
66401,492
66402,496
66403,479
66404,485
66405,486
66406,486
66407,491
66408,501
66409,498
66410,503
66411,498
66412,493
66413,492
66414,493
66415,488
66416,483
66417,493
66418,477
66419,478
66420,484
66421,466
66422,480
66423,464
66424,458
66425,449
66426,440
66427,441
66428,447
66429,442
66430,442
66431,435
66432,420
66433,426
66434,430
66435,429
66436,425
66437,436
66438,438
66439,430
66440,422
66441,426
66442,414
66443,410
66444,417
66445,407
66446,409
66447,412
66448,410
66449,414
66450,412
66451,420
66452,425
66453,427
66454,421
66455,414
66456,412
66457,434
66458,434
66459,434
66460,421
66461,423
66462,429
66463,413
66464,422
66465,435
66466,434
66467,428
66468,427
66469,422
66470,417
66471,411
66472,392
66473,397
66474,389
66475,395
66476,382
66477,388
66478,388
66479,391
66480,387
66481,394
66482,400
66483,402
66484,388
66485,395
66486,398
66487,401
66488,407
66489,411
66490,411
66491,424
66492,415
66493,425
66494,428
66495,421
66496,424
66497,428
66498,436
66499,420
66500,430
66501,421
66502,434
66503,424
66504,427
66505,429
66506,426
66507,422
66508,421
66509,418
66510,430
66511,435
66512,432
66513,430
66514,437
66515,425
66516,425
66517,418
66518,428
66519,433
66520,423
66521,421
66522,421
66523,422
66524,420
66525,415
66526,409
66527,416
66528,415
66529,409
66530,408
66531,412
66532,398
66533,404
66534,409
66535,410
66536,411
66537,408
66538,411
66539,420
66540,428
66541,420
66542,417
66543,418
66544,409
66545,409
66546,403
66547,397
66548,403
66549,398
66550,397
66551,386
66552,380
66553,383
66554,385
66555,387
66556,378
66557,380
66558,369
66559,366
66560,374
66561,372
66562,363
66563,374
66564,362
66565,374
66566,365
66567,379
66568,369
66569,367
66570,354
66571,361
66572,362
66573,363
66574,363
66575,356
66576,354
66577,369
66578,364
66579,358
66580,352
66581,353
66582,364
66583,355
66584,356
66585,359
66586,351
66587,357
66588,356
66589,354
66590,340
66591,327
66592,333
66593,332
66594,327
66595,342
66596,329
66597,339
66598,338
66599,329
66600,330
66601,325
66602,338
66603,330
66604,328
66605,329
66606,320
66607,321
66608,325
66609,327
66610,328
66611,329
66612,323
66613,336
66614,323
66615,326
66616,324
66617,335
66618,343
66619,340
66620,339
66621,339
66622,333
66623,346
66624,355
66625,358
66626,367
66627,351
66628,354
66629,378
66630,390
66631,397
66632,419
66633,421
66634,427
66635,431
66636,430
66637,442
66638,440
66639,435
66640,440
66641,435
66642,441
66643,456
66644,458
66645,459
66646,460
66647,466
66648,470
66649,467
66650,479
66651,471
66652,482
66653,471
66654,478
66655,499
66656,498
66657,498
66658,502
66659,499
66660,500
66661,488
66662,498
66663,498
66664,489
66665,470
66666,484
66667,471
66668,474
66669,457
66670,450
66671,441
66672,441
66673,433
66674,420
66675,413
66676,421
66677,402
66678,402
66679,406
66680,412
66681,409
66682,412
66683,412
66684,416
66685,416
66686,417
66687,416
66688,411
66689,424
66690,432
66691,435
66692,439
66693,446
66694,445
66695,443
66696,443
66697,448
66698,438
66699,450
66700,444
66701,441
66702,447
66703,445
66704,441
66705,434
66706,446
66707,437
66708,445
66709,445
66710,437
66711,434
66712,432
66713,435
66714,439
66715,441
66716,431
66717,434
66718,430
66719,439
66720,430
66721,435
66722,416
66723,420
66724,417
66725,412
66726,414
66727,411
66728,402
66729,407
66730,416
66731,407
66732,413
66733,417
66734,416
66735,422
66736,430
66737,427
66738,426
66739,435
66740,426
66741,421
66742,430
66743,430
66744,428
66745,437
66746,433
66747,430
66748,426
66749,427
66750,433
66751,429
66752,432
66753,431
66754,427
66755,432
66756,415
66757,429
66758,425
66759,425
66760,425
66761,429
66762,419
66763,414
66764,426
66765,412
66766,416
66767,416
66768,409
66769,414
66770,419
66771,413
66772,426
66773,420
66774,412
66775,415
66776,415
66777,400
66778,402
66779,404
66780,402
66781,412
66782,400
66783,411
66784,415
66785,417
66786,414
66787,404
66788,407
66789,416
66790,409
66791,417
66792,412
66793,411
66794,408
66795,403
66796,415
66797,409
66798,399
66799,401
66800,399
66801,401
66802,409
66803,409
66804,399
66805,405
66806,409
66807,402
66808,415
66809,400
66810,404
66811,409
66812,409
66813,405
66814,406
66815,408
66816,413
66817,415
66818,418
66819,414
66820,412
66821,415
66822,399
66823,391
66824,396
66825,393
66826,392
66827,385
66828,391
66829,389
66830,396
66831,397
66832,401
66833,412
66834,406
66835,417
66836,417
66837,410
66838,406
66839,401
66840,394
66841,399
66842,387
66843,389
66844,392
66845,392
66846,390
66847,400
66848,385
66849,390
66850,394
66851,400
66852,390
66853,385
66854,386
66855,394
66856,386
66857,384
66858,389
66859,385
66860,382
66861,387
66862,383
66863,390
66864,392
66865,390
66866,392
66867,394
66868,401
66869,390
66870,399
66871,388
66872,389
66873,388
66874,387
66875,384
66876,386
66877,395
66878,393
66879,384
66880,378
66881,388
66882,376
66883,376
66884,375
66885,372
66886,376
66887,381
66888,378
66889,389
66890,378
66891,383
66892,383
66893,384
66894,388
66895,384
66896,373
66897,378
66898,372
66899,380
66900,374
66901,373
66902,366
66903,363
66904,359
66905,357
66906,348
66907,352
66908,358
66909,348
66910,357
66911,352
66912,356
66913,361
66914,365
66915,364
66916,372
66917,373
66918,371
66919,363
66920,361
66921,361
66922,343
66923,346
66924,341
66925,337
66926,342
66927,337
66928,337
66929,338
66930,344
66931,344
66932,344
66933,337
66934,339
66935,338
66936,340
66937,349
66938,344
66939,345
66940,344
66941,343
66942,346
66943,342
66944,339
66945,345
66946,335
66947,336
66948,337
66949,327
66950,340
66951,336
66952,336
66953,337
66954,341
66955,336
66956,334
66957,337
66958,337
66959,339
66960,337
66961,340
66962,348
66963,339
66964,338
66965,343
66966,341
66967,342
66968,336
66969,341
66970,336
66971,345
66972,347
66973,338
66974,338
66975,340
66976,347
66977,352
66978,354
66979,349
66980,348
66981,347
66982,347
66983,350
66984,347
66985,349
66986,354
66987,353
66988,346
66989,351
66990,348
66991,353
66992,355
66993,351
66994,352
66995,357
66996,344
66997,347
66998,353
66999,347
67000,350
67001,353
67002,352
67003,359
67004,340
67005,346
67006,340
67007,340
67008,350
67009,351
67010,346
67011,342
67012,344
67013,331
67014,336
67015,332
67016,338
67017,335
67018,324
67019,334
67020,328
67021,324
67022,314
67023,319
67024,320
67025,321
67026,319
67027,323
67028,328
67029,322
67030,327
67031,315
67032,317
67033,318
67034,318
67035,312
67036,321
67037,330
67038,329
67039,311
67040,320
67041,321
67042,318
67043,320
67044,323
67045,332
67046,331
67047,324
67048,326
67049,325
67050,332
67051,327
67052,333
67053,338
67054,327
67055,328
67056,331
67057,330
67058,323
67059,330
67060,324
67061,325
67062,323
67063,327
67064,324
67065,319
67066,315
67067,311
67068,312
67069,311
67070,308
67071,304
67072,309
67073,292
67074,299
67075,296
67076,298
67077,290
67078,282
67079,288
67080,287
67081,287
67082,276
67083,292
67084,284
67085,279
67086,283
67087,280
67088,276
67089,274
67090,276
67091,267
67092,274
67093,279
67094,274
67095,282
67096,277
67097,267
67098,275
67099,272
67100,264
67101,276
67102,275
67103,279
67104,280
67105,278
67106,270
67107,267
67108,274
67109,278
67110,273
67111,273
67112,279
67113,272
67114,274
67115,278
67116,278
67117,271
67118,275
67119,278
67120,273
67121,279
67122,281
67123,281
67124,275
67125,265
67126,269
67127,272
67128,269
67129,267
67130,272
67131,265
67132,274
67133,274
67134,267
67135,275
67136,274
67137,277
67138,266
67139,271
67140,266
67141,273
67142,270
67143,268
67144,271
67145,273
67146,278
67147,278
67148,276
67149,283
67150,280
67151,275
67152,280
67153,276
67154,282
67155,272
67156,280
67157,271
67158,273
67159,278
67160,280
67161,284
67162,279
67163,278
67164,280
67165,270
67166,278
67167,270
67168,281
67169,282
67170,274
67171,278
67172,273
67173,278
67174,282
67175,274
67176,279
67177,274
67178,283
67179,278
67180,280
67181,277
67182,286
67183,278
67184,280
67185,283
67186,282
67187,290
67188,279
67189,281
67190,283
67191,276
67192,280
67193,278
67194,282
67195,285
67196,287
67197,283
67198,281
67199,286
67200,282
67201,284
67202,276
67203,279
67204,282
67205,286
67206,282
67207,286
67208,279
67209,281
67210,279
67211,284
67212,282
67213,287
67214,292
67215,291
67216,295
67217,292
67218,298
67219,299
67220,292
67221,301
67222,300
67223,305
67224,313
67225,300
67226,301
67227,290
67228,298
67229,306
67230,318
67231,333
67232,334
67233,328
67234,338
67235,333
67236,345
67237,355
67238,368
67239,364
67240,366
67241,376
67242,387
67243,384
67244,395
67245,396
67246,407
67247,407
67248,403
67249,391
67250,401
67251,395
67252,406
67253,399
67254,396
67255,403
67256,398
67257,415
67258,399
67259,415
67260,412
67261,426
67262,419
67263,437
67264,431
67265,432
67266,434
67267,430
67268,436
67269,423
67270,437
67271,421
67272,424
67273,423
67274,424
67275,428
67276,433
67277,428
67278,427
67279,436
67280,423
67281,430
67282,427
67283,425
67284,437
67285,440
67286,434
67287,428
67288,435
67289,434
67290,440
67291,438
67292,439
67293,435
67294,432
67295,438
67296,438
67297,437
67298,449
67299,438
67300,445
67301,439
67302,441
67303,446
67304,437
67305,442
67306,432
67307,453
67308,440
67309,438
67310,440
67311,446
67312,446
67313,448
67314,444
67315,442
67316,450
67317,445
67318,451
67319,453
67320,449
67321,448
67322,446
67323,448
67324,453
67325,457
67326,448
67327,464
67328,457
67329,463
67330,452
67331,453
67332,453
67333,450
67334,455
67335,457
67336,455
67337,452
67338,463
67339,455
67340,450
67341,454
67342,465
67343,451
67344,453
67345,461
67346,445
67347,439
67348,455
67349,448
67350,450
67351,442
67352,437
67353,442
67354,434
67355,441
67356,443
67357,448
67358,440
67359,438
67360,430
67361,442
67362,435
67363,434
67364,432
67365,434
67366,426
67367,433
67368,430
67369,417
67370,434
67371,429
67372,435
67373,431
67374,421
67375,434
67376,429
67377,424
67378,428
67379,423
67380,432
67381,430
67382,426
67383,425
67384,431
67385,418
67386,424
67387,421
67388,414
67389,419
67390,422
67391,417
67392,423
67393,416
67394,417
67395,408
67396,410
67397,395
67398,418
67399,413
67400,408
67401,412
67402,411
67403,409
67404,409
67405,406
67406,405
67407,408
67408,405
67409,410
67410,420
67411,397
67412,395
67413,403
67414,406
67415,401
67416,395
67417,404
67418,399
67419,391
67420,407
67421,399
67422,397
67423,396
67424,413
67425,420
67426,396
67427,400
67428,405
67429,410
67430,392
67431,401
67432,398
67433,404
67434,404
67435,392
67436,392
67437,393
67438,395
67439,394
67440,394
67441,388
67442,402
67443,395
67444,394
67445,390
67446,393
67447,389
67448,400
67449,394
67450,398
67451,390
67452,393
67453,401
67454,402
67455,409
67456,405
67457,403
67458,395
67459,411
67460,400
67461,402
67462,402
67463,392
67464,399
67465,392
67466,392
67467,394
67468,393
67469,391
67470,396
67471,401
67472,393
67473,384
67474,386
67475,390
67476,382
67477,374
67478,382
67479,389
67480,385
67481,385
67482,393
67483,390
67484,389
67485,400
67486,394
67487,390
67488,391
67489,382
67490,394
67491,389
67492,391
67493,384
67494,397
67495,394
67496,386
67497,384
67498,376
67499,369
67500,379
67501,371
67502,367
67503,368
67504,374
67505,369
67506,361
67507,371
67508,368
67509,364
67510,360
67511,354
67512,344
67513,349
67514,355
67515,338
67516,335
67517,323
67518,335
67519,337
67520,333
67521,348
67522,352
67523,350
67524,358
67525,362
67526,353
67527,355
67528,348
67529,348
67530,359
67531,344
67532,331
67533,338
67534,335
67535,332
67536,329
67537,335
67538,325
67539,332
67540,332
67541,337
67542,320
67543,316
67544,320
67545,310
67546,314
67547,305
67548,291
67549,293
67550,289
67551,284
67552,284
67553,293
67554,292
67555,303
67556,290
67557,295
67558,295
67559,289
67560,285
67561,274
67562,285
67563,288
67564,281
67565,276
67566,274
67567,274
67568,272
67569,269
67570,276
67571,273
67572,268
67573,266
67574,273
67575,268
67576,274
67577,272
