data/raw/Flight5/CO2_POLAR6_20150409_R1_NETCARE.ict
34, 1001
Bozem, Heiko; Hoor, Peter
Institute for Atmospheric Physics, Johannes Gutenberg University, Mainz, Germany
CO2 mixing ratio from LI7200 CO2 analyzer
NETCARE Polar 6 Campaign 2015
1, 1
2015, 04, 09, 2015, 08, 12
1
Time_UTC, seconds
1
1
-9999.99
CO2_ppmv, ppmv
0
19
PI_CONTACT_INFO: Address: Johann-Joachim-Becherweg 21, 55128 Mainz, email: bozemh@uni-mainz.de; hoor@uni-mainz.de
PLATFORM: Polar 6
LOCATION: GPS location and altitude available at 1 Hz resolution in separate file (See AIMMS files under Aircraft data and meteorology)
ASSOCIATED_DATA: N/A
INSTRUMENT_INFO: CO2 measurements based on non-dispersive infrared absorption spectroscopy
DATA_INFO: Units are ppmv
UNCERTAINTY: UNCERTAINTY RELATIVE TO STANDARD: 1.71 ppmv at 1 sigma confidence (before drift correction is applied)
ULOD_FLAG: -7777
ULOD_VALUE: 3000
LLOD_FLAG: -8888
LLOD_VALUE: N/A 
DM_CONTACT_INFO: N/A
PROJECT_INFO: NETCARE Polar 6 aircraft campaign in April 2015; Alert
STIPULATIONS_ON_USE: N/A
OTHER_COMMENTS: N/A
REVISION: R1
R0: Preliminary data, corrected for instrument drift
R1: Final data, corrected for instrument drift
Time_UTC,CO2_ppmv
[from data line 10895]
60707,407.05
60708,407.08
60709,407.04
60710,407.14
60711,407.08
60712,407.16
60713,407.09
60714,407.06
60715,406.96
60716,406.95
60717,406.90
60718,406.97
60719,406.94
60720,406.92
60721,406.79
60722,406.82
60723,406.68
60724,406.49
60725,406.60
60726,406.50
60727,406.55
60728,406.48
60729,406.45
60730,406.42
60731,406.42
60732,406.38
60733,406.41
60734,406.31
60735,406.38
60736,406.40
60737,406.33
60738,406.21
60739,406.17
60740,406.05
60741,406.16
60742,406.16
60743,406.14
60744,406.18
60745,406.19
60746,406.07
60747,406.23
60748,406.29
60749,406.26
60750,406.28
60751,406.35
60752,406.39
60753,406.40
60754,406.51
60755,406.50
60756,406.59
60757,406.67
60758,406.72
60759,406.82
60760,406.94
60761,406.87
60762,407.04
60763,407.16
60764,407.03
60765,407.14
60766,407.14
60767,407.10
60768,407.12
60769,407.13
60770,407.25
60771,407.21
60772,407.16
60773,407.21
60774,407.21
60775,407.26
60776,407.27
60777,407.25
60778,407.19
60779,407.25
60780,407.21
60781,407.23
60782,407.25
60783,407.24
60784,407.23
60785,407.30
60786,407.26
60787,407.26
60788,407.27
60789,407.25
60790,407.32
60791,407.28
60792,407.32
60793,407.28
60794,407.27
60795,407.27
60796,407.21
60797,407.16
60798,407.15
60799,407.17
60800,407.20
60801,407.27
60802,407.17
60803,407.29
60804,407.24
60805,407.25
60806,407.29
60807,407.20
60808,407.20
60809,407.24
60810,407.34
60811,407.22
60812,407.14
60813,407.28
60814,407.23
60815,407.23
60816,407.14
60817,407.31
60818,407.27
60819,407.34
60820,407.26
60821,407.35
60822,407.19
60823,407.25
60824,407.12
60825,407.04
60826,406.98
60827,406.95
60828,406.98
60829,406.81
60830,406.76
60831,406.73
60832,406.73
60833,406.65
60834,406.64
60835,406.59
60836,406.53
60837,406.50
60838,406.24
60839,405.85
60840,405.71
60841,405.58
60842,405.55
60843,405.52
60844,405.56
60845,405.60
60846,405.50
60847,405.51
60848,405.50
60849,405.35
60850,405.39
60851,405.43
60852,405.35
60853,405.52
60854,405.40
60855,405.35
60856,405.58
60857,405.44
60858,405.48
60859,405.47
60860,405.56
60861,405.53
60862,405.43
60863,405.49
60864,405.47
60865,405.46
60866,405.57
60867,405.64
60868,405.59
60869,405.52
60870,405.74
60871,405.59
60872,405.67
60873,405.74
60874,405.68
60875,405.65
60876,405.69
60877,405.76
60878,405.75
60879,405.71
60880,405.67
60881,405.71
60882,405.82
60883,405.76
60884,405.72
60885,405.77
60886,405.77
60887,405.69
60888,405.85
60889,405.79
60890,405.81
60891,405.78
60892,405.80
60893,405.89
60894,405.86
60895,405.74
60896,405.83
60897,405.86
60898,405.86
60899,405.91
60900,405.87
60901,405.82
60902,405.89
60903,405.89
60904,405.85
60905,405.77
60906,405.63
60907,405.58
60908,405.49
60909,405.45
60910,405.47
60911,405.48
60912,405.50
60913,405.44
60914,405.58
60915,405.74
60916,405.61
60917,405.34
60918,405.54
60919,405.58
60920,405.75
60921,405.72
60922,405.50
60923,405.54
60924,405.52
60925,405.53
60926,405.51
60927,405.48
60928,405.47
60929,405.51
60930,405.58
60931,405.51
60932,405.54
60933,405.63
60934,405.66
60935,405.74
60936,405.68
60937,405.71
60938,405.66
60939,405.69
60940,405.74
60941,405.68
60942,405.66
60943,405.61
60944,405.68
60945,405.74
60946,405.62
60947,405.63
60948,405.64
60949,405.59
60950,405.67
60951,405.74
60952,405.73
60953,405.70
60954,405.76
60955,405.88
60956,405.79
60957,405.80
60958,405.84
60959,405.83
60960,405.82
60961,405.84
60962,405.88
60963,405.95
60964,405.84
60965,405.73
60966,405.78
60967,405.65
60968,405.87
60969,405.85
60970,405.99
60971,405.96
60972,406.15
60973,406.14
60974,406.05
60975,406.05
60976,406.02
60977,405.99
60978,405.87
60979,405.96
60980,405.77
60981,405.88
60982,405.88
60983,405.82
60984,405.72
60985,405.73
60986,405.89
60987,405.80
60988,405.78
60989,405.72
60990,405.85
60991,405.76
60992,405.82
60993,405.82
60994,405.87
60995,405.78
60996,405.83
60997,405.73
60998,405.76
60999,405.76
61000,405.89
61001,405.79
61002,405.85
61003,405.77
61004,405.77
61005,405.79
61006,405.78
61007,405.78
61008,405.79
61009,405.79
61010,405.78
61011,405.78
61012,405.80
61013,405.77
61014,405.84
61015,405.79
61016,405.83
61017,405.77
61018,405.81
61019,405.81
61020,405.73
61021,405.76
61022,405.82
61023,405.82
61024,405.81
61025,405.89
61026,405.96
61027,405.88
61028,405.79
61029,405.66
61030,405.65
61031,405.72
61032,405.55
61033,405.63
61034,405.63
61035,405.64
61036,405.66
61037,405.72
61038,405.62
61039,405.63
61040,405.71
61041,405.67
61042,405.65
61043,405.63
61044,405.57
61045,405.70
61046,405.63
61047,405.69
61048,405.58
61049,405.62
61050,405.61
61051,405.63
61052,405.66
61053,405.73
61054,405.77
61055,405.72
61056,405.64
61057,405.75
61058,405.73
61059,405.78
61060,405.69
61061,405.68
61062,405.74
61063,405.82
61064,405.78
61065,405.72
61066,405.78
61067,405.79
61068,405.83
61069,405.82
61070,405.79
61071,405.78
61072,405.79
61073,405.79
61074,405.75
61075,405.75
61076,405.74
61077,405.78
61078,405.82
61079,405.69
61080,405.67
61081,405.69
61082,405.63
61083,405.64
61084,405.73
61085,405.70
61086,405.65
61087,405.65
61088,405.66
61089,405.70
61090,405.61
61091,405.70
61092,405.83
61093,405.73
61094,405.69
61095,405.79
61096,405.81
61097,405.77
61098,405.92
61099,405.81
61100,405.74
61101,405.86
61102,405.77
61103,405.80
61104,405.82
61105,405.78
61106,405.72
61107,405.77
61108,405.71
61109,405.80
61110,405.71
61111,405.71
61112,405.74
61113,405.75
61114,405.72
61115,405.74
61116,405.76
61117,405.69
61118,405.72
61119,405.71
61120,405.70
61121,405.76
61122,405.72
61123,405.78
61124,405.78
61125,405.84
61126,405.80
61127,405.81
61128,405.85
61129,405.84
61130,405.85
61131,405.88
61132,405.88
61133,405.90
61134,405.86
61135,405.87
61136,405.88
61137,405.87
61138,405.88
61139,405.90
61140,405.90
61141,405.85
61142,405.96
61143,405.94
61144,405.92
61145,405.94
61146,405.96
61147,405.98
61148,405.97
61149,406.03
61150,406.04
61151,406.05
61152,406.04
61153,406.06
61154,406.16
61155,406.31
61156,406.15
61157,406.23
61158,406.13
61159,405.80
61160,405.87
61161,405.78
61162,405.93
61163,405.88
61164,405.91
61165,405.95
61166,405.91
61167,405.96
61168,405.90
61169,405.89
61170,405.95
61171,405.89
61172,405.96
61173,405.87
61174,405.89
61175,405.89
61176,405.99
61177,405.94
61178,405.82
61179,405.83
61180,405.82
61181,405.93
61182,405.96
61183,405.93
61184,405.89
61185,405.87
61186,405.97
61187,405.92
61188,405.95
61189,405.97
61190,405.92
61191,405.92
61192,405.92
61193,405.86
61194,406.02
61195,405.99
61196,405.99
61197,405.98
61198,405.95
61199,405.93
61200,405.97
61201,405.93
61202,405.85
61203,405.90
61204,405.91
61205,405.92
61206,406.03
61207,406.00
61208,405.98
61209,406.00
61210,405.90
61211,405.95
61212,405.97
61213,405.96
61214,406.05
61215,405.99
61216,405.94
61217,405.91
61218,405.98
61219,405.86
61220,405.92
61221,405.76
61222,405.82
61223,405.84
61224,405.78
61225,405.79
61226,405.78
61227,405.78
61228,405.81
61229,405.78
61230,405.70
61231,405.71
61232,405.73
61233,405.72
61234,405.72
61235,405.83
61236,405.77
61237,405.77
61238,405.83
61239,405.83
61240,405.76
61241,405.73
61242,405.68
61243,405.76
61244,405.89
61245,405.80
61246,405.70
61247,405.78
61248,405.74
61249,405.78
61250,405.74
61251,405.80
61252,405.71
61253,405.87
61254,405.81
61255,405.89
61256,405.76
61257,405.86
61258,405.81
61259,405.75
61260,405.81
61261,405.83
61262,405.92
61263,405.95
61264,406.00
61265,405.96
61266,406.27
61267,406.41
61268,406.33
61269,406.36
61270,406.03
61271,406.01
61272,406.00
61273,406.08
61274,406.08
61275,406.22
61276,406.25
61277,406.26
61278,406.19
61279,406.02
61280,406.03
61281,405.79
61282,405.83
61283,405.77
61284,405.84
61285,405.76
61286,405.77
61287,405.85
61288,405.76
61289,405.77
61290,405.74
61291,405.75
61292,405.75
61293,405.83
61294,405.78
61295,405.77
61296,405.72
61297,405.81
61298,405.79
61299,405.75
61300,405.73
61301,405.69
61302,405.72
61303,405.73
61304,405.77
61305,405.70
61306,405.71
61307,405.76
61308,405.80
61309,405.85
61310,405.80
61311,405.85
61312,405.79
61313,405.76
61314,405.79
61315,405.84
61316,405.77
61317,405.76
61318,405.71
61319,405.76
61320,405.83
61321,405.81
61322,405.70
61323,405.65
61324,405.79
61325,405.71
61326,405.79
61327,405.75
61328,405.72
61329,405.80
61330,405.71
61331,405.77
61332,405.79
61333,405.74
61334,405.74
61335,405.67
61336,405.64
61337,405.63
61338,405.65
61339,405.62
61340,405.66
61341,405.71
61342,405.64
61343,405.70
61344,405.62
61345,405.56
61346,405.61
61347,405.66
61348,405.75
61349,405.72
61350,405.71
61351,405.69
61352,405.75
61353,405.74
61354,405.80
61355,405.77
61356,405.85
61357,405.75
61358,405.81
61359,405.85
61360,405.89
61361,405.86
61362,405.84
61363,405.88
61364,405.87
61365,405.92
61366,405.86
61367,405.77
61368,405.79
61369,405.82
61370,405.71
61371,405.64
61372,405.62
61373,405.69
61374,405.62
61375,405.81
61376,405.80
61377,405.67
61378,405.66
61379,405.62
61380,405.71
61381,405.65
61382,405.83
61383,405.65
61384,405.76
61385,405.69
61386,405.77
61387,405.74
61388,405.61
61389,405.76
61390,405.71
61391,405.77
61392,405.72
61393,405.75
61394,405.68
61395,405.78
61396,405.74
61397,405.87
61398,405.75
61399,405.91
61400,405.80
61401,405.69
61402,405.87
61403,405.77
61404,405.86
61405,405.77
61406,405.82
61407,405.77
61408,405.95
61409,405.82
61410,405.94
61411,405.87
61412,405.94
61413,405.87
61414,405.81
61415,405.83
61416,405.89
61417,405.82
61418,405.89
61419,405.78
61420,405.80
61421,405.90
61422,405.79
61423,405.86
61424,405.76
61425,405.79
61426,405.85
61427,405.82
61428,405.80
61429,405.88
61430,405.79
61431,405.79
61432,405.79
61433,405.85
61434,405.84
61435,406.02
61436,406.06
61437,405.83
61438,405.84
61439,405.89
61440,405.83
61441,405.92
61442,405.60
61443,405.62
61444,405.73
61445,405.71
61446,405.78
61447,405.82
61448,405.78
61449,405.80
61450,405.81
61451,405.85
61452,405.90
61453,405.85
61454,405.81
61455,405.84
61456,405.86
61457,405.81
61458,405.79
61459,405.92
61460,405.85
61461,405.98
61462,405.92
61463,405.86
61464,405.75
61465,405.88
61466,405.97
61467,405.87
61468,405.99
61469,405.94
61470,405.90
61471,405.91
61472,405.96
61473,405.88
61474,405.86
61475,405.94
61476,405.91
61477,405.97
61478,406.00
61479,405.95
61480,405.96
61481,406.04
61482,405.94
61483,405.91
61484,405.86
61485,405.86
61486,405.83
61487,406.01
61488,405.88
61489,406.02
61490,404.82
61491,-9999.99
61492,-9999.99
61493,-9999.99
61494,-9999.99
61495,-9999.99
61496,-9999.99
61497,-9999.99
61498,-9999.99
61499,-9999.99
61500,-9999.99
61501,-9999.99
61502,-9999.99
61503,-9999.99
61504,-9999.99
61505,-9999.99
61506,-9999.99
61507,-9999.99
61508,-9999.99
61509,-9999.99
61510,-9999.99
61511,-9999.99
61512,-9999.99
61513,-9999.99
61514,-9999.99
61515,-9999.99
61516,-9999.99
61517,-9999.99
61518,-9999.99
61519,-9999.99
61520,-9999.99
61521,-9999.99
61522,-9999.99
61523,-9999.99
61524,-9999.99
61525,-9999.99
61526,-9999.99
61527,-9999.99
61528,-9999.99
61529,-9999.99
61530,-9999.99
61531,-9999.99
61532,-9999.99
61533,-9999.99
61534,-9999.99
61535,-9999.99
61536,-9999.99
61537,-9999.99
61538,-9999.99
61539,-9999.99
61540,-9999.99
61541,-9999.99
61542,-9999.99
61543,-9999.99
61544,-9999.99
61545,-9999.99
61546,-9999.99
61547,-9999.99
61548,-9999.99
61549,-9999.99
61550,-9999.99
61551,-9999.99
61552,-9999.99
61553,-9999.99
61554,-9999.99
61555,-9999.99
61556,-9999.99
61557,-9999.99
61558,-9999.99
61559,-9999.99
61560,-9999.99
61561,-9999.99
61562,-9999.99
61563,-9999.99
61564,-9999.99
61565,-9999.99
61566,-9999.99
61567,-9999.99
61568,-9999.99
61569,-9999.99
61570,-9999.99
61571,-9999.99
61572,-9999.99
61573,-9999.99
61574,-9999.99
61575,-9999.99
61576,-9999.99
61577,-9999.99
61578,-9999.99
61579,-9999.99
61580,-9999.99
61581,-9999.99
61582,-9999.99
61583,-9999.99
61584,-9999.99
61585,-9999.99
61586,-9999.99
61587,-9999.99
61588,-9999.99
61589,-9999.99
61590,-9999.99
61591,-9999.99
61592,-9999.99
61593,-9999.99
61594,-9999.99
61595,-9999.99
61596,-9999.99
61597,-9999.99
61598,-9999.99
61599,-9999.99
61600,-9999.99
61601,-9999.99
61602,-9999.99
61603,-9999.99
61604,-9999.99
61605,-9999.99
61606,-9999.99
61607,-9999.99
61608,-9999.99
61609,-9999.99
61610,-9999.99
61611,-9999.99
61612,-9999.99
61613,-9999.99
61614,-9999.99
61615,-9999.99
61616,-9999.99
61617,-9999.99
61618,-9999.99
61619,-9999.99
61620,-9999.99
61621,-9999.99
61622,-9999.99
61623,-9999.99
61624,-9999.99
61625,-9999.99
61626,-9999.99
61627,-9999.99
61628,-9999.99
61629,-9999.99
61630,-9999.99
61631,-9999.99
61632,-9999.99
61633,-9999.99
61634,-9999.99
61635,-9999.99
61636,-9999.99
61637,-9999.99
61638,-9999.99
61639,-9999.99
61640,-9999.99
61641,-9999.99
61642,-9999.99
61643,-9999.99
61644,-9999.99
61645,-9999.99
61646,-9999.99
61647,-9999.99
61648,-9999.99
61649,-9999.99
61650,-9999.99
61651,-9999.99
61652,-9999.99
61653,-9999.99
61654,-9999.99
61655,-9999.99
61656,-9999.99
61657,-9999.99
61658,-9999.99
61659,-9999.99
61660,405.38
61661,405.32
61662,405.37
61663,405.27
61664,405.33
61665,405.36
61666,405.34
61667,405.32
61668,405.30
61669,405.31
61670,405.34
61671,405.39
61672,405.39
61673,405.33
61674,405.24
61675,405.42
61676,405.30
61677,405.36
61678,405.41
61679,405.49
61680,405.42
61681,405.40
61682,405.37
61683,405.38
61684,405.41
61685,405.37
61686,405.43
61687,405.35
61688,405.43
61689,405.40
61690,405.38
61691,405.50
61692,405.48
61693,405.44
61694,405.48
61695,405.48
61696,405.60
61697,405.54
61698,405.57
61699,405.60
61700,405.64
61701,405.63
61702,405.61
61703,405.59
61704,405.66
61705,405.65
61706,405.66
61707,405.63
61708,405.68
61709,405.56
61710,405.69
61711,405.64
61712,405.69
61713,405.68
61714,405.70
61715,405.73
61716,405.68
61717,405.73
61718,405.66
61719,405.70
61720,405.61
61721,405.73
61722,405.68
61723,405.67
61724,405.69
61725,405.66
61726,405.68
61727,405.63
61728,405.66
61729,405.70
61730,405.66
61731,405.59
61732,405.65
61733,405.72
61734,405.65
61735,405.69
61736,405.71
61737,405.66
61738,405.66
61739,405.68
61740,405.72
61741,405.66
61742,405.66
61743,405.69
61744,405.70
61745,405.73
61746,405.65
61747,405.62
61748,405.61
61749,405.67
61750,405.70
61751,405.64
61752,405.60
61753,405.59
61754,405.57
61755,405.54
61756,405.61
61757,405.66
61758,405.56
61759,405.67
61760,405.71
61761,405.61
61762,405.62
61763,405.70
61764,405.64
61765,405.66
61766,405.66
61767,405.62
61768,405.57
61769,405.72
61770,405.67
61771,405.74
61772,405.68
61773,405.69
61774,405.71
61775,405.70
61776,405.72
61777,405.69
61778,405.66
61779,405.65
61780,405.77
61781,405.67
61782,405.75
61783,405.73
61784,405.68
61785,405.66
61786,405.76
61787,405.67
61788,405.73
61789,405.67
61790,405.68
61791,405.67
61792,405.69
61793,405.68
61794,405.69
61795,405.66
61796,405.69
61797,405.71
61798,405.65
61799,405.74
61800,405.70
61801,405.67
61802,405.60
61803,405.61
61804,405.67
61805,405.68
61806,405.68
61807,405.69
61808,405.70
61809,405.63
61810,405.68
61811,405.61
61812,405.64
61813,405.70
61814,405.75
61815,405.67
61816,405.68
61817,405.71
61818,405.74
61819,405.65
61820,405.74
61821,405.74
61822,405.72
61823,405.63
61824,405.75
61825,405.73
61826,405.76
61827,405.72
61828,405.62
61829,405.69
61830,405.69
61831,405.65
61832,405.71
61833,405.75
61834,405.73
61835,405.73
61836,405.73
61837,405.68
61838,405.72
61839,405.71
61840,405.72
61841,405.71
61842,405.63
61843,405.69
61844,405.72
61845,405.68
61846,405.74
61847,405.62
61848,405.64
61849,405.67
61850,405.77
61851,405.76
61852,405.72
61853,405.70
61854,405.68
61855,405.68
61856,405.60
61857,405.68
61858,405.62
61859,405.74
61860,405.74
61861,405.75
61862,405.63
61863,405.69
61864,405.70
61865,405.70
61866,405.68
61867,405.68
61868,405.72
61869,405.67
61870,405.71
61871,405.65
61872,405.70
61873,405.72
61874,405.61
61875,405.72
61876,405.70
61877,405.70
61878,405.64
61879,405.70
61880,405.72
61881,405.72
61882,405.78
61883,405.81
61884,405.88
61885,405.95
61886,405.96
61887,405.95
61888,405.85
61889,406.04
61890,406.04
61891,406.12
61892,406.14
61893,405.95
61894,406.13
61895,406.16
61896,406.15
61897,406.09
61898,406.12
61899,406.19
61900,406.16
61901,406.08
61902,406.21
61903,406.33
61904,406.16
61905,406.18
61906,406.20
61907,406.20
61908,406.25
61909,406.21
61910,406.26
