data/raw/Flight5/CO2_POLAR6_20150409_R1_NETCARE.ict
34, 1001
Bozem, Heiko; Hoor, Peter
Institute for Atmospheric Physics, Johannes Gutenberg University, Mainz, Germany
CO2 mixing ratio from LI7200 CO2 analyzer
NETCARE Polar 6 Campaign 2015
1, 1
2015, 04, 09, 2015, 08, 12
1
Time_UTC, seconds
1
1
-9999.99
CO2_ppmv, ppmv
0
19
PI_CONTACT_INFO: Address: Johann-Joachim-Becherweg 21, 55128 Mainz, email: bozemh@uni-mainz.de; hoor@uni-mainz.de
PLATFORM: Polar 6
LOCATION: GPS location and altitude available at 1 Hz resolution in separate file (See AIMMS files under Aircraft data and meteorology)
ASSOCIATED_DATA: N/A
INSTRUMENT_INFO: CO2 measurements based on non-dispersive infrared absorption spectroscopy
DATA_INFO: Units are ppmv
UNCERTAINTY: UNCERTAINTY RELATIVE TO STANDARD: 1.71 ppmv at 1 sigma confidence (before drift correction is applied)
ULOD_FLAG: -7777
ULOD_VALUE: 3000
LLOD_FLAG: -8888
LLOD_VALUE: N/A 
DM_CONTACT_INFO: N/A
PROJECT_INFO: NETCARE Polar 6 aircraft campaign in April 2015; Alert
STIPULATIONS_ON_USE: N/A
OTHER_COMMENTS: N/A
REVISION: R1
R0: Preliminary data, corrected for instrument drift
R1: Final data, corrected for instrument drift
Time_UTC,CO2_ppmv
[from data line 13278]
63090,406.16
63091,406.08
63092,405.85
63093,406.07
63094,406.00
63095,406.06
63096,406.11
63097,406.01
63098,406.02
63099,406.00
63100,406.04
63101,406.13
63102,406.09
63103,405.96
63104,405.99
63105,406.11
63106,406.04
63107,406.09
63108,406.02
63109,405.97
63110,405.98
63111,406.02
63112,406.06
63113,405.97
63114,406.04
63115,406.04
63116,406.03
63117,406.03
63118,405.91
63119,405.99
63120,406.00
63121,406.05
63122,406.05
63123,406.02
63124,405.98
63125,406.01
63126,406.03
63127,406.02
63128,406.09
63129,406.00
63130,406.06
63131,405.96
63132,405.99
63133,406.07
63134,405.99
63135,406.01
63136,405.96
63137,405.97
63138,406.01
63139,406.05
63140,406.12
63141,405.94
63142,405.99
63143,405.98
63144,405.89
63145,406.14
63146,405.94
63147,406.04
63148,406.06
63149,406.06
63150,405.97
63151,405.99
63152,405.98
63153,406.08
63154,406.02
63155,406.08
63156,405.95
63157,405.94
63158,406.04
63159,406.10
63160,405.93
63161,406.00
63162,405.91
63163,405.96
63164,406.14
63165,406.08
63166,405.94
63167,405.96
63168,405.96
63169,405.99
63170,405.91
63171,405.95
63172,406.05
63173,406.09
63174,405.91
63175,405.99
63176,406.05
63177,406.06
63178,405.86
63179,405.94
63180,406.12
63181,406.00
63182,405.91
63183,405.95
63184,406.03
63185,405.99
63186,406.00
63187,405.95
63188,405.91
63189,406.08
63190,405.98
63191,406.06
63192,405.98
63193,405.96
63194,405.90
63195,406.01
63196,406.00
63197,405.76
63198,405.97
63199,405.91
63200,405.97
63201,405.81
63202,405.88
63203,405.97
63204,405.94
63205,405.89
63206,405.98
63207,405.88
63208,405.95
63209,405.88
63210,405.92
63211,406.06
63212,405.97
63213,405.86
63214,-9999.99
63215,-9999.99
63216,-9999.99
63217,-9999.99
63218,406.05
63219,406.06
63220,406.03
63221,406.07
63222,406.06
63223,405.98
63224,406.02
63225,406.04
63226,406.08
63227,406.12
63228,406.14
63229,405.94
63230,405.97
63231,406.11
63232,406.11
63233,406.08
63234,406.12
63235,406.07
63236,406.05
63237,406.13
63238,406.02
63239,406.09
63240,406.11
63241,406.04
63242,406.16
63243,406.05
63244,406.02
63245,406.04
63246,406.03
63247,406.13
63248,406.16
63249,406.07
63250,406.12
63251,406.12
63252,406.18
63253,406.14
63254,406.19
63255,406.16
63256,406.17
63257,406.13
63258,406.25
63259,406.19
63260,406.15
63261,406.31
63262,406.28
63263,406.20
63264,406.26
63265,406.24
63266,406.28
63267,406.36
63268,406.25
63269,406.23
63270,406.29
63271,406.34
63272,406.43
63273,406.35
63274,406.23
63275,406.34
63276,406.43
63277,406.39
63278,406.33
63279,406.23
63280,406.44
63281,406.35
63282,406.39
63283,406.34
63284,406.34
63285,406.39
63286,406.41
63287,406.40
63288,406.40
63289,406.42
63290,406.38
63291,406.35
63292,406.42
63293,406.49
63294,406.45
63295,406.40
63296,406.43
63297,406.40
63298,406.36
63299,406.35
63300,406.41
63301,406.27
63302,406.42
63303,406.43
63304,406.45
63305,406.37
63306,406.34
63307,406.41
63308,406.41
63309,406.45
63310,406.42
63311,406.46
63312,406.49
63313,406.40
63314,406.44
63315,406.46
63316,406.47
63317,406.41
63318,406.38
63319,406.45
63320,406.43
63321,406.36
63322,406.45
63323,406.45
63324,406.33
63325,406.21
63326,406.52
63327,406.38
63328,406.39
63329,406.27
63330,406.38
63331,406.50
63332,406.40
63333,406.36
63334,406.46
63335,406.39
63336,406.39
63337,406.39
63338,406.33
63339,406.44
63340,406.36
63341,406.41
63342,406.29
63343,406.42
63344,406.38
63345,406.35
63346,406.46
63347,406.42
63348,406.36
63349,406.47
63350,406.35
63351,406.41
63352,406.27
63353,406.50
63354,406.42
63355,406.39
63356,406.38
63357,406.34
63358,406.43
63359,406.35
63360,406.43
63361,406.39
63362,406.27
63363,406.41
63364,406.43
63365,406.41
63366,406.33
63367,406.39
63368,406.35
63369,406.46
63370,406.36
63371,406.45
63372,406.39
63373,406.33
63374,406.37
63375,406.38
63376,406.29
63377,406.52
63378,406.38
63379,406.25
63380,406.39
63381,406.37
63382,406.28
63383,406.37
63384,406.47
63385,406.34
63386,406.34
63387,406.36
63388,406.31
63389,406.34
63390,406.31
63391,406.32
63392,406.27
63393,406.37
63394,406.40
63395,406.31
63396,406.31
63397,406.37
63398,406.31
63399,406.28
63400,406.29
63401,406.21
63402,406.43
63403,406.33
63404,406.45
63405,406.35
63406,406.25
63407,406.38
63408,406.43
63409,406.28
63410,406.23
63411,406.31
63412,406.43
63413,406.42
63414,406.45
63415,406.38
63416,406.36
63417,406.38
63418,406.42
63419,406.37
63420,406.39
63421,406.35
63422,406.30
63423,406.49
63424,406.38
63425,406.30
63426,406.45
63427,406.34
63428,406.34
63429,406.31
63430,406.37
63431,406.45
63432,406.36
63433,406.25
63434,406.43
63435,406.38
63436,406.44
63437,406.46
63438,406.37
63439,406.42
63440,406.40
63441,406.41
63442,406.42
63443,406.33
63444,406.40
63445,406.45
63446,406.37
63447,406.44
63448,406.29
63449,406.46
63450,406.38
63451,406.37
63452,406.26
63453,406.53
63454,406.29
63455,406.52
63456,406.43
63457,406.42
63458,406.26
63459,406.39
63460,406.53
63461,406.39
63462,406.31
63463,406.33
63464,406.44
63465,406.45
63466,406.42
63467,406.38
63468,406.35
63469,406.56
63470,406.39
63471,406.37
63472,406.46
63473,406.37
63474,406.46
63475,406.40
63476,406.46
63477,406.49
63478,406.38
63479,406.38
63480,406.52
63481,406.41
63482,406.45
63483,406.45
63484,406.42
63485,406.33
63486,406.56
63487,406.47
63488,406.45
63489,406.41
63490,406.41
63491,406.44
63492,406.47
63493,406.51
63494,406.41
63495,406.46
63496,406.40
63497,406.49
63498,406.23
63499,406.65
63500,406.45
63501,406.53
63502,406.33
63503,406.46
63504,406.60
63505,406.47
63506,406.33
63507,406.53
63508,406.54
63509,406.43
63510,406.42
63511,406.38
63512,406.44
63513,406.54
63514,406.53
63515,406.28
63516,406.42
63517,406.57
63518,406.42
63519,406.47
63520,406.52
63521,406.50
63522,406.40
63523,406.37
63524,406.55
63525,406.49
63526,406.34
63527,406.41
63528,406.49
63529,406.56
63530,406.34
63531,406.44
63532,406.35
63533,406.30
63534,406.39
63535,406.59
63536,406.40
63537,406.38
63538,406.37
63539,406.41
63540,406.43
63541,406.35
63542,406.38
63543,406.41
63544,406.42
63545,406.47
63546,406.33
63547,406.27
63548,406.58
63549,406.47
63550,406.35
63551,406.39
63552,406.39
63553,406.43
63554,406.44
63555,406.54
63556,406.33
63557,406.32
63558,406.41
63559,406.53
63560,406.50
63561,406.26
63562,406.42
63563,406.53
63564,406.44
63565,406.44
63566,406.30
63567,406.47
63568,406.61
63569,406.41
63570,406.51
63571,406.28
63572,406.56
63573,406.49
63574,406.49
63575,406.42
63576,406.62
63577,406.32
63578,406.40
63579,406.55
63580,406.31
63581,406.44
63582,406.31
63583,406.82
63584,406.34
63585,406.47
63586,406.49
63587,406.49
63588,406.34
63589,406.43
63590,406.50
63591,406.57
63592,406.25
63593,406.55
63594,406.47
63595,406.55
63596,406.51
63597,406.46
63598,406.49
63599,406.38
63600,406.43
63601,406.51
63602,406.59
63603,406.44
63604,406.40
63605,406.59
63606,406.39
63607,406.52
63608,406.43
63609,406.38
63610,406.44
63611,406.46
63612,406.52
63613,406.44
63614,406.49
63615,406.53
63616,406.49
63617,406.37
63618,406.42
63619,406.54
63620,406.36
63621,406.43
63622,406.36
63623,406.61
63624,406.49
63625,406.42
63626,406.42
63627,406.31
63628,406.60
63629,406.52
63630,406.33
63631,406.38
63632,406.67
63633,406.30
63634,406.61
63635,406.43
63636,406.47
63637,406.42
63638,406.57
63639,406.41
63640,406.41
63641,406.51
63642,406.36
63643,406.54
63644,406.70
63645,406.30
63646,406.49
63647,406.59
63648,406.40
63649,406.83
63650,406.24
63651,406.52
63652,406.56
63653,406.36
63654,406.53
63655,406.61
63656,406.51
63657,406.48
63658,406.44
63659,406.52
63660,406.52
63661,406.46
63662,406.56
63663,406.41
63664,406.54
63665,406.56
63666,406.46
63667,406.49
63668,406.40
63669,406.67
63670,406.52
63671,406.55
63672,406.43
63673,406.46
63674,406.50
63675,406.49
63676,406.50
63677,406.38
63678,406.49
63679,406.57
63680,406.45
63681,406.34
63682,406.49
63683,406.57
63684,406.47
63685,406.38
63686,406.39
63687,406.36
63688,406.46
63689,406.48
63690,406.50
63691,406.49
63692,406.41
63693,406.37
63694,406.37
63695,406.46
63696,406.29
63697,406.38
63698,406.35
63699,406.43
63700,406.41
63701,406.30
63702,406.26
63703,406.35
63704,406.31
63705,406.45
63706,406.38
63707,406.51
63708,406.20
63709,406.34
63710,406.36
63711,406.47
63712,406.37
63713,406.48
63714,406.25
63715,406.43
63716,406.45
63717,406.59
63718,406.51
63719,406.35
63720,406.41
63721,406.55
63722,406.60
63723,406.56
63724,406.48
63725,406.45
63726,406.41
63727,406.58
63728,406.57
63729,406.53
63730,406.45
63731,406.50
63732,406.56
63733,406.53
63734,406.48
63735,406.48
63736,406.52
63737,406.52
63738,406.50
63739,406.53
63740,406.49
63741,406.50
63742,406.55
63743,406.52
63744,406.51
63745,406.57
63746,406.54
63747,406.46
63748,406.51
63749,406.53
63750,406.52
63751,406.55
63752,406.50
63753,406.55
63754,406.54
63755,406.53
63756,406.52
63757,406.56
63758,406.52
63759,406.45
63760,406.57
63761,406.46
63762,406.46
63763,406.49
63764,406.61
63765,406.51
63766,406.52
63767,406.52
63768,406.47
63769,406.53
63770,406.46
63771,406.58
63772,406.49
63773,406.44
63774,406.47
63775,406.58
63776,406.51
63777,406.53
63778,406.51
63779,406.55
63780,406.34
63781,406.43
63782,406.56
63783,406.52
63784,406.48
63785,406.42
63786,406.48
63787,406.54
63788,406.59
63789,406.42
63790,406.51
63791,406.58
63792,406.51
63793,406.47
63794,406.49
63795,406.52
63796,406.42
63797,406.47
63798,406.47
63799,406.46
63800,406.35
63801,406.33
63802,406.46
63803,406.48
63804,406.38
63805,406.32
63806,406.38
63807,406.37
63808,406.38
63809,406.34
63810,406.25
63811,406.38
63812,406.44
63813,406.27
63814,406.29
63815,406.33
63816,406.44
63817,406.38
63818,406.37
63819,406.44
63820,406.36
63821,406.39
63822,406.33
63823,406.33
63824,406.41
63825,406.39
63826,406.38
63827,406.43
63828,406.31
63829,406.30
63830,406.35
63831,406.46
63832,406.42
63833,406.30
63834,406.33
63835,406.35
63836,406.43
63837,406.37
63838,406.33
63839,406.24
63840,406.40
63841,406.29
63842,406.38
63843,406.41
63844,406.32
63845,406.36
63846,406.30
63847,406.37
63848,406.35
63849,406.38
63850,406.36
63851,406.20
63852,406.39
63853,406.35
63854,406.32
63855,406.38
63856,406.23
63857,406.39
63858,406.36
63859,406.21
63860,406.26
63861,406.31
63862,406.26
63863,406.42
63864,406.28
63865,406.27
63866,406.28
63867,406.31
63868,406.25
63869,406.26
63870,406.30
63871,406.30
63872,406.27
63873,406.32
63874,406.23
63875,406.20
63876,406.22
63877,406.28
63878,406.26
63879,406.30
63880,406.26
63881,406.25
63882,406.22
63883,406.24
63884,406.32
63885,406.32
63886,406.31
63887,406.27
63888,406.28
63889,406.31
63890,406.24
63891,406.28
63892,406.29
63893,406.33
63894,406.26
63895,406.26
63896,406.39
63897,406.32
63898,406.20
63899,406.33
63900,406.29
63901,406.16
63902,406.30
63903,406.24
63904,406.32
63905,406.15
63906,406.26
63907,406.26
63908,406.27
63909,406.33
63910,406.28
63911,406.22
63912,406.18
63913,406.28
63914,406.19
63915,406.19
63916,406.22
63917,406.46
63918,406.00
63919,406.39
63920,406.28
63921,406.20
63922,406.39
63923,406.17
63924,406.16
63925,406.26
63926,406.18
63927,406.35
63928,406.23
63929,406.05
63930,406.44
63931,406.22
63932,406.07
63933,406.18
63934,406.18
63935,406.28
63936,406.25
63937,406.23
63938,406.15
63939,406.10
63940,406.27
63941,406.18
63942,406.17
63943,406.16
63944,406.22
63945,406.13
63946,406.32
63947,406.24
63948,405.98
63949,406.19
63950,406.15
63951,406.25
63952,406.18
63953,406.17
63954,406.12
63955,406.38
63956,406.16
63957,406.15
63958,406.05
63959,406.11
63960,406.16
63961,406.18
63962,406.05
63963,406.38
63964,406.22
63965,406.07
63966,406.06
63967,406.08
63968,406.18
63969,406.17
63970,406.16
63971,406.10
63972,406.09
63973,406.14
63974,406.12
63975,406.14
63976,406.19
63977,406.10
63978,406.18
63979,406.11
63980,406.12
63981,406.10
63982,406.10
63983,406.09
63984,406.11
63985,406.11
63986,406.11
63987,406.07
63988,406.15
63989,406.15
63990,406.10
63991,406.12
63992,406.18
63993,406.13
63994,406.06
63995,406.05
63996,406.08
63997,406.11
63998,406.12
63999,406.12
64000,406.06
64001,406.10
64002,406.06
64003,406.19
64004,406.12
64005,406.14
64006,406.05
64007,406.06
64008,406.05
64009,406.02
64010,406.16
64011,406.04
64012,406.08
64013,406.12
64014,406.09
64015,406.03
64016,406.08
64017,406.02
64018,406.12
64019,406.06
64020,405.99
64021,406.07
64022,406.09
64023,406.06
64024,405.92
64025,406.02
64026,405.91
64027,406.07
64028,405.95
64029,406.02
64030,405.97
64031,405.98
64032,405.97
64033,405.96
64034,406.07
64035,405.92
64036,406.06
64037,405.51
64038,-9999.99
64039,-9999.99
64040,-9999.99
64041,-9999.99
64042,-9999.99
64043,-9999.99
64044,-9999.99
64045,-9999.99
64046,-9999.99
64047,-9999.99
64048,-9999.99
64049,-9999.99
64050,-9999.99
64051,-9999.99
64052,-9999.99
64053,-9999.99
64054,-9999.99
