data/raw/Flight5/CO2_POLAR6_20150409_R1_NETCARE.ict
34, 1001
Bozem, Heiko; Hoor, Peter
Institute for Atmospheric Physics, Johannes Gutenberg University, Mainz, Germany
CO2 mixing ratio from LI7200 CO2 analyzer
NETCARE Polar 6 Campaign 2015
1, 1
2015, 04, 09, 2015, 08, 12
1
Time_UTC, seconds
1
1
-9999.99
CO2_ppmv, ppmv
0
19
PI_CONTACT_INFO: Address: Johann-Joachim-Becherweg 21, 55128 Mainz, email: bozemh@uni-mainz.de; hoor@uni-mainz.de
PLATFORM: Polar 6
LOCATION: GPS location and altitude available at 1 Hz resolution in separate file (See AIMMS files under Aircraft data and meteorology)
ASSOCIATED_DATA: N/A
INSTRUMENT_INFO: CO2 measurements based on non-dispersive infrared absorption spectroscopy
DATA_INFO: Units are ppmv
UNCERTAINTY: UNCERTAINTY RELATIVE TO STANDARD: 1.71 ppmv at 1 sigma confidence (before drift correction is applied)
ULOD_FLAG: -7777
ULOD_VALUE: 3000
LLOD_FLAG: -8888
LLOD_VALUE: N/A 
DM_CONTACT_INFO: N/A
PROJECT_INFO: NETCARE Polar 6 aircraft campaign in April 2015; Alert
STIPULATIONS_ON_USE: N/A
OTHER_COMMENTS: N/A
REVISION: R1
R0: Preliminary data, corrected for instrument drift
R1: Final data, corrected for instrument drift
Time_UTC,CO2_ppmv
[from data line 4871]
54683,406.14
54684,406.17
54685,406.21
54686,406.27
54687,406.15
54688,406.25
54689,406.10
54690,406.27
54691,406.16
54692,406.34
54693,406.43
54694,406.35
54695,406.44
54696,406.42
54697,406.29
54698,406.33
54699,406.30
54700,406.30
54701,406.43
54702,406.53
54703,406.53
54704,406.57
54705,406.50
54706,406.52
54707,406.51
54708,406.57
54709,406.54
54710,406.56
54711,406.61
54712,406.61
54713,406.56
54714,406.73
54715,406.63
54716,406.66
54717,406.71
54718,406.76
54719,406.72
54720,406.79
54721,406.63
54722,406.80
54723,406.91
54724,406.72
54725,406.62
54726,406.71
54727,406.67
54728,406.60
54729,406.81
54730,406.71
54731,406.63
54732,406.69
54733,406.68
54734,406.62
54735,406.72
54736,406.69
54737,406.63
54738,406.64
54739,406.60
54740,406.67
54741,406.73
54742,406.74
54743,406.63
54744,406.60
54745,406.55
54746,406.68
54747,406.72
54748,406.67
54749,406.59
54750,406.52
54751,406.70
54752,406.54
54753,406.57
54754,406.57
54755,406.69
54756,406.62
54757,406.61
54758,406.64
54759,406.60
54760,406.57
54761,406.61
54762,406.57
54763,406.56
54764,406.68
54765,406.57
54766,406.64
54767,406.57
54768,406.53
54769,406.49
54770,406.62
54771,406.58
54772,406.61
54773,406.49
54774,406.42
54775,406.59
54776,406.47
54777,406.57
54778,406.50
54779,406.56
54780,406.40
54781,406.55
54782,406.46
54783,406.54
54784,406.42
54785,406.45
54786,406.44
54787,406.41
54788,406.34
54789,406.35
54790,406.27
54791,406.24
54792,406.33
54793,406.29
54794,406.28
54795,406.22
54796,406.20
54797,406.37
54798,406.26
54799,406.22
54800,406.26
54801,406.29
54802,406.35
54803,406.30
54804,406.24
54805,406.31
54806,406.25
54807,406.20
54808,406.29
54809,406.25
54810,406.42
54811,406.40
54812,406.37
54813,406.38
54814,406.35
54815,406.40
54816,406.39
54817,406.45
54818,406.43
54819,406.45
54820,406.53
54821,406.76
54822,406.75
54823,406.67
54824,406.73
54825,406.71
54826,406.74
54827,406.68
54828,406.74
54829,406.77
54830,406.72
54831,406.68
54832,406.74
54833,406.81
54834,406.76
54835,406.72
54836,406.74
54837,406.79
54838,406.79
54839,406.78
54840,406.64
54841,406.79
54842,406.76
54843,406.71
54844,406.78
54845,406.74
54846,406.65
54847,406.66
54848,406.68
54849,406.67
54850,406.56
54851,406.40
54852,406.36
54853,406.31
54854,406.31
54855,406.25
54856,406.23
54857,406.23
54858,406.31
54859,406.21
54860,406.18
54861,406.17
54862,406.12
54863,406.05
54864,406.14
54865,406.04
54866,406.03
54867,405.98
54868,405.99
54869,406.01
54870,406.04
54871,405.96
54872,406.03
54873,406.00
54874,406.03
54875,405.99
54876,406.07
54877,406.10
54878,406.19
54879,406.30
54880,406.20
54881,406.12
54882,406.06
54883,406.10
54884,406.00
54885,406.03
54886,405.98
54887,406.03
54888,406.07
54889,406.12
54890,406.12
54891,406.03
54892,406.04
54893,406.03
54894,406.06
54895,406.08
54896,405.95
54897,405.94
54898,406.06
54899,405.94
54900,405.91
54901,406.06
54902,406.10
54903,406.09
54904,406.07
54905,406.10
54906,406.07
54907,406.07
54908,406.02
54909,406.11
54910,406.10
54911,405.94
54912,405.91
54913,405.95
54914,406.08
54915,406.11
54916,406.00
54917,406.03
54918,406.09
54919,406.03
54920,406.03
54921,406.03
54922,406.01
54923,406.01
54924,406.09
54925,406.24
54926,406.17
54927,406.15
54928,406.13
54929,406.15
54930,406.07
54931,406.19
54932,406.04
54933,406.11
54934,406.19
54935,406.06
54936,406.12
54937,406.10
54938,406.20
54939,406.08
54940,406.24
54941,406.28
54942,406.21
54943,406.24
54944,406.14
54945,406.15
54946,406.23
54947,406.37
54948,406.27
54949,406.30
54950,406.21
54951,406.20
54952,406.30
54953,406.19
54954,406.18
54955,406.17
54956,406.15
54957,406.22
54958,406.22
54959,406.24
54960,406.15
54961,406.24
54962,406.21
54963,406.19
54964,406.23
54965,406.27
54966,406.25
54967,406.23
54968,406.20
54969,406.10
54970,406.07
54971,406.02
54972,406.01
54973,406.04
54974,406.03
54975,406.00
54976,405.98
54977,405.93
54978,405.92
54979,405.93
54980,405.99
54981,405.96
54982,406.07
54983,406.03
54984,-9999.99
54985,-9999.99
54986,-9999.99
54987,-9999.99
54988,-9999.99
54989,-9999.99
54990,-9999.99
54991,-9999.99
54992,-9999.99
54993,-9999.99
54994,-9999.99
54995,-9999.99
54996,-9999.99
54997,-9999.99
54998,-9999.99
54999,-9999.99
55000,-9999.99
55001,-9999.99
55002,-9999.99
55003,-9999.99
55004,-9999.99
55005,-9999.99
55006,-9999.99
55007,-9999.99
55008,-9999.99
55009,-9999.99
55010,-9999.99
55011,-9999.99
55012,-9999.99
55013,-9999.99
55014,-9999.99
55015,-9999.99
55016,-9999.99
55017,-9999.99
55018,-9999.99
55019,-9999.99
55020,-9999.99
55021,-9999.99
55022,-9999.99
55023,-9999.99
55024,-9999.99
55025,-9999.99
55026,-9999.99
55027,-9999.99
55028,-9999.99
55029,-9999.99
55030,-9999.99
55031,-9999.99
55032,-9999.99
55033,-9999.99
55034,-9999.99
55035,-9999.99
55036,-9999.99
55037,-9999.99
55038,-9999.99
55039,-9999.99
55040,-9999.99
55041,-9999.99
55042,-9999.99
55043,-9999.99
55044,-9999.99
55045,-9999.99
55046,-9999.99
55047,-9999.99
55048,-9999.99
55049,-9999.99
55050,-9999.99
55051,-9999.99
55052,-9999.99
55053,-9999.99
55054,-9999.99
55055,-9999.99
55056,-9999.99
55057,-9999.99
55058,-9999.99
55059,-9999.99
55060,-9999.99
55061,-9999.99
55062,-9999.99
55063,-9999.99
55064,-9999.99
55065,-9999.99
55066,-9999.99
55067,-9999.99
55068,-9999.99
55069,-9999.99
55070,-9999.99
55071,-9999.99
55072,-9999.99
55073,-9999.99
55074,-9999.99
55075,-9999.99
55076,-9999.99
55077,-9999.99
55078,-9999.99
55079,-9999.99
55080,-9999.99
55081,-9999.99
55082,-9999.99
55083,-9999.99
55084,-9999.99
55085,-9999.99
55086,-9999.99
55087,-9999.99
55088,-9999.99
55089,-9999.99
55090,-9999.99
55091,-9999.99
55092,-9999.99
55093,-9999.99
55094,-9999.99
55095,-9999.99
55096,-9999.99
55097,-9999.99
55098,-9999.99
55099,-9999.99
55100,-9999.99
55101,-9999.99
55102,-9999.99
55103,-9999.99
55104,-9999.99
55105,-9999.99
55106,-9999.99
55107,-9999.99
55108,-9999.99
55109,-9999.99
55110,-9999.99
55111,-9999.99
55112,-9999.99
55113,-9999.99
55114,-9999.99
55115,-9999.99
55116,-9999.99
55117,-9999.99
55118,-9999.99
55119,-9999.99
55120,-9999.99
55121,-9999.99
55122,-9999.99
55123,-9999.99
55124,-9999.99
55125,-9999.99
55126,-9999.99
55127,-9999.99
55128,-9999.99
55129,-9999.99
55130,-9999.99
55131,-9999.99
55132,-9999.99
55133,-9999.99
55134,-9999.99
55135,-9999.99
55136,-9999.99
55137,-9999.99
55138,-9999.99
55139,-9999.99
55140,-9999.99
55141,-9999.99
55142,-9999.99
55143,-9999.99
55144,-9999.99
55145,-9999.99
55146,-9999.99
55147,-9999.99
55148,-9999.99
55149,-9999.99
55150,-9999.99
55151,-9999.99
55152,-9999.99
55153,405.65
55154,405.67
55155,405.67
55156,405.61
55157,405.73
55158,405.62
55159,405.69
55160,405.72
55161,405.76
55162,405.67
55163,405.73
55164,405.56
55165,405.61
55166,405.67
55167,405.62
55168,405.59
55169,405.53
55170,405.60
55171,405.54
55172,405.51
55173,405.55
55174,405.50
55175,405.55
55176,405.59
55177,405.48
55178,405.47
55179,405.53
55180,405.50
55181,405.59
55182,405.47
55183,405.44
55184,405.49
55185,405.45
55186,405.47
55187,405.39
55188,405.58
55189,405.44
55190,405.54
55191,405.43
55192,405.47
55193,405.49
55194,405.49
55195,405.44
55196,405.40
55197,405.40
55198,405.46
55199,405.49
55200,405.47
55201,405.44
55202,405.45
55203,405.41
55204,405.49
55205,405.42
55206,405.33
55207,405.47
55208,405.39
55209,405.43
55210,405.37
55211,405.44
55212,405.36
55213,405.45
55214,405.38
55215,405.41
55216,405.35
55217,405.36
55218,405.37
55219,405.43
55220,405.39
55221,405.41
55222,405.34
55223,405.35
55224,405.37
55225,405.38
55226,405.35
55227,405.38
55228,405.37
55229,405.44
55230,405.25
55231,405.33
55232,405.36
55233,405.35
55234,405.33
55235,405.26
55236,405.36
55237,405.38
55238,405.38
55239,405.28
55240,405.30
55241,405.36
55242,405.32
55243,405.35
55244,405.24
55245,405.37
55246,405.33
55247,405.28
55248,405.26
55249,405.38
55250,405.29
55251,405.39
55252,405.29
55253,405.32
55254,405.35
55255,405.29
55256,405.25
55257,405.31
55258,405.25
55259,405.26
55260,405.22
55261,405.35
55262,405.32
55263,405.27
55264,405.38
55265,405.34
55266,405.23
55267,405.32
55268,405.37
55269,405.28
55270,405.31
55271,405.25
55272,405.27
55273,405.31
55274,405.33
55275,405.35
55276,405.29
55277,405.31
55278,405.24
55279,405.35
55280,405.35
55281,405.31
55282,405.27
55283,405.32
55284,405.34
55285,405.30
55286,405.43
55287,405.38
55288,405.36
55289,405.30
55290,405.41
55291,405.33
55292,405.40
55293,405.26
55294,405.33
55295,405.30
55296,405.29
55297,405.27
55298,405.31
55299,405.40
55300,405.32
55301,405.30
55302,405.21
55303,405.31
55304,405.33
55305,405.34
55306,405.37
55307,405.40
55308,405.36
55309,405.38
55310,405.47
55311,405.40
55312,405.47
55313,405.40
55314,405.43
55315,405.39
55316,405.30
55317,405.42
55318,405.25
55319,405.34
55320,405.28
55321,405.39
55322,405.34
55323,405.37
55324,405.32
55325,405.37
55326,405.35
55327,405.31
55328,405.26
55329,405.28
55330,405.36
55331,405.46
55332,405.58
55333,405.53
55334,405.50
55335,405.34
55336,405.33
55337,405.37
55338,405.44
55339,405.23
55340,405.17
55341,405.16
55342,405.19
55343,405.22
55344,405.13
55345,405.15
55346,405.15
55347,405.22
55348,405.09
55349,405.16
55350,405.20
55351,405.16
55352,405.14
55353,405.19
55354,405.13
55355,405.15
55356,405.17
55357,405.16
55358,405.31
55359,405.23
55360,405.26
55361,405.20
55362,405.42
55363,405.42
55364,405.35
55365,405.36
55366,405.39
55367,405.45
55368,405.47
55369,405.36
55370,405.39
55371,405.31
55372,405.28
55373,405.34
55374,405.37
55375,405.34
55376,405.22
55377,405.25
55378,405.30
55379,405.37
55380,405.25
55381,405.26
55382,405.28
55383,405.23
55384,405.32
55385,405.38
55386,405.52
55387,405.47
55388,405.47
55389,405.45
55390,405.48
55391,405.37
55392,405.38
55393,405.44
55394,405.37
55395,405.41
55396,405.40
55397,405.37
55398,405.49
55399,405.45
55400,405.48
55401,405.61
55402,405.59
55403,405.69
55404,405.68
55405,405.78
55406,405.81
55407,405.67
55408,405.77
55409,405.84
55410,405.79
55411,405.78
55412,405.83
55413,405.92
55414,405.80
55415,405.92
55416,405.94
55417,405.93
55418,405.90
55419,405.83
55420,405.84
55421,405.80
55422,405.86
55423,405.88
55424,405.88
55425,405.91
55426,405.86
55427,405.90
55428,405.90
55429,405.89
55430,405.82
55431,405.78
55432,405.89
55433,405.97
55434,406.11
55435,406.10
55436,406.11
55437,406.07
55438,406.22
55439,406.26
55440,406.20
55441,406.16
55442,406.12
55443,406.21
55444,406.09
55445,406.10
55446,406.02
55447,405.88
55448,405.84
55449,405.93
55450,405.87
55451,405.84
55452,405.91
55453,405.84
55454,405.79
55455,405.87
55456,405.85
55457,405.83
55458,405.82
55459,405.86
55460,405.81
55461,405.83
55462,405.91
55463,405.92
55464,405.90
55465,405.89
55466,405.89
55467,406.03
55468,406.13
55469,406.15
55470,406.13
55471,406.23
55472,406.21
55473,406.25
55474,406.28
55475,406.31
55476,406.37
55477,406.40
55478,406.54
55479,406.49
55480,406.49
55481,406.60
55482,406.58
55483,406.60
55484,406.65
55485,406.68
55486,406.66
55487,406.66
55488,406.69
55489,406.61
55490,406.61
55491,406.60
55492,406.51
55493,406.59
55494,406.50
55495,406.55
55496,406.51
55497,406.56
55498,406.55
55499,406.56
55500,406.49
55501,406.53
55502,406.53
55503,406.52
55504,406.52
55505,406.53
55506,406.46
55507,406.44
55508,406.21
55509,406.09
55510,406.08
55511,405.76
55512,405.76
55513,405.77
55514,405.63
55515,405.56
55516,405.56
55517,405.44
55518,405.36
55519,405.33
55520,405.30
55521,405.36
55522,405.29
55523,405.17
55524,405.33
55525,405.27
55526,405.10
55527,405.16
55528,405.00
55529,404.96
55530,404.86
55531,404.81
55532,404.89
55533,404.94
55534,405.01
55535,405.11
55536,405.12
55537,405.17
55538,405.16
55539,404.99
55540,404.92
55541,404.83
55542,404.85
55543,404.81
55544,404.83
55545,404.90
55546,404.91
55547,404.95
55548,404.93
55549,404.95
55550,404.85
55551,404.69
55552,404.57
55553,404.47
55554,404.26
55555,404.17
55556,404.26
55557,404.59
55558,404.79
55559,404.94
55560,404.45
55561,404.22
55562,404.25
55563,404.17
55564,404.15
55565,404.34
55566,404.30
55567,404.42
55568,404.29
55569,404.22
55570,404.09
55571,404.06
55572,404.26
55573,404.32
55574,404.52
55575,404.46
55576,404.11
55577,404.11
55578,404.15
55579,404.20
55580,404.29
55581,404.15
55582,404.07
55583,404.16
55584,404.05
55585,404.14
55586,404.00
55587,404.00
55588,404.01
55589,404.04
55590,404.03
55591,404.03
55592,403.99
55593,403.99
55594,404.02
55595,403.97
55596,404.10
55597,404.05
55598,404.05
55599,404.08
55600,403.98
55601,404.08
55602,404.06
55603,403.98
55604,404.00
55605,404.03
55606,404.03
55607,404.03
55608,404.03
55609,404.07
55610,403.99
55611,404.05
55612,403.99
55613,403.93
55614,404.04
55615,403.94
55616,404.03
55617,403.88
55618,403.95
55619,403.99
55620,404.06
55621,404.02
55622,403.99
55623,404.00
55624,403.98
55625,404.03
55626,403.98
55627,403.99
55628,403.95
55629,404.02
55630,404.05
55631,404.01
55632,403.98
55633,403.96
55634,404.00
55635,404.07
55636,404.00
55637,403.99
55638,404.04
55639,404.07
55640,404.12
55641,404.12
55642,403.98
55643,403.96
55644,404.07
55645,404.07
55646,404.05
55647,404.00
55648,403.99
55649,404.00
55650,404.06
55651,404.03
55652,403.93
55653,403.95
55654,403.95
55655,403.95
55656,404.00
55657,403.93
55658,403.86
55659,403.97
55660,403.93
55661,404.03
55662,403.81
55663,403.86
55664,403.82
55665,403.82
55666,403.89
55667,403.91
55668,403.85
55669,403.85
55670,403.92
55671,403.80
55672,403.74
55673,403.75
55674,403.87
55675,403.81
55676,403.82
55677,403.85
55678,403.82
55679,403.86
55680,403.75
55681,403.79
55682,403.81
55683,403.77
55684,403.82
55685,403.79
55686,403.72
55687,403.60
55688,403.69
55689,403.53
55690,403.64
55691,403.67
55692,403.63
55693,403.64
55694,403.63
55695,403.65
55696,403.67
55697,403.64
55698,403.60
55699,403.63
55700,403.49
55701,403.57
55702,403.44
55703,403.46
55704,403.51
55705,403.52
55706,403.46
55707,403.55
55708,403.44
55709,403.49
55710,403.47
55711,403.54
55712,403.54
55713,403.54
55714,403.55
55715,403.59
55716,403.61
55717,403.68
55718,403.56
55719,403.43
55720,403.52
55721,403.49
55722,403.46
55723,403.42
55724,403.40
55725,403.48
55726,403.42
55727,403.51
55728,403.47
55729,403.38
55730,403.51
55731,403.44
55732,403.54
55733,403.43
55734,403.45
55735,403.50
55736,403.47
55737,403.46
55738,403.49
55739,403.49
55740,403.45
55741,403.48
55742,403.45
55743,403.44
55744,403.48
55745,403.37
55746,403.41
55747,403.37
55748,403.37
55749,403.40
55750,403.45
55751,403.42
55752,403.32
55753,403.35
55754,403.26
55755,403.36
55756,403.27
55757,403.26
55758,403.37
55759,403.29
55760,403.33
55761,403.42
55762,403.37
55763,403.31
55764,403.29
55765,403.32
55766,403.26
55767,403.25
55768,403.18
55769,403.18
55770,403.13
55771,403.08
55772,403.13
55773,402.93
55774,402.96
55775,402.97
55776,402.90
55777,402.90
55778,402.96
55779,402.92
55780,402.83
55781,402.90
55782,402.86
55783,402.87
55784,402.88
55785,402.89
55786,402.85
55787,402.91
55788,402.82
55789,402.80
55790,402.87
55791,402.83
55792,402.90
55793,402.80
55794,402.72
55795,402.82
55796,402.84
55797,402.83
55798,402.84
55799,402.78
55800,402.79
55801,402.77
55802,402.79
55803,402.74
55804,402.80
55805,402.73
55806,402.75
55807,402.78
55808,402.70
55809,402.73
55810,402.67
55811,402.55
55812,402.52
55813,402.54
55814,402.44
55815,402.52
55816,402.41
55817,402.43
55818,402.38
55819,402.41
55820,402.38
55821,402.27
55822,402.41
55823,402.38
55824,402.38
55825,402.32
55826,402.39
55827,402.39
55828,402.39
55829,402.48
55830,402.38
55831,402.43
55832,402.38
55833,402.36
55834,402.52
55835,402.51
55836,402.45
55837,402.48
55838,402.48
55839,402.37
55840,402.39
55841,402.38
55842,402.43
55843,402.38
55844,402.44
55845,402.38
55846,402.37
55847,402.43
55848,402.42
55849,402.42
55850,402.38
55851,402.37
55852,402.39
55853,402.29
55854,402.35
55855,402.36
55856,402.36
55857,402.35
55858,402.25
55859,402.42
55860,402.44
55861,402.38
55862,402.50
55863,402.47
55864,402.43
55865,402.47
55866,402.47
55867,402.35
55868,402.51
55869,402.36
55870,402.43
55871,402.47
55872,402.36
55873,402.49
55874,402.38
55875,402.45
55876,402.40
55877,402.42
55878,402.42
55879,402.41
55880,402.27
55881,402.37
55882,402.31
55883,402.36
55884,402.33
55885,402.29
55886,402.39
