data/raw/Flight5/CO2_POLAR6_20150409_R1_NETCARE.ict
34, 1001
Bozem, Heiko; Hoor, Peter
Institute for Atmospheric Physics, Johannes Gutenberg University, Mainz, Germany
CO2 mixing ratio from LI7200 CO2 analyzer
NETCARE Polar 6 Campaign 2015
1, 1
2015, 04, 09, 2015, 08, 12
1
Time_UTC, seconds
1
1
-9999.99
CO2_ppmv, ppmv
0
19
PI_CONTACT_INFO: Address: Johann-Joachim-Becherweg 21, 55128 Mainz, email: bozemh@uni-mainz.de; hoor@uni-mainz.de
PLATFORM: Polar 6
LOCATION: GPS location and altitude available at 1 Hz resolution in separate file (See AIMMS files under Aircraft data and meteorology)
ASSOCIATED_DATA: N/A
INSTRUMENT_INFO: CO2 measurements based on non-dispersive infrared absorption spectroscopy
DATA_INFO: Units are ppmv
UNCERTAINTY: UNCERTAINTY RELATIVE TO STANDARD: 1.71 ppmv at 1 sigma confidence (before drift correction is applied)
ULOD_FLAG: -7777
ULOD_VALUE: 3000
LLOD_FLAG: -8888
LLOD_VALUE: N/A 
DM_CONTACT_INFO: N/A
PROJECT_INFO: NETCARE Polar 6 aircraft campaign in April 2015; Alert
STIPULATIONS_ON_USE: N/A
OTHER_COMMENTS: N/A
REVISION: R1
R0: Preliminary data, corrected for instrument drift
R1: Final data, corrected for instrument drift
Time_UTC,CO2_ppmv
[from data line 8485]
58297,405.00
58298,404.89
58299,405.03
58300,405.05
58301,404.95
58302,404.96
58303,404.88
58304,404.98
58305,404.95
58306,405.02
58307,404.93
58308,405.03
58309,405.03
58310,405.11
58311,405.14
58312,405.05
58313,405.13
58314,405.18
58315,405.07
58316,405.12
58317,405.05
58318,405.18
58319,405.04
58320,405.08
58321,405.11
58322,405.12
58323,405.09
58324,405.13
58325,405.17
58326,405.16
58327,405.08
58328,405.21
58329,405.14
58330,405.25
58331,405.15
58332,405.26
58333,405.25
58334,405.33
58335,405.38
58336,405.32
58337,405.42
58338,405.51
58339,405.58
58340,405.45
58341,405.60
58342,405.51
58343,405.72
58344,405.77
58345,405.85
58346,405.83
58347,405.90
58348,405.93
58349,406.02
58350,405.95
58351,405.97
58352,405.98
58353,406.13
58354,406.26
58355,406.41
58356,406.51
58357,406.54
58358,406.53
58359,406.54
58360,406.77
58361,407.03
58362,407.32
58363,407.34
58364,407.33
58365,407.32
58366,407.22
58367,407.31
58368,407.26
58369,407.21
58370,407.13
58371,407.07
58372,407.18
58373,407.24
58374,407.30
58375,407.06
58376,407.14
58377,407.15
58378,407.15
58379,407.10
58380,407.11
58381,407.18
58382,407.09
58383,407.09
58384,407.07
58385,407.07
58386,407.12
58387,407.07
58388,407.06
58389,407.16
58390,407.11
58391,407.01
58392,407.08
58393,407.13
58394,407.12
58395,407.15
58396,407.04
58397,407.14
58398,407.07
58399,407.07
58400,407.15
58401,407.14
58402,407.16
58403,407.10
58404,407.20
58405,407.16
58406,407.13
58407,407.13
58408,406.92
58409,406.93
58410,406.90
58411,406.94
58412,406.86
58413,406.90
58414,406.97
58415,406.95
58416,406.93
58417,406.86
58418,406.81
58419,406.89
58420,406.89
58421,406.91
58422,406.89
58423,406.85
58424,406.84
58425,406.93
58426,406.83
58427,406.94
58428,406.98
58429,406.89
58430,406.97
58431,406.86
58432,406.87
58433,406.87
58434,406.83
58435,406.88
58436,406.85
58437,406.81
58438,406.77
58439,406.85
58440,406.90
58441,407.00
58442,406.98
58443,406.91
58444,406.85
58445,406.95
58446,406.76
58447,406.79
58448,406.88
58449,406.88
58450,406.85
58451,406.83
58452,406.80
58453,406.92
58454,406.89
58455,406.86
58456,406.91
58457,406.84
58458,406.93
58459,406.90
58460,406.88
58461,406.95
58462,406.88
58463,406.87
58464,406.95
58465,406.83
58466,406.90
58467,406.84
58468,406.83
58469,406.88
58470,406.83
58471,406.83
58472,406.72
58473,406.85
58474,406.84
58475,406.86
58476,406.86
58477,406.92
58478,406.79
58479,406.74
58480,406.58
58481,406.52
58482,406.36
58483,406.38
58484,406.22
58485,406.18
58486,406.17
58487,406.16
58488,406.15
58489,406.27
58490,406.16
58491,406.19
58492,406.15
58493,406.23
58494,406.26
58495,406.27
58496,406.24
58497,406.22
58498,406.21
58499,406.20
58500,406.23
58501,406.13
58502,406.23
58503,406.26
58504,406.20
58505,406.21
58506,406.25
58507,406.20
58508,406.18
58509,406.18
58510,406.23
58511,406.36
58512,406.29
58513,406.44
58514,406.17
58515,406.22
58516,406.24
58517,406.23
58518,406.53
58519,407.01
58520,407.05
58521,407.03
58522,407.03
58523,407.12
58524,407.07
58525,407.02
58526,407.08
58527,407.10
58528,406.99
58529,406.95
58530,407.07
58531,407.06
58532,407.04
58533,407.13
58534,407.06
58535,407.03
58536,407.09
58537,407.06
58538,407.08
58539,407.06
58540,407.09
58541,407.14
58542,407.03
58543,407.10
58544,407.00
58545,407.09
58546,407.01
58547,406.91
58548,406.87
58549,406.78
58550,406.78
58551,406.80
58552,406.78
58553,406.73
58554,406.66
58555,406.59
58556,406.67
58557,406.72
58558,406.81
58559,406.72
58560,406.75
58561,406.66
58562,406.63
58563,406.78
58564,406.79
58565,406.69
58566,406.71
58567,406.65
58568,406.62
58569,406.69
58570,406.68
58571,406.68
58572,406.59
58573,406.62
58574,406.71
58575,406.68
58576,406.67
58577,406.65
58578,406.70
58579,406.73
58580,406.69
58581,406.79
58582,406.86
58583,406.89
58584,406.80
58585,406.90
58586,406.87
58587,406.74
58588,406.64
58589,406.78
58590,406.73
58591,406.70
58592,406.69
58593,406.66
58594,406.69
58595,406.68
58596,406.62
58597,406.64
58598,406.56
58599,406.70
58600,406.69
58601,406.59
58602,406.62
58603,406.57
58604,406.58
58605,406.64
58606,406.54
58607,406.48
58608,406.42
58609,406.49
58610,406.31
58611,406.33
58612,406.38
58613,406.23
58614,406.20
58615,406.29
58616,406.18
58617,406.22
58618,406.16
58619,406.36
58620,406.21
58621,406.21
58622,406.24
58623,406.24
58624,406.28
58625,406.36
58626,406.42
58627,406.47
58628,406.29
58629,406.29
58630,406.29
58631,406.24
58632,406.26
58633,406.33
58634,406.32
58635,406.26
58636,406.40
58637,406.29
58638,406.41
58639,406.31
58640,406.41
58641,406.34
58642,406.45
58643,406.32
58644,406.22
58645,406.22
58646,406.33
58647,406.12
58648,406.28
58649,406.20
58650,406.27
58651,406.54
58652,406.51
58653,406.18
58654,406.23
58655,406.31
58656,406.21
58657,406.19
58658,406.17
58659,406.23
58660,406.07
58661,406.22
58662,406.21
58663,406.21
58664,406.46
58665,406.45
58666,406.56
58667,406.58
58668,406.61
58669,406.54
58670,406.59
58671,406.65
58672,406.61
58673,406.57
58674,406.59
58675,406.60
58676,406.41
58677,406.44
58678,406.41
58679,406.45
58680,406.66
58681,406.64
58682,406.67
58683,406.61
58684,406.62
58685,406.61
58686,406.63
58687,406.60
58688,406.56
58689,406.62
58690,406.64
58691,406.62
58692,406.58
58693,406.60
58694,406.60
58695,406.56
58696,406.70
58697,406.66
58698,406.67
58699,406.57
58700,406.64
58701,406.61
58702,406.65
58703,406.56
58704,406.50
58705,406.62
58706,406.47
58707,406.58
58708,406.53
58709,406.54
58710,406.50
58711,406.43
58712,406.43
58713,406.39
58714,406.40
58715,406.42
58716,406.42
58717,-9999.99
58718,-9999.99
58719,-9999.99
58720,-9999.99
58721,-9999.99
58722,-9999.99
58723,-9999.99
58724,-9999.99
58725,-9999.99
58726,-9999.99
58727,-9999.99
58728,-9999.99
58729,-9999.99
58730,-9999.99
58731,-9999.99
58732,-9999.99
58733,-9999.99
58734,-9999.99
58735,-9999.99
58736,-9999.99
58737,-9999.99
58738,-9999.99
58739,-9999.99
58740,-9999.99
58741,-9999.99
58742,-9999.99
58743,-9999.99
58744,-9999.99
58745,-9999.99
58746,-9999.99
58747,-9999.99
58748,-9999.99
58749,-9999.99
58750,-9999.99
58751,-9999.99
58752,-9999.99
58753,-9999.99
58754,-9999.99
58755,-9999.99
58756,-9999.99
58757,-9999.99
58758,-9999.99
58759,-9999.99
58760,-9999.99
58761,-9999.99
58762,-9999.99
58763,-9999.99
58764,-9999.99
58765,-9999.99
58766,-9999.99
58767,-9999.99
58768,-9999.99
58769,-9999.99
58770,-9999.99
58771,-9999.99
58772,-9999.99
58773,-9999.99
58774,-9999.99
58775,-9999.99
58776,-9999.99
58777,-9999.99
58778,-9999.99
58779,-9999.99
58780,-9999.99
58781,-9999.99
58782,-9999.99
58783,-9999.99
58784,-9999.99
58785,-9999.99
58786,-9999.99
58787,-9999.99
58788,-9999.99
58789,-9999.99
58790,-9999.99
58791,-9999.99
58792,-9999.99
58793,-9999.99
58794,-9999.99
58795,-9999.99
58796,-9999.99
58797,-9999.99
58798,-9999.99
58799,-9999.99
58800,-9999.99
58801,-9999.99
58802,-9999.99
58803,-9999.99
58804,-9999.99
58805,-9999.99
58806,-9999.99
58807,-9999.99
58808,-9999.99
58809,-9999.99
58810,-9999.99
58811,-9999.99
58812,-9999.99
58813,-9999.99
58814,-9999.99
58815,-9999.99
58816,-9999.99
58817,-9999.99
58818,-9999.99
58819,-9999.99
58820,-9999.99
58821,-9999.99
58822,-9999.99
58823,-9999.99
58824,-9999.99
58825,-9999.99
58826,-9999.99
58827,-9999.99
58828,-9999.99
58829,-9999.99
58830,-9999.99
58831,-9999.99
58832,-9999.99
58833,-9999.99
58834,-9999.99
58835,-9999.99
58836,-9999.99
58837,-9999.99
58838,-9999.99
58839,-9999.99
58840,-9999.99
58841,-9999.99
58842,-9999.99
58843,-9999.99
58844,-9999.99
58845,-9999.99
58846,-9999.99
58847,-9999.99
58848,-9999.99
58849,-9999.99
58850,-9999.99
58851,-9999.99
58852,-9999.99
58853,-9999.99
58854,-9999.99
58855,-9999.99
58856,-9999.99
58857,-9999.99
58858,-9999.99
58859,-9999.99
58860,-9999.99
58861,-9999.99
58862,-9999.99
58863,-9999.99
58864,-9999.99
58865,-9999.99
58866,-9999.99
58867,-9999.99
58868,-9999.99
58869,-9999.99
58870,-9999.99
58871,-9999.99
58872,-9999.99
58873,-9999.99
58874,-9999.99
58875,-9999.99
58876,-9999.99
58877,-9999.99
58878,-9999.99
58879,-9999.99
58880,-9999.99
58881,-9999.99
58882,-9999.99
58883,-9999.99
58884,-9999.99
58885,-9999.99
58886,405.71
58887,405.85
58888,405.89
58889,405.78
58890,406.12
58891,405.87
58892,405.87
58893,405.90
58894,405.95
58895,406.04
58896,405.81
58897,405.97
58898,405.93
58899,406.07
58900,406.09
58901,406.10
58902,406.29
58903,406.28
58904,406.35
58905,406.29
58906,406.35
58907,406.43
58908,406.34
58909,406.46
58910,406.55
58911,406.69
58912,406.81
58913,406.81
58914,406.87
58915,406.93
58916,406.85
58917,407.05
58918,406.89
58919,406.98
58920,407.09
58921,407.16
58922,407.18
58923,407.27
58924,407.23
58925,407.21
58926,407.08
58927,406.88
58928,406.82
58929,407.09
58930,406.82
58931,406.85
58932,406.76
58933,407.07
58934,406.75
58935,407.17
58936,407.12
58937,407.22
58938,407.20
58939,407.26
58940,407.30
58941,407.20
58942,407.28
58943,407.25
58944,407.26
58945,407.28
58946,407.30
58947,407.33
58948,407.29
58949,407.36
58950,407.36
58951,407.27
58952,407.41
58953,407.33
58954,407.36
58955,407.45
58956,407.45
58957,407.50
58958,407.54
58959,407.53
58960,407.61
58961,407.58
58962,407.56
58963,407.56
58964,407.69
58965,407.64
58966,407.60
58967,407.58
58968,407.53
58969,407.58
58970,407.54
58971,407.67
58972,407.58
58973,407.55
58974,407.53
58975,407.58
58976,407.54
58977,407.53
58978,407.50
58979,407.56
58980,407.56
58981,407.58
58982,407.56
58983,407.55
58984,407.55
58985,407.47
58986,407.56
58987,407.41
58988,407.46
58989,407.40
58990,407.37
58991,407.39
58992,407.41
58993,407.34
58994,407.34
58995,407.29
58996,407.32
58997,407.36
58998,407.43
58999,407.35
59000,407.40
59001,407.37
59002,407.32
59003,407.29
59004,407.25
59005,407.19
59006,407.26
59007,406.97
59008,407.04
59009,407.03
59010,407.00
59011,406.90
59012,406.86
59013,406.85
59014,406.78
59015,406.80
59016,406.74
59017,406.83
59018,406.83
59019,406.85
59020,406.98
59021,407.06
59022,407.03
59023,407.18
59024,407.27
59025,407.30
59026,407.29
59027,407.18
59028,407.25
59029,407.29
59030,407.32
59031,407.26
59032,407.26
59033,407.25
59034,407.25
59035,407.19
59036,407.22
59037,407.28
59038,407.09
59039,407.20
59040,407.22
59041,407.10
59042,407.12
59043,407.26
59044,407.19
59045,407.33
59046,407.19
59047,407.20
59048,407.20
59049,407.22
59050,407.30
59051,407.25
59052,407.25
59053,407.15
59054,407.32
59055,407.29
59056,407.30
59057,407.26
59058,407.25
59059,407.28
59060,407.17
59061,407.17
59062,406.99
59063,407.07
59064,406.97
59065,406.91
59066,406.89
59067,406.92
59068,406.97
59069,407.08
59070,407.20
59071,407.21
59072,407.30
59073,407.25
59074,407.21
59075,407.31
59076,407.37
59077,407.29
59078,407.27
59079,407.32
59080,407.38
59081,407.34
59082,407.26
59083,407.18
59084,407.24
59085,407.20
59086,407.18
59087,407.23
59088,407.19
59089,407.11
59090,407.15
59091,407.11
59092,407.00
59093,406.85
59094,406.82
59095,407.06
59096,407.08
59097,407.16
59098,407.19
59099,407.13
59100,407.18
59101,407.13
59102,407.14
59103,407.09
59104,406.87
59105,406.80
59106,406.76
59107,406.86
59108,406.88
59109,406.81
59110,406.83
59111,406.82
59112,406.88
59113,406.84
59114,406.81
59115,406.88
59116,406.78
59117,406.81
59118,406.67
59119,406.59
59120,406.59
59121,406.54
59122,406.40
59123,406.50
59124,406.49
59125,406.45
59126,406.40
59127,406.37
59128,406.35
59129,406.36
59130,406.44
59131,406.45
59132,406.51
59133,406.78
59134,406.95
59135,406.79
59136,406.87
59137,406.89
59138,406.87
59139,406.62
59140,406.44
59141,406.34
59142,406.27
59143,406.39
59144,406.56
59145,406.51
59146,406.49
59147,406.40
59148,406.20
59149,406.33
59150,406.32
59151,406.33
59152,406.38
59153,406.31
59154,406.32
59155,406.31
59156,406.14
59157,406.09
59158,406.14
59159,406.12
59160,406.19
59161,406.42
59162,406.31
59163,406.17
59164,406.28
59165,406.23
59166,406.24
59167,406.24
59168,406.11
59169,406.08
59170,406.17
59171,406.17
59172,406.26
59173,406.25
59174,406.29
59175,406.33
59176,406.37
59177,406.38
59178,406.49
59179,406.33
59180,406.32
59181,406.19
59182,406.16
59183,406.06
59184,406.18
59185,406.21
59186,406.05
59187,406.07
59188,405.92
59189,406.14
59190,406.06
59191,406.03
59192,406.06
59193,406.01
59194,406.08
59195,406.04
59196,406.11
59197,406.09
59198,406.08
59199,406.14
59200,406.17
59201,406.13
59202,406.14
59203,406.20
59204,406.22
59205,406.28
59206,406.33
59207,406.33
59208,406.19
59209,406.17
59210,406.22
59211,406.19
59212,406.28
59213,406.27
59214,406.32
59215,406.32
59216,406.33
59217,406.25
59218,406.20
59219,406.16
59220,406.25
59221,406.23
59222,406.21
59223,406.29
59224,406.29
59225,406.36
59226,406.29
59227,406.38
59228,406.21
59229,406.15
59230,406.10
59231,406.32
59232,406.21
59233,406.07
59234,406.03
59235,406.22
59236,406.27
59237,406.13
59238,406.08
59239,406.16
59240,406.23
59241,406.14
59242,406.34
59243,406.21
59244,406.11
59245,406.19
59246,406.18
59247,406.13
59248,406.05
59249,406.04
59250,406.10
59251,406.09
59252,406.22
59253,406.17
59254,406.09
59255,406.12
59256,406.10
59257,406.16
59258,406.22
59259,406.11
59260,406.08
59261,406.33
59262,406.36
59263,406.27
59264,406.30
59265,406.16
59266,406.20
59267,406.09
59268,406.09
59269,406.16
59270,406.16
59271,406.10
59272,406.28
59273,406.32
59274,406.39
59275,406.37
59276,406.34
59277,406.45
59278,406.36
59279,406.45
59280,406.45
59281,406.44
59282,406.40
59283,406.39
59284,406.37
59285,406.41
59286,406.32
59287,406.36
59288,406.38
59289,406.40
59290,406.52
59291,406.52
59292,406.42
59293,406.40
59294,406.29
59295,406.30
59296,406.34
59297,406.24
59298,406.34
59299,406.29
59300,406.36
59301,406.46
59302,406.39
59303,406.62
59304,406.97
59305,406.69
59306,406.66
59307,406.61
59308,406.58
59309,406.48
59310,406.42
59311,406.52
59312,406.50
59313,406.65
59314,406.44
59315,406.40
59316,406.49
59317,406.48
59318,406.54
59319,406.56
59320,406.43
59321,406.46
59322,406.45
59323,406.50
59324,406.49
59325,406.44
59326,406.47
59327,406.49
59328,406.48
59329,406.59
59330,406.62
59331,406.68
59332,406.58
59333,406.57
59334,406.47
59335,406.59
59336,406.61
59337,406.68
59338,406.71
59339,406.68
59340,406.59
59341,406.55
59342,406.50
59343,406.64
59344,406.64
59345,406.60
59346,406.62
59347,406.65
59348,406.60
59349,406.62
59350,406.66
59351,406.51
59352,406.54
59353,406.51
59354,406.68
59355,406.58
59356,406.57
59357,406.59
59358,406.56
59359,406.49
59360,406.55
59361,406.51
59362,406.47
59363,406.62
59364,406.58
59365,406.44
59366,406.54
59367,406.51
59368,406.46
59369,406.48
59370,406.49
59371,406.49
59372,406.46
59373,406.49
59374,406.48
59375,406.54
59376,406.52
59377,406.46
59378,406.38
59379,406.39
59380,406.46
59381,406.41
59382,406.48
59383,406.40
59384,406.55
59385,406.33
59386,406.46
59387,406.45
59388,406.43
59389,406.34
59390,406.35
59391,406.31
59392,406.45
59393,406.41
59394,406.37
59395,406.41
59396,406.25
59397,406.26
59398,406.30
59399,406.28
59400,406.16
59401,406.17
59402,406.12
59403,406.12
59404,405.93
59405,406.10
59406,406.00
59407,406.06
59408,405.96
59409,405.98
59410,405.99
59411,405.98
59412,406.02
59413,405.97
59414,405.99
59415,406.11
59416,406.06
59417,406.10
59418,406.05
59419,405.99
59420,406.06
59421,406.01
59422,406.06
59423,406.08
59424,406.04
59425,406.02
59426,406.07
59427,406.02
59428,406.06
59429,405.94
59430,405.90
59431,405.91
59432,405.99
59433,405.99
59434,405.90
59435,406.00
59436,405.97
59437,405.91
59438,406.00
59439,405.89
59440,405.98
59441,405.88
59442,405.86
59443,405.95
59444,405.94
59445,405.98
59446,405.95
59447,405.95
59448,405.83
59449,405.89
59450,405.94
59451,405.95
59452,405.89
59453,405.86
59454,405.93
59455,405.83
59456,405.88
59457,405.88
59458,405.92
59459,405.87
59460,405.91
59461,405.86
59462,405.80
59463,405.94
59464,405.85
59465,405.90
59466,405.82
59467,405.85
59468,405.91
59469,405.88
59470,405.87
59471,405.89
59472,405.92
59473,405.85
59474,405.95
59475,405.99
59476,405.85
59477,405.88
59478,405.93
59479,405.99
59480,405.96
59481,405.85
59482,405.83
59483,405.93
59484,405.89
59485,405.80
59486,405.85
59487,405.93
59488,405.91
59489,405.99
59490,405.98
59491,405.99
59492,405.99
59493,405.96
59494,405.99
59495,405.98
59496,406.09
59497,406.02
59498,406.11
59499,406.11
59500,406.22
