NETCARE2015/data/raw/Flight9/CO2_POLAR6_20150420_R1_L2_NETCARE.ict
34, 1001
Bozem, Heiko; Hoor, Peter
Institute for Atmospheric Physics, Johannes Gutenberg University, Mainz, Germany
CO2 mixing ratio from LI7200 CO2 analyzer
NETCARE Polar 6 Campaign 2015
1, 1
2015, 04, 20, 2015, 08, 12
1
Time_UTC, seconds
1
1
-9999.99
CO2_ppmv, ppmv
0
19
PI_CONTACT_INFO: Address: Johann-Joachim-Becherweg 21, 55128 Mainz, email: bozemh@uni-mainz.de; hoor@uni-mainz.de
PLATFORM: Polar 6
LOCATION: GPS location and altitude available at 1 Hz resolution in separate file (See AIMMS files under Aircraft data and meteorology)
ASSOCIATED_DATA: N/A
INSTRUMENT_INFO: CO2 measurements based on non-dispersive infrared absorption spectroscopy
DATA_INFO: Units are ppmv
UNCERTAINTY: UNCERTAINTY RELATIVE TO STANDARD: 1.71 ppmv at 1 sigma confidence (before drift correction is applied)
ULOD_FLAG: -7777
ULOD_VALUE: 3000
LLOD_FLAG: -8888
LLOD_VALUE: N/A 
DM_CONTACT_INFO: N/A
PROJECT_INFO: NETCARE Polar 6 aircraft campaign in April 2015; Inuvik
STIPULATIONS_ON_USE: N/A
OTHER_COMMENTS: N/A
REVISION: R1
R0: Preliminary data, corrected for instrument drift
R1: Final data, corrected for instrument drift
Time_UTC,CO2_ppmv
[from data line 4818]
83187,403.95
83188,404.00
83189,404.05
83190,404.19
83191,404.03
83192,404.06
83193,404.07
83194,404.06
83195,404.06
83196,404.18
83197,404.12
83198,404.11
83199,404.18
83200,404.34
83201,404.33
83202,404.34
83203,404.35
83204,404.36
83205,404.38
83206,404.54
83207,404.57
83208,404.54
83209,404.53
83210,404.56
83211,404.53
83212,404.44
83213,404.51
83214,404.40
83215,404.51
83216,404.63
83217,404.58
83218,404.46
83219,404.27
83220,404.23
83221,404.33
83222,404.38
83223,404.28
83224,404.28
83225,404.24
83226,404.22
83227,404.17
83228,404.24
83229,404.32
83230,404.21
83231,404.20
83232,404.23
83233,404.13
83234,404.18
83235,404.19
83236,404.15
83237,404.17
83238,404.20
83239,404.07
83240,403.95
83241,404.05
83242,404.16
83243,404.12
83244,404.11
83245,404.13
83246,404.22
83247,404.19
83248,404.27
83249,404.16
83250,404.09
83251,404.13
83252,403.98
83253,404.02
83254,404.19
83255,404.21
83256,404.04
83257,404.02
83258,404.16
83259,404.04
83260,404.07
83261,403.93
83262,403.93
83263,403.75
83264,403.86
83265,403.78
83266,403.83
83267,403.86
83268,403.88
83269,403.98
83270,403.97
83271,404.05
83272,404.00
83273,403.99
83274,404.08
83275,404.14
83276,404.05
83277,404.00
83278,403.97
83279,404.40
83280,404.57
83281,404.47
83282,404.56
83283,404.52
83284,404.65
83285,405.00
83286,404.92
83287,404.92
83288,405.21
83289,405.27
83290,405.21
83291,405.18
83292,405.34
83293,405.34
83294,405.33
83295,405.61
83296,405.56
83297,405.45
83298,405.33
83299,405.31
83300,405.09
83301,404.98
83302,404.76
83303,404.79
83304,404.87
83305,405.08
83306,404.55
83307,404.39
83308,404.69
83309,405.02
83310,405.35
83311,405.17
83312,405.29
83313,405.12
83314,404.97
83315,405.05
83316,405.20
83317,405.05
83318,405.03
83319,404.97
83320,404.72
83321,404.68
83322,404.50
83323,404.38
83324,404.41
83325,404.42
83326,404.20
83327,404.33
83328,404.40
83329,404.37
83330,404.35
83331,404.28
83332,404.25
83333,404.51
83334,404.25
83335,404.28
83336,404.45
83337,404.37
83338,404.31
83339,404.31
83340,404.38
83341,404.59
83342,404.66
83343,404.65
83344,404.59
83345,404.47
83346,404.47
83347,404.69
83348,404.72
83349,404.72
83350,404.69
83351,404.64
83352,404.66
83353,404.58
83354,404.62
83355,404.55
83356,404.57
83357,404.47
83358,404.57
83359,404.47
83360,404.51
83361,404.56
83362,404.62
83363,404.57
83364,404.69
83365,404.74
83366,404.97
83367,404.95
83368,405.24
83369,405.33
83370,405.45
83371,405.67
83372,405.64
83373,405.45
83374,405.64
83375,405.61
83376,405.92
83377,405.88
83378,405.76
83379,405.78
83380,406.16
83381,405.93
83382,405.83
83383,405.79
83384,405.83
83385,405.73
83386,405.42
83387,405.55
83388,405.47
83389,405.37
83390,405.49
83391,405.46
83392,405.33
83393,405.53
83394,405.38
83395,405.42
83396,405.54
83397,405.60
83398,405.56
83399,405.65
83400,405.60
83401,405.56
83402,405.69
83403,405.64
83404,405.74
83405,406.00
83406,406.06
83407,406.39
83408,406.52
83409,406.82
83410,407.00
83411,407.00
83412,407.20
83413,407.39
83414,407.26
83415,407.33
83416,407.25
83417,407.36
83418,407.24
83419,407.34
83420,407.37
83421,407.37
83422,407.25
83423,407.24
83424,407.20
83425,407.34
83426,407.37
83427,407.29
83428,407.42
83429,407.22
83430,406.99
83431,407.50
83432,407.29
83433,406.93
83434,407.05
83435,407.12
83436,407.19
83437,407.12
83438,406.98
83439,407.11
83440,407.22
83441,406.93
83442,406.95
83443,407.05
83444,406.91
83445,406.94
83446,406.86
83447,406.76
83448,406.68
83449,406.80
83450,406.72
83451,406.65
83452,406.67
83453,406.58
83454,406.63
83455,406.70
83456,406.77
83457,406.68
83458,406.59
83459,406.61
83460,406.64
83461,406.77
83462,406.88
83463,406.80
83464,406.94
83465,407.03
83466,406.99
83467,407.02
83468,406.99
83469,407.10
83470,407.16
83471,407.08
83472,407.12
83473,407.07
83474,407.13
83475,407.03
83476,407.01
83477,406.75
83478,406.87
83479,406.78
83480,406.90
83481,406.82
83482,406.90
83483,406.82
83484,406.94
83485,406.95
83486,406.75
83487,406.60
83488,406.40
83489,406.45
83490,406.37
83491,406.41
83492,406.56
83493,406.28
83494,406.16
83495,406.19
83496,406.12
83497,406.18
83498,406.27
83499,406.11
83500,406.19
83501,406.10
83502,406.11
83503,406.18
83504,406.16
83505,406.15
83506,406.10
83507,406.18
83508,406.21
83509,406.30
83510,406.30
83511,406.19
83512,406.40
83513,406.40
83514,406.13
83515,406.37
83516,406.42
83517,406.43
83518,406.54
83519,406.36
83520,406.47
83521,406.54
83522,406.48
83523,406.50
83524,406.53
83525,406.51
83526,406.63
83527,406.70
83528,406.78
83529,406.78
83530,406.78
83531,406.88
83532,406.90
83533,406.88
83534,406.74
83535,406.86
83536,406.86
83537,406.99
83538,406.96
83539,406.86
83540,406.95
83541,406.91
83542,406.90
83543,407.01
83544,406.79
83545,406.96
83546,406.95
83547,406.95
83548,406.99
83549,406.83
83550,406.93
83551,406.96
83552,406.89
83553,406.93
83554,406.91
83555,406.94
83556,406.99
83557,406.96
83558,407.01
83559,406.89
83560,406.98
83561,406.95
83562,406.90
83563,407.01
83564,407.04
83565,407.00
83566,406.99
83567,407.02
83568,407.03
83569,406.97
83570,406.94
83571,406.99
83572,407.02
83573,406.91
83574,407.08
83575,407.14
83576,407.18
83577,407.12
83578,407.18
83579,407.06
83580,407.11
83581,407.10
83582,407.17
83583,407.23
83584,407.28
83585,407.20
83586,407.17
83587,407.12
83588,407.16
83589,407.32
83590,407.27
83591,407.27
83592,407.23
83593,407.27
83594,407.36
83595,407.33
83596,407.23
83597,407.32
83598,407.40
83599,407.33
83600,407.27
83601,407.32
83602,407.26
83603,407.33
83604,407.34
83605,407.40
83606,407.37
83607,407.31
83608,407.17
83609,407.35
83610,407.48
83611,407.48
83612,407.40
83613,407.32
83614,407.30
83615,407.49
83616,407.59
83617,407.44
83618,407.40
83619,407.36
83620,407.28
83621,407.42
83622,407.39
83623,407.33
83624,407.33
83625,407.38
83626,407.47
83627,407.52
83628,407.46
83629,407.42
83630,407.33
83631,407.28
83632,407.38
83633,407.41
83634,407.39
83635,407.29
83636,407.41
83637,407.35
83638,407.34
83639,407.35
83640,407.17
83641,407.26
83642,407.35
83643,407.23
83644,407.21
83645,407.39
83646,407.27
83647,407.39
83648,407.37
83649,407.35
83650,407.24
83651,407.27
83652,407.37
83653,407.39
83654,407.30
83655,407.24
83656,407.31
83657,407.31
83658,407.34
83659,407.28
83660,407.43
83661,407.41
83662,407.35
83663,407.35
83664,407.23
83665,407.29
83666,407.28
83667,407.33
83668,407.27
83669,407.20
83670,407.21
83671,407.11
83672,407.26
83673,407.22
83674,407.13
83675,407.16
83676,406.98
83677,407.09
83678,407.14
83679,407.26
83680,407.15
83681,407.23
83682,407.08
83683,407.09
83684,407.14
83685,407.15
83686,407.02
83687,406.93
83688,406.90
83689,406.92
83690,406.95
83691,406.93
83692,407.00
83693,-9999.99
83694,-9999.99
83695,-9999.99
83696,-9999.99
83697,-9999.99
83698,-9999.99
83699,-9999.99
83700,-9999.99
83701,-9999.99
83702,-9999.99
83703,-9999.99
83704,-9999.99
83705,-9999.99
83706,-9999.99
83707,-9999.99
83708,-9999.99
83709,-9999.99
83710,-9999.99
83711,-9999.99
83712,-9999.99
83713,-9999.99
83714,-9999.99
83715,-9999.99
83716,-9999.99
83717,-9999.99
83718,-9999.99
83719,-9999.99
83720,-9999.99
83721,-9999.99
83722,-9999.99
83723,-9999.99
83724,-9999.99
83725,-9999.99
83726,-9999.99
83727,-9999.99
83728,-9999.99
83729,-9999.99
83730,-9999.99
83731,-9999.99
83732,-9999.99
83733,-9999.99
83734,-9999.99
83735,-9999.99
83736,-9999.99
83737,-9999.99
83738,-9999.99
83739,-9999.99
83740,-9999.99
83741,-9999.99
83742,-9999.99
83743,-9999.99
83744,-9999.99
83745,-9999.99
83746,-9999.99
83747,-9999.99
83748,-9999.99
83749,-9999.99
83750,-9999.99
83751,-9999.99
83752,-9999.99
83753,-9999.99
83754,-9999.99
83755,-9999.99
83756,-9999.99
83757,-9999.99
83758,-9999.99
83759,-9999.99
83760,-9999.99
83761,-9999.99
83762,-9999.99
83763,-9999.99
83764,-9999.99
83765,-9999.99
83766,-9999.99
83767,-9999.99
83768,-9999.99
83769,-9999.99
83770,-9999.99
83771,-9999.99
83772,-9999.99
83773,-9999.99
83774,-9999.99
83775,-9999.99
83776,-9999.99
83777,-9999.99
83778,-9999.99
83779,-9999.99
83780,-9999.99
83781,-9999.99
83782,-9999.99
83783,-9999.99
83784,-9999.99
83785,-9999.99
83786,-9999.99
83787,-9999.99
83788,-9999.99
83789,-9999.99
83790,-9999.99
83791,-9999.99
83792,-9999.99
83793,-9999.99
83794,-9999.99
83795,-9999.99
83796,-9999.99
83797,-9999.99
83798,-9999.99
83799,-9999.99
83800,-9999.99
83801,-9999.99
83802,-9999.99
83803,-9999.99
83804,-9999.99
83805,-9999.99
83806,-9999.99
83807,-9999.99
83808,-9999.99
83809,-9999.99
83810,-9999.99
83811,-9999.99
83812,-9999.99
83813,-9999.99
83814,-9999.99
83815,-9999.99
83816,-9999.99
83817,-9999.99
83818,-9999.99
83819,-9999.99
83820,-9999.99
83821,-9999.99
83822,-9999.99
83823,-9999.99
83824,-9999.99
83825,-9999.99
83826,-9999.99
83827,-9999.99
83828,-9999.99
83829,-9999.99
83830,-9999.99
83831,-9999.99
83832,-9999.99
83833,-9999.99
83834,-9999.99
83835,-9999.99
83836,-9999.99
83837,-9999.99
83838,-9999.99
83839,-9999.99
83840,-9999.99
83841,-9999.99
83842,-9999.99
83843,-9999.99
83844,-9999.99
83845,-9999.99
83846,-9999.99
83847,-9999.99
83848,-9999.99
83849,-9999.99
83850,-9999.99
83851,-9999.99
83852,-9999.99
83853,-9999.99
83854,-9999.99
83855,-9999.99
83856,-9999.99
83857,-9999.99
83858,-9999.99
83859,-9999.99
83860,-9999.99
83861,-9999.99
83862,406.82
83863,406.70
83864,406.76
83865,406.70
83866,406.74
83867,406.75
83868,406.50
83869,406.77
83870,406.63
83871,406.52
83872,406.51
83873,406.64
83874,406.44
83875,406.44
83876,406.36
83877,406.32
83878,406.24
83879,406.31
83880,406.23
83881,406.20
83882,406.21
83883,406.12
83884,406.15
83885,406.23
83886,406.26
83887,406.22
83888,406.18
83889,406.25
83890,406.20
83891,406.13
83892,406.21
83893,406.17
83894,406.20
83895,406.11
83896,406.18
83897,406.04
83898,406.18
83899,406.13
83900,406.09
83901,405.99
83902,406.11
83903,406.02
83904,406.16
83905,406.08
83906,405.96
83907,405.97
83908,406.05
83909,405.93
83910,406.00
83911,406.06
83912,406.03
83913,406.13
83914,406.26
83915,406.16
83916,406.26
83917,406.36
83918,406.16
83919,406.10
83920,406.08
83921,406.20
83922,406.18
83923,406.12
83924,406.11
83925,406.16
83926,406.15
83927,406.11
83928,406.15
83929,406.02
83930,406.24
83931,406.18
83932,406.24
83933,406.30
83934,406.25
83935,406.23
83936,406.25
83937,406.29
83938,406.26
83939,406.23
83940,406.09
83941,406.33
83942,406.24
83943,406.41
83944,406.47
83945,406.48
83946,406.48
83947,406.44
83948,406.44
83949,406.23
83950,406.25
83951,406.26
83952,406.29
83953,406.35
83954,406.44
83955,406.56
83956,406.58
83957,406.80
83958,406.90
83959,406.98
83960,407.10
83961,407.00
83962,407.03
83963,407.12
83964,407.11
83965,407.21
83966,407.21
83967,407.11
83968,407.23
83969,407.33
83970,407.34
83971,407.27
83972,407.29
83973,407.32
83974,407.34
83975,407.23
83976,407.29
83977,407.29
83978,407.31
83979,407.30
83980,407.50
83981,407.39
83982,407.27
83983,407.37
83984,407.28
83985,407.34
83986,407.34
83987,407.36
83988,407.41
83989,407.41
83990,407.30
83991,407.34
83992,407.36
83993,407.39
83994,407.40
83995,407.43
83996,407.37
83997,407.50
83998,407.43
83999,407.40
84000,407.39
84001,407.46
84002,407.49
84003,407.47
84004,407.49
84005,407.49
84006,407.42
84007,407.45
84008,407.48
84009,407.38
84010,407.49
84011,407.66
84012,407.53
84013,407.56
84014,407.53
84015,407.42
84016,407.53
84017,407.60
84018,407.47
84019,407.61
84020,407.57
84021,407.56
84022,407.51
84023,407.50
84024,407.55
84025,407.48
84026,407.53
84027,407.61
84028,407.61
84029,407.64
84030,407.59
84031,407.66
84032,407.60
84033,407.61
84034,407.59
84035,407.61
84036,407.55
84037,407.53
84038,407.58
84039,407.46
84040,407.47
84041,407.56
84042,407.49
84043,407.56
84044,407.60
84045,407.63
84046,407.60
84047,407.52
84048,407.58
84049,407.73
84050,407.75
84051,407.81
84052,407.96
84053,407.94
84054,408.18
84055,407.97
84056,407.88
84057,408.05
84058,407.89
84059,408.21
84060,408.07
84061,408.26
84062,408.06
84063,407.88
84064,407.62
84065,407.70
84066,407.59
84067,407.67
84068,407.60
84069,407.54
84070,407.49
84071,407.49
84072,407.36
84073,407.44
84074,407.37
84075,407.44
84076,407.53
84077,407.48
84078,407.43
84079,407.46
84080,407.49
84081,407.50
84082,407.51
84083,407.48
84084,407.48
84085,407.66
84086,407.82
84087,408.18
84088,408.19
84089,408.21
84090,408.35
84091,408.26
84092,408.24
84093,408.27
84094,408.25
84095,408.28
84096,408.21
84097,408.24
84098,408.11
84099,408.30
84100,408.25
84101,408.24
84102,408.04
84103,407.95
84104,407.96
84105,407.95
84106,407.91
84107,408.02
84108,407.87
84109,408.01
84110,407.94
84111,407.83
84112,407.97
84113,408.00
84114,407.98
84115,407.95
84116,408.08
84117,408.09
84118,407.97
84119,408.03
84120,408.05
84121,408.02
84122,408.08
84123,408.05
84124,408.04
84125,407.94
84126,408.01
84127,408.00
84128,408.01
84129,407.99
84130,408.06
84131,407.99
84132,408.05
84133,408.01
84134,407.97
84135,408.11
84136,408.06
84137,408.05
84138,408.12
84139,408.05
84140,407.97
84141,407.88
84142,407.92
84143,407.81
84144,407.92
84145,408.02
84146,407.87
84147,407.85
84148,407.81
84149,407.84
84150,407.91
84151,407.99
84152,408.07
84153,408.07
84154,407.86
84155,407.92
84156,407.75
84157,407.76
84158,407.80
84159,407.95
84160,407.92
84161,407.78
84162,407.79
84163,407.63
84164,407.71
84165,407.74
84166,407.68
84167,407.70
84168,407.77
84169,407.73
84170,407.77
84171,407.68
84172,407.87
84173,407.75
84174,407.90
84175,407.98
84176,407.95
84177,407.99
84178,408.02
84179,408.21
84180,408.00
84181,408.14
84182,408.26
84183,407.97
84184,407.69
84185,407.71
84186,407.84
84187,407.75
84188,407.54
84189,407.88
84190,408.27
84191,408.20
84192,408.13
84193,407.95
84194,407.80
84195,407.79
84196,407.81
84197,407.49
84198,407.33
84199,407.42
84200,407.45
84201,407.35
84202,407.28
84203,407.27
84204,407.43
84205,407.30
84206,407.38
84207,407.36
84208,407.66
84209,407.66
84210,407.30
84211,407.37
84212,407.30
84213,407.47
84214,407.32
84215,407.32
84216,407.46
84217,407.55
84218,407.28
84219,407.34
84220,407.55
84221,407.67
84222,407.59
84223,407.43
84224,407.51
84225,407.55
84226,407.44
84227,407.29
84228,407.30
84229,407.40
84230,407.37
84231,407.30
84232,407.23
84233,407.41
84234,407.57
84235,407.56
84236,407.54
84237,407.51
84238,407.45
84239,407.59
84240,407.63
84241,407.65
84242,407.65
84243,407.57
84244,407.62
84245,407.62
84246,407.75
84247,407.67
84248,407.71
84249,408.00
84250,407.88
84251,407.71
84252,407.53
84253,407.50
84254,407.51
84255,407.41
84256,407.53
84257,407.44
84258,407.51
84259,407.43
84260,407.47
84261,407.31
84262,407.26
84263,407.19
84264,407.22
84265,407.09
84266,407.10
84267,407.03
84268,406.99
84269,406.94
84270,406.96
84271,406.94
84272,406.89
84273,406.87
84274,406.82
84275,407.03
84276,407.25
84277,407.43
84278,407.42
84279,407.46
84280,407.42
84281,407.26
84282,407.33
84283,407.33
84284,407.14
84285,407.23
84286,407.19
84287,407.40
84288,407.35
84289,407.37
84290,407.21
84291,407.47
84292,407.55
84293,407.46
84294,407.51
84295,407.32
84296,407.34
84297,407.14
84298,407.10
84299,407.10
84300,407.11
84301,407.10
84302,407.08
84303,406.86
84304,406.86
84305,406.75
84306,406.64
84307,406.68
84308,406.67
84309,406.60
84310,406.49
84311,406.56
84312,406.53
84313,406.42
84314,406.35
84315,406.26
84316,405.98
84317,405.72
84318,405.75
84319,405.80
84320,405.86
84321,405.90
84322,406.00
84323,405.98
84324,406.20
84325,406.03
84326,405.71
84327,405.57
84328,405.48
84329,405.61
84330,405.58
84331,405.47
84332,405.49
84333,405.40
84334,405.39
84335,405.39
84336,405.29
84337,405.29
84338,405.23
84339,405.23
84340,405.27
84341,405.30
84342,405.22
84343,405.40
84344,405.45
84345,405.40
84346,405.41
84347,405.40
84348,405.54
84349,405.44
84350,405.48
84351,405.48
84352,405.49
84353,405.45
84354,405.66
84355,405.41
84356,405.29
84357,405.35
84358,405.39
84359,405.37
84360,405.39
84361,405.40
84362,405.36
84363,405.44
84364,405.39
84365,405.50
84366,405.51
84367,405.38
84368,405.44
84369,405.46
84370,405.50
84371,405.52
84372,405.46
84373,405.49
84374,405.62
84375,405.53
84376,405.60
84377,405.64
84378,405.66
84379,405.62
84380,405.60
84381,405.47
84382,405.58
84383,405.59
84384,405.65
84385,405.69
84386,405.84
84387,405.87
84388,405.92
84389,405.90
84390,405.54
