NETCARE2015/data/raw/Flight9/CO2_POLAR6_20150420_R1_L2_NETCARE.ict
34, 1001
Bozem, Heiko; Hoor, Peter
Institute for Atmospheric Physics, Johannes Gutenberg University, Mainz, Germany
CO2 mixing ratio from LI7200 CO2 analyzer
NETCARE Polar 6 Campaign 2015
1, 1
2015, 04, 20, 2015, 08, 12
1
Time_UTC, seconds
1
1
-9999.99
CO2_ppmv, ppmv
0
19
PI_CONTACT_INFO: Address: Johann-Joachim-Becherweg 21, 55128 Mainz, email: bozemh@uni-mainz.de; hoor@uni-mainz.de
PLATFORM: Polar 6
LOCATION: GPS location and altitude available at 1 Hz resolution in separate file (See AIMMS files under Aircraft data and meteorology)
ASSOCIATED_DATA: N/A
INSTRUMENT_INFO: CO2 measurements based on non-dispersive infrared absorption spectroscopy
DATA_INFO: Units are ppmv
UNCERTAINTY: UNCERTAINTY RELATIVE TO STANDARD: 1.71 ppmv at 1 sigma confidence (before drift correction is applied)
ULOD_FLAG: -7777
ULOD_VALUE: 3000
LLOD_FLAG: -8888
LLOD_VALUE: N/A 
DM_CONTACT_INFO: N/A
PROJECT_INFO: NETCARE Polar 6 aircraft campaign in April 2015; Inuvik
STIPULATIONS_ON_USE: N/A
OTHER_COMMENTS: N/A
REVISION: R1
R0: Preliminary data, corrected for instrument drift
R1: Final data, corrected for instrument drift
Time_UTC,CO2_ppmv
[from data line 3614]
81983,405.63
81984,405.62
81985,405.70
81986,405.60
81987,405.72
81988,405.67
81989,405.62
81990,405.70
81991,405.65
81992,405.59
81993,405.59
81994,405.63
81995,405.62
81996,405.63
81997,405.67
81998,405.62
81999,405.67
82000,405.65
82001,405.66
82002,405.55
82003,405.70
82004,405.61
82005,405.61
82006,405.65
82007,405.64
82008,405.70
82009,405.55
82010,405.61
82011,405.58
82012,405.61
82013,405.66
82014,405.63
82015,405.65
82016,405.64
82017,405.57
82018,405.63
82019,405.58
82020,405.61
82021,405.59
82022,405.52
82023,405.55
82024,405.57
82025,405.58
82026,405.53
82027,405.53
82028,405.49
82029,405.56
82030,405.55
82031,405.55
82032,405.68
82033,405.54
82034,405.56
82035,405.56
82036,405.51
82037,405.47
82038,405.48
82039,405.50
82040,405.60
82041,405.45
82042,405.55
82043,405.43
82044,405.48
82045,405.56
82046,405.58
82047,405.57
82048,405.62
82049,405.58
82050,405.61
82051,405.57
82052,405.56
82053,405.54
82054,405.54
82055,405.62
82056,405.62
82057,405.56
82058,405.57
82059,405.55
82060,405.55
82061,405.57
82062,405.55
82063,405.59
82064,405.56
82065,405.64
82066,405.54
82067,405.54
82068,405.59
82069,405.63
82070,405.65
82071,405.65
82072,405.55
82073,405.64
82074,405.59
82075,405.61
82076,405.65
82077,405.60
82078,405.62
82079,405.58
82080,405.65
82081,405.57
82082,405.63
82083,405.59
82084,405.61
82085,405.60
82086,405.59
82087,405.59
82088,405.64
82089,405.53
82090,405.67
82091,405.58
82092,405.68
82093,405.60
82094,405.62
82095,405.69
82096,405.69
82097,405.64
82098,405.61
82099,405.62
82100,405.64
82101,405.63
82102,405.66
82103,405.72
82104,405.75
82105,405.65
82106,405.60
82107,405.63
82108,405.72
82109,405.68
82110,405.66
82111,405.67
82112,405.66
82113,405.65
82114,405.63
82115,405.62
82116,405.70
82117,405.71
82118,405.75
82119,405.74
82120,405.65
82121,405.68
82122,405.58
82123,405.60
82124,405.72
82125,405.65
82126,405.70
82127,405.66
82128,405.72
82129,405.72
82130,405.75
82131,405.69
82132,405.72
82133,405.76
82134,405.77
82135,405.79
82136,405.72
82137,405.73
82138,405.70
82139,405.77
82140,405.73
82141,405.60
82142,405.78
82143,405.72
82144,405.78
82145,405.73
82146,405.72
82147,405.54
82148,405.70
82149,405.75
82150,405.76
82151,405.64
82152,405.77
82153,405.68
82154,405.64
82155,405.78
82156,405.69
82157,405.83
82158,405.58
82159,405.70
82160,405.72
82161,405.67
82162,405.71
82163,405.73
82164,405.74
82165,405.82
82166,405.76
82167,405.70
82168,405.74
82169,405.68
82170,405.73
82171,405.72
82172,405.78
82173,405.81
82174,405.65
82175,405.74
82176,405.80
82177,405.74
82178,405.83
82179,405.75
82180,405.72
82181,405.76
82182,405.77
82183,405.78
82184,405.80
82185,405.78
82186,405.76
82187,405.76
82188,405.78
82189,405.76
82190,405.80
82191,405.78
82192,405.81
82193,405.76
82194,405.80
82195,405.74
82196,405.75
82197,405.83
82198,405.78
82199,405.81
82200,405.76
82201,405.85
82202,405.86
82203,405.77
82204,405.74
82205,405.79
82206,405.85
82207,405.83
82208,405.83
82209,405.80
82210,405.88
82211,405.76
82212,405.81
82213,405.76
82214,405.81
82215,405.80
82216,405.80
82217,405.82
82218,405.75
82219,405.79
82220,405.84
82221,405.75
82222,405.78
82223,405.75
82224,405.78
82225,405.76
82226,405.77
82227,405.76
82228,405.80
82229,405.75
82230,405.85
82231,405.80
82232,405.72
82233,405.76
82234,405.75
82235,405.71
82236,405.75
82237,405.74
82238,405.77
82239,405.59
82240,405.75
82241,405.76
82242,405.76
82243,405.64
82244,405.66
82245,405.77
82246,405.77
82247,405.75
82248,405.71
82249,405.71
82250,405.86
82251,405.79
82252,405.79
82253,405.70
82254,405.70
82255,405.77
82256,405.76
82257,405.73
82258,405.74
82259,405.74
82260,405.79
82261,405.84
82262,405.70
82263,405.78
82264,405.77
82265,405.78
82266,405.79
82267,405.78
82268,405.72
82269,405.84
82270,405.75
82271,405.74
82272,405.79
82273,405.79
82274,405.84
82275,405.68
82276,405.76
82277,405.76
82278,405.74
82279,405.78
82280,405.92
82281,405.77
82282,405.69
82283,405.88
82284,405.81
82285,405.80
82286,405.77
82287,405.75
82288,405.83
82289,405.76
82290,405.82
82291,405.74
82292,405.84
82293,405.78
82294,405.65
82295,405.77
82296,405.80
82297,405.78
82298,405.82
82299,405.80
82300,405.82
82301,405.77
82302,405.78
82303,405.78
82304,405.92
82305,405.84
82306,405.76
82307,405.86
82308,405.86
82309,405.79
82310,405.81
82311,405.76
82312,405.79
82313,405.75
82314,405.79
82315,405.78
82316,405.79
82317,405.83
82318,405.80
82319,405.80
82320,405.76
82321,405.78
82322,405.88
82323,405.85
82324,405.80
82325,405.73
82326,405.72
82327,405.71
82328,405.82
82329,405.82
82330,405.77
82331,405.81
82332,405.74
82333,405.91
82334,405.75
82335,405.75
82336,405.71
82337,405.82
82338,405.76
82339,405.77
82340,405.64
82341,405.75
82342,405.74
82343,405.70
82344,405.70
82345,405.67
82346,405.81
82347,405.72
82348,405.73
82349,405.73
82350,405.65
82351,405.69
82352,405.65
82353,405.62
82354,405.63
82355,405.60
82356,405.64
82357,405.59
82358,405.70
82359,405.67
82360,405.63
82361,405.63
82362,405.67
82363,405.64
82364,405.73
82365,405.67
82366,405.62
82367,405.72
82368,405.63
82369,405.63
82370,405.63
82371,405.67
82372,405.70
82373,405.62
82374,405.65
82375,405.67
82376,405.60
82377,405.71
82378,405.65
82379,405.62
82380,405.61
82381,405.65
82382,405.45
82383,405.60
82384,405.71
82385,405.71
82386,405.62
82387,405.63
82388,405.69
82389,405.67
82390,405.64
82391,405.67
82392,405.74
82393,405.62
82394,405.68
82395,405.61
82396,405.65
82397,405.66
82398,405.72
82399,405.61
82400,405.61
82401,405.64
82402,405.63
82403,405.68
82404,405.64
82405,405.66
82406,405.67
82407,405.66
82408,405.72
82409,405.74
82410,405.66
82411,405.72
82412,405.69
82413,405.71
82414,405.63
82415,405.69
82416,405.68
82417,405.63
82418,405.71
82419,405.70
82420,405.75
82421,405.67
82422,405.70
82423,405.71
82424,405.72
82425,405.68
82426,405.74
82427,405.69
82428,405.72
82429,405.68
82430,405.73
82431,405.80
82432,405.67
82433,405.68
82434,405.72
82435,405.71
82436,405.71
82437,405.66
82438,405.62
82439,405.68
82440,405.60
82441,405.60
82442,405.61
82443,405.64
82444,405.55
82445,405.58
82446,405.55
82447,405.57
82448,405.54
82449,405.52
82450,405.57
82451,405.51
82452,405.58
82453,405.51
82454,405.48
82455,405.42
82456,405.46
82457,405.49
82458,405.54
82459,405.62
82460,405.59
82461,405.52
82462,405.49
82463,405.58
82464,405.59
82465,405.55
82466,405.59
82467,405.55
82468,405.54
82469,405.55
82470,405.61
82471,405.55
82472,405.53
82473,405.58
82474,405.53
82475,405.57
82476,405.56
82477,405.53
82478,405.65
82479,405.45
82480,405.66
82481,405.55
82482,405.59
82483,405.66
82484,405.58
82485,405.59
82486,405.61
82487,405.69
82488,405.64
82489,405.56
82490,405.66
82491,405.58
82492,405.61
82493,405.56
82494,405.57
82495,405.63
82496,405.56
82497,405.63
82498,405.59
82499,405.61
82500,405.61
82501,405.66
82502,405.53
82503,405.58
82504,405.44
82505,405.52
82506,405.56
82507,405.56
82508,405.59
82509,405.62
82510,405.54
82511,405.65
82512,405.64
82513,405.68
82514,405.69
82515,405.48
82516,405.64
82517,405.67
82518,405.85
82519,405.66
82520,405.65
82521,405.82
82522,405.67
82523,405.66
82524,405.81
82525,405.63
82526,405.72
82527,405.72
82528,405.78
82529,405.73
82530,405.63
82531,405.73
82532,405.73
82533,405.75
82534,405.73
82535,405.69
82536,405.68
82537,405.65
82538,-9999.99
82539,-9999.99
82540,-9999.99
82541,-9999.99
82542,-9999.99
82543,-9999.99
82544,-9999.99
82545,-9999.99
82546,-9999.99
82547,-9999.99
82548,-9999.99
82549,-9999.99
82550,-9999.99
82551,-9999.99
82552,-9999.99
82553,-9999.99
82554,-9999.99
82555,-9999.99
82556,-9999.99
82557,-9999.99
82558,-9999.99
82559,-9999.99
82560,-9999.99
82561,-9999.99
82562,-9999.99
82563,-9999.99
82564,-9999.99
82565,-9999.99
82566,-9999.99
82567,-9999.99
82568,-9999.99
82569,-9999.99
82570,-9999.99
82571,-9999.99
82572,-9999.99
82573,-9999.99
82574,-9999.99
82575,-9999.99
82576,-9999.99
82577,-9999.99
82578,-9999.99
82579,-9999.99
82580,-9999.99
82581,-9999.99
82582,-9999.99
82583,-9999.99
82584,-9999.99
82585,-9999.99
82586,-9999.99
82587,-9999.99
82588,-9999.99
82589,-9999.99
82590,-9999.99
82591,-9999.99
82592,-9999.99
82593,-9999.99
82594,-9999.99
82595,-9999.99
82596,-9999.99
82597,-9999.99
82598,-9999.99
82599,-9999.99
82600,-9999.99
82601,-9999.99
82602,-9999.99
82603,-9999.99
82604,-9999.99
82605,-9999.99
82606,-9999.99
82607,-9999.99
82608,-9999.99
82609,-9999.99
82610,-9999.99
82611,-9999.99
82612,-9999.99
82613,-9999.99
82614,-9999.99
82615,-9999.99
82616,-9999.99
82617,-9999.99
82618,-9999.99
82619,-9999.99
82620,-9999.99
82621,-9999.99
82622,-9999.99
82623,-9999.99
82624,-9999.99
82625,-9999.99
82626,-9999.99
82627,-9999.99
82628,-9999.99
82629,-9999.99
82630,-9999.99
82631,-9999.99
82632,-9999.99
82633,-9999.99
82634,-9999.99
82635,-9999.99
82636,-9999.99
82637,-9999.99
82638,-9999.99
82639,-9999.99
82640,-9999.99
82641,-9999.99
82642,-9999.99
82643,-9999.99
82644,-9999.99
82645,-9999.99
82646,-9999.99
82647,-9999.99
82648,-9999.99
82649,-9999.99
82650,-9999.99
82651,-9999.99
82652,-9999.99
82653,-9999.99
82654,-9999.99
82655,-9999.99
82656,-9999.99
82657,-9999.99
82658,-9999.99
82659,-9999.99
82660,-9999.99
82661,-9999.99
82662,-9999.99
82663,-9999.99
82664,-9999.99
82665,-9999.99
82666,-9999.99
82667,-9999.99
82668,-9999.99
82669,-9999.99
82670,-9999.99
82671,-9999.99
82672,-9999.99
82673,-9999.99
82674,-9999.99
82675,-9999.99
82676,-9999.99
82677,-9999.99
82678,-9999.99
82679,-9999.99
82680,-9999.99
82681,-9999.99
82682,-9999.99
82683,-9999.99
82684,-9999.99
82685,-9999.99
82686,-9999.99
82687,-9999.99
82688,-9999.99
82689,-9999.99
82690,-9999.99
82691,-9999.99
82692,-9999.99
82693,-9999.99
82694,-9999.99
82695,-9999.99
82696,-9999.99
82697,-9999.99
82698,-9999.99
82699,-9999.99
82700,-9999.99
82701,-9999.99
82702,-9999.99
82703,-9999.99
82704,-9999.99
82705,-9999.99
82706,-9999.99
82707,-9999.99
82708,-9999.99
82709,405.49
82710,405.49
82711,405.50
82712,405.44
82713,405.43
82714,405.56
82715,405.46
82716,405.50
82717,405.54
82718,405.42
82719,405.44
82720,405.42
82721,405.34
82722,405.42
82723,405.47
82724,405.43
82725,405.44
82726,405.40
82727,405.41
82728,405.41
82729,405.40
82730,405.40
82731,405.49
82732,405.48
82733,405.42
82734,405.41
82735,405.40
82736,405.35
82737,405.43
82738,405.37
82739,405.35
82740,405.33
82741,405.42
82742,405.38
82743,405.40
82744,405.38
82745,405.43
82746,405.51
82747,405.51
82748,405.35
82749,405.40
82750,-9999.99
82751,-9999.99
82752,405.45
82753,405.44
82754,405.40
82755,405.36
82756,405.40
82757,405.51
82758,405.36
82759,405.39
82760,405.40
82761,405.39
82762,405.44
82763,405.37
82764,405.34
82765,405.42
82766,405.40
82767,405.41
82768,405.35
82769,405.39
82770,405.25
82771,405.38
82772,405.41
82773,405.32
82774,405.29
82775,405.36
82776,405.33
82777,405.32
82778,405.33
82779,405.35
82780,405.32
82781,405.22
82782,405.32
82783,405.25
82784,405.20
82785,405.08
82786,405.12
82787,405.16
82788,405.12
82789,405.08
82790,405.19
82791,405.16
82792,405.23
82793,405.20
82794,405.11
82795,405.24
82796,405.20
82797,405.22
82798,405.12
82799,405.16
82800,405.26
82801,405.16
82802,405.17
82803,405.22
82804,405.12
82805,405.16
82806,405.22
82807,405.16
82808,405.19
82809,405.11
82810,405.18
82811,405.34
82812,405.12
82813,405.11
82814,405.23
82815,405.20
82816,405.19
82817,405.14
82818,405.07
82819,405.14
82820,405.05
82821,405.20
82822,405.15
82823,405.20
82824,405.18
82825,405.13
82826,405.21
82827,405.18
82828,405.20
82829,405.02
82830,405.15
82831,405.15
82832,405.07
82833,405.05
82834,405.10
82835,405.10
82836,405.18
82837,405.08
82838,405.07
82839,405.09
82840,405.07
82841,405.10
82842,405.03
82843,405.09
82844,405.07
82845,405.07
82846,405.03
82847,405.03
82848,405.04
82849,405.03
82850,405.01
82851,405.07
82852,405.00
82853,405.04
82854,404.95
82855,404.98
82856,405.04
82857,404.99
82858,405.02
82859,404.95
82860,405.03
82861,404.93
82862,404.95
82863,404.92
82864,404.94
82865,405.00
82866,404.89
82867,404.94
82868,404.92
82869,404.87
82870,404.99
82871,404.92
82872,405.00
82873,404.91
82874,404.91
82875,404.88
82876,404.91
82877,405.05
82878,404.92
82879,404.91
82880,404.91
82881,404.90
82882,404.85
82883,404.90
82884,404.90
82885,404.96
82886,404.94
82887,405.02
82888,404.92
82889,404.94
82890,404.90
82891,404.79
82892,404.99
82893,404.88
82894,404.84
82895,404.98
82896,404.91
82897,404.95
82898,404.91
82899,404.83
82900,404.87
82901,404.94
82902,404.93
82903,404.90
82904,404.89
82905,404.91
82906,404.88
82907,404.87
82908,-9999.99
82909,-9999.99
82910,-9999.99
82911,404.90
82912,404.96
82913,404.90
82914,404.84
82915,404.69
82916,404.88
82917,404.86
82918,404.86
82919,404.86
82920,404.83
82921,404.81
82922,404.77
82923,404.79
82924,404.84
82925,404.78
82926,404.77
82927,404.71
82928,404.63
82929,404.55
82930,404.64
82931,404.76
82932,404.67
82933,404.63
82934,404.70
82935,404.71
82936,404.75
82937,404.65
82938,404.70
82939,404.62
82940,404.69
82941,404.73
82942,404.63
82943,404.75
82944,404.64
82945,404.74
82946,404.75
82947,404.73
82948,404.73
82949,404.72
82950,404.66
82951,404.76
82952,404.73
82953,404.77
82954,404.75
82955,404.69
82956,404.71
82957,404.75
82958,404.79
82959,404.76
82960,404.79
82961,404.76
82962,404.68
82963,404.59
82964,404.72
82965,404.77
82966,404.73
82967,404.79
82968,404.60
82969,404.73
82970,404.69
82971,404.83
82972,404.74
82973,404.71
82974,404.80
82975,404.82
82976,404.82
82977,404.82
82978,404.74
82979,404.83
82980,404.76
82981,404.71
82982,404.75
82983,404.76
82984,404.74
82985,404.70
82986,404.66
82987,404.61
82988,404.73
82989,404.63
82990,404.58
82991,404.71
82992,404.68
82993,404.78
82994,404.58
82995,404.67
82996,404.66
82997,404.68
82998,404.64
82999,404.69
83000,404.67
83001,404.61
83002,404.69
83003,404.61
83004,404.71
83005,404.65
83006,404.64
83007,404.64
83008,404.71
83009,404.70
83010,404.72
83011,404.71
83012,404.70
83013,404.61
83014,404.55
83015,404.60
83016,404.40
83017,404.37
83018,404.48
83019,404.59
83020,404.49
83021,404.48
83022,404.43
83023,404.53
83024,404.49
83025,404.53
83026,404.48
83027,404.51
83028,404.39
83029,404.41
83030,404.52
83031,404.42
83032,404.40
83033,404.45
83034,404.42
83035,404.34
83036,404.39
83037,404.38
83038,404.34
83039,404.43
83040,404.30
83041,404.29
83042,404.32
83043,404.28
83044,404.39
83045,404.32
83046,404.33
83047,404.31
83048,404.26
83049,404.41
83050,404.32
83051,404.31
83052,404.29
83053,404.28
83054,404.27
83055,404.35
83056,404.31
83057,404.29
83058,404.29
83059,404.25
83060,404.31
83061,404.29
83062,404.33
83063,404.23
83064,404.29
83065,404.22
83066,404.24
83067,404.15
83068,404.21
83069,404.26
83070,404.29
83071,404.29
83072,404.28
83073,404.26
83074,404.32
83075,404.35
83076,404.32
83077,404.25
83078,404.24
83079,404.23
83080,404.27
83081,404.29
83082,404.30
83083,404.33
83084,404.28
83085,404.28
83086,404.33
83087,404.23
83088,404.27
83089,404.20
83090,404.24
83091,404.20
83092,404.22
83093,404.15
83094,404.33
83095,404.27
83096,404.32
83097,404.27
83098,404.22
83099,404.24
83100,404.29
83101,404.30
83102,404.33
83103,404.24
83104,404.35
83105,404.36
83106,404.26
83107,404.26
83108,404.33
83109,404.30
83110,404.31
83111,404.35
83112,404.34
83113,404.29
83114,404.27
83115,404.24
83116,404.25
83117,404.28
83118,404.28
83119,404.29
83120,404.40
83121,404.53
83122,404.57
83123,404.55
83124,404.66
83125,404.74
83126,404.59
83127,404.66
83128,404.66
83129,404.62
83130,404.55
83131,404.69
83132,404.66
83133,404.68
83134,404.65
83135,404.66
83136,404.65
83137,404.63
83138,404.60
83139,404.50
83140,404.43
83141,404.22
83142,404.11
83143,404.17
83144,404.19
83145,404.46
83146,404.33
83147,404.47
83148,404.40
83149,404.47
83150,404.47
83151,404.52
83152,404.44
83153,404.27
83154,404.41
83155,404.55
83156,404.58
83157,404.55
83158,404.37
83159,404.19
83160,404.24
83161,404.12
83162,404.17
83163,404.12
83164,404.03
83165,404.09
83166,403.89
83167,404.02
83168,404.07
83169,404.07
83170,404.04
83171,403.99
83172,403.95
83173,403.96
83174,403.95
83175,403.91
83176,403.97
83177,404.13
83178,403.99
83179,404.04
83180,403.99
83181,403.92
83182,403.90
83183,404.11
83184,403.99
83185,404.01
