NETCARE2015/data/raw/Flight9/CO2_POLAR6_20150420_R1_L2_NETCARE.ict
34, 1001
Bozem, Heiko; Hoor, Peter
Institute for Atmospheric Physics, Johannes Gutenberg University, Mainz, Germany
CO2 mixing ratio from LI7200 CO2 analyzer
NETCARE Polar 6 Campaign 2015
1, 1
2015, 04, 20, 2015, 08, 12
1
Time_UTC, seconds
1
1
-9999.99
CO2_ppmv, ppmv
0
19
PI_CONTACT_INFO: Address: Johann-Joachim-Becherweg 21, 55128 Mainz, email: bozemh@uni-mainz.de; hoor@uni-mainz.de
PLATFORM: Polar 6
LOCATION: GPS location and altitude available at 1 Hz resolution in separate file (See AIMMS files under Aircraft data and meteorology)
ASSOCIATED_DATA: N/A
INSTRUMENT_INFO: CO2 measurements based on non-dispersive infrared absorption spectroscopy
DATA_INFO: Units are ppmv
UNCERTAINTY: UNCERTAINTY RELATIVE TO STANDARD: 1.71 ppmv at 1 sigma confidence (before drift correction is applied)
ULOD_FLAG: -7777
ULOD_VALUE: 3000
LLOD_FLAG: -8888
LLOD_VALUE: N/A 
DM_CONTACT_INFO: N/A
PROJECT_INFO: NETCARE Polar 6 aircraft campaign in April 2015; Inuvik
STIPULATIONS_ON_USE: N/A
OTHER_COMMENTS: N/A
REVISION: R1
R0: Preliminary data, corrected for instrument drift
R1: Final data, corrected for instrument drift
Time_UTC,CO2_ppmv
[from data line 7204]
85573,-9999.99
85574,-9999.99
85575,-9999.99
85576,-9999.99
85577,-9999.99
85578,-9999.99
85579,-9999.99
85580,-9999.99
85581,-9999.99
85582,-9999.99
85583,-9999.99
85584,-9999.99
85585,-9999.99
85586,-9999.99
85587,-9999.99
85588,-9999.99
85589,-9999.99
85590,-9999.99
85591,405.83
85592,405.89
85593,405.88
85594,405.79
85595,405.89
85596,405.83
85597,405.85
85598,405.93
85599,405.95
85600,405.92
85601,405.93
85602,405.87
85603,405.85
85604,405.82
85605,405.90
85606,405.88
85607,405.81
85608,405.82
85609,405.80
85610,405.94
85611,405.95
85612,405.87
85613,405.95
85614,405.98
85615,405.94
85616,405.92
85617,405.98
85618,405.97
85619,405.86
85620,405.93
85621,405.90
85622,405.84
85623,405.92
85624,405.78
85625,405.78
85626,405.80
85627,405.71
85628,405.83
85629,405.83
85630,405.84
85631,405.84
85632,405.95
85633,405.87
85634,405.83
85635,405.79
85636,405.90
85637,405.88
85638,405.85
85639,405.90
85640,405.83
85641,405.86
85642,405.87
85643,405.84
85644,405.90
85645,405.89
85646,405.93
85647,405.87
85648,405.94
85649,405.88
85650,405.83
85651,405.87
85652,405.94
85653,405.94
85654,405.87
85655,405.90
85656,405.96
85657,405.91
85658,405.98
85659,405.81
85660,406.04
85661,405.80
85662,405.90
85663,405.91
85664,406.00
85665,405.89
85666,405.86
85667,405.89
85668,405.93
85669,405.88
85670,405.99
85671,405.79
85672,405.84
85673,405.94
85674,405.85
85675,405.83
85676,405.89
85677,405.85
85678,405.85
85679,405.94
85680,405.93
85681,405.97
85682,405.86
85683,405.90
85684,405.78
85685,406.00
85686,405.90
85687,405.90
85688,405.91
85689,406.00
85690,405.92
85691,406.00
85692,405.93
85693,405.88
85694,406.01
85695,405.97
85696,405.84
85697,405.86
85698,405.88
85699,405.87
85700,405.84
85701,405.97
85702,405.90
85703,405.98
85704,405.83
85705,405.96
85706,405.99
85707,405.95
85708,405.91
85709,406.02
85710,405.99
85711,405.96
85712,406.02
85713,405.95
85714,405.94
85715,405.93
85716,405.91
85717,406.02
85718,405.96
85719,405.94
85720,405.98
85721,405.92
85722,406.01
85723,405.97
85724,405.99
85725,405.96
85726,405.87
85727,406.00
85728,405.96
85729,405.92
85730,405.86
85731,405.98
85732,405.88
85733,405.95
85734,405.97
85735,405.94
85736,405.92
85737,405.97
85738,405.96
85739,406.00
85740,405.94
85741,406.01
85742,406.01
85743,405.98
85744,405.99
85745,405.99
85746,405.98
85747,405.99
85748,405.96
85749,406.00
85750,406.04
85751,405.91
85752,406.03
85753,406.04
85754,406.05
85755,406.03
85756,405.98
85757,406.04
85758,405.96
85759,406.04
85760,406.05
85761,406.03
85762,406.03
85763,405.95
85764,405.99
85765,405.91
85766,406.00
85767,405.92
85768,406.02
85769,405.92
85770,406.02
85771,406.08
85772,405.95
85773,406.01
85774,406.10
85775,405.94
85776,406.08
85777,406.21
85778,406.07
85779,406.11
85780,406.07
85781,406.14
85782,406.15
85783,406.07
85784,406.07
85785,406.02
85786,406.07
85787,406.04
85788,406.04
85789,405.91
85790,405.96
85791,405.97
85792,406.03
85793,405.99
85794,406.02
85795,406.02
85796,405.91
85797,405.97
85798,406.02
85799,405.91
85800,405.91
85801,406.02
85802,405.95
85803,406.00
85804,406.02
85805,405.92
85806,405.95
85807,406.04
85808,405.98
85809,405.98
85810,406.05
85811,406.08
85812,406.09
85813,406.02
85814,406.09
85815,406.08
85816,406.00
85817,406.16
85818,406.07
85819,406.04
85820,405.96
85821,406.09
85822,406.04
85823,406.07
85824,406.01
85825,406.10
85826,406.06
85827,406.12
85828,406.11
85829,406.05
85830,406.08
85831,406.11
85832,406.07
85833,406.00
85834,406.06
85835,406.11
85836,406.05
85837,406.05
85838,406.13
85839,406.06
85840,406.08
85841,406.02
85842,406.08
85843,406.05
85844,406.10
85845,406.09
85846,406.10
85847,406.03
85848,406.06
85849,406.01
85850,406.01
85851,405.95
85852,405.97
85853,406.16
85854,406.05
85855,406.08
85856,406.03
85857,406.03
85858,406.12
85859,406.05
85860,405.99
85861,405.99
85862,406.15
85863,406.11
85864,406.11
85865,406.09
85866,406.10
85867,406.17
85868,406.11
85869,406.10
85870,406.14
85871,406.08
85872,406.18
85873,406.12
85874,406.14
85875,406.12
85876,406.12
85877,406.13
85878,406.07
85879,406.16
85880,406.17
85881,406.22
85882,406.16
85883,405.97
85884,406.07
85885,406.05
85886,406.06
85887,406.09
85888,406.09
85889,406.05
85890,406.10
85891,406.09
85892,406.09
85893,406.11
85894,406.15
85895,406.08
85896,406.13
85897,406.09
85898,406.14
85899,406.14
85900,406.13
85901,406.12
85902,406.02
85903,406.22
85904,406.11
85905,406.08
85906,406.15
85907,406.01
85908,406.09
85909,406.11
85910,406.22
85911,406.13
85912,406.07
85913,406.08
85914,406.08
85915,406.06
85916,406.05
85917,406.17
85918,405.98
85919,405.99
85920,406.00
85921,406.07
85922,406.08
85923,406.08
85924,406.06
85925,405.98
85926,406.10
85927,406.17
85928,406.12
85929,406.00
85930,406.07
85931,406.09
85932,406.08
85933,406.09
85934,406.14
85935,406.13
85936,406.14
85937,406.18
85938,406.12
85939,406.11
85940,406.08
85941,406.16
85942,406.03
85943,406.10
85944,406.17
85945,406.12
85946,406.09
85947,406.10
85948,406.15
85949,406.15
85950,406.25
85951,406.14
85952,406.01
85953,406.14
85954,406.12
85955,406.15
85956,406.08
85957,406.14
85958,406.15
85959,406.11
85960,406.18
85961,406.16
85962,406.15
85963,406.17
85964,406.19
85965,406.07
85966,406.10
85967,406.19
85968,406.16
85969,406.15
85970,406.12
85971,406.12
85972,406.21
85973,406.14
85974,406.18
85975,406.14
85976,406.20
85977,406.13
85978,406.06
85979,406.20
85980,406.15
85981,406.13
85982,406.22
85983,406.11
85984,406.21
85985,406.16
85986,406.17
85987,406.14
85988,406.19
85989,406.09
85990,406.18
85991,406.20
85992,406.16
85993,406.16
85994,406.11
85995,406.16
85996,406.17
85997,406.16
85998,406.25
85999,406.17
86000,406.19
86001,406.20
86002,406.17
86003,406.07
86004,406.24
86005,406.14
86006,406.11
86007,406.20
86008,406.21
86009,406.15
86010,406.16
86011,406.20
86012,406.17
86013,406.10
86014,406.16
86015,406.12
86016,406.17
86017,406.16
86018,406.23
86019,406.16
86020,406.18
86021,406.15
86022,406.17
86023,406.16
86024,406.15
86025,406.20
86026,406.17
86027,406.17
86028,406.16
86029,406.19
86030,406.17
86031,406.13
86032,406.17
86033,406.15
86034,406.13
86035,406.10
86036,406.12
86037,406.28
86038,406.20
86039,406.07
86040,406.10
86041,406.17
86042,406.25
86043,406.25
86044,406.17
86045,406.18
86046,406.31
86047,406.17
86048,406.18
86049,406.14
86050,406.18
86051,406.18
86052,406.23
86053,406.25
86054,406.30
86055,406.26
86056,406.26
86057,406.22
86058,406.29
86059,406.31
86060,406.25
86061,406.23
86062,406.32
86063,406.28
86064,406.17
86065,406.23
86066,406.26
86067,406.16
86068,406.17
86069,406.26
86070,406.22
86071,406.24
86072,406.20
86073,406.25
86074,406.20
86075,406.20
86076,406.23
86077,406.21
86078,406.27
86079,406.23
86080,406.21
86081,406.32
86082,406.18
86083,406.22
86084,406.16
86085,406.24
86086,406.25
86087,406.33
86088,406.27
86089,406.18
86090,406.24
86091,406.25
86092,406.30
86093,406.26
86094,406.30
86095,406.18
86096,406.31
86097,406.34
86098,406.34
86099,406.23
86100,406.25
86101,406.24
86102,406.23
86103,406.30
86104,406.29
86105,406.28
86106,406.34
86107,406.26
86108,406.33
86109,406.30
86110,406.28
86111,406.29
86112,406.31
86113,406.23
86114,406.32
86115,406.17
86116,406.28
86117,406.19
86118,406.29
86119,406.24
86120,406.34
86121,406.19
86122,406.25
86123,406.26
86124,406.23
86125,406.24
86126,406.18
86127,406.18
86128,406.13
86129,406.36
86130,406.13
86131,406.32
86132,406.13
86133,406.24
86134,406.20
86135,406.28
86136,406.31
86137,406.14
86138,406.32
86139,406.24
86140,406.19
86141,406.27
86142,406.19
86143,406.17
86144,406.22
86145,406.20
86146,406.19
86147,406.24
86148,406.15
86149,406.12
86150,406.18
86151,406.09
86152,406.23
86153,406.16
86154,406.18
86155,406.18
86156,406.25
86157,406.22
86158,406.16
86159,406.24
86160,406.27
86161,406.28
86162,406.21
86163,406.19
86164,406.19
86165,406.27
86166,406.12
86167,406.22
86168,406.13
86169,406.17
86170,406.19
86171,406.19
86172,406.18
86173,406.24
86174,406.22
86175,406.16
86176,406.16
86177,406.19
86178,406.21
86179,406.24
86180,406.23
86181,406.18
86182,406.12
86183,406.12
86184,406.25
86185,406.10
86186,406.12
86187,406.20
86188,406.11
86189,406.19
86190,406.16
86191,406.15
86192,406.21
86193,406.12
86194,406.13
86195,406.12
86196,406.08
86197,406.14
86198,406.13
86199,406.06
86200,406.21
86201,406.08
86202,406.16
86203,406.09
86204,406.04
86205,406.05
86206,406.07
86207,406.06
86208,406.08
86209,406.06
86210,406.00
86211,406.08
86212,406.04
86213,406.02
86214,405.98
86215,405.98
86216,406.02
86217,405.96
86218,405.94
86219,405.93
86220,405.96
86221,405.98
86222,406.02
86223,405.97
86224,406.01
86225,406.00
86226,405.88
86227,406.03
86228,405.90
86229,405.90
86230,405.95
86231,405.88
86232,405.94
86233,405.87
86234,405.90
86235,405.91
86236,405.94
86237,405.95
86238,405.90
86239,405.93
86240,405.94
86241,405.91
86242,405.81
86243,405.98
86244,405.87
86245,405.85
86246,405.88
86247,405.95
86248,405.86
86249,405.82
86250,405.92
86251,405.89
86252,405.86
86253,405.81
86254,405.88
86255,405.82
86256,405.82
86257,405.79
86258,405.82
86259,405.79
86260,405.81
86261,405.79
86262,405.83
86263,405.70
86264,405.76
86265,405.72
86266,405.73
86267,405.76
86268,405.79
86269,405.69
86270,405.75
86271,405.79
86272,405.64
86273,405.75
86274,405.65
86275,405.76
86276,405.81
86277,405.71
86278,405.72
86279,405.67
86280,405.77
86281,405.77
86282,405.71
86283,405.73
86284,405.69
86285,405.76
86286,405.72
86287,405.68
86288,405.72
86289,405.73
86290,405.72
86291,405.70
86292,405.69
86293,405.72
86294,405.72
86295,405.78
86296,405.75
86297,405.74
86298,405.66
86299,405.61
86300,405.72
86301,405.68
86302,405.70
86303,405.69
86304,405.71
86305,405.64
86306,405.75
86307,405.71
86308,405.64
86309,405.75
86310,405.68
86311,405.70
86312,405.80
86313,405.72
86314,405.66
86315,405.75
86316,405.69
86317,405.72
86318,405.77
86319,405.82
86320,405.73
86321,405.84
86322,405.78
86323,405.80
86324,405.85
86325,405.79
86326,405.82
86327,405.91
86328,405.77
86329,405.98
86330,405.88
86331,405.86
86332,405.88
86333,405.84
86334,405.93
86335,405.82
86336,405.86
86337,405.88
86338,405.95
86339,406.09
86340,406.09
86341,406.04
86342,406.07
86343,405.98
86344,406.11
86345,406.03
86346,406.02
86347,406.01
86348,405.98
86349,406.11
86350,406.14
86351,405.94
86352,406.31
86353,405.94
86354,406.10
86355,406.04
86356,406.02
86357,406.04
86358,406.18
86359,406.29
86360,405.80
86361,406.03
86362,406.06
86363,406.01
86364,406.05
86365,406.00
86366,405.97
86367,406.29
86368,406.15
86369,405.87
86370,405.95
86371,405.95
86372,406.07
86373,406.07
86374,406.04
86375,406.07
86376,406.28
86377,405.88
86378,406.03
86379,406.13
86380,405.95
86381,405.96
86382,406.07
86383,406.00
86384,406.04
86385,406.00
86386,405.98
86387,406.25
86388,405.88
86389,405.99
86390,406.03
86391,406.10
86392,405.97
86393,406.17
86394,406.04
86395,406.06
86396,406.26
86397,406.08
86398,405.98
86399,406.00
86400,406.11
86401,406.08
86402,406.04
86403,406.13
86404,405.96
86405,406.49
86406,406.19
86407,405.79
86408,406.06
86409,406.02
86410,406.14
86411,406.31
86412,406.11
86413,405.71
86414,406.08
86415,405.99
86416,406.01
86417,406.13
86418,405.93
86419,406.10
86420,406.02
86421,406.15
86422,406.24
86423,405.86
86424,405.98
86425,406.00
86426,406.06
86427,406.14
86428,405.93
86429,406.11
86430,405.90
86431,406.07
86432,405.99
86433,406.27
86434,405.82
86435,406.07
86436,406.03
86437,406.02
86438,405.99
86439,406.08
86440,406.15
86441,405.94
86442,406.11
86443,406.05
86444,406.06
86445,406.06
86446,405.99
86447,406.12
86448,406.00
86449,406.11
86450,406.09
86451,406.09
86452,406.04
86453,406.23
86454,406.12
86455,405.89
86456,406.11
86457,406.11
86458,406.08
86459,406.02
86460,406.04
86461,406.01
86462,406.06
86463,406.23
86464,405.86
86465,406.04
86466,406.07
86467,406.16
86468,406.35
86469,405.88
86470,406.06
86471,406.03
86472,405.98
86473,406.23
86474,405.94
86475,406.06
86476,406.03
86477,406.00
86478,406.04
86479,406.10
86480,405.97
86481,406.07
86482,406.17
86483,405.95
86484,406.05
86485,406.03
86486,406.17
86487,406.04
86488,406.00
86489,406.04
86490,406.07
86491,406.00
86492,406.02
86493,406.00
86494,406.12
86495,406.10
86496,405.96
86497,406.06
86498,406.10
86499,405.96
86500,406.05
86501,406.05
86502,406.10
86503,406.05
86504,405.98
86505,406.10
86506,406.12
86507,406.06
86508,406.17
86509,405.91
86510,405.98
86511,406.05
86512,405.99
86513,406.06
86514,405.94
86515,406.02
86516,406.03
86517,406.09
86518,406.14
86519,406.03
86520,-9999.99
86521,-9999.99
86522,-9999.99
86523,-9999.99
86524,-9999.99
86525,-9999.99
86526,-9999.99
86527,-9999.99
86528,-9999.99
86529,-9999.99
86530,-9999.99
86531,-9999.99
86532,-9999.99
86533,-9999.99
86534,-9999.99
86535,-9999.99
86536,-9999.99
86537,-9999.99
86538,-9999.99
86539,-9999.99
86540,-9999.99
86541,-9999.99
86542,-9999.99
86543,-9999.99
86544,-9999.99
86545,-9999.99
86546,-9999.99
86547,-9999.99
86548,-9999.99
86549,-9999.99
86550,-9999.99
86551,-9999.99
86552,-9999.99
86553,-9999.99
86554,-9999.99
86555,-9999.99
86556,-9999.99
86557,-9999.99
86558,-9999.99
86559,-9999.99
86560,-9999.99
86561,-9999.99
86562,-9999.99
86563,-9999.99
86564,-9999.99
86565,-9999.99
86566,-9999.99
86567,-9999.99
86568,-9999.99
86569,-9999.99
86570,-9999.99
86571,-9999.99
86572,-9999.99
86573,-9999.99
86574,-9999.99
86575,-9999.99
86576,-9999.99
86577,-9999.99
86578,-9999.99
86579,-9999.99
86580,-9999.99
86581,-9999.99
86582,-9999.99
86583,-9999.99
86584,-9999.99
86585,-9999.99
86586,-9999.99
86587,-9999.99
86588,-9999.99
86589,-9999.99
86590,-9999.99
86591,-9999.99
86592,-9999.99
86593,-9999.99
86594,-9999.99
86595,-9999.99
86596,-9999.99
86597,-9999.99
86598,-9999.99
86599,-9999.99
86600,-9999.99
86601,-9999.99
86602,-9999.99
86603,-9999.99
86604,-9999.99
86605,-9999.99
86606,-9999.99
86607,-9999.99
86608,-9999.99
86609,-9999.99
86610,-9999.99
86611,-9999.99
86612,-9999.99
86613,-9999.99
86614,-9999.99
86615,-9999.99
86616,-9999.99
86617,-9999.99
86618,-9999.99
86619,-9999.99
86620,-9999.99
86621,-9999.99
86622,-9999.99
86623,-9999.99
86624,-9999.99
86625,-9999.99
86626,-9999.99
86627,-9999.99
86628,-9999.99
86629,-9999.99
86630,-9999.99
86631,-9999.99
86632,-9999.99
86633,-9999.99
86634,-9999.99
86635,-9999.99
86636,-9999.99
86637,-9999.99
86638,-9999.99
86639,-9999.99
86640,-9999.99
86641,-9999.99
86642,-9999.99
86643,-9999.99
86644,-9999.99
86645,-9999.99
86646,-9999.99
86647,-9999.99
86648,-9999.99
86649,-9999.99
86650,-9999.99
86651,-9999.99
86652,-9999.99
86653,-9999.99
86654,-9999.99
86655,-9999.99
86656,-9999.99
86657,-9999.99
86658,-9999.99
86659,-9999.99
86660,-9999.99
86661,-9999.99
86662,-9999.99
86663,-9999.99
86664,-9999.99
86665,-9999.99
86666,-9999.99
86667,-9999.99
86668,-9999.99
86669,-9999.99
86670,-9999.99
86671,-9999.99
86672,-9999.99
86673,-9999.99
86674,-9999.99
86675,-9999.99
86676,-9999.99
86677,-9999.99
86678,-9999.99
86679,-9999.99
86680,-9999.99
86681,-9999.99
86682,-9999.99
86683,-9999.99
86684,-9999.99
86685,-9999.99
86686,-9999.99
86687,-9999.99
86688,-9999.99
86689,406.11
86690,406.05
86691,406.02
86692,406.12
86693,406.08
86694,406.05
86695,406.14
86696,406.09
86697,406.04
86698,406.34
86699,405.85
86700,406.00
86701,406.14
86702,406.02
86703,406.11
86704,406.11
86705,406.07
86706,406.28
86707,405.98
86708,406.12
86709,405.91
86710,406.09
86711,406.28
86712,405.97
86713,405.99
86714,406.15
86715,405.94
86716,406.08
86717,406.24
86718,406.05
86719,406.17
86720,406.06
86721,405.92
86722,406.10
86723,406.06
86724,406.43
86725,405.90
86726,406.08
86727,406.05
86728,406.04
86729,406.11
86730,406.17
86731,406.25
86732,405.83
86733,406.09
86734,406.08
86735,406.11
86736,406.13
86737,406.23
86738,406.20
86739,405.99
86740,406.27
86741,406.05
86742,406.07
86743,405.93
86744,406.16
86745,406.18
86746,406.04
86747,406.21
86748,405.99
86749,406.11
86750,406.08
86751,406.09
86752,406.10
86753,406.01
86754,406.16
86755,406.09
86756,405.99
86757,406.13
86758,406.07
86759,406.06
86760,406.08
86761,406.01
86762,406.16
86763,406.14
86764,406.24
86765,405.93
86766,406.21
86767,406.11
86768,406.14
86769,406.23
86770,406.03
86771,406.05
86772,406.18
86773,406.19
