NETCARE2015/data/raw/Flight9/CO2_POLAR6_20150420_R1_L2_NETCARE.ict
34, 1001
Bozem, Heiko; Hoor, Peter
Institute for Atmospheric Physics, Johannes Gutenberg University, Mainz, Germany
CO2 mixing ratio from LI7200 CO2 analyzer
NETCARE Polar 6 Campaign 2015
1, 1
2015, 04, 20, 2015, 08, 12
1
Time_UTC, seconds
1
1
-9999.99
CO2_ppmv, ppmv
0
19
PI_CONTACT_INFO: Address: Johann-Joachim-Becherweg 21, 55128 Mainz, email: bozemh@uni-mainz.de; hoor@uni-mainz.de
PLATFORM: Polar 6
LOCATION: GPS location and altitude available at 1 Hz resolution in separate file (See AIMMS files under Aircraft data and meteorology)
ASSOCIATED_DATA: N/A
INSTRUMENT_INFO: CO2 measurements based on non-dispersive infrared absorption spectroscopy
DATA_INFO: Units are ppmv
UNCERTAINTY: UNCERTAINTY RELATIVE TO STANDARD: 1.71 ppmv at 1 sigma confidence (before drift correction is applied)
ULOD_FLAG: -7777
ULOD_VALUE: 3000
LLOD_FLAG: -8888
LLOD_VALUE: N/A 
DM_CONTACT_INFO: N/A
PROJECT_INFO: NETCARE Polar 6 aircraft campaign in April 2015; Inuvik
STIPULATIONS_ON_USE: N/A
OTHER_COMMENTS: N/A
REVISION: R1
R0: Preliminary data, corrected for instrument drift
R1: Final data, corrected for instrument drift
Time_UTC,CO2_ppmv
78369,408.22
78370,408.23
78371,408.18
78372,-9999.99
78373,-9999.99
78374,-9999.99
78375,-9999.99
78376,408.00
78377,408.21
78378,408.18
78379,408.26
78380,408.24
78381,408.12
78382,408.21
78383,408.22
78384,408.17
78385,408.38
78386,408.15
78387,408.13
78388,408.26
78389,408.25
78390,408.18
78391,408.24
78392,408.21
78393,408.24
78394,408.21
78395,408.25
78396,408.31
78397,408.28
78398,408.26
78399,408.13
78400,408.30
78401,408.27
78402,408.37
78403,408.31
78404,408.36
78405,408.34
78406,408.19
78407,408.37
78408,408.24
78409,408.16
78410,408.50
78411,408.24
78412,408.41
78413,408.27
78414,408.33
78415,408.35
78416,408.36
78417,408.30
78418,408.41
78419,408.20
78420,408.58
78421,408.28
78422,408.32
78423,408.40
78424,408.32
78425,408.20
78426,408.47
78427,408.45
78428,408.36
78429,408.38
78430,408.32
78431,408.37
78432,408.32
78433,408.14
78434,408.71
78435,408.17
78436,408.48
78437,408.31
78438,408.24
78439,408.22
78440,408.30
78441,408.39
78442,408.44
78443,408.37
78444,408.11
78445,408.24
78446,408.33
78447,408.34
78448,408.17
78449,408.45
78450,408.26
78451,408.18
78452,408.44
78453,408.17
78454,408.45
78455,408.17
78456,408.33
78457,408.23
78458,408.34
78459,408.24
78460,408.29
78461,408.41
78462,408.29
78463,408.21
78464,408.32
78465,408.25
78466,408.25
78467,408.33
78468,408.32
78469,408.19
78470,408.19
78471,408.23
78472,408.34
78473,408.28
78474,408.16
78475,408.25
78476,408.22
78477,408.28
78478,408.28
78479,408.26
78480,408.30
78481,408.29
78482,408.19
78483,408.31
78484,408.29
78485,408.21
78486,408.22
78487,408.20
78488,408.21
78489,408.35
78490,408.28
78491,408.33
78492,408.26
78493,408.28
78494,408.21
78495,408.27
78496,408.33
78497,408.30
78498,408.26
78499,408.34
78500,408.29
78501,408.25
78502,408.25
78503,408.25
78504,408.29
78505,408.30
78506,408.34
78507,408.19
78508,408.34
78509,408.20
78510,408.32
78511,408.33
78512,408.33
78513,408.30
78514,408.32
78515,408.39
78516,408.31
78517,408.34
78518,408.34
78519,408.35
78520,408.34
78521,408.22
78522,408.43
78523,408.22
78524,408.38
78525,408.34
78526,408.30
78527,408.25
78528,408.29
78529,408.35
78530,408.35
78531,408.30
78532,408.29
78533,408.29
78534,408.37
78535,408.34
78536,408.28
78537,408.26
78538,408.37
78539,408.32
78540,408.31
78541,408.30
78542,408.34
78543,408.28
78544,408.37
78545,408.36
78546,408.30
78547,408.36
78548,408.25
78549,408.30
78550,408.42
78551,408.34
78552,408.35
78553,408.28
78554,408.34
78555,408.26
78556,408.30
78557,408.26
78558,408.28
78559,408.31
78560,408.32
78561,408.30
78562,408.21
78563,408.27
78564,408.32
78565,408.32
78566,408.26
78567,408.34
78568,408.21
78569,408.25
78570,408.26
78571,408.16
78572,408.16
78573,408.19
78574,407.77
78575,407.46
78576,407.34
78577,407.27
78578,407.12
78579,407.00
78580,406.78
78581,406.48
78582,406.46
78583,406.29
78584,406.37
78585,406.54
78586,406.49
78587,406.35
78588,406.34
78589,406.31
78590,406.29
78591,406.38
78592,406.36
78593,406.28
78594,406.25
78595,406.21
78596,406.27
78597,406.27
78598,406.16
78599,406.24
78600,406.17
78601,406.19
78602,406.22
78603,406.21
78604,406.21
78605,406.12
78606,406.09
78607,406.09
78608,406.17
78609,406.15
78610,406.19
78611,406.03
78612,406.20
78613,406.16
78614,406.21
78615,406.17
78616,406.22
78617,406.14
78618,406.18
78619,406.17
78620,406.20
78621,406.11
78622,406.10
78623,406.03
78624,405.98
78625,405.99
78626,405.94
78627,405.96
78628,405.95
78629,405.92
78630,405.95
78631,405.98
78632,405.93
78633,405.96
78634,405.97
78635,405.95
78636,405.95
78637,405.87
78638,405.92
78639,405.95
78640,405.92
78641,405.92
78642,405.94
78643,405.94
78644,406.00
78645,405.89
78646,405.88
78647,405.94
78648,405.93
78649,406.01
78650,405.86
78651,405.87
78652,405.86
78653,405.87
78654,405.99
78655,405.94
78656,405.99
78657,405.93
78658,405.99
78659,406.00
78660,406.02
78661,405.99
78662,406.05
78663,405.98
78664,406.05
78665,405.93
78666,405.96
78667,405.93
78668,406.03
78669,405.90
78670,405.91
78671,405.92
78672,405.94
78673,405.91
78674,405.87
78675,405.89
78676,405.90
78677,405.94
78678,405.88
78679,405.86
78680,405.92
78681,405.86
78682,405.85
78683,405.93
78684,405.89
78685,405.87
78686,405.86
78687,405.85
78688,405.82
78689,405.78
78690,405.87
78691,405.76
78692,405.73
78693,405.70
78694,405.80
78695,405.69
78696,405.78
78697,405.68
78698,405.58
78699,405.72
78700,405.79
78701,405.75
78702,405.86
78703,405.78
78704,405.74
78705,405.86
78706,405.78
78707,405.87
78708,405.98
78709,406.04
78710,405.98
78711,405.85
78712,406.07
78713,405.98
78714,405.73
78715,405.75
78716,405.58
78717,405.67
78718,405.67
78719,405.69
78720,405.70
78721,405.62
78722,405.70
78723,405.66
78724,405.65
78725,405.67
78726,405.64
78727,405.63
78728,405.62
78729,405.67
78730,405.72
78731,405.65
78732,405.71
78733,405.75
78734,405.84
78735,405.79
78736,405.80
78737,405.88
78738,405.86
78739,405.86
78740,405.80
78741,405.84
78742,405.90
78743,405.79
78744,405.77
78745,405.86
78746,405.83
78747,405.75
78748,405.82
78749,405.76
78750,405.75
78751,405.91
78752,405.89
78753,405.88
78754,405.77
78755,405.78
78756,405.79
78757,405.92
78758,405.89
78759,405.80
78760,405.85
78761,405.86
78762,405.89
78763,405.86
78764,405.89
78765,405.88
78766,405.87
78767,405.75
78768,405.87
78769,405.83
78770,405.80
78771,405.84
78772,405.90
78773,405.83
78774,405.72
78775,405.85
78776,405.86
78777,405.83
78778,405.83
78779,405.74
78780,405.76
78781,405.82
78782,405.88
78783,405.79
78784,405.74
78785,405.83
78786,405.82
78787,405.72
78788,405.73
78789,405.83
78790,405.89
78791,405.86
78792,405.69
78793,405.70
78794,405.92
78795,405.82
78796,405.71
78797,405.69
78798,405.89
78799,405.78
78800,405.83
78801,405.84
78802,405.80
78803,405.75
78804,405.76
78805,405.73
78806,405.87
78807,405.76
78808,405.84
78809,405.74
78810,405.80
78811,405.78
78812,405.81
78813,405.83
78814,405.79
78815,405.82
78816,405.78
78817,405.73
78818,405.88
78819,405.77
78820,405.83
78821,405.86
78822,405.81
78823,405.78
78824,405.81
78825,405.90
78826,405.85
78827,405.94
78828,405.79
78829,405.81
78830,405.72
78831,405.74
78832,405.94
78833,405.90
78834,405.88
78835,405.72
78836,405.80
78837,405.88
78838,405.81
78839,405.98
78840,405.80
78841,405.85
78842,405.84
78843,405.82
78844,405.88
78845,405.89
78846,405.98
78847,405.76
78848,405.74
78849,405.97
78850,405.95
78851,405.86
78852,405.83
78853,405.80
78854,405.78
78855,405.94
78856,405.92
78857,405.79
78858,405.84
78859,406.00
78860,405.93
78861,405.88
78862,405.75
78863,405.91
78864,405.89
78865,406.23
78866,405.93
78867,405.76
78868,405.83
78869,405.94
78870,405.90
78871,406.00
78872,405.94
78873,405.83
78874,405.96
78875,406.06
78876,405.96
78877,405.92
78878,406.02
78879,405.81
78880,405.79
78881,406.08
78882,405.98
78883,405.93
78884,406.02
78885,405.93
78886,405.85
78887,405.85
78888,406.10
78889,405.90
78890,405.83
78891,405.99
78892,405.95
78893,405.92
78894,406.00
78895,405.86
78896,405.95
78897,405.93
78898,405.96
78899,405.86
78900,405.85
78901,406.04
78902,405.91
78903,405.95
78904,405.86
78905,406.00
78906,405.92
78907,405.95
78908,405.90
78909,405.89
78910,406.03
78911,405.90
78912,405.91
78913,405.89
78914,405.96
78915,405.96
78916,405.94
78917,405.97
78918,406.00
78919,405.93
78920,405.88
78921,405.95
78922,405.92
78923,406.04
78924,405.94
78925,405.87
78926,405.88
78927,405.93
78928,405.97
78929,405.91
78930,405.96
78931,405.96
78932,405.98
78933,405.95
78934,406.02
78935,406.00
78936,405.96
78937,405.91
78938,406.01
78939,405.93
78940,405.99
78941,405.99
78942,405.84
78943,406.12
78944,405.90
78945,405.99
78946,405.92
78947,406.02
78948,406.03
78949,405.83
78950,405.90
78951,406.01
78952,405.92
78953,405.99
78954,406.00
78955,406.05
78956,405.98
78957,405.88
78958,405.96
78959,406.00
78960,405.97
78961,405.89
78962,405.93
78963,405.99
78964,405.97
78965,405.97
78966,405.79
78967,406.03
78968,405.87
78969,405.90
78970,405.93
78971,405.96
78972,405.86
78973,-9999.99
78974,-9999.99
78975,-9999.99
78976,-9999.99
78977,-9999.99
78978,-9999.99
78979,-9999.99
78980,-9999.99
78981,-9999.99
78982,-9999.99
78983,-9999.99
78984,-9999.99
78985,-9999.99
78986,-9999.99
78987,-9999.99
78988,-9999.99
78989,-9999.99
78990,-9999.99
78991,-9999.99
78992,-9999.99
78993,-9999.99
78994,-9999.99
78995,-9999.99
78996,-9999.99
78997,-9999.99
78998,-9999.99
78999,-9999.99
79000,-9999.99
79001,-9999.99
79002,-9999.99
79003,-9999.99
79004,-9999.99
79005,-9999.99
79006,-9999.99
79007,-9999.99
79008,-9999.99
79009,-9999.99
79010,-9999.99
79011,-9999.99
79012,-9999.99
79013,-9999.99
79014,-9999.99
79015,-9999.99
79016,-9999.99
79017,-9999.99
79018,-9999.99
79019,-9999.99
79020,-9999.99
79021,-9999.99
79022,-9999.99
79023,-9999.99
79024,-9999.99
79025,-9999.99
79026,-9999.99
79027,-9999.99
79028,-9999.99
79029,-9999.99
79030,-9999.99
79031,-9999.99
79032,-9999.99
79033,-9999.99
79034,-9999.99
79035,-9999.99
79036,-9999.99
79037,-9999.99
79038,-9999.99
79039,-9999.99
79040,-9999.99
79041,-9999.99
79042,-9999.99
79043,-9999.99
79044,-9999.99
79045,-9999.99
79046,-9999.99
79047,-9999.99
79048,-9999.99
79049,-9999.99
79050,-9999.99
79051,-9999.99
79052,-9999.99
79053,-9999.99
79054,-9999.99
79055,-9999.99
79056,-9999.99
79057,-9999.99
79058,-9999.99
79059,-9999.99
79060,-9999.99
79061,-9999.99
79062,-9999.99
79063,-9999.99
79064,-9999.99
79065,-9999.99
79066,-9999.99
79067,-9999.99
79068,-9999.99
79069,-9999.99
79070,-9999.99
79071,-9999.99
79072,-9999.99
79073,-9999.99
79074,-9999.99
79075,-9999.99
79076,-9999.99
79077,-9999.99
79078,-9999.99
79079,-9999.99
79080,-9999.99
79081,-9999.99
79082,-9999.99
79083,-9999.99
79084,-9999.99
79085,-9999.99
79086,-9999.99
79087,-9999.99
79088,-9999.99
79089,-9999.99
79090,-9999.99
79091,-9999.99
79092,-9999.99
79093,-9999.99
79094,-9999.99
79095,-9999.99
79096,-9999.99
79097,-9999.99
79098,-9999.99
79099,-9999.99
79100,-9999.99
79101,-9999.99
79102,-9999.99
79103,-9999.99
79104,-9999.99
79105,-9999.99
79106,-9999.99
79107,-9999.99
79108,-9999.99
79109,-9999.99
79110,-9999.99
79111,-9999.99
79112,-9999.99
79113,-9999.99
79114,-9999.99
79115,-9999.99
79116,-9999.99
79117,-9999.99
79118,-9999.99
79119,-9999.99
79120,-9999.99
79121,-9999.99
79122,-9999.99
79123,-9999.99
79124,-9999.99
79125,-9999.99
79126,-9999.99
79127,-9999.99
79128,-9999.99
79129,-9999.99
79130,-9999.99
79131,-9999.99
79132,-9999.99
79133,-9999.99
79134,-9999.99
79135,-9999.99
79136,-9999.99
79137,-9999.99
79138,-9999.99
79139,-9999.99
79140,-9999.99
79141,-9999.99
79142,-9999.99
79143,405.83
79144,405.84
79145,405.80
79146,405.79
79147,405.75
79148,405.80
79149,405.85
79150,405.80
79151,405.84
79152,405.79
79153,405.79
79154,405.86
79155,405.82
79156,405.85
79157,405.87
79158,405.81
79159,405.72
79160,405.87
79161,405.86
79162,405.82
79163,405.80
79164,405.81
79165,405.85
79166,405.83
79167,405.78
79168,405.82
79169,405.86
79170,405.81
79171,405.84
79172,405.81
79173,405.84
79174,405.87
79175,405.80
79176,405.78
79177,405.84
79178,405.88
79179,405.82
79180,405.79
79181,405.85
79182,405.91
79183,405.79
79184,405.81
79185,405.85
79186,405.87
79187,405.83
79188,405.74
79189,405.76
79190,405.90
79191,405.85
79192,405.86
79193,405.80
79194,405.84
79195,405.82
79196,405.83
79197,405.94
79198,405.86
79199,405.79
79200,405.82
79201,405.83
79202,405.89
79203,405.79
79204,405.78
79205,405.90
79206,405.84
79207,405.89
79208,405.78
79209,405.75
79210,405.81
79211,405.76
79212,405.81
79213,405.82
79214,405.87
79215,405.82
79216,405.85
79217,405.84
79218,405.81
79219,405.84
79220,405.88
79221,405.83
79222,405.82
79223,405.78
79224,405.86
79225,405.89
79226,405.81
79227,405.81
79228,405.79
79229,405.88
79230,405.82
79231,405.85
79232,405.94
79233,405.78
79234,405.85
79235,405.82
79236,405.82
79237,405.77
79238,405.81
79239,405.79
79240,405.86
79241,405.86
79242,405.88
79243,405.88
79244,405.80
79245,405.83
79246,405.87
79247,405.74
79248,405.80
79249,405.87
79250,405.91
79251,405.89
79252,405.72
79253,405.85
79254,405.85
79255,405.89
79256,405.82
79257,405.87
79258,405.79
79259,405.76
79260,405.87
79261,405.88
79262,405.80
79263,405.80
79264,405.89
79265,405.89
79266,405.87
79267,405.84
79268,405.87
79269,405.87
79270,405.76
79271,405.84
79272,405.86
79273,405.86
79274,405.86
79275,405.79
79276,405.86
79277,405.90
79278,405.85
79279,405.85
79280,405.76
79281,405.89
79282,405.81
79283,405.84
79284,405.84
79285,405.85
79286,405.86
79287,405.86
79288,405.90
79289,405.78
79290,405.74
79291,405.89
79292,405.86
79293,405.81
79294,405.83
79295,405.89
79296,405.93
79297,405.84
79298,405.87
79299,405.89
79300,405.93
79301,405.85
79302,405.84
79303,405.85
79304,405.91
79305,405.86
79306,405.89
79307,405.86
79308,405.86
79309,405.96
79310,405.88
79311,405.84
79312,405.88
79313,405.90
79314,405.84
79315,405.89
79316,405.88
79317,405.92
79318,405.86
79319,405.84
79320,405.87
79321,405.82
79322,405.92
79323,405.85
79324,405.86
79325,405.89
79326,405.86
79327,405.92
79328,405.82
79329,405.90
79330,405.89
79331,405.93
79332,405.89
79333,405.85
79334,405.87
79335,405.83
79336,405.91
79337,405.91
79338,405.88
79339,405.80
79340,405.92
79341,405.81
79342,405.90
79343,405.90
79344,405.89
79345,405.86
79346,405.86
79347,405.89
79348,405.79
79349,405.85
79350,405.86
79351,405.96
79352,405.76
79353,405.82
79354,405.86
79355,405.84
79356,405.79
79357,405.91
79358,405.90
79359,405.91
79360,405.86
79361,405.91
79362,405.87
79363,405.84
79364,405.86
79365,405.89
79366,405.85
79367,405.87
79368,405.88
79369,405.83
79370,405.92
79371,405.87
79372,405.87
79373,405.89
79374,405.91
79375,405.83
79376,405.87
79377,405.92
79378,405.87
79379,405.88
79380,405.90
79381,405.82
79382,405.87
79383,405.81
79384,405.85
79385,405.90
79386,405.86
79387,405.88
79388,405.85
79389,405.89
79390,405.93
79391,405.85
79392,405.86
79393,405.85
79394,405.89
79395,405.93
79396,405.91
79397,405.85
79398,405.93
79399,405.87
79400,405.82
79401,405.94
79402,405.86
79403,405.85
79404,405.87
79405,405.90
79406,405.90
79407,405.74
79408,405.83
79409,406.00
79410,405.91
79411,405.86
79412,405.89
79413,405.89
79414,405.91
79415,405.80
79416,405.85
79417,405.97
79418,406.00
79419,405.86
79420,405.78
79421,405.89
79422,405.96
79423,405.98
79424,405.94
79425,405.81
79426,405.95
79427,405.99
79428,405.88
79429,405.88
79430,406.04
79431,406.01
79432,405.99
79433,405.99
79434,406.00
79435,405.99
79436,406.04
79437,405.96
79438,405.96
79439,406.07
79440,406.02
79441,405.95
79442,405.97
79443,405.94
79444,406.03
79445,406.01
79446,405.97
79447,406.05
79448,406.06
79449,406.03
79450,406.07
79451,405.98
79452,405.94
79453,406.05
79454,406.05
79455,406.07
79456,405.93
79457,406.07
79458,406.08
79459,406.06
79460,405.98
79461,406.03
79462,406.07
79463,405.99
79464,406.05
79465,406.03
79466,406.04
79467,405.89
79468,406.07
79469,406.03
79470,406.02
79471,405.95
79472,406.00
79473,406.07
79474,406.01
79475,406.00
79476,405.98
79477,405.99
79478,406.13
79479,406.08
79480,406.00
79481,405.82
79482,406.10
79483,405.99
79484,406.13
79485,406.03
79486,405.96
79487,405.95
79488,406.07
79489,406.01
79490,405.93
79491,405.94
79492,406.01
79493,406.06
79494,405.93
79495,406.09
79496,405.95
79497,406.06
79498,405.98
79499,405.94
79500,406.04
79501,406.02
79502,406.04
79503,405.95
79504,406.12
79505,405.96
79506,405.96
79507,406.03
79508,406.02
79509,406.00
79510,406.01
79511,405.97
79512,406.06
79513,406.05
79514,406.01
79515,405.91
79516,406.09
79517,405.97
79518,406.14
79519,406.02
79520,405.97
79521,406.09
79522,405.97
79523,405.96
79524,406.04
79525,406.01
79526,406.02
79527,406.01
79528,405.99
79529,405.99
79530,405.85
79531,406.05
79532,406.08
79533,405.99
79534,405.95
79535,406.01
79536,406.02
79537,406.03
79538,406.07
79539,405.91
79540,405.89
79541,406.13
79542,405.96
79543,406.13
79544,406.04
79545,406.01
79546,406.04
79547,406.01
79548,405.99
79549,406.13
79550,405.99
79551,405.98
79552,406.02
79553,406.03
79554,406.03
79555,405.98
79556,406.13
79557,405.98
79558,406.06
79559,406.00
79560,406.11
79561,406.05
79562,406.05
79563,406.04
79564,406.00
79565,406.05
79566,406.01
79567,406.06
79568,406.14
79569,405.95
79570,405.92
79571,406.10
79572,405.98
