NETCARE2015/data/raw/Flight9/CPC3776_POLAR6_20150420_r2_L2_NETCARE.ict
35,1001
Abbatt,Jon
University of Toronto
Polar 6
NETCARE
1,1
2015,4,20,2017,8,16
1
time,seconds,seconds from start in UTC
1
1
-99999
conc,number of particles per cm3
0
20
PI_CONTACT_INFO: 80 St. George Street; Toronto; ON M5S 3H6 CANADA; email: jabbatt@chem.utoronto.ca
PLATFORM: Polar 6 aircraft
LOCATION: Canadian Arctic near Inuvik
ASSOCIATED_DATA: none
INSTRUMENT_INFO: The Ultrafine Condensation Particle Counter 3776 is a continuous-flow instrument that detects particles down to 2.5 nm. It operates at an aerosol flow rate of 50 cm^3/min and detects concentrations from 0 to 300 000 particles/cm^3 with coincidence correction.
DATA_INFO: all relevant information is given above
UNCERTAINTY:  ±10% of measured value
ULOD_FLAG: -7777
ULOD_VALUE: N/As
LLOD_FLAG: -8888
LLOD_VALUE: N/A
DM_CONTACT_INFO: Data collected by Julia Burkart. Please direct all correspondence to Jon Abbatt: jabbatt@chem.utoronto.ca
PROJECT_INFO: Polar 6 NETCARE Spring 2015 campaign
STIPULATIONS_ON_USE: N/A
OTHER_COMMENTS: N/A
REVISION: R2, R1, R0
R2: zero and filter measurements are removed
R1: uncorrected raw data
R0: raw data
time,conc
[from data line 10787]
89156,-99999
89157,-99999
89158,-99999
89159,-99999
89160,-99999
89161,-99999
89162,-99999
89163,-99999
89164,-99999
89165,-99999
89166,-99999
89167,-99999
89168,-99999
89169,-99999
89170,-99999
89171,-99999
89172,-99999
89173,-99999
89174,-99999
89175,-99999
89176,-99999
89177,-99999
89178,-99999
89179,-99999
89180,-99999
89181,-99999
89182,-99999
89183,-99999
89184,-99999
89185,-99999
89186,-99999
89187,-99999
89188,-99999
89189,-99999
89190,-99999
89191,-99999
89192,-99999
89193,-99999
89194,-99999
89195,-99999
89196,-99999
89197,-99999
89198,-99999
89199,-99999
89200,-99999
89201,-99999
89202,-99999
89203,-99999
89204,-99999
89205,-99999
89206,-99999
89207,-99999
89208,-99999
89209,-99999
89210,-99999
89211,-99999
89212,-99999
89213,-99999
89214,-99999
89215,-99999
89216,-99999
89217,-99999
89218,865
89219,894
89220,850
89221,858
89222,897
89223,825
89224,814
89225,818
89226,831
89227,816
89228,870
89229,859
89230,841
89231,869
89232,840
89233,882
89234,831
89235,956
89236,913
89237,859
89238,889
89239,843
89240,901
89241,830
89242,832
89243,802
89244,826
89245,846
89246,872
89247,830
89248,815
89249,885
89250,821
89251,843
89252,814
89253,825
89254,846
89255,842
89256,771
89257,802
89258,851
89259,848
89260,803
89261,858
89262,815
89263,850
89264,814
89265,860
89266,827
89267,892
89268,922
89269,872
89270,837
89271,880
89272,827
89273,875
89274,812
89275,830
89276,870
89277,833
89278,854
89279,888
89280,841
89281,821
89282,802
89283,833
89284,831
89285,824
89286,920
89287,937
89288,858
89289,815
89290,822
89291,794
89292,776
89293,829
89294,837
89295,810
89296,933
89297,927
89298,900
89299,904
89300,850
89301,824
89302,743
89303,886
89304,1010
89305,947
89306,902
89307,970
89308,936
89309,951
89310,914
89311,926
89312,910
89313,965
89314,975
89315,926
89316,939
89317,955
89318,905
89319,906
89320,944
89321,909
89322,986
89323,1021
89324,981
89325,973
89326,1026
89327,959
89328,999
89329,960
89330,945
89331,923
89332,941
89333,999
89334,949
89335,914
89336,885
89337,915
89338,947
89339,867
89340,965
89341,949
89342,970
89343,882
89344,975
89345,955
89346,953
89347,917
89348,960
89349,975
89350,967
89351,1001
89352,1010
89353,1006
89354,1022
89355,1019
89356,1049
89357,1023
89358,1005
89359,989
89360,976
89361,1000
89362,976
89363,1016
89364,1031
89365,960
89366,975
89367,1019
89368,1003
89369,986
89370,1010
89371,1021
89372,974
89373,992
89374,930
89375,1001
89376,1030
89377,967
89378,968
89379,985
89380,968
89381,999
89382,971
89383,1011
89384,965
89385,969
89386,1027
89387,983
89388,999
89389,1022
89390,970
89391,942
89392,949
89393,980
89394,1059
89395,966
89396,985
89397,982
89398,960
89399,1001
89400,959
89401,985
89402,1033
89403,985
89404,987
89405,1030
89406,977
89407,1034
89408,998
89409,1014
89410,1021
89411,1013
89412,965
89413,978
89414,1029
89415,1015
89416,989
89417,944
89418,981
89419,1027
89420,942
89421,1030
89422,1012
89423,1015
89424,918
89425,937
89426,920
89427,976
89428,987
89429,994
89430,997
89431,971
89432,943
89433,957
89434,926
89435,902
89436,922
89437,938
89438,971
89439,951
89440,899
89441,919
89442,919
89443,852
89444,955
89445,881
89446,905
89447,939
89448,971
89449,916
89450,942
89451,959
89452,946
89453,998
89454,943
89455,977
89456,931
89457,883
89458,924
89459,849
89460,871
89461,872
89462,851
89463,872
89464,830
89465,837
89466,815
89467,830
89468,773
89469,759
89470,822
89471,776
89472,892
89473,797
89474,832
89475,-99999
89476,-99999
89477,-99999
89478,-99999
89479,-99999
89480,-99999
89481,-99999
89482,-99999
89483,-99999
89484,-99999
89485,-99999
89486,-99999
89487,-99999
89488,-99999
89489,-99999
89490,-99999
89491,-99999
89492,-99999
89493,-99999
89494,-99999
89495,-99999
89496,-99999
89497,-99999
89498,-99999
89499,-99999
89500,-99999
89501,770
89502,743
89503,756
89504,777
89505,733
89506,756
89507,776
89508,786
89509,766
89510,742
89511,784
89512,763
89513,745
89514,743
89515,745
89516,734
89517,816
89518,-99999
89519,-99999
89520,-99999
89521,-99999
89522,-99999
89523,-99999
89524,-99999
89525,-99999
89526,-99999
89527,-99999
89528,-99999
89529,-99999
89530,-99999
89531,-99999
89532,-99999
89533,-99999
89534,-99999
89535,756
89536,748
89537,736
89538,766
89539,778
89540,747
89541,765
89542,746
89543,693
89544,689
89545,750
89546,703
89547,771
89548,756
89549,741
89550,807
89551,720
89552,776
89553,747
89554,813
89555,788
89556,776
89557,755
89558,775
89559,760
89560,756
89561,715
89562,835
89563,757
89564,754
89565,726
89566,747
89567,792
89568,794
89569,790
89570,810
89571,807
89572,756
89573,798
89574,782
89575,751
89576,789
89577,791
89578,775
89579,774
89580,785
89581,734
89582,807
89583,817
89584,776
89585,760
89586,767
89587,802
89588,744
89589,760
89590,766
89591,774
89592,743
89593,765
89594,741
89595,720
89596,745
89597,753
89598,788
89599,833
89600,750
89601,740
89602,765
89603,779
89604,747
89605,783
89606,751
89607,742
89608,731
89609,760
89610,766
89611,764
89612,781
89613,770
89614,745
89615,749
89616,798
89617,772
89618,786
89619,824
89620,736
89621,757
89622,754
89623,721
89624,748
89625,754
89626,799
89627,802
89628,781
89629,736
89630,725
89631,748
89632,757
89633,809
89634,702
89635,772
89636,788
89637,762
89638,717
89639,738
89640,787
89641,759
89642,787
89643,781
89644,731
89645,752
89646,757
89647,760
89648,774
89649,821
89650,785
89651,786
89652,788
89653,758
89654,797
89655,776
89656,762
89657,743
89658,829
89659,750
89660,774
89661,807
89662,753
89663,757
89664,755
89665,755
89666,738
89667,717
89668,758
89669,778
89670,684
89671,751
89672,736
89673,757
89674,833
89675,760
89676,728
89677,753
89678,794
89679,800
89680,780
89681,771
89682,738
89683,757
89684,768
89685,791
89686,797
89687,768
89688,757
89689,736
89690,742
89691,803
89692,738
89693,762
89694,792
89695,747
89696,764
89697,752
89698,746
89699,752
89700,750
89701,781
89702,696
89703,746
89704,734
89705,766
89706,746
89707,679
89708,778
89709,750
89710,717
89711,759
89712,738
89713,774
89714,758
89715,741
89716,786
89717,827
89718,788
89719,783
89720,820
89721,744
89722,759
89723,752
89724,682
89725,760
89726,784
89727,741
89728,743
89729,749
89730,728
89731,751
89732,778
89733,715
89734,760
89735,755
89736,736
89737,778
89738,770
89739,851
89740,755
89741,777
89742,763
89743,763
89744,778
89745,824
89746,775
89747,798
89748,794
89749,829
89750,836
89751,779
89752,818
89753,756
89754,784
89755,777
89756,778
89757,795
89758,823
89759,802
89760,810
89761,767
89762,763
89763,771
89764,794
89765,745
89766,752
89767,736
89768,770
89769,698
89770,729
89771,671
89772,731
89773,740
89774,739
89775,683
89776,735
89777,702
89778,688
89779,743
89780,713
89781,742
89782,764
89783,747
89784,805
89785,811
89786,748
89787,787
89788,733
89789,700
89790,719
89791,779
89792,734
89793,793
89794,886
89795,804
89796,851
89797,879
89798,806
89799,812
89800,803
89801,751
89802,666
89803,726
89804,728
89805,645
89806,675
89807,712
89808,684
89809,744
89810,685
89811,706
89812,711
89813,653
89814,736
89815,706
89816,685
89817,681
89818,736
89819,776
89820,718
89821,704
89822,799
89823,761
89824,746
89825,791
89826,766
89827,782
89828,701
89829,800
89830,726
89831,652
89832,641
89833,654
89834,763
89835,777
89836,708
89837,722
89838,778
89839,798
89840,768
89841,775
89842,837
89843,767
89844,782
89845,807
89846,849
89847,757
89848,788
89849,824
89850,783
89851,847
89852,826
89853,835
89854,852
89855,828
89856,840
89857,842
89858,827
89859,791
89860,822
89861,791
89862,763
89863,669
89864,745
89865,833
89866,832
89867,948
89868,908
89869,857
89870,900
89871,854
89872,863
89873,802
89874,920
89875,927
89876,866
89877,932
89878,909
89879,902
89880,926
89881,920
89882,955
89883,941
89884,955
89885,961
89886,939
89887,932
89888,946
89889,863
89890,846
89891,892
89892,983
89893,908
89894,962
89895,1005
89896,1039
89897,977
89898,951
89899,990
89900,996
89901,943
89902,915
89903,916
89904,982
89905,957
89906,944
89907,1015
89908,982
89909,904
89910,1018
89911,974
89912,991
89913,1035
89914,1001
89915,1075
89916,998
89917,1049
89918,990
89919,1011
89920,1030
89921,1062
89922,971
89923,975
89924,964
89925,988
89926,1030
89927,918
89928,949
89929,976
89930,853
89931,887
89932,895
89933,990
89934,900
89935,869
89936,759
89937,794
89938,756
89939,774
89940,762
89941,719
89942,756
89943,715
89944,708
89945,694
89946,700
89947,706
89948,638
89949,646
89950,731
89951,703
89952,684
89953,762
89954,722
89955,735
89956,763
89957,897
89958,914
89959,971
89960,858
89961,929
89962,949
89963,962
89964,925
89965,911
89966,886
89967,939
89968,989
89969,983
89970,940
89971,959
89972,914
89973,909
89974,958
89975,941
89976,944
89977,943
89978,976
89979,975
89980,892
89981,902
89982,923
89983,885
89984,807
89985,746
89986,724
89987,741
89988,791
89989,757
89990,758
89991,818
89992,809
89993,847
89994,867
89995,819
89996,860
89997,814
89998,850
89999,791
90000,799
90001,769
90002,772
90003,820
90004,790
90005,822
90006,850
90007,816
90008,813
90009,847
90010,794
90011,831
90012,846
90013,872
90014,815
90015,823
90016,787
90017,811
90018,763
90019,790
90020,833
90021,736
90022,752
90023,840
90024,677
90025,737
90026,740
90027,713
90028,710
90029,744
90030,734
90031,775
90032,757
90033,821
90034,863
90035,832
90036,846
90037,827
90038,858
90039,887
90040,824
90041,898
90042,826
90043,867
90044,788
90045,822
90046,922
90047,906
90048,953
90049,846
90050,900
90051,884
90052,907
90053,953
90054,947
90055,971
90056,956
90057,932
90058,1001
90059,1018
90060,1020
90061,909
90062,1007
90063,986
90064,832
90065,717
90066,722
90067,668
90068,709
90069,651
90070,613
90071,644
90072,644
90073,680
90074,639
90075,611
90076,633
90077,603
90078,645
90079,692
90080,666
90081,661
90082,653
90083,696
90084,651
90085,642
90086,727
90087,666
90088,690
90089,634
90090,675
90091,744
90092,669
90093,650
90094,651
90095,676
90096,714
90097,730
90098,701
90099,750
90100,793
90101,832
90102,802
90103,876
90104,862
90105,849
90106,824
90107,876
90108,833
90109,866
90110,875
90111,820
90112,788
90113,883
90114,810
90115,872
90116,866
90117,794
90118,817
90119,782
90120,707
90121,769
90122,653
90123,679
90124,684
90125,679
90126,671
90127,684
90128,707
90129,677
90130,762
90131,739
90132,803
90133,797
90134,889
90135,847
90136,879
90137,879
90138,921
90139,895
90140,829
90141,918
90142,874
90143,875
90144,872
90145,846
90146,877
90147,899
90148,888
90149,889
90150,891
90151,885
90152,908
90153,929
90154,850
90155,924
90156,896
90157,973
90158,928
90159,956
90160,999
90161,-99999
90162,-99999
90163,-99999
90164,-99999
90165,-99999
90166,-99999
90167,949
90168,993
90169,924
90170,996
90171,951
90172,961
90173,992
90174,946
90175,980
90176,1010
90177,958
90178,1002
90179,944
90180,986
90181,964
90182,963
90183,963
90184,928
90185,977
90186,958
90187,938
90188,1002
90189,973
90190,1056
90191,984
90192,976
90193,1000
90194,1041
90195,956
90196,951
90197,944
90198,950
90199,915
90200,987
90201,1021
90202,1047
90203,1014
90204,895
90205,928
90206,984
90207,917
90208,971
90209,1006
90210,941
90211,941
90212,1009
90213,992
90214,947
90215,954
90216,986
90217,1013
90218,936
90219,998
90220,947
90221,892
90222,935
90223,888
90224,954
90225,944
90226,867
90227,989
90228,953
90229,876
90230,949
90231,954
90232,967
90233,976
90234,904
90235,942
90236,924
90237,-99999
90238,-99999
90239,-99999
90240,1002
90241,938
90242,971
90243,990
90244,951
90245,971
90246,931
90247,1026
90248,1000
90249,949
90250,956
90251,963
90252,998
90253,970
90254,982
90255,969
90256,1023
90257,970
90258,1021
90259,963
90260,926
90261,918
90262,910
90263,842
90264,885
90265,815
90266,840
90267,865
90268,790
90269,783
90270,842
90271,841
90272,725
90273,748
90274,798
90275,779
90276,720
90277,721
90278,780
90279,721
90280,699
90281,709
90282,754
90283,740
90284,684
90285,757
90286,733
90287,771
90288,810
90289,772
90290,756
90291,700
90292,710
90293,685
90294,724
90295,769
90296,722
90297,732
90298,690
90299,722
90300,690
90301,753
90302,737
90303,780
90304,784
90305,767
90306,791
90307,801
90308,851
90309,867
90310,839
90311,752
90312,839
90313,696
90314,740
90315,701
90316,673
90317,787
90318,700
90319,740
90320,734
90321,706
90322,680
90323,705
90324,712
90325,686
90326,722
90327,782
90328,729
90329,766
90330,740
90331,827
90332,757
90333,746
90334,726
90335,692
90336,696
90337,654
90338,695
90339,734
90340,679
90341,677
90342,703
90343,725
90344,699
90345,674
90346,646
90347,721
90348,651
90349,648
90350,682
90351,661
90352,651
90353,633
90354,621
90355,609
90356,630
90357,624
90358,608
90359,620
90360,614
90361,597
90362,661
90363,653
90364,646
90365,642
90366,655
90367,657
90368,612
90369,673
90370,624
90371,658
90372,711
90373,665
90374,746
90375,707
90376,670
90377,680
90378,726
90379,719
90380,737
90381,718
90382,748
90383,732
90384,760
90385,735
90386,763
90387,783
90388,733
90389,774
90390,767
90391,679
90392,752
90393,720
90394,745
90395,678
90396,769
90397,720
90398,732
90399,743
90400,750
90401,703
90402,717
90403,785
90404,727
90405,772
90406,729
90407,689
90408,763
90409,752
90410,752
90411,737
90412,755
90413,725
90414,743
90415,736
90416,741
90417,761
90418,795
90419,769
90420,812
90421,838
90422,777
90423,798
90424,774
90425,785
90426,832
90427,772
90428,708
90429,719
90430,786
90431,763
90432,816
90433,855
90434,847
90435,824
90436,832
90437,901
90438,777
90439,743
90440,748
90441,694
90442,664
90443,656
90444,691
90445,761
90446,765
90447,814
90448,791
90449,780
90450,813
90451,900
90452,886
90453,976
90454,941
90455,882
90456,892
90457,876
90458,924
90459,834
90460,933
90461,880
90462,912
90463,866
90464,902
90465,881
90466,-99999
90467,-99999
90468,-99999
90469,-99999
90470,-99999
90471,-99999
90472,864
90473,908
90474,803
90475,851
90476,866
90477,863
90478,830
90479,833
90480,845
90481,762
90482,766
90483,808
90484,720
90485,711
90486,687
90487,681
90488,654
90489,685
90490,681
90491,658
90492,646
90493,603
90494,626
90495,603
90496,672
90497,608
90498,610
90499,575
90500,526
90501,631
90502,576
90503,576
90504,600
90505,634
90506,626
90507,603
90508,553
90509,634
90510,585
90511,577
90512,660
90513,659
90514,662
90515,667
90516,782
90517,720
90518,690
90519,663
90520,675
90521,716
90522,694
90523,666
90524,696
90525,678
90526,683
90527,789
90528,755
90529,748
90530,759
90531,635
90532,693
90533,714
90534,725
90535,747
90536,757
90537,695
90538,689
90539,681
90540,687
90541,754
90542,782
90543,771
90544,858
90545,850
90546,900
90547,923
90548,-99999
90549,-99999
90550,-99999
90551,-99999
90552,875
90553,913
90554,922
90555,875
90556,838
90557,832
90558,874
90559,860
90560,897
90561,834
90562,873
90563,770
90564,808
90565,831
90566,842
90567,833
90568,879
90569,855
90570,888
90571,879
90572,856
90573,888
90574,844
90575,840
90576,874
90577,862
90578,928
90579,854
90580,843
90581,827
90582,860
90583,837
90584,844
90585,896
90586,899
90587,871
90588,837
90589,845
90590,922
90591,787
90592,714
90593,847
90594,847
90595,883
90596,875
90597,867
90598,789
90599,779
90600,802
90601,768
90602,729
90603,677
90604,633
90605,687
90606,603
90607,632
90608,603
90609,638
90610,619
90611,614
90612,630
90613,696
90614,640
90615,673
90616,641
90617,689
90618,666
90619,756
90620,757
90621,795
90622,825
90623,850
90624,822
90625,849
90626,871
90627,920
90628,868
90629,840
90630,862
90631,857
90632,847
90633,917
90634,890
90635,935
90636,868
90637,842
90638,946
90639,941
90640,919
90641,869
90642,953
90643,939
90644,830
90645,843
90646,954
90647,972
90648,948
90649,938
90650,934
90651,900
90652,969
90653,934
90654,979
90655,877
90656,931
90657,973
90658,938
90659,957
90660,993
90661,977
90662,910
90663,943
90664,895
90665,993
90666,957
90667,1007
90668,935
90669,885
90670,880
90671,893
90672,854
90673,905
90674,911
90675,917
90676,887
90677,872
90678,938
90679,919
90680,921
90681,967
90682,913
90683,873
90684,888
90685,823
90686,862
90687,849
90688,893
90689,841
90690,789
90691,826
90692,877
90693,833
90694,948
90695,893
90696,954
90697,942
90698,859
90699,833
90700,739
90701,724
90702,704
90703,711
90704,630
90705,718
90706,671
90707,652
90708,727
90709,792
90710,685
