NETCARE2015/data/raw/Flight9/CPC3776_POLAR6_20150420_r2_L2_NETCARE.ict
35,1001
Abbatt,Jon
University of Toronto
Polar 6
NETCARE
1,1
2015,4,20,2017,8,16
1
time,seconds,seconds from start in UTC
1
1
-99999
conc,number of particles per cm3
0
20
PI_CONTACT_INFO: 80 St. George Street; Toronto; ON M5S 3H6 CANADA; email: jabbatt@chem.utoronto.ca
PLATFORM: Polar 6 aircraft
LOCATION: Canadian Arctic near Inuvik
ASSOCIATED_DATA: none
INSTRUMENT_INFO: The Ultrafine Condensation Particle Counter 3776 is a continuous-flow instrument that detects particles down to 2.5 nm. It operates at an aerosol flow rate of 50 cm^3/min and detects concentrations from 0 to 300 000 particles/cm^3 with coincidence correction.
DATA_INFO: all relevant information is given above
UNCERTAINTY:  ±10% of measured value
ULOD_FLAG: -7777
ULOD_VALUE: N/As
LLOD_FLAG: -8888
LLOD_VALUE: N/A
DM_CONTACT_INFO: Data collected by Julia Burkart. Please direct all correspondence to Jon Abbatt: jabbatt@chem.utoronto.ca
PROJECT_INFO: Polar 6 NETCARE Spring 2015 campaign
STIPULATIONS_ON_USE: N/A
OTHER_COMMENTS: N/A
REVISION: R2, R1, R0
R2: zero and filter measurements are removed
R1: uncorrected raw data
R0: raw data
time,conc
78369,479
78370,416
78371,479
78372,442
78373,467
78374,465
78375,460
78376,429
78377,481
78378,495
78379,448
78380,459
78381,433
78382,486
78383,451
78384,458
78385,453
78386,432
78387,402
78388,455
78389,428
78390,418
78391,409
78392,415
78393,452
78394,461
78395,437
78396,397
78397,441
78398,433
78399,438
78400,479
78401,411
78402,423
78403,419
78404,449
78405,429
78406,404
78407,428
78408,420
78409,439
78410,429
78411,427
78412,424
78413,444
78414,444
78415,431
78416,483
78417,403
78418,426
78419,449
78420,402
78421,416
78422,411
78423,445
78424,432
78425,414
78426,432
78427,453
78428,433
78429,485
78430,446
78431,439
78432,400
78433,424
78434,435
78435,420
78436,414
78437,458
78438,459
78439,446
78440,421
78441,435
78442,464
78443,384
78444,411
78445,457
78446,437
78447,441
78448,447
78449,442
78450,444
78451,442
78452,423
78453,457
78454,384
78455,411
78456,442
78457,400
78458,419
78459,440
78460,463
78461,431
78462,405
78463,430
78464,437
78465,441
78466,427
78467,423
78468,416
78469,438
78470,416
78471,393
78472,439
78473,396
78474,394
78475,447
78476,443
78477,425
78478,419
78479,390
78480,374
78481,386
78482,430
78483,409
78484,449
78485,410
78486,417
78487,430
78488,390
78489,446
78490,418
78491,375
78492,379
78493,388
78494,427
78495,434
78496,455
78497,415
78498,416
78499,411
78500,431
78501,400
78502,459
78503,432
78504,396
78505,444
78506,415
78507,467
78508,417
78509,433
78510,412
78511,430
78512,387
78513,482
78514,433
78515,398
78516,406
78517,450
78518,432
78519,446
78520,478
78521,436
78522,409
78523,421
78524,430
78525,424
78526,414
78527,442
78528,441
78529,398
78530,451
78531,403
78532,463
78533,430
78534,432
78535,442
78536,464
78537,442
78538,399
78539,405
78540,414
78541,434
78542,431
78543,428
78544,438
78545,462
78546,421
78547,461
78548,415
78549,459
78550,435
78551,445
78552,458
78553,450
78554,459
78555,503
78556,467
78557,504
78558,466
78559,521
78560,492
78561,450
78562,500
78563,517
78564,521
78565,506
78566,544
78567,549
78568,545
78569,573
78570,604
78571,558
78572,593
78573,596
78574,679
78575,746
78576,772
78577,809
78578,767
78579,799
78580,842
78581,1049
78582,1057
78583,1057
78584,1010
78585,986
78586,1060
78587,1057
78588,1015
78589,1160
78590,1098
78591,1236
78592,1179
78593,1103
78594,1071
78595,1044
78596,1100
78597,1067
78598,1115
78599,1079
78600,1103
78601,1076
78602,1109
78603,1130
78604,1115
78605,1168
78606,1161
78607,1252
78608,1178
78609,1225
78610,1131
78611,1161
78612,1160
78613,1148
78614,1133
78615,1100
78616,1076
78617,1051
78618,1103
78619,1125
78620,1129
78621,1181
78622,1129
78623,1278
78624,1280
78625,1290
78626,1237
78627,1352
78628,1313
78629,1342
78630,1309
78631,1299
78632,1295
78633,1301
78634,1294
78635,1362
78636,1377
78637,1390
78638,1331
78639,1323
78640,1340
78641,1328
78642,1349
78643,1388
78644,1413
78645,1366
78646,1344
78647,1290
78648,1214
78649,1264
78650,1385
78651,1387
78652,1321
78653,1380
78654,1400
78655,1315
78656,1323
78657,1235
78658,1262
78659,1319
78660,1302
78661,1268
78662,1288
78663,1254
78664,1276
78665,1228
78666,1253
78667,1314
78668,1280
78669,1302
78670,1344
78671,1445
78672,1417
78673,1358
78674,1369
78675,1353
78676,1352
78677,1280
78678,1356
78679,1422
78680,1371
78681,1354
78682,1415
78683,1294
78684,1372
78685,1414
78686,1393
78687,1460
78688,1425
78689,1420
78690,1415
78691,1382
78692,1507
78693,1504
78694,1467
78695,1555
78696,1529
78697,1401
78698,1492
78699,1458
78700,1546
78701,1529
78702,1482
78703,1486
78704,1357
78705,1449
78706,1475
78707,1438
78708,1377
78709,1334
78710,1279
78711,1285
78712,1296
78713,1453
78714,1431
78715,1487
78716,1491
78717,1587
78718,1544
78719,1531
78720,1575
78721,1510
78722,1423
78723,1528
78724,1563
78725,1473
78726,1597
78727,1487
78728,1464
78729,1380
78730,1399
78731,1508
78732,1414
78733,1428
78734,1375
78735,1353
78736,1294
78737,1320
78738,1377
78739,1348
78740,1373
78741,1327
78742,1357
78743,1396
78744,1367
78745,1396
78746,1224
78747,1241
78748,1231
78749,1223
78750,1235
78751,1239
78752,1254
78753,1194
78754,1169
78755,1159
78756,1161
78757,1140
78758,1186
78759,1140
78760,1122
78761,1066
78762,1075
78763,1155
78764,1145
78765,1084
78766,1073
78767,1017
78768,1110
78769,1063
78770,1040
78771,986
78772,953
78773,910
78774,947
78775,970
78776,958
78777,930
78778,943
78779,930
78780,924
78781,919
78782,904
78783,931
78784,906
78785,854
78786,889
78787,911
78788,841
78789,877
78790,903
78791,913
78792,935
78793,894
78794,948
78795,912
78796,879
78797,871
78798,945
78799,908
78800,913
78801,909
78802,940
78803,969
78804,951
78805,976
78806,958
78807,980
78808,996
78809,960
78810,964
78811,998
78812,975
78813,997
78814,1012
78815,977
78816,973
78817,1038
78818,981
78819,1029
78820,1035
78821,973
78822,777
78823,936
78824,980
78825,1028
78826,999
78827,968
78828,1021
78829,1054
78830,1027
78831,1018
78832,1016
78833,978
78834,996
78835,1042
78836,1029
78837,998
78838,961
78839,934
78840,926
78841,943
78842,1003
78843,981
78844,980
78845,979
78846,980
78847,1047
78848,1032
78849,1041
78850,1044
78851,945
78852,936
78853,969
78854,963
78855,1013
78856,1025
78857,1086
78858,1063
78859,991
78860,975
78861,1119
78862,1007
78863,904
78864,906
78865,923
78866,948
78867,928
78868,972
78869,942
78870,968
78871,938
78872,990
78873,952
78874,873
78875,946
78876,966
78877,965
78878,994
78879,1014
78880,1084
78881,1028
78882,947
78883,964
78884,964
78885,955
78886,906
78887,932
78888,994
78889,1021
78890,993
78891,942
78892,960
78893,907
78894,972
78895,1007
78896,1029
78897,962
78898,935
78899,906
78900,953
78901,942
78902,944
78903,913
78904,847
78905,882
78906,969
78907,904
78908,930
78909,932
78910,967
78911,935
78912,961
78913,934
78914,1135
78915,987
78916,966
78917,933
78918,878
78919,918
78920,980
78921,923
78922,945
78923,967
78924,990
78925,944
78926,919
78927,958
78928,970
78929,982
78930,930
78931,883
78932,959
78933,945
78934,949
78935,971
78936,985
78937,1025
78938,1029
78939,933
78940,986
78941,990
78942,1012
78943,980
78944,947
78945,951
78946,951
78947,900
78948,931
78949,995
78950,933
78951,944
78952,921
78953,991
78954,933
78955,974
78956,928
78957,997
78958,934
78959,937
78960,963
78961,967
78962,912
78963,920
78964,933
78965,953
78966,964
78967,944
78968,892
78969,952
78970,927
78971,952
78972,953
78973,988
78974,981
78975,958
78976,930
78977,1017
78978,960
78979,1027
78980,985
78981,1012
78982,963
78983,978
78984,962
78985,972
78986,965
78987,996
78988,982
78989,1002
78990,964
78991,971
78992,986
78993,961
78994,970
78995,908
78996,922
78997,887
78998,954
78999,889
79000,897
79001,885
79002,909
79003,920
79004,928
79005,906
79006,868
79007,937
79008,898
79009,832
79010,906
79011,836
79012,895
79013,931
79014,896
79015,929
79016,932
79017,896
79018,887
79019,980
79020,987
79021,962
79022,993
79023,993
79024,1036
79025,969
79026,1043
79027,925
79028,980
79029,982
79030,940
79031,939
79032,956
79033,1018
79034,1000
79035,962
79036,1031
79037,948
79038,1076
79039,1027
79040,1111
79041,998
79042,1032
79043,1021
79044,1015
79045,1075
79046,1052
79047,1020
79048,1064
79049,960
79050,1094
79051,1133
79052,1100
79053,1205
79054,1246
79055,1248
79056,1217
79057,1191
79058,1210
79059,1262
79060,1209
79061,1181
79062,1198
79063,1179
79064,1183
79065,1098
79066,1172
79067,1183
79068,1178
79069,1224
79070,1242
79071,1241
79072,1181
79073,1295
79074,1350
79075,1459
79076,1576
79077,1698
79078,1552
79079,1629
79080,1652
79081,1649
79082,2030
79083,2030
79084,1948
79085,1746
79086,1671
79087,1820
79088,1864
79089,1815
79090,1978
79091,1962
79092,1739
79093,1864
79094,1835
79095,1951
79096,1935
79097,1551
79098,1778
79099,1797
79100,1671
79101,1736
79102,1737
79103,1643
79104,1613
79105,1631
79106,1725
79107,1568
79108,1576
79109,1430
79110,1440
79111,1304
79112,1392
79113,1485
79114,1424
79115,1532
79116,1452
79117,1424
79118,1414
79119,1291
79120,1301
79121,1324
79122,1333
79123,1257
79124,1189
79125,1233
79126,1226
79127,1289
79128,1354
79129,1271
79130,1183
79131,1263
79132,1126
79133,866
79134,1174
79135,1172
79136,944
79137,1300
79138,-99999
79139,-99999
79140,-99999
79141,-99999
79142,-99999
79143,-99999
79144,-99999
79145,-99999
79146,-99999
79147,-99999
79148,-99999
79149,-99999
79150,-99999
79151,-99999
79152,-99999
79153,-99999
79154,-99999
79155,-99999
79156,-99999
79157,-99999
79158,-99999
79159,-99999
79160,-99999
79161,-99999
79162,-99999
79163,-99999
79164,-99999
79165,-99999
79166,-99999
79167,-99999
79168,-99999
79169,-99999
79170,-99999
79171,-99999
79172,-99999
79173,-99999
79174,-99999
79175,-99999
79176,-99999
79177,-99999
79178,-99999
79179,-99999
79180,-99999
79181,-99999
79182,-99999
79183,-99999
79184,-99999
79185,-99999
79186,-99999
79187,-99999
79188,-99999
79189,-99999
79190,-99999
79191,-99999
79192,-99999
79193,-99999
79194,-99999
79195,-99999
79196,-99999
79197,-99999
79198,-99999
79199,-99999
79200,-99999
79201,-99999
79202,-99999
79203,-99999
79204,-99999
79205,-99999
79206,-99999
79207,-99999
79208,-99999
79209,-99999
79210,-99999
79211,-99999
79212,-99999
79213,-99999
79214,-99999
79215,-99999
79216,-99999
79217,-99999
79218,-99999
79219,-99999
79220,-99999
79221,-99999
79222,-99999
79223,-99999
79224,-99999
79225,-99999
79226,-99999
79227,-99999
79228,-99999
79229,-99999
79230,-99999
79231,-99999
79232,-99999
79233,-99999
79234,-99999
79235,-99999
79236,-99999
79237,-99999
79238,-99999
79239,-99999
79240,-99999
79241,-99999
79242,-99999
79243,-99999
79244,-99999
79245,-99999
79246,-99999
79247,-99999
79248,-99999
79249,-99999
79250,-99999
79251,-99999
79252,-99999
79253,-99999
79254,-99999
79255,-99999
79256,-99999
79257,-99999
79258,-99999
79259,-99999
79260,-99999
79261,-99999
79262,-99999
79263,-99999
79264,-99999
79265,-99999
79266,-99999
79267,-99999
79268,-99999
79269,-99999
79270,-99999
79271,-99999
79272,-99999
79273,-99999
79274,-99999
79275,-99999
79276,-99999
79277,-99999
79278,-99999
79279,-99999
79280,-99999
79281,-99999
79282,-99999
79283,-99999
79284,-99999
79285,-99999
79286,-99999
79287,-99999
79288,-99999
79289,-99999
79290,-99999
79291,-99999
79292,-99999
79293,-99999
79294,-99999
79295,-99999
79296,-99999
79297,-99999
79298,-99999
79299,-99999
79300,-99999
79301,-99999
79302,-99999
79303,-99999
79304,-99999
79305,-99999
79306,-99999
79307,-99999
79308,-99999
79309,-99999
79310,-99999
79311,-99999
79312,-99999
79313,-99999
79314,-99999
79315,-99999
79316,-99999
79317,-99999
79318,-99999
79319,-99999
79320,-99999
79321,-99999
79322,-99999
79323,-99999
79324,-99999
79325,-99999
79326,-99999
79327,-99999
79328,-99999
79329,-99999
79330,-99999
79331,-99999
79332,-99999
79333,-99999
79334,-99999
79335,-99999
79336,-99999
79337,-99999
79338,-99999
79339,-99999
79340,-99999
79341,-99999
79342,-99999
79343,-99999
79344,-99999
79345,-99999
79346,-99999
79347,-99999
79348,-99999
79349,-99999
79350,-99999
79351,-99999
79352,-99999
79353,-99999
79354,-99999
79355,-99999
79356,-99999
79357,-99999
79358,-99999
79359,-99999
79360,-99999
79361,-99999
79362,-99999
79363,-99999
79364,-99999
79365,-99999
79366,-99999
79367,-99999
79368,-99999
79369,-99999
79370,-99999
79371,-99999
79372,-99999
79373,-99999
79374,-99999
79375,-99999
79376,-99999
79377,-99999
79378,-99999
79379,-99999
79380,-99999
79381,-99999
79382,-99999
79383,-99999
79384,-99999
79385,-99999
79386,-99999
79387,-99999
79388,-99999
79389,-99999
79390,-99999
79391,-99999
79392,-99999
79393,-99999
79394,-99999
79395,-99999
79396,-99999
79397,-99999
79398,-99999
79399,-99999
79400,-99999
79401,-99999
79402,-99999
79403,-99999
79404,-99999
79405,-99999
79406,-99999
79407,-99999
79408,-99999
79409,-99999
79410,-99999
79411,-99999
79412,-99999
79413,-99999
79414,-99999
79415,-99999
79416,-99999
79417,-99999
79418,-99999
79419,-99999
79420,-99999
79421,-99999
79422,-99999
79423,-99999
79424,-99999
79425,-99999
79426,-99999
79427,-99999
79428,-99999
79429,-99999
79430,-99999
79431,-99999
79432,-99999
79433,-99999
79434,-99999
79435,-99999
79436,-99999
79437,-99999
79438,-99999
79439,-99999
79440,-99999
79441,-99999
79442,-99999
79443,-99999
79444,-99999
79445,-99999
79446,-99999
79447,-99999
79448,-99999
79449,-99999
79450,-99999
79451,-99999
79452,-99999
79453,-99999
79454,-99999
79455,-99999
79456,-99999
79457,-99999
79458,-99999
79459,-99999
79460,-99999
79461,-99999
79462,-99999
79463,-99999
79464,-99999
79465,-99999
79466,-99999
79467,-99999
79468,-99999
79469,-99999
79470,-99999
79471,-99999
79472,-99999
79473,-99999
79474,-99999
79475,-99999
79476,-99999
79477,-99999
79478,-99999
79479,-99999
79480,-99999
79481,-99999
79482,-99999
79483,-99999
79484,-99999
79485,-99999
79486,-99999
79487,-99999
79488,-99999
79489,-99999
79490,-99999
79491,-99999
79492,-99999
79493,-99999
79494,-99999
79495,-99999
79496,-99999
79497,-99999
79498,-99999
79499,-99999
79500,-99999
79501,-99999
79502,-99999
79503,-99999
79504,-99999
79505,-99999
79506,-99999
79507,-99999
79508,-99999
79509,-99999
79510,-99999
79511,-99999
79512,-99999
79513,-99999
79514,-99999
79515,-99999
79516,-99999
79517,-99999
79518,-99999
79519,-99999
79520,-99999
79521,-99999
79522,-99999
79523,-99999
79524,-99999
79525,-99999
79526,-99999
79527,-99999
79528,-99999
79529,-99999
79530,-99999
79531,-99999
79532,-99999
79533,-99999
79534,-99999
79535,-99999
79536,-99999
79537,-99999
79538,-99999
79539,-99999
79540,-99999
79541,-99999
79542,-99999
79543,-99999
79544,-99999
79545,-99999
79546,-99999
79547,-99999
79548,-99999
79549,-99999
79550,-99999
79551,-99999
79552,-99999
79553,-99999
79554,-99999
79555,-99999
79556,-99999
79557,-99999
79558,-99999
79559,-99999
79560,-99999
79561,-99999
79562,-99999
79563,-99999
79564,-99999
79565,-99999
79566,-99999
79567,-99999
79568,-99999
79569,-99999
79570,-99999
79571,-99999
79572,-99999
79573,-99999
79574,-99999
79575,-99999
79576,-99999
79577,-99999
79578,-99999
79579,-99999
79580,-99999
79581,-99999
79582,-99999
79583,-99999
79584,-99999
79585,-99999
79586,-99999
79587,-99999
79588,-99999
79589,-99999
79590,-99999
79591,-99999
79592,-99999
79593,-99999
79594,-99999
79595,-99999
79596,-99999
79597,-99999
79598,-99999
79599,-99999
79600,-99999
79601,-99999
79602,-99999
79603,-99999
79604,-99999
79605,-99999
79606,-99999
79607,-99999
79608,-99999
79609,-99999
79610,-99999
79611,-99999
79612,-99999
79613,-99999
79614,-99999
79615,-99999
79616,-99999
79617,-99999
79618,-99999
79619,-99999
79620,-99999
79621,-99999
79622,-99999
79623,-99999
79624,-99999
79625,-99999
79626,-99999
79627,-99999
79628,-99999
79629,-99999
79630,-99999
79631,-99999
79632,-99999
79633,-99999
79634,-99999
79635,-99999
79636,-99999
79637,-99999
79638,-99999
79639,-99999
79640,-99999
79641,-99999
79642,-99999
79643,-99999
79644,-99999
79645,-99999
79646,-99999
79647,-99999
79648,-99999
79649,-99999
79650,-99999
79651,-99999
79652,-99999
79653,-99999
79654,-99999
79655,-99999
79656,-99999
79657,-99999
79658,-99999
79659,-99999
79660,-99999
79661,-99999
79662,-99999
79663,-99999
79664,-99999
79665,-99999
79666,-99999
79667,-99999
79668,-99999
79669,-99999
79670,-99999
79671,-99999
79672,-99999
79673,-99999
79674,-99999
79675,-99999
79676,-99999
79677,-99999
79678,-99999
79679,-99999
79680,-99999
79681,-99999
79682,-99999
79683,1091
79684,1068
79685,1034
79686,1062
79687,1028
79688,1019
79689,1111
79690,1055
79691,1054
79692,1010
79693,1070
79694,1049
79695,1094
79696,1007
79697,1139
79698,1105
79699,1041
79700,1117
79701,1145
79702,1089
79703,956
79704,1015
79705,1071
79706,990
79707,948
79708,946
79709,948
79710,965
79711,943
79712,848
79713,966
79714,1016
79715,971
79716,926
79717,948
79718,952
79719,909
79720,898
79721,877
79722,938
79723,953
79724,1036
79725,1025
79726,1034
79727,1043
79728,1016
79729,1051
79730,1001
79731,1122
79732,1072
79733,1042
79734,1063
79735,1048
79736,1005
79737,1013
79738,981
79739,975
79740,1026
79741,1052
79742,959
79743,1002
79744,970
79745,978
79746,1031
79747,970
79748,986
79749,1057
79750,1099
79751,1004
79752,1002
79753,947
79754,902
79755,904
79756,933
79757,971
79758,943
79759,1059
79760,1005
79761,1049
79762,1065
79763,1032
79764,954
79765,1026
79766,1043
