NETCARE2015/data/raw/Flight9/CPC3772_POLAR6_20150420_r2_L2_NETCARE.ict
35,1001
Abbatt,Jon
University of Toronto
Polar 6
NETCARE
1,1
2015,4,20,2017,8,16
1
time,seconds,seconds from start in UTC
1
1
-99999
conc,number of particles per cm3
0
20
PI_CONTACT_INFO: 80 St. George Street; Toronto; ON M5S 3H6 CANADA; email: jabbatt@chem.utoronto.ca
PLATFORM: Polar 6 aircraft
LOCATION: Canadian Arctic near Inuvik
ASSOCIATED_DATA: none
INSTRUMENT_INFO: Condensation Particle Counter Model 3772 is an instrument that detects airborne particles down to 10 nm at an aerosol flow rate of 1.0 L/min, over a concentration range from 0 to 10^4 particles/cm^3 
DATA_INFO: all relevant information is given above
UNCERTAINTY:  ±10% of measured value
ULOD_FLAG: -7777
ULOD_VALUE: N/As
LLOD_FLAG: -8888
LLOD_VALUE: N/A
DM_CONTACT_INFO: Data collected by Julia Burkart. Please direct all correspondence to Jon Abbatt: jabbatt@chem.utoronto.ca
PROJECT_INFO: Polar 6 NETCARE Spring 2015 campaign
STIPULATIONS_ON_USE: N/A
OTHER_COMMENTS: N/A
REVISION: R2, R1, R0
R2: zero and filter measurements are removed
R1: uncorrected raw data
R0: raw data
time,conc
[from data line 7744]
86113,375
86114,355
86115,342
86116,330
86117,338
86118,332
86119,332
86120,334
86121,328
86122,330
86123,334
86124,337
86125,333
86126,334
86127,335
86128,338
86129,334
86130,347
86131,346
86132,336
86133,350
86134,344
86135,341
86136,337
86137,346
86138,334
86139,334
86140,345
86141,344
86142,340
86143,343
86144,343
86145,344
86146,345
86147,351
86148,356
86149,343
86150,334
86151,341
86152,342
86153,352
86154,352
86155,347
86156,351
86157,342
86158,372
86159,401
86160,376
86161,360
86162,368
86163,374
86164,363
86165,358
86166,353
86167,339
86168,332
86169,330
86170,337
86171,347
86172,337
86173,331
86174,339
86175,328
86176,330
86177,324
86178,329
86179,329
86180,331
86181,325
86182,322
86183,323
86184,320
86185,317
86186,317
86187,315
86188,310
86189,311
86190,317
86191,321
86192,322
86193,322
86194,321
86195,324
86196,320
86197,326
86198,320
86199,328
86200,321
86201,340
86202,335
86203,330
86204,336
86205,334
86206,334
86207,340
86208,340
86209,346
86210,361
86211,358
86212,394
86213,392
86214,386
86215,387
86216,399
86217,409
86218,400
86219,394
86220,418
86221,408
86222,409
86223,400
86224,388
86225,389
86226,400
86227,402
86228,405
86229,396
86230,406
86231,409
86232,410
86233,401
86234,408
86235,412
86236,412
86237,398
86238,390
86239,400
86240,402
86241,412
86242,403
86243,397
86244,404
86245,389
86246,404
86247,409
86248,403
86249,411
86250,407
86251,406
86252,417
86253,414
86254,420
86255,421
86256,429
86257,441
86258,445
86259,442
86260,432
86261,446
86262,444
86263,453
86264,454
86265,453
86266,458
86267,469
86268,467
86269,468
86270,477
86271,489
86272,489
86273,488
86274,490
86275,495
86276,486
86277,490
86278,487
86279,489
86280,480
86281,483
86282,486
86283,481
86284,481
86285,480
86286,491
86287,495
86288,492
86289,496
86290,500
86291,485
86292,499
86293,501
86294,495
86295,501
86296,501
86297,505
86298,500
86299,503
86300,497
86301,504
86302,489
86303,498
86304,496
86305,511
86306,489
86307,500
86308,507
86309,514
86310,514
86311,519
86312,512
86313,517
86314,526
86315,535
86316,534
86317,535
86318,545
86319,529
86320,542
86321,523
86322,514
86323,536
86324,528
86325,538
86326,523
86327,522
86328,518
86329,530
86330,530
86331,526
86332,528
86333,528
86334,525
86335,548
86336,547
86337,536
86338,539
86339,590
86340,1066
86341,1007
86342,800
86343,901
86344,695
86345,623
86346,591
86347,605
86348,620
86349,612
86350,713
86351,737
86352,698
86353,726
86354,825
86355,841
86356,801
86357,684
86358,701
86359,716
86360,801
86361,830
86362,813
86363,774
86364,798
86365,779
86366,787
86367,680
86368,606
86369,603
86370,640
86371,717
86372,757
86373,742
86374,661
86375,745
86376,810
86377,781
86378,770
86379,792
86380,768
86381,807
86382,810
86383,798
86384,769
86385,741
86386,769
86387,739
86388,753
86389,800
86390,804
86391,771
86392,756
86393,691
86394,716
86395,771
86396,743
86397,742
86398,761
86399,768
86400,762
86401,761
86402,793
86403,822
86404,807
86405,738
86406,762
86407,738
86408,747
86409,726
86410,735
86411,715
86412,711
86413,696
86414,688
86415,713
86416,729
86417,755
86418,739
86419,719
86420,707
86421,604
86422,581
86423,541
86424,531
86425,498
86426,493
86427,490
86428,512
86429,509
86430,506
86431,497
86432,497
86433,501
86434,490
86435,498
86436,508
86437,504
86438,504
86439,515
86440,497
86441,508
86442,521
86443,510
86444,507
86445,512
86446,525
86447,522
86448,519
86449,521
86450,517
86451,527
86452,521
86453,539
86454,524
86455,522
86456,517
86457,515
86458,536
86459,522
86460,536
86461,525
86462,511
86463,521
86464,518
86465,524
86466,525
86467,521
86468,526
86469,525
86470,516
86471,514
86472,510
86473,507
86474,508
86475,511
86476,522
86477,513
86478,525
86479,521
86480,511
86481,512
86482,506
86483,523
86484,506
86485,517
86486,514
86487,515
86488,536
86489,514
86490,492
86491,482
86492,499
86493,494
86494,501
86495,506
86496,508
86497,529
86498,528
86499,530
86500,535
86501,525
86502,509
86503,508
86504,501
86505,513
86506,504
86507,525
86508,527
86509,524
86510,515
86511,512
86512,506
86513,490
86514,490
86515,486
86516,491
86517,487
86518,503
86519,510
86520,547
86521,546
86522,529
86523,505
86524,524
86525,498
86526,509
86527,500
86528,500
86529,520
86530,509
86531,501
86532,496
86533,484
86534,484
86535,491
86536,493
86537,508
86538,527
86539,568
86540,589
86541,563
86542,568
86543,603
86544,582
86545,547
86546,537
86547,523
86548,491
86549,491
86550,491
86551,487
86552,480
86553,482
86554,488
86555,497
86556,510
86557,500
86558,510
86559,503
86560,498
86561,501
86562,474
86563,494
86564,489
86565,496
86566,491
86567,499
86568,508
86569,482
86570,460
86571,454
86572,455
86573,452
86574,447
86575,446
86576,461
86577,464
86578,470
86579,461
86580,455
86581,469
86582,484
86583,477
86584,456
86585,466
86586,456
86587,466
86588,457
86589,454
86590,445
86591,446
86592,451
86593,456
86594,450
86595,449
86596,442
86597,451
86598,457
86599,455
86600,478
86601,476
86602,456
86603,443
86604,442
86605,450
86606,457
86607,443
86608,433
86609,438
86610,441
86611,443
86612,445
86613,439
86614,441
86615,443
86616,442
86617,431
86618,434
86619,447
86620,447
86621,440
86622,430
86623,428
86624,449
86625,475
86626,471
86627,475
86628,454
86629,429
86630,420
86631,420
86632,422
86633,427
86634,423
86635,424
86636,434
86637,445
86638,451
86639,444
86640,425
86641,415
86642,414
86643,406
86644,414
86645,417
86646,421
86647,420
86648,417
86649,430
86650,437
86651,425
86652,416
86653,424
86654,422
86655,416
86656,422
86657,425
86658,419
86659,424
86660,426
86661,435
86662,431
86663,420
86664,416
86665,537
86666,566
86667,560
86668,563
86669,583
86670,612
86671,611
86672,622
86673,624
86674,635
86675,697
86676,666
86677,563
86678,585
86679,641
86680,669
86681,695
86682,650
86683,610
86684,579
86685,571
86686,549
86687,540
86688,534
86689,522
86690,532
86691,535
86692,531
86693,561
86694,570
86695,572
86696,569
86697,570
86698,578
86699,580
86700,572
86701,584
86702,588
86703,597
86704,602
86705,633
86706,643
86707,598
86708,599
86709,611
86710,593
86711,583
86712,605
86713,620
86714,607
86715,602
86716,600
86717,595
86718,593
86719,585
86720,587
86721,646
86722,642
86723,619
86724,606
86725,598
86726,574
86727,589
86728,587
86729,594
86730,600
86731,566
86732,524
86733,530
86734,537
86735,590
86736,613
86737,597
86738,584
86739,597
86740,639
86741,633
86742,635
86743,651
86744,671
86745,647
86746,668
86747,670
86748,702
86749,643
86750,631
86751,655
86752,711
86753,719
86754,661
86755,678
86756,669
86757,686
86758,678
86759,684
86760,616
86761,649
86762,670
86763,678
86764,619
86765,624
86766,685
86767,695
86768,714
86769,741
86770,780
86771,778
86772,756
86773,771
86774,723
86775,736
86776,734
86777,733
86778,718
86779,701
86780,748
86781,782
86782,719
86783,744
86784,772
86785,683
86786,626
86787,640
86788,645
86789,610
86790,641
86791,648
86792,665
86793,679
86794,700
86795,708
86796,705
86797,627
86798,693
86799,700
86800,700
86801,647
86802,631
86803,698
86804,695
86805,682
86806,679
86807,692
86808,717
86809,759
86810,732
86811,712
86812,677
86813,670
86814,692
86815,664
86816,676
86817,698
86818,701
86819,711
86820,704
86821,705
86822,692
86823,702
86824,709
86825,714
86826,719
86827,703
86828,689
86829,661
86830,718
86831,738
86832,739
86833,713
86834,656
86835,626
86836,675
86837,681
86838,684
86839,668
86840,673
86841,667
86842,666
86843,673
86844,693
86845,689
86846,696
86847,682
86848,681
86849,666
86850,650
86851,657
86852,636
86853,691
86854,624
86855,527
86856,483
86857,469
86858,452
86859,439
86860,433
86861,436
86862,436
86863,437
86864,442
86865,434
86866,441
86867,434
86868,432
86869,438
86870,428
86871,421
86872,411
86873,410
86874,410
86875,413
86876,413
86877,428
86878,425
86879,428
86880,430
86881,423
86882,420
86883,422
86884,425
86885,421
86886,422
86887,408
86888,421
86889,411
86890,420
86891,416
86892,432
86893,425
86894,420
86895,419
86896,422
86897,406
86898,409
86899,412
86900,409
86901,427
86902,420
86903,425
86904,429
86905,429
86906,432
86907,434
86908,439
86909,412
86910,405
86911,409
86912,409
86913,421
86914,418
86915,424
86916,406
86917,409
86918,418
86919,416
86920,414
86921,409
86922,413
86923,421
86924,428
86925,412
86926,413
86927,421
86928,423
86929,425
86930,425
86931,418
86932,421
86933,420
86934,417
86935,431
86936,427
86937,426
86938,423
86939,414
86940,428
86941,442
86942,483
86943,510
86944,506
86945,500
86946,500
86947,510
86948,508
86949,499
86950,506
86951,500
86952,492
86953,508
86954,525
86955,505
86956,515
86957,526
86958,513
86959,524
86960,530
86961,520
86962,515
86963,517
86964,508
86965,512
86966,518
86967,529
86968,532
86969,545
86970,536
86971,535
86972,549
86973,529
86974,524
86975,525
86976,530
86977,529
86978,537
86979,538
86980,527
86981,528
86982,520
86983,528
86984,528
86985,529
86986,533
86987,533
86988,522
86989,516
86990,513
86991,532
86992,524
86993,527
86994,519
86995,521
86996,520
86997,531
86998,544
86999,533
87000,528
87001,524
87002,522
87003,519
87004,522
87005,520
87006,516
87007,509
87008,526
87009,515
87010,491
87011,487
87012,481
87013,486
87014,491
87015,480
87016,465
87017,470
87018,471
87019,478
87020,501
87021,477
87022,490
87023,484
87024,462
87025,469
87026,469
87027,459
87028,454
87029,470
87030,463
87031,470
87032,461
87033,465
87034,465
87035,459
87036,462
87037,466
87038,476
87039,460
87040,458
87041,464
87042,471
87043,458
87044,458
87045,463
87046,468
87047,456
87048,464
87049,462
87050,470
87051,465
87052,478
87053,468
87054,460
87055,467
87056,460
87057,460
87058,472
87059,464
87060,461
87061,465
87062,463
87063,460
87064,463
87065,471
87066,472
87067,461
87068,461
87069,469
87070,462
87071,469
87072,472
87073,469
87074,465
87075,460
87076,462
87077,470
87078,478
87079,468
87080,477
87081,485
87082,485
87083,472
87084,483
87085,483
87086,476
87087,479
87088,476
87089,478
87090,473
87091,471
87092,465
87093,475
87094,478
87095,470
87096,469
87097,464
87098,482
87099,466
87100,468
87101,469
87102,469
87103,470
87104,477
87105,487
87106,469
87107,479
87108,465
87109,477
87110,466
87111,470
87112,473
87113,462
87114,473
87115,478
87116,471
87117,471
87118,465
87119,461
87120,476
87121,459
87122,474
87123,455
87124,476
87125,468
87126,471
87127,475
87128,472
87129,475
87130,470
87131,467
87132,471
87133,466
87134,485
87135,464
87136,482
87137,475
87138,475
87139,481
87140,476
87141,486
87142,477
87143,482
87144,476
87145,473
87146,480
87147,482
87148,475
87149,486
87150,492
87151,485
87152,487
87153,494
87154,505
87155,506
87156,512
87157,521
87158,521
87159,527
87160,518
87161,520
87162,531
87163,526
87164,519
87165,510
87166,518
87167,522
87168,524
87169,527
87170,543
87171,532
87172,522
87173,521
87174,532
87175,534
87176,526
87177,539
87178,522
87179,532
87180,518
87181,523
87182,535
87183,530
87184,527
87185,538
87186,539
87187,545
87188,530
87189,549
87190,547
87191,551
87192,545
87193,551
87194,570
87195,563
87196,554
87197,562
87198,573
87199,577
87200,585
87201,579
87202,566
87203,562
87204,568
87205,568
87206,543
87207,536
87208,560
87209,576
87210,571
87211,560
87212,549
87213,549
87214,552
87215,539
87216,550
87217,573
87218,567
87219,560
87220,566
87221,555
87222,559
87223,558
87224,555
87225,575
87226,575
87227,579
87228,581
87229,588
87230,567
87231,570
87232,584
87233,579
87234,590
87235,599
87236,615
87237,575
87238,578
87239,586
87240,579
87241,564
87242,570
87243,544
87244,545
87245,566
87246,552
87247,554
87248,563
87249,558
87250,546
87251,555
87252,562
87253,553
87254,567
87255,574
87256,571
87257,581
87258,564
87259,560
87260,552
87261,546
87262,551
87263,562
87264,560
87265,573
87266,576
87267,581
87268,576
87269,576
87270,576
87271,569
87272,562
87273,559
87274,551
87275,557
87276,560
87277,561
87278,564
87279,578
87280,564
87281,567
87282,563
87283,557
87284,557
87285,587
87286,586
87287,585
87288,623
87289,621
87290,606
87291,605
87292,603
87293,576
87294,562
87295,579
87296,573
87297,573
87298,574
87299,565
87300,560
87301,553
87302,570
87303,571
87304,573
87305,570
87306,578
87307,574
87308,554
87309,553
87310,553
87311,567
87312,562
87313,570
87314,617
87315,687
87316,679
87317,641
87318,623
87319,603
87320,602
87321,600
87322,616
87323,623
87324,602
87325,601
87326,610
87327,595
87328,586
87329,560
87330,575
87331,576
87332,557
87333,548
87334,540
87335,571
87336,610
87337,615
87338,631
87339,631
87340,604
87341,593
87342,597
87343,595
87344,569
87345,554
87346,564
87347,558
87348,569
87349,576
87350,662
87351,671
87352,667
87353,640
87354,708
87355,699
87356,663
87357,621
87358,604
87359,597
87360,581
87361,591
87362,618
87363,632
87364,628
87365,624
87366,577
87367,600
87368,618
87369,588
87370,575
87371,588
87372,586
87373,573
87374,557
87375,614
87376,618
87377,566
87378,554
87379,585
87380,584
87381,592
87382,598
87383,563
87384,578
87385,556
87386,583
87387,554
87388,565
87389,577
87390,558
87391,575
87392,621
87393,599
87394,590
87395,589
87396,586
87397,557
87398,572
87399,563
87400,569
87401,596
87402,602
87403,575
87404,563
87405,558
87406,563
87407,552
87408,556
87409,533
87410,541
87411,627
87412,654
87413,600
87414,561
87415,548
87416,548
87417,560
87418,688
87419,724
87420,680
87421,662
87422,663
87423,626
87424,605
87425,584
87426,601
87427,641
87428,647
87429,632
87430,614
87431,588
87432,569
87433,556
87434,570
87435,616
87436,680
87437,679
87438,660
87439,606
87440,594
87441,614
87442,602
87443,618
87444,600
87445,630
87446,632
87447,753
87448,769
87449,773
87450,745
87451,671
87452,629
87453,634
87454,605
87455,628
87456,710
87457,694
87458,681
87459,694
87460,666
87461,691
87462,682
87463,693
87464,668
87465,650
87466,646
87467,662
87468,666
87469,670
87470,692
87471,690
87472,666
87473,642
87474,631
87475,635
87476,651
87477,665
87478,676
87479,666
87480,697
87481,701
87482,717
87483,713
87484,702
87485,709
87486,706
87487,701
87488,716
87489,711
87490,696
87491,689
87492,717
87493,708
87494,712
87495,735
87496,722
87497,713
87498,724
87499,724
87500,738
87501,752
87502,746
87503,727
87504,724
87505,737
87506,738
87507,704
87508,685
87509,666
87510,673
87511,666
87512,710
87513,734
87514,728
87515,737
87516,718
87517,723
87518,696
87519,702
87520,665
87521,681
87522,692
87523,656
87524,656
87525,647
87526,698
87527,706
87528,712
87529,682
87530,694
87531,715
87532,723
87533,707
87534,696
87535,704
87536,690
87537,707
87538,692
87539,673
87540,662
87541,634
87542,643
87543,652
87544,651
87545,682
87546,699
87547,693
87548,674
87549,661
87550,656
87551,658
87552,677
87553,696
87554,687
87555,674
87556,680
87557,663
87558,658
87559,669
87560,673
87561,669
87562,677
87563,669
87564,663
87565,652
87566,652
87567,656
87568,654
87569,642
87570,668
87571,686
87572,692
87573,682
87574,686
87575,650
87576,663
87577,665
87578,678
87579,669
87580,688
87581,662
87582,680
87583,676
87584,652
87585,651
87586,663
87587,647
87588,642
87589,632
87590,636
87591,626
87592,635
87593,642
87594,648
87595,649
87596,646
87597,650
87598,660
87599,659
87600,662
87601,660
87602,670
87603,686
87604,663
87605,667
87606,665
87607,636
87608,648
87609,651
87610,681
87611,678
87612,662
87613,666
87614,677
87615,674
87616,673
87617,678
87618,647
87619,656
87620,675
87621,674
87622,668
87623,674
87624,668
87625,685
87626,685
87627,666
87628,681
87629,671
87630,672
87631,659
87632,693
87633,700
87634,690
87635,684
87636,686
87637,678
87638,656
87639,662
87640,656
87641,649
87642,650
87643,648
87644,677
87645,660
87646,653
87647,701
87648,686
87649,681
87650,687
87651,665
87652,668
87653,672
87654,659
87655,643
87656,638
87657,666
87658,663
87659,676
87660,640
87661,633
87662,629
87663,641
87664,628
87665,631
87666,653
87667,638
87668,638
87669,674
87670,673
87671,674
87672,666
87673,664
87674,656
87675,653
87676,654
87677,656
87678,649
87679,648
87680,660
87681,671
87682,668
87683,664
87684,668
87685,649
87686,651
87687,638
87688,646
87689,630
87690,636
87691,630
87692,645
87693,622
87694,644
87695,653
87696,654
87697,653
87698,665
87699,654
87700,648
87701,649
87702,650
87703,653
87704,677
87705,663
87706,655
87707,657
87708,669
87709,694
87710,673
87711,671
