NETCARE2015/data/raw/Flight9/CPC3772_POLAR6_20150420_r2_L2_NETCARE.ict
35,1001
Abbatt,Jon
University of Toronto
Polar 6
NETCARE
1,1
2015,4,20,2017,8,16
1
time,seconds,seconds from start in UTC
1
1
-99999
conc,number of particles per cm3
0
20
PI_CONTACT_INFO: 80 St. George Street; Toronto; ON M5S 3H6 CANADA; email: jabbatt@chem.utoronto.ca
PLATFORM: Polar 6 aircraft
LOCATION: Canadian Arctic near Inuvik
ASSOCIATED_DATA: none
INSTRUMENT_INFO: Condensation Particle Counter Model 3772 is an instrument that detects airborne particles down to 10 nm at an aerosol flow rate of 1.0 L/min, over a concentration range from 0 to 10^4 particles/cm^3 
DATA_INFO: all relevant information is given above
UNCERTAINTY:  ±10% of measured value
ULOD_FLAG: -7777
ULOD_VALUE: N/As
LLOD_FLAG: -8888
LLOD_VALUE: N/A
DM_CONTACT_INFO: Data collected by Julia Burkart. Please direct all correspondence to Jon Abbatt: jabbatt@chem.utoronto.ca
PROJECT_INFO: Polar 6 NETCARE Spring 2015 campaign
STIPULATIONS_ON_USE: N/A
OTHER_COMMENTS: N/A
REVISION: R2, R1, R0
R2: zero and filter measurements are removed
R1: uncorrected raw data
R0: raw data
time,conc
[from data line 10812]
89181,-99999
89182,-99999
89183,-99999
89184,-99999
89185,-99999
89186,-99999
89187,-99999
89188,-99999
89189,-99999
89190,-99999
89191,-99999
89192,-99999
89193,-99999
89194,-99999
89195,-99999
89196,-99999
89197,-99999
89198,-99999
89199,-99999
89200,-99999
89201,-99999
89202,-99999
89203,-99999
89204,-99999
89205,-99999
89206,-99999
89207,-99999
89208,-99999
89209,-99999
89210,-99999
89211,-99999
89212,-99999
89213,-99999
89214,-99999
89215,919
89216,902
89217,886
89218,848
89219,840
89220,854
89221,837
89222,822
89223,826
89224,830
89225,820
89226,825
89227,802
89228,845
89229,868
89230,861
89231,860
89232,875
89233,870
89234,868
89235,851
89236,863
89237,881
89238,889
89239,892
89240,888
89241,843
89242,815
89243,816
89244,813
89245,818
89246,822
89247,843
89248,810
89249,838
89250,885
89251,802
89252,794
89253,802
89254,784
89255,790
89256,782
89257,777
89258,789
89259,782
89260,776
89261,774
89262,778
89263,777
89264,788
89265,793
89266,809
89267,813
89268,826
89269,848
89270,840
89271,863
89272,832
89273,818
89274,801
89275,786
89276,790
89277,799
89278,816
89279,852
89280,847
89281,818
89282,816
89283,808
89284,819
89285,824
89286,876
89287,921
89288,888
89289,855
89290,828
89291,774
89292,771
89293,769
89294,763
89295,791
89296,860
89297,868
89298,872
89299,871
89300,856
89301,818
89302,793
89303,846
89304,931
89305,959
89306,984
89307,973
89308,970
89309,940
89310,906
89311,907
89312,900
89313,874
89314,882
89315,879
89316,900
89317,908
89318,908
89319,893
89320,912
89321,925
89322,952
89323,957
89324,960
89325,959
89326,954
89327,943
89328,946
89329,952
89330,933
89331,945
89332,935
89333,948
89334,916
89335,912
89336,903
89337,900
89338,906
89339,901
89340,899
89341,897
89342,898
89343,925
89344,913
89345,928
89346,938
89347,926
89348,944
89349,943
89350,963
89351,965
89352,969
89353,961
89354,976
89355,985
89356,974
89357,981
89358,988
89359,985
89360,988
89361,989
89362,978
89363,1004
89364,989
89365,979
89366,985
89367,991
89368,998
89369,982
89370,984
89371,997
89372,990
89373,982
89374,977
89375,977
89376,970
89377,974
89378,978
89379,960
89380,974
89381,994
89382,977
89383,962
89384,958
89385,967
89386,965
89387,986
89388,986
89389,980
89390,975
89391,992
89392,976
89393,974
89394,988
89395,982
89396,979
89397,970
89398,982
89399,968
89400,987
89401,967
89402,972
89403,966
89404,966
89405,971
89406,992
89407,970
89408,987
89409,985
89410,982
89411,987
89412,974
89413,967
89414,974
89415,970
89416,978
89417,979
89418,957
89419,982
89420,953
89421,992
89422,969
89423,961
89424,955
89425,933
89426,939
89427,934
89428,953
89429,982
89430,974
89431,962
89432,964
89433,952
89434,952
89435,935
89436,947
89437,936
89438,929
89439,907
89440,916
89441,919
89442,900
89443,880
89444,872
89445,882
89446,900
89447,929
89448,930
89449,937
89450,954
89451,966
89452,967
89453,957
89454,948
89455,962
89456,949
89457,940
89458,908
89459,914
89460,911
89461,894
89462,852
89463,834
89464,814
89465,818
89466,825
89467,815
89468,814
89469,795
89470,797
89471,786
89472,804
89473,795
89474,805
89475,854
89476,-99999
89477,-99999
89478,-99999
89479,-99999
89480,-99999
89481,-99999
89482,-99999
89483,-99999
89484,-99999
89485,-99999
89486,-99999
89487,-99999
89488,-99999
89489,-99999
89490,-99999
89491,-99999
89492,-99999
89493,-99999
89494,-99999
89495,-99999
89496,-99999
89497,-99999
89498,-99999
89499,-99999
89500,-99999
89501,751
89502,764
89503,759
89504,755
89505,759
89506,749
89507,748
89508,749
89509,745
89510,758
89511,756
89512,753
89513,749
89514,753
89515,756
89516,757
89517,-99999
89518,-99999
89519,-99999
89520,-99999
89521,-99999
89522,-99999
89523,-99999
89524,-99999
89525,-99999
89526,-99999
89527,-99999
89528,-99999
89529,-99999
89530,-99999
89531,-99999
89532,-99999
89533,-99999
89534,-99999
89535,-99999
89536,-99999
89537,-99999
89538,-99999
89539,-99999
89540,-99999
89541,-99999
89542,746
89543,750
89544,743
89545,755
89546,753
89547,752
89548,749
89549,756
89550,745
89551,751
89552,755
89553,752
89554,745
89555,751
89556,759
89557,741
89558,746
89559,757
89560,748
89561,749
89562,748
89563,751
89564,743
89565,753
89566,751
89567,757
89568,761
89569,757
89570,755
89571,763
89572,754
89573,752
89574,756
89575,767
89576,765
89577,765
89578,765
89579,765
89580,769
89581,763
89582,762
89583,772
89584,764
89585,775
89586,765
89587,748
89588,773
89589,747
89590,757
89591,749
89592,757
89593,742
89594,767
89595,746
89596,759
89597,743
89598,756
89599,767
89600,753
89601,769
89602,750
89603,761
89604,757
89605,747
89606,750
89607,752
89608,764
89609,751
89610,754
89611,751
89612,748
89613,751
89614,747
89615,758
89616,750
89617,760
89618,750
89619,735
89620,762
89621,764
89622,753
89623,768
89624,760
89625,751
89626,754
89627,754
89628,756
89629,748
89630,738
89631,746
89632,764
89633,768
89634,766
89635,762
89636,754
89637,765
89638,760
89639,752
89640,761
89641,762
89642,774
89643,750
89644,763
89645,761
89646,756
89647,739
89648,753
89649,760
89650,759
89651,751
89652,765
89653,762
89654,769
89655,767
89656,756
89657,759
89658,756
89659,751
89660,746
89661,752
89662,767
89663,776
89664,749
89665,762
89666,763
89667,753
89668,752
89669,765
89670,765
89671,758
89672,754
89673,762
89674,761
89675,765
89676,763
89677,757
89678,771
89679,762
89680,750
89681,763
89682,760
89683,750
89684,750
89685,754
89686,764
89687,751
89688,742
89689,755
89690,745
89691,746
89692,742
89693,745
89694,758
89695,749
89696,747
89697,740
89698,750
89699,746
89700,755
89701,749
89702,743
89703,743
89704,749
89705,751
89706,753
89707,759
89708,751
89709,743
89710,754
89711,743
89712,743
89713,753
89714,747
89715,760
89716,748
89717,738
89718,747
89719,740
89720,742
89721,743
89722,752
89723,750
89724,746
89725,757
89726,753
89727,743
89728,738
89729,745
89730,742
89731,746
89732,756
89733,764
89734,757
89735,760
89736,759
89737,758
89738,744
89739,750
89740,748
89741,743
89742,750
89743,766
89744,753
89745,746
89746,758
89747,752
89748,758
89749,742
89750,749
89751,760
89752,749
89753,740
89754,748
89755,752
89756,759
89757,756
89758,766
89759,784
89760,780
89761,782
89762,771
89763,797
89764,797
89765,785
89766,754
89767,754
89768,737
89769,733
89770,747
89771,726
89772,721
89773,714
89774,716
89775,699
89776,704
89777,717
89778,710
89779,717
89780,704
89781,741
89782,763
89783,767
89784,765
89785,769
89786,758
89787,748
89788,738
89789,717
89790,729
89791,741
89792,759
89793,780
89794,818
89795,835
89796,835
89797,830
89798,809
89799,795
89800,763
89801,738
89802,721
89803,686
89804,686
89805,668
89806,677
89807,672
89808,665
89809,669
89810,679
89811,665
89812,680
89813,677
89814,665
89815,680
89816,678
89817,690
89818,697
89819,729
89820,724
89821,749
89822,769
89823,735
89824,747
89825,758
89826,746
89827,750
89828,738
89829,733
89830,730
89831,702
89832,695
89833,695
89834,702
89835,707
89836,725
89837,726
89838,759
89839,767
89840,774
89841,772
89842,787
89843,788
89844,800
89845,805
89846,816
89847,816
89848,816
89849,829
89850,807
89851,835
89852,818
89853,840
89854,832
89855,836
89856,830
89857,838
89858,843
89859,798
89860,795
89861,762
89862,733
89863,725
89864,725
89865,769
89866,859
89867,913
89868,902
89869,891
89870,876
89871,849
89872,816
89873,785
89874,877
89875,933
89876,914
89877,950
89878,928
89879,938
89880,921
89881,933
89882,944
89883,934
89884,948
89885,946
89886,960
89887,944
89888,939
89889,898
89890,888
89891,872
89892,938
89893,964
89894,979
89895,989
89896,1000
89897,997
89898,988
89899,1006
89900,988
89901,971
89902,954
89903,938
89904,933
89905,968
89906,968
89907,959
89908,968
89909,958
89910,979
89911,1002
89912,1000
89913,1013
89914,1021
89915,1030
89916,1017
89917,1007
89918,1019
89919,1018
89920,1001
89921,1018
89922,998
89923,995
89924,973
89925,982
89926,975
89927,952
89928,947
89929,953
89930,927
89931,922
89932,937
89933,934
89934,931
89935,899
89936,856
89937,809
89938,781
89939,776
89940,760
89941,752
89942,740
89943,727
89944,706
89945,699
89946,687
89947,684
89948,694
89949,684
89950,693
89951,695
89952,697
89953,698
89954,727
89955,747
89956,748
89957,818
89958,848
89959,860
89960,910
89961,928
89962,949
89963,939
89964,912
89965,905
89966,902
89967,916
89968,948
89969,938
89970,931
89971,912
89972,902
89973,911
89974,922
89975,961
89976,952
89977,925
89978,936
89979,951
89980,916
89981,917
89982,896
89983,892
89984,854
89985,805
89986,783
89987,767
89988,756
89989,773
89990,765
89991,782
89992,778
89993,845
89994,868
89995,864
89996,855
89997,846
89998,843
89999,828
90000,794
90001,778
90002,768
90003,768
90004,803
90005,800
90006,815
90007,808
90008,804
90009,796
90010,770
90011,773
90012,790
90013,791
90014,787
90015,792
90016,785
90017,794
90018,776
90019,788
90020,783
90021,792
90022,799
90023,799
90024,769
90025,746
90026,737
90027,745
90028,746
90029,753
90030,733
90031,782
90032,803
90033,822
90034,811
90035,802
90036,810
90037,817
90038,821
90039,846
90040,862
90041,837
90042,845
90043,830
90044,807
90045,805
90046,835
90047,890
90048,895
90049,914
90050,930
90051,916
90052,935
90053,928
90054,941
90055,958
90056,984
90057,989
90058,997
90059,999
90060,1018
90061,1017
90062,986
90063,957
90064,887
90065,779
90066,730
90067,707
90068,684
90069,666
90070,647
90071,635
90072,639
90073,632
90074,632
90075,622
90076,621
90077,627
90078,627
90079,638
90080,637
90081,644
90082,653
90083,660
90084,674
90085,670
90086,672
90087,672
90088,665
90089,676
90090,668
90091,664
90092,652
90093,668
90094,671
90095,661
90096,677
90097,673
90098,694
90099,695
90100,755
90101,798
90102,801
90103,806
90104,822
90105,816
90106,837
90107,816
90108,826
90109,838
90110,828
90111,838
90112,847
90113,838
90114,837
90115,830
90116,821
90117,820
90118,805
90119,775
90120,754
90121,741
90122,708
90123,684
90124,677
90125,677
90126,679
90127,663
90128,681
90129,690
90130,713
90131,726
90132,750
90133,785
90134,837
90135,855
90136,851
90137,853
90138,858
90139,868
90140,878
90141,878
90142,877
90143,876
90144,881
90145,882
90146,878
90147,890
90148,889
90149,905
90150,890
90151,892
90152,912
90153,898
90154,866
90155,901
90156,920
90157,927
90158,920
90159,932
90160,943
90161,979
90162,987
90163,969
90164,952
90165,953
90166,948
90167,964
90168,982
90169,968
90170,979
90171,979
90172,987
90173,977
90174,984
90175,987
90176,963
90177,966
90178,983
90179,968
90180,943
90181,936
90182,960
90183,972
90184,964
90185,982
90186,974
90187,975
90188,977
90189,969
90190,976
90191,968
90192,968
90193,965
90194,966
90195,952
90196,953
90197,962
90198,958
90199,957
90200,963
90201,968
90202,972
90203,975
90204,955
90205,938
90206,949
90207,902
90208,914
90209,964
90210,980
90211,980
90212,977
90213,963
90214,941
90215,944
90216,949
90217,955
90218,959
90219,957
90220,950
90221,939
90222,935
90223,914
90224,921
90225,929
90226,936
90227,937
90228,937
90229,928
90230,929
90231,918
90232,928
90233,926
90234,926
90235,945
90236,926
90237,-99999
90238,-99999
90239,-99999
90240,-99999
90241,-99999
90242,-99999
90243,993
90244,987
90245,992
90246,993
90247,997
90248,971
90249,974
90250,980
90251,990
90252,979
90253,991
90254,987
90255,998
90256,981
90257,949
90258,959
90259,968
90260,937
90261,902
90262,902
90263,875
90264,833
90265,819
90266,794
90267,810
90268,845
90269,825
90270,835
90271,802
90272,773
90273,755
90274,787
90275,754
90276,733
90277,736
90278,722
90279,734
90280,726
90281,720
90282,706
90283,717
90284,726
90285,739
90286,750
90287,746
90288,723
90289,740
90290,738
90291,717
90292,699
90293,698
90294,698
90295,712
90296,743
90297,751
90298,735
90299,727
90300,703
90301,716
90302,722
90303,728
90304,725
90305,759
90306,780
90307,792
90308,801
90309,803
90310,803
90311,800
90312,803
90313,773
90314,731
90315,731
90316,708
90317,708
90318,721
90319,726
90320,713
90321,711
90322,688
90323,677
90324,676
90325,679
90326,688
90327,692
90328,708
90329,727
90330,748
90331,758
90332,741
90333,733
90334,728
90335,698
90336,693
90337,692
90338,677
90339,663
90340,682
90341,667
90342,682
90343,683
90344,684
90345,693
90346,672
90347,671
90348,671
90349,660
90350,659
90351,650
90352,648
90353,654
90354,630
90355,613
90356,607
90357,606
90358,598
90359,610
90360,594
90361,619
90362,619
90363,632
90364,647
90365,645
90366,657
90367,648
90368,643
90369,652
90370,657
90371,653
90372,662
90373,685
90374,715
90375,693
90376,703
90377,733
90378,728
90379,717
90380,723
90381,744
90382,716
90383,740
90384,733
90385,733
90386,744
90387,731
90388,726
90389,734
90390,745
90391,726
90392,720
90393,733
90394,741
90395,722
90396,735
90397,732
90398,744
90399,750
90400,739
90401,744
90402,732
90403,737
90404,745
90405,729
90406,725
90407,709
90408,732
90409,731
90410,714
90411,710
90412,716
90413,698
90414,725
90415,728
90416,735
90417,759
90418,777
90419,805
90420,784
90421,782
90422,768
90423,755
90424,782
90425,809
90426,795
90427,742
90428,757
90429,749
90430,744
90431,756
90432,774
90433,836
90434,804
90435,814
90436,823
90437,819
90438,778
90439,730
90440,692
90441,685
90442,654
90443,669
90444,690
90445,729
90446,760
90447,806
90448,839
90449,840
90450,826
90451,847
90452,887
90453,921
90454,928
90455,928
90456,897
90457,892
90458,870
90459,850
90460,857
90461,875
90462,885
90463,880
90464,871
90465,867
90466,-99999
90467,-99999
90468,-99999
90469,-99999
90470,-99999
90471,-99999
90472,-99999
90473,-99999
90474,858
90475,863
90476,871
90477,866
90478,832
90479,847
90480,852
90481,820
90482,776
90483,773
90484,754
90485,740
90486,725
90487,693
90488,678
90489,664
90490,653
90491,643
90492,626
90493,610
90494,623
90495,604
90496,615
90497,602
90498,579
90499,574
90500,593
90501,580
90502,587
90503,586
90504,583
90505,582
90506,582
90507,582
90508,583
90509,586
90510,578
90511,585
90512,603
90513,634
90514,660
90515,685
90516,724
90517,722
90518,696
90519,686
90520,689
90521,687
90522,681
90523,671
90524,675
90525,666
90526,679
90527,721
90528,753
90529,751
90530,743
90531,707
90532,698
90533,687
90534,691
90535,716
90536,721
90537,703
90538,688
90539,683
90540,686
90541,698
90542,735
90543,762
90544,825
90545,851
90546,851
90547,861
90548,-99999
90549,-99999
90550,-99999
90551,-99999
90552,-99999
90553,865
90554,873
90555,860
90556,852
90557,870
90558,848
90559,856
90560,863
90561,865
90562,857
90563,832
90564,821
90565,817
90566,830
90567,827
90568,827
90569,839
90570,837
90571,858
90572,864
90573,863
90574,866
90575,858
90576,854
90577,864
90578,859
90579,881
90580,858
90581,870
90582,887
90583,891
90584,880
90585,873
90586,886
90587,875
90588,838
90589,831
90590,860
90591,809
90592,775
90593,789
90594,825
90595,855
90596,840
90597,821
90598,777
90599,762
90600,748
90601,745
90602,728
90603,677
90604,663
90605,633
90606,623
90607,616
90608,610
90609,612
90610,601
90611,609
90612,635
90613,645
90614,661
90615,658
90616,679
90617,682
90618,692
90619,721
90620,755
90621,792
90622,812
90623,835
90624,829
90625,833
90626,838
90627,857
90628,868
90629,842
90630,856
90631,871
90632,877
90633,879
90634,890
90635,909
90636,897
90637,905
90638,892
90639,911
90640,911
90641,902
90642,907
90643,902
90644,882
90645,913
90646,917
90647,922
90648,915
90649,942
90650,930
90651,936
90652,944
90653,934
90654,929
90655,951
90656,942
90657,941
90658,931
90659,926
90660,931
90661,933
90662,931
90663,925
90664,926
90665,929
90666,928
90667,929
90668,919
90669,926
90670,937
90671,901
90672,908
90673,893
90674,892
90675,909
90676,903
90677,906
90678,893
90679,901
90680,900
90681,890
90682,874
90683,886
90684,880
90685,852
90686,845
90687,842
90688,841
90689,830
90690,835
90691,834
90692,843
90693,860
90694,876
90695,901
90696,922
90697,913
90698,877
90699,856
90700,768
90701,731
90702,720
90703,713
90704,688
90705,670
90706,669
90707,665
90708,692
90709,732
90710,700
90711,757
90712,780
90713,712
90714,730
90715,726
90716,714
90717,736
90718,774
90719,800
90720,788
90721,769
90722,756
90723,765
90724,749
90725,732
90726,727
90727,713
90728,710
90729,689
90730,658
90731,682
90732,692
90733,693
90734,706
90735,704
90736,730
90737,698
90738,711
90739,717
90740,730
90741,732
90742,737
90743,739
90744,745
90745,735
90746,749
90747,779
