NETCARE2015/data/raw/Flight9/CPC3772_POLAR6_20150420_r2_L2_NETCARE.ict
35,1001
Abbatt,Jon
University of Toronto
Polar 6
NETCARE
1,1
2015,4,20,2017,8,16
1
time,seconds,seconds from start in UTC
1
1
-99999
conc,number of particles per cm3
0
20
PI_CONTACT_INFO: 80 St. George Street; Toronto; ON M5S 3H6 CANADA; email: jabbatt@chem.utoronto.ca
PLATFORM: Polar 6 aircraft
LOCATION: Canadian Arctic near Inuvik
ASSOCIATED_DATA: none
INSTRUMENT_INFO: Condensation Particle Counter Model 3772 is an instrument that detects airborne particles down to 10 nm at an aerosol flow rate of 1.0 L/min, over a concentration range from 0 to 10^4 particles/cm^3 
DATA_INFO: all relevant information is given above
UNCERTAINTY:  ±10% of measured value
ULOD_FLAG: -7777
ULOD_VALUE: N/As
LLOD_FLAG: -8888
LLOD_VALUE: N/A
DM_CONTACT_INFO: Data collected by Julia Burkart. Please direct all correspondence to Jon Abbatt: jabbatt@chem.utoronto.ca
PROJECT_INFO: Polar 6 NETCARE Spring 2015 campaign
STIPULATIONS_ON_USE: N/A
OTHER_COMMENTS: N/A
REVISION: R2, R1, R0
R2: zero and filter measurements are removed
R1: uncorrected raw data
R0: raw data
time,conc
[from data line 6146]
84515,476
84516,477
84517,470
84518,473
84519,481
84520,475
84521,475
84522,469
84523,484
84524,478
84525,475
84526,481
84527,477
84528,478
84529,479
84530,477
84531,472
84532,470
84533,481
84534,481
84535,479
84536,480
84537,484
84538,488
84539,483
84540,484
84541,485
84542,493
84543,497
84544,480
84545,488
84546,488
84547,495
84548,495
84549,487
84550,487
84551,490
84552,491
84553,486
84554,498
84555,489
84556,500
84557,478
84558,485
84559,480
84560,486
84561,486
84562,494
84563,490
84564,505
84565,513
84566,522
84567,514
84568,521
84569,526
84570,526
84571,533
84572,534
84573,531
84574,537
84575,538
84576,529
84577,530
84578,538
84579,551
84580,542
84581,541
84582,539
84583,546
84584,551
84585,543
84586,549
84587,540
84588,540
84589,557
84590,557
84591,560
84592,549
84593,549
84594,554
84595,561
84596,566
84597,587
84598,576
84599,581
84600,588
84601,590
84602,596
84603,597
84604,592
84605,601
84606,591
84607,599
84608,596
84609,592
84610,601
84611,600
84612,596
84613,593
84614,603
84615,599
84616,610
84617,601
84618,599
84619,605
84620,606
84621,616
84622,611
84623,613
84624,603
84625,601
84626,571
84627,578
84628,570
84629,569
84630,576
84631,573
84632,573
84633,588
84634,590
84635,576
84636,571
84637,569
84638,564
84639,549
84640,551
84641,552
84642,519
84643,530
84644,516
84645,525
84646,516
84647,521
84648,525
84649,517
84650,517
84651,514
84652,534
84653,521
84654,529
84655,526
84656,534
84657,518
84658,521
84659,526
84660,511
84661,504
84662,509
84663,502
84664,507
84665,503
84666,511
84667,515
84668,515
84669,522
84670,522
84671,528
84672,518
84673,502
84674,497
84675,486
84676,476
84677,484
84678,486
84679,487
84680,498
84681,500
84682,498
84683,498
84684,491
84685,504
84686,494
84687,499
84688,487
84689,500
84690,516
84691,515
84692,523
84693,497
84694,518
84695,511
84696,508
84697,509
84698,488
84699,489
84700,498
84701,485
84702,475
84703,480
84704,486
84705,491
84706,489
84707,475
84708,477
84709,471
84710,472
84711,480
84712,470
84713,479
84714,474
84715,474
84716,482
84717,484
84718,477
84719,478
84720,476
84721,477
84722,478
84723,475
84724,479
84725,478
84726,492
84727,480
84728,482
84729,486
84730,490
84731,481
84732,481
84733,485
84734,474
84735,485
84736,488
84737,479
84738,485
84739,488
84740,483
84741,479
84742,491
84743,486
84744,481
84745,480
84746,484
84747,482
84748,488
84749,500
84750,503
84751,499
84752,481
84753,487
84754,494
84755,485
84756,494
84757,492
84758,486
84759,495
84760,496
84761,497
84762,484
84763,491
84764,503
84765,515
84766,503
84767,509
84768,490
84769,502
84770,511
84771,510
84772,509
84773,497
84774,515
84775,518
84776,495
84777,508
84778,504
84779,504
84780,511
84781,522
84782,510
84783,519
84784,505
84785,490
84786,507
84787,509
84788,535
84789,535
84790,528
84791,398
84792,-99999
84793,-99999
84794,-99999
84795,-99999
84796,-99999
84797,-99999
84798,-99999
84799,418
84800,460
84801,470
84802,466
84803,469
84804,463
84805,474
84806,473
84807,484
84808,474
84809,475
84810,490
84811,501
84812,488
84813,497
84814,489
84815,484
84816,472
84817,477
84818,470
84819,472
84820,468
84821,472
84822,474
84823,488
84824,469
84825,486
84826,476
84827,478
84828,466
84829,474
84830,476
84831,469
84832,467
84833,465
84834,476
84835,471
84836,472
84837,472
84838,464
84839,475
84840,472
84841,467
84842,484
84843,466
84844,485
84845,470
84846,469
84847,480
84848,466
84849,474
84850,467
84851,466
84852,469
84853,466
84854,467
84855,465
84856,469
84857,468
84858,458
84859,469
84860,467
84861,463
84862,468
84863,479
84864,482
84865,487
84866,485
84867,493
84868,485
84869,482
84870,483
84871,479
84872,485
84873,480
84874,479
84875,471
84876,469
84877,471
84878,480
84879,474
84880,475
84881,468
84882,477
84883,485
84884,488
84885,479
84886,464
84887,471
84888,484
84889,476
84890,478
84891,488
84892,487
84893,487
84894,482
84895,484
84896,482
84897,477
84898,484
84899,481
84900,468
84901,473
84902,453
84903,449
84904,471
84905,484
84906,474
84907,485
84908,498
84909,483
84910,476
84911,465
84912,468
84913,466
84914,452
84915,463
84916,472
84917,481
84918,462
84919,471
84920,468
84921,464
84922,448
84923,456
84924,465
84925,453
84926,460
84927,458
84928,459
84929,458
84930,461
84931,463
84932,474
84933,473
84934,476
84935,474
84936,469
84937,459
84938,470
84939,456
84940,461
84941,470
84942,469
84943,460
84944,461
84945,454
84946,450
84947,449
84948,445
84949,443
84950,444
84951,451
84952,456
84953,448
84954,445
84955,447
84956,448
84957,453
84958,447
84959,425
84960,419
84961,432
84962,416
84963,422
84964,414
84965,406
84966,399
84967,389
84968,393
84969,394
84970,381
84971,382
84972,393
84973,395
84974,373
84975,342
84976,365
84977,387
84978,397
84979,409
84980,409
84981,392
84982,390
84983,378
84984,386
84985,385
84986,376
84987,370
84988,377
84989,368
84990,354
84991,353
84992,346
84993,354
84994,358
84995,355
84996,357
84997,347
84998,356
84999,353
85000,362
85001,363
85002,348
85003,353
85004,361
85005,355
85006,357
85007,364
85008,368
85009,357
85010,359
85011,371
85012,370
85013,365
85014,369
85015,362
85016,360
85017,352
85018,351
85019,357
85020,349
85021,342
85022,343
85023,334
85024,347
85025,351
85026,340
85027,346
85028,355
85029,349
85030,361
85031,365
85032,351
85033,347
85034,339
85035,350
85036,355
85037,362
85038,369
85039,360
85040,352
85041,348
85042,334
85043,339
85044,322
85045,337
85046,336
85047,339
85048,348
85049,369
85050,359
85051,371
85052,361
85053,363
85054,378
85055,373
85056,375
85057,371
85058,381
85059,376
85060,374
85061,376
85062,362
85063,361
85064,352
85065,352
85066,368
85067,376
85068,371
85069,377
85070,392
85071,383
85072,359
85073,360
85074,368
85075,366
85076,378
85077,382
85078,369
85079,354
85080,363
85081,363
85082,367
85083,372
85084,355
85085,356
85086,352
85087,369
85088,369
85089,374
85090,362
85091,377
85092,369
85093,379
85094,375
85095,374
85096,372
85097,379
85098,370
85099,373
85100,385
85101,378
85102,372
85103,384
85104,379
85105,391
85106,398
85107,384
85108,383
85109,372
85110,360
85111,357
85112,356
85113,360
85114,359
85115,359
85116,358
85117,357
85118,360
85119,366
85120,359
85121,363
85122,370
85123,361
85124,359
85125,356
85126,364
85127,364
85128,369
85129,381
85130,388
85131,379
85132,379
85133,384
85134,379
85135,387
85136,388
85137,393
85138,390
85139,387
85140,386
85141,393
85142,385
85143,390
85144,386
85145,388
85146,388
85147,384
85148,386
85149,393
85150,377
85151,369
85152,371
85153,369
85154,369
85155,371
85156,374
85157,377
85158,365
85159,374
85160,376
85161,377
85162,359
85163,363
85164,364
85165,348
85166,355
85167,347
85168,354
85169,360
85170,356
85171,345
85172,349
85173,353
85174,354
85175,347
85176,348
85177,355
85178,352
85179,347
85180,347
85181,349
85182,338
85183,354
85184,350
85185,355
85186,350
85187,353
85188,359
85189,352
85190,362
85191,352
85192,351
85193,347
85194,351
85195,354
85196,349
85197,349
85198,341
85199,343
85200,351
85201,343
85202,342
85203,336
85204,339
85205,333
85206,340
85207,337
85208,342
85209,336
85210,325
85211,336
85212,323
85213,334
85214,321
85215,316
85216,316
85217,314
85218,332
85219,321
85220,315
85221,328
85222,312
85223,324
85224,323
85225,323
85226,320
85227,315
85228,317
85229,323
85230,326
85231,328
85232,327
85233,321
85234,323
85235,310
85236,307
85237,301
85238,309
85239,310
85240,308
85241,309
85242,305
85243,308
85244,309
85245,307
85246,308
85247,313
85248,313
85249,312
85250,313
85251,308
85252,318
85253,320
85254,307
85255,302
85256,307
85257,314
85258,313
85259,308
85260,302
85261,307
85262,318
85263,310
85264,312
85265,308
85266,315
85267,310
85268,304
85269,310
85270,316
85271,318
85272,316
85273,322
85274,323
85275,312
85276,311
85277,328
85278,325
85279,327
85280,329
85281,328
85282,322
85283,315
85284,321
85285,325
85286,319
85287,335
85288,336
85289,336
85290,326
85291,324
85292,330
85293,324
85294,328
85295,332
85296,329
85297,331
85298,324
85299,326
85300,324
85301,312
85302,324
85303,316
85304,317
85305,317
85306,318
85307,321
85308,318
85309,323
85310,322
85311,321
85312,335
85313,329
85314,333
85315,326
85316,336
85317,329
85318,333
85319,325
85320,334
85321,330
85322,332
85323,333
85324,343
85325,332
85326,332
85327,339
85328,325
85329,341
85330,330
85331,334
85332,337
85333,335
85334,330
85335,325
85336,338
85337,337
85338,343
85339,347
85340,340
85341,336
85342,341
85343,338
85344,331
85345,331
85346,333
85347,348
85348,340
85349,331
85350,338
85351,340
85352,344
85353,353
85354,350
85355,341
85356,347
85357,348
85358,346
85359,351
85360,347
85361,349
85362,347
85363,347
85364,356
85365,357
85366,355
85367,347
85368,350
85369,363
85370,359
85371,356
85372,359
85373,360
85374,356
85375,361
85376,360
85377,351
85378,354
85379,356
85380,353
85381,353
85382,353
85383,354
85384,362
85385,356
85386,351
85387,346
85388,353
85389,360
85390,353
85391,357
85392,359
85393,353
85394,363
85395,357
85396,359
85397,350
85398,353
85399,362
85400,360
85401,358
85402,355
85403,356
85404,357
85405,356
85406,351
85407,355
85408,364
85409,356
85410,354
85411,365
85412,354
85413,349
85414,353
85415,350
85416,363
85417,355
85418,358
85419,349
85420,345
85421,355
85422,347
85423,353
85424,354
85425,354
85426,355
85427,352
85428,358
85429,356
85430,355
85431,350
85432,349
85433,363
85434,349
85435,354
85436,353
85437,357
85438,357
85439,348
85440,352
85441,360
85442,364
85443,350
85444,357
85445,357
85446,359
85447,356
85448,361
85449,360
85450,366
85451,366
85452,365
85453,359
85454,355
85455,357
85456,356
85457,359
85458,362
85459,359
85460,364
85461,361
85462,360
85463,364
85464,357
85465,358
85466,359
85467,352
85468,354
85469,360
85470,356
85471,357
85472,354
85473,356
85474,364
85475,362
85476,367
85477,374
85478,365
85479,371
85480,362
85481,372
85482,360
85483,366
85484,360
85485,357
85486,367
85487,366
85488,374
85489,356
85490,365
85491,363
85492,362
85493,363
85494,356
85495,362
85496,354
85497,363
85498,355
85499,363
85500,366
85501,361
85502,360
85503,361
85504,367
85505,361
85506,370
85507,366
85508,351
85509,367
85510,368
85511,356
85512,359
85513,362
85514,365
85515,374
85516,360
85517,361
85518,365
85519,370
85520,371
85521,367
85522,361
85523,362
85524,368
85525,370
85526,363
85527,362
85528,357
85529,357
85530,354
85531,357
85532,357
85533,362
85534,368
85535,355
85536,352
85537,357
85538,353
85539,359
85540,370
85541,358
85542,358
85543,362
85544,353
85545,357
85546,366
85547,370
85548,363
85549,372
85550,360
85551,358
85552,359
85553,358
85554,357
85555,348
85556,354
85557,358
85558,360
85559,357
85560,354
85561,360
85562,361
85563,358
85564,357
85565,361
85566,365
85567,353
85568,351
85569,350
85570,349
85571,358
85572,360
85573,354
85574,350
85575,344
85576,360
85577,351
85578,356
85579,358
85580,348
85581,357
85582,360
85583,361
85584,348
85585,347
85586,357
85587,354
85588,349
85589,358
85590,363
85591,348
85592,355
85593,352
85594,352
85595,345
85596,345
85597,343
85598,336
85599,347
85600,364
85601,356
85602,356
85603,360
85604,351
85605,341
85606,327
85607,334
85608,331
85609,339
85610,342
85611,344
85612,341
85613,337
85614,336
85615,341
85616,344
85617,351
85618,349
85619,356
85620,355
85621,349
85622,352
85623,346
85624,348
85625,359
85626,346
85627,349
85628,339
85629,335
85630,339
85631,340
85632,343
85633,329
85634,340
85635,333
85636,335
85637,338
85638,329
85639,321
85640,332
85641,334
85642,324
85643,321
85644,319
85645,316
85646,323
85647,308
85648,314
85649,312
85650,324
85651,324
85652,320
85653,333
85654,318
85655,328
85656,323
85657,326
85658,323
85659,324
85660,329
85661,332
85662,330
85663,327
85664,329
85665,336
85666,332
85667,336
85668,341
85669,329
85670,329
85671,337
85672,336
85673,338
85674,326
85675,332
85676,329
85677,331
85678,331
85679,328
85680,328
85681,316
85682,316
85683,316
85684,320
85685,318
85686,317
85687,304
85688,313
85689,311
85690,319
85691,313
85692,318
85693,319
85694,320
85695,320
85696,324
85697,322
85698,325
85699,335
85700,329
85701,329
85702,340
85703,346
85704,341
85705,339
85706,330
85707,330
85708,353
85709,354
85710,346
85711,340
85712,345
85713,358
85714,358
85715,366
85716,367
85717,380
85718,370
85719,366
85720,361
85721,359
85722,343
85723,352
85724,350
85725,362
85726,349
85727,347
85728,349
85729,341
85730,342
85731,328
85732,338
85733,334
85734,331
85735,329
85736,333
85737,335
85738,329
85739,334
85740,328
85741,337
85742,325
85743,337
85744,332
85745,332
85746,327
85747,333
85748,322
85749,333
85750,332
85751,344
85752,337
85753,340
85754,326
85755,330
85756,328
85757,326
85758,318
85759,320
85760,319
85761,327
85762,318
85763,325
85764,322
85765,317
85766,316
85767,322
85768,320
85769,320
85770,322
85771,321
85772,328
85773,324
85774,323
85775,320
85776,328
85777,340
85778,351
85779,369
85780,371
85781,369
85782,399
85783,411
85784,396
85785,397
85786,384
85787,398
85788,382
85789,375
85790,351
85791,350
85792,344
85793,345
85794,339
85795,340
85796,339
85797,338
85798,344
85799,338
85800,334
85801,336
85802,337
85803,336
85804,330
85805,336
85806,339
85807,326
85808,335
85809,337
85810,342
85811,338
85812,334
85813,340
85814,354
85815,341
85816,348
85817,353
85818,363
85819,354
85820,350
85821,345
85822,340
85823,341
85824,347
85825,338
85826,344
85827,346
85828,345
85829,350
85830,342
85831,339
85832,347
85833,344
85834,342
85835,347
85836,343
85837,341
85838,346
85839,350
85840,352
85841,340
85842,346
85843,344
85844,343
85845,336
85846,342
85847,340
85848,346
85849,335
85850,343
85851,343
85852,336
85853,340
85854,337
85855,341
85856,344
85857,345
85858,333
85859,326
85860,339
85861,336
85862,339
85863,353
85864,355
85865,344
85866,359
85867,351
85868,352
85869,351
85870,351
85871,345
85872,352
85873,360
85874,356
85875,352
85876,359
85877,356
85878,347
85879,348
85880,354
85881,361
85882,379
85883,374
85884,370
85885,355
85886,355
85887,364
85888,354
85889,350
85890,345
85891,350
85892,338
85893,352
85894,354
85895,346
85896,353
85897,352
85898,352
85899,349
85900,351
85901,355
85902,347
85903,351
85904,359
85905,348
85906,355
85907,342
85908,340
85909,352
85910,346
85911,346
85912,333
85913,337
85914,343
85915,336
85916,333
85917,330
85918,334
85919,332
85920,328
85921,333
85922,337
85923,328
85924,332
85925,337
85926,330
85927,322
85928,334
85929,334
85930,330
85931,332
85932,336
85933,343
85934,340
85935,341
85936,335
85937,334
85938,331
85939,339
85940,328
85941,324
85942,331
85943,324
85944,330
85945,320
85946,324
85947,321
85948,324
85949,321
85950,326
85951,331
85952,326
85953,332
85954,332
85955,327
85956,332
85957,329
85958,328
85959,328
85960,334
85961,333
85962,324
85963,329
85964,329
85965,338
85966,334
85967,326
85968,330
85969,329
85970,338
85971,339
85972,325
85973,331
85974,332
85975,338
85976,332
85977,332
85978,333
85979,344
85980,329
85981,337
85982,330
85983,333
85984,330
85985,333
85986,335
85987,330
85988,329
85989,330
85990,327
85991,330
85992,329
85993,337
85994,329
85995,337
85996,334
85997,332
85998,329
85999,326
86000,335
86001,329
86002,338
86003,333
86004,329
86005,331
86006,327
86007,328
86008,333
86009,332
86010,336
86011,324
86012,336
86013,327
86014,336
86015,337
86016,328
86017,324
86018,338
86019,332
86020,326
86021,330
86022,331
86023,344
86024,333
86025,334
86026,336
86027,340
86028,334
86029,323
86030,330
86031,315
86032,327
86033,326
86034,319
86035,320
86036,323
86037,335
86038,325
86039,319
86040,333
86041,331
86042,330
86043,345
86044,337
86045,334
86046,337
86047,331
86048,344
86049,345
86050,341
86051,337
86052,336
86053,341
86054,339
86055,334
86056,340
86057,339
86058,336
86059,345
86060,335
86061,337
86062,346
86063,350
86064,346
86065,336
86066,334
86067,343
86068,342
86069,336
86070,351
86071,348
86072,360
86073,358
86074,347
86075,345
86076,348
86077,349
86078,356
86079,363
86080,370
86081,365
86082,351
86083,364
86084,356
86085,355
86086,354
86087,358
86088,344
86089,361
86090,354
86091,354
86092,358
86093,359
86094,356
86095,367
86096,364
86097,364
86098,363
86099,375
86100,373
86101,371
86102,358
86103,373
86104,360
86105,375
86106,375
86107,381
86108,374
86109,371
86110,377
86111,376
