NETCARE2015/data/raw/Flight9/CPC3776_POLAR6_20150420_r2_L2_NETCARE.ict
35,1001
Abbatt,Jon
University of Toronto
Polar 6
NETCARE
1,1
2015,4,20,2017,8,16
1
time,seconds,seconds from start in UTC
1
1
-99999
conc,number of particles per cm3
0
20
PI_CONTACT_INFO: 80 St. George Street; Toronto; ON M5S 3H6 CANADA; email: jabbatt@chem.utoronto.ca
PLATFORM: Polar 6 aircraft
LOCATION: Canadian Arctic near Inuvik
ASSOCIATED_DATA: none
INSTRUMENT_INFO: The Ultrafine Condensation Particle Counter 3776 is a continuous-flow instrument that detects particles down to 2.5 nm. It operates at an aerosol flow rate of 50 cm^3/min and detects concentrations from 0 to 300 000 particles/cm^3 with coincidence correction.
DATA_INFO: all relevant information is given above
UNCERTAINTY:  ±10% of measured value
ULOD_FLAG: -7777
ULOD_VALUE: N/As
LLOD_FLAG: -8888
LLOD_VALUE: N/A
DM_CONTACT_INFO: Data collected by Julia Burkart. Please direct all correspondence to Jon Abbatt: jabbatt@chem.utoronto.ca
PROJECT_INFO: Polar 6 NETCARE Spring 2015 campaign
STIPULATIONS_ON_USE: N/A
OTHER_COMMENTS: N/A
REVISION: R2, R1, R0
R2: zero and filter measurements are removed
R1: uncorrected raw data
R0: raw data
time,conc
[from data line 2995]
81364,363
81365,383
81366,375
81367,392
81368,372
81369,362
81370,364
81371,371
81372,374
81373,373
81374,387
81375,389
81376,379
81377,352
81378,369
81379,401
81380,384
81381,367
81382,358
81383,353
81384,363
81385,307
81386,381
81387,345
81388,347
81389,357
81390,345
81391,360
81392,371
81393,343
81394,337
81395,352
81396,339
81397,323
81398,356
81399,353
81400,369
81401,311
81402,344
81403,356
81404,355
81405,362
81406,317
81407,337
81408,367
81409,312
81410,353
81411,367
81412,345
81413,340
81414,361
81415,380
81416,331
81417,346
81418,326
81419,336
81420,355
81421,343
81422,334
81423,328
81424,344
81425,381
81426,315
81427,341
81428,358
81429,326
81430,326
81431,339
81432,368
81433,343
81434,334
81435,304
81436,312
81437,335
81438,358
81439,325
81440,368
81441,347
81442,319
81443,318
81444,335
81445,348
81446,351
81447,311
81448,361
81449,351
81450,334
81451,315
81452,333
81453,334
81454,365
81455,314
81456,345
81457,323
81458,301
81459,313
81460,352
81461,336
81462,342
81463,307
81464,346
81465,313
81466,352
81467,367
81468,352
81469,384
81470,378
81471,364
81472,376
81473,396
81474,443
81475,421
81476,402
81477,383
81478,426
81479,412
81480,444
81481,443
81482,404
81483,441
81484,431
81485,428
81486,408
81487,432
81488,398
81489,418
81490,459
81491,428
81492,468
81493,451
81494,456
81495,479
81496,474
81497,488
81498,458
81499,474
81500,444
81501,463
81502,479
81503,473
81504,479
81505,481
81506,493
81507,457
81508,482
81509,476
81510,510
81511,482
81512,475
81513,505
81514,481
81515,510
81516,505
81517,515
81518,423
81519,477
81520,520
81521,544
81522,552
81523,565
81524,558
81525,528
81526,502
81527,526
81528,549
81529,533
81530,510
81531,523
81532,548
81533,524
81534,532
81535,546
81536,611
81537,550
81538,546
81539,541
81540,558
81541,545
81542,548
81543,516
81544,489
81545,550
81546,490
81547,521
81548,467
81549,523
81550,545
81551,500
81552,516
81553,537
81554,548
81555,512
81556,504
81557,549
81558,509
81559,515
81560,559
81561,491
81562,474
81563,492
81564,489
81565,546
81566,529
81567,531
81568,535
81569,529
81570,525
81571,557
81572,535
81573,498
81574,573
81575,532
81576,538
81577,581
81578,529
81579,559
81580,553
81581,546
81582,568
81583,533
81584,597
81585,588
81586,548
81587,551
81588,616
81589,528
81590,563
81591,611
81592,633
81593,611
81594,643
81595,661
81596,630
81597,672
81598,658
81599,691
81600,644
81601,649
81602,664
81603,689
81604,731
81605,664
81606,696
81607,724
81608,708
81609,691
81610,703
81611,697
81612,761
81613,745
81614,755
81615,768
81616,775
81617,779
81618,773
81619,769
81620,746
81621,742
81622,791
81623,781
81624,745
81625,760
81626,778
81627,716
81628,717
81629,659
81630,713
81631,702
81632,719
81633,722
81634,747
81635,713
81636,700
81637,786
81638,720
81639,764
81640,754
81641,758
81642,754
81643,688
81644,721
81645,706
81646,724
81647,740
81648,750
81649,736
81650,786
81651,799
81652,800
81653,800
81654,785
81655,823
81656,844
81657,897
81658,871
81659,883
81660,983
81661,980
81662,962
81663,976
81664,961
81665,966
81666,961
81667,979
81668,979
81669,977
81670,994
81671,946
81672,993
81673,995
81674,986
81675,967
81676,962
81677,1079
81678,1043
81679,1042
81680,1055
81681,1075
81682,1084
81683,982
81684,1045
81685,1095
81686,949
81687,1026
81688,1038
81689,1126
81690,1087
81691,1147
81692,1109
81693,1037
81694,1092
81695,1081
81696,1066
81697,1117
81698,1063
81699,1107
81700,1157
81701,1149
81702,1095
81703,1130
81704,1128
81705,1103
81706,1114
81707,1116
81708,1141
81709,1097
81710,1100
81711,1147
81712,1170
81713,1139
81714,1206
81715,1111
81716,1188
81717,1170
81718,1194
81719,1153
81720,1112
81721,1129
81722,1197
81723,1210
81724,1117
81725,1131
81726,1180
81727,1183
81728,1158
81729,1139
81730,1176
81731,1244
81732,1176
81733,1167
81734,1248
81735,1186
81736,1112
81737,1106
81738,1192
81739,1187
81740,1122
81741,1113
81742,1091
81743,1120
81744,1139
81745,1126
81746,1068
81747,992
81748,1072
81749,1127
81750,1115
81751,1115
81752,1075
81753,1065
81754,1061
81755,1073
81756,1106
81757,1124
81758,1080
81759,1095
81760,1105
81761,1092
81762,1200
81763,1147
81764,1085
81765,1142
81766,1211
81767,1174
81768,1175
81769,1189
81770,1142
81771,1086
81772,1123
81773,1124
81774,1089
81775,1127
81776,1183
81777,1054
81778,1090
81779,1093
81780,1086
81781,1102
81782,1074
81783,1093
81784,1088
81785,976
81786,1083
81787,1037
81788,1023
81789,1017
81790,1006
81791,996
81792,1014
81793,1008
81794,955
81795,1012
81796,1008
81797,955
81798,896
81799,944
81800,862
81801,894
81802,865
81803,891
81804,863
81805,882
81806,916
81807,856
81808,952
81809,949
81810,942
81811,932
81812,897
81813,920
81814,930
81815,935
81816,903
81817,925
81818,938
81819,867
81820,864
81821,858
81822,876
81823,853
81824,870
81825,877
81826,871
81827,913
81828,858
81829,829
81830,856
81831,848
81832,830
81833,900
81834,874
81835,876
81836,888
81837,836
81838,799
81839,773
81840,824
81841,824
81842,768
81843,845
81844,824
81845,803
81846,815
81847,837
81848,819
81849,870
81850,832
81851,816
81852,826
81853,875
81854,865
81855,799
81856,855
81857,857
81858,812
81859,818
81860,830
81861,815
81862,897
81863,853
81864,869
81865,1031
81866,822
81867,866
81868,875
81869,892
81870,890
81871,878
81872,920
81873,989
81874,864
81875,918
81876,907
81877,876
81878,990
81879,881
81880,909
81881,959
81882,933
81883,918
81884,929
81885,944
81886,920
81887,847
81888,852
81889,855
81890,998
81891,978
81892,904
81893,914
81894,886
81895,952
81896,870
81897,857
81898,887
81899,891
81900,911
81901,940
81902,940
81903,929
81904,944
81905,913
81906,925
81907,921
81908,930
81909,945
81910,934
81911,884
81912,939
81913,935
81914,950
81915,935
81916,995
81917,955
81918,930
81919,969
81920,971
81921,969
81922,955
81923,993
81924,938
81925,936
81926,946
81927,945
81928,962
81929,867
81930,1016
81931,1006
81932,940
81933,948
81934,967
81935,959
81936,996
81937,1004
81938,990
81939,948
81940,1005
81941,994
81942,914
81943,998
81944,966
81945,934
81946,905
81947,975
81948,930
81949,982
81950,951
81951,963
81952,999
81953,1047
81954,1011
81955,997
81956,1001
81957,949
81958,969
81959,986
81960,936
81961,965
81962,991
81963,1041
81964,991
81965,937
81966,1009
81967,989
81968,989
81969,990
81970,937
81971,993
81972,946
81973,970
81974,992
81975,975
81976,948
81977,982
81978,933
81979,875
81980,939
81981,970
81982,929
81983,980
81984,972
81985,993
81986,1064
81987,943
81988,1022
81989,1010
81990,979
81991,981
81992,930
81993,964
81994,922
81995,940
81996,878
81997,903
81998,1002
81999,905
82000,923
82001,916
82002,945
82003,852
82004,969
82005,925
82006,890
82007,904
82008,955
82009,862
82010,832
82011,922
82012,876
82013,924
82014,914
82015,922
82016,899
82017,874
82018,789
82019,856
82020,781
82021,833
82022,836
82023,868
82024,817
82025,810
82026,898
82027,881
82028,894
82029,883
82030,835
82031,871
82032,891
82033,845
82034,840
82035,850
82036,875
82037,845
82038,893
82039,833
82040,816
82041,875
82042,880
82043,841
82044,851
82045,879
82046,862
82047,891
82048,839
82049,855
82050,824
82051,822
82052,862
82053,831
82054,885
82055,880
82056,845
82057,874
82058,819
82059,852
82060,788
82061,835
82062,970
82063,884
82064,850
82065,880
82066,870
82067,891
82068,865
82069,865
82070,897
82071,824
82072,900
82073,905
82074,821
82075,848
82076,864
82077,917
82078,840
82079,867
82080,850
82081,844
82082,821
82083,872
82084,960
82085,903
82086,871
82087,841
82088,868
82089,822
82090,900
82091,871
82092,924
82093,935
82094,918
82095,907
82096,909
82097,855
82098,860
82099,833
82100,860
82101,892
82102,873
82103,904
82104,868
82105,848
82106,885
82107,898
82108,862
82109,865
82110,920
82111,875
82112,909
82113,924
82114,948
82115,922
82116,918
82117,909
82118,949
82119,976
82120,958
82121,987
82122,948
82123,957
82124,978
82125,962
82126,996
82127,970
82128,959
82129,959
82130,943
82131,911
82132,928
82133,903
82134,873
82135,926
82136,972
82137,934
82138,940
82139,951
82140,921
82141,957
82142,920
82143,958
82144,926
82145,949
82146,924
82147,949
82148,916
82149,874
82150,916
82151,925
82152,907
82153,851
82154,869
82155,863
82156,919
82157,919
82158,866
82159,929
82160,895
82161,864
82162,891
82163,890
82164,907
82165,869
82166,917
82167,859
82168,925
82169,863
82170,854
82171,876
82172,865
82173,859
82174,944
82175,839
82176,846
82177,890
82178,833
82179,778
82180,817
82181,820
82182,806
82183,768
82184,769
82185,765
82186,728
82187,769
82188,795
82189,749
82190,753
82191,736
82192,785
82193,781
82194,720
82195,691
82196,803
82197,761
82198,695
82199,702
82200,730
82201,725
82202,761
82203,767
82204,737
82205,701
82206,708
82207,637
82208,635
82209,710
82210,645
82211,704
82212,664
82213,693
82214,668
82215,612
82216,666
82217,687
82218,656
82219,653
82220,652
82221,618
82222,636
82223,585
82224,618
82225,620
82226,656
82227,610
82228,597
82229,652
82230,690
82231,657
82232,647
82233,650
82234,686
82235,670
82236,682
82237,724
82238,695
82239,721
82240,678
82241,720
82242,661
82243,686
82244,654
82245,673
82246,685
82247,704
82248,635
82249,687
82250,654
82251,667
82252,625
82253,682
82254,632
82255,653
82256,607
82257,699
82258,665
82259,653
82260,650
82261,679
82262,696
82263,693
82264,646
82265,646
82266,647
82267,668
82268,662
82269,658
82270,682
82271,706
82272,625
82273,658
82274,678
82275,665
82276,696
82277,641
82278,648
82279,583
82280,618
82281,700
82282,620
82283,663
82284,680
82285,667
82286,671
82287,684
82288,677
82289,652
82290,679
82291,617
82292,632
82293,718
82294,656
82295,688
82296,695
82297,700
82298,663
82299,730
82300,736
82301,684
82302,746
82303,696
82304,679
82305,771
82306,767
82307,683
82308,696
82309,747
82310,768
82311,686
82312,750
82313,674
82314,673
82315,746
82316,708
82317,699
82318,756
82319,671
82320,650
82321,711
82322,667
82323,664
82324,703
82325,757
82326,659
82327,637
82328,655
82329,711
82330,680
82331,655
82332,611
82333,629
82334,626
82335,556
82336,518
82337,478
82338,459
82339,409
82340,368
82341,396
82342,415
82343,353
82344,358
82345,347
82346,366
82347,412
82348,385
82349,418
82350,369
82351,333
82352,398
82353,344
82354,341
82355,355
82356,351
82357,386
82358,309
82359,362
82360,417
82361,364
82362,374
82363,367
82364,377
82365,413
82366,378
82367,382
82368,358
82369,379
82370,403
82371,421
82372,404
82373,368
82374,469
82375,397
82376,367
82377,377
82378,388
82379,415
82380,435
82381,402
82382,373
82383,430
82384,428
82385,428
82386,383
82387,426
82388,448
82389,399
82390,456
82391,440
82392,493
82393,415
82394,384
82395,424
82396,423
82397,407
82398,388
82399,386
82400,397
82401,450
82402,424
82403,413
82404,431
82405,399
82406,391
82407,397
82408,393
82409,431
82410,384
82411,428
82412,396
82413,441
82414,424
82415,421
82416,424
82417,441
82418,374
82419,374
82420,433
82421,406
82422,363
82423,381
82424,400
82425,391
82426,428
82427,365
82428,392
82429,414
82430,398
82431,395
82432,391
82433,378
82434,411
82435,411
82436,381
82437,382
82438,457
82439,406
82440,414
82441,402
82442,423
82443,487
82444,412
82445,409
82446,409
82447,430
82448,391
82449,406
82450,396
82451,442
82452,396
82453,350
82454,376
82455,375
82456,392
82457,362
82458,395
82459,383
82460,380
82461,437
82462,414
82463,395
82464,405
82465,398
82466,415
82467,392
82468,377
82469,378
82470,382
82471,408
82472,425
82473,395
82474,389
82475,389
82476,376
82477,407
82478,358
82479,343
82480,352
82481,387
82482,384
82483,388
82484,369
82485,381
82486,358
82487,360
82488,359
82489,404
82490,329
82491,417
82492,369
82493,400
82494,353
82495,374
82496,354
82497,418
82498,393
82499,377
82500,386
82501,356
82502,351
82503,360
82504,378
82505,383
82506,353
82507,392
82508,393
82509,390
82510,395
82511,365
82512,352
82513,379
82514,348
82515,343
82516,351
82517,388
82518,383
82519,342
82520,389
82521,367
82522,393
82523,368
82524,355
82525,419
82526,368
82527,348
82528,336
82529,405
82530,350
82531,386
82532,356
82533,387
82534,333
82535,384
82536,386
82537,322
82538,384
82539,420
82540,333
82541,367
82542,381
82543,377
82544,333
82545,418
82546,381
82547,379
82548,368
82549,387
82550,346
82551,348
82552,336
82553,409
82554,357
82555,335
82556,369
82557,381
82558,388
82559,429
82560,383
82561,340
82562,394
82563,391
82564,370
82565,333
82566,364
82567,404
82568,356
82569,377
82570,358
82571,368
82572,346
82573,374
82574,375
82575,379
82576,384
82577,410
82578,370
82579,395
82580,382
82581,371
82582,365
82583,394
82584,394
82585,382
82586,374
82587,383
82588,372
82589,388
82590,375
82591,367
82592,383
82593,378
82594,369
82595,393
82596,422
82597,375
82598,372
82599,379
82600,398
82601,344
82602,354
82603,398
82604,401
82605,355
82606,353
82607,358
82608,390
82609,376
82610,380
82611,400
82612,397
82613,380
82614,393
82615,392
82616,395
82617,393
82618,443
82619,419
82620,438
82621,440
82622,400
82623,372
82624,398
82625,380
82626,407
82627,417
82628,404
82629,440
82630,443
82631,381
82632,404
82633,422
82634,450
82635,446
82636,428
82637,457
82638,457
82639,439
82640,447
82641,423
82642,429
82643,395
82644,437
82645,455
82646,425
82647,414
82648,451
82649,404
82650,433
82651,378
82652,376
82653,410
82654,427
82655,398
82656,397
82657,414
82658,389
82659,358
82660,365
82661,370
82662,347
82663,377
82664,372
82665,367
82666,354
82667,336
82668,343
82669,368
82670,362
82671,413
82672,397
82673,344
82674,378
82675,358
82676,342
82677,346
82678,351
82679,349
82680,342
82681,375
82682,340
82683,373
82684,386
82685,363
82686,391
82687,349
82688,400
82689,355
82690,391
82691,383
82692,369
82693,365
82694,373
82695,365
82696,321
82697,343
82698,363
82699,362
82700,380
82701,367
82702,376
82703,372
82704,361
82705,366
82706,354
82707,393
82708,363
82709,401
82710,319
82711,397
82712,341
82713,342
82714,378
82715,308
82716,351
82717,350
82718,351
82719,352
82720,396
82721,353
82722,343
82723,377
82724,368
82725,370
82726,403
82727,375
82728,345
82729,335
82730,391
82731,357
82732,364
82733,356
82734,381
82735,386
82736,355
82737,337
82738,366
82739,380
82740,336
82741,362
82742,339
82743,242
82744,364
82745,338
82746,299
82747,-99999
82748,-99999
82749,-99999
82750,-99999
82751,-99999
82752,-99999
82753,-99999
82754,-99999
82755,-99999
82756,-99999
82757,-99999
82758,-99999
82759,-99999
82760,-99999
82761,-99999
82762,-99999
82763,-99999
82764,-99999
82765,-99999
82766,-99999
82767,-99999
82768,-99999
82769,-99999
82770,-99999
82771,-99999
82772,-99999
82773,-99999
82774,-99999
82775,-99999
82776,-99999
82777,-99999
82778,-99999
82779,-99999
82780,-99999
82781,-99999
82782,-99999
82783,-99999
82784,-99999
82785,-99999
82786,-99999
82787,-99999
82788,-99999
82789,-99999
82790,-99999
82791,-99999
82792,-99999
82793,-99999
82794,-99999
82795,-99999
82796,-99999
82797,-99999
82798,-99999
82799,-99999
82800,-99999
82801,-99999
82802,-99999
82803,-99999
82804,-99999
82805,-99999
82806,-99999
82807,-99999
82808,-99999
82809,-99999
82810,-99999
82811,-99999
82812,-99999
82813,-99999
82814,-99999
82815,-99999
82816,-99999
82817,-99999
82818,-99999
82819,-99999
82820,-99999
82821,-99999
82822,-99999
82823,-99999
82824,-99999
82825,-99999
82826,-99999
82827,-99999
82828,-99999
82829,-99999
82830,-99999
82831,-99999
82832,-99999
82833,-99999
82834,-99999
82835,-99999
82836,-99999
82837,-99999
82838,-99999
82839,-99999
82840,-99999
82841,-99999
82842,-99999
82843,-99999
82844,-99999
82845,-99999
82846,-99999
82847,-99999
82848,-99999
82849,-99999
82850,-99999
82851,-99999
82852,-99999
82853,-99999
82854,-99999
82855,-99999
82856,-99999
82857,-99999
82858,-99999
82859,-99999
82860,-99999
82861,-99999
82862,-99999
82863,-99999
82864,-99999
82865,-99999
82866,-99999
82867,-99999
82868,-99999
82869,-99999
82870,-99999
82871,-99999
82872,-99999
82873,-99999
82874,-99999
82875,-99999
82876,-99999
82877,-99999
82878,-99999
82879,-99999
82880,-99999
82881,-99999
82882,-99999
82883,-99999
82884,-99999
82885,-99999
82886,-99999
82887,-99999
82888,-99999
82889,-99999
82890,-99999
82891,-99999
82892,-99999
82893,-99999
82894,-99999
82895,-99999
82896,-99999
82897,-99999
82898,-99999
82899,-99999
82900,-99999
82901,346
82902,346
82903,417
