NETCARE2015/data/raw/Flight9/CPC3776_POLAR6_20150420_r2_L2_NETCARE.ict
35,1001
Abbatt,Jon
University of Toronto
Polar 6
NETCARE
1,1
2015,4,20,2017,8,16
1
time,seconds,seconds from start in UTC
1
1
-99999
conc,number of particles per cm3
0
20
PI_CONTACT_INFO: 80 St. George Street; Toronto; ON M5S 3H6 CANADA; email: jabbatt@chem.utoronto.ca
PLATFORM: Polar 6 aircraft
LOCATION: Canadian Arctic near Inuvik
ASSOCIATED_DATA: none
INSTRUMENT_INFO: The Ultrafine Condensation Particle Counter 3776 is a continuous-flow instrument that detects particles down to 2.5 nm. It operates at an aerosol flow rate of 50 cm^3/min and detects concentrations from 0 to 300 000 particles/cm^3 with coincidence correction.
DATA_INFO: all relevant information is given above
UNCERTAINTY:  ±10% of measured value
ULOD_FLAG: -7777
ULOD_VALUE: N/As
LLOD_FLAG: -8888
LLOD_VALUE: N/A
DM_CONTACT_INFO: Data collected by Julia Burkart. Please direct all correspondence to Jon Abbatt: jabbatt@chem.utoronto.ca
PROJECT_INFO: Polar 6 NETCARE Spring 2015 campaign
STIPULATIONS_ON_USE: N/A
OTHER_COMMENTS: N/A
REVISION: R2, R1, R0
R2: zero and filter measurements are removed
R1: uncorrected raw data
R0: raw data
time,conc
[from data line 6136]
84505,481
84506,464
84507,445
84508,480
84509,507
84510,460
84511,474
84512,499
84513,440
84514,541
84515,464
84516,480
84517,539
84518,527
84519,492
84520,480
84521,485
84522,522
84523,474
84524,521
84525,519
84526,477
84527,488
84528,479
84529,470
84530,507
84531,411
84532,503
84533,468
84534,474
84535,517
84536,527
84537,478
84538,450
84539,482
84540,501
84541,493
84542,484
84543,502
84544,538
84545,529
84546,505
84547,528
84548,471
84549,487
84550,493
84551,501
84552,503
84553,494
84554,483
84555,481
84556,469
84557,447
84558,537
84559,545
84560,518
84561,497
84562,532
84563,487
84564,527
84565,536
84566,515
84567,510
84568,535
84569,563
84570,556
84571,496
84572,517
84573,517
84574,577
84575,537
84576,529
84577,529
84578,546
84579,531
84580,539
84581,568
84582,527
84583,505
84584,555
84585,549
84586,562
84587,548
84588,565
84589,625
84590,585
84591,538
84592,551
84593,578
84594,572
84595,619
84596,614
84597,593
84598,568
84599,611
84600,547
84601,570
84602,608
84603,583
84604,628
84605,613
84606,647
84607,601
84608,575
84609,607
84610,659
84611,649
84612,595
84613,588
84614,581
84615,606
84616,620
84617,583
84618,611
84619,622
84620,597
84621,619
84622,616
84623,618
84624,559
84625,572
84626,618
84627,615
84628,639
84629,543
84630,548
84631,583
84632,614
84633,609
84634,546
84635,522
84636,539
84637,555
84638,568
84639,522
84640,538
84641,530
84642,576
84643,536
84644,519
84645,488
84646,500
84647,522
84648,525
84649,502
84650,554
84651,514
84652,536
84653,550
84654,551
84655,515
84656,511
84657,503
84658,509
84659,495
84660,526
84661,477
84662,528
84663,497
84664,515
84665,470
84666,500
84667,574
84668,573
84669,569
84670,546
84671,531
84672,515
84673,508
84674,445
84675,464
84676,484
84677,549
84678,495
84679,496
84680,510
84681,516
84682,490
84683,550
84684,489
84685,505
84686,506
84687,487
84688,514
84689,516
84690,514
84691,510
84692,490
84693,505
84694,469
84695,496
84696,507
84697,508
84698,491
84699,538
84700,504
84701,472
84702,496
84703,445
84704,503
84705,492
84706,462
84707,507
84708,485
84709,515
84710,510
84711,487
84712,504
84713,495
84714,486
84715,499
84716,479
84717,480
84718,495
84719,507
84720,499
84721,453
84722,444
84723,517
84724,428
84725,514
84726,474
84727,456
84728,503
84729,449
84730,486
84731,527
84732,471
84733,464
84734,473
84735,524
84736,520
84737,531
84738,521
84739,456
84740,444
84741,496
84742,445
84743,432
84744,483
84745,479
84746,514
84747,556
84748,479
84749,491
84750,443
84751,538
84752,531
84753,509
84754,489
84755,475
84756,490
84757,514
84758,498
84759,510
84760,480
84761,467
84762,518
84763,488
84764,514
84765,488
84766,447
84767,525
84768,492
84769,489
84770,478
84771,499
84772,547
84773,579
84774,466
84775,508
84776,498
84777,513
84778,472
84779,503
84780,543
84781,526
84782,514
84783,549
84784,484
84785,481
84786,561
84787,540
84788,551
84789,513
84790,561
84791,512
84792,571
84793,535
84794,477
84795,548
84796,554
84797,448
84798,491
84799,550
84800,520
84801,506
84802,528
84803,482
84804,489
84805,475
84806,511
84807,558
84808,541
84809,532
84810,518
84811,535
84812,470
84813,480
84814,523
84815,450
84816,510
84817,536
84818,564
84819,515
84820,480
84821,527
84822,525
84823,501
84824,481
84825,507
84826,491
84827,511
84828,526
84829,514
84830,542
84831,551
84832,500
84833,536
84834,524
84835,501
84836,503
84837,503
84838,521
84839,520
84840,512
84841,500
84842,509
84843,521
84844,566
84845,506
84846,499
84847,511
84848,527
84849,487
84850,504
84851,543
84852,551
84853,565
84854,451
84855,531
84856,567
84857,544
84858,488
84859,510
84860,504
84861,511
84862,544
84863,547
84864,552
84865,504
84866,534
84867,514
84868,499
84869,553
84870,540
84871,544
84872,517
84873,492
84874,552
84875,532
84876,559
84877,489
84878,530
84879,570
84880,519
84881,514
84882,538
84883,514
84884,518
84885,482
84886,503
84887,540
84888,554
84889,520
84890,525
84891,544
84892,545
84893,507
84894,511
84895,555
84896,507
84897,518
84898,519
84899,485
84900,547
84901,521
84902,557
84903,505
84904,571
84905,519
84906,527
84907,532
84908,582
84909,544
84910,507
84911,494
84912,476
84913,557
84914,514
84915,491
84916,553
84917,500
84918,541
84919,523
84920,521
84921,479
84922,505
84923,489
84924,514
84925,493
84926,498
84927,508
84928,504
84929,473
84930,533
84931,463
84932,501
84933,531
84934,494
84935,545
84936,523
84937,491
84938,516
84939,507
84940,534
84941,461
84942,499
84943,528
84944,522
84945,505
84946,467
84947,540
84948,481
84949,500
84950,481
84951,478
84952,469
84953,450
84954,516
84955,482
84956,515
84957,444
84958,433
84959,460
84960,449
84961,476
84962,462
84963,453
84964,444
84965,433
84966,431
84967,429
84968,466
84969,435
84970,455
84971,465
84972,418
84973,488
84974,460
84975,472
84976,452
84977,420
84978,433
84979,449
84980,444
84981,449
84982,450
84983,422
84984,450
84985,447
84986,403
84987,405
84988,413
84989,428
84990,460
84991,400
84992,412
84993,419
84994,401
84995,393
84996,369
84997,427
84998,462
84999,449
85000,396
85001,389
85002,400
85003,454
85004,414
85005,428
85006,409
85007,436
85008,399
85009,453
85010,443
85011,443
85012,447
85013,362
85014,401
85015,399
85016,405
85017,402
85018,409
85019,427
85020,409
85021,342
85022,380
85023,388
85024,445
85025,459
85026,444
85027,435
85028,399
85029,433
85030,399
85031,426
85032,403
85033,481
85034,408
85035,408
85036,396
85037,397
85038,397
85039,411
85040,420
85041,389
85042,379
85043,385
85044,408
85045,432
85046,420
85047,427
85048,407
85049,347
85050,425
85051,442
85052,438
85053,454
85054,447
85055,523
85056,403
85057,427
85058,429
85059,470
85060,415
85061,370
85062,398
85063,390
85064,428
85065,431
85066,436
85067,378
85068,425
85069,457
85070,396
85071,383
85072,393
85073,435
85074,382
85075,427
85076,381
85077,426
85078,431
85079,396
85080,414
85081,433
85082,431
85083,393
85084,388
85085,430
85086,412
85087,401
85088,403
85089,380
85090,395
85091,395
85092,415
85093,441
85094,416
85095,401
85096,383
85097,427
85098,420
85099,448
85100,413
85101,428
85102,414
85103,427
85104,435
85105,438
85106,425
85107,429
85108,381
85109,406
85110,392
85111,404
85112,433
85113,406
85114,422
85115,408
85116,408
85117,396
85118,421
85119,451
85120,411
85121,406
85122,386
85123,442
85124,463
85125,420
85126,409
85127,433
85128,409
85129,396
85130,444
85131,455
85132,438
85133,462
85134,428
85135,447
85136,446
85137,399
85138,451
85139,437
85140,386
85141,393
85142,397
85143,431
85144,460
85145,408
85146,425
85147,412
85148,438
85149,410
85150,390
85151,452
85152,393
85153,391
85154,382
85155,424
85156,406
85157,417
85158,390
85159,407
85160,440
85161,435
85162,415
85163,476
85164,445
85165,423
85166,425
85167,385
85168,386
85169,394
85170,405
85171,460
85172,428
85173,395
85174,427
85175,437
85176,406
85177,421
85178,425
85179,427
85180,435
85181,457
85182,403
85183,470
85184,420
85185,439
85186,389
85187,448
85188,432
85189,437
85190,430
85191,365
85192,403
85193,410
85194,427
85195,388
85196,417
85197,446
85198,399
85199,414
85200,407
85201,428
85202,436
85203,415
85204,409
85205,406
85206,409
85207,427
85208,410
85209,408
85210,385
85211,424
85212,402
85213,385
85214,415
85215,441
85216,452
85217,404
85218,440
85219,440
85220,425
85221,408
85222,444
85223,397
85224,419
85225,398
85226,435
85227,448
85228,457
85229,402
85230,412
85231,426
85232,425
85233,456
85234,465
85235,435
85236,492
85237,470
85238,481
85239,523
85240,470
85241,488
85242,531
85243,490
85244,544
85245,504
85246,549
85247,525
85248,587
85249,547
85250,538
85251,541
85252,544
85253,521
85254,478
85255,546
85256,457
85257,505
85258,481
85259,500
85260,449
85261,501
85262,483
85263,468
85264,501
85265,521
85266,484
85267,520
85268,529
85269,488
85270,530
85271,507
85272,528
85273,551
85274,520
85275,541
85276,505
85277,587
85278,526
85279,647
85280,570
85281,552
85282,576
85283,595
85284,635
85285,584
85286,564
85287,652
85288,585
85289,600
85290,598
85291,578
85292,611
85293,543
85294,579
85295,520
85296,493
85297,509
85298,511
85299,499
85300,518
85301,552
85302,569
85303,464
85304,458
85305,500
85306,489
85307,495
85308,506
85309,522
85310,500
85311,518
85312,547
85313,468
85314,559
85315,538
85316,514
85317,559
85318,555
85319,538
85320,540
85321,534
85322,543
85323,558
85324,537
85325,589
85326,512
85327,488
85328,563
85329,493
85330,580
85331,544
85332,506
85333,519
85334,542
85335,539
85336,501
85337,559
85338,612
85339,532
85340,521
85341,501
85342,540
85343,526
85344,490
85345,548
85346,508
85347,537
85348,484
85349,461
85350,486
85351,432
85352,530
85353,501
85354,457
85355,487
85356,474
85357,526
85358,490
85359,484
85360,416
85361,466
85362,492
85363,453
85364,470
85365,459
85366,468
85367,451
85368,466
85369,474
85370,443
85371,494
85372,478
85373,488
85374,491
85375,488
85376,450
85377,518
85378,450
85379,481
85380,470
85381,464
85382,441
85383,434
85384,484
85385,480
85386,426
85387,433
85388,433
85389,446
85390,464
85391,454
85392,454
85393,476
85394,458
85395,464
85396,418
85397,429
85398,479
85399,389
85400,422
85401,449
85402,479
85403,440
85404,457
85405,445
85406,449
85407,454
85408,435
85409,468
85410,503
85411,474
85412,430
85413,407
85414,411
85415,442
85416,470
85417,485
85418,439
85419,450
85420,404
85421,403
85422,379
85423,421
85424,443
85425,428
85426,402
85427,387
85428,433
85429,382
85430,390
85431,401
85432,371
85433,424
85434,434
85435,451
85436,379
85437,406
85438,425
85439,469
85440,418
85441,404
85442,426
85443,420
85444,409
85445,359
85446,437
85447,431
85448,383
85449,410
85450,451
85451,416
85452,417
85453,432
85454,385
85455,373
85456,425
85457,411
85458,370
85459,456
85460,412
85461,394
85462,440
85463,418
85464,449
85465,437
85466,445
85467,427
85468,447
85469,428
85470,416
85471,407
85472,428
85473,396
85474,418
85475,415
85476,394
85477,404
85478,410
85479,392
85480,430
85481,386
85482,404
85483,430
85484,398
85485,360
85486,407
85487,443
85488,407
85489,378
85490,431
85491,399
85492,391
85493,394
85494,462
85495,434
85496,436
85497,426
85498,423
85499,442
85500,444
85501,384
85502,454
85503,420
85504,426
85505,423
85506,392
85507,414
85508,387
85509,438
85510,414
85511,429
85512,446
85513,379
85514,422
85515,417
85516,409
85517,447
85518,412
85519,446
85520,406
85521,432
85522,474
85523,420
85524,425
85525,431
85526,456
85527,447
85528,406
85529,416
85530,402
85531,453
85532,412
85533,443
85534,416
85535,409
85536,432
85537,390
85538,411
85539,397
85540,399
85541,370
85542,402
85543,385
85544,411
85545,422
85546,415
85547,414
85548,412
85549,406
85550,371
85551,371
85552,407
85553,401
85554,392
85555,435
85556,415
85557,462
85558,421
85559,427
85560,384
85561,401
85562,393
85563,383
85564,432
85565,406
85566,383
85567,374
85568,393
85569,404
85570,430
85571,394
85572,409
85573,399
85574,406
85575,434
85576,443
85577,432
85578,416
85579,431
85580,398
85581,465
85582,408
85583,425
85584,428
85585,405
85586,420
85587,451
85588,364
85589,385
85590,386
85591,406
85592,415
85593,418
85594,392
85595,425
85596,375
85597,433
85598,432
85599,374
85600,383
85601,405
85602,436
85603,393
85604,423
85605,403
85606,392
85607,370
85608,382
85609,379
85610,376
85611,401
85612,401
85613,394
85614,350
85615,418
85616,428
85617,436
85618,411
85619,411
85620,437
85621,418
85622,397
85623,411
85624,412
85625,457
85626,411
85627,414
85628,420
85629,403
85630,400
85631,418
85632,431
85633,411
85634,379
85635,348
85636,421
85637,365
85638,399
85639,387
85640,402
85641,347
85642,289
85643,346
85644,401
85645,386
85646,433
85647,375
85648,424
85649,404
85650,375
85651,354
85652,340
85653,400
85654,354
85655,361
85656,375
85657,352
85658,336
85659,394
85660,371
85661,384
85662,347
85663,360
85664,419
85665,376
85666,363
85667,392
85668,368
85669,422
85670,348
85671,363
85672,385
85673,347
85674,401
85675,402
85676,374
85677,383
85678,324
85679,313
85680,372
85681,361
85682,367
85683,388
85684,370
85685,397
85686,375
85687,345
85688,350
85689,360
85690,377
85691,387
85692,419
85693,370
85694,334
85695,345
85696,373
85697,369
85698,370
85699,345
85700,390
85701,406
85702,363
85703,390
85704,398
85705,417
85706,422
85707,394
85708,421
85709,395
85710,340
85711,399
85712,420
85713,459
85714,425
85715,426
85716,444
85717,408
85718,369
85719,413
85720,416
85721,423
85722,387
85723,389
85724,389
85725,358
85726,369
85727,371
85728,403
85729,399
85730,353
85731,368
85732,364
85733,445
85734,402
85735,393
85736,371
85737,369
85738,384
85739,363
85740,376
85741,361
85742,391
85743,376
85744,392
85745,356
85746,376
85747,368
85748,377
85749,371
85750,406
85751,394
85752,364
85753,407
85754,365
85755,332
85756,375
85757,351
85758,348
85759,373
85760,366
85761,383
85762,382
85763,340
85764,322
85765,394
85766,385
85767,361
85768,382
85769,339
85770,392
85771,367
85772,391
85773,372
85774,366
85775,373
85776,373
85777,387
85778,453
85779,423
85780,419
85781,445
85782,457
85783,440
85784,430
85785,444
85786,419
85787,452
85788,412
85789,375
85790,405
85791,366
85792,409
85793,375
85794,396
85795,404
85796,403
85797,411
85798,409
85799,429
85800,393
85801,391
85802,373
85803,364
85804,392
85805,385
85806,385
85807,354
85808,384
85809,430
85810,408
85811,394
85812,374
85813,431
85814,382
85815,402
85816,372
85817,438
85818,427
85819,373
85820,384
85821,363
85822,418
85823,350
85824,414
85825,417
85826,381
85827,402
85828,393
85829,350
85830,418
85831,396
85832,408
85833,398
85834,415
85835,380
85836,396
85837,409
85838,371
85839,399
85840,391
85841,390
85842,377
85843,364
85844,359
85845,388
85846,371
85847,392
85848,393
85849,363
85850,365
85851,418
85852,420
85853,406
85854,391
85855,367
85856,434
85857,407
85858,407
85859,397
85860,422
85861,369
85862,424
85863,415
85864,359
85865,383
85866,404
85867,397
85868,439
85869,420
85870,421
85871,431
85872,373
85873,404
85874,415
85875,419
85876,406
85877,413
85878,406
85879,422
85880,380
85881,473
85882,423
85883,409
85884,399
85885,413
85886,405
85887,387
85888,438
85889,408
85890,398
85891,387
85892,399
85893,405
85894,360
85895,424
85896,385
85897,446
85898,404
85899,431
85900,406
85901,396
85902,395
85903,374
85904,425
85905,435
85906,383
85907,357
85908,380
85909,405
85910,416
85911,396
85912,411
85913,380
85914,365
85915,374
85916,418
85917,395
85918,351
85919,396
85920,425
85921,355
85922,362
85923,388
85924,379
85925,390
85926,320
85927,396
85928,372
85929,357
85930,407
85931,388
85932,399
85933,403
85934,385
85935,386
85936,383
85937,367
85938,382
85939,374
85940,382
85941,370
85942,370
85943,424
85944,358
85945,345
85946,368
85947,384
85948,369
85949,379
85950,391
85951,412
85952,361
85953,389
85954,421
85955,382
85956,366
85957,418
85958,356
85959,351
85960,372
85961,394
85962,370
85963,353
85964,354
85965,373
85966,387
85967,367
85968,387
85969,342
85970,393
85971,386
85972,358
85973,376
85974,378
85975,395
85976,355
85977,324
85978,406
85979,362
85980,345
85981,379
85982,370
85983,375
85984,370
85985,367
85986,359
85987,348
85988,362
85989,359
85990,387
85991,380
85992,396
85993,368
85994,358
85995,374
85996,356
85997,358
85998,415
85999,351
86000,407
86001,357
86002,374
86003,359
86004,395
86005,365
86006,403
86007,362
86008,366
86009,361
86010,358
86011,383
86012,380
86013,400
86014,382
86015,377
86016,371
86017,372
86018,387
86019,373
86020,385
86021,415
86022,404
86023,359
86024,442
86025,385
86026,363
86027,389
86028,356
86029,384
86030,386
86031,336
86032,337
86033,382
86034,363
86035,358
86036,352
86037,389
86038,377
86039,397
86040,371
86041,366
86042,390
86043,388
86044,363
86045,418
86046,377
86047,368
86048,373
86049,386
86050,360
86051,384
86052,374
86053,389
86054,391
86055,395
86056,342
86057,389
86058,417
86059,405
86060,386
86061,375
86062,382
86063,375
86064,356
86065,389
86066,419
86067,394
86068,392
86069,405
86070,398
86071,425
86072,407
86073,371
86074,451
86075,424
86076,440
86077,407
86078,431
86079,441
86080,439
86081,405
86082,393
86083,390
86084,377
86085,413
86086,406
86087,437
86088,406
86089,435
86090,416
86091,440
86092,437
86093,424
86094,396
86095,403
86096,373
86097,429
86098,393
86099,379
86100,419
86101,411
86102,383
86103,382
