NETCARE2015/data/raw/Flight9/CPC3772_POLAR6_20150420_r2_L2_NETCARE.ict
35,1001
Abbatt,Jon
University of Toronto
Polar 6
NETCARE
1,1
2015,4,20,2017,8,16
1
time,seconds,seconds from start in UTC
1
1
-99999
conc,number of particles per cm3
0
20
PI_CONTACT_INFO: 80 St. George Street; Toronto; ON M5S 3H6 CANADA; email: jabbatt@chem.utoronto.ca
PLATFORM: Polar 6 aircraft
LOCATION: Canadian Arctic near Inuvik
ASSOCIATED_DATA: none
INSTRUMENT_INFO: Condensation Particle Counter Model 3772 is an instrument that detects airborne particles down to 10 nm at an aerosol flow rate of 1.0 L/min, over a concentration range from 0 to 10^4 particles/cm^3 
DATA_INFO: all relevant information is given above
UNCERTAINTY:  ±10% of measured value
ULOD_FLAG: -7777
ULOD_VALUE: N/As
LLOD_FLAG: -8888
LLOD_VALUE: N/A
DM_CONTACT_INFO: Data collected by Julia Burkart. Please direct all correspondence to Jon Abbatt: jabbatt@chem.utoronto.ca
PROJECT_INFO: Polar 6 NETCARE Spring 2015 campaign
STIPULATIONS_ON_USE: N/A
OTHER_COMMENTS: N/A
REVISION: R2, R1, R0
R2: zero and filter measurements are removed
R1: uncorrected raw data
R0: raw data
time,conc
78369,436
78370,430
78371,427
78372,425
78373,422
78374,430
78375,443
78376,437
78377,448
78378,452
78379,452
78380,465
78381,468
78382,456
78383,446
78384,447
78385,442
78386,433
78387,435
78388,426
78389,432
78390,431
78391,435
78392,426
78393,438
78394,425
78395,431
78396,435
78397,436
78398,430
78399,432
78400,429
78401,436
78402,432
78403,429
78404,431
78405,428
78406,435
78407,434
78408,428
78409,426
78410,436
78411,429
78412,433
78413,437
78414,430
78415,440
78416,446
78417,428
78418,433
78419,436
78420,444
78421,434
78422,436
78423,436
78424,432
78425,433
78426,435
78427,437
78428,428
78429,437
78430,438
78431,434
78432,442
78433,443
78434,435
78435,435
78436,436
78437,428
78438,429
78439,437
78440,431
78441,427
78442,436
78443,438
78444,440
78445,427
78446,442
78447,435
78448,431
78449,420
78450,424
78451,429
78452,427
78453,427
78454,418
78455,413
78456,416
78457,416
78458,416
78459,425
78460,423
78461,419
78462,422
78463,415
78464,417
78465,414
78466,414
78467,412
78468,416
78469,413
78470,413
78471,412
78472,418
78473,411
78474,413
78475,420
78476,420
78477,422
78478,416
78479,419
78480,418
78481,411
78482,414
78483,414
78484,421
78485,414
78486,425
78487,419
78488,413
78489,408
78490,422
78491,423
78492,430
78493,419
78494,413
78495,417
78496,421
78497,420
78498,428
78499,408
78500,424
78501,426
78502,423
78503,408
78504,408
78505,423
78506,420
78507,410
78508,425
78509,418
78510,426
78511,414
78512,419
78513,426
78514,424
78515,424
78516,423
78517,419
78518,417
78519,412
78520,419
78521,434
78522,420
78523,422
78524,426
78525,424
78526,433
78527,429
78528,418
78529,422
78530,425
78531,425
78532,410
78533,425
78534,421
78535,435
78536,433
78537,427
78538,421
78539,429
78540,421
78541,426
78542,430
78543,425
78544,440
78545,427
78546,432
78547,432
78548,430
78549,441
78550,442
78551,451
78552,468
78553,471
78554,480
78555,489
78556,495
78557,491
78558,493
78559,495
78560,484
78561,492
78562,507
78563,504
78564,516
78565,495
78566,507
78567,502
78568,507
78569,515
78570,541
78571,583
78572,594
78573,612
78574,623
78575,672
78576,707
78577,716
78578,737
78579,770
78580,807
78581,883
78582,967
78583,998
78584,1007
78585,1011
78586,970
78587,974
78588,1000
78589,1062
78590,1096
78591,1122
78592,1172
78593,1067
78594,1049
78595,1087
78596,1077
78597,1054
78598,1056
78599,1062
78600,1077
78601,1065
78602,1090
78603,1098
78604,1113
78605,1144
78606,1147
78607,1150
78608,1146
78609,1144
78610,1127
78611,1112
78612,1130
78613,1110
78614,1102
78615,1094
78616,1087
78617,1091
78618,1085
78619,1089
78620,1103
78621,1101
78622,1135
78623,1171
78624,1181
78625,1229
78626,1229
78627,1252
78628,1287
78629,1280
78630,1267
78631,1254
78632,1272
78633,1269
78634,1273
78635,1284
78636,1297
78637,1291
78638,1312
78639,1299
78640,1310
78641,1309
78642,1321
78643,1317
78644,1301
78645,1336
78646,1319
78647,1324
78648,1333
78649,1317
78650,1305
78651,1330
78652,1302
78653,1317
78654,1334
78655,1299
78656,1282
78657,1269
78658,1272
78659,1265
78660,1253
78661,1243
78662,1237
78663,1244
78664,1238
78665,1252
78666,1236
78667,1250
78668,1256
78669,1277
78670,1289
78671,1314
78672,1311
78673,1329
78674,1340
78675,1337
78676,1330
78677,1343
78678,1362
78679,1353
78680,1346
78681,1319
78682,1317
78683,1303
78684,1310
78685,1314
78686,1329
78687,1343
78688,1389
78689,1395
78690,1396
78691,1403
78692,1418
78693,1438
78694,1445
78695,1445
78696,1453
78697,1458
78698,1477
78699,1478
78700,1471
78701,1452
78702,1441
78703,1425
78704,1414
78705,1377
78706,1387
78707,1366
78708,1361
78709,1326
78710,1275
78711,1202
78712,1220
78713,1284
78714,1364
78715,1416
78716,1455
78717,1489
78718,1492
78719,1496
78720,1489
78721,1485
78722,1447
78723,1446
78724,1486
78725,1464
78726,1487
78727,1467
78728,1446
78729,1412
78730,1369
78731,1410
78732,1429
78733,1372
78734,1329
78735,1304
78736,1282
78737,1278
78738,1280
78739,1264
78740,1269
78741,1282
78742,1302
78743,1317
78744,1305
78745,1305
78746,1262
78747,1212
78748,1206
78749,1204
78750,1187
78751,1181
78752,1175
78753,1177
78754,1187
78755,1135
78756,1149
78757,1133
78758,1100
78759,1108
78760,1084
78761,1047
78762,1024
78763,1028
78764,1064
78765,1044
78766,1058
78767,1000
78768,971
78769,975
78770,966
78771,939
78772,939
78773,922
78774,909
78775,910
78776,889
78777,890
78778,896
78779,890
78780,875
78781,877
78782,879
78783,878
78784,877
78785,869
78786,858
78787,869
78788,867
78789,873
78790,871
78791,870
78792,853
78793,860
78794,872
78795,867
78796,871
78797,873
78798,859
78799,870
78800,902
78801,889
78802,876
78803,923
78804,947
78805,948
78806,962
78807,933
78808,929
78809,945
78810,965
78811,938
78812,945
78813,946
78814,935
78815,923
78816,939
78817,951
78818,951
78819,954
78820,976
78821,976
78822,947
78823,940
78824,927
78825,940
78826,939
78827,932
78828,961
78829,978
78830,965
78831,998
78832,956
78833,940
78834,953
78835,976
78836,973
78837,966
78838,940
78839,938
78840,919
78841,926
78842,943
78843,928
78844,933
78845,931
78846,936
78847,940
78848,957
78849,965
78850,950
78851,922
78852,927
78853,921
78854,923
78855,934
78856,943
78857,974
78858,1030
78859,1013
78860,947
78861,988
78862,1033
78863,934
78864,912
78865,934
78866,909
78867,915
78868,919
78869,914
78870,912
78871,928
78872,911
78873,929
78874,903
78875,883
78876,903
78877,929
78878,944
78879,940
78880,949
78881,957
78882,939
78883,937
78884,931
78885,917
78886,917
78887,929
78888,907
78889,920
78890,951
78891,945
78892,932
78893,936
78894,940
78895,966
78896,954
78897,949
78898,901
78899,891
78900,886
78901,898
78902,904
78903,871
78904,887
78905,869
78906,871
78907,884
78908,881
78909,877
78910,877
78911,894
78912,905
78913,892
78914,919
78915,913
78916,935
78917,936
78918,934
78919,933
78920,932
78921,935
78922,918
78923,912
78924,891
78925,894
78926,899
78927,895
78928,897
78929,884
78930,895
78931,905
78932,911
78933,919
78934,927
78935,931
78936,913
78937,926
78938,923
78939,943
78940,934
78941,922
78942,911
78943,915
78944,923
78945,920
78946,903
78947,919
78948,904
78949,890
78950,898
78951,890
78952,891
78953,888
78954,911
78955,899
78956,912
78957,913
78958,893
78959,897
78960,901
78961,906
78962,899
78963,883
78964,890
78965,897
78966,880
78967,904
78968,923
78969,911
78970,907
78971,892
78972,913
78973,914
78974,935
78975,928
78976,922
78977,939
78978,931
78979,936
78980,912
78981,917
78982,934
78983,917
78984,925
78985,924
78986,932
78987,948
78988,968
78989,957
78990,927
78991,931
78992,930
78993,918
78994,908
78995,902
78996,896
78997,900
78998,902
78999,878
79000,878
79001,867
79002,864
79003,861
79004,864
79005,857
79006,858
79007,857
79008,860
79009,849
79010,848
79011,869
79012,869
79013,868
79014,884
79015,894
79016,904
79017,911
79018,915
79019,916
79020,914
79021,918
79022,920
79023,931
79024,928
79025,949
79026,949
79027,931
79028,945
79029,969
79030,942
79031,936
79032,941
79033,931
79034,965
79035,938
79036,937
79037,950
79038,976
79039,991
79040,981
79041,994
79042,995
79043,990
79044,995
79045,992
79046,1015
79047,998
79048,1005
79049,1011
79050,1025
79051,1046
79052,1071
79053,1084
79054,1141
79055,1183
79056,1195
79057,1162
79058,1150
79059,1110
79060,1111
79061,1122
79062,1109
79063,1096
79064,1065
79065,1062
79066,1071
79067,1062
79068,1141
79069,1120
79070,1159
79071,1172
79072,1137
79073,1154
79074,1229
79075,1277
79076,1377
79077,1523
79078,1487
79079,1416
79080,1513
79081,1536
79082,1730
79083,1820
79084,1833
79085,1738
79086,1543
79087,1618
79088,1661
79089,1649
79090,1687
79091,1772
79092,1714
79093,1646
79094,1632
79095,1716
79096,1763
79097,1613
79098,1537
79099,1645
79100,1562
79101,1572
79102,1627
79103,1603
79104,1522
79105,1485
79106,1503
79107,1522
79108,1428
79109,1395
79110,1391
79111,1334
79112,1255
79113,1343
79114,1364
79115,1386
79116,1376
79117,1316
79118,1306
79119,1274
79120,1225
79121,1223
79122,1201
79123,1189
79124,1178
79125,1194
79126,1180
79127,1204
79128,1224
79129,1240
79130,1187
79131,1152
79132,1175
79133,1102
79134,1106
79135,1121
79136,1116
79137,-99999
79138,-99999
79139,-99999
79140,-99999
79141,-99999
79142,-99999
79143,-99999
79144,-99999
79145,-99999
79146,-99999
79147,-99999
79148,-99999
79149,-99999
79150,-99999
79151,-99999
79152,-99999
79153,-99999
79154,-99999
79155,-99999
79156,-99999
79157,-99999
79158,-99999
79159,-99999
79160,-99999
79161,-99999
79162,-99999
79163,-99999
79164,-99999
79165,-99999
79166,-99999
79167,-99999
79168,-99999
79169,-99999
79170,-99999
79171,-99999
79172,-99999
79173,-99999
79174,-99999
79175,-99999
79176,-99999
79177,-99999
79178,-99999
79179,-99999
79180,-99999
79181,-99999
79182,-99999
79183,-99999
79184,-99999
79185,-99999
79186,-99999
79187,-99999
79188,-99999
79189,-99999
79190,-99999
79191,-99999
79192,-99999
79193,-99999
79194,-99999
79195,-99999
79196,-99999
79197,-99999
79198,-99999
79199,-99999
79200,-99999
79201,-99999
79202,-99999
79203,-99999
79204,-99999
79205,-99999
79206,-99999
79207,-99999
79208,-99999
79209,-99999
79210,-99999
79211,-99999
79212,-99999
79213,-99999
79214,-99999
79215,-99999
79216,-99999
79217,-99999
79218,-99999
79219,-99999
79220,-99999
79221,-99999
79222,-99999
79223,-99999
79224,-99999
79225,-99999
79226,-99999
79227,-99999
79228,-99999
79229,-99999
79230,-99999
79231,-99999
79232,-99999
79233,-99999
79234,-99999
79235,-99999
79236,-99999
79237,-99999
79238,-99999
79239,-99999
79240,-99999
79241,-99999
79242,-99999
79243,-99999
79244,-99999
79245,-99999
79246,-99999
79247,-99999
79248,-99999
79249,-99999
79250,-99999
79251,-99999
79252,-99999
79253,-99999
79254,-99999
79255,-99999
79256,-99999
79257,-99999
79258,-99999
79259,-99999
79260,-99999
79261,-99999
79262,-99999
79263,-99999
79264,-99999
79265,-99999
79266,-99999
79267,-99999
79268,-99999
79269,-99999
79270,-99999
79271,-99999
79272,-99999
79273,-99999
79274,-99999
79275,-99999
79276,-99999
79277,-99999
79278,-99999
79279,-99999
79280,-99999
79281,-99999
79282,-99999
79283,-99999
79284,-99999
79285,-99999
79286,-99999
79287,-99999
79288,-99999
79289,-99999
79290,-99999
79291,-99999
79292,-99999
79293,-99999
79294,-99999
79295,-99999
79296,-99999
79297,-99999
79298,-99999
79299,-99999
79300,-99999
79301,-99999
79302,-99999
79303,-99999
79304,-99999
79305,-99999
79306,-99999
79307,-99999
79308,-99999
79309,-99999
79310,-99999
79311,-99999
79312,-99999
79313,-99999
79314,-99999
79315,-99999
79316,-99999
79317,-99999
79318,-99999
79319,-99999
79320,-99999
79321,-99999
79322,-99999
79323,-99999
79324,-99999
79325,-99999
79326,-99999
79327,-99999
79328,-99999
79329,-99999
79330,-99999
79331,-99999
79332,-99999
79333,-99999
79334,-99999
79335,-99999
79336,-99999
79337,-99999
79338,-99999
79339,-99999
79340,-99999
79341,-99999
79342,-99999
79343,-99999
79344,-99999
79345,-99999
79346,-99999
79347,-99999
79348,-99999
79349,-99999
79350,-99999
79351,-99999
79352,-99999
79353,-99999
79354,-99999
79355,-99999
79356,-99999
79357,-99999
79358,-99999
79359,-99999
79360,-99999
79361,-99999
79362,-99999
79363,-99999
79364,-99999
79365,-99999
79366,-99999
79367,-99999
79368,-99999
79369,-99999
79370,-99999
79371,-99999
79372,-99999
79373,-99999
79374,-99999
79375,-99999
79376,-99999
79377,-99999
79378,-99999
79379,-99999
79380,-99999
79381,-99999
79382,-99999
79383,-99999
79384,-99999
79385,-99999
79386,-99999
79387,-99999
79388,-99999
79389,-99999
79390,-99999
79391,-99999
79392,-99999
79393,-99999
79394,-99999
79395,-99999
79396,-99999
79397,-99999
79398,-99999
79399,-99999
79400,-99999
79401,-99999
79402,-99999
79403,-99999
79404,-99999
79405,-99999
79406,-99999
79407,-99999
79408,-99999
79409,-99999
79410,-99999
79411,-99999
79412,-99999
79413,-99999
79414,-99999
79415,-99999
79416,-99999
79417,-99999
79418,-99999
79419,-99999
79420,-99999
79421,-99999
79422,-99999
79423,-99999
79424,-99999
79425,-99999
79426,-99999
79427,-99999
79428,-99999
79429,-99999
79430,-99999
79431,-99999
79432,-99999
79433,-99999
79434,-99999
79435,-99999
79436,-99999
79437,-99999
79438,-99999
79439,-99999
79440,-99999
79441,-99999
79442,-99999
79443,-99999
79444,-99999
79445,-99999
79446,-99999
79447,-99999
79448,-99999
79449,-99999
79450,-99999
79451,-99999
79452,-99999
79453,-99999
79454,-99999
79455,-99999
79456,-99999
79457,-99999
79458,-99999
79459,-99999
79460,-99999
79461,-99999
79462,-99999
79463,-99999
79464,-99999
79465,-99999
79466,-99999
79467,-99999
79468,-99999
79469,-99999
79470,-99999
79471,-99999
79472,-99999
79473,-99999
79474,-99999
79475,-99999
79476,-99999
79477,-99999
79478,-99999
79479,-99999
79480,-99999
79481,-99999
79482,-99999
79483,-99999
79484,-99999
79485,-99999
79486,-99999
79487,-99999
79488,-99999
79489,-99999
79490,-99999
79491,-99999
79492,-99999
79493,-99999
79494,-99999
79495,-99999
79496,-99999
79497,-99999
79498,-99999
79499,-99999
79500,-99999
79501,-99999
79502,-99999
79503,-99999
79504,-99999
79505,-99999
79506,-99999
79507,-99999
79508,-99999
79509,-99999
79510,-99999
79511,-99999
79512,-99999
79513,-99999
79514,-99999
79515,-99999
79516,-99999
79517,-99999
79518,-99999
79519,-99999
79520,-99999
79521,-99999
79522,-99999
79523,-99999
79524,-99999
79525,-99999
79526,-99999
79527,-99999
79528,-99999
79529,-99999
79530,-99999
79531,-99999
79532,-99999
79533,-99999
79534,-99999
79535,-99999
79536,-99999
79537,-99999
79538,-99999
79539,-99999
79540,-99999
79541,-99999
79542,-99999
79543,-99999
79544,-99999
79545,-99999
79546,-99999
79547,-99999
79548,-99999
79549,-99999
79550,-99999
79551,-99999
79552,-99999
79553,-99999
79554,-99999
79555,-99999
79556,-99999
79557,-99999
79558,-99999
79559,-99999
79560,-99999
79561,-99999
79562,-99999
79563,-99999
79564,-99999
79565,-99999
79566,-99999
79567,-99999
79568,-99999
79569,-99999
79570,-99999
79571,-99999
79572,-99999
79573,-99999
79574,-99999
79575,-99999
79576,-99999
79577,-99999
79578,-99999
79579,-99999
79580,-99999
79581,-99999
79582,-99999
79583,-99999
79584,-99999
79585,-99999
79586,-99999
79587,-99999
79588,-99999
79589,-99999
79590,-99999
79591,-99999
79592,-99999
79593,-99999
79594,-99999
79595,-99999
79596,-99999
79597,-99999
79598,-99999
79599,-99999
79600,-99999
79601,-99999
79602,-99999
79603,-99999
79604,-99999
79605,-99999
79606,-99999
79607,-99999
79608,-99999
79609,-99999
79610,-99999
79611,-99999
79612,-99999
79613,-99999
79614,-99999
79615,-99999
79616,-99999
79617,-99999
79618,-99999
79619,-99999
79620,-99999
79621,-99999
79622,-99999
79623,-99999
79624,-99999
79625,-99999
79626,-99999
79627,-99999
79628,-99999
79629,-99999
79630,-99999
79631,-99999
79632,-99999
79633,-99999
79634,-99999
79635,-99999
79636,-99999
79637,-99999
79638,-99999
79639,-99999
79640,-99999
79641,-99999
79642,-99999
79643,-99999
79644,-99999
79645,-99999
79646,-99999
79647,-99999
79648,-99999
79649,-99999
79650,-99999
79651,-99999
79652,-99999
79653,-99999
79654,-99999
79655,-99999
79656,-99999
79657,-99999
79658,-99999
79659,-99999
79660,-99999
79661,-99999
79662,-99999
79663,-99999
79664,-99999
79665,-99999
79666,-99999
79667,-99999
79668,-99999
79669,-99999
79670,-99999
79671,-99999
79672,-99999
79673,-99999
79674,-99999
79675,-99999
79676,-99999
79677,-99999
79678,-99999
79679,-99999
79680,-99999
79681,-99999
79682,-99999
79683,1047
79684,1037
79685,1043
79686,1048
79687,1037
79688,1035
79689,1072
79690,1033
79691,1036
79692,1048
79693,1042
79694,1068
79695,1029
79696,1026
79697,1043
79698,1056
79699,1056
79700,1052
79701,1030
79702,1028
79703,1031
79704,1029
79705,1004
79706,953
79707,940
79708,938
79709,920
79710,901
79711,902
79712,909
79713,889
79714,883
79715,896
79716,875
79717,880
79718,882
79719,890
79720,888
79721,878
79722,894
79723,919
79724,930
79725,949
79726,956
79727,968
79728,992
79729,998
79730,1016
79731,1011
79732,983
79733,997
79734,1006
79735,1012
79736,1017
79737,978
79738,969
79739,964
79740,946
79741,948
79742,946
79743,955
79744,952
79745,951
79746,942
79747,979
79748,979
79749,1006
79750,1009
79751,975
79752,954
79753,916
79754,879
79755,877
79756,877
79757,915
79758,929
79759,939
79760,967
79761,987
79762,1014
79763,997
79764,1005
79765,1003
79766,967
79767,967
79768,955
79769,986
79770,1001
79771,999
79772,994
79773,1000
