NETCARE2015/data/raw/Flight9/SP2_Polar6_20150420_R2_L2.ict
38, 1001
Herber, Andreas; Schulz, Hannes
Alfred Wegener Institute (AWI), Bremerhaven, Germany
rBC mass concentration from SP2 (single particle soot photometer), combined high and low gain channel, size range 75 to 700 nm
NETCARE Polar 6 Campaign 2015
1, 1
2015,04,20, 2017, 09, 07
1
Time_UTC, seconds
4
1, 1, 1, 1, 1
-9999, -9999, -9999, -9999, -9999
BC_mass_concVOL, ug/m3
BC_numb_concVOL, 1/vccm
BC_mass_concSTP, ug/m3STP
BC_numb_concSTP, 1/sccm
0
20
PI_CONTACT_INFO: Address: AWI, Am Handelshafen 12, D-27570 Bremerhaven, email: andreas.herber@awi.de; hannes.schulz@awi.de
PLATFORM: Polar 6
LOCATION: GPS location and altitude available at 1 Hz resolution in separate file
ASSOCIATED_DATA: N/A
INSTRUMENT_INFO: Refractory black carbon aerosol measurements based on laser induced incandescence
DATA_INFO: Units are ug/m3 (volumetric) or ug/m3 STP (NIST standard NTP 20C, 1013.25 hPa; corrected with chamber temperature and pressure)
UNCERTAINTY: +/- 10%, typical intra-model variability of SP2 derived BC mass concentration [Laborde et al., 2012]
ULOD_FLAG: -7777
ULOD_VALUE: N/A
LLOD_FLAG: not masked
LLOD_VALUE: zero ug/m3 (e.g. no particle or particles <0.3 fg per single particle detection)
DM_CONTACT_INFO: Hannes Schulz, see above
PROJECT_INFO: NETCARE Polar 6 aircraft campaign in April 2015
STIPULATIONS_ON_USE: Preliminary data! Use of these data requires prior approval from PI
OTHER_COMMENTS: N/A
REVISION: R2
R2: Preliminary data; calibration: Fullerene Soot, DLR lab 2015/01/20; bad data and zero filter masked as -9999
R1: Preliminary data, updated header information, corrected mass concentration
R0: Preliminary data, initial release
Time_UTC, BC_mass_concVOL, BC_numb_concVOL, BC_mass_concSTP, BC_numb_concSTP
[from data line 12531]
90900, 0.000000, 0.000000, 0.000000, 0.000000
90901, 0.000974, 0.511698, 0.001109, 0.582452
90902, 0.002588, 1.458797, 0.002947, 1.661205
90903, 0.000000, 0.000000, 0.000000, 0.000000
90904, 0.000000, 0.000000, 0.000000, 0.000000
90905, 0.001941, 0.481455, 0.002208, 0.547611
90906, 0.000000, 0.000000, 0.000000, 0.000000
90907, 0.000695, 0.473696, 0.000791, 0.539269
90908, 0.128494, 1.954539, 0.146201, 2.223888
90909, 0.001778, 0.491049, 0.002024, 0.559026
90910, 0.000709, 0.505195, 0.000808, 0.575366
90911, 0.004196, 1.036431, 0.004778, 1.180201
90912, 0.000833, 0.528108, 0.000949, 0.601422
90913, 0.000000, 0.000000, 0.000000, 0.000000
90914, 0.000000, 0.000000, 0.000000, 0.000000
90915, 0.002275, 1.659598, 0.002593, 1.891973
90916, 0.002003, 1.065255, 0.002281, 1.213405
90917, 0.003531, 1.042243, 0.004024, 1.187673
90918, 0.016677, 0.998470, 0.019006, 1.137903
90919, 0.000000, 0.000000, 0.000000, 0.000000
90920, 0.001093, 0.999405, 0.001246, 1.139451
90921, 0.000821, 1.015184, 0.000936, 1.157616
90922, 0.001447, 0.483103, 0.001649, 0.550535
90923, 0.000000, 0.000000, 0.000000, 0.000000
90924, 0.003864, 0.477374, 0.004405, 0.544238
90925, 0.000338, 0.471215, 0.000385, 0.537235
90926, 0.001939, 0.457298, 0.002209, 0.520894
90927, 0.000000, 0.000000, 0.000000, 0.000000
90928, 0.000000, 0.000000, 0.000000, 0.000000
90929, 0.000371, 0.474054, 0.000423, 0.539989
90930, 0.016572, 1.433811, 0.018872, 1.632790
90931, 0.000340, 0.495136, 0.000387, 0.564020
90932, 0.000000, 0.000000, 0.000000, 0.000000
90933, 0.000000, 0.000000, 0.000000, 0.000000
90934, 0.001353, 0.500497, 0.001541, 0.570009
90935, 0.003058, 1.573932, 0.003484, 1.792961
90936, 0.001288, 0.502485, 0.001469, 0.572713
90937, 0.000000, 0.000000, 0.000000, 0.000000
90938, 0.002638, 1.594797, 0.003009, 1.818518
90939, 0.000000, 0.000000, 0.000000, 0.000000
90940, 0.000850, 1.055183, 0.000969, 1.203368
90941, 0.001106, 1.021456, 0.001261, 1.164277
90942, 0.001469, 0.550516, 0.001675, 0.627790
90943, 0.002827, 0.514852, 0.003222, 0.586774
90944, 0.000345, 0.478760, 0.000393, 0.545859
90945, 0.000000, 0.000000, 0.000000, 0.000000
90946, 0.002033, 0.493108, 0.002320, 0.562572
90947, 0.000000, 0.000000, 0.000000, 0.000000
90948, 0.000000, 0.000000, 0.000000, 0.000000
90949, 0.000307, 0.491551, 0.000350, 0.560317
90950, 0.000000, 0.000000, 0.000000, 0.000000
90951, 0.003888, 1.545024, 0.004432, 1.761398
90952, 0.000000, 0.000000, 0.000000, 0.000000
90953, 0.002139, 1.042389, 0.002438, 1.188121
90954, 0.000632, 0.496575, 0.000720, 0.565933
90955, 0.000000, 0.000000, 0.000000, 0.000000
90956, 0.001500, 0.509918, 0.001710, 0.581297
90957, 0.005637, 0.497779, 0.006424, 0.567245
90958, 0.000524, 0.495794, 0.000597, 0.564891
90959, 0.004635, 0.987104, 0.005281, 1.124532
90960, 0.000000, 0.000000, 0.000000, 0.000000
90961, 0.000000, 0.000000, 0.000000, 0.000000
90962, 0.000434, 0.517688, 0.000495, 0.589894
90963, 0.000000, 0.000000, 0.000000, 0.000000
90964, 0.000466, 0.504168, 0.000530, 0.574054
90965, 0.000000, 0.000000, 0.000000, 0.000000
90966, 0.000000, 0.000000, 0.000000, 0.000000
90967, 0.000000, 0.000000, 0.000000, 0.000000
90968, 0.000000, 0.000000, 0.000000, 0.000000
90969, 0.000330, 0.502267, 0.000375, 0.571849
90970, 0.001191, 0.504648, 0.001356, 0.574560
90971, 0.001264, 0.522395, 0.001438, 0.594657
90972, 0.000544, 0.482719, 0.000618, 0.548114
90973, 0.000000, 0.000000, 0.000000, 0.000000
90974, 0.000000, 0.000000, 0.000000, 0.000000
90975, 0.006398, 0.499066, 0.007281, 0.567963
90976, 0.001941, 1.437865, 0.002209, 1.636400
90977, 0.002155, 0.469242, 0.002452, 0.533885
90978, 0.000000, 0.000000, 0.000000, 0.000000
90979, 0.001943, 0.499725, 0.002212, 0.568801
90980, 0.002005, 0.954341, 0.002282, 1.086124
90981, 0.000000, 0.000000, 0.000000, 0.000000
90982, 0.000976, 1.002624, 0.001112, 1.142125
90983, 0.000508, 0.495158, 0.000579, 0.563770
90984, 0.001085, 0.492901, 0.001236, 0.561120
90985, 0.005833, 1.002176, 0.006642, 1.141086
90986, 0.001725, 0.512231, 0.001964, 0.583161
90987, 0.000000, 0.000000, 0.000000, 0.000000
90988, 0.000000, 0.000000, 0.000000, 0.000000
90989, 0.012267, 1.588101, 0.013959, 1.807138
90990, 0.000000, 0.000000, 0.000000, 0.000000
90991, 0.001791, 1.060224, 0.002040, 1.207349
90992, 0.000417, 0.509336, 0.000475, 0.579856
90993, 0.000389, 0.480498, 0.000443, 0.546951
90994, 0.011323, 0.980073, 0.012891, 1.115864
90995, 0.003258, 0.962117, 0.003708, 1.095260
90996, 0.002604, 0.975262, 0.002963, 1.109704
90997, 0.000898, 0.612096, 0.001022, 0.696254
90998, 0.000400, 0.487282, 0.000456, 0.554593
90999, 0.000000, 0.000000, 0.000000, 0.000000
91000, 0.000000, 0.000000, 0.000000, 0.000000
91001, 0.004637, 1.506557, 0.005274, 1.713843
91002, 0.004897, 2.556009, 0.005571, 2.907536
91003, 0.000000, 0.000000, 0.000000, 0.000000
91004, 0.000986, 1.002725, 0.001121, 1.140600
91005, 0.001401, 1.040369, 0.001594, 1.183506
91006, 0.000000, 0.000000, 0.000000, 0.000000
91007, 0.003336, 0.509080, 0.003796, 0.579297
91008, 0.001725, 1.036963, 0.001964, 1.180665
91009, 0.003069, 1.027852, 0.003493, 1.170187
91010, 0.002837, 2.110099, 0.003230, 2.402311
91011, 0.002216, 1.036589, 0.002524, 1.180732
91012, 0.001087, 0.522602, 0.001239, 0.595723
91013, 0.004698, 1.576780, 0.005355, 1.797258
91014, 0.001903, 0.989680, 0.002168, 1.127475
91015, 0.000987, 1.019514, 0.001125, 1.162235
91016, 0.001841, 0.982911, 0.002098, 1.120447
91017, 0.006987, 0.479857, 0.007970, 0.547356
91018, 0.003546, 2.403263, 0.004044, 2.741356
91019, 0.003557, 0.948867, 0.004056, 1.081914
91020, 0.000443, 0.490018, 0.000505, 0.558690
91021, 0.007223, 1.480085, 0.008235, 1.687640
91022, 0.000000, 0.000000, 0.000000, 0.000000
91023, 0.000652, 0.494228, 0.000743, 0.563354
91024, 0.001512, 1.022185, 0.001726, 1.166219
91025, 0.009404, 0.959431, 0.010718, 1.093466
91026, 0.001273, 0.955775, 0.001452, 1.090172
91027, 0.000953, 0.489834, 0.001087, 0.558730
91028, 0.001736, 0.999110, 0.001982, 1.140575
91029, 0.005013, 0.981961, 0.005720, 1.120410
91030, 0.000957, 0.500655, 0.001092, 0.571484
91031, 0.000000, 0.000000, 0.000000, 0.000000
91032, 0.000767, 1.051971, 0.000875, 1.201115
91033, 0.000000, 0.000000, 0.000000, 0.000000
91034, 0.000314, 0.506996, 0.000359, 0.579381
91035, 0.002720, 0.489484, 0.003108, 0.559358
91036, 0.000000, 0.000000, 0.000000, 0.000000
91037, 0.001074, 0.486069, 0.001228, 0.555779
91038, 0.000000, 0.000000, 0.000000, 0.000000
91039, 0.000000, 0.000000, 0.000000, 0.000000
91040, 0.002567, 0.939035, 0.002934, 1.073280
91041, 0.000506, 0.488547, 0.000579, 0.558680
91042, 0.002972, 1.001352, 0.003395, 1.143960
91043, 0.000962, 0.498700, 0.001099, 0.569696
91044, 0.000398, 0.496568, 0.000455, 0.567492
91045, 0.001960, 0.495291, 0.002240, 0.565921
91046, 0.003233, 1.506168, 0.003693, 1.720458
91047, 0.007486, 2.031237, 0.008547, 2.319191
91048, 0.001705, 0.515860, 0.001946, 0.588834
91049, 0.000000, 0.000000, 0.000000, 0.000000
91050, 0.001750, 1.040073, 0.001996, 1.186047
91051, 0.001400, 0.492842, 0.001598, 0.562341
91052, 0.000960, 1.012567, 0.001095, 1.154166
91053, 0.000000, 0.000000, 0.000000, 0.000000
91054, 0.000000, 0.000000, 0.000000, 0.000000
91055, 0.006258, 1.497109, 0.007125, 1.704382
91056, 0.000861, 1.021741, 0.000980, 1.163030
91057, 0.000651, 0.496199, 0.000742, 0.564889
91058, 0.014572, 0.491626, 0.016586, 0.559581
91059, 0.002270, 1.007436, 0.002583, 1.146229
91060, 0.000464, 0.495715, 0.000528, 0.563815
91061, 0.000000, 0.000000, 0.000000, 0.000000
91062, 0.000416, 0.492001, 0.000473, 0.559454
91063, 0.000432, 0.498342, 0.000491, 0.566817
91064, 0.000000, 0.000000, 0.000000, 0.000000
91065, 0.000000, 0.000000, 0.000000, 0.000000
91066, 0.000000, 0.000000, 0.000000, 0.000000
91067, 0.000000, 0.000000, 0.000000, 0.000000
91068, 0.001898, 1.034828, 0.002159, 1.176798
91069, 0.000000, 0.000000, 0.000000, 0.000000
91070, 0.005339, 1.559683, 0.006072, 1.773774
91071, 0.000706, 0.520257, 0.000803, 0.591996
91072, 0.006266, 0.515199, 0.007125, 0.585868
91073, 0.001335, 1.034501, 0.001519, 1.176785
91074, 0.000000, 0.000000, 0.000000, 0.000000
91075, 0.000000, 0.000000, 0.000000, 0.000000
91076, 0.000733, 0.997126, 0.000834, 1.134997
91077, 0.000000, 0.000000, 0.000000, 0.000000
91078, 0.000000, 0.000000, 0.000000, 0.000000
91079, 0.000990, 0.509425, 0.001128, 0.580358
91080, 0.002652, 0.524479, 0.003020, 0.597156
91081, 0.000577, 0.511014, 0.000657, 0.582430
91082, 0.000000, 0.000000, 0.000000, 0.000000
91083, 0.026640, 0.493593, 0.030371, 0.562714
91084, 0.001824, 0.492663, 0.002079, 0.561451
91085, 0.000000, 0.000000, 0.000000, 0.000000
91086, 0.000000, 0.000000, 0.000000, 0.000000
91087, 0.000000, 0.000000, 0.000000, 0.000000
91088, 0.001492, 0.499999, 0.001700, 0.569731
91089, 0.000000, 0.000000, 0.000000, 0.000000
91090, 0.000000, 0.000000, 0.000000, 0.000000
91091, 0.007803, 0.960261, 0.008888, 1.093753
91092, 0.000000, 0.000000, 0.000000, 0.000000
91093, 0.001941, 1.424538, 0.002210, 1.621779
91094, 0.000531, 0.480247, 0.000603, 0.545596
91095, 0.010475, 0.952620, 0.011920, 1.083984
91096, 0.000325, 0.480490, 0.000369, 0.545697
91097, 0.000000, 0.000000, 0.000000, 0.000000
91098, 0.000969, 0.992267, 0.001103, 1.128887
91099, 0.000000, 0.000000, 0.000000, 0.000000
91100, 0.001554, 1.021213, 0.001769, 1.162732
91101, 0.000400, 0.509614, 0.000455, 0.579661
91102, 0.000408, 0.510859, 0.000464, 0.581921
91103, 0.000000, 0.000000, 0.000000, 0.000000
91104, 0.000000, 0.000000, 0.000000, 0.000000
91105, 0.000000, 0.000000, 0.000000, 0.000000
91106, 0.000000, 0.000000, 0.000000, 0.000000
91107, 0.000000, 0.000000, 0.000000, 0.000000
91108, 0.000000, 0.000000, 0.000000, 0.000000
91109, 0.022014, 0.508072, 0.025093, 0.579144
91110, 0.000419, 0.504844, 0.000478, 0.575275
91111, 0.000000, 0.000000, 0.000000, 0.000000
91112, 0.001159, 0.494975, 0.001320, 0.564044
91113, 0.000000, 0.000000, 0.000000, 0.000000
91114, 0.000000, 0.000000, 0.000000, 0.000000
91115, 0.000000, 0.000000, 0.000000, 0.000000
91116, 0.000398, 0.487823, 0.000453, 0.555488
91117, 0.000652, 0.486759, 0.000742, 0.554032
91118, 0.000761, 0.495380, 0.000866, 0.563724
91119, 0.013254, 1.462635, 0.015080, 1.664138
91120, 0.000000, 0.000000, 0.000000, 0.000000
91121, 0.000000, 0.000000, 0.000000, 0.000000
91122, 0.000000, 0.000000, 0.000000, 0.000000
91123, 0.008682, 0.486271, 0.009869, 0.552724
91124, 0.000000, 0.000000, 0.000000, 0.000000
91125, 0.000000, 0.000000, 0.000000, 0.000000
91126, 0.003372, 0.499749, 0.003834, 0.568231
91127, 0.000000, 0.000000, 0.000000, 0.000000
91128, 0.000000, 0.000000, 0.000000, 0.000000
91129, 0.002070, 1.015450, 0.002354, 1.154618
91130, 0.000000, 0.000000, 0.000000, 0.000000
91131, 0.001835, 1.582496, 0.002088, 1.800987
91132, 0.000329, 0.524030, 0.000375, 0.596354
91133, 0.000974, 0.505611, 0.001108, 0.575511
91134, 0.003476, 0.534248, 0.003959, 0.608502
91135, 0.004741, 1.014598, 0.005400, 1.155790
91136, 0.006967, 0.497142, 0.007940, 0.566555
91137, 0.000000, 0.000000, 0.000000, 0.000000
91138, 0.000000, 0.000000, 0.000000, 0.000000
91139, 0.000000, 0.000000, 0.000000, 0.000000
91140, 0.000000, 0.000000, 0.000000, 0.000000
91141, 0.000000, 0.000000, 0.000000, 0.000000
91142, 0.000000, 0.000000, 0.000000, 0.000000
91143, 0.000000, 0.000000, 0.000000, 0.000000
91144, 0.000000, 0.000000, 0.000000, 0.000000
91145, 0.000000, 0.000000, 0.000000, 0.000000
91146, 0.000380, 0.467646, 0.000433, 0.532742
91147, 0.000000, 0.000000, 0.000000, 0.000000
91148, 0.000000, 0.000000, 0.000000, 0.000000
91149, 0.004863, 0.981801, 0.005539, 1.118149
91150, 0.000000, 0.000000, 0.000000, 0.000000
91151, 0.000000, 0.000000, 0.000000, 0.000000
91152, 0.000375, 0.483480, 0.000427, 0.550763
91153, 0.001422, 0.969288, 0.001619, 1.103366
91154, 0.004151, 1.470881, 0.004724, 1.674149
91155, 0.000000, 0.000000, 0.000000, 0.000000
91156, 0.000451, 0.488542, 0.000513, 0.556192
91157, 0.000364, 0.499290, 0.000415, 0.568447
91158, 0.000000, 0.000000, 0.000000, 0.000000
91159, 0.000410, 0.508656, 0.000467, 0.578366
91160, 0.000455, 0.540019, 0.000518, 0.615102
91161, 0.000000, 0.000000, 0.000000, 0.000000
91162, 0.000893, 0.510182, 0.001017, 0.581077
91163, 0.000000, 0.000000, 0.000000, 0.000000
91164, 0.000000, 0.000000, 0.000000, 0.000000
91165, 0.000000, 0.000000, 0.000000, 0.000000
91166, 0.002670, 0.488861, 0.003041, 0.556793
91167, 0.002772, 0.491146, 0.003157, 0.559331
91168, 0.001935, 1.509230, 0.002203, 1.718218
91169, 0.000000, 0.000000, 0.000000, 0.000000
91170, 0.000000, 0.000000, 0.000000, 0.000000
91171, 0.000000, 0.000000, 0.000000, 0.000000
91172, 0.000541, 0.502824, 0.000615, 0.572138
91173, 0.000000, 0.000000, 0.000000, 0.000000
91174, 0.004646, 0.491671, 0.005284, 0.559187
91175, 0.000000, 0.000000, 0.000000, 0.000000
91176, 0.000337, 0.500310, 0.000383, 0.569263
91177, 0.000000, 0.000000, 0.000000, 0.000000
91178, 0.000000, 0.000000, 0.000000, 0.000000
91179, 0.000401, 0.495558, 0.000457, 0.563805
91180, 0.001320, 0.495571, 0.001501, 0.563507
91181, 0.006360, 0.499204, 0.007236, 0.567903
91182, 0.004929, 0.507120, 0.005607, 0.576947
91183, 0.000330, 0.508764, 0.000376, 0.578874
91184, 0.000000, 0.000000, 0.000000, 0.000000
91185, 0.000000, 0.000000, 0.000000, 0.000000
91186, 0.000000, 0.000000, 0.000000, 0.000000
91187, 0.003667, 0.518075, 0.004175, 0.589792
91188, 0.001157, 1.029291, 0.001319, 1.172883
91189, 0.000956, 0.516773, 0.001089, 0.588777
91190, 0.000962, 0.517761, 0.001097, 0.590452
91191, 0.001605, 0.513971, 0.001830, 0.586079
91192, 0.000311, 0.508699, 0.000355, 0.580168
91193, 0.000000, 0.000000, 0.000000, 0.000000
91194, 0.000000, 0.000000, 0.000000, 0.000000
91195, 0.000417, 0.486736, 0.000476, 0.555405
91196, 0.003799, 0.933813, 0.004335, 1.065555
91197, 0.005365, 1.010458, 0.006120, 1.152661
91198, 0.002043, 0.465900, 0.002330, 0.531426
91199, 0.000000, 0.000000, 0.000000, 0.000000
91200, 0.002963, 0.450538, 0.003382, 0.514247
91201, 0.000000, 0.000000, 0.000000, 0.000000
91202, 0.002085, 0.491299, 0.002378, 0.560282
91203, 0.000000, 0.000000, 0.000000, 0.000000
91204, 0.000000, 0.000000, 0.000000, 0.000000
91205, 0.000929, 0.477270, 0.001059, 0.544359
91206, 0.000000, 0.000000, 0.000000, 0.000000
91207, 0.000000, 0.000000, 0.000000, 0.000000
91208, 0.002412, 0.963051, 0.002749, 1.097431
91209, 0.000000, 0.000000, 0.000000, 0.000000
91210, 0.002293, 0.978056, 0.002611, 1.113734
91211, 0.000000, 0.000000, 0.000000, 0.000000
91212, 0.000418, 0.519860, 0.000476, 0.591919
91213, 0.000000, 0.000000, 0.000000, 0.000000
91214, 0.000000, 0.000000, 0.000000, 0.000000
91215, 0.000000, 0.000000, 0.000000, 0.000000
91216, 0.007658, 1.524718, 0.008718, 1.735830
91217, 0.001275, 1.018703, 0.001452, 1.159538
91218, 0.000000, 0.000000, 0.000000, 0.000000
91219, 0.000000, 0.000000, 0.000000, 0.000000
91220, 0.002699, 0.524439, 0.003073, 0.597144
91221, 0.000400, 0.519974, 0.000455, 0.591976
91222, 0.000431, 0.522016, 0.000491, 0.594277
91223, 0.000572, 0.547039, 0.000652, 0.623235
91224, 0.001495, 0.536073, 0.001702, 0.610434
91225, 0.004992, 1.053673, 0.005681, 1.199133
91226, 0.000583, 0.534949, 0.000664, 0.609210
91227, 0.002139, 1.565217, 0.002436, 1.782624
91228, 0.000000, 0.000000, 0.000000, 0.000000
91229, 0.000000, 0.000000, 0.000000, 0.000000
91230, 0.000326, 0.493794, 0.000371, 0.562264
91231, 0.000803, 1.001240, 0.000914, 1.139862
91232, 0.000768, 1.016990, 0.000873, 1.157284
91233, 0.000000, 0.000000, 0.000000, 0.000000
91234, 0.001507, 0.950961, 0.001715, 1.081944
91235, 0.001011, 0.963122, 0.001150, 1.095580
91236, 0.019578, 0.492006, 0.022263, 0.559493
91237, 0.000000, 0.000000, 0.000000, 0.000000
91238, 0.001051, 0.997038, 0.001195, 1.134395
91239, 0.000000, 0.000000, 0.000000, 0.000000
91240, 0.003147, 2.011293, 0.003580, 2.287975
91241, 0.001147, 1.010201, 0.001306, 1.149558
91242, 0.000363, 0.506086, 0.000413, 0.576054
91243, 0.000322, 0.500397, 0.000367, 0.569633
91244, 0.000554, 0.512333, 0.000631, 0.583291
91245, 0.000000, 0.000000, 0.000000, 0.000000
91246, 0.000000, 0.000000, 0.000000, 0.000000
