NETCARE2015/data/raw/Flight9/SP2_Polar6_20150420_R2_L2.ict
38, 1001
Herber, Andreas; Schulz, Hannes
Alfred Wegener Institute (AWI), Bremerhaven, Germany
rBC mass concentration from SP2 (single particle soot photometer), combined high and low gain channel, size range 75 to 700 nm
NETCARE Polar 6 Campaign 2015
1, 1
2015,04,20, 2017, 09, 07
1
Time_UTC, seconds
4
1, 1, 1, 1, 1
-9999, -9999, -9999, -9999, -9999
BC_mass_concVOL, ug/m3
BC_numb_concVOL, 1/vccm
BC_mass_concSTP, ug/m3STP
BC_numb_concSTP, 1/sccm
0
20
PI_CONTACT_INFO: Address: AWI, Am Handelshafen 12, D-27570 Bremerhaven, email: andreas.herber@awi.de; hannes.schulz@awi.de
PLATFORM: Polar 6
LOCATION: GPS location and altitude available at 1 Hz resolution in separate file
ASSOCIATED_DATA: N/A
INSTRUMENT_INFO: Refractory black carbon aerosol measurements based on laser induced incandescence
DATA_INFO: Units are ug/m3 (volumetric) or ug/m3 STP (NIST standard NTP 20C, 1013.25 hPa; corrected with chamber temperature and pressure)
UNCERTAINTY: +/- 10%, typical intra-model variability of SP2 derived BC mass concentration [Laborde et al., 2012]
ULOD_FLAG: -7777
ULOD_VALUE: N/A
LLOD_FLAG: not masked
LLOD_VALUE: zero ug/m3 (e.g. no particle or particles <0.3 fg per single particle detection)
DM_CONTACT_INFO: Hannes Schulz, see above
PROJECT_INFO: NETCARE Polar 6 aircraft campaign in April 2015
STIPULATIONS_ON_USE: Preliminary data! Use of these data requires prior approval from PI
OTHER_COMMENTS: N/A
REVISION: R2
R2: Preliminary data; calibration: Fullerene Soot, DLR lab 2015/01/20; bad data and zero filter masked as -9999
R1: Preliminary data, updated header information, corrected mass concentration
R0: Preliminary data, initial release
Time_UTC, BC_mass_concVOL, BC_numb_concVOL, BC_mass_concSTP, BC_numb_concSTP
[from data line 8720]
87089, 0.006209, 1.495014, 0.008585, 2.067114
87090, 0.004007, 1.977691, 0.005539, 2.733988
87091, 0.001452, 0.976892, 0.002005, 1.349408
87092, 0.005828, 1.403971, 0.008045, 1.938061
87093, 0.006056, 1.952438, 0.008364, 2.696595
87094, 0.004850, 1.976371, 0.006682, 2.723022
87095, 0.001492, 1.446095, 0.002058, 1.994765
87096, 0.000000, 0.000000, 0.000000, 0.000000
87097, 0.006603, 1.447473, 0.009099, 1.994606
87098, 0.003174, 0.975620, 0.004376, 1.345035
87099, 0.000342, 0.495610, 0.000472, 0.683294
87100, 0.003268, 1.006009, 0.004503, 1.386377
87101, 0.003256, 1.555166, 0.004490, 2.144675
87102, 0.003773, 0.999618, 0.005200, 1.377523
87103, 0.000000, 0.000000, 0.000000, 0.000000
87104, 0.006160, 1.053291, 0.008506, 1.454339
87105, 0.000000, 0.000000, 0.000000, 0.000000
87106, 0.005607, 1.054134, 0.007737, 1.454598
87107, 0.000656, 0.521451, 0.000906, 0.719921
87108, 0.001557, 1.580480, 0.002151, 2.182930
87109, 0.002511, 1.030905, 0.003467, 1.423643
87110, 0.000000, 0.000000, 0.000000, 0.000000
87111, 0.001884, 1.019447, 0.002599, 1.406127
87112, 0.003918, 1.541291, 0.005405, 2.125887
87113, 0.001867, 1.505829, 0.002576, 2.078436
87114, 0.004096, 0.993663, 0.005640, 1.368037
87115, 0.001560, 1.475625, 0.002150, 2.033572
87116, 0.001999, 0.982808, 0.002758, 1.355816
87117, 0.002897, 2.990292, 0.003992, 4.120534
87118, 0.009763, 2.049150, 0.013467, 2.826585
87119, 0.002288, 1.000632, 0.003157, 1.380904
87120, 0.012650, 3.626335, 0.017459, 5.004624
87121, 0.002624, 1.043129, 0.003623, 1.440360
87122, 0.028634, 1.966380, 0.039562, 2.716811
87123, 0.000000, 0.000000, 0.000000, 0.000000
87124, 0.000491, 0.506550, 0.000679, 0.700506
87125, 0.009240, 3.522928, 0.012786, 4.875052
87126, 0.002470, 2.037751, 0.003419, 2.821179
87127, 0.013183, 0.981086, 0.018233, 1.356877
87128, 0.000309, 0.496250, 0.000428, 0.687193
87129, 0.000982, 0.511096, 0.001360, 0.707370
87130, 0.001369, 0.997112, 0.001895, 1.379943
87131, 0.000000, 0.000000, 0.000000, 0.000000
87132, 0.001985, 1.493833, 0.002747, 2.068079
87133, 0.000782, 0.478454, 0.001081, 0.661867
87134, 0.001136, 0.486515, 0.001572, 0.673259
87135, 0.001025, 0.959704, 0.001417, 1.327285
87136, 0.001723, 0.472066, 0.002382, 0.652825
87137, 0.001879, 0.963961, 0.002599, 1.333199
87138, 0.001352, 0.958250, 0.001870, 1.324996
87139, 0.004563, 1.454034, 0.006308, 2.010162
87140, 0.002684, 0.994525, 0.003711, 1.375115
87141, 0.001271, 0.494110, 0.001758, 0.683166
87142, 0.002888, 1.491257, 0.003987, 2.059310
87143, 0.004353, 2.911247, 0.006010, 4.019799
87144, 0.001816, 1.495634, 0.002510, 2.066758
87145, 0.003207, 2.489726, 0.004429, 3.438089
87146, 0.001390, 1.542172, 0.001919, 2.130083
87147, 0.006469, 2.072467, 0.008938, 2.863355
87148, 0.001479, 1.013169, 0.002043, 1.399292
87149, 0.023183, 0.998123, 0.031993, 1.377453
87150, 0.000529, 0.509974, 0.000731, 0.704479
87151, 0.010668, 3.626316, 0.014718, 5.003212
87152, 0.006124, 2.001927, 0.008457, 2.764669
87153, 0.000315, 0.499317, 0.000435, 0.689319
87154, 0.002106, 1.006640, 0.002905, 1.388864
87155, 0.001617, 1.010033, 0.002230, 1.392664
87156, 0.004993, 1.529979, 0.006879, 2.108086
87157, 0.000369, 0.501716, 0.000508, 0.691416
87158, 0.002071, 1.500744, 0.002853, 2.067312
87159, 0.000000, 0.000000, 0.000000, 0.000000
87160, 0.001020, 0.984606, 0.001404, 1.355490
87161, 0.001752, 1.481542, 0.002412, 2.039910
87162, 0.002356, 1.472657, 0.003242, 2.026215
87163, 0.003798, 0.491751, 0.005228, 0.676978
87164, 0.006641, 1.016307, 0.009133, 1.397781
87165, 0.003328, 2.470577, 0.004579, 3.398726
87166, 0.000474, 0.499658, 0.000652, 0.687230
87167, 0.003319, 1.472994, 0.004564, 2.025800
87168, 0.004889, 2.400598, 0.006725, 3.302065
87169, 0.000898, 0.504752, 0.001236, 0.694687
87170, 0.014315, 1.980410, 0.019697, 2.725057
87171, 0.002620, 1.013499, 0.003606, 1.395119
87172, 0.000591, 0.501546, 0.000814, 0.690647
87173, 0.003606, 2.577796, 0.004962, 3.547165
87174, 0.000000, 0.000000, 0.000000, 0.000000
87175, 0.002726, 1.524036, 0.003756, 2.099626
87176, 0.002802, 0.511317, 0.003862, 0.704823
87177, 0.000313, 0.508950, 0.000431, 0.701798
87178, 0.002287, 0.501835, 0.003151, 0.691554
87179, 0.000563, 0.517863, 0.000775, 0.713339
87180, 0.011487, 1.577829, 0.015826, 2.173893
87181, 0.022552, 2.640690, 0.031092, 3.640675
87182, 0.007161, 2.490425, 0.009872, 3.433098
87183, 0.012372, 3.375961, 0.017042, 4.650206
87184, 0.001167, 0.997326, 0.001607, 1.373834
87185, 0.003504, 0.993251, 0.004827, 1.368377
87186, 0.003171, 1.500704, 0.004366, 2.066404
87187, 0.002780, 2.020045, 0.003830, 2.782951
87188, 0.000869, 0.986715, 0.001197, 1.359335
87189, 0.006651, 0.971443, 0.009157, 1.337316
87190, 0.009075, 3.461050, 0.012485, 4.761462
87191, 0.010911, 3.389302, 0.015017, 4.664607
87192, 0.003071, 1.470190, 0.004225, 2.022875
87193, 0.004688, 2.513360, 0.006450, 3.457744
87194, 0.001624, 1.458430, 0.002234, 2.005972
87195, 0.001857, 0.508439, 0.002556, 0.699751
87196, 0.006178, 2.524553, 0.008498, 3.472388
87197, 0.001533, 0.983062, 0.002108, 1.351180
87198, 0.006925, 1.522759, 0.009537, 2.097020
87199, 0.000512, 0.503577, 0.000706, 0.694228
87200, 0.006684, 2.546450, 0.009210, 3.508834
87201, 0.007067, 3.611047, 0.009743, 4.978232
87202, 0.004616, 1.554419, 0.006365, 2.143351
87203, 0.005203, 1.031972, 0.007176, 1.423197
87204, 0.002289, 1.028913, 0.003159, 1.419621
87205, 0.000361, 0.520585, 0.000498, 0.717845
87206, 0.002378, 1.022578, 0.003280, 1.410664
87207, 0.000809, 1.011763, 0.001116, 1.396116
87208, 0.010748, 2.016269, 0.014839, 2.783627
87209, 0.003724, 1.004930, 0.005139, 1.386544
87210, 0.000340, 0.497641, 0.000469, 0.686602
87211, 0.002525, 0.971020, 0.003484, 1.339691
87212, 0.004107, 2.418849, 0.005664, 3.335560
87213, 0.002750, 0.974327, 0.003789, 1.342216
87214, 0.000851, 0.479208, 0.001173, 0.660054
87215, 0.002384, 0.951522, 0.003281, 1.309781
87216, 0.001868, 1.454344, 0.002566, 1.998083
87217, 0.008217, 1.975041, 0.011306, 2.717563
87218, 0.008995, 2.967492, 0.012380, 4.084123
87219, 0.010613, 2.000754, 0.014614, 2.755035
87220, 0.000657, 0.990050, 0.000904, 1.362178
87221, 0.000000, 0.000000, 0.000000, 0.000000
87222, 0.000317, 0.496224, 0.000437, 0.683593
87223, 0.028379, 3.854440, 0.039038, 5.302126
87224, 0.002512, 1.486735, 0.003457, 2.046651
87225, 0.011275, 1.484146, 0.015519, 2.042697
87226, 0.004044, 0.998229, 0.005566, 1.374046
87227, 0.003904, 1.006715, 0.005374, 1.385740
87228, 0.000907, 1.003867, 0.001247, 1.380594
87229, 0.000398, 0.491634, 0.000548, 0.676206
87230, 0.007075, 1.939028, 0.009730, 2.666444
87231, 0.001207, 1.020128, 0.001660, 1.402501
87232, 0.004928, 1.551529, 0.006767, 2.130489
87233, 0.018388, 2.006525, 0.025302, 2.760922
87234, 0.000000, 0.000000, 0.000000, 0.000000
87235, 0.000000, 0.000000, 0.000000, 0.000000
87236, 0.012357, 2.132854, 0.016991, 2.932717
87237, 0.004275, 2.058629, 0.005881, 2.831776
87238, 0.004338, 0.975420, 0.005966, 1.341427
87239, 0.001842, 1.004496, 0.002533, 1.381516
87240, 0.001429, 0.986208, 0.001964, 1.355344
87241, 0.000394, 0.489692, 0.000542, 0.673295
87242, 0.001342, 0.502026, 0.001846, 0.690295
87243, 0.006062, 2.502027, 0.008324, 3.435236
87244, 0.007494, 1.958461, 0.010301, 2.692044
87245, 0.001568, 0.985089, 0.002153, 1.352477
87246, 0.000788, 0.988312, 0.001082, 1.357200
87247, 0.004947, 1.990842, 0.006795, 2.734478
87248, 0.000327, 0.492603, 0.000449, 0.676707
87249, 0.002075, 1.480189, 0.002848, 2.031906
87250, 0.005661, 0.990296, 0.007770, 1.359142
87251, 0.002574, 1.589475, 0.003534, 2.181987
87252, 0.002349, 2.557260, 0.003227, 3.513067
87253, 0.007327, 2.439504, 0.010065, 3.350900
87254, 0.003936, 2.065227, 0.005407, 2.837264
87255, 0.002425, 2.023090, 0.003329, 2.777929
87256, 0.002749, 0.989187, 0.003775, 1.358321
87257, 0.005249, 1.919425, 0.007203, 2.633979
87258, 0.009909, 3.008257, 0.013605, 4.130164
87259, 0.003028, 3.034149, 0.004148, 4.156823
87260, 0.002958, 1.527434, 0.004058, 2.095318
87261, 0.003950, 1.012212, 0.005424, 1.389938
87262, 0.005178, 3.407464, 0.007105, 4.675218
87263, 0.001287, 1.009873, 0.001767, 1.386430
87264, 0.000764, 0.990328, 0.001050, 1.359933
87265, 0.004305, 1.523157, 0.005916, 2.093250
87266, 0.005474, 1.541375, 0.007524, 2.118598
87267, 0.001176, 1.015306, 0.001617, 1.395352
87268, 0.001167, 0.975262, 0.001602, 1.339460
87269, 0.024992, 1.494599, 0.034342, 2.053797
87270, 0.001105, 0.987623, 0.001517, 1.356365
87271, 0.005684, 1.014453, 0.007811, 1.393992
87272, 0.012500, 1.913677, 0.017162, 2.627334
87273, 0.001052, 0.948336, 0.001445, 1.303028
87274, 0.006898, 1.869023, 0.009477, 2.567766
87275, 0.000000, 0.000000, 0.000000, 0.000000
87276, 0.007128, 0.976643, 0.009789, 1.341262
87277, 0.009856, 0.484992, 0.013542, 0.666329
87278, 0.000000, 0.000000, 0.000000, 0.000000
87279, 0.000686, 0.536600, 0.000942, 0.737273
87280, 0.006645, 2.503517, 0.009128, 3.439202
87281, 0.002982, 1.961113, 0.004095, 2.693346
87282, 0.007925, 1.923757, 0.010886, 2.642356
87283, 0.003039, 1.987438, 0.004175, 2.730705
87284, 0.001761, 0.994395, 0.002420, 1.366179
87285, 0.009483, 1.975674, 0.013027, 2.714036
87286, 0.000590, 0.499239, 0.000811, 0.686253
87287, 0.003523, 1.534103, 0.004840, 2.107509
87288, 0.001058, 1.058531, 0.001454, 1.455313
87289, 0.001431, 1.558596, 0.001967, 2.143406
87290, 0.000391, 0.517229, 0.000537, 0.710941
87291, 0.002210, 1.535397, 0.003038, 2.110466
87292, 0.001980, 1.050432, 0.002722, 1.444165
87293, 0.000000, 0.000000, 0.000000, 0.000000
87294, 0.008254, 2.078744, 0.011336, 2.855022
87295, 0.009471, 2.940273, 0.013012, 4.039580
87296, 0.000561, 0.502515, 0.000771, 0.690056
87297, 0.002551, 1.495981, 0.003504, 2.055196
87298, 0.003154, 1.537390, 0.004333, 2.112325
87299, 0.005466, 0.996099, 0.007513, 1.369053
87300, 0.001059, 0.984059, 0.001455, 1.351612
87301, 0.009047, 4.510028, 0.012424, 6.193065
87302, 0.001079, 0.487909, 0.001481, 0.669804
87303, 0.008017, 3.405912, 0.011007, 4.676180
87304, 0.005909, 1.450428, 0.008109, 1.990635
87305, 0.001502, 0.967425, 0.002062, 1.327941
87306, 0.002168, 0.990289, 0.002976, 1.359294
87307, 0.003627, 1.505324, 0.004974, 2.064351
87308, 0.000349, 0.494203, 0.000479, 0.677997
87309, 0.002720, 1.527644, 0.003727, 2.093764
87310, 0.001539, 0.509596, 0.002110, 0.698774
87311, 0.005280, 1.565614, 0.007242, 2.147401
87312, 0.000476, 0.506948, 0.000653, 0.695147
87313, 0.011751, 0.984865, 0.016108, 1.350045
87314, 0.003729, 1.537496, 0.005111, 2.107625
87315, 0.001501, 0.506666, 0.002058, 0.694432
87316, 0.003091, 0.996230, 0.004240, 1.366419
87317, 0.000868, 0.507990, 0.001190, 0.696978
87318, 0.000601, 0.505859, 0.000825, 0.694218
87319, 0.000531, 0.526777, 0.000728, 0.722713
87320, 0.006301, 2.042977, 0.008657, 2.806747
87321, 0.000000, 0.000000, 0.000000, 0.000000
87322, 0.004125, 1.484504, 0.005665, 2.038762
87323, 0.000447, 0.513256, 0.000615, 0.705296
87324, 0.001894, 1.012453, 0.002603, 1.391469
87325, 0.015118, 1.970662, 0.020776, 2.708219
87326, 0.005795, 2.543877, 0.007968, 3.497565
87327, 0.005160, 1.335285, 0.007184, 1.859243
87328, 0.001533, 1.285496, 0.002135, 1.790891
87329, 0.001422, 1.153537, 0.001982, 1.608163
87330, 0.002299, 1.083840, 0.003204, 1.510490
87331, 0.002401, 1.508783, 0.003348, 2.103254
87332, 0.000591, 0.959346, 0.000823, 1.336943
87333, 0.005521, 1.427815, 0.007692, 1.989381
87334, 0.008222, 1.405228, 0.011440, 1.955332
87335, 0.000817, 0.947305, 0.001138, 1.320132
87336, 0.002376, 1.308604, 0.003311, 1.823565
87337, 0.000000, 0.000000, 0.000000, 0.000000
87338, 0.002983, 0.875797, 0.004156, 1.220347
87339, 0.006903, 1.318061, 0.009622, 1.837112
87340, 0.002629, 1.284172, 0.003663, 1.789207
87341, 0.005136, 0.840189, 0.007155, 1.170475
87342, 0.012476, 2.228233, 0.017371, 3.102339
87343, 0.001379, 0.901684, 0.001920, 1.255210
87344, 0.001606, 0.917405, 0.002236, 1.276983
87345, 0.001036, 0.941383, 0.001443, 1.311065
87346, 0.001240, 1.434064, 0.001727, 1.998317
87347, 0.000364, 0.502017, 0.000507, 0.698905
87348, 0.001318, 0.504240, 0.001836, 0.702047
87349, 0.000000, 0.000000, 0.000000, 0.000000
87350, 0.000000, 0.000000, 0.000000, 0.000000
87351, 0.001160, 0.524571, 0.001615, 0.730009
87352, 0.000000, 0.000000, 0.000000, 0.000000
87353, 0.003870, 1.055458, 0.005386, 1.469097
87354, 0.003544, 1.077373, 0.004934, 1.499883
87355, 0.000000, 0.000000, 0.000000, 0.000000
87356, 0.001945, 1.091626, 0.002709, 1.520510
87357, 0.001344, 0.526657, 0.001873, 0.733524
87358, 0.000000, 0.000000, 0.000000, 0.000000
87359, 0.005465, 1.111886, 0.007617, 1.549539
87360, 0.000000, 0.000000, 0.000000, 0.000000
87361, 0.000736, 1.079555, 0.001026, 1.505639
87362, 0.000978, 0.525045, 0.001366, 0.732750
87363, 0.002369, 1.066657, 0.003301, 1.486571
87364, 0.006041, 1.561294, 0.008419, 2.176068
87365, 0.004572, 1.978226, 0.006376, 2.758714
87366, 0.000000, 0.000000, 0.000000, 0.000000
87367, 0.000519, 0.486783, 0.000725, 0.679158
87368, 0.000000, 0.000000, 0.000000, 0.000000
87369, 0.005672, 0.935515, 0.007906, 1.303883
87370, 0.003251, 1.451961, 0.004528, 2.022626
87371, 0.005420, 0.929290, 0.007549, 1.294342
87372, 0.001238, 0.464168, 0.001725, 0.646690
87373, 0.007569, 1.417731, 0.010539, 1.974060
87374, 0.001229, 0.914811, 0.001712, 1.273777
87375, 0.000000, 0.000000, 0.000000, 0.000000
87376, 0.000691, 0.455668, 0.000962, 0.634177
87377, 0.024172, 1.787090, 0.033637, 2.486863
87378, 0.006192, 1.847110, 0.008622, 2.572125
87379, 0.000795, 0.481084, 0.001107, 0.669743
87380, 0.000522, 0.493214, 0.000728, 0.687392
87381, 0.002325, 1.486303, 0.003239, 2.070694
87382, 0.006070, 1.538124, 0.008446, 2.140315
87383, 0.000000, 0.000000, 0.000000, 0.000000
87384, 0.000790, 0.524707, 0.001099, 0.730613
87385, 0.002401, 1.079495, 0.003342, 1.502967
87386, 0.000000, 0.000000, 0.000000, 0.000000
87387, 0.005207, 2.099425, 0.007245, 2.921527
87388, 0.005919, 1.042721, 0.008242, 1.452052
87389, 0.007096, 1.026153, 0.009881, 1.428916
87390, 0.007975, 1.567481, 0.011103, 2.182310
87391, 0.000000, 0.000000, 0.000000, 0.000000
87392, 0.000484, 0.737128, 0.000675, 1.026585
87393, 0.000000, 0.000000, 0.000000, 0.000000
87394, 0.000988, 1.020424, 0.001359, 1.403368
87395, 0.005646, 1.739417, 0.007756, 2.389608
87396, 0.000851, 0.716163, 0.001168, 0.983456
87397, 0.000259, 0.361542, 0.000356, 0.496408
87398, 0.001821, 1.132773, 0.002502, 1.556386
87399, 0.002696, 1.587509, 0.003703, 2.180471
87400, 0.002038, 1.220740, 0.002799, 1.676243
87401, 0.002565, 0.829504, 0.003523, 1.139210
87402, 0.004101, 2.128722, 0.005629, 2.922136
87403, 0.000000, 0.000000, 0.000000, 0.000000
87404, 0.003403, 1.298919, 0.004665, 1.780957
87405, 0.014726, 0.912512, 0.020184, 1.250761
87406, 0.000455, 0.462361, 0.000624, 0.633655
87407, 0.001397, 1.440767, 0.001916, 1.975906
87408, 0.000293, 0.481739, 0.000402, 0.659979
87409, 0.002233, 0.981258, 0.003061, 1.345192
87410, 0.003067, 2.041592, 0.004203, 2.798347
87411, 0.003944, 1.106266, 0.005410, 1.517447
87412, 0.000849, 0.568999, 0.001165, 0.780896
87413, 0.001161, 0.594523, 0.001593, 0.815842
87414, 0.005037, 1.794776, 0.006909, 2.462138
87415, 0.006919, 1.179300, 0.009490, 1.617423
87416, 0.002065, 0.601936, 0.002829, 0.824858
87417, 0.009072, 2.512973, 0.012433, 3.444131
87418, 0.001886, 0.647945, 0.002586, 0.888205
87419, 0.004303, 1.322614, 0.005900, 1.813417
87420, 0.000975, 0.661381, 0.001336, 0.905860
87421, 0.000000, 0.000000, 0.000000, 0.000000
87422, 0.003350, 0.657341, 0.004587, 0.899960
87423, 0.001295, 0.681049, 0.001775, 0.932947
87424, 0.000000, 0.000000, 0.000000, 0.000000
87425, 0.001145, 0.644414, 0.001566, 0.881264
87426, 0.001100, 0.629280, 0.001504, 0.860606
87427, 0.000000, 0.000000, 0.000000, 0.000000
87428, 0.002437, 1.796780, 0.003334, 2.458155
87429, 0.000000, 0.000000, 0.000000, 0.000000
87430, 0.001843, 1.078541, 0.002519, 1.473669
87431, 0.000000, 0.000000, 0.000000, 0.000000
87432, 0.002418, 1.500114, 0.003302, 2.048212
87433, 0.001889, 0.994890, 0.002579, 1.358018
87434, 0.002211, 1.941694, 0.003018, 2.650755
