NETCARE2015/data/raw/Flight9/SP2_Polar6_20150420_R2_L2.ict
38, 1001
Herber, Andreas; Schulz, Hannes
Alfred Wegener Institute (AWI), Bremerhaven, Germany
rBC mass concentration from SP2 (single particle soot photometer), combined high and low gain channel, size range 75 to 700 nm
NETCARE Polar 6 Campaign 2015
1, 1
2015,04,20, 2017, 09, 07
1
Time_UTC, seconds
4
1, 1, 1, 1, 1
-9999, -9999, -9999, -9999, -9999
BC_mass_concVOL, ug/m3
BC_numb_concVOL, 1/vccm
BC_mass_concSTP, ug/m3STP
BC_numb_concSTP, 1/sccm
0
20
PI_CONTACT_INFO: Address: AWI, Am Handelshafen 12, D-27570 Bremerhaven, email: andreas.herber@awi.de; hannes.schulz@awi.de
PLATFORM: Polar 6
LOCATION: GPS location and altitude available at 1 Hz resolution in separate file
ASSOCIATED_DATA: N/A
INSTRUMENT_INFO: Refractory black carbon aerosol measurements based on laser induced incandescence
DATA_INFO: Units are ug/m3 (volumetric) or ug/m3 STP (NIST standard NTP 20C, 1013.25 hPa; corrected with chamber temperature and pressure)
UNCERTAINTY: +/- 10%, typical intra-model variability of SP2 derived BC mass concentration [Laborde et al., 2012]
ULOD_FLAG: -7777
ULOD_VALUE: N/A
LLOD_FLAG: not masked
LLOD_VALUE: zero ug/m3 (e.g. no particle or particles <0.3 fg per single particle detection)
DM_CONTACT_INFO: Hannes Schulz, see above
PROJECT_INFO: NETCARE Polar 6 aircraft campaign in April 2015
STIPULATIONS_ON_USE: Preliminary data! Use of these data requires prior approval from PI
OTHER_COMMENTS: N/A
REVISION: R2
R2: Preliminary data; calibration: Fullerene Soot, DLR lab 2015/01/20; bad data and zero filter masked as -9999
R1: Preliminary data, updated header information, corrected mass concentration
R0: Preliminary data, initial release
Time_UTC, BC_mass_concVOL, BC_numb_concVOL, BC_mass_concSTP, BC_numb_concSTP
[from data line 6008]
84377, 0.088850, 29.667944, 0.156919, 52.396728
84378, 0.083048, 19.995493, 0.146605, 35.298184
84379, 0.081986, 25.753265, 0.144732, 45.462792
84380, 0.099798, 30.904099, 0.176194, 54.561141
84381, 0.112199, 29.732838, 0.197926, 52.450537
84382, 0.057624, 21.270559, 0.101607, 37.505981
84383, 0.093394, 22.993298, 0.164619, 40.528644
84384, 0.118966, 21.492647, 0.209608, 37.868405
84385, 0.060521, 27.212696, 0.106618, 47.939690
84386, 0.108299, 29.150904, 0.190613, 51.307297
84387, 0.134040, 25.877970, 0.235781, 45.520223
84388, 0.123630, 30.691677, 0.217556, 54.009155
84389, 0.199463, 23.355978, 0.350521, 41.044096
84390, 0.044242, 17.884012, 0.077727, 31.419528
84391, 0.063006, 26.041220, 0.110741, 45.770821
84392, 0.312923, 30.573322, 0.549571, 53.694403
84393, 0.056936, 21.906055, 0.099987, 38.469942
84394, 0.068280, 22.967140, 0.119825, 40.305473
84395, 0.270830, 22.303061, 0.473418, 38.986301
84396, 0.045379, 14.067356, 0.079606, 24.677582
84397, 0.068967, 21.078253, 0.120916, 36.955325
84398, 0.136460, 27.129688, 0.239306, 47.576627
84399, 0.089610, 23.018644, 0.157099, 40.355011
84400, 0.060868, 19.921595, 0.106617, 34.895072
84401, 0.076481, 22.043495, 0.133989, 38.618703
84402, 0.129412, 24.968113, 0.226611, 43.721032
84403, 0.105057, 21.072742, 0.184046, 36.916640
84404, 0.078831, 26.371786, 0.138043, 46.180512
84405, 0.244061, 22.069384, 0.427253, 38.634539
84406, 0.116990, 22.872963, 0.204894, 40.059108
84407, 0.065761, 22.148571, 0.115208, 38.802646
84408, 0.085250, 21.154762, 0.149085, 36.995682
84409, 0.049256, 20.037191, 0.086160, 35.049232
84410, 0.052504, 16.799734, 0.091828, 29.382508
84411, 0.085470, 17.234600, 0.149408, 30.127513
84412, 0.071465, 21.008615, 0.124966, 36.735979
84413, 0.072006, 21.826036, 0.125922, 38.169036
84414, 0.043291, 24.037535, 0.075629, 41.993634
84415, 0.197348, 25.314875, 0.344684, 44.214586
84416, 0.041300, 16.753471, 0.072145, 29.265715
84417, 0.044290, 20.102898, 0.077361, 35.113419
84418, 0.058183, 17.868416, 0.101549, 31.186312
84419, 0.050781, 17.789511, 0.088667, 31.061558
84420, 0.076706, 20.315973, 0.133780, 35.432390
84421, 0.210699, 21.624592, 0.367724, 37.740445
84422, 0.090156, 29.710018, 0.157341, 51.850034
84423, 0.037120, 16.544346, 0.064718, 28.845273
84424, 0.051551, 20.504080, 0.089888, 35.752119
84425, 0.200557, 19.326454, 0.349600, 33.688840
84426, 0.070441, 24.686043, 0.122959, 43.090945
84427, 0.040624, 17.877493, 0.070837, 31.173487
84428, 0.063457, 21.686522, 0.110531, 37.774007
84429, 0.053477, 18.059858, 0.093163, 31.462150
84430, 0.042249, 15.774952, 0.073593, 27.478038
84431, 0.046543, 14.879508, 0.080982, 25.889269
84432, 0.063619, 18.422001, 0.110603, 32.026988
84433, 0.032006, 13.382511, 0.055613, 23.253205
84434, 0.121630, 15.315142, 0.211404, 26.619004
84435, 0.036381, 14.803932, 0.063162, 25.701737
84436, 0.081660, 24.639418, 0.141760, 42.773584
84437, 0.047412, 18.155226, 0.082325, 31.524639
84438, 0.125274, 23.709944, 0.217659, 41.194969
84439, 0.139008, 18.918228, 0.241404, 32.853794
84440, 0.065783, 16.047796, 0.114223, 27.864774
84441, 0.082991, 21.383385, 0.144118, 37.133381
84442, 0.036599, 15.619834, 0.063506, 27.103663
84443, 0.063661, 21.061174, 0.110454, 36.541833
84444, 0.077938, 19.527983, 0.135255, 33.889306
84445, 0.028940, 13.338881, 0.050170, 23.124458
84446, 0.045383, 18.031780, 0.078729, 31.281063
84447, 0.057762, 18.018387, 0.100050, 31.209814
84448, 0.073667, 21.204077, 0.127470, 36.690404
84449, 0.064889, 20.944099, 0.112214, 36.218851
84450, 0.052352, 17.075972, 0.090486, 29.514209
84451, 0.030561, 14.777917, 0.052829, 25.546040
84452, 0.041399, 17.017590, 0.071512, 29.395859
84453, 0.064919, 15.796165, 0.111967, 27.244219
84454, 0.080130, 15.603427, 0.138255, 26.921715
84455, 0.055350, 15.157500, 0.095447, 26.138059
84456, 0.041991, 18.880058, 0.072378, 32.542913
84457, 0.052660, 18.122696, 0.090765, 31.235972
84458, 0.049212, 19.332251, 0.084761, 33.297491
84459, 0.092564, 20.972466, 0.159446, 36.125871
84460, 0.040151, 18.289011, 0.069150, 31.497792
84461, 0.079559, 17.949007, 0.136970, 30.901328
84462, 0.063459, 18.418682, 0.109272, 31.715832
84463, 0.032231, 13.402225, 0.055443, 23.054154
84464, 0.051739, 17.573946, 0.088993, 30.228087
84465, 0.033356, 13.923963, 0.057321, 23.927434
84466, 0.058081, 15.930423, 0.099820, 27.378771
84467, 0.044803, 17.818283, 0.076971, 30.611542
84468, 0.052997, 17.977140, 0.090925, 30.842551
84469, 0.061699, 15.386386, 0.105881, 26.404686
84470, 0.079732, 15.947366, 0.136773, 27.356012
84471, 0.035442, 16.466255, 0.060805, 28.249794
84472, 0.083861, 14.047216, 0.143861, 24.097554
84473, 0.046566, 18.649683, 0.079827, 31.971103
84474, 0.075214, 16.213558, 0.128851, 27.776052
84475, 0.042014, 18.121706, 0.072002, 31.056205
84476, 0.137084, 21.030313, 0.234615, 35.992771
84477, 0.050598, 13.297550, 0.086636, 22.768890
84478, 0.109994, 21.663465, 0.188128, 37.052145
84479, 0.027397, 11.533940, 0.046814, 19.708597
84480, 0.058531, 19.741171, 0.100054, 33.746279
84481, 0.058019, 21.009766, 0.099129, 35.896558
84482, 0.037407, 14.883451, 0.063884, 25.417962
84483, 0.067557, 16.924303, 0.115342, 28.895466
84484, 0.215991, 18.673492, 0.368770, 31.882021
84485, 0.051178, 17.854044, 0.087318, 30.461583
84486, 0.085866, 25.035870, 0.146370, 42.676715
84487, 0.056036, 24.959316, 0.095574, 42.570216
84488, 0.063279, 22.492266, 0.107817, 38.323190
84489, 0.053395, 21.975323, 0.090916, 37.417908
84490, 0.034790, 12.668955, 0.059293, 21.591683
84491, 0.065025, 18.450174, 0.110684, 31.405700
84492, 0.047243, 17.957508, 0.080408, 30.563905
84493, 0.031780, 17.328688, 0.054057, 29.475093
84494, 0.039037, 19.193434, 0.066392, 32.642903
84495, 0.100129, 12.155369, 0.170341, 20.678881
84496, 0.066064, 18.951973, 0.112301, 32.215994
84497, 0.045734, 18.612480, 0.077646, 31.599531
84498, 0.063916, 18.883287, 0.108536, 32.065697
84499, 0.022337, 9.968210, 0.037905, 16.915819
84500, 0.050146, 18.367134, 0.085081, 31.162619
84501, 0.089287, 18.226906, 0.151533, 30.933735
84502, 0.044349, 15.275791, 0.075240, 25.915939
84503, 0.063387, 17.918247, 0.107463, 30.377561
84504, 0.051021, 13.042005, 0.086517, 22.115589
84505, 0.037716, 15.820343, 0.063858, 26.786299
84506, 0.038939, 13.653502, 0.065883, 23.101015
84507, 0.056105, 15.788834, 0.094936, 26.716526
84508, 0.082921, 17.425554, 0.140239, 29.470550
84509, 0.037604, 14.718926, 0.063587, 24.889447
84510, 0.070514, 16.819063, 0.119129, 28.414691
84511, 0.023212, 16.903406, 0.039232, 28.569218
84512, 0.073382, 23.396076, 0.123905, 39.504001
84513, 0.045639, 15.331925, 0.077053, 25.885486
84514, 0.035504, 15.067003, 0.059966, 25.447813
84515, 0.041214, 12.891125, 0.069521, 21.745155
84516, 0.044137, 17.427114, 0.074513, 29.420862
84517, 0.034879, 17.909855, 0.058826, 30.206521
84518, 0.043842, 18.677006, 0.073982, 31.517267
84519, 0.073466, 19.524036, 0.123868, 32.918365
84520, 0.111135, 23.133425, 0.187260, 38.979245
84521, 0.032059, 16.596378, 0.054008, 27.958805
84522, 0.027442, 15.420684, 0.046248, 25.988975
84523, 0.075241, 22.198414, 0.126449, 37.306501
84524, 0.059514, 19.666962, 0.100283, 33.139739
84525, 0.043684, 14.368880, 0.073503, 24.176988
84526, 0.050731, 22.655523, 0.085341, 38.111574
84527, 0.065656, 21.317709, 0.110432, 35.855959
84528, 0.116066, 13.063725, 0.195127, 21.962334
84529, 0.062264, 22.245756, 0.104619, 37.378532
84530, 0.045243, 13.138694, 0.075982, 22.065611
84531, 0.039245, 19.443586, 0.065924, 32.661188
84532, 0.061228, 19.328194, 0.102785, 32.446446
84533, 0.039270, 15.131379, 0.065895, 25.390456
84534, 0.094319, 23.095238, 0.158153, 38.725549
84535, 0.026588, 13.325734, 0.044598, 22.352409
84536, 0.078823, 18.983900, 0.132156, 31.828544
84537, 0.069616, 20.034603, 0.116595, 33.554397
84538, 0.047858, 21.045876, 0.080208, 35.271930
84539, 0.082690, 22.942352, 0.138489, 38.423974
84540, 0.074674, 23.163052, 0.125021, 38.779832
84541, 0.047673, 16.775286, 0.079806, 28.082255
84542, 0.052084, 19.940029, 0.087264, 33.408274
84543, 0.104550, 24.323351, 0.175031, 40.720648
84544, 0.061360, 20.377937, 0.102677, 34.099597
84545, 0.118458, 19.762728, 0.198258, 33.075991
84546, 0.073326, 19.753754, 0.122569, 33.019713
84547, 0.071041, 17.168209, 0.118823, 28.715243
84548, 0.054793, 20.635185, 0.091548, 34.477050
84549, 0.070810, 14.939509, 0.117923, 24.879438
84550, 0.058011, 18.301392, 0.096840, 30.551155
84551, 0.036687, 16.666431, 0.061217, 27.810522
84552, 0.057722, 21.823195, 0.096302, 36.408936
84553, 0.066577, 22.963285, 0.110990, 38.281795
84554, 0.083949, 23.318932, 0.139950, 38.874830
84555, 0.042241, 19.264551, 0.070380, 32.097742
84556, 0.034641, 14.617302, 0.057761, 24.372959
84557, 0.060328, 23.432419, 0.100511, 39.040376
84558, 0.051657, 15.973029, 0.086027, 26.600606
84559, 0.121067, 23.241484, 0.201697, 38.720072
84560, 0.057705, 18.071257, 0.096093, 30.092868
84561, 0.058065, 18.298651, 0.096672, 30.465550
84562, 0.034964, 15.778028, 0.058235, 26.279628
84563, 0.099365, 23.673237, 0.165273, 39.375618
84564, 0.059065, 22.086437, 0.098281, 36.750852
84565, 0.042540, 14.740873, 0.070762, 24.520563
84566, 0.092886, 20.790358, 0.154550, 34.592268
84567, 0.212835, 20.984760, 0.353665, 34.870137
84568, 0.079175, 20.102680, 0.131562, 33.403613
84569, 0.062752, 18.466833, 0.104265, 30.683072
84570, 0.102196, 26.491606, 0.169681, 43.985003
84571, 0.061467, 14.820275, 0.102063, 24.608302
84572, 0.167010, 21.791489, 0.277277, 36.179194
84573, 0.194815, 21.928749, 0.323232, 36.383577
84574, 0.075940, 18.507715, 0.125823, 30.665049
84575, 0.077705, 17.919441, 0.128751, 29.691079
84576, 0.038438, 16.404089, 0.063659, 27.167424
84577, 0.095427, 20.635046, 0.157983, 34.162200
84578, 0.055433, 19.878183, 0.091778, 32.911711
84579, 0.040037, 17.094543, 0.066273, 28.296372
84580, 0.109322, 26.142897, 0.180797, 43.235225
84581, 0.045580, 16.916111, 0.075145, 27.888451
84582, 0.046008, 15.456858, 0.076099, 25.565994
84583, 0.121831, 18.879623, 0.201468, 31.220480
84584, 0.059526, 23.296158, 0.098326, 38.480944
84585, 0.042759, 24.936230, 0.070612, 41.179296
84586, 0.052018, 18.741510, 0.085893, 30.946640
84587, 0.068784, 21.605614, 0.113457, 35.637867
84588, 0.081742, 21.752205, 0.134866, 35.889135
84589, 0.060046, 23.141632, 0.098984, 38.148605
84590, 0.077318, 27.383764, 0.127454, 45.140417
84591, 0.037428, 17.665197, 0.061701, 29.121234
84592, 0.080368, 20.323473, 0.132377, 33.475591
84593, 0.082754, 28.016312, 0.136247, 46.126221
84594, 0.111684, 22.857876, 0.183958, 37.649802
84595, 0.070493, 19.235661, 0.115955, 31.641051
84596, 0.048415, 17.910458, 0.079624, 29.455522
84597, 0.142285, 24.880423, 0.233854, 40.892497
84598, 0.064788, 18.493755, 0.106419, 30.377482
84599, 0.236894, 28.687527, 0.389218, 47.133796
84600, 0.061136, 22.691172, 0.100246, 37.206957
84601, 0.067982, 20.046965, 0.111490, 32.876876
84602, 0.053412, 20.441431, 0.087586, 33.519938
84603, 0.225176, 23.201372, 0.369136, 38.034580
84604, 0.091633, 23.195127, 0.150200, 38.020250
84605, 0.155574, 24.237038, 0.254808, 39.696973
84606, 0.057134, 18.456287, 0.093596, 30.234869
84607, 0.160835, 27.267197, 0.263275, 44.634411
84608, 0.097099, 26.650414, 0.159037, 43.650338
84609, 0.073873, 21.987898, 0.120851, 35.970750
84610, 0.041707, 20.967319, 0.068101, 34.235946
84611, 0.109898, 23.461292, 0.179888, 38.403138
84612, 0.109477, 24.924145, 0.179153, 40.787105
84613, 0.091333, 23.183048, 0.149569, 37.965051
84614, 0.066742, 20.030779, 0.109257, 32.790692
84615, 0.162045, 29.745924, 0.265173, 48.676564
84616, 0.059582, 20.780069, 0.097451, 33.987520
84617, 0.068094, 21.501673, 0.111386, 35.171538
84618, 0.061721, 21.346210, 0.100845, 34.877191
84619, 0.072272, 22.925056, 0.118059, 37.448869
84620, 0.096673, 25.135965, 0.157743, 41.014809
84621, 0.059393, 19.990408, 0.096925, 32.622640
84622, 0.153086, 26.288067, 0.249606, 42.862751
84623, 0.071751, 24.450108, 0.116925, 39.843651
84624, 0.072269, 26.702456, 0.117645, 43.468533
84625, 0.115324, 30.706217, 0.187777, 49.997539
84626, 0.063167, 22.191767, 0.102772, 36.106087
84627, 0.099383, 22.936350, 0.161574, 37.289528
84628, 0.083084, 23.742842, 0.135118, 38.612419
84629, 0.070426, 20.726645, 0.114489, 33.694566
84630, 0.056805, 22.958281, 0.092370, 37.332296
84631, 0.106328, 27.071390, 0.172671, 43.962347
84632, 0.121064, 29.028019, 0.196566, 47.131265
84633, 0.078508, 23.099670, 0.127384, 37.480254
84634, 0.089507, 30.529875, 0.145279, 49.553051
84635, 0.085450, 22.373745, 0.138461, 36.254105
84636, 0.067446, 21.765211, 0.109337, 35.283311
84637, 0.133510, 22.514929, 0.216291, 36.475041
84638, 0.141828, 22.148470, 0.229700, 35.871036
84639, 0.083220, 24.321630, 0.134760, 39.384740
84640, 0.068977, 23.396860, 0.111663, 37.876137
84641, 0.135860, 32.220554, 0.219771, 52.120917
84642, 0.061227, 22.639141, 0.098979, 36.598274
84643, 0.063964, 19.568850, 0.103436, 31.644730
84644, 0.078836, 24.900129, 0.127461, 40.258350
84645, 0.063340, 19.186729, 0.102295, 30.986993
84646, 0.044649, 14.912660, 0.072165, 24.102927
84647, 0.059333, 18.386370, 0.095849, 29.702200
84648, 0.043981, 17.394238, 0.071101, 28.120059
84649, 0.044799, 16.130932, 0.072329, 26.043789
84650, 0.061205, 20.409540, 0.098863, 32.967217
84651, 0.084429, 19.862919, 0.136250, 32.054515
84652, 0.046101, 22.820478, 0.074384, 36.820301
84653, 0.265297, 21.766737, 0.428269, 35.138053
84654, 0.087301, 27.528105, 0.140828, 44.406359
84655, 0.058014, 16.236256, 0.093529, 26.175918
84656, 0.104765, 23.464489, 0.168805, 37.807704
84657, 0.147418, 16.644344, 0.237607, 26.827282
84658, 0.092293, 24.287325, 0.148491, 39.076249
84659, 0.052240, 19.096390, 0.084078, 30.735140
84660, 0.095295, 22.702768, 0.153483, 36.565207
84661, 0.055167, 14.710123, 0.088745, 23.663828
84662, 0.057425, 19.848574, 0.092344, 31.918210
84663, 0.064143, 21.536394, 0.103157, 34.635843
84664, 0.083041, 20.031086, 0.133463, 32.193782
84665, 0.077275, 17.514055, 0.124181, 28.144951
84666, 0.047150, 17.807009, 0.075781, 28.620222
84667, 0.048728, 19.197273, 0.078255, 30.829990
84668, 0.050300, 17.269455, 0.080720, 27.713465
84669, 0.048340, 16.554035, 0.077571, 26.564494
84670, 0.043869, 17.056009, 0.070442, 27.387743
84671, 0.057635, 18.593967, 0.092500, 29.841958
84672, 0.059956, 22.451191, 0.096209, 36.026539
84673, 0.045998, 16.478146, 0.073745, 26.418212
84674, 0.082179, 18.084785, 0.131825, 29.009987
84675, 0.071407, 17.703672, 0.114510, 28.389989
84676, 0.086615, 18.103001, 0.138811, 29.012400
84677, 0.064831, 20.355881, 0.103838, 32.603656
84678, 0.049959, 19.891529, 0.080000, 31.852940
84679, 0.052742, 20.170691, 0.084446, 32.295328
84680, 0.066078, 18.167864, 0.105816, 29.093753
84681, 0.091648, 20.556038, 0.146626, 32.887030
84682, 0.151322, 17.182430, 0.242296, 27.512381
84683, 0.095574, 20.764862, 0.152907, 33.221455
84684, 0.030289, 13.087490, 0.048417, 20.920564
84685, 0.089988, 22.846998, 0.143991, 36.557528
84686, 0.057052, 22.218521, 0.091222, 35.525471
84687, 0.047055, 16.166433, 0.075286, 25.865608
84688, 0.039506, 21.532692, 0.063132, 34.409736
84689, 0.054914, 14.443240, 0.087846, 23.104849
84690, 0.042966, 15.670791, 0.068651, 25.038407
84691, 0.087761, 22.843048, 0.140242, 36.503087
84692, 0.057417, 20.859774, 0.091690, 33.311200
84693, 0.063364, 22.141922, 0.101221, 35.370768
84694, 0.064833, 19.379240, 0.103601, 30.967627
84695, 0.069815, 22.286087, 0.111498, 35.591989
84696, 0.066981, 22.238396, 0.106906, 35.494214
84697, 0.043787, 20.204384, 0.069951, 32.277037
84698, 0.050283, 17.577602, 0.080170, 28.025595
84699, 0.098263, 15.808947, 0.156700, 25.210524
84700, 0.055046, 18.353123, 0.087816, 29.278988
84701, 0.066126, 17.735155, 0.105452, 28.282626
84702, 0.083982, 21.208887, 0.133896, 33.814158
84703, 0.090014, 20.932945, 0.143181, 33.296962
84704, 0.051578, 23.209124, 0.082234, 37.003585
84705, 0.059324, 16.507139, 0.094527, 26.302479
84706, 0.037828, 15.671000, 0.060248, 24.958608
84707, 0.080810, 20.925390, 0.128733, 33.334717
84708, 0.067128, 19.129738, 0.106919, 30.469246
