NETCARE2015/data/raw/Flight9/SP2_Polar6_20150420_R2_L2.ict
38, 1001
Herber, Andreas; Schulz, Hannes
Alfred Wegener Institute (AWI), Bremerhaven, Germany
rBC mass concentration from SP2 (single particle soot photometer), combined high and low gain channel, size range 75 to 700 nm
NETCARE Polar 6 Campaign 2015
1, 1
2015,04,20, 2017, 09, 07
1
Time_UTC, seconds
4
1, 1, 1, 1, 1
-9999, -9999, -9999, -9999, -9999
BC_mass_concVOL, ug/m3
BC_numb_concVOL, 1/vccm
BC_mass_concSTP, ug/m3STP
BC_numb_concSTP, 1/sccm
0
20
PI_CONTACT_INFO: Address: AWI, Am Handelshafen 12, D-27570 Bremerhaven, email: andreas.herber@awi.de; hannes.schulz@awi.de
PLATFORM: Polar 6
LOCATION: GPS location and altitude available at 1 Hz resolution in separate file
ASSOCIATED_DATA: N/A
INSTRUMENT_INFO: Refractory black carbon aerosol measurements based on laser induced incandescence
DATA_INFO: Units are ug/m3 (volumetric) or ug/m3 STP (NIST standard NTP 20C, 1013.25 hPa; corrected with chamber temperature and pressure)
UNCERTAINTY: +/- 10%, typical intra-model variability of SP2 derived BC mass concentration [Laborde et al., 2012]
ULOD_FLAG: -7777
ULOD_VALUE: N/A
LLOD_FLAG: not masked
LLOD_VALUE: zero ug/m3 (e.g. no particle or particles <0.3 fg per single particle detection)
DM_CONTACT_INFO: Hannes Schulz, see above
PROJECT_INFO: NETCARE Polar 6 aircraft campaign in April 2015
STIPULATIONS_ON_USE: Preliminary data! Use of these data requires prior approval from PI
OTHER_COMMENTS: N/A
REVISION: R2
R2: Preliminary data; calibration: Fullerene Soot, DLR lab 2015/01/20; bad data and zero filter masked as -9999
R1: Preliminary data, updated header information, corrected mass concentration
R0: Preliminary data, initial release
Time_UTC, BC_mass_concVOL, BC_numb_concVOL, BC_mass_concSTP, BC_numb_concSTP
[from data line 6675]
85044, 0.023013, 11.103184, 0.036343, 17.534594
85045, 0.028982, 12.676310, 0.045799, 20.031345
85046, 0.082265, 15.328496, 0.129837, 24.192542
85047, 0.078052, 16.868538, 0.123246, 26.635789
85048, 0.029147, 11.539040, 0.046103, 18.251996
85049, 0.069422, 19.063339, 0.109851, 30.165257
85050, 0.053759, 12.830050, 0.085055, 20.299119
85051, 0.040854, 13.660294, 0.064641, 21.613633
85052, 0.038744, 14.488770, 0.061232, 22.898315
85053, 0.085396, 12.783875, 0.134952, 20.202516
85054, 0.039214, 13.860701, 0.061857, 21.864328
85055, 0.033416, 12.216270, 0.052680, 19.259200
85056, 0.035131, 14.720680, 0.055367, 23.199870
85057, 0.054435, 14.632387, 0.085819, 23.068611
85058, 0.038357, 12.175853, 0.060366, 19.162203
85059, 0.052955, 10.422298, 0.083327, 16.399873
85060, 0.054748, 14.574822, 0.086221, 22.953421
85061, 0.023731, 13.511674, 0.037365, 21.275002
85062, 0.046120, 10.747871, 0.072613, 16.921944
85063, 0.026096, 9.978708, 0.041075, 15.706623
85064, 0.016974, 9.794455, 0.026728, 15.422390
85065, 0.060579, 13.917419, 0.095227, 21.877391
85066, 0.013529, 5.187162, 0.021278, 8.158615
85067, 0.043018, 11.998798, 0.067672, 18.875250
85068, 0.215663, 13.207184, 0.339233, 20.774558
85069, 0.029810, 12.790622, 0.046853, 20.103206
85070, 0.220571, 11.169003, 0.346484, 17.544835
85071, 0.024353, 12.505728, 0.038252, 19.643024
85072, 0.036206, 13.313440, 0.056831, 20.897611
85073, 0.037968, 11.653529, 0.059582, 18.287778
85074, 0.042261, 10.894265, 0.066267, 17.082444
85075, 0.034690, 13.929753, 0.054390, 21.840449
85076, 0.051347, 11.384542, 0.080445, 17.836180
85077, 0.035324, 13.626399, 0.055294, 21.329610
85078, 0.021627, 8.549353, 0.033837, 13.376440
85079, 0.038282, 13.048182, 0.059903, 20.417646
85080, 0.047836, 12.492999, 0.074767, 19.526374
85081, 0.040265, 11.997569, 0.062949, 18.756807
85082, 0.034870, 12.925796, 0.054440, 20.179951
85083, 0.042442, 10.303582, 0.066280, 16.090759
85084, 0.034830, 11.834641, 0.054385, 18.479104
85085, 0.027806, 12.492058, 0.043424, 19.508429
85086, 0.062643, 14.110517, 0.097750, 22.018289
85087, 0.054324, 13.058002, 0.084749, 20.371338
85088, 0.042525, 11.774491, 0.066319, 18.362618
85089, 0.048491, 13.869534, 0.075666, 21.642460
85090, 0.018389, 9.147198, 0.028680, 14.265907
85091, 0.082394, 11.176767, 0.128449, 17.424215
85092, 0.064001, 12.163834, 0.099775, 18.963020
85093, 0.054128, 14.811093, 0.084314, 23.070884
85094, 0.045209, 14.891462, 0.070394, 23.187319
85095, 0.047012, 15.256356, 0.073169, 23.744910
85096, 0.022754, 9.754220, 0.035424, 15.185281
85097, 0.027959, 9.545821, 0.043497, 14.850763
85098, 0.230537, 14.309556, 0.358702, 22.264853
85099, 0.046336, 12.807749, 0.072093, 19.927260
85100, 0.040113, 12.055094, 0.062415, 18.757223
85101, 0.045268, 14.373803, 0.070368, 22.343666
85102, 0.031257, 12.270160, 0.048597, 19.077160
85103, 0.025690, 6.865874, 0.039860, 10.653190
85104, 0.046978, 15.099748, 0.072989, 23.460584
85105, 0.016561, 10.892559, 0.025718, 16.914816
85106, 0.047734, 17.710155, 0.074141, 27.507464
85107, 0.037423, 11.174791, 0.058100, 17.349200
85108, 0.062223, 18.129900, 0.096505, 28.118495
85109, 0.029415, 12.719895, 0.045593, 19.715750
85110, 0.030621, 15.755841, 0.047474, 24.427725
85111, 0.048739, 9.769883, 0.075473, 15.128635
85112, 0.024126, 11.179231, 0.037348, 17.306019
85113, 0.016095, 10.603017, 0.024900, 16.403672
85114, 0.036017, 12.582150, 0.055724, 19.466582
85115, 0.032179, 11.787533, 0.049722, 18.213383
85116, 0.034499, 14.555395, 0.053323, 22.497559
85117, 0.033683, 12.398378, 0.051992, 19.137709
85118, 0.033832, 12.952285, 0.052263, 20.008445
85119, 0.044604, 11.940508, 0.068833, 18.426672
85120, 0.035642, 13.307867, 0.055016, 20.541565
85121, 0.089840, 14.567306, 0.138563, 22.467477
85122, 0.037240, 11.058648, 0.057441, 17.057537
85123, 0.036086, 12.893558, 0.055634, 19.878297
85124, 0.031921, 14.886693, 0.049224, 22.956487
85125, 0.029899, 12.320691, 0.046098, 18.995710
85126, 0.028333, 14.338432, 0.043664, 22.097088
85127, 0.020827, 11.979988, 0.032078, 18.451465
85128, 0.031354, 13.807562, 0.048262, 21.253419
85129, 0.040683, 11.538078, 0.062627, 17.761807
85130, 0.050558, 13.013373, 0.077784, 20.021209
85131, 0.033146, 12.834667, 0.050980, 19.740350
85132, 0.055994, 15.984048, 0.086053, 24.564764
85133, 0.048109, 14.180730, 0.073993, 21.810533
85134, 0.024857, 11.357040, 0.038179, 17.444070
85135, 0.051277, 19.330307, 0.078754, 29.688780
85136, 0.046027, 15.732586, 0.070661, 24.152802
85137, 0.030304, 15.255073, 0.046501, 23.408432
85138, 0.031674, 10.418951, 0.048578, 15.979428
85139, 0.038994, 13.985314, 0.059854, 21.466884
85140, 0.031975, 15.907793, 0.049046, 24.400336
85141, 0.048171, 12.182980, 0.073819, 18.669941
85142, 0.043698, 15.669029, 0.066948, 24.006078
85143, 0.041149, 15.311608, 0.063019, 23.449233
85144, 0.055086, 14.296060, 0.084387, 21.900466
85145, 0.033119, 10.953753, 0.050722, 16.776104
85146, 0.037912, 14.353189, 0.058073, 21.985818
85147, 0.030417, 11.196098, 0.046584, 17.146725
85148, 0.035160, 12.618044, 0.053843, 19.323286
85149, 0.038449, 14.294974, 0.058845, 21.877894
85150, 0.043151, 14.035625, 0.066070, 21.490618
85151, 0.036665, 15.769858, 0.056110, 24.133580
85152, 0.065983, 14.795877, 0.100897, 22.625096
85153, 0.049581, 16.428514, 0.075799, 25.115955
85154, 0.043654, 15.541713, 0.066707, 23.748763
85155, 0.036003, 11.814492, 0.055001, 18.048754
85156, 0.080837, 14.349843, 0.123506, 21.924157
85157, 0.023342, 14.069513, 0.035641, 21.482428
85158, 0.046114, 17.638329, 0.070412, 26.932205
85159, 0.062927, 12.900336, 0.096012, 19.682854
85160, 0.055051, 11.938314, 0.083946, 18.204431
85161, 0.146643, 14.375381, 0.223632, 21.922578
85162, 0.028884, 13.024236, 0.044022, 19.850591
85163, 0.053472, 15.105514, 0.081363, 22.984503
85164, 0.036954, 15.025980, 0.056227, 22.862490
85165, 0.047019, 11.992893, 0.071562, 18.252790
85166, 0.040497, 11.347250, 0.061616, 17.264833
85167, 0.105009, 13.735766, 0.159555, 20.870729
85168, 0.026899, 11.392233, 0.040891, 17.317819
85169, 0.026565, 11.270178, 0.040363, 17.124406
85170, 0.203327, 12.786227, 0.309059, 19.435189
85171, 0.053316, 13.257252, 0.081029, 20.148253
85172, 0.037194, 12.422632, 0.056504, 18.872009
85173, 0.017156, 9.871927, 0.026067, 14.999842
85174, 0.031511, 14.019459, 0.047840, 21.284175
85175, 0.022702, 8.204891, 0.034486, 12.464029
85176, 0.088174, 15.812871, 0.133964, 24.024675
85177, 0.037735, 11.080994, 0.057310, 16.829216
85178, 0.041988, 12.224283, 0.063731, 18.554715
85179, 0.022653, 10.073099, 0.034376, 15.285685
85180, 0.042585, 14.036538, 0.064588, 21.288790
85181, 0.015770, 8.629869, 0.023920, 13.089403
85182, 0.042970, 13.219587, 0.065116, 20.032731
85183, 0.030425, 15.653738, 0.046093, 23.714494
85184, 0.206481, 12.819049, 0.312717, 19.414586
85185, 0.060613, 14.703929, 0.091829, 22.276782
85186, 0.038486, 13.327014, 0.058257, 20.173001
85187, 0.054178, 15.020201, 0.082041, 22.744559
85188, 0.014368, 7.626854, 0.021744, 11.542666
85189, 0.049685, 12.766141, 0.075126, 19.302806
85190, 0.060363, 10.115729, 0.091335, 15.306116
85191, 0.032592, 13.279417, 0.049244, 20.064119
85192, 0.032245, 10.935198, 0.048717, 16.521536
85193, 0.036654, 13.074216, 0.055389, 19.756648
85194, 0.039276, 12.471467, 0.059323, 18.836829
85195, 0.026690, 11.279907, 0.040282, 17.023903
85196, 0.020124, 11.269300, 0.030380, 17.012254
85197, 0.030615, 14.534251, 0.046160, 21.913768
85198, 0.025233, 13.285183, 0.038067, 20.042258
85199, 0.045717, 14.509760, 0.068961, 21.887040
85200, 0.028926, 11.475791, 0.043611, 17.302080
85201, 0.046325, 15.463161, 0.069790, 23.295727
85202, 0.024249, 10.718428, 0.036556, 16.158102
85203, 0.048334, 13.221143, 0.072821, 19.919124
85204, 0.024201, 8.705709, 0.036447, 13.111191
85205, 0.053663, 8.561874, 0.080828, 12.896070
85206, 0.028135, 10.694380, 0.042345, 16.095426
85207, 0.032642, 8.400017, 0.049120, 12.640392
85208, 0.035351, 9.580411, 0.053184, 14.413256
85209, 0.029189, 11.142796, 0.043895, 16.756568
85210, 0.039363, 9.591294, 0.059187, 14.421692
85211, 0.047248, 11.045684, 0.071054, 16.611086
85212, 0.028503, 7.726863, 0.042831, 11.611125
85213, 0.036087, 11.489559, 0.054233, 17.267046
85214, 0.038826, 11.952936, 0.058281, 17.942372
85215, 0.026750, 11.599095, 0.040176, 17.420638
85216, 0.029664, 9.236918, 0.044541, 13.869187
85217, 0.027334, 10.748237, 0.041028, 16.133009
85218, 0.013306, 8.945769, 0.019956, 13.416621
85219, 0.025429, 10.664502, 0.038122, 15.987533
85220, 0.021481, 12.609145, 0.032195, 18.898289
85221, 0.020081, 12.208494, 0.030119, 18.311008
85222, 0.052664, 7.800222, 0.078874, 11.682420
85223, 0.028997, 9.488010, 0.043404, 14.202231
85224, 0.054978, 12.007678, 0.082262, 17.966872
85225, 0.131597, 14.010058, 0.196939, 20.966403
85226, 0.059078, 11.106153, 0.088402, 16.618659
85227, 0.020249, 7.612751, 0.030290, 11.387676
85228, 0.053839, 13.089667, 0.080536, 19.580424
85229, 0.026388, 11.938560, 0.039454, 17.849524
85230, 0.034904, 10.075788, 0.052199, 15.068346
85231, 0.030449, 10.535303, 0.045508, 15.745567
85232, 0.029481, 7.758937, 0.044082, 11.601496
85233, 0.015452, 7.694618, 0.023106, 11.506093
85234, 0.031799, 7.501782, 0.047541, 11.215430
85235, 0.013186, 8.028080, 0.019695, 11.990568
85236, 0.016998, 10.331298, 0.025382, 15.426916
85237, 0.023297, 8.529727, 0.034763, 12.727879
85238, 0.016264, 7.655072, 0.024270, 11.423387
85239, 0.034899, 12.345749, 0.052050, 18.413338
85240, 0.035025, 9.996232, 0.052216, 14.902708
85241, 0.007937, 4.374285, 0.011836, 6.523285
85242, 0.009963, 5.924100, 0.014859, 8.835541
85243, 0.019369, 4.564396, 0.028843, 6.797161
85244, 0.029604, 9.378730, 0.044105, 13.972772
85245, 0.008592, 5.906654, 0.012791, 8.792759
85246, 0.025453, 7.777266, 0.037907, 11.582331
85247, 0.022666, 8.994677, 0.033753, 13.394363
85248, 0.016099, 4.555888, 0.023968, 6.782503
85249, 0.028151, 7.372538, 0.041895, 10.972085
85250, 0.007388, 4.581220, 0.010993, 6.816787
85251, 0.039222, 8.625971, 0.058361, 12.835060
85252, 0.015013, 7.227203, 0.022329, 10.748944
85253, 0.022932, 8.960223, 0.034109, 13.327689
85254, 0.038039, 4.012876, 0.056582, 5.969144
85255, 0.017789, 6.697445, 0.026459, 9.961374
85256, 0.010987, 7.399586, 0.016345, 11.008585
85257, 0.016829, 6.824773, 0.024963, 10.123518
85258, 0.021781, 10.075617, 0.032403, 14.989380
85259, 0.018654, 7.580632, 0.027756, 11.279264
85260, 0.014283, 8.146063, 0.021262, 12.126696
85261, 0.081155, 7.545044, 0.120784, 11.229368
85262, 0.022376, 9.499330, 0.033281, 14.128958
85263, 0.022317, 10.025739, 0.033205, 14.917153
85264, 0.038063, 8.077683, 0.056657, 12.023575
85265, 0.085837, 10.101764, 0.127747, 15.033973
85266, 0.019724, 3.655938, 0.029350, 5.440164
85267, 0.029219, 10.491097, 0.043466, 15.606440
85268, 0.017640, 7.579313, 0.026239, 11.274035
85269, 0.033379, 10.070525, 0.049671, 14.985946
85270, 0.021010, 5.429386, 0.031242, 8.073367
85271, 0.026820, 5.311249, 0.039902, 7.901703
85272, 0.007858, 6.005903, 0.011684, 8.930933
85273, 0.015043, 6.002430, 0.022354, 8.919965
85274, 0.029378, 6.288063, 0.043712, 9.356232
85275, 0.014199, 4.047543, 0.021135, 6.024691
85276, 0.013868, 5.045093, 0.020618, 7.500939
85277, 0.011195, 5.425717, 0.016657, 8.073036
85278, 0.024721, 7.056249, 0.036773, 10.496095
85279, 0.015947, 6.050242, 0.023717, 8.998308
85280, 0.011476, 5.991643, 0.017058, 8.906513
85281, 0.015293, 5.478091, 0.022758, 8.152009
85282, 0.016293, 7.534972, 0.024233, 11.207017
85283, 0.028544, 7.948781, 0.042454, 11.822609
85284, 0.006058, 3.958025, 0.009006, 5.884512
85285, 0.032072, 8.148555, 0.047660, 12.109111
85286, 0.012666, 6.211863, 0.018815, 9.227879
85287, 0.006573, 3.683099, 0.009768, 5.473206
85288, 0.044903, 8.472578, 0.066689, 12.583208
85289, 0.035925, 6.364395, 0.053337, 9.449056
85290, 0.019138, 6.136770, 0.028417, 9.112058
85291, 0.012724, 2.533920, 0.018896, 3.763084
85292, 0.007424, 3.955633, 0.011034, 5.878834
85293, 0.011129, 3.558509, 0.016554, 5.293121
85294, 0.026061, 5.107315, 0.038760, 7.596028
85295, 0.020178, 8.217518, 0.030027, 12.228921
85296, 0.016447, 5.694245, 0.024486, 8.477353
85297, 0.027112, 8.728660, 0.040235, 12.953660
85298, 0.008028, 4.157149, 0.011958, 6.192179
85299, 0.026855, 8.825510, 0.040009, 13.148360
85300, 0.031329, 6.530873, 0.046663, 9.727328
85301, 0.009815, 5.095472, 0.014590, 7.574079
85302, 0.019468, 9.028412, 0.029002, 13.449943
85303, 0.020520, 8.490290, 0.030562, 12.645333
85304, 0.011758, 5.650923, 0.017517, 8.418904
85305, 0.023729, 9.795424, 0.035325, 14.582188
85306, 0.013189, 4.965199, 0.019652, 7.398513
85307, 0.040694, 6.790553, 0.060592, 10.110946
85308, 0.036308, 8.074212, 0.054048, 12.019145
85309, 0.077262, 4.882988, 0.115047, 7.270967
85310, 0.031202, 6.065026, 0.046454, 9.029699
85311, 0.022783, 5.683815, 0.033910, 8.459752
85312, 0.022773, 7.365878, 0.033898, 10.964425
85313, 0.027687, 7.362248, 0.041185, 10.951313
85314, 0.028999, 7.587351, 0.043167, 11.294524
85315, 0.023079, 6.986671, 0.034354, 10.399900
85316, 0.018486, 4.961024, 0.027506, 7.381814
85317, 0.073853, 4.393487, 0.109919, 6.539084
85318, 0.065140, 5.605173, 0.096969, 8.343993
85319, 0.011117, 4.457693, 0.016545, 6.634104
85320, 0.022455, 8.248007, 0.033394, 12.265609
85321, 0.012772, 6.751504, 0.019002, 10.044591
85322, 0.011023, 5.284022, 0.016399, 7.860968
85323, 0.054135, 5.379262, 0.080551, 8.004137
85324, 0.041306, 8.441808, 0.061421, 12.552844
85325, 0.030790, 9.019902, 0.045792, 13.414841
85326, 0.038377, 6.951018, 0.057056, 10.334386
85327, 0.019316, 4.891996, 0.028733, 7.277036
85328, 0.010139, 5.102586, 0.015080, 7.589568
85329, 0.021215, 6.669617, 0.031552, 9.919050
85330, 0.019113, 6.979730, 0.028403, 10.372230
85331, 0.009336, 4.547352, 0.013873, 6.757062
85332, 0.018831, 5.941887, 0.027974, 8.826706
85333, 0.014993, 5.478530, 0.022290, 8.144901
85334, 0.042508, 8.238165, 0.063203, 12.248959
85335, 0.012545, 6.578594, 0.018655, 9.782441
85336, 0.027608, 9.256646, 0.041098, 13.779620
85337, 0.011554, 5.187531, 0.017199, 7.721896
85338, 0.016127, 4.253344, 0.024008, 6.331821
85339, 0.053925, 8.288733, 0.080254, 12.335780
85340, 0.017347, 7.292310, 0.025830, 10.858714
85341, 0.017449, 4.663917, 0.025970, 6.941441
85342, 0.025748, 8.940108, 0.038355, 13.317649
85343, 0.020043, 7.011323, 0.029851, 10.442229
85344, 0.032840, 7.621151, 0.048905, 11.349393
85345, 0.027836, 8.341685, 0.041465, 12.426013
85346, 0.034787, 7.429136, 0.051860, 11.075167
85347, 0.018418, 5.592424, 0.027442, 8.332567
85348, 0.023412, 5.335513, 0.034904, 7.954456
85349, 0.020016, 9.490945, 0.029856, 14.156585
85350, 0.047616, 8.146265, 0.070989, 12.145057
85351, 0.017924, 4.876238, 0.026727, 7.271313
85352, 0.021579, 8.684640, 0.032197, 12.957909
85353, 0.022971, 10.521273, 0.034290, 15.705574
85354, 0.020052, 7.509064, 0.029901, 11.197384
85355, 0.026560, 9.402172, 0.039606, 14.020449
85356, 0.016608, 6.364681, 0.024771, 9.493073
85357, 0.018526, 8.303125, 0.027639, 12.387079
85358, 0.031742, 11.902484, 0.047334, 17.749251
85359, 0.015778, 6.857789, 0.023507, 10.217483
85360, 0.019898, 9.297809, 0.029655, 13.857377
85361, 0.021838, 11.247218, 0.032563, 16.771206
85362, 0.016468, 5.517319, 0.024542, 8.222609
85363, 0.068689, 10.999013, 0.102372, 16.392584
85364, 0.026967, 7.668412, 0.040194, 11.429756
85365, 0.025794, 10.309219, 0.038412, 15.352300
85366, 0.029980, 9.932381, 0.044609, 14.778920
85367, 0.016758, 8.243101, 0.024929, 12.262330
85368, 0.015300, 5.316740, 0.022773, 7.913666
85369, 0.025514, 10.046033, 0.037973, 14.951799
85370, 0.026823, 11.325425, 0.039892, 16.843728
85371, 0.027694, 7.641617, 0.041209, 11.370816
85372, 0.027863, 6.861132, 0.041451, 10.207111
85373, 0.024735, 10.428363, 0.036773, 15.503547
85374, 0.022024, 11.454356, 0.032740, 17.027419
85375, 0.022245, 7.723028, 0.033041, 11.471265
85376, 0.031126, 9.667456, 0.046122, 14.325014
85377, 0.016811, 6.072367, 0.024996, 9.028558
85378, 0.011828, 6.152404, 0.017592, 9.150573
85379, 0.011779, 6.848855, 0.017520, 10.186758
85380, 0.014498, 5.100221, 0.021566, 7.586515
