data/raw/Flight9/AIMMS_POLAR6_20150420_R1_V2_NETCARE.ict
57, 1001
Aliabadi, Amir A.
University of Guelph
AIMMS20 - 1 Hz data from the processed output file 04202145.txt
Polar 6 NETCARE
2, 2
2015, 04, 20, 2015, 06, 26
1
TimeWave, seconds
24
1, 1, 1, 1, 1, 1, 1, 1, 1, 1, 1, 1, 1, 1, 1, 1, 1, 1, 1, 1, 1, 1, 1, 1
-9999, -9999, -9999, -9999, -9999, -9999, -9999, -9999, -9999, -9999, -9999, -9999, -9999, -9999, -9999, -9999, -9999, -9999, -9999, -9999, -9999, -9999, -9999, -9999
Time_Hr, hr UTC
Temp, deg C
RH, 0-1
BP, pa
WSN, m/s
WSE, m/s
Lat, deg
Lon, deg
Alt, m
SProbN, m/s
SProbE, m/s
SProbD, m/s
Roll, deg
Pitch, deg
Heading, deg
TAS, m/s
WSD, m/s
SideslipAngle, deg
AOA, deg
SideslipDiff, none
SysStatFlag, none
WS, m/s
WSW, m/s
WD, deg
1
Values for certain parameters near the beginning and end of the data block may be 0 as the instrument may not have been recording during these start and end timestamps
18
PI_CONTACT_INFO: Address: aliabadi@uoguelph.ca
PLATFORM: Polar 6 - sampling around the aircraft
LOCATION: Location data varies as seen in this file
ASSOCIATED_DATA: 04202145.r??
INSTRUMENT_INFO: AIMMS20, Avantech, www.aventech.com
DATA_INFO: none
UNCERTAINTY: Contact manufacturer, Aventech
ULOD_FLAG: -7777
ULOD_VALUE: N/A
LLOD_FLAG: -8888
LLOD_VALUE: N/A
DM_CONTACT_INFO: Amir A. Aliabadi; University of Guelph; aliabadi@uoguelph.ca
PROJECT_INFO: Polar 6 NETCARE Spring 2015 campaign
STIPULATIONS_ON_USE: N/A
OTHER_COMMENTS: N/A
REVISION: R1
R1: corrected for start/stop times
TimeWave,Time_Hr,Temp,RH,BP,WSN,WSE,Lat,Lon,Alt,SProbN,SProbE,SProbD,Roll,Pitch,Heading,TAS,WSD,SideslipAngle,AOA,SideslipDiff,SysStatFlag,WS,WSW,WD
[from data line 6186]
84555,23.487627,-11.26,0.1928,59865,5.5900002,7.1300001,70.061478,-134.06438,3947,45.330002,-66.080002,3.1900001,1.52,0.14,298.38,83.449997,-1.21,0.2,1.23949,-0.42048001,0.55125999,9.0600777,1.21,231.90315
84556,23.487906,-11.23,0.193,59926,5.8499999,7.1199999,70.061882,-134.06612,3944,45.43,-66.029999,3.03,2.02,0.67000002,298.45001,83.230003,-1.28,0.090000004,1.21738,-0.46882999,0.56419998,9.2150364,1.28,230.59247
84557,23.488184,-11.19,0.19320001,59945,5.6900001,7.1500001,70.062286,-134.06786,3942,45.459999,-65.959999,2.1900001,1.3099999,1.35,298.76999,83.220001,-1.46,-0.14,1.2044899,-0.52464002,0.57182997,9.1377573,1.46,231.48708
84558,23.488461,-11.19,0.1925,59944,5.2600002,7.4699998,70.062698,-134.06956,3940,45.450001,-65.800003,1.5,1.08,1.5700001,299.17999,83.610001,-1.42,-0.36000001,1.21365,-0.54601002,0.56664002,9.1361094,1.42,234.84871
84559,23.488739,-11.16,0.1921,59967,5.5799999,7.25,70.06311,-134.0713,3938.5,45.439999,-65.620003,1.42,1.17,1.25,299.10001,83.160004,-1.45,-0.34999999,1.2404701,-0.50516999,0.55093998,9.1487103,1.45,232.41614
84560,23.489016,-11.14,0.1919,60021,6.6700001,6.8899999,70.063507,-134.07301,3937,45.43,-65.510002,1.79,0.76999998,0.89999998,298.75,82.260002,-1.3,-0.55000001,1.25741,-0.51242,0.54128999,9.5896301,1.3,225.92949
84561,23.489294,-11.15,0.1919,60019,6.0599999,6.9200001,70.063919,-134.07474,3935,45.330002,-65.489998,2.1600001,0.41,0.72000003,298.23999,82.519997,-1.54,0.25,1.23883,-0.41328001,0.55164999,9.198369,1.54,228.79063
84562,23.489573,-11.15,0.191,60031,6.4699998,7.0700002,70.064331,-134.07645,3933,45.169998,-65.540001,2.46,0.11,0.54000002,297.88,82.43,-1.45,0.19,1.2364399,-0.42660001,0.55304003,9.583621,1.45,227.53729
84563,23.489849,-11.13,0.1908,60099,6.4299998,6.9200001,70.064728,-134.07819,3930,45.029999,-65.599998,2.74,0.77999997,0.40000001,297.56,82.300003,-1.17,0.5,1.24218,-0.36976001,0.54979002,9.4462318,1.17,227.10205
84564,23.490128,-11.12,0.1913,60077,6.29,7.2600002,70.065132,-134.0799,3927.5,44.889999,-65.699997,2.8599999,0.73000002,0.40000001,297.51001,82.589996,-1.54,0.41,1.22779,-0.40425,0.55816001,9.6058159,1.54,229.09464
84565,23.490404,-11.14,0.19140001,60041,6.0700002,7.9400001,70.065529,-134.08163,3925,44.759998,-65.779999,2.6500001,0,0.69,297.98001,83.279999,-1.73,-0.28999999,1.20742,-0.54389,0.57021999,9.9944239,1.73,232.60268
84566,23.490683,-11.1,0.1903,60108,6.4400001,7.46,70.065941,-134.08334,3922.5,44.669998,-65.790001,2.4400001,0.19,0.99000001,298.29999,82.709999,-1.34,-0.73000002,1.20906,-0.60982001,0.56977999,9.8552122,1.34,229.19691
84567,23.490961,-11.08,0.1903,60142,6.4899998,7.3600001,70.06633,-134.08508,3920,44.669998,-65.730003,2.2,0.99000001,1.03,297.87,82.68,-1.41,-0.23,1.21814,-0.51845998,0.56389999,9.8127317,1.41,228.59436
84568,23.491238,-11.07,0.19050001,60177,7.0300002,7.6300001,70.066742,-134.08681,3918,44.619999,-65.690002,2.2,0.89999998,0.94,297.04001,82.589996,-1.63,0.16,1.22052,-0.45454001,0.56235999,10.374864,1.63,227.34367
84569,23.491516,-11.06,0.1901,60198,6.6300001,7.52,70.067131,-134.08853,3915.5,44.349998,-65.75,2.4200001,-0.02,0.64999998,296.54999,82.489998,-1.3,0.68000001,1.2491699,-0.33127001,0.54587001,10.025333,1.3,228.59901
84570,23.491793,-11.05,0.1893,60207,6.6399999,7.3600001,70.067528,-134.09026,3913.5,44.02,-65.910004,2.8199999,-0.69,0.41999999,296.94,82.269997,-1.55,0.039999999,1.22598,-0.46491,0.55918002,9.9125776,1.55,227.94405
84571,23.492071,-11.07,0.1895,60167,6.1500001,8.0500002,70.067917,-134.092,3910.5,43.830002,-66.029999,3.1099999,-0.47,0.25999999,297.35999,83.220001,-1.49,-0.43000001,1.2212,-0.54495001,0.56229001,10.1304,1.49,232.62108
84572,23.49235,-11.03,0.1895,60222,7.1700001,7.46,70.068321,-134.09372,3907,43.82,-66.099998,3.4300001,0.38999999,0.12,297.03,82.5,-1.34,-0.51999998,1.22215,-0.55887997,0.56185001,10.347005,1.34,226.13559
84573,23.492626,-11.03,0.19,60271,6.8000002,7.6799998,70.06871,-134.09546,3904,43.73,-66.230003,3.5799999,0.50999999,-0.02,296.01999,82.940002,-1.3099999,0.56,1.23228,-0.37478,0.55562001,10.257797,1.3099999,228.47778
84574,23.492905,-11.01,0.1894,60302,6.8699999,7.6999998,70.069099,-134.09721,3900,43.450001,-66.470001,3.6199999,-0.16,0.079999998,295.45999,82.860001,-1.42,0.77999997,1.2203799,-0.35629001,0.56277001,10.319249,1.42,228.26041
84575,23.493181,-10.99,0.1891,60301,6.8899999,7.9000001,70.069481,-134.09895,3896.5,43.139999,-66.699997,3.3499999,-0.27000001,0.40000001,295.79999,82.980003,-1.33,0.090000004,1.20557,-0.48579001,0.57112002,10.482467,1.33,228.90663
84576,23.49346,-10.96,0.1891,60357,7.3499999,7.48,70.06987,-134.10069,3894,43.099998,-66.769997,2.95,1.02,0.68000001,296.20999,82.510002,-1.1900001,-0.43000001,1.2016,-0.57411999,0.57375997,10.486796,1.1900001,225.50224
84577,23.493736,-10.95,0.189,60366,7.1399999,7.5500002,70.070259,-134.10246,3891,43.16,-66.720001,2.5699999,1.6900001,0.94,295.89999,82.730003,-1.4299999,0.079999998,1.20435,-0.48912001,0.57182997,10.391443,1.4299999,226.59872
84578,23.494015,-10.92,0.18880001,60396,7.6399999,7.71,70.070641,-134.10422,3889,43.119999,-66.690002,2.22,1.41,1.03,295.56,82.5,-1.49,0.02,1.21724,-0.48010001,0.5643,10.854202,1.49,225.26128
84579,23.494293,-10.91,0.18870001,60407,7.1100001,7.7399998,70.07103,-134.10596,3886.5,43.02,-66.669998,2.25,1.14,0.89999998,295.60001,82.660004,-1.64,0.23,1.2139699,-0.45181999,0.56619,10.509981,1.64,227.42928
84580,23.49457,-10.9,0.1885,60408,7.04,7.6700001,70.071419,-134.1077,3884,43,-66.639999,2.4300001,1.24,0.64999998,295.79001,82.629997,-1.64,0.11,1.2228,-0.45885,0.56102997,10.411076,1.64,227.45236
84581,23.494848,-10.87,0.1885,60446,7.2600002,7.4499998,70.0718,-134.10947,3882,42.98,-66.629997,2.73,1.36,0.38999999,295.81,82.339996,-1.34,0.01,1.23541,-0.45694,0.55366999,10.402409,1.34,225.74001
84582,23.495125,-10.84,0.18790001,60489,7.46,7.1700001,70.072189,-134.11121,3879,43.029999,-66.650002,2.95,1.71,0.18000001,295.81,82.050003,-1.23,0.01,1.24292,-0.44558999,0.54926997,10.347005,1.23,223.86441
84583,23.495403,-10.84,0.1891,60469,7.8600001,7.7399998,70.072571,-134.11295,3876,43.169998,-66.669998,3.26,2.27,-0.02,295.73999,82.529999,-1.47,-0.22,1.22697,-0.505,0.55873001,11.031192,1.47,224.55927
84584,23.495682,-10.85,0.18870001,60500,7.8099999,8.0200005,70.07296,-134.11472,3872.5,43.389999,-66.639999,3.3299999,2.76,0.12,295.51999,82.910004,-1.75,0.14,1.2106,-0.47097,0.56816,11.194486,1.75,225.76004
84585,23.495958,-10.84,0.18799999,60521,7.7199998,7.9099998,70.073349,-134.11646,3869.5,43.540001,-66.650002,3.1700001,2.48,0.37,295.48999,82.809998,-1.55,0.33000001,1.21474,-0.43645,0.56576002,11.052896,1.55,225.69646
84586,23.496237,-10.82,0.1881,60548,7.8000002,7.8800001,70.073738,-134.11821,3866.5,43.709999,-66.620003,2.95,2.45,0.34999999,295.87,82.790001,-1.67,0.01,1.21477,-0.48559999,0.56575,11.087579,1.67,225.29233
84587,23.496513,-10.82,0.18880001,60557,7.6900001,8.0100002,70.074127,-134.11996,3863.5,43.959999,-66.550003,3.02,2.8699999,0.18000001,296.10999,83.050003,-1.8200001,0.01,1.2187999,-0.48078001,0.56339002,11.103883,1.8200001,226.16765
84588,23.496792,-10.77,0.1885,60598,7.6100001,7.8400002,70.074532,-134.1217,3860.5,44.18,-66.480003,3.1400001,2.6400001,0.22,296.14001,82.940002,-1.5599999,0.22,1.23199,-0.42783001,0.55565,10.92601,1.5599999,225.85289
84589,23.49707,-10.76,0.1883,60622,7.6599998,7.8099999,70.074921,-134.12344,3857.5,44.310001,-66.459999,3,2.1099999,0.47,296.35001,82.879997,-1.3,0.039999999,1.22667,-0.46382999,0.55878001,10.939456,1.3,225.55553
84590,23.497347,-10.75,0.18780001,60619,7.6199999,7.8899999,70.075317,-134.1252,3854.5,44.459999,-66.400002,2.8199999,2.1099999,0.62,296.57999,83.010002,-1.47,-0.07,1.2145,-0.49823001,0.56594002,10.968887,1.47,225.99731
84591,23.497625,-10.74,0.18889999,60626,7.8200002,8.0699997,70.075722,-134.12694,3852,44.619999,-66.300003,2.8299999,2.3699999,0.57999998,296.54999,83.129997,-1.47,-0.07,1.21376,-0.50006998,0.56637001,11.237317,1.47,225.90137
84592,23.497902,-10.74,0.1883,60666,8.25,7.9699998,70.076118,-134.12868,3849,44.830002,-66.199997,2.8099999,2.6800001,0.58999997,296.23999,82.919998,-1.66,0.18000001,1.20955,-0.46599001,0.56878,11.470981,1.66,224.01102
84593,23.49818,-10.73,0.1882,60676,8.71,8.21,70.07653,-134.13042,3846,44.950001,-66.139999,2.76,2.49,0.63,295.89999,82.860001,-1.79,0.25,1.20577,-0.46105,0.57099003,11.96947,1.79,223.30736
84594,23.498459,-10.71,0.1881,60735,8.8400002,7.8000002,70.076927,-134.13216,3844,45.009998,-66.120003,2.76,2.0599999,0.5,295.85001,82.43,-1.5599999,0.36000001,1.2228301,-0.42013001,0.56103998,11.789216,1.5599999,221.42366
84595,23.498735,-10.74,0.1885,60710,8.8699999,8.1999998,70.077332,-134.1339,3841,45.080002,-66.110001,2.97,2,0.31,296.03,82.769997,-1.63,0.07,1.2179101,-0.47183001,0.56388998,12.079607,1.63,222.75229
84596,23.499014,-10.72,0.1893,60764,9.1800003,7.6399999,70.077728,-134.13564,3838,45.220001,-66.110001,3.24,2.1700001,0.16,296.19,82.190002,-1.33,-0.02,1.23074,-0.46788001,0.55641001,11.943283,1.33,219.76872
84597,23.49929,-10.73,0.1876,60784,9.2700005,7.75,70.07814,-134.13737,3834.5,45.400002,-66.099998,3.4200001,2.5,0.039999999,296.22,82.360001,-1.4299999,-0.01,1.22407,-0.47501001,0.56031001,12.082856,1.4299999,219.89664
84598,23.499569,-10.73,0.18780001,60801,9.2200003,8.0799999,70.078552,-134.13911,3831,45.599998,-66.110001,3.5599999,2.6900001,-0.02,296.17999,82.790001,-1.55,0.1,1.2180901,-0.46618,0.56378001,12.259479,1.55,221.22989
84599,23.499847,-10.71,0.1886,60849,9.5500002,7.8200002,70.078957,-134.14084,3827.5,45.84,-66.110001,3.49,2.95,0.12,296.17999,82.510002,-1.4299999,0.15000001,1.21398,-0.46461001,0.56619,12.343213,1.4299999,219.31227
84600,23.500124,-10.7,0.1882,60878,9.8599997,7.8699999,70.079369,-134.14256,3824.5,46.119999,-66.050003,3.3399999,3.21,0.23999999,296.25,82.470001,-1.51,0.079999998,1.21418,-0.47525999,0.56607997,12.615724,1.51,218.59598
84601,23.500402,-10.69,0.1884,60911,9.8400002,7.7399998,70.079781,-134.14432,3821,46.380001,-66.010002,3.22,3.03,0.23999999,296.37,82.43,-1.4400001,0.17,1.22307,-0.44878,0.56086999,12.519313,1.4400001,218.18806
84602,23.500679,-10.68,0.1892,60941,9.9899998,7.5999999,70.0802,-134.14604,3818,46.630001,-65.959999,3.27,3.02,0.22,296.62,82.260002,-1.35,0.039999999,1.22647,-0.46430999,0.55888999,12.552295,1.35,217.26245
84603,23.500957,-10.67,0.18960001,60943,9.9099998,7.8000002,70.08062,-134.14777,3814.5,46.91,-65.879997,3.1400001,3.02,0.49000001,296.84,82.519997,-1.33,0.01,1.2122999,-0.48962,0.56718999,12.611427,1.33,218.2057
84604,23.501236,-10.66,0.19,60976,9.9200001,7.8200002,70.081039,-134.14951,3811.5,47.16,-65.769997,2.78,2.95,0.83999997,297.01001,82.57,-1.4,0.02,1.2057101,-0.49709001,0.57104999,12.631659,1.4,218.24895
84605,23.501513,-10.64,0.1899,61001,10.01,7.7399998,70.081459,-134.15123,3809.5,47.360001,-65.620003,2.47,2.8099999,1.08,297.10999,82.389999,-1.29,0.050000001,1.2085299,-0.48819,0.56939,12.653367,1.29,217.71216
84606,23.501791,-10.64,0.1912,60981,9.6300001,8.0600004,70.081886,-134.15295,3807,47.509998,-65.459999,2.24,2.6300001,1.21,297.20999,82.790001,-1.48,0.22,1.20297,-0.46985999,0.57262999,12.557886,1.48,219.92825
84607,23.502068,-10.62,0.191,61043,9.9399996,7.75,70.082283,-134.1545,3805.5,47.619999,-65.300003,2.1500001,2.4400001,1.3200001,297.38,82.220001,-1.17,0.059999999,1.21304,-0.47977999,0.56674999,12.604209,1.17,217.94276
84608,23.502346,-10.61,0.1913,61038,9.7200003,7.98,70.082741,-134.15639,3803,47.709999,-65.120003,2.0599999,2.3199999,1.42,297.54999,82.419998,-1.25,0.059999999,1.20906,-0.48605001,0.56908,12.57612,1.25,219.38557
84609,23.502625,-10.58,0.1918,61069,9.75,7.75,70.08313,-134.15791,3801,47.759998,-64.949997,2.04,2.1199999,1.5599999,297.66,82.080002,-1.09,0.079999998,1.20865,-0.48348001,0.56932002,12.454919,1.09,218.48019
84610,23.502901,-10.6,0.19310001,61030,9.2299995,8.3000002,70.083557,-134.15962,3799,47.75,-64.790001,1.87,1.58,1.74,297.79001,82.629997,-1.3,0.12,1.1938,-0.49948001,0.57800001,12.413013,1.3,221.9632
84611,23.50318,-10.56,0.19239999,61091,9.71,7.8499999,70.083977,-134.16133,3797,47.720001,-64.629997,1.76,1.45,1.77,297.89001,81.919998,-1.0700001,-0.12,1.20072,-0.52653998,0.57402998,12.486257,1.0700001,218.95363
84612,23.503456,-10.54,0.19239999,61104,10.09,7.9200001,70.084412,-134.16302,3795.5,47.700001,-64.459999,1.73,1.65,1.75,297.73001,81.650002,-1.12,-0.17,1.20426,-0.52915001,0.57198,12.827101,1.12,218.12962
84613,23.503735,-10.53,0.19310001,61140,10.24,7.7800002,70.084839,-134.16472,3794,47.68,-64.32,1.9299999,1.6799999,1.5599999,297.38,81.349998,-0.94999999,0.16,1.21504,-0.46173,0.56555998,12.860249,0.94999999,217.22632
84614,23.504013,-10.52,0.1939,61150,10.3,7.8200002,70.085274,-134.1664,3792,47.610001,-64.239998,2.3299999,1.55,1.27,297.12,81.230003,-0.91000003,0.34999999,1.21689,-0.42930001,0.56450999,12.932223,0.91000003,217.20662
84615,23.50429,-10.5,0.1938,61200,10.75,7.3699999,70.085648,-134.16792,3790,47.549999,-64.209999,2.73,1.37,1.01,297.07999,80.519997,-0.62,0.2,1.22695,-0.43816999,0.55858999,13.033779,0.62,214.43381
84616,23.504568,-10.51,0.1945,61194,10.59,7.6599998,70.086067,-134.16962,3787,47.529999,-64.199997,3.0999999,1.39,0.73000002,297.16,80.900002,-0.85000002,0.13,1.21683,-0.46419001,0.56452,13.069954,0.85000002,215.87912
84617,23.504845,-10.51,0.19490001,61243,10.95,7.4499998,70.086502,-134.1713,3784,47.57,-64.230003,3.53,1.59,0.44,297.16,80.599998,-0.69,0,1.2244101,-0.47354999,0.56010997,13.244055,0.69,214.23001
84618,23.505123,-10.52,0.1953,61283,11.36,7.0500002,70.086929,-134.17299,3780,47.650002,-64.300003,3.8800001,1.66,0.18000001,297.07001,80.190002,-0.75,-0.02,1.2233599,-0.47764999,0.56072998,13.369821,0.75,211.82368
84619,23.5054,-10.55,0.1957,61315,11.4,7.04,70.087349,-134.17468,3776,47.740002,-64.410004,4.1500001,1.63,-0.039999999,296.95001,80.330002,-0.97000003,0.11,1.21645,-0.46763,0.56475002,13.398567,0.97000003,211.69714
84620,23.505678,-10.58,0.19580001,61317,11.32,7.1799998,70.087784,-134.17638,3772,47.799999,-64.57,4.29,1.54,-0.11,296.82001,80.699997,-1.17,0.23,1.20543,-0.46436,0.57119,13.405028,1.17,212.38596
84621,23.505957,-10.61,0.1969,61358,11.17,7.1999998,70.088211,-134.17807,3768,47.860001,-64.739998,4.1999998,1.41,-0.079999998,296.76001,80.959999,-1.3,0.34999999,1.2005,-0.45236,0.57410002,13.289428,1.3,212.80516
84622,23.506233,-10.65,0.1979,61374,10.77,7.2800002,70.088631,-134.17976,3764,47.869999,-64.940002,4.1300001,1.12,-0.18000001,296.75,81.379997,-1.55,0.50999999,1.20345,-0.42368001,0.57244003,12.999666,1.55,214.05679
84623,23.506512,-10.65,0.19750001,61430,10.99,6.71,70.089073,-134.18147,3760,47.810001,-65.160004,3.9000001,0.73000002,0.12,296.87,80.919998,-1.29,0.30000001,1.20093,-0.45989999,0.57383001,12.876498,1.29,211.40636
84624,23.506788,-10.69,0.199,61447,10.7,6.98,70.089493,-134.1832,3756,47.709999,-65.349998,3.28,0.52999997,0.67000002,297,81.360001,-1.47,0.14,1.18542,-0.50812,0.58289999,12.775382,1.47,213.11787
84625,23.507067,-10.69,0.2,61485,10.81,6.8699999,70.08992,-134.18492,3753,47.580002,-65.459999,2.6300001,0.5,1.04,296.92001,81.260002,-1.42,0.059999999,1.1918499,-0.51154,0.57915998,12.808318,1.42,212.43687
84626,23.507345,-10.71,0.2013,61470,10.74,7.1100001,70.09034,-134.18665,3750.5,47.419998,-65.529999,2.3199999,0.41999999,1.04,296.62,81.529999,-1.54,0.2,1.20314,-0.47349,0.57252997,12.880205,1.54,213.505
84627,23.507622,-10.69,0.20290001,61514,11.02,6.8400002,70.090767,-134.18835,3748.5,47.209999,-65.599998,2.3099999,0.2,0.97000003,296.29001,81.099998,-1.4,0.27000001,1.2172,-0.44194001,0.56431001,12.970197,1.4,211.82745
84628,23.5079,-10.68,0.2042,61523,10.99,6.8000002,70.091187,-134.19009,3746.5,46.950001,-65.730003,2.3900001,0.07,0.85000002,296.04999,81.080002,-1.42,0.33000001,1.21736,-0.43211001,0.56423002,12.923626,1.42,211.74692
84629,23.508177,-10.67,0.20559999,61542,11.19,6.7600002,70.091614,-134.1918,3743.5,46.740002,-65.839996,2.6400001,0.34,0.63,295.88,80.959999,-1.29,0.23,1.22199,-0.44137999,0.56150001,13.073397,1.29,211.13663
