data/raw/Flight9/AIMMS_POLAR6_20150420_R1_V2_NETCARE.ict
57, 1001
Aliabadi, Amir A.
University of Guelph
AIMMS20 - 1 Hz data from the processed output file 04202145.txt
Polar 6 NETCARE
2, 2
2015, 04, 20, 2015, 06, 26
1
TimeWave, seconds
24
1, 1, 1, 1, 1, 1, 1, 1, 1, 1, 1, 1, 1, 1, 1, 1, 1, 1, 1, 1, 1, 1, 1, 1
-9999, -9999, -9999, -9999, -9999, -9999, -9999, -9999, -9999, -9999, -9999, -9999, -9999, -9999, -9999, -9999, -9999, -9999, -9999, -9999, -9999, -9999, -9999, -9999
Time_Hr, hr UTC
Temp, deg C
RH, 0-1
BP, pa
WSN, m/s
WSE, m/s
Lat, deg
Lon, deg
Alt, m
SProbN, m/s
SProbE, m/s
SProbD, m/s
Roll, deg
Pitch, deg
Heading, deg
TAS, m/s
WSD, m/s
SideslipAngle, deg
AOA, deg
SideslipDiff, none
SysStatFlag, none
WS, m/s
WSW, m/s
WD, deg
1
Values for certain parameters near the beginning and end of the data block may be 0 as the instrument may not have been recording during these start and end timestamps
18
PI_CONTACT_INFO: Address: aliabadi@uoguelph.ca
PLATFORM: Polar 6 - sampling around the aircraft
LOCATION: Location data varies as seen in this file
ASSOCIATED_DATA: 04202145.r??
INSTRUMENT_INFO: AIMMS20, Avantech, www.aventech.com
DATA_INFO: none
UNCERTAINTY: Contact manufacturer, Aventech
ULOD_FLAG: -7777
ULOD_VALUE: N/A
LLOD_FLAG: -8888
LLOD_VALUE: N/A
DM_CONTACT_INFO: Amir A. Aliabadi; University of Guelph; aliabadi@uoguelph.ca
PROJECT_INFO: Polar 6 NETCARE Spring 2015 campaign
STIPULATIONS_ON_USE: N/A
OTHER_COMMENTS: N/A
REVISION: R1
R1: corrected for start/stop times
TimeWave,Time_Hr,Temp,RH,BP,WSN,WSE,Lat,Lon,Alt,SProbN,SProbE,SProbD,Roll,Pitch,Heading,TAS,WSD,SideslipAngle,AOA,SideslipDiff,SysStatFlag,WS,WSW,WD
[from data line 5889]
84258,23.404873,-17.629999,0.30919999,54002,4.8299999,7.2600002,69.944267,-133.53618,4723,38.080002,-71.480003,2.02,0.54000002,1.48,293.16,85.57,-1.48,-0.23,1.20149,-0.54184002,0.57363999,8.7198915,1.48,236.36461
84259,23.405151,-17.629999,0.3098,53974,4.52,7.71,69.944618,-133.53804,4721,38.029999,-71.43,2.1099999,0.54000002,1.1900001,293.04001,86.050003,-1.62,-0.050000001,1.204,-0.51051998,0.57207,8.937254,1.62,239.61897
84260,23.405428,-17.610001,0.3089,53993,4.3699999,7.8600001,69.944962,-133.5399,4718.5,38.02,-71.400002,2.54,1.09,0.76999998,292.92001,86.239998,-1.79,0.16,1.20667,-0.47415999,0.57046002,8.9931364,1.79,240.92683
84261,23.405706,-17.549999,0.30840001,54097,5.1900001,6.6799998,69.945297,-133.54176,4716.5,38.09,-71.400002,3.01,1.48,0.5,292.89001,84.830002,-1.22,0.039999999,1.22778,-0.46239001,0.55813003,8.4592257,1.22,232.15472
84262,23.405985,-17.549999,0.30880001,54034,4.6100001,7.5300002,69.945641,-133.54362,4713.5,38.23,-71.419998,3.28,1.79,0.34999999,293.01999,85.919998,-1.78,0.16,1.20313,-0.47872999,0.57253999,8.8290997,1.78,238.52429
84263,23.406261,-17.48,0.30599999,54194,5.8499999,5.9000001,69.945992,-133.54549,4709.5,38.439999,-71.43,3.45,2.05,0.25,293.26999,83.989998,-0.95999998,-0.30000001,1.23654,-0.50299001,0.55318999,8.3085794,0.95999998,225.2438
84264,23.40654,-17.459999,0.30649999,54179,5.6100001,6.1599998,69.946327,-133.54736,4706.5,38.700001,-71.440002,3.5,2.27,0.2,293.54001,84.449997,-1.1799999,-0.31,1.22645,-0.51972997,0.55910999,8.3317289,1.1799999,227.67543
84265,23.406816,-17.49,0.3073,54097,4.5599999,7.54,69.946678,-133.54922,4703,39.02,-71.440002,3.5999999,2.29,0.079999998,293.72,86.300003,-2.03,0,1.2023,-0.50529999,0.57305002,8.8116512,2.03,238.83553
84266,23.407095,-17.42,0.30669999,54181,5.1300001,6.5999999,69.947029,-133.55109,4699.5,39.240002,-71.480003,3.6800001,1.49,0.1,294,85.300003,-1.59,-0.31,1.21752,-0.53135997,0.56432998,8.3592405,1.59,232.14305
84267,23.407373,-17.459999,0.30770001,54087,3.99,8,69.947388,-133.55295,4695.5,39.41,-71.550003,3.6099999,1.01,0.12,294.29999,87.239998,-2.4400001,-0.23,1.1830601,-0.56939,0.58443999,8.9398041,2.4400001,243.49228
84268,23.40765,-17.379999,0.30579999,54197,4.8099999,6.8000002,69.947739,-133.55482,4692.5,39.52,-71.629997,3.49,0.52999997,0.25,294.47,85.900002,-1.78,-0.56,1.20582,-0.58849001,0.57143998,8.3292322,1.78,234.72621
84269,23.407928,-17.33,0.30579999,54254,4.9899998,6.4899998,69.94809,-133.55669,4689,39.549999,-71.709999,3.1500001,0.090000004,0.66000003,294.44,85.629997,-1.62,-0.58999997,1.2001899,-0.60039997,0.57476997,8.1865864,1.62,232.44421
84270,23.408205,-17.32,0.30559999,54252,4.8400002,6.7199998,69.948448,-133.55856,4686.5,39.52,-71.769997,2.71,0.20999999,0.75999999,294.17999,86,-1.8200001,-0.33000001,1.19893,-0.56151998,0.57521999,8.2815456,1.8200001,234.23712
84271,23.408484,-17.290001,0.30540001,54275,4.8499999,6.6999998,69.948799,-133.56044,4683.5,39.439999,-71.82,2.6800001,0.40000001,0.58999997,293.84,85.959999,-1.7,-0.039999999,1.21913,-0.48791999,0.56321001,8.2711849,1.7,234.09995
84272,23.40876,-17.24,0.30379999,54336,5.2600002,6.1799998,69.949158,-133.56232,4681,39.360001,-71.870003,2.72,0.31999999,0.69999999,293.82001,85.25,-1.47,-0.2,1.22132,-0.51012999,0.56203002,8.1154175,1.47,229.59781
84273,23.409039,-17.209999,0.30329999,54335,5.0700002,6.3099999,69.949509,-133.56419,4678.5,39.299999,-71.889999,2.4400001,0.31999999,1.02,294.09,85.379997,-1.47,-0.43000001,1.21236,-0.55812001,0.56746,8.0945044,1.47,231.2186
84274,23.409317,-17.209999,0.3039,54317,4.6500001,7,69.94986,-133.56606,4676.5,39.290001,-71.839996,2.02,0.44,1.29,294.34,86.190002,-1.8099999,-0.60000002,1.1967601,-0.60681999,0.57678002,8.4037199,1.8099999,236.40448
84275,23.409594,-17.15,0.30230001,54369,5.23,6.3400002,69.950211,-133.56793,4674.5,39.310001,-71.760002,1.78,0.68000001,1.1799999,294.29001,85.290001,-1.53,-0.67000002,1.22622,-0.57612002,0.55967999,8.2187901,1.53,230.48006
84276,23.409872,-17.1,0.30090001,54410,5.3800001,6.0900002,69.950569,-133.56981,4672.5,39.34,-71.669998,2,0.79000002,0.86000001,294.07001,84.959999,-1.48,-0.43000001,1.2447,-0.51200998,0.54856002,8.1260386,1.48,228.54213
84277,23.410149,-17.15,0.3028,54310,4.3600001,7.5500002,69.95092,-133.57167,4670.5,39.32,-71.650002,2.3599999,0.63999999,0.58999997,293.92001,86.669998,-2.04,-0.059999999,1.21935,-0.49087,0.56309998,8.7184925,2.04,239.99428
84278,23.410427,-17.1,0.30160001,54378,4.8800001,6.8499999,69.951271,-133.57355,4668.5,39.330002,-71.660004,2.6500001,0.73000002,0.44,293.95999,85.809998,-1.83,-0.22,1.22588,-0.50660002,0.55936998,8.4105234,1.83,234.5336
84279,23.410706,-17.129999,0.30199999,54313,3.96,7.98,69.951622,-133.57542,4665.5,39.389999,-71.660004,2.8199999,1.04,0.37,294.07999,87.290001,-2.3800001,-0.029999999,1.19892,-0.51490998,0.57503998,8.908535,2.3800001,243.60753
84280,23.410982,-17.049999,0.3001,54409,4.8699999,6.9400001,69.951981,-133.57729,4663.5,39.529999,-71.660004,2.95,1.45,0.25,294.17999,86.019997,-1.83,-0.28999999,1.22132,-0.5237,0.56208998,8.4782372,1.83,234.94154
84281,23.411261,-17.02,0.29980001,54425,4.8299999,6.98,69.952332,-133.57916,4660,39.73,-71.660004,3.0999999,1.78,0.14,294.26001,86.169998,-1.9400001,-0.22,1.2207201,-0.51264,0.56238002,8.4881859,1.9400001,235.31766
84282,23.411537,-16.99,0.29960001,54457,5,6.8400002,69.95269,-133.58102,4657,39.919998,-71.669998,3.23,1.4299999,0.02,294.42999,86.029999,-1.87,-0.36000001,1.22917,-0.52372998,0.55756998,8.4726381,1.87,233.83342
84283,23.411816,-16.959999,0.29820001,54477,5.04,6.75,69.953049,-133.5829,4653.5,40.110001,-71.690002,3.3499999,1.48,-0.059999999,294.70001,86.040001,-1.79,-0.51999998,1.2257,-0.55351001,0.55976999,8.4240189,1.79,233.25253
84284,23.412094,-16.969999,0.29890001,54459,4.5799999,7.4299998,69.953407,-133.58476,4650.5,40.369999,-71.690002,3.4100001,1.73,-0.090000004,294.76001,87.010002,-2.22,-0.31,1.21275,-0.53862,0.56712002,8.7281895,2.22,238.34949
84285,23.412371,-16.9,0.29800001,54521,5.0599999,6.79,69.953773,-133.58664,4647.5,40.599998,-71.699997,3.4000001,1.76,-0.02,294.79001,86.339996,-1.8099999,-0.31999999,1.2213399,-0.52876002,0.56209999,8.4680395,1.8099999,233.30602
84286,23.412649,-16.879999,0.2985,54522,4.8499999,7.3000002,69.95414,-133.58852,4644,40.849998,-71.68,3.25,2.0999999,0.25,294.84,86.940002,-2.02,-0.2,1.20301,-0.53583997,0.57274002,8.7642746,2.02,236.40059
84287,23.412926,-16.84,0.29769999,54539,4.9299998,7.29,69.954514,-133.59039,4641,41.110001,-71.599998,2.6600001,2.2,0.77999997,294.98999,86.900002,-2.04,-0.20999999,1.19447,-0.54873002,0.57774001,8.8005114,2.04,235.93074
84288,23.413204,-16.76,0.29539999,54661,5.8899999,5.9699998,69.95488,-133.59225,4638.5,41.349998,-71.459999,2.21,2.0699999,0.87,295.26999,85.169998,-1.39,-0.55000001,1.2391599,-0.53872001,0.55194998,8.3864765,1.39,225.38647
84289,23.413483,-16.75,0.2956,54621,5.4099998,6.5599999,69.955254,-133.59412,4636.5,41.57,-71.300003,2.2,2.04,0.67000002,295.57001,85.900002,-1.62,-0.55000001,1.24147,-0.53481001,0.55058998,8.5030403,1.62,230.48776
84290,23.413759,-16.73,0.2958,54633,5.3899999,6.6300001,69.95562,-133.59596,4634,41.830002,-71.160004,2.51,2.0699999,0.38,295.75,85.949997,-1.5599999,-0.52999997,1.25008,-0.52007002,0.54553998,8.5445309,1.5599999,230.88988
84291,23.414038,-16.700001,0.29409999,54635,5.3800001,6.7600002,69.956001,-133.59782,4632,42.080002,-71.040001,2.9000001,2.02,0.13,295.82999,86.120003,-1.61,-0.47,1.24744,-0.51340997,0.54699999,8.6395607,1.61,231.4852
84292,23.414314,-16.690001,0.29409999,54661,5.3099999,6.77,69.956383,-133.59969,4629,42.310001,-70.970001,3.1900001,1.87,-0.02,295.94,86.209999,-1.66,-0.38,1.24447,-0.50463998,0.54864001,8.6040106,1.66,231.8914
84293,23.414593,-16.67,0.29480001,54663,5.2199998,6.98,69.956757,-133.60155,4625.5,42.529999,-70.940002,3.3699999,1.49,-0.01,296.10001,86.529999,-1.74,-0.41999999,1.2316099,-0.52925998,0.55620003,8.7160082,1.74,233.20898
84294,23.414871,-16.610001,0.29390001,54734,5.5799999,6.4699998,69.957138,-133.60339,4622,42.709999,-70.919998,3.3099999,1.3099999,0.1,296.29001,85.980003,-1.47,-0.57999998,1.23385,-0.55172998,0.55510002,8.5438452,1.47,229.22414
84295,23.415148,-16.610001,0.29359999,54720,5.1999998,7.0300002,69.95752,-133.60524,4619,42.93,-70.889999,3.23,1.72,0.15000001,296.31,86.709999,-1.72,-0.37,1.22377,-0.53258997,0.56072998,8.7441921,1.72,233.51015
84296,23.415426,-16.57,0.29210001,54754,5.4899998,6.8600001,69.957909,-133.60709,4616,43.169998,-70.809998,3.1700001,2.22,0.16,296.17999,86.480003,-1.63,-0.17,1.2301,-0.49186999,0.55686003,8.7863359,1.63,231.33
84297,23.415703,-16.540001,0.29339999,54803,5.6100001,6.77,69.958298,-133.60893,4613,43.41,-70.730003,3.1800001,2.46,0.17,296.06,86.379997,-1.5599999,0.079999998,1.23311,-0.44791999,0.55500001,8.792326,1.5599999,230.35295
84298,23.415981,-16.52,0.2929,54802,5.2800002,7.1700001,69.958687,-133.61079,4609.5,43.650002,-70.660004,3.1600001,2.4200001,0.23,296.23999,86.830002,-1.74,0.14,1.22425,-0.45159999,0.56018001,8.9043417,1.74,233.632
84299,23.41626,-16.469999,0.29170001,54844,5.5799999,6.8200002,69.959084,-133.61263,4606.5,43.919998,-70.550003,2.9200001,2.5599999,0.49000001,296.70999,86.379997,-1.51,-0.19,1.2226599,-0.50603998,0.56123,8.8118553,1.51,230.7106
84300,23.416536,-16.48,0.29159999,54805,4.9200001,7.6599998,69.95948,-133.61447,4604,44.27,-70.339996,2.6500001,2.99,0.69,297.09,87.449997,-1.88,-0.14,1.20671,-0.52029002,0.57053,9.1039553,1.88,237.28746
84301,23.416815,-16.41,0.2911,54869,5.52,6.9899998,69.959869,-133.6163,4601.5,44.599998,-70.120003,2.4100001,2.74,0.81,297.32999,86.5,-1.5700001,-0.28999999,1.22685,-0.51573998,0.55886,8.9067669,1.5700001,231.70186
84302,23.417091,-16.469999,0.29139999,54902,5.6500001,6.75,69.960274,-133.61813,4599,44.869999,-69.910004,2.3099999,2.1700001,0.87,297.60001,86.129997,-1.47,-0.38,1.23429,-0.51944,0.55458999,8.802556,1.47,230.06941
84303,23.41737,-16.459999,0.29030001,54917,5.54,6.9400001,69.96067,-133.61995,4597,45.009998,-69.730003,2.1700001,1.52,1.05,297.85999,86.260002,-1.51,-0.52999997,1.22621,-0.55342001,0.55948001,8.8800449,1.51,231.40065
84304,23.417648,-16.4,0.28839999,55006,6.0799999,6.1700001,69.961082,-133.62177,4595,45.119999,-69.540001,1.95,1.23,1.22,297.95001,85.239998,-1.09,-0.60000002,1.23931,-0.54658997,0.55193001,8.6622915,1.09,225.42094
84305,23.417925,-16.43,0.29010001,54924,5.2800002,7.27,69.961479,-133.62358,4593,45.189999,-69.360001,1.77,1.34,1.38,297.81,86.489998,-1.55,-0.22,1.215,-0.52091998,0.56572998,8.9850597,1.55,234.01013
84306,23.418203,-16.4,0.2897,54943,5.27,7.4499998,69.961891,-133.6254,4591.5,45.200001,-69.169998,1.59,1.36,1.51,297.62,86.510002,-1.74,-0.01,1.20744,-0.49955001,0.57005,9.125535,1.74,234.72508
84307,23.41848,-16.35,0.28839999,55023,6.0100002,6.5500002,69.962303,-133.6272,4590,45.189999,-69,1.49,1.27,1.6,297.64001,85.110001,-1.16,-0.16,1.23123,-0.48813999,0.55619001,8.8894663,1.16,227.46184
84308,23.418758,-16.35,0.28819999,55010,5.6500001,6.96,69.9627,-133.629,4589,45.189999,-68.809998,1.45,1.27,1.53,297.84,85.470001,-1.4,-0.20999999,1.22588,-0.50484002,0.55936003,8.9646025,1.4,230.93094
84309,23.419035,-16.290001,0.28659999,55064,6.2399998,6.4299998,69.963112,-133.63078,4587,45.220001,-68.610001,1.63,1.3,1.3200001,298.03,84.580002,-1.16,-0.5,1.2445,-0.52386999,0.54876,8.9600496,1.16,225.85915
84310,23.419313,-16.309999,0.2872,55012,5.4699998,7.2399998,69.963509,-133.63258,4586,45.279999,-68.440002,1.97,1.28,1.13,298.06,85.589996,-1.52,-0.23999999,1.22562,-0.51007998,0.55953997,9.0740557,1.52,232.92804
84311,23.419592,-16.290001,0.28549999,55036,5.6700001,7.1199999,69.963921,-133.63435,4584,45.32,-68.32,2.26,1.05,0.91000003,298.06,85.32,-1.47,-0.25999999,1.22966,-0.50743997,0.55719,9.1018295,1.47,231.468
84312,23.419868,-16.32,0.28639999,54984,4.7399998,8.0500002,69.964333,-133.63615,4581.5,45.34,-68.25,2.5699999,0.68000001,0.68000001,298.14001,86.519997,-2.04,-0.079999998,1.20681,-0.51067001,0.57043999,9.3418465,2.04,239.50958
84313,23.420147,-16.24,0.2854,55109,5.9200001,6.6700001,69.964729,-133.63792,4579,45.34,-68.25,2.8800001,0.55000001,0.58999997,298.20001,84.760002,-1.29,-0.41999999,1.23,-0.53062999,0.55712998,8.9182568,1.29,228.40915
84314,23.420424,-16.209999,0.28439999,55138,6.2199998,6.4099998,69.965141,-133.63971,4576,45.369999,-68.239998,2.98,0.74000001,0.62,298.10999,84.43,-1.0700001,-0.38999999,1.22734,-0.53083003,0.55865997,8.9317684,1.0700001,225.86186
84315,23.420702,-16.190001,0.28290001,55164,6.2399998,6.54,69.965538,-133.64149,4573,45.400002,-68.230003,3.03,0.98000002,0.57999998,297.91,84.550003,-1.23,-0.20999999,1.22402,-0.50672001,0.56044,9.0393143,1.23,226.34473
84316,23.42098,-16.17,0.28299999,55205,6.5999999,6.1399999,69.96595,-133.64328,4570,45.43,-68.25,3.1400001,1.0599999,0.47999999,297.84,84.010002,-1.05,-0.22,1.23212,-0.49680001,0.55571002,9.014411,1.05,222.93213
84317,23.421257,-16.24,0.28349999,55107,5.48,7.6100001,69.966362,-133.64507,4567,45.52,-68.260002,3.3399999,1.4,0.27000001,297.92001,85.93,-1.73,-0.01,1.20442,-0.50348002,0.57181001,9.3777666,1.73,234.24214
84318,23.421535,-16.200001,0.2823,55166,5.6700001,7.27,69.966766,-133.64684,4563.5,45.68,-68.25,3.5899999,1.66,0.13,298,85.610001,-1.64,0.02,1.21213,-0.48822001,0.56729001,9.2196417,1.64,232.04871
84319,23.421812,-16.129999,0.2811,55289,6.5700002,6.1900001,69.967178,-133.64862,4560,45.84,-68.260002,3.6199999,1.5599999,0.30000001,298.16,84.239998,-1.02,-0.25999999,1.2246799,-0.51326001,0.56010002,9.0266829,1.02,223.2942
84320,23.422091,-16.190001,0.2818,55166,5.1399999,8.0699997,69.96759,-133.65041,4557,46.029999,-68.230003,3.3499999,1.6799999,0.47,298.39001,86.690002,-2.02,-0.079999998,1.18422,-0.54448998,0.58367002,9.5678883,2.02,237.50584
84321,23.422369,-16.139999,0.28029999,55259,5.8600001,7.0999999,69.96801,-133.65218,4553,46.220001,-68.169998,3.1500001,1.8099999,0.58999997,298.54001,85.529999,-1.47,-0.22,1.20512,-0.53553998,0.57151002,9.2059546,1.47,230.46536
84322,23.422646,-16.120001,0.28,55278,5.8299999,7.1900001,69.968422,-133.65396,4550.5,46.400002,-68.080002,3.01,2,0.63,298.57999,85.650002,-1.53,-0.12,1.20928,-0.51463997,0.56901997,9.2566195,1.53,230.9632
84323,23.422924,-16.059999,0.2789,55363,6.5599999,6.4899998,69.968842,-133.65575,4547.5,46.599998,-67.980003,2.95,2.0699999,0.61000001,298.63,84.629997,-1,-0.25,1.2345901,-0.49743,0.55429,9.2278757,1,224.69267
84324,23.423201,-16.110001,0.27860001,55285,5.6900001,7.7600002,69.969261,-133.65749,4547.5,46.830002,-67.849998,2.99,2.27,0.60000002,298.76999,86.18,-1.61,-0.07,1.20795,-0.50858998,0.56976998,9.6225624,1.61,233.74936
84325,23.423479,-16.030001,0.27759999,55408,6.71,6.6900001,69.969681,-133.65926,4544.5,47.09,-67.709999,2.97,2.45,0.63,298.92999,84.739998,-1.0599999,-0.30000001,1.22911,-0.51416999,0.55754,9.4752417,1.0599999,224.91449
84326,23.423758,-16.059999,0.2771,55363,6.0599999,7.4699998,69.970108,-133.66103,4541.5,47.349998,-67.550003,2.8800001,2.55,0.68000001,299.07999,85.739998,-1.46,-0.090000004,1.21322,-0.50309998,0.56669998,9.6189651,1.46,230.94948
84327,23.424034,-16.040001,0.27680001,55401,6.1599998,7.2600002,69.970528,-133.6628,4538.5,47.599998,-67.389999,2.8399999,2.5599999,0.69999999,299.26001,85.459999,-1.33,-0.07,1.2203799,-0.49035001,0.56248999,9.5211973,1.33,229.6859
84328,23.424313,-16.01,0.27649999,55407,6.04,7.2800002,69.970963,-133.66457,4536,47.849998,-67.230003,2.8,2.5699999,0.72000003,299.54999,85.470001,-1.42,-0.090000004,1.2186,-0.49676999,0.56355,9.4593868,1.42,230.31851
84329,23.424589,-16,0.2762,55436,6.1300001,7.2600002,69.97139,-133.66631,4533.5,48.139999,-67.040001,2.75,2.7,0.74000001,299.88,85.43,-1.36,-0.22,1.21916,-0.51618999,0.56330001,9.5018158,1.36,229.82384
84330,23.424868,-15.98,0.27520001,55452,6,7.3099999,69.971817,-133.66806,4530.5,48.439999,-66.830002,2.73,2.8699999,0.74000001,300.10001,85.489998,-1.33,-0.14,1.22052,-0.50125998,0.56244999,9.4570665,1.33,230.62108
