data/raw/Flight9/AIMMS_POLAR6_20150420_R1_V2_NETCARE.ict
57, 1001
Aliabadi, Amir A.
University of Guelph
AIMMS20 - 1 Hz data from the processed output file 04202145.txt
Polar 6 NETCARE
2, 2
2015, 04, 20, 2015, 06, 26
1
TimeWave, seconds
24
1, 1, 1, 1, 1, 1, 1, 1, 1, 1, 1, 1, 1, 1, 1, 1, 1, 1, 1, 1, 1, 1, 1, 1
-9999, -9999, -9999, -9999, -9999, -9999, -9999, -9999, -9999, -9999, -9999, -9999, -9999, -9999, -9999, -9999, -9999, -9999, -9999, -9999, -9999, -9999, -9999, -9999
Time_Hr, hr UTC
Temp, deg C
RH, 0-1
BP, pa
WSN, m/s
WSE, m/s
Lat, deg
Lon, deg
Alt, m
SProbN, m/s
SProbE, m/s
SProbD, m/s
Roll, deg
Pitch, deg
Heading, deg
TAS, m/s
WSD, m/s
SideslipAngle, deg
AOA, deg
SideslipDiff, none
SysStatFlag, none
WS, m/s
WSW, m/s
WD, deg
1
Values for certain parameters near the beginning and end of the data block may be 0 as the instrument may not have been recording during these start and end timestamps
18
PI_CONTACT_INFO: Address: aliabadi@uoguelph.ca
PLATFORM: Polar 6 - sampling around the aircraft
LOCATION: Location data varies as seen in this file
ASSOCIATED_DATA: 04202145.r??
INSTRUMENT_INFO: AIMMS20, Avantech, www.aventech.com
DATA_INFO: none
UNCERTAINTY: Contact manufacturer, Aventech
ULOD_FLAG: -7777
ULOD_VALUE: N/A
LLOD_FLAG: -8888
LLOD_VALUE: N/A
DM_CONTACT_INFO: Amir A. Aliabadi; University of Guelph; aliabadi@uoguelph.ca
PROJECT_INFO: Polar 6 NETCARE Spring 2015 campaign
STIPULATIONS_ON_USE: N/A
OTHER_COMMENTS: N/A
REVISION: R1
R1: corrected for start/stop times
TimeWave,Time_Hr,Temp,RH,BP,WSN,WSE,Lat,Lon,Alt,SProbN,SProbE,SProbD,Roll,Pitch,Heading,TAS,WSD,SideslipAngle,AOA,SideslipDiff,SysStatFlag,WS,WSW,WD
[from data line 13787]
92156,1.598875,4.77,0.70359999,98232,0.74000001,-2.47,68.302368,-133.53699,130.5,2.4300001,47.27,3.78,2.49,-0.36000001,87.230003,49.970001,-1.0599999,1.05,1.1137201,-0.4673,0.62528002,2.5784686,1.0599999,106.67796
92157,1.599153,4.7600002,0.70429999,98193,0.60000002,-3.4300001,68.302391,-133.53574,127,2.49,47.34,3.8099999,0.97000003,0.079999998,87.139999,51.119999,-1.26,0.82999998,1.05203,-0.59048003,0.66117001,3.4820828,1.26,99.922195
92158,1.599431,4.79,0.70300001,98287,0.31999999,-2.8599999,68.302422,-133.53458,123,2.55,47.400002,3.49,1.83,0.28999999,86.82,50.59,-0.88,0.79000002,1.0772001,-0.56059998,0.64642,2.8778462,0.88,96.384163
92159,1.599708,4.8099999,0.70310003,98347,0.02,-2.46,68.302437,-133.53355,120.5,2.53,47.43,3.26,2.05,0.44999999,86.330002,50.279999,-1.34,0.99000001,1.07926,-0.52696002,0.64535999,2.4600813,1.34,90.465813
92160,1.599986,4.8000002,0.7026,98352,0.12,-2.8800001,68.30246,-133.53239,117,2.71,47.470001,3.02,1.11,0.62,85.629997,50.709999,-1.59,1.53,1.05086,-0.48353001,0.66250002,2.882499,1.59,92.385941
92161,1.600264,4.8299999,0.70230001,98407,0.94,-2.8699999,68.302483,-133.53125,114.5,2.9200001,47.450001,3.03,2.04,0.76999998,85.589996,50.470001,-1.09,2.3599999,1.07979,-0.31121999,0.64717001,3.0200164,1.09,108.13497
92162,1.600541,4.8499999,0.7015,98437,0.74000001,-3.01,68.302513,-133.53011,111.5,2.95,47.360001,2.6900001,2.1500001,1.65,85.989998,50.509998,-1.17,1.71,1.0481499,-0.45783001,0.66434002,3.0996289,1.17,103.81208
92163,1.600819,4.8800001,0.70120001,98484,0.73000002,-2.4000001,68.302544,-133.52896,109,3.0699999,47.189999,2.4200001,0.80000001,1.54,86.07,49.759998,-1.09,1.3200001,1.08772,-0.46327999,0.64074999,2.5085654,1.09,106.91801
92164,1.601097,4.8800001,0.70090002,98481,0.40000001,-2.9200001,68.302559,-133.52782,106.5,3.26,47.040001,2.51,0.64999998,1.55,86.239998,50.189999,-1.5,0.55000001,1.04173,-0.64997,0.66707999,2.9472699,1.5,97.800186
92165,1.601374,4.9000001,0.70039999,98550,0.95999998,-2.76,68.302589,-133.52667,104,3.47,46.860001,2.55,0.62,1.1799999,85.779999,49.860001,-0.75,1.38,1.11219,-0.41852999,0.62655997,2.9221909,0.75,109.17901
92166,1.601652,4.9099998,0.70039999,98516,0.57999998,-3.4200001,68.30262,-133.52554,101.5,3.6099999,46.720001,2.5899999,1.98,1.37,85.75,50.41,-1.51,1,1.01736,-0.61475003,0.68155998,3.4688327,1.51,99.625244
92167,1.60193,4.9299998,0.70039999,98575,0.76999998,-3.1500001,68.30265,-133.52441,99.5,3.5699999,46.619999,2.6300001,2.3800001,1.1900001,85.860001,49.959999,-1.14,1.16,1.06568,-0.52012998,0.65344,3.2427459,1.14,103.73627
92168,1.602208,4.96,0.7001,98658,1.27,-2.54,68.302689,-133.52328,96.5,3.4400001,46.52,2.8499999,2.6199999,1.25,85.779999,49.27,-0.87,1.95,1.0866899,-0.36589,0.64231998,2.8398063,0.87,116.56505
92169,1.6024849,4.9699998,0.70120001,98690,1.22,-2.9200001,68.302719,-133.52216,94,3.47,46.450001,2.8299999,1.45,1.55,85.57,49.630001,-1.09,1.99,1.05058,-0.41152999,0.66336,3.1646171,1.09,112.67558
92170,1.6027631,4.96,0.7001,98642,0.99000001,-3.8699999,68.30275,-133.52103,91,3.73,46.349998,2.55,1.03,1.6,85.519997,50.41,-1.41,1.47,1.01697,-0.54088002,0.68221003,3.9946213,1.41,104.34933
92171,1.6030411,4.9699998,0.70120001,98651,1.34,-4.3899999,68.30278,-133.51991,88.5,3.8599999,46.310001,2.46,1.66,1.51,85.959999,50.830002,-1.64,1.38,1.01415,-0.55844003,0.68375999,4.5899563,1.64,106.97424
92172,1.603318,5,0.70069999,98688,0.94,-3.9300001,68.302811,-133.51878,86.5,3.8099999,46.27,2.29,2.3900001,1.75,86.68,50.349998,-1.8,0.31,1.00199,-0.74361998,0.69033998,4.040854,1.8,103.45161
92173,1.603596,5.0300002,0.69929999,98784,1.6,-3.0599999,68.302849,-133.51765,84.5,3.5999999,46.200001,2.3900001,2.79,2.3,87.010002,49.43,-1.13,0.97000003,1.0249799,-0.60742003,0.67708999,3.4530566,1.13,117.60398
92174,1.603874,5.02,0.69700003,98766,1.86,-3.95,68.302879,-133.51656,82,3.52,46.009998,1.97,1.98,2.71,87.129997,50.049999,-1.34,1.2,1.01759,-0.58271998,0.68158001,4.3660164,1.34,115.2151
92175,1.604151,5.04,0.69559997,98812,1.95,-3.8399999,68.30291,-133.51543,80.5,3.5,45.82,1.85,1.83,2.3900001,87.199997,49.799999,-1.41,1.21,1.04137,-0.54661,0.66768998,4.3067503,1.41,116.92203
92176,1.604429,5.0599999,0.69669998,98864,1.64,-3.29,68.30294,-133.51431,78.5,3.55,45.610001,1.99,1.33,2.1800001,87.050003,49.02,-0.98000002,0.83999997,1.06367,-0.57217997,0.65437001,3.6760983,0.98000002,116.49535
92177,1.604707,5.0700002,0.69660002,98859,1.74,-3.8399999,68.302971,-133.51321,76.5,3.5799999,45.419998,2.1900001,1.91,2.0599999,87.199997,49.34,-1.16,0.86000001,1.03677,-0.60895002,0.67010999,4.2158275,1.16,114.37647
92178,1.604985,5.0700002,0.6947,98878,1.75,-4.1799998,68.303001,-133.51212,74.5,3.4300001,45.27,2.3399999,3.3199999,2.02,87.900002,49.5,-1.02,0.49000001,1.03061,-0.67430001,0.67357999,4.5315447,1.02,112.71712
92179,1.605262,5.0900002,0.6936,98937,1.6,-3.9400001,68.303032,-133.51102,72,3.04,45.119999,2.3900001,3.25,2.05,88.150002,49.209999,-1.23,0.52999997,1.04958,-0.64164001,0.66248,4.2524815,1.23,112.10165
92180,1.60554,5.0799999,0.69440001,98895,1.61,-4.8000002,68.303062,-133.50993,69.5,2.75,44.950001,2.46,3.1700001,2.0899999,87.18,50.220001,-1.33,1.85,1.0008301,-0.50414002,0.69211,5.0628157,1.33,108.54231
92181,1.605818,5.1100001,0.69459999,98947,1.6799999,-4.9099998,68.303078,-133.50885,67.5,2.6700001,44.689999,2.3399999,3.1800001,3.04,85.75,49.869999,-1.1,3.5,0.98825002,-0.26444,0.70279998,5.1894603,1.1,108.88884
92182,1.606095,5.4899998,0.68040001,100103,2.03,19.24,68.303101,-133.50777,65.5,2.75,44.419998,1.92,2.1700001,3.8299999,85.160004,25.360001,-0.18000001,3.54,0.88055998,-0.41215,0,19.346796,0.18000001,263.97705
92183,1.606373,5.5,0.68120003,100106,2.29,19.15,68.303131,-133.50668,64,2.9200001,44.110001,1.39,1.33,4.21,84.650002,25.1,-0.44999999,4.1100001,0.88691002,-0.31388,0,19.286436,0.44999999,263.18082
92184,1.6066509,5.5100002,0.6803,100120,2.23,19.299999,68.303146,-133.50562,62.5,3.24,43.75,1.1900001,1.28,4.2800002,84.43,24.51,-0.54000002,3.4300001,0.87344998,-0.44007,0,19.428404,0.54000002,263.40903
92185,1.606928,5.52,0.68049997,100123,2.3499999,19.129999,68.303177,-133.50456,61.5,3.49,43.419998,0.94999999,1.7,4.4099998,84.970001,24.25,-0.69,2.6199999,0.84794003,-0.60308999,0,19.2738,0.69,262.99667
92186,1.607206,5.52,0.68010002,100151,2.0699999,18.75,68.303223,-133.50352,60.5,3.46,43.150002,0.72000003,2.6600001,4.6300001,85.709999,24.42,-0.83999997,1.4400001,0.86451,-0.76391,0,18.863918,0.83999997,263.70007
92187,1.607484,5.5500002,0.67869997,100154,2.01,19.59,68.303253,-133.50247,60.5,3.3599999,42.849998,0.50999999,2.8699999,5.1399999,85.940002,23.35,-1.1,1.21,0.8021,-0.89104003,0,19.692846,1.1,264.14175
92188,1.607762,5.54,0.68040001,100171,1.74,20.040001,68.303268,-133.50143,59.5,3.1900001,42.540001,0.050000001,3.02,5.6599998,85.68,22.700001,-1.49,1.12,0.77735001,-0.93958002,0,20.115398,1.49,265.03766
92189,1.608039,5.5100002,0.6825,100161,1.35,19.51,68.303299,-133.50041,60,3.05,42.220001,0.039999999,3.49,5.5599999,85,22.959999,-1.36,1.28,0.83429003,-0.83392,0,19.556652,1.36,266.04172
92190,1.608317,5.52,0.68110001,100121,1.37,18.24,68.303329,-133.4994,60,3.1099999,41.73,-0.22,2.5599999,5.52,84.5,23.469999,-1.66,1.71,0.89613998,-0.67769998,0,18.291378,1.66,265.70459
92191,1.608595,5.5,0.6832,100140,1.54,18.6,68.303352,-133.49838,60.5,3.3,41.330002,-0.12,3.3800001,5.3400002,84.730003,22.860001,-1.16,1.34,0.84623998,-0.80620998,0,18.663645,1.16,265.26694
92192,1.6088721,5.5,0.68290001,100106,1.63,17.780001,68.303383,-133.49738,60.5,3.53,40.900002,0.01,4.3699999,5.1199999,84.559998,23.24,-0.98000002,1.3200001,0.88238001,-0.75726002,0,17.854561,0.98000002,264.76199
92193,1.6091501,5.1700001,0.69550002,99075,0.47,-5.7600002,68.303413,-133.49638,61,3.5899999,40.439999,0.059999999,4.4899998,4.9099998,85.059998,46.220001,-2.0699999,1.6799999,0.92053998,-0.64701003,0.73877001,5.7791438,2.0699999,94.664841
92194,1.609428,5.1900001,0.6954,99171,-0.039999999,-3.8900001,68.303436,-133.49542,60.5,3.5,40.02,0.14,3.4300001,4.5799999,85.489998,44.02,-1.88,0.34,0.97158998,-0.78347999,0.70815998,3.8902059,1.88,89.410858
92195,1.609705,5.2399998,0.6936,99246,0.25,-1.96,68.303482,-133.49445,60.5,3.6199999,39.57,0.30000001,0.83999997,3.3199999,86.150002,41.450001,-1.09,-0.72000003,1.1341,-0.71675998,0.61356997,1.9758795,1.09,97.268883
