data/raw/Flight9/AIMMS_POLAR6_20150420_R1_V2_NETCARE.ict
57, 1001
Aliabadi, Amir A.
University of Guelph
AIMMS20 - 1 Hz data from the processed output file 04202145.txt
Polar 6 NETCARE
2, 2
2015, 04, 20, 2015, 06, 26
1
TimeWave, seconds
24
1, 1, 1, 1, 1, 1, 1, 1, 1, 1, 1, 1, 1, 1, 1, 1, 1, 1, 1, 1, 1, 1, 1, 1
-9999, -9999, -9999, -9999, -9999, -9999, -9999, -9999, -9999, -9999, -9999, -9999, -9999, -9999, -9999, -9999, -9999, -9999, -9999, -9999, -9999, -9999, -9999, -9999
Time_Hr, hr UTC
Temp, deg C
RH, 0-1
BP, pa
WSN, m/s
WSE, m/s
Lat, deg
Lon, deg
Alt, m
SProbN, m/s
SProbE, m/s
SProbD, m/s
Roll, deg
Pitch, deg
Heading, deg
TAS, m/s
WSD, m/s
SideslipAngle, deg
AOA, deg
SideslipDiff, none
SysStatFlag, none
WS, m/s
WSW, m/s
WD, deg
1
Values for certain parameters near the beginning and end of the data block may be 0 as the instrument may not have been recording during these start and end timestamps
18
PI_CONTACT_INFO: Address: aliabadi@uoguelph.ca
PLATFORM: Polar 6 - sampling around the aircraft
LOCATION: Location data varies as seen in this file
ASSOCIATED_DATA: 04202145.r??
INSTRUMENT_INFO: AIMMS20, Avantech, www.aventech.com
DATA_INFO: none
UNCERTAINTY: Contact manufacturer, Aventech
ULOD_FLAG: -7777
ULOD_VALUE: N/A
LLOD_FLAG: -8888
LLOD_VALUE: N/A
DM_CONTACT_INFO: Amir A. Aliabadi; University of Guelph; aliabadi@uoguelph.ca
PROJECT_INFO: Polar 6 NETCARE Spring 2015 campaign
STIPULATIONS_ON_USE: N/A
OTHER_COMMENTS: N/A
REVISION: R1
R1: corrected for start/stop times
TimeWave,Time_Hr,Temp,RH,BP,WSN,WSE,Lat,Lon,Alt,SProbN,SProbE,SProbD,Roll,Pitch,Heading,TAS,WSD,SideslipAngle,AOA,SideslipDiff,SysStatFlag,WS,WSW,WD
[from data line 3398]
81767,22.713123,0.56999999,0.82380003,80279,6.8600001,-3.0999999,69.968567,-133.04726,1740.5,-60.389999,-17.25,-2.8399999,13.22,5.0999999,192.37,68.550003,-0.01,0.15000001,1.2751,-0.37682,0.53042001,7.5279217,0.01,155.68202
81768,22.7134,0.54000002,0.82489997,80229,7.6300001,-2.9000001,69.968033,-133.04773,1743.5,-59.830002,-19.110001,-3.1500001,13.22,5.29,193.92,69.199997,-0.1,0.23999999,1.26899,-0.37265,0.53399998,8.1625299,0.1,159.18927
81769,22.713678,0.56,0.82669997,80236,7.1300001,-3.1400001,69.967499,-133.04825,1746.5,-59.209999,-20.940001,-3.28,13.25,5.3699999,195.53,68.5,0.12,0.090000004,1.28757,-0.36943999,0.52311999,7.7907958,-0.12,156.23166
81770,22.713955,0.52999997,0.82730001,80172,7.3400002,-3.1700001,69.966972,-133.04881,1750,-58.52,-22.74,-3.3299999,13.34,5.3699999,197.13,68.519997,0.079999998,0.01,1.28399,-0.38589999,0.52522999,7.9952803,-0.079999998,156.64145
81771,22.714233,0.51999998,0.82660002,80141,7.2800002,-3.27,69.966454,-133.04942,1753.5,-57.82,-24.530001,-3.23,13.34,5.21,198.67999,68.300003,0.059999999,-0.01,1.29735,-0.37007999,0.51741999,7.9806833,-0.059999999,155.81154
81772,22.714512,0.50999999,0.8276,80108,7.3499999,-3.3399999,69.965927,-133.05009,1756.5,-57.130001,-26.26,-2.98,13.11,5,200.14999,68.239998,0.25,-0.039999999,1.3042001,-0.36539,0.51343,8.0732956,-0.25,155.56192
81773,22.714788,0.5,0.82730001,80120,7.1399999,-3.45,69.965424,-133.0508,1759.5,-56.459999,-27.9,-2.5999999,12.71,4.6199999,201.53,67.959999,0.28,-0.01,1.31393,-0.34621,0.50771999,7.9298234,-0.28,154.21048
81774,22.715067,0.47,0.82779998,80055,7.54,-3.2,69.96492,-133.05154,1762,-55.810001,-29.459999,-2.22,12.42,4.3699999,202.94,68.389999,0.19,0.090000004,1.3030699,-0.34573999,0.51405001,8.1909466,-0.19,157.00348
81775,22.715343,0.46000001,0.82740003,80019,7.5999999,-3.1600001,69.964417,-133.05232,1763.5,-55.16,-31.049999,-1.96,12.39,4.1799998,204.5,68.470001,0.19,-0.029999999,1.29465,-0.37665999,0.51901001,8.2307711,-0.19,157.42297
81776,22.715622,0.44,0.82819998,79995,7.8299999,-3.21,69.963928,-133.05316,1765.5,-54.470001,-32.68,-1.78,12.53,4.1100001,206.07001,68.709999,0.15000001,-0.19,1.28431,-0.41802999,0.52516001,8.4624462,-0.15000001,157.70825
81777,22.7159,0.43000001,0.82800001,79983,7.9299998,-3.1900001,69.963448,-133.05403,1767.5,-53.700001,-34.360001,-1.77,12.71,4.1599998,207.42999,68.900002,0.050000001,0.01,1.27808,-0.39555001,0.52868998,8.5475731,-0.050000001,158.08656
81778,22.716177,0.41999999,0.82709998,79972,7.71,-3.4200001,69.962967,-133.05496,1770.5,-52.900002,-35.98,-1.79,12.56,4.23,208.64,68.629997,0.25999999,0.17,1.28747,-0.35675001,0.52318001,8.4344826,-0.25999999,156.07889
81779,22.716455,0.41,0.82660002,79966,7.79,-3.45,69.962502,-133.05591,1772,-52.080002,-37.509998,-1.8099999,12.36,4.21,209.98,68.68,0.2,0.2,1.28994,-0.34777999,0.52174002,8.5197773,-0.2,156.11263
81780,22.716732,0.41999999,0.82660002,79966,7.46,-3.6700001,69.962044,-133.05692,1774,-51.240002,-39.009998,-1.78,12.3,4.0300002,211.55,68.260002,0.30000001,0,1.30703,-0.35554999,0.51176,8.3138742,-0.30000001,153.80479
81781,22.71701,0.38,0.82660002,79903,7.7600002,-3.4000001,69.961578,-133.05795,1776,-50.400002,-40.529999,-1.61,12.37,3.8900001,213.13,68.779999,0.23,-0.059999999,1.29375,-0.3829,0.51955003,8.4721661,-0.23,156.33965
81782,22.717287,0.37,0.82609999,79910,7.77,-3.47,69.961128,-133.05901,1776.5,-49.459999,-42.080002,-1.63,12.39,4.0300002,214.50999,68.870003,0.090000004,0.059999999,1.28365,-0.37893,0.52542001,8.5096302,-0.090000004,155.93497
81783,22.717566,0.36000001,0.82560003,79866,7.96,-3.3499999,69.960693,-133.06013,1778,-48.470001,-43.560001,-1.89,12.26,4.3000002,215.88,69.089996,0,0.18000001,1.27487,-0.37253001,0.53055,8.6362085,0,157.17599
81784,22.717844,0.37,0.8251,79861,7.7399998,-3.5599999,69.960258,-133.06129,1780,-47.43,-44.990002,-2.1600001,12.11,4.4200001,217.35001,68.790001,0.079999998,0.1,1.28815,-0.36589,0.52278,8.5194597,-0.079999998,155.30002
81785,22.718121,0.34999999,0.82450002,79837,7.73,-3.55,69.959839,-133.06248,1783,-46.389999,-46.360001,-2.1199999,12.18,4.2399998,218.84,68.769997,0.14,0.01,1.29686,-0.36770001,0.51770002,8.5061979,-0.14,155.33307
81786,22.718399,0.33000001,0.82239997,79779,7.79,-3.54,69.959427,-133.06371,1785,-45.299999,-47.740002,-1.96,12.43,4.1799998,220.36,68.830002,0.13,-0.039999999,1.28939,-0.38727999,0.52209002,8.5566177,-0.13,155.56158
81787,22.718676,0.31999999,0.82169998,79777,7.7600002,-3.6099999,69.95903,-133.06499,1787.5,-44.119999,-49.18,-1.92,12.76,4.1900001,221.92999,68.830002,0.16,-0.079999998,1.28619,-0.39675,0.52398002,8.5586042,-0.16,155.05186
81788,22.718954,0.30000001,0.82130003,79754,7.79,-3.72,69.958641,-133.06628,1789.5,-42.880001,-50.599998,-1.97,12.67,4.21,223.35001,68.830002,0.050000001,0,1.2915601,-0.37713999,0.52081001,8.6326418,-0.050000001,154.47388
81789,22.719233,0.31,0.8193,79763,7.6199999,-3.98,69.95826,-133.06763,1792,-41.68,-51.900002,-1.9400001,12.29,4.2199998,224.73,68.559998,0.2,-0.01,1.2991,-0.36833,0.51639998,8.5967903,-0.2,152.42149
81790,22.719509,0.28999999,0.8193,79694,7.8699999,-3.6099999,69.957901,-133.069,1794.5,-40.470001,-53.139999,-2.05,11.87,4.3499999,226.23,68.970001,0.02,0.029999999,1.28564,-0.38106999,0.52425998,8.6584635,-0.02,155.35889
81791,22.719788,0.28,0.81870002,79676,7.9200001,-3.51,69.957542,-133.0704,1796.5,-39.23,-54.310001,-2.1700001,11.55,4.4400001,227.73,69.099998,0.059999999,-0.059999999,1.28249,-0.39963001,0.52613997,8.6629381,-0.059999999,156.09795
81792,22.720064,0.27000001,0.81849998,79661,7.8800001,-3.5999999,69.957191,-133.07182,1798,-37.950001,-55.43,-2.3399999,11.28,4.6199999,229.12,69.029999,-0.029999999,-0.059999999,1.27802,-0.40632001,0.52875,8.663394,0.029999999,155.44658
81793,22.720343,0.27000001,0.8179,79651,7.7399998,-3.8900001,69.956863,-133.0733,1802,-36.689999,-56.470001,-2.5699999,11.1,4.8600001,230.45,68.660004,0.16,-0.14,1.28102,-0.41343999,0.52704,8.6625452,-0.16,153.31664
81794,22.720621,0.25999999,0.81660002,79614,7.9499998,-3.6700001,69.956543,-133.07478,1804,-35.349998,-57.43,-2.8800001,11.02,5.0900002,231.77,68.870003,0.02,-0.1,1.27544,-0.41536,0.53027999,8.7562208,-0.02,155.22029
81795,22.720898,0.23999999,0.8161,79562,8.1199999,-3.4000001,69.956223,-133.07629,1806.5,-34.02,-58.330002,-3.05,10.98,5.0700002,233.02,69.089996,-0.1,0,1.28018,-0.39357999,0.52746999,8.8030901,0.1,157.28
81796,22.721176,0.23,0.81550002,79533,8,-3.5699999,69.955917,-133.07784,1810,-32.740002,-59.189999,-2.8800001,10.89,4.8499999,234.17,68.800003,0.029999999,0.07,1.2966,-0.35845,0.51784003,8.760417,-0.029999999,155.95119
81797,22.721453,0.22,0.81379998,79549,7.9000001,-3.8399999,69.955643,-133.07938,1813,-31.52,-60.029999,-2.5799999,10.67,4.5799999,235.32001,68.470001,0.15000001,0.059999999,1.30688,-0.34606999,0.51182997,8.7838259,-0.15000001,154.07674
81798,22.721731,0.20999999,0.81230003,79501,7.98,-3.8199999,69.95536,-133.08096,1816,-30.34,-60.849998,-2.24,10.51,4.3699999,236.55,68.529999,0.17,-0.01,1.30085,-0.36531001,0.51537001,8.8471918,-0.17,154.41971
81799,22.72201,0.19,0.81120002,79464,8.0500002,-3.79,69.955093,-133.08257,1818,-29.139999,-61.689999,-2.02,10.38,4.1999998,237.73,68.650002,0.029999999,0.02,1.2968,-0.36660001,0.51774001,8.897562,-0.029999999,154.78859
81800,22.722286,0.18000001,0.80919999,79480,8.1099997,-3.96,69.954842,-133.08418,1820,-27.959999,-62.5,-1.8200001,10.16,4.1100001,238.84,68.629997,0.18000001,-0.039999999,1.29816,-0.37365001,0.51696002,9.0251703,-0.18000001,153.97438
81801,22.722565,0.18000001,0.80739999,79476,7.9099998,-4.4299998,69.95459,-133.08582,1821.5,-26.799999,-63.290001,-1.74,9.9899998,4.0900002,239.94,68.169998,0.40000001,-0.059999999,1.30584,-0.36539999,0.51247001,9.0660353,-0.40000001,150.74896
81802,22.722841,0.17,0.80860001,79436,8.1199999,-3.95,69.954361,-133.08749,1823,-25.639999,-64.040001,-1.76,9.7299995,4.0900002,241.08,68.769997,0.14,0.02,1.29213,-0.37276,0.52047002,9.0297785,-0.14,154.05925
81803,22.72312,0.15000001,0.8071,79385,8.2299995,-3.6900001,69.954132,-133.08917,1825,-24.51,-64.75,-1.77,9.4799995,4.0799999,242.22,69.129997,0.059999999,0.01,1.28669,-0.38286,0.52364999,9.0193672,-0.059999999,155.85046
81804,22.723398,0.14,0.8075,79367,8.1599998,-3.8099999,69.953911,-133.09087,1826,-23.360001,-65.410004,-1.88,9.2799997,4.2600002,243.34,69.019997,0.14,-0.01,1.2828799,-0.39168999,0.52588999,9.0056477,-0.14,154.97157
81805,22.723675,0.15000001,0.8075,79362,8.1499996,-4.1300001,69.95372,-133.09259,1829.5,-22.16,-66.019997,-2.22,9.1400003,4.6199999,244.46001,68.779999,0.20999999,-0.13,1.28282,-0.41044,0.52599001,9.1367064,-0.20999999,153.12645
81806,22.723953,0.12,0.80870003,79314,8.1999998,-3.72,69.953522,-133.09431,1831.5,-20.969999,-66.519997,-2.6400001,8.7700005,4.9899998,245.48,69.139999,-0.050000001,0.039999999,1.27373,-0.39581999,0.53122997,9.0043545,0.050000001,155.59818
81807,22.72423,0.1,0.80970001,79275,8.2200003,-3.5799999,69.953339,-133.09605,1834.5,-19.83,-66.900002,-3.05,8.2399998,5.3600001,246.45,69.160004,0.02,0.059999999,1.27439,-0.39175999,0.53083998,8.9657574,-0.02,156.46576
81808,22.724508,0.079999998,0.81190002,79221,8.2299995,-3.3299999,69.953171,-133.09782,1838,-18.76,-67.199997,-3.4000001,7.8600001,5.5,247.42999,69.279999,-0.12,0.039999999,1.27651,-0.39243999,0.52960002,8.8781633,0.12,157.9709
81809,22.724787,0.050000001,0.8107,79196,8.1999998,-3.6099999,69.953003,-133.09958,1841.5,-17.77,-67.470001,-3.3299999,7.6100001,5.2600002,248.33,68.889999,0.11,-0.14,1.29865,-0.38905999,0.51673001,8.9594698,-0.11,156.2388
81810,22.725063,0.02,0.80980003,79170,8.2700005,-3.45,69.95285,-133.10133,1844.5,-16.790001,-67.75,-3.1400001,7.5799999,5.1900001,249.17,68.949997,0.11,-0.13,1.28922,-0.40077999,0.52223998,8.9607706,-0.11,157.35555
81811,22.725342,0.01,0.80989999,79145,8.3000002,-3.52,69.952698,-133.10312,1848,-15.78,-68.040001,-3.1300001,7.73,5.29,249.89,68.830002,0.15000001,-0.01,1.28064,-0.39398,0.52719998,9.0155649,-0.15000001,157.01837
81812,22.725618,-0.01,0.81019998,79111,8.3500004,-3.5,69.952568,-133.1049,1851.5,-14.78,-68.279999,-3.24,7.75,5.4200001,250.61,68.739998,0.079999998,0.1,1.27995,-0.37739,0.52758002,9.0538673,-0.079999998,157.25844
81813,22.725897,-0.039999999,0.81089997,79062,8.3599997,-3.26,69.952438,-133.10669,1854.5,-13.8,-68.5,-3.24,7.6500001,5.3299999,251.36,68.830002,-0.1,0.23999999,1.2786601,-0.35751,0.52835,8.9731369,0.1,158.69659
81814,22.726175,-0.039999999,0.81029999,79073,8.4399996,-3.5599999,69.952316,-133.10847,1857.5,-12.87,-68.730003,-3.0599999,7.54,5.0999999,252.23,68.480003,0.079999998,-0.01,1.2931,-0.37577,0.51990998,9.1600866,-0.079999998,157.12993
81815,22.726452,-0.079999998,0.81190002,79025,8.3999996,-3.45,69.952209,-133.11028,1860.5,-11.91,-68.989998,-2.8699999,7.6300001,5.0300002,253.17999,68.529999,0.059999999,-0.050000001,1.28192,-0.39932999,0.52647001,9.0808859,-0.059999999,157.67134
81816,22.72673,-0.090000004,0.81300002,78971,8.5299997,-3.3499999,69.952103,-133.11209,1863.5,-10.88,-69.239998,-2.95,7.6500001,5.21,254.03,68.629997,-0.039999999,-0.07,1.27055,-0.41863,0.53312999,9.1642456,0.039999999,158.5585
81817,22.727007,-0.14,0.81339997,78922,8.5900002,-2.8099999,69.952011,-133.11391,1866.5,-9.8699999,-69.440002,-3.1400001,7.5500002,5.3899999,254.78999,69.059998,-0.25,0.12,1.25806,-0.40601,0.54039001,9.0379314,0.25,161.8858
81818,22.727285,-0.13,0.81169999,78933,8.5299997,-3.3800001,69.951927,-133.11572,1870,-8.8999996,-69.599998,-3.21,7.3899999,5.27,255.53,68.419998,-0.12,0.079999998,1.28297,-0.37711999,0.52582002,9.1752548,0.12,158.38412
81819,22.727564,-0.14,0.81169999,78907,8.4700003,-3.4400001,69.951851,-133.11754,1873.5,-8.0200005,-69.800003,-2.8599999,7.1700001,4.8099999,256.26999,68.300003,0,0.079999998,1.2982399,-0.35517001,0.51687998,9.1419096,0,157.896
81820,22.72784,-0.2,0.81239998,78838,8.4899998,-3.3,69.95179,-133.11935,1876,-7.21,-70.029999,-2.4200001,6.7600002,4.5599999,257.13,68.440002,-0.07,-0.059999999,1.28976,-0.38962999,0.52188998,9.1087923,0.07,158.75926
81821,22.728119,-0.19,0.81260002,78829,8.46,-3.5799999,69.951729,-133.12119,1878.5,-6.3800001,-70.260002,-2.3199999,6.3000002,4.6300001,258,68.199997,-0.02,-0.25,1.27958,-0.43347999,0.52797002,9.1862946,0.02,157.06348
81822,22.728395,-0.23999999,0.81290001,78779,8.54,-3.21,69.951668,-133.12303,1880.5,-5.5900002,-70.480003,-2.26,6,4.48,258.63,68.690002,-0.13,-0.20999999,1.2801,-0.42699999,0.52763999,9.1233597,0.13,159.39986
81823,22.728674,-0.25999999,0.81349999,78782,8.5699997,-3.4100001,69.95163,-133.12488,1883,-4.9299998,-70.669998,-2.1500001,5.1500001,4.5500002,259.04999,68.550003,-0.1,-0.15000001,1.28004,-0.41749999,0.52762997,9.2235022,0.1,158.30241
81824,22.728951,-0.27000001,0.8143,78744,8.5299997,-3.6400001,69.951576,-133.12672,1885,-4.4299998,-70.800003,-2.3900001,4.0700002,4.8200002,259.48001,68.349998,-0.12,-0.19,1.27259,-0.43443999,0.53201997,9.2741842,0.12,156.89064
81825,22.729229,-0.30000001,0.81419998,78710,8.5,-3.3900001,69.951538,-133.12857,1887.5,-4.0599999,-70.870003,-2.6099999,3.55,4.8899999,259.92999,68.599998,-0.090000004,-0.30000001,1.2718,-0.4524,0.53257,9.1510706,0.090000004,158.25673
81826,22.729507,-0.33000001,0.81529999,78674,8.5299997,-2.97,69.951508,-133.13043,1890.5,-3.6700001,-70.940002,-2.6700001,3.8699999,4.9099998,260.17999,69.080002,-0.14,-0.17,1.26275,-0.44516999,0.53775001,9.0322638,0.14,160.80275
81827,22.729784,-0.33000001,0.8154,78657,8.5900002,-3.3099999,69.951477,-133.13228,1893.5,-3.26,-70.989998,-2.71,4.1999998,4.96,260.23999,68.739998,-0.07,0.029999999,1.27371,-0.3976,0.53123999,9.2056618,0.07,158.92674
81828,22.730062,-0.34,0.815,78630,8.6300001,-3.4200001,69.951447,-133.13414,1896,-2.8499999,-71.050003,-2.6700001,4.4099998,4.9400001,260.44,68.610001,0.059999999,0.13,1.27674,-0.37812999,0.52946001,9.282958,-0.059999999,158.38197
81829,22.730339,-0.36000001,0.81559998,78608,8.6899996,-3.3699999,69.951431,-133.13599,1899,-2.4000001,-71.120003,-2.55,4.7199998,4.8499999,260.85999,68.629997,0.079999998,0.059999999,1.27981,-0.38398001,0.52766001,9.3205681,-0.079999998,158.8036
81830,22.730618,-0.37,0.81529999,78608,8.7600002,-3.8199999,69.951408,-133.13786,1901,-1.86,-71.209999,-2.4200001,5.1199999,4.8299999,261.41,68.169998,0.37,-0.14,1.28567,-0.40829,0.52432001,9.556673,-0.37,156.43929
81831,22.730896,-0.40000001,0.81580001,78554,8.71,-3.28,69.951401,-133.13972,1904,-1.27,-71.309998,-2.3900001,5.2600002,4.8099999,261.85999,68.730003,0.14,0.050000001,1.27753,-0.38929999,0.52899998,9.3071213,-0.14,159.3647
81832,22.731173,-0.41999999,0.81629997,78525,8.7799997,-3.27,69.951393,-133.14159,1906,-0.69,-71.400002,-2.3199999,5.04,4.8000002,262.23999,68.75,0.090000004,0.090000004,1.27687,-0.38400999,0.52938998,9.3691673,-0.090000004,159.57278
81833,22.731451,-0.44,0.81639999,78501,8.8199997,-3.3900001,69.951393,-133.14345,1909,-0.15000001,-71.5,-2.2,5.1199999,4.6900001,262.72,68.660004,0.38999999,0,1.28095,-0.39302,0.52701998,9.4490471,-0.38999999,158.97556
81834,22.731728,-0.47,0.81720001,78448,8.7299995,-2.77,69.951393,-133.14532,1911,0.5,-71.599998,-2.24,5.6500001,4.8600001,263.26001,69.269997,-0.029999999,0.22,1.25053,-0.40206,0.54479998,9.1589184,0.029999999,162.39594
81835,22.732006,-0.46000001,0.8168,78479,9.0100002,-3.3699999,69.951393,-133.14719,1913,1.2,-71.660004,-2.3800001,5.8400002,4.9899998,263.73001,68.709999,0.30000001,0.029999999,1.27195,-0.40084001,0.53227001,9.6196156,-0.30000001,159.49275
81836,22.732285,-0.47,0.81709999,78454,8.9899998,-3.3800001,69.951408,-133.14906,1916,1.88,-71.709999,-2.4400001,5.75,5.0300002,264.29001,68.629997,0.25,0.059999999,1.27387,-0.39387,0.53114998,9.6043997,-0.25,159.39508
81837,22.732561,-0.47999999,0.81739998,78416,8.9799995,-3.3199999,69.951431,-133.15094,1918,2.54,-71.730003,-2.53,5.1999998,5.1399999,264.95999,68.650002,0.15000001,-0.07,1.2699701,-0.41936001,0.53346997,9.574069,-0.15000001,159.71011
