data/raw/Flight9/CO_POLAR6_20150420_R1_L2_NETCARE.ict
34, 1001
Bozem, Heiko; Hoor, Peter
Institute for Atmospheric Physics, Johannes Gutenberg University, Mainz, Germany
CO mixing ratio from AL5002 CO analyzer
NETCARE Polar 6 Campaign 2015
1, 1
2015, 04, 20, 2015, 08, 15
1
Time_UTC, seconds
1
1
-9999.9
CO_ppbv, ppbv
0
19
PI_CONTACT_INFO: Address: Johann-Joachim-Becherweg 21, 55128 Mainz, email: bozemh@uni-mainz.de; hoor@uni-mainz.de
PLATFORM: Polar 6
LOCATION: GPS location and altitude available at 1 Hz resolution in separate file (See AIMMS files under Aircraft data and meteorology)
ASSOCIATED_DATA: N/A
INSTRUMENT_INFO: CO measurements based on the fluorescence of CO in the VUV at 150 nm
DATA_INFO: Units are ppbv
UNCERTAINTY RELATIVE TO STANDARD: 2.3 ppbv at 1 sigma confidence (before drift correction is applied)
ULOD_FLAG: -7777
ULOD_VALUE: N/A
LLOD_FLAG: -8888
LLOD_VALUE: 1.5 
DM_CONTACT_INFO: N/A
PROJECT_INFO: NETCARE Polar 6 aircraft campaign in April 2015; Inuvik
STIPULATIONS_ON_USE: N/A
OTHER_COMMENTS: N/A
REVISION: R1
R0: Preliminary data, corrected for instrument drift
R1: Final data, corrected for instrument drift
Time_UTC,CO_ppbv
[from data line 1311]
79680,132.1
79681,133.7
79682,131.4
79683,128.7
79684,128.7
79685,130.7
79686,134.6
79687,136.6
79688,134.0
79689,133.9
79690,136.5
79691,136.3
79692,134.9
79693,132.2
79694,131.7
79695,130.0
79696,130.1
79697,130.6
79698,131.5
79699,132.5
79700,131.3
79701,132.9
79702,133.0
79703,134.5
79704,134.1
79705,130.7
79706,131.4
79707,130.5
79708,130.2
79709,133.9
79710,133.7
79711,134.0
79712,133.7
79713,132.0
79714,132.8
79715,130.7
79716,132.1
79717,132.8
79718,129.1
79719,128.8
79720,131.7
79721,133.4
79722,132.2
79723,131.9
79724,132.7
79725,133.1
79726,135.6
79727,134.4
79728,132.8
79729,132.5
79730,133.1
79731,132.9
79732,131.3
79733,131.5
79734,132.4
79735,132.4
79736,134.6
79737,133.5
79738,132.6
79739,133.1
79740,132.4
79741,133.9
79742,134.2
79743,133.0
79744,132.4
79745,131.6
79746,131.5
79747,133.0
79748,131.6
79749,130.6
79750,131.8
79751,133.8
79752,134.3
79753,134.4
79754,132.0
79755,129.3
79756,132.4
79757,131.0
79758,130.8
79759,134.1
79760,133.9
79761,134.5
79762,132.6
79763,131.4
79764,133.8
79765,133.0
79766,130.4
79767,131.2
79768,131.1
79769,131.5
79770,132.8
79771,132.0
79772,132.0
79773,131.3
79774,131.4
79775,131.5
79776,130.4
79777,133.4
79778,134.0
79779,131.2
79780,129.5
79781,130.2
79782,133.8
79783,132.8
79784,131.3
79785,132.5
79786,132.3
79787,130.6
79788,131.3
79789,133.1
79790,131.8
79791,132.3
79792,132.1
79793,133.0
79794,135.0
79795,133.0
79796,131.3
79797,131.3
79798,132.8
79799,133.8
79800,132.7
79801,131.7
79802,131.0
79803,130.9
79804,131.9
79805,133.0
79806,133.0
79807,131.9
79808,130.8
79809,129.0
79810,130.2
79811,130.5
79812,131.5
79813,132.4
79814,133.4
79815,135.3
79816,133.8
79817,134.8
79818,134.7
79819,131.9
79820,132.1
79821,130.8
79822,131.8
79823,135.0
79824,134.3
79825,131.6
79826,130.4
79827,131.5
79828,132.5
79829,135.3
79830,132.6
79831,131.1
79832,131.8
79833,131.4
79834,132.2
79835,131.7
79836,129.3
79837,129.2
79838,133.2
79839,132.6
79840,130.9
79841,133.9
79842,134.4
79843,132.8
79844,132.0
79845,133.5
79846,133.5
79847,133.5
79848,134.3
79849,134.2
79850,133.4
79851,131.4
79852,131.1
79853,133.0
79854,134.5
79855,132.0
79856,130.2
79857,130.0
79858,131.5
79859,132.5
79860,133.2
79861,134.3
79862,132.4
79863,130.6
79864,132.8
79865,130.9
79866,129.8
79867,133.6
79868,135.6
79869,134.4
79870,133.2
79871,132.6
79872,131.6
79873,132.1
79874,133.4
79875,133.6
79876,134.1
79877,133.5
79878,130.0
79879,130.2
79880,133.5
79881,134.5
79882,134.5
79883,133.0
79884,132.9
79885,133.6
79886,131.8
79887,132.3
79888,133.7
79889,131.6
79890,130.8
79891,133.0
79892,133.0
79893,132.6
79894,133.5
79895,132.7
79896,134.2
79897,135.5
79898,131.8
79899,131.2
79900,130.8
79901,132.0
79902,131.1
79903,131.5
79904,133.9
79905,132.9
79906,131.9
79907,132.4
79908,132.8
79909,132.4
79910,133.4
79911,134.3
79912,134.0
79913,132.5
79914,130.6
79915,129.2
79916,130.1
79917,132.5
79918,135.6
79919,135.3
79920,129.8
79921,128.8
79922,130.6
79923,132.1
79924,131.7
79925,131.0
79926,131.3
79927,130.8
79928,130.9
79929,130.9
79930,130.9
79931,131.1
79932,133.0
79933,132.1
79934,132.5
79935,-9999.9
79936,-9999.9
79937,-9999.9
79938,-9999.9
79939,-9999.9
79940,-9999.9
79941,-9999.9
79942,-9999.9
79943,-9999.9
79944,-9999.9
79945,-9999.9
79946,-9999.9
79947,-9999.9
79948,-9999.9
79949,-9999.9
79950,-9999.9
79951,-9999.9
79952,-9999.9
79953,-9999.9
79954,-9999.9
79955,-9999.9
79956,-9999.9
79957,-9999.9
79958,-9999.9
79959,-9999.9
79960,-9999.9
79961,-9999.9
79962,-9999.9
79963,-9999.9
79964,-9999.9
79965,-9999.9
79966,-9999.9
79967,-9999.9
79968,-9999.9
79969,-9999.9
79970,-9999.9
79971,-9999.9
79972,-9999.9
79973,-9999.9
79974,-9999.9
79975,-9999.9
79976,-9999.9
79977,-9999.9
79978,-9999.9
79979,-9999.9
79980,-9999.9
79981,-9999.9
79982,-9999.9
79983,-9999.9
79984,-9999.9
79985,-9999.9
79986,-9999.9
79987,-9999.9
79988,-9999.9
79989,-9999.9
79990,-9999.9
79991,-9999.9
79992,-9999.9
79993,-9999.9
79994,-9999.9
79995,-9999.9
79996,-9999.9
79997,-9999.9
79998,-9999.9
79999,-9999.9
80000,-9999.9
80001,-9999.9
80002,-9999.9
80003,-9999.9
80004,-9999.9
80005,-9999.9
80006,-9999.9
80007,-9999.9
80008,-9999.9
80009,-9999.9
80010,-9999.9
80011,-9999.9
80012,-9999.9
80013,-9999.9
80014,-9999.9
80015,-9999.9
80016,-9999.9
80017,-9999.9
80018,-9999.9
80019,-9999.9
80020,-9999.9
80021,-9999.9
80022,-9999.9
80023,-9999.9
80024,-9999.9
80025,-9999.9
80026,-9999.9
80027,-9999.9
80028,-9999.9
80029,-9999.9
80030,-9999.9
80031,-9999.9
80032,-9999.9
80033,-9999.9
80034,-9999.9
80035,-9999.9
80036,-9999.9
80037,-9999.9
80038,-9999.9
80039,-9999.9
80040,-9999.9
80041,-9999.9
80042,-9999.9
80043,-9999.9
80044,-9999.9
80045,-9999.9
80046,-9999.9
80047,-9999.9
80048,-9999.9
80049,-9999.9
80050,-9999.9
80051,-9999.9
80052,-9999.9
80053,-9999.9
80054,-9999.9
80055,-9999.9
80056,-9999.9
80057,-9999.9
80058,-9999.9
80059,-9999.9
80060,-9999.9
80061,134.4
80062,135.2
80063,133.3
80064,132.5
80065,134.8
80066,135.4
80067,133.8
80068,134.8
80069,136.7
80070,138.3
80071,134.1
80072,134.1
80073,133.0
80074,133.5
80075,133.4
80076,135.0
80077,135.6
80078,133.1
80079,133.6
80080,133.9
80081,134.0
80082,132.9
80083,132.8
80084,133.6
80085,134.7
80086,135.5
80087,134.2
80088,134.1
80089,136.0
80090,136.2
80091,135.7
80092,136.5
80093,136.1
80094,134.7
80095,135.1
80096,135.3
80097,133.7
80098,134.3
80099,135.0
80100,135.7
80101,136.5
80102,133.9
80103,131.0
80104,130.4
80105,136.4
80106,138.1
80107,136.3
80108,135.9
80109,135.6
80110,134.5
80111,134.9
80112,134.6
80113,135.9
80114,136.9
80115,137.0
80116,136.8
80117,135.9
80118,132.8
80119,132.8
80120,133.5
80121,135.8
80122,136.5
80123,136.3
80124,135.7
80125,133.7
80126,134.2
80127,133.2
80128,133.1
80129,136.0
80130,137.3
80131,136.1
80132,137.4
80133,138.2
80134,138.0
80135,138.7
80136,136.6
80137,135.6
80138,136.2
80139,135.6
80140,136.4
80141,135.2
80142,133.9
80143,135.5
80144,136.0
80145,134.4
80146,136.4
80147,136.0
80148,133.8
80149,135.3
80150,133.3
80151,132.2
80152,134.4
80153,134.7
80154,135.5
80155,136.2
80156,134.5
80157,133.9
80158,135.7
80159,136.2
80160,137.4
80161,139.1
80162,137.1
80163,133.0
80164,132.0
80165,134.7
80166,137.3
80167,137.7
80168,136.5
80169,132.9
80170,132.6
80171,133.2
80172,133.2
80173,135.2
80174,133.7
80175,132.1
80176,134.4
80177,138.5
80178,136.5
80179,135.7
80180,137.7
80181,137.9
80182,136.3
80183,135.1
80184,134.2
80185,135.0
80186,135.5
80187,134.3
80188,135.4
80189,137.0
80190,136.1
80191,135.0
80192,135.3
80193,135.9
80194,134.0
80195,134.0
80196,136.1
80197,134.4
80198,136.1
80199,136.2
80200,135.5
80201,135.0
80202,133.9
80203,134.6
80204,134.6
80205,137.6
80206,137.7
80207,135.7
80208,135.0
80209,132.8
80210,133.0
80211,136.6
80212,138.7
80213,137.4
80214,132.9
80215,133.0
80216,135.9
80217,135.0
80218,133.8
80219,132.8
80220,133.8
80221,136.4
80222,135.3
80223,133.5
80224,136.3
80225,138.0
80226,135.0
80227,134.5
80228,135.8
80229,135.8
80230,133.5
80231,134.0
80232,135.8
80233,136.0
80234,136.7
80235,135.3
80236,133.8
80237,132.0
80238,129.7
80239,131.2
80240,136.7
80241,141.0
80242,142.0
80243,137.4
80244,136.6
80245,134.6
80246,132.2
80247,133.7
80248,135.0
80249,132.0
80250,133.1
80251,134.9
80252,134.2
80253,132.3
80254,132.5
80255,133.8
80256,133.3
80257,133.6
80258,134.6
80259,134.2
80260,133.8
80261,136.2
80262,137.0
80263,137.0
80264,132.8
80265,133.1
80266,136.4
80267,135.6
80268,135.6
80269,136.3
80270,137.1
80271,136.0
80272,137.8
80273,137.9
80274,135.9
80275,137.7
80276,139.3
80277,134.7
80278,136.3
80279,135.7
80280,135.3
80281,135.9
80282,135.5
80283,137.5
80284,136.7
80285,135.8
80286,136.1
80287,135.2
80288,135.0
80289,135.5
80290,135.5
80291,133.9
80292,133.7
80293,136.7
80294,136.0
80295,135.8
80296,136.5
80297,134.2
80298,134.1
80299,134.8
80300,135.3
80301,135.7
80302,135.9
80303,134.7
80304,133.1
80305,134.1
80306,134.9
80307,136.4
80308,136.6
80309,133.3
80310,134.5
80311,135.3
80312,133.5
80313,135.1
80314,136.2
80315,137.4
80316,135.1
80317,136.3
80318,136.3
80319,135.9
80320,136.9
80321,136.8
80322,137.6
80323,134.7
80324,136.5
80325,138.2
80326,134.7
80327,135.1
80328,136.1
80329,135.1
80330,135.0
80331,134.7
80332,134.6
80333,133.9
80334,133.8
80335,135.4
80336,135.8
80337,134.5
80338,137.1
80339,138.6
80340,137.7
80341,137.8
80342,136.0
80343,134.9
80344,135.5
80345,135.0
80346,134.2
80347,135.7
80348,134.0
80349,135.3
80350,136.6
80351,137.1
80352,137.4
80353,132.4
80354,132.3
80355,135.2
80356,135.9
80357,137.0
80358,135.1
80359,133.9
80360,137.4
80361,137.6
80362,133.5
80363,133.6
80364,134.4
80365,134.2
80366,134.1
80367,134.6
80368,136.0
80369,136.5
80370,135.7
80371,133.5
80372,134.9
80373,136.9
80374,135.3
80375,133.7
80376,134.7
80377,135.0
80378,135.4
80379,135.8
80380,135.1
80381,134.1
80382,134.5
80383,134.7
80384,133.1
80385,134.1
80386,135.3
80387,132.7
80388,133.8
80389,134.9
80390,136.5
80391,136.4
80392,134.6
80393,137.0
80394,138.1
80395,139.2
80396,137.9
80397,136.8
80398,137.0
80399,136.5
80400,134.6
80401,135.2
80402,136.6
80403,133.8
80404,133.2
80405,136.0
80406,137.4
80407,137.7
80408,136.7
80409,135.0
80410,134.4
80411,134.4
80412,136.8
80413,137.5
80414,136.8
80415,137.2
80416,136.1
80417,135.0
80418,135.2
80419,136.7
80420,135.8
80421,136.5
80422,137.0
80423,134.7
80424,136.9
80425,138.7
80426,134.8
80427,134.3
80428,136.1
80429,135.0
80430,133.8
80431,134.4
80432,135.3
80433,134.4
80434,132.6
80435,133.3
80436,135.4
80437,134.9
80438,135.3
80439,138.1
80440,139.2
80441,136.1
80442,134.6
80443,134.6
80444,135.1
80445,137.2
80446,137.1
80447,138.3
80448,137.1
80449,133.9
80450,135.1
80451,135.4
80452,135.9
80453,136.8
80454,138.7
80455,137.8
80456,137.1
80457,137.2
80458,137.6
80459,138.0
80460,138.0
80461,138.5
80462,137.0
80463,136.7
80464,138.0
80465,140.0
80466,138.0
80467,136.1
80468,135.0
80469,134.6
80470,136.7
80471,134.2
80472,132.9
80473,136.3
80474,138.0
80475,138.2
80476,137.1
80477,134.2
80478,135.8
80479,136.3
80480,134.3
80481,134.1
80482,134.4
80483,135.6
80484,138.7
80485,137.1
80486,135.4
80487,135.0
80488,134.8
80489,135.4
80490,133.9
80491,135.9
80492,136.0
80493,134.9
80494,137.0
80495,136.6
80496,136.3
80497,135.9
80498,135.9
80499,136.9
80500,135.9
80501,134.2
80502,136.5
80503,137.3
80504,138.6
80505,137.5
80506,134.0
80507,135.1
80508,136.7
80509,136.6
80510,134.9
80511,135.1
80512,136.0
80513,135.4
80514,135.1
80515,136.5
80516,136.5
80517,136.2
80518,137.1
80519,134.7
80520,133.7
80521,135.1
80522,137.3
80523,133.9
80524,133.5
80525,136.2
80526,134.6
80527,134.2
80528,136.2
80529,136.6
80530,135.6
80531,134.8
80532,133.7
80533,133.8
80534,135.9
80535,138.0
80536,137.6
80537,136.3
80538,135.7
80539,136.3
80540,136.7
80541,136.3
80542,137.0
80543,137.0
80544,136.1
80545,135.6
80546,134.3
80547,134.2
80548,134.2
80549,135.3
80550,135.6
80551,134.1
80552,134.6
80553,135.4
80554,134.3
80555,131.9
80556,131.6
80557,133.3
80558,134.2
80559,135.2
80560,134.2
80561,132.3
80562,134.2
80563,135.1
80564,134.5
80565,134.9
80566,134.6
80567,133.7
80568,134.5
80569,136.4
80570,135.6
80571,135.4
80572,136.3
80573,136.0
80574,136.0
80575,136.1
80576,136.2
80577,136.5
80578,136.0
80579,136.0
80580,136.3
80581,134.7
80582,135.7
80583,136.8
80584,135.4
80585,135.6
80586,135.7
80587,-9999.9
80588,-9999.9
80589,-9999.9
80590,-9999.9
80591,-9999.9
80592,-9999.9
80593,-9999.9
80594,-9999.9
80595,-9999.9
80596,-9999.9
80597,-9999.9
80598,-9999.9
80599,-9999.9
80600,-9999.9
80601,-9999.9
80602,-9999.9
80603,-9999.9
80604,-9999.9
80605,-9999.9
80606,-9999.9
80607,-9999.9
80608,-9999.9
80609,-9999.9
80610,-9999.9
80611,-9999.9
80612,-9999.9
80613,-9999.9
80614,-9999.9
80615,-9999.9
80616,-9999.9
80617,-9999.9
80618,-9999.9
80619,-9999.9
80620,-9999.9
80621,-9999.9
80622,-9999.9
80623,-9999.9
80624,-9999.9
80625,-9999.9
80626,-9999.9
80627,-9999.9
80628,-9999.9
80629,-9999.9
80630,-9999.9
80631,-9999.9
80632,-9999.9
80633,-9999.9
80634,-9999.9
80635,-9999.9
80636,-9999.9
80637,-9999.9
80638,-9999.9
80639,-9999.9
80640,-9999.9
80641,-9999.9
80642,-9999.9
80643,-9999.9
80644,-9999.9
80645,-9999.9
80646,-9999.9
80647,-9999.9
80648,-9999.9
80649,-9999.9
80650,-9999.9
80651,-9999.9
80652,-9999.9
80653,-9999.9
80654,-9999.9
80655,-9999.9
80656,-9999.9
80657,-9999.9
80658,-9999.9
80659,-9999.9
80660,-9999.9
80661,-9999.9
80662,-9999.9
80663,-9999.9
80664,-9999.9
80665,-9999.9
80666,-9999.9
80667,-9999.9
80668,-9999.9
80669,-9999.9
80670,-9999.9
80671,-9999.9
80672,-9999.9
80673,-9999.9
80674,-9999.9
80675,-9999.9
80676,-9999.9
80677,-9999.9
80678,-9999.9
80679,-9999.9
80680,-9999.9
80681,-9999.9
80682,-9999.9
80683,-9999.9
80684,-9999.9
80685,-9999.9
80686,-9999.9
80687,-9999.9
80688,-9999.9
80689,-9999.9
80690,-9999.9
80691,-9999.9
80692,-9999.9
80693,-9999.9
80694,-9999.9
80695,-9999.9
80696,-9999.9
80697,-9999.9
80698,-9999.9
80699,-9999.9
80700,-9999.9
80701,-9999.9
80702,-9999.9
80703,-9999.9
80704,-9999.9
80705,-9999.9
80706,-9999.9
80707,-9999.9
80708,-9999.9
80709,-9999.9
80710,-9999.9
80711,-9999.9
80712,-9999.9
80713,135.8
80714,134.7
80715,134.6
80716,135.4
80717,135.2
80718,132.3
80719,132.0
80720,133.8
80721,133.5
80722,132.8
80723,133.9
80724,135.5
80725,136.7
80726,136.3
80727,137.0
80728,137.3
80729,136.5
80730,134.8
80731,133.4
80732,135.5
80733,136.6
80734,134.0
80735,131.5
80736,132.6
80737,135.1
80738,135.3
80739,135.3
80740,135.6
80741,136.9
80742,136.8
80743,134.7
80744,132.8
80745,133.9
80746,137.8
80747,137.0
80748,135.6
80749,135.7
80750,134.3
80751,135.0
80752,134.1
80753,134.1
80754,135.6
80755,136.6
80756,136.2
80757,135.3
80758,135.3
80759,134.5
80760,135.6
80761,135.2
80762,133.7
80763,133.9
80764,136.2
80765,136.2
80766,134.2
80767,133.2
80768,134.5
80769,134.7
80770,135.9
80771,136.3
80772,134.2
80773,137.3
80774,137.8
80775,134.5
80776,134.9
80777,134.3
80778,133.6
80779,133.4
80780,133.0
80781,136.2
80782,137.7
80783,135.4
80784,134.6
80785,135.0
80786,136.5
80787,136.0
80788,134.4
80789,134.5
80790,135.4
80791,135.7
80792,135.6
80793,136.6
80794,136.9
80795,135.9
80796,134.6
80797,132.9
80798,133.8
80799,134.3
80800,133.4
80801,133.0
80802,132.6
80803,134.0
80804,134.7
80805,134.8
80806,132.8
80807,131.6
80808,133.8
80809,134.9
80810,133.7
80811,132.0
80812,133.5
80813,132.5
80814,131.2
80815,135.2
80816,135.6
80817,132.4
80818,133.5
80819,133.4
80820,131.6
80821,132.1
80822,134.4
80823,135.9
80824,133.8
80825,134.0
80826,135.5
80827,135.4
80828,135.6
80829,136.3
80830,135.6
80831,138.2
80832,138.1
80833,136.2
80834,134.5
80835,132.5
80836,133.4
80837,132.5
80838,132.9
80839,133.0
80840,134.8
80841,136.0
80842,134.2
80843,133.4
80844,133.9
80845,134.6
80846,132.5
80847,131.9
80848,133.9
80849,133.4
80850,134.0
80851,135.3
80852,134.8
80853,135.1
80854,135.3
80855,134.0
80856,134.9
80857,134.5
80858,133.4
80859,136.0
80860,135.0
80861,134.2
80862,136.1
80863,134.3
80864,131.4
80865,135.1
80866,134.5
80867,133.5
80868,134.1
80869,134.6
80870,136.3
80871,138.7
80872,136.4
80873,134.1
80874,134.5
80875,134.9
80876,135.2
80877,134.0
80878,135.5
80879,136.9
80880,134.8
80881,135.0
80882,136.4
80883,134.8
80884,135.1
80885,135.8
80886,133.1
80887,134.2
80888,133.2
80889,131.3
80890,133.3
80891,134.4
80892,135.0
80893,134.8
80894,136.3
80895,136.8
80896,135.4
80897,133.9
80898,132.0
80899,135.5
80900,135.4
80901,133.8
80902,131.5
80903,130.6
80904,130.8
80905,135.3
80906,136.4
80907,133.6
80908,131.1
80909,131.0
80910,135.0
80911,135.0
80912,134.6
80913,136.6
80914,136.2
80915,136.0
80916,135.2
80917,133.0
80918,130.9
80919,131.3
80920,133.1
80921,134.3
80922,136.0
80923,135.3
80924,134.0
80925,133.8
80926,136.1
80927,137.3
80928,134.8
80929,132.1
80930,131.1
80931,132.4
80932,133.9
80933,137.6
80934,135.5
80935,132.7
80936,130.9
80937,132.5
80938,135.2
80939,136.1
80940,134.7
80941,131.2
80942,132.4
80943,135.2
80944,136.0
80945,135.3
80946,135.7
80947,134.9
80948,134.8
80949,138.0
80950,136.0
80951,132.2
80952,133.4
80953,134.7
80954,134.6
80955,132.9
80956,131.7
80957,132.3
80958,134.7
80959,135.3
80960,133.6
80961,135.8
80962,133.7
80963,131.7
80964,137.5
80965,138.6
80966,134.2
80967,133.0
80968,134.6
80969,135.0
