data/raw/Flight9/CO_POLAR6_20150420_R1_L2_NETCARE.ict
34, 1001
Bozem, Heiko; Hoor, Peter
Institute for Atmospheric Physics, Johannes Gutenberg University, Mainz, Germany
CO mixing ratio from AL5002 CO analyzer
NETCARE Polar 6 Campaign 2015
1, 1
2015, 04, 20, 2015, 08, 15
1
Time_UTC, seconds
1
1
-9999.9
CO_ppbv, ppbv
0
19
PI_CONTACT_INFO: Address: Johann-Joachim-Becherweg 21, 55128 Mainz, email: bozemh@uni-mainz.de; hoor@uni-mainz.de
PLATFORM: Polar 6
LOCATION: GPS location and altitude available at 1 Hz resolution in separate file (See AIMMS files under Aircraft data and meteorology)
ASSOCIATED_DATA: N/A
INSTRUMENT_INFO: CO measurements based on the fluorescence of CO in the VUV at 150 nm
DATA_INFO: Units are ppbv
UNCERTAINTY RELATIVE TO STANDARD: 2.3 ppbv at 1 sigma confidence (before drift correction is applied)
ULOD_FLAG: -7777
ULOD_VALUE: N/A
LLOD_FLAG: -8888
LLOD_VALUE: 1.5 
DM_CONTACT_INFO: N/A
PROJECT_INFO: NETCARE Polar 6 aircraft campaign in April 2015; Inuvik
STIPULATIONS_ON_USE: N/A
OTHER_COMMENTS: N/A
REVISION: R1
R0: Preliminary data, corrected for instrument drift
R1: Final data, corrected for instrument drift
Time_UTC,CO_ppbv
[from data line 5246]
83615,189.5
83616,190.4
83617,191.0
83618,191.9
83619,191.4
83620,190.1
83621,188.9
83622,187.4
83623,190.8
83624,190.8
83625,191.3
83626,189.6
83627,189.4
83628,191.9
83629,192.6
83630,191.9
83631,189.1
83632,187.9
83633,191.4
83634,192.4
83635,190.1
83636,189.1
83637,189.6
83638,187.5
83639,187.3
83640,188.9
83641,187.3
83642,186.1
83643,188.1
83644,189.6
83645,188.3
83646,186.4
83647,188.6
83648,187.7
83649,185.1
83650,187.3
83651,188.2
83652,188.6
83653,187.4
83654,187.6
83655,189.4
83656,190.0
83657,190.1
83658,190.4
83659,189.7
83660,190.0
83661,189.5
83662,191.5
83663,196.1
83664,196.3
83665,191.9
83666,189.0
83667,190.4
83668,190.9
83669,188.6
83670,183.6
83671,183.9
83672,184.9
83673,183.3
83674,187.1
83675,187.0
83676,187.1
83677,189.2
83678,188.2
83679,186.6
83680,185.8
83681,188.3
83682,187.8
83683,186.7
83684,187.9
83685,186.6
83686,184.7
83687,184.0
83688,181.9
83689,180.2
83690,180.8
83691,179.6
83692,178.3
83693,178.3
83694,178.2
83695,176.7
83696,176.6
83697,177.9
83698,179.1
83699,178.0
83700,-9999.9
83701,-9999.9
83702,-9999.9
83703,-9999.9
83704,-9999.9
83705,-9999.9
83706,-9999.9
83707,-9999.9
83708,-9999.9
83709,-9999.9
83710,-9999.9
83711,-9999.9
83712,-9999.9
83713,-9999.9
83714,-9999.9
83715,-9999.9
83716,-9999.9
83717,-9999.9
83718,-9999.9
83719,-9999.9
83720,-9999.9
83721,-9999.9
83722,-9999.9
83723,-9999.9
83724,-9999.9
83725,-9999.9
83726,-9999.9
83727,-9999.9
83728,-9999.9
83729,-9999.9
83730,-9999.9
83731,-9999.9
83732,-9999.9
83733,-9999.9
83734,-9999.9
83735,-9999.9
83736,-9999.9
83737,-9999.9
83738,-9999.9
83739,-9999.9
83740,-9999.9
83741,-9999.9
83742,-9999.9
83743,-9999.9
83744,-9999.9
83745,-9999.9
83746,-9999.9
83747,-9999.9
83748,-9999.9
83749,-9999.9
83750,-9999.9
83751,-9999.9
83752,-9999.9
83753,-9999.9
83754,-9999.9
83755,-9999.9
83756,-9999.9
83757,-9999.9
83758,-9999.9
83759,-9999.9
83760,-9999.9
83761,-9999.9
83762,-9999.9
83763,-9999.9
83764,-9999.9
83765,-9999.9
83766,-9999.9
83767,-9999.9
83768,-9999.9
83769,-9999.9
83770,-9999.9
83771,-9999.9
83772,-9999.9
83773,-9999.9
83774,-9999.9
83775,-9999.9
83776,-9999.9
83777,-9999.9
83778,-9999.9
83779,-9999.9
83780,-9999.9
83781,-9999.9
83782,-9999.9
83783,-9999.9
83784,-9999.9
83785,-9999.9
83786,-9999.9
83787,-9999.9
83788,-9999.9
83789,-9999.9
83790,-9999.9
83791,-9999.9
83792,-9999.9
83793,-9999.9
83794,-9999.9
83795,-9999.9
83796,-9999.9
83797,-9999.9
83798,-9999.9
83799,-9999.9
83800,-9999.9
83801,-9999.9
83802,-9999.9
83803,-9999.9
83804,-9999.9
83805,-9999.9
83806,-9999.9
83807,-9999.9
83808,-9999.9
83809,-9999.9
83810,-9999.9
83811,-9999.9
83812,-9999.9
83813,-9999.9
83814,-9999.9
83815,-9999.9
83816,-9999.9
83817,-9999.9
83818,-9999.9
83819,-9999.9
83820,-9999.9
83821,-9999.9
83822,-9999.9
83823,-9999.9
83824,-9999.9
83825,-9999.9
83826,183.1
83827,185.2
83828,186.3
83829,187.4
83830,185.7
83831,186.2
83832,184.4
83833,183.3
83834,182.3
83835,181.3
83836,181.8
83837,180.4
83838,178.0
83839,175.8
83840,175.8
83841,178.7
83842,176.8
83843,176.0
83844,179.1
83845,180.8
83846,180.1
83847,177.1
83848,177.0
83849,176.7
83850,176.7
83851,178.2
83852,177.0
83853,176.1
83854,178.5
83855,179.3
83856,175.3
83857,174.2
83858,176.2
83859,176.7
83860,175.8
83861,175.1
83862,174.8
83863,175.4
83864,177.2
83865,175.5
83866,174.9
83867,174.6
83868,173.6
83869,173.9
83870,173.4
83871,170.3
83872,169.7
83873,170.2
83874,167.5
83875,164.5
83876,162.1
83877,160.4
83878,162.0
83879,159.7
83880,159.2
83881,160.1
83882,157.2
83883,155.8
83884,159.1
83885,157.5
83886,153.6
83887,153.9
83888,154.8
83889,157.2
83890,155.9
83891,153.4
83892,153.8
83893,156.0
83894,156.6
83895,157.5
83896,155.8
83897,152.3
83898,152.3
83899,150.7
83900,150.7
83901,152.1
83902,150.7
83903,149.0
83904,148.8
83905,149.3
83906,150.6
83907,149.9
83908,147.6
83909,147.8
83910,148.9
83911,148.4
83912,148.4
83913,147.4
83914,148.7
83915,153.5
83916,153.7
83917,151.5
83918,151.7
83919,153.8
83920,153.8
83921,148.3
83922,146.3
83923,148.1
83924,150.0
83925,152.6
83926,151.6
83927,149.9
83928,150.8
83929,152.2
83930,149.4
83931,148.0
83932,149.1
83933,149.4
83934,150.3
83935,152.1
83936,151.9
83937,150.9
83938,150.6
83939,151.5
83940,151.8
83941,150.8
83942,149.2
83943,151.4
83944,151.2
83945,151.1
83946,154.4
83947,156.0
83948,154.9
83949,155.4
83950,157.3
83951,153.3
83952,152.0
83953,153.6
83954,154.8
83955,155.0
83956,155.7
83957,159.6
83958,163.9
83959,166.2
83960,168.3
83961,171.8
83962,172.0
83963,172.3
83964,174.4
83965,176.5
83966,178.2
83967,179.0
83968,179.8
83969,175.9
83970,176.9
83971,178.0
83972,177.7
83973,178.0
83974,180.0
83975,180.3
83976,179.8
83977,180.0
83978,177.2
83979,177.0
83980,181.1
83981,182.2
83982,179.8
83983,181.6
83984,184.9
83985,183.0
83986,182.0
83987,182.7
83988,183.4
83989,183.5
83990,182.2
83991,183.1
83992,182.8
83993,183.7
83994,187.1
83995,185.6
83996,183.1
83997,184.8
83998,186.3
83999,186.0
84000,185.1
84001,183.6
84002,184.9
84003,186.4
84004,184.1
84005,186.1
84006,185.5
84007,185.3
84008,185.2
84009,184.2
84010,185.5
84011,182.9
84012,184.6
84013,189.6
84014,189.6
84015,188.3
84016,187.3
84017,187.0
84018,184.4
84019,184.0
84020,185.2
84021,187.0
84022,189.3
84023,188.6
84024,186.1
84025,183.8
84026,183.9
84027,186.8
84028,188.2
84029,187.7
84030,189.8
84031,190.6
84032,189.9
84033,188.0
84034,186.5
84035,189.2
84036,190.0
84037,188.2
84038,188.9
84039,188.2
84040,187.0
84041,186.2
84042,189.9
84043,193.6
84044,190.3
84045,188.4
84046,187.8
84047,186.5
84048,187.0
84049,188.6
84050,190.6
84051,190.6
84052,188.6
84053,188.1
84054,189.4
84055,192.1
84056,193.0
84057,192.7
84058,193.3
84059,193.1
84060,194.3
84061,195.1
84062,194.7
84063,193.7
84064,189.8
84065,188.6
84066,189.2
84067,187.1
84068,186.4
84069,186.9
84070,185.3
84071,182.9
84072,195.1
84073,189.6
84074,188.3
84075,191.8
84076,189.7
84077,189.9
84078,189.4
84079,191.1
84080,193.8
84081,191.5
84082,191.2
84083,193.0
84084,189.8
84085,187.3
84086,189.5
84087,191.2
84088,190.4
84089,188.9
84090,188.4
84091,189.1
84092,189.5
84093,190.2
84094,190.6
84095,191.9
84096,193.0
84097,191.6
84098,192.9
84099,190.2
84100,188.6
84101,192.1
84102,191.1
84103,191.4
84104,190.5
84105,190.5
84106,193.7
84107,190.5
84108,191.9
84109,192.3
84110,191.4
84111,191.7
84112,193.1
84113,193.4
84114,191.1
84115,192.2
84116,192.4
84117,190.0
84118,189.5
84119,190.5
84120,194.0
84121,197.3
84122,197.9
84123,200.8
84124,201.2
84125,197.8
84126,198.3
84127,198.6
84128,196.4
84129,195.6
84130,198.3
84131,197.9
84132,196.6
84133,198.6
84134,197.6
84135,198.4
84136,199.0
84137,199.5
84138,199.4
84139,198.0
84140,199.1
84141,198.2
84142,199.1
84143,198.4
84144,195.0
84145,194.9
84146,196.6
84147,195.4
84148,196.1
84149,196.2
84150,195.5
84151,197.7
84152,198.9
84153,198.5
84154,199.5
84155,198.6
84156,196.2
84157,195.0
84158,195.9
84159,197.8
84160,195.0
84161,194.4
84162,194.4
84163,194.4
84164,197.0
84165,196.2
84166,194.0
84167,193.5
84168,194.2
84169,196.0
84170,197.2
84171,196.1
84172,198.2
84173,197.4
84174,194.1
84175,193.6
84176,193.6
84177,194.2
84178,196.3
84179,198.7
84180,199.9
84181,198.4
84182,196.9
84183,201.3
84184,202.7
84185,200.0
84186,196.1
84187,194.4
84188,198.1
84189,195.2
84190,194.1
84191,200.0
84192,205.1
84193,205.5
84194,200.9
84195,200.0
84196,200.4
84197,199.7
84198,197.3
84199,197.1
84200,196.9
84201,192.8
84202,189.2
84203,188.6
84204,190.1
84205,189.7
84206,190.9
84207,193.0
84208,192.7
84209,193.4
84210,194.3
84211,195.7
84212,194.1
84213,193.7
84214,193.5
84215,189.1
84216,187.5
84217,192.0
84218,195.1
84219,194.7
84220,195.0
84221,194.1
84222,195.5
84223,198.0
84224,200.3
84225,200.9
84226,194.9
84227,191.6
84228,191.6
84229,192.9
84230,194.8
84231,192.7
84232,191.9
84233,192.1
84234,189.8
84235,192.0
84236,194.6
84237,194.4
84238,195.7
84239,196.1
84240,196.9
84241,199.0
84242,198.8
84243,196.8
84244,195.7
84245,196.2
84246,196.9
84247,198.8
84248,197.6
84249,198.5
84250,200.7
84251,200.5
84252,201.6
84253,199.0
84254,198.6
84255,199.3
84256,198.5
84257,199.1
84258,196.8
84259,193.6
84260,193.9
84261,194.5
84262,194.7
84263,195.0
84264,191.3
84265,188.9
84266,188.6
84267,189.7
84268,188.2
84269,185.5
84270,185.8
84271,186.2
84272,186.3
84273,184.3
84274,181.4
84275,180.3
84276,183.5
84277,186.2
84278,188.2
84279,190.7
84280,195.5
84281,194.2
84282,194.8
84283,193.8
84284,193.6
84285,190.7
84286,187.0
84287,190.5
84288,192.7
84289,192.4
84290,193.1
84291,194.1
84292,194.3
84293,195.6
84294,195.7
84295,195.1
84296,194.6
84297,194.3
84298,192.9
84299,191.2
84300,189.4
84301,189.7
84302,190.3
84303,186.5
84304,185.4
84305,184.3
84306,184.2
84307,185.5
84308,183.8
84309,183.9
84310,181.7
84311,178.5
84312,177.3
84313,176.6
84314,174.9
84315,175.1
84316,174.9
84317,171.8
84318,167.3
84319,161.4
84320,159.1
84321,163.1
84322,163.8
84323,161.8
84324,161.6
84325,161.3
84326,161.7
84327,159.9
84328,156.2
84329,154.0
84330,152.4
84331,151.4
84332,151.1
84333,148.9
84334,146.8
84335,146.7
84336,144.7
84337,144.0
84338,145.3
84339,144.1
84340,141.5
84341,142.6
84342,144.4
84343,144.3
84344,145.7
84345,146.3
84346,144.3
84347,142.6
84348,144.3
84349,144.2
84350,146.4
84351,147.5
84352,145.6
84353,146.4
84354,147.7
84355,148.0
84356,149.4
84357,148.2
84358,146.8
84359,144.5
84360,143.3
84361,144.4
84362,144.1
84363,144.4
84364,145.2
84365,146.1
84366,146.4
84367,148.1
84368,148.5
84369,146.8
84370,145.1
84371,144.8
84372,147.2
84373,150.0
84374,149.8
84375,147.3
84376,147.5
84377,149.2
84378,151.8
84379,153.4
84380,152.6
84381,151.9
84382,151.6
84383,153.8
84384,151.6
84385,151.0
84386,152.3
84387,151.4
84388,151.9
84389,153.5
84390,155.3
84391,157.1
84392,155.4
84393,152.8
84394,151.4
84395,150.7
84396,148.3
84397,147.7
84398,148.2
84399,146.9
84400,146.6
84401,145.2
84402,143.7
84403,143.1
84404,142.2
84405,141.9
84406,140.0
84407,138.9
84408,139.3
84409,138.4
84410,138.7
84411,138.2
84412,136.6
84413,135.3
84414,132.7
84415,134.1
84416,137.4
84417,140.4
84418,135.6
84419,133.7
84420,136.9
84421,136.9
84422,136.9
84423,137.0
84424,137.9
84425,136.3
84426,136.9
84427,136.0
84428,134.2
84429,135.4
84430,134.3
84431,133.4
84432,133.5
84433,135.5
84434,135.2
84435,132.1
84436,130.8
84437,129.6
84438,130.2
84439,132.5
84440,132.5
84441,130.4
84442,128.5
84443,129.1
84444,129.5
84445,130.1
84446,131.3
84447,131.2
84448,128.5
84449,126.5
84450,127.9
84451,126.2
84452,126.2
84453,124.8
84454,125.0
84455,125.5
84456,127.7
84457,127.5
84458,126.9
84459,128.0
84460,129.0
84461,130.7
84462,130.5
84463,132.3
84464,133.7
84465,133.0
84466,134.0
84467,133.9
84468,132.1
84469,132.3
84470,133.4
84471,132.2
84472,131.9
84473,133.8
84474,131.5
84475,130.8
84476,132.6
84477,132.9
84478,133.3
84479,132.0
84480,132.3
84481,133.8
84482,135.9
84483,136.3
84484,134.0
84485,132.6
84486,132.1
84487,132.1
84488,132.2
84489,133.1
84490,134.9
84491,132.8
84492,133.1
84493,135.1
84494,133.1
84495,133.4
84496,134.7
84497,133.8
84498,133.2
84499,132.4
84500,132.2
84501,134.8
84502,136.3
84503,135.6
84504,134.8
84505,135.4
84506,134.3
84507,134.1
84508,133.6
84509,131.7
84510,132.4
84511,132.9
84512,133.1
84513,137.5
84514,138.7
84515,136.2
84516,135.0
84517,136.1
84518,137.5
84519,135.3
84520,134.3
84521,134.5
84522,134.1
84523,134.2
84524,133.6
84525,134.3
84526,136.0
84527,136.0
84528,136.4
84529,135.3
84530,133.2
84531,132.8
84532,134.4
84533,135.9
84534,136.7
84535,136.2
84536,135.5
84537,134.9
84538,135.6
84539,136.0
84540,134.8
84541,135.3
84542,135.7
84543,135.1
84544,137.2
84545,137.0
84546,135.5
84547,134.7
84548,133.9
84549,136.8
84550,139.0
84551,137.4
84552,135.2
84553,135.9
84554,134.8
84555,133.4
84556,135.9
84557,134.3
84558,135.6
84559,136.6
84560,135.0
84561,135.7
84562,137.1
84563,138.2
84564,138.5
84565,139.7
84566,140.5
84567,142.5
84568,141.9
84569,139.0
84570,142.2
84571,145.2
84572,144.1
84573,143.0
84574,143.2
84575,143.1
84576,143.5
84577,145.5
84578,147.0
84579,147.8
84580,145.3
84581,143.8
84582,145.6
84583,144.8
84584,146.5
84585,149.2
84586,149.2
84587,148.5
84588,147.1
84589,147.0
84590,147.1
84591,146.9
84592,147.2
84593,148.2
84594,148.7
84595,147.4
84596,147.0
84597,150.8
84598,152.8
84599,149.8
84600,151.2
84601,154.2
84602,153.4
84603,151.5
84604,150.6
84605,151.6
84606,151.7
84607,150.3
84608,150.0
84609,149.7
84610,151.2
84611,151.1
84612,150.4
84613,151.1
84614,151.3
84615,152.7
84616,151.0
84617,150.2
84618,148.6
84619,148.6
84620,151.3
84621,151.1
84622,151.4
84623,151.9
84624,151.8
84625,152.9
84626,153.8
84627,152.1
84628,152.9
84629,154.2
84630,151.3
84631,152.1
84632,152.7
84633,150.9
84634,153.6
84635,155.3
84636,154.1
84637,151.7
84638,152.2
84639,152.5
84640,152.7
84641,153.9
84642,152.5
84643,154.1
84644,154.0
84645,155.4
84646,155.9
84647,153.1
84648,152.8
84649,154.5
84650,154.8
84651,153.9
84652,154.9
84653,153.0
84654,150.2
84655,151.4
84656,154.4
84657,153.5
84658,151.3
84659,150.4
84660,150.2
84661,152.9
84662,156.4
84663,155.6
84664,152.1
84665,152.4
84666,154.8
84667,152.5
84668,153.4
84669,155.1
84670,154.0
84671,154.9
84672,153.9
84673,154.5
84674,154.7
84675,153.1
84676,151.7
84677,150.8
84678,149.9
84679,149.1
84680,151.9
84681,152.5
84682,153.2
84683,152.4
84684,149.2
84685,151.3
84686,152.0
84687,151.5
84688,153.9
84689,153.0
84690,151.9
84691,152.2
84692,151.5
84693,151.8
84694,153.5
84695,152.7
84696,150.5
84697,151.5
84698,151.5
84699,150.8
84700,150.8
84701,152.0
84702,153.5
84703,153.9
84704,154.2
84705,154.6
84706,153.3
84707,150.3
84708,148.5
84709,149.2
84710,151.7
84711,153.3
84712,153.3
84713,152.5
84714,151.9
84715,154.0
84716,152.6
84717,148.8
84718,149.9
84719,151.1
84720,152.8
84721,153.4
84722,151.4
84723,-9999.9
84724,-9999.9
84725,-9999.9
84726,-9999.9
84727,-9999.9
84728,-9999.9
84729,-9999.9
84730,-9999.9
84731,-9999.9
84732,-9999.9
84733,-9999.9
84734,-9999.9
84735,-9999.9
84736,-9999.9
84737,-9999.9
84738,-9999.9
84739,-9999.9
84740,-9999.9
84741,-9999.9
84742,-9999.9
84743,-9999.9
84744,-9999.9
84745,-9999.9
84746,-9999.9
84747,-9999.9
84748,-9999.9
84749,-9999.9
84750,-9999.9
84751,-9999.9
84752,-9999.9
84753,-9999.9
84754,-9999.9
84755,-9999.9
84756,-9999.9
84757,-9999.9
84758,-9999.9
84759,-9999.9
84760,-9999.9
84761,-9999.9
84762,-9999.9
84763,-9999.9
84764,-9999.9
84765,-9999.9
84766,-9999.9
84767,-9999.9
84768,-9999.9
84769,-9999.9
84770,-9999.9
84771,-9999.9
84772,-9999.9
84773,-9999.9
84774,-9999.9
84775,-9999.9
84776,-9999.9
84777,-9999.9
84778,-9999.9
84779,-9999.9
84780,-9999.9
84781,-9999.9
84782,-9999.9
84783,-9999.9
84784,-9999.9
84785,-9999.9
84786,-9999.9
84787,-9999.9
84788,-9999.9
84789,-9999.9
84790,-9999.9
84791,-9999.9
84792,-9999.9
84793,-9999.9
84794,-9999.9
84795,-9999.9
84796,-9999.9
84797,-9999.9
84798,-9999.9
84799,-9999.9
84800,-9999.9
84801,-9999.9
84802,-9999.9
84803,-9999.9
84804,-9999.9
84805,-9999.9
84806,-9999.9
84807,-9999.9
84808,-9999.9
84809,-9999.9
84810,-9999.9
84811,-9999.9
84812,-9999.9
84813,-9999.9
84814,-9999.9
84815,-9999.9
84816,-9999.9
84817,-9999.9
84818,-9999.9
84819,-9999.9
84820,-9999.9
84821,-9999.9
84822,-9999.9
84823,-9999.9
84824,-9999.9
84825,-9999.9
84826,-9999.9
84827,-9999.9
84828,-9999.9
84829,-9999.9
84830,-9999.9
84831,-9999.9
84832,-9999.9
84833,-9999.9
84834,-9999.9
84835,-9999.9
84836,-9999.9
84837,-9999.9
84838,-9999.9
84839,-9999.9
84840,-9999.9
84841,-9999.9
84842,-9999.9
84843,-9999.9
84844,-9999.9
84845,-9999.9
84846,-9999.9
84847,-9999.9
84848,-9999.9
84849,154.8
84850,154.4
84851,154.6
84852,154.4
84853,155.6
84854,155.5
84855,153.6
84856,155.4
84857,155.8
84858,155.0
84859,154.6
84860,155.2
84861,155.4
84862,154.0
84863,155.7
84864,157.3
84865,156.6
84866,155.5
84867,155.8
84868,154.0
84869,154.1
84870,156.0
84871,156.0
84872,155.9
84873,156.9
84874,156.9
84875,157.0
84876,156.0
84877,153.9
84878,155.3
84879,156.2
84880,154.7
84881,153.8
84882,151.7
84883,153.1
84884,155.1
84885,156.8
84886,157.8
84887,153.8
84888,154.8
84889,155.1
84890,154.9
84891,155.1
84892,154.8
84893,154.9
84894,153.3
84895,156.1
84896,155.2
84897,154.4
84898,156.7
84899,156.2
84900,153.7
84901,154.2
84902,155.4
84903,155.5
84904,156.2
84905,154.6
