data/raw/Flight9/CO_POLAR6_20150420_R1_L2_NETCARE.ict
34, 1001
Bozem, Heiko; Hoor, Peter
Institute for Atmospheric Physics, Johannes Gutenberg University, Mainz, Germany
CO mixing ratio from AL5002 CO analyzer
NETCARE Polar 6 Campaign 2015
1, 1
2015, 04, 20, 2015, 08, 15
1
Time_UTC, seconds
1
1
-9999.9
CO_ppbv, ppbv
0
19
PI_CONTACT_INFO: Address: Johann-Joachim-Becherweg 21, 55128 Mainz, email: bozemh@uni-mainz.de; hoor@uni-mainz.de
PLATFORM: Polar 6
LOCATION: GPS location and altitude available at 1 Hz resolution in separate file (See AIMMS files under Aircraft data and meteorology)
ASSOCIATED_DATA: N/A
INSTRUMENT_INFO: CO measurements based on the fluorescence of CO in the VUV at 150 nm
DATA_INFO: Units are ppbv
UNCERTAINTY RELATIVE TO STANDARD: 2.3 ppbv at 1 sigma confidence (before drift correction is applied)
ULOD_FLAG: -7777
ULOD_VALUE: N/A
LLOD_FLAG: -8888
LLOD_VALUE: 1.5 
DM_CONTACT_INFO: N/A
PROJECT_INFO: NETCARE Polar 6 aircraft campaign in April 2015; Inuvik
STIPULATIONS_ON_USE: N/A
OTHER_COMMENTS: N/A
REVISION: R1
R0: Preliminary data, corrected for instrument drift
R1: Final data, corrected for instrument drift
Time_UTC,CO_ppbv
78369,134.4
78370,132.6
78371,135.2
78372,139.2
78373,144.0
78374,-9999.9
78375,-9999.9
78376,-9999.9
78377,-9999.9
78378,-9999.9
78379,-9999.9
78380,146.7
78381,145.0
78382,145.2
78383,144.4
78384,141.4
78385,140.7
78386,140.8
78387,137.5
78388,138.8
78389,139.8
78390,138.3
78391,136.2
78392,133.2
78393,133.4
78394,133.0
78395,134.5
78396,136.3
78397,136.3
78398,135.8
78399,134.8
78400,136.7
78401,136.7
78402,134.7
78403,135.6
78404,135.0
78405,134.2
78406,135.6
78407,135.7
78408,133.7
78409,134.7
78410,136.9
78411,136.0
78412,137.2
78413,137.0
78414,134.7
78415,133.1
78416,136.1
78417,138.8
78418,139.9
78419,138.5
78420,135.6
78421,137.3
78422,136.9
78423,137.0
78424,137.3
78425,135.9
78426,135.0
78427,136.1
78428,137.6
78429,135.3
78430,135.9
78431,138.1
78432,136.8
78433,135.5
78434,137.1
78435,138.1
78436,134.8
78437,133.6
78438,135.6
78439,135.1
78440,133.7
78441,135.1
78442,135.5
78443,135.0
78444,137.7
78445,138.8
78446,137.9
78447,136.8
78448,136.6
78449,140.8
78450,139.3
78451,138.7
78452,137.6
78453,133.4
78454,136.3
78455,139.2
78456,135.9
78457,135.8
78458,137.4
78459,137.5
78460,138.2
78461,136.3
78462,132.7
78463,133.9
78464,135.3
78465,136.3
78466,135.1
78467,135.0
78468,135.0
78469,134.2
78470,135.4
78471,136.1
78472,137.3
78473,136.9
78474,137.1
78475,138.0
78476,135.7
78477,134.8
78478,136.7
78479,135.5
78480,133.4
78481,134.7
78482,134.5
78483,132.7
78484,141.3
78485,137.9
78486,136.7
78487,138.3
78488,140.4
78489,140.8
78490,136.6
78491,135.4
78492,136.6
78493,135.3
78494,136.6
78495,137.7
78496,136.2
78497,138.3
78498,138.4
78499,135.1
78500,134.4
78501,136.2
78502,136.2
78503,135.0
78504,135.2
78505,137.9
78506,137.8
78507,136.9
78508,139.7
78509,140.8
78510,139.7
78511,137.4
78512,136.4
78513,136.6
78514,136.8
78515,135.2
78516,134.7
78517,136.5
78518,136.8
78519,136.8
78520,135.6
78521,135.7
78522,135.3
78523,135.9
78524,138.1
78525,135.1
78526,133.8
78527,133.6
78528,134.1
78529,135.6
78530,135.4
78531,135.4
78532,137.4
78533,138.7
78534,135.9
78535,134.2
78536,135.4
78537,136.4
78538,137.1
78539,139.4
78540,138.4
78541,135.2
78542,135.2
78543,136.1
78544,135.4
78545,134.3
78546,134.0
78547,135.7
78548,136.0
78549,135.7
78550,135.2
78551,133.9
78552,136.8
78553,139.1
78554,138.9
78555,135.4
78556,134.6
78557,135.4
78558,134.6
78559,134.1
78560,138.7
78561,139.9
78562,136.3
78563,134.6
78564,135.7
78565,137.3
78566,135.4
78567,135.9
78568,139.4
78569,137.7
78570,136.4
78571,136.9
78572,135.3
78573,136.0
78574,138.4
78575,138.3
78576,134.2
78577,131.4
78578,131.3
78579,132.7
78580,134.4
78581,135.2
78582,136.2
78583,136.2
78584,136.1
78585,137.7
78586,137.3
78587,135.9
78588,137.1
78589,137.3
78590,136.4
78591,135.6
78592,137.6
78593,137.9
78594,134.1
78595,135.6
78596,139.4
78597,139.0
78598,137.3
78599,135.2
78600,136.8
78601,139.7
78602,138.2
78603,137.0
78604,137.3
78605,137.6
78606,138.2
78607,137.0
78608,139.5
78609,139.4
78610,136.4
78611,138.2
78612,137.6
78613,135.3
78614,137.6
78615,141.0
78616,139.4
78617,137.4
78618,135.9
78619,136.2
78620,137.8
78621,137.4
78622,138.2
78623,138.2
78624,136.1
78625,136.0
78626,139.1
78627,137.3
78628,134.8
78629,135.9
78630,135.8
78631,134.6
78632,135.3
78633,135.4
78634,137.3
78635,137.5
78636,135.4
78637,136.2
78638,136.9
78639,135.7
78640,134.3
78641,135.6
78642,138.2
78643,137.2
78644,136.1
78645,138.4
78646,137.8
78647,139.0
78648,139.9
78649,137.2
78650,134.1
78651,134.6
78652,136.7
78653,136.5
78654,136.6
78655,136.2
78656,136.1
78657,137.2
78658,136.2
78659,135.5
78660,135.3
78661,136.1
78662,138.2
78663,136.9
78664,135.8
78665,138.2
78666,137.6
78667,133.8
78668,133.3
78669,134.1
78670,137.8
78671,137.9
78672,135.7
78673,135.4
78674,134.7
78675,137.1
78676,137.4
78677,135.0
78678,136.0
78679,137.3
78680,133.5
78681,135.0
78682,137.4
78683,136.3
78684,137.6
78685,138.0
78686,137.6
78687,135.9
78688,133.8
78689,134.1
78690,134.3
78691,141.4
78692,139.9
78693,136.8
78694,135.0
78695,134.1
78696,135.7
78697,136.1
78698,134.7
78699,135.5
78700,134.6
78701,134.0
78702,134.4
78703,134.2
78704,133.5
78705,133.4
78706,135.4
78707,134.7
78708,133.3
78709,134.0
78710,134.2
78711,134.9
78712,134.6
78713,136.2
78714,136.9
78715,133.3
78716,134.0
78717,135.6
78718,134.8
78719,132.7
78720,132.7
78721,133.9
78722,133.6
78723,132.3
78724,130.1
78725,135.7
78726,133.2
78727,132.4
78728,134.3
78729,133.5
78730,131.7
78731,132.9
78732,134.5
78733,134.9
78734,135.6
78735,135.2
78736,134.2
78737,131.4
78738,131.9
78739,134.4
78740,135.1
78741,132.9
78742,133.4
78743,136.6
78744,137.1
78745,137.1
78746,134.4
78747,134.4
78748,135.0
78749,134.8
78750,136.2
78751,136.8
78752,135.8
78753,136.3
78754,137.8
78755,136.6
78756,134.6
78757,134.7
78758,134.7
78759,134.2
78760,135.9
78761,136.2
78762,134.7
78763,134.9
78764,136.7
78765,135.2
78766,134.4
78767,136.6
78768,136.4
78769,132.7
78770,133.8
78771,137.1
78772,134.9
78773,129.9
78774,131.7
78775,134.1
78776,135.6
78777,139.6
78778,136.4
78779,133.0
78780,134.0
78781,135.6
78782,136.7
78783,136.4
78784,134.8
78785,134.2
78786,137.3
78787,138.1
78788,135.2
78789,132.4
78790,132.4
78791,136.7
78792,138.7
78793,137.9
78794,134.7
78795,135.4
78796,135.6
78797,134.8
78798,134.9
78799,137.0
78800,136.6
78801,134.3
78802,136.1
78803,137.0
78804,136.2
78805,137.1
78806,136.7
78807,135.5
78808,134.5
78809,136.7
78810,136.7
78811,134.8
78812,136.5
78813,137.3
78814,134.9
78815,134.2
78816,134.7
78817,135.6
78818,135.5
78819,135.4
78820,135.2
78821,134.0
78822,135.2
78823,134.7
78824,134.5
78825,136.1
78826,137.4
78827,137.5
78828,135.6
78829,134.0
78830,132.1
78831,133.3
78832,134.6
78833,135.4
78834,134.3
78835,131.7
78836,133.8
78837,134.1
78838,132.7
78839,135.5
78840,136.6
78841,133.6
78842,133.4
78843,135.2
78844,136.5
78845,135.9
78846,133.6
78847,133.1
78848,133.5
78849,136.1
78850,137.6
78851,135.2
78852,135.6
78853,136.2
78854,136.4
78855,137.2
78856,136.6
78857,135.2
78858,134.6
78859,135.8
78860,135.4
78861,136.3
78862,135.3
78863,133.6
78864,139.0
78865,135.6
78866,134.6
78867,137.3
78868,133.9
78869,131.4
78870,133.6
78871,136.4
78872,137.1
78873,136.9
78874,136.9
78875,135.2
78876,134.4
78877,134.1
78878,135.7
78879,137.0
78880,137.2
78881,136.7
78882,134.4
78883,134.3
78884,134.7
78885,133.8
78886,133.3
78887,133.4
78888,135.3
78889,137.1
78890,135.8
78891,133.3
78892,133.7
78893,133.8
78894,134.7
78895,136.4
78896,134.8
78897,133.6
78898,135.4
78899,136.1
78900,135.9
78901,133.1
78902,135.2
78903,137.2
78904,133.4
78905,132.3
78906,134.3
78907,133.5
78908,132.2
78909,134.7
78910,134.1
78911,136.4
78912,138.4
78913,134.6
78914,133.3
78915,134.0
78916,134.1
78917,135.1
78918,135.6
78919,133.7
78920,132.6
78921,132.5
78922,133.0
78923,133.6
78924,134.9
78925,135.0
78926,133.5
78927,131.5
78928,132.1
78929,133.5
78930,134.0
78931,136.5
78932,138.2
78933,136.6
78934,134.4
78935,132.9
78936,134.7
78937,136.8
78938,136.0
78939,133.9
78940,133.5
78941,136.1
78942,135.8
78943,134.0
78944,136.7
78945,135.9
78946,132.7
78947,133.2
78948,131.5
78949,131.7
78950,134.5
78951,135.2
78952,133.8
78953,134.3
78954,136.8
78955,134.4
78956,133.9
78957,132.7
78958,131.4
78959,132.0
78960,132.9
78961,133.7
78962,132.8
78963,134.5
78964,135.0
78965,134.8
78966,135.5
78967,142.3
78968,140.8
78969,135.9
78970,133.3
78971,134.8
78972,134.9
78973,134.2
78974,-9999.9
78975,-9999.9
78976,-9999.9
78977,-9999.9
78978,-9999.9
78979,-9999.9
78980,-9999.9
78981,-9999.9
78982,-9999.9
78983,-9999.9
78984,-9999.9
78985,-9999.9
78986,-9999.9
78987,-9999.9
78988,-9999.9
78989,-9999.9
78990,-9999.9
78991,-9999.9
78992,-9999.9
78993,-9999.9
78994,-9999.9
78995,-9999.9
78996,-9999.9
78997,-9999.9
78998,-9999.9
78999,-9999.9
79000,-9999.9
79001,-9999.9
79002,-9999.9
79003,-9999.9
79004,-9999.9
79005,-9999.9
79006,-9999.9
79007,-9999.9
79008,-9999.9
79009,-9999.9
79010,-9999.9
79011,-9999.9
79012,-9999.9
79013,-9999.9
79014,-9999.9
79015,-9999.9
79016,-9999.9
79017,-9999.9
79018,-9999.9
79019,-9999.9
79020,-9999.9
79021,-9999.9
79022,-9999.9
79023,-9999.9
79024,-9999.9
79025,-9999.9
79026,-9999.9
79027,-9999.9
79028,-9999.9
79029,-9999.9
79030,-9999.9
79031,-9999.9
79032,-9999.9
79033,-9999.9
79034,-9999.9
79035,-9999.9
79036,-9999.9
79037,-9999.9
79038,-9999.9
79039,-9999.9
79040,-9999.9
79041,-9999.9
79042,-9999.9
79043,-9999.9
79044,-9999.9
79045,-9999.9
79046,-9999.9
79047,-9999.9
79048,-9999.9
79049,-9999.9
79050,-9999.9
79051,-9999.9
79052,-9999.9
79053,-9999.9
79054,-9999.9
79055,-9999.9
79056,-9999.9
79057,-9999.9
79058,-9999.9
79059,-9999.9
79060,-9999.9
79061,-9999.9
79062,-9999.9
79063,-9999.9
79064,-9999.9
79065,-9999.9
79066,-9999.9
79067,-9999.9
79068,-9999.9
79069,-9999.9
79070,-9999.9
79071,-9999.9
79072,-9999.9
79073,-9999.9
79074,-9999.9
79075,-9999.9
79076,-9999.9
79077,-9999.9
79078,-9999.9
79079,-9999.9
79080,-9999.9
79081,-9999.9
79082,-9999.9
79083,-9999.9
79084,-9999.9
79085,-9999.9
79086,-9999.9
79087,-9999.9
79088,-9999.9
79089,-9999.9
79090,-9999.9
79091,-9999.9
79092,-9999.9
79093,-9999.9
79094,-9999.9
79095,-9999.9
79096,-9999.9
79097,-9999.9
79098,-9999.9
79099,-9999.9
79100,132.0
79101,131.5
79102,132.6
79103,132.7
79104,134.5
79105,133.9
79106,133.0
79107,133.6
79108,134.7
79109,135.0
79110,135.1
79111,136.1
79112,134.1
79113,134.8
79114,135.4
79115,133.1
79116,135.3
79117,136.2
79118,136.9
79119,136.7
79120,136.2
79121,133.9
79122,132.6
79123,132.9
79124,133.0
79125,135.5
79126,134.1
79127,130.6
79128,131.5
79129,-9999.9
79130,-9999.9
79131,-9999.9
79132,-9999.9
79133,-9999.9
79134,-9999.9
79135,-9999.9
79136,-9999.9
79137,136.6
79138,136.7
79139,131.8
79140,134.6
79141,136.1
79142,133.7
79143,135.1
79144,136.5
79145,136.1
79146,136.4
79147,135.5
79148,133.3
79149,134.5
79150,134.8
79151,134.5
79152,135.0
79153,132.4
79154,131.8
79155,133.1
79156,133.9
79157,135.3
79158,133.8
79159,132.5
79160,133.8
79161,132.9
79162,131.6
79163,132.7
79164,134.8
79165,134.8
79166,133.4
79167,132.8
79168,134.0
79169,134.0
79170,132.6
79171,133.0
79172,134.1
79173,135.1
79174,134.7
79175,134.6
79176,133.5
79177,133.7
79178,133.4
79179,133.1
79180,134.4
79181,132.3
79182,132.1
79183,133.1
79184,133.3
79185,134.5
79186,135.2
79187,134.5
79188,133.7
79189,134.9
79190,135.7
79191,136.4
79192,135.5
79193,134.0
79194,134.5
79195,132.2
79196,133.0
79197,133.9
79198,130.9
79199,130.5
79200,134.0
79201,136.1
79202,134.8
79203,132.2
79204,129.2
79205,131.7
79206,134.4
79207,132.9
79208,131.6
79209,133.1
79210,132.7
79211,132.9
79212,131.7
79213,132.4
79214,134.0
79215,132.6
79216,131.9
79217,132.6
79218,134.1
79219,134.5
79220,134.6
79221,132.8
79222,130.5
79223,132.2
79224,134.5
79225,134.5
79226,136.0
79227,136.3
79228,134.5
79229,134.1
79230,134.9
79231,135.1
79232,133.2
79233,133.8
79234,133.1
79235,130.9
79236,134.4
79237,136.3
79238,135.6
79239,134.9
79240,133.6
79241,135.3
79242,137.0
79243,137.1
79244,134.3
79245,133.1
79246,135.5
79247,135.3
79248,132.9
79249,132.3
79250,131.6
79251,132.2
79252,133.9
79253,132.7
79254,133.0
79255,132.5
79256,133.5
79257,135.8
79258,135.8
79259,135.0
79260,132.3
79261,131.9
79262,133.5
79263,133.3
79264,132.9
79265,134.2
79266,132.8
79267,132.9
79268,135.1
79269,134.1
79270,133.3
79271,134.3
79272,133.9
79273,131.9
79274,132.9
79275,133.9
79276,132.9
79277,136.2
79278,135.1
79279,134.4
79280,135.3
79281,136.4
79282,135.5
79283,131.3
79284,129.7
79285,133.6
79286,134.7
79287,134.4
79288,134.2
79289,133.6
79290,133.4
79291,132.9
79292,133.1
79293,135.4
79294,135.1
79295,134.2
79296,132.8
79297,130.7
79298,133.8
79299,134.3
79300,133.9
79301,134.5
79302,134.5
79303,135.1
79304,133.8
79305,133.1
79306,132.5
79307,129.9
79308,130.3
79309,132.9
79310,135.0
79311,136.5
79312,133.4
79313,133.1
79314,132.7
79315,133.4
79316,134.9
79317,136.3
79318,135.9
79319,135.6
79320,136.1
79321,133.3
79322,132.0
79323,133.2
79324,133.4
79325,132.1
79326,132.6
79327,133.2
79328,132.8
79329,132.9
79330,133.6
79331,137.4
79332,136.1
79333,131.0
79334,130.6
79335,132.8
79336,133.7
79337,135.1
79338,137.1
79339,137.9
79340,136.8
79341,136.0
79342,134.5
79343,132.4
79344,132.5
79345,131.9
79346,131.7
79347,135.6
79348,139.1
79349,136.9
79350,134.6
79351,131.8
79352,132.8
79353,136.2
79354,134.6
79355,132.0
79356,131.7
79357,132.3
79358,132.4
79359,134.9
79360,136.2
79361,133.4
79362,132.3
79363,133.1
79364,133.3
79365,132.3
79366,134.6
79367,134.5
79368,131.3
79369,132.9
79370,133.3
79371,131.0
79372,130.7
79373,131.1
79374,133.1
79375,134.4
79376,132.4
79377,132.4
79378,133.2
79379,133.1
79380,133.6
79381,133.9
79382,133.6
79383,133.8
79384,134.7
79385,133.7
79386,131.3
79387,131.9
79388,133.8
79389,135.1
79390,133.7
79391,131.7
79392,134.3
79393,134.4
79394,134.4
79395,133.5
79396,131.0
79397,131.4
79398,134.5
79399,134.8
79400,130.8
79401,131.3
79402,133.8
79403,134.5
79404,133.8
79405,131.5
79406,132.8
79407,134.4
79408,132.4
79409,133.1
79410,133.7
79411,133.1
79412,134.1
79413,134.3
79414,133.7
79415,132.8
79416,133.8
79417,135.5
79418,134.1
79419,131.8
79420,132.7
79421,133.3
79422,134.7
79423,137.5
79424,135.8
79425,133.9
79426,134.1
79427,135.0
79428,135.7
79429,135.4
79430,134.5
79431,134.2
79432,134.6
79433,136.2
79434,137.5
79435,137.7
79436,139.0
79437,138.2
79438,136.5
79439,136.1
79440,135.3
79441,136.9
79442,139.6
79443,136.7
79444,134.2
79445,136.9
79446,137.5
79447,135.0
79448,133.7
79449,133.4
79450,134.0
79451,135.9
79452,135.5
79453,135.0
79454,136.8
79455,135.8
79456,136.6
79457,136.8
79458,136.0
79459,136.3
79460,136.4
79461,137.3
79462,139.4
79463,139.5
79464,138.0
79465,139.1
79466,137.9
79467,136.4
79468,136.7
79469,136.8
79470,137.7
79471,137.1
79472,137.8
79473,138.3
79474,138.3
79475,139.0
79476,137.4
79477,137.4
79478,137.4
79479,137.5
79480,138.1
79481,138.7
79482,138.0
79483,135.1
79484,134.0
79485,140.1
79486,138.5
79487,134.4
79488,134.6
79489,137.4
79490,135.1
79491,134.2
79492,136.7
79493,136.8
79494,136.8
79495,136.5
79496,138.2
79497,137.8
79498,135.0
79499,136.8
79500,137.5
79501,136.8
79502,138.0
79503,139.1
79504,139.0
79505,138.0
79506,135.8
79507,137.3
79508,138.2
79509,136.9
79510,137.0
79511,136.2
79512,135.0
79513,137.3
79514,139.1
79515,137.1
79516,137.2
79517,137.6
79518,137.4
79519,136.1
79520,137.7
79521,137.5
79522,135.8
79523,134.9
79524,134.6
79525,135.3
79526,135.5
79527,133.8
79528,132.9
79529,134.6
79530,135.2
79531,135.8
79532,136.8
79533,138.0
79534,138.2
79535,137.5
79536,138.2
79537,135.8
79538,132.8
79539,136.0
79540,139.3
79541,138.8
79542,136.3
79543,136.5
79544,137.0
79545,134.2
79546,133.9
79547,134.6
79548,135.9
79549,137.1
79550,137.4
79551,136.9
79552,135.9
79553,136.1
79554,137.2
79555,136.1
79556,134.5
79557,134.3
79558,134.2
79559,133.9
79560,134.7
79561,136.9
79562,136.1
79563,135.4
79564,135.2
79565,134.0
79566,136.4
79567,137.9
79568,137.5
79569,135.2
79570,132.1
79571,133.9
79572,134.2
79573,134.6
79574,134.7
79575,134.2
79576,134.3
79577,134.2
79578,135.0
79579,132.6
79580,129.9
79581,132.9
79582,133.7
79583,130.1
79584,132.9
79585,133.3
79586,131.2
79587,132.3
79588,131.5
79589,132.1
79590,132.7
79591,132.1
79592,133.0
79593,134.1
79594,132.6
79595,132.7
79596,134.9
79597,133.8
79598,132.1
79599,131.8
79600,134.3
79601,132.8
79602,129.6
79603,132.9
79604,133.9
79605,132.3
79606,132.7
79607,135.2
79608,132.7
79609,130.9
79610,131.8
79611,131.9
79612,133.7
79613,134.6
79614,134.6
79615,132.3
79616,130.8
79617,132.9
79618,133.0
79619,134.4
79620,134.7
79621,132.4
79622,130.8
79623,133.2
79624,135.1
79625,134.2
79626,132.4
79627,131.7
79628,133.3
79629,133.9
79630,135.2
79631,134.7
79632,131.3
79633,132.7
79634,135.7
79635,134.0
79636,131.9
79637,133.3
79638,132.0
79639,131.3
79640,131.5
79641,132.0
79642,134.3
79643,133.0
79644,132.0
79645,132.5
79646,133.1
79647,132.0
79648,130.0
79649,131.6
79650,132.9
79651,130.7
79652,132.1
79653,133.1
79654,132.1
79655,133.3
79656,130.2
79657,131.6
79658,132.1
79659,133.2
79660,133.1
79661,131.3
79662,131.6
79663,131.2
79664,130.8
79665,131.1
79666,132.0
79667,131.7
79668,131.9
79669,132.2
79670,131.8
79671,131.2
79672,129.0
79673,132.0
79674,134.4
79675,134.0
79676,134.7
79677,133.6
79678,132.0
