data/raw/Flight9/CO_POLAR6_20150420_R1_L2_NETCARE.ict
34, 1001
Bozem, Heiko; Hoor, Peter
Institute for Atmospheric Physics, Johannes Gutenberg University, Mainz, Germany
CO mixing ratio from AL5002 CO analyzer
NETCARE Polar 6 Campaign 2015
1, 1
2015, 04, 20, 2015, 08, 15
1
Time_UTC, seconds
1
1
-9999.9
CO_ppbv, ppbv
0
19
PI_CONTACT_INFO: Address: Johann-Joachim-Becherweg 21, 55128 Mainz, email: bozemh@uni-mainz.de; hoor@uni-mainz.de
PLATFORM: Polar 6
LOCATION: GPS location and altitude available at 1 Hz resolution in separate file (See AIMMS files under Aircraft data and meteorology)
ASSOCIATED_DATA: N/A
INSTRUMENT_INFO: CO measurements based on the fluorescence of CO in the VUV at 150 nm
DATA_INFO: Units are ppbv
UNCERTAINTY RELATIVE TO STANDARD: 2.3 ppbv at 1 sigma confidence (before drift correction is applied)
ULOD_FLAG: -7777
ULOD_VALUE: N/A
LLOD_FLAG: -8888
LLOD_VALUE: 1.5 
DM_CONTACT_INFO: N/A
PROJECT_INFO: NETCARE Polar 6 aircraft campaign in April 2015; Inuvik
STIPULATIONS_ON_USE: N/A
OTHER_COMMENTS: N/A
REVISION: R1
R0: Preliminary data, corrected for instrument drift
R1: Final data, corrected for instrument drift
Time_UTC,CO_ppbv
[from data line 3935]
82304,137.9
82305,137.5
82306,134.8
82307,133.9
82308,134.4
82309,133.6
82310,136.5
82311,137.2
82312,134.7
82313,140.3
82314,138.4
82315,135.3
82316,135.6
82317,136.1
82318,132.4
82319,133.1
82320,135.5
82321,134.7
82322,136.3
82323,135.7
82324,135.1
82325,135.1
82326,134.2
82327,134.6
82328,133.7
82329,132.7
82330,133.8
82331,137.3
82332,137.9
82333,135.9
82334,134.0
82335,135.0
82336,137.1
82337,134.5
82338,132.3
82339,134.1
82340,133.8
82341,134.3
82342,134.2
82343,133.4
82344,135.4
82345,134.0
82346,133.7
82347,135.1
82348,133.8
82349,133.8
82350,134.1
82351,133.8
82352,132.9
82353,131.0
82354,131.0
82355,133.0
82356,133.3
82357,133.3
82358,133.7
82359,135.0
82360,136.1
82361,134.5
82362,134.5
82363,134.9
82364,133.0
82365,136.9
82366,138.6
82367,138.2
82368,140.9
82369,140.6
82370,139.8
82371,139.6
82372,139.8
82373,139.5
82374,137.9
82375,137.2
82376,137.6
82377,139.2
82378,137.4
82379,137.3
82380,138.8
82381,137.4
82382,140.2
82383,138.2
82384,135.2
82385,135.8
82386,137.4
82387,136.6
82388,135.9
82389,137.9
82390,138.2
82391,137.7
82392,139.4
82393,137.3
82394,136.1
82395,139.7
82396,138.0
82397,137.7
82398,141.0
82399,141.8
82400,140.7
82401,139.2
82402,137.5
82403,137.2
82404,141.2
82405,142.9
82406,143.5
82407,141.6
82408,139.1
82409,138.6
82410,141.9
82411,145.1
82412,142.0
82413,142.7
82414,142.9
82415,141.0
82416,142.7
82417,140.8
82418,140.9
82419,144.0
82420,143.2
82421,142.0
82422,144.0
82423,145.8
82424,143.5
82425,144.4
82426,143.2
82427,141.5
82428,144.8
82429,143.6
82430,144.8
82431,143.1
82432,141.5
82433,143.7
82434,142.4
82435,141.7
82436,143.5
82437,145.8
82438,144.7
82439,143.2
82440,142.3
82441,141.3
82442,141.5
82443,140.4
82444,138.9
82445,137.6
82446,137.7
82447,138.4
82448,137.8
82449,139.0
82450,140.0
82451,135.1
82452,136.6
82453,137.0
82454,134.7
82455,134.0
82456,136.1
82457,135.7
82458,134.0
82459,135.5
82460,136.2
82461,135.1
82462,134.3
82463,134.8
82464,135.8
82465,134.4
82466,133.6
82467,135.4
82468,135.4
82469,135.6
82470,135.8
82471,134.8
82472,136.3
82473,137.6
82474,136.9
82475,137.5
82476,138.0
82477,138.0
82478,138.6
82479,137.3
82480,136.4
82481,137.9
82482,140.0
82483,139.8
82484,139.1
82485,138.3
82486,139.8
82487,140.8
82488,139.0
82489,135.2
82490,135.7
82491,139.1
82492,140.5
82493,139.9
82494,139.8
82495,139.2
82496,138.2
82497,139.5
82498,137.6
82499,137.1
82500,139.1
82501,139.7
82502,140.0
82503,137.8
82504,136.5
82505,138.2
82506,139.9
82507,141.6
82508,141.0
82509,140.8
82510,140.6
82511,140.9
82512,142.1
82513,139.1
82514,138.0
82515,138.3
82516,137.5
82517,141.1
82518,143.8
82519,144.4
82520,144.4
82521,142.2
82522,142.5
82523,142.3
82524,141.3
82525,139.0
82526,138.0
82527,142.0
82528,142.8
82529,139.8
82530,140.2
82531,142.1
82532,143.2
82533,140.5
82534,140.4
82535,142.7
82536,141.2
82537,141.4
82538,141.1
82539,140.8
82540,141.5
82541,-9999.9
82542,-9999.9
82543,-9999.9
82544,-9999.9
82545,-9999.9
82546,-9999.9
82547,-9999.9
82548,-9999.9
82549,-9999.9
82550,-9999.9
82551,-9999.9
82552,-9999.9
82553,-9999.9
82554,-9999.9
82555,-9999.9
82556,-9999.9
82557,-9999.9
82558,-9999.9
82559,-9999.9
82560,-9999.9
82561,-9999.9
82562,-9999.9
82563,-9999.9
82564,-9999.9
82565,-9999.9
82566,-9999.9
82567,-9999.9
82568,-9999.9
82569,-9999.9
82570,-9999.9
82571,-9999.9
82572,-9999.9
82573,-9999.9
82574,-9999.9
82575,-9999.9
82576,-9999.9
82577,-9999.9
82578,-9999.9
82579,-9999.9
82580,-9999.9
82581,-9999.9
82582,-9999.9
82583,-9999.9
82584,-9999.9
82585,-9999.9
82586,-9999.9
82587,-9999.9
82588,-9999.9
82589,-9999.9
82590,-9999.9
82591,-9999.9
82592,-9999.9
82593,-9999.9
82594,-9999.9
82595,-9999.9
82596,-9999.9
82597,-9999.9
82598,-9999.9
82599,-9999.9
82600,-9999.9
82601,-9999.9
82602,-9999.9
82603,-9999.9
82604,-9999.9
82605,-9999.9
82606,-9999.9
82607,-9999.9
82608,-9999.9
82609,-9999.9
82610,-9999.9
82611,-9999.9
82612,-9999.9
82613,-9999.9
82614,-9999.9
82615,-9999.9
82616,-9999.9
82617,-9999.9
82618,-9999.9
82619,-9999.9
82620,-9999.9
82621,-9999.9
82622,-9999.9
82623,-9999.9
82624,-9999.9
82625,-9999.9
82626,-9999.9
82627,-9999.9
82628,-9999.9
82629,-9999.9
82630,-9999.9
82631,-9999.9
82632,-9999.9
82633,-9999.9
82634,-9999.9
82635,-9999.9
82636,-9999.9
82637,-9999.9
82638,-9999.9
82639,-9999.9
82640,-9999.9
82641,-9999.9
82642,-9999.9
82643,-9999.9
82644,-9999.9
82645,-9999.9
82646,-9999.9
82647,-9999.9
82648,-9999.9
82649,-9999.9
82650,-9999.9
82651,-9999.9
82652,-9999.9
82653,-9999.9
82654,-9999.9
82655,-9999.9
82656,-9999.9
82657,-9999.9
82658,-9999.9
82659,-9999.9
82660,-9999.9
82661,-9999.9
82662,-9999.9
82663,-9999.9
82664,-9999.9
82665,-9999.9
82666,-9999.9
82667,142.0
82668,141.9
82669,141.0
82670,141.3
82671,142.8
82672,142.1
82673,141.7
82674,141.2
82675,142.7
82676,145.5
82677,143.7
82678,142.7
82679,142.3
82680,142.2
82681,142.2
82682,143.3
82683,146.2
82684,145.2
82685,143.6
82686,142.1
82687,141.6
82688,141.5
82689,142.8
82690,144.0
82691,143.3
82692,144.9
82693,145.2
82694,144.5
82695,145.7
82696,148.6
82697,148.5
82698,148.3
82699,146.2
82700,145.2
82701,144.4
82702,143.0
82703,144.4
82704,146.4
82705,144.4
82706,142.7
82707,146.9
82708,149.1
82709,147.9
82710,143.9
82711,141.9
82712,144.0
82713,144.4
82714,142.6
82715,142.9
82716,145.2
82717,147.4
82718,146.0
82719,142.5
82720,144.3
82721,144.9
82722,141.9
82723,142.8
82724,144.8
82725,143.6
82726,142.1
82727,145.6
82728,146.4
82729,143.5
82730,140.2
82731,143.9
82732,146.8
82733,143.5
82734,142.7
82735,142.7
82736,142.1
82737,145.2
82738,145.6
82739,144.6
82740,144.4
82741,143.3
82742,142.0
82743,142.7
82744,145.7
82745,144.3
82746,144.3
82747,145.0
82748,145.1
82749,145.2
82750,144.7
82751,147.6
82752,148.1
82753,147.0
82754,147.6
82755,147.3
82756,147.2
82757,148.3
82758,146.9
82759,146.1
82760,146.7
82761,147.4
82762,147.4
82763,147.8
82764,148.1
82765,148.0
82766,-9999.9
82767,-9999.9
82768,-9999.9
82769,146.8
82770,148.6
82771,148.1
82772,146.1
82773,145.2
82774,146.4
82775,145.5
82776,145.4
82777,147.5
82778,146.5
82779,145.8
82780,145.3
82781,146.1
82782,146.1
82783,146.4
82784,145.6
82785,143.9
82786,146.2
82787,145.7
82788,147.0
82789,147.4
82790,144.4
82791,143.4
82792,143.4
82793,143.7
82794,143.7
82795,147.3
82796,147.3
82797,143.3
82798,147.3
82799,149.2
82800,146.9
82801,146.3
82802,148.3
82803,150.0
82804,148.0
82805,148.4
82806,149.9
82807,148.4
82808,146.6
82809,148.0
82810,148.8
82811,147.8
82812,148.4
82813,148.7
82814,150.6
82815,150.4
82816,147.4
82817,145.5
82818,146.3
82819,148.6
82820,147.3
82821,147.8
82822,150.3
82823,151.9
82824,152.5
82825,150.5
82826,150.1
82827,150.6
82828,150.2
82829,150.2
82830,150.8
82831,150.6
82832,149.1
82833,148.6
82834,147.8
82835,149.7
82836,149.9
82837,147.0
82838,147.8
82839,146.8
82840,143.4
82841,144.6
82842,144.4
82843,144.2
82844,147.9
82845,147.5
82846,144.9
82847,146.3
82848,148.7
82849,146.5
82850,143.7
82851,143.0
82852,144.3
82853,144.1
82854,144.1
82855,143.5
82856,144.9
82857,147.8
82858,146.9
82859,145.5
82860,145.2
82861,144.3
82862,143.7
82863,145.8
82864,147.2
82865,143.3
82866,144.7
82867,146.8
82868,147.1
82869,146.5
82870,145.1
82871,144.8
82872,145.6
82873,146.3
82874,145.9
82875,145.0
82876,143.9
82877,142.4
82878,144.7
82879,146.8
82880,144.1
82881,143.3
82882,143.5
82883,142.2
82884,144.6
82885,145.3
82886,143.7
82887,144.4
82888,144.7
82889,145.4
82890,147.7
82891,146.8
82892,146.8
82893,148.1
82894,146.2
82895,145.5
82896,148.6
82897,147.7
82898,145.3
82899,145.8
82900,149.2
82901,147.5
82902,145.6
82903,146.1
82904,146.5
82905,146.6
82906,146.5
82907,145.8
82908,146.0
82909,-9999.9
82910,-9999.9
82911,-9999.9
82912,-9999.9
82913,150.1
82914,148.7
82915,147.5
82916,149.0
82917,151.1
82918,149.0
82919,145.5
82920,146.1
82921,147.9
82922,147.9
82923,147.0
82924,145.9
82925,145.5
82926,145.3
82927,145.5
82928,143.9
82929,142.4
82930,143.0
82931,144.0
82932,142.0
82933,139.5
82934,142.7
82935,142.6
82936,142.9
82937,143.3
82938,141.2
82939,139.9
82940,142.5
82941,140.8
82942,139.2
82943,141.0
82944,140.1
82945,140.0
82946,141.8
82947,142.6
82948,142.8
82949,143.7
82950,141.9
82951,142.0
82952,142.0
82953,139.4
82954,140.3
82955,142.9
82956,143.3
82957,143.0
82958,141.5
82959,139.6
82960,143.7
82961,145.5
82962,143.0
82963,141.9
82964,139.5
82965,141.0
82966,141.2
82967,138.1
82968,139.5
82969,140.8
82970,140.7
82971,140.1
82972,142.1
82973,139.8
82974,139.7
82975,141.3
82976,138.9
82977,137.5
82978,139.1
82979,140.5
82980,141.1
82981,139.6
82982,136.4
82983,138.3
82984,140.9
82985,139.1
82986,140.3
82987,144.7
82988,145.9
82989,143.7
82990,145.3
82991,146.7
82992,144.5
82993,145.1
82994,144.6
82995,146.0
82996,148.4
82997,149.2
82998,149.5
82999,148.8
83000,147.9
83001,147.7
83002,148.2
83003,143.8
83004,145.5
83005,147.4
83006,147.3
83007,146.7
83008,148.9
83009,149.4
83010,149.1
83011,149.4
83012,150.0
83013,148.8
83014,148.1
83015,148.8
83016,145.7
83017,146.7
83018,149.4
83019,146.6
83020,144.4
83021,143.7
83022,143.8
83023,145.3
83024,144.1
83025,144.3
83026,143.7
83027,142.9
83028,143.0
83029,141.0
83030,140.1
83031,141.7
83032,142.4
83033,140.6
83034,140.3
83035,141.0
83036,140.9
83037,139.2
83038,139.9
83039,140.0
83040,140.1
83041,139.1
83042,137.5
83043,139.2
83044,139.4
83045,137.6
83046,138.6
83047,141.3
83048,141.6
83049,139.7
83050,139.0
83051,136.2
83052,132.8
83053,134.3
83054,138.0
83055,138.0
83056,136.4
83057,136.9
83058,136.4
83059,137.7
83060,137.3
83061,136.4
83062,137.2
83063,137.0
83064,137.6
83065,135.2
83066,136.0
83067,137.2
83068,136.6
83069,140.4
83070,141.4
83071,136.5
83072,136.5
83073,136.9
83074,137.5
83075,137.4
83076,138.0
83077,137.0
83078,136.8
83079,138.8
83080,137.9
83081,137.3
83082,136.7
83083,135.8
83084,138.7
83085,137.4
83086,135.7
83087,138.6
83088,137.6
83089,137.8
83090,135.9
83091,135.1
83092,136.9
83093,137.6
83094,138.0
83095,136.7
83096,137.1
83097,139.3
83098,138.6
83099,136.4
83100,140.2
83101,142.0
83102,138.8
83103,138.3
83104,140.2
83105,141.8
83106,142.5
83107,140.2
83108,141.5
83109,140.7
83110,139.4
83111,141.0
83112,142.0
83113,142.1
83114,143.0
83115,143.0
83116,142.0
83117,139.7
83118,138.8
83119,140.2
83120,140.2
83121,141.4
83122,143.2
83123,144.0
83124,148.9
83125,152.2
83126,149.5
83127,150.2
83128,153.4
83129,153.3
83130,151.9
83131,151.9
83132,152.7
83133,153.0
83134,154.8
83135,156.6
83136,156.9
83137,154.5
83138,150.9
83139,151.1
83140,152.3
83141,151.8
83142,148.7
83143,146.0
83144,144.6
83145,144.5
83146,145.7
83147,145.2
83148,145.2
83149,147.1
83150,149.9
83151,147.1
83152,144.5
83153,144.6
83154,145.6
83155,148.0
83156,149.1
83157,150.1
83158,150.9
83159,149.3
83160,146.3
83161,146.4
83162,142.6
83163,141.9
83164,143.2
83165,139.8
83166,139.8
83167,138.9
83168,138.8
83169,138.7
83170,138.7
83171,138.0
83172,135.4
83173,134.1
83174,133.7
83175,134.5
83176,136.0
83177,135.2
83178,135.3
83179,135.9
83180,136.6
83181,137.2
83182,137.3
83183,138.2
83184,137.9
83185,137.2
83186,136.0
83187,133.7
83188,135.7
83189,137.2
83190,136.8
83191,137.5
83192,136.6
83193,138.1
83194,138.7
83195,137.9
83196,137.5
83197,137.1
83198,139.0
83199,138.7
83200,139.4
83201,141.3
83202,140.1
83203,138.8
83204,140.1
83205,141.1
83206,139.4
83207,140.8
83208,143.8
83209,144.7
83210,145.2
83211,145.2
83212,145.2
83213,143.9
83214,144.9
83215,146.2
83216,144.9
83217,144.5
83218,144.1
83219,143.8
83220,142.3
83221,141.2
83222,141.2
83223,143.8
83224,143.6
83225,140.4
83226,140.9
83227,136.9
83228,135.5
83229,138.4
83230,138.1
83231,137.5
83232,136.4
83233,136.8
83234,136.7
83235,137.4
83236,138.1
83237,136.4
83238,136.6
83239,136.3
83240,133.0
83241,133.3
83242,134.6
83243,134.0
83244,134.4
83245,135.8
83246,137.8
83247,137.2
83248,136.0
83249,137.2
83250,138.6
83251,136.5
83252,133.2
83253,132.5
83254,133.2
83255,134.6
83256,134.9
83257,133.8
83258,132.7
83259,132.0
83260,133.4
83261,135.4
83262,135.4
83263,132.3
83264,125.8
83265,124.7
83266,127.2
83267,127.0
83268,126.3
83269,125.2
83270,124.5
83271,126.5
83272,126.3
83273,124.9
83274,126.3
83275,126.5
83276,126.9
83277,127.0
83278,126.7
83279,128.7
83280,130.4
83281,132.0
83282,133.1
83283,135.0
83284,137.1
83285,138.0
83286,140.4
83287,142.0
83288,143.6
83289,147.9
83290,150.2
83291,152.2
83292,150.6
83293,149.3
83294,155.3
83295,158.6
83296,159.1
83297,161.6
83298,159.8
83299,156.8
83300,155.6
83301,152.0
83302,148.4
83303,148.1
83304,146.4
83305,144.7
83306,145.3
83307,141.7
83308,140.4
83309,143.9
83310,148.5
83311,149.4
83312,146.6
83313,149.6
83314,150.3
83315,152.2
83316,152.5
83317,152.2
83318,150.0
83319,150.1
83320,150.5
83321,147.7
83322,143.8
83323,140.7
83324,138.9
83325,135.2
83326,133.7
83327,132.3
83328,132.3
83329,134.7
83330,134.0
83331,133.7
83332,134.2
83333,131.3
83334,130.1
83335,131.6
83336,131.3
83337,133.4
83338,135.3
83339,133.8
83340,133.0
83341,134.2
83342,136.9
83343,138.6
83344,138.4
83345,137.6
83346,137.4
83347,138.3
83348,138.3
83349,139.5
83350,139.7
83351,139.8
83352,139.2
83353,137.7
83354,135.6
83355,135.7
83356,136.9
83357,136.9
83358,136.6
83359,132.4
83360,130.4
83361,132.1
83362,134.7
83363,136.3
83364,136.0
83365,134.8
83366,137.9
83367,140.8
83368,140.8
83369,148.1
83370,154.3
83371,154.9
83372,155.6
83373,157.7
83374,160.4
83375,161.6
83376,163.7
83377,165.1
83378,165.7
83379,170.0
83380,170.4
83381,167.9
83382,166.5
83383,174.2
83384,172.9
83385,169.1
83386,165.2
83387,163.1
83388,162.3
83389,160.3
83390,156.9
83391,155.3
83392,156.8
83393,153.7
83394,149.8
83395,152.0
83396,153.8
83397,155.3
83398,155.7
83399,156.4
83400,156.6
83401,153.1
83402,156.9
83403,159.4
83404,159.3
83405,164.1
83406,168.8
83407,172.0
83408,176.8
83409,184.3
83410,190.6
83411,193.7
83412,194.3
83413,195.1
83414,196.9
83415,198.6
83416,195.2
83417,192.1
83418,193.7
83419,196.8
83420,198.7
83421,196.5
83422,195.2
83423,196.0
83424,192.6
83425,192.0
83426,194.7
83427,194.8
83428,195.0
83429,196.5
83430,193.0
83431,191.0
83432,192.3
83433,191.2
83434,193.2
83435,194.0
83436,190.8
83437,189.0
83438,189.7
83439,189.4
83440,188.3
83441,189.5
83442,191.1
83443,190.8
83444,191.1
83445,189.5
83446,186.6
83447,184.2
83448,184.3
83449,184.6
83450,183.9
83451,184.9
83452,177.4
83453,177.6
83454,176.4
83455,177.0
83456,180.6
83457,178.7
83458,177.8
83459,178.6
83460,178.7
83461,178.0
83462,177.1
83463,179.6
83464,181.6
83465,184.1
83466,185.1
83467,182.8
83468,183.3
83469,186.1
83470,187.1
83471,188.7
83472,188.5
83473,187.6
83474,188.5
83475,189.9
83476,188.0
83477,186.7
83478,184.0
83479,178.2
83480,178.2
83481,180.0
83482,178.8
83483,179.2
83484,180.5
83485,180.1
83486,180.6
83487,182.9
83488,178.5
83489,171.4
83490,170.3
83491,169.9
83492,170.4
83493,168.4
83494,164.2
83495,160.4
83496,156.5
83497,158.0
83498,161.1
83499,157.3
83500,155.9
83501,156.6
83502,156.0
83503,158.4
83504,159.9
83505,157.8
83506,155.8
83507,155.9
83508,155.3
83509,156.5
83510,159.8
83511,160.6
83512,162.6
83513,163.5
83514,157.9
83515,154.4
83516,157.1
83517,160.9
83518,162.7
83519,163.0
83520,165.2
83521,164.8
83522,162.7
83523,162.8
83524,167.2
83525,165.9
83526,164.6
83527,167.0
83528,168.4
83529,170.5
83530,170.8
83531,169.9
83532,171.6
83533,171.5
83534,172.4
83535,172.7
83536,170.2
83537,173.9
83538,174.0
83539,170.3
83540,171.6
83541,174.2
83542,173.7
83543,173.7
83544,176.6
83545,175.9
83546,173.1
83547,175.2
83548,176.7
83549,176.0
83550,173.7
83551,174.2
83552,176.6
83553,175.2
83554,174.0
83555,177.3
83556,176.4
83557,174.5
83558,176.2
83559,177.2
83560,176.1
83561,172.9
83562,173.2
83563,176.9
83564,176.6
83565,178.0
83566,178.7
83567,178.4
83568,176.1
83569,174.7
83570,176.3
83571,177.2
83572,174.6
83573,174.7
83574,176.5
83575,175.9
83576,179.7
83577,182.7
83578,181.3
83579,179.2
83580,179.9
83581,181.1
83582,181.0
83583,181.6
83584,181.6
83585,181.6
83586,183.0
83587,183.7
83588,183.4
83589,181.6
83590,182.8
83591,183.9
83592,182.5
83593,182.2
83594,184.2
83595,184.9
83596,183.2
83597,184.1
83598,184.4
83599,183.4
83600,185.9
83601,185.5
83602,187.1
83603,191.4
83604,188.5
83605,184.6
83606,187.5
83607,189.3
83608,186.3
83609,185.6
83610,186.9
83611,187.0
83612,187.9
83613,192.7
