data/raw/Flight9/H2O_POLAR6_20150420_R1_L2_NETCARE.ict
34, 1001
Bozem, Heiko; Hoor, Peter
Institute for Atmospheric Physics, Johannes Gutenberg University, Mainz, Germany
H2O mixing ratio from LI7200 CO2/H2O analyzer
NETCARE Polar 6 Campaign 2015
1, 1
2015, 04, 20, 2016, 01, 22
1
Time_UTC, seconds
1
1
-9999.9
H2O_ppmv, ppmv
0
19
PI_CONTACT_INFO: Address: Johann-Joachim-Becherweg 21, 55128 Mainz, email: bozemh@uni-mainz.de; hoor@uni-mainz.de
PLATFORM: Polar 6
LOCATION: GPS location and altitude available at 1 Hz resolution in separate file (See AIMMS files under Aircraft data and meteorology)
ASSOCIATED_DATA: N/A
INSTRUMENT_INFO: H2O measurements based on non-dispersive infrared absorption spectroscopy
DATA_INFO: Units are ppmv
UNCERTAINTY RELATIVE TO STANDARD: 18.5 ppmv or 2.5 %, whichever is greater, at 1 sigma confidence (before drift correction is applied)
ULOD_FLAG: -7777
ULOD_VALUE: N/A
LLOD_FLAG: -8888
LLOD_VALUE: N/A 
DM_CONTACT_INFO: N/A
PROJECT_INFO: NETCARE Polar 6 aircraft campaign in April 2015; Inuvik
STIPULATIONS_ON_USE: N/A
OTHER_COMMENTS: N/A
REVISION: R1
R0: Preliminary data, corrected for instrument drift
R1: Final data, corrected for instrument drift
Time_UTC,H2O_ppmv
[from data line 6172]
84541,488.9
84542,491.0
84543,493.7
84544,494.7
84545,494.3
84546,494.3
84547,494.5
84548,496.0
84549,495.5
84550,497.9
84551,499.2
84552,494.7
84553,495.5
84554,493.2
84555,491.4
84556,487.3
84557,488.9
84558,491.6
84559,494.4
84560,498.0
84561,500.3
84562,499.2
84563,501.0
84564,499.6
84565,500.4
84566,502.0
84567,505.1
84568,503.5
84569,503.3
84570,502.7
84571,507.6
84572,510.6
84573,510.4
84574,511.1
84575,510.7
84576,516.4
84577,512.4
84578,513.4
84579,515.5
84580,514.5
84581,519.0
84582,516.0
84583,517.7
84584,521.8
84585,528.6
84586,530.1
84587,530.8
84588,532.4
84589,534.5
84590,532.5
84591,538.6
84592,541.9
84593,551.3
84594,559.4
84595,567.2
84596,589.3
84597,609.0
84598,612.1
84599,616.2
84600,615.8
84601,622.3
84602,631.9
84603,636.3
84604,642.7
84605,643.4
84606,647.7
84607,648.1
84608,650.4
84609,654.3
84610,651.1
84611,650.7
84612,649.0
84613,655.7
84614,659.6
84615,664.2
84616,670.6
84617,677.4
84618,701.3
84619,724.0
84620,771.6
84621,814.7
84622,846.2
84623,867.4
84624,933.7
84625,965.1
84626,970.7
84627,972.1
84628,965.9
84629,946.8
84630,949.6
84631,932.8
84632,902.8
84633,938.0
84634,977.5
84635,1011.5
84636,1034.5
84637,1064.3
84638,1087.3
84639,1102.1
84640,1146.0
84641,1183.7
84642,1214.0
84643,1221.9
84644,1230.3
84645,1229.8
84646,1226.5
84647,1247.2
84648,1223.1
84649,1204.7
84650,1161.2
84651,1152.0
84652,1144.6
84653,1155.2
84654,1158.8
84655,1188.6
84656,1205.4
84657,1227.4
84658,1262.8
84659,1261.3
84660,1281.7
84661,1297.6
84662,1279.9
84663,1282.1
84664,1282.1
84665,1243.5
84666,1231.3
84667,1205.1
84668,1202.5
84669,1198.9
84670,1211.9
84671,1285.7
84672,1339.8
84673,1372.3
84674,1392.3
84675,1390.1
84676,1383.7
84677,1380.2
84678,-9999.9
84679,-9999.9
84680,-9999.9
84681,-9999.9
84682,-9999.9
84683,-9999.9
84684,-9999.9
84685,-9999.9
84686,-9999.9
84687,-9999.9
84688,-9999.9
84689,-9999.9
84690,-9999.9
84691,-9999.9
84692,-9999.9
84693,-9999.9
84694,-9999.9
84695,-9999.9
84696,-9999.9
84697,-9999.9
84698,-9999.9
84699,-9999.9
84700,-9999.9
84701,-9999.9
84702,-9999.9
84703,-9999.9
84704,-9999.9
84705,-9999.9
84706,-9999.9
84707,-9999.9
84708,-9999.9
84709,-9999.9
84710,-9999.9
84711,-9999.9
84712,-9999.9
84713,-9999.9
84714,-9999.9
84715,-9999.9
84716,-9999.9
84717,-9999.9
84718,-9999.9
84719,-9999.9
84720,-9999.9
84721,-9999.9
84722,-9999.9
84723,-9999.9
84724,-9999.9
84725,-9999.9
84726,-9999.9
84727,-9999.9
84728,-9999.9
84729,-9999.9
84730,-9999.9
84731,-9999.9
84732,-9999.9
84733,-9999.9
84734,-9999.9
84735,-9999.9
84736,-9999.9
84737,-9999.9
84738,-9999.9
84739,-9999.9
84740,-9999.9
84741,-9999.9
84742,-9999.9
84743,-9999.9
84744,-9999.9
84745,-9999.9
84746,-9999.9
84747,-9999.9
84748,-9999.9
84749,-9999.9
84750,-9999.9
84751,-9999.9
84752,-9999.9
84753,-9999.9
84754,-9999.9
84755,-9999.9
84756,-9999.9
84757,-9999.9
84758,-9999.9
84759,-9999.9
84760,-9999.9
84761,-9999.9
84762,-9999.9
84763,-9999.9
84764,-9999.9
84765,-9999.9
84766,-9999.9
84767,-9999.9
84768,-9999.9
84769,-9999.9
84770,-9999.9
84771,-9999.9
84772,-9999.9
84773,-9999.9
84774,-9999.9
84775,-9999.9
84776,-9999.9
84777,-9999.9
84778,-9999.9
84779,-9999.9
84780,-9999.9
84781,-9999.9
84782,-9999.9
84783,-9999.9
84784,-9999.9
84785,-9999.9
84786,-9999.9
84787,-9999.9
84788,-9999.9
84789,-9999.9
84790,-9999.9
84791,-9999.9
84792,-9999.9
84793,-9999.9
84794,-9999.9
84795,-9999.9
84796,-9999.9
84797,-9999.9
84798,-9999.9
84799,-9999.9
84800,-9999.9
84801,-9999.9
84802,-9999.9
84803,-9999.9
84804,-9999.9
84805,-9999.9
84806,-9999.9
84807,-9999.9
84808,-9999.9
84809,-9999.9
84810,-9999.9
84811,-9999.9
84812,-9999.9
84813,-9999.9
84814,-9999.9
84815,-9999.9
84816,-9999.9
84817,-9999.9
84818,-9999.9
84819,-9999.9
84820,-9999.9
84821,-9999.9
84822,-9999.9
84823,-9999.9
84824,-9999.9
84825,-9999.9
84826,-9999.9
84827,-9999.9
84828,-9999.9
84829,-9999.9
84830,-9999.9
84831,-9999.9
84832,-9999.9
84833,-9999.9
84834,-9999.9
84835,-9999.9
84836,-9999.9
84837,-9999.9
84838,-9999.9
84839,-9999.9
84840,-9999.9
84841,-9999.9
84842,-9999.9
84843,-9999.9
84844,-9999.9
84845,-9999.9
84846,-9999.9
84847,-9999.9
84848,-9999.9
84849,-9999.9
84850,-9999.9
84851,-9999.9
84852,-9999.9
84853,-9999.9
84854,-9999.9
84855,-9999.9
84856,-9999.9
84857,-9999.9
84858,-9999.9
84859,-9999.9
84860,-9999.9
84861,-9999.9
84862,-9999.9
84863,-9999.9
84864,-9999.9
84865,-9999.9
84866,-9999.9
84867,-9999.9
84868,-9999.9
84869,-9999.9
84870,-9999.9
84871,-9999.9
84872,-9999.9
84873,-9999.9
84874,-9999.9
84875,-9999.9
84876,-9999.9
84877,-9999.9
84878,-9999.9
84879,-9999.9
84880,-9999.9
84881,-9999.9
84882,-9999.9
84883,-9999.9
84884,-9999.9
84885,-9999.9
84886,-9999.9
84887,-9999.9
84888,-9999.9
84889,1180.2
84890,1193.7
84891,1194.4
84892,1218.4
84893,1175.0
84894,1153.7
84895,1193.9
84896,1224.4
84897,1234.0
84898,1289.2
84899,1344.7
84900,1310.3
84901,1216.8
84902,1194.3
84903,1189.9
84904,1193.3
84905,1172.8
84906,1255.4
84907,1283.7
84908,1226.2
84909,1293.8
84910,1310.7
84911,1249.6
84912,1239.7
84913,1226.3
84914,1246.7
84915,1257.7
84916,1175.8
84917,1343.0
84918,1329.1
84919,1286.9
84920,1330.6
84921,1334.2
84922,1304.0
84923,1286.5
84924,1304.4
84925,1292.4
84926,1307.4
84927,1268.0
84928,1238.4
84929,1210.0
84930,1226.3
84931,1230.8
84932,1228.6
84933,1248.9
84934,1274.4
84935,1270.3
84936,1290.8
84937,1265.7
84938,1270.5
84939,1280.9
84940,1302.7
84941,1335.9
84942,1316.3
84943,1355.8
84944,1372.3
84945,1395.1
84946,1394.2
84947,1333.4
84948,1334.2
84949,1333.9
84950,1355.7
84951,1389.1
84952,1392.8
84953,1369.6
84954,1383.7
84955,1455.9
84956,1464.1
84957,1488.9
84958,1434.2
84959,1518.5
84960,1518.9
84961,1501.7
84962,1541.4
84963,1619.5
84964,1608.2
84965,1585.0
84966,1636.0
84967,1615.8
84968,1616.2
84969,1605.8
84970,1609.5
84971,1800.8
84972,1808.3
84973,1573.6
84974,1566.3
84975,1557.1
84976,1540.9
84977,1580.9
84978,1628.3
84979,1656.7
84980,1658.0
84981,1616.6
84982,1689.1
84983,1713.6
84984,1691.7
84985,1692.0
84986,1719.2
84987,1801.1
84988,1843.7
84989,1813.2
84990,1747.6
84991,1746.2
84992,1761.8
84993,1808.2
84994,1807.0
84995,1762.2
84996,1784.3
84997,1734.9
84998,1786.2
84999,1792.1
85000,1769.3
85001,1798.6
85002,1762.7
85003,1748.3
85004,1760.5
85005,1748.2
85006,1767.9
85007,1764.9
85008,1760.7
85009,1769.6
85010,1748.4
85011,1760.4
85012,1790.9
85013,1787.9
85014,1835.3
85015,1839.5
85016,1867.4
85017,1856.2
85018,1884.9
85019,1863.9
85020,1858.2
85021,1843.7
85022,1866.3
85023,1846.8
85024,1841.2
85025,1845.3
85026,1811.8
85027,1783.5
85028,1787.0
85029,1877.9
85030,1926.7
85031,1893.1
85032,1865.5
85033,1773.4
85034,1798.1
85035,1822.6
85036,1843.1
85037,1882.2
85038,1934.0
85039,1955.2
85040,1965.0
85041,1948.4
85042,1917.1
85043,1861.7
85044,1854.6
85045,1807.2
85046,1838.7
85047,1862.6
85048,1918.7
85049,1887.3
85050,1857.1
85051,1863.9
85052,1845.1
85053,1850.7
85054,1876.9
85055,1876.5
85056,1901.1
85057,1889.0
85058,1899.9
85059,1929.7
85060,1909.3
85061,1955.7
85062,1980.8
85063,2014.3
85064,1957.6
85065,1913.7
85066,1945.4
85067,1865.5
85068,1856.6
85069,1902.3
85070,1954.0
85071,1976.9
85072,1964.1
85073,1954.3
85074,1919.5
85075,1923.2
85076,1942.7
85077,1973.7
85078,1984.9
85079,1985.7
85080,1982.6
85081,1992.6
85082,1989.9
85083,1997.5
85084,2006.6
85085,2002.9
85086,1987.8
85087,1968.5
85088,1981.3
85089,1973.4
85090,1940.1
85091,1939.1
85092,1933.3
85093,1953.4
85094,1960.3
85095,1964.6
85096,1972.5
85097,1954.8
85098,1934.9
85099,1934.8
85100,1943.0
85101,1925.9
85102,1919.9
85103,1914.8
85104,1923.0
85105,1919.9
85106,1926.8
85107,1973.9
85108,2018.5
85109,2038.0
85110,2048.0
85111,2048.9
85112,2049.1
85113,2050.6
85114,2044.5
85115,2055.8
85116,2047.2
85117,2045.2
85118,2047.0
85119,2045.3
85120,2023.6
85121,2045.9
85122,2057.6
85123,2061.4
85124,2041.0
85125,2038.9
85126,2032.6
85127,2020.6
85128,1994.4
85129,1985.9
85130,1984.7
85131,1970.0
85132,1970.1
85133,1965.2
85134,1954.9
85135,1947.1
85136,1943.6
85137,1944.1
85138,1938.2
85139,1960.4
85140,1956.8
85141,1945.5
85142,1940.2
85143,1926.8
85144,1929.6
85145,1959.1
85146,1974.0
85147,1957.5
85148,1954.8
85149,2055.6
85150,2072.1
85151,2097.3
85152,2089.6
85153,2074.5
85154,2036.8
85155,2027.5
85156,2041.4
85157,2039.1
85158,2013.3
85159,2036.8
85160,2094.0
85161,2120.4
85162,2135.5
85163,2150.3
85164,2148.9
85165,2145.6
85166,2155.2
85167,2145.1
85168,2149.6
85169,2163.1
85170,2167.2
85171,2161.6
85172,2160.2
85173,2170.5
85174,2163.9
85175,2165.5
85176,2167.2
85177,2169.0
85178,2184.7
85179,2175.6
85180,2175.2
85181,2174.4
85182,2169.9
85183,2173.9
85184,2165.9
85185,2161.1
85186,2155.7
85187,2150.7
85188,2151.3
85189,2160.7
85190,2177.7
85191,2172.3
85192,2180.2
85193,2183.1
85194,2189.5
85195,2180.8
85196,2197.9
85197,2194.9
85198,2208.9
85199,2207.2
85200,2227.9
85201,2233.3
85202,2246.6
85203,2254.8
85204,2247.1
85205,2249.6
85206,2250.4
85207,2257.9
85208,2264.8
85209,2293.4
85210,2293.6
85211,2286.5
85212,2290.5
85213,2341.2
85214,2348.0
85215,2354.9
85216,2359.1
85217,2352.8
85218,2347.9
85219,2343.4
85220,2330.8
85221,2328.4
85222,2336.5
85223,2340.8
85224,2342.4
85225,2349.7
85226,2361.3
85227,2335.2
85228,2333.3
85229,2363.9
85230,2381.0
85231,2372.2
85232,2371.9
85233,2407.1
85234,2447.6
85235,2458.7
85236,2458.1
85237,2459.3
85238,2456.9
85239,2458.8
85240,2495.2
85241,2521.2
85242,2532.5
85243,2553.0
85244,2582.6
85245,2599.4
85246,2604.3
85247,2604.2
85248,2597.4
85249,2607.0
85250,2616.2
85251,2610.5
85252,2604.7
85253,2582.2
85254,2560.2
85255,2540.9
85256,2533.8
85257,2527.7
85258,2514.7
85259,2507.4
85260,2522.3
85261,2508.7
85262,2512.7
85263,2515.7
85264,2506.3
85265,2508.4
85266,2510.1
85267,2520.7
85268,2548.4
85269,2572.9
85270,2598.7
85271,2621.1
85272,2623.8
85273,2629.1
85274,2630.8
85275,2637.7
85276,2642.5
85277,2651.3
85278,2654.7
85279,2668.5
85280,2655.7
85281,2665.3
85282,2677.0
85283,2681.5
85284,2679.8
85285,2679.9
85286,2688.4
85287,2689.9
85288,2698.0
85289,2699.9
85290,2700.4
85291,2699.3
85292,2698.7
85293,2697.0
85294,2691.8
85295,2666.9
85296,2624.2
85297,2607.3
85298,2588.7
85299,2568.9
85300,2563.2
85301,2569.0
85302,2559.3
85303,2545.2
85304,2532.8
85305,2522.8
85306,2523.9
85307,2527.8
85308,2545.8
85309,2560.0
85310,2575.7
85311,2600.7
85312,2636.0
85313,2644.1
85314,2645.6
85315,2651.7
85316,2657.5
85317,2654.6
85318,2653.9
85319,2653.2
85320,2651.0
85321,2643.2
85322,2641.2
85323,2637.0
85324,2634.5
85325,2633.8
85326,2632.0
85327,2630.2
85328,2628.8
85329,2632.5
85330,2637.1
85331,2637.0
85332,2634.8
85333,2636.7
85334,2630.8
85335,2625.6
85336,2621.8
85337,2610.9
85338,2609.6
85339,2607.7
85340,2608.8
85341,2608.9
85342,2608.7
85343,2602.0
85344,2595.4
85345,2588.3
85346,2588.7
85347,2587.8
85348,2570.2
85349,2552.0
85350,2530.9
85351,2526.3
85352,2529.5
85353,2517.5
85354,2512.9
85355,2511.2
85356,2502.5
85357,2490.3
85358,2480.3
85359,2476.5
85360,2476.4
85361,2469.1
85362,2460.2
85363,2453.5
85364,2458.0
85365,2473.6
85366,2481.9
85367,2484.5
85368,2483.4
85369,2490.4
85370,2496.0
85371,2509.0
85372,2533.0
85373,2538.5
85374,2538.6
85375,2528.8
85376,2511.8
85377,2505.5
85378,2507.5
85379,2503.4
85380,-9999.9
85381,-9999.9
85382,-9999.9
85383,-9999.9
85384,-9999.9
85385,-9999.9
85386,-9999.9
85387,-9999.9
85388,-9999.9
85389,-9999.9
85390,-9999.9
85391,-9999.9
85392,-9999.9
85393,-9999.9
85394,-9999.9
85395,-9999.9
85396,-9999.9
85397,-9999.9
85398,-9999.9
85399,-9999.9
85400,-9999.9
85401,-9999.9
85402,-9999.9
85403,-9999.9
85404,-9999.9
85405,-9999.9
85406,-9999.9
85407,-9999.9
85408,-9999.9
85409,-9999.9
85410,-9999.9
85411,-9999.9
85412,-9999.9
85413,-9999.9
85414,-9999.9
85415,-9999.9
85416,-9999.9
85417,-9999.9
85418,-9999.9
85419,-9999.9
85420,-9999.9
85421,-9999.9
85422,-9999.9
85423,-9999.9
85424,-9999.9
85425,-9999.9
85426,-9999.9
85427,-9999.9
85428,-9999.9
85429,-9999.9
85430,-9999.9
85431,-9999.9
85432,-9999.9
85433,-9999.9
85434,-9999.9
85435,-9999.9
85436,-9999.9
85437,-9999.9
85438,-9999.9
85439,-9999.9
85440,-9999.9
85441,-9999.9
85442,-9999.9
85443,-9999.9
85444,-9999.9
85445,-9999.9
85446,-9999.9
85447,-9999.9
85448,-9999.9
85449,-9999.9
85450,-9999.9
85451,-9999.9
85452,-9999.9
85453,-9999.9
85454,-9999.9
85455,-9999.9
85456,-9999.9
85457,-9999.9
85458,-9999.9
85459,-9999.9
85460,-9999.9
85461,-9999.9
85462,-9999.9
85463,-9999.9
85464,-9999.9
85465,-9999.9
85466,-9999.9
85467,-9999.9
85468,-9999.9
85469,-9999.9
85470,-9999.9
85471,-9999.9
85472,-9999.9
85473,-9999.9
85474,-9999.9
85475,-9999.9
85476,-9999.9
85477,-9999.9
85478,-9999.9
85479,-9999.9
85480,-9999.9
85481,-9999.9
85482,-9999.9
85483,-9999.9
85484,-9999.9
85485,-9999.9
85486,-9999.9
85487,-9999.9
85488,-9999.9
85489,-9999.9
85490,-9999.9
85491,-9999.9
85492,-9999.9
85493,-9999.9
85494,-9999.9
85495,-9999.9
85496,-9999.9
85497,-9999.9
85498,-9999.9
85499,-9999.9
85500,-9999.9
85501,-9999.9
85502,-9999.9
85503,-9999.9
85504,-9999.9
85505,-9999.9
85506,-9999.9
85507,-9999.9
85508,-9999.9
85509,-9999.9
85510,-9999.9
85511,-9999.9
85512,-9999.9
85513,-9999.9
85514,-9999.9
85515,-9999.9
85516,-9999.9
85517,-9999.9
85518,-9999.9
85519,-9999.9
85520,-9999.9
85521,-9999.9
85522,-9999.9
85523,-9999.9
85524,-9999.9
85525,-9999.9
85526,-9999.9
85527,-9999.9
85528,-9999.9
85529,-9999.9
85530,-9999.9
85531,-9999.9
85532,-9999.9
85533,-9999.9
85534,-9999.9
85535,-9999.9
85536,-9999.9
85537,-9999.9
85538,-9999.9
85539,-9999.9
85540,-9999.9
85541,-9999.9
85542,-9999.9
85543,-9999.9
85544,-9999.9
85545,-9999.9
85546,-9999.9
85547,-9999.9
85548,-9999.9
85549,-9999.9
85550,-9999.9
85551,-9999.9
85552,-9999.9
85553,-9999.9
85554,-9999.9
85555,-9999.9
85556,-9999.9
85557,-9999.9
85558,-9999.9
85559,-9999.9
85560,-9999.9
85561,-9999.9
85562,-9999.9
85563,-9999.9
85564,-9999.9
85565,-9999.9
85566,-9999.9
85567,-9999.9
85568,-9999.9
85569,-9999.9
85570,-9999.9
85571,-9999.9
85572,-9999.9
85573,-9999.9
85574,-9999.9
85575,-9999.9
85576,-9999.9
85577,-9999.9
85578,-9999.9
85579,-9999.9
85580,-9999.9
85581,-9999.9
85582,-9999.9
85583,-9999.9
85584,-9999.9
85585,-9999.9
85586,-9999.9
85587,-9999.9
85588,-9999.9
85589,-9999.9
85590,-9999.9
85591,2491.2
85592,2527.4
85593,2535.5
85594,2559.9
85595,2567.5
85596,2565.7
85597,2552.7
85598,2516.5
85599,2492.3
85600,2494.4
85601,2497.8
85602,2495.4
85603,2521.3
85604,2551.6
85605,2564.3
85606,2559.1
85607,2557.3
85608,2551.4
85609,2549.6
85610,2557.4
85611,2562.1
85612,2562.5
85613,2558.4
85614,2537.1
85615,2529.5
85616,2517.6
85617,2519.1
85618,2528.7
85619,2532.4
85620,2556.9
85621,2541.2
85622,2564.3
85623,2565.7
85624,2590.4
85625,2608.0
85626,2614.0
85627,2619.6
85628,2620.7
85629,2617.4
85630,2624.7
85631,2628.1
85632,2608.8
85633,2620.2
85634,2633.9
85635,2629.3
85636,2620.4
85637,2631.4
85638,2628.9
85639,2623.2
85640,2625.4
85641,2626.8
85642,2625.2
85643,2619.4
85644,2625.2
85645,2627.1
85646,2620.3
85647,2614.4
85648,2603.3
85649,2588.9
85650,2580.6
85651,2576.9
85652,2574.9
85653,2570.7
85654,2561.5
85655,2563.4
85656,2560.8
85657,2558.8
85658,2561.2
85659,2554.1
85660,2556.3
85661,2561.1
85662,2562.1
85663,2551.6
85664,2545.7
85665,2546.1
85666,2542.4
85667,2538.5
85668,2549.4
85669,2545.9
85670,2532.4
85671,2526.8
85672,2530.4
85673,2542.2
85674,2545.2
85675,2550.6
85676,2585.3
85677,2598.6
85678,2606.4
85679,2612.1
85680,2619.0
85681,2626.4
85682,2630.2
85683,2634.8
85684,2633.5
85685,2641.7
85686,2642.7
85687,2626.3
85688,2623.3
85689,2616.6
85690,2610.0
85691,2608.0
85692,2598.6
85693,2589.0
85694,2585.1
85695,2576.2
85696,2582.8
85697,2582.1
85698,2567.6
85699,2533.5
85700,2507.1
85701,2504.4
85702,2522.0
85703,2544.2
85704,2564.5
85705,2578.2
85706,2532.3
85707,2497.6
85708,2489.7
85709,2492.0
85710,2498.6
85711,2492.5
85712,2461.9
85713,2447.6
85714,2426.2
85715,2428.8
85716,2434.2
85717,2440.7
85718,2468.3
85719,2484.1
85720,2486.8
85721,2476.0
85722,2473.1
85723,2477.4
85724,2490.3
85725,2504.9
85726,2511.4
85727,2510.8
85728,2513.9
85729,2523.8
85730,2533.8
85731,2543.4
85732,2535.6
85733,2545.1
85734,2539.1
85735,2539.5
85736,2543.1
85737,2553.5
85738,2550.6
85739,2544.3
85740,2545.5
85741,2547.9
85742,2539.0
85743,2549.0
85744,2555.1
85745,2557.9
