data/raw/Flight9/H2O_POLAR6_20150420_R1_L2_NETCARE.ict
34, 1001
Bozem, Heiko; Hoor, Peter
Institute for Atmospheric Physics, Johannes Gutenberg University, Mainz, Germany
H2O mixing ratio from LI7200 CO2/H2O analyzer
NETCARE Polar 6 Campaign 2015
1, 1
2015, 04, 20, 2016, 01, 22
1
Time_UTC, seconds
1
1
-9999.9
H2O_ppmv, ppmv
0
19
PI_CONTACT_INFO: Address: Johann-Joachim-Becherweg 21, 55128 Mainz, email: bozemh@uni-mainz.de; hoor@uni-mainz.de
PLATFORM: Polar 6
LOCATION: GPS location and altitude available at 1 Hz resolution in separate file (See AIMMS files under Aircraft data and meteorology)
ASSOCIATED_DATA: N/A
INSTRUMENT_INFO: H2O measurements based on non-dispersive infrared absorption spectroscopy
DATA_INFO: Units are ppmv
UNCERTAINTY RELATIVE TO STANDARD: 18.5 ppmv or 2.5 %, whichever is greater, at 1 sigma confidence (before drift correction is applied)
ULOD_FLAG: -7777
ULOD_VALUE: N/A
LLOD_FLAG: -8888
LLOD_VALUE: N/A 
DM_CONTACT_INFO: N/A
PROJECT_INFO: NETCARE Polar 6 aircraft campaign in April 2015; Inuvik
STIPULATIONS_ON_USE: N/A
OTHER_COMMENTS: N/A
REVISION: R1
R0: Preliminary data, corrected for instrument drift
R1: Final data, corrected for instrument drift
Time_UTC,H2O_ppmv
[from data line 8592]
86961,4459.1
86962,4460.5
86963,4456.3
86964,4468.1
86965,4485.7
86966,4512.8
86967,4518.5
86968,4524.0
86969,4522.0
86970,4519.9
86971,4505.8
86972,4489.2
86973,4511.8
86974,4520.0
86975,4524.6
86976,4527.4
86977,4528.3
86978,4522.6
86979,4506.6
86980,4504.7
86981,4505.7
86982,4502.9
86983,4495.1
86984,4496.0
86985,4498.1
86986,4491.3
86987,4471.2
86988,4464.7
86989,4473.9
86990,4488.0
86991,4466.4
86992,4468.9
86993,4463.9
86994,4471.4
86995,4483.3
86996,4493.6
86997,4496.1
86998,4495.7
86999,4478.0
87000,4470.2
87001,4479.6
87002,4482.0
87003,4482.8
87004,4481.7
87005,4455.4
87006,4460.5
87007,4478.5
87008,4473.8
87009,4461.4
87010,4448.5
87011,4448.4
87012,4452.0
87013,4452.2
87014,4442.2
87015,4432.1
87016,4433.6
87017,4440.5
87018,4452.1
87019,4446.0
87020,4442.8
87021,4446.2
87022,4454.7
87023,4450.4
87024,4451.2
87025,4452.8
87026,4445.7
87027,4447.2
87028,4439.2
87029,4430.0
87030,4434.9
87031,4433.6
87032,4431.1
87033,4426.0
87034,4422.8
87035,4424.4
87036,4419.9
87037,4418.6
87038,4417.3
87039,4417.6
87040,4418.3
87041,4414.1
87042,4415.9
87043,4422.8
87044,4431.3
87045,4441.9
87046,4440.1
87047,4438.1
87048,4446.7
87049,4448.0
87050,4446.6
87051,4446.4
87052,4440.8
87053,4445.0
87054,4443.5
87055,4438.0
87056,4437.1
87057,4435.8
87058,4431.2
87059,4434.0
87060,4438.2
87061,4442.1
87062,4443.4
87063,4453.6
87064,4451.4
87065,4449.8
87066,4440.0
87067,4434.7
87068,4432.7
87069,4425.9
87070,4424.3
87071,4426.5
87072,4427.0
87073,4409.3
87074,4427.0
87075,4433.2
87076,4441.0
87077,4455.0
87078,4458.8
87079,4462.9
87080,4464.6
87081,4466.3
87082,4460.6
87083,4449.8
87084,4452.8
87085,4448.4
87086,4445.1
87087,4446.0
87088,4447.7
87089,4445.3
87090,4444.3
87091,4442.7
87092,4442.3
87093,4443.5
87094,4440.2
87095,4439.0
87096,4437.2
87097,4434.8
87098,4434.7
87099,4446.1
87100,4449.2
87101,4459.8
87102,4455.0
87103,4453.4
87104,4455.0
87105,4456.3
87106,4452.2
87107,4450.1
87108,4440.9
87109,4442.4
87110,4441.6
87111,4440.0
87112,4441.4
87113,4435.4
87114,4434.0
87115,4433.9
87116,4426.0
87117,4426.4
87118,4420.3
87119,4423.4
87120,4422.3
87121,4411.9
87122,4403.7
87123,4411.0
87124,4422.7
87125,4422.4
87126,4423.8
87127,4425.9
87128,4422.9
87129,4419.0
87130,4426.2
87131,4412.9
87132,4417.1
87133,4417.7
87134,4427.4
87135,4439.5
87136,4433.7
87137,4436.2
87138,4440.0
87139,4439.9
87140,4425.8
87141,4427.3
87142,4423.8
87143,4438.4
87144,4446.3
87145,4464.6
87146,4463.5
87147,4463.9
87148,4468.2
87149,4467.5
87150,4466.9
87151,4475.2
87152,4481.5
87153,4495.1
87154,4497.1
87155,4498.7
87156,4502.7
87157,4497.0
87158,4494.4
87159,4504.0
87160,4499.5
87161,4499.7
87162,4499.0
87163,4488.0
87164,4492.4
87165,4490.6
87166,4496.1
87167,4500.2
87168,4495.8
87169,4497.6
87170,4490.4
87171,4489.4
87172,4484.3
87173,4485.4
87174,4484.6
87175,4482.0
87176,4488.4
87177,4484.9
87178,4463.0
87179,4470.8
87180,4485.1
87181,4490.8
87182,4491.3
87183,4488.3
87184,4490.6
87185,4515.8
87186,4516.6
87187,4481.8
87188,4502.0
87189,4509.5
87190,4510.7
87191,4510.8
87192,4544.4
87193,4539.2
87194,4531.8
87195,4540.4
87196,4539.1
87197,4561.1
87198,4557.0
87199,4565.5
87200,4566.6
87201,4555.3
87202,4564.9
87203,4526.2
87204,4512.5
87205,4497.5
87206,4482.6
87207,4552.2
87208,4558.9
87209,4552.9
87210,4540.3
87211,4518.2
87212,4495.1
87213,4500.6
87214,4501.3
87215,4513.2
87216,4549.1
87217,4542.7
87218,4546.7
87219,4557.0
87220,4550.5
87221,4547.6
87222,4543.4
87223,4550.0
87224,4557.2
87225,4565.8
87226,4563.1
87227,4565.5
87228,4562.6
87229,4552.8
87230,4547.2
87231,4569.2
87232,4561.5
87233,4578.3
87234,4594.6
87235,4600.9
87236,4571.9
87237,4577.6
87238,4578.0
87239,4575.3
87240,4571.1
87241,4538.4
87242,4498.6
87243,4504.1
87244,4529.0
87245,4530.3
87246,4529.5
87247,4530.4
87248,4534.8
87249,4534.9
87250,4532.1
87251,4523.6
87252,4532.9
87253,4542.9
87254,4546.9
87255,4547.4
87256,4550.8
87257,4537.5
87258,4514.8
87259,4519.8
87260,4514.7
87261,4519.8
87262,4537.7
87263,4553.0
87264,4573.7
87265,4574.1
87266,4564.5
87267,4564.8
87268,4571.9
87269,4565.7
87270,4562.8
87271,4562.8
87272,4547.6
87273,4545.8
87274,4544.6
87275,4546.5
87276,4563.4
87277,4560.7
87278,4558.0
87279,4559.8
87280,4568.1
87281,4570.5
87282,4579.1
87283,4587.0
87284,4582.4
87285,4560.2
87286,4595.7
87287,4621.3
87288,4603.0
87289,4582.7
87290,4610.1
87291,4573.4
87292,4529.7
87293,4518.2
87294,4516.4
87295,4518.9
87296,4529.7
87297,4515.9
87298,4542.2
87299,4514.6
87300,4497.0
87301,4520.2
87302,4533.4
87303,4533.1
87304,4537.8
87305,4541.3
87306,4534.8
87307,4500.4
87308,4492.2
87309,4484.7
87310,4495.6
87311,4497.4
87312,4535.7
87313,4615.4
87314,4696.3
87315,4658.5
87316,4612.2
87317,4593.2
87318,4570.0
87319,4584.2
87320,4584.6
87321,4613.6
87322,4602.0
87323,4590.2
87324,4586.8
87325,4586.0
87326,4573.8
87327,4565.9
87328,4560.8
87329,4563.0
87330,4556.7
87331,4536.9
87332,4546.5
87333,4533.2
87334,4564.2
87335,4614.4
87336,4620.7
87337,4626.5
87338,4631.0
87339,4581.5
87340,4591.7
87341,4576.7
87342,4567.1
87343,4543.3
87344,4553.4
87345,4551.4
87346,4541.3
87347,4563.0
87348,4580.4
87349,4670.3
87350,4675.7
87351,4666.4
87352,4655.5
87353,4722.3
87354,4707.6
87355,4665.2
87356,4618.5
87357,4610.4
87358,4587.5
87359,4544.7
87360,4584.7
87361,4607.9
87362,4616.3
87363,4621.3
87364,4616.5
87365,4559.6
87366,4591.7
87367,4611.0
87368,4571.4
87369,4565.3
87370,4590.1
87371,4577.0
87372,4568.5
87373,4549.4
87374,4604.5
87375,4602.1
87376,4559.6
87377,4541.9
87378,4577.3
87379,4579.6
87380,4588.8
87381,4575.5
87382,4550.6
87383,4541.3
87384,4558.4
87385,4577.9
87386,4543.2
87387,4560.2
87388,4570.4
87389,4552.1
87390,4572.0
87391,4618.6
87392,4596.5
87393,4583.8
87394,4570.1
87395,4547.3
87396,4543.1
87397,4537.4
87398,4534.0
87399,4556.8
87400,4587.6
87401,4580.4
87402,4554.9
87403,4537.8
87404,4533.8
87405,4538.1
87406,4526.6
87407,4532.9
87408,4519.4
87409,4540.5
87410,4673.7
87411,4597.8
87412,4556.3
87413,4528.1
87414,-9999.9
87415,-9999.9
87416,-9999.9
87417,-9999.9
87418,-9999.9
87419,-9999.9
87420,-9999.9
87421,-9999.9
87422,-9999.9
87423,-9999.9
87424,-9999.9
87425,-9999.9
87426,-9999.9
87427,-9999.9
87428,-9999.9
87429,-9999.9
87430,-9999.9
87431,-9999.9
87432,-9999.9
87433,-9999.9
87434,-9999.9
87435,-9999.9
87436,-9999.9
87437,-9999.9
87438,-9999.9
87439,-9999.9
87440,-9999.9
87441,-9999.9
87442,-9999.9
87443,-9999.9
87444,-9999.9
87445,-9999.9
87446,-9999.9
87447,-9999.9
87448,-9999.9
87449,-9999.9
87450,-9999.9
87451,-9999.9
87452,-9999.9
87453,-9999.9
87454,-9999.9
87455,-9999.9
87456,-9999.9
87457,-9999.9
87458,-9999.9
87459,-9999.9
87460,-9999.9
87461,-9999.9
87462,-9999.9
87463,-9999.9
87464,-9999.9
87465,-9999.9
87466,-9999.9
87467,-9999.9
87468,-9999.9
87469,-9999.9
87470,-9999.9
87471,-9999.9
87472,-9999.9
87473,-9999.9
87474,-9999.9
87475,-9999.9
87476,-9999.9
87477,-9999.9
87478,-9999.9
87479,-9999.9
87480,-9999.9
87481,-9999.9
87482,-9999.9
87483,-9999.9
87484,-9999.9
87485,-9999.9
87486,-9999.9
87487,-9999.9
87488,-9999.9
87489,-9999.9
87490,-9999.9
87491,-9999.9
87492,-9999.9
87493,-9999.9
87494,-9999.9
87495,-9999.9
87496,-9999.9
87497,-9999.9
87498,-9999.9
87499,-9999.9
87500,-9999.9
87501,-9999.9
87502,-9999.9
87503,-9999.9
87504,-9999.9
87505,-9999.9
87506,-9999.9
87507,-9999.9
87508,-9999.9
87509,-9999.9
87510,-9999.9
87511,-9999.9
87512,-9999.9
87513,-9999.9
87514,-9999.9
87515,-9999.9
87516,-9999.9
87517,-9999.9
87518,-9999.9
87519,-9999.9
87520,-9999.9
87521,-9999.9
87522,-9999.9
87523,-9999.9
87524,-9999.9
87525,-9999.9
87526,-9999.9
87527,-9999.9
87528,-9999.9
87529,-9999.9
87530,-9999.9
87531,-9999.9
87532,-9999.9
87533,-9999.9
87534,-9999.9
87535,-9999.9
87536,-9999.9
87537,-9999.9
87538,-9999.9
87539,-9999.9
87540,-9999.9
87541,-9999.9
87542,-9999.9
87543,-9999.9
87544,-9999.9
87545,-9999.9
87546,-9999.9
87547,-9999.9
87548,-9999.9
87549,-9999.9
87550,-9999.9
87551,-9999.9
87552,-9999.9
87553,-9999.9
87554,-9999.9
87555,-9999.9
87556,-9999.9
87557,-9999.9
87558,-9999.9
87559,-9999.9
87560,-9999.9
87561,-9999.9
87562,-9999.9
87563,-9999.9
87564,-9999.9
87565,-9999.9
87566,-9999.9
87567,-9999.9
87568,-9999.9
87569,-9999.9
87570,-9999.9
87571,-9999.9
87572,-9999.9
87573,-9999.9
87574,-9999.9
87575,-9999.9
87576,-9999.9
87577,-9999.9
87578,-9999.9
87579,-9999.9
87580,-9999.9
87581,-9999.9
87582,-9999.9
87583,-9999.9
87584,-9999.9
87585,-9999.9
87586,-9999.9
87587,-9999.9
87588,-9999.9
87589,-9999.9
87590,-9999.9
87591,-9999.9
87592,-9999.9
87593,-9999.9
87594,-9999.9
87595,-9999.9
87596,-9999.9
87597,-9999.9
87598,-9999.9
87599,-9999.9
87600,-9999.9
87601,-9999.9
87602,-9999.9
87603,-9999.9
87604,-9999.9
87605,-9999.9
87606,-9999.9
87607,-9999.9
87608,-9999.9
87609,-9999.9
87610,-9999.9
87611,-9999.9
87612,-9999.9
87613,-9999.9
87614,-9999.9
87615,-9999.9
87616,-9999.9
87617,-9999.9
87618,-9999.9
87619,-9999.9
87620,-9999.9
87621,-9999.9
87622,-9999.9
87623,-9999.9
87624,-9999.9
87625,4639.4
87626,4633.5
87627,4636.3
87628,4632.1
87629,4627.7
87630,4630.1
87631,4681.9
87632,4683.7
87633,4663.1
87634,4662.5
87635,4647.5
87636,4630.6
87637,4611.6
87638,4604.0
87639,4603.6
87640,4599.6
87641,4606.8
87642,4620.5
87643,4628.1
87644,4602.8
87645,4641.6
87646,4675.7
87647,4666.5
87648,4681.4
87649,4658.9
87650,4638.0
87651,4651.7
87652,4651.5
87653,4600.9
87654,4563.8
87655,4579.7
87656,4644.1
87657,4638.0
87658,4629.8
87659,4586.6
87660,4573.7
87661,4576.8
87662,4563.6
87663,4579.4
87664,4565.6
87665,4618.1
87666,4559.0
87667,4581.3
87668,4645.7
87669,4646.5
87670,4643.0
87671,4636.0
87672,4626.1
87673,4614.9
87674,4617.4
87675,4632.2
87676,4640.3
87677,4614.3
87678,4633.2
87679,4655.9
87680,4665.7
87681,4669.1
87682,4665.5
87683,4649.8
87684,4632.4
87685,4626.5
87686,4592.7
87687,4608.2
87688,4621.6
87689,4628.8
87690,4632.9
87691,4605.4
87692,4595.4
87693,4594.6
87694,4656.7
87695,4652.1
87696,4644.8
87697,4638.0
87698,4634.4
87699,4629.8
87700,4623.9
87701,4624.5
87702,4669.2
87703,4670.3
87704,4636.8
87705,4645.5
87706,4646.1
87707,4663.3
87708,4679.2
87709,4674.5
87710,4671.3
87711,4669.9
87712,4657.6
87713,4644.2
87714,4635.9
87715,4623.1
87716,4622.4
87717,4617.3
87718,4616.0
87719,4614.5
87720,4618.3
87721,4603.3
87722,4628.3
87723,4637.3
87724,4629.4
87725,4644.4
87726,4648.5
87727,4646.5
87728,4642.8
87729,4629.8
87730,4629.5
87731,4648.1
87732,4635.8
87733,4640.4
87734,4641.9
87735,4640.7
87736,4643.3
87737,4640.1
87738,4628.8
87739,4624.7
87740,4634.4
87741,4629.7
87742,4631.3
87743,4637.6
87744,4632.6
87745,4622.9
87746,4627.5
87747,4624.7
87748,4650.8
87749,4662.6
87750,4705.2
87751,4723.7
87752,4709.2
87753,4704.5
87754,4693.9
87755,4679.5
87756,4676.8
87757,4669.7
87758,4653.9
87759,4644.8
87760,4647.3
87761,4647.8
87762,4644.8
87763,4679.6
87764,4711.0
87765,4709.1
87766,4707.3
87767,4712.9
87768,4698.6
87769,4694.1
87770,4673.2
87771,4650.6
87772,4652.3
87773,4649.7
87774,4656.7
87775,4642.6
87776,4644.4
87777,4656.0
87778,4648.3
87779,4645.2
87780,4701.1
87781,4713.9
87782,4716.0
87783,4720.6
87784,4722.4
87785,4701.0
87786,4694.4
87787,4716.8
87788,4723.2
87789,4711.7
87790,4709.4
87791,4708.7
87792,4711.0
87793,4709.3
87794,4707.5
87795,4707.0
87796,4690.0
87797,4683.0
87798,4682.1
87799,4677.0
87800,4677.1
87801,4671.5
87802,4669.6
87803,4672.4
87804,4667.2
87805,4668.2
87806,4669.7
87807,4672.1
87808,4672.8
87809,4668.3
87810,4668.6
87811,4668.4
87812,4671.6
87813,4671.2
87814,4675.2
87815,4677.3
87816,4676.4
87817,4680.5
87818,4680.3
87819,4684.6
87820,4676.8
87821,4671.0
87822,4674.2
87823,4683.3
87824,4688.0
87825,4699.6
87826,4692.5
87827,4695.4
87828,4713.8
87829,4691.6
87830,4702.0
87831,4730.3
87832,4739.1
87833,4747.1
87834,4755.3
87835,4752.9
87836,4757.3
87837,4810.9
87838,4870.6
87839,4932.7
87840,4949.0
87841,4926.6
87842,4901.1
87843,4884.7
87844,4885.1
87845,4923.6
87846,4918.0
87847,4917.9
87848,4934.7
87849,4927.2
87850,4928.7
87851,4915.4
87852,4914.5
87853,4911.9
87854,4906.4
87855,4904.3
87856,4904.6
87857,4901.9
87858,4904.4
87859,4901.7
87860,4901.3
87861,4893.4
87862,4873.7
87863,4867.4
87864,4875.6
87865,4870.9
87866,4874.6
87867,4887.4
87868,4890.6
87869,4892.1
87870,4869.7
87871,4856.4
87872,4852.6
87873,4842.6
87874,4836.3
87875,4838.2
87876,4830.5
87877,4819.8
87878,4809.4
87879,4802.9
87880,4799.5
87881,4798.3
87882,4789.3
87883,4781.8
87884,4777.6
87885,4783.6
87886,4792.1
87887,4794.7
87888,4792.0
87889,4793.7
87890,4804.3
87891,4798.3
87892,4791.9
87893,4792.9
87894,4805.5
87895,4806.4
87896,4810.3
87897,4795.2
87898,4793.1
87899,4816.2
87900,4829.4
87901,4811.7
87902,4824.6
87903,4842.5
87904,4842.3
87905,4841.5
87906,4837.0
87907,4833.4
87908,4832.9
87909,4831.7
87910,4812.5
87911,4815.9
87912,4828.5
87913,4811.4
87914,4814.8
87915,4817.5
87916,4806.7
87917,4795.0
87918,4784.2
87919,4791.9
87920,4782.8
87921,4785.3
87922,4793.2
87923,4794.2
87924,4794.5
87925,4803.4
87926,4808.1
87927,4812.7
87928,4805.6
87929,4801.3
87930,4796.6
87931,4794.2
87932,4788.4
87933,4783.3
87934,4781.2
87935,4780.4
87936,4778.6
87937,4776.9
87938,4777.7
87939,4777.4
87940,4778.6
87941,4779.6
87942,4782.3
87943,4780.1
87944,4781.7
87945,4784.8
87946,4799.5
87947,4841.1
87948,4848.5
87949,4848.1
87950,4881.6
87951,4880.7
87952,4871.9
87953,4873.7
87954,4898.5
87955,4875.6
87956,4852.5
87957,4821.0
87958,4783.3
87959,4755.5
87960,4748.7
87961,4735.2
87962,4728.6
87963,4724.3
87964,4724.6
87965,4724.6
87966,4722.5
87967,4719.4
87968,4721.0
87969,4717.5
87970,4717.5
87971,4715.5
87972,4712.2
87973,4705.2
87974,4701.6
87975,4698.1
87976,4701.1
87977,4704.1
87978,4699.1
87979,4700.0
87980,4690.4
87981,4698.6
87982,4708.1
87983,4705.9
87984,4699.1
87985,4690.9
87986,4687.5
87987,4687.6
87988,4686.4
87989,4685.6
87990,4687.5
87991,4686.4
87992,4689.1
87993,4687.5
87994,4686.2
87995,4684.9
87996,4686.5
87997,4685.8
87998,4685.0
87999,4686.6
88000,4684.8
88001,4685.7
88002,4686.1
88003,4685.4
88004,4686.2
88005,4684.2
88006,4684.2
88007,4684.4
88008,4682.3
88009,4684.2
88010,4683.7
88011,4684.6
88012,4681.4
88013,4679.4
88014,4679.9
88015,4681.2
88016,4681.4
88017,4682.7
88018,4686.0
88019,4687.8
88020,4691.9
88021,4700.2
88022,4709.3
88023,4705.5
88024,4717.3
88025,4753.2
88026,4795.2
88027,4772.7
88028,4786.9
88029,4830.2
88030,4812.8
88031,4835.6
88032,4837.4
88033,4842.7
88034,4854.2
88035,4851.6
88036,4844.5
88037,4856.3
88038,4858.5
88039,4860.7
88040,4870.5
88041,4856.0
88042,4872.7
88043,4875.9
88044,4864.8
88045,4871.3
88046,4876.2
88047,4872.4
88048,4872.6
88049,4871.2
88050,4872.9
88051,4875.3
88052,4876.7
88053,4875.9
88054,4871.8
88055,4870.9
88056,4869.7
88057,4868.9
88058,4863.5
88059,4865.2
88060,4865.3
88061,4862.9
88062,4860.9
88063,4860.6
88064,4859.7
88065,4855.2
88066,4852.4
88067,4849.4
88068,4849.0
88069,4849.4
88070,4847.7
88071,4848.7
88072,4848.1
88073,4848.9
88074,4852.1
88075,4850.1
88076,4849.5
88077,4849.1
88078,4852.0
88079,4850.3
88080,4852.6
88081,4860.7
88082,4859.5
88083,4858.5
88084,4853.6
88085,4843.8
88086,4840.4
88087,4835.2
88088,4834.9
88089,4834.1
88090,4832.4
88091,4829.7
88092,4829.0
88093,4825.8
88094,4824.9
88095,4824.1
88096,4818.7
88097,4814.2
88098,4811.1
88099,4807.8
88100,4807.0
88101,4803.9
88102,4800.9
88103,4795.9
88104,4794.9
88105,4797.7
88106,4801.0
88107,4800.2
88108,4798.4
88109,4795.6
88110,4817.1
88111,4821.5
88112,4820.1
88113,4852.0
88114,4821.4
88115,4806.5
88116,4799.9
88117,4793.7
88118,4796.2
88119,4796.7
88120,4801.1
88121,4806.5
88122,4809.0
88123,4818.9
88124,4825.4
88125,4827.9
88126,4832.3
88127,4836.1
88128,4837.1
88129,4838.2
88130,4837.7
88131,4837.6
88132,4839.7
88133,4837.4
88134,4828.7
88135,4825.5
88136,4839.5
88137,4842.1
88138,4848.8
88139,4847.9
88140,4859.4
88141,4871.1
88142,4876.6
88143,4878.2
88144,4879.0
88145,4881.8
88146,4877.1
88147,4876.8
88148,4873.8
88149,4874.3
88150,4872.4
88151,4868.1
88152,4866.4
88153,4865.1
88154,4860.9
88155,4856.3
88156,4856.3
88157,4856.3
88158,4851.5
88159,4853.9
88160,4858.4
88161,4853.6
88162,4855.4
88163,4853.8
88164,4848.3
88165,4838.0
88166,4841.1
88167,4845.2
88168,4836.7
88169,4825.6
88170,4815.1
88171,4812.7
88172,4805.1
88173,4820.9
88174,4827.6
