data/raw/Flight9/H2O_POLAR6_20150420_R1_L2_NETCARE.ict
34, 1001
Bozem, Heiko; Hoor, Peter
Institute for Atmospheric Physics, Johannes Gutenberg University, Mainz, Germany
H2O mixing ratio from LI7200 CO2/H2O analyzer
NETCARE Polar 6 Campaign 2015
1, 1
2015, 04, 20, 2016, 01, 22
1
Time_UTC, seconds
1
1
-9999.9
H2O_ppmv, ppmv
0
19
PI_CONTACT_INFO: Address: Johann-Joachim-Becherweg 21, 55128 Mainz, email: bozemh@uni-mainz.de; hoor@uni-mainz.de
PLATFORM: Polar 6
LOCATION: GPS location and altitude available at 1 Hz resolution in separate file (See AIMMS files under Aircraft data and meteorology)
ASSOCIATED_DATA: N/A
INSTRUMENT_INFO: H2O measurements based on non-dispersive infrared absorption spectroscopy
DATA_INFO: Units are ppmv
UNCERTAINTY RELATIVE TO STANDARD: 18.5 ppmv or 2.5 %, whichever is greater, at 1 sigma confidence (before drift correction is applied)
ULOD_FLAG: -7777
ULOD_VALUE: N/A
LLOD_FLAG: -8888
LLOD_VALUE: N/A 
DM_CONTACT_INFO: N/A
PROJECT_INFO: NETCARE Polar 6 aircraft campaign in April 2015; Inuvik
STIPULATIONS_ON_USE: N/A
OTHER_COMMENTS: N/A
REVISION: R1
R0: Preliminary data, corrected for instrument drift
R1: Final data, corrected for instrument drift
Time_UTC,H2O_ppmv
[from data line 3644]
82013,4549.9
82014,4547.9
82015,4539.0
82016,4513.1
82017,4485.9
82018,4447.1
82019,4418.9
82020,4414.5
82021,4398.5
82022,4388.1
82023,4387.1
82024,4389.4
82025,4396.2
82026,4405.9
82027,4405.3
82028,4406.7
82029,4402.5
82030,4400.4
82031,4398.9
82032,4399.8
82033,4399.5
82034,4401.1
82035,4402.4
82036,4404.3
82037,4404.4
82038,4392.0
82039,4386.4
82040,4386.4
82041,4384.0
82042,4384.9
82043,4384.4
82044,4383.9
82045,4386.7
82046,4385.6
82047,4383.4
82048,4382.8
82049,4383.4
82050,4384.2
82051,4383.2
82052,4382.7
82053,4382.9
82054,4382.6
82055,4383.5
82056,4386.9
82057,4384.1
82058,4382.4
82059,4381.4
82060,4383.4
82061,4382.2
82062,4383.4
82063,4383.3
82064,4384.8
82065,4384.3
82066,4383.2
82067,4383.1
82068,4382.6
82069,4383.1
82070,4382.3
82071,4383.9
82072,4382.6
82073,4380.0
82074,4382.0
82075,4382.0
82076,4381.9
82077,4382.3
82078,4380.7
82079,4379.0
82080,4379.3
82081,4377.1
82082,4376.9
82083,4377.2
82084,4377.1
82085,4377.0
82086,4376.7
82087,4376.3
82088,4377.4
82089,4376.8
82090,4377.4
82091,4376.8
82092,4377.7
82093,4377.1
82094,4376.3
82095,4378.0
82096,4377.5
82097,4374.8
82098,4374.5
82099,4374.2
82100,4374.2
82101,4372.2
82102,4373.7
82103,4373.1
82104,4374.3
82105,4374.8
82106,4377.2
82107,4379.5
82108,4380.4
82109,4377.1
82110,4375.6
82111,4377.0
82112,4376.7
82113,4379.4
82114,4381.7
82115,4383.3
82116,4385.0
82117,4382.8
82118,4378.9
82119,4373.4
82120,4367.0
82121,4369.0
82122,4367.5
82123,4364.6
82124,4364.8
82125,4357.2
82126,4332.8
82127,4316.0
82128,4310.2
82129,4293.4
82130,4287.3
82131,4286.0
82132,4282.4
82133,4276.5
82134,4272.0
82135,4271.5
82136,4269.5
82137,4267.1
82138,4265.7
82139,4266.7
82140,4265.1
82141,4261.4
82142,4262.4
82143,4262.4
82144,4261.5
82145,4258.1
82146,4255.0
82147,4246.5
82148,4242.0
82149,4238.0
82150,4232.2
82151,4221.9
82152,4209.8
82153,4204.5
82154,4200.2
82155,4199.9
82156,4198.1
82157,4199.4
82158,4195.8
82159,4194.9
82160,4196.4
82161,4194.9
82162,4195.2
82163,4194.8
82164,4197.1
82165,4199.8
82166,4201.6
82167,4201.0
82168,4202.8
82169,4204.2
82170,4206.7
82171,4204.5
82172,4205.0
82173,4202.2
82174,4194.6
82175,4181.7
82176,4164.3
82177,4140.5
82178,4096.1
82179,4061.8
82180,4022.4
82181,3992.2
82182,3981.6
82183,3952.0
82184,3936.5
82185,3921.2
82186,3921.2
82187,3901.9
82188,3907.3
82189,3902.0
82190,3904.7
82191,3904.0
82192,3887.8
82193,3877.2
82194,3858.6
82195,3846.9
82196,3861.9
82197,3879.5
82198,3860.6
82199,3838.3
82200,3848.1
82201,3838.3
82202,3843.8
82203,3852.6
82204,3832.2
82205,3828.0
82206,3814.7
82207,3810.5
82208,3801.0
82209,3800.5
82210,3799.5
82211,3792.2
82212,3789.3
82213,3785.0
82214,3772.1
82215,3753.5
82216,3754.2
82217,3746.5
82218,3741.8
82219,3715.6
82220,3697.5
82221,3694.5
82222,3681.8
82223,3637.9
82224,3640.2
82225,3640.0
82226,3632.3
82227,3616.7
82228,3598.2
82229,3562.7
82230,3569.2
82231,3575.4
82232,3576.2
82233,3587.8
82234,3577.6
82235,3586.6
82236,3596.9
82237,3595.5
82238,3588.8
82239,3588.8
82240,3586.9
82241,3595.2
82242,3595.9
82243,3595.8
82244,3601.6
82245,3601.8
82246,3601.9
82247,3588.7
82248,3590.5
82249,3591.1
82250,3606.1
82251,3611.5
82252,3612.5
82253,3622.7
82254,3631.3
82255,3632.4
82256,3626.9
82257,3618.5
82258,3613.1
82259,3615.7
82260,3617.3
82261,3626.9
82262,3627.7
82263,3631.2
82264,3632.1
82265,3637.5
82266,3642.4
82267,3640.4
82268,3652.3
82269,3652.3
82270,3645.8
82271,3648.8
82272,3648.0
82273,3650.7
82274,3657.6
82275,3659.7
82276,3663.6
82277,3666.5
82278,3664.2
82279,3668.1
82280,3667.9
82281,3666.1
82282,3653.7
82283,3654.6
82284,3657.1
82285,3650.8
82286,3649.6
82287,3639.5
82288,3647.7
82289,3657.1
82290,3646.8
82291,3645.0
82292,3653.2
82293,3636.4
82294,3628.5
82295,3632.5
82296,3634.4
82297,3639.6
82298,3640.7
82299,3646.0
82300,3651.5
82301,3656.8
82302,3663.5
82303,3675.2
82304,3684.8
82305,3685.1
82306,3686.4
82307,3688.7
82308,3683.6
82309,3673.7
82310,3669.8
82311,3660.1
82312,3642.9
82313,3632.5
82314,3616.9
82315,3610.6
82316,3602.8
82317,3595.3
82318,3590.5
82319,3589.9
82320,3586.6
82321,3585.1
82322,3585.9
82323,3585.4
82324,3585.1
82325,3580.8
82326,3572.5
82327,3562.8
82328,3557.4
82329,3550.2
82330,3541.0
82331,3511.4
82332,3491.0
82333,3487.9
82334,3476.0
82335,3422.7
82336,3361.1
82337,3335.3
82338,3301.4
82339,3280.4
82340,3266.3
82341,3263.4
82342,3266.3
82343,3254.6
82344,3244.6
82345,3238.8
82346,3239.1
82347,3236.2
82348,3233.1
82349,3229.5
82350,3211.2
82351,3216.7
82352,3196.3
82353,3182.5
82354,3188.7
82355,3186.4
82356,3177.3
82357,3151.5
82358,3114.4
82359,3084.9
82360,3039.1
82361,2978.5
82362,2928.4
82363,2892.7
82364,2839.5
82365,2816.0
82366,2820.3
82367,2825.8
82368,2822.1
82369,2813.4
82370,2782.4
82371,2787.0
82372,2786.4
82373,2789.0
82374,2799.8
82375,2799.6
82376,2807.6
82377,2815.3
82378,2832.6
82379,2852.7
82380,2870.3
82381,2872.7
82382,2884.0
82383,2855.1
82384,2852.9
82385,2828.1
82386,2773.5
82387,2740.2
82388,2735.6
82389,2740.1
82390,2743.2
82391,2740.9
82392,2725.4
82393,2716.7
82394,2698.0
82395,2715.2
82396,2678.7
82397,2667.7
82398,2675.0
82399,2660.1
82400,2651.9
82401,2661.9
82402,2668.2
82403,2661.2
82404,2674.6
82405,2659.4
82406,2670.0
82407,2668.4
82408,2622.2
82409,2626.8
82410,2625.0
82411,2615.2
82412,2614.2
82413,2622.5
82414,2620.3
82415,2620.7
82416,2621.7
82417,2592.3
82418,2568.1
82419,2556.6
82420,2542.7
82421,2543.4
82422,2533.0
82423,2530.1
82424,2526.7
82425,2523.5
82426,2519.1
82427,2514.2
82428,2517.3
82429,2518.5
82430,2521.7
82431,2519.3
82432,2518.2
82433,2518.9
82434,2521.2
82435,2524.3
82436,2529.0
82437,2532.0
82438,2568.9
82439,2595.3
82440,2599.4
82441,2596.1
82442,2609.3
82443,2611.8
82444,2619.9
82445,2627.4
82446,2631.8
82447,2587.3
82448,2592.0
82449,2560.5
82450,2569.5
82451,2579.4
82452,2611.3
82453,2687.3
82454,2697.9
82455,2678.8
82456,2676.9
82457,2681.3
82458,2649.8
82459,2645.7
82460,2653.9
82461,2660.7
82462,2650.7
82463,2679.8
82464,2677.6
82465,2684.7
82466,2699.9
82467,2703.8
82468,2700.2
82469,2703.9
82470,2700.2
82471,2684.1
82472,2644.0
82473,2589.4
82474,2543.0
82475,2513.9
82476,2499.0
82477,2524.0
82478,2518.3
82479,2491.1
82480,2453.1
82481,2424.6
82482,2417.3
82483,2427.9
82484,2396.9
82485,2391.1
82486,2428.3
82487,2397.9
82488,2443.8
82489,2448.5
82490,2424.1
82491,2405.4
82492,2443.0
82493,2433.9
82494,2402.4
82495,2377.1
82496,2398.4
82497,2400.7
82498,-9999.9
82499,-9999.9
82500,-9999.9
82501,-9999.9
82502,-9999.9
82503,-9999.9
82504,-9999.9
82505,-9999.9
82506,-9999.9
82507,-9999.9
82508,-9999.9
82509,-9999.9
82510,-9999.9
82511,-9999.9
82512,-9999.9
82513,-9999.9
82514,-9999.9
82515,-9999.9
82516,-9999.9
82517,-9999.9
82518,-9999.9
82519,-9999.9
82520,-9999.9
82521,-9999.9
82522,-9999.9
82523,-9999.9
82524,-9999.9
82525,-9999.9
82526,-9999.9
82527,-9999.9
82528,-9999.9
82529,-9999.9
82530,-9999.9
82531,-9999.9
82532,-9999.9
82533,-9999.9
82534,-9999.9
82535,-9999.9
82536,-9999.9
82537,-9999.9
82538,-9999.9
82539,-9999.9
82540,-9999.9
82541,-9999.9
82542,-9999.9
82543,-9999.9
82544,-9999.9
82545,-9999.9
82546,-9999.9
82547,-9999.9
82548,-9999.9
82549,-9999.9
82550,-9999.9
82551,-9999.9
82552,-9999.9
82553,-9999.9
82554,-9999.9
82555,-9999.9
82556,-9999.9
82557,-9999.9
82558,-9999.9
82559,-9999.9
82560,-9999.9
82561,-9999.9
82562,-9999.9
82563,-9999.9
82564,-9999.9
82565,-9999.9
82566,-9999.9
82567,-9999.9
82568,-9999.9
82569,-9999.9
82570,-9999.9
82571,-9999.9
82572,-9999.9
82573,-9999.9
82574,-9999.9
82575,-9999.9
82576,-9999.9
82577,-9999.9
82578,-9999.9
82579,-9999.9
82580,-9999.9
82581,-9999.9
82582,-9999.9
82583,-9999.9
82584,-9999.9
82585,-9999.9
82586,-9999.9
82587,-9999.9
82588,-9999.9
82589,-9999.9
82590,-9999.9
82591,-9999.9
82592,-9999.9
82593,-9999.9
82594,-9999.9
82595,-9999.9
82596,-9999.9
82597,-9999.9
82598,-9999.9
82599,-9999.9
82600,-9999.9
82601,-9999.9
82602,-9999.9
82603,-9999.9
82604,-9999.9
82605,-9999.9
82606,-9999.9
82607,-9999.9
82608,-9999.9
82609,-9999.9
82610,-9999.9
82611,-9999.9
82612,-9999.9
82613,-9999.9
82614,-9999.9
82615,-9999.9
82616,-9999.9
82617,-9999.9
82618,-9999.9
82619,-9999.9
82620,-9999.9
82621,-9999.9
82622,-9999.9
82623,-9999.9
82624,-9999.9
82625,-9999.9
82626,-9999.9
82627,-9999.9
82628,-9999.9
82629,-9999.9
82630,-9999.9
82631,-9999.9
82632,-9999.9
82633,-9999.9
82634,-9999.9
82635,-9999.9
82636,-9999.9
82637,-9999.9
82638,-9999.9
82639,-9999.9
82640,-9999.9
82641,-9999.9
82642,-9999.9
82643,-9999.9
82644,-9999.9
82645,-9999.9
82646,-9999.9
82647,-9999.9
82648,-9999.9
82649,-9999.9
82650,-9999.9
82651,-9999.9
82652,-9999.9
82653,-9999.9
82654,-9999.9
82655,-9999.9
82656,-9999.9
82657,-9999.9
82658,-9999.9
82659,-9999.9
82660,-9999.9
82661,-9999.9
82662,-9999.9
82663,-9999.9
82664,-9999.9
82665,-9999.9
82666,-9999.9
82667,-9999.9
82668,-9999.9
82669,-9999.9
82670,-9999.9
82671,-9999.9
82672,-9999.9
82673,-9999.9
82674,-9999.9
82675,-9999.9
82676,-9999.9
82677,-9999.9
82678,-9999.9
82679,-9999.9
82680,-9999.9
82681,-9999.9
82682,-9999.9
82683,-9999.9
82684,-9999.9
82685,-9999.9
82686,-9999.9
82687,-9999.9
82688,-9999.9
82689,-9999.9
82690,-9999.9
82691,-9999.9
82692,-9999.9
82693,-9999.9
82694,-9999.9
82695,-9999.9
82696,-9999.9
82697,-9999.9
82698,-9999.9
82699,-9999.9
82700,-9999.9
82701,-9999.9
82702,-9999.9
82703,-9999.9
82704,-9999.9
82705,-9999.9
82706,-9999.9
82707,-9999.9
82708,-9999.9
82709,2292.8
82710,2291.7
82711,2294.9
82712,2292.8
82713,2291.4
82714,2296.2
82715,2298.2
82716,2297.6
82717,2300.8
82718,2299.5
82719,2302.2
82720,2300.1
82721,2301.6
82722,2302.5
82723,2303.8
82724,2304.4
82725,2302.2
82726,2297.2
82727,2299.6
82728,2294.2
82729,2289.5
82730,2293.3
82731,2289.0
82732,2284.6
82733,2275.4
82734,2268.4
82735,2263.5
82736,2258.1
82737,2253.7
82738,2249.2
82739,2246.0
82740,2241.3
82741,2244.5
82742,2242.7
82743,2238.9
82744,2237.6
82745,2236.6
82746,2235.3
82747,2236.4
82748,2233.0
82749,2230.2
82750,-9999.9
82751,-9999.9
82752,2225.7
82753,2226.7
82754,2225.3
82755,2231.8
82756,2231.4
82757,2239.1
82758,2229.4
82759,2224.8
82760,2223.0
82761,2217.4
82762,2216.1
82763,2215.0
82764,2216.0
82765,2219.7
82766,2221.2
82767,2213.3
82768,2207.3
82769,2207.5
82770,2195.9
82771,2197.4
82772,2204.2
82773,2202.5
82774,2211.2
82775,2236.0
82776,2245.7
82777,2249.3
82778,2250.1
82779,2230.3
82780,2203.8
82781,2174.1
82782,2173.2
82783,2182.2
82784,2192.8
82785,2201.4
82786,2202.0
82787,2200.4
82788,2188.6
82789,2186.8
82790,2192.0
82791,2190.4
82792,2186.8
82793,2185.4
82794,2190.3
82795,2197.2
82796,2204.4
82797,2208.9
82798,2209.4
82799,2209.8
82800,2215.9
82801,2216.3
82802,2218.6
82803,2224.6
82804,2234.4
82805,2230.4
82806,2233.7
82807,2243.0
82808,2275.5
82809,2274.4
82810,2253.2
82811,2238.4
82812,2199.9
82813,2190.8
82814,2186.7
82815,2186.5
82816,2184.1
82817,2187.1
82818,2180.0
82819,2176.3
82820,2178.5
82821,2187.9
82822,2192.7
82823,2199.6
82824,2191.7
82825,2192.9
82826,2200.7
82827,2210.5
82828,2234.3
82829,2263.0
82830,2273.7
82831,2270.8
82832,2255.0
82833,2227.4
82834,2223.2
82835,2219.5
82836,2219.8
82837,2224.3
82838,2236.4
82839,2255.0
82840,2265.7
82841,2273.3
82842,2286.2
82843,2301.0
82844,2302.2
82845,2301.4
82846,2295.2
82847,2302.4
82848,2311.0
82849,2312.3
82850,2308.3
82851,2310.1
82852,2309.4
82853,2307.3
82854,2312.3
82855,2308.6
82856,2325.4
82857,2314.0
82858,2310.6
82859,2310.2
82860,2314.7
82861,2315.7
82862,2309.4
82863,2311.6
82864,2318.2
82865,2325.7
82866,2310.4
82867,2295.8
82868,2299.8
82869,2301.9
82870,2298.5
82871,2287.4
82872,2286.6
82873,2291.0
82874,2278.8
82875,2264.2
82876,2273.1
82877,2269.2
82878,2248.4
82879,2262.2
82880,2266.8
82881,2251.6
82882,2249.0
82883,2258.3
82884,2248.9
82885,2239.6
82886,2261.4
82887,2262.3
82888,2249.2
82889,2255.6
82890,2253.4
82891,2249.6
82892,2239.3
82893,2235.5
82894,2224.4
82895,2234.0
82896,2240.1
82897,2232.5
82898,2230.7
82899,2231.7
82900,2221.0
82901,2218.9
82902,2213.6
82903,2211.5
82904,2207.3
82905,2202.3
82906,2200.9
82907,2199.1
82908,-9999.9
82909,-9999.9
82910,-9999.9
82911,2185.1
82912,2181.1
82913,2179.1
82914,2177.1
82915,2167.9
82916,2165.8
82917,2168.8
82918,2164.3
82919,2170.0
82920,2180.8
82921,2174.1
82922,2173.3
82923,2184.8
82924,2190.4
82925,2194.6
82926,2196.6
82927,2203.9
82928,2202.1
82929,2204.7
82930,2212.0
82931,2222.3
82932,2217.9
82933,2223.4
82934,2230.9
82935,2236.6
82936,2240.7
82937,2240.9
82938,2241.5
82939,2239.2
82940,2244.2
82941,2250.5
82942,2248.9
82943,2252.2
82944,2249.0
82945,2249.8
82946,2245.6
82947,2248.3
82948,2243.2
82949,2247.3
82950,2243.1
82951,2238.6
82952,2238.1
82953,2236.2
82954,2240.8
82955,2242.7
82956,2246.1
82957,2249.1
82958,2253.7
82959,2255.3
82960,2254.1
82961,2255.5
82962,2255.7
82963,2256.9
82964,2262.5
82965,2264.9
82966,2264.7
82967,2265.9
82968,2265.6
82969,2269.2
82970,2269.2
82971,2269.5
82972,2269.5
82973,2269.1
82974,2266.0
82975,2267.0
82976,2270.3
82977,2270.2
82978,2269.5
82979,2271.0
82980,2274.0
82981,2280.4
82982,2286.5
82983,2247.6
82984,2104.0
82985,1734.4
82986,1584.0
82987,1506.8
82988,1438.7
82989,1377.2
82990,1354.8
82991,1409.1
82992,1425.9
82993,1505.8
82994,1483.8
82995,1473.5
82996,1444.1
82997,1444.3
82998,1396.7
82999,1324.5
83000,1358.6
83001,1392.0
83002,1389.1
83003,1293.9
83004,1262.2
83005,1282.5
83006,1257.2
83007,1228.0
83008,1206.1
83009,1178.8
83010,1186.6
83011,1182.1
83012,1135.7
83013,1111.5
83014,1091.3
83015,1085.4
83016,1085.1
83017,1086.3
83018,1088.9
83019,1083.8
83020,1096.1
83021,1087.4
83022,1085.1
83023,1081.4
83024,1082.0
83025,1085.8
83026,1087.7
83027,1076.0
83028,1042.6
83029,1042.2
83030,1036.5
83031,1032.8
83032,1039.4
83033,1039.2
83034,1017.3
83035,996.7
83036,993.3
83037,963.6
83038,938.9
83039,951.2
83040,925.3
83041,893.2
83042,892.7
83043,883.9
83044,906.0
83045,915.8
83046,914.6
83047,915.3
83048,911.1
83049,907.7
83050,903.4
83051,899.1
83052,890.9
83053,885.8
83054,875.0
83055,861.1
83056,854.8
83057,846.2
83058,834.7
83059,825.7
83060,813.3
83061,809.4
83062,811.3
83063,806.9
83064,799.5
83065,790.0
83066,765.9
83067,730.7
83068,699.2
83069,668.0
83070,648.8
83071,642.7
83072,628.2
83073,626.1
83074,630.8
83075,630.5
83076,634.9
83077,639.7
83078,633.7
83079,631.9
83080,619.5
83081,604.3
83082,581.7
83083,560.1
83084,555.5
83085,555.4
83086,558.9
83087,556.7
83088,558.4
83089,556.5
83090,559.6
83091,560.9
83092,558.3
83093,565.2
83094,561.5
83095,562.3
83096,565.4
83097,552.7
83098,539.7
83099,548.7
83100,543.6
83101,555.3
83102,550.8
83103,542.3
83104,536.5
83105,538.2
83106,526.6
83107,526.8
83108,529.0
83109,528.0
83110,524.6
83111,525.4
83112,522.1
83113,521.4
83114,523.1
83115,524.2
83116,521.3
83117,520.5
83118,518.3
83119,511.8
83120,510.0
83121,498.7
83122,487.3
83123,478.4
83124,470.1
83125,466.0
83126,460.6
83127,454.3
83128,461.6
83129,459.6
83130,458.1
83131,446.1
83132,447.8
83133,454.0
83134,459.9
83135,460.4
83136,448.9
83137,438.8
83138,439.6
83139,441.0
83140,442.3
83141,445.7
83142,446.2
83143,439.5
83144,435.9
83145,429.4
83146,423.1
83147,421.8
83148,420.4
83149,421.8
83150,421.2
83151,416.4
83152,420.0
83153,420.2
83154,418.0
83155,418.4
83156,417.3
83157,416.1
83158,420.9
83159,431.6
83160,433.2
83161,433.2
83162,433.1
83163,435.6
83164,436.4
83165,435.8
83166,443.6
83167,440.1
83168,437.4
83169,440.9
83170,439.4
83171,444.5
83172,443.2
83173,446.5
83174,448.7
83175,448.9
83176,444.3
83177,443.8
83178,443.6
83179,443.5
83180,444.3
83181,442.8
83182,442.3
83183,443.7
83184,444.7
83185,442.7
83186,443.4
83187,440.5
83188,439.0
83189,440.8
83190,440.5
83191,440.4
83192,438.6
83193,435.6
83194,434.9
83195,434.7
83196,437.1
83197,434.4
83198,434.8
83199,439.6
83200,448.4
83201,445.9
83202,446.7
83203,448.4
83204,445.7
83205,447.1
83206,452.5
83207,449.2
83208,450.7
83209,453.1
83210,455.4
83211,453.5
83212,453.4
83213,450.6
83214,449.3
83215,459.4
83216,459.0
83217,460.6
83218,448.4
83219,439.9
83220,439.4
83221,441.2
83222,441.1
83223,438.5
83224,435.4
83225,432.1
83226,431.9
83227,432.4
83228,432.6
83229,434.8
83230,433.1
83231,430.2
83232,430.8
83233,429.2
83234,430.0
83235,429.2
83236,427.0
83237,427.9
83238,429.7
83239,425.9
83240,422.7
83241,423.8
