data/raw/Flight9/H2O_POLAR6_20150420_R1_L2_NETCARE.ict
34, 1001
Bozem, Heiko; Hoor, Peter
Institute for Atmospheric Physics, Johannes Gutenberg University, Mainz, Germany
H2O mixing ratio from LI7200 CO2/H2O analyzer
NETCARE Polar 6 Campaign 2015
1, 1
2015, 04, 20, 2016, 01, 22
1
Time_UTC, seconds
1
1
-9999.9
H2O_ppmv, ppmv
0
19
PI_CONTACT_INFO: Address: Johann-Joachim-Becherweg 21, 55128 Mainz, email: bozemh@uni-mainz.de; hoor@uni-mainz.de
PLATFORM: Polar 6
LOCATION: GPS location and altitude available at 1 Hz resolution in separate file (See AIMMS files under Aircraft data and meteorology)
ASSOCIATED_DATA: N/A
INSTRUMENT_INFO: H2O measurements based on non-dispersive infrared absorption spectroscopy
DATA_INFO: Units are ppmv
UNCERTAINTY RELATIVE TO STANDARD: 18.5 ppmv or 2.5 %, whichever is greater, at 1 sigma confidence (before drift correction is applied)
ULOD_FLAG: -7777
ULOD_VALUE: N/A
LLOD_FLAG: -8888
LLOD_VALUE: N/A 
DM_CONTACT_INFO: N/A
PROJECT_INFO: NETCARE Polar 6 aircraft campaign in April 2015; Inuvik
STIPULATIONS_ON_USE: N/A
OTHER_COMMENTS: N/A
REVISION: R1
R0: Preliminary data, corrected for instrument drift
R1: Final data, corrected for instrument drift
Time_UTC,H2O_ppmv
[from data line 9807]
88176,4822.0
88177,4818.0
88178,4827.4
88179,4819.7
88180,4816.4
88181,4854.6
88182,4865.4
88183,4872.8
88184,4878.1
88185,4883.3
88186,4881.0
88187,4890.5
88188,4927.1
88189,4921.4
88190,4906.2
88191,4901.8
88192,4883.0
88193,4878.2
88194,4888.7
88195,4913.8
88196,4931.3
88197,4936.4
88198,4942.7
88199,4932.8
88200,4917.2
88201,4927.3
88202,4929.3
88203,4928.2
88204,4933.5
88205,4950.2
88206,4932.6
88207,4940.7
88208,4950.3
88209,4960.7
88210,4953.5
88211,4951.8
88212,4963.6
88213,4960.5
88214,4953.4
88215,4945.6
88216,4954.2
88217,4965.2
88218,4969.0
88219,4971.1
88220,4969.5
88221,4966.0
88222,4967.7
88223,4963.9
88224,4962.8
88225,4963.4
88226,4963.0
88227,4963.7
88228,4964.8
88229,4964.4
88230,4964.9
88231,4963.1
88232,4963.1
88233,4963.0
88234,4963.8
88235,4967.8
88236,4966.4
88237,4965.0
88238,4965.9
88239,4968.1
88240,4969.9
88241,4969.8
88242,4968.4
88243,4968.2
88244,4969.7
88245,4966.8
88246,4967.4
88247,4970.6
88248,4975.0
88249,4974.7
88250,4976.0
88251,4976.2
88252,4976.4
88253,4977.1
88254,4975.7
88255,4976.1
88256,4973.6
88257,4970.5
88258,4969.5
88259,4969.1
88260,4969.8
88261,4969.8
88262,4971.1
88263,4971.1
88264,4971.0
88265,4972.1
88266,4970.7
88267,4971.3
88268,4971.6
88269,4972.0
88270,4971.7
88271,4970.9
88272,4971.7
88273,4971.6
88274,4973.4
88275,4973.0
88276,4971.9
88277,4971.9
88278,4974.1
88279,4975.5
88280,4970.6
88281,4971.5
88282,4970.4
88283,4967.2
88284,4964.2
88285,4957.2
88286,4955.9
88287,4957.3
88288,4958.4
88289,4956.6
88290,4957.3
88291,4954.2
88292,4956.7
88293,4958.0
88294,4959.5
88295,4959.5
88296,4961.0
88297,4960.0
88298,4959.9
88299,4958.8
88300,4960.6
88301,4959.7
88302,4960.2
88303,4961.7
88304,4961.6
88305,4969.0
88306,4970.6
88307,4969.6
88308,4969.2
88309,4970.8
88310,4969.0
88311,4967.4
88312,4968.7
88313,4967.2
88314,4963.8
88315,4960.1
88316,4961.6
88317,4961.2
88318,4967.6
88319,4968.5
88320,4971.3
88321,4972.9
88322,4976.2
88323,4976.4
88324,4975.8
88325,4966.1
88326,4962.6
88327,4961.7
88328,4963.7
88329,4962.8
88330,4963.4
88331,4967.2
88332,4965.9
88333,4963.0
88334,4964.9
88335,4964.4
88336,4964.7
88337,4967.9
88338,4967.2
88339,4967.3
88340,4967.8
88341,4969.3
88342,4971.1
88343,4968.8
88344,4970.8
88345,4974.4
88346,4980.3
88347,4987.2
88348,4986.9
88349,4978.7
88350,4974.7
88351,4977.7
88352,4980.5
88353,4983.1
88354,4981.8
88355,4984.7
88356,4987.4
88357,4987.1
88358,4987.7
88359,4985.7
88360,4987.4
88361,4987.6
88362,4987.6
88363,4987.9
88364,4986.0
88365,4986.9
88366,4987.8
88367,4987.3
88368,4990.6
88369,4986.5
88370,4985.3
88371,4985.2
88372,4985.2
88373,4983.5
88374,4982.8
88375,4982.5
88376,4984.0
88377,4984.6
88378,4983.3
88379,4988.9
88380,4990.0
88381,4988.7
88382,4990.1
88383,4985.6
88384,4983.6
88385,4984.8
88386,4986.7
88387,4989.3
88388,4988.4
88389,4987.5
88390,4986.3
88391,4988.1
88392,4988.4
88393,4987.0
88394,4985.8
88395,4987.8
88396,4988.5
88397,4988.2
88398,4987.2
88399,4987.0
88400,4988.7
88401,4986.4
88402,4987.8
88403,4984.2
88404,4986.9
88405,4988.3
88406,4989.6
88407,4991.2
88408,4991.1
88409,4992.0
88410,4990.9
88411,4990.0
88412,4988.6
88413,4987.8
88414,4987.8
88415,4986.9
88416,4984.0
88417,4988.3
88418,4988.3
88419,4987.8
88420,4989.4
88421,4990.0
88422,4987.3
88423,4987.6
88424,4987.4
88425,4988.5
88426,4987.0
88427,4987.3
88428,4987.4
88429,4986.1
88430,4982.8
88431,4981.7
88432,4984.5
88433,4982.4
88434,4985.0
88435,4987.6
88436,4986.7
88437,4987.2
88438,4987.7
88439,4985.3
88440,4976.8
88441,4974.7
88442,4973.5
88443,4972.5
88444,4971.8
88445,4975.8
88446,4976.7
88447,4976.4
88448,4975.8
88449,4976.9
88450,4975.0
88451,4969.7
88452,4970.8
88453,4975.5
88454,4984.4
88455,4983.7
88456,4983.9
88457,4982.9
88458,4979.7
88459,4972.1
88460,4968.3
88461,4965.9
88462,4968.0
88463,4965.3
88464,4967.0
88465,4968.0
88466,4966.8
88467,4967.3
88468,4966.6
88469,4965.4
88470,4965.1
88471,4973.0
88472,4980.1
88473,4981.9
88474,4985.0
88475,4987.6
88476,4988.9
88477,4990.0
88478,4989.0
88479,4985.8
88480,4983.8
88481,4986.4
88482,4989.2
88483,4989.3
88484,4985.9
88485,4984.4
88486,4983.7
88487,4984.6
88488,4981.6
88489,4978.9
88490,4977.5
88491,4975.1
88492,4974.8
88493,4965.7
88494,4963.3
88495,4967.4
88496,4961.7
88497,4967.1
88498,4966.1
88499,4969.5
88500,4974.6
88501,4975.4
88502,4977.5
88503,4978.7
88504,4975.9
88505,4976.4
88506,4978.8
88507,4982.6
88508,4978.3
88509,-9999.9
88510,-9999.9
88511,-9999.9
88512,-9999.9
88513,-9999.9
88514,-9999.9
88515,-9999.9
88516,-9999.9
88517,-9999.9
88518,-9999.9
88519,-9999.9
88520,-9999.9
88521,-9999.9
88522,-9999.9
88523,-9999.9
88524,-9999.9
88525,-9999.9
88526,-9999.9
88527,-9999.9
88528,-9999.9
88529,-9999.9
88530,-9999.9
88531,-9999.9
88532,-9999.9
88533,-9999.9
88534,-9999.9
88535,-9999.9
88536,-9999.9
88537,-9999.9
88538,-9999.9
88539,-9999.9
88540,-9999.9
88541,-9999.9
88542,-9999.9
88543,-9999.9
88544,-9999.9
88545,-9999.9
88546,-9999.9
88547,-9999.9
88548,-9999.9
88549,-9999.9
88550,-9999.9
88551,-9999.9
88552,-9999.9
88553,-9999.9
88554,-9999.9
88555,-9999.9
88556,-9999.9
88557,-9999.9
88558,-9999.9
88559,-9999.9
88560,-9999.9
88561,-9999.9
88562,-9999.9
88563,-9999.9
88564,-9999.9
88565,-9999.9
88566,-9999.9
88567,-9999.9
88568,-9999.9
88569,-9999.9
88570,-9999.9
88571,-9999.9
88572,-9999.9
88573,-9999.9
88574,-9999.9
88575,-9999.9
88576,-9999.9
88577,-9999.9
88578,-9999.9
88579,-9999.9
88580,-9999.9
88581,-9999.9
88582,-9999.9
88583,-9999.9
88584,-9999.9
88585,-9999.9
88586,-9999.9
88587,-9999.9
88588,-9999.9
88589,-9999.9
88590,-9999.9
88591,-9999.9
88592,-9999.9
88593,-9999.9
88594,-9999.9
88595,-9999.9
88596,-9999.9
88597,-9999.9
88598,-9999.9
88599,-9999.9
88600,-9999.9
88601,-9999.9
88602,-9999.9
88603,-9999.9
88604,-9999.9
88605,-9999.9
88606,-9999.9
88607,-9999.9
88608,-9999.9
88609,-9999.9
88610,-9999.9
88611,-9999.9
88612,-9999.9
88613,-9999.9
88614,-9999.9
88615,-9999.9
88616,-9999.9
88617,-9999.9
88618,-9999.9
88619,-9999.9
88620,-9999.9
88621,-9999.9
88622,-9999.9
88623,-9999.9
88624,-9999.9
88625,-9999.9
88626,-9999.9
88627,-9999.9
88628,-9999.9
88629,-9999.9
88630,-9999.9
88631,-9999.9
88632,-9999.9
88633,-9999.9
88634,-9999.9
88635,-9999.9
88636,-9999.9
88637,-9999.9
88638,-9999.9
88639,-9999.9
88640,-9999.9
88641,-9999.9
88642,-9999.9
88643,-9999.9
88644,-9999.9
88645,-9999.9
88646,-9999.9
88647,-9999.9
88648,-9999.9
88649,-9999.9
88650,-9999.9
88651,-9999.9
88652,-9999.9
88653,-9999.9
88654,-9999.9
88655,-9999.9
88656,-9999.9
88657,-9999.9
88658,-9999.9
88659,-9999.9
88660,-9999.9
88661,-9999.9
88662,-9999.9
88663,-9999.9
88664,-9999.9
88665,-9999.9
88666,-9999.9
88667,-9999.9
88668,-9999.9
88669,-9999.9
88670,-9999.9
88671,-9999.9
88672,-9999.9
88673,-9999.9
88674,-9999.9
88675,-9999.9
88676,-9999.9
88677,-9999.9
88678,-9999.9
88679,-9999.9
88680,-9999.9
88681,-9999.9
88682,-9999.9
88683,-9999.9
88684,-9999.9
88685,-9999.9
88686,-9999.9
88687,-9999.9
88688,-9999.9
88689,-9999.9
88690,-9999.9
88691,-9999.9
88692,-9999.9
88693,-9999.9
88694,-9999.9
88695,-9999.9
88696,-9999.9
88697,-9999.9
88698,-9999.9
88699,-9999.9
88700,-9999.9
88701,-9999.9
88702,-9999.9
88703,-9999.9
88704,-9999.9
88705,-9999.9
88706,-9999.9
88707,-9999.9
88708,-9999.9
88709,-9999.9
88710,-9999.9
88711,-9999.9
88712,-9999.9
88713,-9999.9
88714,-9999.9
88715,-9999.9
88716,-9999.9
88717,-9999.9
88718,-9999.9
88719,-9999.9
88720,4968.1
88721,4966.1
88722,4959.4
88723,4966.5
88724,4964.4
88725,4964.8
88726,4972.5
88727,4968.8
88728,4964.1
88729,4964.2
88730,4956.0
88731,4951.9
88732,4953.8
88733,4955.6
88734,4957.0
88735,4956.5
88736,4957.1
88737,4958.3
88738,4957.4
88739,4955.7
88740,4955.8
88741,4958.5
88742,4959.1
88743,4958.9
88744,4959.0
88745,4960.0
88746,4960.5
88747,4959.6
88748,4959.4
88749,4960.8
88750,4961.3
88751,4958.4
88752,4957.9
88753,4960.3
88754,4961.5
88755,4962.0
88756,4961.2
88757,4959.7
88758,4961.3
88759,4962.2
88760,4964.2
88761,4963.9
88762,4963.5
88763,4961.0
88764,4954.4
88765,4956.3
88766,4963.7
88767,4966.5
88768,4970.4
88769,4969.0
88770,4963.2
88771,4966.2
88772,4964.1
88773,4962.9
88774,4962.6
88775,4963.3
88776,4964.0
88777,4962.9
88778,4963.5
88779,4963.6
88780,4964.0
88781,4964.6
88782,4964.1
88783,4964.9
88784,4964.5
88785,4964.8
88786,4962.5
88787,4963.4
88788,4963.5
88789,4965.6
88790,4960.0
88791,4959.5
88792,4960.7
88793,4953.6
88794,4958.0
88795,4960.7
88796,4961.6
88797,4964.8
88798,4964.2
88799,4965.5
88800,4964.7
88801,4964.7
88802,4965.6
88803,4967.9
88804,4966.0
88805,4966.2
88806,4965.7
88807,4967.1
88808,4965.6
88809,4967.3
88810,4965.7
88811,4966.4
88812,4964.4
88813,4964.5
88814,4966.9
88815,4965.9
88816,4966.8
88817,4966.3
88818,4966.9
88819,4966.2
88820,4966.8
88821,4966.8
88822,4967.6
88823,4967.1
88824,4968.2
88825,4967.3
88826,4968.8
88827,4970.0
88828,4971.0
88829,4975.7
88830,4960.8
88831,4959.8
88832,4965.1
88833,4964.0
88834,4963.0
88835,4980.8
88836,4988.8
88837,4990.9
88838,4990.2
88839,4990.7
88840,4990.4
88841,4989.0
88842,4988.8
88843,4990.0
88844,4988.5
88845,4988.2
88846,4987.4
88847,4987.8
88848,4987.3
88849,4987.3
88850,4987.6
88851,4987.3
88852,4987.5
88853,4986.6
88854,4986.0
88855,4985.5
88856,4983.9
88857,4979.0
88858,4983.0
88859,4980.3
88860,4978.6
88861,4979.2
88862,4978.4
88863,4978.3
88864,4976.2
88865,4975.5
88866,4974.1
88867,4971.4
88868,4973.5
88869,4981.8
88870,4994.5
88871,4991.8
88872,4990.2
88873,4993.0
88874,4986.3
88875,4969.6
88876,4966.7
88877,4977.4
88878,4969.8
88879,4977.3
88880,4991.4
88881,4989.7
88882,4998.2
88883,4995.1
88884,4998.9
88885,4998.8
88886,4998.7
88887,4993.3
88888,4984.7
88889,4976.3
88890,4968.9
88891,4966.1
88892,4964.0
88893,4961.4
88894,4960.5
88895,4963.0
88896,4964.7
88897,4971.8
88898,4971.3
88899,4970.2
88900,4968.9
88901,4971.3
88902,4969.9
88903,4970.5
88904,4973.3
88905,4972.2
88906,4973.3
88907,4973.0
88908,4973.8
88909,4974.4
88910,4969.3
88911,4968.0
88912,4972.3
88913,4970.0
88914,4969.3
88915,4972.0
88916,4967.1
88917,4966.5
88918,4968.2
88919,4967.7
88920,4966.7
88921,4967.0
88922,4967.1
88923,4967.4
88924,4965.1
88925,4970.6
88926,4972.1
88927,4968.6
88928,4969.4
88929,4971.9
88930,4974.1
88931,4974.2
88932,4975.6
88933,4976.6
88934,4979.5
88935,4980.4
88936,4983.1
88937,4981.4
88938,4983.8
88939,4978.4
88940,4976.5
88941,4982.9
88942,4976.7
88943,4972.7
88944,4962.6
88945,4961.9
88946,4962.5
88947,4964.6
88948,4966.0
88949,4973.8
88950,4973.7
88951,4965.6
88952,4967.7
88953,4968.7
88954,4968.2
88955,4968.1
88956,4968.2
88957,4969.6
88958,4967.4
88959,4966.1
88960,4966.9
88961,4967.4
88962,4967.5
88963,4965.8
88964,4966.3
88965,4964.8
88966,4964.4
88967,4969.7
88968,4967.7
88969,4965.2
88970,4961.5
88971,4950.4
88972,4948.2
88973,4936.2
88974,4939.5
88975,4943.7
88976,4939.8
88977,4937.7
88978,4930.6
88979,4929.1
88980,4931.7
88981,4942.2
88982,4942.3
88983,4943.6
88984,4947.7
88985,4938.2
88986,4935.0
88987,4934.0
88988,4937.2
88989,4934.3
88990,4931.4
88991,4927.5
88992,4925.3
88993,4927.0
88994,4932.7
88995,4930.1
88996,4936.0
88997,4936.8
88998,4938.1
88999,4936.6
89000,4944.6
89001,4940.1
89002,4934.0
89003,4933.0
89004,4933.4
89005,4940.7
89006,4938.8
89007,4933.7
89008,4933.8
89009,4935.2
89010,4934.8
89011,4935.8
89012,4941.0
89013,4942.4
89014,4937.5
89015,4951.2
89016,4951.2
89017,4952.4
89018,4944.4
89019,4949.0
89020,4951.1
89021,4949.1
89022,4946.9
89023,4945.5
89024,4944.1
89025,4957.0
89026,4949.4
89027,4955.4
89028,4956.1
89029,4952.8
89030,4961.7
89031,4959.3
89032,4966.4
89033,4954.4
89034,4954.3
89035,4959.4
89036,4949.6
89037,4944.3
89038,4946.5
89039,4950.4
89040,4945.5
89041,4952.2
89042,4948.1
89043,4951.7
89044,4950.0
89045,4949.6
89046,4949.7
89047,4955.8
89048,4955.7
89049,4956.5
89050,4952.8
89051,4950.3
89052,4949.2
89053,4950.5
89054,4950.3
89055,4955.9
89056,4956.4
89057,4963.5
89058,4967.9
89059,4976.8
89060,4967.1
89061,4965.1
89062,4963.7
89063,4966.5
89064,4967.1
89065,4973.2
89066,4972.2
89067,4969.6
89068,4967.7
89069,4972.3
89070,4970.1
89071,4971.4
89072,4975.2
89073,4975.4
89074,4970.7
89075,4970.4
89076,4968.0
89077,4972.0
89078,4975.9
89079,4973.3
89080,4968.1
89081,4968.7
89082,4967.5
89083,4967.2
89084,4961.9
89085,4955.4
89086,4954.2
89087,4957.8
89088,4960.3
89089,4958.9
89090,4963.7
89091,4968.3
89092,4964.6
89093,4965.5
89094,4966.1
89095,4965.6
89096,4966.8
89097,4971.8
89098,4974.1
89099,4975.7
89100,4977.4
89101,4978.2
89102,4979.4
89103,4982.9
89104,4982.1
89105,4977.8
89106,4979.5
89107,4978.3
89108,4980.9
89109,4980.0
89110,4979.2
89111,4978.5
89112,4978.6
89113,4978.5
89114,4977.9
89115,4979.3
89116,4976.5
89117,4979.4
89118,4980.5
89119,4980.8
89120,4979.2
89121,4976.7
89122,4976.2
89123,4975.2
89124,4973.7
89125,4976.8
89126,4966.8
89127,4972.2
89128,4971.6
89129,4969.9
89130,4968.4
89131,4977.3
89132,4979.4
89133,4981.9
89134,4983.2
89135,4984.7
89136,4984.4
89137,4986.4
89138,4985.8
89139,4988.0
89140,4987.0
89141,4987.2
89142,4987.1
89143,4984.5
89144,4987.0
89145,4985.5
89146,4984.8
89147,4985.4
89148,4988.1
89149,4983.6
89150,4986.1
89151,4988.0
89152,4988.6
89153,4987.2
89154,4987.5
89155,4992.5
89156,4988.1
89157,4990.9
89158,4992.1
89159,4993.5
89160,4993.5
89161,4993.6
89162,4992.6
89163,4994.2
89164,4995.5
89165,4995.2
89166,4996.4
89167,4995.6
89168,4993.4
89169,4994.4
89170,4993.0
89171,4992.7
89172,4992.7
89173,4993.6
89174,4994.2
89175,4997.3
89176,4998.7
89177,5000.7
89178,4998.6
89179,4996.7
89180,4995.1
89181,4995.8
89182,4995.4
89183,4996.3
89184,4998.4
89185,4998.0
89186,4997.3
89187,4995.3
89188,4996.3
89189,4998.1
89190,4997.7
89191,4996.7
89192,4996.7
89193,4997.7
89194,4998.8
89195,4997.7
89196,5000.0
89197,4999.8
89198,4999.4
89199,4999.0
89200,5002.1
89201,5000.9
89202,5000.2
89203,4998.4
89204,5000.5
89205,4996.1
89206,4991.2
89207,4988.1
89208,4989.7
89209,4991.7
89210,4997.6
89211,4996.3
89212,4997.8
89213,4995.9
89214,4998.5
89215,5000.0
89216,4992.5
89217,4987.7
89218,4984.3
89219,4986.3
89220,4983.6
89221,4982.2
89222,4979.6
89223,4979.1
89224,4978.9
89225,4977.6
89226,4982.3
89227,4989.5
89228,4995.0
89229,4984.4
89230,4994.3
89231,4993.6
89232,4995.8
89233,4988.4
89234,4993.4
89235,4991.3
89236,4992.9
89237,4996.0
89238,4995.2
89239,4997.8
89240,4981.5
89241,4978.9
89242,4979.6
89243,4977.5
89244,4978.4
89245,4981.0
89246,4981.9
89247,4980.2
89248,4984.8
89249,4986.0
89250,4975.8
89251,4976.2
89252,4974.3
89253,4976.1
89254,4976.3
89255,4974.0
89256,4974.2
89257,4973.6
89258,4975.2
89259,4973.9
89260,4973.8
89261,4971.3
89262,4972.3
89263,4972.9
89264,4972.7
89265,4972.2
89266,4975.8
89267,4982.4
89268,4987.5
89269,4985.6
89270,4982.7
89271,4981.6
89272,4977.8
89273,4973.4
89274,4971.8
89275,4971.8
89276,4971.4
89277,4980.6
89278,4984.7
89279,4979.4
89280,4968.7
89281,4969.1
89282,4970.6
89283,4970.0
89284,4971.1
89285,4975.0
89286,4981.3
89287,4978.1
89288,4974.9
89289,4959.1
89290,4942.2
89291,4947.5
89292,4943.1
89293,4948.1
89294,4969.8
89295,4983.5
89296,4984.5
89297,4986.2
89298,4987.6
89299,4985.6
89300,4975.1
89301,4967.6
89302,4984.3
89303,4998.0
89304,5000.6
89305,4998.5
89306,4999.6
89307,4997.0
89308,4996.1
89309,4995.5
89310,4992.1
89311,4988.0
89312,4984.0
89313,4981.9
89314,4982.8
89315,4981.4
89316,4979.2
89317,4979.7
89318,4978.6
89319,4983.6
89320,4989.0
89321,4993.0
89322,4994.8
89323,4994.0
89324,4994.3
89325,4994.4
89326,4992.3
89327,4991.6
89328,4992.6
89329,4994.1
89330,4990.1
89331,4987.0
89332,4987.4
89333,4982.8
89334,4981.3
89335,4980.8
89336,4981.9
89337,4979.2
89338,4978.4
89339,4976.5
89340,4983.6
89341,4982.5
89342,4982.8
89343,4984.3
89344,4985.8
89345,4986.9
89346,4987.8
89347,4990.9
89348,4991.8
89349,4996.3
89350,4996.2
89351,4999.3
89352,4996.4
89353,4991.7
89354,4991.8
89355,4991.9
89356,4992.4
89357,4990.3
89358,4989.2
89359,4984.4
89360,4986.6
89361,4988.5
89362,4989.6
89363,4988.1
89364,4988.2
89365,4986.3
89366,4989.1
89367,4991.0
89368,4992.3
89369,4989.9
89370,4993.0
89371,4993.6
89372,4994.0
89373,4993.1
89374,4992.9
89375,4993.0
89376,4992.7
89377,4989.5
89378,4989.8
89379,4990.9
89380,4990.5
89381,4989.7
89382,4985.9
89383,4984.2
89384,4984.8
89385,4987.6
89386,4989.5
89387,4987.1
89388,4984.9
