data/raw/Flight9/O3_POLAR6_201504202143_R0_L2_NETCARE.ict
37, 1001
Staebler, Ralf
Environment Canada
Thermo 49i ozone data
Polar 6 NETCARE
1, 1
2015, 4, 20, 2015, 9, 30
0
Start_UTC, seconds
6
1, 1, 1, 1, 1, 1
-9999, -9999, -999.9, -99.9, -99.9, -99.9
Stop_UTC, seconds
hr, decimal hours (UTC)
Press, cell pressure (Torr)
BenchT, instrument temperature (deg C)
LampT, ozone lamp temperature (deg C)
O3, ozone mixing ratio (ppbv)
1
Press, BenchT, LampT are included for diagnostics
16
PI_CONTACT_INFO: Address: 4905 Dufferin Street, Toronto, ON M3H 5T4; email: Ralf.Staebler@ec.gc.ca
PLATFORM: Polar 6 
LOCATION: Location data varies as seen in this file
INSTRUMENT_INFO: Thermo Scienfific ozone analyzer model 49i, S.N. 0606014771
UNCERTAINTY: 0.2 ppbv 
ULOD_FLAG: -7777
ULOD_VALUE: N/A
LLOD_FLAG: -8888
LLOD_VALUE: N/A
DM_CONTACT_INFO: Ralf Staebler; Environment Canada; Ralf.Staebler@ec.gc.ca
PROJECT_INFO: Polar 6 NETCARE Spring 2015 campaign
STIPULATIONS_ON_USE: If use of this data will lead to a publication, we ask that the PI be informed.
OTHER_COMMENTS: N/A
REVISION: R0
R0: First set of data.
Start_UTC,Stop_UTC,hr,Press,BenchT,LampT,O3
78360,78370,21.7694,746.3,32.3,53.3,-99.9
78370,78380,21.7722,737.1,32.3,53.3,-99.9
78380,78390,21.7750,733.8,32.3,53.3,39.2
78390,78400,21.7778,730.5,32.3,53.3,40.3
78400,78410,21.7806,727.2,32.3,53.3,39.5
78410,78420,21.7833,723.0,32.4,53.3,39.2
78420,78430,21.7861,718.5,32.4,53.3,39.2
78430,78440,21.7889,715.5,32.4,53.3,40.1
78440,78450,21.7917,712.8,32.4,53.3,40
78450,78460,21.7944,710.4,32.4,53.3,38.6
78460,78470,21.7972,708.0,32.4,53.3,38.9
78470,78480,21.8000,706.8,32.5,53.4,39.4
78480,78490,21.8028,705.3,32.5,53.3,39.9
78490,78500,21.8056,703.2,32.5,53.3,39
78500,78510,21.8083,701.4,32.5,53.4,39.3
78510,78520,21.8111,699.3,32.5,53.4,38.6
78520,78530,21.8139,697.2,32.5,53.3,39.4
78530,78540,21.8167,694.2,32.6,53.3,38.7
78540,78550,21.8194,692.4,32.6,53.3,39.2
78550,78560,21.8222,690.3,32.6,53.3,40.2
78560,78570,21.8250,687.6,32.6,53.3,40.3
78570,78580,21.8278,684.9,32.6,53.2,42.3
78580,78590,21.8306,682.8,32.6,53.3,44.8
78590,78600,21.8333,680.7,32.6,53.3,45.9
78600,78610,21.8361,678.3,32.7,53.4,45.3
78610,78620,21.8389,675.9,32.7,53.3,45.8
78620,78630,21.8417,673.8,32.7,53.3,46
78630,78640,21.8444,672.0,32.7,53.4,45.9
78640,78650,21.8472,670.2,32.7,53.3,45.7
78650,78660,21.8500,667.8,32.7,53.3,46.6
78660,78670,21.8528,665.7,32.8,53.3,46.3
78670,78680,21.8556,663.9,32.8,53.3,45.8
78680,78690,21.8583,661.5,32.8,53.3,47.3
78690,78700,21.8611,658.6,32.8,53.4,45.7
78700,78710,21.8639,655.9,32.8,53.3,45.7
78710,78720,21.8667,654.4,32.8,53.3,46.5
78720,78730,21.8694,652.6,32.9,53.4,46.1
78730,78740,21.8722,650.2,32.9,53.4,46.4
78740,78750,21.8750,648.1,32.9,53.4,46.9
78750,78760,21.8778,646.3,32.9,53.4,49
78760,78770,21.8806,643.9,32.9,53.4,47.7
78770,78780,21.8833,641.5,32.9,53.4,49.1
78780,78790,21.8861,639.4,33.0,53.3,49.3
78790,78800,21.8889,637.9,33.0,53.4,49.9
78800,78810,21.8917,636.1,33.0,53.4,49.1
78810,78820,21.8944,633.4,33.0,53.3,49.8
78820,78830,21.8972,631.0,33.0,53.3,49.4
78830,78840,21.9000,629.5,33.1,53.4,48.7
78840,78850,21.9028,627.4,33.1,53.3,50.1
78850,78860,21.9056,625.0,33.1,53.4,49.8
78860,78870,21.9083,624.4,33.1,53.3,48.6
78870,78880,21.9111,624.4,33.1,53.4,49
78880,78890,21.9139,623.5,33.1,53.3,48.5
78890,78900,21.9167,622.3,33.1,53.4,47.3
78900,78910,21.9194,622.0,33.2,53.3,48.8
78910,78920,21.9222,622.0,33.2,53.3,48.4
78920,78930,21.9250,621.4,33.2,53.3,48
78930,78940,21.9278,620.8,33.2,53.3,48.3
78940,78950,21.9306,620.2,33.2,53.4,49.2
78950,78960,21.9333,620.2,33.2,53.4,48.9
78960,78970,21.9361,620.5,33.3,53.4,49.2
78970,78980,21.9389,620.5,33.3,53.4,48.6
78980,78990,21.9417,619.9,33.3,53.3,48.9
78990,79000,21.9444,620.2,33.3,53.3,48.2
79000,79010,21.9472,619.3,33.3,53.3,48.6
79010,79020,21.9500,619.0,33.3,53.3,49.3
79020,79030,21.9528,618.7,33.3,53.3,46.5
79030,79040,21.9556,619.3,33.4,53.4,46.4
79040,79050,21.9583,619.6,33.4,53.4,47.3
79050,79060,21.9611,619.0,33.4,53.3,47.1
79060,79070,21.9639,619.0,33.4,53.3,47.2
79070,79080,21.9667,619.3,33.4,53.4,48.7
79080,79090,21.9694,619.6,33.4,53.4,47.1
79090,79100,21.9722,619.3,33.4,53.4,47.5
79100,79110,21.9750,619.3,33.5,53.4,48.8
79110,79120,21.9778,619.9,33.5,53.3,47.7
79120,79130,21.9806,635.8,33.5,53.3,47.9
79130,79140,21.9833,635.5,33.5,53.3,-99.9
79140,79150,21.9861,635.8,33.5,53.3,-99.9
79150,79160,21.9889,635.5,33.5,53.3,-99.9
79160,79170,21.9917,635.5,33.6,53.3,-99.9
79170,79180,21.9944,635.5,33.6,53.4,-99.9
79180,79190,21.9972,635.5,33.6,53.4,-99.9
79190,79200,22.0000,636.7,33.6,53.4,-99.9
79200,79210,22.0028,635.8,33.6,53.3,-99.9
79210,79220,22.0056,635.5,33.6,53.4,-99.9
79220,79230,22.0083,634.9,33.6,53.3,-99.9
79230,79240,22.0111,635.8,33.6,53.4,-99.9
79240,79250,22.0139,636.1,33.6,53.3,-99.9
79250,79260,22.0167,635.8,33.7,53.4,-99.9
79260,79270,22.0194,635.5,33.7,53.3,-99.9
79270,79280,22.0222,635.8,33.7,53.4,-99.9
79280,79290,22.0250,635.8,33.7,53.3,-99.9
79290,79300,22.0278,635.5,33.7,53.4,-99.9
79300,79310,22.0306,635.5,33.7,53.3,-99.9
79310,79320,22.0333,636.7,33.7,53.3,-99.9
79320,79330,22.0361,636.7,33.7,53.4,-99.9
79330,79340,22.0389,636.4,33.8,53.3,-99.9
79340,79350,22.0417,636.7,33.8,53.4,-99.9
79350,79360,22.0444,635.8,33.8,53.4,-99.9
79360,79370,22.0472,634.9,33.8,53.4,-99.9
79370,79380,22.0500,634.3,33.8,53.3,-99.9
79380,79390,22.0528,634.6,33.8,53.3,-99.9
79390,79400,22.0556,635.8,33.9,53.3,-99.9
79400,79410,22.0583,636.4,33.9,53.3,-99.9
79410,79420,22.0611,635.8,33.9,53.4,-99.9
79420,79430,22.0639,635.5,33.9,53.3,-99.9
79430,79440,22.0667,635.5,33.9,53.4,-99.9
79440,79450,22.0694,635.5,33.9,53.3,-99.9
79450,79460,22.0722,635.5,33.9,53.4,-99.9
79460,79470,22.0750,635.8,33.9,53.4,-99.9
79470,79480,22.0778,636.4,33.9,53.4,-99.9
79480,79490,22.0806,636.1,34.0,53.3,-99.9
79490,79500,22.0833,635.8,34.0,53.3,-99.9
79500,79510,22.0861,635.8,34.0,53.3,-99.9
79510,79520,22.0889,636.1,34.0,53.4,-99.9
79520,79530,22.0917,636.1,34.0,53.4,-99.9
79530,79540,22.0944,635.5,34.0,53.3,-99.9
79540,79550,22.0972,635.5,34.0,53.3,-99.9
79550,79560,22.1000,635.8,34.0,53.3,-99.9
79560,79570,22.1028,635.8,34.0,53.4,-99.9
79570,79580,22.1056,635.2,34.0,53.3,-99.9
79580,79590,22.1083,635.2,34.1,53.3,-99.9
79590,79600,22.1111,635.5,34.1,53.3,-99.9
79600,79610,22.1139,634.0,34.1,53.3,-99.9
79610,79620,22.1167,634.9,34.1,53.3,-99.9
79620,79630,22.1194,636.1,34.1,53.3,-99.9
79630,79640,22.1222,636.4,34.1,53.4,-99.9
79640,79650,22.1250,636.1,34.1,53.4,-99.9
79650,79660,22.1278,635.8,34.1,53.4,-99.9
79660,79670,22.1306,635.8,34.1,53.3,-99.9
79670,79680,22.1333,636.1,34.1,53.4,-99.9
79680,79690,22.1361,619.9,34.1,53.4,-99.9
79690,79700,22.1389,619.6,34.1,53.3,47.3
79700,79710,22.1417,619.0,34.2,53.3,46.6
79710,79720,22.1444,619.3,34.2,53.3,47.6
79720,79730,22.1472,619.3,34.2,53.4,46.7
79730,79740,22.1500,618.7,34.2,53.3,47.4
79740,79750,22.1528,618.1,34.2,53.4,45.7
79750,79760,22.1556,618.4,34.2,53.4,46.8
79760,79770,22.1583,618.4,34.2,53.3,45.9
79770,79780,22.1611,618.1,34.2,53.4,47.1
79780,79790,22.1639,619.0,34.2,53.4,46.5
79790,79800,22.1667,619.6,34.2,53.4,45.7
79800,79810,22.1694,619.0,34.2,53.3,47.8
79810,79820,22.1722,619.0,34.2,53.3,46.6
79820,79830,22.1750,619.3,34.2,53.4,46.7
79830,79840,22.1778,620.8,34.3,53.3,45.5
79840,79850,22.1806,622.6,34.3,53.3,46.2
79850,79860,22.1833,623.8,34.3,53.3,46.2
79860,79870,22.1861,624.7,34.3,53.4,45.5
79870,79880,22.1889,625.9,34.3,53.3,45.4
79880,79890,22.1917,627.1,34.3,53.4,46.2
79890,79900,22.1944,627.4,34.3,53.3,46.7
79900,79910,22.1972,627.7,34.3,53.4,46.4
79910,79920,22.2000,628.6,34.3,53.3,46.8
79920,79930,22.2028,628.6,34.3,53.4,46.9
79930,79940,22.2056,628.0,34.3,53.3,45.5
79940,79950,22.2083,627.7,34.3,53.4,46.7
79950,79960,22.2111,628.3,34.3,53.4,47.6
79960,79970,22.2139,628.9,34.3,53.3,46.5
79970,79980,22.2167,629.5,34.3,53.3,45.9
79980,79990,22.2194,630.7,34.3,53.4,45.3
79990,80000,22.2222,631.6,34.4,53.3,46.1
80000,80010,22.2250,633.1,34.4,53.3,46.9
80010,80020,22.2278,634.9,34.4,53.3,47
80020,80030,22.2306,637.0,34.4,53.3,47.1
80030,80040,22.2333,640.0,34.4,53.4,46.7
80040,80050,22.2361,642.1,34.4,53.4,47.5
80050,80060,22.2389,643.9,34.4,53.4,47.6
80060,80070,22.2417,646.0,34.4,53.4,48.8
80070,80080,22.2444,648.7,34.4,53.4,48.1
80080,80090,22.2472,651.1,34.4,53.3,47.7
80090,80100,22.2500,652.9,34.4,53.4,49.4
80100,80110,22.2528,654.1,34.4,53.3,48.4
80110,80120,22.2556,656.8,34.4,53.4,48.3
80120,80130,22.2583,658.9,34.5,53.3,46.9
80130,80140,22.2611,661.2,34.5,53.3,47.5
80140,80150,22.2639,663.3,34.5,53.4,47.1
80150,80160,22.2667,665.4,34.5,53.4,47.9
80160,80170,22.2694,667.5,34.5,53.3,46.2
80170,80180,22.2722,669.0,34.5,53.3,46.8
80180,80190,22.2750,670.8,34.5,53.4,47.4
80190,80200,22.2778,673.2,34.5,53.3,46.5
80200,80210,22.2806,675.0,34.5,53.3,46.9
80210,80220,22.2833,676.5,34.5,53.4,48
80220,80230,22.2861,678.3,34.5,53.4,47.9
80230,80240,22.2889,680.7,34.5,53.4,47.1
80240,80250,22.2917,682.5,34.5,53.3,46.7
80250,80260,22.2944,684.6,34.5,53.3,46.2
80260,80270,22.2972,686.4,34.6,53.4,45.3
80270,80280,22.3000,689.4,34.6,53.4,45.3
80280,80290,22.3028,690.9,34.6,53.4,43.1
80290,80300,22.3056,693.0,34.6,53.4,41.7
80300,80310,22.3083,694.8,34.6,53.3,42.2
80310,80320,22.3111,697.2,34.6,53.4,41.3
80320,80330,22.3139,698.7,34.6,53.4,41.5
80330,80340,22.3167,700.2,34.6,53.3,42.3
80340,80350,22.3194,702.0,34.7,53.4,41.9
80350,80360,22.3222,704.4,34.6,53.4,41.8
80360,80370,22.3250,706.8,34.7,53.4,42.1
80370,80380,22.3278,708.0,34.7,53.3,40
80380,80390,22.3306,709.5,34.7,53.4,40.9
80390,80400,22.3333,711.6,34.7,53.3,40.3
80400,80410,22.3361,713.4,34.7,53.4,39.5
80410,80420,22.3389,714.6,34.7,53.3,40.2
80420,80430,22.3417,716.4,34.7,53.4,40.1
80430,80440,22.3444,718.8,34.7,53.3,39.8
80440,80450,22.3472,720.3,34.7,53.4,39.8
80450,80460,22.3500,722.1,34.7,53.4,40.2
80460,80470,22.3528,723.9,34.8,53.4,39.9
80470,80480,22.3556,726.6,34.8,53.4,40.3
80480,80490,22.3583,728.7,34.8,53.4,40.2
80490,80500,22.3611,730.2,34.8,53.4,40.8
80500,80510,22.3639,732.3,34.8,53.4,41
80510,80520,22.3667,734.4,34.8,53.4,41.3
80520,80530,22.3694,735.9,34.8,53.4,42.2
80530,80540,22.3722,735.9,34.8,53.4,42.7
80540,80550,22.3750,736.8,34.8,53.4,42.3
80550,80560,22.3778,737.9,34.8,53.3,43.5
80560,80570,22.3806,738.5,34.8,53.4,43.9
80570,80580,22.3833,739.1,34.8,53.4,42.4
80580,80590,22.3861,739.1,34.8,53.4,43
80590,80600,22.3889,739.4,34.8,53.4,41.8
80600,80610,22.3917,738.8,34.9,53.4,42.1
80610,80620,22.3944,738.2,34.9,53.4,43
80620,80630,22.3972,737.9,34.9,53.4,44.1
80630,80640,22.4000,737.1,34.9,53.4,43.8
80640,80650,22.4028,737.6,34.9,53.4,43.1
80650,80660,22.4056,736.8,34.9,53.3,42.4
80660,80670,22.4083,737.6,34.9,53.3,43.9
80670,80680,22.4111,737.1,34.9,53.4,42.9
80680,80690,22.4139,737.9,34.9,53.4,43.5
80690,80700,22.4167,738.8,34.9,53.4,42.7
80700,80710,22.4194,739.1,34.9,53.3,42.1
80710,80720,22.4222,739.4,34.9,53.3,43.4
80720,80730,22.4250,739.4,34.9,53.3,44.1
80730,80740,22.4278,738.8,35.0,53.4,41.8
80740,80750,22.4306,738.8,35.0,53.4,44.2
80750,80760,22.4333,738.8,35.0,53.4,42.7
80760,80770,22.4361,738.8,35.0,53.4,43.5
80770,80780,22.4389,738.2,35.0,53.3,44
80780,80790,22.4417,737.4,35.0,53.3,44.5
80790,80800,22.4444,737.4,35.0,53.4,45.1
80800,80810,22.4472,737.4,35.0,53.4,44.1
80810,80820,22.4500,736.8,35.0,53.4,43.7
80820,80830,22.4528,736.5,35.0,53.4,43.8
80830,80840,22.4556,736.5,35.0,53.3,43.4
80840,80850,22.4583,736.5,35.0,53.3,43.6
80850,80860,22.4611,736.2,35.0,53.4,44.2
80860,80870,22.4639,735.6,35.0,53.4,43.5
80870,80880,22.4667,735.9,35.0,53.3,43.4
80880,80890,22.4694,737.4,35.0,53.3,44
80890,80900,22.4722,737.4,35.0,53.3,44.4
80900,80910,22.4750,736.2,35.1,53.3,44.3
80910,80920,22.4778,737.6,35.1,53.4,44.5
80920,80930,22.4806,738.5,35.1,53.3,43.9
80930,80940,22.4833,738.2,35.1,53.4,44.1
80940,80950,22.4861,738.2,35.1,53.4,43.7
80950,80960,22.4889,738.5,35.1,53.4,43.5
80960,80970,22.4917,738.5,35.1,53.4,43.4
80970,80980,22.4944,737.6,35.1,53.4,43.1
80980,80990,22.4972,737.9,35.1,53.4,43.6
80990,81000,22.5000,738.5,35.1,53.4,44.2
81000,81010,22.5028,738.5,35.1,53.4,44
81010,81020,22.5056,737.9,35.1,53.4,43.3
81020,81030,22.5083,738.5,35.1,53.4,43.5
81030,81040,22.5111,740.9,35.2,53.4,44.4
81040,81050,22.5139,740.3,35.2,53.4,43.3
81050,81060,22.5167,738.2,35.2,53.4,43.9
81060,81070,22.5194,738.5,35.2,53.3,44
81070,81080,22.5222,738.2,35.2,53.3,44.1
81080,81090,22.5250,737.1,35.2,53.4,42.8
81090,81100,22.5278,735.0,35.2,53.4,43.4
81100,81110,22.5306,732.9,35.2,53.4,43
81110,81120,22.5333,731.1,35.2,53.4,43.2
81120,81130,22.5361,729.0,35.2,53.4,42.8
81130,81140,22.5389,726.9,35.2,53.3,42.2
81140,81150,22.5417,725.1,35.2,53.4,41.9
81150,81160,22.5444,724.2,35.2,53.4,41
81160,81170,22.5472,722.1,35.2,53.4,41.5
81170,81180,22.5500,719.4,35.2,53.4,40.4
81180,81190,22.5528,716.7,35.2,53.4,40.7
81190,81200,22.5556,714.6,35.2,53.4,40.9
81200,81210,22.5583,712.2,35.2,53.4,40.7
81210,81220,22.5611,708.9,35.3,53.4,41.2
81220,81230,22.5639,706.8,35.3,53.4,40.4
81230,81240,22.5667,705.3,35.3,53.4,40.5
81240,81250,22.5694,702.9,35.3,53.4,40.7
81250,81260,22.5722,700.8,35.3,53.4,40.2
81260,81270,22.5750,698.7,35.3,53.4,41.3
81270,81280,22.5778,697.5,35.3,53.4,41.8
81280,81290,22.5806,695.7,35.3,53.4,41.9
81290,81300,22.5833,693.0,35.3,53.4,43
81300,81310,22.5861,690.6,35.3,53.4,42.3
81310,81320,22.5889,689.1,35.3,53.4,43
81320,81330,22.5917,686.7,35.3,53.4,43.9
81330,81340,22.5944,684.6,35.3,53.4,45.5
81340,81350,22.5972,682.2,35.3,53.4,46.3
81350,81360,22.6000,680.7,35.3,53.4,45.2
81360,81370,22.6028,678.6,35.3,53.4,44.7
81370,81380,22.6056,676.5,35.3,53.4,45
81380,81390,22.6083,674.4,35.3,53.4,45
81390,81400,22.6111,672.6,35.4,53.4,46.6
81400,81410,22.6139,669.9,35.4,53.4,45.7
81410,81420,22.6167,666.9,35.4,53.4,46.6
81420,81430,22.6194,664.5,35.4,53.4,45.1
81430,81440,22.6222,662.1,35.4,53.4,44.6
81440,81450,22.6250,660.0,35.4,53.4,45.8
81450,81460,22.6278,657.7,35.4,53.4,46.5
81460,81470,22.6306,654.7,35.4,53.4,47.8
81470,81480,22.6333,653.2,35.4,53.4,47.8
81480,81490,22.6361,651.4,35.4,53.4,47.5
81490,81500,22.6389,649.0,35.4,53.4,48.6
81500,81510,22.6417,646.9,35.4,53.4,47.1
81510,81520,22.6444,645.7,35.4,53.4,48.7
81520,81530,22.6472,643.9,35.4,53.4,47.4
81530,81540,22.6500,642.1,35.4,53.4,46.6
81540,81550,22.6528,640.0,35.5,53.4,47.5
81550,81560,22.6556,638.8,35.5,53.4,48.1
81560,81570,22.6583,637.0,35.5,53.4,47.5
81570,81580,22.6611,634.0,35.5,53.4,48
81580,81590,22.6639,631.3,35.5,53.4,46.8
81590,81600,22.6667,629.5,35.5,53.4,47.4
81600,81610,22.6694,627.4,35.5,53.4,46.6
81610,81620,22.6722,625.0,35.5,53.4,46.7
81620,81630,22.6750,623.5,35.5,53.4,46.2
81630,81640,22.6778,621.7,35.5,53.4,47.4
81640,81650,22.6806,620.2,35.5,53.4,45.5
81650,81660,22.6833,618.1,35.5,53.4,45.7
81660,81670,22.6861,616.3,35.5,53.4,46.2
81670,81680,22.6889,614.5,35.5,53.4,45.7
81680,81690,22.6917,612.7,35.5,53.4,46.3
81690,81700,22.6944,610.3,35.5,53.4,46.5
81700,81710,22.6972,608.2,35.6,53.4,46
81710,81720,22.7000,606.7,35.6,53.4,46.1
81720,81730,22.7028,604.6,35.6,53.4,46.9
81730,81740,22.7056,602.2,35.6,53.4,45.7
81740,81750,22.7083,599.8,35.6,53.4,46.6
81750,81760,22.7111,598.3,35.6,53.4,46.5
81760,81770,22.7139,595.9,35.6,53.4,47.6
81770,81780,22.7167,593.8,35.6,53.4,46.7
81780,81790,22.7194,592.0,35.6,53.4,47
81790,81800,22.7222,590.8,35.6,53.4,47
81800,81810,22.7250,589.0,35.6,53.4,47.7
81810,81820,22.7278,586.6,35.6,53.4,48.1
81820,81830,22.7306,584.5,35.6,53.4,47.4
81830,81840,22.7333,583.0,35.6,53.4,47.2
81840,81850,22.7361,581.6,35.6,53.4,47.3
81850,81860,22.7389,578.9,35.7,53.4,47.3
81860,81870,22.7417,577.1,35.7,53.4,48.5
81870,81880,22.7444,575.3,35.7,53.4,49.2
81880,81890,22.7472,573.2,35.7,53.4,49.3
81890,81900,22.7500,571.1,35.7,53.4,48
81900,81910,22.7528,569.6,35.7,53.4,48
81910,81920,22.7556,568.1,35.7,53.4,48.1
81920,81930,22.7583,566.3,35.7,53.4,47.8
81930,81940,22.7611,563.9,35.7,53.4,47
81940,81950,22.7639,561.8,35.7,53.4,47.8
81950,81960,22.7667,560.6,35.8,53.4,47.5
81960,81970,22.7694,558.8,35.8,53.4,47.4
81970,81980,22.7722,557.0,35.8,53.4,46.9
81980,81990,22.7750,555.2,35.8,53.4,48.1
81990,82000,22.7778,553.4,35.8,53.4,48.1
82000,82010,22.7806,551.6,35.8,53.4,49.5
82010,82020,22.7833,549.5,35.8,53.4,48.9
82020,82030,22.7861,547.7,35.8,53.4,47.7
82030,82040,22.7889,546.8,35.8,53.4,49.8
82040,82050,22.7917,545.3,35.8,53.4,48.4
82050,82060,22.7944,542.9,35.8,53.4,47.9
82060,82070,22.7972,541.7,35.8,53.4,47.5
82070,82080,22.8000,540.5,35.8,53.4,48.8
82080,82090,22.8028,539.3,35.9,53.4,47.6
82090,82100,22.8056,537.2,35.9,53.4,48.3
82100,82110,22.8083,535.1,35.9,53.4,48.6
82110,82120,22.8111,534.2,35.9,53.4,47.5
82120,82130,22.8139,532.4,35.9,53.4,48.4
82130,82140,22.8167,530.0,35.9,53.4,47.5
82140,82150,22.8194,528.2,35.9,53.4,49.2
82150,82160,22.8222,527.0,35.9,53.4,48.2
82160,82170,22.8250,525.5,35.9,53.4,48
82170,82180,22.8278,523.1,35.9,53.4,49.1
82180,82190,22.8306,521.3,35.9,53.4,50.8
82190,82200,22.8333,519.5,36.0,53.4,50.5
82200,82210,22.8361,518.0,36.0,53.4,50.5
82210,82220,22.8389,515.6,36.0,53.4,50.1
82220,82230,22.8417,513.5,36.0,53.4,51.5
82230,82240,22.8444,512.0,36.0,53.4,51.8
82240,82250,22.8472,511.1,36.0,53.4,51.9
82250,82260,22.8500,509.3,36.0,53.4,51.7
