data/raw/Flight9/O3_POLAR6_201504202143_R0_L2_NETCARE.ict
37, 1001
Staebler, Ralf
Environment Canada
Thermo 49i ozone data
Polar 6 NETCARE
1, 1
2015, 4, 20, 2015, 9, 30
0
Start_UTC, seconds
6
1, 1, 1, 1, 1, 1
-9999, -9999, -999.9, -99.9, -99.9, -99.9
Stop_UTC, seconds
hr, decimal hours (UTC)
Press, cell pressure (Torr)
BenchT, instrument temperature (deg C)
LampT, ozone lamp temperature (deg C)
O3, ozone mixing ratio (ppbv)
1
Press, BenchT, LampT are included for diagnostics
16
PI_CONTACT_INFO: Address: 4905 Dufferin Street, Toronto, ON M3H 5T4; email: Ralf.Staebler@ec.gc.ca
PLATFORM: Polar 6 
LOCATION: Location data varies as seen in this file
INSTRUMENT_INFO: Thermo Scienfific ozone analyzer model 49i, S.N. 0606014771
UNCERTAINTY: 0.2 ppbv 
ULOD_FLAG: -7777
ULOD_VALUE: N/A
LLOD_FLAG: -8888
LLOD_VALUE: N/A
DM_CONTACT_INFO: Ralf Staebler; Environment Canada; Ralf.Staebler@ec.gc.ca
PROJECT_INFO: Polar 6 NETCARE Spring 2015 campaign
STIPULATIONS_ON_USE: If use of this data will lead to a publication, we ask that the PI be informed.
OTHER_COMMENTS: N/A
REVISION: R0
R0: First set of data.
Start_UTC,Stop_UTC,hr,Press,BenchT,LampT,O3
[from data line 1184]
90200,90210,1.0583,650.2,37.4,53.4,47
90210,90220,1.0611,649.9,37.4,53.4,47
90220,90230,1.0639,649.6,37.3,53.4,46.4
90230,90240,1.0667,651.1,37.3,53.4,48.3
90240,90250,1.0694,650.8,37.4,53.4,48
90250,90260,1.0722,650.5,37.3,53.4,47.7
90260,90270,1.0750,650.2,37.3,53.4,47.7
90270,90280,1.0778,650.5,37.4,53.4,48.3
90280,90290,1.0806,650.5,37.3,53.4,48.5
90290,90300,1.0833,649.9,37.4,53.4,47.5
90300,90310,1.0861,649.9,37.3,53.4,48.3
90310,90320,1.0889,650.2,37.3,53.4,46.4
90320,90330,1.0917,650.5,37.3,53.4,47.7
90330,90340,1.0944,649.9,37.3,53.4,47.8
90340,90350,1.0972,649.6,37.3,53.4,49.4
90350,90360,1.1000,650.2,37.3,53.4,48.4
90360,90370,1.1028,650.5,37.3,53.4,48.3
90370,90380,1.1056,650.5,37.3,53.4,48.6
90380,90390,1.1083,650.8,37.3,53.4,46.5
90390,90400,1.1111,651.7,37.3,53.4,46.5
90400,90410,1.1139,651.7,37.3,53.4,47.9
90410,90420,1.1167,651.7,37.3,53.4,46.9
90420,90430,1.1194,651.1,37.3,53.4,47.8
90430,90440,1.1222,651.4,37.3,53.4,48.3
90440,90450,1.1250,652.0,37.3,53.4,47.4
90450,90460,1.1278,652.0,37.3,53.4,47.8
90460,90470,1.1306,651.1,37.3,53.4,47.2
90470,90480,1.1333,651.4,37.3,53.4,49.1
90480,90490,1.1361,650.8,37.3,53.4,49.2
90490,90500,1.1389,650.2,37.3,53.4,47.4
90500,90510,1.1417,650.8,37.3,53.4,48.6
90510,90520,1.1444,651.1,37.3,53.4,48.9
90520,90530,1.1472,650.8,37.3,53.4,48
90530,90540,1.1500,650.8,37.3,53.4,47.8
90540,90550,1.1528,651.7,37.3,53.4,47
90550,90560,1.1556,652.3,37.3,53.4,47
90560,90570,1.1583,650.8,37.3,53.4,48.2
90570,90580,1.1611,649.6,37.3,53.4,47.5
90580,90590,1.1639,649.3,37.3,53.4,47.3
90590,90600,1.1667,649.3,37.3,53.4,47.8
90600,90610,1.1694,650.2,37.3,53.4,47.3
90610,90620,1.1722,649.3,37.3,53.4,48.7
90620,90630,1.1750,649.9,37.3,53.4,47.7
90630,90640,1.1778,650.2,37.3,53.4,48.3
90640,90650,1.1806,650.5,37.3,53.4,47.5
90650,90660,1.1833,650.2,37.3,53.4,48.2
90660,90670,1.1861,649.9,37.3,53.4,48.2
90670,90680,1.1889,649.9,37.3,53.4,47.7
90680,90690,1.1917,647.8,37.3,53.4,47
90690,90700,1.1944,645.1,37.3,53.4,48.1
90700,90710,1.1972,643.9,37.3,53.4,47.9
90710,90720,1.2000,643.9,37.3,53.4,47.8
90720,90730,1.2028,643.0,37.3,53.4,47.1
90730,90740,1.2056,642.1,37.3,53.4,47.5
90740,90750,1.2083,642.1,37.3,53.4,46.9
90750,90760,1.2111,643.0,37.3,53.4,47.6
90760,90770,1.2139,642.7,37.3,53.4,47.8
90770,90780,1.2167,641.8,37.3,53.4,48.2
90780,90790,1.2194,641.5,37.3,53.4,49.5
90790,90800,1.2222,642.4,37.3,53.4,48.2
90800,90810,1.2250,642.1,37.3,53.4,47.2
90810,90820,1.2278,642.1,37.3,53.4,47.1
90820,90830,1.2306,642.1,37.3,53.4,47.4
90830,90840,1.2333,642.4,37.3,53.4,48.2
90840,90850,1.2361,641.8,37.3,53.4,47.2
90850,90860,1.2389,641.8,37.3,53.4,47.5
90860,90870,1.2417,641.8,37.3,53.4,48.1
90870,90880,1.2444,642.4,37.3,53.4,48.6
90880,90890,1.2472,642.7,37.3,53.4,48.6
90890,90900,1.2500,643.0,37.3,53.4,47.8
90900,90910,1.2528,642.7,37.3,53.4,48.9
90910,90920,1.2556,643.0,37.3,53.4,47.9
90920,90930,1.2583,643.3,37.3,53.4,48
90930,90940,1.2611,643.0,37.3,53.4,47.8
90940,90950,1.2639,642.7,37.3,53.4,48.3
90950,90960,1.2667,643.3,37.3,53.4,46.5
90960,90970,1.2694,643.9,37.3,53.4,48.7
90970,90980,1.2722,643.3,37.3,53.4,48.6
90980,90990,1.2750,643.6,37.3,53.4,47.6
90990,91000,1.2778,643.9,37.3,53.4,48
91000,91010,1.2806,643.9,37.3,53.4,48.1
91010,91020,1.2833,643.3,37.3,53.4,48.5
91020,91030,1.2861,643.3,37.3,53.4,49.3
91030,91040,1.2889,643.3,37.3,53.4,48.9
91040,91050,1.2917,643.3,37.3,53.4,48.7
91050,91060,1.2944,643.9,37.3,53.4,47.6
91060,91070,1.2972,643.9,37.3,53.4,48.6
91070,91080,1.3000,644.2,37.3,53.4,47.2
91080,91090,1.3028,643.9,37.3,53.4,47.8
91090,91100,1.3056,643.9,37.3,53.4,47.2
91100,91110,1.3083,643.0,37.3,53.4,46.2
91110,91120,1.3111,643.6,37.3,53.4,46.5
91120,91130,1.3139,644.2,37.2,53.4,48
91130,91140,1.3167,643.3,37.2,53.4,45.6
91140,91150,1.3194,643.0,37.2,53.4,46.9
91150,91160,1.3222,643.6,37.2,53.4,45.7
91160,91170,1.3250,643.9,37.2,53.4,45.8
91170,91180,1.3278,643.9,37.2,53.4,46.8
91180,91190,1.3306,643.3,37.2,53.4,47.4
91190,91200,1.3333,643.6,37.2,53.4,48.8
91200,91210,1.3361,643.6,37.2,53.4,47.5
91210,91220,1.3389,643.3,37.2,53.4,47.3
91220,91230,1.3417,643.3,37.2,53.4,48.7
91230,91240,1.3444,644.2,37.2,53.4,47.4
91240,91250,1.3472,643.9,37.2,53.4,47.8
91250,91260,1.3500,643.9,37.2,53.4,47.7
91260,91270,1.3528,644.2,37.2,53.4,48.4
91270,91280,1.3556,644.2,37.2,53.4,46.1
91280,91290,1.3583,644.2,37.2,53.4,47.1
91290,91300,1.3611,643.9,37.2,53.4,47.7
91300,91310,1.3639,643.6,37.2,53.4,46.6
91310,91320,1.3667,643.9,37.2,53.4,48.3
91320,91330,1.3694,643.6,37.2,53.4,47.4
91330,91340,1.3722,643.3,37.2,53.4,46.6
91340,91350,1.3750,643.0,37.2,53.4,46.9
91350,91360,1.3778,643.3,37.2,53.4,46.6
91360,91370,1.3806,643.3,37.2,53.4,46.6
91370,91380,1.3833,643.3,37.2,53.4,45.2
91380,91390,1.3861,643.3,37.2,53.4,44.7
91390,91400,1.3889,643.6,37.2,53.4,45.3
91400,91410,1.3917,643.6,37.2,53.4,45.7
91410,91420,1.3944,643.3,37.2,53.4,45.5
91420,91430,1.3972,643.3,37.2,53.4,46.2
91430,91440,1.4000,643.9,37.2,53.4,45.7
91440,91450,1.4028,644.2,37.2,53.4,46
91450,91460,1.4056,643.3,37.2,53.4,47.5
91460,91470,1.4083,643.3,37.2,53.4,47.7
91470,91480,1.4111,643.6,37.2,53.4,47.2
91480,91490,1.4139,643.9,37.2,53.4,47.4
91490,91500,1.4167,643.0,37.2,53.4,45.7
91500,91510,1.4194,643.3,37.2,53.4,46.6
91510,91520,1.4222,643.6,37.2,53.4,47.1
91520,91530,1.4250,643.9,37.2,53.4,45.6
91530,91540,1.4278,643.3,37.2,53.4,45.7
91540,91550,1.4306,643.0,37.2,53.4,46.9
91550,91560,1.4333,643.6,37.2,53.4,46
91560,91570,1.4361,643.3,37.2,53.4,45.8
91570,91580,1.4389,643.3,37.2,53.4,46
91580,91590,1.4417,642.7,37.2,53.4,45.8
91590,91600,1.4444,643.0,37.2,53.4,47.4
91600,91610,1.4472,642.7,37.1,53.4,47.2
91610,91620,1.4500,642.7,37.1,53.4,46.4
91620,91630,1.4528,643.3,37.1,53.4,47.2
91630,91640,1.4556,643.9,37.1,53.4,46.6
91640,91650,1.4583,643.6,37.1,53.4,46.8
91650,91660,1.4611,643.3,37.1,53.4,46
91660,91670,1.4639,643.3,37.1,53.4,46.8
91670,91680,1.4667,643.6,37.1,53.4,46
91680,91690,1.4694,643.6,37.1,53.4,46.4
91690,91700,1.4722,643.6,37.1,53.4,46.4
91700,91710,1.4750,643.9,37.1,53.4,46.1
91710,91720,1.4778,644.2,37.1,53.4,45.4
91720,91730,1.4806,643.9,37.1,53.4,47.1
91730,91740,1.4833,643.6,37.1,53.4,47.3
91740,91750,1.4861,643.0,37.1,53.4,46.8
91750,91760,1.4889,643.6,37.1,53.4,46.7
91760,91770,1.4917,644.2,37.1,53.4,48
91770,91780,1.4944,643.6,37.1,53.4,47.8
91780,91790,1.4972,643.6,37.1,53.4,48.3
91790,91800,1.5000,643.9,37.1,53.4,48.5
91800,91810,1.5028,644.2,37.1,53.4,49.3
91810,91820,1.5056,643.9,37.1,53.4,48.4
91820,91830,1.5083,643.9,37.1,53.4,48.7
91830,91840,1.5111,644.2,37.1,53.4,48.5
91840,91850,1.5139,644.5,37.1,53.4,47.5
91850,91860,1.5167,644.5,37.1,53.4,47
91860,91870,1.5194,646.6,37.1,53.4,46.6
91870,91880,1.5222,649.3,37.1,53.4,48.1
91880,91890,1.5250,651.7,37.0,53.4,48.9
91890,91900,1.5278,652.9,37.0,53.4,46.9
91900,91910,1.5306,655.0,37.0,53.4,46.2
91910,91920,1.5333,657.4,37.0,53.4,46.9
91920,91930,1.5361,660.6,37.0,53.4,45.7
91930,91940,1.5389,663.0,37.0,53.4,45.2
91940,91950,1.5417,666.6,37.0,53.4,45
91950,91960,1.5444,670.5,37.0,53.4,42.4
91960,91970,1.5472,675.0,37.0,53.4,42.1
91970,91980,1.5500,678.6,37.0,53.4,40.8
91980,91990,1.5528,682.5,37.0,53.4,40.5
91990,92000,1.5556,685.5,37.0,53.4,40
92000,92010,1.5583,690.9,37.0,53.4,40.6
92010,92020,1.5611,694.2,37.0,53.4,39.8
92020,92030,1.5639,698.1,37.0,53.4,40
92030,92040,1.5667,702.0,37.0,53.4,40.2
92040,92050,1.5694,705.3,37.0,53.4,40
92050,92060,1.5722,707.7,37.0,53.4,39.7
92060,92070,1.5750,710.4,37.0,53.4,39.6
92070,92080,1.5778,713.4,37.0,53.4,39.3
92080,92090,1.5806,715.5,37.0,53.4,38.4
92090,92100,1.5833,717.3,37.0,53.4,39.2
92100,92110,1.5861,719.7,37.0,53.4,38.1
92110,92120,1.5889,725.1,37.0,53.4,39.5
92120,92130,1.5917,727.5,37.0,53.4,38.5
92130,92140,1.5944,730.5,37.0,53.4,38.5
92140,92150,1.5972,733.2,37.0,53.4,38.9
92150,92160,1.6000,735.0,37.0,53.4,39.2
92160,92170,1.6028,737.9,37.0,53.4,39.2
92170,92180,1.6056,740.0,36.9,53.4,38.8
92180,92190,1.6083,741.5,36.9,53.4,38.6
