data/raw/Flight9/O3_POLAR6_201504202143_R0_L2_NETCARE.ict
37, 1001
Staebler, Ralf
Environment Canada
Thermo 49i ozone data
Polar 6 NETCARE
1, 1
2015, 4, 20, 2015, 9, 30
0
Start_UTC, seconds
6
1, 1, 1, 1, 1, 1
-9999, -9999, -999.9, -99.9, -99.9, -99.9
Stop_UTC, seconds
hr, decimal hours (UTC)
Press, cell pressure (Torr)
BenchT, instrument temperature (deg C)
LampT, ozone lamp temperature (deg C)
O3, ozone mixing ratio (ppbv)
1
Press, BenchT, LampT are included for diagnostics
16
PI_CONTACT_INFO: Address: 4905 Dufferin Street, Toronto, ON M3H 5T4; email: Ralf.Staebler@ec.gc.ca
PLATFORM: Polar 6 
LOCATION: Location data varies as seen in this file
INSTRUMENT_INFO: Thermo Scienfific ozone analyzer model 49i, S.N. 0606014771
UNCERTAINTY: 0.2 ppbv 
ULOD_FLAG: -7777
ULOD_VALUE: N/A
LLOD_FLAG: -8888
LLOD_VALUE: N/A
DM_CONTACT_INFO: Ralf Staebler; Environment Canada; Ralf.Staebler@ec.gc.ca
PROJECT_INFO: Polar 6 NETCARE Spring 2015 campaign
STIPULATIONS_ON_USE: If use of this data will lead to a publication, we ask that the PI be informed.
OTHER_COMMENTS: N/A
REVISION: R0
R0: First set of data.
Start_UTC,Stop_UTC,hr,Press,BenchT,LampT,O3
[from data line 391]
82270,82280,22.8556,506.3,36.0,53.4,52.4
82280,82290,22.8583,504.9,36.0,53.4,53.2
82290,82300,22.8611,502.5,36.1,53.4,52.2
82300,82310,22.8639,501.3,36.1,53.4,52.3
82310,82320,22.8667,499.8,36.1,53.4,51.4
82320,82330,22.8694,498.6,36.1,53.4,53.5
82330,82340,22.8722,495.6,36.1,53.4,52.2
82340,82350,22.8750,493.5,36.1,53.4,55
82350,82360,22.8778,492.9,36.1,53.4,55.4
82360,82370,22.8806,491.7,36.1,53.4,55.7
82370,82380,22.8833,489.9,36.1,53.4,57.2
82380,82390,22.8861,487.5,36.1,53.4,55.8
82390,82400,22.8889,486.3,36.1,53.4,55.7
82400,82410,22.8917,484.8,36.2,53.4,56.1
82410,82420,22.8944,482.7,36.2,53.4,57.5
82420,82430,22.8972,481.2,36.2,53.4,57.2
82430,82440,22.9000,480.3,36.2,53.4,58.5
82440,82450,22.9028,478.5,36.2,53.4,57.4
82450,82460,22.9056,476.4,36.2,53.4,56.9
82460,82470,22.9083,474.6,36.3,53.4,58.3
82470,82480,22.9111,473.4,36.3,53.4,56.8
82480,82490,22.9139,472.2,36.3,53.4,56.3
82490,82500,22.9167,469.8,36.3,53.4,57.4
82500,82510,22.9194,468.3,36.3,53.4,57.5
82510,82520,22.9222,467.4,36.3,53.4,58.6
82520,82530,22.9250,466.2,36.3,53.4,58.3
82530,82540,22.9278,466.5,36.3,53.4,57.1
82540,82550,22.9306,466.2,36.3,53.4,58.1
82550,82560,22.9333,467.1,36.3,53.4,57.5
82560,82570,22.9361,467.7,36.3,53.4,58.5
82570,82580,22.9389,467.4,36.3,53.4,59
82580,82590,22.9417,468.3,36.4,53.5,60.4
82590,82600,22.9444,468.6,36.4,53.4,59
82600,82610,22.9472,469.2,36.4,53.4,58.3
82610,82620,22.9500,468.9,36.4,53.4,57.4
82620,82630,22.9528,468.9,36.4,53.4,57
82630,82640,22.9556,468.9,36.4,53.4,55.9
82640,82650,22.9583,468.6,36.4,53.4,56.1
82650,82660,22.9611,468.0,36.4,53.5,55.6
82660,82670,22.9639,467.7,36.4,53.4,57.1
82670,82680,22.9667,467.7,36.5,53.4,57.8
82680,82690,22.9694,466.8,36.5,53.4,60
82690,82700,22.9722,466.5,36.5,53.5,58.8
82700,82710,22.9750,466.2,36.5,53.4,59.2
82710,82720,22.9778,466.2,36.5,53.4,58.6
82720,82730,22.9806,465.3,36.5,53.4,59.9
82730,82740,22.9833,465.0,36.5,53.4,59.6
82740,82750,22.9861,473.4,36.5,53.5,60.5
82750,82760,22.9889,477.0,36.6,53.5,-99.9
82760,82770,22.9917,477.3,36.6,53.5,-99.9
82770,82780,22.9944,477.6,36.6,53.5,-99.9
82780,82790,22.9972,477.0,36.6,53.4,-99.9
82790,82800,23.0000,477.6,36.6,53.4,-99.9
82800,82810,23.0028,477.9,36.6,53.4,-99.9
82810,82820,23.0056,477.6,36.6,53.5,-99.9
82820,82830,23.0083,477.9,36.6,53.4,-99.9
82830,82840,23.0111,477.9,36.7,53.4,-99.9
82840,82850,23.0139,478.5,36.7,53.5,-99.9
82850,82860,23.0167,477.6,36.7,53.4,-99.9
82860,82870,23.0194,478.2,36.7,53.4,-99.9
82870,82880,23.0222,477.6,36.7,53.4,-99.9
82880,82890,23.0250,478.8,36.7,53.5,-99.9
82890,82900,23.0278,477.3,36.7,53.4,-99.9
82900,82910,23.0306,466.8,36.7,53.4,-99.9
82910,82920,23.0333,466.8,36.7,53.4,-99.9
82920,82930,23.0361,465.9,36.7,53.5,58.7
82930,82940,23.0389,464.4,36.7,53.4,59.3
82940,82950,23.0417,462.9,36.8,53.4,60
82950,82960,23.0444,461.4,36.8,53.4,59
82960,82970,23.0472,459.9,36.8,53.4,59
82970,82980,23.0500,457.2,36.8,53.4,59.1
82980,82990,23.0528,455.1,36.8,53.4,59.9
82990,83000,23.0556,453.6,36.8,53.5,62.3
83000,83010,23.0583,452.1,36.8,53.4,63.1
83010,83020,23.0611,449.7,36.8,53.5,64.6
83020,83030,23.0639,448.5,36.9,53.5,62.9
83030,83040,23.0667,446.7,36.9,53.4,62.8
83040,83050,23.0694,445.2,36.9,53.5,61.1
83050,83060,23.0722,443.1,36.9,53.4,59.6
83060,83070,23.0750,441.9,36.9,53.5,61.1
83070,83080,23.0778,440.4,36.9,53.4,62.5
83080,83090,23.0806,439.5,36.9,53.4,58.8
83090,83100,23.0833,438.0,36.9,53.4,59
83100,83110,23.0861,435.9,36.9,53.4,60
83110,83120,23.0889,434.7,36.9,53.5,64.3
83120,83130,23.0917,433.2,36.9,53.4,64.5
83130,83140,23.0944,431.4,37.0,53.4,66.2
83140,83150,23.0972,429.9,37.0,53.5,66.3
83150,83160,23.1000,428.7,37.0,53.5,68.1
83160,83170,23.1028,427.5,37.0,53.5,68.7
83170,83180,23.1056,425.2,37.0,53.5,63.6
83180,83190,23.1083,424.0,37.0,53.5,63.9
83190,83200,23.1111,422.5,37.0,53.4,64.6
83200,83210,23.1139,420.7,37.0,53.4,66.5
83210,83220,23.1167,418.9,37.0,53.5,64
83220,83230,23.1194,417.1,37.1,53.5,63.7
83230,83240,23.1222,415.9,37.1,53.5,65
83240,83250,23.1250,414.4,37.1,53.5,65.5
83250,83260,23.1278,412.3,37.1,53.5,66.4
83260,83270,23.1306,410.5,37.1,53.5,65.8
83270,83280,23.1333,409.9,37.1,53.5,63.9
83280,83290,23.1361,408.4,37.1,53.5,62.8
83290,83300,23.1389,407.2,37.1,53.5,65.1
83300,83310,23.1417,405.7,37.1,53.4,64.9
83310,83320,23.1444,404.2,37.2,53.5,64.2
83320,83330,23.1472,403.0,37.2,53.5,62.6
83330,83340,23.1500,401.5,37.2,53.5,58.8
83340,83350,23.1528,399.7,37.2,53.5,61.6
83350,83360,23.1556,399.4,37.2,53.5,61.4
83360,83370,23.1583,397.3,37.2,53.5,61.2
83370,83380,23.1611,396.1,37.2,53.5,63.7
83380,83390,23.1639,394.3,37.2,53.5,63.1
83390,83400,23.1667,393.1,37.2,53.5,64.6
83400,83410,23.1694,391.6,37.3,53.5,66.3
83410,83420,23.1722,389.8,37.3,53.5,67.3
83420,83430,23.1750,388.3,37.3,53.5,67.6
83430,83440,23.1778,387.1,37.3,53.5,68.6
83440,83450,23.1806,386.2,37.3,53.5,67.8
83450,83460,23.1833,383.8,37.3,53.5,62.6
83460,83470,23.1861,382.0,37.3,53.5,64.3
83470,83480,23.1889,381.1,37.3,53.5,63.2
83480,83490,23.1917,379.0,37.4,53.5,64.9
83490,83500,23.1944,377.8,37.4,53.5,61.7
83500,83510,23.1972,375.4,37.4,53.5,59.9
83510,83520,23.2000,375.1,37.4,53.5,60.4
83520,83530,23.2028,373.0,37.4,53.5,61.6
83530,83540,23.2056,371.5,37.4,53.5,63.9
83540,83550,23.2083,370.6,37.4,53.5,64.1
83550,83560,23.2111,369.1,37.4,53.5,62
83560,83570,23.2139,368.5,37.4,53.5,67.1
83570,83580,23.2167,366.7,37.4,53.5,62.9
83580,83590,23.2194,366.1,37.4,53.5,63.6
83590,83600,23.2222,364.3,37.5,53.5,63.3
83600,83610,23.2250,363.1,37.5,53.5,61.2
83610,83620,23.2278,363.4,37.5,53.5,62.2
83620,83630,23.2306,362.8,37.5,53.5,62.2
83630,83640,23.2333,363.1,37.5,53.5,63
83640,83650,23.2361,363.4,37.5,53.5,63.6
83650,83660,23.2389,363.1,37.5,53.5,62.7
83660,83670,23.2417,363.4,37.5,53.5,61.3
83670,83680,23.2444,363.4,37.5,53.5,66.6
83680,83690,23.2472,363.4,37.6,53.5,63.9
83690,83700,23.2500,363.4,37.6,53.5,61.4
83700,83710,23.2528,364.0,37.6,53.5,62.6
83710,83720,23.2556,364.0,37.6,53.5,64.1
83720,83730,23.2583,364.0,37.6,53.5,62.5
83730,83740,23.2611,364.0,37.6,53.5,59.5
83740,83750,23.2639,363.7,37.6,53.5,61.1
83750,83760,23.2667,363.7,37.6,53.5,61.5
83760,83770,23.2694,363.7,37.7,53.5,61.9
83770,83780,23.2722,363.1,37.7,53.5,61.5
83780,83790,23.2750,362.8,37.7,53.5,61.7
83790,83800,23.2778,363.4,37.7,53.5,63.4
83800,83810,23.2806,363.4,37.7,53.5,61.3
83810,83820,23.2833,363.4,37.7,53.5,62.4
83820,83830,23.2861,363.4,37.7,53.5,65.8
83830,83840,23.2889,364.0,37.7,53.5,62.7
83840,83850,23.2917,363.1,37.7,53.5,64.4
83850,83860,23.2944,363.7,37.7,53.5,63.9
83860,83870,23.2972,363.1,37.8,53.5,60.4
83870,83880,23.3000,363.4,37.8,53.5,57.6
83880,83890,23.3028,363.7,37.8,53.5,61.5
83890,83900,23.3056,363.4,37.8,53.5,58.9
83900,83910,23.3083,363.1,37.8,53.5,59.5
83910,83920,23.3111,364.0,37.8,53.5,58.8
83920,83930,23.3139,364.0,37.8,53.5,60.3
83930,83940,23.3167,364.0,37.8,53.5,60.5
83940,83950,23.3194,364.6,37.8,53.5,59.1
83950,83960,23.3222,363.1,37.8,53.5,60.4
83960,83970,23.3250,364.0,37.8,53.5,61.4
83970,83980,23.3278,364.3,37.8,53.5,61.3
83980,83990,23.3306,364.0,37.9,53.5,64.3
83990,84000,23.3333,364.3,37.9,53.5,65.1
84000,84010,23.3361,364.6,37.9,53.5,63.7
84010,84020,23.3389,364.3,37.9,53.5,60.9
84020,84030,23.3417,365.5,37.9,53.5,62.4
84030,84040,23.3444,367.9,37.9,53.5,62.9
84040,84050,23.3472,369.4,37.9,53.5,62.9
84050,84060,23.3500,370.3,38.0,53.5,62.7
84060,84070,23.3528,371.2,38.0,53.5,62.9
84070,84080,23.3556,373.0,38.0,53.5,63.9
84080,84090,23.3583,374.5,38.0,53.5,65.2
84090,84100,23.3611,375.4,38.0,53.5,62.7
84100,84110,23.3639,376.3,38.0,53.5,65.3
84110,84120,23.3667,377.8,38.0,53.5,65.4
84120,84130,23.3694,379.3,38.0,53.5,66.4
84130,84140,23.3722,380.8,38.0,53.5,65.6
84140,84150,23.3750,382.3,38.0,53.5,65.9
84150,84160,23.3778,383.8,38.0,53.5,65.9
84160,84170,23.3806,385.9,38.0,53.5,64.5
84170,84180,23.3833,387.7,38.1,53.5,64.1
84180,84190,23.3861,389.2,38.1,53.5,65
84190,84200,23.3889,391.6,38.1,53.5,63
84200,84210,23.3917,393.4,38.1,53.5,63.9
84210,84220,23.3944,394.6,38.1,53.5,63
84220,84230,23.3972,396.1,38.1,53.5,63.1
84230,84240,23.4000,397.9,38.1,53.5,64.4
84240,84250,23.4028,399.4,38.1,53.5,67
84250,84260,23.4056,400.9,38.1,53.5,67.9
84260,84270,23.4083,402.1,38.1,53.5,66.2
84270,84280,23.4111,403.9,38.1,53.5,66.3
84280,84290,23.4139,405.7,38.1,53.5,63.6
84290,84300,23.4167,406.3,38.2,53.5,61.6
84300,84310,23.4194,408.1,38.2,53.5,64.2
84310,84320,23.4222,409.6,38.2,53.5,63.5
84320,84330,23.4250,411.1,38.2,53.5,63.4
84330,84340,23.4278,412.6,38.2,53.5,60.5
84340,84350,23.4306,413.8,38.2,53.5,60.7
84350,84360,23.4333,415.9,38.2,53.5,61.9
84360,84370,23.4361,417.4,38.2,53.5,60.4
84370,84380,23.4389,418.6,38.2,53.5,62.8
84380,84390,23.4417,420.1,38.2,53.5,63.5
84390,84400,23.4444,421.9,38.3,53.5,63.4
84400,84410,23.4472,423.1,38.2,53.5,64.7
84410,84420,23.4500,424.3,38.3,53.5,64.1
84420,84430,23.4528,425.5,38.3,53.5,62.1
84430,84440,23.4556,427.2,38.3,53.5,62
84440,84450,23.4583,428.4,38.3,53.5,62.2
84450,84460,23.4611,430.5,38.3,53.5,61.9
84460,84470,23.4639,431.7,38.3,53.5,63.5
84470,84480,23.4667,433.2,38.3,53.5,62.8
84480,84490,23.4694,435.0,38.3,53.5,63.3
84490,84500,23.4722,436.2,38.3,53.5,64.7
84500,84510,23.4750,437.7,38.3,53.5,64.8
84510,84520,23.4778,439.5,38.3,53.5,64.9
84520,84530,23.4806,441.0,38.3,53.5,66.4
84530,84540,23.4833,442.2,38.3,53.5,65.2
84540,84550,23.4861,443.4,38.3,53.5,66
84550,84560,23.4889,445.8,38.3,53.5,65
84560,84570,23.4917,446.7,38.3,53.5,65.9
84570,84580,23.4944,448.2,38.4,53.5,64.5
84580,84590,23.4972,450.0,38.4,53.5,63.5
84590,84600,23.5000,452.1,38.4,53.5,64.7
84600,84610,23.5028,453.9,38.4,53.5,63.3
84610,84620,23.5056,455.7,38.4,53.5,63.6
84620,84630,23.5083,457.2,38.4,53.5,62.3
84630,84640,23.5111,459.0,38.4,53.5,61.6
84640,84650,23.5139,460.8,38.4,53.5,63.2
84650,84660,23.5167,461.7,38.4,53.5,62
84660,84670,23.5194,463.2,38.4,53.5,63.6
84670,84680,23.5222,464.7,38.4,53.5,63.6
84680,84690,23.5250,466.2,38.4,53.5,63.1
84690,84700,23.5278,466.8,38.4,53.5,62.6
84700,84710,23.5306,467.1,38.4,53.5,61.3
84710,84720,23.5333,468.0,38.4,53.5,60.7
84720,84730,23.5361,468.3,38.4,53.5,61.4
84730,84740,23.5389,468.9,38.4,53.5,61.5
84740,84750,23.5417,468.6,38.4,53.5,60.5
84750,84760,23.5444,468.0,38.5,53.5,60.7
84760,84770,23.5472,467.7,38.5,53.5,62.1
84770,84780,23.5500,467.7,38.5,53.5,62.1
84780,84790,23.5528,467.4,38.5,53.5,63.8
84790,84800,23.5556,468.3,38.5,53.4,64
84800,84810,23.5583,468.0,38.5,53.5,63.2
84810,84820,23.5611,467.7,38.5,53.5,65.1
84820,84830,23.5639,467.1,38.5,53.5,63.5
84830,84840,23.5667,467.4,38.5,53.5,61.4
84840,84850,23.5694,468.6,38.5,53.5,63.5
84850,84860,23.5722,468.0,38.5,53.5,62.4
84860,84870,23.5750,467.1,38.5,53.5,61
84870,84880,23.5778,466.5,38.5,53.5,63.6
84880,84890,23.5806,467.1,38.5,53.5,64.7
84890,84900,23.5833,466.8,38.5,53.5,61.6
84900,84910,23.5861,466.8,38.5,53.5,62.1
84910,84920,23.5889,466.8,38.5,53.5,63
84920,84930,23.5917,466.8,38.5,53.5,63.2
84930,84940,23.5944,466.2,38.5,53.5,62.9
84940,84950,23.5972,466.2,38.5,53.5,64.6
84950,84960,23.6000,467.4,38.5,53.5,63.7
84960,84970,23.6028,466.8,38.5,53.5,61.8
84970,84980,23.6056,466.8,38.5,53.5,60
84980,84990,23.6083,466.5,38.5,53.5,61.7
84990,85000,23.6111,466.5,38.5,53.5,59
85000,85010,23.6139,466.8,38.5,53.5,59.5
85010,85020,23.6167,467.7,38.5,53.5,60.7
85020,85030,23.6194,468.9,38.5,53.5,58.4
85030,85040,23.6222,470.1,38.5,53.5,59.8
85040,85050,23.6250,471.6,38.5,53.4,59.2
85050,85060,23.6278,472.5,38.5,53.4,58.2
85060,85070,23.6306,473.4,38.5,53.5,60.6
85070,85080,23.6333,475.5,38.5,53.5,59.7
85080,85090,23.6361,477.0,38.5,53.5,60.1
85090,85100,23.6389,478.2,38.5,53.5,61.1
85100,85110,23.6417,479.7,38.5,53.5,59.8
85110,85120,23.6444,481.5,38.5,53.5,58.8
85120,85130,23.6472,483.3,38.5,53.5,59.2
85130,85140,23.6500,484.8,38.5,53.5,59.1
85140,85150,23.6528,486.0,38.5,53.4,59.9
85150,85160,23.6556,487.5,38.5,53.5,60.6
85160,85170,23.6583,489.3,38.5,53.5,58.1
85170,85180,23.6611,490.2,38.5,53.5,58.8
85180,85190,23.6639,492.0,38.5,53.4,58.9
85190,85200,23.6667,493.8,38.5,53.5,59.7
85200,85210,23.6694,495.3,38.5,53.5,57.9
85210,85220,23.6722,496.2,38.5,53.5,58.9
85220,85230,23.6750,498.0,38.5,53.5,58.7
85230,85240,23.6778,499.5,38.5,53.4,58
85240,85250,23.6806,501.3,38.5,53.5,57.1
85250,85260,23.6833,501.6,38.6,53.5,55.1
85260,85270,23.6861,501.9,38.5,53.4,55.6
85270,85280,23.6889,502.2,38.5,53.4,55.5
85280,85290,23.6917,502.2,38.6,53.5,54.7
85290,85300,23.6944,501.9,38.6,53.4,55.1
85300,85310,23.6972,502.2,38.6,53.5,55.6
85310,85320,23.7000,502.2,38.6,53.5,54.5
85320,85330,23.7028,503.1,38.6,53.5,55
85330,85340,23.7056,502.8,38.6,53.5,56.6
85340,85350,23.7083,502.2,38.6,53.4,57.4
85350,85360,23.7111,502.5,38.6,53.5,57.7
85360,85370,23.7139,502.5,38.6,53.5,57.6
85370,85380,23.7167,502.5,38.6,53.5,57.6
85380,85390,23.7194,501.9,38.6,53.5,57.7
85390,85400,23.7222,501.9,38.6,53.5,58
85400,85410,23.7250,501.9,38.6,53.5,57.7
85410,85420,23.7278,501.3,38.6,53.5,58
85420,85430,23.7306,501.3,38.6,53.5,56.8
85430,85440,23.7333,501.6,38.6,53.5,58.4
85440,85450,23.7361,501.3,38.6,53.5,57.9
85450,85460,23.7389,501.3,38.6,53.5,58.4
85460,85470,23.7417,501.0,38.6,53.5,57.2
85470,85480,23.7444,501.0,38.6,53.5,57.9
85480,85490,23.7472,501.3,38.6,53.5,60
85490,85500,23.7500,501.0,38.6,53.5,58.4
85500,85510,23.7528,501.0,38.6,53.5,59.8
85510,85520,23.7556,501.6,38.6,53.5,60.7
85520,85530,23.7583,501.6,38.6,53.5,60.2
85530,85540,23.7611,501.0,38.6,53.5,58.4
85540,85550,23.7639,501.0,38.6,53.5,58.3
85550,85560,23.7667,501.6,38.6,53.5,57.1
85560,85570,23.7694,501.6,38.6,53.5,57.4
85570,85580,23.7722,500.4,38.6,53.5,56.6
85580,85590,23.7750,500.7,38.6,53.5,56.6
85590,85600,23.7778,501.3,38.6,53.5,57.4
85600,85610,23.7806,501.6,38.6,53.5,59
85610,85620,23.7833,501.6,38.6,53.5,58
85620,85630,23.7861,501.6,38.6,53.5,59.8
85630,85640,23.7889,501.3,38.6,53.5,57.7
85640,85650,23.7917,501.6,38.6,53.5,59.1
85650,85660,23.7944,501.0,38.6,53.5,58.3
85660,85670,23.7972,501.0,38.6,53.5,58
85670,85680,23.8000,501.3,38.6,53.5,57.2
85680,85690,23.8028,501.3,38.6,53.5,56.7
85690,85700,23.8056,500.7,38.6,53.5,57.5
85700,85710,23.8083,500.7,38.6,53.5,56.8
85710,85720,23.8111,501.3,38.6,53.5,58.3
85720,85730,23.8139,501.3,38.6,53.5,58.1
85730,85740,23.8167,501.0,38.6,53.5,58.3
85740,85750,23.8194,500.7,38.6,53.5,57.1
85750,85760,23.8222,501.3,38.6,53.5,59.9
85760,85770,23.8250,501.6,38.6,53.5,57.8
85770,85780,23.8278,501.0,38.6,53.5,57.4
85780,85790,23.8306,500.7,38.6,53.5,59.5
85790,85800,23.8333,501.0,38.6,53.5,57.9
85800,85810,23.8361,500.7,38.6,53.5,58.6
85810,85820,23.8389,500.4,38.6,53.5,58.1
85820,85830,23.8417,500.1,38.6,53.5,57.3
85830,85840,23.8444,500.4,38.6,53.5,57
85840,85850,23.8472,500.7,38.6,53.5,57.6
85850,85860,23.8500,500.1,38.6,53.5,57.2
85860,85870,23.8528,500.1,38.6,53.5,57.5
85870,85880,23.8556,500.4,38.6,53.5,56.4
85880,85890,23.8583,499.8,38.6,53.5,58.3
85890,85900,23.8611,499.5,38.6,53.5,58.6
85900,85910,23.8639,498.9,38.7,53.5,57.6
85910,85920,23.8667,499.2,38.7,53.5,58.6
85920,85930,23.8694,498.9,38.6,53.5,58.7
85930,85940,23.8722,498.9,38.7,53.5,58.7
85940,85950,23.8750,498.6,38.6,53.5,59.9
85950,85960,23.8778,498.9,38.6,53.5,56.8
85960,85970,23.8806,499.2,38.7,53.5,57.6
85970,85980,23.8833,498.9,38.7,53.5,55.7
85980,85990,23.8861,498.9,38.6,53.5,57.8
85990,86000,23.8889,499.5,38.7,53.5,58.5
86000,86010,23.8917,499.5,38.7,53.5,56.9
86010,86020,23.8944,498.9,38.7,53.5,55.9
86020,86030,23.8972,498.6,38.7,53.5,57.4
86030,86040,23.9000,498.9,38.7,53.5,57.8
86040,86050,23.9028,499.2,38.7,53.5,59.2
86050,86060,23.9056,499.2,38.7,53.5,58.9
86060,86070,23.9083,499.2,38.7,53.5,58.9
86070,86080,23.9111,499.5,38.7,53.5,58.3
86080,86090,23.9139,499.2,38.7,53.5,59.2
86090,86100,23.9167,499.2,38.7,53.5,57.7
86100,86110,23.9194,499.2,38.7,53.5,58
86110,86120,23.9222,499.8,38.7,53.5,57.1
86120,86130,23.9250,500.1,38.7,53.5,56.8
86130,86140,23.9278,500.4,38.7,53.5,59.2
86140,86150,23.9306,501.0,38.7,53.5,57.5
86150,86160,23.9333,502.8,38.7,53.5,58.3
86160,86170,23.9361,503.7,38.7,53.5,57.8
