data/raw/Flight9/O3_POLAR6_201504202143_R0_L2_NETCARE.ict
37, 1001
Staebler, Ralf
Environment Canada
Thermo 49i ozone data
Polar 6 NETCARE
1, 1
2015, 4, 20, 2015, 9, 30
0
Start_UTC, seconds
6
1, 1, 1, 1, 1, 1
-9999, -9999, -999.9, -99.9, -99.9, -99.9
Stop_UTC, seconds
hr, decimal hours (UTC)
Press, cell pressure (Torr)
BenchT, instrument temperature (deg C)
LampT, ozone lamp temperature (deg C)
O3, ozone mixing ratio (ppbv)
1
Press, BenchT, LampT are included for diagnostics
16
PI_CONTACT_INFO: Address: 4905 Dufferin Street, Toronto, ON M3H 5T4; email: Ralf.Staebler@ec.gc.ca
PLATFORM: Polar 6 
LOCATION: Location data varies as seen in this file
INSTRUMENT_INFO: Thermo Scienfific ozone analyzer model 49i, S.N. 0606014771
UNCERTAINTY: 0.2 ppbv 
ULOD_FLAG: -7777
ULOD_VALUE: N/A
LLOD_FLAG: -8888
LLOD_VALUE: N/A
DM_CONTACT_INFO: Ralf Staebler; Environment Canada; Ralf.Staebler@ec.gc.ca
PROJECT_INFO: Polar 6 NETCARE Spring 2015 campaign
STIPULATIONS_ON_USE: If use of this data will lead to a publication, we ask that the PI be informed.
OTHER_COMMENTS: N/A
REVISION: R0
R0: First set of data.
Start_UTC,Stop_UTC,hr,Press,BenchT,LampT,O3
[from data line 782]
86180,86190,23.9417,506.0,38.7,53.5,59
86190,86200,23.9444,507.5,38.7,53.5,57.4
86200,86210,23.9472,509.6,38.7,53.5,56.7
86210,86220,23.9500,510.8,38.7,53.5,56.7
86220,86230,23.9528,512.6,38.7,53.5,55
86230,86240,23.9556,515.0,38.7,53.5,55.1
86240,86250,23.9583,516.8,38.7,53.5,55.2
86250,86260,23.9611,518.6,38.7,53.5,54.7
86260,86270,23.9639,520.7,38.7,53.5,53.4
86270,86280,23.9667,522.8,38.7,53.5,53.1
86280,86290,23.9694,525.2,38.7,53.5,52.7
86290,86300,23.9722,526.7,38.7,53.5,52.4
86300,86310,23.9750,528.2,38.7,53.5,52.9
86310,86320,23.9778,530.0,38.7,53.5,53.9
86320,86330,23.9806,531.5,38.7,53.5,52.6
86330,86340,23.9833,533.3,38.7,53.5,54
86340,86350,23.9861,534.5,38.7,53.5,49.5
86350,86360,23.9889,534.5,38.7,53.5,47.6
86360,86370,23.9917,535.7,38.7,53.5,48.3
86370,86380,23.9944,535.4,38.7,53.5,48.1
86380,86390,23.9972,535.7,38.7,53.5,47.1
86390,86400,0.0000,536.0,38.7,53.5,48.8
86400,86410,0.0028,536.0,38.7,53.5,47.1
86410,86420,0.0056,536.3,38.7,53.5,46.3
86420,86430,0.0083,535.7,38.7,53.5,48.8
86430,86440,0.0111,536.6,38.7,53.5,46.7
86440,86450,0.0139,536.9,38.7,53.5,46.2
86450,86460,0.0167,536.6,38.7,53.5,46.6
86460,86470,0.0194,536.9,38.7,53.5,48.5
86470,86480,0.0222,536.9,38.7,53.5,47.7
86480,86490,0.0250,537.2,38.7,53.5,48.3
86490,86500,0.0278,537.5,38.7,53.5,48.8
86500,86510,0.0306,537.2,38.7,53.5,48.3
86510,86520,0.0333,538.7,38.7,53.5,47.1
86520,86530,0.0361,537.5,38.7,53.5,48.3
86530,86540,0.0389,537.5,38.7,53.5,47.5
86540,86550,0.0417,537.5,38.7,53.4,45
86550,86560,0.0444,537.5,38.7,53.4,45
86560,86570,0.0472,536.6,38.7,53.4,47.6
86570,86580,0.0500,535.7,38.7,53.5,47.5
86580,86590,0.0528,535.1,38.6,53.5,46.2
86590,86600,0.0556,535.1,38.6,53.5,48.1
86600,86610,0.0583,536.0,38.7,53.5,49.3
86610,86620,0.0611,535.4,38.7,53.5,49.4
86620,86630,0.0639,534.5,38.6,53.5,49.6
86630,86640,0.0667,534.8,38.7,53.4,49.5
86640,86650,0.0694,535.4,38.6,53.5,48.7
86650,86660,0.0722,534.2,38.6,53.5,47.1
86660,86670,0.0750,533.9,38.6,53.5,46.9
86670,86680,0.0778,535.7,38.6,53.5,47.3
86680,86690,0.0806,535.7,38.6,53.4,48.1
86690,86700,0.0833,535.4,38.6,53.5,47.2
86700,86710,0.0861,535.4,38.6,53.5,47.9
86710,86720,0.0889,534.2,38.6,53.4,47.6
86720,86730,0.0917,535.7,38.6,53.5,46.6
86730,86740,0.0944,534.8,38.6,53.5,47.7
86740,86750,0.0972,536.0,38.6,53.5,49
86750,86760,0.1000,536.0,38.6,53.5,47.2
86760,86770,0.1028,534.8,38.6,53.5,49.4
86770,86780,0.1056,533.9,38.6,53.5,49.1
86780,86790,0.1083,535.4,38.6,53.5,47.8
86790,86800,0.1111,535.1,38.6,53.4,46.7
86800,86810,0.1139,535.4,38.6,53.5,48.4
86810,86820,0.1167,534.8,38.6,53.5,48.3
86820,86830,0.1194,534.2,38.6,53.5,48
86830,86840,0.1222,535.4,38.6,53.5,48.7
86840,86850,0.1250,535.1,38.6,53.5,47.9
86850,86860,0.1278,535.4,38.6,53.4,48.9
86860,86870,0.1306,534.8,38.6,53.4,48.9
86870,86880,0.1333,536.0,38.6,53.5,47.5
86880,86890,0.1361,536.0,38.6,53.4,48.2
86890,86900,0.1389,535.7,38.6,53.5,49.3
86900,86910,0.1417,535.7,38.6,53.5,48.8
86910,86920,0.1444,536.0,38.6,53.5,49.4
86920,86930,0.1472,536.0,38.6,53.5,49.1
86930,86940,0.1500,536.3,38.6,53.5,47.4
86940,86950,0.1528,537.2,38.6,53.5,48.7
86950,86960,0.1556,539.3,38.5,53.5,48.8
86960,86970,0.1583,541.4,38.5,53.5,48.6
86970,86980,0.1611,542.0,38.5,53.5,47.8
86980,86990,0.1639,540.8,38.5,53.5,48
86990,87000,0.1667,541.1,38.5,53.5,47.6
87000,87010,0.1694,540.8,38.5,53.5,49
87010,87020,0.1722,540.8,38.5,53.4,49.5
87020,87030,0.1750,540.8,38.5,53.5,50
87030,87040,0.1778,540.8,38.5,53.5,46.7
87040,87050,0.1806,542.3,38.5,53.5,49.1
87050,87060,0.1833,542.0,38.5,53.4,49.6
87060,87070,0.1861,541.7,38.5,53.5,47.7
87070,87080,0.1889,541.4,38.5,53.5,47.1
87080,87090,0.1917,541.1,38.5,53.5,48.7
87090,87100,0.1944,541.1,38.5,53.5,46.6
87100,87110,0.1972,540.8,38.5,53.5,48.9
87110,87120,0.2000,541.4,38.5,53.4,48.5
87120,87130,0.2028,541.4,38.5,53.5,49.8
87130,87140,0.2056,542.0,38.5,53.5,47.7
87140,87150,0.2083,542.3,38.5,53.5,48.4
87150,87160,0.2111,543.8,38.5,53.5,49.3
87160,87170,0.2139,544.7,38.5,53.4,47.5
87170,87180,0.2167,543.5,38.5,53.5,48.9
87180,87190,0.2194,544.1,38.5,53.5,50.2
87190,87200,0.2222,544.7,38.5,53.5,48.9
87200,87210,0.2250,544.4,38.5,53.5,49
87210,87220,0.2278,544.7,38.5,53.5,47.9
87220,87230,0.2306,544.4,38.5,53.4,48.3
87230,87240,0.2333,545.3,38.4,53.4,47.1
87240,87250,0.2361,545.3,38.4,53.5,48.1
87250,87260,0.2389,545.3,38.4,53.5,48.2
87260,87270,0.2417,545.3,38.4,53.4,48.6
87270,87280,0.2444,545.9,38.4,53.4,48.6
87280,87290,0.2472,545.9,38.4,53.4,49.3
87290,87300,0.2500,545.6,38.4,53.5,48.7
87300,87310,0.2528,546.5,38.4,53.5,49.9
87310,87320,0.2556,546.8,38.4,53.5,48.5
87320,87330,0.2583,546.5,38.4,53.5,48.3
87330,87340,0.2611,546.2,38.4,53.5,47.8
87340,87350,0.2639,545.9,38.4,53.5,47.2
87350,87360,0.2667,546.2,38.4,53.5,46.4
87360,87370,0.2694,546.2,38.4,53.5,47.3
87370,87380,0.2722,546.2,38.4,53.5,48.6
87380,87390,0.2750,545.9,38.4,53.4,46.8
87390,87400,0.2778,546.8,38.4,53.5,48.7
87400,87410,0.2806,545.6,38.4,53.4,48.1
87410,87420,0.2833,546.8,38.4,53.5,47.4
87420,87430,0.2861,547.4,38.4,53.4,50
87430,87440,0.2889,548.6,38.3,53.4,47.8
87440,87450,0.2917,548.9,38.3,53.5,47.5
87450,87460,0.2944,549.2,38.3,53.4,48.9
87460,87470,0.2972,549.2,38.3,53.4,48.2
87470,87480,0.3000,549.2,38.3,53.4,49.8
87480,87490,0.3028,548.6,38.3,53.5,48.7
87490,87500,0.3056,548.6,38.3,53.4,47.9
87500,87510,0.3083,549.2,38.3,53.4,47.6
87510,87520,0.3111,549.2,38.3,53.4,46
87520,87530,0.3139,548.6,38.3,53.5,48.1
87530,87540,0.3167,548.3,38.3,53.4,46.5
87540,87550,0.3194,548.6,38.3,53.5,46.8
87550,87560,0.3222,549.5,38.3,53.4,47.3
87560,87570,0.3250,549.2,38.3,53.5,48.6
87570,87580,0.3278,549.5,38.3,53.5,48.3
87580,87590,0.3306,549.8,38.3,53.4,48.7
87590,87600,0.3333,549.8,38.3,53.4,49.2
87600,87610,0.3361,549.8,38.3,53.4,48.4
87610,87620,0.3389,549.5,38.3,53.5,47.2
87620,87630,0.3417,549.2,38.3,53.4,47.8
87630,87640,0.3444,549.5,38.3,53.4,45.7
87640,87650,0.3472,549.5,38.3,53.4,47.6
87650,87660,0.3500,550.1,38.3,53.5,48.3
87660,87670,0.3528,549.2,38.3,53.4,46.7
87670,87680,0.3556,549.5,38.3,53.4,47.5
87680,87690,0.3583,550.1,38.2,53.5,46.7
87690,87700,0.3611,549.8,38.2,53.4,47.5
87700,87710,0.3639,550.1,38.2,53.4,47.7
87710,87720,0.3667,551.6,38.2,53.5,46.4
87720,87730,0.3694,553.4,38.2,53.4,48.7
87730,87740,0.3722,554.6,38.2,53.4,48.5
87740,87750,0.3750,555.8,38.2,53.5,49.1
87750,87760,0.3778,558.5,38.2,53.4,46.9
87760,87770,0.3806,560.6,38.2,53.5,49.3
87770,87780,0.3833,561.8,38.2,53.5,47.1
87780,87790,0.3861,563.0,38.2,53.4,46.9
87790,87800,0.3889,565.1,38.2,53.5,47.3
87800,87810,0.3917,566.9,38.2,53.4,47
87810,87820,0.3944,568.4,38.2,53.4,46.7
87820,87830,0.3972,569.9,38.2,53.4,47.2
87830,87840,0.4000,572.3,38.2,53.4,46.7
87840,87850,0.4028,574.1,38.2,53.4,47.3
87850,87860,0.4056,575.9,38.2,53.4,45.6
87860,87870,0.4083,577.4,38.2,53.4,47.1
87870,87880,0.4111,580.1,38.1,53.4,46.9
87880,87890,0.4139,581.6,38.1,53.4,48.4
87890,87900,0.4167,583.0,38.2,53.5,45.7
87900,87910,0.4194,585.4,38.1,53.4,46.2
87910,87920,0.4222,588.1,38.1,53.4,46.5
87920,87930,0.4250,589.9,38.1,53.4,47.3
87930,87940,0.4278,592.0,38.1,53.4,47
87940,87950,0.4306,593.8,38.1,53.4,46.7
87950,87960,0.4333,596.2,38.1,53.4,46.7
87960,87970,0.4361,597.7,38.1,53.4,46.9
87970,87980,0.4389,599.5,38.1,53.4,47
87980,87990,0.4417,601.3,38.1,53.4,48.2
87990,88000,0.4444,604.0,38.1,53.4,48.9
88000,88010,0.4472,606.4,38.1,53.4,47.7
88010,88020,0.4500,607.3,38.1,53.4,47.8
88020,88030,0.4528,609.7,38.1,53.4,47.6
88030,88040,0.4556,612.1,38.1,53.4,46.6
88040,88050,0.4583,613.6,38.1,53.4,47.1
88050,88060,0.4611,614.2,38.1,53.4,47.2
88060,88070,0.4639,615.1,38.1,53.4,46.5
88070,88080,0.4667,616.3,38.1,53.4,46
88080,88090,0.4694,617.2,38.1,53.4,46.2
88090,88100,0.4722,617.2,38.1,53.4,46.6
88100,88110,0.4750,618.7,38.1,53.4,46.2
88110,88120,0.4778,620.8,38.1,53.4,47
88120,88130,0.4806,622.9,38.1,53.4,47.4
88130,88140,0.4833,624.1,38.1,53.4,46.2
88140,88150,0.4861,625.6,38.1,53.4,47.6
88150,88160,0.4889,627.4,38.1,53.4,47
88160,88170,0.4917,629.5,38.1,53.4,47.3
88170,88180,0.4944,631.3,38.1,53.4,45.3
88180,88190,0.4972,633.1,38.1,53.4,46.3
88190,88200,0.5000,634.9,38.1,53.4,47
88200,88210,0.5028,637.0,38.0,53.4,46.1
88210,88220,0.5056,638.8,38.0,53.4,46.5
88220,88230,0.5083,640.6,38.0,53.4,45.6
88230,88240,0.5111,643.0,38.0,53.4,44.7
88240,88250,0.5139,645.1,38.0,53.4,45.9
88250,88260,0.5167,646.3,38.0,53.4,45.5
88260,88270,0.5194,648.1,38.0,53.4,46.2
88270,88280,0.5222,650.5,38.0,53.4,45.9
88280,88290,0.5250,651.7,38.0,53.4,47
88290,88300,0.5278,651.4,38.0,53.4,46.4
88300,88310,0.5306,652.0,38.0,53.4,47.2
88310,88320,0.5333,653.2,38.0,53.4,45.8
88320,88330,0.5361,653.5,38.0,53.4,46.5
88330,88340,0.5389,653.2,38.0,53.4,46.6
88340,88350,0.5417,653.2,38.0,53.4,45.8
88350,88360,0.5444,653.5,38.0,53.4,46
88360,88370,0.5472,653.2,38.0,53.4,45.9
88370,88380,0.5500,652.3,38.0,53.4,46.6
88380,88390,0.5528,652.3,38.0,53.4,46.2
88390,88400,0.5556,652.3,38.0,53.4,46.5
88400,88410,0.5583,652.0,38.0,53.4,46.5
88410,88420,0.5611,651.7,38.0,53.4,46.5
88420,88430,0.5639,651.1,38.0,53.4,46.5
88430,88440,0.5667,651.7,38.0,53.4,46.4
88440,88450,0.5694,651.7,38.0,53.4,47.3
88450,88460,0.5722,652.3,38.0,53.4,46.5
88460,88470,0.5750,652.3,38.0,53.4,46
88470,88480,0.5778,652.9,38.0,53.4,45.1
88480,88490,0.5806,652.9,38.0,53.4,45.6
88490,88500,0.5833,652.6,38.0,53.4,46
88500,88510,0.5861,652.3,38.0,53.4,44.9
88510,88520,0.5889,653.2,38.0,53.4,46.4
88520,88530,0.5917,652.9,38.0,53.4,46.3
88530,88540,0.5944,652.6,38.0,53.4,46.5
88540,88550,0.5972,652.9,37.9,53.4,46.5
88550,88560,0.6000,653.5,38.0,53.4,47.2
88560,88570,0.6028,653.8,38.0,53.4,46.7
88570,88580,0.6056,653.2,37.9,53.4,46.8
88580,88590,0.6083,653.2,37.9,53.4,47
88590,88600,0.6111,654.1,37.9,53.4,47.8
88600,88610,0.6139,653.8,37.9,53.4,47.4
88610,88620,0.6167,653.2,37.9,53.4,45.1
88620,88630,0.6194,653.2,37.9,53.4,45.7
88630,88640,0.6222,653.5,37.9,53.4,46.2
88640,88650,0.6250,653.2,37.9,53.4,46.6
88650,88660,0.6278,652.6,37.9,53.4,47.2
88660,88670,0.6306,652.3,37.9,53.4,46.7
88670,88680,0.6333,652.3,37.9,53.4,47.6
88680,88690,0.6361,652.6,37.9,53.4,46.4
88690,88700,0.6389,652.0,37.9,53.4,48.2
88700,88710,0.6417,651.7,37.9,53.4,47.5
88710,88720,0.6444,652.3,37.9,53.4,46.1
88720,88730,0.6472,652.3,37.9,53.4,46.3
88730,88740,0.6500,652.3,37.9,53.4,45.6
88740,88750,0.6528,652.0,37.9,53.4,46
88750,88760,0.6556,652.9,37.9,53.4,45.8
88760,88770,0.6583,653.8,37.9,53.4,44.9
88770,88780,0.6611,652.9,37.9,53.4,46.6
88780,88790,0.6639,653.2,37.9,53.4,46
88790,88800,0.6667,653.8,37.9,53.4,46.2
88800,88810,0.6694,654.4,37.9,53.4,46.7
88810,88820,0.6722,654.1,37.9,53.4,45.5
88820,88830,0.6750,654.4,37.9,53.4,46.8
88830,88840,0.6778,655.0,37.9,53.4,47
88840,88850,0.6806,655.0,37.9,53.4,47
88850,88860,0.6833,655.0,37.9,53.4,46.9
88860,88870,0.6861,655.3,37.9,53.4,46.2
88870,88880,0.6889,656.8,37.9,53.4,46
88880,88890,0.6917,657.7,37.9,53.4,46.7
88890,88900,0.6944,655.3,37.9,53.4,46.2
88900,88910,0.6972,652.6,37.9,53.4,45.7
88910,88920,0.7000,652.6,37.9,53.4,45.6
88920,88930,0.7028,655.6,37.8,53.4,46.5
88930,88940,0.7056,654.4,37.9,53.4,45.7
88940,88950,0.7083,652.6,37.9,53.4,46.3
88950,88960,0.7111,652.0,37.9,53.4,46
88960,88970,0.7139,651.1,37.9,53.4,47.3
88970,88980,0.7167,650.5,37.9,53.4,47.3
88980,88990,0.7194,650.2,37.8,53.4,47.7
88990,89000,0.7222,650.5,37.9,53.4,46.5
89000,89010,0.7250,650.5,37.8,53.4,46.6
89010,89020,0.7278,650.2,37.8,53.4,46.2
89020,89030,0.7306,652.6,37.8,53.4,45.5
89030,89040,0.7333,650.2,37.8,53.4,45.1
89040,89050,0.7361,646.6,37.9,53.4,45.2
89050,89060,0.7389,653.5,37.8,53.4,45.9
89060,89070,0.7417,652.0,37.8,53.4,46
89070,89080,0.7444,650.8,37.8,53.4,45.7
89080,89090,0.7472,648.4,37.8,53.4,46.1
89090,89100,0.7500,647.5,37.8,53.4,45.5
89100,89110,0.7528,645.7,37.8,53.4,46
89110,89120,0.7556,646.0,37.8,53.4,46.1
89120,89130,0.7583,645.1,37.8,53.4,46.1
89130,89140,0.7611,644.2,37.8,53.4,46.2
89140,89150,0.7639,644.2,37.8,53.4,45.9
89150,89160,0.7667,644.2,37.8,53.4,45.7
89160,89170,0.7694,646.3,37.8,53.4,45.6
89170,89180,0.7722,646.3,37.8,53.4,45.7
89180,89190,0.7750,642.4,37.8,53.4,46.6
89190,89200,0.7778,642.7,37.8,53.4,45.9
89200,89210,0.7806,643.0,37.8,53.4,46.4
89210,89220,0.7833,639.7,37.8,53.4,46.8
89220,89230,0.7861,643.0,37.8,53.4,47.1
89230,89240,0.7889,644.2,37.8,53.4,47
89240,89250,0.7917,642.7,37.8,53.4,47.9
89250,89260,0.7944,642.1,37.8,53.4,47.7
89260,89270,0.7972,641.5,37.8,53.4,46.8
89270,89280,0.8000,642.7,37.8,53.4,48.2
89280,89290,0.8028,643.6,37.8,53.4,47.9
89290,89300,0.8056,643.0,37.8,53.4,46.7
89300,89310,0.8083,642.4,37.8,53.4,47.2
89310,89320,0.8111,643.3,37.8,53.4,47.2
89320,89330,0.8139,644.2,37.8,53.4,46.7
89330,89340,0.8167,645.7,37.8,53.4,46.5
89340,89350,0.8194,645.4,37.8,53.4,46.2
89350,89360,0.8222,645.4,37.7,53.4,46.3
89360,89370,0.8250,645.1,37.7,53.4,46.4
89370,89380,0.8278,644.2,37.7,53.4,46
89380,89390,0.8306,643.9,37.7,53.4,46
89390,89400,0.8333,646.6,37.7,53.4,45.7
89400,89410,0.8361,645.1,37.7,53.4,46.5
89410,89420,0.8389,642.7,37.7,53.4,45.7
89420,89430,0.8417,643.0,37.7,53.4,46.2
89430,89440,0.8444,641.2,37.7,53.4,45.3
89440,89450,0.8472,642.7,37.7,53.4,45.4
89450,89460,0.8500,647.2,37.7,53.4,46.7
89460,89470,0.8528,643.9,37.7,53.4,45.6
89470,89480,0.8556,645.7,37.7,53.4,46.9
89480,89490,0.8583,647.8,37.7,53.4,46.6
89490,89500,0.8611,649.0,37.7,53.4,46.3
89500,89510,0.8639,650.5,37.7,53.4,46
89510,89520,0.8667,652.0,37.7,53.4,46.3
89520,89530,0.8694,654.1,37.7,53.4,46.3
89530,89540,0.8722,652.6,37.6,53.4,46.4
89540,89550,0.8750,652.9,37.6,53.4,46.7
89550,89560,0.8778,653.5,37.6,53.4,45.7
89560,89570,0.8806,650.2,37.6,53.4,47.2
89570,89580,0.8833,647.8,37.6,53.4,44.4
89580,89590,0.8861,651.4,37.6,53.4,46.1
89590,89600,0.8889,652.0,37.6,53.4,46.3
89600,89610,0.8917,653.8,37.6,53.4,45.5
89610,89620,0.8944,653.8,37.6,53.4,46.2
89620,89630,0.8972,654.7,37.6,53.4,46.1
89630,89640,0.9000,656.2,37.6,53.4,46.2
89640,89650,0.9028,656.8,37.6,53.4,46.5
89650,89660,0.9056,655.9,37.6,53.4,47.1
89660,89670,0.9083,657.1,37.6,53.4,47.2
89670,89680,0.9111,655.9,37.6,53.4,46.2
89680,89690,0.9139,655.3,37.6,53.4,46.4
89690,89700,0.9167,651.4,37.6,53.4,47.2
89700,89710,0.9194,657.4,37.5,53.4,46
89710,89720,0.9222,657.1,37.5,53.4,45.9
89720,89730,0.9250,656.5,37.5,53.4,46.2
89730,89740,0.9278,653.8,37.5,53.4,46.6
89740,89750,0.9306,652.0,37.5,53.4,46.2
89750,89760,0.9333,651.4,37.5,53.4,46.3
89760,89770,0.9361,650.5,37.5,53.4,48
89770,89780,0.9389,650.2,37.5,53.4,47
89780,89790,0.9417,649.9,37.5,53.4,47.4
89790,89800,0.9444,650.5,37.5,53.4,47.4
89800,89810,0.9472,650.8,37.5,53.4,47.3
89810,89820,0.9500,650.8,37.5,53.4,48.9
89820,89830,0.9528,650.5,37.5,53.4,48.6
89830,89840,0.9556,650.8,37.5,53.4,47.5
89840,89850,0.9583,650.5,37.5,53.4,48.4
89850,89860,0.9611,650.5,37.5,53.4,46.8
89860,89870,0.9639,650.2,37.5,53.4,47.7
89870,89880,0.9667,650.8,37.5,53.4,47.5
89880,89890,0.9694,651.1,37.5,53.4,47
89890,89900,0.9722,650.5,37.5,53.4,46.9
89900,89910,0.9750,650.5,37.5,53.4,47
89910,89920,0.9778,650.8,37.5,53.4,47.1
89920,89930,0.9806,650.8,37.5,53.4,47.7
89930,89940,0.9833,650.5,37.5,53.4,48.2
89940,89950,0.9861,650.5,37.5,53.4,48.2
89950,89960,0.9889,651.1,37.5,53.4,48.2
89960,89970,0.9917,651.4,37.5,53.4,47.3
89970,89980,0.9944,650.8,37.5,53.4,47.8
89980,89990,0.9972,651.1,37.4,53.4,48.4
89990,90000,1.0000,651.7,37.4,53.4,46.6
90000,90010,1.0028,651.7,37.4,53.4,47.1
90010,90020,1.0056,651.1,37.4,53.4,47.4
90020,90030,1.0083,650.2,37.4,53.4,48.3
90030,90040,1.0111,650.5,37.4,53.4,48.2
90040,90050,1.0139,649.9,37.4,53.4,46.5
90050,90060,1.0167,649.6,37.4,53.4,47.5
90060,90070,1.0194,650.2,37.4,53.4,48.3
90070,90080,1.0222,651.1,37.4,53.4,47.9
90080,90090,1.0250,651.4,37.4,53.4,48.5
90090,90100,1.0278,651.7,37.4,53.4,47.4
90100,90110,1.0306,651.7,37.4,53.4,47.4
90110,90120,1.0333,650.5,37.4,53.4,48.4
90120,90130,1.0361,651.1,37.4,53.4,47.6
90130,90140,1.0389,650.8,37.4,53.4,47.3
90140,90150,1.0417,650.5,37.4,53.4,47.8
90150,90160,1.0444,650.8,37.4,53.4,46.7
90160,90170,1.0472,651.4,37.4,53.4,47.1
90170,90180,1.0500,649.6,37.4,53.4,46
90180,90190,1.0528,649.0,37.4,53.4,47
