data/raw/Flight9/UHSAS_Polar6_20150420_R2_L2.ict
140,1001
Herber, Andreas; Schulz, Hannes
Alfred-Wegener-Institute, Bremerhaven, Germany
UHSAS, POLAR 6
NETCARE Polar 6 Campaign 2015
1,1
2015,04,20, 2017, 05, 08
1
time,s,number of seconds from start of date in UTC
102
1,1,1,1,1,1,1,1,1,1,1,1,1,1,1,1,1,1,1,1,1,1,1,1,1,1,1,1,1,1,1,1,1,1,1,1,1,1,1,1,1,1,1,1,1,1,1,1,1,1,1,1,1,1,1,1,1,1,1,1,1,1,1,1,1,1,1,1,1,1,1,1,1,1,1,1,1,1,1,1,1,1,1,1,1,1,1,1,1,1,1,1,1,1,1,1,1,1,1,1,1,1
-9999,-9999,-9999,-9999,-9999,-9999,-9999,-9999,-9999,-9999,-9999,-9999,-9999,-9999,-9999,-9999,-9999,-9999,-9999,-9999,-9999,-9999,-9999,-9999,-9999,-9999,-9999,-9999,-9999,-9999,-9999,-9999,-9999,-9999,-9999,-9999,-9999,-9999,-9999,-9999,-9999,-9999,-9999,-9999,-9999,-9999,-9999,-9999,-9999,-9999,-9999,-9999,-9999,-9999,-9999,-9999,-9999,-9999,-9999,-9999,-9999,-9999,-9999,-9999,-9999,-9999,-9999,-9999,-9999,-9999,-9999,-9999,-9999,-9999,-9999,-9999,-9999,-9999,-9999,-9999,-9999,-9999,-9999,-9999,-9999,-9999,-9999,-9999,-9999,-9999,-9999,-9999,-9999,-9999,-9999,-9999,-9999,-9999,-9999,-9999,-9999,-9999
flow,sccm,sample flow
pressure,hPa,chamber pressure
total_number_conc,#/sccm,total number of scattering particles (70-1000 nm) per sccm
bin_1,number/volume,dN/dlogD normalised number concentration per 1 sccm of sampled air
bin_2,number/volume,dN/dlogD normalised number concentration per 1 sccm of sampled air
bin_3,number/volume,dN/dlogD normalised number concentration per 1 sccm of sampled air
bin_4,number/volume,dN/dlogD normalised number concentration per 1 sccm of sampled air
bin_5,number/volume,dN/dlogD normalised number concentration per 1 sccm of sampled air
bin_6,number/volume,dN/dlogD normalised number concentration per 1 sccm of sampled air
bin_7,number/volume,dN/dlogD normalised number concentration per 1 sccm of sampled air
bin_8,number/volume,dN/dlogD normalised number concentration per 1 sccm of sampled air
bin_9,number/volume,dN/dlogD normalised number concentration per 1 sccm of sampled air
bin_10,number/volume,dN/dlogD normalised number concentration per 1 sccm of sampled air
bin_11,number/volume,dN/dlogD normalised number concentration per 1 sccm of sampled air
bin_12,number/volume,dN/dlogD normalised number concentration per 1 sccm of sampled air
bin_13,number/volume,dN/dlogD normalised number concentration per 1 sccm of sampled air
bin_14,number/volume,dN/dlogD normalised number concentration per 1 sccm of sampled air
bin_15,number/volume,dN/dlogD normalised number concentration per 1 sccm of sampled air
bin_16,number/volume,dN/dlogD normalised number concentration per 1 sccm of sampled air
bin_17,number/volume,dN/dlogD normalised number concentration per 1 sccm of sampled air
bin_18,number/volume,dN/dlogD normalised number concentration per 1 sccm of sampled air
bin_19,number/volume,dN/dlogD normalised number concentration per 1 sccm of sampled air
bin_20,number/volume,dN/dlogD normalised number concentration per 1 sccm of sampled air
bin_21,number/volume,dN/dlogD normalised number concentration per 1 sccm of sampled air
bin_22,number/volume,dN/dlogD normalised number concentration per 1 sccm of sampled air
bin_23,number/volume,dN/dlogD normalised number concentration per 1 sccm of sampled air
bin_24,number/volume,dN/dlogD normalised number concentration per 1 sccm of sampled air
[...]
R2: Bins < 85 nm excluded from total number concentration. Error fixes. Problems mentioned above remain. Zero measurements and spikes masked -9999
time,flow,pressure,total_number_conc,bin_1,bin_2,bin_3,bin_4,bin_5,bin_6,bin_7,bin_8,bin_9,bin_10,bin_11,bin_12,bin_13,bin_14,bin_15,bin_16,bin_17,bin_18,bin_19,bin_20,bin_21,bin_22,bin_23,bin_24,bin_25,bin_26,bin_27,bin_28,bin_29,bin_30,bin_31,bin_32,bin_33,bin_34,bin_35,bin_36,bin_37,bin_38,bin_39,bin_40,bin_41,bin_42,bin_43,bin_44,bin_45,bin_46,bin_47,bin_48,bin_49,bin_50,bin_51,bin_52,bin_53,bin_54,bin_55,bin_56,bin_57,bin_58,bin_59,bin_60,bin_61,bin_62,bin_63,bin_64,bin_65,bin_66,bin_67,bin_68,bin_69,bin_70,bin_71,bin_72,bin_73,bin_74,bin_75,bin_76,bin_77,bin_78,bin_79,bin_80,bin_81,bin_82,bin_83,bin_84,bin_85,bin_86,bin_87,bin_88,bin_89,bin_90,bin_91,bin_92,bin_93,bin_94,bin_95,bin_96,bin_97,bin_98,bin_99
78369.00, 50.11, 997.48, 138.89, 969.92, 290.96, 776.44, 1166.32, 387.61, 485.95, 579.58, 388.13, 582.41, 291.53, 387.73, 291.57, 290.15, 388.47, 194.38, 193.95, 290.54, 97.15, 290.51, 486.36, 290.42, 388.24, 388.30, 291.49, 387.04, 97.28, 193.55, 97.16, 485.42, 290.55, 291.54, 193.74, 97.11, 387.88, 290.75, 291.44, 97.04, 0.00, 194.12, 194.00, 97.02, 387.76, 484.71, 0.00, 194.33, 290.73, 291.16, 290.90, 97.11, 194.06, 0.00, 0.00, 387.59, 97.13, 96.94, 97.08, 290.82, 0.00, 0.00, 291.03, 194.15, 97.02, 0.00, 0.00, 0.00, 0.00, 0.00, 194.04, 0.00, 0.00, 0.00, 0.00, 0.00, 0.00, 0.00, 0.00, 0.00, 0.00, 0.00, 0.00, 0.00, 0.00, 0.00, 0.00, 0.00, 0.00, 0.00, 0.00, 0.00, 0.00, 0.00, 0.00, 0.00, 0.00, 0.00, 0.00, 0.00, 0.00, 0.00
[from data line 2066]
80436.00, 50.02, 971.27, 178.72, 1068.79, 874.40, 583.35, 389.46, 1844.37, 389.44, 677.37, 874.82, 680.67, 292.04, 291.31, 0.00, 581.32, 583.74, 292.09, 582.86, 582.11, 583.92, 194.02, 682.10, 193.95, 291.69, 291.74, 97.33, 193.86, 292.35, 290.83, 291.98, 486.27, 970.20, 389.41, 194.09, 194.56, 582.84, 485.44, 389.28, 194.42, 291.54, 291.70, 194.34, 583.14, 291.33, 388.45, 0.00, 292.01, 0.00, 291.67, 291.41, 291.83, 0.00, 194.15, 97.30, 0.00, 194.61, 97.12, 0.00, 291.33, 97.17, 0.00, 0.00, 97.25, 0.00, 0.00, 97.12, 97.20, 97.18, 0.00, 0.00, 0.00, 0.00, 0.00, 0.00, 0.00, 0.00, 0.00, 0.00, 0.00, 0.00, 0.00, 0.00, 0.00, 0.00, 0.00, 0.00, 0.00, 0.00, 0.00, 0.00, 0.00, 0.00, 0.00, 0.00, 0.00, 0.00, 0.00, 0.00, 0.00, 0.00, 0.00
80437.00, 50.02, 971.32, 154.73, 874.46, 680.09, 875.03, 778.92, 679.51, 1070.96, 290.30, 194.41, 583.43, 486.73, 291.31, 584.17, 775.09, 486.45, 389.45, 97.14, 388.07, 194.64, 776.07, 682.10, 387.90, 388.92, 0.00, 584.00, 484.65, 194.90, 678.61, 291.98, 389.02, 97.02, 389.41, 291.13, 194.56, 485.70, 97.09, 0.00, 97.21, 194.36, 486.16, 97.17, 194.38, 97.11, 0.00, 194.38, 194.67, 194.16, 291.67, 485.69, 291.83, 97.20, 97.08, 97.30, 0.00, 0.00, 388.46, 97.25, 0.00, 0.00, 0.00, 0.00, 0.00, 0.00, 97.21, 0.00, 0.00, 97.18, 0.00, 0.00, 0.00, 0.00, 0.00, 0.00, 0.00, 0.00, 0.00, 0.00, 0.00, 0.00, 0.00, 0.00, 0.00, 0.00, 0.00, 0.00, 0.00, 0.00, 0.00, 0.00, 0.00, 0.00, 0.00, 0.00, 0.00, 0.00, 0.00, 0.00, 0.00, 0.00, 0.00
80438.00, 50.05, 971.51, 148.66, 1262.51, 776.88, 388.72, 389.27, 1067.28, 778.51, 483.60, 874.40, 194.38, 486.50, 388.23, 778.52, 96.84, 680.70, 778.53, 679.68, 193.94, 486.37, 484.81, 486.98, 193.86, 291.55, 583.19, 681.01, 387.53, 487.02, 193.80, 97.28, 194.42, 387.89, 97.31, 193.99, 388.94, 291.28, 194.08, 291.82, 388.64, 194.27, 97.19, 0.00, 582.86, 291.19, 97.07, 291.43, 97.29, 0.00, 194.35, 97.09, 0.00, 194.31, 97.03, 0.00, 97.02, 97.26, 97.07, 97.20, 0.00, 97.12, 0.00, 0.00, 0.00, 0.00, 0.00, 97.07, 0.00, 0.00, 0.00, 0.00, 0.00, 0.00, 0.00, 0.00, 0.00, 0.00, 0.00, 0.00, 0.00, 0.00, 0.00, 0.00, 0.00, 0.00, 0.00, 0.00, 0.00, 0.00, 0.00, 0.00, 0.00, 0.00, 0.00, 0.00, 0.00, 0.00, 0.00, 0.00, 0.00, 0.00, 0.00
80439.00, 49.98, 971.73, 163.28, 1361.55, 194.49, 875.85, 779.65, 485.82, 682.16, 387.43, 583.76, 486.65, 389.75, 777.56, 0.00, 775.82, 389.52, 292.36, 486.18, 776.88, 584.47, 291.30, 585.21, 485.33, 389.29, 486.68, 194.85, 194.04, 682.79, 388.14, 194.84, 292.04, 194.22, 292.33, 194.27, 97.37, 97.23, 194.36, 292.23, 194.60, 291.82, 194.65, 194.52, 389.12, 388.80, 194.41, 97.28, 292.28, 97.17, 291.94, 388.92, 97.37, 194.59, 485.84, 97.39, 194.32, 97.39, 0.00, 97.34, 0.00, 0.00, 0.00, 97.27, 0.00, 0.00, 0.00, 0.00, 0.00, 0.00, 0.00, 0.00, 0.00, 0.00, 0.00, 0.00, 0.00, 0.00, 0.00, 0.00, 0.00, 0.00, 0.00, 0.00, 0.00, 0.00, 0.00, 0.00, 0.00, 0.00, 0.00, 0.00, 0.00, 0.00, 0.00, 0.00, 0.00, 0.00, 0.00, 0.00, 0.00, 0.00, 0.00
80440.00, 49.89, 971.89, 150.34, 876.83, 584.51, 1462.33, 781.03, 778.68, 878.61, 582.17, 389.86, 390.01, 488.05, 486.83, 97.63, 388.59, 487.76, 292.88, 779.26, 680.97, 195.17, 97.27, 586.24, 875.14, 292.48, 390.03, 390.39, 388.77, 293.14, 291.62, 487.96, 97.52, 194.56, 0.00, 486.53, 0.00, 292.21, 194.70, 292.75, 292.41, 97.44, 487.48, 0.00, 292.36, 0.00, 194.75, 97.45, 292.80, 292.03, 292.46, 194.80, 97.54, 194.93, 0.00, 195.12, 97.33, 97.57, 0.00, 195.03, 0.00, 0.00, 0.00, 292.33, 0.00, 0.00, 0.00, 0.00, 0.00, 0.00, 0.00, 0.00, 0.00, 0.00, 0.00, 0.00, 0.00, 0.00, 0.00, 0.00, 0.00, 0.00, 0.00, 0.00, 0.00, 0.00, 0.00, 0.00, 0.00, 0.00, 0.00, 0.00, 0.00, 0.00, 0.00, 0.00, 0.00, 0.00, 0.00, 0.00, 0.00, 0.00, 0.00
80441.00, 49.95, 972.27, 148.95, 778.40, 583.76, 1363.09, 780.02, 777.68, 974.99, 581.43, 584.05, 876.39, 389.94, 97.24, 1072.50, 194.05, 389.71, 585.01, 194.56, 291.47, 194.92, 388.58, 487.91, 194.23, 194.74, 389.53, 389.89, 485.34, 292.77, 194.17, 389.86, 389.57, 485.79, 194.98, 291.54, 487.10, 97.28, 194.45, 584.74, 486.73, 194.64, 292.11, 97.31, 486.64, 97.25, 194.50, 194.65, 97.47, 486.10, 97.36, 291.83, 97.41, 97.34, 291.65, 97.44, 0.00, 194.88, 0.00, 0.00, 0.00, 0.00, 97.33, 97.32, 0.00, 0.00, 97.35, 0.00, 0.00, 0.00, 0.00, 0.00, 0.00, 0.00, 0.00, 0.00, 0.00, 0.00, 0.00, 0.00, 0.00, 0.00, 0.00, 0.00, 0.00, 0.00, 0.00, 0.00, 0.00, 0.00, 0.00, 0.00, 0.00, 0.00, 0.00, 0.00, 0.00, 0.00, 0.00, 0.00, 0.00, 0.00, 0.00
80442.00, 49.94, 972.68, 151.39, 1362.62, 583.94, 194.79, 975.32, 486.20, 585.17, 678.53, 681.59, 0.00, 487.57, 194.54, 487.65, 776.42, 194.91, 292.59, 291.93, 388.74, 487.44, 583.05, 292.83, 97.14, 486.99, 487.06, 292.50, 388.38, 195.24, 97.11, 389.98, 194.84, 485.93, 585.12, 194.42, 194.90, 0.00, 486.27, 389.95, 389.50, 0.00, 97.40, 194.68, 97.36, 97.28, 486.39, 486.78, 292.51, 0.00, 194.78, 291.92, 194.89, 194.74, 194.49, 97.47, 97.24, 0.00, 97.28, 97.42, 0.00, 0.00, 97.36, 0.00, 194.83, 0.00, 0.00, 0.00, 0.00, 0.00, 0.00, 0.00, 0.00, 0.00, 0.00, 97.34, 0.00, 0.00, 0.00, 0.00, 0.00, 0.00, 0.00, 0.00, 0.00, 0.00, 0.00, 0.00, 0.00, 0.00, 0.00, 0.00, 0.00, 0.00, 0.00, 0.00, 0.00, 0.00, 0.00, 0.00, 0.00, 0.00, 0.00
80443.00, 50.01, 972.71, 164.36, 2040.82, 874.58, 583.47, 1168.61, 582.55, 876.42, 871.07, 680.56, 583.55, 486.83, 485.62, 486.91, 290.72, 778.47, 779.06, 680.14, 291.11, 486.70, 97.03, 97.46, 290.98, 389.00, 389.06, 973.53, 678.64, 194.94, 387.86, 194.69, 194.55, 291.12, 389.48, 194.12, 389.20, 388.64, 485.53, 194.68, 194.45, 0.00, 291.75, 485.95, 291.63, 194.26, 97.13, 194.42, 97.35, 194.20, 0.00, 194.31, 97.30, 194.45, 194.19, 194.63, 97.09, 0.00, 97.13, 97.27, 0.00, 194.38, 97.21, 0.00, 97.27, 97.21, 0.00, 0.00, 0.00, 0.00, 0.00, 0.00, 0.00, 0.00, 97.23, 0.00, 0.00, 0.00, 0.00, 0.00, 0.00, 0.00, 0.00, 0.00, 0.00, 0.00, 0.00, 0.00, 0.00, 0.00, 0.00, 0.00, 0.00, 0.00, 0.00, 0.00, 0.00, 0.00, 0.00, 0.00, 0.00, 0.00, 0.00
80444.00, 49.92, 973.03, 171.88, 1070.99, 1070.92, 779.41, 390.26, 583.64, 1073.17, 387.87, 584.42, 876.95, 1170.57, 194.61, 585.38, 388.34, 292.47, 390.26, 97.34, 388.88, 487.61, 680.46, 390.58, 680.23, 584.59, 389.78, 487.67, 485.65, 585.91, 582.87, 292.59, 194.91, 291.66, 195.11, 194.49, 292.44, 681.39, 97.29, 0.00, 584.45, 194.76, 389.73, 292.11, 292.17, 291.93, 194.62, 292.17, 0.00, 194.56, 97.42, 194.68, 194.95, 97.40, 389.11, 97.50, 291.81, 0.00, 0.00, 0.00, 0.00, 97.37, 0.00, 0.00, 97.45, 97.39, 97.41, 0.00, 0.00, 0.00, 97.43, 0.00, 0.00, 97.38, 0.00, 0.00, 97.41, 0.00, 0.00, 0.00, 0.00, 0.00, 0.00, 0.00, 0.00, 0.00, 0.00, 0.00, 0.00, 0.00, 0.00, 0.00, 0.00, 0.00, 0.00, 0.00, 0.00, 0.00, 0.00, 0.00, 0.00, 0.00, 0.00
80445.00, 50.00, 973.52, 183.60, 874.85, 1166.39, 583.61, 1168.89, 291.35, 974.03, 1258.52, 777.96, 291.84, 486.95, 485.73, 487.02, 387.71, 681.32, 876.66, 485.93, 388.25, 486.82, 582.31, 487.43, 582.11, 486.37, 486.44, 97.38, 581.83, 194.99, 581.92, 486.85, 583.78, 485.31, 194.79, 485.43, 194.65, 485.92, 194.26, 292.09, 97.25, 291.67, 291.82, 388.85, 97.23, 194.31, 97.15, 388.93, 97.38, 97.12, 291.80, 194.36, 486.60, 97.25, 291.36, 97.34, 0.00, 97.35, 194.32, 0.00, 0.00, 0.00, 0.00, 0.00, 97.29, 97.23, 0.00, 0.00, 0.00, 0.00, 0.00, 0.00, 0.00, 0.00, 0.00, 0.00, 0.00, 97.22, 0.00, 0.00, 0.00, 0.00, 0.00, 0.00, 0.00, 0.00, 0.00, 0.00, 0.00, 0.00, 0.00, 0.00, 0.00, 0.00, 0.00, 0.00, 0.00, 0.00, 0.00, 0.00, 0.00, 0.00, 0.00
80446.00, 50.02, 973.76, 157.15, 874.55, 1068.82, 486.18, 779.00, 485.41, 973.70, 774.21, 486.06, 194.50, 778.85, 874.02, 681.60, 484.48, 486.49, 973.73, 291.46, 194.06, 389.32, 388.07, 0.00, 484.93, 486.20, 486.27, 292.03, 387.76, 97.46, 290.86, 292.01, 389.06, 485.15, 486.81, 291.16, 194.58, 291.45, 388.39, 389.31, 388.87, 194.38, 0.00, 291.54, 388.80, 388.48, 194.24, 388.79, 0.00, 194.18, 194.47, 194.30, 97.29, 291.64, 97.09, 0.00, 0.00, 0.00, 0.00, 97.26, 0.00, 97.18, 0.00, 0.00, 97.26, 0.00, 0.00, 0.00, 0.00, 97.19, 0.00, 97.20, 0.00, 0.00, 0.00, 0.00, 0.00, 0.00, 0.00, 0.00, 0.00, 0.00, 0.00, 0.00, 0.00, 0.00, 0.00, 0.00, 0.00, 0.00, 0.00, 0.00, 0.00, 0.00, 0.00, 0.00, 0.00, 0.00, 0.00, 0.00, 0.00, 0.00, 0.00
80447.00, 49.85, 973.71, 149.26, 1072.56, 779.99, 682.98, 683.96, 389.66, 879.34, 873.98, 487.73, 683.07, 293.07, 487.23, 683.94, 680.60, 488.16, 97.71, 389.95, 486.81, 97.66, 389.40, 293.36, 389.27, 97.57, 487.94, 293.03, 583.63, 586.77, 0.00, 488.36, 487.99, 292.09, 293.09, 486.93, 488.12, 389.93, 292.29, 488.31, 195.10, 0.00, 292.73, 292.54, 195.07, 292.36, 0.00, 195.06, 293.04, 194.85, 97.57, 97.48, 97.62, 0.00, 97.42, 97.64, 97.41, 97.65, 0.00, 0.00, 97.45, 0.00, 97.53, 0.00, 195.18, 0.00, 0.00, 0.00, 0.00, 0.00, 0.00, 0.00, 0.00, 0.00, 0.00, 0.00, 0.00, 0.00, 0.00, 0.00, 0.00, 0.00, 0.00, 0.00, 0.00, 0.00, 0.00, 0.00, 0.00, 0.00, 0.00, 0.00, 0.00, 0.00, 0.00, 0.00, 0.00, 0.00, 0.00, 0.00, 0.00, 0.00, 0.00
80448.00, 50.02, 974.12, 140.33, 582.95, 680.06, 777.77, 876.25, 582.41, 584.14, 580.58, 680.39, 777.88, 681.40, 485.50, 389.43, 484.41, 583.71, 389.44, 679.98, 194.03, 389.27, 97.00, 194.88, 290.91, 291.68, 388.97, 389.32, 387.70, 292.34, 387.76, 291.97, 194.50, 582.09, 97.35, 485.19, 97.28, 0.00, 388.33, 291.95, 0.00, 291.53, 291.68, 388.67, 0.00, 97.11, 388.43, 194.37, 291.99, 0.00, 0.00, 97.13, 291.82, 97.20, 194.15, 194.59, 0.00, 0.00, 97.11, 0.00, 194.21, 0.00, 0.00, 194.35, 0.00, 0.00, 0.00, 0.00, 0.00, 97.17, 0.00, 0.00, 97.14, 0.00, 0.00, 0.00, 0.00, 0.00, 0.00, 0.00, 0.00, 0.00, 0.00, 0.00, 0.00, 0.00, 0.00, 0.00, 0.00, 0.00, 0.00, 0.00, 0.00, 0.00, 0.00, 0.00, 0.00, 0.00, 0.00, 0.00, 0.00, 0.00, 0.00
80449.00, 49.93, 974.36, 169.44, 584.06, 486.68, 487.03, 877.91, 972.53, 682.79, 387.79, 681.69, 584.52, 682.70, 778.28, 292.63, 582.40, 487.35, 195.09, 778.60, 486.00, 487.51, 583.13, 781.00, 291.47, 292.24, 292.28, 487.57, 194.22, 0.00, 291.38, 1170.11, 97.44, 291.60, 195.07, 291.67, 292.39, 0.00, 194.54, 390.00, 779.11, 486.81, 194.83, 292.06, 194.74, 486.45, 291.88, 0.00, 292.55, 194.52, 194.81, 97.32, 97.46, 0.00, 194.52, 97.48, 97.25, 97.48, 0.00, 0.00, 0.00, 194.70, 0.00, 97.36, 0.00, 0.00, 97.39, 0.00, 97.38, 0.00, 0.00, 0.00, 0.00, 0.00, 0.00, 0.00, 0.00, 0.00, 0.00, 0.00, 0.00, 0.00, 0.00, 0.00, 0.00, 0.00, 0.00, 0.00, 0.00, 0.00, 0.00, 0.00, 0.00, 0.00, 0.00, 0.00, 0.00, 0.00, 0.00, 0.00, 0.00, 0.00, 0.00
80450.00, 50.04, 974.88, 146.29, 1456.94, 1165.48, 583.15, 291.99, 582.24, 778.62, 677.14, 1068.87, 777.64, 291.94, 970.71, 389.31, 387.41, 194.51, 389.32, 485.56, 387.94, 291.86, 484.88, 292.23, 678.60, 777.59, 194.42, 194.60, 290.69, 389.67, 193.82, 389.18, 388.89, 484.93, 389.27, 291.03, 194.50, 582.65, 194.11, 194.57, 291.52, 291.44, 0.00, 485.69, 194.31, 97.08, 0.00, 194.31, 291.91, 0.00, 97.19, 0.00, 388.97, 291.51, 388.18, 97.26, 0.00, 0.00, 0.00, 0.00, 0.00, 0.00, 0.00, 0.00, 0.00, 0.00, 0.00, 0.00, 0.00, 0.00, 0.00, 0.00, 0.00, 0.00, 0.00, 0.00, 0.00, 0.00, 0.00, 0.00, 0.00, 0.00, 0.00, 0.00, 0.00, 0.00, 0.00, 0.00, 0.00, 0.00, 0.00, 0.00, 0.00, 0.00, 0.00, 0.00, 0.00, 0.00, 0.00, 0.00, 0.00, 0.00, 0.00
80451.00, 50.03, 975.31, 146.31, 680.01, 485.69, 291.62, 1070.82, 485.27, 778.74, 580.50, 1166.22, 1069.43, 681.31, 873.78, 389.38, 581.21, 194.54, 194.69, 485.63, 485.01, 291.91, 484.95, 389.70, 484.79, 194.43, 0.00, 486.58, 193.82, 584.60, 484.64, 583.86, 0.00, 388.01, 194.67, 388.10, 291.79, 291.37, 388.28, 0.00, 680.33, 291.49, 97.21, 97.15, 97.17, 291.28, 194.19, 194.34, 97.32, 291.19, 194.41, 97.12, 0.00, 97.19, 194.12, 97.28, 97.05, 0.00, 0.00, 194.47, 0.00, 97.15, 0.00, 97.16, 0.00, 0.00, 97.19, 0.00, 0.00, 0.00, 0.00, 0.00, 0.00, 0.00, 97.20, 97.15, 0.00, 0.00, 0.00, 0.00, 0.00, 0.00, 0.00, 0.00, 0.00, 0.00, 0.00, 0.00, 0.00, 0.00, 0.00, 0.00, 0.00, 0.00, 0.00, 0.00, 0.00, 0.00, 0.00, 0.00, 0.00, 0.00, 0.00
80452.00, 49.94, 975.31, 161.01, 681.31, 681.26, 681.75, 682.73, 486.20, 1072.81, 193.87, 778.96, 779.25, 487.57, 291.81, 292.59, 776.42, 779.65, 195.06, 389.25, 583.11, 779.90, 777.40, 585.67, 0.00, 194.80, 487.06, 97.50, 485.48, 292.85, 485.56, 779.96, 487.11, 388.75, 195.04, 388.84, 97.45, 97.31, 389.02, 194.97, 97.38, 292.05, 292.20, 194.68, 194.71, 291.83, 97.28, 97.36, 195.01, 194.50, 97.39, 97.31, 194.89, 194.74, 291.73, 0.00, 0.00, 97.47, 0.00, 0.00, 0.00, 97.34, 0.00, 0.00, 0.00, 0.00, 0.00, 97.29, 0.00, 0.00, 0.00, 0.00, 0.00, 0.00, 0.00, 0.00, 0.00, 0.00, 0.00, 0.00, 0.00, 0.00, 0.00, 0.00, 0.00, 0.00, 0.00, 0.00, 0.00, 0.00, 0.00, 0.00, 0.00, 0.00, 0.00, 0.00, 0.00, 0.00, 0.00, 0.00, 0.00, 0.00, 0.00
80453.00, 49.98, 975.66, 141.64, 1750.22, 1555.65, 1167.57, 779.49, 485.72, 584.59, 871.55, 583.65, 1070.42, 194.84, 583.05, 779.47, 581.75, 194.72, 389.74, 194.43, 679.63, 194.78, 582.48, 292.55, 194.09, 194.61, 194.63, 389.62, 291.00, 390.09, 388.07, 389.60, 681.28, 485.46, 487.12, 194.23, 0.00, 388.85, 777.27, 389.56, 194.56, 389.01, 194.61, 194.49, 97.26, 97.18, 291.55, 97.26, 97.41, 97.15, 194.59, 97.21, 0.00, 97.28, 0.00, 0.00, 0.00, 0.00, 97.19, 97.32, 0.00, 97.24, 0.00, 0.00, 0.00, 0.00, 97.28, 0.00, 0.00, 0.00, 0.00, 0.00, 0.00, 0.00, 0.00, 0.00, 0.00, 0.00, 0.00, 0.00, 0.00, 0.00, 0.00, 0.00, 0.00, 0.00, 0.00, 0.00, 0.00, 0.00, 0.00, 0.00, 0.00, 0.00, 0.00, 0.00, 0.00, 0.00, 0.00, 0.00, 0.00, 0.00, 0.00
80454.00, 50.04, 976.10, 163.07, 1456.88, 679.83, 1360.64, 973.28, 582.21, 875.91, 677.11, 1068.82, 486.01, 875.79, 485.33, 583.95, 774.79, 291.76, 389.31, 194.21, 484.91, 583.70, 387.89, 389.63, 484.69, 291.58, 291.62, 291.89, 193.78, 194.83, 872.17, 194.58, 777.74, 290.95, 194.63, 388.02, 486.22, 194.21, 388.20, 291.85, 194.34, 194.29, 291.59, 194.27, 388.61, 194.15, 291.22, 388.61, 0.00, 97.04, 97.19, 97.10, 291.72, 291.50, 97.04, 97.26, 97.03, 97.27, 97.08, 97.21, 97.07, 0.00, 97.15, 0.00, 97.21, 0.00, 0.00, 0.00, 0.00, 0.00, 0.00, 0.00, 0.00, 0.00, 0.00, 0.00, 0.00, 0.00, 0.00, 0.00, 0.00, 0.00, 0.00, 0.00, 0.00, 0.00, 0.00, 0.00, 0.00, 0.00, 0.00, 0.00, 0.00, 0.00, 0.00, 0.00, 0.00, 0.00, 0.00, 0.00, 0.00, 0.00, 0.00
80455.00, 49.89, 976.34, 190.02, 1169.03, 779.30, 682.38, 585.73, 583.98, 976.18, 1358.32, 682.22, 682.47, 488.02, 584.16, 195.24, 485.71, 585.28, 585.73, 681.81, 486.38, 683.05, 389.06, 781.61, 388.93, 389.95, 585.02, 292.77, 388.74, 97.71, 388.81, 292.76, 97.51, 194.55, 195.22, 583.80, 195.08, 584.39, 389.38, 195.15, 682.26, 292.31, 487.45, 389.71, 292.34, 876.30, 389.47, 0.00, 97.59, 97.34, 194.96, 97.40, 390.14, 97.46, 0.00, 97.55, 97.33, 0.00, 97.37, 97.51, 194.74, 0.00, 97.45, 97.44, 0.00, 0.00, 97.47, 0.00, 97.46, 0.00, 0.00, 97.45, 0.00, 0.00, 0.00, 0.00, 0.00, 0.00, 0.00, 0.00, 0.00, 0.00, 0.00, 0.00, 0.00, 0.00, 0.00, 0.00, 0.00, 0.00, 0.00, 0.00, 0.00, 0.00, 0.00, 0.00, 0.00, 0.00, 0.00, 0.00, 0.00, 0.00, 0.00
80456.00, 49.92, 976.42, 153.84, 1752.46, 876.17, 292.27, 1073.18, 972.69, 682.90, 678.74, 1071.39, 97.44, 585.26, 389.20, 487.79, 388.33, 194.97, 878.04, 194.68, 194.43, 390.07, 583.23, 585.84, 97.17, 97.43, 584.65, 97.53, 582.75, 195.29, 194.28, 292.57, 194.90, 388.86, 585.29, 97.24, 292.43, 389.35, 291.85, 585.09, 97.40, 292.13, 194.86, 486.84, 194.77, 291.92, 194.62, 292.16, 195.06, 194.56, 292.26, 97.33, 194.95, 194.80, 194.55, 0.00, 0.00, 0.00, 194.62, 0.00, 97.31, 97.36, 97.39, 0.00, 0.00, 0.00, 0.00, 0.00, 97.40, 97.37, 0.00, 0.00, 0.00, 0.00, 0.00, 0.00, 0.00, 0.00, 0.00, 0.00, 0.00, 0.00, 0.00, 0.00, 0.00, 0.00, 0.00, 0.00, 0.00, 0.00, 0.00, 0.00, 0.00, 0.00, 0.00, 0.00, 0.00, 0.00, 0.00, 0.00, 0.00, 0.00, 0.00
