NETCARE2015/data/raw/Flight1/CO_POLAR6_20150405_R1_NETCARE.ict
34, 1001
Bozem, Heiko; Hoor, Peter
Institute for Atmospheric Physics, Johannes Gutenberg University, Mainz, Germany
CO mixing ratio from AL5002 CO analyzer
NETCARE Polar 6 Campaign 2015
1, 1
2015, 04, 05, 2015, 08, 15
1
Time_UTC, seconds
1
1
-9999.9
CO_ppbv, ppbv
0
19
PI_CONTACT_INFO: Address: Johann-Joachim-Becherweg 21, 55128 Mainz, email: bozemh@uni-mainz.de; hoor@uni-mainz.de
PLATFORM: Polar 6
LOCATION: GPS location and altitude available at 1 Hz resolution in separate file (See AIMMS files under Aircraft data and meteorology)
ASSOCIATED_DATA: N/A
INSTRUMENT_INFO: CO measurements based on the fluorescence of CO in the VUV at 150 nm
DATA_INFO: Units are ppbv
UNCERTAINTY RELATIVE TO STANDARD: 2.3 ppbv at 1 sigma confidence (before drift correction is applied)
ULOD_FLAG: -7777
ULOD_VALUE: N/A
LLOD_FLAG: -8888
LLOD_VALUE: 1.5 
DM_CONTACT_INFO: N/A
PROJECT_INFO: NETCARE Polar 6 aircraft campaign in April 2015; Longyearbyen
STIPULATIONS_ON_USE: N/A
OTHER_COMMENTS: N/A
REVISION: R1
R0: Preliminary data, corrected for instrument drift
R1: Final data, corrected for instrument drift
Time_UTC,CO_ppbv
[from data line 1313]
36317,148.2
36318,148.0
36319,147.9
36320,146.9
36321,147.1
36322,146.0
36323,144.6
36324,145.5
36325,146.1
36326,147.9
36327,146.8
36328,143.2
36329,143.2
36330,143.2
36331,143.1
36332,143.8
36333,145.2
36334,147.4
36335,148.7
36336,148.1
36337,147.9
36338,147.4
36339,148.7
36340,147.3
36341,143.4
36342,143.0
36343,145.7
36344,148.4
36345,146.9
36346,145.2
36347,145.1
36348,147.9
36349,148.3
36350,145.5
36351,146.4
36352,146.3
36353,144.9
36354,144.6
36355,145.5
36356,146.1
36357,146.4
36358,146.1
36359,144.2
36360,144.7
36361,147.1
36362,145.6
36363,142.2
36364,144.3
36365,145.9
36366,145.7
36367,143.4
36368,142.1
36369,145.4
36370,145.2
36371,142.5
36372,142.4
36373,145.3
36374,147.2
36375,145.8
36376,143.8
36377,144.0
36378,146.2
36379,147.4
36380,148.0
36381,148.5
36382,141.5
36383,143.7
36384,146.7
36385,143.4
36386,139.2
36387,142.4
36388,144.4
36389,143.7
36390,143.0
36391,143.6
36392,145.4
36393,144.7
36394,145.2
36395,147.6
36396,147.7
36397,143.0
36398,143.5
36399,146.0
36400,146.3
36401,148.6
36402,148.4
36403,146.2
36404,144.9
36405,145.6
36406,146.2
36407,144.2
36408,144.3
36409,146.9
36410,144.9
36411,145.3
36412,147.8
36413,148.5
36414,146.5
36415,143.4
36416,148.4
36417,147.0
36418,146.1
36419,147.8
36420,146.6
36421,144.8
36422,146.8
36423,147.6
36424,146.1
36425,145.1
36426,144.7
36427,146.3
36428,144.6
36429,141.9
36430,143.6
36431,143.1
36432,142.3
36433,145.8
36434,146.3
36435,144.6
36436,144.1
36437,147.7
36438,147.8
36439,144.5
36440,145.9
36441,146.5
36442,148.1
36443,147.8
36444,146.8
36445,147.1
36446,145.5
36447,144.3
36448,146.8
36449,148.7
36450,143.9
36451,146.5
36452,147.2
36453,145.9
36454,145.6
36455,144.7
36456,143.7
36457,143.7
36458,147.6
36459,148.8
36460,144.7
36461,141.8
36462,141.9
36463,143.5
36464,143.1
36465,143.2
36466,146.5
36467,146.8
36468,146.1
36469,146.0
36470,144.8
36471,146.3
36472,145.7
36473,143.3
36474,144.0
36475,143.6
36476,142.7
36477,144.8
36478,144.7
36479,142.9
36480,145.3
36481,149.3
36482,150.1
36483,149.5
36484,149.5
36485,145.1
36486,145.3
36487,144.3
36488,143.1
36489,142.6
36490,145.4
36491,147.1
36492,144.0
36493,144.4
36494,148.5
36495,147.5
36496,145.2
36497,146.2
36498,144.8
36499,143.6
36500,143.5
36501,145.8
36502,145.1
36503,143.4
36504,146.4
36505,145.3
36506,142.8
36507,141.3
36508,144.2
36509,147.4
36510,143.4
36511,142.4
36512,144.7
36513,144.5
36514,144.4
36515,143.9
36516,143.2
36517,144.3
36518,145.4
36519,148.8
36520,145.7
36521,144.0
36522,144.6
36523,145.0
36524,147.5
36525,146.7
36526,145.1
36527,143.8
36528,145.2
36529,146.7
36530,145.6
36531,147.2
36532,147.2
36533,148.3
36534,149.6
36535,148.4
36536,145.4
36537,143.9
36538,145.6
36539,147.3
36540,147.0
36541,146.1
36542,145.2
36543,145.6
36544,145.9
36545,145.4
36546,146.0
36547,147.2
36548,149.9
36549,148.7
36550,148.4
36551,149.8
36552,149.4
36553,147.7
36554,147.7
36555,149.7
36556,147.1
36557,145.7
36558,146.8
36559,146.3
36560,146.8
36561,146.5
36562,145.7
36563,146.2
36564,145.6
36565,143.3
36566,144.4
36567,147.9
36568,147.1
36569,143.2
36570,143.7
36571,145.3
36572,145.3
36573,144.7
36574,144.2
36575,143.9
36576,145.2
36577,147.2
36578,146.0
36579,146.0
36580,145.0
36581,145.5
36582,148.5
36583,148.5
36584,145.8
36585,144.6
36586,147.7
36587,149.0
36588,147.5
36589,146.4
36590,145.6
36591,144.8
36592,144.7
36593,146.3
36594,146.6
36595,147.1
36596,148.7
36597,146.1
36598,145.1
36599,147.3
36600,148.6
36601,147.0
36602,147.9
36603,145.9
36604,144.5
36605,147.4
36606,148.6
36607,148.0
36608,144.7
36609,146.3
36610,147.1
36611,145.1
36612,145.0
36613,145.9
36614,146.9
36615,147.4
36616,146.6
36617,144.7
36618,143.5
36619,144.2
36620,147.3
36621,151.8
36622,151.6
36623,149.1
36624,146.5
36625,143.3
36626,143.6
36627,146.4
36628,149.1
36629,145.8
36630,145.4
36631,147.5
36632,144.4
36633,145.7
36634,147.9
36635,146.6
36636,146.4
36637,146.9
36638,144.4
36639,144.2
36640,146.7
36641,145.8
36642,145.7
36643,145.4
36644,144.8
36645,144.7
36646,146.0
36647,148.7
36648,148.5
36649,146.4
36650,146.8
36651,150.6
36652,149.7
36653,149.4
36654,148.1
36655,144.8
36656,148.8
36657,152.1
36658,146.7
36659,146.5
36660,146.3
36661,150.1
36662,150.5
36663,146.2
36664,146.7
36665,146.7
36666,144.7
36667,145.2
36668,144.9
36669,145.1
36670,148.8
36671,152.8
36672,149.8
36673,146.0
36674,146.9
36675,147.8
36676,148.5
36677,149.9
36678,147.8
36679,144.8
36680,147.5
36681,149.5
36682,147.4
36683,145.9
36684,147.6
36685,147.8
36686,147.1
36687,146.5
36688,145.9
36689,146.6
36690,147.5
36691,147.8
36692,146.0
36693,145.5
36694,145.6
36695,147.0
36696,148.8
36697,146.7
36698,146.3
36699,148.1
36700,146.6
36701,149.1
36702,148.9
36703,144.8
36704,144.1
36705,146.5
36706,150.3
36707,149.9
36708,147.2
36709,146.4
36710,146.3
36711,145.3
36712,143.9
36713,144.4
36714,144.2
36715,145.3
36716,144.8
36717,145.2
36718,145.2
36719,145.2
36720,148.2
36721,145.7
36722,144.2
36723,146.7
36724,149.1
36725,150.3
36726,144.2
36727,146.6
36728,149.1
36729,148.1
36730,146.2
36731,146.4
36732,146.6
36733,144.3
36734,144.8
36735,148.4
36736,148.7
36737,147.0
36738,147.9
36739,149.1
36740,150.0
36741,147.9
36742,146.0
36743,145.9
36744,143.7
36745,145.6
36746,148.9
36747,148.6
36748,148.9
36749,147.3
36750,145.6
36751,148.7
36752,148.8
36753,147.2
36754,147.8
36755,145.9
36756,146.6
36757,149.0
36758,148.6
36759,149.2
36760,150.0
36761,145.4
36762,145.5
36763,144.9
36764,146.1
36765,149.2
36766,146.7
36767,145.3
36768,145.4
36769,145.6
36770,147.2
36771,146.3
36772,145.7
36773,143.3
36774,143.7
36775,147.7
36776,149.2
36777,148.0
36778,148.1
36779,149.6
36780,146.5
36781,145.4
36782,147.0
36783,145.8
36784,147.3
36785,148.8
36786,147.3
36787,146.5
36788,147.5
36789,147.5
36790,145.8
36791,143.7
36792,144.5
36793,147.5
36794,148.5
36795,150.3
36796,148.6
36797,146.4
36798,147.2
36799,147.5
36800,147.1
36801,149.3
36802,148.8
36803,148.6
36804,149.9
36805,147.8
36806,146.9
36807,149.1
36808,146.8
36809,142.5
36810,144.2
36811,146.0
36812,148.1
36813,145.5
36814,144.3
36815,147.2
36816,146.4
36817,145.6
36818,144.3
36819,146.1
36820,148.7
36821,148.5
36822,148.0
36823,147.4
36824,146.7
36825,146.8
36826,145.6
36827,144.2
36828,144.1
36829,147.2
36830,147.2
36831,147.1
36832,149.4
36833,149.6
36834,147.2
36835,147.0
36836,147.6
36837,147.7
36838,147.9
36839,149.0
36840,148.9
36841,149.0
36842,146.9
36843,146.3
36844,147.1
36845,147.3
36846,144.8
36847,145.0
36848,147.4
36849,146.7
36850,147.7
36851,148.0
36852,148.2
36853,148.2
36854,147.4
36855,146.0
36856,147.5
36857,146.4
36858,145.0
36859,147.6
36860,149.0
36861,149.2
36862,147.3
36863,147.5
36864,149.6
36865,145.8
36866,148.2
36867,147.8
36868,145.8
36869,148.7
36870,149.4
36871,147.9
36872,147.9
36873,147.2
36874,145.6
36875,146.4
36876,148.5
36877,147.6
36878,146.6
36879,144.7
36880,145.2
36881,146.6
36882,143.8
36883,145.0
36884,148.1
36885,147.3
36886,146.8
36887,145.9
36888,146.2
36889,147.1
36890,146.5
36891,146.4
36892,144.3
36893,145.3
36894,148.4
36895,148.3
36896,147.3
36897,147.0
36898,147.2
36899,145.0
36900,146.2
36901,148.4
36902,149.3
36903,148.7
36904,148.8
36905,147.1
36906,145.7
36907,147.3
36908,147.5
36909,148.5
36910,149.6
36911,150.5
36912,150.4
36913,150.1
36914,148.4
36915,146.8
36916,147.5
36917,148.1
36918,149.1
36919,147.8
36920,147.7
36921,147.1
36922,147.7
36923,150.5
36924,149.3
36925,146.8
36926,147.0
36927,146.5
36928,144.2
36929,145.4
36930,148.1
36931,150.3
36932,149.7
36933,147.4
36934,145.6
36935,146.3
36936,146.9
36937,147.4
36938,146.1
36939,145.4
36940,146.7
36941,146.9
36942,147.0
36943,146.6
36944,146.0
36945,146.8
36946,147.4
36947,147.9
36948,147.6
36949,145.5
36950,144.5
36951,146.1
36952,146.2
36953,145.6
36954,147.8
36955,147.6
36956,145.2
36957,146.1
36958,146.8
36959,147.0
36960,148.3
36961,148.4
36962,148.2
36963,148.1
36964,147.5
36965,145.5
36966,146.7
36967,149.4
36968,145.4
36969,146.9
36970,148.8
36971,149.0
36972,149.0
36973,147.2
36974,146.7
36975,148.0
36976,148.2
36977,149.1
36978,150.6
36979,149.1
36980,147.3
36981,146.4
36982,145.2
36983,147.1
36984,147.9
36985,147.0
36986,147.2
36987,146.7
36988,146.6
36989,148.6
36990,151.1
36991,151.4
36992,147.9
36993,148.2
36994,151.9
36995,149.5
36996,147.3
36997,148.0
36998,149.3
36999,146.9
37000,146.8
37001,150.1
37002,150.0
37003,149.7
37004,147.8
37005,146.5
37006,147.4
37007,147.9
37008,149.4
37009,148.3
37010,146.8
37011,148.3
37012,149.7
37013,148.6
37014,146.8
37015,146.1
37016,144.8
37017,145.3
37018,146.8
37019,147.5
37020,148.1
37021,149.9
37022,149.9
37023,147.4
37024,147.9
37025,147.8
37026,145.2
37027,145.7
37028,148.4
37029,147.4
37030,145.2
37031,147.6
37032,149.2
37033,147.0
37034,145.4
37035,147.7
37036,149.0
37037,147.7
37038,149.6
37039,148.0
37040,148.4
37041,149.8
37042,146.0
37043,144.8
37044,147.1
37045,150.9
37046,149.7
37047,146.6
37048,148.1
37049,149.4
37050,147.6
37051,146.6
37052,146.5
37053,148.2
37054,149.6
37055,147.8
37056,146.1
37057,146.3
37058,146.7
37059,145.5
37060,145.2
37061,147.3
37062,149.7
37063,148.9
37064,148.5
37065,148.7
37066,149.1
37067,149.6
37068,148.8
37069,149.6
37070,150.1
37071,151.5
37072,151.9
37073,147.4
37074,144.8
37075,146.5
37076,145.6
37077,146.9
37078,145.2
37079,145.9
37080,149.8
37081,150.1
37082,149.2
37083,147.7
37084,148.9
37085,149.3
37086,148.4
37087,147.1
37088,148.5
37089,151.0
37090,152.5
37091,150.8
37092,144.1
37093,144.0
37094,147.6
37095,148.6
37096,148.8
37097,147.9
37098,148.4
37099,150.5
37100,145.1
37101,143.2
37102,148.1
37103,145.0
37104,141.5
37105,147.4
37106,147.4
37107,145.8
37108,147.1
37109,151.2
37110,150.5
37111,146.1
37112,146.5
37113,148.1
37114,148.1
37115,147.0
37116,148.0
37117,147.4
37118,145.4
37119,147.8
37120,147.5
37121,148.1
37122,150.2
37123,148.7
37124,147.2
37125,146.1
37126,147.4
37127,150.8
37128,148.5
37129,145.0
37130,145.1
37131,146.9
37132,148.3
37133,148.3
37134,148.1
37135,143.8
37136,143.1
37137,145.7
37138,146.2
37139,148.8
37140,150.8
37141,149.3
37142,150.0
37143,148.0
37144,146.3
37145,148.5
37146,146.6
37147,144.9
37148,147.3
37149,150.0
37150,150.8
37151,149.1
37152,147.5
37153,147.1
37154,147.0
37155,144.6
37156,146.3
37157,150.4
37158,149.4
37159,147.5
37160,147.1
37161,146.0
37162,146.7
37163,147.2
37164,148.1
37165,148.2
37166,147.0
37167,144.3
37168,144.5
37169,148.0
37170,146.3
37171,146.5
37172,148.3
37173,147.7
37174,146.5
37175,147.0
37176,147.5
37177,147.6
37178,148.9
37179,148.7
37180,147.3
37181,149.8
37182,152.8
37183,149.8
37184,149.9
37185,152.3
37186,148.1
37187,148.7
37188,149.0
37189,145.6
37190,147.6
37191,149.8
37192,149.9
37193,150.1
37194,150.1
37195,146.8
37196,146.5
37197,147.8
37198,144.7
37199,147.6
37200,149.2
37201,150.0
37202,149.6
37203,145.9
37204,146.4
37205,148.7
37206,146.5
37207,145.8
37208,150.5
37209,152.0
37210,151.7
37211,151.6
37212,151.0
37213,148.9
37214,146.2
37215,146.6
37216,147.0
37217,146.0
37218,145.6
37219,145.6
37220,147.6
37221,148.5
37222,146.4
37223,145.8
37224,147.4
37225,148.8
37226,148.4
37227,147.8
37228,146.7
37229,148.9
37230,149.5
37231,147.4
37232,148.8
37233,148.9
37234,150.4
37235,150.9
37236,148.0
37237,149.0
37238,149.2
37239,147.4
37240,148.4
37241,148.1
37242,147.2
37243,147.0
37244,146.2
37245,145.2
37246,144.8
37247,145.9
37248,144.5
37249,147.2
37250,150.2
37251,147.6
37252,145.3
37253,145.5
37254,145.6
37255,145.3
37256,145.9
37257,146.7
37258,147.9
37259,147.2
37260,147.9
37261,151.2
37262,149.5
37263,145.9
37264,147.0
37265,146.9
37266,146.5
37267,149.7
37268,149.9
37269,146.1
37270,146.0
37271,147.3
37272,146.1
37273,145.9
37274,145.7
37275,147.4
37276,148.6
37277,-9999.9
37278,-9999.9
37279,-9999.9
37280,-9999.9
37281,-9999.9
37282,-9999.9
37283,-9999.9
37284,-9999.9
37285,-9999.9
37286,-9999.9
37287,-9999.9
37288,-9999.9
37289,-9999.9
37290,-9999.9
37291,-9999.9
37292,-9999.9
37293,-9999.9
37294,-9999.9
37295,-9999.9
37296,-9999.9
37297,-9999.9
37298,-9999.9
37299,-9999.9
37300,-9999.9
37301,-9999.9
37302,-9999.9
37303,-9999.9
37304,-9999.9
37305,-9999.9
37306,-9999.9
37307,-9999.9
37308,-9999.9
37309,-9999.9
37310,-9999.9
37311,-9999.9
37312,-9999.9
37313,-9999.9
37314,-9999.9
37315,-9999.9
37316,-9999.9
37317,-9999.9
37318,-9999.9
37319,-9999.9
37320,-9999.9
37321,-9999.9
37322,-9999.9
37323,-9999.9
37324,-9999.9
37325,-9999.9
37326,-9999.9
37327,-9999.9
37328,-9999.9
37329,-9999.9
37330,-9999.9
37331,-9999.9
37332,-9999.9
37333,-9999.9
37334,-9999.9
37335,-9999.9
37336,-9999.9
37337,-9999.9
37338,-9999.9
37339,-9999.9
37340,-9999.9
37341,-9999.9
37342,-9999.9
37343,-9999.9
37344,-9999.9
37345,-9999.9
37346,-9999.9
37347,-9999.9
37348,-9999.9
37349,-9999.9
37350,-9999.9
37351,-9999.9
37352,-9999.9
37353,-9999.9
37354,-9999.9
37355,-9999.9
37356,-9999.9
37357,-9999.9
37358,-9999.9
37359,-9999.9
37360,-9999.9
37361,-9999.9
37362,-9999.9
37363,-9999.9
37364,-9999.9
37365,-9999.9
37366,-9999.9
37367,-9999.9
37368,-9999.9
37369,-9999.9
37370,-9999.9
37371,-9999.9
37372,-9999.9
37373,-9999.9
37374,-9999.9
37375,-9999.9
37376,-9999.9
37377,-9999.9
37378,-9999.9
37379,-9999.9
37380,-9999.9
37381,-9999.9
37382,-9999.9
37383,-9999.9
37384,-9999.9
37385,-9999.9
37386,-9999.9
37387,-9999.9
37388,-9999.9
37389,-9999.9
37390,-9999.9
37391,-9999.9
37392,-9999.9
37393,-9999.9
37394,-9999.9
37395,-9999.9
37396,-9999.9
37397,-9999.9
37398,-9999.9
37399,-9999.9
37400,-9999.9
37401,-9999.9
37402,-9999.9
37403,144.8
37404,143.5
37405,147.1
37406,150.3
37407,149.9
37408,149.2
37409,149.4
37410,149.5
37411,149.4
37412,150.4
37413,149.3
37414,148.6
37415,151.0
37416,152.4
37417,150.7
37418,147.8
37419,147.5
37420,149.0
37421,148.4
37422,149.3
37423,150.0
37424,150.4
37425,149.1
37426,148.6
37427,150.3
37428,150.8
37429,150.1
37430,150.2
37431,148.3
37432,147.7
37433,149.5
37434,149.9
37435,147.7
37436,145.8
37437,147.8
37438,149.0
37439,146.6
37440,143.2
37441,146.6
37442,147.1
37443,147.2
37444,149.6
37445,149.0
37446,149.3
37447,148.2
37448,148.1
37449,147.8
37450,146.9
37451,150.0
37452,147.8
37453,146.4
37454,148.7
37455,150.4
37456,151.1
37457,149.3
37458,146.5
37459,148.9
37460,149.9
37461,147.6
37462,146.4
37463,147.9
37464,150.1
37465,148.6
37466,148.3
37467,148.2
37468,148.0
37469,148.8
37470,149.4
37471,153.1
37472,151.6
37473,148.0
37474,148.6
37475,146.3
37476,147.9
37477,150.1
37478,149.0
37479,149.5
37480,147.4
37481,147.0
37482,149.1
37483,149.8
37484,148.9
37485,147.8
37486,146.7
37487,147.3
37488,147.3
37489,146.8
37490,146.3
37491,146.2
37492,148.1
37493,149.9
37494,148.5
37495,147.0
37496,148.5
37497,149.8
37498,151.4
37499,151.4
37500,149.1
37501,147.7
37502,147.6
37503,147.1
37504,147.7
37505,147.8
37506,146.2
37507,146.7
37508,149.7
37509,150.3
37510,149.5
37511,149.0
37512,147.5
37513,146.9
37514,148.6
37515,151.1
37516,149.3
37517,146.2
37518,147.5
37519,149.6
37520,147.9
37521,147.9
37522,148.1
37523,148.9
37524,146.4
37525,143.5
37526,144.3
37527,147.1
37528,146.6
37529,145.9
37530,147.4
37531,148.1
37532,149.5
37533,148.0
37534,147.8
37535,148.8
37536,148.5
37537,147.7
37538,145.2
37539,145.4
37540,148.9
37541,147.5
37542,143.5
37543,144.5
37544,145.2
37545,145.5
37546,147.9
37547,149.1
37548,147.1
37549,146.8
37550,150.1
37551,148.9
37552,146.2
37553,146.1
37554,147.3
37555,146.4
37556,145.5
37557,146.7
37558,147.8
37559,147.0
37560,147.2
37561,147.0
37562,147.9
37563,148.0
37564,147.2
37565,148.0
37566,147.0
37567,147.3
37568,147.7
37569,145.5
37570,146.1
37571,147.4
37572,146.5
37573,148.1
37574,146.0
37575,143.8
37576,145.6
37577,146.8
37578,147.4
37579,146.7
37580,147.1
37581,148.3
37582,149.1
37583,149.3
37584,146.8
37585,145.6
37586,146.9
37587,147.2
37588,146.9
37589,150.2
37590,147.8
37591,145.3
37592,146.0
37593,148.4
37594,148.2
37595,146.8
37596,146.7
37597,148.7
37598,150.4
37599,147.5
37600,147.2
37601,150.3
37602,147.6
37603,147.4
37604,148.5
37605,149.5
37606,149.2
37607,144.0
37608,144.4
37609,147.5
37610,148.6
37611,148.8
37612,148.3
37613,148.0
37614,147.5
37615,147.2
37616,148.2
37617,149.4
37618,149.8
37619,150.2
37620,148.7
37621,148.1
37622,149.7
37623,143.3
37624,144.4
37625,145.2
37626,145.9
37627,146.2
