NETCARE2015/data/raw/Flight1/CO_POLAR6_20150405_R1_NETCARE.ict
34, 1001
Bozem, Heiko; Hoor, Peter
Institute for Atmospheric Physics, Johannes Gutenberg University, Mainz, Germany
CO mixing ratio from AL5002 CO analyzer
NETCARE Polar 6 Campaign 2015
1, 1
2015, 04, 05, 2015, 08, 15
1
Time_UTC, seconds
1
1
-9999.9
CO_ppbv, ppbv
0
19
PI_CONTACT_INFO: Address: Johann-Joachim-Becherweg 21, 55128 Mainz, email: bozemh@uni-mainz.de; hoor@uni-mainz.de
PLATFORM: Polar 6
LOCATION: GPS location and altitude available at 1 Hz resolution in separate file (See AIMMS files under Aircraft data and meteorology)
ASSOCIATED_DATA: N/A
INSTRUMENT_INFO: CO measurements based on the fluorescence of CO in the VUV at 150 nm
DATA_INFO: Units are ppbv
UNCERTAINTY RELATIVE TO STANDARD: 2.3 ppbv at 1 sigma confidence (before drift correction is applied)
ULOD_FLAG: -7777
ULOD_VALUE: N/A
LLOD_FLAG: -8888
LLOD_VALUE: 1.5 
DM_CONTACT_INFO: N/A
PROJECT_INFO: NETCARE Polar 6 aircraft campaign in April 2015; Longyearbyen
STIPULATIONS_ON_USE: N/A
OTHER_COMMENTS: N/A
REVISION: R1
R0: Preliminary data, corrected for instrument drift
R1: Final data, corrected for instrument drift
Time_UTC,CO_ppbv
[from data line 2625]
37629,149.7
37630,146.5
37631,146.8
37632,146.8
37633,146.3
37634,146.7
37635,146.0
37636,144.8
37637,144.8
37638,145.5
37639,145.7
37640,147.5
37641,150.0
37642,149.2
37643,146.0
37644,145.8
37645,148.3
37646,149.9
37647,149.3
37648,147.3
37649,146.9
37650,148.4
37651,149.1
37652,149.9
37653,150.0
37654,149.4
37655,149.0
37656,148.1
37657,147.2
37658,147.2
37659,141.6
37660,145.2
37661,147.3
37662,146.3
37663,146.0
37664,145.9
37665,148.6
37666,147.7
37667,146.9
37668,148.2
37669,145.4
37670,143.6
37671,144.9
37672,146.8
37673,147.8
37674,144.9
37675,147.0
37676,151.4
37677,148.4
37678,147.4
37679,147.5
37680,146.7
37681,147.9
37682,146.0
37683,146.7
37684,149.4
37685,147.0
37686,146.3
37687,148.9
37688,148.7
37689,147.8
37690,147.7
37691,146.2
37692,146.1
37693,146.8
37694,147.1
37695,146.0
37696,146.9
37697,147.1
37698,146.1
37699,146.5
37700,145.9
37701,145.7
37702,147.3
37703,146.7
37704,144.2
37705,145.1
37706,146.7
37707,146.0
37708,148.1
37709,150.8
37710,148.9
37711,145.5
37712,144.2
37713,146.7
37714,147.4
37715,145.6
37716,145.7
37717,147.7
37718,146.7
37719,146.0
37720,146.7
37721,145.3
37722,143.8
37723,145.2
37724,146.2
37725,145.2
37726,144.9
37727,147.3
37728,146.8
37729,145.4
37730,144.1
37731,145.3
37732,145.6
37733,145.4
37734,146.2
37735,147.6
37736,146.4
37737,144.2
37738,146.4
37739,147.7
37740,146.6
37741,144.1
37742,144.7
37743,144.9
37744,143.7
37745,144.5
37746,146.3
37747,147.0
37748,144.3
37749,145.8
37750,148.3
37751,147.0
37752,146.8
37753,146.8
37754,146.3
37755,145.9
37756,147.2
37757,147.6
37758,145.9
37759,143.6
37760,143.0
37761,144.8
37762,147.6
37763,146.6
37764,144.2
37765,144.4
37766,142.8
37767,141.8
37768,143.3
37769,144.6
37770,144.5
37771,141.9
37772,143.6
37773,145.2
37774,143.1
37775,146.9
37776,149.8
37777,146.6
37778,145.9
37779,145.0
37780,143.0
37781,141.7
37782,144.4
37783,147.3
37784,145.8
37785,144.5
37786,144.3
37787,141.7
37788,142.7
37789,145.4
37790,145.1
37791,146.0
37792,146.5
37793,145.6
37794,144.2
37795,143.2
37796,147.6
37797,146.1
37798,144.7
37799,146.6
37800,144.3
37801,144.3
37802,148.6
37803,150.3
37804,150.1
37805,146.8
37806,146.1
37807,145.5
37808,146.9
37809,149.6
37810,149.6
37811,149.7
37812,147.6
37813,144.5
37814,144.8
37815,147.8
37816,149.5
37817,150.3
37818,150.3
37819,148.1
37820,149.2
37821,149.5
37822,146.6
37823,147.4
37824,148.6
37825,148.6
37826,146.6
37827,144.3
37828,145.9
37829,147.3
37830,146.5
37831,146.8
37832,147.0
37833,147.6
37834,149.4
37835,148.2
37836,146.9
37837,147.8
37838,148.1
37839,147.9
37840,147.7
37841,149.2
37842,149.7
37843,147.6
37844,146.6
37845,147.5
37846,148.4
37847,151.1
37848,150.2
37849,149.3
37850,149.7
37851,147.9
37852,148.9
37853,150.0
37854,148.0
37855,146.5
37856,144.5
37857,144.9
37858,146.7
37859,147.5
37860,148.5
37861,148.3
37862,148.2
37863,150.7
37864,153.8
37865,147.2
37866,149.8
37867,152.1
37868,150.8
37869,149.4
37870,147.9
37871,148.6
37872,149.4
37873,149.0
37874,147.6
37875,144.5
37876,146.8
37877,148.4
37878,150.4
37879,152.1
37880,149.6
37881,147.0
37882,145.5
37883,147.0
37884,146.3
37885,145.4
37886,146.6
37887,148.4
37888,148.1
37889,145.4
37890,145.4
37891,146.9
37892,145.8
37893,150.1
37894,149.9
37895,147.9
37896,148.3
37897,147.0
37898,148.8
37899,150.8
37900,150.6
37901,148.4
37902,145.5
37903,145.2
37904,146.0
37905,146.2
37906,149.2
37907,150.5
37908,148.5
37909,147.4
37910,150.0
37911,148.3
37912,145.6
37913,149.8
37914,149.8
37915,148.4
37916,148.2
37917,147.8
37918,148.7
37919,149.2
37920,149.2
37921,149.6
37922,150.2
37923,149.6
37924,147.9
37925,145.7
37926,145.2
37927,147.6
37928,149.3
37929,148.4
37930,148.0
37931,149.5
37932,150.5
37933,149.0
37934,149.0
37935,145.1
37936,144.5
37937,147.3
37938,147.6
37939,145.1
37940,145.9
37941,146.0
37942,144.2
37943,144.8
37944,149.5
37945,149.5
37946,146.8
37947,148.9
37948,149.2
37949,147.3
37950,145.2
37951,146.5
37952,145.1
37953,140.0
37954,146.1
37955,150.2
37956,149.7
37957,150.4
37958,147.2
37959,146.4
37960,146.1
37961,145.8
37962,146.2
37963,147.2
37964,149.2
37965,146.5
37966,144.9
37967,148.4
37968,151.3
37969,146.6
37970,149.2
37971,148.0
37972,141.9
37973,143.4
37974,146.9
37975,144.7
37976,146.1
37977,148.0
37978,146.7
37979,146.9
37980,148.5
37981,148.4
37982,147.4
37983,145.7
37984,143.9
37985,144.6
37986,145.3
37987,145.2
37988,146.2
37989,148.2
37990,144.8
37991,141.7
37992,143.3
37993,146.3
37994,145.0
37995,141.9
37996,144.4
37997,145.7
37998,144.9
37999,146.0
38000,146.9
38001,145.6
38002,145.0
38003,146.5
38004,144.3
38005,143.9
38006,143.9
38007,144.0
38008,144.7
38009,144.6
38010,145.3
38011,143.9
38012,145.4
38013,144.9
38014,143.6
38015,146.2
38016,147.5
38017,146.7
38018,146.6
38019,145.4
38020,144.0
38021,145.5
38022,145.8
38023,146.3
38024,146.8
38025,146.5
38026,147.1
38027,145.8
38028,144.1
38029,144.8
38030,147.4
38031,148.7
38032,146.3
38033,145.2
38034,145.3
38035,143.9
38036,144.7
38037,146.4
38038,144.7
38039,145.0
38040,147.1
38041,145.7
38042,143.2
38043,144.9
38044,145.0
38045,141.7
38046,143.1
38047,145.7
38048,144.5
38049,143.5
38050,143.5
38051,145.9
38052,145.5
38053,145.3
38054,146.2
38055,146.8
38056,146.0
38057,145.4
38058,144.9
38059,143.7
38060,145.7
38061,146.2
38062,145.0
38063,145.8
38064,145.8
38065,145.2
38066,147.3
38067,144.7
38068,144.3
38069,144.7
38070,144.3
38071,147.4
38072,144.3
38073,144.0
38074,143.9
38075,145.9
38076,146.6
38077,145.4
38078,146.0
38079,144.5
38080,144.1
38081,145.3
38082,144.7
38083,146.5
38084,145.8
38085,146.3
38086,145.4
38087,143.2
38088,146.9
38089,147.3
38090,145.4
38091,146.4
38092,147.8
38093,146.7
38094,146.1
38095,146.3
38096,145.1
38097,144.7
38098,143.9
38099,144.1
38100,145.9
38101,148.4
38102,146.4
38103,143.6
38104,145.5
38105,146.3
38106,146.5
38107,146.2
38108,143.2
38109,144.7
38110,146.5
38111,142.9
38112,145.0
38113,146.7
38114,144.3
38115,143.1
38116,141.4
38117,140.2
38118,146.5
38119,148.4
38120,142.3
38121,143.7
38122,146.3
38123,146.0
38124,147.9
38125,148.2
38126,146.7
38127,145.3
38128,144.7
38129,146.0
38130,147.5
38131,145.9
38132,145.5
38133,147.0
38134,145.3
38135,146.3
38136,147.0
38137,145.6
38138,144.5
38139,146.5
38140,150.1
38141,150.0
38142,147.9
38143,143.4
38144,144.7
38145,148.2
38146,146.4
38147,144.1
38148,145.6
38149,146.0
38150,142.9
38151,141.7
38152,143.2
38153,144.7
38154,147.7
38155,148.9
38156,144.8
38157,141.8
38158,146.1
38159,147.4
38160,144.2
38161,146.4
38162,147.9
38163,146.3
38164,145.5
38165,145.9
38166,146.1
38167,145.3
38168,144.5
38169,143.8
38170,145.9
38171,146.9
38172,145.2
38173,147.2
38174,148.7
38175,146.4
38176,147.7
38177,146.7
38178,146.0
38179,147.2
38180,146.4
38181,145.9
38182,145.5
38183,145.6
38184,145.5
38185,146.3
38186,147.6
38187,148.5
38188,148.1
38189,144.8
38190,145.2
38191,148.3
38192,146.3
38193,142.8
38194,143.0
38195,146.3
38196,145.9
38197,143.5
38198,145.4
38199,148.2
38200,148.2
38201,144.3
38202,143.2
38203,144.3
38204,145.2
38205,146.6
38206,144.2
38207,142.6
38208,143.6
38209,144.7
38210,144.7
38211,147.6
38212,145.7
38213,142.1
38214,142.0
38215,143.4
38216,141.9
38217,143.9
38218,144.3
38219,144.6
38220,147.0
38221,145.4
38222,144.5
38223,143.7
38224,142.2
38225,142.3
38226,145.8
38227,147.6
38228,146.2
38229,145.5
38230,144.9
38231,146.0
38232,145.5
38233,144.2
38234,145.2
38235,144.5
38236,143.3
38237,146.8
38238,150.3
38239,149.1
38240,146.6
38241,145.1
38242,145.2
38243,146.6
38244,148.0
38245,146.1
38246,146.1
38247,145.8
38248,145.7
38249,146.6
38250,147.6
38251,145.5
38252,146.3
38253,146.6
38254,145.3
38255,146.2
38256,145.4
38257,145.0
38258,146.3
38259,147.5
38260,145.3
38261,144.5
38262,144.2
38263,144.7
38264,145.4
38265,145.4
38266,148.6
38267,147.8
38268,146.0
38269,147.1
38270,145.1
38271,142.3
38272,142.0
38273,144.3
38274,145.0
38275,143.6
38276,144.8
38277,147.0
38278,147.9
38279,142.1
38280,142.7
38281,143.1
38282,142.2
38283,143.7
38284,145.5
38285,145.1
38286,144.6
38287,144.6
38288,147.3
38289,148.5
38290,148.4
38291,145.4
38292,142.8
38293,144.8
38294,146.1
38295,145.7
38296,144.4
38297,144.5
38298,145.3
38299,144.7
38300,145.5
38301,145.4
38302,145.0
38303,147.7
38304,147.1
38305,146.4
38306,147.9
38307,146.9
38308,146.0
38309,146.3
38310,145.6
38311,145.9
38312,146.8
38313,146.2
38314,147.1
38315,144.5
38316,146.4
38317,149.4
38318,149.7
38319,149.9
38320,145.7
38321,143.9
38322,145.5
38323,146.4
38324,146.8
38325,146.9
38326,147.4
38327,150.3
38328,150.1
38329,147.3
38330,146.2
38331,145.8
38332,145.8
38333,147.6
38334,147.5
38335,147.2
38336,149.2
38337,148.8
38338,148.2
38339,149.5
38340,148.7
38341,144.7
38342,145.1
38343,146.4
38344,144.6
38345,143.9
38346,144.6
38347,145.3
38348,149.7
38349,147.3
38350,143.9
38351,144.2
38352,144.9
38353,145.8
38354,149.2
38355,150.1
38356,148.8
38357,146.1
38358,144.5
38359,147.0
38360,145.1
38361,144.7
38362,149.4
38363,148.8
38364,145.7
38365,142.8
38366,145.2
38367,146.6
38368,147.2
38369,150.4
38370,147.1
38371,145.7
38372,147.1
38373,148.0
38374,148.6
38375,146.8
38376,145.2
38377,146.8
38378,147.0
38379,148.2
38380,146.3
38381,141.5
38382,147.1
38383,146.6
38384,146.3
38385,145.5
38386,145.8
38387,146.9
38388,146.8
38389,147.9
38390,147.6
38391,148.1
38392,145.5
38393,143.6
38394,146.7
38395,147.1
38396,145.6
38397,145.5
38398,144.2
38399,143.9
38400,145.9
38401,147.1
38402,147.0
38403,144.2
38404,143.3
38405,145.4
38406,144.3
38407,146.1
38408,147.9
38409,145.9
38410,145.4
38411,146.1
38412,146.2
38413,146.1
38414,148.5
38415,147.7
38416,146.0
38417,150.2
38418,148.5
38419,145.2
38420,148.0
38421,152.0
38422,148.4
38423,143.7
38424,144.7
38425,146.9
38426,149.4
38427,150.7
38428,149.3
38429,149.4
38430,148.2
38431,147.8
38432,148.1
38433,148.6
38434,148.1
38435,146.2
38436,144.7
38437,147.2
38438,148.4
38439,148.6
38440,150.4
38441,148.4
38442,144.8
38443,144.6
38444,147.6
38445,147.3
38446,144.8
38447,144.5
38448,146.6
38449,149.4
38450,151.3
38451,148.8
38452,148.5
38453,144.9
38454,144.7
38455,147.6
38456,147.2
38457,145.7
38458,143.1
38459,141.9
38460,143.5
38461,147.8
38462,147.3
38463,144.3
38464,144.7
38465,145.6
38466,146.7
38467,147.0
38468,147.6
38469,145.9
38470,146.4
38471,147.6
38472,148.1
38473,149.1
38474,148.1
38475,149.5
38476,148.1
38477,145.5
38478,145.5
38479,146.5
38480,149.1
38481,151.6
38482,148.5
38483,145.1
38484,145.7
38485,149.6
38486,149.6
38487,146.1
38488,146.2
38489,145.7
38490,146.9
38491,150.6
38492,151.0
38493,150.0
38494,148.6
38495,147.6
38496,148.4
38497,149.8
38498,149.9
38499,148.4
38500,148.1
38501,145.4
38502,144.6
38503,145.8
38504,146.0
38505,149.2
38506,149.8
38507,149.0
38508,148.9
38509,150.3
38510,149.8
38511,144.8
38512,143.1
38513,145.6
38514,148.0
38515,145.9
38516,147.5
38517,150.9
38518,147.4
38519,147.0
38520,149.9
38521,153.2
38522,149.9
38523,147.9
38524,151.0
38525,149.2
38526,145.8
38527,146.2
38528,148.9
38529,150.5
38530,150.6
38531,150.2
38532,146.4
38533,146.9
38534,151.1
38535,150.2
38536,146.8
38537,144.9
38538,147.3
38539,148.7
38540,146.8
38541,147.5
38542,147.4
38543,149.0
38544,150.6
38545,148.2
38546,145.7
38547,146.9
38548,147.7
38549,149.0
38550,151.1
38551,147.9
38552,143.6
38553,143.5
38554,144.7
38555,146.9
38556,146.6
38557,145.7
38558,149.2
38559,151.8
38560,148.8
38561,146.2
38562,145.6
38563,147.1
38564,146.3
38565,144.1
38566,145.8
38567,148.4
38568,148.1
38569,144.8
38570,143.4
38571,145.6
38572,145.9
38573,146.6
38574,146.3
38575,144.2
38576,144.9
38577,144.2
38578,145.1
38579,147.3
38580,146.0
38581,143.1
38582,142.9
38583,142.7
38584,143.9
38585,148.0
38586,146.0
38587,145.0
38588,147.7
38589,148.1
38590,144.0
38591,145.1
38592,148.1
38593,146.2
38594,144.7
38595,145.6
38596,147.1
38597,148.5
38598,145.1
38599,146.4
38600,147.9
38601,145.0
38602,144.6
38603,144.6
38604,145.8
38605,146.2
38606,145.0
38607,147.0
38608,149.0
38609,146.8
38610,145.0
38611,145.6
38612,143.4
38613,144.3
38614,147.4
38615,147.8
38616,148.0
38617,148.8
38618,148.6
38619,148.1
38620,147.2
38621,145.3
38622,148.0
38623,151.2
38624,144.7
38625,146.9
38626,147.9
38627,148.0
38628,146.8
38629,146.2
38630,147.0
38631,145.6
38632,147.2
38633,148.1
38634,147.4
38635,149.4
38636,149.1
38637,148.6
38638,150.3
38639,148.1
38640,146.5
38641,146.9
38642,147.6
38643,146.2
38644,145.8
38645,147.9
38646,147.0
38647,149.0
38648,149.1
38649,147.4
38650,148.1
38651,145.5
38652,145.8
38653,150.9
38654,151.6
38655,147.0
38656,146.9
38657,149.6
38658,145.6
38659,145.8
38660,147.7
38661,147.4
38662,145.2
38663,147.1
38664,148.3
38665,147.7
38666,147.5
38667,147.4
38668,145.0
38669,143.2
38670,144.9
38671,148.0
38672,148.6
38673,145.5
38674,145.9
38675,148.3
38676,149.4
38677,147.7
38678,144.6
38679,144.3
38680,144.8
38681,143.3
38682,146.9
38683,149.1
38684,149.3
38685,150.3
38686,147.2
38687,144.8
38688,145.2
38689,148.8
38690,146.5
38691,145.6
38692,148.9
38693,145.9
38694,147.2
38695,148.1
38696,145.5
38697,144.5
38698,146.8
38699,145.1
38700,144.5
38701,145.8
38702,146.5
38703,146.7
38704,145.3
38705,147.8
38706,148.3
38707,147.3
38708,147.4
38709,145.0
38710,146.2
38711,147.6
38712,145.6
38713,147.1
38714,148.6
38715,146.2
38716,145.9
38717,147.5
38718,147.5
38719,146.8
38720,147.0
38721,147.9
38722,148.8
38723,148.1
38724,147.7
38725,145.7
38726,143.9
38727,148.6
38728,146.4
38729,144.1
38730,147.6
38731,149.4
38732,149.7
38733,148.0
38734,145.5
38735,147.6
38736,149.7
38737,148.1
38738,145.1
38739,144.8
38740,146.2
38741,145.7
38742,144.9
38743,148.3
38744,149.3
38745,147.7
38746,146.5
38747,146.9
38748,146.6
38749,146.1
38750,150.4
38751,150.4
38752,148.5
38753,148.7
38754,147.3
38755,146.5
38756,148.8
38757,149.8
38758,147.8
38759,147.5
38760,147.8
38761,146.6
38762,146.6
38763,145.2
38764,147.0
38765,151.3
38766,-9999.9
38767,-9999.9
38768,-9999.9
38769,-9999.9
38770,-9999.9
38771,-9999.9
38772,-9999.9
38773,-9999.9
38774,-9999.9
38775,-9999.9
38776,-9999.9
38777,-9999.9
38778,-9999.9
38779,-9999.9
38780,-9999.9
38781,-9999.9
38782,-9999.9
38783,-9999.9
38784,-9999.9
38785,-9999.9
38786,-9999.9
38787,-9999.9
38788,-9999.9
38789,-9999.9
38790,-9999.9
38791,-9999.9
38792,-9999.9
38793,-9999.9
38794,-9999.9
38795,-9999.9
38796,-9999.9
38797,-9999.9
38798,-9999.9
38799,-9999.9
38800,-9999.9
38801,-9999.9
38802,-9999.9
38803,-9999.9
38804,-9999.9
38805,-9999.9
38806,-9999.9
38807,-9999.9
38808,-9999.9
38809,-9999.9
38810,-9999.9
38811,-9999.9
38812,-9999.9
38813,-9999.9
38814,-9999.9
38815,-9999.9
38816,-9999.9
38817,-9999.9
38818,-9999.9
38819,-9999.9
38820,-9999.9
38821,-9999.9
38822,-9999.9
38823,-9999.9
38824,-9999.9
38825,-9999.9
38826,-9999.9
38827,-9999.9
38828,-9999.9
38829,-9999.9
38830,-9999.9
38831,-9999.9
38832,-9999.9
38833,-9999.9
38834,-9999.9
38835,-9999.9
38836,-9999.9
38837,-9999.9
38838,-9999.9
38839,-9999.9
38840,-9999.9
38841,-9999.9
38842,-9999.9
38843,-9999.9
38844,-9999.9
38845,-9999.9
38846,-9999.9
38847,-9999.9
38848,-9999.9
38849,-9999.9
38850,-9999.9
38851,-9999.9
38852,-9999.9
38853,-9999.9
38854,-9999.9
38855,-9999.9
38856,-9999.9
38857,-9999.9
38858,-9999.9
38859,-9999.9
38860,-9999.9
38861,-9999.9
38862,-9999.9
38863,-9999.9
38864,-9999.9
38865,-9999.9
38866,-9999.9
38867,-9999.9
38868,-9999.9
38869,-9999.9
38870,-9999.9
38871,-9999.9
38872,-9999.9
38873,-9999.9
38874,-9999.9
38875,-9999.9
38876,-9999.9
38877,-9999.9
38878,-9999.9
38879,-9999.9
38880,-9999.9
38881,-9999.9
38882,-9999.9
38883,-9999.9
38884,-9999.9
38885,-9999.9
38886,-9999.9
38887,-9999.9
38888,-9999.9
38889,-9999.9
38890,-9999.9
38891,-9999.9
38892,145.8
38893,146.3
38894,147.1
38895,145.4
38896,143.9
38897,144.9
38898,147.0
38899,148.3
38900,144.5
38901,148.5
38902,151.0
38903,148.5
38904,146.3
38905,148.0
38906,149.9
38907,149.2
38908,148.0
38909,145.5
38910,146.7
38911,147.3
38912,146.7
38913,149.7
38914,149.1
38915,147.6
38916,148.7
38917,146.5
38918,146.4
38919,148.3
38920,150.3
38921,150.6
38922,146.0
38923,146.2
38924,147.9
38925,145.1
38926,145.6
38927,148.7
38928,149.2
38929,149.4
38930,147.8
38931,146.9
38932,148.8
38933,148.9
38934,144.0
38935,144.4
38936,146.6
38937,147.5
38938,147.9
38939,148.4
38940,148.6
