NETCARE2015/data/raw/Flight1/CO_POLAR6_20150405_R1_NETCARE.ict
34, 1001
Bozem, Heiko; Hoor, Peter
Institute for Atmospheric Physics, Johannes Gutenberg University, Mainz, Germany
CO mixing ratio from AL5002 CO analyzer
NETCARE Polar 6 Campaign 2015
1, 1
2015, 04, 05, 2015, 08, 15
1
Time_UTC, seconds
1
1
-9999.9
CO_ppbv, ppbv
0
19
PI_CONTACT_INFO: Address: Johann-Joachim-Becherweg 21, 55128 Mainz, email: bozemh@uni-mainz.de; hoor@uni-mainz.de
PLATFORM: Polar 6
LOCATION: GPS location and altitude available at 1 Hz resolution in separate file (See AIMMS files under Aircraft data and meteorology)
ASSOCIATED_DATA: N/A
INSTRUMENT_INFO: CO measurements based on the fluorescence of CO in the VUV at 150 nm
DATA_INFO: Units are ppbv
UNCERTAINTY RELATIVE TO STANDARD: 2.3 ppbv at 1 sigma confidence (before drift correction is applied)
ULOD_FLAG: -7777
ULOD_VALUE: N/A
LLOD_FLAG: -8888
LLOD_VALUE: 1.5 
DM_CONTACT_INFO: N/A
PROJECT_INFO: NETCARE Polar 6 aircraft campaign in April 2015; Longyearbyen
STIPULATIONS_ON_USE: N/A
OTHER_COMMENTS: N/A
REVISION: R1
R0: Preliminary data, corrected for instrument drift
R1: Final data, corrected for instrument drift
Time_UTC,CO_ppbv
[from data line 3938]
38942,147.3
38943,147.2
38944,147.3
38945,147.4
38946,144.9
38947,143.7
38948,145.7
38949,146.2
38950,145.3
38951,146.7
38952,147.1
38953,146.5
38954,146.3
38955,146.1
38956,146.0
38957,144.4
38958,146.1
38959,146.1
38960,145.1
38961,147.1
38962,147.9
38963,148.2
38964,146.6
38965,145.8
38966,146.8
38967,145.7
38968,144.3
38969,149.0
38970,147.7
38971,146.2
38972,146.7
38973,146.0
38974,146.3
38975,146.6
38976,146.1
38977,147.7
38978,146.9
38979,145.5
38980,146.6
38981,148.6
38982,147.5
38983,146.5
38984,146.0
38985,145.2
38986,147.7
38987,149.1
38988,146.3
38989,145.8
38990,147.8
38991,148.2
38992,148.5
38993,146.7
38994,145.2
38995,147.2
38996,147.2
38997,146.8
38998,146.6
38999,146.8
39000,148.1
39001,148.7
39002,149.1
39003,146.5
39004,145.7
39005,147.2
39006,147.8
39007,146.2
39008,147.9
39009,147.7
39010,145.7
39011,143.7
39012,143.8
39013,147.8
39014,148.2
39015,146.5
39016,144.8
39017,144.9
39018,146.4
39019,144.7
39020,146.3
39021,149.7
39022,148.5
39023,147.1
39024,146.6
39025,147.7
39026,148.3
39027,146.8
39028,147.5
39029,147.3
39030,146.5
39031,146.5
39032,146.2
39033,145.8
39034,146.0
39035,146.0
39036,145.7
39037,143.6
39038,143.6
39039,148.6
39040,146.3
39041,145.7
39042,146.6
39043,144.8
39044,148.3
39045,151.9
39046,148.5
39047,147.1
39048,147.1
39049,143.6
39050,144.2
39051,146.5
39052,147.6
39053,150.8
39054,151.3
39055,146.3
39056,143.5
39057,145.3
39058,146.2
39059,147.0
39060,146.1
39061,146.0
39062,147.8
39063,148.3
39064,147.6
39065,148.7
39066,146.5
39067,145.9
39068,147.2
39069,145.6
39070,146.3
39071,147.6
39072,148.2
39073,144.9
39074,145.9
39075,147.1
39076,147.9
39077,148.2
39078,149.2
39079,149.8
39080,146.0
39081,144.7
39082,147.1
39083,145.6
39084,144.5
39085,144.7
39086,146.9
39087,148.0
39088,147.2
39089,148.5
39090,147.7
39091,147.0
39092,147.2
39093,145.7
39094,146.0
39095,150.0
39096,149.4
39097,147.2
39098,147.6
39099,147.4
39100,146.0
39101,146.4
39102,146.9
39103,147.2
39104,150.3
39105,148.6
39106,145.4
39107,148.0
39108,148.2
39109,148.4
39110,147.6
39111,144.9
39112,143.0
39113,143.5
39114,145.8
39115,148.5
39116,146.3
39117,144.8
39118,146.3
39119,146.3
39120,148.2
39121,148.2
39122,147.6
39123,146.7
39124,145.5
39125,146.7
39126,146.1
39127,146.8
39128,148.5
39129,146.4
39130,146.4
39131,148.0
39132,147.4
39133,145.9
39134,145.1
39135,146.4
39136,147.6
39137,146.6
39138,147.6
39139,148.0
39140,147.0
39141,147.7
39142,147.4
39143,146.2
39144,147.0
39145,145.4
39146,143.3
39147,145.5
39148,146.8
39149,148.4
39150,147.8
39151,147.1
39152,149.9
39153,148.8
39154,144.8
39155,143.1
39156,144.1
39157,146.7
39158,148.5
39159,146.4
39160,146.3
39161,149.2
39162,148.0
39163,146.5
39164,144.9
39165,146.9
39166,148.2
39167,145.0
39168,145.2
39169,145.4
39170,144.5
39171,147.1
39172,147.3
39173,146.6
39174,147.4
39175,146.7
39176,147.5
39177,146.4
39178,147.0
39179,144.7
39180,142.4
39181,144.5
39182,147.3
39183,148.9
39184,147.5
39185,147.7
39186,146.4
39187,144.6
39188,144.6
39189,145.2
39190,147.0
39191,146.0
39192,145.5
39193,147.2
39194,144.9
39195,146.5
39196,148.0
39197,147.6
39198,147.4
39199,147.0
39200,149.3
39201,148.9
39202,146.8
39203,146.4
39204,147.4
39205,146.6
39206,145.2
39207,144.2
39208,146.9
39209,150.4
39210,146.4
39211,145.7
39212,145.0
39213,145.3
39214,147.4
39215,146.5
39216,143.6
39217,143.9
39218,144.8
39219,144.6
39220,145.8
39221,149.3
39222,150.0
39223,147.9
39224,146.1
39225,142.6
39226,145.3
39227,150.1
39228,148.3
39229,146.1
39230,146.6
39231,145.4
39232,145.8
39233,147.0
39234,145.2
39235,147.2
39236,149.3
39237,148.5
39238,147.4
39239,146.4
39240,144.1
39241,142.3
39242,145.6
39243,148.7
39244,148.7
39245,147.4
39246,147.6
39247,146.5
39248,145.1
39249,147.8
39250,149.3
39251,147.1
39252,145.4
39253,147.3
39254,149.1
39255,147.6
39256,147.6
39257,150.0
39258,149.9
39259,149.0
39260,149.5
39261,146.4
39262,146.5
39263,151.0
39264,152.4
39265,148.2
39266,145.6
39267,149.1
39268,149.6
39269,147.2
39270,147.8
39271,147.4
39272,148.7
39273,150.7
39274,147.3
39275,145.8
39276,146.6
39277,147.2
39278,147.7
39279,146.4
39280,145.8
39281,144.9
39282,147.9
39283,148.3
39284,145.5
39285,147.0
39286,146.9
39287,148.9
39288,149.5
39289,145.7
39290,145.5
39291,146.8
39292,146.4
39293,148.4
39294,150.8
39295,149.2
39296,146.4
39297,147.9
39298,150.1
39299,147.0
39300,144.5
39301,145.4
39302,146.8
39303,146.5
39304,146.9
39305,149.1
39306,149.7
39307,147.4
39308,147.6
39309,147.7
39310,147.9
39311,148.5
39312,147.6
39313,144.9
39314,144.9
39315,148.6
39316,146.0
39317,144.3
39318,147.0
39319,147.4
39320,147.2
39321,148.5
39322,148.6
39323,146.7
39324,145.7
39325,146.1
39326,147.0
39327,146.4
39328,144.6
39329,145.4
39330,147.9
39331,147.5
39332,146.9
39333,147.3
39334,144.7
39335,144.3
39336,145.3
39337,146.6
39338,146.7
39339,146.2
39340,147.7
39341,148.3
39342,147.1
39343,146.7
39344,147.3
39345,147.1
39346,146.9
39347,149.5
39348,152.4
39349,151.7
39350,150.2
39351,148.6
39352,145.1
39353,142.4
39354,145.0
39355,145.9
39356,146.9
39357,149.5
39358,150.5
39359,150.7
39360,147.2
39361,142.8
39362,145.6
39363,148.8
39364,147.6
39365,149.3
39366,148.3
39367,144.9
39368,146.0
39369,148.0
39370,150.2
39371,149.9
39372,150.2
39373,150.6
39374,149.1
39375,150.4
39376,148.5
39377,146.3
39378,148.2
39379,146.9
39380,146.4
39381,149.0
39382,150.0
39383,143.8
39384,145.0
39385,148.0
39386,148.6
39387,148.1
39388,148.3
39389,148.8
39390,148.3
39391,148.1
39392,146.5
39393,146.4
39394,147.9
39395,146.0
39396,148.3
39397,150.8
39398,146.9
39399,144.9
39400,147.6
39401,145.9
39402,146.7
39403,149.4
39404,148.1
39405,148.3
39406,147.1
39407,146.7
39408,147.0
39409,147.2
39410,147.1
39411,144.4
39412,146.3
39413,146.9
39414,145.9
39415,147.4
39416,145.9
39417,144.2
39418,144.8
39419,144.4
39420,145.2
39421,144.8
39422,144.5
39423,146.1
39424,145.9
39425,144.1
39426,144.3
39427,145.4
39428,145.6
39429,146.4
39430,147.2
39431,145.7
39432,142.9
39433,142.9
39434,144.1
39435,144.7
39436,146.3
39437,147.0
39438,147.0
39439,149.9
39440,151.8
39441,150.2
39442,147.3
39443,147.2
39444,147.5
39445,149.2
39446,148.7
39447,147.5
39448,149.4
39449,148.4
39450,146.6
39451,145.7
39452,151.0
39453,150.8
39454,149.6
39455,148.9
39456,147.6
39457,146.9
39458,147.9
39459,148.6
39460,149.8
39461,149.5
39462,148.9
39463,148.7
39464,149.4
39465,147.5
39466,146.2
39467,147.3
39468,149.4
39469,151.3
39470,146.7
39471,146.0
39472,146.9
39473,147.1
39474,146.5
39475,145.8
39476,147.7
39477,147.1
39478,146.9
39479,145.6
39480,146.4
39481,148.5
39482,148.6
39483,148.5
39484,147.2
39485,146.1
39486,154.4
39487,150.9
39488,146.3
39489,144.7
39490,145.6
39491,145.4
39492,144.1
39493,147.0
39494,148.6
39495,146.7
39496,144.9
39497,144.3
39498,147.5
39499,150.2
39500,150.8
39501,150.9
39502,149.2
39503,146.7
39504,147.1
39505,149.8
39506,149.0
39507,148.4
39508,148.7
39509,147.8
39510,149.3
39511,148.6
39512,147.7
39513,148.2
39514,148.3
39515,149.6
39516,147.4
39517,146.0
39518,145.8
39519,146.7
39520,148.7
39521,146.9
39522,146.0
39523,144.3
39524,144.9
39525,146.4
39526,146.2
39527,146.3
39528,146.3
39529,147.0
39530,146.7
39531,145.5
39532,146.3
39533,147.6
39534,148.3
39535,148.3
39536,147.4
39537,146.5
39538,149.2
39539,149.0
39540,147.0
39541,147.6
39542,147.2
39543,146.5
39544,146.3
39545,146.7
39546,147.8
39547,147.0
39548,146.5
39549,147.7
39550,146.4
39551,146.8
39552,146.3
39553,145.1
39554,145.9
39555,149.6
39556,148.1
39557,147.6
39558,146.2
39559,145.9
39560,146.7
39561,147.5
39562,149.0
39563,149.3
39564,147.6
39565,147.2
39566,147.9
39567,145.4
39568,146.4
39569,147.6
39570,148.5
39571,149.1
39572,147.5
39573,146.8
39574,149.1
39575,148.8
39576,147.5
39577,150.0
39578,148.8
39579,146.9
39580,148.7
39581,151.7
39582,150.1
39583,146.9
39584,148.8
39585,150.7
39586,151.0
39587,148.7
39588,145.6
39589,146.8
39590,146.8
39591,144.8
39592,147.1
39593,147.2
39594,145.7
39595,144.9
39596,145.7
39597,148.7
39598,148.0
39599,144.2
39600,144.3
39601,146.2
39602,144.5
39603,144.7
39604,146.1
39605,146.7
39606,147.0
39607,148.1
39608,149.7
39609,148.2
39610,146.3
39611,146.3
39612,147.9
39613,149.1
39614,149.2
39615,147.6
39616,148.0
39617,148.2
39618,148.1
39619,150.4
39620,150.8
39621,148.6
39622,145.5
39623,146.5
39624,148.5
39625,148.6
39626,146.5
39627,146.4
39628,146.8
39629,148.5
39630,150.4
39631,149.5
39632,147.9
39633,146.0
39634,144.4
39635,143.6
39636,147.1
39637,148.2
39638,145.1
39639,146.0
39640,148.8
39641,148.3
39642,147.9
39643,148.6
39644,149.0
39645,149.0
39646,147.2
39647,146.3
39648,146.7
39649,145.5
39650,147.2
39651,147.8
39652,147.3
39653,147.9
39654,147.3
39655,146.2
39656,145.9
39657,146.6
39658,146.5
39659,147.4
39660,146.3
39661,145.4
39662,143.9
39663,144.3
39664,147.5
39665,147.5
39666,147.6
39667,147.3
39668,146.0
39669,147.5
39670,149.1
39671,147.6
39672,149.3
39673,151.6
39674,149.6
39675,147.9
39676,146.1
39677,144.1
39678,145.6
39679,148.2
39680,147.5
39681,147.6
39682,148.5
39683,148.9
39684,150.7
39685,151.5
39686,150.1
39687,149.1
39688,147.7
39689,147.6
39690,149.1
39691,147.5
39692,145.6
39693,145.4
39694,145.8
39695,146.4
39696,146.6
39697,148.5
39698,148.8
39699,146.2
39700,146.1
39701,147.6
39702,146.5
39703,145.7
39704,147.4
39705,147.9
39706,148.2
39707,151.6
39708,149.6
39709,147.1
39710,148.5
39711,149.2
39712,150.9
39713,149.5
39714,148.6
39715,147.1
39716,147.0
39717,149.4
39718,147.7
39719,146.4
39720,148.1
39721,144.6
39722,143.7
39723,147.0
39724,147.5
39725,146.9
39726,146.9
39727,147.9
39728,149.5
39729,147.9
39730,146.3
39731,145.7
39732,145.3
39733,145.8
39734,146.7
39735,148.6
39736,145.3
39737,147.8
39738,152.4
39739,150.4
39740,149.9
39741,149.8
39742,152.0
39743,152.6
39744,151.9
39745,151.4
39746,148.4
39747,147.2
39748,145.9
39749,147.2
39750,147.7
39751,145.6
39752,148.6
39753,149.0
39754,149.5
39755,150.4
39756,151.9
39757,151.4
39758,146.0
39759,146.3
39760,150.2
39761,151.1
39762,148.5
39763,145.5
39764,144.5
39765,147.5
39766,148.5
39767,148.7
39768,147.2
39769,147.6
39770,149.0
39771,152.1
39772,151.6
39773,147.5
39774,147.2
39775,145.2
39776,146.3
39777,148.2
39778,146.7
39779,147.8
39780,152.0
39781,151.5
39782,146.6
39783,147.8
39784,149.9
39785,147.3
39786,147.8
39787,149.7
39788,148.5
39789,147.3
39790,148.5
39791,149.8
39792,150.2
39793,148.6
39794,146.4
39795,146.5
39796,146.8
39797,146.1
39798,147.1
39799,148.3
39800,149.2
39801,149.5
39802,148.4
39803,145.9
39804,145.5
39805,147.3
39806,148.5
39807,147.6
39808,146.7
39809,146.6
39810,150.1
39811,150.4
39812,147.3
39813,147.3
39814,148.2
39815,147.9
39816,147.1
39817,148.5
39818,148.1
39819,145.9
39820,144.4
39821,146.6
39822,148.6
39823,147.6
39824,148.3
39825,149.1
39826,148.5
39827,148.3
39828,146.6
39829,147.4
39830,149.4
39831,152.4
39832,149.5
39833,149.6
39834,149.9
39835,146.9
39836,144.3
39837,145.5
39838,148.9
39839,150.1
39840,149.3
39841,148.6
39842,149.9
39843,149.9
39844,150.2
39845,149.8
39846,149.2
39847,147.5
39848,144.4
39849,146.6
39850,148.7
39851,147.6
39852,146.1
39853,148.2
39854,151.2
39855,148.5
39856,146.7
39857,149.0
39858,149.8
39859,148.1
39860,149.1
39861,149.3
39862,146.9
39863,147.4
39864,149.2
39865,148.6
39866,148.7
39867,145.9
39868,146.6
39869,148.8
39870,149.9
39871,149.1
39872,147.8
39873,146.9
39874,149.2
39875,149.3
39876,147.8
39877,148.1
39878,148.4
39879,147.7
39880,146.2
39881,147.0
39882,149.3
39883,148.0
39884,149.6
39885,151.5
39886,149.1
39887,151.0
39888,153.0
39889,150.3
39890,148.1
39891,149.7
39892,148.7
39893,146.6
39894,148.9
39895,148.0
39896,146.5
39897,148.4
39898,149.2
39899,147.7
39900,145.5
39901,145.2
39902,146.6
39903,150.0
39904,152.0
39905,150.3
39906,148.9
39907,148.7
39908,148.7
39909,146.8
39910,145.5
39911,150.2
39912,148.3
39913,144.5
39914,146.0
39915,147.0
39916,147.5
39917,147.0
39918,146.6
39919,146.1
39920,146.9
39921,148.2
39922,149.5
39923,149.2
39924,146.7
39925,143.4
39926,144.6
39927,146.4
39928,145.9
39929,146.8
39930,149.7
39931,150.4
39932,146.0
39933,144.6
39934,145.4
39935,141.5
39936,144.3
39937,146.9
39938,146.5
39939,144.0
39940,144.3
39941,144.3
39942,145.2
39943,149.0
39944,149.2
39945,147.8
39946,144.1
39947,144.0
39948,144.5
39949,142.1
39950,143.9
39951,147.3
39952,148.0
39953,144.2
39954,144.2
39955,146.7
39956,143.9
39957,143.3
39958,146.7
39959,144.7
39960,141.8
39961,143.6
39962,145.5
39963,147.1
39964,147.1
39965,147.0
39966,145.8
39967,145.4
39968,146.7
39969,147.1
39970,144.6
39971,146.4
39972,146.0
39973,145.3
39974,146.8
39975,144.4
39976,145.6
39977,147.2
39978,142.8
39979,141.4
39980,145.6
39981,147.9
39982,147.1
39983,147.0
39984,145.4
39985,144.3
39986,145.2
39987,145.5
39988,147.5
39989,147.6
39990,144.9
39991,144.1
39992,145.6
39993,147.5
39994,147.4
39995,147.7
39996,147.6
39997,146.1
39998,146.7
39999,148.4
40000,145.5
40001,142.7
40002,142.3
40003,141.6
40004,145.5
40005,147.0
40006,147.6
40007,144.6
40008,144.2
40009,146.3
40010,145.5
40011,143.0
40012,143.4
40013,143.9
40014,144.9
40015,145.5
40016,143.7
40017,144.0
40018,145.8
40019,146.8
40020,147.9
40021,147.3
40022,145.1
40023,145.5
40024,146.2
40025,145.7
40026,144.1
40027,143.3
40028,145.0
40029,146.3
40030,145.6
40031,145.7
40032,146.0
40033,144.0
40034,142.1
40035,144.2
40036,145.8
40037,145.5
40038,145.1
40039,145.6
40040,147.5
40041,146.5
40042,146.9
40043,147.2
40044,145.9
40045,146.1
40046,145.0
40047,145.6
40048,146.2
40049,145.1
40050,146.2
40051,149.0
40052,147.1
40053,144.7
40054,145.2
40055,144.4
40056,143.3
40057,144.6
40058,144.4
40059,144.4
40060,146.2
40061,143.0
40062,141.2
40063,142.9
40064,143.5
40065,144.5
40066,144.4
40067,143.5
40068,143.5
40069,143.0
40070,142.6
40071,144.8
40072,146.2
40073,142.0
40074,144.6
40075,148.5
40076,147.1
40077,144.3
40078,142.8
40079,144.4
40080,144.4
40081,144.2
40082,146.0
40083,145.2
40084,143.8
40085,141.1
40086,142.1
40087,142.7
40088,142.7
40089,144.5
40090,148.3
40091,148.3
40092,143.7
40093,143.1
40094,145.8
40095,148.0
40096,146.0
40097,146.0
40098,145.0
40099,144.3
40100,146.1
40101,146.8
40102,146.3
40103,144.7
40104,145.3
40105,145.5
40106,144.9
40107,143.2
40108,141.6
40109,142.5
40110,146.4
40111,147.8
40112,146.4
40113,145.5
40114,147.6
40115,148.4
40116,148.0
40117,145.2
40118,145.1
40119,147.0
40120,147.3
40121,149.2
40122,149.0
40123,145.5
40124,144.7
40125,145.1
40126,144.4
40127,142.5
40128,144.0
40129,148.9
40130,145.1
40131,145.0
40132,147.4
40133,144.2
40134,142.4
40135,143.1
40136,143.4
40137,144.9
40138,146.5
40139,145.5
40140,145.2
40141,149.6
40142,149.6
40143,145.8
40144,146.3
40145,146.9
40146,142.5
40147,140.6
40148,144.2
40149,145.3
40150,144.7
40151,144.9
40152,146.1
40153,144.1
40154,143.5
40155,146.4
40156,145.8
40157,143.3
40158,143.9
40159,142.1
40160,137.3
40161,138.3
40162,143.7
40163,147.5
40164,148.3
40165,148.4
40166,145.0
40167,144.2
40168,147.2
40169,146.2
40170,146.0
40171,-9999.9
40172,-9999.9
40173,-9999.9
40174,-9999.9
40175,-9999.9
40176,-9999.9
40177,-9999.9
40178,-9999.9
40179,-9999.9
40180,-9999.9
40181,-9999.9
40182,-9999.9
40183,-9999.9
40184,-9999.9
40185,-9999.9
40186,-9999.9
40187,-9999.9
40188,-9999.9
40189,-9999.9
40190,-9999.9
40191,-9999.9
40192,-9999.9
40193,-9999.9
40194,-9999.9
40195,-9999.9
40196,-9999.9
40197,-9999.9
40198,-9999.9
40199,-9999.9
40200,-9999.9
40201,-9999.9
40202,-9999.9
40203,-9999.9
40204,-9999.9
40205,-9999.9
40206,-9999.9
40207,-9999.9
40208,-9999.9
40209,-9999.9
40210,-9999.9
40211,-9999.9
40212,-9999.9
40213,-9999.9
40214,-9999.9
40215,-9999.9
40216,-9999.9
40217,-9999.9
40218,-9999.9
40219,-9999.9
40220,-9999.9
40221,-9999.9
40222,-9999.9
40223,-9999.9
40224,-9999.9
40225,-9999.9
40226,-9999.9
40227,-9999.9
40228,-9999.9
40229,-9999.9
40230,-9999.9
40231,-9999.9
40232,-9999.9
40233,-9999.9
40234,-9999.9
40235,-9999.9
40236,-9999.9
40237,-9999.9
40238,-9999.9
40239,-9999.9
40240,-9999.9
40241,-9999.9
40242,-9999.9
40243,-9999.9
40244,-9999.9
40245,-9999.9
40246,-9999.9
40247,-9999.9
40248,-9999.9
40249,-9999.9
40250,-9999.9
40251,-9999.9
40252,-9999.9
40253,-9999.9
40254,-9999.9
40255,-9999.9
40256,-9999.9
40257,-9999.9
40258,-9999.9
