NETCARE2015/data/raw/Flight1/CO_POLAR6_20150405_R1_NETCARE.ict
34, 1001
Bozem, Heiko; Hoor, Peter
Institute for Atmospheric Physics, Johannes Gutenberg University, Mainz, Germany
CO mixing ratio from AL5002 CO analyzer
NETCARE Polar 6 Campaign 2015
1, 1
2015, 04, 05, 2015, 08, 15
1
Time_UTC, seconds
1
1
-9999.9
CO_ppbv, ppbv
0
19
PI_CONTACT_INFO: Address: Johann-Joachim-Becherweg 21, 55128 Mainz, email: bozemh@uni-mainz.de; hoor@uni-mainz.de
PLATFORM: Polar 6
LOCATION: GPS location and altitude available at 1 Hz resolution in separate file (See AIMMS files under Aircraft data and meteorology)
ASSOCIATED_DATA: N/A
INSTRUMENT_INFO: CO measurements based on the fluorescence of CO in the VUV at 150 nm
DATA_INFO: Units are ppbv
UNCERTAINTY RELATIVE TO STANDARD: 2.3 ppbv at 1 sigma confidence (before drift correction is applied)
ULOD_FLAG: -7777
ULOD_VALUE: N/A
LLOD_FLAG: -8888
LLOD_VALUE: 1.5 
DM_CONTACT_INFO: N/A
PROJECT_INFO: NETCARE Polar 6 aircraft campaign in April 2015; Longyearbyen
STIPULATIONS_ON_USE: N/A
OTHER_COMMENTS: N/A
REVISION: R1
R0: Preliminary data, corrected for instrument drift
R1: Final data, corrected for instrument drift
Time_UTC,CO_ppbv
[from data line 7882]
42886,-9999.9
42887,-9999.9
42888,-9999.9
42889,-9999.9
42890,-9999.9
42891,-9999.9
42892,-9999.9
42893,-9999.9
42894,-9999.9
42895,-9999.9
42896,-9999.9
42897,-9999.9
42898,-9999.9
42899,-9999.9
42900,-9999.9
42901,-9999.9
42902,-9999.9
42903,-9999.9
42904,-9999.9
42905,-9999.9
42906,-9999.9
42907,-9999.9
42908,-9999.9
42909,-9999.9
42910,-9999.9
42911,-9999.9
42912,-9999.9
42913,-9999.9
42914,-9999.9
42915,-9999.9
42916,-9999.9
42917,-9999.9
42918,-9999.9
42919,-9999.9
42920,-9999.9
42921,-9999.9
42922,-9999.9
42923,-9999.9
42924,-9999.9
42925,-9999.9
42926,-9999.9
42927,-9999.9
42928,-9999.9
42929,122.6
42930,123.4
42931,122.7
42932,122.1
42933,124.0
42934,124.3
42935,124.9
42936,125.8
42937,122.5
42938,122.8
42939,120.5
42940,120.2
42941,125.6
42942,124.2
42943,122.7
42944,126.5
42945,124.2
42946,121.3
42947,120.2
42948,120.6
42949,123.0
42950,125.7
42951,123.4
42952,120.1
42953,121.7
42954,121.8
42955,123.4
42956,124.4
42957,121.7
42958,121.6
42959,124.3
42960,124.5
42961,125.1
42962,126.5
42963,124.6
42964,119.5
42965,119.9
42966,121.3
42967,118.4
42968,121.6
42969,125.1
42970,124.4
42971,123.7
42972,126.2
42973,124.9
42974,121.4
42975,118.8
42976,118.2
42977,120.5
42978,121.4
42979,122.1
42980,122.0
42981,121.9
42982,119.7
42983,119.9
42984,122.2
42985,124.6
42986,125.7
42987,126.6
42988,127.8
42989,123.5
42990,119.5
42991,120.5
42992,121.9
42993,121.7
42994,122.0
42995,120.8
42996,121.3
42997,122.1
42998,122.0
42999,123.8
43000,124.1
43001,124.1
43002,123.0
43003,123.2
43004,123.8
43005,122.7
43006,122.9
43007,122.7
43008,122.2
43009,120.7
43010,121.3
43011,121.3
43012,120.8
43013,123.0
43014,121.7
43015,119.2
43016,119.9
43017,120.9
43018,121.4
43019,122.5
43020,119.5
43021,119.2
43022,120.7
43023,121.4
43024,124.9
43025,123.4
43026,121.2
43027,123.0
43028,122.2
43029,120.8
43030,122.9
43031,123.9
43032,125.4
43033,127.1
43034,126.8
43035,126.1
43036,125.6
43037,125.9
43038,125.8
43039,125.3
43040,127.8
43041,127.6
43042,126.6
43043,125.8
43044,126.8
43045,128.5
43046,128.0
43047,126.5
43048,126.9
43049,127.5
43050,128.1
43051,125.0
43052,124.2
43053,127.0
43054,126.5
43055,125.5
43056,125.2
43057,125.5
43058,123.6
43059,123.8
43060,124.6
43061,122.6
43062,125.3
43063,127.1
43064,125.7
43065,126.4
43066,127.1
43067,127.5
43068,127.2
43069,127.7
43070,126.4
43071,124.3
43072,127.6
43073,128.9
43074,127.0
43075,127.2
43076,127.6
43077,124.7
43078,124.0
43079,125.2
43080,125.4
43081,125.2
43082,125.7
43083,126.6
43084,127.1
43085,127.7
43086,125.4
43087,124.3
43088,125.2
43089,127.0
43090,125.7
43091,124.3
43092,126.1
43093,124.5
43094,123.6
43095,123.9
43096,123.1
43097,124.5
43098,126.6
43099,125.4
43100,123.3
43101,124.3
43102,123.8
43103,124.2
43104,124.9
43105,125.8
43106,128.8
43107,126.1
43108,122.0
43109,127.3
43110,127.8
43111,128.0
43112,128.1
43113,127.3
43114,123.3
43115,121.3
43116,122.8
43117,125.9
43118,127.6
43119,127.4
43120,126.6
43121,126.7
43122,125.5
43123,123.9
43124,124.3
43125,127.0
43126,129.0
43127,128.8
43128,129.9
43129,130.4
43130,129.4
43131,126.1
43132,126.6
43133,127.8
43134,127.9
43135,126.0
43136,126.5
43137,127.8
43138,128.9
43139,129.5
43140,129.0
43141,128.3
43142,125.6
43143,127.7
43144,127.0
43145,125.5
43146,126.4
43147,128.8
43148,128.5
43149,127.7
43150,129.4
43151,129.9
43152,126.9
43153,126.9
43154,128.9
43155,129.3
43156,128.5
43157,127.7
43158,127.9
43159,127.3
43160,126.4
43161,129.1
43162,130.5
43163,129.8
43164,129.9
43165,130.2
43166,127.9
43167,127.1
43168,129.7
43169,128.7
43170,129.4
43171,132.5
43172,129.3
43173,125.6
43174,128.2
43175,130.4
43176,130.8
43177,129.3
43178,129.3
43179,127.7
43180,128.4
43181,127.5
43182,125.5
43183,126.6
43184,127.4
43185,127.7
43186,127.8
43187,128.6
43188,129.3
43189,129.6
43190,129.2
43191,127.2
43192,127.2
43193,128.9
43194,131.7
43195,130.8
43196,127.8
43197,128.4
43198,128.9
43199,129.2
43200,130.1
43201,128.9
43202,127.8
43203,128.3
43204,129.6
43205,127.3
43206,126.1
43207,128.9
43208,129.0
43209,129.2
43210,129.9
43211,129.0
43212,128.4
43213,124.0
43214,126.2
43215,130.4
43216,130.3
43217,128.5
43218,128.4
43219,127.5
43220,127.9
43221,128.8
43222,128.9
43223,129.9
43224,130.8
43225,130.1
43226,126.8
43227,126.3
43228,129.3
43229,128.4
43230,127.8
43231,128.3
43232,129.9
43233,132.0
43234,130.9
43235,132.7
43236,133.2
43237,131.7
43238,129.6
43239,126.9
43240,126.0
43241,127.0
43242,127.4
43243,126.8
43244,125.9
43245,124.3
43246,124.4
43247,120.9
43248,121.3
43249,123.5
43250,124.4
43251,122.4
43252,120.1
43253,120.2
43254,121.5
43255,121.2
43256,120.0
43257,121.1
43258,121.2
43259,120.4
43260,119.8
43261,117.6
43262,117.8
43263,116.7
43264,117.8
43265,119.2
43266,118.3
43267,116.3
43268,114.9
43269,116.3
43270,115.5
43271,115.9
43272,114.0
43273,114.2
43274,116.5
43275,113.1
43276,113.5
43277,117.8
43278,116.3
43279,115.6
43280,116.0
43281,114.5
43282,112.6
43283,116.7
43284,117.8
43285,115.9
43286,117.5
43287,117.3
43288,117.5
43289,119.9
43290,119.0
43291,118.5
43292,121.4
43293,121.9
43294,119.6
43295,119.1
43296,120.5
43297,122.4
43298,122.2
43299,119.7
43300,117.7
43301,117.1
43302,119.5
43303,119.4
43304,115.7
43305,118.3
43306,119.2
43307,116.6
43308,116.0
43309,116.3
43310,118.0
43311,120.9
43312,120.9
43313,118.0
43314,119.6
43315,121.4
43316,113.5
43317,116.3
43318,118.3
43319,117.9
43320,116.7
43321,114.3
43322,116.8
43323,118.5
43324,119.4
43325,119.9
43326,119.6
43327,118.6
43328,119.5
43329,122.0
43330,120.0
43331,120.0
43332,121.6
43333,121.8
43334,120.3
43335,120.4
43336,121.7
43337,121.6
43338,120.1
43339,119.9
43340,120.2
43341,122.6
43342,121.5
43343,120.3
43344,122.2
43345,122.2
43346,122.7
43347,121.7
43348,125.1
43349,128.9
43350,121.7
43351,120.7
43352,121.4
43353,124.1
43354,126.6
43355,124.8
43356,122.6
43357,122.9
43358,123.3
43359,125.8
43360,125.5
43361,122.8
43362,124.0
43363,124.6
43364,124.2
43365,124.2
43366,123.9
43367,126.7
43368,127.7
43369,126.2
43370,124.7
43371,124.4
43372,125.2
43373,124.5
43374,124.7
43375,124.8
43376,123.8
43377,123.9
43378,123.2
43379,121.1
43380,120.4
43381,121.1
43382,122.8
43383,123.7
43384,123.2
43385,124.1
43386,124.0
43387,121.9
43388,121.9
43389,124.4
43390,123.5
43391,123.7
43392,126.5
43393,126.0
43394,126.9
43395,127.3
43396,124.3
43397,124.4
43398,124.1
43399,122.7
43400,122.6
43401,121.7
43402,122.3
43403,122.4
43404,122.1
43405,123.4
43406,123.4
43407,123.7
43408,125.3
43409,122.9
43410,122.9
43411,124.6
43412,124.1
43413,125.2
43414,125.0
43415,123.6
43416,125.0
43417,125.6
43418,123.9
43419,125.3
43420,126.0
43421,124.5
43422,122.9
43423,124.9
43424,125.5
43425,124.7
43426,125.6
43427,127.3
43428,126.4
43429,123.4
43430,121.8
43431,125.2
43432,128.2
43433,125.3
43434,127.2
43435,128.4
43436,124.0
43437,122.9
43438,122.5
43439,122.0
43440,121.6
43441,121.5
43442,123.7
43443,125.3
43444,123.7
43445,123.5
43446,125.3
43447,124.6
43448,125.3
43449,126.8
43450,127.7
43451,127.0
43452,125.2
43453,123.0
43454,123.0
43455,121.4
43456,118.9
43457,119.8
43458,121.3
43459,123.0
43460,126.2
43461,124.9
43462,124.5
43463,121.6
43464,122.0
43465,124.4
43466,123.3
43467,123.5
43468,124.5
43469,125.7
43470,124.7
43471,122.7
43472,124.1
43473,126.2
43474,126.3
43475,124.0
43476,121.6
43477,122.2
43478,124.2
43479,124.0
43480,122.9
43481,121.6
43482,123.5
43483,124.7
43484,121.5
43485,121.1
43486,122.6
43487,122.4
43488,121.0
43489,124.1
43490,123.4
43491,122.9
43492,121.7
43493,119.6
43494,119.9
43495,122.8
43496,124.9
43497,123.0
43498,121.6
43499,122.1
43500,122.8
43501,124.1
43502,124.7
43503,126.2
43504,125.0
43505,123.8
43506,121.0
43507,119.1
43508,123.0
43509,126.4
43510,126.0
43511,123.3
43512,124.6
43513,126.4
43514,125.9
43515,123.5
43516,123.2
43517,124.6
43518,124.8
43519,124.9
43520,125.8
43521,125.5
43522,123.3
43523,126.4
43524,124.3
43525,123.0
43526,124.2
43527,124.5
43528,125.2
43529,125.1
43530,125.8
43531,129.5
43532,128.7
43533,127.9
43534,131.5
43535,133.6
43536,131.9
43537,130.9
43538,130.5
43539,128.2
43540,130.1
43541,131.0
43542,132.6
43543,132.7
43544,132.6
43545,130.6
43546,129.0
43547,134.8
43548,134.6
43549,133.0
43550,133.6
43551,131.0
43552,130.9
43553,134.4
43554,131.4
43555,127.8
43556,130.5
43557,131.8
43558,131.1
43559,133.5
43560,134.7
43561,130.8
43562,128.8
43563,128.9
43564,130.1
43565,130.1
43566,128.8
43567,129.2
43568,132.2
43569,135.1
43570,134.2
43571,130.8
43572,128.3
43573,129.8
43574,131.0
43575,130.9
43576,129.5
43577,129.1
43578,130.0
43579,132.4
43580,133.3
43581,130.6
43582,132.7
43583,133.0
43584,131.1
43585,131.6
43586,132.2
43587,132.1
43588,131.3
43589,132.3
43590,134.6
43591,136.0
43592,132.7
43593,131.5
43594,130.6
43595,132.3
43596,132.3
43597,132.7
43598,134.3
43599,133.1
43600,131.9
43601,129.6
43602,130.7
43603,132.8
43604,129.8
43605,128.4
43606,129.2
43607,131.2
43608,132.2
43609,128.9
43610,126.3
43611,127.2
43612,126.7
43613,128.0
43614,127.2
43615,125.2
43616,126.7
43617,127.0
43618,123.5
43619,122.1
43620,123.2
43621,123.3
43622,125.3
43623,123.2
43624,123.2
43625,125.7
43626,125.5
43627,123.4
43628,121.9
43629,124.0
43630,123.9
43631,123.0
43632,123.5
43633,124.3
43634,125.7
43635,124.9
43636,123.1
43637,121.9
43638,122.6
43639,124.5
43640,126.0
43641,126.1
43642,124.7
43643,125.9
43644,128.0
43645,126.4
43646,125.4
43647,125.5
43648,124.1
43649,122.8
43650,123.0
43651,123.3
43652,124.4
43653,127.5
43654,124.3
43655,121.6
43656,123.6
43657,124.5
43658,123.9
43659,123.7
43660,124.4
43661,126.1
43662,124.6
43663,123.2
43664,123.5
43665,123.2
43666,123.2
43667,126.8
43668,127.4
43669,124.8
43670,126.0
43671,128.1
43672,127.2
43673,125.1
43674,126.4
43675,126.9
43676,125.0
43677,125.6
43678,125.7
43679,126.3
43680,127.6
43681,127.7
43682,128.1
43683,127.8
43684,126.8
43685,126.4
43686,127.8
43687,125.4
43688,124.7
43689,129.0
43690,129.6
43691,127.8
43692,128.2
43693,128.3
43694,127.2
43695,130.1
43696,129.3
43697,127.6
43698,128.2
43699,129.2
43700,130.5
43701,130.6
43702,128.1
43703,129.6
43704,130.8
43705,129.9
43706,130.4
43707,130.3
43708,132.1
43709,129.4
43710,130.3
43711,132.7
43712,131.4
43713,133.1
43714,130.5
43715,128.5
43716,132.1
43717,132.8
43718,130.5
43719,134.4
43720,134.8
43721,131.7
43722,132.2
43723,132.0
43724,129.9
43725,131.5
43726,134.3
43727,133.5
43728,132.3
43729,133.4
43730,133.4
43731,130.7
43732,130.6
43733,131.4
43734,129.9
43735,128.7
43736,128.8
43737,130.4
43738,133.9
43739,132.4
43740,133.4
43741,134.0
43742,131.8
43743,132.3
43744,130.3
43745,131.1
43746,133.5
43747,134.1
43748,134.2
43749,133.4
43750,133.4
43751,133.5
43752,133.8
43753,135.1
43754,134.0
43755,132.3
43756,132.0
43757,131.2
43758,131.0
43759,130.6
43760,132.0
43761,134.1
43762,134.2
43763,132.8
43764,131.6
43765,127.6
43766,129.1
43767,131.3
43768,131.2
43769,131.0
43770,130.6
43771,129.9
43772,131.7
43773,133.3
43774,132.9
43775,132.4
43776,131.4
43777,130.5
43778,129.8
43779,130.3
43780,129.1
43781,129.0
43782,130.9
43783,129.8
43784,126.9
43785,125.0
43786,127.9
43787,129.7
43788,132.4
43789,132.4
43790,129.5
43791,132.3
43792,133.4
43793,132.4
43794,134.5
43795,133.9
43796,133.3
43797,134.3
43798,135.2
43799,136.7
43800,134.1
43801,133.3
43802,134.8
43803,136.1
43804,139.2
43805,138.8
43806,133.7
43807,134.4
43808,138.0
43809,137.6
43810,135.6
43811,136.6
43812,142.5
43813,145.5
43814,145.4
43815,147.1
43816,145.8
43817,145.6
43818,148.1
43819,150.6
43820,151.3
43821,148.8
43822,148.0
43823,150.1
43824,150.4
43825,148.1
43826,147.6
43827,151.0
43828,150.7
43829,149.4
43830,147.9
43831,147.3
43832,150.0
43833,151.5
43834,154.3
43835,151.7
43836,149.2
43837,147.0
43838,147.3
43839,150.9
43840,151.7
43841,151.7
43842,151.1
43843,148.0
43844,146.9
43845,147.3
43846,146.3
43847,146.8
43848,148.5
43849,149.7
43850,150.2
43851,149.4
43852,148.8
43853,150.9
43854,149.9
43855,147.5
43856,146.5
43857,145.5
43858,145.8
43859,146.1
43860,144.8
43861,144.5
43862,144.6
43863,144.8
43864,146.2
43865,145.5
43866,144.4
43867,144.8
43868,143.2
43869,146.1
43870,146.8
43871,144.1
43872,145.4
43873,147.2
43874,146.0
43875,147.5
43876,150.2
43877,151.7
43878,152.0
43879,148.9
43880,148.4
43881,149.2
43882,150.2
43883,151.2
43884,150.1
43885,149.1
43886,147.8
43887,146.2
43888,147.9
43889,149.6
43890,149.1
43891,149.8
43892,149.8
43893,150.5
43894,152.1
43895,151.2
43896,148.3
43897,147.8
43898,149.2
43899,151.5
43900,155.5
43901,153.2
43902,149.2
43903,152.3
43904,152.9
43905,152.8
43906,150.7
43907,149.0
43908,150.2
43909,151.1
43910,151.7
43911,152.0
43912,152.7
43913,152.6
43914,151.6
43915,151.1
43916,148.9
43917,147.1
43918,148.3
43919,152.0
43920,152.8
43921,150.6
43922,148.7
43923,147.9
43924,150.2
43925,149.2
43926,149.9
43927,153.2
43928,149.3
43929,148.7
43930,152.0
43931,151.0
43932,150.3
43933,152.0
43934,155.1
43935,153.9
43936,150.8
43937,152.3
43938,150.7
43939,152.6
43940,154.1
43941,149.7
43942,150.2
43943,150.8
43944,150.8
43945,153.9
43946,152.8
43947,150.1
43948,150.5
43949,149.5
43950,148.4
43951,148.0
43952,150.1
43953,150.7
43954,148.7
43955,152.9
43956,153.8
43957,152.0
43958,151.4
43959,152.0
43960,152.4
43961,151.2
43962,151.6
43963,151.2
43964,152.1
43965,149.7
43966,147.0
43967,149.7
43968,151.7
43969,150.7
43970,149.2
43971,153.7
43972,153.7
43973,146.4
43974,149.0
43975,151.8
43976,153.0
43977,152.6
43978,151.9
43979,153.7
43980,156.3
43981,153.5
43982,151.0
43983,152.4
43984,150.4
43985,149.0
43986,150.5
43987,148.6
43988,147.6
43989,149.9
43990,147.7
43991,147.4
43992,148.5
43993,148.6
43994,151.3
43995,150.9
43996,147.9
43997,146.6
43998,148.0
43999,145.9
44000,146.2
44001,147.8
44002,146.2
44003,148.0
44004,147.1
44005,145.1
44006,144.6
44007,140.9
44008,142.3
44009,144.9
44010,148.3
44011,147.3
44012,143.6
44013,144.4
44014,144.7
44015,145.2
44016,145.2
44017,145.7
44018,145.5
44019,143.1
44020,143.4
44021,145.0
44022,143.8
44023,140.4
44024,138.2
44025,138.1
44026,138.9
44027,139.5
44028,141.9
44029,142.5
44030,141.0
44031,140.6
44032,143.4
44033,145.2
44034,141.5
44035,141.0
44036,144.4
44037,143.9
44038,144.0
44039,145.1
44040,145.1
44041,147.2
44042,144.0
44043,140.9
44044,142.3
44045,144.4
44046,144.9
44047,144.5
44048,142.7
44049,144.1
44050,145.7
44051,146.3
44052,146.1
44053,143.8
44054,143.0
44055,142.2
44056,142.0
44057,141.8
44058,142.7
44059,143.6
44060,142.7
44061,142.1
44062,141.9
44063,144.1
44064,143.9
44065,142.7
44066,143.0
44067,142.1
44068,142.6
44069,143.7
44070,145.9
44071,144.9
44072,143.2
44073,143.7
44074,143.2
44075,143.4
44076,139.8
44077,142.6
44078,145.3
44079,143.8
44080,142.0
44081,145.2
44082,147.3
44083,144.6
44084,145.9
44085,147.2
44086,145.1
44087,142.1
44088,141.5
44089,145.4
44090,145.0
44091,141.6
44092,141.8
44093,142.1
44094,142.6
44095,143.2
44096,143.1
44097,144.1
44098,143.5
44099,140.7
44100,138.7
44101,141.9
44102,143.8
44103,142.3
44104,141.7
44105,141.2
44106,140.8
44107,142.1
44108,144.1
44109,143.7
44110,139.8
44111,140.5
44112,143.9
44113,143.2
44114,139.5
44115,140.3
44116,141.6
44117,143.5
44118,142.7
44119,141.0
44120,142.4
44121,141.5
44122,139.3
44123,140.9
44124,142.3
44125,140.7
44126,140.3
44127,140.2
44128,142.8
44129,142.8
44130,140.8
44131,140.0
44132,138.3
44133,139.7
44134,140.2
44135,139.7
44136,138.3
44137,140.9
44138,141.6
44139,139.8
44140,140.9
44141,141.6
44142,144.2
44143,145.6
44144,147.0
44145,144.4
44146,144.4
44147,144.6
44148,144.2
44149,143.6
44150,143.3
44151,144.7
44152,142.9
44153,143.6
44154,143.7
44155,142.3
44156,143.2
44157,141.3
44158,141.7
44159,144.9
44160,144.7
44161,146.8
44162,145.1
44163,142.4
44164,145.8
44165,144.5
44166,143.6
44167,144.0
44168,144.0
44169,146.7
44170,145.4
44171,144.7
44172,145.4
44173,143.8
44174,143.5
44175,145.0
44176,145.1
44177,142.9
44178,141.5
44179,142.1
44180,143.9
44181,145.0
44182,144.1
44183,145.3
44184,146.1
44185,144.9
44186,144.2
44187,145.2
44188,143.6
44189,141.7
44190,143.8
44191,146.9
44192,144.7
44193,143.0
44194,145.7
44195,145.5
44196,144.6
44197,144.4
44198,142.5
44199,143.9
44200,146.2
44201,145.0
44202,143.0
44203,143.1
44204,144.8
44205,147.7
44206,146.9
44207,143.4
44208,144.2
44209,146.8
44210,148.4
