NETCARE2015/data/raw/Flight1/CPC3772_POLAR6_20150405_r2_NETCARE.ict
35,1001
Abbatt,Jon
University of Toronto
Polar 6
NETCARE
1,1
2015,4,5,2017,8,16
1
time,seconds,seconds from start in UTC
1
1
-99999
conc,number of particles per cm3
0
20
PI_CONTACT_INFO: 80 St. George Street; Toronto; ON M5S 3H6 CANADA; email: jabbatt@chem.utoronto.ca
PLATFORM: Polar 6 aircraft
LOCATION: European Arctic near Svalbard
ASSOCIATED_DATA: none
INSTRUMENT_INFO: Condensation Particle Counter Model 3772 is an instrument that detects airborne particles down to 10 nm at an aerosol flow rate of 1.0 L/min; over a concentration range from 0 to 10^4 particles/cm^3 
DATA_INFO: all relevant information is given above
UNCERTAINTY:  ±10% of measured value
ULOD_FLAG: -7777
ULOD_VALUE: N/As
LLOD_FLAG: -8888
LLOD_VALUE: N/A
DM_CONTACT_INFO: Data collected by Julia Burkart. Please direct all correspondence to Jon Abbatt: jabbatt@chem.utoronto.ca
PROJECT_INFO: Polar 6 NETCARE Spring 2015 campaign
STIPULATIONS_ON_USE: N/A
OTHER_COMMENTS: N/A
REVISION: R2, R1, R0
R2: zero and filter measurements are removed
R1: uncorrected raw data
R0: raw data
time,conc
35004,285
35005,287
35006,291
35007,287
35008,295
35009,289
35010,288
35011,287
35012,291
35013,289
35014,292
35015,298
35016,300
35017,295
35018,282
35019,288
35020,288
35021,277
35022,289
35023,294
35024,288
35025,276
35026,275
35027,275
35028,275
35029,278
35030,275
35031,266
35032,261
35033,245
35034,253
35035,257
35036,254
35037,252
35038,247
35039,257
35040,256
35041,260
35042,262
35043,262
35044,260
35045,261
35046,266
35047,255
35048,251
35049,246
35050,253
35051,245
35052,245
35053,248
35054,270
35055,260
35056,244
35057,234
35058,229
35059,237
35060,227
35061,249
35062,240
35063,235
35064,243
35065,232
35066,227
35067,234
35068,237
35069,229
35070,235
35071,240
35072,235
35073,232
35074,240
35075,238
35076,235
35077,237
35078,230
35079,232
35080,235
35081,227
35082,240
35083,238
35084,224
35085,229
35086,218
35087,218
35088,236
35089,214
35090,223
35091,227
35092,222
35093,227
35094,215
35095,216
35096,226
35097,227
35098,216
35099,219
35100,220
35101,227
35102,223
35103,221
35104,219
35105,215
35106,222
35107,218
35108,211
35109,213
35110,212
35111,210
35112,208
35113,213
35114,206
35115,210
35116,205
35117,212
35118,211
35119,212
35120,205
35121,213
35122,216
35123,214
35124,203
35125,213
35126,209
35127,204
35128,210
35129,206
35130,200
35131,212
35132,202
35133,198
35134,209
35135,208
35136,206
35137,207
35138,212
35139,207
35140,206
35141,206
35142,210
35143,210
35144,213
35145,211
35146,212
35147,204
35148,202
35149,200
35150,212
35151,209
35152,210
35153,204
35154,202
35155,206
35156,215
35157,216
35158,216
35159,214
35160,206
35161,211
35162,208
35163,203
35164,206
35165,203
35166,206
35167,207
35168,208
35169,207
35170,197
35171,198
35172,198
35173,202
35174,193
35175,200
35176,200
35177,199
35178,200
35179,195
35180,193
35181,198
35182,191
35183,193
35184,191
35185,191
35186,192
35187,194
35188,201
35189,192
35190,196
35191,195
35192,194
35193,188
35194,192
35195,188
35196,189
35197,181
35198,177
35199,184
35200,180
35201,186
35202,183
35203,186
35204,184
35205,175
35206,179
35207,182
35208,179
35209,180
35210,180
35211,168
35212,175
35213,180
35214,176
35215,171
35216,175
35217,176
35218,168
35219,168
35220,170
35221,172
35222,174
35223,174
35224,174
35225,176
35226,181
35227,176
35228,179
35229,195
35230,284
35231,230
35232,224
35233,193
35234,208
35235,184
35236,210
35237,189
35238,200
35239,201
35240,189
35241,246
35242,253
35243,331
35244,228
35245,214
35246,199
35247,201
35248,195
35249,185
35250,222
35251,212
35252,206
35253,191
35254,230
35255,198
35256,231
35257,247
35258,215
35259,194
35260,191
35261,170
35262,185
35263,185
35264,176
35265,201
35266,203
35267,191
35268,186
35269,190
35270,197
35271,202
35272,250
35273,240
35274,189
35275,185
35276,240
35277,257
35278,269
35279,246
35280,269
35281,236
35282,185
35283,239
35284,238
35285,194
35286,183
35287,207
35288,216
35289,210
35290,216
35291,248
35292,296
35293,233
35294,202
35295,215
35296,200
35297,180
35298,206
35299,208
35300,249
35301,196
35302,222
35303,197
35304,192
35305,178
35306,189
35307,238
35308,199
35309,208
35310,198
35311,235
35312,188
35313,214
35314,235
35315,238
35316,223
35317,232
35318,226
35319,239
35320,198
35321,262
35322,253
35323,260
35324,190
35325,187
35326,181
35327,209
35328,195
35329,282
35330,205
35331,200
35332,278
35333,296
35334,208
35335,234
35336,226
35337,203
35338,286
35339,214
35340,238
35341,221
35342,240
35343,225
35344,314
35345,191
35346,206
35347,200
35348,386
35349,204
35350,265
35351,283
35352,265
35353,211
35354,184
35355,191
35356,248
35357,190
35358,265
35359,277
35360,174
35361,228
35362,242
35363,227
35364,577
35365,326
35366,213
35367,216
35368,225
35369,272
35370,203
35371,213
35372,290
35373,210
35374,224
35375,238
35376,187
35377,219
35378,198
35379,229
35380,243
35381,209
35382,247
35383,210
35384,237
35385,242
35386,221
35387,228
35388,262
35389,218
35390,237
35391,327
35392,231
35393,275
35394,244
35395,205
35396,278
35397,363
35398,244
35399,228
35400,218
35401,246
35402,283
35403,230
35404,241
35405,233
35406,684
35407,503
35408,305
35409,286
35410,206
35411,231
35412,253
35413,286
35414,325
35415,283
35416,215
35417,186
35418,284
35419,288
35420,313
35421,228
35422,202
35423,257
35424,267
35425,200
35426,383
35427,618
35428,266
35429,287
35430,216
35431,324
35432,255
35433,290
35434,234
35435,339
35436,280
35437,259
35438,267
35439,251
35440,345
35441,417
35442,256
35443,388
35444,305
35445,286
35446,272
35447,357
35448,381
35449,529
35450,286
35451,335
35452,283
35453,274
35454,340
35455,412
35456,383
35457,664
35458,329
35459,378
35460,398
35461,554
35462,524
35463,420
35464,552
35465,360
35466,305
35467,327
35468,319
35469,426
35470,363
35471,447
35472,482
35473,353
35474,424
35475,487
35476,412
35477,363
35478,457
35479,447
35480,365
35481,607
35482,416
35483,444
35484,385
35485,510
35486,381
35487,449
35488,421
35489,355
35490,379
35491,502
35492,471
35493,373
35494,406
35495,378
35496,375
35497,434
35498,437
35499,451
35500,473
35501,417
35502,536
35503,483
35504,480
35505,401
35506,477
35507,521
35508,523
35509,559
35510,636
35511,455
35512,546
35513,401
35514,463
35515,527
35516,652
35517,583
35518,896
35519,709
35520,636
35521,835
35522,537
35523,686
35524,573
35525,509
35526,653
35527,749
35528,737
35529,637
35530,528
35531,603
35532,658
35533,508
35534,640
35535,506
35536,467
35537,528
35538,525
35539,555
35540,567
35541,540
35542,438
35543,707
35544,488
35545,392
35546,497
35547,465
35548,664
35549,602
35550,486
35551,664
35552,401
35553,590
35554,690
35555,624
35556,588
35557,550
35558,706
35559,499
35560,601
35561,640
35562,449
35563,503
35564,513
35565,498
35566,462
35567,647
35568,554
35569,559
35570,501
35571,481
35572,441
35573,503
35574,544
35575,619
35576,493
35577,543
35578,435
35579,484
35580,523
35581,468
35582,754
35583,681
35584,799
35585,502
35586,621
35587,492
35588,344
35589,524
35590,553
35591,542
35592,567
35593,652
35594,689
35595,658
35596,832
35597,664
35598,604
35599,707
35600,678
35601,529
35602,657
35603,617
35604,574
35605,852
35606,584
35607,520
35608,735
35609,937
35610,655
35611,582
35612,721
35613,691
35614,511
35615,651
35616,527
35617,588
35618,579
35619,785
35620,600
35621,644
35622,666
35623,732
35624,682
35625,648
35626,957
35627,498
35628,689
35629,599
35630,1169
35631,509
35632,610
35633,542
35634,667
35635,608
35636,671
35637,654
35638,636
35639,871
35640,1159
35641,673
35642,728
35643,991
35644,842
35645,681
35646,692
35647,573
35648,645
35649,560
35650,374
35651,675
35652,754
35653,674
35654,425
35655,424
35656,647
35657,448
35658,556
35659,534
35660,819
35661,646
35662,717
35663,415
35664,346
35665,662
35666,331
35667,600
35668,418
35669,488
35670,422
35671,590
35672,818
35673,492
35674,552
35675,766
35676,629
35677,697
35678,693
35679,838
35680,856
35681,735
35682,889
35683,700
35684,712
35685,575
35686,796
35687,767
35688,610
35689,597
35690,584
35691,690
35692,764
35693,647
35694,517
35695,574
35696,670
35697,642
35698,795
35699,680
35700,589
35701,620
35702,804
35703,659
35704,698
35705,707
35706,611
35707,760
35708,749
35709,673
35710,828
35711,777
35712,804
35713,967
35714,846
35715,600
35716,694
35717,991
35718,738
35719,771
35720,671
35721,689
35722,631
35723,817
35724,720
35725,759
35726,856
35727,951
35728,1091
35729,878
35730,988
35731,824
35732,728
35733,1013
35734,924
35735,853
35736,746
35737,807
35738,576
35739,836
35740,1079
35741,598
35742,850
35743,727
35744,665
35745,597
35746,585
35747,612
35748,787
35749,513
35750,814
35751,1005
35752,965
35753,552
35754,822
35755,996
35756,670
35757,578
35758,755
35759,913
35760,874
35761,561
35762,712
35763,680
35764,862
35765,756
35766,693
35767,639
35768,635
35769,667
35770,775
35771,815
35772,721
35773,790
35774,987
35775,591
35776,846
35777,775
35778,650
35779,697
35780,775
35781,573
35782,799
35783,1123
35784,1344
35785,863
35786,1123
35787,837
35788,945
35789,687
35790,774
35791,746
35792,961
35793,542
35794,707
35795,689
35796,674
35797,1010
35798,853
35799,961
35800,791
35801,866
35802,876
35803,829
35804,770
35805,546
35806,971
35807,617
35808,452
35809,534
35810,614
35811,727
35812,782
35813,621
35814,779
35815,709
35816,743
35817,405
35818,780
35819,902
35820,565
35821,826
35822,731
35823,559
35824,763
35825,917
35826,903
35827,784
35828,930
35829,646
35830,714
35831,775
35832,894
35833,661
35834,860
35835,890
35836,728
35837,950
35838,720
35839,994
35840,557
35841,552
35842,943
35843,763
35844,643
35845,675
35846,769
35847,783
35848,685
35849,1304
35850,930
35851,845
35852,449
35853,497
35854,708
35855,511
35856,770
35857,735
35858,864
35859,914
35860,769
35861,801
35862,541
35863,790
35864,1004
35865,982
35866,858
35867,773
35868,943
35869,741
35870,1179
35871,760
35872,1033
35873,1163
35874,1041
35875,1049
35876,1079
35877,1089
35878,1737
35879,1138
35880,803
35881,963
35882,876
35883,1379
35884,1135
35885,1394
35886,918
35887,809
35888,1015
35889,886
35890,776
35891,1489
35892,774
35893,825
35894,861
35895,928
35896,1173
35897,890
35898,1051
35899,779
35900,751
35901,719
35902,1274
35903,859
35904,807
35905,933
35906,1052
35907,868
35908,882
35909,1011
35910,1259
35911,908
35912,790
35913,1148
35914,904
35915,1125
35916,1510
35917,839
35918,1284
35919,1062
35920,910
35921,1062
35922,796
35923,675
35924,824
35925,862
35926,1082
35927,761
35928,1207
35929,997
35930,806
35931,751
35932,1170
35933,691
35934,817
35935,538
35936,1191
35937,1071
35938,898
35939,1130
35940,650
35941,765
35942,771
35943,1042
35944,727
35945,907
35946,717
35947,1005
35948,789
35949,660
35950,694
35951,619
35952,590
35953,807
35954,745
35955,600
35956,838
35957,802
35958,452
35959,739
35960,740
35961,524
35962,719
35963,737
35964,646
35965,1180
35966,509
35967,600
35968,523
35969,834
35970,701
35971,613
35972,1034
35973,1054
35974,602
35975,985
35976,754
35977,753
35978,705
35979,540
35980,720
35981,926
35982,1104
35983,712
35984,618
35985,721
35986,780
35987,765
35988,724
35989,674
35990,723
35991,1230
35992,699
35993,736
35994,740
35995,831
35996,831
35997,986
35998,795
35999,866
36000,715
36001,840
36002,700
36003,654
36004,1207
36005,680
36006,1024
36007,1086
36008,693
36009,824
36010,1054
36011,1067
36012,782
36013,839
36014,960
36015,1188
36016,636
36017,741
36018,1068
36019,890
36020,922
36021,864
36022,621
36023,1064
36024,805
36025,988
36026,965
36027,933
36028,815
36029,797
36030,899
36031,887
36032,756
36033,983
36034,1000
36035,818
36036,839
36037,760
36038,1176
36039,810
36040,680
36041,611
36042,1237
36043,739
36044,674
36045,988
36046,1106
36047,824
36048,835
36049,778
36050,860
36051,755
36052,612
36053,807
36054,766
36055,809
36056,908
36057,685
36058,908
36059,685
36060,798
36061,1004
36062,740
36063,982
36064,1333
36065,1168
36066,1089
36067,1000
36068,836
36069,830
36070,994
36071,596
36072,832
36073,779
36074,612
36075,754
36076,974
36077,635
36078,916
36079,963
36080,827
36081,955
36082,767
36083,617
36084,788
36085,1028
36086,694
36087,1178
36088,1201
36089,1234
36090,938
36091,873
36092,864
36093,646
36094,962
36095,921
36096,798
36097,763
36098,984
36099,963
36100,1053
36101,1033
36102,931
36103,1393
36104,766
36105,1127
36106,999
36107,1015
36108,965
36109,948
36110,724
36111,898
36112,786
36113,509
36114,743
36115,814
36116,757
36117,801
36118,591
36119,727
36120,1061
36121,1117
36122,1171
36123,1006
36124,926
36125,660
36126,649
36127,651
36128,654
36129,1080
36130,1218
36131,994
36132,659
36133,808
36134,754
36135,696
36136,1003
36137,692
36138,805
36139,841
36140,681
36141,672
36142,708
36143,839
36144,924
36145,799
36146,907
36147,720
36148,1151
36149,933
36150,677
36151,853
36152,669
36153,607
36154,1508
36155,694
36156,526
36157,839
36158,683
36159,696
36160,966
36161,1081
36162,802
36163,576
36164,668
36165,731
36166,538
36167,569
36168,809
36169,638
36170,760
36171,610
36172,570
36173,491
36174,402
36175,903
36176,604
36177,750
36178,922
36179,633
36180,610
36181,640
36182,707
36183,836
36184,808
36185,610
36186,1001
36187,1178
36188,592
36189,823
36190,678
36191,830
36192,1008
36193,730
36194,975
36195,936
36196,871
36197,587
36198,585
36199,640
36200,627
36201,525
36202,373
36203,508
36204,973
36205,1057
36206,799
36207,621
36208,847
36209,507
36210,591
36211,443
36212,687
36213,636
36214,672
36215,925
36216,743
36217,896
36218,741
36219,734
36220,665
36221,1043
36222,731
36223,659
36224,756
36225,898
36226,857
36227,848
36228,1116
36229,1370
36230,930
36231,895
36232,853
36233,906
36234,782
36235,787
36236,794
36237,860
36238,833
36239,750
36240,1029
36241,936
36242,648
36243,495
36244,604
36245,943
36246,1189
36247,717
36248,639
36249,783
36250,1013
36251,908
36252,941
36253,535
36254,539
36255,397
36256,631
36257,748
36258,999
36259,716
36260,517
36261,628
36262,454
36263,661
36264,865
36265,653
36266,896
36267,719
36268,1034
36269,542
36270,906
36271,716
36272,765
36273,964
36274,773
36275,636
36276,774
36277,553
36278,670
36279,744
36280,601
36281,673
36282,572
36283,615
36284,430
36285,472
36286,630
36287,710
36288,648
36289,612
36290,529
36291,729
36292,598
36293,534
36294,684
36295,520
36296,930
36297,651
36298,779
36299,755
36300,1061
36301,833
36302,888
36303,1093
36304,1552
36305,648
36306,907
36307,677
36308,694
36309,898
36310,1112
36311,426
36312,665
36313,531
36314,562
36315,685
36316,466
36317,613
36318,702
36319,865
36320,830
36321,601
36322,666
36323,567
36324,852
36325,868
36326,791
36327,1152
36328,857
36329,726
36330,741
36331,792
36332,944
36333,981
36334,825
36335,731
36336,817
36337,822
36338,784
36339,547
36340,940
36341,970
36342,654
36343,778
36344,901
36345,1132
36346,662
36347,593
36348,863
36349,616
36350,933
36351,838
36352,667
36353,715
36354,1152
36355,775
36356,621
36357,761
36358,936
36359,916
36360,1048
36361,733
36362,1053
36363,757
36364,716
36365,689
36366,848
36367,911
36368,574
36369,866
36370,558
36371,639
36372,641
36373,688
36374,814
36375,1246
36376,851
36377,790
36378,524
36379,652
36380,606
36381,581
36382,480
36383,770
36384,913
36385,755
36386,861
36387,915
36388,616
36389,721
36390,804
36391,663
36392,611
36393,975
36394,641
36395,942
36396,638
36397,733
36398,860
36399,838
36400,545
36401,935
36402,856
36403,798
36404,389
36405,385
36406,519
36407,592
36408,612
36409,577
36410,804
36411,944
36412,769
36413,1041
36414,871
36415,576
36416,847
36417,573
36418,625
36419,582
36420,930
36421,809
36422,600
36423,766
36424,639
36425,651
36426,740
36427,891
36428,639
36429,831
36430,715
36431,831
36432,1023
36433,752
36434,907
36435,868
36436,438
36437,514
36438,723
36439,735
36440,595
36441,532
36442,550
36443,716
36444,640
36445,716
36446,1005
36447,778
36448,1158
36449,1151
36450,634
36451,824
36452,556
36453,662
36454,1003
36455,694
36456,648
36457,670
36458,916
36459,625
36460,520
36461,701
36462,899
36463,857
36464,452
36465,622
36466,906
36467,659
36468,842
36469,873
36470,824
36471,660
36472,705
36473,718
36474,824
36475,739
36476,977
36477,528
36478,527
36479,763
36480,779
36481,651
36482,918
36483,547
36484,788
36485,559
36486,707
36487,753
36488,949
36489,703
36490,795
36491,631
36492,752
36493,700
36494,555
36495,630
36496,663
36497,328
36498,394
36499,603
36500,605
36501,409
36502,695
36503,487
36504,488
36505,671
36506,861
36507,702
36508,1048
36509,341
36510,557
36511,589
36512,440
36513,523
36514,862
36515,628
36516,725
36517,890
36518,887
36519,766
36520,392
36521,432
36522,827
36523,464
36524,409
36525,771
36526,515
36527,633
36528,527
36529,961
36530,708
36531,804
36532,756
36533,811
36534,543
36535,756
36536,695
36537,487
36538,545
36539,606
36540,551
36541,780
36542,720
36543,823
36544,852
36545,888
36546,1309
36547,747
36548,522
36549,622
36550,779
36551,1004
36552,844
36553,807
36554,487
36555,701
36556,592
36557,957
36558,907
36559,864
36560,840
36561,788
36562,1021
36563,921
36564,929
36565,614
36566,669
36567,752
36568,889
36569,757
36570,774
36571,888
36572,1423
36573,839
36574,596
36575,928
36576,742
36577,760
36578,647
36579,751
36580,1014
36581,894
36582,832
36583,847
36584,1175
36585,1127
36586,816
36587,774
36588,1028
36589,1151
36590,1062
