NETCARE2015/data/raw/Flight1/CPC3776_POLAR6_20150405_r2_NETCARE.ict
35,1001
Abbatt,Jon
University of Toronto
Polar 6
NETCARE
1,1
2015,4,5,2017,8,16
1
time,seconds,seconds from start in UTC
1
1
-99999
conc,number of particles per cm3
0
20
PI_CONTACT_INFO: 80 St. George Street; Toronto; ON M5S 3H6 CANADA; email: jabbatt@chem.utoronto.ca
PLATFORM: Polar 6 aircraft
LOCATION: European Arctic near Svalbard
ASSOCIATED_DATA: none
INSTRUMENT_INFO: The Ultrafine Condensation Particle Counter 3776 is a continuous-flow instrument that detects particles down to 2.5 nm. It operates at an aerosol flow rate of 50 cm^3/min and detects concentrations from 0 to 300 000 particles/cm^3 with coincidence correction.
DATA_INFO: all relevant information is given above
UNCERTAINTY:  ±10% of measured value
ULOD_FLAG: -7777
ULOD_VALUE: N/As
LLOD_FLAG: -8888
LLOD_VALUE: N/A
DM_CONTACT_INFO: Data collected by Julia Burkart. Please direct all correspondence to Jon Abbatt: jabbatt@chem.utoronto.ca
PROJECT_INFO: Polar 6 NETCARE Spring 2015 campaign
STIPULATIONS_ON_USE: N/A
OTHER_COMMENTS: N/A
REVISION: R2, R1, R0
R2: zero and filter measurements are removed
R1: uncorrected raw data
R0: raw data
time,conc
[from data line 12515]
47519,232
47520,228
47521,254
47522,292
47523,309
47524,254
47525,261
47526,276
47527,244
47528,243
47529,261
47530,279
47531,269
47532,279
47533,289
47534,297
47535,277
47536,263
47537,301
47538,289
47539,306
47540,293
47541,327
47542,339
47543,317
47544,306
47545,323
47546,319
47547,316
47548,269
47549,281
47550,324
47551,293
47552,290
47553,300
47554,304
47555,296
47556,309
47557,289
47558,313
47559,316
47560,293
47561,267
47562,253
47563,246
47564,307
47565,307
47566,300
47567,300
47568,286
47569,286
47570,279
47571,265
47572,268
47573,221
47574,232
47575,272
47576,209
47577,229
47578,217
47579,202
47580,151
47581,143
47582,153
47583,135
47584,153
47585,114
47586,134
47587,129
47588,104
47589,110
47590,132
47591,110
47592,108
47593,110
47594,91
47595,125
47596,91
47597,92
47598,145
47599,101
47600,120
47601,99
47602,116
47603,132
47604,137
47605,127
47606,121
47607,106
47608,123
47609,101
47610,135
47611,127
47612,98
47613,137
47614,131
47615,156
47616,118
47617,139
47618,139
47619,137
47620,141
47621,131
47622,141
47623,133
47624,128
47625,129
47626,126
47627,163
47628,131
47629,160
47630,205
47631,210
47632,208
47633,217
47634,244
47635,240
47636,233
47637,288
47638,276
47639,264
47640,294
47641,328
47642,326
47643,282
47644,315
47645,280
47646,358
47647,314
47648,314
47649,295
47650,278
47651,293
47652,286
47653,293
47654,296
47655,289
47656,278
47657,298
47658,266
47659,286
47660,303
47661,304
47662,315
47663,305
47664,294
47665,312
47666,351
47667,295
47668,305
47669,293
47670,265
47671,303
47672,300
47673,327
47674,251
47675,286
47676,301
47677,312
47678,291
47679,316
47680,321
47681,322
47682,276
47683,268
47684,279
47685,275
47686,300
47687,295
47688,276
47689,284
47690,274
47691,284
47692,322
47693,309
47694,300
47695,286
47696,273
47697,289
47698,266
47699,240
47700,304
47701,292
47702,304
47703,271
47704,233
47705,277
47706,252
47707,237
47708,235
47709,291
47710,245
47711,279
47712,283
47713,297
47714,263
47715,289
47716,314
47717,331
47718,322
47719,305
47720,302
47721,320
47722,299
47723,317
47724,306
47725,311
47726,328
47727,263
47728,282
47729,272
47730,269
47731,295
47732,293
47733,294
47734,288
47735,298
47736,300
47737,275
47738,273
47739,303
47740,294
47741,331
47742,302
47743,281
47744,241
47745,295
47746,321
47747,332
47748,284
47749,316
47750,304
47751,308
47752,284
47753,286
47754,270
47755,258
47756,290
47757,324
47758,278
47759,297
47760,308
47761,288
47762,298
47763,290
47764,270
47765,266
47766,292
47767,260
47768,295
47769,316
47770,264
47771,306
47772,249
47773,273
47774,307
47775,283
47776,268
47777,266
47778,276
47779,321
47780,325
47781,292
47782,312
47783,320
47784,302
47785,296
47786,334
47787,315
47788,366
47789,306
47790,312
47791,329
47792,308
47793,292
47794,277
47795,305
47796,335
47797,270
47798,293
47799,233
47800,263
47801,268
47802,267
47803,233
47804,221
47805,264
47806,286
47807,272
47808,263
47809,235
47810,221
47811,225
47812,195
47813,228
47814,202
47815,211
47816,224
47817,233
47818,228
47819,226
47820,210
47821,212
47822,198
47823,243
47824,262
47825,285
47826,233
47827,257
47828,270
47829,269
47830,294
47831,319
47832,228
47833,277
47834,238
47835,244
47836,267
47837,234
47838,270
47839,240
47840,251
47841,256
47842,227
47843,243
47844,240
47845,217
47846,228
47847,246
47848,263
47849,230
47850,210
47851,205
47852,248
47853,217
47854,253
47855,246
47856,284
47857,266
47858,280
47859,281
47860,275
47861,284
47862,312
47863,266
47864,260
47865,308
47866,331
47867,275
47868,278
47869,312
47870,289
47871,250
47872,276
47873,298
47874,256
47875,288
47876,278
47877,288
47878,297
47879,294
47880,331
47881,308
47882,288
47883,293
47884,355
47885,278
47886,333
47887,271
47888,305
47889,287
47890,307
47891,290
47892,284
47893,335
47894,290
47895,297
47896,268
47897,314
47898,339
47899,341
47900,333
47901,320
47902,263
47903,287
47904,281
47905,281
47906,292
47907,278
47908,332
47909,306
47910,278
47911,271
47912,272
47913,296
47914,297
47915,316
47916,338
47917,304
47918,283
47919,286
47920,284
47921,313
47922,297
47923,312
47924,283
47925,304
47926,316
47927,269
47928,274
47929,309
47930,329
47931,328
47932,323
47933,316
47934,350
47935,347
47936,313
47937,335
47938,328
47939,307
47940,300
47941,284
47942,328
47943,344
47944,286
47945,300
47946,301
47947,309
47948,362
47949,351
47950,286
47951,302
47952,333
47953,338
47954,318
47955,348
47956,349
47957,335
47958,361
47959,308
47960,347
47961,322
47962,311
47963,337
47964,338
47965,351
47966,327
47967,315
47968,320
47969,335
47970,300
47971,325
47972,345
47973,328
47974,343
47975,340
47976,298
47977,327
47978,328
47979,332
47980,315
47981,317
47982,320
47983,331
47984,350
47985,340
47986,296
47987,317
47988,296
47989,317
47990,334
47991,300
47992,282
47993,295
47994,356
47995,308
47996,339
47997,319
47998,315
47999,315
48000,315
48001,364
48002,289
48003,301
48004,287
48005,307
48006,300
48007,332
48008,341
48009,317
48010,299
48011,283
48012,332
48013,337
48014,304
48015,314
48016,323
48017,309
48018,271
48019,313
48020,330
48021,330
48022,319
48023,327
48024,326
48025,337
48026,353
48027,298
48028,359
48029,378
48030,385
48031,354
48032,370
48033,359
48034,325
48035,347
48036,353
48037,300
48038,287
48039,300
48040,354
48041,309
48042,312
48043,301
48044,312
48045,328
48046,294
48047,290
48048,316
48049,306
48050,337
48051,328
48052,315
48053,377
48054,334
48055,326
48056,298
48057,270
48058,285
48059,262
48060,274
48061,287
48062,307
48063,269
48064,276
48065,298
48066,332
48067,271
48068,306
48069,323
48070,261
48071,302
48072,260
48073,315
48074,308
48075,284
48076,341
48077,323
48078,288
48079,292
48080,314
48081,317
48082,307
48083,274
48084,270
48085,285
48086,339
48087,343
48088,330
48089,321
48090,361
48091,334
48092,337
48093,310
48094,295
48095,309
48096,285
48097,301
48098,313
48099,334
48100,339
48101,360
48102,292
48103,291
48104,319
48105,312
48106,290
48107,293
48108,331
48109,273
48110,257
48111,320
48112,274
48113,290
48114,265
48115,294
48116,295
48117,303
48118,270
48119,299
48120,275
48121,273
48122,315
48123,288
48124,280
48125,287
48126,274
48127,295
48128,284
48129,273
48130,265
48131,263
48132,288
48133,277
48134,276
48135,301
48136,280
48137,305
48138,301
48139,264
48140,298
48141,256
48142,273
48143,285
48144,322
48145,283
48146,305
48147,316
48148,307
48149,289
48150,243
48151,272
48152,274
48153,247
48154,303
48155,297
48156,246
48157,247
48158,270
48159,250
48160,292
48161,322
48162,282
48163,278
48164,296
48165,268
48166,305
48167,317
48168,281
48169,305
48170,259
48171,293
48172,262
48173,287
48174,288
48175,292
48176,272
48177,285
48178,309
48179,286
48180,301
48181,337
48182,299
48183,281
48184,270
48185,288
48186,314
48187,281
48188,292
48189,307
48190,284
48191,303
48192,266
48193,288
48194,276
48195,299
48196,275
48197,269
48198,306
48199,307
48200,299
48201,276
48202,308
48203,286
48204,294
48205,282
48206,282
48207,287
48208,305
48209,238
48210,273
48211,256
48212,298
48213,276
48214,269
48215,277
48216,283
48217,272
48218,297
48219,282
48220,285
48221,289
48222,285
48223,272
48224,302
48225,291
48226,296
48227,286
48228,289
48229,300
48230,292
48231,268
48232,283
48233,266
48234,312
48235,264
48236,284
48237,277
48238,268
48239,305
48240,275
48241,255
48242,257
48243,265
48244,299
48245,258
48246,300
48247,273
48248,278
48249,254
48250,302
48251,320
48252,314
48253,284
48254,290
48255,309
48256,381
48257,360
48258,338
48259,357
48260,360
48261,346
48262,360
48263,370
48264,354
48265,344
48266,356
48267,406
48268,394
48269,342
48270,385
48271,392
48272,384
48273,399
48274,369
48275,299
48276,375
48277,355
48278,356
48279,371
48280,412
48281,374
48282,390
48283,376
48284,386
48285,370
48286,405
48287,401
48288,365
48289,378
48290,355
48291,362
48292,399
48293,361
48294,439
48295,453
48296,409
48297,385
48298,412
48299,427
48300,454
48301,431
48302,396
48303,343
48304,389
48305,347
48306,366
48307,443
48308,381
48309,389
48310,356
48311,393
48312,354
48313,328
48314,416
48315,405
48316,392
48317,374
48318,355
48319,315
48320,341
48321,325
48322,306
48323,322
48324,317
48325,351
48326,311
48327,320
48328,374
48329,306
48330,330
48331,367
48332,378
48333,333
48334,337
48335,335
48336,332
48337,353
48338,337
48339,399
48340,340
48341,338
48342,373
48343,364
48344,343
48345,369
48346,330
48347,356
48348,379
48349,354
48350,357
48351,343
48352,340
48353,324
48354,345
48355,326
48356,371
48357,323
48358,376
48359,381
48360,376
48361,332
48362,324
48363,358
48364,367
48365,356
48366,365
48367,325
48368,317
48369,377
48370,315
48371,349
48372,298
48373,352
48374,304
48375,310
48376,345
48377,374
48378,308
48379,320
48380,320
48381,293
48382,329
48383,343
48384,336
48385,327
48386,333
48387,380
48388,407
48389,380
48390,374
48391,400
48392,354
48393,299
48394,331
48395,297
48396,320
48397,340
48398,351
48399,284
48400,280
48401,255
48402,272
48403,287
48404,284
48405,288
48406,290
48407,282
48408,286
48409,299
48410,322
48411,296
48412,313
48413,292
48414,294
48415,312
48416,341
48417,299
48418,314
48419,294
48420,319
48421,307
48422,296
48423,304
48424,279
48425,288
48426,323
48427,262
48428,295
48429,275
48430,305
48431,343
48432,383
48433,305
48434,337
48435,357
48436,338
48437,364
48438,288
48439,289
48440,283
48441,283
48442,277
48443,291
48444,281
48445,292
48446,306
48447,255
48448,323
48449,278
48450,300
48451,262
48452,277
48453,296
48454,272
48455,260
48456,285
48457,292
48458,265
48459,289
48460,264
48461,285
48462,296
48463,292
48464,286
48465,273
48466,279
48467,267
48468,317
48469,278
48470,264
48471,284
48472,259
48473,273
48474,240
48475,291
48476,290
48477,304
48478,266
48479,292
48480,286
48481,256
48482,264
48483,260
48484,287
48485,247
48486,302
48487,277
48488,286
48489,287
48490,277
48491,262
48492,333
48493,284
48494,292
48495,298
48496,286
48497,292
48498,273
48499,289
48500,288
48501,288
48502,284
48503,293
48504,274
48505,314
48506,306
48507,278
48508,267
48509,257
48510,258
48511,310
48512,294
48513,310
48514,296
48515,307
48516,331
48517,293
48518,310
48519,288
48520,305
48521,306
48522,304
48523,298
48524,282
48525,323
48526,298
48527,328
48528,305
48529,315
48530,328
48531,314
48532,326
48533,291
48534,274
48535,316
48536,276
48537,312
48538,291
48539,311
48540,299
48541,287
48542,332
48543,298
48544,307
48545,330
48546,308
48547,307
48548,303
48549,275
48550,321
48551,336
48552,320
48553,305
48554,333
48555,330
48556,302
48557,278
48558,280
48559,325
48560,316
48561,341
48562,306
48563,311
48564,320
48565,303
48566,323
48567,319
48568,290
48569,315
48570,250
48571,319
48572,282
48573,283
48574,286
48575,291
48576,306
48577,330
48578,286
48579,316
48580,291
48581,289
48582,273
48583,295
48584,304
48585,322
48586,350
48587,315
48588,293
48589,317
48590,267
48591,312
48592,274
48593,305
48594,304
48595,287
48596,311
48597,275
48598,293
48599,328
48600,301
48601,284
48602,317
48603,310
48604,319
48605,290
48606,353
48607,318
48608,295
48609,290
48610,335
48611,280
48612,278
48613,309
48614,295
48615,334
48616,301
48617,339
48618,307
48619,314
48620,316
48621,292
48622,290
48623,304
48624,346
48625,320
48626,339
48627,307
48628,312
48629,321
48630,333
48631,310
48632,333
48633,317
48634,300
48635,343
48636,332
48637,270
48638,325
48639,273
48640,301
48641,313
48642,336
48643,331
48644,347
48645,295
48646,292
48647,343
48648,329
48649,290
48650,334
48651,311
48652,327
48653,323
48654,332
48655,256
48656,307
48657,311
48658,335
48659,312
48660,335
48661,344
48662,302
48663,315
48664,300
48665,326
48666,350
48667,363
48668,327
48669,321
48670,331
48671,310
48672,295
48673,340
48674,291
48675,307
48676,340
48677,359
48678,315
48679,331
48680,279
48681,321
48682,320
48683,328
48684,291
48685,305
48686,276
48687,305
48688,268
48689,305
48690,287
48691,315
48692,299
48693,326
48694,314
48695,366
48696,278
48697,271
48698,312
48699,300
48700,325
48701,312
48702,291
48703,309
48704,298
48705,321
48706,342
48707,305
48708,287
48709,269
48710,300
48711,287
48712,296
48713,296
48714,304
48715,332
48716,329
48717,312
48718,335
48719,301
48720,283
48721,300
48722,291
48723,355
48724,320
48725,319
48726,330
48727,315
48728,292
48729,340
48730,362
48731,297
48732,321
48733,334
48734,294
48735,301
48736,300
48737,251
48738,291
48739,279
48740,296
48741,303
48742,303
48743,305
48744,327
48745,259
48746,315
48747,305
48748,333
48749,281
48750,307
48751,292
48752,306
48753,285
48754,299
48755,303
48756,337
48757,334
48758,296
48759,312
48760,301
48761,326
48762,292
48763,299
48764,334
48765,314
48766,335
48767,333
48768,284
48769,315
48770,289
48771,342
48772,305
48773,275
48774,271
48775,354
48776,277
48777,327
48778,306
48779,308
48780,287
48781,301
48782,310
48783,329
48784,304
48785,315
48786,294
48787,317
48788,322
48789,308
48790,319
48791,303
48792,252
48793,319
48794,296
48795,356
48796,282
48797,291
48798,277
48799,272
48800,286
48801,307
48802,286
48803,322
48804,296
48805,327
48806,270
48807,281
48808,289
48809,280
48810,292
48811,326
48812,281
48813,338
48814,285
48815,323
48816,294
48817,302
48818,286
48819,286
48820,326
48821,323
48822,282
48823,280
48824,315
48825,305
48826,292
48827,288
48828,321
48829,292
48830,299
48831,307
48832,313
48833,302
48834,331
48835,301
48836,262
48837,260
48838,284
48839,315
48840,269
48841,301
48842,284
48843,272
48844,284
48845,294
48846,265
48847,294
48848,279
48849,255
48850,328
48851,279
48852,316
48853,306
48854,325
48855,313
48856,282
48857,265
48858,288
48859,287
48860,308
48861,271
48862,323
48863,278
48864,250
48865,306
48866,263
48867,297
48868,254
48869,251
48870,277
48871,269
48872,273
48873,270
48874,292
48875,265
48876,240
48877,300
48878,310
48879,282
48880,267
48881,285
48882,269
48883,272
48884,267
48885,284
48886,275
48887,258
48888,245
48889,267
48890,251
48891,315
48892,284
48893,267
48894,291
48895,287
48896,271
48897,296
48898,310
48899,287
48900,275
48901,311
48902,287
48903,304
48904,282
48905,260
48906,286
48907,279
48908,275
48909,272
48910,267
48911,304
48912,287
48913,314
48914,317
48915,225
48916,275
48917,254
48918,298
48919,282
48920,305
48921,296
48922,292
48923,306
48924,294
48925,291
48926,319
48927,293
48928,298
48929,263
48930,319
48931,274
48932,277
48933,286
48934,271
48935,292
48936,310
48937,270
48938,287
48939,296
48940,277
48941,340
48942,300
48943,301
48944,274
48945,278
48946,276
48947,287
48948,305
48949,266
48950,290
48951,285
48952,274
48953,268
48954,280
48955,271
48956,293
48957,293
48958,317
48959,285
48960,278
48961,322
48962,280
48963,300
48964,296
48965,299
48966,294
48967,285
48968,317
48969,287
48970,280
48971,281
48972,312
48973,289
48974,274
48975,293
48976,293
48977,270
48978,272
48979,285
48980,263
48981,298
48982,301
48983,292
48984,292
48985,279
48986,288
48987,335
48988,302
48989,293
48990,309
48991,325
48992,333
48993,320
48994,274
48995,318
48996,282
48997,286
48998,315
48999,294
49000,310
49001,320
49002,304
49003,333
49004,306
49005,272
49006,241
49007,302
49008,285
49009,274
49010,286
49011,307
49012,270
49013,294
49014,305
49015,248
49016,286
49017,253
49018,292
49019,280
49020,273
49021,272
49022,320
49023,327
49024,318
49025,270
49026,252
49027,283
49028,274
49029,282
49030,283
49031,297
49032,297
49033,325
49034,316
49035,346
49036,296
49037,302
49038,284
49039,271
49040,320
49041,296
49042,310
49043,286
49044,267
49045,301
49046,252
49047,283
49048,301
49049,295
49050,305
49051,275
49052,256
49053,290
49054,270
49055,327
49056,352
49057,354
49058,347
49059,352
49060,361
49061,349
49062,321
49063,341
49064,383
49065,354
49066,345
49067,328
49068,287
49069,298
49070,283
49071,326
49072,336
49073,340
49074,384
49075,375
49076,327
49077,352
49078,342
49079,313
49080,333
49081,330
49082,347
49083,314
49084,328
49085,326
49086,346
49087,301
49088,375
49089,341
49090,340
49091,320
49092,300
49093,385
49094,297
49095,301
49096,317
49097,333
49098,334
49099,311
49100,321
49101,320
49102,337
49103,311
49104,335
49105,346
49106,286
49107,285
49108,268
49109,260
49110,296
49111,291
49112,306
49113,264
49114,268
49115,302
49116,270
49117,283
49118,282
