NETCARE2015/data/raw/Flight1/CPC3776_POLAR6_20150405_r2_NETCARE.ict
35,1001
Abbatt,Jon
University of Toronto
Polar 6
NETCARE
1,1
2015,4,5,2017,8,16
1
time,seconds,seconds from start in UTC
1
1
-99999
conc,number of particles per cm3
0
20
PI_CONTACT_INFO: 80 St. George Street; Toronto; ON M5S 3H6 CANADA; email: jabbatt@chem.utoronto.ca
PLATFORM: Polar 6 aircraft
LOCATION: European Arctic near Svalbard
ASSOCIATED_DATA: none
INSTRUMENT_INFO: The Ultrafine Condensation Particle Counter 3776 is a continuous-flow instrument that detects particles down to 2.5 nm. It operates at an aerosol flow rate of 50 cm^3/min and detects concentrations from 0 to 300 000 particles/cm^3 with coincidence correction.
DATA_INFO: all relevant information is given above
UNCERTAINTY:  ±10% of measured value
ULOD_FLAG: -7777
ULOD_VALUE: N/As
LLOD_FLAG: -8888
LLOD_VALUE: N/A
DM_CONTACT_INFO: Data collected by Julia Burkart. Please direct all correspondence to Jon Abbatt: jabbatt@chem.utoronto.ca
PROJECT_INFO: Polar 6 NETCARE Spring 2015 campaign
STIPULATIONS_ON_USE: N/A
OTHER_COMMENTS: N/A
REVISION: R2, R1, R0
R2: zero and filter measurements are removed
R1: uncorrected raw data
R0: raw data
time,conc
[from data line 9328]
44332,223
44333,185
44334,194
44335,204
44336,184
44337,201
44338,186
44339,193
44340,203
44341,193
44342,174
44343,166
44344,200
44345,189
44346,213
44347,199
44348,181
44349,197
44350,189
44351,195
44352,193
44353,162
44354,218
44355,184
44356,169
44357,139
44358,153
44359,124
44360,124
44361,154
44362,149
44363,133
44364,124
44365,129
44366,157
44367,150
44368,131
44369,138
44370,124
44371,145
44372,123
44373,163
44374,153
44375,150
44376,165
44377,120
44378,156
44379,151
44380,129
44381,148
44382,144
44383,135
44384,118
44385,144
44386,127
44387,131
44388,124
44389,140
44390,127
44391,134
44392,125
44393,152
44394,132
44395,110
44396,149
44397,110
44398,128
44399,118
44400,112
44401,109
44402,102
44403,110
44404,108
44405,101
44406,90
44407,102
44408,97
44409,102
44410,105
44411,93
44412,99
44413,94
44414,98
44415,101
44416,104
44417,99
44418,112
44419,105
44420,132
44421,98
44422,99
44423,125
44424,118
44425,114
44426,121
44427,126
44428,127
44429,145
44430,161
44431,153
44432,144
44433,164
44434,157
44435,176
44436,170
44437,172
44438,178
44439,184
44440,188
44441,209
44442,184
44443,179
44444,178
44445,157
44446,162
44447,179
44448,183
44449,173
44450,159
44451,190
44452,228
44453,161
44454,179
44455,154
44456,170
44457,175
44458,211
44459,183
44460,191
44461,211
44462,214
44463,194
44464,190
44465,159
44466,191
44467,180
44468,171
44469,191
44470,163
44471,207
44472,236
44473,189
44474,194
44475,179
44476,187
44477,184
44478,184
44479,176
44480,190
44481,212
44482,189
44483,162
44484,177
44485,170
44486,197
44487,193
44488,172
44489,173
44490,196
44491,183
44492,195
44493,162
44494,220
44495,206
44496,176
44497,160
44498,173
44499,170
44500,195
44501,178
44502,195
44503,178
44504,177
44505,187
44506,177
44507,137
44508,182
44509,185
44510,167
44511,153
44512,157
44513,149
44514,164
44515,130
44516,144
44517,167
44518,148
44519,159
44520,134
44521,132
44522,152
44523,145
44524,116
44525,151
44526,163
44527,144
44528,177
44529,163
44530,127
44531,182
44532,161
44533,158
44534,168
44535,149
44536,148
44537,147
44538,136
44539,138
44540,150
44541,151
44542,145
44543,142
44544,161
44545,168
44546,184
44547,162
44548,150
44549,159
44550,148
44551,150
44552,148
44553,178
44554,186
44555,166
44556,149
44557,178
44558,160
44559,145
44560,154
44561,184
44562,162
44563,142
44564,187
44565,167
44566,145
44567,166
44568,190
44569,164
44570,160
44571,185
44572,158
44573,168
44574,160
44575,143
44576,154
44577,169
44578,151
44579,172
44580,171
44581,146
44582,208
44583,172
44584,159
44585,198
44586,163
44587,183
44588,141
44589,184
44590,190
44591,172
44592,163
44593,199
44594,181
44595,175
44596,197
44597,172
44598,176
44599,190
44600,181
44601,149
44602,197
44603,155
44604,145
44605,168
44606,196
44607,212
44608,165
44609,182
44610,209
44611,169
44612,192
44613,184
44614,183
44615,197
44616,166
44617,182
44618,172
44619,165
44620,179
44621,202
44622,210
44623,161
44624,165
44625,182
44626,184
44627,168
44628,178
44629,180
44630,164
44631,169
44632,181
44633,154
44634,178
44635,154
44636,177
44637,189
44638,171
44639,161
44640,186
44641,182
44642,156
44643,150
44644,191
44645,158
44646,161
44647,189
44648,184
44649,160
44650,155
44651,170
44652,157
44653,180
44654,172
44655,193
44656,172
44657,186
44658,211
44659,205
44660,172
44661,191
44662,173
44663,207
44664,215
44665,194
44666,200
44667,185
44668,157
44669,162
44670,184
44671,174
44672,186
44673,220
44674,173
44675,173
44676,168
44677,170
44678,179
44679,170
44680,171
44681,191
44682,161
44683,166
44684,193
44685,183
44686,170
44687,193
44688,158
44689,179
44690,180
44691,170
44692,161
44693,181
44694,166
44695,174
44696,156
44697,189
44698,202
44699,178
44700,173
44701,203
44702,184
44703,188
44704,199
44705,170
44706,185
44707,149
44708,166
44709,165
44710,163
44711,162
44712,170
44713,166
44714,167
44715,182
44716,143
44717,180
44718,176
44719,166
44720,163
44721,175
44722,159
44723,173
44724,164
44725,175
44726,176
44727,191
44728,143
44729,180
44730,183
44731,180
44732,180
44733,191
44734,157
44735,197
44736,170
44737,164
44738,188
44739,176
44740,181
44741,165
44742,171
44743,187
44744,155
44745,162
44746,167
44747,168
44748,200
44749,172
44750,164
44751,147
44752,189
44753,170
44754,178
44755,171
44756,172
44757,176
44758,161
44759,165
44760,187
44761,181
44762,160
44763,154
44764,146
44765,164
44766,174
44767,148
44768,181
44769,168
44770,184
44771,149
44772,153
44773,148
44774,170
44775,163
44776,167
44777,184
44778,173
44779,165
44780,145
44781,178
44782,152
44783,163
44784,153
44785,157
44786,167
44787,149
44788,146
44789,146
44790,175
44791,189
44792,157
44793,157
44794,169
44795,169
44796,155
44797,167
44798,165
44799,161
44800,149
44801,155
44802,173
44803,148
44804,151
44805,146
44806,131
44807,147
44808,138
44809,166
44810,168
44811,165
44812,161
44813,152
44814,152
44815,154
44816,165
44817,136
44818,163
44819,176
44820,154
44821,159
44822,148
44823,150
44824,148
44825,165
44826,190
44827,145
44828,191
44829,172
44830,163
44831,147
44832,144
44833,192
44834,164
44835,160
44836,154
44837,164
44838,191
44839,172
44840,169
44841,145
44842,158
44843,147
44844,187
44845,168
44846,138
44847,189
44848,190
44849,158
44850,167
44851,143
44852,162
44853,135
44854,156
44855,185
44856,185
44857,170
44858,167
44859,147
44860,153
44861,162
44862,174
44863,170
44864,140
44865,161
44866,139
44867,160
44868,180
44869,163
44870,192
44871,170
44872,185
44873,162
44874,162
44875,179
44876,184
44877,178
44878,177
44879,188
44880,178
44881,182
44882,155
44883,183
44884,200
44885,194
44886,208
44887,190
44888,185
44889,152
44890,177
44891,191
44892,184
44893,178
44894,188
44895,187
44896,182
44897,182
44898,206
44899,211
44900,180
44901,195
44902,146
44903,166
44904,177
44905,205
44906,194
44907,197
44908,185
44909,177
44910,174
44911,190
44912,199
44913,192
44914,190
44915,200
44916,182
44917,198
44918,184
44919,162
44920,161
44921,191
44922,182
44923,196
44924,179
44925,183
44926,165
44927,192
44928,195
44929,200
44930,173
44931,195
44932,164
44933,188
44934,168
44935,165
44936,183
44937,190
44938,197
44939,178
44940,176
44941,185
44942,200
44943,230
44944,212
44945,214
44946,212
44947,231
44948,230
44949,208
44950,214
44951,203
44952,219
44953,204
44954,205
44955,216
44956,219
44957,202
44958,183
44959,149
44960,184
44961,170
44962,192
44963,181
44964,198
44965,185
44966,198
44967,193
44968,206
44969,216
44970,188
44971,202
44972,177
44973,215
44974,201
44975,173
44976,206
44977,186
44978,190
44979,219
44980,195
44981,190
44982,180
44983,204
44984,220
44985,216
44986,191
44987,189
44988,193
44989,200
44990,196
44991,190
44992,165
44993,174
44994,179
44995,198
44996,179
44997,202
44998,202
44999,218
45000,194
45001,193
45002,176
45003,162
45004,183
45005,200
45006,193
45007,183
45008,201
45009,187
45010,197
45011,204
45012,190
45013,183
45014,163
45015,155
45016,178
45017,182
45018,170
45019,205
45020,197
45021,179
45022,181
45023,158
45024,171
45025,167
45026,142
45027,170
45028,173
45029,140
45030,173
45031,129
45032,184
45033,160
45034,148
45035,160
45036,147
45037,168
45038,154
45039,161
45040,180
45041,147
45042,147
45043,146
45044,155
45045,141
45046,150
45047,165
45048,161
45049,176
45050,135
45051,163
45052,140
45053,144
45054,130
45055,149
45056,157
45057,126
45058,139
45059,145
45060,143
45061,171
45062,148
45063,155
45064,161
45065,129
45066,145
45067,159
45068,147
45069,164
45070,179
45071,174
45072,180
45073,173
45074,197
45075,197
45076,161
45077,179
45078,173
45079,141
45080,162
45081,160
45082,147
45083,161
45084,156
45085,190
45086,144
45087,167
45088,188
45089,156
45090,155
45091,167
45092,145
45093,187
45094,159
45095,151
45096,145
45097,186
45098,170
45099,163
45100,177
45101,145
45102,183
45103,162
45104,168
45105,143
45106,198
45107,156
45108,192
45109,146
45110,144
45111,153
45112,163
45113,153
45114,159
45115,155
45116,158
45117,162
45118,139
45119,172
45120,157
45121,141
45122,149
45123,151
45124,160
45125,176
45126,147
45127,181
45128,150
45129,179
45130,191
45131,151
45132,167
45133,186
45134,151
45135,157
45136,183
45137,201
45138,175
45139,201
45140,172
45141,209
45142,196
45143,207
45144,161
45145,194
45146,191
45147,212
45148,198
45149,208
45150,182
45151,202
45152,170
45153,219
45154,186
45155,204
45156,222
45157,220
45158,197
45159,199
45160,202
45161,190
45162,180
45163,188
45164,219
45165,230
45166,211
45167,199
45168,197
45169,165
45170,174
45171,194
45172,184
45173,209
45174,168
45175,191
45176,176
45177,203
45178,192
45179,165
45180,183
45181,201
45182,194
45183,148
45184,175
45185,174
45186,166
45187,169
45188,187
45189,155
45190,146
45191,129
45192,174
45193,129
45194,155
45195,176
45196,152
45197,151
45198,167
45199,161
45200,178
45201,159
45202,160
45203,149
45204,163
45205,168
45206,157
45207,181
45208,167
45209,137
45210,143
45211,166
45212,145
45213,153
45214,157
45215,206
45216,174
45217,142
45218,169
45219,171
45220,171
45221,186
45222,150
45223,169
45224,182
45225,147
45226,192
45227,178
45228,162
45229,178
45230,167
45231,166
45232,171
45233,188
45234,181
45235,150
45236,171
45237,189
45238,213
45239,213
45240,180
45241,202
45242,264
45243,214
45244,248
45245,226
45246,254
45247,262
45248,249
45249,203
45250,232
45251,244
45252,243
45253,236
45254,243
45255,258
45256,280
45257,274
45258,274
45259,257
45260,252
45261,270
45262,240
45263,247
45264,282
45265,250
45266,234
45267,268
45268,222
45269,203
45270,221
45271,218
45272,195
45273,204
45274,176
45275,162
45276,163
45277,147
45278,147
45279,152
45280,164
45281,163
45282,178
45283,159
45284,171
45285,190
45286,158
45287,171
45288,155
45289,154
45290,163
45291,135
45292,156
45293,161
45294,150
45295,147
45296,166
45297,145
45298,144
45299,161
45300,162
45301,167
45302,146
45303,207
45304,141
45305,173
45306,180
45307,152
45308,181
45309,137
45310,151
45311,191
45312,191
45313,182
45314,196
45315,139
45316,185
45317,165
45318,179
45319,152
45320,187
45321,164
45322,175
45323,207
45324,161
45325,153
45326,150
45327,174
45328,162
45329,196
45330,163
45331,208
45332,154
45333,182
45334,175
45335,215
45336,155
45337,164
45338,181
45339,170
45340,157
45341,185
45342,172
45343,149
45344,173
45345,165
45346,147
45347,178
45348,170
45349,179
45350,202
45351,172
45352,151
45353,192
45354,159
45355,181
45356,171
45357,182
45358,188
45359,194
45360,227
45361,258
45362,253
45363,259
45364,252
45365,257
45366,241
45367,274
45368,271
45369,263
45370,250
45371,269
45372,260
45373,237
45374,254
45375,331
45376,259
45377,245
45378,280
45379,241
45380,262
45381,285
45382,303
45383,305
45384,305
45385,301
45386,292
45387,303
45388,311
45389,254
45390,331
45391,309
45392,278
45393,290
45394,301
45395,272
45396,303
45397,311
45398,284
45399,353
45400,358
45401,294
45402,330
45403,316
45404,328
45405,336
45406,336
45407,284
45408,301
45409,288
45410,306
45411,330
45412,309
45413,317
45414,338
45415,292
45416,298
45417,331
45418,270
45419,302
45420,305
45421,294
45422,329
45423,293
45424,294
45425,301
45426,293
45427,314
45428,305
45429,291
45430,238
45431,301
45432,264
45433,274
45434,260
45435,240
45436,214
45437,218
45438,226
45439,231
45440,215
45441,219
45442,238
45443,227
45444,193
45445,216
45446,184
45447,190
45448,206
45449,167
45450,163
45451,186
45452,152
45453,144
45454,149
45455,158
45456,152
45457,181
45458,194
45459,175
45460,194
45461,208
45462,173
45463,177
45464,191
45465,156
45466,177
45467,204
45468,206
45469,181
45470,165
45471,170
45472,154
45473,174
45474,198
45475,157
45476,195
45477,159
45478,182
45479,157
45480,162
45481,202
45482,213
45483,203
45484,206
45485,204
45486,206
45487,253
45488,244
45489,223
45490,248
45491,254
45492,263
45493,245
45494,293
45495,260
45496,255
45497,262
45498,295
45499,276
45500,273
45501,290
45502,281
45503,270
45504,291
45505,261
45506,305
45507,285
45508,279
45509,294
45510,304
45511,309
45512,272
45513,298
45514,286
45515,261
45516,242
45517,310
45518,300
45519,247
45520,292
45521,296
45522,226
45523,279
45524,261
45525,275
45526,290
45527,306
45528,295
45529,297
45530,316
45531,312
45532,299
45533,296
45534,270
45535,304
45536,322
45537,278
45538,285
45539,318
45540,324
45541,288
45542,276
45543,301
45544,306
45545,301
45546,290
45547,295
45548,251
45549,499
45550,517
45551,546
45552,520
45553,503
45554,487
45555,507
45556,447
45557,515
45558,501
45559,522
45560,522
45561,454
45562,488
45563,502
45564,492
45565,478
45566,484
45567,554
45568,490
45569,522
45570,506
45571,520
45572,513
45573,476
45574,475
45575,490
45576,451
45577,480
45578,503
45579,468
45580,498
45581,503
45582,469
45583,511
45584,528
45585,506
45586,482
45587,504
45588,499
45589,499
45590,495
45591,511
45592,480
45593,500
45594,476
45595,565
45596,513
45597,510
45598,543
45599,521
45600,542
45601,519
45602,468
45603,520
45604,528
45605,514
45606,492
45607,497
45608,525
45609,547
45610,476
45611,512
45612,504
45613,539
45614,466
45615,511
45616,519
45617,535
45618,525
45619,547
45620,545
45621,500
45622,548
45623,496
45624,489
45625,505
45626,474
45627,520
45628,513
45629,503
45630,495
45631,523
45632,498
45633,451
45634,456
45635,421
45636,476
45637,456
45638,430
45639,393
45640,387
45641,408
45642,398
45643,376
45644,394
45645,316
45646,289
45647,313
45648,292
45649,292
45650,313
45651,320
45652,359
45653,376
45654,356
45655,392
45656,420
45657,470
45658,458
45659,484
45660,458
45661,425
45662,499
45663,456
45664,436
45665,421
45666,446
45667,528
45668,453
45669,540
45670,479
45671,519
45672,534
45673,531
45674,520
45675,499
45676,568
45677,547
45678,544
45679,596
45680,586
45681,556
45682,523
45683,591
45684,604
45685,564
45686,518
45687,554
45688,562
45689,588
45690,601
45691,624
45692,607
45693,651
45694,589
45695,650
45696,701
45697,633
45698,678
45699,657
45700,586
45701,650
45702,587
45703,577
45704,576
45705,593
45706,618
45707,601
45708,665
45709,631
45710,676
45711,720
45712,736
45713,693
45714,660
45715,624
45716,599
45717,618
45718,656
45719,634
45720,654
45721,588
45722,636
45723,718
45724,594
45725,662
45726,675
45727,666
45728,769
45729,760
45730,647
45731,636
45732,721
45733,708
45734,635
45735,631
45736,703
45737,640
45738,752
45739,676
45740,717
45741,619
45742,660
45743,613
45744,708
45745,675
45746,708
45747,715
45748,667
45749,675
45750,649
45751,757
45752,694
45753,682
45754,660
45755,661
45756,651
45757,682
45758,714
45759,769
45760,747
45761,699
45762,792
45763,770
45764,719
45765,704
45766,701
45767,780
45768,725
45769,706
45770,704
45771,662
45772,702
45773,742
45774,740
45775,798
45776,798
45777,814
45778,897
45779,946
45780,906
45781,913
45782,936
45783,990
45784,910
45785,1014
45786,973
45787,1095
45788,957
45789,853
45790,873
45791,961
45792,957
45793,939
45794,1012
45795,1110
45796,1076
45797,1110
45798,1082
45799,1144
45800,985
45801,993
45802,984
45803,921
45804,1001
45805,973
45806,874
45807,832
45808,923
45809,896
45810,890
45811,862
45812,948
45813,990
45814,1038
45815,1048
45816,1029
45817,1003
45818,972
45819,1072
45820,995
45821,967
45822,926
45823,960
45824,1030
45825,1012
45826,936
45827,1032
45828,1060
45829,1072
45830,1035
45831,1020
45832,1135
45833,1105
45834,965
45835,1078
45836,1062
45837,1020
45838,984
45839,931
45840,976
45841,1020
45842,1028
45843,1016
45844,1006
45845,1001
45846,1052
45847,1100
45848,1020
45849,1013
45850,956
45851,934
45852,936
45853,952
45854,963
45855,961
45856,987
45857,951
45858,905
45859,947
45860,959
45861,1019
45862,1024
45863,960
45864,1016
45865,1018
45866,1015
45867,1032
45868,1014
45869,1127
45870,1050
45871,1117
45872,1166
45873,1110
45874,1159
45875,1121
45876,1137
45877,1135
45878,998
45879,998
45880,938
45881,1019
45882,998
45883,938
45884,971
45885,995
45886,894
45887,937
45888,945
45889,949
45890,963
45891,933
45892,892
45893,903
45894,946
45895,878
45896,886
45897,838
45898,886
45899,870
45900,909
45901,859
45902,869
45903,909
45904,962
45905,943
45906,910
45907,964
45908,1035
45909,997
45910,982
45911,934
45912,967
45913,967
45914,990
45915,1035
45916,1036
45917,1025
45918,1154
45919,1108
45920,1191
45921,1051
45922,1035
45923,1033
45924,1066
45925,1073
