NETCARE2015/data/raw/Flight1/CPC3776_POLAR6_20150405_r2_NETCARE.ict
35,1001
Abbatt,Jon
University of Toronto
Polar 6
NETCARE
1,1
2015,4,5,2017,8,16
1
time,seconds,seconds from start in UTC
1
1
-99999
conc,number of particles per cm3
0
20
PI_CONTACT_INFO: 80 St. George Street; Toronto; ON M5S 3H6 CANADA; email: jabbatt@chem.utoronto.ca
PLATFORM: Polar 6 aircraft
LOCATION: European Arctic near Svalbard
ASSOCIATED_DATA: none
INSTRUMENT_INFO: The Ultrafine Condensation Particle Counter 3776 is a continuous-flow instrument that detects particles down to 2.5 nm. It operates at an aerosol flow rate of 50 cm^3/min and detects concentrations from 0 to 300 000 particles/cm^3 with coincidence correction.
DATA_INFO: all relevant information is given above
UNCERTAINTY:  ±10% of measured value
ULOD_FLAG: -7777
ULOD_VALUE: N/As
LLOD_FLAG: -8888
LLOD_VALUE: N/A
DM_CONTACT_INFO: Data collected by Julia Burkart. Please direct all correspondence to Jon Abbatt: jabbatt@chem.utoronto.ca
PROJECT_INFO: Polar 6 NETCARE Spring 2015 campaign
STIPULATIONS_ON_USE: N/A
OTHER_COMMENTS: N/A
REVISION: R2, R1, R0
R2: zero and filter measurements are removed
R1: uncorrected raw data
R0: raw data
time,conc
[from data line 1395]
36399,769
36400,762
36401,739
36402,716
36403,731
36404,782
36405,750
36406,752
36407,762
36408,742
36409,706
36410,709
36411,761
36412,714
36413,724
36414,699
36415,741
36416,718
36417,707
36418,717
36419,782
36420,695
36421,777
36422,785
36423,726
36424,777
36425,739
36426,768
36427,825
36428,783
36429,753
36430,766
36431,716
36432,737
36433,715
36434,717
36435,743
36436,719
36437,770
36438,793
36439,770
36440,735
36441,792
36442,714
36443,775
36444,712
36445,716
36446,765
36447,712
36448,722
36449,777
36450,828
36451,771
36452,747
36453,697
36454,721
36455,762
36456,778
36457,763
36458,738
36459,748
36460,788
36461,789
36462,769
36463,695
36464,747
36465,800
36466,754
36467,736
36468,767
36469,750
36470,754
36471,716
36472,720
36473,742
36474,782
36475,748
36476,736
36477,735
36478,745
36479,761
36480,735
36481,684
36482,772
36483,727
36484,746
36485,721
36486,739
36487,745
36488,736
36489,683
36490,728
36491,742
36492,716
36493,722
36494,735
36495,729
36496,766
36497,700
36498,647
36499,633
36500,707
36501,650
36502,689
36503,711
36504,671
36505,670
36506,674
36507,696
36508,720
36509,699
36510,729
36511,734
36512,746
36513,754
36514,771
36515,772
36516,810
36517,733
36518,738
36519,735
36520,765
36521,716
36522,731
36523,672
36524,730
36525,752
36526,743
36527,773
36528,796
36529,794
36530,764
36531,793
36532,733
36533,816
36534,865
36535,794
36536,838
36537,835
36538,865
36539,759
36540,838
36541,808
36542,868
36543,839
36544,812
36545,836
36546,833
36547,811
36548,873
36549,850
36550,792
36551,867
36552,809
36553,773
36554,833
36555,807
36556,825
36557,811
36558,789
36559,909
36560,861
36561,796
36562,844
36563,806
36564,844
36565,771
36566,822
36567,766
36568,783
36569,740
36570,800
36571,745
36572,767
36573,803
36574,736
36575,767
36576,721
36577,732
36578,774
36579,643
36580,601
36581,678
36582,717
36583,696
36584,647
36585,689
36586,638
36587,615
36588,719
36589,704
36590,676
36591,753
36592,661
36593,737
36594,649
36595,672
36596,637
36597,688
36598,690
36599,709
36600,691
36601,657
36602,717
36603,683
36604,672
36605,738
36606,756
36607,709
36608,711
36609,747
36610,694
36611,703
36612,714
36613,763
36614,762
36615,729
36616,744
36617,726
36618,726
36619,731
36620,721
36621,764
36622,829
36623,798
36624,856
36625,805
36626,731
36627,794
36628,818
36629,804
36630,789
36631,757
36632,750
36633,723
36634,712
36635,690
36636,661
36637,689
36638,676
36639,734
36640,803
36641,744
36642,711
36643,743
36644,650
36645,792
36646,736
36647,717
36648,730
36649,684
36650,689
36651,677
36652,690
36653,721
36654,648
36655,712
36656,689
36657,623
36658,638
36659,768
36660,703
36661,683
36662,656
36663,736
36664,705
36665,736
36666,762
36667,762
36668,781
36669,730
36670,765
36671,750
36672,741
36673,718
36674,725
36675,720
36676,677
36677,762
36678,736
36679,713
36680,683
36681,758
36682,760
36683,700
36684,728
36685,775
36686,786
36687,774
36688,795
36689,774
36690,694
36691,762
36692,730
36693,792
36694,818
36695,780
36696,784
36697,839
36698,833
36699,876
36700,852
36701,852
36702,786
36703,846
36704,838
36705,813
36706,856
36707,816
36708,808
36709,836
36710,838
36711,912
36712,891
36713,869
36714,802
36715,847
36716,807
36717,865
36718,880
36719,890
36720,811
36721,850
36722,884
36723,946
36724,825
36725,778
36726,840
36727,824
36728,808
36729,813
36730,821
36731,799
36732,831
36733,763
36734,874
36735,856
36736,856
36737,907
36738,860
36739,870
36740,780
36741,779
36742,858
36743,843
36744,846
36745,744
36746,823
36747,744
36748,780
36749,794
36750,901
36751,855
36752,845
36753,831
36754,843
36755,794
36756,790
36757,797
36758,761
36759,765
36760,823
36761,834
36762,827
36763,812
36764,791
36765,784
36766,872
36767,795
36768,862
36769,824
36770,839
36771,860
36772,835
36773,857
36774,814
36775,805
36776,817
36777,836
36778,829
36779,866
36780,900
36781,913
36782,859
36783,842
36784,819
36785,804
36786,833
36787,825
36788,787
36789,784
36790,802
36791,812
36792,765
36793,749
36794,806
36795,749
36796,749
36797,773
36798,754
36799,688
36800,723
36801,783
36802,773
36803,721
36804,736
36805,757
36806,708
36807,727
36808,777
36809,763
36810,762
36811,745
36812,724
36813,791
36814,764
36815,771
36816,772
36817,696
36818,742
36819,723
36820,693
36821,675
36822,776
36823,689
36824,698
36825,737
36826,793
36827,717
36828,730
36829,697
36830,711
36831,731
36832,747
36833,724
36834,718
36835,734
36836,655
36837,716
36838,694
36839,681
36840,725
36841,720
36842,659
36843,720
36844,666
36845,713
36846,669
36847,654
36848,690
36849,716
36850,757
36851,683
36852,658
36853,698
36854,679
36855,635
36856,680
36857,619
36858,669
36859,692
36860,696
36861,710
36862,726
36863,716
36864,735
36865,733
36866,711
36867,685
36868,685
36869,623
36870,712
36871,644
36872,716
36873,649
36874,683
36875,683
36876,710
36877,656
36878,687
36879,700
36880,644
36881,647
36882,660
36883,663
36884,693
36885,685
36886,718
36887,732
36888,637
36889,721
36890,683
36891,641
36892,679
36893,712
36894,658
36895,679
36896,659
36897,673
36898,729
36899,716
36900,739
36901,712
36902,721
36903,744
36904,743
36905,770
36906,748
36907,777
36908,686
36909,728
36910,723
36911,756
36912,722
36913,676
36914,719
36915,796
36916,734
36917,713
36918,755
36919,686
36920,744
36921,723
36922,729
36923,755
36924,715
36925,747
36926,722
36927,767
36928,746
36929,675
36930,653
36931,653
36932,726
36933,696
36934,677
36935,736
36936,697
36937,668
36938,717
36939,723
36940,731
36941,682
36942,710
36943,725
36944,753
36945,743
36946,728
36947,771
36948,741
36949,713
36950,708
36951,769
36952,761
36953,692
36954,751
36955,705
36956,732
36957,745
36958,681
36959,776
36960,731
36961,791
36962,769
36963,724
36964,784
36965,745
36966,763
36967,734
36968,763
36969,689
36970,745
36971,751
36972,713
36973,708
36974,771
36975,687
36976,664
36977,686
36978,721
36979,718
36980,726
36981,746
36982,795
36983,752
36984,779
36985,739
36986,736
36987,774
36988,736
36989,738
36990,716
36991,731
36992,748
36993,718
36994,719
36995,694
36996,713
36997,642
36998,697
36999,768
37000,741
37001,710
37002,708
37003,739
37004,795
37005,745
37006,754
37007,707
37008,761
37009,777
37010,754
37011,791
37012,725
37013,739
37014,776
37015,815
37016,782
37017,720
37018,810
37019,781
37020,728
37021,785
37022,743
37023,694
37024,817
37025,770
37026,791
37027,790
37028,797
37029,795
37030,825
37031,807
37032,752
37033,806
37034,845
37035,735
37036,776
37037,776
37038,807
37039,755
37040,832
37041,854
37042,823
37043,783
37044,799
37045,843
37046,791
37047,789
37048,866
37049,887
37050,807
37051,815
37052,824
37053,776
37054,843
37055,832
37056,888
37057,826
37058,838
37059,833
37060,866
37061,787
37062,832
37063,891
37064,821
37065,903
37066,758
37067,811
37068,756
37069,821
37070,818
37071,847
37072,862
37073,859
37074,862
37075,825
37076,831
37077,881
37078,827
37079,861
37080,841
37081,830
37082,853
37083,839
37084,881
37085,827
37086,854
37087,803
37088,812
37089,828
37090,792
37091,780
37092,853
37093,770
37094,798
37095,787
37096,735
37097,780
37098,767
37099,813
37100,842
37101,802
37102,875
37103,797
37104,804
37105,783
37106,803
37107,817
37108,845
37109,698
37110,761
37111,786
37112,787
37113,800
37114,756
37115,786
37116,769
37117,749
37118,773
37119,729
37120,740
37121,782
37122,828
37123,762
37124,780
37125,787
37126,674
37127,811
37128,730
37129,806
37130,696
37131,807
37132,811
37133,763
37134,780
37135,800
37136,765
37137,793
37138,805
37139,720
37140,771
37141,745
37142,688
37143,684
37144,722
37145,745
37146,763
37147,788
37148,788
37149,772
37150,817
37151,771
37152,762
37153,739
37154,828
37155,721
37156,700
37157,670
37158,639
37159,704
37160,735
37161,677
37162,686
37163,834
37164,662
37165,780
37166,756
37167,806
37168,833
37169,731
37170,775
37171,733
37172,750
37173,871
37174,839
37175,808
37176,836
37177,834
37178,802
37179,803
37180,822
37181,787
37182,708
37183,765
37184,793
37185,846
37186,823
37187,808
37188,817
37189,747
37190,817
37191,806
37192,777
37193,754
37194,886
37195,821
37196,827
37197,824
37198,803
37199,806
37200,847
37201,798
37202,786
37203,821
37204,777
37205,797
37206,763
37207,796
37208,762
37209,843
37210,812
37211,744
37212,812
37213,785
37214,851
37215,769
37216,777
37217,898
37218,777
37219,785
37220,782
37221,743
37222,754
37223,749
37224,717
37225,764
37226,680
37227,763
37228,751
37229,761
37230,753
37231,746
37232,740
37233,766
37234,743
37235,785
37236,775
37237,755
37238,784
37239,853
37240,797
37241,782
37242,752
37243,781
37244,824
37245,844
37246,801
37247,757
37248,804
37249,821
37250,843
37251,846
37252,821
37253,812
37254,799
37255,800
37256,797
37257,793
37258,736
37259,825
37260,800
37261,800
37262,749
37263,792
37264,768
37265,817
37266,767
37267,846
37268,773
37269,811
37270,792
37271,766
37272,780
37273,740
37274,761
37275,798
37276,808
37277,776
37278,822
37279,763
37280,790
37281,736
37282,822
37283,783
37284,747
37285,754
37286,761
37287,764
37288,736
37289,804
37290,761
37291,752
37292,773
37293,715
37294,718
37295,756
37296,777
37297,715
37298,739
37299,702
37300,764
37301,752
37302,766
37303,756
37304,736
37305,719
37306,761
37307,741
37308,722
37309,773
37310,729
37311,779
37312,740
37313,745
37314,778
37315,664
37316,787
37317,751
37318,738
37319,766
37320,754
37321,713
37322,816
37323,768
37324,740
37325,759
37326,750
37327,804
37328,784
37329,836
37330,837
37331,813
37332,774
37333,760
37334,807
37335,803
37336,729
37337,738
37338,777
37339,811
37340,825
37341,863
37342,734
37343,828
37344,813
37345,840
37346,853
37347,808
37348,809
37349,814
37350,837
37351,826
37352,792
37353,795
37354,828
37355,787
37356,811
37357,797
37358,771
37359,857
37360,830
37361,794
37362,796
37363,822
37364,732
37365,764
37366,750
37367,775
37368,726
37369,772
37370,790
37371,786
37372,781
37373,762
37374,796
37375,798
37376,767
37377,803
37378,746
37379,761
37380,797
37381,826
37382,751
37383,709
37384,720
37385,766
37386,809
37387,739
37388,794
37389,766
37390,815
37391,764
37392,855
37393,805
37394,805
37395,804
37396,816
37397,793
37398,781
37399,737
37400,802
37401,811
37402,824
37403,799
37404,784
37405,836
37406,819
37407,852
37408,759
37409,804
37410,867
37411,782
37412,839
37413,872
37414,789
37415,798
37416,804
37417,777
37418,838
37419,830
37420,774
37421,819
37422,794
37423,745
37424,761
37425,807
37426,789
37427,814
37428,744
37429,811
37430,860
37431,757
37432,743
37433,806
37434,749
37435,781
37436,766
37437,798
37438,789
37439,744
37440,713
37441,774
37442,774
37443,776
37444,767
37445,794
37446,769
37447,773
37448,802
37449,793
37450,811
37451,800
37452,735
37453,744
37454,833
37455,773
37456,817
37457,739
37458,795
37459,752
37460,738
37461,743
37462,769
37463,763
37464,795
37465,771
37466,680
37467,735
37468,761
37469,720
37470,703
37471,727
37472,689
37473,690
37474,742
37475,692
37476,740
37477,781
37478,739
37479,746
37480,737
37481,714
37482,668
37483,747
37484,753
37485,687
37486,718
37487,735
37488,704
37489,723
37490,701
37491,786
37492,778
37493,759
37494,703
37495,756
37496,675
37497,684
37498,729
37499,755
37500,789
37501,759
37502,703
37503,731
37504,756
37505,715
37506,779
37507,756
37508,733
37509,708
37510,727
37511,785
37512,729
37513,747
37514,715
37515,759
37516,749
37517,788
37518,758
37519,763
37520,715
37521,710
37522,769
37523,797
37524,749
37525,811
37526,755
37527,799
37528,810
37529,776
37530,811
37531,800
37532,788
37533,767
37534,759
37535,805
37536,752
37537,872
37538,834
37539,809
37540,819
37541,798
37542,790
37543,854
37544,904
37545,813
37546,851
37547,845
37548,843
37549,800
37550,783
37551,856
37552,768
37553,828
37554,786
37555,895
37556,804
37557,847
37558,839
37559,891
37560,844
37561,934
37562,879
37563,848
37564,676
37565,690
37566,876
37567,1206
37568,1198
37569,1006
37570,1013
37571,912
37572,885
37573,865
37574,836
37575,812
37576,838
37577,867
37578,1216
37579,928
37580,820
37581,837
37582,833
37583,756
37584,843
37585,838
37586,855
37587,863
37588,887
37589,874
37590,854
37591,869
37592,931
37593,832
37594,886
37595,877
37596,898
37597,888
37598,821
37599,807
37600,1382
37601,864
37602,863
37603,842
37604,858
37605,851
37606,923
37607,916
37608,925
37609,873
37610,837
37611,877
37612,770
37613,835
37614,812
37615,751
37616,820
37617,871
37618,835
37619,893
37620,827
37621,829
37622,866
37623,816
37624,793
37625,791
37626,830
37627,791
37628,777
37629,840
37630,812
37631,822
37632,901
37633,780
37634,778
37635,876
37636,810
37637,863
37638,841
37639,838
37640,764
37641,832
37642,834
37643,734
37644,868
37645,837
37646,864
37647,769
37648,861
37649,873
37650,800
37651,822
37652,856
37653,886
37654,866
37655,796
37656,812
37657,858
37658,777
37659,786
37660,839
37661,869
37662,874
37663,904
37664,843
37665,893
37666,855
37667,845
37668,848
37669,808
37670,845
37671,925
37672,838
37673,836
37674,848
37675,864
37676,812
37677,831
37678,810
37679,903
37680,880
37681,809
37682,924
37683,855
37684,793
37685,844
37686,845
37687,808
37688,818
37689,837
37690,804
37691,822
37692,850
37693,793
37694,827
37695,849
37696,802
37697,774
37698,798
37699,804
37700,836
37701,792
37702,836
37703,819
37704,805
37705,765
37706,805
37707,835
37708,754
37709,764
37710,812
37711,810
37712,792
37713,811
37714,776
37715,816
37716,807
37717,799
37718,825
37719,828
37720,856
37721,802
37722,777
37723,860
37724,824
37725,896
37726,909
37727,857
37728,899
37729,941
37730,844
37731,888
37732,833
37733,836
37734,825
37735,882
37736,774
37737,799
37738,806
37739,775
37740,813
37741,810
37742,783
37743,740
37744,747
37745,835
37746,770
37747,822
37748,830
37749,865
37750,807
37751,821
37752,839
37753,802
37754,811
37755,816
37756,806
37757,902
37758,893
37759,851
37760,794
37761,815
37762,832
37763,801
37764,768
37765,767
37766,767
37767,813
37768,809
37769,834
37770,833
37771,838
37772,841
37773,800
37774,866
37775,859
37776,853
37777,873
37778,835
37779,904
37780,877
37781,934
37782,900
37783,831
37784,949
37785,919
37786,842
37787,858
37788,855
37789,890
37790,827
37791,887
37792,866
37793,902
37794,932
37795,837
37796,965
37797,855
37798,895
37799,972
37800,870
37801,915
37802,958
37803,878
37804,927
37805,967
37806,887
37807,927
37808,893
37809,902
37810,901
37811,898
37812,993
37813,906
37814,934
37815,947
37816,925
37817,929
37818,943
37819,907
37820,964
37821,910
37822,923
37823,1011
37824,997
37825,998
37826,1026
37827,936
37828,1044
37829,1008
37830,965
37831,997
37832,1033
37833,1021
37834,973
37835,989
37836,1068
37837,999
37838,965
37839,1100
37840,1005
37841,1138
37842,1034
37843,1069
37844,1169
37845,1120
37846,1077
37847,1090
37848,1107
37849,1077
37850,1100
37851,1016
37852,1179
37853,1148
37854,1127
37855,1106
37856,1095
37857,1015
37858,1142
37859,1117
37860,1006
37861,1056
37862,1130
37863,1122
37864,1105
37865,1036
37866,1107
37867,990
37868,1090
37869,1117
37870,1035
37871,1059
37872,1084
37873,1008
37874,1119
37875,1056
37876,1005
37877,1026
37878,1110
37879,1151
37880,1125
37881,1106
37882,1067
37883,1056
37884,1065
37885,1016
37886,1007
37887,969
37888,1008
37889,993
37890,944
37891,935
37892,1040
37893,977
37894,1017
37895,905
37896,1023
37897,969
37898,927
37899,949
37900,1006
37901,858
37902,921
37903,897
37904,955
37905,951
37906,922
37907,937
37908,903
37909,1016
37910,969
37911,977
37912,936
37913,1023
37914,996
37915,966
37916,930
37917,948
37918,948
37919,971
37920,981
37921,916
37922,948
37923,995
37924,1019
37925,1011
37926,995
37927,977
37928,998
37929,993
37930,982
37931,993
37932,909
37933,980
37934,949
37935,970
37936,1033
37937,961
37938,919
37939,917
37940,916
37941,944
37942,890
37943,895
37944,928
37945,905
37946,828
37947,834
37948,933
37949,916
37950,798
37951,853
37952,836
37953,884
37954,871
37955,888
37956,865
37957,917
37958,877
37959,885
37960,938
37961,808
37962,916
37963,864
37964,882
37965,842
37966,879
37967,876
37968,836
37969,799
37970,861
37971,917
37972,842
37973,838
37974,842
37975,869
37976,815
37977,821
37978,861
37979,901
37980,894
37981,795
37982,849
37983,849
37984,873
37985,891
37986,912
37987,897
37988,899
37989,953
37990,911
