NETCARE2015/data/raw/Flight1/CPC3772_POLAR6_20150405_r2_NETCARE.ict
35,1001
Abbatt,Jon
University of Toronto
Polar 6
NETCARE
1,1
2015,4,5,2017,8,16
1
time,seconds,seconds from start in UTC
1
1
-99999
conc,number of particles per cm3
0
20
PI_CONTACT_INFO: 80 St. George Street; Toronto; ON M5S 3H6 CANADA; email: jabbatt@chem.utoronto.ca
PLATFORM: Polar 6 aircraft
LOCATION: European Arctic near Svalbard
ASSOCIATED_DATA: none
INSTRUMENT_INFO: Condensation Particle Counter Model 3772 is an instrument that detects airborne particles down to 10 nm at an aerosol flow rate of 1.0 L/min; over a concentration range from 0 to 10^4 particles/cm^3 
DATA_INFO: all relevant information is given above
UNCERTAINTY:  ±10% of measured value
ULOD_FLAG: -7777
ULOD_VALUE: N/As
LLOD_FLAG: -8888
LLOD_VALUE: N/A
DM_CONTACT_INFO: Data collected by Julia Burkart. Please direct all correspondence to Jon Abbatt: jabbatt@chem.utoronto.ca
PROJECT_INFO: Polar 6 NETCARE Spring 2015 campaign
STIPULATIONS_ON_USE: N/A
OTHER_COMMENTS: N/A
REVISION: R2, R1, R0
R2: zero and filter measurements are removed
R1: uncorrected raw data
R0: raw data
time,conc
[from data line 4712]
39716,544
39717,642
39718,552
39719,742
39720,556
39721,360
39722,409
39723,329
39724,469
39725,856
39726,597
39727,728
39728,650
39729,838
39730,841
39731,808
39732,471
39733,631
39734,614
39735,535
39736,747
39737,504
39738,731
39739,890
39740,513
39741,676
39742,482
39743,490
39744,447
39745,580
39746,894
39747,631
39748,434
39749,717
39750,627
39751,520
39752,650
39753,589
39754,529
39755,465
39756,368
39757,677
39758,551
39759,485
39760,600
39761,427
39762,498
39763,697
39764,489
39765,767
39766,321
39767,772
39768,642
39769,561
39770,346
39771,452
39772,559
39773,487
39774,507
39775,471
39776,407
39777,525
39778,622
39779,387
39780,427
39781,420
39782,546
39783,297
39784,264
39785,446
39786,643
39787,360
39788,268
39789,278
39790,287
39791,303
39792,349
39793,505
39794,325
39795,448
39796,380
39797,406
39798,218
39799,380
39800,547
39801,287
39802,200
39803,392
39804,361
39805,317
39806,287
39807,236
39808,249
39809,219
39810,266
39811,202
39812,409
39813,403
39814,476
39815,277
39816,242
39817,338
39818,345
39819,315
39820,217
39821,257
39822,327
39823,211
39824,269
39825,266
39826,224
39827,278
39828,192
39829,266
39830,297
39831,304
39832,264
39833,214
39834,183
39835,249
39836,265
39837,365
39838,210
39839,228
39840,360
39841,248
39842,269
39843,377
39844,368
39845,225
39846,391
39847,322
39848,262
39849,448
39850,296
39851,268
39852,301
39853,333
39854,398
39855,328
39856,370
39857,274
39858,255
39859,368
39860,564
39861,599
39862,391
39863,664
39864,359
39865,218
39866,390
39867,429
39868,370
39869,428
39870,443
39871,463
39872,439
39873,383
39874,351
39875,635
39876,271
39877,355
39878,352
39879,287
39880,321
39881,248
39882,175
39883,401
39884,199
39885,232
39886,169
39887,145
39888,161
39889,267
39890,255
39891,124
39892,197
39893,208
39894,290
39895,293
39896,273
39897,282
39898,235
39899,159
39900,148
39901,150
39902,118
39903,162
39904,138
39905,204
39906,253
39907,169
39908,171
39909,196
39910,168
39911,163
39912,173
39913,174
39914,145
39915,197
39916,145
39917,137
39918,214
39919,164
39920,189
39921,255
39922,214
39923,217
39924,225
39925,236
39926,248
39927,256
39928,259
39929,275
39930,275
39931,286
39932,277
39933,280
39934,279
39935,285
39936,278
39937,280
39938,278
39939,277
39940,277
39941,278
39942,279
39943,283
39944,274
39945,277
39946,279
39947,282
39948,282
39949,269
39950,272
39951,281
39952,274
39953,277
39954,268
39955,267
39956,274
39957,276
39958,284
39959,271
39960,274
39961,272
39962,277
39963,278
39964,273
39965,273
39966,279
39967,281
39968,278
39969,273
39970,281
39971,279
39972,277
39973,282
39974,283
39975,280
39976,282
39977,285
39978,280
39979,283
39980,279
39981,282
39982,285
39983,283
39984,282
39985,277
39986,278
39987,278
39988,278
39989,287
39990,281
39991,280
39992,284
39993,276
39994,277
39995,260
39996,276
39997,265
39998,271
39999,265
40000,272
40001,265
40002,277
40003,268
40004,270
40005,274
40006,273
40007,271
40008,264
40009,268
40010,281
40011,267
40012,266
40013,264
40014,269
40015,263
40016,270
40017,271
40018,269
40019,262
40020,267
40021,266
40022,270
40023,262
40024,262
40025,268
40026,269
40027,255
40028,252
40029,242
40030,247
40031,236
40032,243
40033,242
40034,244
40035,237
40036,241
40037,253
40038,246
40039,236
40040,258
40041,257
40042,247
40043,249
40044,250
40045,259
40046,254
40047,263
40048,265
40049,271
40050,281
40051,284
40052,285
40053,290
40054,301
40055,298
40056,323
40057,339
40058,343
40059,342
40060,343
40061,350
40062,347
40063,345
40064,339
40065,319
40066,324
40067,323
40068,304
40069,291
40070,296
40071,285
40072,281
40073,288
40074,289
40075,288
40076,285
40077,295
40078,287
40079,292
40080,302
40081,282
40082,271
40083,268
40084,277
40085,275
40086,268
40087,266
40088,268
40089,280
40090,287
40091,291
40092,292
40093,299
40094,287
40095,286
40096,292
40097,293
40098,291
40099,293
40100,295
40101,296
40102,288
40103,289
40104,291
40105,294
40106,284
40107,287
40108,295
40109,287
40110,295
40111,282
40112,291
40113,289
40114,290
40115,281
40116,284
40117,273
40118,270
40119,268
40120,272
40121,260
40122,267
40123,266
40124,265
40125,252
40126,259
40127,257
40128,257
40129,257
40130,261
40131,267
40132,273
40133,267
40134,264
40135,276
40136,268
40137,274
40138,266
40139,268
40140,275
40141,259
40142,269
40143,274
40144,275
40145,275
40146,272
40147,279
40148,289
40149,283
40150,296
40151,299
40152,310
40153,303
40154,319
40155,301
40156,287
40157,290
40158,292
40159,322
40160,330
40161,312
40162,312
40163,305
40164,308
40165,304
40166,295
40167,298
40168,301
40169,296
40170,298
40171,294
40172,279
40173,282
40174,278
40175,268
40176,266
40177,257
40178,264
40179,262
40180,268
40181,269
40182,271
40183,279
40184,282
40185,275
40186,290
40187,289
40188,289
40189,291
40190,293
40191,298
40192,289
40193,290
40194,290
40195,292
40196,285
40197,289
40198,297
40199,292
40200,300
40201,302
40202,297
40203,293
40204,299
40205,293
40206,289
40207,281
40208,280
40209,281
40210,291
40211,293
40212,294
40213,294
40214,297
40215,293
40216,303
40217,305
40218,309
40219,298
40220,296
40221,297
40222,299
40223,297
40224,305
40225,297
40226,297
40227,294
40228,293
40229,295
40230,294
40231,287
40232,295
40233,295
40234,292
40235,287
40236,285
40237,289
40238,293
40239,282
40240,289
40241,289
40242,288
40243,282
40244,293
40245,292
40246,283
40247,289
40248,285
40249,284
40250,287
40251,291
40252,286
40253,281
40254,287
40255,288
40256,287
40257,287
40258,300
40259,286
40260,283
40261,293
40262,297
40263,299
40264,311
40265,303
40266,304
40267,300
40268,295
40269,293
40270,306
40271,301
40272,299
40273,301
40274,297
40275,301
40276,308
40277,301
40278,311
40279,300
40280,306
40281,310
40282,307
40283,300
40284,297
40285,300
40286,295
40287,297
40288,305
40289,305
40290,306
40291,300
40292,297
40293,307
40294,298
40295,306
40296,300
40297,301
40298,297
40299,297
40300,306
40301,296
40302,301
40303,298
40304,305
40305,296
40306,301
40307,299
40308,296
40309,301
40310,303
40311,301
40312,303
40313,300
40314,300
40315,290
40316,301
40317,299
40318,303
40319,292
40320,297
40321,295
40322,302
40323,301
40324,301
40325,293
40326,296
40327,294
40328,294
40329,296
40330,297
40331,289
40332,288
40333,301
40334,291
40335,300
40336,300
40337,303
40338,300
40339,298
40340,301
40341,301
40342,295
40343,298
40344,304
40345,301
40346,294
40347,301
40348,300
40349,307
40350,300
40351,300
40352,301
40353,305
40354,299
40355,303
40356,303
40357,301
40358,300
40359,307
40360,297
40361,299
40362,300
40363,295
40364,292
40365,295
40366,300
40367,294
40368,302
40369,295
40370,298
40371,296
40372,302
40373,302
40374,305
40375,311
40376,303
40377,299
40378,300
40379,296
40380,296
40381,300
40382,296
40383,295
40384,303
40385,296
40386,294
40387,282
40388,295
40389,297
40390,304
40391,299
40392,298
40393,297
40394,291
40395,297
40396,294
40397,298
40398,299
40399,290
40400,295
40401,297
40402,290
40403,301
40404,298
40405,300
40406,303
40407,295
40408,301
40409,288
40410,299
40411,296
40412,294
40413,290
40414,297
40415,290
40416,302
40417,289
40418,289
40419,294
40420,286
40421,293
40422,288
40423,299
40424,289
40425,300
40426,286
40427,291
40428,291
40429,283
40430,297
40431,296
40432,286
40433,297
40434,295
40435,290
40436,297
40437,286
40438,298
40439,294
40440,292
40441,283
40442,282
40443,290
40444,294
40445,281
40446,279
40447,280
40448,290
40449,288
40450,287
40451,280
40452,287
40453,298
40454,286
40455,294
40456,285
40457,288
40458,290
40459,295
40460,290
40461,287
40462,287
40463,290
40464,283
40465,284
40466,280
40467,284
40468,287
40469,284
40470,282
40471,284
40472,293
40473,288
40474,299
40475,285
40476,293
40477,297
40478,288
40479,287
40480,290
40481,293
40482,286
40483,288
40484,290
40485,282
40486,290
40487,289
40488,276
40489,281
40490,286
40491,285
40492,285
40493,284
40494,287
40495,283
40496,282
40497,284
40498,281
40499,276
40500,277
40501,287
40502,280
40503,284
40504,275
40505,285
40506,284
40507,284
40508,291
40509,296
40510,287
40511,283
40512,281
40513,285
40514,277
40515,282
40516,276
40517,275
40518,276
40519,291
40520,283
40521,284
40522,279
40523,286
40524,283
40525,280
40526,287
40527,292
40528,289
40529,280
40530,291
40531,285
40532,288
40533,286
40534,290
40535,279
40536,285
40537,277
40538,270
40539,274
40540,281
40541,276
40542,272
40543,275
40544,275
40545,274
40546,269
40547,268
40548,279
40549,271
40550,269
40551,266
40552,275
40553,258
40554,265
40555,269
40556,258
40557,268
40558,269
40559,262
40560,263
40561,259
40562,252
40563,251
40564,253
40565,246
40566,247
40567,242
40568,238
40569,220
40570,211
40571,216
40572,205
40573,205
40574,197
40575,194
40576,198
40577,186
40578,180
40579,169
40580,174
40581,172
40582,164
40583,168
40584,165
40585,159
40586,162
40587,158
40588,162
40589,164
40590,165
40591,159
40592,157
40593,160
40594,161
40595,160
40596,160
40597,162
40598,160
40599,155
40600,159
40601,158
40602,149
40603,150
40604,153
40605,152
40606,154
40607,143
40608,147
40609,145
40610,148
40611,150
40612,145
40613,155
40614,147
40615,157
40616,159
40617,159
40618,156
40619,159
40620,155
40621,163
40622,162
40623,160
40624,177
40625,187
40626,188
40627,193
40628,193
40629,201
40630,194
40631,197
40632,198
40633,195
40634,190
40635,198
40636,198
40637,203
40638,203
40639,202
40640,203
40641,203
40642,199
40643,197
40644,189
40645,193
40646,185
40647,190
40648,186
40649,190
40650,189
40651,186
40652,185
40653,183
40654,174
40655,172
40656,178
40657,169
40658,166
40659,159
40660,158
40661,156
40662,152
40663,153
40664,150
40665,144
40666,142
40667,145
40668,138
40669,140
40670,133
40671,135
40672,134
40673,128
40674,131
40675,129
40676,123
40677,118
40678,114
40679,111
40680,115
40681,106
40682,108
40683,106
40684,105
40685,98
40686,103
40687,91
40688,94
40689,93
40690,91
40691,94
40692,92
40693,91
40694,92
40695,91
40696,93
40697,93
40698,95
40699,92
40700,97
40701,89
40702,95
40703,94
40704,97
40705,93
40706,92
40707,93
40708,91
40709,92
40710,94
40711,92
40712,94
40713,97
40714,101
40715,104
40716,105
40717,102
40718,102
40719,99
40720,106
40721,110
40722,113
40723,118
40724,127
40725,126
40726,126
40727,127
40728,120
40729,126
40730,118
40731,120
40732,115
40733,112
40734,117
40735,121
40736,125
40737,121
40738,121
40739,123
40740,127
40741,124
40742,119
40743,124
40744,118
40745,114
40746,114
40747,103
40748,94
40749,93
40750,93
40751,88
40752,91
40753,95
40754,92
40755,92
40756,92
40757,89
40758,99
40759,93
40760,97
40761,94
40762,97
40763,94
40764,88
40765,92
40766,95
40767,99
40768,99
40769,100
40770,94
40771,98
40772,99
40773,107
40774,112
40775,106
40776,102
40777,96
40778,98
40779,101
40780,104
40781,114
40782,127
40783,132
40784,120
40785,105
40786,110
40787,112
40788,120
40789,111
40790,116
40791,115
40792,110
40793,115
40794,124
40795,128
40796,127
40797,115
40798,115
40799,107
40800,107
40801,114
40802,110
40803,103
40804,101
40805,95
40806,102
40807,103
40808,97
40809,99
40810,95
40811,89
40812,95
40813,94
40814,96
40815,94
40816,88
40817,90
40818,89
40819,96
40820,89
40821,98
40822,105
40823,95
40824,103
40825,113
40826,116
40827,118
40828,124
40829,135
40830,140
40831,145
40832,137
40833,138
40834,136
40835,138
40836,138
40837,127
40838,115
40839,111
40840,119
40841,113
40842,107
40843,94
40844,76
40845,77
40846,76
40847,75
40848,81
40849,81
40850,86
40851,84
40852,83
40853,84
40854,83
40855,77
40856,87
40857,81
40858,82
40859,87
40860,90
40861,81
40862,85
40863,80
40864,78
40865,84
40866,85
40867,85
40868,82
40869,81
40870,87
40871,86
40872,81
40873,82
40874,83
40875,78
40876,81
40877,86
40878,80
40879,79
40880,85
40881,89
40882,82
40883,82
40884,84
40885,82
40886,78
40887,82
40888,79
40889,77
40890,79
40891,82
40892,82
40893,82
40894,81
40895,89
40896,81
40897,95
40898,112
40899,126
40900,125
40901,123
40902,135
40903,180
40904,220
40905,230
40906,232
40907,228
40908,226
40909,231
40910,231
40911,123
40912,134
40913,213
40914,220
40915,209
40916,203
40917,182
40918,184
40919,184
40920,184
40921,182
40922,182
40923,180
40924,189
40925,186
40926,203
40927,251
40928,260
40929,203
40930,233
40931,214
40932,172
40933,273
40934,252
40935,445
40936,308
40937,312
40938,295
40939,273
40940,272
40941,401
40942,263
40943,307
40944,278
40945,254
40946,307
40947,226
40948,240
40949,241
40950,450
40951,241
40952,204
40953,194
40954,343
40955,385
40956,507
40957,275
40958,353
40959,212
40960,209
40961,253
40962,324
40963,373
40964,402
40965,491
40966,297
40967,423
40968,369
40969,413
40970,497
40971,540
40972,511
40973,353
40974,363
40975,315
40976,416
40977,534
40978,412
40979,386
40980,488
40981,585
40982,485
40983,641
40984,509
40985,731
40986,1038
40987,653
40988,686
40989,608
40990,674
40991,792
40992,652
40993,661
40994,613
40995,761
40996,900
40997,686
40998,664
40999,959
41000,890
41001,713
41002,890
41003,835
41004,657
41005,688
41006,760
41007,922
41008,659
41009,742
41010,856
41011,689
41012,753
41013,683
41014,583
41015,872
41016,567
41017,675
41018,745
41019,777
41020,1045
41021,724
41022,602
41023,642
41024,600
41025,645
41026,635
41027,640
41028,695
41029,990
41030,806
41031,624
41032,770
41033,723
41034,658
41035,707
41036,699
41037,634
41038,567
41039,802
41040,539
41041,564
41042,747
41043,651
41044,573
41045,612
41046,672
41047,701
41048,657
41049,669
41050,654
41051,529
41052,769
41053,721
41054,591
41055,690
41056,675
41057,666
41058,687
41059,680
41060,902
41061,771
41062,650
41063,701
41064,614
41065,674
41066,761
41067,610
41068,780
41069,655
41070,701
41071,715
41072,779
41073,730
41074,572
41075,594
41076,625
41077,635
41078,735
41079,1003
41080,729
41081,775
41082,765
41083,810
41084,771
41085,829
41086,693
41087,602
41088,648
41089,733
41090,580
41091,771
41092,841
41093,749
41094,1019
41095,859
41096,702
41097,613
41098,666
41099,1053
41100,665
41101,712
41102,940
41103,686
41104,740
41105,701
41106,804
41107,789
41108,721
41109,748
41110,627
41111,652
41112,632
41113,603
41114,755
41115,588
41116,700
41117,634
41118,651
41119,677
41120,850
41121,797
41122,1200
41123,707
41124,636
41125,608
41126,806
41127,826
41128,752
41129,720
41130,1128
41131,854
41132,618
41133,832
41134,631
41135,914
41136,908
41137,767
41138,655
41139,1139
41140,937
41141,574
41142,712
41143,858
41144,733
41145,970
41146,851
41147,764
41148,670
41149,622
41150,694
41151,596
41152,1164
41153,746
41154,635
41155,607
41156,503
41157,1044
41158,633
41159,648
41160,565
41161,856
41162,982
41163,941
41164,717
41165,847
41166,674
41167,865
41168,749
41169,601
41170,666
41171,711
41172,958
41173,697
41174,802
41175,591
41176,535
41177,778
41178,752
41179,780
41180,617
41181,746
41182,782
41183,719
41184,573
41185,721
41186,826
41187,679
41188,828
41189,749
41190,744
41191,567
41192,873
41193,636
41194,656
41195,733
41196,623
41197,974
41198,799
41199,775
41200,417
41201,674
41202,1019
41203,897
41204,537
41205,609
41206,764
41207,790
41208,861
41209,657
41210,623
41211,401
41212,747
41213,721
41214,693
41215,889
41216,370
41217,610
41218,482
41219,423
41220,704
41221,585
41222,445
41223,581
41224,502
41225,734
41226,615
41227,591
41228,533
41229,592
41230,607
41231,587
41232,548
41233,522
41234,387
41235,521
41236,708
41237,503
41238,630
41239,450
41240,1197
41241,1182
41242,910
41243,688
41244,681
41245,610
41246,837
41247,568
41248,568
41249,841
41250,433
41251,667
41252,667
41253,988
41254,847
41255,664
41256,760
41257,442
41258,421
41259,592
41260,460
41261,808
41262,608
41263,428
41264,537
41265,485
41266,646
41267,436
41268,516
41269,1078
41270,1065
41271,528
41272,470
41273,992
41274,620
41275,673
41276,722
41277,716
41278,556
41279,727
41280,737
41281,665
41282,749
41283,823
41284,484
41285,731
41286,969
41287,771
41288,691
41289,754
41290,1132
41291,1068
41292,656
41293,811
41294,1186
41295,729
41296,692
41297,411
41298,553
41299,811
41300,849
41301,860
41302,672
41303,914
41304,1078
41305,987
41306,827
41307,974
41308,690
41309,515
41310,734
41311,523
41312,1081
41313,577
41314,920
41315,1005
41316,939
41317,944
41318,1116
41319,788
41320,1027
41321,946
41322,817
41323,547
41324,588
41325,802
