NETCARE2015/data/raw/Flight1/CPC3772_POLAR6_20150405_r2_NETCARE.ict
35,1001
Abbatt,Jon
University of Toronto
Polar 6
NETCARE
1,1
2015,4,5,2017,8,16
1
time,seconds,seconds from start in UTC
1
1
-99999
conc,number of particles per cm3
0
20
PI_CONTACT_INFO: 80 St. George Street; Toronto; ON M5S 3H6 CANADA; email: jabbatt@chem.utoronto.ca
PLATFORM: Polar 6 aircraft
LOCATION: European Arctic near Svalbard
ASSOCIATED_DATA: none
INSTRUMENT_INFO: Condensation Particle Counter Model 3772 is an instrument that detects airborne particles down to 10 nm at an aerosol flow rate of 1.0 L/min; over a concentration range from 0 to 10^4 particles/cm^3 
DATA_INFO: all relevant information is given above
UNCERTAINTY:  ±10% of measured value
ULOD_FLAG: -7777
ULOD_VALUE: N/As
LLOD_FLAG: -8888
LLOD_VALUE: N/A
DM_CONTACT_INFO: Data collected by Julia Burkart. Please direct all correspondence to Jon Abbatt: jabbatt@chem.utoronto.ca
PROJECT_INFO: Polar 6 NETCARE Spring 2015 campaign
STIPULATIONS_ON_USE: N/A
OTHER_COMMENTS: N/A
REVISION: R2, R1, R0
R2: zero and filter measurements are removed
R1: uncorrected raw data
R0: raw data
time,conc
[from data line 3170]
38174,697
38175,950
38176,866
38177,931
38178,1078
38179,858
38180,779
38181,832
38182,765
38183,1009
38184,847
38185,1054
38186,844
38187,1057
38188,779
38189,775
38190,944
38191,943
38192,824
38193,799
38194,896
38195,772
38196,1085
38197,933
38198,767
38199,1216
38200,977
38201,1205
38202,1121
38203,782
38204,782
38205,798
38206,1017
38207,1041
38208,1037
38209,1040
38210,814
38211,987
38212,1113
38213,871
38214,1005
38215,1135
38216,889
38217,759
38218,726
38219,793
38220,740
38221,1205
38222,988
38223,1209
38224,957
38225,1256
38226,828
38227,804
38228,933
38229,915
38230,975
38231,965
38232,1167
38233,891
38234,833
38235,924
38236,741
38237,813
38238,725
38239,763
38240,1043
38241,1010
38242,1044
38243,892
38244,852
38245,949
38246,704
38247,1254
38248,752
38249,844
38250,648
38251,1001
38252,799
38253,972
38254,944
38255,917
38256,996
38257,1013
38258,1055
38259,1005
38260,758
38261,721
38262,910
38263,810
38264,680
38265,633
38266,770
38267,1325
38268,879
38269,940
38270,768
38271,721
38272,686
38273,830
38274,935
38275,629
38276,836
38277,925
38278,706
38279,855
38280,705
38281,805
38282,928
38283,914
38284,1116
38285,1038
38286,1206
38287,919
38288,591
38289,911
38290,710
38291,830
38292,820
38293,1088
38294,1230
38295,638
38296,894
38297,760
38298,1085
38299,686
38300,949
38301,1015
38302,1225
38303,1169
38304,921
38305,941
38306,1013
38307,861
38308,931
38309,1052
38310,884
38311,1021
38312,733
38313,1196
38314,1227
38315,1033
38316,949
38317,984
38318,830
38319,1230
38320,787
38321,726
38322,1108
38323,975
38324,1205
38325,884
38326,638
38327,748
38328,717
38329,879
38330,868
38331,1230
38332,1132
38333,1426
38334,927
38335,961
38336,908
38337,952
38338,935
38339,775
38340,886
38341,1180
38342,855
38343,1218
38344,1074
38345,846
38346,1134
38347,1274
38348,1088
38349,995
38350,989
38351,1174
38352,891
38353,1203
38354,801
38355,897
38356,843
38357,1215
38358,783
38359,924
38360,933
38361,1067
38362,765
38363,839
38364,1193
38365,1232
38366,1045
38367,1134
38368,832
38369,1039
38370,1264
38371,936
38372,758
38373,907
38374,1143
38375,999
38376,1045
38377,845
38378,1076
38379,1269
38380,918
38381,852
38382,829
38383,955
38384,1000
38385,1029
38386,1167
38387,1272
38388,928
38389,1318
38390,1059
38391,1022
38392,1493
38393,1050
38394,864
38395,1102
38396,952
38397,1225
38398,864
38399,914
38400,1129
38401,1289
38402,1188
38403,1110
38404,883
38405,1084
38406,1090
38407,812
38408,1028
38409,1339
38410,1015
38411,911
38412,1143
38413,1146
38414,1150
38415,1255
38416,1225
38417,1301
38418,999
38419,1127
38420,944
38421,1047
38422,797
38423,954
38424,1260
38425,930
38426,1250
38427,881
38428,1440
38429,1020
38430,860
38431,1149
38432,1042
38433,1160
38434,1121
38435,1092
38436,1051
38437,961
38438,1105
38439,1439
38440,1555
38441,917
38442,804
38443,852
38444,988
38445,872
38446,1065
38447,1244
38448,953
38449,796
38450,1032
38451,803
38452,852
38453,805
38454,984
38455,1086
38456,985
38457,790
38458,910
38459,1204
38460,1119
38461,816
38462,1006
38463,1030
38464,895
38465,822
38466,853
38467,1270
38468,994
38469,1135
38470,1222
38471,919
38472,1509
38473,1199
38474,1268
38475,1253
38476,1360
38477,1039
38478,1343
38479,1169
38480,914
38481,723
38482,856
38483,1047
38484,936
38485,1406
38486,1034
38487,726
38488,833
38489,1124
38490,1143
38491,948
38492,1264
38493,1119
38494,1449
38495,1420
38496,1288
38497,1639
38498,1114
38499,1299
38500,1172
38501,983
38502,1105
38503,1140
38504,959
38505,834
38506,1422
38507,1074
38508,921
38509,1111
38510,952
38511,884
38512,902
38513,1260
38514,1184
38515,1276
38516,1486
38517,1096
38518,983
38519,1252
38520,932
38521,1051
38522,1399
38523,1176
38524,858
38525,764
38526,1027
38527,1032
38528,1087
38529,1545
38530,1452
38531,1420
38532,1133
38533,1005
38534,1376
38535,938
38536,878
38537,1060
38538,1006
38539,1071
38540,893
38541,898
38542,920
38543,778
38544,1010
38545,1085
38546,1188
38547,1030
38548,1201
38549,1558
38550,937
38551,1000
38552,1039
38553,1129
38554,1212
38555,1129
38556,1115
38557,1008
38558,1053
38559,900
38560,1013
38561,858
38562,888
38563,524
38564,662
38565,690
38566,885
38567,610
38568,793
38569,484
38570,439
38571,1298
38572,1041
38573,988
38574,669
38575,429
38576,682
38577,817
38578,673
38579,606
38580,708
38581,931
38582,607
38583,537
38584,506
38585,594
38586,812
38587,572
38588,467
38589,683
38590,442
38591,537
38592,703
38593,483
38594,617
38595,587
38596,757
38597,695
38598,790
38599,854
38600,1037
38601,767
38602,792
38603,989
38604,1239
38605,886
38606,988
38607,700
38608,1036
38609,1238
38610,1004
38611,831
38612,1176
38613,995
38614,1267
38615,1262
38616,1214
38617,905
38618,1237
38619,937
38620,1012
38621,978
38622,1006
38623,821
38624,1124
38625,988
38626,1123
38627,1162
38628,1079
38629,967
38630,1040
38631,1078
38632,1075
38633,953
38634,989
38635,1298
38636,960
38637,1581
38638,1101
38639,1184
38640,1051
38641,1182
38642,1035
38643,973
38644,1024
38645,1192
38646,984
38647,1309
38648,1086
38649,937
38650,1073
38651,1300
38652,1525
38653,1532
38654,1281
38655,1171
38656,1173
38657,932
38658,994
38659,886
38660,1076
38661,659
38662,956
38663,1086
38664,759
38665,829
38666,1150
38667,1029
38668,1184
38669,918
38670,1076
38671,953
38672,961
38673,1144
38674,924
38675,-99999
38676,-99999
38677,-99999
38678,-99999
38679,-99999
38680,-99999
38681,-99999
38682,-99999
38683,-99999
38684,-99999
38685,-99999
38686,-99999
38687,-99999
38688,-99999
38689,-99999
38690,743
38691,846
38692,1239
38693,931
38694,785
38695,625
38696,760
38697,678
38698,684
38699,846
38700,743
38701,887
38702,848
38703,642
38704,711
38705,777
38706,488
38707,727
38708,682
38709,749
38710,773
38711,582
38712,577
38713,503
38714,770
38715,606
38716,455
38717,374
38718,1068
38719,642
38720,941
38721,579
38722,821
38723,778
38724,580
38725,764
38726,714
38727,574
38728,570
38729,672
38730,561
38731,1005
38732,672
38733,546
38734,737
38735,775
38736,498
38737,518
38738,481
38739,778
38740,457
38741,507
38742,476
38743,481
38744,929
38745,802
38746,513
38747,671
38748,783
38749,685
38750,557
38751,471
38752,546
38753,382
38754,662
38755,606
38756,612
38757,582
38758,699
38759,533
38760,755
38761,913
38762,754
38763,647
38764,707
38765,811
38766,1003
38767,683
38768,776
38769,744
38770,1222
38771,1091
38772,987
38773,1171
38774,1108
38775,1256
38776,1054
38777,1040
38778,900
38779,910
38780,1116
38781,1035
38782,1160
38783,814
38784,826
38785,762
38786,828
38787,778
38788,848
38789,1161
38790,763
38791,964
38792,916
38793,943
38794,1173
38795,857
38796,1018
38797,1082
38798,1084
38799,1351
38800,994
38801,744
38802,1002
38803,798
38804,899
38805,962
38806,735
38807,731
38808,827
38809,816
38810,827
38811,809
38812,807
38813,949
38814,963
38815,836
38816,708
38817,873
38818,774
38819,875
38820,826
38821,1229
38822,835
38823,990
38824,1123
38825,1096
38826,937
38827,1179
38828,848
38829,1011
38830,2418
38831,1058
38832,724
38833,910
38834,884
38835,1167
38836,979
38837,982
38838,1124
38839,1087
38840,1028
38841,863
38842,720
38843,734
38844,867
38845,1108
38846,880
38847,868
38848,927
38849,771
38850,725
38851,856
38852,672
38853,1091
38854,1231
38855,1028
38856,1073
38857,893
38858,767
38859,575
38860,899
38861,727
38862,1025
38863,741
38864,926
38865,732
38866,1186
38867,1000
38868,823
38869,779
38870,1271
38871,996
38872,691
38873,766
38874,705
38875,837
38876,793
38877,734
38878,1060
38879,1046
38880,1023
38881,879
38882,815
38883,778
38884,783
38885,750
38886,899
38887,845
38888,885
38889,1206
38890,1119
38891,785
38892,872
38893,864
38894,970
38895,1005
38896,933
38897,948
38898,819
38899,1106
38900,929
38901,759
38902,639
38903,761
38904,829
38905,809
38906,616
38907,649
38908,706
38909,882
38910,781
38911,591
38912,780
38913,1123
38914,954
38915,766
38916,1073
38917,670
38918,1068
38919,773
38920,726
38921,1309
38922,1002
38923,905
38924,625
38925,731
38926,984
38927,1001
38928,824
38929,784
38930,707
38931,1088
38932,688
38933,872
38934,1468
38935,1054
38936,914
38937,772
38938,996
38939,693
38940,599
38941,587
38942,752
38943,1204
38944,680
38945,663
38946,652
38947,863
38948,638
38949,851
38950,689
38951,742
38952,911
38953,1002
38954,1023
38955,845
38956,882
38957,795
38958,995
38959,811
38960,1257
38961,1052
38962,835
38963,866
38964,820
38965,759
38966,1241
38967,884
38968,1011
38969,1186
38970,918
38971,1006
38972,805
38973,1058
38974,831
38975,573
38976,1011
38977,815
38978,939
38979,702
38980,995
38981,1135
38982,912
38983,1038
38984,1207
38985,1123
38986,1024
38987,873
38988,1097
38989,832
38990,1510
38991,954
38992,866
38993,762
38994,1081
38995,1067
38996,921
38997,658
38998,948
38999,887
39000,895
39001,979
39002,781
39003,948
39004,1124
39005,1050
39006,1003
39007,1029
39008,1573
39009,823
39010,844
39011,943
39012,670
39013,919
39014,1079
39015,1003
39016,875
39017,780
39018,1158
39019,958
39020,786
39021,654
39022,1134
39023,800
39024,964
39025,976
39026,721
39027,874
39028,945
39029,697
39030,750
39031,989
39032,852
39033,897
39034,1090
39035,1047
39036,988
39037,1156
39038,873
39039,865
39040,852
39041,1117
39042,913
39043,1148
39044,975
39045,1017
39046,1013
39047,1091
39048,708
39049,897
39050,871
39051,991
39052,1183
39053,1277
39054,761
39055,1073
39056,828
39057,1044
39058,1168
39059,849
39060,1382
39061,1172
39062,946
39063,991
39064,1087
39065,1009
39066,1101
39067,995
39068,926
39069,1233
39070,875
39071,1002
39072,996
39073,609
39074,1101
39075,843
39076,995
39077,1009
39078,775
39079,741
39080,1017
39081,1019
39082,1233
39083,1210
39084,653
39085,882
39086,630
39087,933
39088,993
39089,815
39090,774
39091,982
39092,707
39093,639
39094,916
39095,988
39096,995
39097,882
39098,727
39099,1071
39100,1179
39101,814
39102,1296
39103,827
39104,690
39105,697
39106,886
39107,875
39108,962
39109,923
39110,795
39111,830
39112,1081
39113,754
39114,957
39115,838
39116,818
39117,997
39118,1142
39119,1085
39120,945
39121,645
39122,858
39123,852
39124,760
39125,695
39126,878
39127,963
39128,1009
39129,874
39130,591
39131,1053
39132,749
39133,902
39134,752
39135,527
39136,1122
39137,748
39138,737
39139,632
39140,668
39141,989
39142,879
39143,908
39144,634
39145,726
39146,760
39147,672
39148,705
39149,868
39150,963
39151,1074
39152,765
39153,673
39154,629
39155,833
39156,879
39157,936
39158,1176
39159,1098
39160,1084
39161,1207
39162,885
39163,795
39164,1317
39165,1000
39166,794
39167,790
39168,851
39169,1003
39170,1087
39171,1005
39172,876
39173,976
39174,1205
39175,838
39176,693
39177,1050
39178,857
39179,1062
39180,747
39181,836
39182,1058
39183,735
39184,625
39185,871
39186,853
39187,976
39188,988
39189,802
39190,1251
39191,1142
39192,810
39193,754
39194,1092
39195,1487
39196,748
39197,697
39198,976
39199,849
39200,916
39201,1130
39202,1051
39203,1072
39204,839
39205,1052
39206,1023
39207,859
39208,648
39209,838
39210,730
39211,863
39212,1052
39213,988
39214,811
39215,762
39216,882
39217,844
39218,911
39219,841
39220,1035
39221,1099
39222,1055
39223,1016
39224,1106
39225,1142
39226,1137
39227,919
39228,989
39229,804
39230,875
39231,857
39232,720
39233,706
39234,987
39235,1280
39236,679
39237,766
39238,661
39239,707
39240,968
39241,460
39242,672
39243,918
39244,675
39245,601
39246,917
39247,500
39248,918
39249,728
39250,848
39251,677
39252,969
39253,720
39254,792
39255,789
39256,688
39257,884
39258,635
39259,970
39260,862
39261,898
39262,805
39263,622
39264,745
39265,626
39266,852
39267,578
39268,820
39269,766
39270,812
39271,1006
39272,933
39273,1193
39274,661
39275,1055
39276,997
39277,1038
39278,1237
39279,1257
39280,1021
39281,849
39282,1033
39283,937
39284,1056
39285,926
39286,867
39287,784
39288,920
39289,797
39290,704
39291,754
39292,806
39293,786
39294,1071
39295,961
39296,1370
39297,1026
39298,968
39299,899
39300,682
39301,734
39302,987
39303,1224
39304,871
39305,1109
39306,1078
39307,874
39308,1263
39309,895
39310,1010
39311,1576
39312,1070
39313,958
39314,869
39315,992
39316,936
39317,887
39318,761
39319,1170
39320,759
39321,874
39322,814
39323,1062
39324,876
39325,831
39326,795
39327,1289
39328,974
39329,904
39330,1253
39331,1056
39332,679
39333,746
39334,882
39335,1169
39336,838
39337,743
39338,1072
39339,933
39340,1164
39341,835
39342,831
39343,767
39344,891
39345,1072
39346,1579
39347,1012
39348,1020
39349,655
39350,572
39351,446
39352,951
39353,588
39354,635
39355,735
39356,642
39357,666
39358,858
39359,1335
39360,566
39361,932
39362,727
39363,710
39364,528
39365,511
39366,871
39367,956
39368,1122
39369,836
39370,609
39371,1505
39372,695
39373,554
39374,827
39375,642
39376,642
39377,654
39378,426
39379,759
39380,798
39381,687
39382,739
39383,615
39384,956
39385,699
39386,853
39387,874
39388,1011
39389,880
39390,967
39391,920
39392,1076
39393,951
39394,732
39395,961
39396,1126
39397,1101
39398,761
39399,952
39400,975
39401,777
39402,749
39403,720
39404,715
39405,1033
39406,945
39407,901
39408,989
39409,1006
39410,1244
39411,592
39412,835
39413,681
39414,991
39415,1043
39416,1013
39417,842
39418,590
39419,891
39420,1326
39421,901
39422,714
39423,1236
39424,762
39425,1164
39426,839
39427,634
39428,699
39429,672
39430,721
39431,895
39432,766
39433,872
39434,910
39435,868
39436,1056
39437,780
39438,830
39439,716
39440,859
39441,773
39442,812
39443,1079
39444,932
39445,860
39446,1005
39447,707
39448,1056
39449,731
39450,577
39451,761
39452,839
39453,1033
39454,743
39455,1047
39456,781
39457,895
39458,910
39459,741
39460,833
39461,843
39462,999
39463,961
39464,786
39465,828
39466,946
39467,877
39468,747
39469,800
39470,878
39471,789
39472,819
39473,813
39474,1037
39475,971
39476,1010
39477,665
39478,696
39479,766
39480,1217
39481,883
39482,832
39483,664
39484,785
39485,1163
39486,766
39487,912
39488,972
39489,1326
39490,1126
39491,1028
39492,1260
39493,802
39494,953
39495,917
39496,961
39497,803
39498,660
39499,773
39500,919
39501,768
39502,1254
39503,860
39504,785
39505,677
39506,704
39507,960
39508,1035
39509,590
39510,953
39511,776
39512,833
39513,694
39514,767
39515,808
39516,765
39517,1199
39518,933
39519,885
39520,1087
39521,1139
39522,1008
39523,786
39524,994
39525,946
39526,843
39527,749
39528,676
39529,746
39530,798
39531,782
39532,858
39533,949
39534,945
39535,636
39536,825
39537,1404
39538,1073
39539,812
39540,1269
39541,1406
39542,1295
39543,1007
39544,845
39545,1146
39546,1013
39547,1062
39548,1094
39549,1004
39550,1124
39551,1304
39552,775
39553,1364
39554,979
39555,1069
39556,963
39557,1101
39558,1126
39559,1111
39560,961
39561,1210
39562,1335
39563,1044
39564,1239
39565,1312
39566,889
39567,810
39568,1021
39569,1102
39570,1057
39571,1027
39572,1056
39573,993
39574,1159
39575,805
39576,1619
39577,1323
39578,880
39579,919
39580,937
39581,924
39582,1124
39583,974
39584,1210
39585,1133
39586,1134
39587,990
39588,914
39589,1158
39590,1154
39591,1063
39592,1041
39593,1389
39594,1275
39595,1466
39596,1149
39597,711
39598,1155
39599,972
39600,1273
39601,1195
39602,1240
39603,1258
39604,974
39605,788
39606,1400
39607,995
39608,923
39609,954
39610,1132
39611,784
39612,1065
39613,1016
39614,955
39615,887
39616,705
39617,1109
39618,1302
39619,969
39620,941
39621,1217
39622,1260
39623,893
39624,807
39625,968
39626,792
39627,1074
39628,1382
39629,986
39630,780
39631,896
39632,1087
39633,1349
39634,1221
39635,999
39636,1031
39637,906
39638,995
39639,1035
39640,858
39641,1179
39642,959
39643,1035
39644,863
39645,1454
39646,739
39647,1042
39648,916
39649,1099
39650,1024
39651,967
39652,812
39653,862
39654,948
39655,847
39656,888
39657,1082
39658,757
39659,979
39660,1145
39661,1292
39662,798
39663,896
39664,1054
39665,852
39666,1007
39667,781
39668,1037
39669,1230
39670,1045
39671,988
39672,1204
39673,1099
39674,1053
39675,1283
39676,898
39677,1127
39678,1111
39679,862
39680,1032
39681,826
39682,823
39683,877
39684,824
39685,1004
39686,702
39687,681
39688,907
39689,658
39690,873
39691,842
39692,682
39693,653
39694,775
39695,692
39696,629
39697,751
39698,668
39699,939
39700,570
39701,493
39702,665
39703,520
39704,586
39705,577
39706,711
39707,578
39708,694
39709,518
39710,562
39711,467
39712,687
39713,504
39714,450
