NETCARE2015/data/raw/Flight1/CPC3772_POLAR6_20150405_r2_NETCARE.ict
35,1001
Abbatt,Jon
University of Toronto
Polar 6
NETCARE
1,1
2015,4,5,2017,8,16
1
time,seconds,seconds from start in UTC
1
1
-99999
conc,number of particles per cm3
0
20
PI_CONTACT_INFO: 80 St. George Street; Toronto; ON M5S 3H6 CANADA; email: jabbatt@chem.utoronto.ca
PLATFORM: Polar 6 aircraft
LOCATION: European Arctic near Svalbard
ASSOCIATED_DATA: none
INSTRUMENT_INFO: Condensation Particle Counter Model 3772 is an instrument that detects airborne particles down to 10 nm at an aerosol flow rate of 1.0 L/min; over a concentration range from 0 to 10^4 particles/cm^3 
DATA_INFO: all relevant information is given above
UNCERTAINTY:  ±10% of measured value
ULOD_FLAG: -7777
ULOD_VALUE: N/As
LLOD_FLAG: -8888
LLOD_VALUE: N/A
DM_CONTACT_INFO: Data collected by Julia Burkart. Please direct all correspondence to Jon Abbatt: jabbatt@chem.utoronto.ca
PROJECT_INFO: Polar 6 NETCARE Spring 2015 campaign
STIPULATIONS_ON_USE: N/A
OTHER_COMMENTS: N/A
REVISION: R2, R1, R0
R2: zero and filter measurements are removed
R1: uncorrected raw data
R0: raw data
time,conc
[from data line 9512]
44516,176
44517,183
44518,191
44519,202
44520,178
44521,179
44522,179
44523,186
44524,182
44525,189
44526,185
44527,186
44528,190
44529,193
44530,185
44531,192
44532,187
44533,184
44534,192
44535,189
44536,192
44537,189
44538,195
44539,184
44540,187
44541,193
44542,192
44543,190
44544,187
44545,195
44546,204
44547,201
44548,189
44549,197
44550,197
44551,198
44552,198
44553,190
44554,193
44555,197
44556,190
44557,195
44558,198
44559,198
44560,197
44561,196
44562,197
44563,198
44564,194
44565,199
44566,201
44567,200
44568,205
44569,197
44570,208
44571,207
44572,208
44573,208
44574,210
44575,205
44576,202
44577,204
44578,201
44579,209
44580,203
44581,208
44582,207
44583,212
44584,216
44585,209
44586,205
44587,211
44588,207
44589,208
44590,211
44591,220
44592,217
44593,212
44594,219
44595,212
44596,213
44597,215
44598,224
44599,216
44600,219
44601,216
44602,222
44603,212
44604,221
44605,224
44606,218
44607,225
44608,225
44609,219
44610,227
44611,221
44612,225
44613,219
44614,224
44615,217
44616,224
44617,225
44618,231
44619,239
44620,229
44621,229
44622,233
44623,215
44624,218
44625,216
44626,219
44627,216
44628,221
44629,212
44630,215
44631,218
44632,213
44633,211
44634,217
44635,216
44636,218
44637,214
44638,218
44639,219
44640,215
44641,214
44642,211
44643,215
44644,221
44645,212
44646,215
44647,216
44648,216
44649,213
44650,219
44651,221
44652,219
44653,218
44654,223
44655,222
44656,229
44657,252
44658,241
44659,233
44660,235
44661,232
44662,233
44663,232
44664,240
44665,238
44666,244
44667,230
44668,243
44669,231
44670,228
44671,228
44672,233
44673,223
44674,222
44675,218
44676,215
44677,215
44678,216
44679,219
44680,218
44681,219
44682,215
44683,222
44684,214
44685,215
44686,219
44687,217
44688,214
44689,217
44690,218
44691,215
44692,220
44693,211
44694,214
44695,216
44696,220
44697,218
44698,211
44699,215
44700,212
44701,209
44702,217
44703,222
44704,214
44705,213
44706,213
44707,209
44708,211
44709,214
44710,213
44711,213
44712,212
44713,215
44714,213
44715,216
44716,213
44717,216
44718,215
44719,212
44720,214
44721,219
44722,222
44723,218
44724,218
44725,222
44726,210
44727,223
44728,217
44729,218
44730,216
44731,211
44732,217
44733,221
44734,213
44735,222
44736,219
44737,215
44738,211
44739,217
44740,211
44741,213
44742,223
44743,213
44744,221
44745,211
44746,225
44747,219
44748,224
44749,217
44750,218
44751,214
44752,207
44753,207
44754,201
44755,200
44756,199
44757,203
44758,194
44759,200
44760,199
44761,193
44762,198
44763,194
44764,196
44765,204
44766,203
44767,208
44768,202
44769,209
44770,212
44771,201
44772,199
44773,201
44774,201
44775,198
44776,199
44777,209
44778,208
44779,197
44780,196
44781,188
44782,191
44783,195
44784,188
44785,201
44786,208
44787,198
44788,193
44789,198
44790,206
44791,211
44792,201
44793,207
44794,205
44795,206
44796,208
44797,201
44798,197
44799,192
44800,192
44801,189
44802,198
44803,200
44804,198
44805,195
44806,189
44807,182
44808,183
44809,185
44810,184
44811,188
44812,185
44813,179
44814,179
44815,187
44816,178
44817,180
44818,196
44819,198
44820,189
44821,191
44822,193
44823,194
44824,197
44825,189
44826,194
44827,202
44828,195
44829,199
44830,196
44831,193
44832,194
44833,182
44834,183
44835,182
44836,194
44837,208
44838,206
44839,201
44840,206
44841,207
44842,200
44843,206
44844,206
44845,192
44846,190
44847,196
44848,199
44849,202
44850,188
44851,195
44852,198
44853,183
44854,184
44855,220
44856,208
44857,204
44858,201
44859,190
44860,193
44861,189
44862,184
44863,185
44864,190
44865,196
44866,220
44867,211
44868,195
44869,197
44870,214
44871,226
44872,210
44873,198
44874,222
44875,223
44876,230
44877,219
44878,226
44879,220
44880,219
44881,222
44882,217
44883,220
44884,224
44885,226
44886,227
44887,231
44888,232
44889,239
44890,221
44891,233
44892,237
44893,233
44894,229
44895,233
44896,227
44897,223
44898,233
44899,227
44900,237
44901,235
44902,228
44903,236
44904,231
44905,239
44906,228
44907,229
44908,224
44909,230
44910,232
44911,233
44912,231
44913,230
44914,227
44915,229
44916,229
44917,222
44918,223
44919,222
44920,221
44921,226
44922,219
44923,226
44924,221
44925,214
44926,222
44927,217
44928,220
44929,221
44930,219
44931,224
44932,221
44933,225
44934,221
44935,224
44936,229
44937,230
44938,225
44939,232
44940,236
44941,243
44942,246
44943,248
44944,246
44945,254
44946,260
44947,248
44948,250
44949,243
44950,250
44951,245
44952,242
44953,244
44954,243
44955,244
44956,246
44957,239
44958,245
44959,231
44960,243
44961,243
44962,245
44963,232
44964,233
44965,232
44966,234
44967,239
44968,231
44969,237
44970,231
44971,225
44972,235
44973,229
44974,235
44975,240
44976,235
44977,237
44978,224
44979,233
44980,230
44981,232
44982,231
44983,237
44984,234
44985,239
44986,236
44987,231
44988,234
44989,232
44990,235
44991,236
44992,226
44993,225
44994,226
44995,228
44996,225
44997,229
44998,223
44999,230
45000,235
45001,223
45002,225
45003,225
45004,226
45005,229
45006,229
45007,226
45008,225
45009,221
45010,224
45011,219
45012,216
45013,219
45014,220
45015,220
45016,218
45017,217
45018,215
45019,213
45020,213
45021,201
45022,196
45023,196
45024,187
45025,177
45026,180
45027,175
45028,176
45029,175
45030,178
45031,182
45032,183
45033,183
45034,182
45035,183
45036,179
45037,177
45038,177
45039,172
45040,177
45041,184
45042,177
45043,178
45044,177
45045,184
45046,182
45047,178
45048,176
45049,175
45050,182
45051,186
45052,177
45053,172
45054,177
45055,172
45056,168
45057,173
45058,175
45059,171
45060,168
45061,169
45062,175
45063,181
45064,177
45065,181
45066,180
45067,187
45068,187
45069,195
45070,202
45071,196
45072,202
45073,205
45074,207
45075,191
45076,180
45077,182
45078,173
45079,171
45080,173
45081,180
45082,180
45083,185
45084,180
45085,176
45086,187
45087,183
45088,182
45089,189
45090,191
45091,192
45092,186
45093,181
45094,170
45095,173
45096,177
45097,192
45098,198
45099,193
45100,200
45101,194
45102,190
45103,178
45104,175
45105,182
45106,192
45107,181
45108,182
45109,186
45110,181
45111,185
45112,182
45113,186
45114,184
45115,189
45116,188
45117,181
45118,188
45119,190
45120,195
45121,190
45122,184
45123,192
45124,192
45125,193
45126,201
45127,207
45128,202
45129,204
45130,206
45131,201
45132,204
45133,203
45134,203
45135,199
45136,208
45137,208
45138,222
45139,225
45140,224
45141,236
45142,235
45143,238
45144,237
45145,240
45146,252
45147,255
45148,233
45149,223
45150,227
45151,235
45152,231
45153,232
45154,238
45155,256
45156,265
45157,254
45158,235
45159,232
45160,224
45161,219
45162,224
45163,218
45164,238
45165,236
45166,232
45167,229
45168,223
45169,222
45170,219
45171,222
45172,215
45173,220
45174,225
45175,225
45176,215
45177,222
45178,218
45179,207
45180,215
45181,199
45182,205
45183,199
45184,188
45185,192
45186,187
45187,184
45188,187
45189,187
45190,188
45191,186
45192,182
45193,190
45194,184
45195,182
45196,187
45197,190
45198,187
45199,193
45200,191
45201,200
45202,192
45203,196
45204,193
45205,197
45206,193
45207,196
45208,187
45209,183
45210,182
45211,181
45212,185
45213,194
45214,205
45215,209
45216,202
45217,213
45218,215
45219,205
45220,213
45221,214
45222,211
45223,199
45224,206
45225,204
45226,204
45227,203
45228,224
45229,206
45230,202
45231,200
45232,207
45233,221
45234,218
45235,229
45236,234
45237,248
45238,262
45239,270
45240,259
45241,275
45242,285
45243,284
45244,292
45245,303
45246,306
45247,302
45248,316
45249,300
45250,323
45251,339
45252,346
45253,336
45254,333
45255,344
45256,332
45257,348
45258,343
45259,340
45260,333
45261,337
45262,333
45263,325
45264,332
45265,329
45266,306
45267,292
45268,279
45269,266
45270,262
45271,256
45272,234
45273,218
45274,206
45275,183
45276,175
45277,175
45278,179
45279,195
45280,212
45281,208
45282,206
45283,195
45284,190
45285,191
45286,188
45287,208
45288,214
45289,206
45290,197
45291,189
45292,187
45293,186
45294,187
45295,189
45296,185
45297,200
45298,203
45299,205
45300,205
45301,203
45302,194
45303,201
45304,195
45305,190
45306,196
45307,190
45308,191
45309,195
45310,198
45311,199
45312,203
45313,203
45314,201
45315,206
45316,201
45317,204
45318,201
45319,201
45320,206
45321,199
45322,206
45323,201
45324,193
45325,184
45326,200
45327,193
45328,186
45329,200
45330,198
45331,202
45332,209
45333,217
45334,218
45335,219
45336,206
45337,187
45338,194
45339,192
45340,196
45341,200
45342,205
45343,200
45344,203
45345,196
45346,201
45347,191
45348,193
45349,195
45350,201
45351,201
45352,190
45353,192
45354,199
45355,204
45356,209
45357,226
45358,253
45359,271
45360,283
45361,304
45362,314
45363,313
45364,313
45365,321
45366,321
45367,317
45368,336
45369,337
45370,332
45371,341
45372,340
45373,338
45374,348
45375,352
45376,344
45377,350
45378,353
45379,354
45380,366
45381,375
45382,391
45383,385
45384,399
45385,398
45386,392
45387,388
45388,393
45389,392
45390,395
45391,406
45392,400
45393,393
45394,399
45395,404
45396,407
45397,402
45398,394
45399,404
45400,403
45401,397
45402,394
45403,411
45404,405
45405,400
45406,406
45407,406
45408,406
45409,401
45410,401
45411,406
45412,417
45413,419
45414,415
45415,396
45416,412
45417,399
45418,406
45419,397
45420,385
45421,395
45422,381
45423,382
45424,376
45425,365
45426,374
45427,364
45428,362
45429,349
45430,349
45431,348
45432,347
45433,329
45434,339
45435,323
45436,315
45437,303
45438,291
45439,275
45440,283
45441,280
45442,286
45443,275
45444,270
45445,242
45446,235
45447,223
45448,216
45449,217
45450,216
45451,202
45452,204
45453,198
45454,199
45455,204
45456,208
45457,208
45458,201
45459,211
45460,214
45461,206
45462,214
45463,220
45464,218
45465,213
45466,210
45467,206
45468,207
45469,203
45470,204
45471,202
45472,200
45473,198
45474,203
45475,209
45476,199
45477,209
45478,200
45479,203
45480,207
45481,218
45482,239
45483,247
45484,266
45485,270
45486,271
45487,282
45488,286
45489,301
45490,302
45491,311
45492,321
45493,326
45494,326
45495,328
45496,331
45497,335
45498,337
45499,338
45500,347
45501,349
45502,365
45503,366
45504,365
45505,362
45506,364
45507,354
45508,364
45509,368
45510,360
45511,368
45512,380
45513,362
45514,366
45515,373
45516,359
45517,365
45518,367
45519,380
45520,372
45521,372
45522,379
45523,382
45524,374
45525,382
45526,375
45527,382
45528,390
45529,388
45530,390
45531,389
45532,380
45533,386
45534,381
45535,381
45536,389
45537,383
45538,376
45539,380
45540,382
45541,381
45542,381
45543,377
45544,379
45545,379
45546,379
45547,375
45548,384
45549,377
45550,376
45551,377
45552,371
45553,373
45554,366
45555,371
45556,373
45557,377
45558,375
45559,374
45560,369
45561,378
45562,379
45563,370
45564,371
45565,362
45566,370
45567,361
45568,366
45569,362
45570,363
45571,365
45572,359
45573,364
45574,371
45575,370
45576,364
45577,359
45578,361
45579,368
45580,375
45581,368
45582,378
45583,372
45584,374
45585,374
45586,381
45587,381
45588,379
45589,381
45590,381
45591,375
45592,369
45593,378
45594,372
45595,376
45596,387
45597,378
45598,367
45599,380
45600,379
45601,392
45602,379
45603,368
45604,370
45605,374
45606,364
45607,367
45608,364
45609,367
45610,369
45611,381
45612,374
45613,369
45614,370
45615,372
45616,363
45617,369
45618,358
45619,358
45620,379
45621,373
45622,370
45623,379
45624,363
45625,374
45626,383
45627,375
45628,364
45629,364
45630,349
45631,342
45632,333
45633,329
45634,318
45635,325
45636,321
45637,314
45638,316
45639,313
45640,295
45641,279
45642,278
45643,262
45644,265
45645,252
45646,229
45647,221
45648,226
45649,207
45650,205
45651,225
45652,232
45653,260
45654,278
45655,278
45656,286
45657,306
45658,320
45659,321
45660,332
45661,329
45662,327
45663,326
45664,337
45665,326
45666,337
45667,327
45668,339
45669,352
45670,351
45671,359
45672,369
45673,381
45674,369
45675,376
45676,376
45677,395
45678,399
45679,395
45680,401
45681,408
45682,406
45683,405
45684,410
45685,423
45686,430
45687,421
45688,425
45689,414
45690,418
45691,426
45692,430
45693,422
45694,437
45695,434
45696,442
45697,458
45698,449
45699,481
45700,443
45701,442
45702,429
45703,422
45704,424
45705,420
45706,429
45707,436
45708,431
45709,452
45710,470
45711,476
45712,484
45713,508
45714,494
45715,453
45716,450
45717,452
45718,464
45719,464
45720,463
45721,466
45722,451
45723,464
45724,473
45725,453
45726,477
45727,472
45728,472
45729,500
45730,490
45731,463
45732,467
45733,497
45734,475
45735,477
45736,456
45737,472
45738,475
45739,479
45740,490
45741,496
45742,469
45743,464
45744,448
45745,482
45746,482
45747,496
45748,505
45749,478
45750,483
45751,483
45752,490
45753,489
45754,504
45755,481
45756,467
45757,460
45758,484
45759,492
45760,486
45761,505
45762,493
45763,509
45764,518
45765,502
45766,497
45767,507
45768,499
45769,501
45770,499
45771,511
45772,492
45773,498
45774,511
45775,532
45776,550
45777,546
45778,565
45779,575
45780,592
45781,589
45782,582
45783,609
45784,623
45785,621
45786,628
45787,624
45788,625
45789,586
45790,564
45791,587
45792,603
45793,624
45794,604
45795,640
45796,632
45797,621
45798,625
45799,622
45800,629
45801,604
45802,595
45803,609
45804,600
45805,592
45806,598
45807,570
45808,585
45809,599
45810,582
45811,566
45812,572
45813,603
45814,612
45815,610
45816,628
45817,608
45818,592
45819,584
45820,587
45821,580
45822,557
45823,566
45824,559
45825,574
45826,566
45827,569
45828,574
45829,599
45830,596
45831,578
45832,588
45833,612
45834,629
45835,623
45836,604
45837,591
45838,589
45839,567
45840,576
45841,581
45842,610
45843,594
45844,604
45845,581
45846,581
45847,571
45848,555
45849,551
45850,546
45851,537
45852,532
45853,531
45854,517
45855,522
45856,524
45857,523
45858,533
45859,546
45860,537
45861,552
45862,538
45863,525
45864,529
45865,527
45866,551
45867,552
45868,549
45869,533
45870,550
45871,573
45872,602
45873,629
45874,632
45875,625
45876,632
45877,621
45878,625
45879,608
45880,613
45881,622
45882,633
45883,609
45884,588
45885,604
45886,613
45887,604
45888,610
45889,625
45890,609
45891,611
45892,610
45893,585
45894,599
45895,613
45896,583
45897,591
45898,585
45899,603
45900,592
45901,591
45902,598
45903,606
45904,610
45905,626
45906,626
45907,636
45908,623
45909,631
45910,636
45911,637
45912,627
45913,644
45914,637
45915,663
45916,660
45917,668
45918,672
45919,665
45920,669
45921,662
45922,611
45923,618
45924,653
45925,649
45926,651
45927,650
45928,659
45929,647
45930,632
45931,599
45932,567
45933,572
45934,582
45935,560
45936,596
45937,621
45938,633
45939,636
45940,629
45941,640
45942,634
45943,642
45944,644
45945,672
45946,666
45947,663
45948,675
45949,658
45950,703
45951,732
45952,712
45953,692
45954,684
45955,693
45956,714
45957,726
45958,739
45959,729
45960,731
45961,740
45962,737
45963,750
45964,750
45965,758
45966,739
45967,756
45968,747
45969,754
45970,754
45971,756
45972,766
45973,768
45974,758
45975,758
45976,757
45977,768
45978,761
45979,779
45980,771
45981,791
45982,767
45983,777
45984,785
45985,764
45986,775
45987,783
45988,775
45989,782
45990,788
45991,783
45992,777
45993,784
45994,777
45995,776
45996,784
45997,789
45998,784
45999,782
46000,781
46001,795
46002,772
46003,721
46004,682
46005,641
46006,598
46007,622
46008,668
46009,633
46010,564
46011,519
46012,482
46013,503
46014,511
46015,462
46016,438
46017,403
46018,369
46019,332
46020,307
46021,297
46022,246
46023,235
46024,223
46025,217
46026,218
46027,208
46028,215
46029,209
46030,203
46031,189
46032,190
46033,190
46034,197
46035,197
46036,176
46037,174
46038,166
46039,174
46040,163
46041,158
46042,162
46043,158
46044,158
46045,167
46046,187
46047,196
46048,191
46049,172
46050,172
46051,186
46052,196
46053,203
46054,204
46055,204
46056,188
46057,183
46058,205
46059,200
46060,192
46061,172
46062,178
46063,189
46064,199
46065,192
46066,184
46067,173
46068,169
46069,153
46070,144
46071,143
46072,143
46073,141
46074,139
46075,136
46076,146
46077,141
46078,145
46079,143
46080,140
46081,152
46082,153
46083,144
46084,158
46085,152
46086,153
46087,151
46088,155
46089,156
46090,153
46091,161
46092,166
46093,173
46094,182
46095,179
46096,179
46097,175
46098,169
46099,159
46100,159
46101,156
46102,148
46103,154
46104,153
46105,142
46106,141
46107,141
46108,140
46109,141
46110,145
46111,134
46112,137
46113,151
46114,154
