NETCARE2015/data/raw/Flight1/CPC3776_POLAR6_20150405_r2_NETCARE.ict
35,1001
Abbatt,Jon
University of Toronto
Polar 6
NETCARE
1,1
2015,4,5,2017,8,16
1
time,seconds,seconds from start in UTC
1
1
-99999
conc,number of particles per cm3
0
20
PI_CONTACT_INFO: 80 St. George Street; Toronto; ON M5S 3H6 CANADA; email: jabbatt@chem.utoronto.ca
PLATFORM: Polar 6 aircraft
LOCATION: European Arctic near Svalbard
ASSOCIATED_DATA: none
INSTRUMENT_INFO: The Ultrafine Condensation Particle Counter 3776 is a continuous-flow instrument that detects particles down to 2.5 nm. It operates at an aerosol flow rate of 50 cm^3/min and detects concentrations from 0 to 300 000 particles/cm^3 with coincidence correction.
DATA_INFO: all relevant information is given above
UNCERTAINTY:  ±10% of measured value
ULOD_FLAG: -7777
ULOD_VALUE: N/As
LLOD_FLAG: -8888
LLOD_VALUE: N/A
DM_CONTACT_INFO: Data collected by Julia Burkart. Please direct all correspondence to Jon Abbatt: jabbatt@chem.utoronto.ca
PROJECT_INFO: Polar 6 NETCARE Spring 2015 campaign
STIPULATIONS_ON_USE: N/A
OTHER_COMMENTS: N/A
REVISION: R2, R1, R0
R2: zero and filter measurements are removed
R1: uncorrected raw data
R0: raw data
time,conc
[from data line 10923]
45927,1135
45928,1166
45929,1040
45930,1029
45931,968
45932,1088
45933,1019
45934,1038
45935,1135
45936,1039
45937,1068
45938,1078
45939,1018
45940,1046
45941,1024
45942,1044
45943,1024
45944,1060
45945,1008
45946,1078
45947,1057
45948,1073
45949,1070
45950,1103
45951,1091
45952,1060
45953,1097
45954,1097
45955,1020
45956,1119
45957,1159
45958,1126
45959,1079
45960,1119
45961,1126
45962,1045
45963,1090
45964,1145
45965,1156
45966,1042
45967,1096
45968,1089
45969,1114
45970,1139
45971,1050
45972,1144
45973,1057
45974,1192
45975,1154
45976,1147
45977,1094
45978,1224
45979,1259
45980,1215
45981,1180
45982,1224
45983,1171
45984,1116
45985,1117
45986,1182
45987,1194
45988,1085
45989,1190
45990,1197
45991,1109
45992,1178
45993,1176
45994,1212
45995,1167
45996,1096
45997,1210
45998,1135
45999,1200
46000,1201
46001,1218
46002,1147
46003,1031
46004,1026
46005,995
46006,979
46007,1102
46008,1071
46009,937
46010,955
46011,813
46012,861
46013,882
46014,852
46015,799
46016,744
46017,696
46018,637
46019,612
46020,617
46021,558
46022,514
46023,505
46024,465
46025,449
46026,431
46027,482
46028,451
46029,364
46030,427
46031,391
46032,404
46033,411
46034,360
46035,368
46036,342
46037,317
46038,330
46039,324
46040,300
46041,332
46042,307
46043,329
46044,361
46045,367
46046,359
46047,390
46048,344
46049,327
46050,360
46051,410
46052,395
46053,383
46054,403
46055,342
46056,348
46057,401
46058,352
46059,408
46060,362
46061,374
46062,363
46063,421
46064,409
46065,354
46066,352
46067,370
46068,326
46069,287
46070,279
46071,324
46072,288
46073,297
46074,314
46075,333
46076,275
46077,275
46078,286
46079,324
46080,299
46081,269
46082,326
46083,325
46084,302
46085,294
46086,332
46087,382
46088,293
46089,323
46090,341
46091,344
46092,372
46093,310
46094,407
46095,382
46096,342
46097,346
46098,367
46099,365
46100,316
46101,284
46102,272
46103,314
46104,262
46105,261
46106,233
46107,291
46108,308
46109,286
46110,265
46111,246
46112,272
46113,286
46114,323
46115,295
46116,340
46117,376
46118,340
46119,378
46120,381
46121,345
46122,368
46123,381
46124,375
46125,338
46126,339
46127,353
46128,364
46129,345
46130,392
46131,354
46132,339
46133,378
46134,405
46135,383
46136,338
46137,325
46138,362
46139,340
46140,330
46141,343
46142,334
46143,332
46144,341
46145,376
46146,375
46147,338
46148,317
46149,318
46150,273
46151,254
46152,226
46153,277
46154,255
46155,243
46156,267
46157,246
46158,243
46159,290
46160,284
46161,289
46162,272
46163,267
46164,254
46165,252
46166,237
46167,261
46168,301
46169,274
46170,338
46171,293
46172,341
46173,375
46174,347
46175,398
46176,378
46177,401
46178,370
46179,386
46180,370
46181,376
46182,311
46183,371
46184,346
46185,343
46186,320
46187,258
46188,291
46189,301
46190,247
46191,233
46192,156
46193,167
46194,144
46195,107
46196,147
46197,149
46198,122
46199,124
46200,137
46201,124
46202,119
46203,118
46204,111
46205,93
46206,130
46207,126
46208,100
46209,120
46210,148
46211,133
46212,130
46213,120
46214,117
46215,132
46216,121
46217,154
46218,107
46219,138
46220,129
46221,131
46222,121
46223,115
46224,119
46225,111
46226,102
46227,107
46228,108
46229,120
46230,136
46231,131
46232,135
46233,118
46234,113
46235,103
46236,105
46237,123
46238,103
46239,102
46240,115
46241,112
46242,83
46243,105
46244,113
46245,91
46246,96
46247,97
46248,116
46249,130
46250,138
46251,143
46252,130
46253,144
46254,135
46255,126
46256,135
46257,133
46258,133
46259,128
46260,137
46261,111
46262,109
46263,116
46264,111
46265,133
46266,117
46267,122
46268,148
46269,128
46270,147
46271,144
46272,152
46273,143
46274,154
46275,171
46276,194
46277,181
46278,183
46279,211
46280,217
46281,257
46282,285
46283,265
46284,264
46285,291
46286,270
46287,266
46288,298
46289,298
46290,298
46291,317
46292,323
46293,260
46294,207
46295,168
46296,140
46297,109
46298,120
46299,98
46300,107
46301,102
46302,102
46303,120
46304,126
46305,128
46306,128
46307,164
46308,149
46309,173
46310,172
46311,184
46312,203
46313,189
46314,214
46315,205
46316,214
46317,221
46318,239
46319,194
46320,224
46321,212
46322,207
46323,245
46324,228
46325,246
46326,224
46327,214
46328,253
46329,198
46330,239
46331,231
46332,229
46333,237
46334,230
46335,247
46336,244
46337,241
46338,218
46339,259
46340,226
46341,218
46342,230
46343,246
46344,246
46345,237
46346,225
46347,221
46348,216
46349,247
46350,235
46351,216
46352,228
46353,159
46354,156
46355,157
46356,173
46357,135
46358,142
46359,127
46360,140
46361,163
46362,155
46363,214
46364,183
46365,191
46366,211
46367,232
46368,197
46369,251
46370,205
46371,237
46372,213
46373,230
46374,232
46375,241
46376,250
46377,215
46378,246
46379,247
46380,197
46381,214
46382,239
46383,235
46384,212
46385,243
46386,234
46387,229
46388,292
46389,238
46390,226
46391,268
46392,253
46393,248
46394,237
46395,281
46396,254
46397,223
46398,237
46399,260
46400,224
46401,236
46402,266
46403,213
46404,228
46405,226
46406,238
46407,255
46408,272
46409,219
46410,262
46411,215
46412,256
46413,253
46414,253
46415,270
46416,248
46417,269
46418,253
46419,237
46420,234
46421,257
46422,256
46423,250
46424,214
46425,258
46426,237
46427,252
46428,251
46429,218
46430,207
46431,250
46432,232
46433,254
46434,251
46435,246
46436,228
46437,250
46438,199
46439,234
46440,166
46441,187
46442,157
46443,159
46444,168
46445,154
46446,193
46447,182
46448,206
46449,263
46450,232
46451,169
46452,172
46453,204
46454,239
46455,197
46456,201
46457,212
46458,207
46459,179
46460,178
46461,199
46462,212
46463,194
46464,185
46465,174
46466,195
46467,187
46468,190
46469,201
46470,207
46471,205
46472,171
46473,185
46474,196
46475,190
46476,180
46477,189
46478,179
46479,185
46480,174
46481,179
46482,183
46483,199
46484,184
46485,159
46486,170
46487,144
46488,138
46489,168
46490,180
46491,186
46492,184
46493,170
46494,187
46495,153
46496,174
46497,182
46498,141
46499,172
46500,139
46501,165
46502,185
46503,144
46504,181
46505,175
46506,152
46507,187
46508,165
46509,155
46510,181
46511,157
46512,147
46513,145
46514,155
46515,171
46516,139
46517,165
46518,153
46519,137
46520,166
46521,148
46522,156
46523,171
46524,161
46525,168
46526,174
46527,148
46528,176
46529,159
46530,145
46531,164
46532,163
46533,162
46534,153
46535,185
46536,182
46537,157
46538,167
46539,162
46540,142
46541,184
46542,179
46543,184
46544,168
46545,178
46546,168
46547,179
46548,166
46549,189
46550,152
46551,176
46552,151
46553,159
46554,163
46555,171
46556,143
46557,133
46558,157
46559,139
46560,158
46561,139
46562,135
46563,158
46564,143
46565,156
46566,154
46567,153
46568,173
46569,173
46570,175
46571,192
46572,155
46573,155
46574,165
46575,168
46576,158
46577,157
46578,204
46579,161
46580,171
46581,187
46582,183
46583,168
46584,162
46585,144
46586,184
46587,187
46588,182
46589,193
46590,161
46591,207
46592,155
46593,197
46594,226
46595,206
46596,179
46597,195
46598,160
46599,179
46600,181
46601,181
46602,196
46603,194
46604,191
46605,193
46606,202
46607,212
46608,215
46609,193
46610,225
46611,188
46612,202
46613,180
46614,200
46615,182
46616,190
46617,206
46618,206
46619,174
46620,197
46621,236
46622,217
46623,175
46624,207
46625,187
46626,196
46627,198
46628,199
46629,199
46630,186
46631,178
46632,172
46633,198
46634,166
46635,168
46636,197
46637,175
46638,162
46639,184
46640,194
46641,198
46642,136
46643,168
46644,180
46645,180
46646,175
46647,162
46648,200
46649,207
46650,163
46651,173
46652,171
46653,182
46654,167
46655,158
46656,159
46657,177
46658,163
46659,189
46660,168
46661,184
46662,184
46663,204
46664,172
46665,188
46666,190
46667,186
46668,187
46669,163
46670,193
46671,165
46672,141
46673,184
46674,168
46675,157
46676,129
46677,166
46678,158
46679,181
46680,197
46681,168
46682,163
46683,164
46684,190
46685,171
46686,170
46687,187
46688,178
46689,173
46690,146
46691,188
46692,177
46693,186
46694,156
46695,169
46696,155
46697,179
46698,186
46699,157
46700,187
46701,157
46702,191
46703,176
46704,173
46705,163
46706,184
46707,174
46708,170
46709,163
46710,149
46711,175
46712,195
46713,149
46714,170
46715,158
46716,161
46717,146
46718,161
46719,154
46720,174
46721,128
46722,157
46723,161
46724,159
46725,168
46726,162
46727,165
46728,168
46729,158
46730,138
46731,181
46732,132
46733,159
46734,159
46735,154
46736,175
46737,167
46738,163
46739,179
46740,168
46741,166
46742,172
46743,135
46744,165
46745,167
46746,144
46747,189
46748,158
46749,161
46750,135
46751,174
46752,151
46753,170
46754,158
46755,168
46756,168
46757,142
46758,141
46759,130
46760,175
46761,140
46762,156
46763,139
46764,153
46765,176
46766,173
46767,170
46768,184
46769,128
46770,135
46771,137
46772,134
46773,166
46774,172
46775,150
46776,149
46777,166
46778,158
46779,137
46780,142
46781,139
46782,156
46783,137
46784,154
46785,144
46786,140
46787,152
46788,144
46789,157
46790,162
46791,148
46792,176
46793,198
46794,149
46795,185
46796,162
46797,207
46798,204
46799,221
46800,262
46801,231
46802,225
46803,215
46804,217
46805,209
46806,233
46807,189
46808,206
46809,193
46810,220
46811,218
46812,240
46813,234
46814,224
46815,222
46816,206
46817,215
46818,208
46819,193
46820,197
46821,181
46822,191
46823,207
46824,204
46825,202
46826,196
46827,198
46828,225
46829,186
46830,183
46831,187
46832,189
46833,176
46834,236
46835,183
46836,196
46837,221
46838,192
46839,197
46840,183
46841,209
46842,200
46843,187
46844,183
46845,223
46846,211
46847,217
46848,196
46849,204
46850,182
46851,202
46852,192
46853,221
46854,204
46855,194
46856,166
46857,200
46858,195
46859,191
46860,197
46861,193
46862,208
46863,182
46864,199
46865,210
46866,179
46867,198
46868,190
46869,184
46870,219
46871,195
46872,197
46873,227
46874,199
46875,188
46876,228
46877,209
46878,206
46879,203
46880,227
46881,191
46882,157
46883,198
46884,197
46885,209
46886,198
46887,197
46888,199
46889,203
46890,188
46891,189
46892,197
46893,219
46894,209
46895,186
46896,188
46897,206
46898,208
46899,176
46900,232
46901,185
46902,178
46903,185
46904,163
46905,198
46906,182
46907,184
46908,167
46909,181
46910,222
46911,200
46912,211
46913,196
46914,187
46915,189
46916,205
46917,195
46918,181
46919,200
46920,213
46921,202
46922,218
46923,180
46924,195
46925,195
46926,179
46927,222
46928,176
46929,197
46930,204
46931,198
46932,201
46933,210
46934,179
46935,181
46936,206
46937,227
46938,210
46939,207
46940,171
46941,187
46942,176
46943,230
46944,201
46945,195
46946,209
46947,208
46948,194
46949,201
46950,204
46951,202
46952,222
46953,195
46954,198
46955,227
46956,215
46957,181
46958,158
46959,198
46960,213
46961,205
46962,200
46963,218
46964,228
46965,181
46966,209
46967,208
46968,226
46969,197
46970,195
46971,196
46972,241
46973,202
46974,227
46975,210
46976,183
46977,206
46978,182
46979,201
46980,190
46981,184
46982,176
46983,189
46984,194
46985,193
46986,175
46987,179
46988,173
46989,168
46990,176
46991,206
46992,203
46993,209
46994,199
46995,242
46996,177
46997,197
46998,218
46999,190
47000,211
47001,214
47002,237
47003,189
47004,199
47005,191
47006,185
47007,186
47008,215
47009,179
47010,210
47011,222
47012,179
47013,229
47014,221
47015,213
47016,209
47017,187
47018,215
47019,207
47020,218
47021,206
47022,224
47023,206
47024,212
47025,200
47026,208
47027,214
47028,213
47029,184
47030,206
47031,219
47032,203
47033,205
47034,207
47035,217
47036,190
47037,226
47038,205
47039,217
47040,184
47041,195
47042,210
47043,208
47044,196
47045,188
47046,211
47047,181
47048,207
47049,195
47050,201
47051,196
47052,210
47053,201
47054,206
47055,207
47056,205
47057,223
47058,199
47059,201
47060,184
47061,200
47062,181
47063,238
47064,208
47065,198
47066,206
47067,198
47068,206
47069,217
47070,203
47071,223
47072,206
47073,228
47074,214
47075,240
47076,225
47077,221
47078,190
47079,219
47080,197
47081,218
47082,187
47083,217
47084,205
47085,169
47086,221
47087,203
47088,213
47089,205
47090,212
47091,187
47092,220
47093,209
47094,193
47095,236
47096,181
47097,181
47098,221
47099,214
47100,211
47101,205
47102,194
47103,186
47104,183
47105,185
47106,187
47107,222
47108,221
47109,243
47110,210
47111,216
47112,230
47113,244
47114,194
47115,200
47116,200
47117,215
47118,214
47119,201
47120,207
47121,222
47122,216
47123,210
47124,193
47125,208
47126,220
47127,205
47128,210
47129,205
47130,189
47131,225
47132,215
47133,204
47134,202
47135,207
47136,186
47137,199
47138,194
47139,215
47140,209
47141,180
47142,204
47143,203
47144,186
47145,217
47146,209
47147,199
47148,196
47149,183
47150,215
47151,226
47152,235
47153,202
47154,186
47155,193
47156,201
47157,210
47158,216
47159,209
47160,188
47161,199
47162,208
47163,224
47164,198
47165,231
47166,216
47167,230
47168,216
47169,217
47170,198
47171,227
47172,203
47173,237
47174,205
47175,227
47176,216
47177,203
47178,208
47179,217
47180,194
47181,187
47182,227
47183,194
47184,198
47185,193
47186,201
47187,236
47188,191
47189,253
47190,222
47191,207
47192,217
47193,171
47194,186
47195,187
47196,216
47197,200
47198,173
47199,196
47200,208
47201,198
47202,190
47203,203
47204,223
47205,216
47206,233
47207,212
47208,163
47209,224
47210,214
47211,207
47212,214
47213,220
47214,211
47215,203
47216,196
47217,220
47218,186
47219,221
47220,225
47221,217
47222,171
47223,224
47224,208
47225,232
47226,206
47227,193
47228,244
47229,215
47230,215
47231,204
47232,213
47233,223
47234,219
47235,226
47236,225
47237,219
47238,206
47239,225
47240,213
47241,217
47242,207
47243,214
47244,237
47245,221
47246,205
47247,193
47248,220
47249,237
47250,214
47251,210
47252,229
47253,194
47254,239
47255,207
47256,221
47257,207
47258,242
47259,215
47260,199
47261,220
47262,211
47263,204
47264,241
47265,234
47266,210
47267,228
47268,250
47269,186
47270,235
47271,204
47272,254
47273,214
47274,226
47275,233
47276,240
47277,262
47278,237
47279,220
47280,242
47281,259
47282,232
47283,219
47284,256
47285,234
47286,268
47287,245
47288,238
47289,237
47290,226
47291,217
47292,262
47293,227
47294,242
47295,221
47296,214
47297,249
47298,242
47299,259
47300,233
47301,240
47302,235
47303,252
47304,279
47305,250
47306,239
47307,267
47308,246
47309,245
47310,237
47311,254
47312,272
47313,245
47314,250
47315,262
47316,241
47317,276
47318,234
47319,245
47320,265
47321,241
47322,284
47323,272
47324,240
47325,233
47326,263
47327,236
47328,265
47329,242
47330,232
47331,243
47332,272
47333,262
47334,245
47335,256
47336,263
47337,241
47338,223
47339,235
47340,228
47341,219
47342,237
47343,215
47344,244
47345,203
47346,263
47347,233
47348,261
47349,256
47350,234
47351,236
47352,236
47353,257
47354,216
47355,242
47356,241
47357,208
47358,230
47359,235
47360,224
47361,209
47362,216
47363,226
47364,206
47365,218
47366,229
47367,217
47368,232
47369,239
47370,248
47371,205
47372,243
47373,240
47374,228
47375,235
47376,232
47377,221
47378,232
47379,249
47380,233
47381,256
47382,252
47383,233
47384,218
47385,272
47386,230
47387,254
47388,239
47389,240
47390,215
47391,240
47392,221
47393,243
47394,241
47395,203
47396,240
47397,235
47398,202
47399,264
47400,213
47401,235
47402,240
47403,246
47404,224
47405,248
47406,199
47407,230
47408,190
47409,221
47410,222
47411,211
47412,200
47413,239
47414,252
47415,238
47416,224
47417,241
47418,257
47419,235
47420,223
47421,261
47422,208
47423,243
47424,236
47425,231
47426,237
47427,258
47428,254
47429,215
47430,229
47431,246
47432,259
47433,281
47434,214
47435,234
47436,264
47437,257
47438,251
47439,237
47440,249
47441,236
47442,229
47443,209
47444,227
47445,252
47446,267
47447,222
47448,249
47449,265
47450,228
47451,229
47452,245
47453,244
47454,254
47455,251
47456,243
47457,207
47458,243
47459,244
47460,236
47461,231
47462,230
47463,269
47464,240
47465,262
47466,251
47467,263
47468,240
47469,266
47470,257
47471,244
47472,261
47473,285
47474,234
47475,256
47476,246
47477,233
47478,225
47479,235
47480,263
47481,212
47482,264
47483,242
47484,237
47485,204
47486,215
47487,231
47488,231
47489,231
47490,268
47491,221
47492,209
47493,260
47494,255
47495,232
47496,232
47497,234
47498,251
47499,230
47500,210
47501,256
47502,212
47503,247
47504,228
47505,257
47506,239
47507,238
47508,266
47509,250
47510,234
47511,253
47512,233
47513,227
47514,233
47515,259
47516,212
47517,289
