NETCARE2015/data/raw/Flight1/O3_POLAR6_201504050852_R0_L1_NETCARE.ict
37, 1001
Staebler, Ralf
Environment Canada
Thermo 49i ozone data
Polar 6 NETCARE
1, 1
2015, 4, 5, 2015, 9, 30
0
Start_UTC, seconds
6
1, 1, 1, 1, 1, 1
-9999, -9999, -999.9, -99.9, -99.9, -99.9
Stop_UTC, seconds
hr, decimal hours (UTC)
Press, cell pressure (Torr)
BenchT, instrument temperature (deg C)
LampT, ozone lamp temperature (deg C)
O3, ozone mixing ratio (ppbv)
1
Press, BenchT, LampT are included for diagnostics
16
PI_CONTACT_INFO: Address: 4905 Dufferin Street, Toronto, ON M3H 5T4; email: Ralf.Staebler@ec.gc.ca
PLATFORM: Polar 6 
LOCATION: Location data varies as seen in this file
INSTRUMENT_INFO: Thermo Scienfific ozone analyzer model 49i, S.N. 0606014771
UNCERTAINTY: 0.2 ppbv 
ULOD_FLAG: -7777
ULOD_VALUE: N/A
LLOD_FLAG: -8888
LLOD_VALUE: N/A
DM_CONTACT_INFO: Ralf Staebler; Environment Canada; Ralf.Staebler@ec.gc.ca
PROJECT_INFO: Polar 6 NETCARE Spring 2015 campaign
STIPULATIONS_ON_USE: If use of this data will lead to a publication, we ask that the PI be informed.
OTHER_COMMENTS: N/A
REVISION: R0
R0: First set of data.
Start_UTC,Stop_UTC,hr,Press,BenchT,LampT,O3
[from data line 783]
42830,42840,11.9000,342.8,39.7,53.6,46.4
42840,42850,11.9028,342.8,39.7,53.5,43.3
42850,42860,11.9056,342.5,39.7,53.5,42.5
42860,42870,11.9083,341.9,39.7,53.5,43.7
42870,42880,11.9111,342.5,39.7,53.5,42.9
42880,42890,11.9139,341.9,39.7,53.6,43.9
42890,42900,11.9167,341.9,39.7,53.5,43.8
42900,42910,11.9194,342.5,39.7,53.5,42.9
42910,42920,11.9222,342.5,39.7,53.6,44.8
42920,42930,11.9250,342.8,39.7,53.5,46.4
42930,42940,11.9278,342.5,39.7,53.6,45
42940,42950,11.9306,342.2,39.7,53.5,46.8
42950,42960,11.9333,343.1,39.7,53.5,45.8
42960,42970,11.9361,343.1,39.7,53.5,48.4
42970,42980,11.9389,343.1,39.7,53.5,45.9
42980,42990,11.9417,342.8,39.7,53.5,44.1
42990,43000,11.9444,343.1,39.7,53.5,42.9
43000,43010,11.9472,343.7,39.7,53.5,45.5
43010,43020,11.9500,343.4,39.7,53.5,41.9
43020,43030,11.9528,344.0,39.7,53.5,44
43030,43040,11.9556,344.6,39.7,53.5,45.3
43040,43050,11.9583,344.3,39.7,53.5,45.8
43050,43060,11.9611,344.0,39.7,53.5,44.4
43060,43070,11.9639,343.4,39.7,53.6,44.4
43070,43080,11.9667,343.7,39.7,53.5,45
43080,43090,11.9694,343.1,39.7,53.5,48.4
43090,43100,11.9722,343.1,39.7,53.5,47.1
43100,43110,11.9750,343.4,39.7,53.5,48.3
43110,43120,11.9778,342.5,39.7,53.5,46.7
43120,43130,11.9806,342.8,39.7,53.5,45.9
43130,43140,11.9833,342.5,39.7,53.6,44.6
43140,43150,11.9861,342.8,39.7,53.5,42.9
43150,43160,11.9889,343.4,39.7,53.5,43.7
43160,43170,11.9917,343.1,39.7,53.5,45.3
43170,43180,11.9944,343.4,39.7,53.5,43.7
43180,43190,11.9972,342.8,39.7,53.6,44
43190,43200,12.0000,343.4,39.8,53.5,43.3
43200,43210,12.0028,344.0,39.8,53.5,45.9
43210,43220,12.0056,344.3,39.7,53.6,46.1
43220,43230,12.0083,345.8,39.8,53.5,49.4
43230,43240,12.0111,347.3,39.7,53.5,51.3
43240,43250,12.0139,349.1,39.8,53.5,53.5
43250,43260,12.0167,350.2,39.8,53.5,54.5
43260,43270,12.0194,351.1,39.8,53.5,54.4
43270,43280,12.0222,353.2,39.8,53.5,50
43280,43290,12.0250,354.7,39.8,53.5,49.8
43290,43300,12.0278,355.9,39.8,53.5,51.2
43300,43310,12.0306,357.4,39.8,53.6,49.7
43310,43320,12.0333,359.2,39.8,53.5,51.6
43320,43330,12.0361,361.6,39.8,53.5,44.5
43330,43340,12.0389,362.2,39.8,53.5,46.9
43340,43350,12.0417,363.7,39.8,53.5,49.8
43350,43360,12.0444,365.2,39.8,53.6,50.2
43360,43370,12.0472,365.8,39.8,53.5,50.1
43370,43380,12.0500,367.0,39.8,53.5,50.4
43380,43390,12.0528,367.6,39.8,53.6,52
43390,43400,12.0556,369.1,39.8,53.5,52.1
43400,43410,12.0583,370.9,39.8,53.6,49.2
43410,43420,12.0611,371.8,39.8,53.5,50.2
43420,43430,12.0639,373.6,39.8,53.5,48.8
43430,43440,12.0667,375.4,39.8,53.6,50.2
43440,43450,12.0694,376.9,39.8,53.5,50.4
43450,43460,12.0722,378.4,39.8,53.5,50.8
43460,43470,12.0750,379.3,39.8,53.5,49.5
43470,43480,12.0778,381.1,39.8,53.4,50.5
43480,43490,12.0806,382.6,39.8,53.5,51.6
43490,43500,12.0833,382.9,39.8,53.5,53.4
43500,43510,12.0861,384.4,39.8,53.6,52.8
43510,43520,12.0889,386.5,39.7,53.6,54.6
43520,43530,12.0917,388.0,39.7,53.5,54.9
43530,43540,12.0944,389.8,39.8,53.6,53.9
43540,43550,12.0972,391.0,39.7,53.5,51.9
43550,43560,12.1000,392.5,39.7,53.5,52.7
43560,43570,12.1028,394.6,39.7,53.5,51.7
43570,43580,12.1056,395.8,39.7,53.6,52.5
43580,43590,12.1083,397.3,39.7,53.5,52.5
43590,43600,12.1111,399.1,39.7,53.5,52.2
43600,43610,12.1139,400.3,39.7,53.5,50.6
43610,43620,12.1167,401.5,39.7,53.5,49.7
43620,43630,12.1194,403.0,39.7,53.4,52.7
43630,43640,12.1222,404.5,39.7,53.5,52.9
43640,43650,12.1250,406.0,39.7,53.5,52.5
43650,43660,12.1278,407.8,39.7,53.5,49.7
43660,43670,12.1306,409.3,39.7,53.5,49.6
43670,43680,12.1333,410.5,39.7,53.5,47.8
43680,43690,12.1361,412.0,39.7,53.5,47.4
43690,43700,12.1389,413.5,39.7,53.5,44.7
43700,43710,12.1417,414.7,39.7,53.5,44.4
43710,43720,12.1444,416.5,39.7,53.5,45.5
43720,43730,12.1472,418.0,39.7,53.5,45.9
43730,43740,12.1500,419.5,39.7,53.5,45.2
43740,43750,12.1528,420.4,39.7,53.5,45.4
43750,43760,12.1556,422.2,39.7,53.5,45.8
43760,43770,12.1583,422.8,39.7,53.5,46.5
43770,43780,12.1611,423.4,39.7,53.5,45.4
43780,43790,12.1639,423.7,39.7,53.5,43.6
43790,43800,12.1667,424.9,39.7,53.5,35.8
43800,43810,12.1694,425.5,39.7,53.5,37.1
43810,43820,12.1722,426.1,39.6,53.5,34.6
43820,43830,12.1750,426.4,39.6,53.5,33.6
43830,43840,12.1778,427.5,39.6,53.5,36
43840,43850,12.1806,429.0,39.6,53.5,37.5
43850,43860,12.1833,429.9,39.6,53.5,34.8
43860,43870,12.1861,430.8,39.6,53.5,34.6
43870,43880,12.1889,432.6,39.6,53.5,33.8
43880,43890,12.1917,435.0,39.6,53.5,35.4
43890,43900,12.1944,436.2,39.6,53.5,34.5
43900,43910,12.1972,437.7,39.6,53.5,33.7
43910,43920,12.2000,439.8,39.6,53.5,34.4
43920,43930,12.2028,441.9,39.6,53.5,34.1
43930,43940,12.2056,443.7,39.6,53.5,34
43940,43950,12.2083,444.9,39.6,53.5,35.6
43950,43960,12.2111,446.7,39.6,53.5,34.3
43960,43970,12.2139,448.8,39.6,53.5,33.9
43970,43980,12.2167,450.6,39.6,53.5,35
43980,43990,12.2194,452.1,39.5,53.5,37.8
43990,44000,12.2222,454.2,39.5,53.5,39.6
44000,44010,12.2250,456.3,39.5,53.5,41.1
44010,44020,12.2278,458.7,39.5,53.5,39.2
44020,44030,12.2306,460.2,39.5,53.5,40.1
44030,44040,12.2333,462.6,39.5,53.5,40.3
44040,44050,12.2361,464.1,39.5,53.5,40.3
44050,44060,12.2389,465.6,39.5,53.5,42.4
44060,44070,12.2417,468.0,39.5,53.5,40.8
44070,44080,12.2444,470.1,39.4,53.5,41.3
44080,44090,12.2472,471.9,39.4,53.5,40.2
44090,44100,12.2500,473.4,39.4,53.5,39.6
44100,44110,12.2528,475.2,39.4,53.5,41.2
44110,44120,12.2556,477.3,39.4,53.5,41.1
44120,44130,12.2583,480.3,39.4,53.5,38.7
44130,44140,12.2611,482.1,39.4,53.5,38.5
44140,44150,12.2639,483.9,39.4,53.5,38.4
44150,44160,12.2667,486.0,39.4,53.5,39.3
44160,44170,12.2694,487.5,39.4,53.5,38.8
44170,44180,12.2722,488.7,39.3,53.5,40
44180,44190,12.2750,489.6,39.3,53.5,40.4
44190,44200,12.2778,491.4,39.3,53.5,40.1
44200,44210,12.2806,492.9,39.3,53.5,40.1
44210,44220,12.2833,494.1,39.3,53.5,40.8
44220,44230,12.2861,495.6,39.3,53.5,40.4
44230,44240,12.2889,498.3,39.3,53.5,41.7
44240,44250,12.2917,501.6,39.3,53.5,41.8
44250,44260,12.2944,504.0,39.2,53.5,37.4
44260,44270,12.2972,506.3,39.2,53.5,39.6
44270,44280,12.3000,508.1,39.2,53.5,40.8
44280,44290,12.3028,509.0,39.2,53.5,37.5
44290,44300,12.3056,509.6,39.2,53.5,37.4
44300,44310,12.3083,509.6,39.2,53.5,36.3
44310,44320,12.3111,509.9,39.2,53.5,37.8
44320,44330,12.3139,510.8,39.2,53.5,39.5
44330,44340,12.3167,510.5,39.1,53.5,40
44340,44350,12.3194,511.7,39.1,53.5,42.6
44350,44360,12.3222,512.6,39.1,53.5,41.1
44360,44370,12.3250,512.0,39.1,53.5,40.8
44370,44380,12.3278,511.1,39.1,53.5,40
44380,44390,12.3306,510.5,39.1,53.5,39.4
44390,44400,12.3333,510.5,39.1,53.4,40.6
44400,44410,12.3361,510.8,39.1,53.5,41.2
44410,44420,12.3389,510.5,39.1,53.5,38.3
44420,44430,12.3417,510.2,39.0,53.5,38.3
44430,44440,12.3444,510.8,39.0,53.5,37.1
44440,44450,12.3472,511.1,39.0,53.5,37.4
44450,44460,12.3500,510.5,39.0,53.5,39.2
44460,44470,12.3528,510.2,38.9,53.5,38.3
44470,44480,12.3556,511.1,38.9,53.5,37.1
44480,44490,12.3583,511.7,38.9,53.4,35.3
44490,44500,12.3611,511.7,38.9,53.5,35.3
44500,44510,12.3639,512.0,38.9,53.5,35.6
44510,44520,12.3667,512.6,38.9,53.5,36.4
44520,44530,12.3694,511.4,38.9,53.5,36.4
44530,44540,12.3722,511.1,38.9,53.5,34.5
44540,44550,12.3750,511.1,38.9,53.5,35
44550,44560,12.3778,511.4,38.9,53.5,34.4
44560,44570,12.3806,511.1,38.8,53.4,36.8
44570,44580,12.3833,510.8,38.8,53.4,36.8
44580,44590,12.3861,510.2,38.8,53.5,37.1
44590,44600,12.3889,509.9,38.8,53.5,35.2
44600,44610,12.3917,509.0,38.8,53.5,38.1
44610,44620,12.3944,508.4,38.8,53.5,38.2
44620,44630,12.3972,508.7,38.8,53.4,36.2
44630,44640,12.4000,509.6,38.8,53.4,37.8
44640,44650,12.4028,509.9,38.8,53.5,37.7
44650,44660,12.4056,509.9,38.7,53.5,36
44660,44670,12.4083,510.2,38.7,53.5,36.4
44670,44680,12.4111,510.5,38.7,53.5,36.3
44680,44690,12.4139,510.5,38.7,53.5,36.2
44690,44700,12.4167,510.8,38.6,53.4,36.8
44700,44710,12.4194,511.1,38.6,53.4,36.1
44710,44720,12.4222,512.3,38.6,53.5,37.8
44720,44730,12.4250,512.0,38.6,53.5,36.7
44730,44740,12.4278,511.4,38.6,53.5,37
44740,44750,12.4306,511.1,38.6,53.5,35.6
44750,44760,12.4333,511.7,38.6,53.4,36.2
44760,44770,12.4361,512.0,38.6,53.4,37
44770,44780,12.4389,511.4,38.6,53.4,36.7
44780,44790,12.4417,511.1,38.5,53.5,36.5
44790,44800,12.4444,510.8,38.5,53.5,34.8
44800,44810,12.4472,510.8,38.5,53.5,34.8
44810,44820,12.4500,510.2,38.5,53.5,34.5
44820,44830,12.4528,510.8,38.5,53.4,34.8
44830,44840,12.4556,512.9,38.5,53.5,35.6
44840,44850,12.4583,514.7,38.5,53.5,34.5
44850,44860,12.4611,516.2,38.4,53.5,34.4
44860,44870,12.4639,517.7,38.4,53.5,35.7
44870,44880,12.4667,519.8,38.4,53.5,35.5
44880,44890,12.4694,521.9,38.4,53.4,35.4
44890,44900,12.4722,523.7,38.4,53.5,36.2
44900,44910,12.4750,525.5,38.4,53.5,35.2
44910,44920,12.4778,527.9,38.4,53.5,36.7
44920,44930,12.4806,529.7,38.3,53.5,37.9
44930,44940,12.4833,531.2,38.3,53.5,37
44940,44950,12.4861,533.0,38.3,53.4,36.6
44950,44960,12.4889,535.4,38.3,53.4,34.9
44960,44970,12.4917,537.5,38.3,53.4,36.7
44970,44980,12.4944,539.0,38.3,53.4,36.2
44980,44990,12.4972,540.2,38.3,53.5,35.3
44990,45000,12.5000,542.3,38.2,53.4,36.5
45000,45010,12.5028,543.5,38.2,53.5,37
45010,45020,12.5056,545.3,38.2,53.4,37.7
45020,45030,12.5083,547.7,38.2,53.4,38.6
45030,45040,12.5111,551.0,38.2,53.4,39.4
45040,45050,12.5139,552.8,38.2,53.4,38.4
45050,45060,12.5167,552.5,38.2,53.5,37.2
45060,45070,12.5194,552.5,38.1,53.5,36.3
45070,45080,12.5222,552.5,38.1,53.5,36
45080,45090,12.5250,552.2,38.1,53.4,35.5
45090,45100,12.5278,553.1,38.1,53.4,38
45100,45110,12.5306,552.8,38.1,53.4,39.1
45110,45120,12.5333,553.1,38.1,53.4,39
45120,45130,12.5361,553.4,38.1,53.5,41.9
45130,45140,12.5389,553.4,38.0,53.5,40.8
45140,45150,12.5417,553.7,38.0,53.5,41.4
45150,45160,12.5444,554.3,38.0,53.4,41.8
45160,45170,12.5472,554.3,38.0,53.4,41.3
45170,45180,12.5500,554.0,38.0,53.4,40.3
45180,45190,12.5528,553.4,38.0,53.4,40.2
45190,45200,12.5556,553.7,38.0,53.5,40.4
45200,45210,12.5583,552.5,38.0,53.5,41.1
45210,45220,12.5611,552.2,37.9,53.4,41.4
45220,45230,12.5639,552.2,37.9,53.4,40.6
45230,45240,12.5667,552.5,37.9,53.4,42
45240,45250,12.5694,553.1,37.9,53.4,41.9
45250,45260,12.5722,552.8,37.9,53.4,39.8
45260,45270,12.5750,552.5,37.9,53.5,40.8
45270,45280,12.5778,552.2,37.8,53.5,38.5
45280,45290,12.5806,552.2,37.8,53.5,39.5
45290,45300,12.5833,551.6,37.8,53.4,39
45300,45310,12.5861,551.3,37.8,53.4,40.1
45310,45320,12.5889,551.9,37.8,53.4,41.2
45320,45330,12.5917,551.9,37.8,53.4,39.4
45330,45340,12.5944,551.0,37.8,53.5,42.3
45340,45350,12.5972,550.1,37.8,53.5,42.7
45350,45360,12.6000,550.4,37.7,53.5,42.1
45360,45370,12.6028,551.0,37.7,53.4,40.7
45370,45380,12.6056,551.6,37.7,53.4,39.7
45380,45390,12.6083,552.2,37.7,53.4,41.2
45390,45400,12.6111,553.4,37.7,53.4,41.1
45400,45410,12.6139,554.3,37.7,53.4,41.4
45410,45420,12.6167,553.7,37.7,53.5,42.5
45420,45430,12.6194,553.1,37.6,53.4,42.6
45430,45440,12.6222,552.5,37.6,53.4,42
45440,45450,12.6250,551.3,37.6,53.4,42.6
45450,45460,12.6278,550.7,37.6,53.4,41.3
45460,45470,12.6306,549.8,37.6,53.4,42.9
45470,45480,12.6333,550.1,37.6,53.4,43
45480,45490,12.6361,550.4,37.5,53.4,41.9
45490,45500,12.6389,550.4,37.5,53.5,39.7
45500,45510,12.6417,550.4,37.5,53.5,39.4
45510,45520,12.6444,551.3,37.5,53.4,40.2
45520,45530,12.6472,551.9,37.5,53.4,39.6
45530,45540,12.6500,552.5,37.5,53.4,39.5
45540,45550,12.6528,552.8,37.5,53.4,42.5
45550,45560,12.6556,553.4,37.5,53.4,41
45560,45570,12.6583,553.1,37.4,53.4,43.5
45570,45580,12.6611,552.5,37.4,53.4,41.7
45580,45590,12.6639,552.2,37.4,53.4,41.1
45590,45600,12.6667,552.5,37.4,53.4,41.1
45600,45610,12.6694,552.2,37.4,53.4,42.2
45610,45620,12.6722,552.5,37.4,53.4,41.5
45620,45630,12.6750,552.8,37.4,53.4,41.9
45630,45640,12.6778,554.9,37.4,53.4,40.5
45640,45650,12.6806,557.6,37.3,53.4,42
45650,45660,12.6833,559.7,37.3,53.5,41.2
45660,45670,12.6861,561.5,37.3,53.4,40.2
45670,45680,12.6889,563.3,37.3,53.4,39.8
45680,45690,12.6917,565.1,37.3,53.4,41.8
45690,45700,12.6944,566.0,37.3,53.4,40.9
45700,45710,12.6972,567.5,37.2,53.4,41.1
45710,45720,12.7000,569.0,37.2,53.4,41.2
45720,45730,12.7028,570.5,37.2,53.4,41.3
45730,45740,12.7056,572.3,37.2,53.4,41.3
45740,45750,12.7083,574.1,37.2,53.4,41.5
45750,45760,12.7111,576.2,37.2,53.5,41
45760,45770,12.7139,578.6,37.2,53.4,40.6
45770,45780,12.7167,580.7,37.2,53.4,40.6
45780,45790,12.7194,582.7,37.1,53.4,40.5
45790,45800,12.7222,585.4,37.1,53.4,40
45800,45810,12.7250,587.8,37.1,53.5,41.5
45810,45820,12.7278,589.6,37.1,53.4,41.2
45820,45830,12.7306,591.1,37.1,53.4,41.9
45830,45840,12.7333,594.1,37.1,53.4,41.4
45840,45850,12.7361,595.9,37.1,53.4,41.8
45850,45860,12.7389,597.4,37.0,53.4,42.9
45860,45870,12.7417,600.1,37.0,53.4,42.8
45870,45880,12.7444,602.5,37.0,53.4,41.3
45880,45890,12.7472,604.9,37.0,53.4,41.7
45890,45900,12.7500,607.0,37.0,53.5,42
45900,45910,12.7528,608.8,37.0,53.4,41.1
45910,45920,12.7556,610.9,37.0,53.4,41.2
45920,45930,12.7583,612.7,37.0,53.4,41.4
45930,45940,12.7611,613.9,36.9,53.4,42.1
45940,45950,12.7639,615.4,36.9,53.4,41.2
45950,45960,12.7667,617.5,36.9,53.4,41.7
45960,45970,12.7694,618.4,36.9,53.4,42.4
45970,45980,12.7722,619.0,36.9,53.4,42.3
45980,45990,12.7750,619.9,36.9,53.4,42.3
45990,46000,12.7778,620.8,36.9,53.4,41.9
46000,46010,12.7806,621.7,36.9,53.4,42.1
46010,46020,12.7833,621.7,36.8,53.4,43.3
46020,46030,12.7861,622.0,36.8,53.4,41.6
46030,46040,12.7889,622.3,36.8,53.4,39.8
46040,46050,12.7917,622.0,36.8,53.4,38
46050,46060,12.7944,622.0,36.8,53.4,40.2
46060,46070,12.7972,623.2,36.8,53.4,39.3
46070,46080,12.8000,624.4,36.8,53.4,38.8
46080,46090,12.8028,625.9,36.7,53.4,39.8
46090,46100,12.8056,626.5,36.7,53.4,42.3
46100,46110,12.8083,627.7,36.7,53.4,42
46110,46120,12.8111,629.5,36.7,53.4,42.1
46120,46130,12.8139,631.6,36.7,53.4,42.6
46130,46140,12.8167,633.7,36.7,53.4,41
46140,46150,12.8194,636.4,36.7,53.4,41.2
46150,46160,12.8222,639.4,36.7,53.4,40.3
46160,46170,12.8250,641.5,36.6,53.4,40.1
46170,46180,12.8278,642.4,36.6,53.4,40.5
46180,46190,12.8306,644.2,36.6,53.4,41.8
46190,46200,12.8333,644.5,36.6,53.4,39.9
46200,46210,12.8361,644.2,36.6,53.4,40.8
46210,46220,12.8389,645.1,36.6,53.4,42.8
46220,46230,12.8417,646.9,36.6,53.4,41.8
46230,46240,12.8444,649.6,36.5,53.4,41.7
46240,46250,12.8472,652.3,36.5,53.4,42.9
46250,46260,12.8500,654.4,36.5,53.4,40
46260,46270,12.8528,656.5,36.5,53.4,39.2
46270,46280,12.8556,658.6,36.5,53.5,41
46280,46290,12.8583,659.5,36.5,53.5,40.9
46290,46300,12.8611,660.6,36.5,53.4,43.4
46300,46310,12.8639,663.3,36.5,53.4,43.5
46310,46320,12.8667,666.9,36.4,53.4,43
46320,46330,12.8694,669.3,36.4,53.4,42.8
46330,46340,12.8722,669.0,36.4,53.4,41.3
46340,46350,12.8750,668.4,36.4,53.4,42.2
46350,46360,12.8778,668.1,36.4,53.3,43.1
46360,46370,12.8806,668.4,36.4,53.4,43.5
46370,46380,12.8833,668.7,36.4,53.3,43.4
46380,46390,12.8861,668.4,36.4,53.5,43.7
46390,46400,12.8889,669.9,36.4,53.4,44.3
46400,46410,12.8917,670.8,36.3,53.4,44.1
46410,46420,12.8944,670.5,36.3,53.3,43.5
46420,46430,12.8972,670.2,36.3,53.4,42.1
46430,46440,12.9000,667.8,36.3,53.5,43.2
46440,46450,12.9028,667.5,36.3,53.3,43.2
46450,46460,12.9056,667.2,36.3,53.5,41.3
46460,46470,12.9083,669.6,36.3,53.3,41.6
46470,46480,12.9111,671.7,36.3,53.3,41.4
46480,46490,12.9139,672.6,36.2,53.3,41.3
46490,46500,12.9167,671.1,36.2,53.4,40.2
46500,46510,12.9194,670.5,36.2,53.4,41.1
46510,46520,12.9222,670.5,36.2,53.3,40.4
46520,46530,12.9250,670.2,36.2,53.3,40.4
46530,46540,12.9278,669.3,36.2,53.4,40.3
46540,46550,12.9306,667.8,36.2,53.4,40.5
46550,46560,12.9333,667.5,36.2,53.4,40.9
46560,46570,12.9361,669.0,36.1,53.3,41.8
46570,46580,12.9389,669.9,36.1,53.4,41.6
46580,46590,12.9417,670.8,36.1,53.3,42.4
46590,46600,12.9444,671.4,36.1,53.5,42.5
46600,46610,12.9472,671.4,36.1,53.4,42.4
46610,46620,12.9500,672.0,36.1,53.4,42
46620,46630,12.9528,671.4,36.1,53.4,42.6
46630,46640,12.9556,671.4,36.1,53.4,42.1
46640,46650,12.9583,670.8,36.1,53.4,40.7
46650,46660,12.9611,670.5,36.1,53.4,40
46660,46670,12.9639,670.5,36.0,53.4,41.5
46670,46680,12.9667,669.9,36.0,53.3,42.9
46680,46690,12.9694,669.3,36.0,53.5,42.8
46690,46700,12.9722,668.7,36.0,53.4,42.7
46700,46710,12.9750,670.8,36.0,53.4,42.9
46710,46720,12.9778,673.8,36.0,53.3,41.3
46720,46730,12.9806,675.9,35.9,53.5,42
46730,46740,12.9833,677.7,35.9,53.3,41.1
