NETCARE2015/data/raw/Flight1/O3_POLAR6_201504050852_R0_L1_NETCARE.ict
37, 1001
Staebler, Ralf
Environment Canada
Thermo 49i ozone data
Polar 6 NETCARE
1, 1
2015, 4, 5, 2015, 9, 30
0
Start_UTC, seconds
6
1, 1, 1, 1, 1, 1
-9999, -9999, -999.9, -99.9, -99.9, -99.9
Stop_UTC, seconds
hr, decimal hours (UTC)
Press, cell pressure (Torr)
BenchT, instrument temperature (deg C)
LampT, ozone lamp temperature (deg C)
O3, ozone mixing ratio (ppbv)
1
Press, BenchT, LampT are included for diagnostics
16
PI_CONTACT_INFO: Address: 4905 Dufferin Street, Toronto, ON M3H 5T4; email: Ralf.Staebler@ec.gc.ca
PLATFORM: Polar 6 
LOCATION: Location data varies as seen in this file
INSTRUMENT_INFO: Thermo Scienfific ozone analyzer model 49i, S.N. 0606014771
UNCERTAINTY: 0.2 ppbv 
ULOD_FLAG: -7777
ULOD_VALUE: N/A
LLOD_FLAG: -8888
LLOD_VALUE: N/A
DM_CONTACT_INFO: Ralf Staebler; Environment Canada; Ralf.Staebler@ec.gc.ca
PROJECT_INFO: Polar 6 NETCARE Spring 2015 campaign
STIPULATIONS_ON_USE: If use of this data will lead to a publication, we ask that the PI be informed.
OTHER_COMMENTS: N/A
REVISION: R0
R0: First set of data.
Start_UTC,Stop_UTC,hr,Press,BenchT,LampT,O3
35000,35010,9.7250,755.9,35.2,53.4,-99.9
35010,35020,9.7278,750.5,35.2,53.4,-99.9
35020,35030,9.7306,747.2,35.2,53.4,-99.9
35030,35040,9.7333,743.0,35.3,53.4,-99.9
35040,35050,9.7361,737.6,35.3,53.4,-99.9
35050,35060,9.7389,732.3,35.3,53.4,-99.9
35060,35070,9.7417,727.8,35.4,53.4,-99.9
35070,35080,9.7444,723.9,35.4,53.4,-99.9
35080,35090,9.7472,720.0,35.5,53.4,-99.9
35090,35100,9.7500,717.0,35.5,53.4,-99.9
35100,35110,9.7528,712.5,35.5,53.5,-99.9
35110,35120,9.7556,708.0,35.5,53.4,-99.9
35120,35130,9.7583,702.3,35.5,53.5,-99.9
35130,35140,9.7611,697.5,35.6,53.5,-99.9
35140,35150,9.7639,692.4,35.6,53.4,-99.9
35150,35160,9.7667,688.5,35.7,53.4,-99.9
35160,35170,9.7694,683.4,35.7,53.4,-99.9
35170,35180,9.7722,668.4,35.7,53.4,-99.9
35180,35190,9.7750,663.9,35.8,53.4,41.1
35190,35200,9.7778,660.3,35.8,53.4,40.3
35200,35210,9.7806,656.2,35.8,53.4,41.6
35210,35220,9.7833,652.0,35.9,53.4,47.1
35220,35230,9.7861,649.6,35.9,53.4,37.3
35230,35240,9.7889,647.8,35.9,53.5,41.2
35240,35250,9.7917,646.6,35.9,53.5,41.9
35250,35260,9.7944,646.0,36.0,53.5,41.2
35260,35270,9.7972,646.9,36.0,53.5,40.2
35270,35280,9.8000,645.7,36.1,53.5,41.2
35280,35290,9.8028,647.2,36.1,53.5,42.8
35290,35300,9.8056,644.5,36.1,53.5,41.9
35300,35310,9.8083,644.5,36.1,53.5,41.1
35310,35320,9.8111,645.1,36.2,53.4,42.2
35320,35330,9.8139,647.2,36.2,53.4,42.3
35330,35340,9.8167,645.4,36.3,53.4,36.3
35340,35350,9.8194,647.2,36.3,53.5,41.2
35350,35360,9.8222,645.7,36.3,53.5,46.5
35360,35370,9.8250,644.5,36.3,53.5,42.3
35370,35380,9.8278,640.6,36.4,53.5,42.8
35380,35390,9.8306,636.4,36.4,53.5,42
35390,35400,9.8333,633.1,36.4,53.4,43.5
35400,35410,9.8361,629.5,36.5,53.4,42.3
35410,35420,9.8389,625.3,36.5,53.5,40.7
35420,35430,9.8417,621.1,36.5,53.5,41.9
35430,35440,9.8444,618.1,36.6,53.5,42.5
35440,35450,9.8472,615.7,36.6,53.5,42
35450,35460,9.8500,612.1,36.6,53.4,40.9
35460,35470,9.8528,606.7,36.6,53.5,41.5
35470,35480,9.8556,601.3,36.7,53.5,40.3
35480,35490,9.8583,596.2,36.7,53.5,41.9
35490,35500,9.8611,592.0,36.7,53.4,40.5
35500,35510,9.8639,588.4,36.8,53.4,42
35510,35520,9.8667,584.2,36.8,53.4,40.3
35520,35530,9.8694,581.3,36.8,53.5,41.8
35530,35540,9.8722,580.1,36.9,53.4,40.1
35540,35550,9.8750,578.6,36.9,53.5,41.9
35550,35560,9.8778,577.7,36.9,53.5,40.6
35560,35570,9.8806,578.6,36.9,53.5,41.3
35570,35580,9.8833,578.0,37.0,53.5,41
35580,35590,9.8861,577.4,37.0,53.4,41.6
35590,35600,9.8889,578.9,37.0,53.5,41.9
35600,35610,9.8917,579.8,37.0,53.4,39.6
35610,35620,9.8944,581.6,37.1,53.5,40.6
35620,35630,9.8972,581.0,37.1,53.5,41.2
35630,35640,9.9000,581.6,37.1,53.5,39.6
35640,35650,9.9028,581.9,37.2,53.5,41.2
35650,35660,9.9056,582.7,37.2,53.5,39.3
35660,35670,9.9083,582.7,37.2,53.5,40.7
35670,35680,9.9111,583.6,37.3,53.5,40.9
35680,35690,9.9139,585.1,37.3,53.5,45.2
35690,35700,9.9167,584.8,37.3,53.5,41.8
35700,35710,9.9194,583.9,37.4,53.5,40.9
35710,35720,9.9222,584.8,37.4,53.5,41.7
35720,35730,9.9250,585.4,37.4,53.5,41.3
35730,35740,9.9278,585.7,37.4,53.5,42.3
35740,35750,9.9306,586.0,37.5,53.5,40.5
35750,35760,9.9333,586.6,37.5,53.5,40.8
35760,35770,9.9361,586.6,37.5,53.5,41.1
35770,35780,9.9389,585.7,37.5,53.5,40.8
35780,35790,9.9417,585.4,37.6,53.5,41.9
35790,35800,9.9444,585.4,37.6,53.5,41.1
35800,35810,9.9472,585.1,37.6,53.5,41
35810,35820,9.9500,585.1,37.7,53.5,41.2
35820,35830,9.9528,585.7,37.7,53.5,41.3
35830,35840,9.9556,585.7,37.7,53.5,41.4
35840,35850,9.9583,585.4,37.7,53.4,41.6
35850,35860,9.9611,585.1,37.8,53.5,41.7
35860,35870,9.9639,583.6,37.8,53.5,40.7
35870,35880,9.9667,582.7,37.8,53.5,41.3
35880,35890,9.9694,582.5,37.8,53.5,40.7
35890,35900,9.9722,581.6,37.8,53.5,39.7
35900,35910,9.9750,580.7,37.9,53.5,40.4
35910,35920,9.9778,581.3,37.9,53.5,40.4
35920,35930,9.9806,581.6,37.9,53.5,41.8
35930,35940,9.9833,580.7,37.9,53.5,41
35940,35950,9.9861,581.0,38.0,53.5,39.6
35950,35960,9.9889,581.6,38.0,53.5,41.5
35960,35970,9.9917,581.6,38.0,53.5,40.7
35970,35980,9.9944,581.6,38.0,53.5,41.5
35980,35990,9.9972,582.1,38.1,53.5,42.8
35990,36000,10.0000,582.7,38.1,53.5,41.4
36000,36010,10.0028,583.9,38.1,53.5,41.6
36010,36020,10.0056,583.6,38.1,53.5,40.8
36020,36030,10.0083,583.3,38.1,53.5,41.7
36030,36040,10.0111,583.6,38.2,53.5,41.3
36040,36050,10.0139,583.6,38.2,53.5,41.3
36050,36060,10.0167,583.0,38.2,53.5,42.1
36060,36070,10.0194,583.3,38.2,53.5,41.3
36070,36080,10.0222,584.8,38.2,53.5,42
36080,36090,10.0250,585.1,38.3,53.5,41.4
36090,36100,10.0278,585.1,38.3,53.5,40
36100,36110,10.0306,585.4,38.3,53.5,41.7
36110,36120,10.0333,585.7,38.3,53.5,41.5
36120,36130,10.0361,586.6,38.3,53.5,42.9
36130,36140,10.0389,587.8,38.4,53.5,42.8
36140,36150,10.0417,588.7,38.4,53.5,42.1
36150,36160,10.0444,589.0,38.4,53.5,41.9
36160,36170,10.0472,589.0,38.4,53.5,41.7
36170,36180,10.0500,589.3,38.5,53.5,41.6
36180,36190,10.0528,587.8,38.5,53.5,41.5
36190,36200,10.0556,587.8,38.5,53.5,40.6
36200,36210,10.0583,588.1,38.5,53.5,42.4
36210,36220,10.0611,587.2,38.5,53.5,42.3
36220,36230,10.0639,586.3,38.5,53.5,41.8
36230,36240,10.0667,586.0,38.6,53.5,41.8
36240,36250,10.0694,586.3,38.6,53.5,41.1
36250,36260,10.0722,586.0,38.6,53.5,40.9
36260,36270,10.0750,586.3,38.6,53.5,41.4
36270,36280,10.0778,586.9,38.6,53.5,41.4
36280,36290,10.0806,586.3,38.6,53.5,42.5
36290,36300,10.0833,585.7,38.6,53.5,41.9
36300,36310,10.0861,586.0,38.6,53.5,41.5
36310,36320,10.0889,586.0,38.7,53.5,41.2
36320,36330,10.0917,586.6,38.7,53.5,41.7
36330,36340,10.0944,586.9,38.7,53.5,41.7
36340,36350,10.0972,586.9,38.7,53.5,42.6
36350,36360,10.1000,588.1,38.7,53.5,41.6
36360,36370,10.1028,587.8,38.8,53.5,42.1
36370,36380,10.1056,587.2,38.8,53.5,40.4
36380,36390,10.1083,586.0,38.8,53.5,39.4
36390,36400,10.1111,586.6,38.8,53.5,41
36400,36410,10.1139,586.3,38.8,53.5,40.4
36410,36420,10.1167,585.4,38.8,53.5,41.7
36420,36430,10.1194,585.1,38.9,53.5,42
36430,36440,10.1222,585.7,38.9,53.5,41.6
36440,36450,10.1250,585.4,38.9,53.5,41.7
36450,36460,10.1278,585.1,38.9,53.5,41.3
36460,36470,10.1306,585.7,38.9,53.5,41
36470,36480,10.1333,585.7,38.9,53.5,40.5
36480,36490,10.1361,585.1,38.9,53.5,41
36490,36500,10.1389,585.4,38.9,53.5,40.9
36500,36510,10.1417,585.1,38.9,53.5,41.8
36510,36520,10.1444,585.7,39.0,53.5,40.8
36520,36530,10.1472,586.6,39.0,53.5,40.7
36530,36540,10.1500,586.3,39.0,53.5,40.7
36540,36550,10.1528,585.7,39.0,53.5,41.5
36550,36560,10.1556,586.6,39.0,53.5,41.8
36560,36570,10.1583,586.3,39.0,53.5,41.8
36570,36580,10.1611,585.7,39.0,53.5,39.7
36580,36590,10.1639,586.6,39.1,53.4,41
36590,36600,10.1667,586.6,39.1,53.5,39.7
36600,36610,10.1694,586.9,39.1,53.5,39.7
36610,36620,10.1722,587.2,39.1,53.5,40.2
36620,36630,10.1750,587.2,39.1,53.5,40.2
36630,36640,10.1778,587.2,39.1,53.5,40.4
36640,36650,10.1806,587.5,39.1,53.5,42.2
36650,36660,10.1833,586.9,39.1,53.5,40.2
36660,36670,10.1861,585.7,39.1,53.5,40.8
36670,36680,10.1889,586.3,39.2,53.5,41.8
36680,36690,10.1917,586.6,39.2,53.5,42
36690,36700,10.1944,585.7,39.2,53.5,41.3
36700,36710,10.1972,586.3,39.2,53.5,40.8
36710,36720,10.2000,586.6,39.2,53.5,40.7
36720,36730,10.2028,586.9,39.2,53.5,40.2
36730,36740,10.2056,586.6,39.2,53.5,39.2
36740,36750,10.2083,586.9,39.2,53.5,40.9
36750,36760,10.2111,586.6,39.2,53.5,40.6
36760,36770,10.2139,586.9,39.2,53.4,40.5
36770,36780,10.2167,586.6,39.2,53.6,40
36780,36790,10.2194,587.2,39.2,53.5,40.6
36790,36800,10.2222,590.5,39.3,53.5,40.5
36800,36810,10.2250,590.2,39.3,53.5,40.2
36810,36820,10.2278,589.6,39.3,53.5,40.2
36820,36830,10.2306,589.9,39.3,53.5,40.8
36830,36840,10.2333,590.2,39.3,53.5,42.2
36840,36850,10.2361,589.6,39.3,53.4,41.1
36850,36860,10.2389,589.0,39.3,53.5,40.8
36860,36870,10.2417,588.7,39.3,53.5,39.4
36870,36880,10.2444,589.0,39.4,53.5,39.6
36880,36890,10.2472,589.6,39.4,53.5,40.5
36890,36900,10.2500,589.6,39.4,53.5,39.8
36900,36910,10.2528,586.6,39.4,53.5,39.8
36910,36920,10.2556,586.9,39.4,53.5,39.3
36920,36930,10.2583,586.6,39.4,53.5,39.3
36930,36940,10.2611,585.7,39.4,53.5,39.5
36940,36950,10.2639,586.3,39.4,53.5,40.8
36950,36960,10.2667,586.0,39.4,53.6,40.6
36960,36970,10.2694,586.6,39.4,53.4,39
36970,36980,10.2722,586.6,39.4,53.5,39.8
36980,36990,10.2750,586.3,39.4,53.5,39.8
36990,37000,10.2778,587.2,39.4,53.5,40.8
37000,37010,10.2806,587.8,39.5,53.4,39.6
37010,37020,10.2833,587.5,39.5,53.5,41.2
37020,37030,10.2861,587.5,39.5,53.4,40.1
37030,37040,10.2889,587.5,39.5,53.5,40.5
37040,37050,10.2917,586.6,39.5,53.5,40.5
37050,37060,10.2944,586.3,39.5,53.5,40
37060,37070,10.2972,585.7,39.5,53.5,41.1
37070,37080,10.3000,586.0,39.5,53.5,40.6
37080,37090,10.3028,584.5,39.5,53.5,41
37090,37100,10.3056,583.6,39.5,53.5,40.7
37100,37110,10.3083,584.2,39.5,53.5,41.9
37110,37120,10.3111,585.4,39.5,53.4,40.4
37120,37130,10.3139,584.8,39.5,53.6,41.7
37130,37140,10.3167,583.3,39.6,53.5,39.7
37140,37150,10.3194,585.1,39.6,53.5,40.4
37150,37160,10.3222,585.1,39.6,53.5,40.1
37160,37170,10.3250,585.4,39.6,53.5,40.5
37170,37180,10.3278,585.4,39.6,53.5,40.5
37180,37190,10.3306,585.1,39.6,53.6,39.6
37190,37200,10.3333,585.4,39.6,53.5,40.4
37200,37210,10.3361,585.7,39.6,53.5,40.4
37210,37220,10.3389,584.8,39.6,53.6,39.6
37220,37230,10.3417,585.1,39.6,53.5,41.1
37230,37240,10.3444,586.3,39.6,53.4,41.1
37240,37250,10.3472,586.3,39.6,53.5,41.6
37250,37260,10.3500,585.1,39.6,53.5,40.9
37260,37270,10.3528,584.5,39.6,53.5,40.1
37270,37280,10.3556,584.8,39.6,53.6,39.2
37280,37290,10.3583,584.5,39.6,53.5,41.5
37290,37300,10.3611,584.2,39.6,53.4,40.4
37300,37310,10.3639,584.5,39.6,53.6,41.8
37310,37320,10.3667,584.8,39.6,53.5,40.2
37320,37330,10.3694,585.4,39.6,53.4,39.9
37330,37340,10.3722,586.0,39.6,53.6,40.6
37340,37350,10.3750,585.4,39.6,53.5,39.5
37350,37360,10.3778,586.6,39.6,53.5,40.1
37360,37370,10.3806,586.9,39.6,53.5,40.5
37370,37380,10.3833,586.6,39.7,53.5,40.8
37380,37390,10.3861,586.9,39.7,53.5,41.6
37390,37400,10.3889,587.8,39.7,53.5,41.3
37400,37410,10.3917,586.9,39.7,53.5,41.1
37410,37420,10.3944,586.3,39.7,53.5,40.6
37420,37430,10.3972,585.4,39.7,53.6,40.3
37430,37440,10.4000,585.4,39.7,53.5,40.2
37440,37450,10.4028,586.0,39.7,53.5,40.4
37450,37460,10.4056,585.1,39.7,53.5,40.9
37460,37470,10.4083,585.1,39.7,53.5,39.9
37470,37480,10.4111,585.4,39.7,53.4,40.1
37480,37490,10.4139,584.2,39.7,53.5,40.4
37490,37500,10.4167,583.9,39.7,53.5,39.8
37500,37510,10.4194,584.2,39.7,53.5,41.3
37510,37520,10.4222,584.8,39.7,53.6,41.1
37520,37530,10.4250,585.4,39.7,53.4,41.2
37530,37540,10.4278,585.4,39.7,53.5,41
37540,37550,10.4306,585.7,39.7,53.5,41.6
37550,37560,10.4333,586.6,39.7,53.4,40.1
37560,37570,10.4361,586.6,39.7,53.5,41.1
37570,37580,10.4389,586.0,39.7,53.5,40.3
37580,37590,10.4417,586.3,39.7,53.5,40.1
37590,37600,10.4444,586.6,39.7,53.5,40.6
37600,37610,10.4472,585.7,39.7,53.5,40.5
37610,37620,10.4500,585.7,39.8,53.4,40.9
37620,37630,10.4528,585.4,39.7,53.5,40.6
37630,37640,10.4556,584.8,39.7,53.5,40.9
37640,37650,10.4583,584.8,39.8,53.5,42
37650,37660,10.4611,584.5,39.7,53.6,41.7
37660,37670,10.4639,583.6,39.8,53.5,41.8
37670,37680,10.4667,584.5,39.8,53.5,41.6
37680,37690,10.4694,584.2,39.8,53.5,42.7
37690,37700,10.4722,583.6,39.8,53.5,40.7
37700,37710,10.4750,583.9,39.8,53.5,42.2
37710,37720,10.4778,584.5,39.8,53.5,42
37720,37730,10.4806,585.4,39.8,53.5,41.8
37730,37740,10.4833,586.0,39.8,53.4,42
37740,37750,10.4861,585.7,39.8,53.6,42.4
37750,37760,10.4889,586.6,39.8,53.5,42.9
37760,37770,10.4917,586.9,39.8,53.5,43.9
37770,37780,10.4944,586.3,39.8,53.5,41.8
37780,37790,10.4972,586.0,39.8,53.5,41.9
37790,37800,10.5000,586.6,39.8,53.5,40.1
37800,37810,10.5028,585.7,39.8,53.5,41.6
37810,37820,10.5056,585.7,39.8,53.5,40.6
37820,37830,10.5083,585.1,39.8,53.4,40.9
37830,37840,10.5111,584.5,39.8,53.5,40.5
37840,37850,10.5139,585.1,39.8,53.5,40.3
37850,37860,10.5167,585.1,39.8,53.5,41.2
37860,37870,10.5194,584.5,39.8,53.6,41.5
37870,37880,10.5222,585.1,39.8,53.5,41.5
37880,37890,10.5250,586.0,39.8,53.5,40.4
37890,37900,10.5278,585.4,39.8,53.5,40.5
37900,37910,10.5306,585.4,39.8,53.5,40.3
37910,37920,10.5333,586.3,39.8,53.5,41.4
37920,37930,10.5361,586.0,39.8,53.6,40.6
37930,37940,10.5389,585.4,39.8,53.4,41.9
37940,37950,10.5417,586.0,39.8,53.5,42.1
37950,37960,10.5444,586.3,39.8,53.5,42.5
37960,37970,10.5472,586.9,39.8,53.5,42.9
37970,37980,10.5500,586.6,39.9,53.5,41.6
37980,37990,10.5528,586.0,39.8,53.5,41.8
37990,38000,10.5556,586.0,39.9,53.5,41.4
38000,38010,10.5583,586.3,39.8,53.5,41.4
38010,38020,10.5611,585.7,39.8,53.6,42
38020,38030,10.5639,585.7,39.9,53.5,41.7
38030,38040,10.5667,586.0,39.9,53.4,42
38040,38050,10.5694,585.4,39.9,53.6,42.3
38050,38060,10.5722,585.4,39.9,53.5,42.1
38060,38070,10.5750,585.4,39.9,53.5,43.2
38070,38080,10.5778,585.7,39.9,53.5,42.5
38080,38090,10.5806,585.7,39.9,53.5,42.5
38090,38100,10.5833,586.0,39.9,53.5,42.4
38100,38110,10.5861,585.7,39.9,53.5,43.6
38110,38120,10.5889,585.7,39.9,53.5,42.5
38120,38130,10.5917,586.9,39.9,53.5,41.9
38130,38140,10.5944,585.7,39.9,53.5,41.2
38140,38150,10.5972,585.1,39.9,53.5,42.1
38150,38160,10.6000,585.4,39.9,53.5,41.4
38160,38170,10.6028,585.4,39.9,53.5,42.2
38170,38180,10.6056,584.8,39.9,53.5,41.2
38180,38190,10.6083,585.1,39.9,53.5,42.2
38190,38200,10.6111,585.4,39.9,53.5,41.7
38200,38210,10.6139,585.1,39.9,53.5,43.2
38210,38220,10.6167,585.1,39.9,53.5,42.9
38220,38230,10.6194,585.1,39.9,53.5,42.1
38230,38240,10.6222,584.8,39.9,53.5,43.6
38240,38250,10.6250,584.8,39.9,53.5,42.8
38250,38260,10.6278,584.5,39.9,53.5,42
38260,38270,10.6306,583.9,39.9,53.5,41.5
38270,38280,10.6333,584.8,39.9,53.5,42.6
38280,38290,10.6361,586.0,39.9,53.5,42
38290,38300,10.6389,585.7,39.9,53.5,41.2
38300,38310,10.6417,586.3,39.9,53.5,41.4
38310,38320,10.6444,586.9,39.9,53.6,41.3
38320,38330,10.6472,586.3,39.9,53.5,41.7
38330,38340,10.6500,586.6,39.9,53.5,41.4
38340,38350,10.6528,586.6,39.9,53.5,41.1
38350,38360,10.6556,587.5,39.9,53.5,42.1
38360,38370,10.6583,588.4,39.9,53.5,43.1
38370,38380,10.6611,587.8,39.9,53.5,41.6
38380,38390,10.6639,587.8,39.9,53.5,42
38390,38400,10.6667,588.1,39.9,53.5,40.8
38400,38410,10.6694,587.8,39.9,53.5,40.9
38410,38420,10.6722,587.2,39.9,53.5,41.6
38420,38430,10.6750,587.5,39.9,53.5,41.8
38430,38440,10.6778,588.1,39.9,53.5,40
38440,38450,10.6806,586.9,39.9,53.5,41
38450,38460,10.6833,586.3,39.9,53.5,41.1
38460,38470,10.6861,586.0,39.9,53.5,41.1
38470,38480,10.6889,586.6,39.9,53.5,41.9
38480,38490,10.6917,586.6,39.9,53.5,42
38490,38500,10.6944,586.0,39.9,53.5,42.4
38500,38510,10.6972,585.1,39.9,53.5,41.7
38510,38520,10.7000,585.1,39.9,53.5,42
38520,38530,10.7028,584.2,39.9,53.5,42.1
38530,38540,10.7056,583.0,39.9,53.5,41.3
38540,38550,10.7083,582.1,39.9,53.5,39.6
38550,38560,10.7111,583.0,39.9,53.5,40.6
38560,38570,10.7139,583.3,39.9,53.5,41.9
38570,38580,10.7167,583.3,39.9,53.5,40.4
38580,38590,10.7194,583.9,39.9,53.5,41
38590,38600,10.7222,584.2,39.9,53.5,40.8
38600,38610,10.7250,583.9,39.9,53.5,42.1
38610,38620,10.7278,584.2,40.0,53.5,41.5
38620,38630,10.7306,584.2,39.9,53.5,42.3
38630,38640,10.7333,584.2,39.9,53.5,41.5
38640,38650,10.7361,585.4,40.0,53.5,42.1
38650,38660,10.7389,585.7,39.9,53.5,42
38660,38670,10.7417,586.0,39.9,53.5,38.9
38670,38680,10.7444,587.2,39.9,53.5,40.1
38680,38690,10.7472,587.5,39.9,53.5,40.2
38690,38700,10.7500,587.2,39.9,53.6,40.1
38700,38710,10.7528,586.6,40.0,53.4,39.8
38710,38720,10.7556,587.2,40.0,53.5,39.4
38720,38730,10.7583,586.3,39.9,53.6,39.9
38730,38740,10.7611,586.0,39.9,53.4,39.7
38740,38750,10.7639,585.7,39.9,53.4,41.5
38750,38760,10.7667,585.7,39.9,53.6,42.2
38760,38770,10.7694,586.3,39.9,53.5,42.5
38770,38780,10.7722,586.0,39.9,53.4,42.7
38780,38790,10.7750,585.4,39.9,53.6,42.7
38790,38800,10.7778,586.3,39.9,53.4,41.8
38800,38810,10.7806,586.9,39.9,53.4,42.2
38810,38820,10.7833,586.6,39.9,53.5,41.2
38820,38830,10.7861,586.9,39.9,53.4,40.9
38830,38840,10.7889,586.6,39.9,53.5,41.1
38840,38850,10.7917,586.3,39.9,53.5,41.2
38850,38860,10.7944,585.4,39.9,53.6,40.7
38860,38870,10.7972,586.0,39.9,53.4,41.2
38870,38880,10.8000,586.9,39.9,53.5,41.6
38880,38890,10.8028,586.0,39.9,53.5,42
38890,38900,10.8056,585.7,39.9,53.5,42.2
38900,38910,10.8083,586.3,39.9,53.5,42.9
38910,38920,10.8111,586.6,39.9,53.4,41.5
38920,38930,10.8139,587.2,39.9,53.5,42.7
