NETCARE2015/data/raw/Flight1/O3_POLAR6_201504050852_R0_L1_NETCARE.ict
37, 1001
Staebler, Ralf
Environment Canada
Thermo 49i ozone data
Polar 6 NETCARE
1, 1
2015, 4, 5, 2015, 9, 30
0
Start_UTC, seconds
6
1, 1, 1, 1, 1, 1
-9999, -9999, -999.9, -99.9, -99.9, -99.9
Stop_UTC, seconds
hr, decimal hours (UTC)
Press, cell pressure (Torr)
BenchT, instrument temperature (deg C)
LampT, ozone lamp temperature (deg C)
O3, ozone mixing ratio (ppbv)
1
Press, BenchT, LampT are included for diagnostics
16
PI_CONTACT_INFO: Address: 4905 Dufferin Street, Toronto, ON M3H 5T4; email: Ralf.Staebler@ec.gc.ca
PLATFORM: Polar 6 
LOCATION: Location data varies as seen in this file
INSTRUMENT_INFO: Thermo Scienfific ozone analyzer model 49i, S.N. 0606014771
UNCERTAINTY: 0.2 ppbv 
ULOD_FLAG: -7777
ULOD_VALUE: N/A
LLOD_FLAG: -8888
LLOD_VALUE: N/A
DM_CONTACT_INFO: Ralf Staebler; Environment Canada; Ralf.Staebler@ec.gc.ca
PROJECT_INFO: Polar 6 NETCARE Spring 2015 campaign
STIPULATIONS_ON_USE: If use of this data will lead to a publication, we ask that the PI be informed.
OTHER_COMMENTS: N/A
REVISION: R0
R0: First set of data.
Start_UTC,Stop_UTC,hr,Press,BenchT,LampT,O3
[from data line 394]
38940,38950,10.8194,588.1,39.9,53.6,41.8
38950,38960,10.8222,588.7,39.9,53.5,40.8
38960,38970,10.8250,589.0,39.9,53.4,42.9
38970,38980,10.8278,588.1,39.9,53.6,41.8
38980,38990,10.8306,587.8,39.9,53.5,41.8
38990,39000,10.8333,588.4,39.9,53.5,41.8
39000,39010,10.8361,588.1,39.9,53.6,41.3
39010,39020,10.8389,587.2,39.9,53.5,42.7
39020,39030,10.8417,587.5,39.9,53.5,41.3
39030,39040,10.8444,587.5,39.9,53.6,42.3
39040,39050,10.8472,586.9,39.9,53.6,42.4
39050,39060,10.8500,586.9,39.9,53.5,42.6
39060,39070,10.8528,586.3,39.9,53.5,42.2
39070,39080,10.8556,586.3,39.9,53.5,42.7
39080,39090,10.8583,587.2,39.9,53.5,41.7
39090,39100,10.8611,586.9,39.9,53.5,41.4
39100,39110,10.8639,586.0,39.9,53.5,42.2
39110,39120,10.8667,587.2,39.9,53.5,42.2
39120,39130,10.8694,587.2,39.9,53.5,41.6
39130,39140,10.8722,586.3,39.9,53.6,41.7
39140,39150,10.8750,586.6,39.9,53.5,42.4
39150,39160,10.8778,587.2,39.9,53.5,42.2
39160,39170,10.8806,586.6,39.9,53.5,42.4
39170,39180,10.8833,586.6,39.9,53.4,41.7
39180,39190,10.8861,586.3,39.9,53.5,42.6
39190,39200,10.8889,586.0,39.9,53.5,40.9
39200,39210,10.8917,585.7,39.9,53.4,42.1
39210,39220,10.8944,585.1,39.9,53.5,41.7
39220,39230,10.8972,584.8,39.9,53.5,42
39230,39240,10.9000,585.7,39.9,53.5,41
39240,39250,10.9028,586.3,39.9,53.6,41.2
39250,39260,10.9056,586.0,39.9,53.5,42.6
39260,39270,10.9083,586.9,39.9,53.5,41.6
39270,39280,10.9111,587.5,39.9,53.5,42.4
39280,39290,10.9139,587.5,39.9,53.5,42.1
39290,39300,10.9167,587.5,39.9,53.4,42
39300,39310,10.9194,587.5,39.9,53.5,42.4
39310,39320,10.9222,587.5,39.8,53.5,42.1
39320,39330,10.9250,587.5,39.8,53.5,42.5
39330,39340,10.9278,586.6,39.8,53.5,39.6
39340,39350,10.9306,586.3,39.8,53.5,41.9
39350,39360,10.9333,586.9,39.8,53.5,41
39360,39370,10.9361,586.3,39.8,53.5,40.3
39370,39380,10.9389,585.7,39.8,53.5,43
39380,39390,10.9417,585.7,39.8,53.4,41.8
39390,39400,10.9444,585.7,39.8,53.5,43
39400,39410,10.9472,585.4,39.8,53.5,41
39410,39420,10.9500,585.4,39.8,53.5,41.7
39420,39430,10.9528,585.1,39.8,53.5,42.3
39430,39440,10.9556,585.7,39.8,53.5,42.1
39440,39450,10.9583,586.3,39.8,53.4,41.5
39450,39460,10.9611,586.6,39.8,53.5,42.5
39460,39470,10.9639,586.9,39.8,53.5,42.9
39470,39480,10.9667,587.5,39.8,53.5,42.6
39480,39490,10.9694,586.9,39.8,53.5,43
39490,39500,10.9722,586.3,39.8,53.5,42.6
39500,39510,10.9750,586.9,39.8,53.5,42.5
39510,39520,10.9778,586.3,39.8,53.5,40.7
39520,39530,10.9806,583.9,39.8,53.5,41.9
39530,39540,10.9833,582.7,39.8,53.5,41.7
39540,39550,10.9861,581.9,39.8,53.5,41.2
39550,39560,10.9889,582.1,39.8,53.5,42.6
39560,39570,10.9917,582.1,39.8,53.5,42.4
39570,39580,10.9944,581.3,39.8,53.5,41.2
39580,39590,10.9972,581.9,39.8,53.5,42.4
39590,39600,11.0000,583.3,39.8,53.5,43
39600,39610,11.0028,584.5,39.8,53.5,41.6
39610,39620,11.0056,586.6,39.8,53.5,42.2
39620,39630,11.0083,589.0,39.8,53.5,41.5
39630,39640,11.0111,592.6,39.8,53.5,43.5
39640,39650,11.0139,595.9,39.8,53.4,42.6
39650,39660,11.0167,599.5,39.8,53.5,40.8
39660,39670,11.0194,602.5,39.8,53.4,41.6
39670,39680,11.0222,606.1,39.8,53.5,40.6
39680,39690,11.0250,608.8,39.8,53.6,40.3
39690,39700,11.0278,610.9,39.8,53.5,39.8
39700,39710,11.0306,613.3,39.8,53.5,39.9
39710,39720,11.0333,615.7,39.7,53.6,39.4
39720,39730,11.0361,618.4,39.8,53.4,40
39730,39740,11.0389,620.2,39.8,53.5,40.4
39740,39750,11.0417,622.6,39.8,53.6,40.7
39750,39760,11.0444,626.2,39.8,53.5,39.7
39760,39770,11.0472,630.4,39.8,53.5,40.8
39770,39780,11.0500,632.8,39.8,53.5,39.7
39780,39790,11.0528,636.1,39.8,53.5,39.5
39790,39800,11.0556,640.0,39.8,53.5,39.9
39800,39810,11.0583,643.3,39.8,53.5,39
39810,39820,11.0611,645.4,39.8,53.4,39
39820,39830,11.0639,648.1,39.8,53.5,39.3
39830,39840,11.0667,650.2,39.7,53.5,37.9
39840,39850,11.0694,652.9,39.8,53.5,38.5
39850,39860,11.0722,655.0,39.8,53.5,37.5
39860,39870,11.0750,668.7,39.8,53.5,-99.9
39870,39880,11.0778,672.9,39.8,53.4,-99.9
39880,39890,11.0806,675.6,39.7,53.5,-99.9
39890,39900,11.0833,676.8,39.7,53.5,-99.9
39900,39910,11.0861,678.3,39.8,53.5,-99.9
39910,39920,11.0889,680.4,39.8,53.5,-99.9
39920,39930,11.0917,682.5,39.7,53.5,-99.9
39930,39940,11.0944,684.6,39.8,53.5,-99.9
39940,39950,11.0972,688.2,39.8,53.5,-99.9
39950,39960,11.1000,691.8,39.7,53.5,-99.9
39960,39970,11.1028,694.5,39.7,53.5,-99.9
39970,39980,11.1056,696.3,39.7,53.5,-99.9
39980,39990,11.1083,697.8,39.7,53.5,-99.9
39990,40000,11.1111,700.2,39.7,53.5,-99.9
40000,40010,11.1139,701.7,39.7,53.5,-99.9
40010,40020,11.1167,702.0,39.7,53.5,-99.9
40020,40030,11.1194,703.2,39.7,53.5,-99.9
40030,40040,11.1222,705.0,39.7,53.5,-99.9
40040,40050,11.1250,706.8,39.7,53.5,-99.9
40050,40060,11.1278,708.9,39.7,53.5,-99.9
40060,40070,11.1306,710.7,39.7,53.5,-99.9
40070,40080,11.1333,712.8,39.7,53.5,-99.9
40080,40090,11.1361,715.2,39.7,53.5,-99.9
40090,40100,11.1389,716.7,39.7,53.5,-99.9
40100,40110,11.1417,716.7,39.7,53.5,-99.9
40110,40120,11.1444,718.5,39.7,53.5,-99.9
40120,40130,11.1472,719.7,39.7,53.5,-99.9
40130,40140,11.1500,719.1,39.7,53.5,-99.9
40140,40150,11.1528,719.7,39.7,53.4,-99.9
40150,40160,11.1556,719.4,39.7,53.5,-99.9
40160,40170,11.1583,719.4,39.7,53.5,-99.9
40170,40180,11.1611,720.0,39.7,53.5,-99.9
40180,40190,11.1639,719.7,39.7,53.5,-99.9
40190,40200,11.1667,719.7,39.7,53.5,-99.9
40200,40210,11.1694,720.0,39.7,53.5,-99.9
40210,40220,11.1722,720.3,39.7,53.5,-99.9
40220,40230,11.1750,719.7,39.7,53.5,-99.9
40230,40240,11.1778,720.0,39.7,53.5,-99.9
40240,40250,11.1806,720.0,39.7,53.4,-99.9
40250,40260,11.1833,719.4,39.7,53.5,-99.9
40260,40270,11.1861,719.1,39.7,53.5,-99.9
40270,40280,11.1889,720.0,39.7,53.5,-99.9
40280,40290,11.1917,720.6,39.7,53.5,-99.9
40290,40300,11.1944,720.3,39.7,53.5,-99.9
40300,40310,11.1972,719.1,39.7,53.5,-99.9
40310,40320,11.2000,718.8,39.7,53.5,-99.9
40320,40330,11.2028,718.8,39.7,53.5,-99.9
40330,40340,11.2056,718.8,39.7,53.5,-99.9
40340,40350,11.2083,717.6,39.6,53.5,-99.9
40350,40360,11.2111,718.8,39.7,53.4,-99.9
40360,40370,11.2139,719.1,39.6,53.5,-99.9
40370,40380,11.2167,718.5,39.6,53.5,-99.9
40380,40390,11.2194,719.7,39.6,53.5,-99.9
40390,40400,11.2222,720.3,39.6,53.5,-99.9
40400,40410,11.2250,720.3,39.6,53.5,-99.9
40410,40420,11.2278,720.6,39.6,53.5,-99.9
40420,40430,11.2306,720.3,39.6,53.5,-99.9
40430,40440,11.2333,720.3,39.6,53.5,-99.9
40440,40450,11.2361,720.9,39.6,53.5,-99.9
40450,40460,11.2389,718.2,39.6,53.5,-99.9
40460,40470,11.2417,714.6,39.6,53.5,-99.9
40470,40480,11.2444,713.4,39.6,53.5,-99.9
40480,40490,11.2472,711.9,39.6,53.5,-99.9
40490,40500,11.2500,709.2,39.6,53.5,-99.9
40500,40510,11.2528,707.4,39.6,53.5,-99.9
40510,40520,11.2556,705.6,39.6,53.5,-99.9
40520,40530,11.2583,703.2,39.6,53.5,-99.9
40530,40540,11.2611,700.2,39.6,53.5,-99.9
40540,40550,11.2639,696.9,39.6,53.5,-99.9
40550,40560,11.2667,694.8,39.6,53.5,-99.9
40560,40570,11.2694,692.4,39.6,53.5,-99.9
40570,40580,11.2722,688.5,39.6,53.5,-99.9
40580,40590,11.2750,684.9,39.6,53.5,-99.9
40590,40600,11.2778,682.2,39.6,53.5,-99.9
40600,40610,11.2806,678.9,39.6,53.5,-99.9
40610,40620,11.2833,676.8,39.6,53.4,-99.9
40620,40630,11.2861,675.6,39.6,53.5,-99.9
40630,40640,11.2889,675.6,39.6,53.5,-99.9
40640,40650,11.2917,674.4,39.6,53.5,-99.9
40650,40660,11.2944,672.9,39.5,53.5,-99.9
40660,40670,11.2972,671.1,39.6,53.5,-99.9
40670,40680,11.3000,667.8,39.6,53.5,-99.9
40680,40690,11.3028,663.3,39.6,53.5,-99.9
40690,40700,11.3056,659.2,39.6,53.5,-99.9
40700,40710,11.3083,657.1,39.5,53.5,-99.9
40710,40720,11.3111,656.5,39.5,53.5,-99.9
40720,40730,11.3139,656.5,39.5,53.5,-99.9
40730,40740,11.3167,654.1,39.5,53.5,-99.9
40740,40750,11.3194,652.6,39.5,53.5,-99.9
40750,40760,11.3222,649.6,39.5,53.5,-99.9
40760,40770,11.3250,646.3,39.5,53.5,-99.9
40770,40780,11.3278,643.3,39.5,53.5,-99.9
40780,40790,11.3306,640.6,39.5,53.5,-99.9
40790,40800,11.3333,639.1,39.5,53.5,-99.9
40800,40810,11.3361,637.9,39.5,53.5,-99.9
40810,40820,11.3389,635.5,39.5,53.5,-99.9
40820,40830,11.3417,633.4,39.5,53.5,-99.9
40830,40840,11.3444,631.9,39.5,53.5,-99.9
40840,40850,11.3472,629.5,39.5,53.5,-99.9
40850,40860,11.3500,627.7,39.5,53.5,-99.9
40860,40870,11.3528,625.3,39.5,53.5,-99.9
40870,40880,11.3556,623.5,39.5,53.5,-99.9
40880,40890,11.3583,622.3,39.5,53.5,-99.9
40890,40900,11.3611,620.2,39.5,53.5,-99.9
40900,40910,11.3639,618.7,39.5,53.5,-99.9
40910,40920,11.3667,616.6,39.5,53.5,-99.9
40920,40930,11.3694,614.5,39.5,53.5,-99.9
40930,40940,11.3722,613.3,39.5,53.5,-99.9
40940,40950,11.3750,610.6,39.4,53.5,-99.9
40950,40960,11.3778,608.2,39.5,53.5,-99.9
40960,40970,11.3806,606.4,39.5,53.5,-99.9
40970,40980,11.3833,604.0,39.4,53.5,-99.9
40980,40990,11.3861,602.2,39.5,53.5,-99.9
40990,41000,11.3889,600.7,39.5,53.5,-99.9
41000,41010,11.3917,598.6,39.4,53.5,-99.9
41010,41020,11.3944,596.5,39.5,53.5,-99.9
41020,41030,11.3972,594.4,39.4,53.5,-99.9
41030,41040,11.4000,592.0,39.4,53.5,-99.9
41040,41050,11.4028,590.5,39.4,53.5,-99.9
41050,41060,11.4056,587.8,39.4,53.5,-99.9
41060,41070,11.4083,586.0,39.4,53.5,-99.9
41070,41080,11.4111,585.4,39.4,53.5,-99.9
41080,41090,11.4139,583.0,39.4,53.5,-99.9
41090,41100,11.4167,580.7,39.4,53.5,-99.9
41100,41110,11.4194,567.5,39.4,53.5,-99.9
41110,41120,11.4222,565.7,39.4,53.5,38
41120,41130,11.4250,564.5,39.4,53.5,40.9
41130,41140,11.4278,562.7,39.4,53.5,42.4
41140,41150,11.4306,560.0,39.4,53.5,42.6
41150,41160,11.4333,558.8,39.4,53.5,42.1
41160,41170,11.4361,557.0,39.4,53.5,43.2
41170,41180,11.4389,554.6,39.4,53.5,40.9
41180,41190,11.4417,552.8,39.4,53.5,41.3
41190,41200,11.4444,550.7,39.4,53.5,40.2
41200,41210,11.4472,548.6,39.4,53.5,37.9
41210,41220,11.4500,546.8,39.4,53.5,35.3
41220,41230,11.4528,544.7,39.4,53.5,34.6
41230,41240,11.4556,543.5,39.4,53.5,35.4
41240,41250,11.4583,542.0,39.4,53.5,36
41250,41260,11.4611,539.6,39.4,53.5,35.5
41260,41270,11.4639,537.8,39.4,53.5,34.7
41270,41280,11.4667,536.6,39.4,53.5,34.7
41280,41290,11.4694,534.8,39.4,53.5,34.8
41290,41300,11.4722,532.7,39.4,53.5,35.6
41300,41310,11.4750,530.3,39.4,53.5,35.8
41310,41320,11.4778,528.2,39.4,53.5,35.1
41320,41330,11.4806,526.4,39.4,53.5,34.7
41330,41340,11.4833,524.0,39.4,53.6,34.1
41340,41350,11.4861,522.2,39.4,53.4,33.9
41350,41360,11.4889,521.6,39.4,53.5,35.8
41360,41370,11.4917,519.8,39.4,53.5,34.1
41370,41380,11.4944,518.0,39.4,53.6,34.7
41380,41390,11.4972,516.8,39.4,53.5,36.3
41390,41400,11.5000,515.3,39.4,53.5,37.9
41400,41410,11.5028,513.2,39.4,53.5,38.1
41410,41420,11.5056,511.4,39.4,53.6,38.1
41420,41430,11.5083,509.3,39.4,53.5,38.8
41430,41440,11.5111,509.6,39.4,53.5,40
41440,41450,11.5139,510.2,39.4,53.6,39.1
41450,41460,11.5167,510.5,39.4,53.6,39.7
41460,41470,11.5194,511.4,39.4,53.4,39
41470,41480,11.5222,511.1,39.4,53.5,38.7
41480,41490,11.5250,511.1,39.4,53.5,36.5
41490,41500,11.5278,510.5,39.4,53.4,36.7
41500,41510,11.5306,509.3,39.4,53.4,37.3
41510,41520,11.5333,509.3,39.4,53.6,38.6
41520,41530,11.5361,509.0,39.4,53.5,38.7
41530,41540,11.5389,508.4,39.4,53.5,37.2
41540,41550,11.5417,509.0,39.4,53.5,37.7
41550,41560,11.5444,510.5,39.4,53.5,38.8
41560,41570,11.5472,511.1,39.4,53.5,38.2
41570,41580,11.5500,511.4,39.4,53.5,38.5
41580,41590,11.5528,511.7,39.4,53.6,37.2
41590,41600,11.5556,511.7,39.4,53.5,36.1
41600,41610,11.5583,511.1,39.4,53.6,36.4
41610,41620,11.5611,510.2,39.4,53.5,35.1
41620,41630,11.5639,508.7,39.4,53.6,37.8
41630,41640,11.5667,506.6,39.4,53.6,36.5
41640,41650,11.5694,505.4,39.4,53.5,36.8
41650,41660,11.5722,503.4,39.4,53.5,37.6
41660,41670,11.5750,501.6,39.4,53.6,36.8
41670,41680,11.5778,501.0,39.4,53.6,37.6
41680,41690,11.5806,499.8,39.4,53.6,37.9
41690,41700,11.5833,498.0,39.4,53.4,38.3
41700,41710,11.5861,496.2,39.4,53.6,37.8
41710,41720,11.5889,494.4,39.4,53.5,38.1
41720,41730,11.5917,491.7,39.4,53.4,36.5
41730,41740,11.5944,488.4,39.4,53.5,34.8
41740,41750,11.5972,485.4,39.4,53.4,35.3
41750,41760,11.6000,483.6,39.4,53.4,34.4
41760,41770,11.6028,482.7,39.4,53.5,34.8
41770,41780,11.6056,480.9,39.5,53.5,33
41780,41790,11.6083,479.1,39.4,53.4,35.5
41790,41800,11.6111,478.2,39.4,53.4,35.1
41800,41810,11.6139,476.4,39.5,53.5,36.8
41810,41820,11.6167,474.0,39.4,53.6,35.3
41820,41830,11.6194,471.9,39.5,53.4,34.8
41830,41840,11.6222,470.4,39.5,53.6,36
41840,41850,11.6250,468.3,39.5,53.6,35.5
41850,41860,11.6278,465.6,39.4,53.6,35.3
41860,41870,11.6306,464.1,39.5,53.4,33.2
41870,41880,11.6333,462.9,39.5,53.4,33.2
41880,41890,11.6361,460.8,39.5,53.5,34.5
41890,41900,11.6389,459.0,39.5,53.4,34
41900,41910,11.6417,457.5,39.5,53.5,33.4
41910,41920,11.6444,456.0,39.4,53.6,33.9
41920,41930,11.6472,453.6,39.5,53.5,33.4
41930,41940,11.6500,451.8,39.5,53.5,34.1
41940,41950,11.6528,449.7,39.5,53.4,33.7
41950,41960,11.6556,448.8,39.5,53.6,32.9
41960,41970,11.6583,447.3,39.5,53.6,34.9
41970,41980,11.6611,446.1,39.5,53.5,35
41980,41990,11.6639,444.9,39.5,53.5,35.4
41990,42000,11.6667,443.7,39.5,53.6,34.5
42000,42010,11.6694,442.5,39.5,53.4,34.5
42010,42020,11.6722,441.3,39.5,53.4,35.3
42020,42030,11.6750,439.8,39.5,53.5,34.7
42030,42040,11.6778,438.6,39.5,53.5,36
42040,42050,11.6806,437.4,39.5,53.5,35.3
42050,42060,11.6833,435.6,39.5,53.5,34.5
42060,42070,11.6861,433.5,39.5,53.5,38.3
42070,42080,11.6889,431.7,39.5,53.5,44.1
42080,42090,11.6917,429.3,39.5,53.5,44.6
42090,42100,11.6944,427.8,39.5,53.5,48.5
42100,42110,11.6972,426.4,39.5,53.6,48.3
42110,42120,11.7000,425.8,39.5,53.5,47.8
42120,42130,11.7028,424.6,39.5,53.6,47.9
42130,42140,11.7056,422.8,39.5,53.5,48.4
42140,42150,11.7083,420.4,39.5,53.5,48.8
42150,42160,11.7111,418.9,39.5,53.5,49
42160,42170,11.7139,417.1,39.5,53.5,50.2
42170,42180,11.7167,415.0,39.5,53.6,50.4
42180,42190,11.7194,412.6,39.5,53.6,50.6
42190,42200,11.7222,411.4,39.5,53.5,51
42200,42210,11.7250,410.5,39.5,53.5,50.7
42210,42220,11.7278,408.7,39.5,53.5,49.3
42220,42230,11.7306,407.2,39.5,53.6,49.8
42230,42240,11.7333,406.6,39.5,53.5,50.8
42240,42250,11.7361,405.4,39.5,53.5,52.8
42250,42260,11.7389,403.3,39.5,53.5,51.1
42260,42270,11.7417,401.2,39.5,53.5,52
42270,42280,11.7444,400.0,39.5,53.5,51.4
42280,42290,11.7472,398.5,39.5,53.5,49.2
42290,42300,11.7500,397.0,39.5,53.5,47.9
42300,42310,11.7528,396.4,39.6,53.5,49.9
42310,42320,11.7556,395.8,39.5,53.5,48.1
42320,42330,11.7583,394.3,39.5,53.5,48.7
42330,42340,11.7611,392.8,39.6,53.5,48.4
42340,42350,11.7639,392.2,39.6,53.5,47.1
42350,42360,11.7667,391.0,39.6,53.6,50.6
42360,42370,11.7694,389.2,39.6,53.5,46.6
42370,42380,11.7722,387.7,39.6,53.5,48.4
42380,42390,11.7750,385.9,39.6,53.5,49.6
42390,42400,11.7778,384.1,39.6,53.5,56.9
42400,42410,11.7806,382.9,39.6,53.5,59.4
42410,42420,11.7833,381.4,39.6,53.5,54.9
42420,42430,11.7861,380.2,39.6,53.6,49.6
42430,42440,11.7889,379.0,39.6,53.5,51.9
42440,42450,11.7917,378.1,39.6,53.5,50.5
42450,42460,11.7944,376.3,39.6,53.5,48.5
42460,42470,11.7972,374.8,39.6,53.5,49.9
42470,42480,11.8000,374.8,39.6,53.5,46.2
42480,42490,11.8028,373.6,39.6,53.6,45.5
42490,42500,11.8056,371.8,39.6,53.6,46.4
42500,42510,11.8083,371.5,39.6,53.5,46.3
42510,42520,11.8111,370.3,39.6,53.5,48.3
42520,42530,11.8139,369.4,39.6,53.5,47.6
42530,42540,11.8167,368.5,39.6,53.5,46.5
42540,42550,11.8194,367.0,39.6,53.6,47.4
42550,42560,11.8222,365.2,39.6,53.5,48.2
42560,42570,11.8250,364.9,39.6,53.5,43.9
42570,42580,11.8278,363.7,39.6,53.6,45.9
42580,42590,11.8306,362.2,39.6,53.5,46
42590,42600,11.8333,361.0,39.6,53.5,44.3
42600,42610,11.8361,359.2,39.6,53.5,45.8
42610,42620,11.8389,357.4,39.6,53.5,43.8
42620,42630,11.8417,357.4,39.6,53.5,45.3
42630,42640,11.8444,356.8,39.6,53.5,47.5
42640,42650,11.8472,355.3,39.6,53.5,46.3
42650,42660,11.8500,353.8,39.6,53.5,46.3
42660,42670,11.8528,352.0,39.6,53.5,48.2
42670,42680,11.8556,350.5,39.6,53.5,44.1
42680,42690,11.8583,349.9,39.6,53.5,47.5
42690,42700,11.8611,348.5,39.6,53.5,44.1
42700,42710,11.8639,347.3,39.6,53.5,45.1
42710,42720,11.8667,346.1,39.6,53.5,41.7
42720,42730,11.8694,343.7,39.6,53.6,44.5
42730,42740,11.8722,342.5,39.6,53.5,43
42740,42750,11.8750,342.5,39.6,53.5,43.7
42750,42760,11.8778,341.9,39.6,53.5,43.4
42760,42770,11.8806,344.3,39.7,53.5,42.9
42770,42780,11.8833,343.7,39.6,53.5,44
42780,42790,11.8861,343.4,39.7,53.5,41.8
42790,42800,11.8889,344.0,39.7,53.5,44.4
42800,42810,11.8917,343.7,39.7,53.6,44.9
42810,42820,11.8944,343.4,39.7,53.5,42.8
