NETCARE2015/data/raw/Flight1/O3_POLAR6_201504050852_R0_L1_NETCARE.ict
37, 1001
Staebler, Ralf
Environment Canada
Thermo 49i ozone data
Polar 6 NETCARE
1, 1
2015, 4, 5, 2015, 9, 30
0
Start_UTC, seconds
6
1, 1, 1, 1, 1, 1
-9999, -9999, -999.9, -99.9, -99.9, -99.9
Stop_UTC, seconds
hr, decimal hours (UTC)
Press, cell pressure (Torr)
BenchT, instrument temperature (deg C)
LampT, ozone lamp temperature (deg C)
O3, ozone mixing ratio (ppbv)
1
Press, BenchT, LampT are included for diagnostics
16
PI_CONTACT_INFO: Address: 4905 Dufferin Street, Toronto, ON M3H 5T4; email: Ralf.Staebler@ec.gc.ca
PLATFORM: Polar 6 
LOCATION: Location data varies as seen in this file
INSTRUMENT_INFO: Thermo Scienfific ozone analyzer model 49i, S.N. 0606014771
UNCERTAINTY: 0.2 ppbv 
ULOD_FLAG: -7777
ULOD_VALUE: N/A
LLOD_FLAG: -8888
LLOD_VALUE: N/A
DM_CONTACT_INFO: Ralf Staebler; Environment Canada; Ralf.Staebler@ec.gc.ca
PROJECT_INFO: Polar 6 NETCARE Spring 2015 campaign
STIPULATIONS_ON_USE: If use of this data will lead to a publication, we ask that the PI be informed.
OTHER_COMMENTS: N/A
REVISION: R0
R0: First set of data.
Start_UTC,Stop_UTC,hr,Press,BenchT,LampT,O3
[from data line 1175]
46750,46760,12.9889,681.0,35.9,53.3,42.3
46760,46770,12.9917,682.8,35.9,53.5,40.8
46770,46780,12.9944,683.1,35.9,53.4,42.1
46780,46790,12.9972,685.2,35.9,53.3,41.8
46790,46800,13.0000,687.0,35.9,53.4,41.2
46800,46810,13.0028,689.7,35.9,53.4,41.8
46810,46820,13.0056,690.6,35.9,53.4,39.9
46820,46830,13.0083,692.4,35.9,53.3,40.3
46830,46840,13.0111,693.6,35.9,53.3,39.9
46840,46850,13.0139,696.0,35.8,53.4,40.3
46850,46860,13.0167,697.5,35.8,53.5,41.6
46860,46870,13.0194,699.0,35.8,53.4,40.5
46870,46880,13.0222,701.7,35.8,53.3,39.1
46880,46890,13.0250,704.4,35.8,53.4,39.5
46890,46900,13.0278,706.2,35.8,53.3,39.8
46900,46910,13.0306,708.3,35.8,53.3,39.7
46910,46920,13.0333,708.3,35.8,53.4,39.5
46920,46930,13.0361,709.2,35.8,53.4,39.8
46930,46940,13.0389,707.7,35.8,53.4,39.3
46940,46950,13.0417,709.2,35.8,53.4,39.9
46950,46960,13.0444,709.2,35.8,53.4,41.1
46960,46970,13.0472,709.8,35.7,53.3,40.6
46970,46980,13.0500,707.1,35.7,53.3,40
46980,46990,13.0528,708.0,35.7,53.3,40.4
46990,47000,13.0556,706.8,35.7,53.5,40.3
47000,47010,13.0583,708.0,35.7,53.4,39.1
47010,47020,13.0611,707.4,35.7,53.3,40.9
47020,47030,13.0639,707.1,35.7,53.3,39.9
47030,47040,13.0667,707.4,35.7,53.5,40
47040,47050,13.0694,707.7,35.7,53.4,40.3
47050,47060,13.0722,708.3,35.7,53.3,39.4
47060,47070,13.0750,708.3,35.7,53.3,39.1
47070,47080,13.0778,708.9,35.6,53.4,39.3
47080,47090,13.0806,709.8,35.6,53.4,40.5
47090,47100,13.0833,709.5,35.6,53.4,41.1
47100,47110,13.0861,709.5,35.6,53.4,40
47110,47120,13.0889,709.2,35.6,53.4,41.2
47120,47130,13.0917,709.2,35.6,53.4,40.5
47130,47140,13.0944,708.9,35.6,53.3,40.3
47140,47150,13.0972,708.6,35.6,53.3,40.2
47150,47160,13.1000,709.2,35.6,53.4,39.9
47160,47170,13.1028,709.8,35.6,53.4,39.9
47170,47180,13.1056,709.8,35.6,53.4,40
47180,47190,13.1083,709.2,35.6,53.3,40.5
47190,47200,13.1111,709.2,35.6,53.4,39.9
47200,47210,13.1139,709.2,35.6,53.4,40.3
47210,47220,13.1167,708.0,35.5,53.4,40.8
47220,47230,13.1194,707.1,35.5,53.5,40.2
47230,47240,13.1222,706.5,35.5,53.3,40.2
47240,47250,13.1250,706.5,35.5,53.3,41.2
47250,47260,13.1278,706.2,35.5,53.4,42.4
47260,47270,13.1306,705.6,35.5,53.4,41
47270,47280,13.1333,706.5,35.5,53.3,41.5
47280,47290,13.1361,707.4,35.5,53.3,41.9
47290,47300,13.1389,707.7,35.5,53.4,41.8
47300,47310,13.1417,708.3,35.5,53.3,40.9
47310,47320,13.1444,710.1,35.5,53.4,41.7
47320,47330,13.1472,710.4,35.5,53.5,42.1
47330,47340,13.1500,710.1,35.5,53.3,40.9
47340,47350,13.1528,709.8,35.5,53.3,41.5
47350,47360,13.1556,710.1,35.5,53.4,40.1
47360,47370,13.1583,709.2,35.5,53.4,39.8
47370,47380,13.1611,708.3,35.5,53.3,40.9
47380,47390,13.1639,708.6,35.5,53.4,40.7
47390,47400,13.1667,708.3,35.5,53.4,39.7
47400,47410,13.1694,706.2,35.5,53.4,41
47410,47420,13.1722,703.8,35.5,53.3,40.8
47420,47430,13.1750,702.0,35.5,53.4,41.3
47430,47440,13.1778,699.6,35.5,53.4,42.3
47440,47450,13.1806,698.7,35.5,53.4,40.7
47450,47460,13.1833,696.0,35.4,53.4,42.1
47460,47470,13.1861,693.0,35.4,53.4,41.1
47470,47480,13.1889,690.3,35.4,53.4,40.8
47480,47490,13.1917,687.3,35.5,53.4,40.1
47490,47500,13.1944,683.4,35.4,53.4,41.9
47500,47510,13.1972,679.5,35.4,53.4,42.8
47510,47520,13.2000,677.1,35.4,53.4,44
47520,47530,13.2028,673.8,35.4,53.4,46
47530,47540,13.2056,669.0,35.4,53.4,45.8
47540,47550,13.2083,664.8,35.4,53.4,45.3
47550,47560,13.2111,661.2,35.4,53.4,44.2
47560,47570,13.2139,657.4,35.4,53.4,42.4
47570,47580,13.2167,654.1,35.4,53.4,41.3
47580,47590,13.2194,652.6,35.4,53.4,42.6
47590,47600,13.2222,651.7,35.4,53.4,40.5
47600,47610,13.2250,651.7,35.4,53.4,41.5
47610,47620,13.2278,652.0,35.4,53.4,44.1
47620,47630,13.2306,650.8,35.4,53.4,44.5
47630,47640,13.2333,649.6,35.4,53.4,42.8
47640,47650,13.2361,648.4,35.4,53.4,43.1
47650,47660,13.2389,646.3,35.4,53.4,45.4
47660,47670,13.2417,645.4,35.4,53.4,46.3
47670,47680,13.2444,646.6,35.4,53.4,45.1
47680,47690,13.2472,647.5,35.4,53.4,45.4
47690,47700,13.2500,647.5,35.4,53.4,44.9
47700,47710,13.2528,649.0,35.4,53.4,44.5
47710,47720,13.2556,650.8,35.4,53.4,42.9
47720,47730,13.2583,651.4,35.4,53.4,43
47730,47740,13.2611,651.1,35.4,53.4,43.4
47740,47750,13.2639,651.7,35.4,53.4,43.7
47750,47760,13.2667,650.8,35.4,53.4,43.5
47760,47770,13.2694,649.9,35.4,53.4,44.8
47770,47780,13.2722,650.2,35.4,53.4,44.7
47780,47790,13.2750,650.8,35.4,53.4,43.2
47790,47800,13.2778,651.4,35.4,53.4,43.8
47800,47810,13.2806,652.3,35.4,53.4,44.8
47810,47820,13.2833,652.9,35.4,53.4,44.3
47820,47830,13.2861,653.2,35.4,53.4,44.9
47830,47840,13.2889,655.0,35.4,53.4,44.8
47840,47850,13.2917,656.5,35.4,53.4,43.9
47850,47860,13.2944,656.5,35.4,53.4,43.8
47860,47870,13.2972,656.5,35.4,53.4,44.6
47870,47880,13.3000,657.4,35.4,53.4,43.8
47880,47890,13.3028,657.7,35.4,53.4,44
47890,47900,13.3056,657.7,35.4,53.4,44.4
47900,47910,13.3083,657.7,35.4,53.4,43.7
47910,47920,13.3111,659.5,35.4,53.4,44.8
47920,47930,13.3139,660.3,35.4,53.4,47
47930,47940,13.3167,659.8,35.4,53.4,44.2
47940,47950,13.3194,659.2,35.4,53.4,44.9
47950,47960,13.3222,659.5,35.4,53.4,45.7
47960,47970,13.3250,659.2,35.4,53.4,46
47970,47980,13.3278,657.1,35.4,53.4,45.9
47980,47990,13.3306,656.8,35.4,53.4,45.9
47990,48000,13.3333,656.8,35.4,53.4,44.9
48000,48010,13.3361,656.5,35.4,53.4,46.3
48010,48020,13.3389,655.0,35.4,53.4,45.5
48020,48030,13.3417,655.0,35.4,53.4,45.2
48030,48040,13.3444,655.0,35.4,53.4,44.9
48040,48050,13.3472,654.1,35.4,53.4,46
48050,48060,13.3500,653.2,35.4,53.4,46
48060,48070,13.3528,668.4,35.4,53.4,-99.9
48070,48080,13.3556,669.0,35.4,53.4,-99.9
48080,48090,13.3583,669.3,35.4,53.4,-99.9
48090,48100,13.3611,669.0,35.4,53.4,-99.9
48100,48110,13.3639,668.7,35.4,53.4,-99.9
48110,48120,13.3667,670.8,35.4,53.4,-99.9
48120,48130,13.3694,670.8,35.4,53.4,-99.9
48130,48140,13.3722,669.3,35.4,53.4,-99.9
48140,48150,13.3750,668.4,35.4,53.4,-99.9
48150,48160,13.3778,668.7,35.4,53.4,-99.9
48160,48170,13.3806,669.3,35.4,53.4,-99.9
48170,48180,13.3833,669.9,35.4,53.4,-99.9
48180,48190,13.3861,670.5,35.4,53.4,-99.9
48190,48200,13.3889,671.1,35.4,53.4,-99.9
48200,48210,13.3917,672.0,35.4,53.4,-99.9
48210,48220,13.3944,671.1,35.4,53.4,-99.9
48220,48230,13.3972,670.2,35.4,53.4,-99.9
48230,48240,13.4000,669.9,35.4,53.4,-99.9
48240,48250,13.4028,670.8,35.4,53.4,-99.9
48250,48260,13.4056,669.3,35.4,53.4,-99.9
48260,48270,13.4083,666.3,35.4,53.4,-99.9
48270,48280,13.4111,665.1,35.4,53.4,-99.9
48280,48290,13.4139,664.5,35.4,53.4,-99.9
48290,48300,13.4167,664.2,35.4,53.4,-99.9
48300,48310,13.4194,662.7,35.4,53.4,-99.9
48310,48320,13.4222,662.4,35.4,53.4,-99.9
48320,48330,13.4250,662.1,35.5,53.4,-99.9
48330,48340,13.4278,661.2,35.5,53.4,-99.9
48340,48350,13.4306,660.6,35.4,53.4,-99.9
48350,48360,13.4333,660.0,35.4,53.4,-99.9
48360,48370,13.4361,660.0,35.5,53.4,-99.9
48370,48380,13.4389,659.2,35.4,53.4,-99.9
48380,48390,13.4417,659.2,35.4,53.4,-99.9
48390,48400,13.4444,658.6,35.4,53.4,-99.9
48400,48410,13.4472,658.3,35.4,53.4,-99.9
48410,48420,13.4500,657.7,35.4,53.4,-99.9
48420,48430,13.4528,657.4,35.4,53.4,-99.9
48430,48440,13.4556,658.6,35.4,53.4,-99.9
48440,48450,13.4583,659.5,35.4,53.4,-99.9
48450,48460,13.4611,659.2,35.4,53.4,-99.9
48460,48470,13.4639,658.9,35.5,53.4,-99.9
48470,48480,13.4667,658.3,35.5,53.4,-99.9
48480,48490,13.4694,657.1,35.5,53.4,-99.9
48490,48500,13.4722,656.2,35.4,53.4,-99.9
48500,48510,13.4750,655.6,35.5,53.4,-99.9
48510,48520,13.4778,656.5,35.5,53.4,-99.9
48520,48530,13.4806,657.4,35.5,53.4,-99.9
48530,48540,13.4833,657.7,35.4,53.4,-99.9
48540,48550,13.4861,657.7,35.4,53.4,-99.9
48550,48560,13.4889,658.3,35.5,53.4,-99.9
48560,48570,13.4917,658.0,35.5,53.4,-99.9
48570,48580,13.4944,658.0,35.5,53.4,-99.9
48580,48590,13.4972,658.6,35.4,53.4,-99.9
48590,48600,13.5000,659.8,35.5,53.4,-99.9
48600,48610,13.5028,659.8,35.5,53.4,-99.9
48610,48620,13.5056,660.3,35.5,53.4,-99.9
48620,48630,13.5083,661.2,35.5,53.4,-99.9
48630,48640,13.5111,661.2,35.4,53.4,-99.9
48640,48650,13.5139,660.9,35.4,53.4,-99.9
48650,48660,13.5167,660.0,35.5,53.4,-99.9
48660,48670,13.5194,660.0,35.5,53.4,-99.9
48670,48680,13.5222,659.5,35.5,53.4,-99.9
48680,48690,13.5250,658.6,35.5,53.4,-99.9
48690,48700,13.5278,657.1,35.5,53.4,-99.9
48700,48710,13.5306,656.5,35.5,53.4,-99.9
48710,48720,13.5333,657.1,35.5,53.4,-99.9
48720,48730,13.5361,658.6,35.5,53.4,-99.9
48730,48740,13.5389,658.9,35.5,53.4,-99.9
48740,48750,13.5417,658.0,35.5,53.4,-99.9
48750,48760,13.5444,658.3,35.5,53.4,-99.9
48760,48770,13.5472,658.9,35.5,53.4,-99.9
48770,48780,13.5500,658.6,35.5,53.4,-99.9
48780,48790,13.5528,658.3,35.5,53.4,-99.9
48790,48800,13.5556,658.6,35.5,53.4,-99.9
48800,48810,13.5583,659.5,35.5,53.4,-99.9
48810,48820,13.5611,659.8,35.5,53.4,-99.9
48820,48830,13.5639,660.0,35.5,53.4,-99.9
48830,48840,13.5667,660.0,35.5,53.4,-99.9
48840,48850,13.5694,658.9,35.5,53.4,-99.9
48850,48860,13.5722,657.7,35.5,53.4,-99.9
48860,48870,13.5750,657.1,35.5,53.4,-99.9
48870,48880,13.5778,659.2,35.5,53.4,-99.9
48880,48890,13.5806,660.6,35.5,53.4,-99.9
48890,48900,13.5833,661.2,35.5,53.4,-99.9
48900,48910,13.5861,662.7,35.5,53.4,-99.9
48910,48920,13.5889,663.6,35.5,53.4,-99.9
48920,48930,13.5917,663.9,35.5,53.4,-99.9
48930,48940,13.5944,664.2,35.5,53.4,-99.9
48940,48950,13.5972,665.1,35.5,53.4,-99.9
48950,48960,13.6000,666.6,35.5,53.4,-99.9
48960,48970,13.6028,666.6,35.5,53.4,-99.9
48970,48980,13.6056,667.5,35.5,53.4,-99.9
48980,48990,13.6083,668.7,35.5,53.4,-99.9
48990,49000,13.6111,670.5,35.5,53.4,-99.9
49000,49010,13.6139,673.2,35.5,53.4,-99.9
49010,49020,13.6167,674.4,35.5,53.4,-99.9
49020,49030,13.6194,675.6,35.5,53.4,-99.9
49030,49040,13.6222,678.9,35.5,53.4,-99.9
49040,49050,13.6250,681.9,35.5,53.4,-99.9
49050,49060,13.6278,681.6,35.5,53.4,-99.9
49060,49070,13.6306,680.4,35.5,53.4,-99.9
49070,49080,13.6333,680.7,35.5,53.4,-99.9
49080,49090,13.6361,681.0,35.5,53.4,-99.9
49090,49100,13.6389,681.9,35.5,53.4,-99.9
49100,49110,13.6417,682.8,35.5,53.4,-99.9
49110,49120,13.6444,683.7,35.5,53.4,-99.9
49120,49130,13.6472,684.0,35.5,53.4,-99.9
49130,49140,13.6500,683.4,35.5,53.4,-99.9
49140,49150,13.6528,682.8,35.5,53.3,-99.9
49150,49160,13.6556,683.1,35.5,53.4,-99.9
49160,49170,13.6583,682.2,35.5,53.4,-99.9
49170,49180,13.6611,681.0,35.5,53.4,-99.9
49180,49190,13.6639,680.7,35.5,53.4,-99.9
49190,49200,13.6667,681.0,35.5,53.4,-99.9
49200,49210,13.6694,681.6,35.5,53.4,-99.9
49210,49220,13.6722,680.4,35.5,53.4,-99.9
49220,49230,13.6750,680.1,35.5,53.4,-99.9
49230,49240,13.6778,681.0,35.5,53.4,-99.9
49240,49250,13.6806,681.0,35.5,53.4,-99.9
49250,49260,13.6833,679.5,35.5,53.4,-99.9
49260,49270,13.6861,679.2,35.5,53.4,-99.9
49270,49280,13.6889,680.1,35.4,53.4,-99.9
49280,49290,13.6917,681.0,35.5,53.4,-99.9
49290,49300,13.6944,680.4,35.4,53.4,-99.9
49300,49310,13.6972,680.7,35.4,53.4,-99.9
49310,49320,13.7000,682.2,35.5,53.4,-99.9
49320,49330,13.7028,684.3,35.5,53.4,-99.9
49330,49340,13.7056,686.4,35.4,53.4,-99.9
49340,49350,13.7083,688.2,35.4,53.4,-99.9
49350,49360,13.7111,691.5,35.5,53.4,-99.9
49360,49370,13.7139,693.9,35.5,53.4,-99.9
49370,49380,13.7167,695.7,35.5,53.4,-99.9
49380,49390,13.7194,698.4,35.4,53.4,-99.9
49390,49400,13.7222,701.4,35.4,53.4,-99.9
49400,49410,13.7250,705.6,35.5,53.4,-99.9
49410,49420,13.7278,708.0,35.4,53.4,-99.9
49420,49430,13.7306,710.4,35.4,53.4,-99.9
49430,49440,13.7333,714.6,35.5,53.4,-99.9
49440,49450,13.7361,718.2,35.5,53.4,-99.9
49450,49460,13.7389,720.9,35.4,53.4,-99.9
49460,49470,13.7417,723.6,35.4,53.4,-99.9
49470,49480,13.7444,726.6,35.5,53.4,-99.9
49480,49490,13.7472,729.9,35.5,53.4,-99.9
49490,49500,13.7500,732.3,35.5,53.4,-99.9
49500,49510,13.7528,735.9,35.4,53.4,-99.9
49510,49520,13.7556,740.3,35.5,53.4,-99.9
49520,49530,13.7583,743.3,35.4,53.4,-99.9
49530,49540,13.7611,744.2,35.4,53.4,-99.9
49540,49550,13.7639,746.3,35.5,53.4,-99.9
49550,49560,13.7667,749.0,35.5,53.4,-99.9
49560,49570,13.7694,750.8,35.5,53.4,-99.9
49570,49580,13.7722,752.3,35.5,53.4,-99.9
49580,49590,13.7750,754.4,35.5,53.4,-99.9
49590,49600,13.7778,756.8,35.5,53.4,-99.9
49600,49610,13.7806,758.0,35.5,53.4,-99.9
49610,49620,13.7833,759.8,35.5,53.4,-99.9
49620,49630,13.7861,761.0,35.5,53.4,-99.9
49630,49640,13.7889,762.8,35.5,53.4,-99.9
49640,49650,13.7917,764.6,35.5,53.4,-99.9
49650,49660,13.7944,766.4,35.5,53.4,-99.9
49660,49670,13.7972,765.8,35.5,53.4,-99.9
49670,49680,13.8000,766.4,35.5,53.4,-99.9
