data/raw/Flight7/CO2_POLAR6_20150413_R1_NETCARE.ict
34, 1001
Bozem, Heiko; Hoor, Peter
Institute for Atmospheric Physics, Johannes Gutenberg University, Mainz, Germany
CO2 mixing ratio from LI7200 CO2 analyzer
NETCARE Polar 6 Campaign 2015
1, 1
2015, 04, 13, 2015, 08, 12
1
Time_UTC, seconds
1
1
-9999.99
CO2_ppmv, ppmv
0
19
PI_CONTACT_INFO: Address: Johann-Joachim-Becherweg 21, 55128 Mainz, email: bozemh@uni-mainz.de; hoor@uni-mainz.de
PLATFORM: Polar 6
LOCATION: GPS location and altitude available at 1 Hz resolution in separate file (See AIMMS files under Aircraft data and meteorology)
ASSOCIATED_DATA: N/A
INSTRUMENT_INFO: CO2 measurements based on non-dispersive infrared absorption spectroscopy
DATA_INFO: Units are ppmv
UNCERTAINTY: UNCERTAINTY RELATIVE TO STANDARD: 1.71 ppmv at 1 sigma confidence (before drift correction is applied)
ULOD_FLAG: -7777
ULOD_VALUE: 3000
LLOD_FLAG: -8888
LLOD_VALUE: N/A 
DM_CONTACT_INFO: N/A
PROJECT_INFO: NETCARE Polar 6 aircraft campaign in April 2015; Eureka
STIPULATIONS_ON_USE: N/A
OTHER_COMMENTS: N/A
REVISION: R1
R0: Preliminary data, corrected for instrument drift
R1: Final data, corrected for instrument drift
Time_UTC,CO2_ppmv
[from data line 15661]
70528,406.92
70529,406.94
70530,406.88
70531,406.87
70532,406.86
70533,406.85
70534,406.85
70535,406.87
70536,406.82
70537,406.87
70538,406.87
70539,406.88
70540,406.87
70541,406.79
70542,406.86
70543,406.86
70544,406.80
70545,406.79
70546,406.87
70547,406.84
70548,406.76
70549,406.88
70550,406.86
70551,406.84
70552,406.86
70553,406.82
70554,406.83
70555,406.80
70556,406.83
70557,406.85
70558,406.81
70559,406.74
70560,406.84
70561,406.82
70562,406.91
70563,406.79
70564,406.83
70565,406.88
70566,406.82
70567,406.84
70568,406.88
70569,406.85
70570,406.85
70571,406.86
70572,406.83
70573,406.90
70574,406.87
70575,406.82
70576,406.91
70577,406.90
70578,406.89
70579,406.90
70580,406.91
70581,406.91
70582,406.86
70583,406.83
70584,406.87
70585,406.81
70586,406.81
70587,406.90
70588,406.83
70589,406.79
70590,406.84
70591,406.83
70592,406.76
70593,406.80
70594,406.80
70595,406.76
70596,406.73
70597,406.85
70598,406.84
70599,406.78
70600,406.80
70601,406.81
70602,406.87
70603,406.86
70604,406.82
70605,406.73
70606,406.83
70607,406.79
70608,406.80
70609,406.81
70610,406.83
70611,406.80
70612,406.81
70613,406.75
70614,406.84
70615,406.70
70616,406.76
70617,406.78
70618,406.81
70619,406.81
70620,406.76
70621,406.85
70622,406.81
70623,406.82
70624,406.86
70625,406.80
70626,406.75
70627,406.76
70628,406.80
70629,406.77
70630,406.80
70631,-9999.99
70632,-9999.99
70633,-9999.99
70634,-9999.99
70635,-9999.99
70636,-9999.99
70637,-9999.99
70638,-9999.99
70639,-9999.99
70640,-9999.99
70641,-9999.99
70642,-9999.99
70643,-9999.99
70644,-9999.99
70645,-9999.99
70646,-9999.99
70647,-9999.99
70648,-9999.99
70649,-9999.99
70650,-9999.99
70651,-9999.99
70652,-9999.99
70653,-9999.99
70654,-9999.99
70655,-9999.99
70656,-9999.99
70657,-9999.99
70658,-9999.99
70659,-9999.99
70660,-9999.99
70661,-9999.99
70662,-9999.99
70663,-9999.99
70664,-9999.99
70665,-9999.99
70666,-9999.99
70667,-9999.99
70668,-9999.99
70669,-9999.99
70670,-9999.99
70671,-9999.99
70672,-9999.99
70673,-9999.99
70674,-9999.99
70675,-9999.99
70676,-9999.99
70677,-9999.99
70678,-9999.99
70679,-9999.99
70680,-9999.99
70681,-9999.99
70682,-9999.99
70683,-9999.99
70684,-9999.99
70685,-9999.99
70686,-9999.99
70687,-9999.99
70688,-9999.99
70689,-9999.99
70690,-9999.99
70691,-9999.99
70692,-9999.99
70693,-9999.99
70694,-9999.99
70695,-9999.99
70696,-9999.99
70697,-9999.99
70698,-9999.99
70699,-9999.99
70700,-9999.99
70701,-9999.99
70702,-9999.99
70703,-9999.99
70704,-9999.99
70705,-9999.99
70706,-9999.99
70707,-9999.99
70708,-9999.99
70709,-9999.99
70710,-9999.99
70711,-9999.99
70712,-9999.99
70713,-9999.99
70714,-9999.99
70715,-9999.99
70716,-9999.99
70717,-9999.99
70718,-9999.99
70719,-9999.99
70720,-9999.99
70721,-9999.99
70722,-9999.99
70723,-9999.99
70724,-9999.99
70725,-9999.99
70726,-9999.99
70727,-9999.99
70728,-9999.99
70729,-9999.99
70730,-9999.99
70731,-9999.99
70732,-9999.99
70733,-9999.99
70734,-9999.99
70735,-9999.99
70736,-9999.99
70737,-9999.99
70738,-9999.99
70739,-9999.99
70740,-9999.99
70741,-9999.99
70742,-9999.99
70743,-9999.99
70744,-9999.99
70745,-9999.99
70746,-9999.99
70747,-9999.99
70748,-9999.99
70749,-9999.99
70750,-9999.99
70751,-9999.99
70752,-9999.99
70753,-9999.99
70754,-9999.99
70755,-9999.99
70756,-9999.99
70757,-9999.99
70758,-9999.99
70759,-9999.99
70760,-9999.99
70761,-9999.99
70762,-9999.99
70763,-9999.99
70764,-9999.99
70765,-9999.99
70766,-9999.99
70767,-9999.99
70768,-9999.99
70769,-9999.99
70770,-9999.99
70771,-9999.99
70772,-9999.99
70773,-9999.99
70774,-9999.99
70775,-9999.99
70776,-9999.99
70777,-9999.99
70778,-9999.99
70779,-9999.99
70780,-9999.99
70781,-9999.99
70782,-9999.99
70783,-9999.99
70784,-9999.99
70785,-9999.99
70786,-9999.99
70787,-9999.99
70788,-9999.99
70789,-9999.99
70790,-9999.99
70791,-9999.99
70792,-9999.99
70793,-9999.99
70794,-9999.99
70795,-9999.99
70796,-9999.99
70797,-9999.99
70798,-9999.99
70799,406.80
70800,406.81
70801,406.78
70802,406.79
70803,406.86
70804,406.87
70805,406.87
70806,406.86
70807,406.84
70808,406.89
70809,406.86
70810,406.91
70811,406.83
70812,406.96
70813,406.83
70814,406.82
70815,406.81
70816,406.80
70817,406.84
70818,406.91
70819,406.81
70820,406.79
70821,406.84
70822,406.78
70823,406.86
70824,406.89
70825,406.80
70826,406.80
70827,406.88
70828,406.80
70829,406.86
70830,406.86
70831,406.81
70832,406.83
70833,406.83
70834,406.76
70835,406.85
70836,406.74
70837,406.77
70838,406.78
70839,406.75
70840,406.73
70841,406.76
70842,406.83
70843,406.78
70844,406.81
70845,406.79
70846,406.81
70847,406.79
70848,406.81
70849,406.78
70850,406.81
70851,406.85
70852,406.86
70853,406.82
70854,406.79
70855,406.81
70856,406.87
70857,406.87
70858,406.85
70859,406.80
70860,406.79
70861,406.76
70862,406.79
70863,406.81
70864,406.79
70865,406.84
70866,406.76
70867,406.75
70868,406.77
70869,406.76
70870,406.76
70871,406.79
70872,406.73
70873,406.73
70874,406.64
70875,406.75
70876,406.73
70877,406.68
70878,406.74
70879,406.72
70880,406.73
70881,406.68
70882,406.69
70883,406.75
70884,406.77
70885,406.74
70886,406.70
70887,406.72
70888,406.67
70889,406.60
70890,406.62
70891,406.61
70892,406.71
70893,406.68
70894,406.67
70895,406.67
70896,406.61
70897,406.63
70898,406.66
70899,406.62
70900,406.70
70901,406.65
70902,406.66
70903,406.58
70904,406.61
70905,406.57
70906,406.67
70907,406.60
70908,406.59
70909,406.57
70910,406.57
70911,406.70
70912,406.64
70913,406.61
70914,406.56
70915,406.59
70916,406.56
70917,406.68
70918,406.69
70919,406.77
70920,406.74
70921,406.84
70922,406.79
70923,406.80
70924,406.90
70925,406.94
70926,406.94
70927,406.87
70928,406.77
70929,406.77
70930,406.77
70931,406.93
70932,406.89
70933,406.83
70934,406.71
70935,406.69
70936,406.78
70937,406.82
70938,406.93
70939,406.83
70940,406.83
70941,406.87
70942,406.94
70943,406.86
70944,406.93
70945,406.85
70946,406.83
70947,406.89
70948,406.84
70949,406.90
70950,406.78
70951,406.87
70952,406.85
70953,406.89
70954,406.81
70955,406.92
70956,406.88
70957,406.73
70958,406.89
70959,406.90
70960,406.83
70961,406.89
70962,406.86
70963,406.87
70964,406.91
70965,406.85
70966,406.88
70967,406.87
70968,406.80
70969,406.81
70970,406.86
70971,406.82
70972,406.84
70973,406.92
70974,406.85
70975,406.83
70976,406.81
70977,406.85
70978,406.76
70979,406.76
70980,406.84
70981,406.86
70982,406.81
70983,406.83
70984,406.80
70985,406.83
70986,406.84
70987,406.81
70988,406.80
70989,406.81
70990,406.87
70991,406.88
70992,406.93
70993,406.81
70994,406.85
70995,406.87
70996,406.88
70997,406.95
70998,406.92
70999,406.95
71000,406.80
71001,406.89
71002,406.85
71003,406.81
71004,406.89
71005,406.88
71006,406.84
71007,406.85
71008,406.88
71009,406.81
71010,406.92
71011,406.84
71012,406.87
71013,406.78
71014,406.81
71015,406.88
71016,406.90
71017,406.79
71018,406.76
71019,406.90
71020,406.87
71021,406.81
71022,406.87
71023,406.76
71024,406.83
71025,406.82
71026,406.75
71027,406.74
71028,406.74
71029,406.73
71030,406.71
71031,406.86
71032,406.84
71033,406.85
71034,406.86
71035,406.85
71036,406.79
71037,406.79
71038,406.79
71039,406.84
71040,406.79
71041,406.74
71042,406.77
71043,406.83
71044,406.83
71045,406.80
71046,406.84
71047,406.80
71048,406.76
71049,406.83
71050,406.80
71051,406.75
71052,406.75
71053,406.74
71054,406.80
71055,406.77
71056,406.76
71057,406.84
71058,406.78
71059,406.75
71060,406.78
71061,406.75
71062,406.84
71063,406.80
71064,406.85
71065,406.81
71066,406.89
71067,406.78
71068,406.81
71069,406.87
71070,406.82
71071,406.79
71072,406.80
71073,406.77
71074,406.78
71075,406.84
71076,406.83
71077,406.80
71078,406.77
71079,406.85
71080,406.80
71081,406.81
71082,406.67
71083,406.70
71084,406.72
71085,406.83
71086,406.80
71087,406.77
71088,406.74
71089,406.80
71090,406.84
71091,406.85
71092,406.84
71093,406.79
71094,406.80
71095,406.81
71096,406.88
71097,406.85
71098,406.85
71099,406.82
71100,406.85
71101,406.79
71102,406.85
71103,406.79
71104,406.83
71105,406.88
71106,406.85
71107,406.78
71108,406.80
71109,406.84
71110,406.80
71111,406.77
71112,406.77
71113,406.73
71114,406.74
71115,406.78
71116,406.73
71117,406.69
71118,406.70
71119,406.74
71120,406.78
71121,406.76
71122,406.79
71123,406.77
71124,406.84
71125,406.85
71126,406.80
71127,406.85
71128,406.77
71129,406.71
71130,406.83
71131,406.83
71132,406.85
71133,406.79
71134,406.75
71135,406.75
71136,406.70
71137,406.72
71138,406.75
71139,406.71
71140,406.77
71141,406.77
71142,406.75
71143,406.71
71144,406.72
71145,406.72
71146,406.68
71147,406.72
71148,406.72
71149,406.75
71150,406.72
71151,406.82
71152,406.76
71153,406.73
71154,406.74
71155,406.73
71156,406.78
71157,406.73
71158,406.82
71159,406.80
71160,406.75
71161,406.75
71162,406.76
71163,406.79
71164,406.81
71165,406.86
71166,406.76
71167,406.80
71168,406.77
71169,406.87
71170,406.87
71171,406.86
71172,406.83
71173,406.83
71174,406.86
71175,406.84
71176,406.82
71177,406.86
71178,406.80
71179,406.79
71180,406.81
71181,406.88
71182,406.80
71183,406.74
71184,406.80
71185,406.80
71186,406.77
71187,406.83
71188,406.81
71189,406.81
71190,406.79
71191,406.70
71192,406.74
71193,406.74
71194,406.81
71195,406.71
71196,406.77
71197,406.76
71198,406.78
71199,406.72
71200,406.73
71201,406.74
71202,406.82
71203,406.83
71204,406.82
71205,406.74
71206,406.80
71207,406.81
71208,406.88
71209,406.80
71210,406.79
71211,406.71
71212,406.66
71213,406.76
71214,406.79
71215,406.77
71216,406.79
71217,406.85
71218,406.79
71219,406.80
71220,406.79
71221,406.80
71222,406.85
71223,406.79
71224,406.76
71225,406.69
71226,406.75
71227,406.76
71228,406.74
71229,406.76
71230,406.83
71231,406.88
71232,406.79
71233,406.74
71234,406.68
71235,406.82
71236,406.77
71237,406.74
71238,406.74
71239,406.76
71240,406.80
71241,406.89
71242,406.82
71243,406.73
71244,406.77
71245,406.83
71246,406.85
71247,406.87
71248,406.84
71249,406.81
71250,406.83
71251,406.63
71252,406.81
71253,406.81
71254,406.73
71255,406.79
71256,406.79
71257,406.76
71258,406.71
71259,406.75
71260,406.79
71261,406.75
71262,406.78
71263,406.82
71264,406.79
71265,406.90
71266,406.86
71267,406.88
71268,406.87
71269,406.91
71270,406.89
71271,406.95
71272,406.97
71273,407.03
71274,406.97
71275,406.92
71276,406.94
71277,406.91
71278,406.86
71279,406.80
71280,406.68
71281,406.78
71282,406.79
71283,406.76
71284,406.78
71285,406.79
71286,406.75
71287,406.77
71288,406.77
71289,406.73
71290,406.79
71291,406.79
71292,406.75
71293,406.77
71294,406.83
71295,406.77
71296,406.79
71297,406.82
71298,406.93
71299,406.93
71300,406.96
71301,406.93
71302,406.92
71303,406.99
71304,406.97
71305,406.91
71306,406.80
71307,406.74
71308,406.84
71309,406.89
71310,406.93
71311,406.99
71312,406.88
71313,406.95
71314,406.96
71315,406.89
71316,406.94
71317,406.97
71318,406.92
71319,406.89
71320,406.95
71321,406.96
71322,406.84
71323,406.79
71324,406.85
71325,406.91
71326,406.94
71327,406.92
71328,406.81
71329,406.80
71330,406.72
71331,406.76
71332,406.78
71333,406.83
71334,406.72
71335,406.79
71336,406.79
71337,406.79
71338,406.84
71339,406.82
71340,406.76
71341,406.85
71342,406.83
71343,406.87
71344,406.82
71345,406.87
71346,406.83
71347,406.88
71348,406.92
71349,406.83
71350,406.90
71351,406.85
71352,406.80
71353,406.92
71354,406.90
71355,406.93
71356,406.88
71357,406.91
71358,406.90
71359,406.95
71360,406.91
71361,406.87
71362,406.88
71363,406.92
71364,406.96
71365,406.88
71366,406.95
71367,406.98
71368,407.04
71369,406.98
71370,406.99
71371,406.99
71372,407.00
71373,407.00
71374,406.96
71375,407.00
71376,406.98
71377,407.09
71378,406.97
71379,407.01
71380,406.89
71381,407.00
71382,406.99
71383,406.92
71384,407.01
71385,406.97
71386,406.98
71387,406.96
71388,406.93
71389,406.90
71390,406.92
71391,406.91
71392,406.82
71393,406.82
71394,406.94
71395,406.90
71396,406.94
71397,406.93
71398,406.91
71399,406.90
71400,406.92
71401,406.91
71402,407.00
71403,406.95
71404,407.01
71405,406.98
71406,406.86
71407,406.87
71408,406.95
71409,407.01
71410,407.00
71411,406.97
71412,406.90
71413,406.89
71414,406.94
71415,406.92
71416,407.00
71417,406.99
71418,406.89
71419,406.93
71420,406.89
71421,406.90
71422,406.93
71423,406.94
71424,406.97
71425,407.01
71426,406.94
71427,406.91
71428,407.02
71429,406.91
71430,406.89
71431,406.91
71432,406.89
71433,406.86
71434,406.91
71435,406.86
71436,406.89
71437,406.92
71438,406.94
71439,406.90
71440,406.94
71441,406.87
71442,406.80
71443,406.87
71444,406.95
71445,406.92
71446,406.91
71447,406.94
71448,406.93
71449,406.92
71450,406.90
71451,406.93
71452,406.95
71453,406.96
71454,407.00
71455,406.91
71456,407.02
71457,406.90
71458,407.01
71459,406.87
71460,406.88
71461,406.95
71462,406.98
71463,406.85
71464,406.91
71465,406.93
71466,406.86
71467,406.93
71468,406.90
71469,406.91
71470,407.01
71471,406.89
71472,406.88
71473,406.89
71474,406.85
71475,406.92
71476,406.86
71477,406.85
71478,406.75
71479,406.87
71480,406.94
71481,406.85
71482,406.88
71483,406.79
71484,406.86
71485,406.75
71486,406.75
71487,406.74
71488,406.65
71489,406.64
71490,406.43
71491,406.47
71492,406.46
71493,406.55
71494,406.56
71495,406.59
71496,406.73
71497,406.82
71498,406.74
71499,406.82
71500,406.78
71501,406.84
71502,406.82
71503,406.79
71504,406.83
71505,406.88
71506,406.81
71507,406.83
71508,406.85
71509,406.83
71510,406.91
71511,406.86
71512,406.84
71513,406.82
71514,406.90
71515,406.86
71516,406.79
71517,406.85
71518,406.89
71519,406.91
71520,406.86
71521,406.85
71522,406.85
71523,406.86
71524,406.92
71525,406.87
71526,406.93
71527,406.88
71528,406.87
71529,406.88
71530,406.83
71531,406.86
71532,406.78
71533,406.81
71534,406.72
71535,406.84
71536,406.79
71537,406.78
71538,406.74
71539,406.68
71540,406.69
71541,406.82
71542,406.74
71543,406.71
71544,406.74
71545,406.83
71546,406.70
71547,406.80
71548,406.78
71549,406.85
71550,406.79
71551,406.87
71552,406.92
71553,406.81
71554,406.79
71555,406.84
71556,406.86
71557,406.84
71558,406.88
71559,406.91
71560,406.89
71561,406.86
71562,406.87
71563,406.84
71564,406.89
71565,406.83
71566,406.89
71567,406.87
71568,406.91
71569,406.83
71570,406.81
71571,406.89
71572,406.92
71573,406.83
71574,406.83
71575,406.77
71576,406.77
71577,406.73
71578,406.85
71579,406.78
71580,406.64
71581,406.63
71582,406.71
71583,406.63
71584,406.57
71585,406.73
71586,406.68
71587,406.78
71588,406.77
71589,406.73
71590,406.73
71591,406.77
71592,406.67
71593,406.69
71594,406.62
71595,406.69
71596,406.74
71597,406.67
71598,406.59
71599,406.56
71600,406.57
71601,406.61
71602,406.60
71603,406.57
71604,406.60
71605,406.64
71606,406.54
71607,406.48
71608,406.49
71609,406.54
71610,406.49
71611,406.56
71612,406.59
71613,406.47
71614,406.49
71615,406.50
71616,406.49
71617,406.54
71618,406.47
71619,406.46
71620,406.50
71621,406.43
71622,406.50
71623,406.50
71624,406.51
71625,406.52
71626,406.53
71627,406.58
71628,406.63
71629,406.55
71630,406.67
71631,406.57
71632,406.65
71633,406.58
71634,406.63
71635,406.60
71636,406.58
71637,406.53
71638,406.56
71639,406.53
71640,406.61
71641,406.66
71642,406.67
71643,406.62
71644,406.65
71645,406.61
71646,406.62
71647,406.60
71648,406.59
71649,406.60
71650,406.53
71651,406.62
71652,406.51
71653,406.51
71654,406.39
71655,406.40
71656,406.37
71657,406.40
71658,406.55
71659,406.40
71660,406.35
71661,406.38
71662,406.22
71663,406.23
71664,406.25
71665,406.28
71666,406.29
71667,406.33
71668,406.24
71669,406.30
71670,406.30
71671,406.27
71672,406.25
71673,406.35
71674,406.30
71675,406.29
71676,406.30
71677,406.27
71678,406.27
71679,406.29
71680,406.32
71681,406.33
71682,406.37
71683,406.27
71684,406.37
71685,406.37
71686,406.40
71687,406.39
71688,406.40
71689,406.41
71690,406.37
71691,406.44
71692,406.38
71693,406.38
71694,406.41
71695,406.46
71696,406.48
71697,406.41
71698,406.47
71699,406.41
71700,406.56
71701,406.60
71702,406.66
71703,406.67
71704,406.66
71705,406.69
71706,406.70
71707,406.64
71708,406.76
71709,406.72
71710,406.77
71711,406.74
71712,406.68
71713,406.68
71714,406.77
71715,406.78
71716,406.78
71717,406.72
71718,406.69
71719,406.71
71720,406.74
71721,406.69
71722,406.73
71723,406.77
71724,406.73
71725,406.66
71726,406.64
71727,406.77
71728,406.82
71729,406.75
71730,406.68
71731,406.73
