data/raw/Flight7/CO2_POLAR6_20150413_R1_NETCARE.ict
34, 1001
Bozem, Heiko; Hoor, Peter
Institute for Atmospheric Physics, Johannes Gutenberg University, Mainz, Germany
CO2 mixing ratio from LI7200 CO2 analyzer
NETCARE Polar 6 Campaign 2015
1, 1
2015, 04, 13, 2015, 08, 12
1
Time_UTC, seconds
1
1
-9999.99
CO2_ppmv, ppmv
0
19
PI_CONTACT_INFO: Address: Johann-Joachim-Becherweg 21, 55128 Mainz, email: bozemh@uni-mainz.de; hoor@uni-mainz.de
PLATFORM: Polar 6
LOCATION: GPS location and altitude available at 1 Hz resolution in separate file (See AIMMS files under Aircraft data and meteorology)
ASSOCIATED_DATA: N/A
INSTRUMENT_INFO: CO2 measurements based on non-dispersive infrared absorption spectroscopy
DATA_INFO: Units are ppmv
UNCERTAINTY: UNCERTAINTY RELATIVE TO STANDARD: 1.71 ppmv at 1 sigma confidence (before drift correction is applied)
ULOD_FLAG: -7777
ULOD_VALUE: 3000
LLOD_FLAG: -8888
LLOD_VALUE: N/A 
DM_CONTACT_INFO: N/A
PROJECT_INFO: NETCARE Polar 6 aircraft campaign in April 2015; Eureka
STIPULATIONS_ON_USE: N/A
OTHER_COMMENTS: N/A
REVISION: R1
R0: Preliminary data, corrected for instrument drift
R1: Final data, corrected for instrument drift
Time_UTC,CO2_ppmv
[from data line 4819]
59686,407.01
59687,407.00
59688,406.96
59689,406.96
59690,407.02
59691,407.04
59692,406.92
59693,407.09
59694,407.05
59695,406.99
59696,406.97
59697,407.01
59698,406.94
59699,406.95
59700,407.02
59701,406.97
59702,407.00
59703,407.10
59704,407.01
59705,407.06
59706,407.00
59707,407.01
59708,406.97
59709,407.04
59710,407.08
59711,407.05
59712,407.08
59713,407.04
59714,407.01
59715,407.06
59716,407.07
59717,407.13
59718,407.07
59719,407.00
59720,407.00
59721,407.02
59722,407.03
59723,407.03
59724,407.02
59725,407.09
59726,407.00
59727,406.97
59728,406.94
59729,407.03
59730,407.07
59731,406.98
59732,407.00
59733,407.06
59734,407.01
59735,407.07
59736,407.07
59737,407.02
59738,407.02
59739,407.05
59740,407.15
59741,407.06
59742,407.01
59743,406.99
59744,407.02
59745,407.10
59746,406.97
59747,407.03
59748,407.00
59749,407.02
59750,407.08
59751,407.12
59752,406.99
59753,407.01
59754,407.01
59755,407.06
59756,407.08
59757,407.04
59758,407.09
59759,407.00
59760,406.96
59761,407.08
59762,407.02
59763,407.06
59764,407.00
59765,406.97
59766,407.09
59767,407.10
59768,407.05
59769,407.08
59770,407.05
59771,407.02
59772,407.05
59773,407.05
59774,407.08
59775,407.08
59776,406.98
59777,407.06
59778,407.09
59779,406.98
59780,407.06
59781,406.99
59782,407.12
59783,406.99
59784,407.06
59785,407.03
59786,407.06
59787,407.01
59788,407.05
59789,407.04
59790,406.95
59791,407.01
59792,407.01
59793,407.01
59794,407.00
59795,406.98
59796,407.07
59797,407.04
59798,407.03
59799,406.99
59800,407.05
59801,407.06
59802,406.94
59803,407.03
59804,406.90
59805,406.95
59806,407.01
59807,407.00
59808,407.05
59809,406.99
59810,406.91
59811,407.03
59812,407.04
59813,407.01
59814,407.07
59815,406.98
59816,407.04
59817,407.00
59818,406.97
59819,407.12
59820,406.99
59821,407.00
59822,406.99
59823,407.12
59824,406.95
59825,407.02
59826,407.02
59827,407.06
59828,406.94
59829,407.09
59830,406.96
59831,407.00
59832,407.06
59833,407.03
59834,407.00
59835,407.01
59836,407.09
59837,407.08
59838,406.99
59839,407.03
59840,407.01
59841,406.96
59842,406.98
59843,407.04
59844,407.01
59845,406.98
59846,406.96
59847,407.00
59848,406.91
59849,406.98
59850,406.95
59851,406.90
59852,406.92
59853,407.01
59854,407.08
59855,406.95
59856,406.91
59857,407.00
59858,406.93
59859,406.91
59860,406.98
59861,406.98
59862,406.96
59863,406.91
59864,406.98
59865,406.94
59866,407.02
59867,406.96
59868,406.89
59869,407.01
59870,406.91
59871,406.91
59872,407.09
59873,406.91
59874,406.97
59875,407.03
59876,406.92
59877,407.03
59878,407.03
59879,407.11
59880,406.98
59881,407.04
59882,407.07
59883,407.10
59884,407.06
59885,407.03
59886,407.07
59887,407.04
59888,407.07
59889,407.11
59890,407.12
59891,407.03
59892,407.02
59893,407.04
59894,407.05
59895,406.97
59896,407.06
59897,406.99
59898,407.01
59899,407.09
59900,407.01
59901,407.10
59902,407.11
59903,407.04
59904,407.07
59905,407.07
59906,407.08
59907,407.04
59908,407.10
59909,407.09
59910,407.07
59911,407.11
59912,407.11
59913,407.10
59914,407.00
59915,407.00
59916,407.10
59917,406.97
59918,407.08
59919,407.08
59920,407.15
59921,407.08
59922,407.06
59923,407.08
59924,407.04
59925,407.04
59926,407.02
59927,407.05
59928,407.13
59929,407.12
59930,407.04
59931,407.05
59932,407.01
59933,407.00
59934,407.00
59935,407.02
59936,407.05
59937,407.10
59938,407.00
59939,406.94
59940,406.95
59941,406.98
59942,407.00
59943,406.95
59944,406.95
59945,407.06
59946,406.99
59947,406.99
59948,406.96
59949,407.02
59950,406.96
59951,407.06
59952,407.00
59953,407.00
59954,407.10
59955,407.03
59956,407.08
59957,406.95
59958,407.06
59959,407.00
59960,407.02
59961,406.99
59962,407.05
59963,407.09
59964,407.10
59965,407.03
59966,407.02
59967,407.08
59968,407.13
59969,407.13
59970,407.05
59971,407.10
59972,406.97
59973,407.07
59974,407.14
59975,407.00
59976,407.05
59977,407.07
59978,407.17
59979,407.13
59980,406.97
59981,407.05
59982,407.15
59983,407.09
59984,407.14
59985,407.09
59986,407.02
59987,407.10
59988,407.13
59989,407.08
59990,407.00
59991,407.08
59992,407.12
59993,407.03
59994,407.06
59995,407.07
59996,407.02
59997,407.05
59998,407.08
59999,407.08
60000,407.09
60001,407.17
60002,407.07
60003,407.12
60004,407.07
60005,407.04
60006,407.04
60007,407.12
60008,406.98
60009,407.04
60010,407.05
60011,407.12
60012,407.00
60013,407.08
60014,407.08
60015,407.01
60016,407.13
60017,407.05
60018,407.14
60019,407.13
60020,407.12
60021,407.03
60022,407.05
60023,407.04
60024,407.08
60025,407.03
60026,406.97
60027,407.03
60028,407.01
60029,407.03
60030,406.97
60031,406.99
60032,406.97
60033,406.96
60034,407.04
60035,407.01
60036,406.98
60037,406.95
60038,406.91
60039,407.02
60040,406.94
60041,407.04
60042,406.91
60043,406.99
60044,406.99
60045,407.01
60046,406.98
60047,407.01
60048,406.99
60049,407.00
60050,406.96
60051,407.00
60052,406.91
60053,407.00
60054,406.92
60055,406.96
60056,407.02
60057,406.99
60058,406.96
60059,407.06
60060,406.98
60061,406.99
60062,407.02
60063,406.94
60064,406.95
60065,406.93
60066,406.98
60067,406.99
60068,406.90
60069,406.92
60070,406.95
60071,406.89
60072,406.92
60073,407.01
60074,406.93
60075,406.93
60076,406.82
60077,406.91
60078,406.91
60079,406.97
60080,406.97
60081,406.96
60082,407.03
60083,407.06
60084,407.02
60085,407.09
60086,407.15
60087,407.09
60088,407.00
60089,407.08
60090,407.03
60091,407.05
60092,407.07
60093,407.03
60094,407.10
60095,407.11
60096,407.07
60097,407.12
60098,407.12
60099,407.13
60100,407.10
60101,407.15
60102,407.14
60103,407.07
60104,407.10
60105,407.13
60106,407.11
60107,407.11
60108,407.13
60109,407.07
60110,407.14
60111,407.08
60112,407.14
60113,407.02
60114,407.16
60115,407.11
60116,407.12
60117,407.16
60118,407.00
60119,407.04
60120,406.94
60121,406.80
60122,406.92
60123,406.91
60124,406.98
60125,406.87
60126,406.95
60127,406.93
60128,406.84
60129,406.82
60130,406.84
60131,406.75
60132,406.66
60133,406.54
60134,406.48
60135,406.47
60136,406.32
60137,406.22
60138,406.19
60139,406.18
60140,406.07
60141,406.11
60142,406.10
60143,406.05
60144,406.10
60145,406.01
60146,405.91
60147,405.90
60148,405.81
60149,405.76
60150,405.64
60151,405.69
60152,405.73
60153,405.72
60154,405.80
60155,405.85
60156,405.86
60157,405.95
60158,405.91
60159,405.81
60160,405.84
60161,405.66
60162,405.75
60163,405.60
60164,405.66
60165,405.61
60166,405.59
60167,405.66
60168,405.68
60169,405.54
60170,405.59
60171,405.73
60172,405.63
60173,405.67
60174,405.66
60175,405.65
60176,405.69
60177,405.66
60178,405.67
60179,405.73
60180,405.61
60181,405.58
60182,405.59
60183,405.55
60184,405.50
60185,405.56
60186,405.38
60187,405.42
60188,405.28
60189,405.29
60190,405.29
60191,405.31
60192,405.37
60193,405.41
60194,405.43
60195,405.50
60196,405.63
60197,405.80
60198,405.91
60199,406.11
60200,406.01
60201,406.09
60202,405.95
60203,406.01
60204,406.07
60205,406.01
60206,406.00
60207,406.00
60208,406.03
60209,405.96
60210,405.96
60211,405.94
60212,405.93
60213,405.97
60214,405.91
60215,405.98
60216,405.84
60217,405.86
60218,405.81
60219,405.83
60220,405.83
60221,405.88
60222,405.84
60223,405.76
60224,405.76
60225,405.82
60226,405.80
60227,405.78
60228,405.67
60229,405.67
60230,405.64
60231,405.61
60232,405.55
60233,405.59
60234,405.65
60235,405.60
60236,405.60
60237,405.58
60238,405.63
60239,405.62
60240,405.60
60241,405.64
60242,405.60
60243,405.57
60244,405.64
60245,405.58
60246,405.70
60247,405.57
60248,405.68
60249,405.58
60250,405.62
60251,405.65
60252,405.73
60253,405.66
60254,405.64
60255,405.78
60256,405.89
60257,405.94
60258,405.90
60259,405.96
60260,405.99
60261,406.08
60262,406.10
60263,406.10
60264,406.20
60265,406.22
60266,406.37
60267,406.31
60268,406.32
60269,406.40
60270,406.38
60271,406.32
60272,406.35
60273,406.38
60274,406.41
60275,406.55
60276,406.58
60277,406.60
60278,406.62
60279,406.68
60280,406.72
60281,406.66
60282,406.64
60283,406.67
60284,406.61
60285,406.64
60286,406.70
60287,406.69
60288,406.64
60289,406.65
60290,406.53
60291,406.55
60292,406.61
60293,406.48
60294,406.43
60295,406.42
60296,406.42
60297,406.41
60298,406.39
60299,406.27
60300,406.22
60301,406.29
60302,406.30
60303,406.16
60304,406.12
60305,406.14
60306,406.19
60307,406.08
60308,406.12
60309,406.01
60310,405.99
60311,406.03
60312,406.02
60313,405.92
60314,405.86
60315,405.93
60316,405.92
60317,405.86
60318,405.83
60319,405.68
60320,405.72
60321,405.72
60322,405.63
60323,405.68
60324,405.73
60325,405.65
60326,405.64
60327,405.64
60328,405.60
60329,405.50
60330,405.36
60331,405.37
60332,405.18
60333,405.17
60334,405.15
60335,405.20
60336,405.10
60337,405.18
60338,405.19
60339,405.25
60340,405.18
60341,405.14
60342,405.17
60343,405.18
60344,405.22
60345,405.18
60346,405.21
60347,405.10
60348,405.25
60349,405.11
60350,405.16
60351,405.14
60352,405.08
60353,405.19
60354,405.10
60355,405.09
60356,405.00
60357,405.10
60358,405.12
60359,405.19
60360,405.17
60361,405.13
60362,405.19
60363,405.12
60364,405.13
60365,405.10
60366,405.12
60367,405.09
60368,405.08
60369,405.06
60370,405.04
60371,405.03
60372,405.05
60373,405.08
60374,405.18
60375,405.27
60376,405.31
60377,405.38
60378,405.39
60379,405.31
60380,405.37
60381,405.32
60382,405.01
60383,405.02
60384,404.94
60385,405.01
60386,405.03
60387,405.08
60388,405.13
60389,405.05
60390,405.11
60391,405.35
60392,405.28
60393,405.35
60394,405.23
60395,405.28
60396,405.33
60397,405.31
60398,405.29
60399,405.15
60400,405.19
60401,405.15
60402,405.19
60403,405.15
60404,405.09
60405,405.09
60406,405.12
60407,405.09
60408,405.07
60409,405.12
60410,405.15
60411,405.06
60412,405.04
60413,405.12
60414,405.01
60415,405.11
60416,405.14
60417,405.05
60418,405.10
60419,405.06
60420,405.02
60421,405.05
60422,405.06
60423,405.14
60424,405.14
60425,405.00
60426,405.10
60427,405.02
60428,405.08
60429,405.10
60430,405.02
60431,405.05
60432,405.08
60433,405.04
60434,405.10
60435,405.13
60436,405.17
60437,405.09
60438,405.13
60439,405.12
60440,404.80
60441,-9999.99
60442,-9999.99
60443,-9999.99
60444,-9999.99
60445,-9999.99
60446,-9999.99
60447,-9999.99
60448,-9999.99
60449,-9999.99
60450,-9999.99
60451,-9999.99
60452,-9999.99
60453,-9999.99
60454,-9999.99
60455,-9999.99
60456,-9999.99
60457,-9999.99
60458,-9999.99
60459,-9999.99
60460,-9999.99
60461,-9999.99
60462,-9999.99
60463,-9999.99
60464,-9999.99
60465,-9999.99
60466,-9999.99
60467,-9999.99
60468,-9999.99
60469,-9999.99
60470,-9999.99
60471,-9999.99
60472,-9999.99
60473,-9999.99
60474,-9999.99
60475,-9999.99
60476,-9999.99
60477,-9999.99
60478,-9999.99
60479,-9999.99
60480,-9999.99
60481,-9999.99
60482,-9999.99
60483,-9999.99
60484,-9999.99
60485,-9999.99
60486,-9999.99
60487,-9999.99
60488,-9999.99
60489,-9999.99
60490,-9999.99
60491,-9999.99
60492,-9999.99
60493,-9999.99
60494,-9999.99
60495,-9999.99
60496,-9999.99
60497,-9999.99
60498,-9999.99
60499,-9999.99
60500,-9999.99
60501,-9999.99
60502,-9999.99
60503,-9999.99
60504,-9999.99
60505,-9999.99
60506,-9999.99
60507,-9999.99
60508,-9999.99
60509,-9999.99
60510,-9999.99
60511,-9999.99
60512,-9999.99
60513,-9999.99
60514,-9999.99
60515,-9999.99
60516,-9999.99
60517,-9999.99
60518,-9999.99
60519,-9999.99
60520,-9999.99
60521,-9999.99
60522,-9999.99
60523,-9999.99
60524,-9999.99
60525,-9999.99
60526,-9999.99
60527,-9999.99
60528,-9999.99
60529,-9999.99
60530,-9999.99
60531,-9999.99
60532,-9999.99
60533,-9999.99
60534,-9999.99
60535,-9999.99
60536,-9999.99
60537,-9999.99
60538,-9999.99
60539,-9999.99
60540,-9999.99
60541,-9999.99
60542,-9999.99
60543,-9999.99
60544,-9999.99
60545,-9999.99
60546,-9999.99
60547,-9999.99
60548,-9999.99
60549,-9999.99
60550,-9999.99
60551,-9999.99
60552,-9999.99
60553,-9999.99
60554,-9999.99
60555,-9999.99
60556,-9999.99
60557,-9999.99
60558,-9999.99
60559,-9999.99
60560,-9999.99
60561,-9999.99
60562,-9999.99
60563,-9999.99
60564,-9999.99
60565,-9999.99
60566,-9999.99
60567,-9999.99
60568,-9999.99
60569,-9999.99
60570,-9999.99
60571,-9999.99
60572,-9999.99
60573,-9999.99
60574,-9999.99
60575,-9999.99
60576,-9999.99
60577,-9999.99
60578,-9999.99
60579,-9999.99
60580,-9999.99
60581,-9999.99
60582,-9999.99
60583,-9999.99
60584,-9999.99
60585,-9999.99
60586,-9999.99
60587,-9999.99
60588,-9999.99
60589,-9999.99
60590,-9999.99
60591,-9999.99
60592,-9999.99
60593,-9999.99
60594,-9999.99
60595,-9999.99
60596,-9999.99
60597,-9999.99
60598,-9999.99
60599,-9999.99
60600,-9999.99
60601,-9999.99
60602,-9999.99
60603,-9999.99
60604,-9999.99
60605,-9999.99
60606,-9999.99
60607,-9999.99
60608,-9999.99
60609,-9999.99
60610,-9999.99
60611,405.94
60612,405.94
60613,406.05
60614,406.06
60615,406.03
60616,406.02
60617,406.03
60618,405.97
60619,406.03
60620,406.03
60621,406.08
60622,406.08
60623,405.97
60624,406.01
60625,406.05
60626,406.03
60627,406.06
60628,405.96
60629,406.05
60630,406.13
60631,406.08
60632,406.08
60633,406.10
60634,406.04
60635,406.18
60636,406.16
60637,406.13
60638,406.13
60639,406.14
60640,406.09
60641,406.05
60642,406.10
60643,406.08
60644,406.11
60645,406.12
60646,406.15
60647,406.12
60648,406.05
60649,405.94
60650,405.87
60651,405.84
60652,405.74
60653,405.57
60654,405.58
60655,405.51
60656,405.47
60657,405.38
60658,405.35
60659,405.43
60660,405.35
60661,405.46
60662,405.34
60663,405.40
60664,405.45
60665,405.34
60666,405.47
60667,405.46
60668,405.43
60669,405.36
60670,405.33
60671,405.37
60672,405.34
60673,405.39
60674,405.42
60675,405.43
60676,405.40
60677,405.35
60678,405.39
60679,405.47
60680,405.37
60681,405.43
60682,405.39
60683,405.38
60684,405.31
60685,405.41
60686,405.48
60687,405.51
60688,405.51
60689,405.49
60690,405.56
60691,405.58
60692,405.68
60693,405.66
60694,405.72
60695,405.79
60696,405.73
60697,405.78
60698,405.81
60699,405.74
60700,405.78
60701,405.73
60702,405.82
60703,405.70
60704,405.72
60705,405.60
60706,405.61
60707,405.69
60708,405.58
60709,405.59
60710,405.49
60711,405.46
60712,405.45
60713,405.32
60714,405.30
60715,405.24
60716,405.34
60717,405.31
60718,405.35
60719,405.32
60720,405.32
60721,405.33
60722,405.29
60723,405.35
60724,405.36
60725,405.32
60726,405.34
60727,405.32
60728,405.39
60729,405.46
60730,405.46
60731,405.38
60732,405.48
60733,405.42
60734,405.52
60735,405.48
60736,405.52
60737,405.49
60738,405.61
60739,405.46
60740,405.55
60741,405.45
60742,405.45
60743,405.58
60744,405.63
60745,405.57
60746,405.56
60747,405.54
60748,405.55
60749,405.61
60750,405.58
60751,405.53
60752,405.59
60753,405.58
60754,405.58
60755,405.51
60756,405.61
60757,405.52
60758,405.53
60759,405.52
60760,405.42
60761,405.42
60762,405.46
60763,405.40
60764,405.43
60765,405.55
60766,405.51
60767,405.40
60768,405.62
60769,405.57
60770,405.57
60771,405.54
60772,405.60
60773,405.57
60774,405.57
60775,405.51
60776,405.53
60777,405.44
60778,405.48
60779,405.44
60780,405.40
60781,405.32
60782,405.35
60783,405.38
60784,405.38
60785,405.39
60786,405.34
60787,405.28
60788,405.34
60789,405.38
60790,405.43
60791,405.40
60792,405.36
60793,-9999.99
60794,-9999.99
60795,-9999.99
60796,-9999.99
60797,405.34
60798,405.30
60799,405.33
60800,405.27
60801,405.31
60802,405.28
60803,405.24
60804,405.27
60805,405.25
60806,405.26
60807,405.30
60808,405.24
60809,405.30
60810,405.35
60811,405.33
60812,405.22
60813,405.29
60814,405.28
60815,405.15
60816,405.15
60817,405.11
60818,405.07
60819,404.99
60820,405.09
60821,405.03
60822,404.91
60823,404.99
60824,404.93
60825,405.02
60826,404.94
60827,405.02
60828,404.99
60829,405.08
60830,405.05
60831,404.97
60832,405.04
60833,405.00
60834,405.12
60835,405.18
60836,405.28
60837,405.16
60838,405.14
60839,405.23
60840,405.33
60841,405.32
60842,405.30
60843,405.41
60844,405.34
60845,405.32
60846,405.40
60847,405.28
60848,405.41
60849,405.33
60850,405.41
60851,405.42
60852,405.42
60853,405.55
60854,405.48
60855,405.51
60856,405.53
60857,405.58
60858,405.58
60859,405.49
60860,405.60
60861,405.67
60862,405.64
60863,405.65
60864,405.59
60865,405.57
60866,405.63
60867,405.55
60868,405.59
60869,405.59
60870,405.64
60871,405.54
60872,405.61
60873,405.61
60874,405.44
60875,405.56
60876,405.57
60877,405.50
60878,405.56
60879,405.64
60880,405.56
60881,405.59
60882,405.53
60883,405.49
60884,405.57
60885,405.54
60886,405.61
60887,405.55
60888,405.50
