data/raw/Flight7/CO2_POLAR6_20150413_R1_NETCARE.ict
34, 1001
Bozem, Heiko; Hoor, Peter
Institute for Atmospheric Physics, Johannes Gutenberg University, Mainz, Germany
CO2 mixing ratio from LI7200 CO2 analyzer
NETCARE Polar 6 Campaign 2015
1, 1
2015, 04, 13, 2015, 08, 12
1
Time_UTC, seconds
1
1
-9999.99
CO2_ppmv, ppmv
0
19
PI_CONTACT_INFO: Address: Johann-Joachim-Becherweg 21, 55128 Mainz, email: bozemh@uni-mainz.de; hoor@uni-mainz.de
PLATFORM: Polar 6
LOCATION: GPS location and altitude available at 1 Hz resolution in separate file (See AIMMS files under Aircraft data and meteorology)
ASSOCIATED_DATA: N/A
INSTRUMENT_INFO: CO2 measurements based on non-dispersive infrared absorption spectroscopy
DATA_INFO: Units are ppmv
UNCERTAINTY: UNCERTAINTY RELATIVE TO STANDARD: 1.71 ppmv at 1 sigma confidence (before drift correction is applied)
ULOD_FLAG: -7777
ULOD_VALUE: 3000
LLOD_FLAG: -8888
LLOD_VALUE: N/A 
DM_CONTACT_INFO: N/A
PROJECT_INFO: NETCARE Polar 6 aircraft campaign in April 2015; Eureka
STIPULATIONS_ON_USE: N/A
OTHER_COMMENTS: N/A
REVISION: R1
R0: Preliminary data, corrected for instrument drift
R1: Final data, corrected for instrument drift
Time_UTC,CO2_ppmv
[from data line 12020]
66887,405.53
66888,405.43
66889,405.45
66890,405.41
66891,405.48
66892,405.39
66893,405.35
66894,405.44
66895,405.28
66896,405.28
66897,405.18
66898,405.16
66899,405.12
66900,405.14
66901,405.36
66902,405.24
66903,405.17
66904,405.16
66905,405.16
66906,405.18
66907,405.13
66908,405.08
66909,405.21
66910,405.07
66911,405.07
66912,405.13
66913,405.10
66914,405.11
66915,405.07
66916,405.05
66917,405.03
66918,404.96
66919,404.97
66920,404.89
66921,404.99
66922,405.04
66923,404.87
66924,405.01
66925,404.86
66926,404.86
66927,404.86
66928,404.71
66929,404.78
66930,404.82
66931,404.74
66932,404.78
66933,404.72
66934,404.75
66935,404.69
66936,404.65
66937,404.72
66938,404.78
66939,404.84
66940,404.84
66941,404.78
66942,404.80
66943,404.85
66944,404.93
66945,404.85
66946,404.91
66947,404.97
66948,404.77
66949,404.88
66950,405.14
66951,405.05
66952,404.99
66953,405.12
66954,405.16
66955,405.21
66956,405.42
66957,405.29
66958,405.22
66959,405.36
66960,405.29
66961,405.42
66962,405.36
66963,405.39
66964,405.35
66965,405.37
66966,405.39
66967,405.46
66968,405.46
66969,405.40
66970,405.45
66971,405.37
66972,405.36
66973,405.45
66974,405.35
66975,405.40
66976,405.43
66977,405.31
66978,405.44
66979,405.45
66980,405.39
66981,405.34
66982,405.37
66983,405.37
66984,405.34
66985,405.33
66986,405.39
66987,405.39
66988,405.38
66989,405.36
66990,405.36
66991,405.43
66992,405.29
66993,405.33
66994,405.30
66995,405.30
66996,405.31
66997,405.25
66998,405.19
66999,405.23
67000,405.25
67001,405.29
67002,405.25
67003,405.15
67004,405.28
67005,405.23
67006,405.32
67007,405.33
67008,405.36
67009,405.31
67010,405.38
67011,405.33
67012,405.29
67013,405.27
67014,405.34
67015,405.32
67016,405.40
67017,405.30
67018,405.37
67019,405.38
67020,405.32
67021,405.33
67022,405.44
67023,405.36
67024,405.41
67025,405.35
67026,405.31
67027,405.36
67028,405.47
67029,405.49
67030,405.50
67031,405.41
67032,405.39
67033,405.37
67034,405.37
67035,405.40
67036,405.40
67037,405.36
67038,405.43
67039,405.47
67040,405.41
67041,405.37
67042,405.38
67043,405.38
67044,405.31
67045,405.40
67046,405.27
67047,405.36
67048,405.32
67049,405.36
67050,405.37
67051,405.29
67052,405.29
67053,405.31
67054,405.34
67055,405.29
67056,405.35
67057,405.42
67058,405.22
67059,405.25
67060,405.32
67061,405.17
67062,405.20
67063,405.20
67064,405.16
67065,405.25
67066,405.28
67067,405.30
67068,405.26
67069,405.29
67070,405.20
67071,405.25
67072,405.28
67073,405.20
67074,405.42
67075,405.50
67076,405.63
67077,405.62
67078,405.72
67079,405.75
67080,405.75
67081,405.76
67082,405.79
67083,405.84
67084,405.90
67085,405.88
67086,405.83
67087,405.90
67088,405.89
67089,405.79
67090,405.88
67091,405.83
67092,405.98
67093,405.91
67094,405.88
67095,405.88
67096,405.82
67097,405.83
67098,405.79
67099,405.84
67100,405.78
67101,405.80
67102,405.83
67103,405.83
67104,405.80
67105,405.84
67106,405.86
67107,405.87
67108,405.86
67109,405.81
67110,405.91
67111,405.85
67112,405.91
67113,405.87
67114,405.91
67115,405.91
67116,405.86
67117,405.88
67118,405.92
67119,405.85
67120,405.97
67121,405.88
67122,405.83
67123,405.91
67124,405.86
67125,405.78
67126,405.87
67127,405.84
67128,405.91
67129,405.83
67130,405.84
67131,405.87
67132,405.92
67133,405.92
67134,405.97
67135,405.95
67136,405.90
67137,405.95
67138,406.00
67139,405.89
67140,405.96
67141,406.02
67142,405.95
67143,406.08
67144,405.91
67145,405.94
67146,405.89
67147,405.95
67148,405.87
67149,405.94
67150,405.88
67151,405.87
67152,405.81
67153,405.79
67154,405.85
67155,405.85
67156,405.85
67157,405.85
67158,405.79
67159,405.83
67160,405.73
67161,405.63
67162,405.58
67163,405.43
67164,405.53
67165,405.70
67166,405.57
67167,405.57
67168,405.37
67169,405.36
67170,405.34
67171,405.31
67172,405.20
67173,405.16
67174,405.22
67175,405.17
67176,405.12
67177,405.17
67178,405.30
67179,405.18
67180,405.23
67181,405.22
67182,405.14
67183,405.29
67184,405.16
67185,405.20
67186,405.11
67187,405.10
67188,405.05
67189,405.09
67190,404.99
67191,405.10
67192,404.98
67193,405.03
67194,404.97
67195,405.08
67196,404.98
67197,404.97
67198,404.97
67199,405.04
67200,404.98
67201,405.12
67202,405.11
67203,405.05
67204,405.10
67205,405.00
67206,405.02
67207,405.03
67208,405.01
67209,405.02
67210,405.08
67211,405.11
67212,405.09
67213,404.95
67214,404.97
67215,404.75
67216,404.66
67217,404.55
67218,404.49
67219,404.39
67220,404.21
67221,404.36
67222,404.27
67223,404.25
67224,404.41
67225,404.35
67226,404.36
67227,404.32
67228,404.25
67229,404.39
67230,404.33
67231,404.21
67232,404.26
67233,404.41
67234,404.40
67235,404.43
67236,404.55
67237,404.55
67238,404.70
67239,404.66
67240,404.55
67241,404.58
67242,404.65
67243,404.54
67244,404.59
67245,404.64
67246,404.72
67247,404.71
67248,404.73
67249,404.69
67250,404.82
67251,404.81
67252,404.82
67253,404.86
67254,404.87
67255,404.92
67256,404.90
67257,404.86
67258,404.92
67259,404.91
67260,404.82
67261,404.92
67262,404.82
67263,404.91
67264,404.79
67265,404.87
67266,404.81
67267,404.79
67268,404.86
67269,404.78
67270,404.81
67271,404.74
67272,404.72
67273,404.76
67274,404.79
67275,404.81
67276,404.74
67277,404.68
67278,404.75
67279,404.77
67280,404.80
67281,404.78
67282,404.88
67283,404.71
67284,404.77
67285,404.79
67286,404.72
67287,404.75
67288,404.77
67289,404.81
67290,404.92
67291,404.82
67292,404.81
67293,404.85
67294,404.83
67295,404.83
67296,404.86
67297,404.80
67298,404.83
67299,404.81
67300,404.84
67301,404.85
67302,404.88
67303,404.83
67304,404.82
67305,404.91
67306,404.87
67307,404.89
67308,404.88
67309,404.90
67310,404.85
67311,404.86
67312,404.92
67313,404.92
67314,404.88
67315,404.93
67316,404.90
67317,404.90
67318,404.98
67319,404.94
67320,-9999.99
67321,-9999.99
67322,-9999.99
67323,-9999.99
67324,-9999.99
67325,-9999.99
67326,-9999.99
67327,-9999.99
67328,-9999.99
67329,-9999.99
67330,-9999.99
67331,-9999.99
67332,-9999.99
67333,-9999.99
67334,-9999.99
67335,-9999.99
67336,-9999.99
67337,-9999.99
67338,-9999.99
67339,-9999.99
67340,-9999.99
67341,-9999.99
67342,-9999.99
67343,-9999.99
67344,-9999.99
67345,-9999.99
67346,-9999.99
67347,-9999.99
67348,-9999.99
67349,-9999.99
67350,-9999.99
67351,-9999.99
67352,-9999.99
67353,-9999.99
67354,-9999.99
67355,-9999.99
67356,-9999.99
67357,-9999.99
67358,-9999.99
67359,-9999.99
67360,-9999.99
67361,-9999.99
67362,-9999.99
67363,-9999.99
67364,-9999.99
67365,-9999.99
67366,-9999.99
67367,-9999.99
67368,-9999.99
67369,-9999.99
67370,-9999.99
67371,-9999.99
67372,-9999.99
67373,-9999.99
67374,-9999.99
67375,-9999.99
67376,-9999.99
67377,-9999.99
67378,-9999.99
67379,-9999.99
67380,-9999.99
67381,-9999.99
67382,-9999.99
67383,-9999.99
67384,-9999.99
67385,-9999.99
67386,-9999.99
67387,-9999.99
67388,-9999.99
67389,-9999.99
67390,-9999.99
67391,-9999.99
67392,-9999.99
67393,-9999.99
67394,-9999.99
67395,-9999.99
67396,-9999.99
67397,-9999.99
67398,-9999.99
67399,-9999.99
67400,-9999.99
67401,-9999.99
67402,-9999.99
67403,-9999.99
67404,-9999.99
67405,-9999.99
67406,-9999.99
67407,-9999.99
67408,-9999.99
67409,-9999.99
67410,-9999.99
67411,-9999.99
67412,-9999.99
67413,-9999.99
67414,-9999.99
67415,-9999.99
67416,-9999.99
67417,-9999.99
67418,-9999.99
67419,-9999.99
67420,-9999.99
67421,-9999.99
67422,-9999.99
67423,-9999.99
67424,-9999.99
67425,-9999.99
67426,-9999.99
67427,-9999.99
67428,-9999.99
67429,-9999.99
67430,-9999.99
67431,-9999.99
67432,-9999.99
67433,-9999.99
67434,-9999.99
67435,-9999.99
67436,-9999.99
67437,-9999.99
67438,-9999.99
67439,-9999.99
67440,-9999.99
67441,-9999.99
67442,-9999.99
67443,-9999.99
67444,-9999.99
67445,-9999.99
67446,-9999.99
67447,-9999.99
67448,-9999.99
67449,-9999.99
67450,-9999.99
67451,-9999.99
67452,-9999.99
67453,-9999.99
67454,-9999.99
67455,-9999.99
67456,-9999.99
67457,-9999.99
67458,-9999.99
67459,-9999.99
67460,-9999.99
67461,-9999.99
67462,-9999.99
67463,-9999.99
67464,-9999.99
67465,-9999.99
67466,-9999.99
67467,-9999.99
67468,-9999.99
67469,-9999.99
67470,-9999.99
67471,-9999.99
67472,-9999.99
67473,-9999.99
67474,-9999.99
67475,-9999.99
67476,-9999.99
67477,-9999.99
67478,-9999.99
67479,-9999.99
67480,-9999.99
67481,-9999.99
67482,-9999.99
67483,-9999.99
67484,-9999.99
67485,-9999.99
67486,-9999.99
67487,-9999.99
67488,-9999.99
67489,405.46
67490,405.58
67491,405.45
67492,405.58
67493,405.49
67494,405.58
67495,405.49
67496,405.55
67497,405.41
67498,405.52
67499,405.55
67500,405.49
67501,405.62
67502,405.51
67503,405.53
67504,405.57
67505,405.55
67506,405.52
67507,405.51
67508,405.51
67509,405.56
67510,405.50
67511,405.38
67512,405.56
67513,405.53
67514,405.57
67515,405.42
67516,405.54
67517,405.49
67518,405.57
67519,405.57
67520,405.54
67521,405.56
67522,405.53
67523,405.51
67524,405.57
67525,405.65
67526,405.65
67527,405.63
67528,405.61
67529,405.60
67530,405.59
67531,405.61
67532,405.60
67533,405.51
67534,405.47
67535,405.55
67536,405.52
67537,405.49
67538,405.49
67539,405.60
67540,405.59
67541,405.56
67542,405.58
67543,405.60
67544,405.57
67545,405.53
67546,405.58
67547,405.60
67548,405.55
67549,405.52
67550,405.51
67551,405.60
67552,405.62
67553,405.62
67554,405.53
67555,405.56
67556,405.63
67557,405.62
67558,405.52
67559,405.65
67560,405.57
67561,405.57
67562,405.67
67563,405.62
67564,405.60
67565,405.63
67566,405.64
67567,405.65
67568,405.66
67569,405.67
67570,405.64
67571,405.62
67572,405.67
67573,405.62
67574,405.74
67575,405.68
67576,405.66
67577,405.65
67578,405.62
67579,405.65
67580,405.67
67581,405.59
67582,405.69
67583,405.65
67584,405.65
67585,405.72
67586,405.61
67587,405.59
67588,405.63
67589,405.60
67590,405.55
67591,405.55
67592,405.50
67593,405.57
67594,405.41
67595,405.51
67596,405.47
67597,405.52
67598,405.43
67599,405.35
67600,405.44
67601,405.43
67602,405.39
67603,405.54
67604,405.46
67605,405.40
67606,405.45
67607,405.54
67608,405.41
67609,405.47
67610,405.38
67611,405.38
67612,405.34
67613,405.27
67614,405.23
67615,405.19
67616,405.24
67617,405.28
67618,405.19
67619,405.23
67620,405.21
67621,405.23
67622,405.25
67623,405.41
67624,405.51
67625,405.54
67626,405.59
67627,405.66
67628,405.60
67629,405.61
67630,405.59
67631,405.60
67632,405.69
67633,405.63
67634,405.68
67635,405.71
67636,405.71
67637,405.72
67638,405.58
67639,405.60
67640,405.50
67641,405.50
67642,405.41
67643,405.46
67644,405.37
67645,405.30
67646,405.51
67647,405.50
67648,405.54
67649,405.50
67650,405.55
67651,405.57
67652,405.51
67653,405.60
67654,405.57
67655,405.51
67656,405.51
67657,405.57
67658,405.51
67659,405.41
67660,405.43
67661,405.43
67662,405.43
67663,405.41
67664,405.32
67665,405.39
67666,405.40
67667,405.34
67668,405.35
67669,405.36
67670,405.37
67671,405.31
67672,405.33
67673,405.23
67674,405.25
67675,405.15
67676,405.20
67677,405.07
67678,405.23
67679,405.17
67680,405.16
67681,405.16
67682,405.10
67683,405.11
67684,405.06
67685,405.15
67686,405.07
67687,405.04
67688,405.08
67689,405.14
67690,405.07
67691,405.03
67692,405.10
67693,405.03
67694,405.13
67695,405.02
67696,405.01
67697,405.03
67698,405.02
67699,405.04
67700,405.07
67701,405.06
67702,405.08
67703,405.03
67704,405.03
67705,405.05
67706,405.09
67707,405.03
67708,404.96
67709,405.02
67710,405.05
67711,405.07
67712,405.05
67713,405.01
67714,405.00
67715,405.11
67716,405.14
67717,405.16
67718,405.15
67719,405.14
67720,405.06
67721,405.17
67722,405.13
67723,405.24
67724,404.99
67725,405.14
67726,405.18
67727,405.34
67728,405.29
67729,405.22
67730,405.27
67731,405.28
67732,405.30
67733,405.26
67734,405.30
67735,405.34
67736,405.34
67737,405.34
67738,405.23
67739,405.16
67740,405.26
67741,405.12
67742,405.11
67743,404.99
67744,405.04
67745,405.14
67746,405.18
67747,405.05
67748,405.13
67749,405.02
67750,404.99
67751,405.00
67752,404.99
67753,404.90
67754,404.87
67755,405.01
67756,404.93
67757,405.08
67758,405.07
67759,405.15
67760,405.24
67761,405.14
67762,405.10
67763,405.29
67764,405.23
67765,405.31
67766,405.19
67767,405.16
67768,405.32
67769,405.32
67770,405.23
67771,405.24
67772,405.30
67773,405.33
67774,405.28
67775,405.24
67776,405.24
67777,405.21
67778,405.25
67779,405.13
67780,405.13
67781,405.17
67782,405.26
67783,405.09
67784,405.14
67785,405.27
67786,405.17
67787,405.25
67788,405.16
67789,405.13
67790,405.13
67791,405.08
67792,405.06
67793,405.10
67794,405.09
67795,405.00
67796,404.99
67797,405.13
67798,405.07
67799,404.91
67800,404.90
67801,404.96
67802,405.00
67803,405.08
67804,405.01
67805,404.98
67806,405.01
67807,405.00
67808,405.06
67809,405.01
67810,405.05
67811,405.09
67812,405.06
67813,405.03
67814,404.96
67815,404.94
67816,404.97
67817,405.04
67818,404.93
67819,404.99
67820,405.02
67821,405.00
67822,404.91
67823,404.88
67824,404.75
67825,404.52
67826,404.58
67827,404.63
67828,404.56
67829,404.51
67830,404.53
67831,404.46
67832,404.52
67833,404.51
67834,404.66
67835,404.56
67836,404.43
67837,404.39
67838,404.36
67839,404.49
67840,404.47
67841,404.40
67842,404.44
67843,404.37
67844,404.44
67845,404.38
67846,404.49
67847,404.59
67848,404.54
67849,404.55
67850,404.66
67851,404.55
67852,404.61
67853,404.59
67854,404.68
67855,404.63
67856,404.62
67857,404.75
67858,404.74
67859,404.63
67860,404.66
67861,404.65
67862,404.64
67863,404.55
67864,404.55
67865,404.61
67866,404.55
67867,404.60
67868,404.56
67869,404.57
67870,404.58
67871,404.58
67872,404.56
67873,404.54
67874,404.44
67875,404.42
67876,404.45
67877,404.42
67878,404.42
67879,404.40
67880,404.42
67881,404.48
67882,404.41
67883,404.40
67884,404.40
67885,404.35
67886,404.26
67887,404.25
67888,404.34
67889,404.24
67890,404.27
67891,404.32
67892,404.23
67893,404.29
67894,404.29
67895,404.27
67896,404.31
67897,404.31
67898,404.26
67899,404.34
67900,404.39
67901,404.33
67902,404.43
67903,404.43
67904,404.37
67905,404.44
67906,404.46
67907,404.39
67908,404.37
67909,404.42
67910,404.39
67911,404.51
67912,404.45
67913,404.52
67914,404.50
67915,404.51
67916,404.53
67917,404.61
67918,404.63
67919,404.72
67920,404.67
67921,404.60
67922,404.63
67923,404.71
67924,404.78
67925,404.66
67926,404.69
67927,404.65
67928,404.59
67929,404.69
67930,404.74
67931,404.64
67932,404.61
67933,404.69
67934,404.69
67935,404.74
67936,404.60
67937,404.72
67938,404.66
67939,404.66
67940,404.72
67941,404.69
67942,404.80
67943,404.79
67944,404.75
67945,404.85
67946,405.00
67947,405.12
67948,405.24
67949,405.30
67950,405.39
67951,405.63
67952,405.61
67953,405.58
67954,405.59
67955,405.67
67956,405.73
67957,405.72
67958,405.58
67959,405.70
67960,405.54
67961,405.64
67962,405.79
67963,405.99
67964,405.92
67965,406.05
67966,406.00
67967,406.09
67968,406.15
67969,406.25
67970,406.31
67971,406.30
67972,406.10
67973,406.13
67974,406.11
67975,406.34
67976,406.41
67977,406.38
67978,406.42
67979,406.41
67980,406.47
67981,406.58
67982,406.52
67983,406.54
67984,406.53
67985,406.59
67986,406.64
67987,406.68
67988,406.61
67989,406.56
67990,406.48
67991,406.54
67992,406.66
67993,406.65
67994,406.68
67995,406.66
67996,406.67
67997,406.65
67998,406.64
67999,406.59
68000,406.61
68001,406.60
68002,406.60
68003,406.67
68004,406.71
68005,406.69
68006,406.64
68007,406.61
68008,406.65
68009,406.65
68010,406.69
68011,406.61
68012,406.71
68013,406.69
68014,406.76
68015,406.64
68016,406.73
68017,406.67
68018,406.73
68019,406.76
68020,406.79
68021,406.67
68022,406.71
68023,406.80
68024,406.79
68025,406.74
68026,406.74
68027,406.70
68028,406.81
68029,406.81
68030,406.70
68031,406.77
68032,406.76
68033,406.64
68034,406.71
68035,406.73
68036,406.75
68037,406.63
68038,406.63
68039,406.63
68040,406.74
68041,406.65
68042,406.66
68043,406.65
68044,406.73
68045,406.75
68046,406.61
68047,406.60
68048,406.66
68049,406.63
68050,406.57
68051,406.64
68052,406.66
68053,406.60
68054,406.66
68055,406.57
68056,406.60
68057,406.59
68058,406.63
68059,406.60
68060,406.57
68061,406.55
68062,406.61
68063,406.60
68064,406.70
68065,406.59
68066,406.59
68067,406.49
68068,406.63
68069,406.63
68070,406.60
68071,406.59
68072,406.42
68073,406.59
68074,406.50
68075,406.51
68076,406.59
68077,406.50
68078,406.51
68079,406.56
68080,406.46
68081,406.52
68082,406.60
68083,406.36
68084,405.98
68085,405.78
68086,405.85
68087,405.91
68088,406.04
68089,405.99
68090,405.78
