data/raw/Flight7/CO2_POLAR6_20150413_R1_NETCARE.ict
34, 1001
Bozem, Heiko; Hoor, Peter
Institute for Atmospheric Physics, Johannes Gutenberg University, Mainz, Germany
CO2 mixing ratio from LI7200 CO2 analyzer
NETCARE Polar 6 Campaign 2015
1, 1
2015, 04, 13, 2015, 08, 12
1
Time_UTC, seconds
1
1
-9999.99
CO2_ppmv, ppmv
0
19
PI_CONTACT_INFO: Address: Johann-Joachim-Becherweg 21, 55128 Mainz, email: bozemh@uni-mainz.de; hoor@uni-mainz.de
PLATFORM: Polar 6
LOCATION: GPS location and altitude available at 1 Hz resolution in separate file (See AIMMS files under Aircraft data and meteorology)
ASSOCIATED_DATA: N/A
INSTRUMENT_INFO: CO2 measurements based on non-dispersive infrared absorption spectroscopy
DATA_INFO: Units are ppmv
UNCERTAINTY: UNCERTAINTY RELATIVE TO STANDARD: 1.71 ppmv at 1 sigma confidence (before drift correction is applied)
ULOD_FLAG: -7777
ULOD_VALUE: 3000
LLOD_FLAG: -8888
LLOD_VALUE: N/A 
DM_CONTACT_INFO: N/A
PROJECT_INFO: NETCARE Polar 6 aircraft campaign in April 2015; Eureka
STIPULATIONS_ON_USE: N/A
OTHER_COMMENTS: N/A
REVISION: R1
R0: Preliminary data, corrected for instrument drift
R1: Final data, corrected for instrument drift
Time_UTC,CO2_ppmv
[from data line 13225]
68092,405.85
68093,405.94
68094,405.98
68095,406.00
68096,405.93
68097,405.95
68098,405.98
68099,405.99
68100,405.94
68101,405.97
68102,405.99
68103,405.99
68104,405.99
68105,405.97
68106,406.00
68107,405.87
68108,405.83
68109,405.75
68110,405.70
68111,405.81
68112,405.89
68113,405.89
68114,405.84
68115,405.78
68116,405.88
68117,405.81
68118,405.78
68119,406.00
68120,405.79
68121,405.64
68122,405.51
68123,405.68
68124,405.73
68125,405.62
68126,405.59
68127,405.53
68128,405.51
68129,405.45
68130,405.51
68131,405.59
68132,405.60
68133,405.67
68134,405.61
68135,405.49
68136,405.59
68137,405.68
68138,405.61
68139,405.49
68140,405.56
68141,405.57
68142,405.61
68143,405.71
68144,405.56
68145,405.63
68146,405.70
68147,405.67
68148,405.71
68149,405.68
68150,405.64
68151,405.48
68152,405.43
68153,405.40
68154,405.40
68155,405.39
68156,405.47
68157,405.44
68158,405.15
68159,405.26
68160,405.23
68161,405.25
68162,405.30
68163,405.35
68164,405.33
68165,405.18
68166,405.27
68167,405.24
68168,405.26
68169,405.24
68170,405.41
68171,405.21
68172,405.18
68173,405.09
68174,405.16
68175,405.13
68176,405.06
68177,405.19
68178,405.22
68179,405.12
68180,405.13
68181,404.99
68182,405.03
68183,405.00
68184,405.03
68185,404.94
68186,404.93
68187,404.83
68188,404.99
68189,404.87
68190,405.01
68191,404.93
68192,405.09
68193,404.98
68194,404.92
68195,404.98
68196,404.88
68197,404.89
68198,404.86
68199,404.79
68200,404.99
68201,405.10
68202,404.92
68203,405.00
68204,405.05
68205,405.02
68206,405.09
68207,404.95
68208,404.90
68209,405.03
68210,405.06
68211,405.01
68212,404.96
68213,404.98
68214,404.93
68215,404.99
68216,405.14
68217,405.10
68218,405.04
68219,405.06
68220,405.10
68221,405.10
68222,405.06
68223,405.14
68224,405.15
68225,405.14
68226,405.12
68227,405.00
68228,405.06
68229,405.04
68230,405.07
68231,405.23
68232,405.24
68233,405.21
68234,405.17
68235,405.25
68236,405.20
68237,405.23
68238,405.30
68239,405.40
68240,405.44
68241,405.37
68242,405.32
68243,405.49
68244,405.37
68245,405.33
68246,405.20
68247,405.11
68248,405.18
68249,405.12
68250,405.20
68251,405.17
68252,405.14
68253,405.53
68254,405.40
68255,405.35
68256,405.36
68257,405.47
68258,405.40
68259,405.26
68260,405.34
68261,405.28
68262,405.41
68263,405.38
68264,405.36
68265,405.25
68266,405.28
68267,405.19
68268,405.28
68269,405.07
68270,405.02
68271,405.16
68272,405.09
68273,405.10
68274,405.09
68275,405.00
68276,404.94
68277,405.09
68278,405.06
68279,405.11
68280,404.95
68281,405.06
68282,405.09
68283,404.97
68284,405.06
68285,405.00
68286,405.08
68287,405.13
68288,405.06
68289,405.00
68290,405.06
68291,405.06
68292,405.08
68293,405.13
68294,405.03
68295,405.05
68296,405.02
68297,404.96
68298,404.97
68299,405.02
68300,404.97
68301,404.90
68302,404.96
68303,404.94
68304,405.01
68305,405.08
68306,405.42
68307,405.53
68308,406.06
68309,405.93
68310,405.57
68311,405.56
68312,405.70
68313,405.93
68314,406.07
68315,406.20
68316,406.31
68317,406.42
68318,406.47
68319,406.57
68320,406.62
68321,406.71
68322,406.58
68323,406.67
68324,406.81
68325,406.87
68326,407.01
68327,407.04
68328,407.06
68329,407.24
68330,407.21
68331,407.18
68332,406.95
68333,406.96
68334,406.82
68335,406.81
68336,406.79
68337,406.74
68338,406.92
68339,406.81
68340,406.81
68341,406.81
68342,406.81
68343,406.75
68344,406.62
68345,406.58
68346,406.60
68347,406.56
68348,406.59
68349,406.55
68350,406.50
68351,406.58
68352,406.43
68353,406.15
68354,406.04
68355,405.79
68356,405.70
68357,405.64
68358,405.57
68359,405.56
68360,405.56
68361,405.55
68362,405.59
68363,405.50
68364,405.34
68365,405.41
68366,405.46
68367,405.39
68368,405.24
68369,405.23
68370,405.21
68371,405.21
68372,405.24
68373,405.12
68374,405.20
68375,405.12
68376,405.21
68377,405.16
68378,405.25
68379,405.12
68380,405.18
68381,405.18
68382,405.23
68383,405.12
68384,405.16
68385,405.15
68386,405.13
68387,405.07
68388,405.12
68389,405.05
68390,405.06
68391,405.03
68392,405.04
68393,405.09
68394,405.02
68395,404.97
68396,404.88
68397,404.96
68398,404.96
68399,405.00
68400,404.90
68401,404.94
68402,404.90
68403,404.90
68404,404.82
68405,404.85
68406,404.83
68407,404.84
68408,404.83
68409,404.78
68410,404.76
68411,404.78
68412,404.74
68413,404.78
68414,404.74
68415,404.75
68416,404.82
68417,404.76
68418,404.83
68419,404.68
68420,404.74
68421,404.77
68422,404.79
68423,404.65
68424,404.76
68425,404.77
68426,404.72
68427,404.78
68428,404.76
68429,404.74
68430,404.73
68431,404.70
68432,404.79
68433,404.75
68434,404.75
68435,404.78
68436,404.85
68437,404.96
68438,405.01
68439,405.02
68440,404.84
68441,404.89
68442,404.81
68443,404.81
68444,404.89
68445,404.96
68446,405.05
68447,405.29
68448,405.68
68449,406.00
68450,406.11
68451,406.34
68452,406.42
68453,406.62
68454,406.70
68455,406.54
68456,406.32
68457,406.14
68458,406.22
68459,406.25
68460,406.32
68461,406.61
68462,407.18
68463,407.40
68464,407.66
68465,407.90
68466,408.03
68467,408.16
68468,408.14
68469,408.11
68470,408.15
68471,408.09
68472,407.97
68473,407.89
68474,407.91
68475,407.89
68476,407.99
68477,408.03
68478,407.99
68479,407.89
68480,407.87
68481,407.89
68482,407.91
68483,407.88
68484,407.83
68485,407.85
68486,407.93
68487,407.87
68488,407.95
68489,407.85
68490,407.80
68491,407.85
68492,407.79
68493,407.78
68494,407.76
68495,407.73
68496,407.47
68497,407.39
68498,407.28
68499,407.31
68500,407.20
68501,407.31
68502,407.30
68503,407.00
68504,406.86
68505,406.87
68506,406.76
68507,406.88
68508,406.75
68509,406.76
68510,406.83
68511,406.76
68512,406.73
68513,406.81
68514,406.74
68515,406.79
68516,406.89
68517,406.88
68518,406.87
68519,406.81
68520,406.86
68521,406.92
68522,406.96
68523,406.92
68524,406.96
68525,406.97
68526,406.95
68527,406.82
68528,406.69
68529,406.69
68530,406.56
68531,406.58
68532,406.55
68533,406.45
68534,406.50
68535,406.55
68536,406.59
68537,406.57
68538,406.58
68539,406.53
68540,406.50
68541,406.50
68542,406.53
68543,406.37
68544,406.22
68545,406.17
68546,406.11
68547,406.09
68548,406.00
68549,406.13
68550,406.04
68551,406.05
68552,406.02
68553,406.03
68554,405.98
68555,406.03
68556,406.06
68557,405.95
68558,406.11
68559,406.07
68560,406.04
68561,406.14
68562,406.03
68563,406.06
68564,406.10
68565,406.05
68566,406.00
68567,405.91
68568,406.00
68569,405.96
68570,406.00
68571,405.93
68572,405.97
68573,405.92
68574,405.89
68575,405.99
68576,405.99
68577,406.07
68578,406.17
68579,406.30
68580,406.45
68581,406.77
68582,406.86
68583,407.18
68584,407.41
68585,407.44
68586,407.44
68587,407.56
68588,407.50
68589,407.54
68590,407.53
68591,407.53
68592,407.66
68593,407.55
68594,407.55
68595,407.60
68596,407.67
68597,407.70
68598,407.77
68599,407.86
68600,407.86
68601,407.93
68602,407.80
68603,407.95
68604,407.91
68605,407.92
68606,407.89
68607,407.98
68608,407.93
68609,407.98
68610,407.96
68611,407.92
68612,407.88
68613,408.01
68614,407.94
68615,407.95
68616,407.95
68617,407.93
68618,407.98
68619,407.95
68620,407.92
68621,408.01
68622,407.98
68623,407.95
68624,407.91
68625,407.98
68626,407.96
68627,407.91
68628,407.87
68629,407.84
68630,407.83
68631,407.92
68632,407.84
68633,407.80
68634,407.80
68635,407.76
68636,407.83
68637,407.79
68638,407.80
68639,407.69
68640,407.76
68641,407.84
68642,407.81
68643,407.70
68644,407.84
68645,407.81
68646,407.81
68647,407.81
68648,407.82
68649,407.74
68650,407.86
68651,407.90
68652,407.93
68653,407.80
68654,407.89
68655,407.95
68656,407.88
68657,408.00
68658,408.00
68659,408.07
68660,408.06
68661,408.07
68662,407.99
68663,408.00
68664,408.00
68665,408.00
68666,408.05
68667,408.01
68668,408.12
68669,408.10
68670,408.08
68671,407.95
68672,407.89
68673,407.83
68674,407.85
68675,407.77
68676,407.87
68677,407.81
68678,407.87
68679,407.90
68680,407.92
68681,407.81
68682,407.92
68683,407.87
68684,408.03
68685,407.90
68686,407.97
68687,408.11
68688,407.94
68689,408.06
68690,408.04
68691,407.97
68692,408.04
68693,408.09
68694,408.12
68695,408.10
68696,408.01
68697,408.07
68698,408.17
68699,408.17
68700,408.17
68701,408.16
68702,408.12
68703,408.17
68704,408.14
68705,408.07
68706,408.12
68707,408.11
68708,408.13
68709,408.00
68710,408.11
68711,408.03
68712,408.09
68713,408.10
68714,408.06
68715,408.13
68716,408.09
68717,408.13
68718,408.06
68719,408.07
68720,408.04
68721,407.98
68722,408.05
68723,408.09
68724,408.10
68725,408.15
68726,408.20
68727,408.07
68728,408.07
68729,408.21
68730,408.36
68731,408.33
68732,408.31
68733,408.39
68734,408.45
68735,408.54
68736,408.58
68737,408.64
68738,408.53
68739,408.59
68740,408.65
68741,408.55
68742,408.50
68743,408.35
68744,408.41
68745,408.41
68746,408.44
68747,408.43
68748,408.39
68749,408.49
68750,408.54
68751,408.46
68752,408.37
68753,408.31
68754,408.26
68755,408.36
68756,408.33
68757,408.23
68758,408.32
68759,408.27
68760,408.31
68761,408.29
68762,408.24
68763,408.19
68764,408.22
68765,408.16
68766,408.11
68767,408.05
68768,408.01
68769,407.95
68770,407.82
68771,407.80
68772,407.82
68773,407.83
68774,407.75
68775,407.69
68776,407.75
68777,407.86
68778,407.86
68779,407.80
68780,407.80
68781,407.85
68782,407.87
68783,407.80
68784,407.76
68785,407.81
68786,407.93
68787,407.84
68788,407.79
68789,407.87
68790,407.80
68791,407.86
68792,407.81
68793,407.70
68794,407.72
68795,407.70
68796,407.64
68797,407.76
68798,407.70
68799,407.53
68800,407.64
68801,407.56
68802,407.59
68803,407.59
68804,407.47
68805,407.51
68806,407.49
68807,407.46
68808,407.46
68809,407.49
68810,407.46
68811,407.53
68812,407.14
68813,406.60
68814,406.22
68815,406.10
68816,405.97
68817,405.83
68818,405.87
68819,405.81
68820,405.56
68821,405.39
68822,405.41
68823,405.33
68824,405.34
68825,405.22
68826,405.18
68827,405.26
68828,405.32
68829,405.23
68830,405.27
68831,405.28
68832,405.29
68833,405.24
68834,405.32
68835,405.30
68836,405.24
68837,405.25
68838,405.27
68839,405.21
68840,405.25
68841,405.21
68842,405.33
68843,405.31
68844,405.29
68845,405.31
68846,405.34
68847,405.36
68848,405.31
68849,405.27
68850,405.31
68851,405.35
68852,405.35
68853,405.38
68854,405.39
68855,405.37
68856,405.32
68857,405.39
68858,405.29
68859,405.13
68860,405.54
68861,406.90
68862,408.08
68863,408.31
68864,408.22
68865,408.29
68866,408.31
68867,408.25
68868,408.23
68869,408.25
68870,408.30
68871,408.21
68872,408.25
68873,408.38
68874,408.45
68875,408.51
68876,408.48
68877,408.43
68878,408.38
68879,408.30
68880,408.39
68881,408.43
68882,408.71
68883,408.64
68884,408.45
68885,408.38
68886,408.27
68887,408.17
68888,408.21
68889,408.15
68890,408.28
68891,408.38
68892,408.07
68893,407.98
68894,407.95
68895,408.06
68896,408.04
68897,408.02
68898,407.89
68899,407.69
68900,407.73
68901,407.82
68902,407.75
68903,407.69
68904,407.47
68905,407.42
68906,407.44
68907,407.31
68908,407.25
68909,407.00
68910,406.96
68911,406.86
68912,406.77
68913,406.76
68914,406.81
68915,406.71
68916,406.57
68917,406.37
68918,406.28
68919,406.33
68920,406.30
68921,406.33
68922,406.41
68923,406.28
68924,406.31
68925,406.34
68926,406.35
68927,406.32
68928,406.26
68929,406.28
68930,406.35
68931,406.25
68932,406.31
68933,406.34
68934,406.38
68935,406.34
68936,406.37
68937,406.34
68938,406.41
68939,406.39
68940,406.41
68941,406.33
68942,406.33
68943,406.30
68944,406.38
68945,406.31
68946,406.34
68947,406.35
68948,406.33
68949,406.39
68950,406.35
68951,406.36
68952,406.41
68953,406.41
68954,406.47
68955,406.42
68956,406.38
68957,406.43
68958,406.37
68959,406.40
68960,406.35
68961,406.36
68962,406.40
68963,406.40
68964,406.40
68965,406.40
68966,406.37
68967,406.39
68968,406.41
68969,406.34
68970,406.38
68971,406.34
68972,406.48
68973,406.43
68974,406.34
68975,406.37
68976,406.42
68977,406.35
68978,406.40
68979,406.45
68980,406.43
68981,406.31
68982,406.35
68983,406.50
68984,406.44
68985,406.50
68986,406.41
68987,406.34
68988,406.41
68989,406.46
68990,406.36
68991,406.42
68992,406.45
68993,406.46
68994,406.44
68995,406.49
68996,406.44
68997,406.39
68998,406.41
68999,406.44
69000,406.50
69001,406.43
69002,406.35
69003,406.38
69004,406.51
69005,406.46
69006,406.39
69007,406.35
69008,406.44
69009,406.55
69010,406.49
69011,406.49
69012,406.33
69013,406.49
69014,406.43
69015,406.42
69016,406.48
69017,406.48
69018,406.41
69019,406.49
69020,406.42
69021,406.51
69022,406.49
69023,406.41
69024,406.40
69025,406.54
69026,406.50
69027,406.42
69028,406.42
69029,406.43
69030,406.33
69031,406.59
69032,406.46
69033,406.40
69034,406.43
69035,406.36
69036,406.51
69037,406.48
69038,406.29
69039,406.53
69040,406.53
69041,406.33
69042,406.40
69043,406.49
69044,406.50
69045,406.31
69046,406.47
69047,406.42
69048,406.43
69049,406.54
69050,406.50
69051,406.33
69052,406.39
69053,406.48
69054,406.42
69055,406.45
69056,406.27
69057,406.44
69058,406.43
69059,406.52
69060,406.36
69061,406.28
69062,406.42
69063,406.60
69064,406.51
69065,406.42
69066,406.36
69067,406.33
69068,406.36
69069,406.48
69070,406.44
69071,406.51
69072,406.44
69073,406.42
69074,406.33
69075,406.46
69076,406.33
69077,406.52
69078,406.49
69079,406.30
69080,406.44
69081,406.42
69082,406.53
69083,406.34
69084,406.36
69085,406.39
69086,406.51
69087,406.45
69088,406.42
69089,406.37
69090,406.34
69091,406.49
69092,406.59
69093,406.39
69094,406.43
69095,406.43
69096,406.37
69097,406.43
69098,406.49
69099,406.43
69100,406.39
69101,406.57
69102,406.32
69103,406.48
69104,406.57
69105,406.44
69106,406.52
69107,406.28
69108,406.50
69109,406.45
69110,406.45
69111,406.53
69112,406.49
69113,406.59
69114,406.49
69115,406.47
69116,406.33
69117,406.45
69118,406.66
69119,406.59
69120,406.47
69121,406.47
69122,406.52
69123,406.69
69124,406.54
69125,406.51
69126,406.35
69127,406.53
69128,406.63
69129,406.58
69130,406.39
69131,406.61
69132,406.40
69133,406.60
69134,406.53
69135,406.63
69136,406.46
69137,406.50
69138,406.59
69139,406.61
69140,406.50
69141,406.57
69142,406.57
69143,-9999.99
69144,-9999.99
69145,-9999.99
69146,-9999.99
69147,-9999.99
69148,-9999.99
69149,-9999.99
69150,-9999.99
69151,-9999.99
69152,-9999.99
69153,-9999.99
69154,-9999.99
69155,-9999.99
69156,-9999.99
69157,-9999.99
69158,-9999.99
69159,-9999.99
69160,-9999.99
69161,-9999.99
69162,-9999.99
69163,-9999.99
69164,-9999.99
69165,-9999.99
69166,-9999.99
69167,-9999.99
69168,-9999.99
69169,-9999.99
69170,-9999.99
69171,-9999.99
69172,-9999.99
69173,-9999.99
69174,-9999.99
69175,-9999.99
69176,-9999.99
69177,-9999.99
69178,-9999.99
69179,-9999.99
69180,-9999.99
69181,-9999.99
69182,-9999.99
69183,-9999.99
69184,-9999.99
69185,-9999.99
69186,-9999.99
69187,-9999.99
69188,-9999.99
69189,-9999.99
69190,-9999.99
69191,-9999.99
69192,-9999.99
69193,-9999.99
69194,-9999.99
69195,-9999.99
69196,-9999.99
69197,-9999.99
69198,-9999.99
69199,-9999.99
69200,-9999.99
69201,-9999.99
69202,-9999.99
69203,-9999.99
69204,-9999.99
69205,-9999.99
69206,-9999.99
69207,-9999.99
69208,-9999.99
69209,-9999.99
69210,-9999.99
69211,-9999.99
69212,-9999.99
69213,-9999.99
69214,-9999.99
69215,-9999.99
69216,-9999.99
69217,-9999.99
69218,-9999.99
69219,-9999.99
69220,-9999.99
69221,-9999.99
69222,-9999.99
69223,-9999.99
69224,-9999.99
69225,-9999.99
69226,-9999.99
69227,-9999.99
69228,-9999.99
69229,-9999.99
69230,-9999.99
69231,-9999.99
69232,-9999.99
69233,-9999.99
69234,-9999.99
69235,-9999.99
69236,-9999.99
69237,-9999.99
69238,-9999.99
69239,-9999.99
69240,-9999.99
69241,-9999.99
69242,-9999.99
69243,-9999.99
69244,-9999.99
69245,-9999.99
69246,-9999.99
69247,-9999.99
69248,-9999.99
69249,-9999.99
69250,-9999.99
69251,-9999.99
69252,-9999.99
69253,-9999.99
69254,-9999.99
69255,-9999.99
69256,-9999.99
69257,-9999.99
69258,-9999.99
69259,-9999.99
69260,-9999.99
69261,-9999.99
69262,-9999.99
69263,-9999.99
69264,-9999.99
69265,-9999.99
69266,-9999.99
69267,-9999.99
69268,-9999.99
69269,-9999.99
69270,-9999.99
69271,-9999.99
69272,-9999.99
69273,-9999.99
69274,-9999.99
69275,-9999.99
69276,-9999.99
69277,-9999.99
69278,-9999.99
69279,-9999.99
69280,-9999.99
69281,-9999.99
69282,-9999.99
69283,-9999.99
69284,-9999.99
69285,-9999.99
69286,-9999.99
69287,-9999.99
69288,-9999.99
69289,-9999.99
69290,-9999.99
69291,-9999.99
69292,-9999.99
69293,-9999.99
69294,-9999.99
69295,-9999.99
69296,-9999.99
69297,-9999.99
