data/raw/Flight7/CO_POLAR6_20150413_R1_NETCARE.ict
34, 1001
Bozem, Heiko; Hoor, Peter
Institute for Atmospheric Physics, Johannes Gutenberg University, Mainz, Germany
CO mixing ratio from AL5002 CO analyzer
NETCARE Polar 6 Campaign 2015
1, 1
2015, 04, 13, 2015, 08, 15
1
Time_UTC, seconds
1
1
-9999.9
CO_ppbv, ppbv
0
19
PI_CONTACT_INFO: Address: Johann-Joachim-Becherweg 21, 55128 Mainz, email: bozemh@uni-mainz.de; hoor@uni-mainz.de
PLATFORM: Polar 6
LOCATION: GPS location and altitude available at 1 Hz resolution in separate file (See AIMMS files under Aircraft data and meteorology)
ASSOCIATED_DATA: N/A
INSTRUMENT_INFO: CO measurements based on the fluorescence of CO in the VUV at 150 nm
DATA_INFO: Units are ppbv
UNCERTAINTY RELATIVE TO STANDARD: 2.3 ppbv at 1 sigma confidence (before drift correction is applied)
ULOD_FLAG: -7777
ULOD_VALUE: N/A
LLOD_FLAG: -8888
LLOD_VALUE: 1.5 
DM_CONTACT_INFO: N/A
PROJECT_INFO: NETCARE Polar 6 aircraft campaign in April 2015; Eureka
STIPULATIONS_ON_USE: N/A
OTHER_COMMENTS: N/A
REVISION: R1
R0: Preliminary data, corrected for instrument drift
R1: Final data, corrected for instrument drift
Time_UTC,CO_ppbv
54867,147.4
54868,145.4
54869,146.3
54870,145.2
54871,143.1
54872,143.8
54873,144.3
54874,144.8
54875,146.3
54876,146.1
54877,146.3
54878,145.2
54879,143.0
54880,141.3
54881,143.1
54882,144.6
54883,141.5
54884,140.6
54885,141.7
54886,142.7
54887,144.3
54888,147.4
54889,146.3
54890,144.1
54891,146.2
54892,145.0
54893,145.2
54894,145.3
54895,144.5
54896,145.8
54897,143.7
54898,144.3
54899,147.0
54900,146.3
54901,144.3
54902,144.2
54903,144.9
54904,143.3
54905,140.9
54906,141.8
54907,143.3
54908,143.4
54909,143.8
54910,144.8
54911,145.9
54912,145.4
54913,146.8
54914,146.4
54915,145.9
54916,144.7
54917,142.5
54918,143.8
54919,143.8
54920,145.1
54921,145.9
54922,146.1
54923,143.7
54924,143.8
54925,145.7
54926,148.2
54927,148.2
54928,145.2
54929,142.4
54930,142.3
54931,145.9
54932,147.1
54933,144.6
54934,145.3
54935,146.5
54936,144.0
54937,144.2
54938,145.4
54939,144.6
54940,143.6
54941,144.8
54942,145.0
54943,143.3
54944,145.2
54945,147.1
54946,144.9
54947,144.9
54948,143.9
54949,144.5
54950,146.2
54951,144.6
54952,146.0
54953,147.7
54954,143.3
54955,144.1
54956,147.1
54957,148.1
54958,148.4
54959,147.3
54960,146.1
54961,147.4
54962,146.0
54963,145.0
54964,145.0
54965,146.2
54966,146.6
54967,147.4
54968,146.2
54969,145.7
54970,147.2
54971,145.1
54972,145.3
54973,147.7
54974,146.3
54975,143.8
54976,145.2
54977,147.1
54978,148.1
54979,148.2
54980,146.6
54981,146.1
54982,146.3
54983,146.2
54984,145.6
54985,145.2
54986,148.4
54987,150.9
54988,148.8
54989,148.7
54990,148.6
54991,146.2
54992,144.4
54993,147.3
54994,149.2
54995,148.1
54996,147.0
54997,146.5
54998,148.4
54999,149.0
55000,145.3
55001,144.3
55002,147.1
55003,147.3
55004,149.0
55005,150.5
55006,148.3
55007,147.3
55008,146.0
55009,146.6
55010,149.0
55011,148.3
55012,144.2
55013,144.4
55014,145.0
55015,146.3
55016,146.3
55017,144.3
55018,145.6
55019,146.4
55020,149.0
55021,149.1
55022,148.6
55023,149.6
55024,149.3
55025,149.3
55026,146.2
55027,144.8
55028,146.7
55029,146.0
55030,146.2
55031,149.3
55032,149.6
55033,149.3
55034,149.2
55035,147.2
55036,146.8
55037,148.4
55038,148.9
55039,147.3
55040,147.1
55041,146.5
55042,144.3
55043,145.2
55044,147.9
55045,146.4
55046,146.3
55047,149.1
55048,148.3
55049,145.6
55050,144.0
55051,145.8
55052,147.4
55053,147.5
55054,148.0
55055,148.8
55056,147.1
55057,144.6
55058,146.0
55059,145.5
55060,146.5
55061,147.0
55062,146.8
55063,147.1
55064,146.8
55065,148.2
55066,148.4
55067,145.7
55068,145.0
55069,147.4
55070,148.5
55071,149.1
55072,150.9
55073,150.2
55074,148.8
55075,147.9
55076,147.9
55077,149.1
55078,148.7
55079,145.8
55080,146.0
55081,147.6
55082,146.8
55083,148.7
55084,148.8
55085,146.9
55086,147.0
55087,146.9
55088,146.4
55089,148.1
55090,149.3
55091,146.4
55092,144.1
55093,146.5
55094,149.4
55095,150.2
55096,147.5
55097,147.0
55098,146.5
55099,147.7
55100,149.6
55101,149.2
55102,150.6
55103,151.4
55104,150.5
55105,150.2
55106,147.4
55107,144.2
55108,144.2
55109,145.8
55110,145.5
55111,145.6
55112,147.3
55113,148.5
55114,149.2
55115,148.6
55116,147.0
55117,146.9
55118,145.7
55119,145.7
55120,147.3
55121,147.9
55122,146.6
55123,142.9
55124,143.2
55125,147.4
55126,149.6
55127,148.0
55128,146.9
55129,146.7
55130,146.3
55131,146.0
55132,146.7
55133,145.9
55134,144.3
55135,144.3
55136,145.5
55137,147.2
55138,148.1
55139,147.8
55140,149.9
55141,147.8
55142,144.9
55143,147.9
55144,147.6
55145,145.6
55146,143.9
55147,144.7
55148,148.9
55149,148.3
55150,147.1
55151,150.4
55152,149.3
55153,145.5
55154,145.1
55155,147.5
55156,146.1
55157,143.7
55158,145.3
55159,145.0
55160,146.4
55161,148.5
55162,147.3
55163,147.3
55164,147.2
55165,144.9
55166,143.4
55167,144.6
55168,145.5
55169,145.9
55170,148.4
55171,148.4
55172,147.0
55173,145.9
55174,146.7
55175,150.2
55176,148.2
55177,146.6
55178,147.2
55179,149.1
55180,151.5
55181,145.7
55182,141.9
55183,145.5
55184,147.3
55185,145.4
55186,145.8
55187,148.7
55188,149.5
55189,146.9
55190,144.8
55191,147.3
55192,148.4
55193,146.4
55194,144.8
55195,143.5
55196,145.2
55197,145.5
55198,145.9
55199,145.6
55200,145.4
55201,146.2
55202,145.3
55203,146.5
55204,148.9
55205,146.8
55206,144.4
55207,142.8
55208,143.2
55209,144.7
55210,145.2
55211,143.8
55212,144.7
55213,146.1
55214,146.0
55215,146.4
55216,146.6
55217,147.6
55218,146.5
55219,145.5
55220,144.9
55221,143.8
55222,145.0
55223,146.8
55224,146.7
55225,144.1
55226,143.9
55227,145.4
55228,144.4
55229,144.1
55230,144.7
55231,143.5
55232,142.9
55233,144.6
55234,145.5
55235,145.3
55236,146.3
55237,146.1
55238,144.3
55239,145.3
55240,145.2
55241,142.8
55242,145.0
55243,147.1
55244,147.3
55245,145.8
55246,144.5
55247,146.3
55248,146.0
55249,143.9
55250,143.7
55251,144.7
55252,144.2
55253,143.9
55254,145.7
55255,146.7
55256,145.7
55257,144.3
55258,143.5
55259,142.2
55260,142.7
55261,143.3
55262,145.4
55263,148.9
55264,145.7
55265,-9999.9
55266,-9999.9
55267,-9999.9
55268,-9999.9
55269,-9999.9
55270,-9999.9
55271,-9999.9
55272,-9999.9
55273,-9999.9
55274,-9999.9
55275,-9999.9
55276,-9999.9
55277,-9999.9
55278,-9999.9
55279,-9999.9
55280,-9999.9
55281,-9999.9
55282,-9999.9
55283,-9999.9
55284,-9999.9
55285,-9999.9
55286,-9999.9
55287,-9999.9
55288,-9999.9
55289,-9999.9
55290,-9999.9
55291,-9999.9
55292,-9999.9
55293,-9999.9
55294,-9999.9
55295,-9999.9
55296,-9999.9
55297,-9999.9
55298,-9999.9
55299,-9999.9
55300,-9999.9
55301,-9999.9
55302,-9999.9
55303,-9999.9
55304,-9999.9
55305,-9999.9
55306,-9999.9
55307,-9999.9
55308,-9999.9
55309,-9999.9
55310,-9999.9
55311,-9999.9
55312,-9999.9
55313,-9999.9
55314,-9999.9
55315,-9999.9
55316,-9999.9
55317,-9999.9
55318,-9999.9
55319,-9999.9
55320,-9999.9
55321,-9999.9
55322,-9999.9
55323,-9999.9
55324,-9999.9
55325,-9999.9
55326,-9999.9
55327,-9999.9
55328,-9999.9
55329,-9999.9
55330,-9999.9
55331,-9999.9
55332,-9999.9
55333,-9999.9
55334,-9999.9
55335,-9999.9
55336,-9999.9
55337,-9999.9
55338,-9999.9
55339,-9999.9
55340,-9999.9
55341,-9999.9
55342,-9999.9
55343,-9999.9
55344,-9999.9
55345,-9999.9
55346,-9999.9
55347,-9999.9
55348,-9999.9
55349,-9999.9
55350,-9999.9
55351,-9999.9
55352,-9999.9
55353,-9999.9
55354,-9999.9
55355,-9999.9
55356,-9999.9
55357,-9999.9
55358,-9999.9
55359,-9999.9
55360,-9999.9
55361,-9999.9
55362,-9999.9
55363,-9999.9
55364,-9999.9
55365,-9999.9
55366,-9999.9
55367,-9999.9
55368,-9999.9
55369,-9999.9
55370,-9999.9
55371,-9999.9
55372,-9999.9
55373,-9999.9
55374,-9999.9
55375,-9999.9
55376,-9999.9
55377,-9999.9
55378,-9999.9
55379,-9999.9
55380,-9999.9
55381,-9999.9
55382,-9999.9
55383,-9999.9
55384,-9999.9
55385,-9999.9
55386,-9999.9
55387,-9999.9
55388,-9999.9
55389,-9999.9
55390,-9999.9
55391,145.9
55392,144.7
55393,144.1
55394,144.2
55395,143.2
55396,142.7
55397,141.6
55398,142.4
55399,146.0
55400,145.2
55401,142.3
55402,143.0
55403,146.4
55404,144.5
55405,142.3
55406,141.9
55407,143.3
55408,144.2
55409,142.1
55410,143.6
55411,145.6
55412,143.5
55413,142.9
55414,144.5
55415,146.5
55416,147.4
55417,144.5
55418,142.0
55419,145.7
55420,146.3
55421,143.7
55422,142.9
55423,143.3
55424,144.3
55425,143.3
55426,143.9
55427,145.7
55428,145.3
55429,142.1
55430,141.3
55431,142.8
55432,143.6
55433,143.8
55434,143.6
55435,143.6
55436,144.8
55437,146.4
55438,145.8
55439,146.1
55440,145.1
55441,142.6
55442,143.5
55443,143.7
55444,142.5
55445,144.1
55446,144.3
55447,142.9
55448,144.5
55449,145.8
55450,144.0
55451,143.6
55452,144.9
55453,143.4
55454,142.1
55455,143.2
55456,142.7
55457,144.0
55458,145.5
55459,144.7
55460,145.4
55461,145.4
55462,143.6
55463,143.9
55464,143.8
55465,143.5
55466,145.5
55467,145.4
55468,144.8
55469,145.5
55470,147.3
55471,148.3
55472,145.5
55473,145.5
55474,145.0
55475,144.8
55476,147.4
55477,147.2
55478,144.2
55479,142.5
55480,141.8
55481,142.1
55482,139.9
55483,139.9
55484,143.5
55485,144.6
55486,144.8
55487,148.0
55488,147.8
55489,144.9
55490,144.4
55491,143.9
55492,143.6
55493,143.9
55494,142.0
55495,144.3
55496,148.5
55497,147.8
55498,146.3
55499,147.3
55500,146.8
55501,142.7
55502,141.3
55503,142.4
55504,145.8
55505,148.0
55506,144.5
55507,142.8
55508,143.7
55509,146.7
55510,148.7
55511,147.2
55512,146.4
55513,145.0
55514,144.2
55515,147.8
55516,145.7
55517,142.3
55518,142.9
55519,144.7
55520,146.3
55521,145.2
55522,145.4
55523,145.1
55524,145.9
55525,148.0
55526,145.1
55527,143.7
55528,142.6
55529,141.1
55530,141.7
55531,141.6
55532,142.1
55533,144.1
55534,144.7
55535,145.6
55536,145.6
55537,145.3
55538,146.5
55539,147.2
55540,145.3
55541,145.3
55542,142.2
55543,142.3
55544,144.7
55545,148.0
55546,147.2
55547,146.6
55548,146.5
55549,145.1
55550,145.4
55551,146.2
55552,148.0
55553,146.0
55554,143.0
55555,144.1
55556,144.5
55557,146.0
55558,145.5
55559,144.1
55560,146.3
55561,146.1
55562,145.3
55563,145.6
55564,143.8
55565,143.6
55566,146.2
55567,146.4
55568,145.1
55569,145.2
55570,144.7
55571,143.0
55572,142.9
55573,144.9
55574,147.1
55575,148.0
55576,147.9
55577,147.9
55578,146.0
55579,142.9
55580,145.3
55581,148.3
55582,145.8
55583,143.5
55584,143.5
55585,143.8
55586,144.6
55587,144.7
55588,144.0
55589,144.2
55590,142.9
55591,143.9
55592,146.8
55593,146.1
55594,145.6
55595,147.0
55596,147.1
55597,145.1
55598,144.9
55599,144.5
55600,144.1
55601,145.2
55602,145.0
55603,145.5
55604,144.6
55605,144.9
55606,147.2
55607,147.8
55608,147.9
55609,147.7
55610,145.1
55611,146.1
55612,146.5
55613,144.3
55614,143.9
55615,146.6
55616,147.7
55617,146.9
55618,148.0
55619,147.0
55620,146.4
55621,148.0
55622,145.3
55623,144.2
55624,144.6
55625,144.1
55626,146.8
55627,147.5
55628,145.9
55629,146.4
55630,146.4
55631,147.8
55632,147.9
55633,147.4
55634,144.6
55635,142.5
55636,144.6
55637,144.6
55638,144.5
55639,145.2
55640,146.9
55641,147.9
55642,147.0
55643,148.7
55644,150.9
55645,145.1
55646,142.7
55647,145.3
55648,146.4
55649,143.1
55650,143.7
55651,143.9
55652,143.0
55653,143.2
55654,147.3
55655,149.2
55656,146.0
55657,147.6
55658,148.7
55659,145.2
55660,145.4
55661,146.1
55662,145.4
55663,145.6
55664,148.4
55665,148.9
55666,146.8
55667,146.8
55668,146.8
55669,147.0
55670,147.9
55671,146.6
55672,145.0
55673,145.4
55674,147.7
55675,146.5
55676,144.3
55677,145.5
55678,145.8
55679,143.8
55680,144.4
55681,144.4
55682,144.2
55683,144.5
55684,144.5
55685,144.6
55686,146.7
55687,147.4
55688,146.5
55689,145.0
55690,143.1
55691,145.1
55692,146.3
55693,147.0
55694,147.4
55695,144.5
55696,145.6
55697,148.2
55698,147.4
55699,145.3
55700,146.4
55701,148.2
55702,145.4
55703,144.4
55704,144.5
55705,143.6
55706,145.4
55707,146.0
55708,145.9
55709,148.2
55710,148.1
55711,146.5
55712,146.0
55713,147.6
55714,146.7
55715,146.0
55716,148.0
55717,146.4
55718,144.8
55719,148.6
55720,148.1
55721,144.9
55722,144.4
55723,146.6
55724,148.4
55725,148.3
55726,145.5
55727,145.4
55728,146.8
55729,144.1
55730,144.5
55731,148.2
55732,148.3
55733,147.8
55734,149.2
55735,148.2
55736,145.7
55737,141.3
55738,142.2
55739,142.4
55740,140.9
55741,143.4
55742,144.1
55743,144.8
55744,145.2
55745,146.2
55746,147.6
55747,147.9
55748,143.3
55749,143.1
55750,145.9
55751,147.8
55752,147.1
55753,146.4
55754,144.0
55755,144.2
55756,147.7
55757,148.1
55758,146.4
55759,146.9
55760,148.2
55761,147.4
55762,142.5
55763,144.3
55764,148.8
55765,147.2
55766,147.6
55767,147.2
55768,146.9
55769,147.8
55770,147.4
55771,147.6
55772,145.8
55773,145.4
55774,144.5
55775,142.4
55776,144.6
55777,146.2
55778,144.2
55779,144.1
55780,147.9
55781,150.1
55782,147.3
55783,145.6
55784,145.6
55785,145.3
55786,143.9
55787,146.1
55788,145.4
55789,145.6
55790,146.4
55791,145.6
55792,147.1
55793,146.6
55794,145.3
55795,143.7
55796,143.2
55797,144.7
55798,145.4
55799,144.8
55800,144.3
55801,144.2
55802,145.4
55803,145.4
55804,145.0
55805,143.6
55806,142.6
55807,145.1
55808,145.3
55809,144.4
55810,144.2
55811,145.2
55812,146.1
55813,147.3
55814,148.2
55815,147.4
55816,146.9
55817,146.9
55818,138.1
55819,143.4
55820,149.4
55821,147.6
55822,144.6
55823,145.5
55824,146.1
55825,143.9
55826,142.3
55827,142.9
55828,145.0
55829,146.0
55830,146.6
55831,145.3
55832,143.7
55833,144.2
55834,143.6
55835,143.8
55836,145.1
55837,146.8
55838,146.6
55839,145.2
55840,147.3
55841,145.4
55842,142.6
55843,145.3
55844,147.4
55845,148.3
55846,148.1
55847,147.5
55848,146.3
55849,143.9
55850,143.5
55851,143.7
55852,144.7
55853,143.7
55854,142.4
55855,143.7
55856,146.1
55857,145.2
55858,143.6
55859,145.1
55860,147.0
55861,145.0
55862,143.9
55863,147.6
55864,148.5
55865,147.2
55866,146.0
55867,145.4
55868,144.6
55869,145.6
55870,147.6
55871,145.4
55872,143.5
55873,143.8
55874,144.3
55875,144.3
55876,144.7
55877,146.1
55878,148.3
55879,147.4
55880,144.9
55881,144.9
55882,145.9
55883,145.5
55884,146.3
55885,148.3
55886,144.2
55887,144.5
55888,146.1
55889,146.6
55890,146.1
55891,146.3
55892,147.3
55893,146.1
55894,147.0
55895,148.1
55896,146.7
55897,146.4
55898,144.5
55899,145.3
55900,146.9
55901,147.5
55902,147.9
55903,146.5
55904,148.1
55905,147.6
55906,144.9
55907,146.6
55908,148.3
55909,147.1
55910,143.8
55911,144.1
55912,147.6
55913,145.7
55914,146.1
55915,146.7
55916,146.1
55917,144.9
55918,142.8
55919,147.4
55920,150.5
55921,148.0
55922,144.9
55923,143.7
55924,146.6
55925,147.3
55926,145.9
55927,143.7
55928,142.8
55929,146.0
55930,149.1
55931,148.6
55932,146.4
55933,145.0
55934,146.7
55935,148.5
55936,144.1
55937,143.6
55938,147.2
55939,146.2
55940,144.8
55941,146.0
55942,147.4
55943,146.8
55944,145.4
55945,144.9
55946,145.5
55947,146.0
55948,145.4
55949,146.1
55950,146.7
55951,144.6
55952,143.6
55953,145.6
55954,147.8
55955,145.9
55956,144.4
55957,144.1
55958,147.6
55959,147.1
55960,145.2
55961,146.7
55962,146.9
55963,145.1
55964,144.7
55965,146.9
55966,146.9
55967,145.1
55968,143.7
55969,145.2
55970,147.0
55971,147.0
55972,145.7
55973,143.6
55974,142.9
55975,144.3
55976,144.4
55977,143.9
55978,144.1
55979,144.2
55980,145.2
55981,147.3
55982,148.0
55983,146.0
55984,147.5
55985,147.4
55986,142.9
55987,144.0
55988,147.7
55989,147.6
55990,143.8
55991,142.1
55992,145.0
55993,147.3
55994,146.3
55995,143.2
55996,143.3
55997,143.7
55998,143.6
55999,144.5
56000,145.1
56001,145.5
56002,145.9
56003,145.7
56004,144.2
56005,144.5
56006,146.7
56007,146.7
56008,145.7
56009,144.1
56010,145.3
56011,147.0
56012,146.1
56013,146.3
56014,149.1
56015,149.0
56016,146.0
56017,146.4
56018,147.8
56019,147.6
56020,146.9
56021,145.2
56022,144.2
56023,144.7
56024,142.2
56025,143.7
56026,145.2
56027,144.0
56028,144.5
56029,147.8
56030,147.9
56031,146.8
56032,144.7
56033,142.4
56034,144.9
56035,146.9
56036,145.6
56037,146.3
56038,148.2
56039,148.1
56040,147.1
56041,146.5
56042,145.4
56043,144.8
56044,143.7
56045,145.1
56046,149.2
56047,146.6
56048,146.2
56049,149.4
56050,148.4
56051,147.5
56052,145.4
56053,143.6
56054,144.9
56055,145.6
56056,147.1
56057,148.9
56058,141.8
56059,145.2
56060,145.7
56061,142.7
56062,143.1
56063,145.2
56064,146.5
56065,144.4
56066,145.0
56067,145.3
56068,144.3
56069,146.2
56070,146.0
56071,143.4
56072,142.6
56073,141.9
56074,141.1
56075,143.1
56076,144.2
56077,144.1
56078,145.4
56079,146.9
56080,148.0
56081,146.2
56082,145.7
56083,145.4
56084,142.1
56085,145.9
56086,146.7
56087,144.6
56088,144.6
56089,142.7
56090,144.2
56091,145.9
56092,147.1
56093,144.3
56094,142.0
56095,140.9
56096,142.8
56097,144.9
56098,141.7
56099,143.5
56100,146.0
56101,145.8
56102,146.7
56103,145.2
56104,142.6
56105,143.2
56106,145.1
56107,144.7
56108,144.6
56109,145.3
56110,144.3
56111,144.2
56112,144.9
56113,142.3
56114,142.5
56115,145.7
56116,145.5
56117,144.0
56118,144.0
56119,144.7
56120,144.6
56121,144.2
56122,144.3
56123,144.7
56124,145.7
56125,145.5
56126,144.0
56127,143.3
56128,148.0
56129,148.8
56130,146.2
56131,144.3
56132,146.6
56133,145.5
56134,144.3
56135,144.5
56136,145.4
56137,146.4
56138,147.1
56139,146.6
56140,145.2
56141,145.8
56142,145.5
56143,144.6
56144,145.3
56145,144.6
56146,142.9
56147,144.4
56148,147.9
56149,146.5
56150,142.7
56151,143.2
56152,142.4
56153,141.7
56154,144.6
56155,148.0
56156,147.7
56157,145.8
56158,145.3
56159,145.6
56160,145.6
56161,144.5
56162,141.2
56163,143.5
56164,146.6
56165,146.0
56166,145.8
56167,145.9
56168,143.8
56169,145.0
56170,145.1
56171,142.6
56172,141.7
56173,142.1
56174,143.8
56175,145.0
56176,142.8
56177,144.3
56178,147.5
