data/raw/Flight7/CO_POLAR6_20150413_R1_NETCARE.ict
34, 1001
Bozem, Heiko; Hoor, Peter
Institute for Atmospheric Physics, Johannes Gutenberg University, Mainz, Germany
CO mixing ratio from AL5002 CO analyzer
NETCARE Polar 6 Campaign 2015
1, 1
2015, 04, 13, 2015, 08, 15
1
Time_UTC, seconds
1
1
-9999.9
CO_ppbv, ppbv
0
19
PI_CONTACT_INFO: Address: Johann-Joachim-Becherweg 21, 55128 Mainz, email: bozemh@uni-mainz.de; hoor@uni-mainz.de
PLATFORM: Polar 6
LOCATION: GPS location and altitude available at 1 Hz resolution in separate file (See AIMMS files under Aircraft data and meteorology)
ASSOCIATED_DATA: N/A
INSTRUMENT_INFO: CO measurements based on the fluorescence of CO in the VUV at 150 nm
DATA_INFO: Units are ppbv
UNCERTAINTY RELATIVE TO STANDARD: 2.3 ppbv at 1 sigma confidence (before drift correction is applied)
ULOD_FLAG: -7777
ULOD_VALUE: N/A
LLOD_FLAG: -8888
LLOD_VALUE: 1.5 
DM_CONTACT_INFO: N/A
PROJECT_INFO: NETCARE Polar 6 aircraft campaign in April 2015; Eureka
STIPULATIONS_ON_USE: N/A
OTHER_COMMENTS: N/A
REVISION: R1
R0: Preliminary data, corrected for instrument drift
R1: Final data, corrected for instrument drift
Time_UTC,CO_ppbv
[from data line 2624]
57491,144.3
57492,144.2
57493,144.8
57494,145.5
57495,146.4
57496,144.3
57497,143.8
57498,144.5
57499,146.1
57500,147.4
57501,145.6
57502,143.9
57503,142.2
57504,143.7
57505,144.1
57506,142.5
57507,145.7
57508,144.9
57509,144.6
57510,144.5
57511,145.5
57512,143.8
57513,141.5
57514,144.6
57515,145.6
57516,144.9
57517,145.0
57518,145.5
57519,145.8
57520,146.0
57521,144.7
57522,144.9
57523,145.4
57524,144.1
57525,146.1
57526,147.4
57527,144.1
57528,142.9
57529,145.1
57530,144.5
57531,142.9
57532,141.3
57533,141.8
57534,141.2
57535,143.2
57536,145.5
57537,144.0
57538,143.1
57539,143.5
57540,146.6
57541,149.1
57542,141.2
57543,143.6
57544,143.8
57545,142.9
57546,146.5
57547,146.6
57548,143.6
57549,144.0
57550,142.6
57551,141.5
57552,145.5
57553,144.6
57554,143.7
57555,143.8
57556,142.8
57557,144.8
57558,145.7
57559,146.3
57560,144.3
57561,144.3
57562,145.5
57563,145.7
57564,147.0
57565,147.0
57566,147.6
57567,144.4
57568,141.5
57569,144.1
57570,144.1
57571,143.9
57572,143.3
57573,141.8
57574,145.0
57575,144.4
57576,141.2
57577,146.2
57578,146.5
57579,143.9
57580,141.1
57581,142.4
57582,145.4
57583,145.8
57584,145.0
57585,143.6
57586,142.2
57587,142.9
57588,145.0
57589,148.2
57590,145.9
57591,144.6
57592,144.8
57593,143.2
57594,142.7
57595,143.1
57596,145.0
57597,144.8
57598,143.4
57599,144.2
57600,146.1
57601,144.3
57602,142.1
57603,143.3
57604,145.3
57605,147.9
57606,147.8
57607,146.3
57608,145.3
57609,143.7
57610,142.8
57611,143.7
57612,145.3
57613,145.6
57614,144.6
57615,145.7
57616,145.3
57617,145.3
57618,144.3
57619,143.1
57620,144.5
57621,144.1
57622,144.7
57623,144.5
57624,145.4
57625,147.7
57626,147.5
57627,146.0
57628,145.1
57629,144.3
57630,145.8
57631,146.0
57632,142.8
57633,145.2
57634,148.0
57635,143.6
57636,139.3
57637,141.5
57638,145.0
57639,145.2
57640,144.3
57641,143.4
57642,143.2
57643,143.2
57644,142.4
57645,143.0
57646,143.1
57647,145.2
57648,145.7
57649,143.9
57650,146.3
57651,148.5
57652,-9999.9
57653,-9999.9
57654,-9999.9
57655,-9999.9
57656,-9999.9
57657,-9999.9
57658,-9999.9
57659,-9999.9
57660,-9999.9
57661,-9999.9
57662,-9999.9
57663,-9999.9
57664,-9999.9
57665,-9999.9
57666,-9999.9
57667,-9999.9
57668,-9999.9
57669,-9999.9
57670,-9999.9
57671,-9999.9
57672,-9999.9
57673,-9999.9
57674,-9999.9
57675,-9999.9
57676,-9999.9
57677,-9999.9
57678,-9999.9
57679,-9999.9
57680,-9999.9
57681,-9999.9
57682,-9999.9
57683,-9999.9
57684,-9999.9
57685,-9999.9
57686,-9999.9
57687,-9999.9
57688,-9999.9
57689,-9999.9
57690,-9999.9
57691,-9999.9
57692,-9999.9
57693,-9999.9
57694,-9999.9
57695,-9999.9
57696,-9999.9
57697,-9999.9
57698,-9999.9
57699,-9999.9
57700,-9999.9
57701,-9999.9
57702,-9999.9
57703,-9999.9
57704,-9999.9
57705,-9999.9
57706,-9999.9
57707,-9999.9
57708,-9999.9
57709,-9999.9
57710,-9999.9
57711,-9999.9
57712,-9999.9
57713,-9999.9
57714,-9999.9
57715,-9999.9
57716,-9999.9
57717,-9999.9
57718,-9999.9
57719,-9999.9
57720,-9999.9
57721,-9999.9
57722,-9999.9
57723,-9999.9
57724,-9999.9
57725,-9999.9
57726,-9999.9
57727,-9999.9
57728,-9999.9
57729,-9999.9
57730,-9999.9
57731,-9999.9
57732,-9999.9
57733,-9999.9
57734,-9999.9
57735,-9999.9
57736,-9999.9
57737,-9999.9
57738,-9999.9
57739,-9999.9
57740,-9999.9
57741,-9999.9
57742,-9999.9
57743,-9999.9
57744,-9999.9
57745,-9999.9
57746,-9999.9
57747,-9999.9
57748,-9999.9
57749,-9999.9
57750,-9999.9
57751,-9999.9
57752,-9999.9
57753,-9999.9
57754,-9999.9
57755,-9999.9
57756,-9999.9
57757,-9999.9
57758,-9999.9
57759,-9999.9
57760,-9999.9
57761,-9999.9
57762,-9999.9
57763,-9999.9
57764,-9999.9
57765,-9999.9
57766,-9999.9
57767,-9999.9
57768,-9999.9
57769,-9999.9
57770,-9999.9
57771,-9999.9
57772,-9999.9
57773,-9999.9
57774,-9999.9
57775,-9999.9
57776,-9999.9
57777,-9999.9
57778,148.4
57779,149.1
57780,144.2
57781,142.5
57782,144.3
57783,144.2
57784,144.1
57785,142.9
57786,143.3
57787,145.1
57788,145.4
57789,146.2
57790,147.3
57791,146.5
57792,146.2
57793,147.8
57794,146.1
57795,143.0
57796,144.1
57797,146.5
57798,145.3
57799,144.6
57800,145.5
57801,146.8
57802,144.1
57803,140.7
57804,145.4
57805,146.6
57806,144.5
57807,145.8
57808,144.4
57809,143.9
57810,144.4
57811,140.2
57812,141.3
57813,146.3
57814,145.7
57815,142.9
57816,145.2
57817,148.5
57818,143.3
57819,143.6
57820,145.4
57821,144.9
57822,144.7
57823,146.0
57824,146.2
57825,145.7
57826,144.7
57827,145.0
57828,144.0
57829,143.6
57830,144.7
57831,144.0
57832,145.4
57833,147.4
57834,145.0
57835,145.3
57836,145.4
57837,145.1
57838,144.8
57839,143.0
57840,146.1
57841,146.8
57842,143.4
57843,143.4
57844,146.8
57845,145.9
57846,143.7
57847,143.2
57848,142.8
57849,144.1
57850,143.7
57851,142.4
57852,142.1
57853,144.6
57854,145.2
57855,145.5
57856,146.4
57857,145.1
57858,145.7
57859,145.4
57860,141.6
57861,142.6
57862,144.4
57863,141.7
57864,142.4
57865,147.3
57866,145.4
57867,142.5
57868,142.9
57869,143.7
57870,144.9
57871,145.7
57872,145.7
57873,147.8
57874,148.0
57875,143.7
57876,143.1
57877,144.9
57878,144.6
57879,145.3
57880,145.7
57881,145.5
57882,144.3
57883,143.8
57884,146.5
57885,147.9
57886,147.1
57887,144.6
57888,143.2
57889,143.6
57890,143.9
57891,144.5
57892,145.6
57893,143.9
57894,144.2
57895,142.2
57896,141.6
57897,145.3
57898,144.7
57899,146.2
57900,148.2
57901,147.6
57902,148.0
57903,145.9
57904,144.3
57905,143.5
57906,142.4
57907,144.0
57908,147.5
57909,147.1
57910,144.7
57911,144.3
57912,146.1
57913,148.2
57914,145.2
57915,143.3
57916,145.6
57917,145.0
57918,144.1
57919,145.0
57920,145.3
57921,146.5
57922,144.3
57923,143.5
57924,142.6
57925,143.3
57926,144.1
57927,143.5
57928,144.7
57929,143.6
57930,145.2
57931,145.1
57932,143.6
57933,144.2
57934,145.5
57935,147.3
57936,145.0
57937,144.2
57938,145.9
57939,146.4
57940,145.4
57941,142.0
57942,142.4
57943,144.7
57944,144.3
57945,145.7
57946,146.7
57947,143.9
57948,144.4
57949,147.4
57950,147.3
57951,145.8
57952,144.3
57953,146.2
57954,148.9
57955,148.6
57956,144.0
57957,144.1
57958,144.4
57959,145.4
57960,145.3
57961,144.3
57962,141.7
57963,140.5
57964,142.6
57965,144.2
57966,143.4
57967,143.1
57968,143.7
57969,143.7
57970,146.4
57971,144.7
57972,142.2
57973,144.2
57974,145.5
57975,147.8
57976,146.7
57977,143.8
57978,145.6
57979,145.6
57980,144.8
57981,146.6
57982,147.0
57983,145.7
57984,142.5
57985,143.0
57986,145.1
57987,145.5
57988,145.1
57989,143.9
57990,140.3
57991,142.6
57992,146.8
57993,145.9
57994,142.8
57995,145.5
57996,146.7
57997,145.4
57998,147.0
57999,145.6
58000,144.3
58001,147.4
58002,148.6
58003,147.6
58004,143.4
58005,142.1
58006,145.7
58007,143.6
58008,144.0
58009,146.1
58010,144.0
58011,145.7
58012,147.9
58013,145.6
58014,143.3
58015,145.5
58016,146.6
58017,145.0
58018,145.0
58019,144.5
58020,145.3
58021,146.5
58022,144.6
58023,143.0
58024,142.3
58025,143.3
58026,144.2
58027,143.6
58028,143.2
58029,144.9
58030,144.2
58031,143.8
58032,144.9
58033,146.1
58034,147.4
58035,144.7
58036,143.3
58037,144.5
58038,147.3
58039,146.1
58040,145.4
58041,147.0
58042,144.6
58043,144.9
58044,145.8
58045,145.8
58046,145.8
58047,144.3
58048,143.6
58049,143.1
58050,144.0
58051,145.8
58052,145.7
58053,144.9
58054,145.8
58055,147.4
58056,145.2
58057,142.4
58058,141.8
58059,146.8
58060,145.9
58061,146.0
58062,145.1
58063,145.3
58064,146.3
58065,146.4
58066,145.7
58067,144.1
58068,145.6
58069,145.5
58070,143.9
58071,141.7
58072,140.9
58073,146.4
58074,146.2
58075,144.7
58076,147.0
58077,145.1
58078,144.9
58079,145.6
58080,146.2
58081,146.3
58082,145.0
58083,148.0
58084,147.8
58085,144.1
58086,145.4
58087,145.7
58088,148.6
58089,146.9
58090,144.4
58091,146.1
58092,146.1
58093,144.7
58094,144.9
58095,144.6
58096,144.0
58097,144.4
58098,145.7
58099,146.0
58100,144.5
58101,143.3
58102,144.7
58103,147.6
58104,147.5
58105,146.0
58106,145.3
58107,145.8
58108,146.8
58109,146.0
58110,147.2
58111,148.2
58112,147.8
58113,148.6
58114,146.4
58115,145.1
58116,145.0
58117,143.7
58118,144.2
58119,142.1
58120,141.5
58121,144.1
58122,145.9
58123,146.4
58124,145.3
58125,144.5
58126,145.9
58127,145.4
58128,143.6
58129,146.9
58130,145.1
58131,144.6
58132,145.1
58133,144.2
58134,144.4
58135,144.7
58136,145.3
58137,146.1
58138,144.9
58139,143.1
58140,144.4
58141,144.4
58142,142.8
58143,143.7
58144,143.7
58145,145.8
58146,147.0
58147,145.5
58148,142.0
58149,143.9
58150,144.6
58151,142.7
58152,145.2
58153,143.3
58154,144.6
58155,142.2
58156,142.7
58157,145.6
58158,144.4
58159,146.7
58160,146.8
58161,146.0
58162,145.2
58163,142.2
58164,144.2
58165,145.6
58166,144.7
58167,144.2
58168,143.8
58169,144.4
58170,143.4
58171,141.3
58172,142.0
58173,142.0
58174,145.4
58175,148.4
58176,144.2
58177,143.3
58178,144.0
58179,143.9
58180,147.1
58181,147.1
58182,144.4
58183,145.7
58184,148.1
58185,148.2
58186,146.9
58187,146.8
58188,145.0
58189,144.8
58190,145.8
58191,145.4
58192,143.7
58193,144.2
58194,143.7
58195,140.8
58196,141.6
58197,147.8
58198,146.7
58199,144.6
58200,142.8
58201,144.8
58202,147.2
58203,144.5
58204,144.6
58205,144.4
58206,142.8
58207,143.4
58208,144.4
58209,145.1
58210,143.5
58211,143.7
58212,144.7
58213,144.9
58214,143.9
58215,146.2
58216,146.9
58217,145.5
58218,144.5
58219,144.2
58220,143.5
58221,140.3
58222,143.5
58223,146.2
58224,142.8
58225,141.8
58226,142.8
58227,141.9
58228,144.1
58229,146.2
58230,147.3
58231,149.4
58232,144.5
58233,147.0
58234,145.0
58235,138.4
58236,139.4
58237,142.7
58238,143.2
58239,143.3
58240,140.6
58241,138.8
58242,143.3
58243,145.2
58244,144.1
58245,146.2
58246,146.5
58247,147.0
58248,145.3
58249,143.2
58250,143.3
58251,144.2
58252,145.6
58253,144.7
58254,144.6
58255,143.6
58256,142.9
58257,143.3
58258,143.8
58259,143.3
58260,142.0
58261,142.9
58262,143.7
58263,143.9
58264,142.0
58265,139.5
58266,146.3
58267,146.9
58268,144.4
58269,141.6
58270,143.5
58271,144.2
58272,145.4
58273,145.4
58274,142.9
58275,142.0
58276,142.5
58277,141.8
58278,143.9
58279,143.5
58280,142.7
58281,146.1
58282,144.6
58283,142.8
58284,141.3
58285,143.6
58286,146.4
58287,143.7
58288,144.3
58289,144.3
58290,145.1
58291,145.4
58292,144.8
58293,147.1
58294,147.0
58295,147.1
58296,145.1
58297,141.8
58298,143.2
58299,145.8
58300,145.0
58301,144.7
58302,144.2
58303,144.2
58304,142.5
58305,143.4
58306,145.3
58307,144.3
58308,144.3
58309,144.0
58310,142.1
58311,141.1
58312,140.4
58313,141.4
58314,146.0
58315,148.3
58316,146.3
58317,146.4
58318,144.1
58319,141.7
58320,144.1
58321,144.6
58322,143.3
58323,142.1
58324,141.8
58325,141.5
58326,141.3
58327,143.0
58328,143.6
58329,143.8
58330,144.4
58331,141.7
58332,140.8
58333,144.9
58334,148.1
58335,145.6
58336,144.3
58337,141.9
58338,142.2
58339,144.5
58340,146.8
58341,146.5
58342,145.1
58343,145.4
58344,142.9
58345,139.2
58346,139.5
58347,144.6
58348,147.6
58349,145.9
58350,142.7
58351,142.7
58352,143.4
58353,143.5
58354,143.9
58355,144.2
58356,142.8
58357,141.1
58358,142.9
58359,143.2
58360,143.2
58361,143.9
58362,144.3
58363,144.3
58364,143.9
58365,143.5
58366,142.3
58367,142.4
58368,143.5
58369,140.5
58370,142.4
58371,142.1
58372,141.1
58373,144.8
58374,146.1
58375,144.4
58376,142.6
58377,142.5
58378,141.5
58379,142.3
58380,144.0
58381,140.8
58382,140.5
58383,141.8
58384,142.4
58385,143.8
58386,145.6
58387,146.5
58388,144.1
58389,141.2
58390,141.7
58391,142.9
58392,145.7
58393,145.3
58394,141.4
58395,140.9
58396,142.6
58397,145.9
58398,145.7
58399,144.2
58400,144.9
58401,144.5
58402,141.7
58403,140.3
58404,140.9
58405,142.4
58406,143.6
58407,145.0
58408,146.3
58409,145.7
58410,144.6
58411,142.9
58412,144.8
58413,145.9
58414,142.7
58415,142.9
58416,143.2
58417,144.1
58418,141.9
58419,142.1
58420,145.8
58421,144.6
58422,143.3
58423,144.3
58424,143.0
58425,142.7
58426,144.6
58427,143.8
58428,143.3
58429,141.3
58430,142.7
58431,145.0
58432,145.2
58433,145.9
58434,143.9
58435,141.9
58436,142.7
58437,146.2
58438,148.0
58439,145.4
58440,144.0
58441,142.6
58442,141.6
58443,140.4
58444,139.4
58445,139.9
58446,142.9
58447,142.9
58448,141.0
58449,142.3
58450,142.8
58451,144.3
58452,144.5
58453,140.7
58454,140.8
58455,141.5
58456,141.5
58457,143.1
58458,140.3
58459,140.1
58460,141.6
58461,140.8
58462,141.6
58463,143.0
58464,142.6
58465,137.8
58466,136.9
58467,139.7
58468,139.0
58469,137.5
58470,140.6
58471,141.6
58472,139.6
58473,141.9
58474,141.3
58475,140.9
58476,139.5
58477,138.4
58478,138.6
58479,139.1
58480,141.1
58481,142.1
58482,141.6
58483,143.2
58484,140.8
58485,138.0
58486,141.2
58487,143.2
58488,143.4
58489,144.0
58490,143.7
58491,142.3
58492,142.2
58493,141.7
58494,140.3
58495,139.4
58496,138.9
58497,141.0
58498,142.3
58499,140.2
58500,137.8
58501,138.4
58502,139.5
58503,140.3
58504,142.2
58505,141.8
58506,139.1
58507,137.3
58508,137.8
58509,140.5
58510,142.1
58511,140.3
58512,140.2
58513,141.7
58514,141.0
58515,142.0
58516,142.7
58517,141.2
58518,142.9
58519,142.8
58520,141.5
58521,142.7
58522,142.7
58523,141.1
58524,140.5
58525,140.4
58526,141.5
58527,141.4
58528,139.3
58529,140.9
58530,142.7
58531,141.7
58532,139.0
58533,137.8
58534,138.5
58535,139.6
58536,140.0
58537,138.2
58538,139.8
58539,141.9
58540,140.7
58541,139.3
58542,135.2
58543,137.6
58544,140.5
58545,139.4
58546,139.7
58547,141.7
58548,143.0
58549,142.4
58550,143.7
58551,144.5
58552,143.1
58553,141.0
58554,140.6
58555,144.4
58556,145.1
58557,144.1
58558,141.7
58559,138.0
58560,139.1
58561,142.1
58562,141.8
58563,142.2
58564,142.6
58565,140.4
58566,138.2
58567,139.2
58568,141.1
58569,143.0
58570,142.0
58571,140.1
58572,140.0
58573,140.5
58574,142.2
58575,143.0
58576,144.3
58577,143.4
58578,142.6
58579,143.8
58580,143.8
58581,140.3
58582,138.7
58583,138.3
58584,140.7
58585,141.3
58586,141.7
58587,142.1
58588,140.6
58589,143.2
58590,143.7
58591,141.7
58592,140.6
58593,139.9
58594,142.2
58595,144.3
58596,142.5
58597,141.6
58598,142.0
58599,142.0
58600,142.8
58601,143.5
58602,143.5
58603,142.7
58604,141.5
58605,141.2
58606,139.1
58607,141.7
58608,142.9
58609,142.1
58610,144.9
58611,143.3
58612,141.5
58613,139.9
58614,142.9
58615,144.5
58616,143.9
58617,141.9
58618,139.4
58619,141.1
58620,142.8
58621,144.1
58622,143.4
58623,143.2
58624,144.1
58625,142.5
58626,141.9
58627,142.1
58628,141.1
58629,141.1
58630,141.1
58631,141.0
58632,141.8
58633,142.4
58634,143.8
58635,144.2
58636,144.5
58637,142.1
58638,141.6
58639,144.3
58640,144.3
58641,145.0
58642,145.1
58643,144.0
58644,143.8
58645,144.2
58646,144.6
58647,146.2
58648,145.4
58649,146.0
58650,144.4
58651,142.4
58652,143.2
58653,140.9
58654,141.7
58655,140.6
58656,142.5
58657,145.5
58658,144.6
58659,144.0
58660,142.1
58661,142.0
58662,141.2
58663,140.7
58664,143.4
58665,144.5
58666,144.3
58667,144.9
58668,144.8
58669,145.3
58670,143.4
58671,142.6
58672,145.4
58673,143.7
58674,143.3
58675,143.1
58676,142.5
58677,142.2
58678,142.8
58679,144.7
58680,143.9
58681,140.6
58682,140.6
58683,143.2
58684,143.6
58685,140.0
58686,140.5
58687,144.0
58688,143.1
58689,141.7
58690,143.6
58691,144.7
58692,142.4
58693,141.9
58694,145.0
58695,142.9
58696,141.4
58697,142.3
58698,140.7
58699,139.0
58700,139.2
58701,141.5
58702,142.3
58703,143.2
58704,144.9
58705,142.9
58706,142.1
58707,141.8
58708,143.3
58709,143.3
58710,139.5
58711,141.5
58712,141.3
58713,140.2
58714,142.2
58715,143.5
58716,144.7
58717,143.5
58718,143.4
58719,142.9
58720,140.6
58721,140.3
58722,141.5
58723,142.2
58724,141.1
58725,140.2
58726,141.3
58727,143.9
58728,143.5
58729,141.8
58730,141.9
58731,142.6
58732,141.0
58733,141.7
58734,143.8
58735,144.0
58736,142.9
58737,141.5
58738,140.7
58739,139.1
58740,137.0
58741,139.2
58742,141.6
58743,143.6
58744,144.1
58745,140.8
58746,140.4
58747,139.8
58748,138.7
58749,138.5
58750,140.0
58751,140.6
58752,139.6
58753,139.8
58754,140.0
58755,140.7
58756,143.0
58757,141.7
58758,139.4
58759,141.4
58760,142.0
58761,141.7
58762,140.7
58763,139.8
58764,141.2
58765,142.1
58766,142.3
58767,142.2
58768,143.7
58769,145.0
58770,143.0
58771,142.6
58772,143.1
58773,143.1
58774,145.4
58775,144.7
58776,144.3
58777,145.8
58778,145.5
58779,144.4
58780,145.8
58781,146.7
58782,144.3
58783,143.3
58784,146.7
58785,146.1
58786,146.5
58787,148.9
58788,149.2
58789,147.2
58790,146.5
58791,145.2
58792,144.4
58793,147.1
58794,146.6
58795,146.8
58796,147.5
58797,145.2
58798,145.0
58799,144.0
58800,144.1
58801,145.8
58802,145.9
