data/raw/Flight7/CO_POLAR6_20150413_R1_NETCARE.ict
34, 1001
Bozem, Heiko; Hoor, Peter
Institute for Atmospheric Physics, Johannes Gutenberg University, Mainz, Germany
CO mixing ratio from AL5002 CO analyzer
NETCARE Polar 6 Campaign 2015
1, 1
2015, 04, 13, 2015, 08, 15
1
Time_UTC, seconds
1
1
-9999.9
CO_ppbv, ppbv
0
19
PI_CONTACT_INFO: Address: Johann-Joachim-Becherweg 21, 55128 Mainz, email: bozemh@uni-mainz.de; hoor@uni-mainz.de
PLATFORM: Polar 6
LOCATION: GPS location and altitude available at 1 Hz resolution in separate file (See AIMMS files under Aircraft data and meteorology)
ASSOCIATED_DATA: N/A
INSTRUMENT_INFO: CO measurements based on the fluorescence of CO in the VUV at 150 nm
DATA_INFO: Units are ppbv
UNCERTAINTY RELATIVE TO STANDARD: 2.3 ppbv at 1 sigma confidence (before drift correction is applied)
ULOD_FLAG: -7777
ULOD_VALUE: N/A
LLOD_FLAG: -8888
LLOD_VALUE: 1.5 
DM_CONTACT_INFO: N/A
PROJECT_INFO: NETCARE Polar 6 aircraft campaign in April 2015; Eureka
STIPULATIONS_ON_USE: N/A
OTHER_COMMENTS: N/A
REVISION: R1
R0: Preliminary data, corrected for instrument drift
R1: Final data, corrected for instrument drift
Time_UTC,CO_ppbv
[from data line 3937]
58804,143.9
58805,144.4
58806,145.2
58807,144.2
58808,143.4
58809,145.0
58810,145.8
58811,144.5
58812,144.0
58813,143.2
58814,145.6
58815,146.6
58816,143.3
58817,142.9
58818,139.9
58819,140.6
58820,143.7
58821,146.5
58822,146.3
58823,144.9
58824,143.6
58825,143.0
58826,143.5
58827,145.0
58828,146.7
58829,148.1
58830,145.4
58831,143.6
58832,145.6
58833,146.5
58834,146.5
58835,146.7
58836,146.8
58837,145.5
58838,144.4
58839,145.0
58840,145.4
58841,145.8
58842,144.7
58843,143.0
58844,144.2
58845,142.9
58846,143.7
58847,144.7
58848,145.3
58849,146.0
58850,143.7
58851,143.5
58852,144.4
58853,145.1
58854,147.4
58855,145.1
58856,143.3
58857,145.2
58858,146.2
58859,144.9
58860,143.6
58861,145.2
58862,143.2
58863,141.6
58864,143.3
58865,141.7
58866,144.5
58867,145.7
58868,145.0
58869,147.3
58870,144.6
58871,145.2
58872,145.9
58873,146.0
58874,146.2
58875,144.4
58876,143.0
58877,143.4
58878,144.5
58879,145.2
58880,147.1
58881,147.3
58882,146.1
58883,145.5
58884,144.9
58885,144.5
58886,144.3
58887,145.3
58888,146.2
58889,144.3
58890,145.3
58891,146.1
58892,144.2
58893,145.4
58894,144.1
58895,142.4
58896,142.7
58897,144.9
58898,146.2
58899,144.3
58900,142.6
58901,143.2
58902,143.2
58903,143.7
58904,143.3
58905,142.2
58906,144.5
58907,145.9
58908,145.1
58909,145.0
58910,145.1
58911,143.3
58912,143.8
58913,143.9
58914,141.8
58915,141.6
58916,143.5
58917,145.0
58918,144.3
58919,144.4
58920,144.8
58921,147.8
58922,146.9
58923,148.1
58924,148.1
58925,146.1
58926,147.4
58927,151.0
58928,150.4
58929,148.3
58930,148.0
58931,145.6
58932,146.3
58933,148.5
58934,147.5
58935,145.0
58936,143.7
58937,144.1
58938,145.1
58939,143.7
58940,140.6
58941,142.1
58942,141.9
58943,138.5
58944,139.3
58945,140.7
58946,139.4
58947,137.8
58948,140.5
58949,142.6
58950,142.0
58951,142.1
58952,139.6
58953,136.5
58954,135.7
58955,138.6
58956,141.6
58957,133.6
58958,136.3
58959,141.6
58960,141.8
58961,141.0
58962,141.7
58963,139.9
58964,139.2
58965,141.7
58966,141.4
58967,138.4
58968,138.4
58969,139.4
58970,139.3
58971,139.2
58972,140.0
58973,141.5
58974,140.2
58975,136.0
58976,135.2
58977,137.9
58978,140.1
58979,139.8
58980,140.6
58981,139.4
58982,137.8
58983,138.9
58984,138.8
58985,138.2
58986,137.5
58987,139.2
58988,140.9
58989,142.2
58990,143.5
58991,138.0
58992,139.7
58993,141.9
58994,143.0
58995,140.3
58996,136.1
58997,136.2
58998,137.8
58999,138.2
59000,137.9
59001,138.9
59002,137.7
59003,137.8
59004,139.4
59005,137.2
59006,137.5
59007,139.4
59008,138.6
59009,140.3
59010,141.4
59011,141.3
59012,141.5
59013,139.0
59014,139.4
59015,140.9
59016,139.2
59017,137.9
59018,140.4
59019,140.7
59020,137.7
59021,140.2
59022,140.6
59023,137.1
59024,136.6
59025,136.6
59026,137.1
59027,141.6
59028,141.2
59029,136.7
59030,137.3
59031,139.3
59032,140.2
59033,140.3
59034,139.1
59035,139.3
59036,139.2
59037,138.4
59038,136.5
59039,135.8
59040,136.8
59041,136.4
59042,136.5
59043,135.6
59044,138.3
59045,140.1
59046,137.7
59047,136.6
59048,137.6
59049,136.5
59050,135.5
59051,136.7
59052,136.3
59053,135.2
59054,136.3
59055,137.4
59056,138.3
59057,138.3
59058,135.9
59059,134.5
59060,135.7
59061,137.2
59062,137.7
59063,136.6
59064,137.0
59065,136.7
59066,135.5
59067,136.0
59068,135.7
59069,133.5
59070,132.7
59071,136.2
59072,138.1
59073,136.0
59074,135.4
59075,134.8
59076,133.3
59077,134.3
59078,133.9
59079,133.4
59080,134.2
59081,132.6
59082,135.8
59083,135.6
59084,130.9
59085,131.9
59086,136.8
59087,136.6
59088,132.8
59089,134.7
59090,135.8
59091,135.5
59092,135.4
59093,134.2
59094,133.4
59095,134.0
59096,132.1
59097,130.2
59098,131.4
59099,133.7
59100,133.4
59101,130.4
59102,132.3
59103,133.9
59104,134.3
59105,134.0
59106,132.9
59107,133.7
59108,134.6
59109,134.6
59110,135.3
59111,136.5
59112,139.2
59113,138.8
59114,136.5
59115,138.7
59116,138.4
59117,136.4
59118,134.6
59119,134.8
59120,136.2
59121,135.8
59122,134.2
59123,135.1
59124,135.4
59125,135.0
59126,135.0
59127,134.4
59128,137.4
59129,136.0
59130,135.9
59131,136.3
59132,136.1
59133,135.0
59134,135.4
59135,136.0
59136,135.4
59137,134.8
59138,132.9
59139,135.1
59140,135.3
59141,137.1
59142,139.8
59143,136.1
59144,135.2
59145,136.8
59146,134.5
59147,133.4
59148,136.8
59149,139.5
59150,140.9
59151,138.8
59152,135.9
59153,138.9
59154,137.8
59155,133.1
59156,133.7
59157,134.3
59158,134.2
59159,136.1
59160,137.2
59161,134.6
59162,132.9
59163,139.5
59164,138.9
59165,135.8
59166,134.3
59167,135.8
59168,136.6
59169,137.6
59170,136.9
59171,135.3
59172,135.2
59173,136.7
59174,137.9
59175,140.4
59176,139.1
59177,135.9
59178,140.4
59179,140.4
59180,136.7
59181,137.0
59182,137.4
59183,138.1
59184,137.7
59185,137.6
59186,137.6
59187,136.4
59188,135.1
59189,134.0
59190,135.3
59191,138.6
59192,139.2
59193,135.1
59194,133.3
59195,137.4
59196,140.6
59197,139.0
59198,141.2
59199,139.4
59200,136.9
59201,138.0
59202,135.6
59203,135.6
59204,136.2
59205,136.8
59206,138.5
59207,138.0
59208,136.7
59209,134.0
59210,134.4
59211,136.3
59212,135.3
59213,135.8
59214,138.2
59215,138.1
59216,137.7
59217,137.3
59218,135.8
59219,135.9
59220,137.6
59221,136.8
59222,137.2
59223,138.2
59224,135.0
59225,134.9
59226,135.4
59227,133.9
59228,133.6
59229,135.6
59230,137.0
59231,137.0
59232,137.0
59233,137.5
59234,136.6
59235,136.4
59236,136.1
59237,134.9
59238,136.3
59239,134.7
59240,131.9
59241,133.1
59242,131.8
59243,131.4
59244,133.8
59245,134.1
59246,136.5
59247,138.8
59248,139.3
59249,140.0
59250,139.6
59251,140.9
59252,140.5
59253,141.2
59254,141.1
59255,140.1
59256,140.8
59257,142.3
59258,142.1
59259,138.0
59260,139.9
59261,143.4
59262,143.8
59263,144.6
59264,144.9
59265,143.7
59266,142.7
59267,146.4
59268,145.0
59269,143.8
59270,143.5
59271,142.4
59272,143.9
59273,144.8
59274,143.8
59275,141.7
59276,141.4
59277,144.1
59278,143.0
59279,144.0
59280,146.8
59281,144.4
59282,142.4
59283,142.8
59284,144.6
59285,145.3
59286,143.9
59287,142.1
59288,143.2
59289,144.8
59290,143.5
59291,144.4
59292,145.9
59293,147.3
59294,148.1
59295,147.5
59296,147.1
59297,144.8
59298,142.3
59299,143.9
59300,145.9
59301,144.3
59302,147.5
59303,148.8
59304,147.0
59305,145.6
59306,143.8
59307,144.6
59308,144.5
59309,144.2
59310,144.9
59311,143.9
59312,144.3
59313,144.2
59314,144.9
59315,146.2
59316,144.9
59317,142.3
59318,140.6
59319,142.1
59320,142.6
59321,142.6
59322,145.3
59323,144.4
59324,141.5
59325,140.9
59326,140.7
59327,142.2
59328,141.4
59329,140.2
59330,140.0
59331,140.5
59332,142.7
59333,142.7
59334,143.1
59335,144.5
59336,147.3
59337,144.7
59338,142.5
59339,144.6
59340,146.5
59341,143.1
59342,142.2
59343,143.6
59344,142.4
59345,142.8
59346,142.6
59347,142.0
59348,138.3
59349,138.2
59350,141.4
59351,141.2
59352,143.4
59353,143.1
59354,140.3
59355,139.8
59356,140.0
59357,140.8
59358,141.2
59359,141.9
59360,142.6
59361,141.3
59362,139.3
59363,139.9
59364,141.2
59365,144.7
59366,144.0
59367,141.0
59368,142.7
59369,143.5
59370,144.8
59371,142.7
59372,141.8
59373,142.6
59374,141.1
59375,141.1
59376,142.4
59377,141.7
59378,140.9
59379,141.6
59380,140.2
59381,139.6
59382,142.8
59383,141.8
59384,140.8
59385,142.1
59386,142.9
59387,141.7
59388,141.6
59389,143.3
59390,144.0
59391,142.6
59392,140.6
59393,141.4
59394,143.0
59395,142.5
59396,140.6
59397,139.4
59398,140.2
59399,139.7
59400,138.9
59401,141.4
59402,143.0
59403,143.2
59404,138.1
59405,135.9
59406,135.5
59407,137.5
59408,139.5
59409,139.7
59410,140.7
59411,142.6
59412,141.3
59413,141.3
59414,141.0
59415,140.9
59416,140.9
59417,142.2
59418,142.1
59419,140.7
59420,141.0
59421,139.1
59422,140.3
59423,141.9
59424,140.4
59425,142.6
59426,140.8
59427,140.6
59428,142.5
59429,-9999.9
59430,-9999.9
59431,-9999.9
59432,-9999.9
59433,-9999.9
59434,-9999.9
59435,-9999.9
59436,-9999.9
59437,-9999.9
59438,-9999.9
59439,-9999.9
59440,-9999.9
59441,-9999.9
59442,-9999.9
59443,-9999.9
59444,-9999.9
59445,-9999.9
59446,-9999.9
59447,-9999.9
59448,-9999.9
59449,-9999.9
59450,-9999.9
59451,-9999.9
59452,-9999.9
59453,-9999.9
59454,-9999.9
59455,-9999.9
59456,-9999.9
59457,-9999.9
59458,-9999.9
59459,-9999.9
59460,-9999.9
59461,-9999.9
59462,-9999.9
59463,-9999.9
59464,-9999.9
59465,-9999.9
59466,-9999.9
59467,-9999.9
59468,-9999.9
59469,-9999.9
59470,-9999.9
59471,-9999.9
59472,-9999.9
59473,-9999.9
59474,-9999.9
59475,-9999.9
59476,-9999.9
59477,-9999.9
59478,-9999.9
59479,-9999.9
59480,-9999.9
59481,-9999.9
59482,-9999.9
59483,-9999.9
59484,-9999.9
59485,-9999.9
59486,-9999.9
59487,-9999.9
59488,-9999.9
59489,-9999.9
59490,-9999.9
59491,-9999.9
59492,-9999.9
59493,-9999.9
59494,-9999.9
59495,-9999.9
59496,-9999.9
59497,-9999.9
59498,-9999.9
59499,-9999.9
59500,-9999.9
59501,-9999.9
59502,-9999.9
59503,-9999.9
59504,-9999.9
59505,-9999.9
59506,-9999.9
59507,-9999.9
59508,-9999.9
59509,-9999.9
59510,-9999.9
59511,-9999.9
59512,-9999.9
59513,-9999.9
59514,-9999.9
59515,-9999.9
59516,-9999.9
59517,-9999.9
59518,-9999.9
59519,-9999.9
59520,-9999.9
59521,-9999.9
59522,-9999.9
59523,-9999.9
59524,-9999.9
59525,-9999.9
59526,-9999.9
59527,-9999.9
59528,-9999.9
59529,-9999.9
59530,-9999.9
59531,-9999.9
59532,-9999.9
59533,-9999.9
59534,-9999.9
59535,-9999.9
59536,-9999.9
59537,-9999.9
59538,-9999.9
59539,-9999.9
59540,-9999.9
59541,-9999.9
59542,-9999.9
59543,-9999.9
59544,-9999.9
59545,-9999.9
59546,-9999.9
59547,-9999.9
59548,-9999.9
59549,-9999.9
59550,-9999.9
59551,-9999.9
59552,-9999.9
59553,-9999.9
59554,-9999.9
59555,142.4
59556,142.5
59557,140.8
59558,142.0
59559,141.1
59560,142.2
59561,142.5
59562,140.3
59563,141.8
59564,141.0
59565,139.2
59566,138.9
59567,138.4
59568,141.3
59569,143.4
59570,143.6
59571,143.5
59572,141.8
59573,139.6
59574,139.7
59575,137.5
59576,134.7
59577,141.4
59578,140.5
59579,139.4
59580,138.8
59581,139.2
59582,138.9
59583,140.2
59584,139.8
59585,137.1
59586,138.9
59587,139.5
59588,140.6
59589,144.2
59590,143.8
59591,140.8
59592,138.3
59593,137.7
59594,138.7
59595,139.2
59596,140.0
59597,138.9
59598,136.6
59599,137.9
59600,140.9
59601,141.2
59602,140.9
59603,140.4
59604,138.6
59605,138.6
59606,139.0
59607,140.9
59608,142.7
59609,141.2
59610,140.7
59611,141.0
59612,141.7
59613,140.4
59614,141.9
59615,142.2
59616,140.2
59617,140.7
59618,141.1
59619,139.2
59620,136.9
59621,137.6
59622,140.8
59623,142.5
59624,140.9
59625,139.5
59626,138.9
59627,139.7
59628,140.9
59629,138.3
59630,138.5
59631,141.2
59632,141.8
59633,141.4
59634,141.0
59635,141.6
59636,139.4
59637,140.0
59638,139.6
59639,139.1
59640,141.2
59641,142.6
59642,143.6
59643,140.1
59644,139.2
59645,141.0
59646,139.8
59647,139.5
59648,139.9
59649,139.8
59650,137.1
59651,139.9
59652,142.6
59653,138.8
59654,138.9
59655,139.5
59656,141.1
59657,140.9
59658,138.5
59659,139.5
59660,138.8
59661,142.0
59662,144.4
59663,142.3
59664,140.8
59665,141.5
59666,141.4
59667,139.0
59668,139.2
59669,140.7
59670,139.2
59671,139.5
59672,141.0
59673,140.2
59674,139.4
59675,139.6
59676,141.2
59677,142.3
59678,141.2
59679,139.3
59680,141.0
59681,141.6
59682,139.0
59683,138.7
59684,141.3
59685,139.3
59686,138.9
59687,138.5
59688,138.3
59689,139.2
59690,137.1
59691,138.1
59692,140.4
59693,141.1
59694,141.3
59695,139.8
59696,138.7
59697,139.6
59698,139.8
59699,138.0
59700,138.2
59701,139.9
59702,140.9
59703,141.9
59704,139.8
59705,138.9
59706,138.3
59707,139.0
59708,142.8
59709,140.4
59710,140.8
59711,142.2
59712,138.2
59713,139.8
59714,143.6
59715,137.5
59716,140.3
59717,141.8
59718,140.2
59719,140.7
59720,141.0
59721,140.0
59722,141.8
59723,142.0
59724,139.2
59725,137.8
59726,136.0
59727,138.5
59728,140.9
59729,140.9
59730,141.8
59731,140.4
59732,141.2
59733,142.3
59734,140.7
59735,137.9
59736,136.9
59737,138.9
59738,139.2
59739,139.4
59740,138.8
59741,137.5
59742,138.3
59743,140.3
59744,141.4
59745,138.1
59746,137.7
59747,140.2
59748,139.5
59749,138.4
59750,139.4
59751,141.4
59752,142.0
59753,139.1
59754,137.2
59755,136.9
59756,139.7
59757,143.4
59758,141.4
59759,141.2
59760,141.7
59761,142.0
59762,141.6
59763,138.7
59764,137.2
59765,136.1
59766,137.1
59767,138.4
59768,137.7
59769,139.5
59770,141.3
59771,142.2
59772,143.0
59773,144.0
59774,141.8
59775,139.0
59776,140.3
59777,141.9
59778,139.9
59779,137.8
59780,137.7
59781,137.6
59782,138.6
59783,139.8
59784,139.8
59785,143.2
59786,143.1
59787,140.3
59788,138.5
59789,139.0
59790,137.4
59791,136.2
59792,139.9
59793,140.5
59794,137.0
59795,138.1
59796,140.4
59797,141.0
59798,142.4
59799,142.5
59800,141.5
59801,140.2
59802,138.4
59803,139.4
59804,139.8
59805,140.4
59806,141.4
59807,141.0
59808,139.8
59809,139.7
59810,141.6
59811,141.6
59812,140.7
59813,140.2
59814,140.8
59815,140.7
59816,140.7
59817,139.7
59818,137.4
59819,136.5
59820,136.8
59821,139.9
59822,143.1
59823,141.1
59824,137.4
59825,136.5
59826,136.9
59827,137.7
59828,141.1
59829,142.4
59830,140.3
59831,139.3
59832,140.5
59833,140.2
59834,137.8
59835,139.0
59836,140.8
59837,141.9
59838,142.0
59839,138.8
59840,141.0
59841,142.5
59842,139.6
59843,140.1
59844,141.7
59845,141.2
59846,138.5
59847,138.4
59848,140.9
59849,139.1
59850,139.7
59851,144.1
59852,145.0
59853,139.9
59854,139.7
59855,138.8
59856,138.5
59857,139.1
59858,139.5
59859,140.3
59860,141.2
59861,139.3
59862,138.3
59863,137.6
59864,138.5
59865,142.0
59866,140.3
59867,139.2
59868,139.6
59869,140.1
59870,140.1
59871,139.6
59872,140.9
59873,139.8
59874,138.5
59875,139.4
59876,139.5
59877,138.3
59878,137.7
59879,137.5
59880,139.4
59881,140.6
59882,139.0
59883,139.1
59884,139.3
59885,140.7
59886,141.7
59887,141.4
59888,141.0
59889,142.4
59890,145.1
59891,145.3
59892,142.9
59893,139.8
59894,138.4
59895,139.7
59896,140.3
59897,140.7
59898,138.2
59899,135.3
59900,137.0
59901,139.8
59902,139.4
59903,139.0
59904,140.5
59905,139.4
59906,140.8
59907,141.2
59908,140.5
59909,141.9
59910,141.0
59911,140.2
59912,142.3
59913,142.1
59914,140.0
59915,139.0
59916,138.2
59917,139.8
59918,139.8
59919,138.9
59920,139.1
59921,139.3
59922,139.1
59923,138.8
59924,139.7
59925,141.3
59926,141.6
59927,140.0
59928,139.6
59929,139.1
59930,138.6
59931,139.7
59932,139.9
59933,139.5
59934,141.2
59935,142.2
59936,140.8
59937,139.0
59938,137.6
59939,139.7
59940,140.1
59941,137.3
59942,138.5
59943,140.3
59944,139.5
59945,139.4
59946,137.8
59947,139.3
59948,141.4
59949,141.6
59950,141.3
59951,142.2
59952,142.9
59953,139.9
59954,139.5
59955,140.2
59956,143.1
59957,139.8
59958,140.2
59959,144.0
59960,144.9
59961,142.6
59962,140.1
59963,140.7
59964,140.1
59965,139.6
59966,138.2
59967,139.1
59968,140.5
59969,139.1
59970,139.7
59971,138.9
59972,139.3
59973,142.2
59974,140.5
59975,138.4
59976,140.1
59977,139.7
59978,137.2
59979,138.2
59980,138.7
59981,137.9
59982,139.1
59983,139.1
59984,139.2
59985,140.6
59986,140.8
59987,141.3
59988,142.5
59989,140.9
59990,139.1
59991,138.1
59992,139.1
59993,140.3
59994,140.9
59995,141.4
59996,141.4
59997,141.2
59998,139.7
59999,140.5
60000,141.1
60001,140.7
60002,139.8
60003,140.9
60004,141.6
60005,138.0
60006,138.4
60007,137.9
60008,137.9
60009,138.7
60010,138.8
60011,141.3
60012,141.2
60013,138.8
60014,138.9
60015,140.2
60016,139.0
60017,137.9
60018,137.1
60019,137.5
60020,139.5
60021,140.8
60022,140.8
60023,140.4
60024,140.9
60025,140.6
60026,141.3
60027,140.9
60028,138.4
60029,139.7
60030,140.7
60031,138.7
60032,140.0
60033,141.0
60034,140.9
60035,140.4
60036,137.3
60037,138.7
60038,141.6
60039,138.9
60040,138.7
60041,142.2
60042,144.0
60043,143.3
60044,140.5
60045,138.8
60046,137.8
60047,138.2
60048,139.3
60049,140.7
60050,140.5
60051,137.7
60052,138.0
60053,140.1
60054,141.2
60055,142.7
60056,143.3
60057,140.5
60058,138.6
60059,140.4
60060,140.4
60061,139.0
60062,140.9
60063,142.5
60064,140.9
60065,138.7
60066,138.6
60067,140.3
60068,140.2
60069,139.5
60070,139.9
60071,140.3
60072,138.1
60073,135.8
60074,137.6
60075,141.2
60076,140.8
60077,139.8
60078,141.0
60079,140.8
60080,139.8
60081,138.9
60082,140.5
60083,140.7
60084,139.3
60085,138.1
60086,139.5
60087,141.0
60088,141.3
60089,140.9
60090,139.0
60091,139.1
60092,139.0
60093,139.3
60094,139.9
60095,137.8
60096,137.3
60097,138.2
60098,139.5
60099,138.9
60100,138.7
60101,137.0
60102,138.4
60103,140.9
60104,141.1
60105,141.3
60106,138.7
60107,138.2
60108,139.1
60109,138.2
60110,139.1
60111,139.3
60112,139.1
60113,139.7
60114,139.7
