data/raw/Flight7/CO_POLAR6_20150413_R1_NETCARE.ict
34, 1001
Bozem, Heiko; Hoor, Peter
Institute for Atmospheric Physics, Johannes Gutenberg University, Mainz, Germany
CO mixing ratio from AL5002 CO analyzer
NETCARE Polar 6 Campaign 2015
1, 1
2015, 04, 13, 2015, 08, 15
1
Time_UTC, seconds
1
1
-9999.9
CO_ppbv, ppbv
0
19
PI_CONTACT_INFO: Address: Johann-Joachim-Becherweg 21, 55128 Mainz, email: bozemh@uni-mainz.de; hoor@uni-mainz.de
PLATFORM: Polar 6
LOCATION: GPS location and altitude available at 1 Hz resolution in separate file (See AIMMS files under Aircraft data and meteorology)
ASSOCIATED_DATA: N/A
INSTRUMENT_INFO: CO measurements based on the fluorescence of CO in the VUV at 150 nm
DATA_INFO: Units are ppbv
UNCERTAINTY RELATIVE TO STANDARD: 2.3 ppbv at 1 sigma confidence (before drift correction is applied)
ULOD_FLAG: -7777
ULOD_VALUE: N/A
LLOD_FLAG: -8888
LLOD_VALUE: 1.5 
DM_CONTACT_INFO: N/A
PROJECT_INFO: NETCARE Polar 6 aircraft campaign in April 2015; Eureka
STIPULATIONS_ON_USE: N/A
OTHER_COMMENTS: N/A
REVISION: R1
R0: Preliminary data, corrected for instrument drift
R1: Final data, corrected for instrument drift
Time_UTC,CO_ppbv
[from data line 1313]
56180,145.3
56181,142.6
56182,143.4
56183,145.8
56184,147.0
56185,146.6
56186,141.9
56187,141.9
56188,144.7
56189,144.3
56190,142.8
56191,143.2
56192,144.5
56193,142.1
56194,142.1
56195,142.0
56196,141.0
56197,142.3
56198,145.1
56199,144.5
56200,142.0
56201,142.5
56202,142.8
56203,143.7
56204,143.4
56205,143.2
56206,144.1
56207,146.8
56208,146.8
56209,143.3
56210,142.3
56211,142.1
56212,141.9
56213,146.0
56214,146.8
56215,142.0
56216,144.7
56217,145.9
56218,141.9
56219,141.7
56220,143.0
56221,143.2
56222,145.1
56223,147.4
56224,144.7
56225,143.6
56226,145.7
56227,146.5
56228,145.0
56229,143.7
56230,143.8
56231,148.5
56232,146.9
56233,143.4
56234,142.3
56235,143.8
56236,145.1
56237,145.4
56238,144.2
56239,145.5
56240,147.2
56241,144.1
56242,143.5
56243,143.6
56244,142.5
56245,145.2
56246,145.5
56247,146.1
56248,146.8
56249,144.6
56250,142.3
56251,143.9
56252,147.1
56253,147.2
56254,145.8
56255,144.1
56256,144.3
56257,143.9
56258,143.2
56259,143.4
56260,146.0
56261,148.0
56262,146.3
56263,147.7
56264,150.2
56265,144.1
56266,145.4
56267,144.4
56268,144.0
56269,143.4
56270,142.4
56271,144.5
56272,142.6
56273,140.2
56274,141.3
56275,142.4
56276,142.3
56277,142.5
56278,141.1
56279,138.8
56280,142.3
56281,145.5
56282,145.4
56283,146.4
56284,144.9
56285,142.0
56286,144.6
56287,146.7
56288,144.5
56289,142.8
56290,143.6
56291,143.8
56292,143.4
56293,-9999.9
56294,-9999.9
56295,-9999.9
56296,-9999.9
56297,-9999.9
56298,-9999.9
56299,145.4
56300,145.4
56301,146.3
56302,147.2
56303,147.4
56304,147.2
56305,145.0
56306,143.1
56307,141.7
56308,141.1
56309,141.5
56310,142.0
56311,142.1
56312,142.4
56313,141.9
56314,145.2
56315,147.8
56316,144.3
56317,143.0
56318,143.1
56319,142.1
56320,141.1
56321,143.0
56322,145.0
56323,144.7
56324,142.9
56325,144.6
56326,145.9
56327,141.4
56328,138.8
56329,140.9
56330,141.2
56331,141.3
56332,140.7
56333,138.4
56334,140.1
56335,139.8
56336,141.5
56337,142.8
56338,143.1
56339,143.5
56340,144.1
56341,144.8
56342,142.7
56343,140.9
56344,144.1
56345,145.3
56346,143.1
56347,142.1
56348,142.6
56349,145.4
56350,143.0
56351,139.9
56352,140.9
56353,142.5
56354,142.6
56355,144.0
56356,145.2
56357,142.8
56358,142.8
56359,143.2
56360,141.9
56361,141.6
56362,143.3
56363,143.5
56364,143.0
56365,144.0
56366,142.6
56367,141.1
56368,144.7
56369,143.2
56370,142.5
56371,142.4
56372,141.1
56373,141.8
56374,142.6
56375,143.1
56376,143.3
56377,141.9
56378,141.6
56379,142.3
56380,142.5
56381,141.9
56382,142.0
56383,142.4
56384,143.4
56385,141.7
56386,141.8
56387,141.8
56388,138.7
56389,139.5
56390,139.8
56391,141.2
56392,141.4
56393,141.2
56394,142.1
56395,142.6
56396,142.9
56397,141.1
56398,141.4
56399,144.1
56400,146.5
56401,145.5
56402,143.7
56403,143.7
56404,143.1
56405,143.3
56406,144.1
56407,144.1
56408,142.8
56409,143.0
56410,142.9
56411,140.7
56412,140.6
56413,143.9
56414,145.5
56415,143.3
56416,143.7
56417,147.3
56418,146.2
56419,144.3
56420,143.7
56421,142.3
56422,143.2
56423,144.7
56424,144.0
56425,140.7
56426,142.1
56427,144.7
56428,144.2
56429,145.0
56430,142.2
56431,140.6
56432,141.9
56433,143.5
56434,147.4
56435,147.9
56436,142.8
56437,139.2
56438,144.8
56439,144.3
56440,145.2
56441,146.6
56442,145.8
56443,143.1
56444,141.2
56445,141.0
56446,142.3
56447,144.8
56448,143.6
56449,143.4
56450,145.2
56451,142.4
56452,139.5
56453,141.3
56454,142.5
56455,141.0
56456,141.6
56457,142.7
56458,142.0
56459,143.3
56460,142.8
56461,142.1
56462,143.1
56463,143.3
56464,143.6
56465,142.3
56466,143.1
56467,144.6
56468,146.4
56469,144.6
56470,142.2
56471,143.8
56472,144.4
56473,142.1
56474,141.0
56475,140.1
56476,141.9
56477,144.7
56478,146.1
56479,145.7
56480,145.7
56481,144.9
56482,141.9
56483,143.7
56484,147.0
56485,144.4
56486,143.1
56487,144.3
56488,145.0
56489,144.6
56490,142.4
56491,142.9
56492,144.1
56493,143.4
56494,142.7
56495,144.8
56496,145.0
56497,143.3
56498,143.9
56499,141.4
56500,141.6
56501,143.7
56502,143.7
56503,145.8
56504,143.6
56505,142.0
56506,144.0
56507,142.3
56508,142.9
56509,143.4
56510,142.8
56511,142.3
56512,142.8
56513,142.1
56514,143.0
56515,144.8
56516,143.9
56517,142.6
56518,143.2
56519,146.2
56520,147.8
56521,146.6
56522,145.8
56523,146.6
56524,146.3
56525,144.5
56526,143.3
56527,145.2
56528,145.7
56529,145.9
56530,145.8
56531,142.7
56532,143.5
56533,143.5
56534,142.0
56535,143.6
56536,146.0
56537,145.9
56538,145.3
56539,144.2
56540,142.5
56541,146.1
56542,144.0
56543,144.3
56544,146.0
56545,143.6
56546,144.2
56547,144.4
56548,142.9
56549,143.5
56550,144.7
56551,145.2
56552,144.1
56553,144.1
56554,144.0
56555,144.0
56556,143.1
56557,142.2
56558,144.2
56559,146.3
56560,146.0
56561,144.7
56562,142.0
56563,143.7
56564,147.0
56565,147.0
56566,145.5
56567,140.9
56568,140.9
56569,143.5
56570,145.6
56571,144.6
56572,141.5
56573,142.8
56574,143.4
56575,142.8
56576,146.3
56577,145.0
56578,143.7
56579,143.6
56580,144.5
56581,144.9
56582,144.3
56583,143.7
56584,143.3
56585,142.4
56586,143.1
56587,142.8
56588,143.1
56589,146.8
56590,145.5
56591,143.7
56592,144.3
56593,143.5
56594,143.1
56595,142.7
56596,142.0
56597,143.2
56598,143.5
56599,142.8
56600,143.4
56601,144.5
56602,145.6
56603,145.7
56604,144.4
56605,142.4
56606,143.8
56607,147.3
56608,147.7
56609,147.1
56610,143.0
56611,144.1
56612,144.9
56613,145.5
56614,143.4
56615,141.3
56616,142.3
56617,144.0
56618,145.7
56619,143.2
56620,142.1
56621,145.4
56622,145.3
56623,146.3
56624,146.6
56625,142.1
56626,142.3
56627,144.1
56628,145.1
56629,144.1
56630,143.5
56631,143.6
56632,144.5
56633,146.4
56634,145.6
56635,145.8
56636,146.2
56637,147.3
56638,148.4
56639,144.3
56640,-9999.9
56641,-9999.9
56642,-9999.9
56643,-9999.9
56644,-9999.9
56645,-9999.9
56646,-9999.9
56647,-9999.9
56648,-9999.9
56649,-9999.9
56650,-9999.9
56651,-9999.9
56652,-9999.9
56653,-9999.9
56654,-9999.9
56655,-9999.9
56656,-9999.9
56657,-9999.9
56658,-9999.9
56659,-9999.9
56660,-9999.9
56661,-9999.9
56662,-9999.9
56663,-9999.9
56664,-9999.9
56665,-9999.9
56666,-9999.9
56667,-9999.9
56668,-9999.9
56669,-9999.9
56670,-9999.9
56671,-9999.9
56672,-9999.9
56673,-9999.9
56674,-9999.9
56675,-9999.9
56676,-9999.9
56677,-9999.9
56678,-9999.9
56679,-9999.9
56680,-9999.9
56681,-9999.9
56682,-9999.9
56683,-9999.9
56684,-9999.9
56685,-9999.9
56686,-9999.9
56687,-9999.9
56688,-9999.9
56689,-9999.9
56690,-9999.9
56691,-9999.9
56692,-9999.9
56693,-9999.9
56694,-9999.9
56695,-9999.9
56696,-9999.9
56697,-9999.9
56698,-9999.9
56699,-9999.9
56700,-9999.9
56701,-9999.9
56702,-9999.9
56703,-9999.9
56704,-9999.9
56705,-9999.9
56706,-9999.9
56707,-9999.9
56708,-9999.9
56709,-9999.9
56710,-9999.9
56711,-9999.9
56712,-9999.9
56713,-9999.9
56714,-9999.9
56715,-9999.9
56716,-9999.9
56717,-9999.9
56718,-9999.9
56719,-9999.9
56720,-9999.9
56721,-9999.9
56722,-9999.9
56723,-9999.9
56724,-9999.9
56725,-9999.9
56726,-9999.9
56727,-9999.9
56728,-9999.9
56729,-9999.9
56730,-9999.9
56731,-9999.9
56732,-9999.9
56733,-9999.9
56734,-9999.9
56735,-9999.9
56736,-9999.9
56737,-9999.9
56738,-9999.9
56739,-9999.9
56740,-9999.9
56741,-9999.9
56742,-9999.9
56743,-9999.9
56744,-9999.9
56745,-9999.9
56746,-9999.9
56747,-9999.9
56748,-9999.9
56749,-9999.9
56750,-9999.9
56751,-9999.9
56752,-9999.9
56753,-9999.9
56754,-9999.9
56755,-9999.9
56756,-9999.9
56757,-9999.9
56758,-9999.9
56759,-9999.9
56760,-9999.9
56761,-9999.9
56762,-9999.9
56763,-9999.9
56764,-9999.9
56765,-9999.9
56766,143.9
56767,144.5
56768,147.4
56769,144.8
56770,143.9
56771,142.0
56772,141.5
56773,143.5
56774,145.0
56775,145.8
56776,145.1
56777,146.2
56778,146.9
56779,145.3
56780,144.1
56781,144.7
56782,144.9
56783,141.2
56784,143.7
56785,145.4
56786,144.7
56787,142.9
56788,143.1
56789,144.6
56790,145.2
56791,144.2
56792,143.1
56793,146.2
56794,145.4
56795,141.7
56796,141.4
56797,142.7
56798,144.9
56799,144.9
56800,144.4
56801,142.8
56802,144.1
56803,144.7
56804,142.3
56805,142.5
56806,142.6
56807,142.8
56808,142.4
56809,141.6
56810,141.6
56811,142.2
56812,142.0
56813,144.4
56814,145.0
56815,143.1
56816,142.9
56817,143.2
56818,143.7
56819,144.9
56820,146.0
56821,145.5
56822,145.3
56823,145.6
56824,145.7
56825,145.1
56826,145.2
56827,143.9
56828,142.1
56829,145.0
56830,144.3
56831,142.0
56832,140.5
56833,140.1
56834,141.8
56835,143.6
56836,144.4
56837,143.4
56838,144.8
56839,142.9
56840,141.3
56841,143.0
56842,142.2
56843,141.8
56844,143.5
56845,144.1
56846,143.1
56847,143.2
56848,144.2
56849,142.5
56850,141.9
56851,143.5
56852,146.5
56853,143.7
56854,142.0
56855,142.2
56856,144.0
56857,145.8
56858,146.3
56859,146.4
56860,143.9
56861,140.7
56862,141.2
56863,143.2
56864,143.0
56865,140.4
56866,140.5
56867,141.6
56868,141.7
56869,141.3
56870,141.9
56871,144.4
56872,141.7
56873,137.9
56874,139.8
56875,142.0
56876,141.7
56877,142.8
56878,139.6
56879,137.2
56880,139.3
56881,139.6
56882,139.7
56883,141.3
56884,141.0
56885,139.8
56886,140.9
56887,142.9
56888,145.5
56889,143.0
56890,140.8
56891,142.6
56892,144.5
56893,142.5
56894,141.8
56895,144.0
56896,143.6
56897,142.6
56898,142.0
56899,141.1
56900,142.0
56901,144.3
56902,145.3
56903,143.7
56904,143.0
56905,144.4
56906,143.2
56907,142.5
56908,142.8
56909,142.1
56910,142.0
56911,141.3
56912,142.0
56913,143.2
56914,141.9
56915,141.8
56916,141.5
56917,141.4
56918,140.7
56919,139.9
56920,139.8
56921,141.6
56922,145.6
56923,146.9
56924,143.8
56925,142.2
56926,143.7
56927,143.9
56928,143.8
56929,143.4
56930,141.9
56931,142.6
56932,143.9
56933,146.1
56934,147.5
56935,145.3
56936,146.4
56937,148.0
56938,145.8
56939,147.2
56940,145.4
56941,143.1
56942,145.6
56943,144.1
56944,141.9
56945,142.3
56946,142.3
56947,144.1
56948,144.2
56949,143.8
56950,145.8
56951,143.3
56952,143.6
56953,145.2
56954,146.9
56955,149.2
56956,143.1
56957,142.2
56958,140.9
56959,143.1
56960,145.8
56961,142.9
56962,140.7
56963,143.2
56964,141.5
56965,140.1
56966,145.3
56967,144.8
56968,140.0
56969,140.1
56970,140.1
56971,140.4
56972,142.2
56973,143.6
56974,145.3
56975,143.6
56976,142.6
56977,142.5
56978,141.6
56979,145.8
56980,144.6
56981,141.0
56982,144.7
56983,143.6
56984,142.7
56985,143.3
56986,141.1
56987,140.3
56988,140.6
56989,142.3
56990,142.9
56991,142.2
56992,141.2
56993,140.7
56994,142.8
56995,145.4
56996,143.2
56997,142.7
56998,143.8
56999,142.9
57000,141.9
57001,143.5
57002,145.5
57003,146.0
57004,145.3
57005,146.0
57006,147.3
57007,144.0
57008,143.0
57009,143.6
57010,141.1
57011,141.9
57012,143.2
57013,142.0
57014,143.9
57015,144.7
57016,143.9
57017,144.0
57018,143.4
57019,142.8
57020,142.0
57021,142.6
57022,144.1
57023,142.7
57024,141.0
57025,143.6
57026,143.4
57027,141.7
57028,141.6
57029,142.0
57030,139.8
57031,138.2
57032,140.1
57033,142.6
57034,142.8
57035,142.0
57036,139.6
57037,139.8
57038,141.0
57039,140.1
57040,142.8
57041,143.4
57042,141.5
57043,141.4
57044,143.3
57045,145.4
57046,145.3
57047,144.1
57048,142.9
57049,145.0
57050,143.4
57051,140.8
57052,140.4
57053,142.1
57054,145.5
57055,143.6
57056,142.5
57057,142.1
57058,140.5
57059,137.1
57060,139.4
57061,138.1
57062,140.0
57063,144.4
57064,141.9
57065,139.0
57066,140.2
57067,143.2
57068,143.9
57069,142.6
57070,139.9
57071,141.7
57072,142.3
57073,140.4
57074,138.6
57075,138.7
57076,140.4
57077,140.5
57078,141.5
57079,141.5
57080,140.2
57081,140.4
57082,142.4
57083,141.6
57084,141.7
57085,143.0
57086,142.2
57087,142.8
57088,143.2
57089,142.1
57090,138.7
57091,137.8
57092,139.6
57093,142.8
57094,141.4
57095,141.7
57096,142.3
57097,141.5
57098,139.8
57099,138.5
57100,142.6
57101,143.7
57102,140.5
57103,140.8
57104,142.0
57105,140.5
57106,140.5
57107,141.0
57108,141.0
57109,141.7
57110,142.0
57111,143.8
57112,142.0
57113,140.1
57114,141.3
57115,140.4
57116,138.9
57117,140.5
57118,143.2
57119,142.1
57120,142.2
57121,143.4
57122,142.0
57123,140.6
57124,139.2
57125,139.0
57126,141.8
57127,144.2
57128,141.5
57129,142.6
57130,143.8
57131,143.6
57132,145.4
57133,145.5
57134,143.3
57135,143.3
57136,145.8
57137,143.7
57138,139.8
57139,143.5
57140,146.9
57141,146.3
57142,144.9
57143,143.1
57144,144.2
57145,146.1
57146,143.8
57147,142.4
57148,142.9
57149,142.3
57150,141.7
57151,141.8
57152,144.8
57153,144.0
57154,142.3
57155,141.7
57156,141.2
57157,140.9
57158,141.7
57159,143.5
57160,144.3
57161,145.7
57162,145.6
57163,146.2
57164,144.6
57165,142.1
57166,143.5
57167,145.0
57168,145.3
57169,146.0
57170,145.4
57171,145.2
57172,142.5
57173,143.1
57174,144.7
57175,143.2
57176,144.4
57177,145.5
57178,144.2
57179,142.4
57180,142.9
57181,144.3
57182,145.4
57183,144.3
57184,142.1
57185,144.1
57186,145.8
57187,143.4
57188,144.8
57189,145.4
57190,144.2
57191,144.9
57192,145.9
57193,145.3
57194,142.8
57195,141.7
57196,147.6
57197,145.7
57198,144.2
57199,145.3
57200,144.6
57201,144.8
57202,144.3
57203,143.5
57204,145.0
57205,146.0
57206,147.2
57207,147.1
57208,146.0
57209,145.4
57210,143.8
57211,142.2
57212,144.3
57213,145.0
57214,143.9
57215,143.0
57216,140.0
57217,141.2
57218,144.8
57219,146.4
57220,147.6
57221,147.9
57222,147.3
57223,144.8
57224,145.4
57225,147.5
57226,145.8
57227,141.9
57228,141.0
57229,142.5
57230,142.0
57231,143.5
57232,141.8
57233,140.2
57234,143.4
57235,145.4
57236,142.1
57237,142.8
57238,145.0
57239,144.3
57240,143.5
57241,142.2
57242,142.6
57243,144.9
57244,145.2
57245,142.2
57246,141.6
57247,142.6
57248,143.4
57249,145.6
57250,144.9
57251,142.6
57252,144.2
57253,145.4
57254,142.2
57255,141.3
57256,141.4
57257,143.6
57258,142.8
57259,141.6
57260,144.6
57261,145.2
57262,144.3
57263,143.2
57264,142.8
57265,141.9
57266,149.0
57267,147.3
57268,143.7
57269,144.1
57270,144.0
57271,144.3
57272,144.0
57273,143.7
57274,145.4
57275,142.8
57276,141.1
57277,141.2
57278,142.2
57279,144.2
57280,144.4
57281,142.7
57282,141.2
57283,142.3
57284,145.3
57285,144.4
57286,143.1
57287,143.3
57288,140.7
57289,142.3
57290,145.9
57291,144.6
57292,142.8
57293,143.5
57294,143.3
57295,143.6
57296,143.5
57297,143.5
57298,145.5
57299,145.5
57300,145.3
57301,143.8
57302,142.9
57303,142.3
57304,144.8
57305,145.5
57306,142.7
57307,143.4
57308,145.8
57309,145.5
57310,144.2
57311,143.3
57312,144.2
57313,142.9
57314,141.1
57315,142.9
57316,143.9
57317,143.9
57318,144.5
57319,145.4
57320,146.5
57321,146.1
57322,143.4
57323,141.1
57324,140.8
57325,140.8
57326,141.7
57327,143.3
57328,142.0
57329,142.8
57330,145.0
57331,146.8
57332,147.2
57333,143.7
57334,141.6
57335,146.5
57336,144.7
57337,143.0
57338,144.0
57339,145.1
57340,145.5
57341,145.4
57342,144.2
57343,142.4
57344,144.0
57345,147.7
57346,147.5
57347,145.1
57348,145.7
57349,144.4
57350,142.4
57351,143.2
57352,143.5
57353,142.2
57354,142.8
57355,145.2
57356,145.0
57357,144.7
57358,144.9
57359,145.5
57360,144.8
57361,144.6
57362,145.8
57363,143.5
57364,142.5
57365,141.8
57366,140.6
57367,144.4
57368,147.5
57369,142.5
57370,142.1
57371,142.5
57372,142.9
57373,143.2
57374,143.3
57375,145.7
57376,146.0
57377,142.3
57378,144.2
57379,145.7
57380,145.7
57381,144.6
57382,143.9
57383,145.7
57384,146.0
57385,145.4
57386,143.5
57387,144.5
57388,148.1
57389,147.5
57390,143.1
57391,141.1
57392,141.9
57393,143.7
57394,147.3
57395,147.9
57396,146.7
57397,146.3
57398,142.8
57399,142.4
57400,143.8
57401,143.5
57402,143.1
57403,142.4
57404,147.0
57405,145.1
57406,144.5
57407,144.7
57408,144.8
57409,145.8
57410,146.5
57411,143.7
57412,141.6
57413,143.9
57414,145.6
57415,147.3
57416,146.3
57417,145.4
57418,144.5
57419,142.5
57420,142.5
57421,143.8
57422,146.2
57423,144.5
57424,141.2
57425,144.6
57426,146.9
57427,145.2
57428,144.7
57429,143.5
57430,143.6
57431,143.5
57432,143.4
57433,145.4
57434,146.3
57435,147.0
57436,145.8
57437,144.3
57438,144.0
57439,145.3
57440,141.9
57441,138.4
57442,142.3
57443,145.5
57444,144.1
57445,143.6
57446,145.2
57447,146.7
57448,147.2
57449,145.8
57450,145.6
57451,144.6
57452,146.5
57453,149.5
57454,148.4
57455,148.0
57456,145.2
57457,144.1
57458,146.9
57459,146.9
57460,145.1
57461,142.6
57462,143.3
57463,143.6
57464,142.9
57465,143.7
57466,144.3
57467,144.4
57468,143.4
57469,143.0
57470,143.6
57471,144.4
57472,140.8
57473,141.9
57474,144.5
57475,146.1
57476,145.3
57477,145.1
57478,145.4
57479,143.7
57480,142.1
57481,141.7
57482,142.7
57483,143.0
57484,145.7
57485,147.2
57486,144.9
57487,146.2
57488,145.5
57489,144.6
