data/raw/Flight7/CPC3772_POLAR6_20150413_r2_NETCARE.ict
35,1001
Abbatt,Jon
University of Toronto
Polar 6
NETCARE
1,1
2015,4,13,2017,8,16
1
time,seconds,seconds from start in UTC
1
1
-99999
conc,number of particles per cm3
0
20
PI_CONTACT_INFO: 80 St. George Street; Toronto; ON M5S 3H6 CANADA; email: jabbatt@chem.utoronto.ca
PLATFORM: Polar 6 aircraft
LOCATION: Canadian Arctic near Alert
ASSOCIATED_DATA: none
INSTRUMENT_INFO: Condensation Particle Counter Model 3772 is an instrument that detects airborne particles down to 10 nm at an aerosol flow rate of 1.0 L/min, over a concentration range from 0 to 10^4 particles/cm^3 
DATA_INFO: all relevant information is given above
UNCERTAINTY:  ±10% of measured value
ULOD_FLAG: -7777
ULOD_VALUE: N/As
LLOD_FLAG: -8888
LLOD_VALUE: N/A
DM_CONTACT_INFO: Data collected by Julia Burkart. Please direct all correspondence to Jon Abbatt: jabbatt@chem.utoronto.ca
PROJECT_INFO: Polar 6 NETCARE Spring 2015 campaign
STIPULATIONS_ON_USE: N/A
OTHER_COMMENTS: N/A
REVISION: R2, R1, R0
R2: zero and filter measurements are removed
R1: uncorrected raw data
R0: raw data
time,conc
[from data line 6229]
61096,280
61097,282
61098,291
61099,289
61100,290
61101,288
61102,276
61103,276
61104,276
61105,264
61106,253
61107,257
61108,256
61109,265
61110,249
61111,249
61112,244
61113,244
61114,238
61115,234
61116,217
61117,225
61118,229
61119,225
61120,215
61121,217
61122,219
61123,220
61124,218
61125,220
61126,221
61127,218
61128,218
61129,222
61130,222
61131,225
61132,221
61133,222
61134,223
61135,217
61136,227
61137,217
61138,227
61139,216
61140,218
61141,216
61142,222
61143,224
61144,222
61145,232
61146,212
61147,231
61148,204
61149,196
61150,194
61151,185
61152,200
61153,206
61154,199
61155,199
61156,194
61157,199
61158,201
61159,199
61160,199
61161,194
61162,197
61163,198
61164,198
61165,191
61166,202
61167,198
61168,197
61169,193
61170,195
61171,195
61172,194
61173,199
61174,195
61175,192
61176,196
61177,192
61178,198
61179,196
61180,194
61181,194
61182,192
61183,203
61184,190
61185,195
61186,201
61187,188
61188,191
61189,194
61190,191
61191,198
61192,192
61193,184
61194,194
61195,188
61196,192
61197,187
61198,190
61199,190
61200,189
61201,192
61202,189
61203,187
61204,193
61205,189
61206,182
61207,190
61208,188
61209,187
61210,194
61211,191
61212,193
61213,189
61214,186
61215,193
61216,192
61217,189
61218,193
61219,192
61220,190
61221,188
61222,193
61223,189
61224,189
61225,191
61226,181
61227,191
61228,189
61229,187
61230,188
61231,191
61232,188
61233,190
61234,187
61235,194
61236,190
61237,191
61238,181
61239,188
61240,187
61241,194
61242,182
61243,184
61244,185
61245,192
61246,185
61247,192
61248,187
61249,191
61250,190
61251,191
61252,187
61253,186
61254,193
61255,192
61256,190
61257,192
61258,186
61259,193
61260,192
61261,190
61262,195
61263,193
61264,187
61265,190
61266,196
61267,196
61268,193
61269,193
61270,193
61271,188
61272,199
61273,200
61274,199
61275,196
61276,186
61277,197
61278,198
61279,195
61280,198
61281,197
61282,193
61283,192
61284,195
61285,189
61286,198
61287,186
61288,193
61289,193
61290,191
61291,191
61292,190
61293,190
61294,194
61295,193
61296,197
61297,191
61298,189
61299,190
61300,188
61301,191
61302,186
61303,192
61304,190
61305,194
61306,189
61307,196
61308,192
61309,192
61310,193
61311,189
61312,192
61313,192
61314,187
61315,192
61316,199
61317,193
61318,192
61319,189
61320,188
61321,190
61322,193
61323,186
61324,195
61325,194
61326,196
61327,190
61328,189
61329,194
61330,191
61331,192
61332,192
61333,188
61334,185
61335,195
61336,196
61337,195
61338,197
61339,186
61340,195
61341,193
61342,198
61343,189
61344,189
61345,196
61346,193
61347,198
61348,189
61349,192
61350,193
61351,197
61352,198
61353,195
61354,196
61355,189
61356,192
61357,187
61358,190
61359,196
61360,194
61361,191
61362,194
61363,193
61364,193
61365,197
61366,198
61367,198
61368,188
61369,194
61370,196
61371,193
61372,197
61373,200
61374,189
61375,195
61376,194
61377,195
61378,194
61379,193
61380,191
61381,191
61382,201
61383,193
61384,185
61385,195
61386,194
61387,190
61388,193
61389,195
61390,190
61391,194
61392,190
61393,184
61394,192
61395,195
61396,199
61397,185
61398,193
61399,197
61400,193
61401,197
61402,190
61403,190
61404,190
61405,193
61406,188
61407,192
61408,193
61409,190
61410,193
61411,185
61412,193
61413,190
61414,195
61415,188
61416,185
61417,192
61418,192
61419,184
61420,192
61421,185
61422,190
61423,183
61424,189
61425,191
61426,194
61427,187
61428,195
61429,191
61430,186
61431,186
61432,193
61433,194
61434,190
61435,194
61436,194
61437,195
61438,195
61439,187
61440,189
61441,191
61442,188
61443,194
61444,190
61445,189
61446,187
61447,189
61448,189
61449,187
61450,191
61451,191
61452,199
61453,189
61454,191
61455,195
61456,193
61457,191
61458,194
61459,194
61460,193
61461,191
61462,188
61463,190
61464,190
61465,184
61466,194
61467,193
61468,186
61469,195
61470,188
61471,193
61472,195
61473,193
61474,193
61475,193
61476,192
61477,194
61478,194
61479,191
61480,193
61481,186
61482,193
61483,187
61484,188
61485,189
61486,195
61487,193
61488,192
61489,187
61490,197
61491,186
61492,189
61493,186
61494,191
61495,195
61496,188
61497,188
61498,189
61499,191
61500,190
61501,190
61502,190
61503,189
61504,189
61505,190
61506,185
61507,184
61508,195
61509,189
61510,193
61511,195
61512,191
61513,187
61514,188
61515,192
61516,190
61517,189
61518,184
61519,192
61520,192
61521,191
61522,187
61523,186
61524,187
61525,182
61526,185
61527,185
61528,182
61529,185
61530,193
61531,185
61532,184
61533,188
61534,183
61535,181
61536,179
61537,178
61538,189
61539,177
61540,183
61541,186
61542,184
61543,183
61544,178
61545,182
61546,184
61547,178
61548,181
61549,189
61550,181
61551,185
61552,174
61553,180
61554,188
61555,185
61556,180
61557,182
61558,179
61559,179
61560,182
61561,181
61562,181
61563,179
61564,182
61565,179
61566,181
61567,182
61568,175
61569,184
61570,181
61571,185
61572,182
61573,178
61574,168
61575,182
61576,179
61577,177
61578,187
61579,171
61580,177
61581,178
61582,180
61583,175
61584,180
61585,179
61586,182
61587,180
61588,177
61589,181
61590,184
61591,172
61592,183
61593,182
61594,178
61595,184
61596,180
61597,182
61598,186
61599,183
61600,183
61601,183
61602,182
61603,182
61604,183
61605,179
61606,187
61607,182
61608,185
61609,183
61610,181
61611,182
61612,185
61613,178
61614,183
61615,184
61616,182
61617,179
61618,179
61619,188
61620,174
61621,186
61622,175
61623,180
61624,180
61625,180
61626,185
61627,188
61628,179
61629,179
61630,189
61631,178
61632,176
61633,182
61634,191
61635,186
61636,183
61637,183
61638,184
61639,184
61640,182
61641,183
61642,181
61643,184
61644,185
61645,186
61646,184
61647,175
61648,185
61649,182
61650,188
61651,184
61652,191
61653,188
61654,185
61655,192
61656,183
61657,183
61658,187
61659,185
61660,186
61661,182
61662,179
61663,183
61664,185
61665,189
61666,188
61667,188
61668,185
61669,188
61670,184
61671,188
61672,192
61673,183
61674,184
61675,188
61676,182
61677,185
61678,187
61679,185
61680,182
61681,182
61682,176
61683,185
61684,182
61685,183
61686,187
61687,183
61688,179
61689,190
61690,178
61691,183
61692,185
61693,179
61694,179
61695,188
61696,185
61697,182
61698,182
61699,181
61700,187
61701,181
61702,185
61703,189
61704,186
61705,179
61706,186
61707,187
61708,185
61709,177
61710,184
61711,180
61712,189
61713,176
61714,187
61715,186
61716,188
61717,187
61718,182
61719,185
61720,181
61721,185
61722,186
61723,184
61724,183
61725,183
61726,185
61727,185
61728,188
61729,182
61730,182
61731,182
61732,190
61733,190
61734,187
61735,191
61736,182
61737,186
61738,184
61739,182
61740,185
61741,184
61742,185
61743,184
61744,191
61745,183
61746,188
61747,188
61748,183
61749,185
61750,185
61751,182
61752,187
61753,186
61754,185
61755,180
61756,188
61757,180
61758,186
61759,190
61760,185
61761,183
61762,186
61763,183
61764,190
61765,181
61766,184
61767,183
61768,188
61769,183
61770,185
61771,181
61772,189
61773,187
61774,184
61775,186
61776,183
61777,186
61778,188
61779,187
61780,187
61781,179
61782,185
61783,182
61784,186
61785,187
61786,187
61787,180
61788,182
61789,184
61790,183
61791,190
61792,179
61793,186
61794,179
61795,182
61796,184
61797,181
61798,178
61799,184
61800,186
61801,185
61802,177
61803,184
61804,181
61805,185
61806,186
61807,182
61808,184
61809,183
61810,181
61811,178
61812,185
61813,192
61814,183
61815,188
61816,184
61817,188
61818,188
61819,184
61820,193
61821,184
61822,187
61823,180
61824,187
61825,186
61826,183
61827,184
61828,186
61829,185
61830,187
61831,185
61832,182
61833,190
61834,180
61835,188
61836,186
61837,185
61838,186
61839,183
61840,181
61841,183
61842,190
61843,183
61844,184
61845,186
61846,187
61847,186
61848,181
61849,184
61850,191
61851,192
61852,199
61853,201
61854,204
61855,188
61856,202
61857,202
61858,198
61859,199
61860,196
61861,196
61862,200
61863,197
61864,201
61865,200
61866,204
61867,195
61868,196
61869,197
61870,199
61871,202
61872,203
61873,202
61874,200
61875,196
61876,202
61877,199
61878,198
61879,200
61880,207
61881,198
61882,200
61883,200
61884,201
61885,199
61886,195
61887,204
61888,204
61889,207
61890,199
61891,203
61892,203
61893,202
61894,205
61895,206
61896,201
61897,208
61898,208
61899,204
61900,206
61901,201
61902,204
61903,207
61904,198
61905,201
61906,204
61907,211
61908,200
61909,206
61910,204
61911,206
61912,205
61913,204
61914,205
61915,208
61916,197
61917,201
61918,204
61919,198
61920,204
61921,212
61922,220
61923,228
61924,234
61925,233
61926,229
61927,229
61928,234
61929,225
61930,228
61931,236
61932,228
61933,237
61934,227
61935,228
61936,228
61937,225
61938,226
61939,224
61940,221
61941,214
61942,212
61943,214
61944,219
61945,213
61946,215
61947,216
61948,223
61949,219
61950,221
61951,226
61952,223
61953,221
61954,215
61955,219
61956,219
61957,225
61958,230
61959,232
61960,230
61961,228
61962,232
61963,226
61964,220
61965,227
61966,219
61967,216
61968,222
61969,227
61970,229
61971,228
61972,228
61973,228
61974,225
61975,214
61976,226
61977,234
61978,232
61979,226
61980,229
61981,222
61982,219
61983,233
61984,227
61985,230
61986,225
61987,230
61988,231
61989,226
61990,233
61991,238
61992,240
61993,245
61994,249
61995,243
61996,252
61997,248
61998,244
61999,237
62000,238
62001,253
62002,252
62003,246
62004,254
62005,251
62006,243
62007,239
62008,234
62009,234
62010,233
62011,237
62012,236
62013,232
62014,236
62015,234
62016,241
62017,235
62018,241
62019,239
62020,242
62021,252
62022,262
62023,261
62024,271
62025,271
62026,282
62027,273
62028,275
62029,284
62030,282
62031,289
62032,287
62033,280
62034,291
62035,284
62036,278
62037,271
62038,276
62039,270
62040,279
62041,283
62042,290
62043,278
62044,296
62045,293
62046,291
62047,285
62048,287
62049,292
62050,285
62051,298
62052,288
62053,284
62054,286
62055,296
62056,299
62057,291
62058,286
62059,270
62060,278
62061,271
62062,279
62063,278
62064,279
62065,275
62066,271
62067,280
62068,274
62069,273
62070,277
62071,272
62072,265
62073,274
62074,273
62075,271
62076,275
62077,275
62078,269
62079,279
62080,277
62081,264
62082,269
62083,264
62084,267
62085,262
62086,267
62087,268
62088,256
62089,253
62090,255
62091,254
62092,259
62093,254
62094,262
62095,259
62096,264
62097,261
62098,270
62099,271
62100,270
62101,269
62102,261
62103,256
62104,248
62105,233
62106,242
62107,240
62108,245
62109,233
62110,237
62111,237
62112,239
62113,244
62114,246
62115,247
62116,245
62117,241
62118,232
62119,233
62120,229
62121,229
62122,224
62123,232
62124,227
62125,227
62126,226
62127,221
62128,230
62129,227
62130,225
62131,227
62132,225
62133,222
62134,232
62135,237
62136,236
62137,239
62138,242
62139,240
62140,245
62141,249
62142,248
62143,242
62144,246
62145,248
62146,247
62147,251
62148,248
62149,246
62150,249
62151,250
62152,242
62153,250
62154,253
62155,245
62156,253
62157,251
62158,252
62159,247
62160,246
62161,257
62162,249
62163,250
62164,252
62165,245
62166,248
62167,243
62168,244
62169,252
62170,247
62171,248
62172,252
62173,246
62174,254
62175,248
62176,247
62177,254
62178,252
62179,249
62180,255
62181,246
62182,253
62183,246
62184,251
62185,249
62186,251
62187,249
62188,244
62189,250
62190,255
62191,252
62192,251
62193,251
62194,246
62195,248
62196,243
62197,243
62198,251
62199,240
62200,251
62201,247
62202,249
62203,256
62204,265
62205,259
62206,259
62207,273
62208,260
62209,251
62210,251
62211,253
62212,261
62213,259
62214,263
62215,256
62216,253
62217,254
62218,255
62219,260
62220,259
62221,263
62222,260
62223,253
62224,247
62225,262
62226,265
62227,263
62228,258
62229,262
62230,256
62231,261
62232,255
62233,261
62234,261
62235,255
62236,253
62237,253
62238,255
62239,252
62240,259
62241,249
62242,251
62243,252
62244,262
62245,257
62246,248
62247,249
62248,256
62249,251
62250,248
62251,257
62252,257
62253,251
62254,245
62255,250
62256,247
62257,245
62258,245
62259,245
62260,250
62261,246
62262,245
62263,246
62264,245
62265,244
62266,248
62267,239
62268,245
62269,249
62270,250
62271,242
62272,243
62273,251
62274,243
62275,244
62276,245
62277,247
62278,241
62279,251
62280,246
62281,245
62282,239
62283,240
62284,237
62285,235
62286,240
62287,231
62288,239
62289,236
62290,239
62291,239
62292,236
62293,240
62294,241
62295,242
62296,240
62297,245
62298,250
62299,247
62300,242
62301,237
62302,237
62303,243
62304,237
62305,237
62306,232
62307,239
62308,240
62309,242
62310,234
62311,240
62312,233
62313,239
62314,242
62315,236
62316,236
62317,234
62318,234
62319,235
62320,232
62321,229
62322,230
62323,232
62324,239
62325,234
62326,229
62327,234
62328,228
62329,236
62330,233
62331,231
62332,235
62333,234
62334,225
62335,231
62336,234
62337,229
62338,234
62339,233
62340,239
62341,239
62342,241
62343,236
62344,238
62345,237
62346,246
62347,251
62348,251
62349,253
62350,254
62351,247
62352,255
62353,258
62354,257
62355,248
62356,260
62357,254
62358,252
62359,257
62360,252
62361,264
62362,258
62363,262
62364,254
62365,250
62366,262
62367,255
62368,252
62369,253
62370,253
62371,249
62372,253
62373,252
62374,251
62375,248
62376,247
62377,255
62378,248
62379,259
62380,250
62381,253
62382,244
62383,248
62384,252
62385,247
62386,248
62387,250
62388,244
62389,255
62390,254
62391,255
62392,250
62393,252
62394,245
62395,246
62396,237
62397,246
62398,244
62399,241
62400,233
62401,236
62402,241
62403,237
62404,233
62405,229
62406,231
62407,246
62408,249
62409,249
62410,252
62411,243
62412,250
62413,243
62414,240
62415,233
62416,240
62417,240
62418,224
62419,231
62420,236
62421,236
62422,237
62423,238
62424,226
62425,234
62426,235
62427,232
62428,237
62429,227
62430,230
62431,232
62432,230
62433,229
62434,238
62435,231
62436,230
62437,229
62438,231
62439,226
62440,225
62441,231
62442,227
62443,224
62444,228
62445,232
62446,229
62447,226
62448,230
62449,227
62450,230
62451,228
62452,223
62453,223
62454,225
62455,228
62456,230
62457,231
62458,236
62459,232
62460,231
62461,241
62462,235
62463,237
62464,231
62465,233
62466,231
62467,237
62468,238
62469,229
62470,232
62471,234
62472,232
62473,232
62474,228
62475,231
62476,230
62477,230
62478,237
62479,237
62480,232
62481,228
62482,230
62483,234
62484,232
62485,230
62486,230
62487,235
62488,230
62489,233
62490,232
62491,242
62492,232
62493,234
62494,238
62495,237
62496,236
62497,228
62498,230
62499,239
62500,229
62501,225
62502,228
62503,228
62504,226
62505,229
62506,232
62507,226
62508,227
62509,217
62510,223
62511,222
62512,221
62513,225
62514,226
62515,223
62516,222
62517,225
62518,218
62519,224
62520,215
62521,222
62522,226
62523,219
62524,227
62525,221
62526,217
62527,218
62528,218
62529,219
62530,215
62531,221
62532,219
62533,221
62534,215
62535,210
62536,215
62537,218
62538,210
62539,216
62540,211
62541,210
62542,218
62543,209
62544,200
62545,208
62546,201
62547,196
62548,199
62549,201
62550,203
62551,195
62552,207
62553,194
62554,193
62555,200
62556,196
62557,195
62558,194
62559,198
62560,193
62561,194
62562,203
62563,194
62564,193
62565,193
62566,197
62567,202
62568,200
62569,195
62570,203
62571,187
62572,199
62573,193
62574,203
62575,198
62576,196
62577,190
62578,194
62579,202
62580,200
62581,197
62582,195
62583,194
62584,199
62585,200
62586,205
62587,193
62588,196
62589,199
62590,202
62591,200
62592,195
62593,200
62594,192
62595,201
62596,196
62597,195
62598,199
62599,195
62600,201
62601,197
62602,193
62603,195
62604,200
62605,189
62606,197
62607,194
62608,190
62609,193
62610,197
62611,196
62612,200
62613,191
62614,203
62615,194
62616,198
62617,200
62618,197
62619,195
62620,194
62621,201
62622,194
62623,193
62624,198
62625,200
62626,202
62627,200
62628,201
62629,196
62630,197
62631,196
62632,196
62633,200
62634,196
62635,194
62636,195
62637,197
62638,190
62639,196
62640,196
62641,203
62642,194
62643,195
62644,193
62645,202
62646,193
62647,190
62648,198
62649,198
62650,201
62651,197
62652,195
62653,196
62654,193
62655,195
62656,199
62657,193
62658,197
62659,193
62660,201
62661,194
62662,193
62663,197
62664,200
62665,195
62666,198
62667,198
62668,193
62669,190
62670,195
62671,198
62672,191
62673,199
62674,206
62675,195
62676,199
62677,198
62678,203
62679,201
62680,201
62681,205
62682,199
62683,194
62684,199
62685,200
62686,202
62687,191
62688,196
62689,196
62690,195
62691,199
62692,202
62693,196
62694,206
