data/raw/Flight7/CPC3772_POLAR6_20150413_r2_NETCARE.ict
35,1001
Abbatt,Jon
University of Toronto
Polar 6
NETCARE
1,1
2015,4,13,2017,8,16
1
time,seconds,seconds from start in UTC
1
1
-99999
conc,number of particles per cm3
0
20
PI_CONTACT_INFO: 80 St. George Street; Toronto; ON M5S 3H6 CANADA; email: jabbatt@chem.utoronto.ca
PLATFORM: Polar 6 aircraft
LOCATION: Canadian Arctic near Alert
ASSOCIATED_DATA: none
INSTRUMENT_INFO: Condensation Particle Counter Model 3772 is an instrument that detects airborne particles down to 10 nm at an aerosol flow rate of 1.0 L/min, over a concentration range from 0 to 10^4 particles/cm^3 
DATA_INFO: all relevant information is given above
UNCERTAINTY:  ±10% of measured value
ULOD_FLAG: -7777
ULOD_VALUE: N/As
LLOD_FLAG: -8888
LLOD_VALUE: N/A
DM_CONTACT_INFO: Data collected by Julia Burkart. Please direct all correspondence to Jon Abbatt: jabbatt@chem.utoronto.ca
PROJECT_INFO: Polar 6 NETCARE Spring 2015 campaign
STIPULATIONS_ON_USE: N/A
OTHER_COMMENTS: N/A
REVISION: R2, R1, R0
R2: zero and filter measurements are removed
R1: uncorrected raw data
R0: raw data
time,conc
[from data line 14232]
69099,177
69100,174
69101,178
69102,179
69103,169
69104,177
69105,178
69106,172
69107,176
69108,178
69109,176
69110,176
69111,181
69112,175
69113,176
69114,174
69115,171
69116,171
69117,170
69118,180
69119,177
69120,175
69121,176
69122,179
69123,181
69124,171
69125,177
69126,179
69127,178
69128,176
69129,177
69130,171
69131,177
69132,174
69133,178
69134,175
69135,174
69136,170
69137,178
69138,177
69139,182
69140,179
69141,182
69142,175
69143,178
69144,175
69145,182
69146,174
69147,174
69148,179
69149,176
69150,175
69151,179
69152,173
69153,175
69154,173
69155,174
69156,175
69157,180
69158,174
69159,178
69160,174
69161,177
69162,181
69163,170
69164,173
69165,181
69166,171
69167,176
69168,178
69169,176
69170,179
69171,172
69172,174
69173,176
69174,178
69175,179
69176,178
69177,179
69178,179
69179,171
69180,184
69181,175
69182,181
69183,177
69184,174
69185,172
69186,180
69187,175
69188,171
69189,175
69190,176
69191,172
69192,171
69193,179
69194,170
69195,178
69196,169
69197,181
69198,174
69199,179
69200,172
69201,174
69202,179
69203,174
69204,178
69205,173
69206,174
69207,173
69208,173
69209,173
69210,178
69211,174
69212,173
69213,171
69214,173
69215,178
69216,173
69217,178
69218,179
69219,182
69220,182
69221,174
69222,179
69223,178
69224,174
69225,179
69226,178
69227,174
69228,178
69229,171
69230,177
69231,177
69232,176
69233,177
69234,177
69235,174
69236,176
69237,174
69238,175
69239,176
69240,180
69241,181
69242,178
69243,179
69244,177
69245,177
69246,180
69247,175
69248,170
69249,180
69250,177
69251,175
69252,176
69253,171
69254,170
69255,174
69256,176
69257,177
69258,180
69259,180
69260,176
69261,177
69262,174
69263,178
69264,173
69265,172
69266,170
69267,172
69268,172
69269,169
69270,170
69271,174
69272,167
69273,162
69274,167
69275,167
69276,164
69277,164
69278,171
69279,164
69280,163
69281,169
69282,169
69283,167
69284,166
69285,165
69286,166
69287,165
69288,166
69289,169
69290,173
69291,173
69292,172
69293,172
69294,167
69295,170
69296,173
69297,167
69298,174
69299,168
69300,172
69301,169
69302,164
69303,169
69304,161
69305,163
69306,168
69307,171
69308,168
69309,167
69310,170
69311,167
69312,168
69313,167
69314,166
69315,168
69316,172
69317,165
69318,168
69319,170
69320,167
69321,159
69322,166
69323,172
69324,165
69325,168
69326,169
69327,169
69328,170
69329,170
69330,171
69331,167
69332,167
69333,166
69334,171
69335,175
69336,172
69337,170
69338,164
69339,166
69340,171
69341,167
69342,165
69343,165
69344,166
69345,165
69346,165
69347,169
69348,173
69349,164
69350,165
69351,171
69352,172
69353,167
69354,166
69355,169
69356,167
69357,171
69358,170
69359,168
69360,171
69361,173
69362,169
69363,167
69364,166
69365,168
69366,164
69367,169
69368,166
69369,170
69370,165
69371,162
69372,168
69373,163
69374,170
69375,165
69376,164
69377,174
69378,167
69379,171
69380,167
69381,168
69382,167
69383,171
69384,163
69385,171
69386,168
69387,175
69388,166
69389,167
69390,171
69391,172
69392,167
69393,169
69394,169
69395,167
69396,169
69397,167
69398,167
69399,164
69400,167
69401,165
69402,167
69403,167
69404,168
69405,167
69406,168
69407,169
69408,168
69409,160
69410,165
69411,172
69412,166
69413,169
69414,168
69415,165
69416,164
69417,166
69418,168
69419,167
69420,167
69421,159
69422,167
69423,170
69424,168
69425,162
69426,161
69427,168
69428,170
69429,167
69430,168
69431,174
69432,168
69433,169
69434,165
69435,173
69436,168
69437,172
69438,170
69439,172
69440,172
69441,160
69442,165
69443,170
69444,166
69445,173
69446,167
69447,175
69448,171
69449,172
69450,168
69451,175
69452,172
69453,166
69454,172
69455,166
69456,170
69457,169
69458,166
69459,167
69460,170
69461,170
69462,169
69463,167
69464,173
69465,166
69466,165
69467,159
69468,173
69469,168
69470,166
69471,170
69472,165
69473,168
69474,168
69475,169
69476,170
69477,167
69478,162
69479,166
69480,172
69481,170
69482,161
69483,162
69484,172
69485,166
69486,167
69487,169
69488,172
69489,166
69490,170
69491,169
69492,165
69493,164
69494,174
69495,167
69496,172
69497,168
69498,164
69499,170
69500,167
69501,165
69502,164
69503,167
69504,162
69505,161
69506,166
69507,169
69508,166
69509,166
69510,171
69511,173
69512,164
69513,169
69514,168
69515,168
69516,166
69517,166
69518,171
69519,172
69520,175
69521,167
69522,166
69523,169
69524,169
69525,166
69526,167
69527,167
69528,166
69529,166
69530,165
69531,171
69532,170
69533,167
69534,166
69535,166
69536,165
69537,167
69538,165
69539,167
69540,171
69541,161
69542,169
69543,166
69544,171
69545,167
69546,162
69547,170
69548,163
69549,169
69550,167
69551,168
69552,165
69553,164
69554,166
69555,163
69556,170
69557,164
69558,169
69559,168
69560,162
69561,166
69562,172
69563,168
69564,160
69565,170
69566,166
69567,171
69568,162
69569,165
69570,163
69571,161
69572,167
69573,167
69574,167
69575,161
69576,163
69577,165
69578,164
69579,163
69580,167
69581,163
69582,167
69583,160
69584,166
69585,162
69586,166
69587,161
69588,162
69589,165
69590,165
69591,160
69592,156
69593,167
69594,165
69595,157
69596,163
69597,162
69598,160
69599,161
69600,161
69601,154
69602,151
69603,163
69604,153
69605,156
69606,160
69607,157
69608,156
69609,152
69610,153
69611,149
69612,156
69613,149
69614,155
69615,156
69616,154
69617,151
69618,151
69619,147
69620,145
69621,142
69622,146
69623,143
69624,148
69625,144
69626,134
69627,132
69628,127
69629,127
69630,128
69631,132
69632,129
69633,127
69634,125
69635,122
69636,123
69637,126
69638,126
69639,131
69640,126
69641,124
69642,127
69643,129
69644,125
69645,127
69646,123
69647,123
69648,120
69649,129
69650,123
69651,124
69652,124
69653,124
69654,128
69655,127
69656,127
69657,128
69658,128
69659,126
69660,127
69661,128
69662,124
69663,121
69664,126
69665,131
69666,124
69667,124
69668,129
69669,127
69670,127
69671,129
69672,133
69673,131
69674,132
69675,136
69676,132
69677,133
69678,135
69679,136
69680,136
69681,128
69682,132
69683,133
69684,139
69685,138
69686,139
69687,145
69688,145
69689,162
69690,180
69691,210
69692,226
69693,228
69694,241
69695,233
69696,239
69697,235
69698,243
69699,238
69700,237
69701,231
69702,233
69703,239
69704,242
69705,243
69706,249
69707,261
69708,259
69709,267
69710,273
69711,280
69712,290
69713,296
69714,309
69715,319
69716,319
69717,328
69718,355
69719,366
69720,366
69721,347
69722,362
69723,366
69724,369
69725,366
69726,365
69727,368
69728,368
69729,372
69730,359
69731,377
69732,370
69733,370
69734,374
69735,381
69736,374
69737,376
69738,363
69739,365
69740,372
69741,404
69742,386
69743,383
69744,386
69745,389
69746,367
69747,366
69748,385
69749,397
69750,397
69751,391
69752,397
69753,403
69754,405
69755,403
69756,416
69757,413
69758,424
69759,408
69760,408
69761,427
69762,420
69763,437
69764,423
69765,363
69766,274
69767,214
69768,191
69769,168
69770,164
69771,172
69772,176
69773,180
69774,187
69775,196
69776,190
69777,193
69778,193
69779,192
69780,174
69781,214
69782,247
69783,295
69784,250
69785,238
69786,238
69787,245
69788,233
69789,273
69790,387
69791,452
69792,477
69793,479
69794,488
69795,487
69796,484
69797,476
69798,467
69799,465
69800,463
69801,451
69802,455
69803,456
69804,456
69805,441
69806,436
69807,433
69808,430
69809,396
69810,379
69811,367
69812,363
69813,361
69814,368
69815,360
69816,362
69817,371
69818,359
69819,363
69820,359
69821,365
69822,379
69823,383
69824,380
69825,361
69826,359
69827,355
69828,351
69829,351
69830,347
69831,363
69832,353
69833,360
69834,361
69835,362
69836,360
69837,353
69838,345
69839,349
69840,351
69841,349
69842,363
69843,368
69844,382
69845,384
69846,397
69847,384
69848,397
69849,399
69850,418
69851,409
69852,407
69853,389
69854,379
69855,397
69856,392
69857,395
69858,397
69859,401
69860,401
69861,393
69862,397
69863,390
69864,389
69865,398
69866,392
69867,392
69868,407
69869,389
69870,387
69871,388
69872,397
69873,393
69874,384
69875,393
69876,401
69877,397
69878,382
69879,365
69880,361
69881,355
69882,355
69883,378
69884,392
69885,392
69886,398
69887,393
69888,391
69889,364
69890,355
69891,339
69892,343
69893,359
69894,387
69895,378
69896,390
69897,382
69898,394
69899,376
69900,378
69901,380
69902,383
69903,386
69904,385
69905,382
69906,387
69907,387
69908,387
69909,387
69910,389
69911,386
69912,383
69913,392
69914,381
69915,385
69916,391
69917,388
69918,381
69919,387
69920,385
69921,383
69922,384
69923,380
69924,387
69925,384
69926,375
69927,386
69928,380
69929,374
69930,373
69931,378
69932,371
69933,370
69934,378
69935,366
69936,356
69937,360
69938,359
69939,362
69940,363
69941,358
69942,367
69943,361
69944,363
69945,356
69946,348
69947,351
69948,365
69949,356
69950,360
69951,355
69952,356
69953,372
69954,380
69955,376
69956,372
69957,384
69958,381
69959,384
69960,371
69961,378
69962,362
69963,361
69964,360
69965,366
69966,364
69967,355
69968,350
69969,340
69970,330
69971,338
69972,342
69973,341
69974,330
69975,329
69976,315
69977,318
69978,300
69979,292
69980,283
69981,288
69982,292
69983,293
69984,282
69985,283
69986,280
69987,284
69988,284
69989,296
69990,292
69991,299
69992,307
69993,327
69994,343
69995,354
69996,357
69997,348
69998,320
69999,314
70000,294
70001,274
70002,272
70003,272
70004,271
70005,274
70006,278
70007,276
70008,276
70009,277
70010,269
70011,268
70012,270
70013,265
70014,276
70015,271
70016,273
70017,271
70018,268
70019,265
70020,269
70021,277
70022,273
70023,271
70024,269
70025,262
70026,275
70027,261
70028,275
70029,272
70030,268
70031,271
70032,272
70033,267
70034,272
70035,273
70036,266
70037,274
70038,263
70039,273
70040,268
70041,270
70042,265
70043,265
70044,259
70045,260
70046,254
70047,253
70048,254
70049,257
70050,257
70051,249
70052,248
70053,251
70054,249
70055,244
70056,250
70057,243
70058,243
70059,245
70060,242
70061,255
70062,286
70063,381
70064,437
70065,502
70066,546
70067,576
70068,601
70069,616
70070,602
70071,600
70072,593
70073,597
70074,619
70075,648
70076,652
70077,651
70078,627
70079,599
70080,588
70081,570
70082,570
70083,572
70084,547
70085,546
70086,530
70087,509
70088,506
70089,504
70090,500
70091,494
70092,484
70093,485
70094,482
70095,485
70096,494
70097,486
70098,484
70099,475
70100,507
70101,492
70102,502
70103,485
70104,495
70105,484
70106,488
70107,485
70108,480
70109,483
70110,485
70111,499
70112,481
70113,492
70114,475
70115,483
70116,473
70117,463
70118,460
70119,451
70120,449
70121,439
70122,431
70123,429
70124,428
70125,423
70126,415
70127,396
70128,388
70129,379
70130,389
70131,386
70132,387
70133,348
70134,311
70135,309
70136,312
70137,303
70138,286
70139,277
70140,270
70141,263
70142,254
70143,247
70144,245
70145,253
70146,241
70147,242
70148,234
70149,242
70150,239
70151,237
70152,241
70153,248
70154,239
70155,233
70156,243
70157,235
70158,238
70159,240
70160,234
70161,241
70162,237
70163,240
70164,245
70165,236
70166,246
70167,242
70168,239
70169,237
70170,235
70171,234
70172,244
70173,235
70174,245
70175,241
70176,244
70177,233
70178,235
70179,235
70180,241
70181,238
70182,242
70183,241
70184,236
70185,238
70186,248
70187,256
70188,255
70189,255
70190,258
70191,245
70192,250
70193,252
70194,247
70195,246
70196,249
70197,247
70198,242
70199,250
70200,241
70201,239
70202,247
70203,241
70204,239
70205,236
70206,236
70207,242
70208,236
70209,229
70210,237
70211,232
70212,230
70213,242
70214,234
70215,236
70216,238
70217,238
70218,236
70219,227
70220,231
70221,232
70222,225
70223,233
70224,229
70225,220
70226,225
70227,226
70228,237
70229,230
70230,237
70231,228
70232,225
70233,227
70234,229
70235,234
70236,225
70237,229
70238,220
70239,226
70240,218
70241,219
70242,226
70243,222
70244,216
70245,223
70246,218
70247,221
70248,215
70249,212
70250,224
70251,212
70252,217
70253,221
70254,220
70255,215
70256,224
70257,216
70258,215
70259,222
70260,220
70261,226
70262,218
70263,216
70264,218
70265,223
70266,222
70267,221
70268,217
70269,224
70270,213
70271,213
70272,218
70273,224
70274,221
70275,217
70276,213
70277,215
70278,221
70279,219
70280,218
70281,215
70282,215
70283,213
70284,213
70285,217
70286,221
70287,222
70288,210
70289,208
70290,217
70291,208
70292,214
70293,217
70294,217
70295,214
70296,215
70297,211
70298,212
70299,212
70300,212
70301,216
70302,210
70303,210
70304,212
70305,217
70306,211
70307,212
70308,215
70309,217
70310,208
70311,212
70312,211
70313,214
70314,216
70315,204
70316,209
70317,214
70318,215
70319,212
70320,211
70321,213
70322,218
70323,213
70324,215
70325,216
70326,212
70327,208
70328,210
70329,211
70330,215
70331,217
70332,217
70333,209
70334,213
70335,206
70336,213
70337,205
70338,210
70339,209
70340,216
70341,215
70342,219
70343,221
70344,218
70345,216
70346,216
70347,216
70348,217
70349,216
70350,218
70351,220
70352,220
70353,222
70354,235
70355,240
70356,235
70357,243
70358,241
70359,246
70360,251
70361,249
70362,253
70363,254
70364,258
70365,257
70366,260
70367,260
70368,259
70369,260
70370,260
70371,259
70372,257
70373,253
70374,256
70375,257
70376,258
70377,249
70378,250
70379,249
70380,267
70381,280
70382,275
70383,286
70384,299
70385,300
70386,323
70387,338
70388,335
70389,342
70390,352
70391,357
70392,409
70393,423
70394,416
70395,410
70396,416
70397,420
70398,420
70399,422
70400,409
70401,417
70402,407
70403,415
70404,412
70405,410
70406,418
70407,418
70408,412
70409,414
70410,403
70411,387
70412,392
70413,384
70414,384
70415,377
70416,375
70417,383
70418,381
70419,386
70420,379
70421,372
70422,382
70423,377
70424,370
70425,396
70426,414
70427,429
70428,455
70429,468
70430,497
70431,494
70432,486
70433,481
70434,471
70435,479
70436,469
70437,483
70438,480
70439,487
70440,485
70441,489
70442,489
70443,486
70444,479
70445,495
70446,495
70447,487
70448,481
70449,471
70450,484
70451,476
70452,496
70453,476
70454,482
70455,474
70456,461
70457,445
70458,446
70459,432
70460,429
70461,427
70462,414
70463,396
70464,398
70465,395
70466,395
70467,398
70468,401
70469,371
70470,376
70471,371
70472,398
70473,405
70474,392
70475,369
70476,355
70477,352
70478,355
70479,351
70480,354
70481,347
70482,345
70483,349
70484,334
70485,328
70486,337
70487,323
70488,329
70489,331
70490,335
70491,332
70492,338
70493,343
70494,353
70495,355
70496,362
70497,370
70498,369
70499,380
70500,367
70501,358
70502,370
70503,389
70504,366
70505,361
70506,365
70507,353
70508,348
70509,347
70510,341
70511,331
70512,325
70513,315
70514,310
70515,318
70516,310
70517,317
70518,318
70519,323
70520,329
70521,330
70522,339
70523,337
70524,339
70525,333
70526,329
70527,335
70528,332
70529,335
70530,332
70531,342
70532,328
70533,334
70534,330
70535,337
70536,325
70537,328
70538,322
70539,333
70540,328
70541,331
70542,336
70543,334
70544,335
70545,334
70546,328
70547,324
70548,331
70549,330
70550,326
70551,342
70552,340
70553,336
70554,339
70555,341
70556,323
70557,329
70558,326
70559,336
70560,330
70561,328
70562,334
70563,331
70564,332
70565,333
70566,329
70567,327
70568,328
70569,334
70570,343
70571,342
70572,346
70573,344
70574,357
70575,348
70576,352
70577,356
70578,356
70579,351
70580,352
70581,348
70582,355
70583,358
70584,346
70585,348
70586,351
70587,346
70588,350
70589,353
70590,341
70591,341
70592,343
70593,339
70594,335
70595,339
70596,337
70597,334
70598,342
70599,331
70600,341
70601,335
70602,335
70603,329
70604,332
70605,344
70606,336
70607,330
70608,331
70609,341
70610,336
70611,340
70612,336
70613,336
70614,339
70615,338
70616,337
70617,341
70618,331
70619,339
70620,340
70621,333
70622,334
70623,338
70624,342
70625,341
70626,341
70627,343
70628,334
70629,330
70630,336
70631,331
70632,337
70633,341
70634,330
70635,329
70636,339
70637,339
70638,342
70639,326
70640,333
70641,339
70642,336
70643,335
70644,330
70645,336
70646,334
70647,342
70648,345
70649,342
70650,351
70651,336
70652,341
70653,342
70654,343
70655,342
70656,334
70657,332
70658,332
70659,338
70660,337
70661,339
70662,332
70663,340
70664,336
70665,342
70666,341
70667,343
70668,337
70669,341
70670,342
70671,337
70672,338
70673,343
70674,347
70675,344
70676,346
70677,342
70678,338
70679,346
70680,334
70681,343
70682,338
70683,336
70684,342
70685,337
70686,341
70687,338
70688,342
70689,346
70690,347
70691,340
70692,340
70693,339
70694,338
70695,347
70696,344
70697,338
