data/raw/Flight7/CPC3772_POLAR6_20150413_r2_NETCARE.ict
35,1001
Abbatt,Jon
University of Toronto
Polar 6
NETCARE
1,1
2015,4,13,2017,8,16
1
time,seconds,seconds from start in UTC
1
1
-99999
conc,number of particles per cm3
0
20
PI_CONTACT_INFO: 80 St. George Street; Toronto; ON M5S 3H6 CANADA; email: jabbatt@chem.utoronto.ca
PLATFORM: Polar 6 aircraft
LOCATION: Canadian Arctic near Alert
ASSOCIATED_DATA: none
INSTRUMENT_INFO: Condensation Particle Counter Model 3772 is an instrument that detects airborne particles down to 10 nm at an aerosol flow rate of 1.0 L/min, over a concentration range from 0 to 10^4 particles/cm^3 
DATA_INFO: all relevant information is given above
UNCERTAINTY:  ±10% of measured value
ULOD_FLAG: -7777
ULOD_VALUE: N/As
LLOD_FLAG: -8888
LLOD_VALUE: N/A
DM_CONTACT_INFO: Data collected by Julia Burkart. Please direct all correspondence to Jon Abbatt: jabbatt@chem.utoronto.ca
PROJECT_INFO: Polar 6 NETCARE Spring 2015 campaign
STIPULATIONS_ON_USE: N/A
OTHER_COMMENTS: N/A
REVISION: R2, R1, R0
R2: zero and filter measurements are removed
R1: uncorrected raw data
R0: raw data
time,conc
[from data line 15832]
70699,344
70700,343
70701,343
70702,351
70703,350
70704,346
70705,356
70706,345
70707,344
70708,346
70709,352
70710,343
70711,345
70712,348
70713,349
70714,348
70715,352
70716,350
70717,351
70718,343
70719,341
70720,347
70721,345
70722,355
70723,347
70724,351
70725,349
70726,341
70727,347
70728,344
70729,348
70730,348
70731,341
70732,348
70733,353
70734,349
70735,352
70736,353
70737,349
70738,347
70739,349
70740,351
70741,346
70742,356
70743,345
70744,347
70745,352
70746,347
70747,351
70748,356
70749,349
70750,352
70751,351
70752,352
70753,350
70754,348
70755,352
70756,356
70757,352
70758,355
70759,353
70760,350
70761,348
70762,359
70763,360
70764,359
70765,355
70766,355
70767,352
70768,347
70769,360
70770,366
70771,358
70772,354
70773,352
70774,354
70775,361
70776,356
70777,356
70778,353
70779,348
70780,358
70781,355
70782,349
70783,350
70784,351
70785,350
70786,346
70787,345
70788,357
70789,346
70790,345
70791,351
70792,358
70793,352
70794,352
70795,351
70796,344
70797,349
70798,358
70799,360
70800,351
70801,356
70802,352
70803,361
70804,350
70805,364
70806,356
70807,348
70808,355
70809,348
70810,358
70811,357
70812,363
70813,362
70814,352
70815,350
70816,359
70817,348
70818,359
70819,345
70820,368
70821,351
70822,361
70823,355
70824,358
70825,361
70826,351
70827,362
70828,361
70829,362
70830,361
70831,354
70832,350
70833,352
70834,354
70835,350
70836,352
70837,345
70838,350
70839,347
70840,351
70841,350
70842,343
70843,348
70844,359
70845,370
70846,354
70847,351
70848,358
70849,369
70850,358
70851,363
70852,357
70853,356
70854,366
70855,354
70856,360
70857,356
70858,351
70859,361
70860,351
70861,355
70862,355
70863,362
70864,358
70865,352
70866,352
70867,354
70868,353
70869,350
70870,344
70871,347
70872,347
70873,361
70874,353
70875,342
70876,354
70877,351
70878,350
70879,350
70880,351
70881,358
70882,357
70883,346
70884,342
70885,358
70886,341
70887,354
70888,347
70889,343
70890,344
70891,337
70892,337
70893,340
70894,335
70895,345
70896,339
70897,341
70898,336
70899,339
70900,344
70901,345
70902,355
70903,336
70904,346
70905,334
70906,342
70907,335
70908,350
70909,344
70910,339
70911,341
70912,345
70913,336
70914,336
70915,338
70916,337
70917,335
70918,346
70919,355
70920,359
70921,367
70922,369
70923,373
70924,381
70925,393
70926,395
70927,396
70928,395
70929,387
70930,376
70931,367
70932,376
70933,386
70934,374
70935,364
70936,363
70937,355
70938,367
70939,379
70940,381
70941,383
70942,392
70943,388
70944,386
70945,384
70946,383
70947,393
70948,390
70949,385
70950,373
70951,379
70952,382
70953,373
70954,374
70955,375
70956,383
70957,387
70958,384
70959,370
70960,377
70961,376
70962,381
70963,376
70964,371
70965,380
70966,371
70967,373
70968,373
70969,373
70970,371
70971,371
70972,379
70973,379
70974,373
70975,369
70976,358
70977,359
70978,370
70979,366
70980,371
70981,368
70982,359
70983,356
70984,358
70985,363
70986,367
70987,365
70988,367
70989,367
70990,368
70991,373
70992,375
70993,382
70994,378
70995,368
70996,386
70997,377
70998,372
70999,375
71000,377
71001,381
71002,375
71003,365
71004,379
71005,364
71006,382
71007,380
71008,375
71009,370
71010,369
71011,367
71012,359
71013,375
71014,368
71015,359
71016,370
71017,359
71018,363
71019,363
71020,371
71021,361
71022,365
71023,367
71024,365
71025,357
71026,356
71027,363
71028,358
71029,362
71030,350
71031,365
71032,357
71033,365
71034,367
71035,374
71036,374
71037,372
71038,351
71039,362
71040,356
71041,370
71042,362
71043,364
71044,370
71045,364
71046,364
71047,361
71048,369
71049,369
71050,360
71051,366
71052,366
71053,362
71054,365
71055,357
71056,362
71057,366
71058,365
71059,358
71060,374
71061,363
71062,360
71063,364
71064,359
71065,371
71066,362
71067,355
71068,368
71069,368
71070,363
71071,367
71072,362
71073,371
71074,367
71075,365
71076,369
71077,366
71078,365
71079,362
71080,362
71081,363
71082,358
71083,359
71084,358
71085,344
71086,360
71087,366
71088,360
71089,363
71090,368
71091,361
71092,366
71093,372
71094,356
71095,364
71096,362
71097,361
71098,357
71099,366
71100,367
71101,376
71102,368
71103,366
71104,365
71105,363
71106,372
71107,360
71108,372
71109,364
71110,374
71111,368
71112,364
71113,366
71114,352
71115,354
71116,351
71117,344
71118,349
71119,338
71120,352
71121,352
71122,342
71123,349
71124,349
71125,355
71126,355
71127,347
71128,347
71129,347
71130,350
71131,357
71132,354
71133,347
71134,340
71135,349
71136,346
71137,349
71138,343
71139,343
71140,357
71141,348
71142,341
71143,346
71144,356
71145,346
71146,353
71147,352
71148,356
71149,359
71150,349
71151,348
71152,350
71153,350
71154,347
71155,348
71156,346
71157,347
71158,354
71159,341
71160,347
71161,346
71162,353
71163,341
71164,346
71165,355
71166,346
71167,357
71168,351
71169,346
71170,349
71171,348
71172,354
71173,354
71174,345
71175,346
71176,354
71177,350
71178,351
71179,346
71180,355
71181,347
71182,346
71183,346
71184,349
71185,346
71186,344
71187,355
71188,349
71189,347
71190,349
71191,348
71192,341
71193,348
71194,343
71195,347
71196,347
71197,341
71198,353
71199,341
71200,346
71201,351
71202,357
71203,349
71204,351
71205,346
71206,343
71207,356
71208,344
71209,348
71210,350
71211,348
71212,342
71213,344
71214,350
71215,343
71216,360
71217,357
71218,355
71219,352
71220,357
71221,354
71222,350
71223,361
71224,347
71225,349
71226,350
71227,346
71228,359
71229,354
71230,339
71231,352
71232,353
71233,349
71234,361
71235,354
71236,356
71237,358
71238,352
71239,348
71240,357
71241,362
71242,358
71243,358
71244,354
71245,362
71246,367
71247,373
71248,374
71249,369
71250,353
71251,359
71252,361
71253,355
71254,357
71255,357
71256,355
71257,363
71258,356
71259,359
71260,354
71261,358
71262,363
71263,360
71264,361
71265,356
71266,367
71267,367
71268,374
71269,367
71270,366
71271,374
71272,376
71273,381
71274,380
71275,384
71276,375
71277,384
71278,376
71279,368
71280,364
71281,360
71282,351
71283,352
71284,357
71285,356
71286,362
71287,346
71288,354
71289,364
71290,360
71291,359
71292,364
71293,352
71294,355
71295,360
71296,372
71297,355
71298,365
71299,363
71300,377
71301,381
71302,387
71303,386
71304,374
71305,383
71306,382
71307,353
71308,364
71309,356
71310,358
71311,355
71312,365
71313,377
71314,373
71315,374
71316,365
71317,373
71318,381
71319,377
71320,375
71321,374
71322,362
71323,353
71324,362
71325,352
71326,356
71327,369
71328,367
71329,353
71330,360
71331,353
71332,354
71333,355
71334,358
71335,360
71336,365
71337,363
71338,355
71339,354
71340,360
71341,355
71342,359
71343,355
71344,361
71345,362
71346,363
71347,359
71348,360
71349,350
71350,354
71351,356
71352,366
71353,362
71354,355
71355,364
71356,353
71357,358
71358,363
71359,364
71360,372
71361,370
71362,368
71363,364
71364,362
71365,368
71366,374
71367,369
71368,369
71369,369
71370,378
71371,372
71372,378
71373,379
71374,381
71375,373
71376,380
71377,386
71378,378
71379,386
71380,372
71381,362
71382,371
71383,371
71384,376
71385,371
71386,371
71387,382
71388,378
71389,373
71390,369
71391,375
71392,361
71393,365
71394,360
71395,364
71396,372
71397,368
71398,371
71399,366
71400,365
71401,374
71402,374
71403,366
71404,371
71405,370
71406,372
71407,373
71408,369
71409,369
71410,381
71411,371
71412,382
71413,369
71414,375
71415,365
71416,374
71417,370
71418,367
71419,368
71420,371
71421,370
71422,369
71423,369
71424,362
71425,382
71426,380
71427,373
71428,380
71429,367
71430,376
71431,368
71432,366
71433,369
71434,374
71435,370
71436,367
71437,376
71438,362
71439,361
71440,376
71441,366
71442,370
71443,366
71444,373
71445,375
71446,382
71447,383
71448,367
71449,382
71450,379
71451,387
71452,373
71453,378
71454,372
71455,376
71456,379
71457,376
71458,375
71459,388
71460,375
71461,387
71462,373
71463,385
71464,388
71465,385
71466,380
71467,373
71468,377
71469,371
71470,379
71471,376
71472,379
71473,374
71474,376
71475,383
71476,387
71477,378
71478,374
71479,375
71480,374
71481,374
71482,377
71483,375
71484,376
71485,381
71486,384
71487,375
71488,361
71489,365
71490,366
71491,353
71492,348
71493,335
71494,344
71495,344
71496,351
71497,370
71498,374
71499,373
71500,362
71501,379
71502,384
71503,367
71504,376
71505,370
71506,375
71507,374
71508,381
71509,374
71510,361
71511,377
71512,382
71513,369
71514,376
71515,380
71516,372
71517,372
71518,373
71519,372
71520,373
71521,378
71522,368
71523,375
71524,371
71525,379
71526,377
71527,367
71528,369
71529,366
71530,371
71531,373
71532,368
71533,373
71534,369
71535,371
71536,364
71537,373
71538,366
71539,375
71540,366
71541,364
71542,370
71543,361
71544,366
71545,361
71546,373
71547,370
71548,368
71549,372
71550,363
71551,372
71552,367
71553,370
71554,361
71555,363
71556,368
71557,372
71558,371
71559,374
71560,375
71561,375
71562,374
71563,370
71564,372
71565,369
71566,366
71567,370
71568,374
71569,369
71570,368
71571,374
71572,371
71573,375
71574,371
71575,359
71576,368
71577,361
71578,356
71579,354
71580,363
71581,362
71582,344
71583,339
71584,349
71585,341
71586,344
71587,358
71588,354
71589,360
71590,359
71591,361
71592,365
71593,360
71594,353
71595,352
71596,356
71597,356
71598,357
71599,350
71600,341
71601,348
71602,349
71603,340
71604,342
71605,342
71606,344
71607,327
71608,327
71609,336
71610,329
71611,327
71612,335
71613,337
71614,330
71615,332
71616,336
71617,334
71618,337
71619,335
71620,336
71621,332
71622,326
71623,325
71624,333
71625,330
71626,333
71627,333
71628,330
71629,337
71630,336
71631,331
71632,336
71633,336
71634,338
71635,334
71636,331
71637,335
71638,329
71639,336
71640,340
71641,335
71642,345
71643,339
71644,341
71645,342
71646,345
71647,352
71648,341
71649,351
71650,332
71651,337
71652,337
71653,335
71654,335
71655,329
71656,320
71657,327
71658,331
71659,326
71660,324
71661,312
71662,308
71663,314
71664,316
71665,317
71666,311
71667,318
71668,319
71669,316
71670,320
71671,323
71672,313
71673,315
71674,317
71675,315
71676,325
71677,326
71678,317
71679,309
71680,320
71681,319
71682,314
71683,313
71684,318
71685,318
71686,312
71687,324
71688,322
71689,326
71690,325
71691,323
71692,314
71693,315
71694,322
71695,322
71696,317
71697,314
71698,328
71699,323
71700,332
71701,328
71702,331
71703,343
71704,338
71705,340
71706,349
71707,357
71708,364
71709,348
71710,355
71711,351
71712,347
71713,351
71714,351
71715,346
71716,354
71717,348
71718,347
71719,357
71720,358
71721,348
71722,352
71723,351
71724,362
71725,350
71726,363
71727,358
71728,358
71729,353
71730,359
71731,359
71732,356
71733,356
71734,347
71735,346
71736,352
71737,347
71738,361
71739,360
71740,354
71741,355
71742,359
71743,345
71744,362
71745,359
71746,357
71747,347
71748,345
71749,350
71750,347
71751,348
71752,350
71753,342
71754,351
71755,341
71756,351
71757,346
71758,342
71759,352
71760,346
71761,346
71762,344
71763,347
71764,341
71765,352
71766,348
71767,354
71768,346
71769,345
71770,346
71771,354
71772,346
71773,359
71774,359
71775,361
71776,350
71777,361
71778,352
71779,349
71780,353
71781,346
71782,353
71783,354
71784,362
71785,347
71786,357
71787,361
71788,363
71789,356
71790,355
71791,364
71792,359
71793,354
71794,361
71795,354
71796,359
71797,355
71798,355
71799,359
71800,357
71801,353
71802,351
71803,360
71804,358
71805,354
71806,350
71807,354
71808,360
71809,359
71810,359
71811,361
71812,360
71813,360
71814,358
71815,354
71816,351
71817,352
71818,361
71819,365
71820,354
71821,350
71822,356
71823,359
71824,358
71825,360
71826,354
71827,355
71828,356
71829,363
71830,359
71831,346
71832,354
71833,358
71834,355
71835,350
71836,350
71837,361
71838,348
71839,354
71840,352
71841,355
71842,351
71843,355
71844,352
71845,353
71846,356
71847,349
71848,349
71849,356
71850,358
71851,356
71852,342
71853,335
71854,347
71855,354
71856,349
71857,345
71858,348
71859,345
71860,337
71861,346
71862,349
71863,350
71864,338
71865,339
71866,341
71867,347
71868,343
71869,349
71870,347
71871,346
71872,340
71873,348
71874,346
71875,347
71876,341
71877,347
71878,344
71879,345
71880,342
71881,356
71882,356
71883,355
71884,354
71885,352
71886,354
71887,360
71888,356
71889,349
71890,346
71891,348
71892,343
71893,347
71894,345
71895,346
71896,339
71897,343
71898,336
71899,336
71900,340
71901,350
71902,350
71903,347
71904,347
71905,352
71906,350
71907,356
71908,347
71909,353
71910,351
71911,341
71912,351
71913,347
71914,352
71915,356
71916,360
71917,351
71918,337
71919,356
71920,340
71921,343
71922,343
71923,347
71924,348
71925,361
71926,346
71927,346
71928,362
71929,352
71930,354
71931,364
71932,346
71933,341
71934,347
71935,357
71936,352
71937,353
71938,362
71939,351
71940,352
71941,354
71942,360
71943,350
71944,350
71945,347
71946,343
71947,350
71948,346
71949,349
71950,351
71951,356
71952,357
71953,361
71954,357
71955,352
71956,359
71957,367
71958,368
71959,355
71960,358
71961,360
71962,360
71963,358
71964,363
71965,361
71966,361
71967,357
71968,363
71969,368
71970,363
71971,373
71972,369
71973,369
71974,360
71975,362
71976,363
71977,364
71978,360
71979,370
71980,383
71981,369
71982,362
71983,369
71984,373
71985,370
71986,376
71987,365
71988,365
71989,371
71990,369
71991,370
71992,358
71993,360
71994,361
71995,361
71996,366
71997,364
71998,364
71999,357
72000,362
72001,357
72002,360
72003,355
72004,357
72005,359
72006,358
72007,356
72008,368
72009,352
72010,364
72011,356
72012,356
72013,343
72014,357
72015,336
72016,353
72017,345
72018,343
72019,353
72020,357
72021,348
72022,350
72023,349
72024,343
72025,344
72026,339
72027,341
72028,345
72029,333
72030,344
72031,341
72032,327
72033,332
72034,337
72035,338
72036,322
72037,330
72038,327
72039,333
72040,347
72041,323
72042,334
72043,333
72044,339
72045,342
72046,338
72047,340
72048,336
72049,332
72050,321
72051,338
72052,329
72053,334
72054,333
72055,334
72056,335
72057,338
72058,339
72059,327
72060,331
72061,334
72062,344
72063,342
72064,343
72065,352
72066,344
72067,347
72068,348
72069,344
72070,339
72071,338
72072,353
72073,342
72074,345
72075,336
72076,347
72077,335
72078,338
72079,338
72080,336
72081,343
72082,337
72083,333
72084,324
72085,338
72086,333
72087,346
72088,348
72089,345
72090,336
72091,343
72092,343
72093,344
72094,353
72095,357
72096,363
72097,383
72098,383
72099,385
72100,399
72101,401
72102,395
72103,396
72104,392
72105,407
72106,390
72107,416
72108,407
72109,403
72110,415
72111,406
72112,407
72113,404
72114,406
72115,425
72116,419
72117,410
72118,416
72119,423
72120,425
72121,420
72122,421
72123,419
72124,415
72125,418
72126,420
72127,407
72128,409
72129,402
72130,399
72131,391
72132,384
72133,392
72134,399
72135,386
72136,378
72137,359
72138,377
72139,361
72140,374
72141,365
72142,355
72143,341
72144,304
72145,284
72146,272
72147,272
72148,259
72149,253
72150,258
72151,246
72152,244
72153,247
72154,252
72155,257
72156,254
72157,256
72158,254
72159,251
72160,258
72161,253
72162,253
72163,260
72164,269
72165,256
72166,266
72167,260
72168,263
72169,259
72170,264
72171,270
72172,259
72173,262
72174,263
72175,269
72176,280
72177,281
72178,290
72179,299
72180,306
72181,309
72182,301
72183,299
72184,306
72185,306
72186,306
72187,298
72188,302
72189,320
72190,336
72191,365
72192,378
72193,391
72194,387
72195,382
72196,383
72197,391
72198,382
72199,380
72200,383
72201,384
72202,386
72203,377
72204,381
72205,378
72206,391
72207,374
72208,380
72209,384
72210,388
72211,377
72212,378
72213,378
72214,371
72215,378
72216,377
72217,377
72218,373
72219,379
72220,374
72221,375
72222,374
72223,372
72224,378
72225,372
72226,372
72227,361
72228,370
72229,370
72230,388
72231,375
72232,377
72233,368
72234,362
72235,377
72236,376
72237,363
72238,368
72239,378
72240,372
72241,383
72242,371
72243,380
72244,370
72245,376
72246,374
72247,383
72248,365
72249,364
72250,349
72251,367
72252,361
72253,366
72254,367
72255,353
72256,357
72257,353
72258,351
72259,358
72260,352
72261,341
72262,350
72263,335
72264,338
72265,331
72266,320
72267,318
72268,323
72269,316
72270,323
72271,313
72272,318
72273,315
72274,321
72275,317
72276,317
72277,313
72278,318
72279,316
72280,312
72281,308
72282,320
72283,309
72284,313
72285,314
72286,322
72287,309
72288,297
72289,297
72290,295
72291,301
72292,298
72293,297
72294,292
72295,290
72296,292
72297,291
