data/raw/Flight7/CPC3772_POLAR6_20150413_r2_NETCARE.ict
35,1001
Abbatt,Jon
University of Toronto
Polar 6
NETCARE
1,1
2015,4,13,2017,8,16
1
time,seconds,seconds from start in UTC
1
1
-99999
conc,number of particles per cm3
0
20
PI_CONTACT_INFO: 80 St. George Street; Toronto; ON M5S 3H6 CANADA; email: jabbatt@chem.utoronto.ca
PLATFORM: Polar 6 aircraft
LOCATION: Canadian Arctic near Alert
ASSOCIATED_DATA: none
INSTRUMENT_INFO: Condensation Particle Counter Model 3772 is an instrument that detects airborne particles down to 10 nm at an aerosol flow rate of 1.0 L/min, over a concentration range from 0 to 10^4 particles/cm^3 
DATA_INFO: all relevant information is given above
UNCERTAINTY:  ±10% of measured value
ULOD_FLAG: -7777
ULOD_VALUE: N/As
LLOD_FLAG: -8888
LLOD_VALUE: N/A
DM_CONTACT_INFO: Data collected by Julia Burkart. Please direct all correspondence to Jon Abbatt: jabbatt@chem.utoronto.ca
PROJECT_INFO: Polar 6 NETCARE Spring 2015 campaign
STIPULATIONS_ON_USE: N/A
OTHER_COMMENTS: N/A
REVISION: R2, R1, R0
R2: zero and filter measurements are removed
R1: uncorrected raw data
R0: raw data
time,conc
54867,261
54868,242
54869,229
54870,256
54871,262
54872,194
54873,189
54874,185
54875,188
54876,193
54877,199
54878,219
54879,242
54880,281
54881,307
54882,359
54883,363
54884,329
54885,303
54886,258
54887,244
54888,248
54889,228
54890,242
54891,261
54892,277
54893,219
54894,186
54895,188
54896,190
54897,186
54898,184
54899,186
54900,181
54901,180
54902,182
54903,185
54904,179
54905,176
54906,181
54907,184
54908,180
54909,185
54910,179
54911,179
54912,181
54913,176
54914,182
54915,179
54916,174
54917,171
54918,172
54919,172
54920,171
54921,169
54922,176
54923,170
54924,174
54925,171
54926,166
54927,172
54928,171
54929,173
54930,162
54931,170
54932,171
54933,165
54934,167
54935,167
54936,177
54937,167
54938,173
54939,163
54940,171
54941,172
54942,172
54943,173
54944,167
54945,169
54946,162
54947,164
54948,171
54949,164
54950,169
54951,170
54952,168
54953,162
54954,170
54955,163
54956,164
54957,159
54958,162
54959,164
54960,163
54961,153
54962,154
54963,165
54964,162
54965,164
54966,162
54967,157
54968,159
54969,161
54970,158
54971,168
54972,162
54973,161
54974,170
54975,172
54976,166
54977,170
54978,169
54979,174
54980,174
54981,173
54982,171
54983,171
54984,176
54985,176
54986,174
54987,175
54988,172
54989,169
54990,174
54991,183
54992,177
54993,177
54994,177
54995,176
54996,182
54997,182
54998,176
54999,178
55000,181
55001,182
55002,166
55003,174
55004,181
55005,165
55006,172
55007,173
55008,168
55009,172
55010,173
55011,173
55012,172
55013,170
55014,169
55015,168
55016,165
55017,164
55018,161
55019,159
55020,171
55021,168
55022,165
55023,163
55024,168
55025,165
55026,156
55027,155
55028,156
55029,151
55030,156
55031,151
55032,157
55033,154
55034,153
55035,153
55036,150
55037,156
55038,155
55039,156
55040,156
55041,151
55042,155
55043,153
55044,154
55045,149
55046,159
55047,148
55048,148
55049,157
55050,151
55051,147
55052,156
55053,155
55054,153
55055,152
55056,152
55057,152
55058,152
55059,151
55060,154
55061,147
55062,152
55063,153
55064,154
55065,149
55066,149
55067,148
55068,151
55069,147
55070,159
55071,154
55072,151
55073,155
55074,158
55075,149
55076,151
55077,153
55078,153
55079,150
55080,146
55081,148
55082,159
55083,153
55084,153
55085,150
55086,155
55087,158
55088,149
55089,153
55090,149
55091,154
55092,155
55093,154
55094,149
55095,158
55096,151
55097,154
55098,152
55099,154
55100,158
55101,156
55102,153
55103,156
55104,152
55105,153
55106,156
55107,154
55108,154
55109,168
55110,162
55111,166
55112,133
55113,-99999
55114,-99999
55115,-99999
55116,-99999
55117,-99999
55118,-99999
55119,-99999
55120,-99999
55121,-99999
55122,-99999
55123,-99999
55124,-99999
55125,-99999
55126,-99999
55127,-99999
55128,-99999
55129,-99999
55130,-99999
55131,-99999
55132,-99999
55133,-99999
55134,-99999
55135,-99999
55136,-99999
55137,-99999
55138,-99999
55139,-99999
55140,-99999
55141,-99999
55142,-99999
55143,-99999
55144,-99999
55145,-99999
55146,-99999
55147,-99999
55148,-99999
55149,-99999
55150,-99999
55151,-99999
55152,-99999
55153,-99999
55154,-99999
55155,-99999
55156,-99999
55157,-99999
55158,-99999
55159,-99999
55160,-99999
55161,-99999
55162,-99999
55163,-99999
55164,-99999
55165,-99999
55166,-99999
55167,-99999
55168,-99999
55169,-99999
55170,-99999
55171,-99999
55172,-99999
55173,-99999
55174,-99999
55175,-99999
55176,-99999
55177,-99999
55178,-99999
55179,-99999
55180,-99999
55181,-99999
55182,-99999
55183,-99999
55184,-99999
55185,-99999
55186,-99999
55187,-99999
55188,-99999
55189,-99999
55190,-99999
55191,21
55192,24
55193,25
55194,22
55195,26
55196,26
55197,28
55198,23
55199,22
55200,35
55201,32
55202,30
55203,27
55204,29
55205,27
55206,28
55207,31
55208,35
55209,32
55210,33
55211,29
55212,40
55213,34
55214,32
55215,36
55216,36
55217,33
55218,30
55219,37
55220,36
55221,36
55222,39
55223,32
55224,39
55225,30
55226,36
55227,35
55228,37
55229,37
55230,37
55231,34
55232,32
55233,38
55234,38
55235,30
55236,34
55237,41
55238,38
55239,36
55240,35
55241,38
55242,40
55243,34
55244,33
55245,33
55246,42
55247,37
55248,37
55249,35
55250,31
55251,40
55252,35
55253,33
55254,42
55255,32
55256,39
55257,44
55258,38
55259,33
55260,40
55261,33
55262,35
55263,35
55264,31
55265,37
55266,38
55267,40
55268,31
55269,33
55270,44
55271,31
55272,36
55273,36
55274,40
55275,30
55276,34
55277,36
55278,35
55279,27
55280,38
55281,37
55282,34
55283,32
55284,32
55285,39
55286,36
55287,40
55288,31
55289,32
55290,31
55291,40
55292,36
55293,29
55294,37
55295,33
55296,30
55297,40
55298,33
55299,34
55300,37
55301,33
55302,37
55303,35
55304,34
55305,33
55306,27
55307,31
55308,38
55309,32
55310,36
55311,38
55312,38
55313,30
55314,38
55315,31
55316,34
55317,39
55318,31
55319,44
55320,35
55321,33
55322,31
55323,32
55324,33
55325,31
55326,40
55327,32
55328,33
55329,38
55330,29
55331,31
55332,31
55333,31
55334,35
55335,34
55336,34
55337,36
55338,33
55339,32
55340,39
55341,33
55342,29
55343,31
55344,33
55345,36
55346,32
55347,34
55348,29
55349,35
55350,31
55351,36
55352,26
55353,34
55354,37
55355,32
55356,37
55357,35
55358,29
55359,26
55360,31
55361,34
55362,32
55363,34
55364,36
55365,28
55366,29
55367,30
55368,33
55369,27
55370,33
55371,29
55372,33
55373,32
55374,27
55375,28
55376,29
55377,36
55378,30
55379,21
55380,29
55381,30
55382,30
55383,30
55384,30
55385,28
55386,35
55387,31
55388,29
55389,28
55390,32
55391,31
55392,26
55393,32
55394,22
55395,32
55396,33
55397,28
55398,27
55399,30
55400,33
55401,25
55402,25
55403,29
55404,29
55405,31
55406,24
55407,27
55408,29
55409,27
55410,25
55411,28
55412,31
55413,30
55414,30
55415,29
55416,25
55417,28
55418,25
55419,30
55420,32
55421,26
55422,28
55423,24
55424,28
55425,23
55426,27
55427,28
55428,27
55429,24
55430,33
55431,24
55432,25
55433,27
55434,28
55435,29
55436,28
55437,22
55438,27
55439,25
55440,27
55441,30
55442,26
55443,29
55444,24
55445,23
55446,27
55447,29
55448,28
55449,25
55450,22
55451,29
55452,24
55453,22
55454,23
55455,27
55456,22
55457,25
55458,25
55459,22
55460,21
55461,23
55462,24
55463,29
55464,20
55465,24
55466,24
55467,21
55468,27
55469,25
55470,24
55471,25
55472,26
55473,23
55474,21
55475,25
55476,23
55477,26
55478,21
55479,25
55480,22
55481,26
55482,26
55483,31
55484,21
55485,19
55486,26
55487,23
55488,20
55489,24
55490,22
55491,21
55492,24
55493,23
55494,20
55495,25
55496,26
55497,23
55498,19
55499,24
55500,20
55501,22
55502,21
55503,23
55504,22
55505,26
55506,27
55507,23
55508,20
55509,23
55510,22
55511,22
55512,24
55513,23
55514,25
55515,18
55516,26
55517,22
55518,25
55519,25
55520,22
55521,22
55522,25
55523,23
55524,25
55525,23
55526,20
55527,23
55528,25
55529,22
55530,20
55531,24
55532,21
55533,24
55534,26
55535,21
55536,23
55537,22
55538,23
55539,25
55540,25
55541,21
55542,21
55543,23
55544,23
55545,26
55546,26
55547,19
55548,20
55549,24
55550,20
55551,21
55552,23
55553,24
55554,21
55555,20
55556,24
55557,25
55558,20
55559,20
55560,22
55561,24
55562,25
55563,25
55564,17
55565,21
55566,24
55567,23
55568,24
55569,21
55570,26
55571,24
55572,23
55573,19
55574,25
55575,23
55576,18
55577,24
55578,21
55579,22
55580,20
55581,29
55582,23
55583,21
55584,25
55585,23
55586,20
55587,23
55588,20
55589,23
55590,24
55591,22
55592,17
55593,21
55594,22
55595,25
55596,21
55597,21
55598,21
55599,20
55600,22
55601,26
55602,22
55603,22
55604,20
55605,24
55606,23
55607,21
55608,26
55609,22
55610,21
55611,21
55612,28
55613,27
55614,23
55615,26
55616,17
55617,27
55618,27
55619,23
55620,22
55621,23
55622,24
55623,23
55624,23
55625,25
55626,25
55627,25
55628,22
55629,27
55630,23
55631,25
55632,22
55633,23
55634,28
55635,24
55636,23
55637,23
55638,24
55639,25
55640,23
55641,23
55642,24
55643,20
55644,25
55645,26
55646,23
55647,24
55648,24
55649,25
55650,27
55651,22
55652,30
55653,24
55654,26
55655,28
55656,23
55657,22
55658,25
55659,24
55660,25
55661,23
55662,24
55663,26
55664,29
55665,23
55666,23
55667,25
55668,24
55669,24
55670,22
55671,26
55672,24
55673,22
55674,28
55675,22
55676,27
55677,22
55678,26
55679,30
55680,22
55681,23
55682,27
55683,24
55684,26
55685,24
55686,26
55687,24
55688,25
55689,26
55690,24
55691,30
55692,21
55693,23
55694,24
55695,25
55696,28
55697,24
55698,22
55699,27
55700,20
55701,27
55702,25
55703,20
55704,24
55705,24
55706,26
55707,25
55708,26
55709,19
55710,27
55711,25
55712,-99999
55713,-99999
55714,-99999
55715,-99999
55716,-99999
55717,-99999
55718,-99999
55719,-99999
55720,-99999
55721,-99999
55722,-99999
55723,-99999
55724,-99999
55725,-99999
55726,29
55727,29
55728,23
55729,26
55730,25
55731,23
55732,21
55733,28
55734,26
55735,18
55736,23
55737,22
55738,26
55739,26
55740,21
55741,26
55742,24
55743,24
55744,23
55745,29
55746,22
55747,18
55748,22
55749,29
55750,21
55751,21
55752,24
55753,24
55754,23
55755,21
55756,24
55757,23
55758,23
55759,20
55760,19
55761,23
55762,22
55763,22
55764,19
55765,23
55766,24
55767,22
55768,19
55769,24
55770,19
55771,21
55772,21
55773,18
55774,22
55775,21
55776,19
55777,22
55778,20
55779,24
55780,18
55781,20
55782,21
55783,19
55784,18
55785,18
55786,22
55787,17
55788,22
55789,17
55790,21
55791,22
55792,22
55793,17
55794,19
55795,20
55796,20
55797,20
55798,20
55799,19
55800,19
55801,20
55802,16
55803,21
55804,21
55805,19
55806,17
55807,20
55808,21
55809,17
55810,13
55811,21
55812,20
55813,17
55814,20
55815,18
55816,19
55817,19
55818,18
55819,19
55820,16
55821,19
55822,18
55823,18
55824,19
55825,19
55826,17
55827,16
55828,16
55829,15
55830,18
55831,17
55832,18
55833,16
55834,18
55835,17
55836,18
55837,16
55838,18
55839,16
55840,16
55841,16
55842,19
55843,16
55844,16
55845,17
55846,14
55847,16
55848,19
55849,13
55850,17
55851,14
55852,19
55853,13
55854,14
55855,15
55856,19
55857,15
55858,15
55859,13
55860,16
55861,17
55862,14
55863,16
55864,16
55865,15
55866,14
55867,18
55868,15
55869,19
55870,16
55871,15
55872,16
55873,14
55874,15
55875,16
55876,15
55877,17
55878,17
55879,12
55880,16
55881,14
55882,15
55883,16
55884,12
55885,12
55886,15
55887,15
55888,14
55889,13
55890,15
55891,16
55892,11
55893,15
55894,13
55895,11
55896,16
55897,14
55898,14
55899,10
55900,12
55901,14
55902,14
55903,20
55904,35
55905,56
55906,70
55907,116
55908,318
55909,60
55910,15
55911,11
55912,13
55913,13
55914,13
55915,13
55916,13
55917,13
55918,14
55919,13
55920,12
55921,15
55922,13
55923,13
55924,11
55925,13
55926,13
55927,11
55928,15
55929,12
55930,12
55931,11
55932,13
55933,-99999
55934,-99999
55935,-99999
55936,224
55937,214
55938,223
55939,216
55940,211
55941,217
55942,212
55943,218
55944,219
55945,216
55946,217
55947,215
55948,213
55949,214
55950,221
55951,224
55952,216
55953,215
55954,221
55955,218
55956,219
55957,212
55958,213
55959,213
55960,218
55961,217
55962,219
55963,221
55964,213
55965,223
55966,215
55967,222
55968,219
55969,211
55970,221
55971,218
55972,226
55973,217
55974,219
55975,222
55976,220
55977,219
55978,221
55979,217
55980,214
55981,218
55982,217
55983,219
55984,214
55985,223
55986,219
55987,217
55988,212
55989,217
55990,223
55991,217
55992,223
55993,218
55994,215
55995,214
55996,215
55997,214
55998,213
55999,215
56000,224
56001,215
56002,217
56003,217
56004,220
56005,227
56006,217
56007,217
56008,213
56009,221
56010,218
56011,226
56012,214
56013,219
56014,221
56015,222
56016,217
56017,215
56018,219
56019,222
56020,217
56021,219
56022,215
56023,227
56024,214
56025,219
56026,217
56027,222
56028,219
56029,219
56030,222
56031,220
56032,221
56033,222
56034,214
56035,220
56036,222
56037,224
56038,220
56039,217
56040,216
56041,223
56042,219
56043,216
56044,224
56045,220
56046,218
56047,222
56048,218
56049,217
56050,215
56051,220
56052,216
56053,222
56054,219
56055,217
56056,227
56057,208
56058,220
56059,218
56060,220
56061,215
56062,211
56063,218
56064,222
56065,218
56066,229
56067,225
56068,222
56069,226
56070,218
56071,217
56072,222
56073,220
56074,219
56075,219
56076,215
56077,217
56078,220
56079,216
56080,224
56081,217
56082,215
56083,218
56084,222
56085,218
56086,223
56087,219
56088,224
56089,227
56090,222
56091,223
56092,224
56093,221
56094,221
56095,229
56096,227
56097,222
56098,222
56099,218
56100,216
56101,223
56102,222
56103,227
56104,223
56105,220
56106,217
56107,222
56108,218
56109,224
56110,215
56111,217
56112,222
56113,228
56114,228
56115,216
56116,225
56117,220
56118,228
56119,216
56120,223
56121,223
56122,223
56123,217
56124,220
56125,224
56126,219
56127,224
56128,222
56129,226
56130,222
56131,220
56132,219
56133,223
56134,221
56135,221
56136,219
56137,216
56138,223
56139,227
56140,226
56141,223
56142,223
56143,218
56144,216
56145,222
56146,213
56147,226
56148,228
56149,229
56150,222
56151,228
56152,236
56153,221
56154,232
56155,221
56156,231
56157,228
56158,233
56159,231
56160,232
56161,234
56162,232
56163,245
56164,239
56165,240
56166,230
56167,242
56168,236
56169,239
56170,244
56171,239
56172,243
56173,242
56174,239
56175,242
56176,238
56177,243
56178,245
56179,252
56180,251
56181,254
56182,256
56183,257
56184,253
56185,259
56186,253
56187,259
56188,251
56189,259
56190,260
56191,263
56192,256
56193,258
56194,261
56195,262
56196,267
56197,266
56198,262
56199,277
56200,268
56201,262
56202,267
56203,269
56204,262
56205,271
56206,269
56207,262
56208,267
56209,268
56210,272
56211,279
56212,270
56213,280
56214,278
56215,266
56216,280
56217,268
56218,275
56219,279
56220,278
56221,268
56222,273
56223,281
56224,279
56225,274
56226,278
56227,272
56228,270
56229,272
56230,268
56231,289
56232,280
56233,271
56234,278
56235,278
56236,276
56237,278
56238,280
56239,288
56240,288
56241,280
56242,279
56243,295
56244,299
56245,294
56246,296
56247,295
56248,299
56249,287
56250,288
56251,295
56252,288
56253,295
56254,296
56255,286
56256,305
56257,298
56258,300
56259,289
56260,290
56261,288
56262,285
56263,292
56264,290
56265,289
56266,288
56267,295
56268,289
56269,286
56270,288
56271,289
56272,293
56273,292
56274,286
56275,281
56276,289
56277,292
56278,283
56279,288
56280,286
56281,291
56282,285
56283,285
56284,295
56285,282
56286,273
56287,284
56288,285
56289,279
56290,282
56291,279
56292,278
56293,284
56294,289
56295,294
56296,278
56297,279
56298,283
56299,276
56300,276
56301,281
56302,280
56303,275
56304,277
56305,274
56306,275
56307,271
56308,276
56309,278
56310,276
56311,274
56312,278
56313,276
56314,282
56315,274
56316,281
56317,272
56318,275
56319,275
56320,271
56321,270
56322,277
56323,276
56324,273
56325,270
56326,272
56327,274
56328,282
56329,270
56330,279
56331,271
56332,276
56333,271
56334,266
56335,278
56336,265
56337,273
56338,272
56339,268
56340,284
56341,270
56342,268
56343,271
56344,275
56345,268
56346,267
56347,267
56348,269
56349,264
56350,274
56351,265
56352,268
56353,266
56354,266
56355,270
56356,270
56357,276
56358,267
56359,272
56360,268
56361,272
56362,265
56363,266
56364,274
56365,279
56366,270
56367,264
56368,253
56369,269
56370,271
56371,262
56372,265
56373,266
56374,267
56375,261
56376,262
56377,265
56378,273
56379,263
56380,266
56381,263
56382,261
56383,265
56384,248
56385,262
56386,267
56387,261
56388,261
56389,261
56390,263
56391,267
56392,262
56393,265
56394,261
56395,268
56396,252
56397,265
56398,262
56399,264
56400,267
56401,270
56402,262
56403,261
56404,266
56405,264
56406,263
56407,263
56408,260
56409,266
56410,257
56411,261
56412,253
56413,266
56414,259
56415,265
56416,265
56417,265
56418,264
56419,264
56420,256
56421,264
56422,254
56423,259
56424,258
56425,266
56426,256
56427,258
56428,264
56429,263
56430,257
56431,268
56432,259
56433,258
56434,261
56435,262
56436,264
56437,261
56438,268
56439,256
56440,260
56441,255
56442,263
56443,258
56444,257
56445,264
56446,269
56447,264
56448,256
56449,260
56450,266
56451,260
56452,253
56453,265
56454,258
56455,259
56456,263
56457,260
56458,260
56459,258
56460,254
56461,256
56462,257
56463,258
56464,257
56465,262
56466,262
56467,257
56468,264
56469,262
56470,256
56471,256
56472,260
56473,263
56474,259
56475,264
56476,259
56477,256
56478,266
56479,260
56480,262
56481,256
56482,260
56483,257
56484,258
56485,253
56486,258
56487,259
56488,264
56489,266
56490,258
56491,261
56492,258
56493,256
56494,258
56495,261
56496,257
56497,252
56498,264
56499,267
56500,254
56501,260
56502,265
56503,253
56504,262
56505,262
56506,256
56507,256
56508,251
56509,254
56510,263
