NETCARE2015/data/raw/Flight7/CPC3776_POLAR6_20150413_r2_NETCARE.ict
35,1001
Abbatt,Jon
University of Toronto
Polar 6
NETCARE
1,1
2015,4,13,2017,8,16
1
time,seconds,seconds from start in UTC
1
1
-99999
conc,number of particles per cm3
0
20
PI_CONTACT_INFO: 80 St. George Street; Toronto; ON M5S 3H6 CANADA; email: jabbatt@chem.utoronto.ca
PLATFORM: Polar 6 aircraft
LOCATION: Canadian Arctic near Alert
ASSOCIATED_DATA: none
INSTRUMENT_INFO: The Ultrafine Condensation Particle Counter 3776 is a continuous-flow instrument that detects particles down to 2.5 nm. It operates at an aerosol flow rate of 50 cm^3/min and detects concentrations from 0 to 300 000 particles/cm^3 with coincidence correction.
DATA_INFO: all relevant information is given above
UNCERTAINTY:  ±10% of measured value
ULOD_FLAG: -7777
ULOD_VALUE: N/As
LLOD_FLAG: -8888
LLOD_VALUE: N/A
DM_CONTACT_INFO: Data collected by Julia Burkart. Please direct all correspondence to Jon Abbatt: jabbatt@chem.utoronto.ca
PROJECT_INFO: Polar 6 NETCARE Spring 2015 campaign
STIPULATIONS_ON_USE: N/A
OTHER_COMMENTS: N/A
REVISION: R2, R1, R0
R2: zero and filter measurements are removed
R1: uncorrected raw data
R0: raw data
time,conc
54867,-99999
54868,-99999
54869,-99999
54870,-99999
54871,-99999
54872,-99999
54873,-99999
54874,-99999
54875,-99999
54876,-99999
54877,-99999
54878,-99999
54879,-99999
54880,-99999
54881,-99999
54882,-99999
54883,-99999
54884,-99999
54885,-99999
54886,-99999
54887,-99999
54888,-99999
54889,-99999
54890,-99999
54891,-99999
54892,-99999
54893,-99999
54894,-99999
54895,-99999
54896,-99999
54897,-99999
54898,-99999
54899,-99999
54900,-99999
54901,-99999
54902,-99999
54903,-99999
54904,-99999
54905,-99999
54906,-99999
54907,-99999
54908,-99999
54909,-99999
54910,-99999
54911,-99999
54912,-99999
54913,-99999
54914,-99999
54915,-99999
54916,-99999
54917,-99999
54918,-99999
54919,-99999
54920,-99999
54921,-99999
54922,-99999
54923,-99999
54924,-99999
54925,-99999
54926,-99999
54927,-99999
54928,-99999
54929,-99999
54930,-99999
54931,-99999
54932,-99999
54933,-99999
54934,-99999
54935,-99999
54936,-99999
54937,-99999
54938,-99999
54939,-99999
54940,-99999
54941,-99999
54942,-99999
54943,-99999
54944,-99999
54945,-99999
54946,-99999
54947,-99999
54948,-99999
54949,-99999
54950,-99999
54951,-99999
54952,-99999
54953,-99999
54954,-99999
54955,-99999
54956,-99999
54957,-99999
54958,-99999
54959,-99999
54960,-99999
54961,-99999
54962,-99999
54963,-99999
54964,-99999
54965,-99999
54966,-99999
54967,-99999
54968,-99999
54969,-99999
54970,-99999
54971,-99999
54972,-99999
54973,-99999
54974,-99999
54975,-99999
54976,-99999
54977,-99999
54978,-99999
54979,-99999
54980,-99999
54981,-99999
54982,-99999
54983,-99999
54984,-99999
54985,-99999
54986,-99999
54987,-99999
54988,-99999
54989,-99999
54990,-99999
54991,-99999
54992,-99999
54993,-99999
54994,-99999
54995,-99999
54996,-99999
54997,-99999
54998,-99999
54999,-99999
55000,-99999
55001,-99999
55002,-99999
55003,-99999
55004,-99999
55005,-99999
55006,-99999
55007,-99999
55008,-99999
55009,-99999
55010,-99999
55011,-99999
55012,-99999
55013,-99999
55014,-99999
55015,-99999
55016,-99999
55017,-99999
55018,-99999
55019,-99999
55020,-99999
55021,-99999
55022,-99999
55023,-99999
55024,-99999
55025,-99999
55026,-99999
55027,-99999
55028,-99999
55029,-99999
55030,-99999
55031,-99999
55032,-99999
55033,-99999
55034,-99999
55035,-99999
55036,-99999
55037,-99999
55038,-99999
55039,-99999
55040,-99999
55041,-99999
55042,-99999
55043,-99999
55044,-99999
55045,-99999
55046,-99999
55047,-99999
55048,-99999
55049,-99999
55050,-99999
55051,-99999
55052,-99999
55053,-99999
55054,-99999
55055,-99999
55056,-99999
55057,-99999
55058,-99999
55059,-99999
55060,-99999
55061,-99999
55062,-99999
55063,-99999
55064,-99999
55065,-99999
55066,-99999
55067,-99999
55068,-99999
55069,-99999
55070,-99999
55071,-99999
55072,-99999
55073,-99999
55074,-99999
55075,-99999
55076,-99999
55077,-99999
55078,-99999
55079,-99999
55080,-99999
55081,-99999
55082,-99999
55083,-99999
55084,-99999
55085,-99999
55086,-99999
55087,-99999
55088,-99999
55089,-99999
55090,-99999
55091,-99999
55092,-99999
55093,-99999
55094,-99999
55095,-99999
55096,-99999
55097,-99999
55098,-99999
55099,-99999
55100,-99999
55101,-99999
55102,-99999
55103,-99999
55104,-99999
55105,-99999
55106,-99999
55107,-99999
55108,-99999
55109,-99999
55110,-99999
55111,-99999
55112,-99999
55113,-99999
55114,-99999
55115,-99999
55116,-99999
55117,-99999
55118,-99999
55119,-99999
55120,-99999
55121,-99999
55122,-99999
55123,-99999
55124,-99999
55125,-99999
55126,-99999
55127,-99999
55128,-99999
55129,-99999
55130,-99999
55131,-99999
55132,-99999
55133,-99999
55134,-99999
55135,-99999
55136,-99999
55137,-99999
55138,-99999
55139,-99999
55140,-99999
55141,-99999
55142,-99999
55143,-99999
55144,-99999
55145,-99999
55146,-99999
55147,-99999
55148,-99999
55149,-99999
55150,-99999
55151,-99999
55152,-99999
55153,-99999
55154,-99999
55155,-99999
55156,-99999
55157,-99999
55158,-99999
55159,-99999
55160,-99999
55161,-99999
55162,-99999
55163,-99999
55164,-99999
55165,-99999
55166,-99999
55167,-99999
55168,-99999
55169,-99999
55170,-99999
55171,-99999
55172,-99999
55173,-99999
55174,-99999
55175,-99999
55176,-99999
55177,-99999
55178,-99999
55179,-99999
55180,-99999
55181,-99999
55182,-99999
55183,67
55184,49
55185,61
55186,47
55187,53
55188,42
55189,48
55190,48
55191,49
55192,34
55193,44
55194,30
55195,54
55196,48
55197,39
55198,33
55199,21
55200,37
55201,30
55202,38
55203,40
55204,34
55205,15
55206,34
55207,44
55208,40
55209,34
55210,35
55211,58
55212,23
55213,33
55214,34
55215,47
55216,41
55217,40
55218,13
55219,43
55220,35
55221,47
55222,27
55223,49
55224,22
55225,35
55226,26
55227,33
55228,36
55229,40
55230,56
55231,20
55232,51
55233,47
55234,33
55235,36
55236,47
55237,45
55238,27
55239,23
55240,47
55241,42
55242,34
55243,40
55244,27
55245,43
55246,49
55247,44
55248,35
55249,27
55250,48
55251,34
55252,35
55253,37
55254,35
55255,46
55256,50
55257,51
55258,35
55259,37
55260,40
55261,38
55262,29
55263,42
55264,30
55265,66
55266,29
55267,34
55268,37
55269,48
55270,27
55271,43
55272,36
55273,34
55274,28
55275,42
55276,29
55277,22
55278,40
55279,43
55280,43
55281,14
55282,36
55283,46
55284,49
55285,51
55286,32
55287,37
55288,33
55289,28
55290,35
55291,48
55292,37
55293,51
55294,49
55295,35
55296,45
55297,31
55298,35
55299,49
55300,33
55301,42
55302,43
55303,30
55304,31
55305,26
55306,34
55307,37
55308,37
55309,39
55310,57
55311,55
55312,36
55313,34
55314,29
55315,45
55316,31
55317,52
55318,31
55319,33
55320,40
55321,33
55322,35
55323,32
55324,41
55325,36
55326,34
55327,42
55328,37
55329,32
55330,35
55331,30
55332,31
55333,28
55334,34
55335,40
55336,38
55337,31
55338,36
55339,48
55340,30
55341,37
55342,45
55343,23
55344,36
55345,33
55346,26
55347,41
55348,36
55349,30
55350,43
55351,33
55352,48
55353,24
55354,47
55355,33
55356,28
55357,33
55358,28
55359,56
55360,34
55361,29
55362,40
55363,23
55364,29
55365,27
55366,30
55367,33
55368,27
55369,58
55370,15
55371,30
55372,35
55373,34
55374,28
55375,42
55376,44
55377,28
55378,34
55379,34
55380,28
55381,40
55382,38
55383,28
55384,47
55385,28
55386,40
55387,55
55388,37
55389,37
55390,33
55391,44
55392,20
55393,18
55394,40
55395,34
55396,30
55397,24
55398,28
55399,36
55400,27
55401,41
55402,28
55403,25
55404,22
55405,29
55406,28
55407,41
55408,19
55409,23
55410,21
55411,23
55412,37
55413,26
55414,27
55415,28
55416,30
55417,23
55418,42
55419,33
55420,29
55421,37
55422,28
55423,23
55424,25
55425,17
55426,22
55427,16
55428,27
55429,28
55430,33
55431,29
55432,41
55433,26
55434,13
55435,28
55436,22
55437,34
55438,22
55439,28
55440,30
55441,28
55442,21
55443,28
55444,25
55445,34
55446,41
55447,23
55448,17
55449,19
55450,41
55451,27
55452,21
55453,20
55454,31
55455,33
55456,27
55457,33
55458,18
55459,25
55460,27
55461,20
55462,40
55463,19
55464,34
55465,28
55466,20
55467,29
55468,15
55469,35
55470,29
55471,24
55472,21
55473,22
55474,40
55475,31
55476,31
55477,31
55478,17
55479,37
55480,27
55481,26
55482,26
55483,20
55484,16
55485,15
55486,26
55487,27
55488,23
55489,26
55490,33
55491,20
55492,22
55493,29
55494,22
55495,29
55496,16
55497,23
55498,22
55499,28
55500,27
55501,30
55502,24
55503,26
55504,27
55505,27
55506,33
55507,27
55508,22
55509,16
55510,15
55511,26
55512,24
55513,17
55514,23
55515,33
55516,24
55517,16
55518,21
55519,15
55520,17
55521,28
55522,22
55523,14
55524,22
55525,27
55526,26
55527,31
55528,28
55529,24
55530,21
55531,24
55532,15
55533,33
55534,10
55535,10
55536,14
55537,36
55538,18
55539,19
55540,21
55541,19
55542,26
55543,20
55544,22
55545,21
55546,13
55547,21
55548,29
55549,24
55550,28
55551,30
55552,31
55553,26
55554,26
55555,30
55556,20
55557,20
55558,17
55559,34
55560,27
55561,28
55562,27
55563,15
55564,20
55565,17
55566,30
55567,23
55568,35
55569,19
55570,31
55571,13
55572,26
55573,23
55574,17
55575,24
55576,24
55577,21
55578,19
55579,15
55580,38
55581,19
55582,29
55583,32
55584,21
55585,20
55586,20
55587,28
55588,20
55589,31
55590,24
55591,17
55592,24
55593,17
55594,30
55595,26
55596,21
55597,22
55598,28
55599,22
55600,24
55601,29
55602,13
55603,31
55604,27
55605,27
55606,29
55607,24
55608,31
55609,24
55610,28
55611,21
55612,30
55613,21
55614,22
55615,20
55616,29
55617,38
55618,20
55619,35
55620,15
55621,21
55622,29
55623,33
55624,31
55625,27
55626,23
55627,23
55628,24
55629,29
55630,21
55631,22
55632,27
55633,30
55634,22
55635,32
55636,25
55637,29
55638,23
55639,27
55640,29
55641,20
55642,15
55643,35
55644,26
55645,20
55646,22
55647,40
55648,27
55649,24
55650,17
55651,31
55652,32
55653,28
55654,39
55655,17
55656,37
55657,24
55658,24
55659,23
55660,29
55661,19
55662,29
55663,17
55664,30
55665,24
55666,27
55667,22
55668,26
55669,17
55670,27
55671,29
55672,25
55673,35
55674,35
55675,19
55676,23
55677,30
55678,24
55679,23
55680,22
55681,24
55682,22
55683,28
55684,36
55685,30
55686,23
55687,29
55688,26
55689,28
55690,24
55691,32
55692,25
55693,17
55694,24
55695,36
55696,32
55697,18
55698,32
55699,22
55700,24
55701,15
55702,24
55703,31
55704,19
55705,31
55706,32
55707,27
55708,19
55709,44
55710,25
55711,15
55712,22
55713,28
55714,28
55715,25
55716,31
55717,23
55718,27
55719,31
55720,32
55721,16
55722,30
55723,19
55724,21
55725,20
55726,24
55727,28
55728,23
55729,17
55730,17
55731,23
55732,47
55733,17
55734,14
55735,15
55736,26
55737,29
55738,22
55739,28
55740,22
55741,26
55742,28
55743,25
55744,22
55745,28
55746,17
55747,36
55748,19
55749,16
55750,12
55751,21
55752,27
55753,24
55754,16
55755,31
55756,17
55757,28
55758,22
55759,29
55760,12
55761,21
55762,17
55763,23
55764,22
55765,15
55766,22
55767,28
55768,23
55769,20
55770,29
55771,24
55772,28
55773,16
55774,13
55775,23
55776,22
55777,23
55778,22
55779,22
55780,14
55781,23
55782,16
55783,12
55784,23
55785,22
55786,18
55787,20
55788,22
55789,27
55790,33
55791,17
55792,24
55793,20
55794,9
55795,27
55796,19
55797,16
55798,16
55799,16
55800,14
55801,20
55802,23
55803,16
55804,17
55805,20
55806,30
55807,20
55808,17
55809,14
55810,23
55811,12
55812,21
55813,21
55814,20
55815,13
55816,23
55817,16
55818,14
55819,17
55820,17
55821,12
55822,21
55823,15
55824,17
55825,17
55826,9
55827,13
55828,16
55829,21
55830,17
55831,15
55832,15
55833,10
55834,14
55835,10
55836,25
55837,26
55838,15
55839,17
55840,18
55841,21
55842,14
55843,9
55844,22
55845,28
55846,14
55847,14
55848,23
55849,31
55850,14
55851,17
55852,21
55853,16
55854,15
55855,13
55856,19
55857,16
55858,21
55859,18
55860,25
55861,21
55862,22
55863,18
55864,17
55865,16
55866,23
55867,10
55868,17
55869,18
55870,16
55871,10
55872,24
55873,18
55874,21
55875,16
55876,23
55877,11
55878,13
55879,22
55880,13
55881,17
55882,17
55883,15
55884,13
55885,20
55886,16
55887,13
55888,14
55889,12
55890,23
55891,9
55892,15
55893,8
55894,17
55895,15
55896,21
55897,21
55898,7
55899,13
55900,12
55901,18
55902,36
55903,20
55904,98
55905,64
55906,331
55907,162
55908,6
55909,10
55910,6
55911,17
55912,12
55913,19
55914,15
55915,19
55916,13
55917,13
55918,18
55919,16
55920,14
55921,10
55922,9
55923,10
55924,17
55925,8
55926,15
55927,18
55928,13
55929,13
55930,12
55931,13
55932,-99999
55933,226
55934,241
55935,238
55936,245
55937,203
55938,209
55939,212
55940,222
55941,212
55942,249
55943,214
55944,226
55945,218
55946,202
55947,214
55948,250
55949,230
55950,244
55951,235
55952,214
55953,237
55954,219
55955,228
55956,206
55957,233
55958,223
55959,261
55960,215
55961,184
55962,244
55963,220
55964,232
55965,183
55966,189
55967,229
55968,224
55969,202
55970,234
55971,250
55972,214
55973,227
55974,225
55975,229
55976,205
55977,220
55978,234
55979,245
55980,205
55981,203
55982,192
55983,218
55984,208
55985,233
55986,230
55987,186
55988,192
55989,187
55990,221
55991,235
55992,197
55993,223
55994,220
55995,238
55996,234
55997,221
55998,226
55999,212
56000,213
56001,219
56002,225
56003,202
56004,229
56005,242
56006,247
56007,204
56008,243
56009,247
56010,215
56011,227
56012,224
56013,226
56014,230
56015,206
56016,216
56017,237
56018,220
56019,248
56020,212
56021,197
56022,195
56023,211
56024,214
56025,229
56026,227
56027,215
56028,211
56029,221
56030,223
56031,219
56032,206
56033,230
56034,232
56035,232
56036,233
56037,212
56038,211
56039,228
56040,205
56041,209
56042,222
56043,223
56044,217
56045,222
56046,214
56047,189
56048,194
56049,229
56050,228
56051,205
56052,242
56053,238
56054,226
56055,219
56056,202
56057,235
56058,213
56059,218
56060,236
56061,209
56062,208
56063,218
56064,218
56065,234
56066,231
56067,214
56068,241
56069,223
56070,247
56071,235
56072,207
56073,247
56074,200
56075,217
56076,215
56077,212
56078,217
56079,201
56080,234
56081,238
56082,233
56083,234
56084,221
56085,236
56086,213
56087,213
56088,244
56089,229
56090,232
56091,245
56092,196
56093,231
56094,211
56095,221
56096,212
56097,228
56098,219
56099,234
56100,229
56101,230
56102,214
56103,212
56104,223
56105,180
56106,208
56107,231
56108,206
56109,191
56110,222
56111,221
56112,199
56113,197
56114,235
56115,213
56116,232
56117,226
56118,211
56119,228
56120,208
56121,225
56122,245
56123,247
56124,220
56125,219
56126,201
56127,248
56128,217
56129,201
56130,231
56131,208
56132,217
56133,237
56134,243
56135,221
56136,200
56137,250
56138,204
56139,240
56140,204
56141,221
56142,222
56143,211
56144,218
56145,231
56146,205
56147,246
56148,220
56149,212
56150,241
56151,246
56152,233
56153,229
56154,266
56155,220
56156,233
56157,245
56158,270
56159,240
56160,243
56161,253
56162,235
56163,242
56164,230
56165,233
56166,250
56167,226
56168,236
56169,229
56170,231
56171,286
56172,236
56173,240
56174,248
56175,249
56176,249
56177,269
56178,244
56179,267
56180,237
56181,270
56182,273
56183,256
56184,292
56185,267
56186,257
56187,277
56188,260
56189,274
56190,250
56191,268
56192,246
56193,303
56194,306
56195,266
56196,259
56197,274
56198,286
56199,306
56200,259
56201,309
56202,252
56203,249
56204,290
56205,280
56206,295
56207,254
56208,292
56209,306
56210,288
56211,274
56212,285
56213,253
56214,281
56215,266
56216,274
56217,290
56218,261
56219,266
56220,247
56221,251
56222,283
56223,256
56224,267
56225,297
56226,261
56227,319
56228,309
56229,253
56230,287
56231,279
56232,326
56233,264
56234,257
56235,329
56236,274
56237,301
56238,266
56239,308
56240,300
56241,306
56242,281
56243,305
56244,286
56245,298
56246,299
56247,302
56248,277
56249,298
56250,274
56251,316
56252,283
56253,263
56254,269
56255,289
56256,308
56257,310
56258,329
56259,254
56260,355
56261,298
56262,317
56263,323
56264,294
56265,301
56266,292
56267,297
56268,315
56269,312
56270,318
56271,313
56272,277
56273,280
56274,313
56275,265
56276,319
56277,310
56278,296
56279,300
56280,291
56281,261
56282,261
56283,279
56284,293
56285,258
56286,302
56287,282
56288,277
56289,294
56290,283
56291,298
56292,301
56293,311
56294,265
56295,308
56296,318
56297,276
56298,297
56299,284
56300,244
56301,261
56302,293
56303,286
56304,267
56305,293
56306,261
56307,304
56308,290
56309,311
56310,296
56311,281
56312,280
56313,241
56314,251
56315,291
56316,274
56317,237
56318,260
56319,317
56320,283
56321,303
56322,279
56323,274
56324,265
56325,271
56326,288
56327,268
56328,285
56329,269
56330,278
56331,283
56332,279
56333,251
56334,324
56335,295
56336,264
56337,293
56338,243
56339,287
56340,264
56341,267
56342,266
56343,276
56344,232
56345,268
56346,292
56347,244
56348,278
56349,259
56350,239
56351,274
56352,281
56353,260
56354,271
56355,258
56356,301
56357,266
56358,268
56359,264
56360,244
56361,270
56362,281
56363,299
56364,240
56365,258
56366,265
56367,254
56368,260
56369,265
56370,294
56371,249
56372,302
56373,260
56374,263
56375,266
56376,276
56377,257
56378,247
56379,273
56380,270
56381,277
56382,256
56383,265
56384,275
56385,251
56386,260
56387,239
56388,245
56389,249
56390,281
56391,280
56392,254
56393,269
56394,256
56395,271
56396,263
56397,265
56398,249
56399,258
56400,249
56401,252
56402,260
56403,259
56404,255
56405,244
56406,268
56407,271
56408,253
56409,280
56410,241
56411,293
56412,309
56413,260
56414,273
56415,287
56416,260
56417,258
56418,252
56419,254
56420,289
56421,272
56422,252
56423,282
56424,259
56425,266
56426,257
56427,277
56428,248
56429,264
56430,249
56431,291
56432,275
56433,243
56434,276
56435,254
56436,263
56437,279
56438,298
56439,275
56440,261
56441,249
56442,242
56443,256
56444,266
56445,273
56446,267
