NETCARE2015/data/raw/Flight7/CPC3776_POLAR6_20150413_r2_NETCARE.ict
35,1001
Abbatt,Jon
University of Toronto
Polar 6
NETCARE
1,1
2015,4,13,2017,8,16
1
time,seconds,seconds from start in UTC
1
1
-99999
conc,number of particles per cm3
0
20
PI_CONTACT_INFO: 80 St. George Street; Toronto; ON M5S 3H6 CANADA; email: jabbatt@chem.utoronto.ca
PLATFORM: Polar 6 aircraft
LOCATION: Canadian Arctic near Alert
ASSOCIATED_DATA: none
INSTRUMENT_INFO: The Ultrafine Condensation Particle Counter 3776 is a continuous-flow instrument that detects particles down to 2.5 nm. It operates at an aerosol flow rate of 50 cm^3/min and detects concentrations from 0 to 300 000 particles/cm^3 with coincidence correction.
DATA_INFO: all relevant information is given above
UNCERTAINTY:  ±10% of measured value
ULOD_FLAG: -7777
ULOD_VALUE: N/As
LLOD_FLAG: -8888
LLOD_VALUE: N/A
DM_CONTACT_INFO: Data collected by Julia Burkart. Please direct all correspondence to Jon Abbatt: jabbatt@chem.utoronto.ca
PROJECT_INFO: Polar 6 NETCARE Spring 2015 campaign
STIPULATIONS_ON_USE: N/A
OTHER_COMMENTS: N/A
REVISION: R2, R1, R0
R2: zero and filter measurements are removed
R1: uncorrected raw data
R0: raw data
time,conc
[from data line 14140]
69007,173
69008,166
69009,196
69010,174
69011,161
69012,172
69013,166
69014,148
69015,154
69016,185
69017,178
69018,147
69019,163
69020,163
69021,193
69022,163
69023,178
69024,170
69025,186
69026,180
69027,171
69028,182
69029,177
69030,179
69031,164
69032,154
69033,182
69034,174
69035,176
69036,182
69037,169
69038,194
69039,180
69040,178
69041,170
69042,180
69043,188
69044,168
69045,168
69046,193
69047,186
69048,186
69049,185
69050,170
69051,190
69052,187
69053,194
69054,194
69055,191
69056,192
69057,166
69058,206
69059,160
69060,155
69061,169
69062,158
69063,186
69064,191
69065,190
69066,164
69067,177
69068,179
69069,197
69070,176
69071,175
69072,189
69073,180
69074,162
69075,208
69076,212
69077,187
69078,182
69079,189
69080,186
69081,182
69082,185
69083,158
69084,198
69085,183
69086,211
69087,165
69088,181
69089,184
69090,212
69091,179
69092,179
69093,178
69094,171
69095,192
69096,196
69097,184
69098,170
69099,167
69100,184
69101,187
69102,157
69103,196
69104,190
69105,189
69106,183
69107,169
69108,190
69109,175
69110,192
69111,191
69112,168
69113,197
69114,163
69115,189
69116,215
69117,184
69118,196
69119,221
69120,216
69121,202
69122,199
69123,189
69124,173
69125,203
69126,185
69127,183
69128,192
69129,187
69130,190
69131,179
69132,205
69133,188
69134,184
69135,193
69136,175
69137,177
69138,216
69139,178
69140,148
69141,199
69142,196
69143,187
69144,205
69145,191
69146,206
69147,189
69148,175
69149,213
69150,178
69151,177
69152,208
69153,221
69154,190
69155,187
69156,193
69157,211
69158,188
69159,183
69160,202
69161,185
69162,174
69163,171
69164,197
69165,187
69166,216
69167,169
69168,160
69169,166
69170,176
69171,205
69172,164
69173,173
69174,181
69175,167
69176,201
69177,211
69178,161
69179,175
69180,183
69181,185
69182,180
69183,203
69184,172
69185,162
69186,176
69187,192
69188,187
69189,215
69190,168
69191,189
69192,156
69193,195
69194,162
69195,193
69196,160
69197,179
69198,176
69199,180
69200,167
69201,178
69202,177
69203,203
69204,154
69205,170
69206,193
69207,165
69208,177
69209,179
69210,173
69211,187
69212,190
69213,176
69214,192
69215,168
69216,204
69217,176
69218,195
69219,171
69220,188
69221,172
69222,161
69223,188
69224,182
69225,164
69226,176
69227,182
69228,183
69229,193
69230,165
69231,178
69232,190
69233,209
69234,191
69235,181
69236,166
69237,167
69238,181
69239,177
69240,205
69241,192
69242,188
69243,151
69244,169
69245,187
69246,154
69247,198
69248,197
69249,204
69250,180
69251,169
69252,209
69253,165
69254,209
69255,192
69256,179
69257,191
69258,185
69259,158
69260,159
69261,199
69262,181
69263,197
69264,180
69265,194
69266,195
69267,181
69268,183
69269,185
69270,161
69271,196
69272,178
69273,193
69274,185
69275,187
69276,204
69277,193
69278,174
69279,189
69280,163
69281,180
69282,164
69283,148
69284,153
69285,178
69286,163
69287,181
69288,165
69289,202
69290,160
69291,189
69292,174
69293,180
69294,178
69295,171
69296,185
69297,152
69298,163
69299,166
69300,171
69301,171
69302,154
69303,159
69304,182
69305,214
69306,205
69307,170
69308,173
69309,215
69310,178
69311,178
69312,171
69313,170
69314,164
69315,160
69316,172
69317,179
69318,173
69319,153
69320,186
69321,173
69322,186
69323,166
69324,180
69325,158
69326,176
69327,187
69328,193
69329,174
69330,193
69331,176
69332,169
69333,198
69334,182
69335,169
69336,183
69337,185
69338,180
69339,173
69340,164
69341,166
69342,169
69343,166
69344,141
69345,160
69346,175
69347,170
69348,180
69349,208
69350,186
69351,168
69352,157
69353,183
69354,175
69355,173
69356,158
69357,169
69358,174
69359,166
69360,177
69361,187
69362,174
69363,166
69364,192
69365,181
69366,151
69367,190
69368,193
69369,169
69370,160
69371,170
69372,165
69373,216
69374,164
69375,165
69376,197
69377,212
69378,187
69379,169
69380,170
69381,191
69382,194
69383,177
69384,181
69385,179
69386,165
69387,168
69388,169
69389,150
69390,148
69391,182
69392,196
69393,171
69394,192
69395,180
69396,174
69397,167
69398,198
69399,196
69400,181
69401,166
69402,202
69403,184
69404,165
69405,156
69406,178
69407,190
69408,206
69409,203
69410,167
69411,187
69412,180
69413,182
69414,177
69415,176
69416,173
69417,208
69418,193
69419,173
69420,165
69421,177
69422,173
69423,182
69424,175
69425,183
69426,179
69427,153
69428,147
69429,188
69430,153
69431,181
69432,188
69433,176
69434,161
69435,185
69436,175
69437,185
69438,159
69439,175
69440,181
69441,163
69442,173
69443,173
69444,205
69445,204
69446,168
69447,203
69448,177
69449,153
69450,175
69451,195
69452,173
69453,174
69454,192
69455,192
69456,163
69457,169
69458,158
69459,180
69460,186
69461,175
69462,166
69463,198
69464,172
69465,167
69466,180
69467,161
69468,173
69469,164
69470,184
69471,178
69472,171
69473,158
69474,164
69475,188
69476,183
69477,175
69478,175
69479,217
69480,184
69481,187
69482,191
69483,190
69484,176
69485,167
69486,191
69487,157
69488,195
69489,166
69490,165
69491,171
69492,166
69493,145
69494,169
69495,163
69496,162
69497,170
69498,176
69499,182
69500,173
69501,176
69502,182
69503,184
69504,153
69505,167
69506,179
69507,162
69508,182
69509,157
69510,164
69511,174
69512,186
69513,195
69514,175
69515,167
69516,160
69517,183
69518,181
69519,175
69520,195
69521,179
69522,201
69523,163
69524,188
69525,175
69526,184
69527,199
69528,164
69529,166
69530,184
69531,196
69532,166
69533,159
69534,181
69535,197
69536,192
69537,181
69538,183
69539,183
69540,212
69541,207
69542,149
69543,187
69544,183
69545,175
69546,163
69547,174
69548,168
69549,156
69550,196
69551,181
69552,181
69553,204
69554,195
69555,199
69556,164
69557,169
69558,181
69559,181
69560,185
69561,183
69562,194
69563,172
69564,186
69565,172
69566,153
69567,140
69568,199
69569,142
69570,184
69571,194
69572,154
69573,214
69574,175
69575,204
69576,192
69577,167
69578,187
69579,166
69580,184
69581,197
69582,167
69583,164
69584,185
69585,175
69586,166
69587,164
69588,147
69589,163
69590,173
69591,163
69592,175
69593,177
69594,163
69595,154
69596,201
69597,183
69598,178
69599,155
69600,180
69601,156
69602,155
69603,169
69604,171
69605,162
69606,154
69607,157
69608,143
69609,178
69610,159
69611,184
69612,171
69613,157
69614,133
69615,183
69616,145
69617,165
69618,136
69619,125
69620,132
69621,141
69622,161
69623,147
69624,173
69625,156
69626,126
69627,146
69628,143
69629,152
69630,151
69631,135
69632,133
69633,136
69634,150
69635,125
69636,137
69637,145
69638,136
69639,137
69640,154
69641,134
69642,145
69643,122
69644,148
69645,124
69646,133
69647,114
69648,119
69649,122
69650,118
69651,128
69652,169
69653,167
69654,110
69655,154
69656,129
69657,150
69658,144
69659,141
69660,149
69661,134
69662,146
69663,146
69664,134
69665,129
69666,133
69667,123
69668,153
69669,154
69670,128
69671,152
69672,144
69673,133
69674,137
69675,148
69676,155
69677,144
69678,148
69679,146
69680,157
69681,136
69682,147
69683,156
69684,160
69685,146
69686,184
69687,178
69688,250
69689,249
69690,247
69691,222
69692,274
69693,253
69694,267
69695,256
69696,255
69697,245
69698,268
69699,266
69700,275
69701,269
69702,282
69703,264
69704,297
69705,301
69706,306
69707,317
69708,352
69709,318
69710,322
69711,327
69712,317
69713,327
69714,340
69715,351
69716,320
69717,359
69718,394
69719,367
69720,372
69721,370
69722,372
69723,366
69724,380
69725,356
69726,355
69727,379
69728,415
69729,397
69730,394
69731,345
69732,385
69733,377
69734,395
69735,373
69736,367
69737,367
69738,371
69739,380
69740,381
69741,367
69742,361
69743,390
69744,396
69745,393
69746,407
69747,360
69748,411
69749,411
69750,401
69751,381
69752,391
69753,400
69754,432
69755,397
69756,441
69757,425
69758,395
69759,436
69760,394
69761,423
69762,449
69763,438
69764,329
69765,237
69766,218
69767,173
69768,162
69769,172
69770,166
69771,170
69772,183
69773,222
69774,192
69775,192
69776,194
69777,197
69778,165
69779,181
69780,224
69781,224
69782,346
69783,258
69784,238
69785,243
69786,228
69787,248
69788,270
69789,385
69790,513
69791,461
69792,482
69793,490
69794,446
69795,454
69796,471
69797,462
69798,468
69799,458
69800,441
69801,422
69802,473
69803,446
69804,454
69805,408
69806,425
69807,441
69808,383
69809,384
69810,372
69811,381
69812,360
69813,335
69814,412
69815,354
69816,356
69817,374
69818,334
69819,340
69820,378
69821,398
69822,359
69823,358
69824,344
69825,394
69826,384
69827,353
69828,361
69829,385
69830,324
69831,382
69832,341
69833,342
69834,381
69835,319
69836,378
69837,369
69838,334
69839,344
69840,374
69841,365
69842,368
69843,363
69844,385
69845,393
69846,376
69847,376
69848,422
69849,390
69850,405
69851,365
69852,410
69853,390
69854,415
69855,407
69856,359
69857,381
69858,413
69859,402
69860,401
69861,381
69862,371
69863,385
69864,422
69865,416
69866,377
69867,414
69868,416
69869,402
69870,379
69871,407
69872,445
69873,356
69874,384
69875,369
69876,380
69877,356
69878,359
69879,367
69880,363
69881,375
69882,346
69883,373
69884,415
69885,379
69886,383
69887,446
69888,389
69889,383
69890,352
69891,322
69892,348
69893,406
69894,346
69895,400
69896,383
69897,362
69898,379
69899,403
69900,377
69901,404
69902,420
69903,375
69904,353
69905,397
69906,395
69907,348
69908,428
69909,342
69910,392
69911,418
69912,365
69913,401
69914,421
69915,364
69916,366
69917,385
69918,379
69919,413
69920,390
69921,339
69922,371
69923,379
69924,409
69925,408
69926,391
69927,402
69928,374
69929,377
69930,363
69931,364
69932,357
69933,354
69934,344
69935,396
69936,338
69937,381
69938,383
69939,382
69940,324
69941,318
69942,344
69943,370
69944,345
69945,370
69946,369
69947,375
69948,419
69949,390
69950,399
69951,372
69952,339
69953,373
69954,350
69955,408
69956,381
69957,380
69958,389
69959,388
69960,349
69961,391
69962,387
69963,394
69964,354
69965,420
69966,348
69967,339
69968,351
69969,354
69970,316
69971,321
69972,385
69973,313
69974,325
69975,307
69976,296
69977,277
69978,297
69979,264
69980,310
69981,270
69982,310
69983,312
69984,286
69985,297
69986,302
69987,268
69988,302
69989,290
69990,288
69991,302
69992,344
69993,327
69994,343
69995,344
69996,340
69997,335
69998,319
69999,266
70000,305
70001,252
70002,244
70003,269
70004,291
70005,265
70006,286
70007,302
70008,314
70009,306
70010,271
70011,319
70012,247
70013,261
70014,269
70015,250
70016,263
70017,278
70018,251
70019,266
70020,262
70021,271
70022,280
70023,267
70024,271
70025,292
70026,260
70027,266
70028,282
70029,284
70030,271
70031,270
70032,266
70033,281
70034,255
70035,279
70036,296
70037,287
70038,275
70039,232
70040,274
70041,279
70042,272
70043,249
70044,282
70045,258
70046,262
70047,291
70048,185
70049,261
70050,248
70051,254
70052,270
70053,248
70054,253
70055,251
70056,226
70057,276
70058,255
70059,311
70060,252
70061,314
70062,432
70063,440
70064,527
70065,559
70066,601
70067,648
70068,636
70069,643
70070,609
70071,590
70072,589
70073,601
70074,645
70075,656
70076,649
70077,615
70078,636
70079,571
70080,538
70081,570
70082,617
70083,532
70084,510
70085,516
70086,506
70087,492
70088,557
70089,516
70090,488
70091,504
70092,523
70093,493
70094,460
70095,529
70096,530
70097,494
70098,480
70099,455
70100,510
70101,486
70102,519
70103,561
70104,510
70105,498
70106,522
70107,532
70108,512
70109,475
70110,514
70111,482
70112,480
70113,497
70114,487
70115,477
70116,500
70117,433
70118,473
70119,458
70120,454
70121,465
70122,423
70123,444
70124,458
70125,440
70126,440
70127,388
70128,384
70129,418
70130,424
70131,400
70132,330
70133,305
70134,330
70135,303
70136,276
70137,270
70138,276
70139,276
70140,290
70141,300
70142,253
70143,260
70144,249
70145,255
70146,256
70147,236
70148,228
70149,208
70150,266
70151,255
70152,288
70153,238
70154,247
70155,246
70156,263
70157,258
70158,238
70159,243
70160,233
70161,223
70162,232
70163,260
70164,245
70165,223
70166,232
70167,232
70168,252
70169,247
70170,235
70171,297
70172,246
70173,220
70174,251
70175,245
70176,224
70177,225
70178,252
70179,198
70180,225
70181,283
70182,247
70183,241
70184,208
70185,267
70186,270
70187,269
70188,258
70189,264
70190,246
70191,266
70192,264
70193,247
70194,269
70195,240
70196,236
70197,276
70198,269
70199,229
70200,240
70201,300
70202,244
70203,242
70204,272
70205,236
70206,229
70207,251
70208,259
70209,234
70210,252
70211,215
70212,237
70213,235
70214,253
70215,221
70216,224
70217,248
70218,245
70219,190
70220,247
70221,256
70222,242
70223,226
70224,205
70225,213
70226,244
70227,246
70228,246
70229,250
70230,225
70231,218
70232,234
70233,228
70234,218
70235,233
70236,234
70237,210
70238,237
70239,207
70240,201
70241,230
70242,223
70243,236
70244,222
70245,233
70246,233
70247,219
70248,224
70249,209
70250,243
70251,223
70252,198
70253,227
70254,194
70255,238
70256,219
70257,213
70258,195
70259,202
70260,233
70261,217
70262,189
70263,231
70264,220
70265,194
70266,191
70267,229
70268,211
70269,245
70270,209
70271,217
70272,227
70273,184
70274,220
70275,195
70276,220
70277,217
70278,217
70279,199
70280,193
70281,216
70282,200
70283,222
70284,196
70285,213
70286,211
70287,242
70288,188
70289,191
70290,203
70291,203
70292,207
70293,253
70294,202
70295,218
70296,197
70297,224
70298,193
70299,211
70300,242
70301,217
70302,225
70303,207
70304,209
70305,186
70306,210
70307,208
70308,199
70309,227
70310,220
70311,246
70312,226
70313,205
70314,212
70315,191
70316,235
70317,181
70318,210
70319,217
70320,209
70321,189
70322,193
70323,218
70324,214
70325,195
70326,211
70327,196
70328,191
70329,207
70330,241
70331,230
70332,192
70333,229
70334,184
70335,203
70336,229
70337,196
70338,231
70339,209
70340,203
70341,223
70342,210
70343,232
70344,237
70345,217
70346,224
70347,215
70348,227
70349,218
70350,213
70351,220
70352,181
70353,214
70354,234
70355,240
70356,250
70357,249
70358,247
70359,241
70360,263
70361,267
70362,246
70363,230
70364,258
70365,259
70366,263
70367,251
70368,275
70369,277
70370,245
70371,270
70372,276
70373,256
70374,260
70375,230
70376,249
70377,221
70378,217
70379,263
70380,270
70381,302
70382,307
70383,317
70384,313
70385,334
70386,367
70387,330
70388,365
70389,369
70390,346
70391,446
70392,456
70393,435
70394,464
70395,453
70396,438
70397,423
70398,406
70399,428
70400,447
70401,405
70402,384
70403,425
70404,412
70405,433
70406,421
70407,422
70408,407
70409,385
70410,420
70411,387
70412,368
70413,389
70414,414
70415,373
70416,351
70417,392
70418,377
70419,415
70420,375
70421,384
70422,359
70423,368
70424,403
70425,420
70426,457
70427,436
70428,482
70429,476
70430,518
70431,524
70432,529
70433,468
70434,488
70435,530
70436,495
70437,473
70438,535
70439,505
70440,480
70441,495
70442,506
70443,512
70444,475
70445,497
70446,519
70447,506
70448,491
70449,494
70450,501
70451,487
70452,521
70453,440
70454,484
70455,444
70456,477
70457,466
70458,427
70459,444
70460,386
70461,418
70462,369
70463,388
70464,411
70465,346
70466,417
70467,355
70468,334
70469,391
70470,366
70471,407
70472,374
70473,400
70474,341
70475,326
70476,336
70477,310
70478,325
70479,319
70480,331
70481,360
70482,323
70483,354
70484,341
70485,350
70486,313
70487,367
70488,332
70489,303
70490,330
70491,352
70492,307
70493,392
70494,347
70495,374
70496,355
70497,398
70498,405
70499,381
70500,328
70501,366
70502,361
70503,370
70504,368
70505,363
70506,325
70507,343
70508,349
70509,358
70510,316
70511,313
70512,321
70513,326
70514,322
70515,336
70516,277
70517,307
70518,307
70519,336
70520,347
70521,323
70522,317
70523,332
70524,312
70525,320
70526,345
70527,301
70528,326
70529,350
70530,332
70531,310
70532,337
70533,353
70534,323
70535,310
70536,316
70537,331
70538,315
70539,313
70540,320
70541,312
70542,313
70543,290
70544,293
70545,325
70546,314
70547,315
70548,322
70549,350
70550,307
70551,351
70552,334
70553,305
70554,328
70555,311
70556,319
70557,349
70558,334
70559,366
70560,329
70561,309
70562,316
70563,322
70564,320
70565,316
70566,326
70567,319
70568,344
70569,362
70570,334
70571,382
70572,339
70573,334
70574,325
70575,370
70576,351
70577,347
70578,295
70579,354
70580,353
70581,332
70582,337
70583,330
70584,359
70585,303
70586,316
70587,364
70588,319
70589,362
70590,365
70591,302
70592,343
70593,317
70594,324
70595,334
70596,309
70597,324
70598,279
70599,321
70600,313
70601,300
70602,294
70603,312
70604,309
70605,332
