NETCARE2015/data/raw/Flight7/CPC3776_POLAR6_20150413_r2_NETCARE.ict
35,1001
Abbatt,Jon
University of Toronto
Polar 6
NETCARE
1,1
2015,4,13,2017,8,16
1
time,seconds,seconds from start in UTC
1
1
-99999
conc,number of particles per cm3
0
20
PI_CONTACT_INFO: 80 St. George Street; Toronto; ON M5S 3H6 CANADA; email: jabbatt@chem.utoronto.ca
PLATFORM: Polar 6 aircraft
LOCATION: Canadian Arctic near Alert
ASSOCIATED_DATA: none
INSTRUMENT_INFO: The Ultrafine Condensation Particle Counter 3776 is a continuous-flow instrument that detects particles down to 2.5 nm. It operates at an aerosol flow rate of 50 cm^3/min and detects concentrations from 0 to 300 000 particles/cm^3 with coincidence correction.
DATA_INFO: all relevant information is given above
UNCERTAINTY:  ±10% of measured value
ULOD_FLAG: -7777
ULOD_VALUE: N/As
LLOD_FLAG: -8888
LLOD_VALUE: N/A
DM_CONTACT_INFO: Data collected by Julia Burkart. Please direct all correspondence to Jon Abbatt: jabbatt@chem.utoronto.ca
PROJECT_INFO: Polar 6 NETCARE Spring 2015 campaign
STIPULATIONS_ON_USE: N/A
OTHER_COMMENTS: N/A
REVISION: R2, R1, R0
R2: zero and filter measurements are removed
R1: uncorrected raw data
R0: raw data
time,conc
[from data line 3093]
57960,187
57961,200
57962,198
57963,183
57964,185
57965,210
57966,185
57967,198
57968,203
57969,214
57970,165
57971,168
57972,153
57973,186
57974,189
57975,200
57976,186
57977,178
57978,193
57979,186
57980,172
57981,180
57982,211
57983,190
57984,166
57985,164
57986,198
57987,174
57988,201
57989,173
57990,190
57991,184
57992,189
57993,204
57994,185
57995,172
57996,187
57997,190
57998,192
57999,192
58000,168
58001,177
58002,193
58003,186
58004,179
58005,214
58006,193
58007,208
58008,206
58009,204
58010,189
58011,179
58012,193
58013,192
58014,194
58015,175
58016,176
58017,171
58018,195
58019,176
58020,189
58021,165
58022,231
58023,195
58024,188
58025,190
58026,184
58027,182
58028,190
58029,179
58030,169
58031,194
58032,199
58033,171
58034,182
58035,175
58036,219
58037,216
58038,223
58039,197
58040,172
58041,187
58042,183
58043,176
58044,185
58045,181
58046,200
58047,194
58048,189
58049,179
58050,210
58051,182
58052,213
58053,176
58054,201
58055,203
58056,205
58057,203
58058,211
58059,198
58060,185
58061,191
58062,204
58063,193
58064,204
58065,195
58066,184
58067,183
58068,183
58069,198
58070,187
58071,200
58072,205
58073,196
58074,185
58075,174
58076,178
58077,223
58078,196
58079,176
58080,210
58081,211
58082,201
58083,220
58084,178
58085,181
58086,227
58087,182
58088,169
58089,179
58090,201
58091,204
58092,181
58093,173
58094,158
58095,181
58096,165
58097,194
58098,175
58099,181
58100,197
58101,204
58102,173
58103,161
58104,172
58105,200
58106,176
58107,182
58108,203
58109,193
58110,189
58111,188
58112,190
58113,190
58114,199
58115,212
58116,215
58117,214
58118,222
58119,189
58120,179
58121,193
58122,161
58123,180
58124,189
58125,204
58126,208
58127,196
58128,188
58129,222
58130,174
58131,208
58132,211
58133,187
58134,185
58135,207
58136,179
58137,190
58138,189
58139,210
58140,193
58141,193
58142,194
58143,172
58144,185
58145,179
58146,196
58147,188
58148,229
58149,202
58150,210
58151,210
58152,175
58153,221
58154,186
58155,203
58156,221
58157,223
58158,199
58159,206
58160,207
58161,233
58162,207
58163,182
58164,179
58165,191
58166,205
58167,207
58168,232
58169,198
58170,236
58171,208
58172,216
58173,217
58174,190
58175,214
58176,225
58177,230
58178,191
58179,210
58180,210
58181,215
58182,197
58183,209
58184,184
58185,223
58186,244
58187,202
58188,229
58189,229
58190,196
58191,231
58192,231
58193,203
58194,229
58195,214
58196,202
58197,208
58198,239
58199,191
58200,205
58201,241
58202,222
58203,201
58204,219
58205,234
58206,225
58207,214
58208,182
58209,223
58210,243
58211,245
58212,222
58213,221
58214,227
58215,191
58216,199
58217,233
58218,233
58219,215
58220,222
58221,249
58222,235
58223,217
58224,233
58225,226
58226,206
58227,256
58228,216
58229,222
58230,247
58231,218
58232,240
58233,249
58234,228
58235,233
58236,220
58237,247
58238,230
58239,232
58240,250
58241,254
58242,244
58243,235
58244,254
58245,228
58246,213
58247,248
58248,226
58249,206
58250,237
58251,240
58252,241
58253,213
58254,247
58255,251
58256,233
58257,216
58258,232
58259,203
58260,254
58261,230
58262,216
58263,246
58264,254
58265,227
58266,224
58267,258
58268,227
58269,216
58270,238
58271,243
58272,229
58273,235
58274,238
58275,231
58276,212
58277,220
58278,223
58279,226
58280,225
58281,224
58282,217
58283,237
58284,233
58285,255
58286,258
58287,211
58288,218
58289,246
58290,236
58291,230
58292,230
58293,229
58294,242
58295,264
58296,253
58297,255
58298,255
58299,229
58300,259
58301,217
58302,203
58303,213
58304,255
58305,220
58306,223
58307,248
58308,233
58309,252
58310,281
58311,226
58312,265
58313,249
58314,252
58315,263
58316,238
58317,225
58318,245
58319,268
58320,227
58321,256
58322,245
58323,246
58324,262
58325,255
58326,233
58327,234
58328,253
58329,245
58330,232
58331,265
58332,242
58333,267
58334,254
58335,250
58336,246
58337,256
58338,258
58339,277
58340,282
58341,259
58342,239
58343,275
58344,279
58345,230
58346,280
58347,256
58348,262
58349,240
58350,274
58351,311
58352,270
58353,291
58354,263
58355,245
58356,261
58357,274
58358,226
58359,264
58360,264
58361,241
58362,266
58363,298
58364,266
58365,272
58366,286
58367,215
58368,253
58369,284
58370,262
58371,283
58372,273
58373,289
58374,291
58375,295
58376,270
58377,274
58378,304
58379,264
58380,280
58381,292
58382,288
58383,285
58384,287
58385,264
58386,248
58387,291
58388,277
58389,275
58390,309
58391,280
58392,318
58393,264
58394,270
58395,295
58396,283
58397,283
58398,303
58399,290
58400,291
58401,282
58402,270
58403,259
58404,299
58405,292
58406,289
58407,308
58408,290
58409,300
58410,286
58411,317
58412,311
58413,315
58414,307
58415,301
58416,326
58417,293
58418,307
58419,287
58420,312
58421,291
58422,292
58423,310
58424,285
58425,341
58426,331
58427,313
58428,351
58429,272
58430,352
58431,281
58432,307
58433,289
58434,315
58435,322
58436,326
58437,288
58438,295
58439,345
58440,319
58441,298
58442,313
58443,282
58444,284
58445,270
58446,314
58447,286
58448,303
58449,298
58450,312
58451,284
58452,308
58453,266
58454,288
58455,279
58456,258
58457,304
58458,335
58459,290
58460,275
58461,257
58462,266
58463,281
58464,286
58465,266
58466,266
58467,264
58468,303
58469,267
58470,270
58471,278
58472,285
58473,276
58474,298
58475,315
58476,264
58477,261
58478,287
58479,292
58480,302
58481,307
58482,257
58483,233
58484,213
58485,263
58486,265
58487,249
58488,266
58489,257
58490,292
58491,244
58492,289
58493,271
58494,285
58495,248
58496,251
58497,265
58498,262
58499,266
58500,277
58501,258
58502,236
58503,227
58504,268
58505,267
58506,248
58507,263
58508,251
58509,236
58510,247
58511,244
58512,243
58513,221
58514,238
58515,258
58516,250
58517,242
58518,256
58519,232
58520,242
58521,243
58522,243
58523,247
58524,259
58525,210
58526,241
58527,251
58528,236
58529,268
58530,256
58531,247
58532,219
58533,240
58534,244
58535,280
58536,251
58537,241
58538,262
58539,222
58540,242
58541,239
58542,241
58543,256
58544,243
58545,268
58546,256
58547,242
58548,269
58549,237
58550,235
58551,267
58552,258
58553,256
58554,250
58555,216
58556,272
58557,255
58558,235
58559,252
58560,250
58561,251
58562,252
58563,266
58564,226
58565,253
58566,219
58567,226
58568,252
58569,260
58570,273
58571,252
58572,245
58573,240
58574,243
58575,249
58576,259
58577,261
58578,248
58579,260
58580,252
58581,235
58582,239
58583,262
58584,260
58585,262
58586,256
58587,251
58588,259
58589,253
58590,267
58591,258
58592,221
58593,211
58594,236
58595,256
58596,234
58597,261
58598,255
58599,249
58600,272
58601,268
58602,281
58603,250
58604,248
58605,239
58606,280
58607,248
58608,271
58609,251
58610,258
58611,248
58612,277
58613,281
58614,225
58615,243
58616,286
58617,248
58618,273
58619,260
58620,277
58621,264
58622,246
58623,232
58624,214
58625,226
58626,257
58627,259
58628,285
58629,240
58630,260
58631,237
58632,233
58633,285
58634,242
58635,227
58636,247
58637,253
58638,275
58639,237
58640,272
58641,247
58642,261
58643,232
58644,258
58645,248
58646,237
58647,250
58648,245
58649,249
58650,246
58651,253
58652,237
58653,256
58654,277
58655,263
58656,252
58657,266
58658,282
58659,253
58660,241
58661,288
58662,275
58663,263
58664,256
58665,267
58666,257
58667,241
58668,254
58669,253
58670,241
58671,239
58672,237
58673,226
58674,261
58675,262
58676,229
58677,266
58678,260
58679,271
58680,229
58681,247
58682,277
58683,242
58684,243
58685,252
58686,271
58687,288
58688,272
58689,281
58690,262
58691,265
58692,276
58693,263
58694,269
58695,241
58696,252
58697,247
58698,259
58699,258
58700,255
58701,253
58702,279
58703,271
58704,266
58705,285
58706,298
58707,281
58708,267
58709,262
58710,256
58711,248
58712,294
58713,250
58714,275
58715,263
58716,261
58717,271
58718,252
58719,286
58720,245
58721,252
58722,242
58723,250
58724,289
58725,264
58726,250
58727,289
58728,269
58729,292
58730,232
58731,271
58732,269
58733,269
58734,276
58735,271
58736,302
58737,284
58738,247
58739,295
58740,312
58741,280
58742,274
58743,228
58744,281
58745,245
58746,225
58747,255
58748,259
58749,268
58750,270
58751,227
58752,298
58753,250
58754,248
58755,289
58756,272
58757,239
58758,247
58759,282
58760,269
58761,265
58762,293
58763,264
58764,263
58765,245
58766,242
58767,276
58768,247
58769,262
58770,241
58771,247
58772,252
58773,279
58774,267
58775,245
58776,262
58777,266
58778,243
58779,265
58780,253
58781,246
58782,308
58783,273
58784,244
58785,269
58786,295
58787,295
58788,308
58789,239
58790,255
58791,283
58792,261
58793,292
58794,266
58795,219
58796,255
58797,260
58798,290
58799,278
58800,277
58801,276
58802,265
58803,296
58804,265
58805,234
58806,229
58807,238
58808,259
58809,284
58810,269
58811,305
58812,272
58813,213
58814,250
58815,265
58816,255
58817,282
58818,279
58819,284
58820,297
58821,252
58822,241
58823,275
58824,245
58825,268
58826,246
58827,248
58828,256
58829,261
58830,222
58831,286
58832,265
58833,274
58834,270
58835,270
58836,272
58837,242
58838,284
58839,263
58840,270
58841,248
58842,290
58843,257
58844,277
58845,293
58846,280
58847,242
58848,274
58849,257
58850,310
58851,252
58852,292
58853,263
58854,288
58855,280
58856,243
58857,265
58858,274
58859,284
58860,270
58861,262
58862,221
58863,258
58864,282
58865,246
58866,262
58867,262
58868,220
58869,286
58870,244
58871,273
58872,272
58873,260
58874,260
58875,243
58876,262
58877,285
58878,300
58879,275
58880,293
58881,271
58882,290
58883,253
58884,275
58885,243
58886,320
58887,287
58888,266
58889,319
58890,295
58891,303
58892,304
58893,291
58894,288
58895,323
58896,303
58897,294
58898,288
58899,287
58900,300
58901,304
58902,268
58903,288
58904,322
58905,269
58906,312
58907,239
58908,288
58909,309
58910,308
58911,314
58912,344
58913,280
58914,303
58915,295
58916,331
58917,325
58918,346
58919,305
58920,352
58921,311
58922,355
58923,359
58924,377
58925,317
58926,304
58927,332
58928,355
58929,319
58930,313
58931,371
58932,347
58933,358
58934,356
58935,385
58936,347
58937,362
58938,386
58939,361
58940,393
58941,355
58942,408
58943,378
58944,350
58945,362
58946,355
58947,364
58948,384
58949,359
58950,349
58951,370
58952,374
58953,356
58954,342
58955,362
58956,339
58957,374
58958,353
58959,326
58960,360
58961,393
58962,379
58963,394
58964,387
58965,365
58966,375
58967,401
58968,426
58969,403
58970,381
58971,359
58972,379
58973,402
58974,417
58975,416
58976,440
58977,392
58978,398
58979,403
58980,407
58981,382
58982,430
58983,450
58984,437
58985,462
58986,450
58987,466
58988,459
58989,433
58990,434
58991,416
58992,427
58993,411
58994,484
58995,438
58996,422
58997,407
58998,373
58999,426
59000,399
59001,413
59002,404
59003,403
59004,389
59005,407
59006,368
59007,395
59008,454
59009,458
59010,440
59011,444
59012,431
59013,404
59014,425
59015,445
59016,384
59017,422
59018,409
59019,388
59020,404
59021,430
59022,463
59023,439
59024,427
59025,438
59026,436
59027,425
59028,439
59029,479
59030,456
59031,426
59032,428
59033,420
59034,421
59035,407
59036,359
59037,299
59038,298
59039,253
59040,290
59041,371
59042,309
59043,301
59044,281
59045,265
59046,256
59047,296
59048,289
59049,274
59050,245
59051,273
59052,250
59053,257
59054,297
59055,275
59056,243
59057,262
59058,253
59059,257
59060,274
59061,286
59062,303
59063,248
59064,279
59065,297
59066,256
59067,259
59068,292
59069,268
59070,264
59071,231
59072,248
59073,244
59074,229
59075,266
59076,252
59077,246
59078,290
59079,248
59080,257
59081,257
59082,255
59083,234
59084,250
59085,275
59086,267
59087,274
59088,234
59089,276
59090,253
59091,232
59092,210
59093,278
59094,227
59095,251
59096,257
59097,234
59098,220
59099,241
59100,262
59101,280
59102,275
59103,307
59104,303
59105,299
59106,282
59107,289
59108,386
59109,367
59110,340
59111,364
59112,317
59113,304
59114,300
59115,310
59116,314
59117,283
59118,280
59119,322
59120,343
59121,284
59122,298
59123,288
59124,281
59125,268
59126,266
59127,300
59128,282
59129,296
59130,284
59131,276
59132,295
59133,301
59134,280
59135,313
59136,322
59137,277
59138,328
59139,311
59140,304
59141,311
59142,352
59143,326
59144,374
59145,288
59146,302
59147,265
59148,355
59149,339
59150,341
59151,298
59152,327
59153,334
59154,313
59155,320
59156,279
59157,298
59158,310
59159,309
59160,319
59161,332
59162,315
59163,305
59164,287
59165,335
59166,326
59167,320
59168,323
59169,306
59170,322
59171,317
59172,330
59173,292
59174,336
59175,313
59176,310
59177,314
59178,278
59179,325
59180,310
59181,306
59182,255
59183,296
59184,331
59185,295
59186,249
59187,286
59188,242
59189,234
59190,279
59191,281
59192,301
59193,283
59194,265
59195,280
59196,277
59197,249
59198,283
59199,247
59200,283
59201,278
59202,238
59203,269
59204,264
59205,285
59206,247
59207,264
59208,277
59209,281
59210,211
59211,253
59212,255
59213,269
59214,222
59215,206
59216,255
59217,250
59218,215
59219,250
59220,265
59221,233
59222,208
59223,230
59224,228
59225,239
59226,257
59227,246
59228,216
59229,243
59230,260
59231,241
59232,217
59233,211
59234,236
59235,278
59236,234
59237,241
59238,222
59239,244
59240,226
59241,249
59242,209
59243,282
59244,252
59245,243
59246,239
59247,239
59248,255
59249,283
59250,205
59251,252
59252,237
59253,246
59254,266
59255,239
59256,230
59257,248
59258,263
59259,242
59260,244
59261,261
59262,231
59263,254
59264,248
59265,252
59266,217
59267,189
59268,275
59269,247
59270,238
59271,268
59272,248
59273,227
59274,246
59275,262
59276,276
59277,240
59278,298
59279,277
59280,253
59281,245
59282,228
59283,290
59284,255
59285,257
59286,283
59287,249
59288,217
59289,283
59290,280
59291,292
59292,283
59293,235
59294,308
59295,264
59296,284
59297,243
59298,235
59299,306
59300,270
59301,290
59302,276
59303,263
59304,285
59305,278
59306,282
59307,299
59308,268
59309,248
59310,269
59311,274
59312,250
59313,229
59314,270
59315,256
59316,244
59317,278
59318,290
59319,270
59320,255
59321,299
59322,310
59323,297
59324,275
59325,270
59326,264
59327,282
59328,302
59329,270
59330,270
59331,232
59332,248
59333,263
59334,256
59335,228
59336,263
59337,218
59338,239
59339,256
59340,228
59341,207
59342,216
59343,227
59344,264
59345,255
59346,221
59347,200
59348,246
59349,253
59350,231
59351,276
59352,241
59353,273
59354,296
59355,287
59356,269
59357,273
59358,248
59359,232
59360,260
59361,222
59362,267
59363,220
59364,229
59365,257
59366,230
59367,260
59368,266
59369,294
59370,294
59371,271
59372,245
59373,255
59374,272
59375,292
59376,261
59377,289
59378,273
59379,283
59380,304
59381,228
59382,293
59383,295
59384,259
59385,302
59386,264
59387,292
59388,280
59389,265
59390,249
59391,280
59392,315
59393,265
59394,258
59395,269
59396,266
59397,238
59398,215
59399,214
59400,272
59401,270
59402,290
59403,238
59404,255
59405,250
59406,286
59407,260
59408,288
59409,275
59410,272
59411,300
59412,280
59413,291
59414,284
59415,285
59416,263
59417,295
59418,250
59419,276
59420,302
59421,305
59422,272
59423,295
59424,266
59425,282
59426,264
59427,263
59428,261
59429,256
59430,252
59431,295
59432,286
59433,231
59434,271
59435,258
59436,293
59437,315
59438,279
59439,274
59440,254
59441,260
59442,281
59443,265
59444,258
59445,306
59446,276
59447,318
59448,267
59449,276
59450,274
59451,306
59452,256
59453,261
59454,296
59455,285
59456,266
59457,284
59458,264
59459,257
59460,273
59461,301
59462,278
59463,284
59464,264
59465,265
59466,275
59467,287
59468,272
59469,246
59470,300
59471,265
59472,264
59473,286
59474,274
59475,271
59476,278
59477,275
59478,301
59479,274
59480,251
59481,284
59482,270
59483,298
59484,235
59485,278
59486,281
59487,249
59488,271
59489,279
59490,279
59491,282
59492,276
59493,261
59494,288
59495,264
59496,262
59497,236
59498,255
59499,271
59500,278
59501,266
59502,237
59503,262
59504,258
59505,259
59506,272
59507,256
59508,274
59509,267
59510,287
59511,266
59512,268
59513,246
59514,311
59515,229
59516,239
59517,246
59518,266
59519,275
59520,263
59521,252
59522,243
59523,267
59524,275
59525,235
59526,260
59527,283
59528,245
59529,260
59530,265
59531,206
59532,253
59533,254
59534,277
59535,241
59536,297
59537,285
59538,246
59539,267
59540,266
59541,251
59542,270
59543,240
59544,263
59545,289
59546,269
59547,238
59548,269
59549,270
59550,260
59551,295
59552,262
59553,247
59554,258
59555,243
59556,264
59557,261
59558,266
