NETCARE2015/data/raw/Flight7/CPC3776_POLAR6_20150413_r2_NETCARE.ict
35,1001
Abbatt,Jon
University of Toronto
Polar 6
NETCARE
1,1
2015,4,13,2017,8,16
1
time,seconds,seconds from start in UTC
1
1
-99999
conc,number of particles per cm3
0
20
PI_CONTACT_INFO: 80 St. George Street; Toronto; ON M5S 3H6 CANADA; email: jabbatt@chem.utoronto.ca
PLATFORM: Polar 6 aircraft
LOCATION: Canadian Arctic near Alert
ASSOCIATED_DATA: none
INSTRUMENT_INFO: The Ultrafine Condensation Particle Counter 3776 is a continuous-flow instrument that detects particles down to 2.5 nm. It operates at an aerosol flow rate of 50 cm^3/min and detects concentrations from 0 to 300 000 particles/cm^3 with coincidence correction.
DATA_INFO: all relevant information is given above
UNCERTAINTY:  ±10% of measured value
ULOD_FLAG: -7777
ULOD_VALUE: N/As
LLOD_FLAG: -8888
LLOD_VALUE: N/A
DM_CONTACT_INFO: Data collected by Julia Burkart. Please direct all correspondence to Jon Abbatt: jabbatt@chem.utoronto.ca
PROJECT_INFO: Polar 6 NETCARE Spring 2015 campaign
STIPULATIONS_ON_USE: N/A
OTHER_COMMENTS: N/A
REVISION: R2, R1, R0
R2: zero and filter measurements are removed
R1: uncorrected raw data
R0: raw data
time,conc
[from data line 7766]
62633,214
62634,201
62635,240
62636,224
62637,205
62638,208
62639,245
62640,221
62641,233
62642,204
62643,237
62644,191
62645,235
62646,226
62647,196
62648,242
62649,203
62650,267
62651,217
62652,241
62653,233
62654,234
62655,216
62656,236
62657,237
62658,205
62659,214
62660,190
62661,242
62662,235
62663,247
62664,249
62665,233
62666,270
62667,277
62668,254
62669,251
62670,239
62671,263
62672,199
62673,219
62674,237
62675,188
62676,220
62677,247
62678,239
62679,226
62680,210
62681,193
62682,198
62683,239
62684,242
62685,180
62686,247
62687,200
62688,207
62689,209
62690,213
62691,214
62692,229
62693,235
62694,212
62695,205
62696,220
62697,250
62698,216
62699,184
62700,207
62701,228
62702,198
62703,247
62704,232
62705,252
62706,240
62707,221
62708,258
62709,208
62710,251
62711,184
62712,204
62713,239
62714,206
62715,245
62716,226
62717,241
62718,227
62719,221
62720,244
62721,257
62722,228
62723,243
62724,227
62725,237
62726,264
62727,223
62728,220
62729,212
62730,245
62731,260
62732,241
62733,235
62734,219
62735,236
62736,211
62737,223
62738,237
62739,271
62740,236
62741,234
62742,240
62743,208
62744,271
62745,239
62746,219
62747,242
62748,225
62749,217
62750,244
62751,251
62752,244
62753,236
62754,243
62755,246
62756,242
62757,223
62758,238
62759,253
62760,265
62761,257
62762,197
62763,238
62764,247
62765,242
62766,278
62767,271
62768,193
62769,255
62770,208
62771,248
62772,242
62773,266
62774,242
62775,256
62776,217
62777,248
62778,234
62779,234
62780,217
62781,256
62782,218
62783,214
62784,220
62785,261
62786,244
62787,236
62788,234
62789,234
62790,204
62791,199
62792,206
62793,184
62794,248
62795,227
62796,190
62797,233
62798,225
62799,244
62800,201
62801,252
62802,246
62803,254
62804,252
62805,211
62806,254
62807,249
62808,241
62809,205
62810,239
62811,195
62812,248
62813,257
62814,222
62815,246
62816,240
62817,257
62818,222
62819,210
62820,208
62821,219
62822,234
62823,217
62824,214
62825,244
62826,242
62827,209
62828,231
62829,200
62830,205
62831,217
62832,224
62833,214
62834,231
62835,211
62836,208
62837,212
62838,203
62839,198
62840,190
62841,215
62842,232
62843,243
62844,235
62845,218
62846,212
62847,250
62848,219
62849,216
62850,210
62851,200
62852,233
62853,194
62854,223
62855,200
62856,223
62857,221
62858,203
62859,217
62860,199
62861,221
62862,196
62863,209
62864,231
62865,172
62866,215
62867,230
62868,203
62869,209
62870,221
62871,240
62872,199
62873,196
62874,217
62875,235
62876,196
62877,226
62878,234
62879,223
62880,245
62881,199
62882,226
62883,242
62884,206
62885,220
62886,235
62887,229
62888,183
62889,209
62890,227
62891,214
62892,242
62893,218
62894,233
62895,215
62896,238
62897,201
62898,212
62899,221
62900,252
62901,230
62902,219
62903,220
62904,226
62905,222
62906,227
62907,230
62908,219
62909,191
62910,204
62911,237
62912,209
62913,221
62914,233
62915,227
62916,197
62917,197
62918,206
62919,212
62920,221
62921,228
62922,208
62923,192
62924,200
62925,214
62926,203
62927,224
62928,213
62929,256
62930,211
62931,232
62932,228
62933,184
62934,244
62935,208
62936,210
62937,217
62938,214
62939,182
62940,203
62941,201
62942,200
62943,193
62944,212
62945,206
62946,201
62947,251
62948,192
62949,179
62950,226
62951,195
62952,205
62953,198
62954,199
62955,224
62956,192
62957,216
62958,168
62959,196
62960,208
62961,198
62962,231
62963,196
62964,203
62965,238
62966,232
62967,207
62968,195
62969,224
62970,213
62971,218
62972,223
62973,195
62974,216
62975,183
62976,192
62977,193
62978,178
62979,245
62980,245
62981,222
62982,213
62983,227
62984,207
62985,231
62986,222
62987,220
62988,206
62989,208
62990,204
62991,180
62992,189
62993,183
62994,228
62995,224
62996,211
62997,224
62998,186
62999,233
63000,228
63001,202
63002,217
63003,233
63004,224
63005,219
63006,219
63007,202
63008,227
63009,217
63010,205
63011,210
63012,231
63013,209
63014,247
63015,219
63016,210
63017,213
63018,206
63019,218
63020,231
63021,227
63022,240
63023,229
63024,219
63025,248
63026,212
63027,215
63028,217
63029,189
63030,213
63031,212
63032,224
63033,215
63034,230
63035,206
63036,263
63037,232
63038,235
63039,239
63040,215
63041,192
63042,207
63043,228
63044,217
63045,208
63046,237
63047,212
63048,247
63049,214
63050,224
63051,214
63052,233
63053,229
63054,201
63055,205
63056,236
63057,204
63058,183
63059,199
63060,196
63061,196
63062,235
63063,191
63064,238
63065,207
63066,243
63067,229
63068,238
63069,237
63070,237
63071,187
63072,212
63073,246
63074,230
63075,207
63076,238
63077,225
63078,228
63079,197
63080,199
63081,235
63082,237
63083,212
63084,220
63085,193
63086,189
63087,224
63088,209
63089,214
63090,245
63091,240
63092,206
63093,228
63094,245
63095,220
63096,254
63097,197
63098,252
63099,200
63100,232
63101,217
63102,181
63103,231
63104,213
63105,250
63106,235
63107,218
63108,188
63109,205
63110,249
63111,222
63112,228
63113,191
63114,217
63115,230
63116,242
63117,228
63118,218
63119,194
63120,239
63121,223
63122,218
63123,223
63124,234
63125,213
63126,241
63127,233
63128,229
63129,235
63130,177
63131,205
63132,217
63133,258
63134,194
63135,232
63136,224
63137,219
63138,248
63139,224
63140,201
63141,234
63142,250
63143,229
63144,224
63145,227
63146,250
63147,199
63148,239
63149,223
63150,226
63151,212
63152,215
63153,239
63154,208
63155,223
63156,241
63157,238
63158,208
63159,250
63160,219
63161,237
63162,248
63163,210
63164,220
63165,194
63166,241
63167,215
63168,228
63169,232
63170,256
63171,238
63172,202
63173,220
63174,205
63175,225
63176,240
63177,213
63178,208
63179,184
63180,206
63181,253
63182,194
63183,243
63184,212
63185,222
63186,204
63187,231
63188,210
63189,264
63190,212
63191,205
63192,185
63193,227
63194,248
63195,250
63196,219
63197,227
63198,263
63199,185
63200,192
63201,233
63202,222
63203,212
63204,185
63205,200
63206,239
63207,251
63208,231
63209,220
63210,238
63211,278
63212,230
63213,220
63214,240
63215,198
63216,240
63217,218
63218,237
63219,226
63220,211
63221,262
63222,214
63223,203
63224,224
63225,236
63226,246
63227,259
63228,245
63229,192
63230,210
63231,220
63232,221
63233,229
63234,208
63235,218
63236,217
63237,232
63238,218
63239,210
63240,216
63241,186
63242,236
63243,220
63244,249
63245,236
63246,232
63247,240
63248,263
63249,226
63250,208
63251,221
63252,234
63253,240
63254,285
63255,232
63256,240
63257,243
63258,230
63259,244
63260,244
63261,197
63262,218
63263,206
63264,224
63265,219
63266,198
63267,258
63268,238
63269,233
63270,250
63271,245
63272,236
63273,240
63274,219
63275,192
63276,287
63277,250
63278,231
63279,256
63280,211
63281,236
63282,229
63283,220
63284,240
63285,213
63286,202
63287,234
63288,218
63289,228
63290,247
63291,243
63292,205
63293,242
63294,202
63295,205
63296,208
63297,226
63298,173
63299,197
63300,206
63301,198
63302,259
63303,198
63304,213
63305,202
63306,216
63307,187
63308,199
63309,217
63310,210
63311,214
63312,239
63313,206
63314,243
63315,240
63316,250
63317,207
63318,222
63319,207
63320,233
63321,214
63322,250
63323,215
63324,213
63325,201
63326,211
63327,208
63328,215
63329,242
63330,229
63331,194
63332,198
63333,238
63334,241
63335,203
63336,226
63337,240
63338,208
63339,220
63340,215
63341,241
63342,250
63343,203
63344,229
63345,218
63346,225
63347,235
63348,218
63349,249
63350,267
63351,225
63352,224
63353,211
63354,227
63355,216
63356,222
63357,244
63358,207
63359,223
63360,219
63361,228
63362,205
63363,241
63364,210
63365,230
63366,237
63367,213
63368,242
63369,231
63370,264
63371,220
63372,224
63373,221
63374,236
63375,226
63376,229
63377,242
63378,206
63379,230
63380,248
63381,222
63382,207
63383,202
63384,229
63385,204
63386,229
63387,211
63388,249
63389,236
63390,219
63391,215
63392,230
63393,235
63394,251
63395,239
63396,228
63397,231
63398,238
63399,262
63400,256
63401,251
63402,218
63403,236
63404,251
63405,212
63406,237
63407,232
63408,273
63409,267
63410,190
63411,229
63412,216
63413,241
63414,216
63415,224
63416,232
63417,250
63418,264
63419,194
63420,259
63421,224
63422,215
63423,259
63424,225
63425,242
63426,194
63427,205
63428,227
63429,248
63430,231
63431,238
63432,240
63433,256
63434,248
63435,267
63436,221
63437,233
63438,244
63439,238
63440,255
63441,241
63442,237
63443,195
63444,228
63445,239
63446,232
63447,229
63448,240
63449,233
63450,244
63451,245
63452,236
63453,240
63454,268
63455,224
63456,221
63457,225
63458,248
63459,204
63460,253
63461,257
63462,242
63463,251
63464,226
63465,252
63466,261
63467,237
63468,248
63469,225
63470,244
63471,217
63472,228
63473,265
63474,238
63475,247
63476,213
63477,266
63478,269
63479,276
63480,260
63481,287
63482,275
63483,266
63484,263
63485,264
63486,251
63487,249
63488,253
63489,260
63490,242
63491,289
63492,277
63493,305
63494,263
63495,274
63496,252
63497,295
63498,238
63499,264
63500,273
63501,244
63502,218
63503,279
63504,356
63505,291
63506,296
63507,275
63508,325
63509,265
63510,254
63511,266
63512,242
63513,255
63514,266
63515,245
63516,278
63517,275
63518,239
63519,252
63520,226
63521,268
63522,235
63523,239
63524,272
63525,248
63526,259
63527,250
63528,222
63529,258
63530,226
63531,266
63532,260
63533,228
63534,269
63535,272
63536,256
63537,233
63538,237
63539,226
63540,266
63541,217
63542,268
63543,221
63544,231
63545,242
63546,256
63547,243
63548,266
63549,254
63550,257
63551,233
63552,237
63553,255
63554,255
63555,209
63556,278
63557,250
63558,236
63559,213
63560,276
63561,249
63562,246
63563,247
63564,277
63565,247
63566,230
63567,253
63568,277
63569,266
63570,216
63571,239
63572,248
63573,219
63574,224
63575,243
63576,221
63577,213
63578,247
63579,250
63580,242
63581,222
63582,245
63583,234
63584,237
63585,258
63586,226
63587,266
63588,267
63589,257
63590,232
63591,224
63592,257
63593,232
63594,242
63595,224
63596,228
63597,251
63598,226
63599,209
63600,245
63601,263
63602,254
63603,216
63604,222
63605,247
63606,212
63607,281
63608,252
63609,254
63610,290
63611,250
63612,227
63613,251
63614,242
63615,234
63616,197
63617,217
63618,206
63619,222
63620,247
63621,246
63622,207
63623,235
63624,226
63625,205
63626,240
63627,195
63628,294
63629,232
63630,220
63631,276
63632,251
63633,256
63634,247
63635,245
63636,251
63637,220
63638,214
63639,301
63640,251
63641,284
63642,254
63643,234
63644,220
63645,227
63646,219
63647,224
63648,232
63649,209
63650,224
63651,218
63652,231
63653,195
63654,185
63655,260
63656,230
63657,236
63658,214
63659,230
63660,242
63661,244
63662,239
63663,225
63664,214
63665,230
63666,252
63667,203
63668,270
63669,232
63670,206
63671,255
63672,230
63673,241
63674,230
63675,258
63676,230
63677,221
63678,249
63679,256
63680,244
63681,227
63682,191
63683,258
63684,242
63685,267
63686,195
63687,277
63688,247
63689,214
63690,199
63691,224
63692,244
63693,218
63694,239
63695,243
63696,200
63697,227
63698,250
63699,203
63700,258
63701,287
63702,233
63703,241
63704,211
63705,202
63706,243
63707,249
63708,202
63709,264
63710,238
63711,216
63712,206
63713,217
63714,242
63715,218
63716,227
63717,248
63718,260
63719,197
63720,219
63721,241
63722,239
63723,253
63724,201
63725,235
63726,229
63727,274
63728,223
63729,239
63730,233
63731,235
63732,231
63733,221
63734,242
63735,241
63736,257
63737,270
63738,263
63739,235
63740,233
63741,220
63742,214
63743,229
63744,231
63745,251
63746,253
63747,233
63748,270
63749,237
63750,255
63751,222
63752,242
63753,250
63754,213
63755,248
63756,240
63757,266
63758,231
63759,252
63760,217
63761,233
63762,200
63763,245
63764,269
63765,209
63766,239
63767,248
63768,232
63769,235
63770,249
63771,219
63772,238
63773,218
63774,214
63775,264
63776,227
63777,286
63778,233
63779,276
63780,225
63781,262
63782,284
63783,239
63784,242
63785,276
63786,238
63787,246
63788,227
63789,263
63790,250
63791,221
63792,277
63793,235
63794,229
63795,239
63796,267
63797,251
63798,231
63799,322
63800,211
63801,232
63802,248
63803,223
63804,239
63805,201
63806,296
63807,259
63808,243
63809,216
63810,236
63811,219
63812,213
63813,255
63814,207
63815,229
63816,240
63817,240
63818,241
63819,228
63820,251
63821,244
63822,297
63823,222
63824,221
63825,231
63826,207
63827,224
63828,220
63829,239
63830,241
63831,207
63832,208
63833,220
63834,250
63835,264
63836,263
63837,225
63838,249
63839,205
63840,201
63841,232
63842,230
63843,241
63844,228
63845,221
63846,233
63847,233
63848,249
63849,261
63850,238
63851,220
63852,230
63853,233
63854,206
63855,240
63856,201
63857,221
63858,240
63859,250
63860,234
63861,239
63862,237
63863,219
63864,263
63865,261
63866,262
63867,232
63868,234
63869,253
63870,267
63871,226
63872,263
63873,267
63874,234
63875,258
63876,233
63877,252
63878,237
63879,270
63880,217
63881,243
63882,245
63883,227
63884,236
63885,241
63886,248
63887,215
63888,201
63889,229
63890,220
63891,248
63892,263
63893,243
63894,236
63895,247
63896,230
63897,239
63898,210
63899,246
63900,249
63901,247
63902,229
63903,242
63904,205
63905,211
63906,242
63907,217
63908,234
63909,257
63910,215
63911,223
63912,212
63913,256
63914,251
63915,264
63916,263
63917,260
63918,243
63919,251
63920,207
63921,244
63922,237
63923,233
63924,227
63925,188
63926,182
63927,236
63928,234
63929,232
63930,236
63931,207
63932,244
63933,213
63934,240
63935,231
63936,222
63937,217
63938,235
63939,265
63940,219
63941,225
63942,227
63943,240
63944,217
63945,227
63946,204
63947,251
63948,261
63949,241
63950,201
63951,240
63952,268
63953,262
63954,241
63955,235
63956,253
63957,228
63958,206
63959,215
63960,250
63961,249
63962,226
63963,253
63964,240
63965,257
63966,217
63967,228
63968,237
63969,216
63970,202
63971,199
63972,213
63973,213
63974,257
63975,212
63976,243
63977,254
63978,232
63979,246
63980,275
63981,236
63982,221
63983,207
63984,222
63985,236
63986,230
63987,267
63988,222
63989,224
63990,276
63991,248
63992,213
63993,200
63994,241
63995,193
63996,214
63997,243
63998,218
63999,222
64000,200
64001,209
64002,232
64003,243
64004,231
64005,258
64006,247
64007,232
64008,264
64009,227
64010,274
64011,236
64012,252
64013,264
64014,262
64015,252
64016,274
64017,280
64018,279
64019,285
64020,264
64021,256
64022,271
64023,315
64024,296
64025,353
64026,314
64027,348
64028,370
64029,348
64030,357
64031,360
64032,398
64033,365
64034,409
64035,418
64036,384
64037,408
64038,389
64039,403
64040,413
64041,377
64042,437
64043,414
64044,445
64045,460
64046,381
64047,422
64048,439
64049,437
64050,481
64051,469
64052,488
64053,437
64054,447
64055,446
64056,450
64057,411
64058,421
64059,391
64060,426
64061,358
64062,368
64063,420
64064,352
64065,391
64066,394
64067,424
64068,392
64069,379
64070,408
64071,377
64072,361
64073,358
64074,397
64075,374
64076,348
64077,329
64078,294
64079,319
64080,363
64081,326
64082,325
64083,307
64084,330
64085,330
64086,323
64087,385
64088,374
64089,370
64090,441
64091,442
64092,417
64093,427
64094,421
64095,464
64096,441
64097,458
64098,452
64099,475
64100,449
64101,487
64102,486
64103,483
64104,510
64105,490
64106,471
64107,486
64108,521
64109,506
64110,453
64111,427
64112,443
64113,423
64114,442
64115,403
64116,459
64117,454
64118,500
64119,548
64120,519
64121,524
64122,568
64123,586
64124,571
64125,538
64126,608
64127,502
64128,574
64129,579
64130,541
64131,561
64132,507
64133,547
64134,538
64135,531
64136,544
64137,518
64138,529
64139,553
64140,623
64141,616
64142,589
64143,589
64144,591
64145,597
64146,598
64147,663
64148,609
64149,661
64150,621
64151,698
64152,671
64153,632
64154,701
64155,587
64156,602
64157,586
64158,528
64159,509
64160,520
64161,477
64162,505
64163,528
64164,517
64165,525
64166,486
64167,489
64168,502
64169,534
64170,481
64171,477
64172,552
64173,544
64174,546
64175,463
64176,532
64177,476
64178,449
64179,499
64180,502
64181,504
64182,508
64183,499
64184,457
64185,475
64186,428
64187,522
64188,526
64189,510
64190,513
64191,549
64192,513
64193,524
64194,573
64195,565
64196,533
64197,537
64198,582
64199,612
64200,632
64201,580
64202,615
64203,634
64204,654
64205,658
64206,641
64207,581
64208,636
64209,621
64210,701
64211,661
64212,687
64213,676
64214,684
64215,647
64216,706
64217,664
64218,692
64219,826
64220,797
64221,762
64222,793
64223,875
64224,886
64225,900
64226,872
64227,977
64228,995
64229,980
64230,1010
64231,1020
