NETCARE2015/data/raw/Flight7/H2O_POLAR6_20150413_R1_NETCARE.ict
34, 1001
Bozem, Heiko; Hoor, Peter
Institute for Atmospheric Physics, Johannes Gutenberg University, Mainz, Germany
H2O mixing ratio from LI7200 CO2/H2O analyzer
NETCARE Polar 6 Campaign 2015
1, 1
2015, 04, 13, 2016, 01, 22
1
Time_UTC, seconds
1
1
-9999.9
H2O_ppmv, ppmv
0
19
PI_CONTACT_INFO: Address: Johann-Joachim-Becherweg 21, 55128 Mainz, email: bozemh@uni-mainz.de; hoor@uni-mainz.de
PLATFORM: Polar 6
LOCATION: GPS location and altitude available at 1 Hz resolution in separate file (See AIMMS files under Aircraft data and meteorology)
ASSOCIATED_DATA: N/A
INSTRUMENT_INFO: H2O measurements based on non-dispersive infrared absorption spectroscopy
DATA_INFO: Units are ppmv
UNCERTAINTY RELATIVE TO STANDARD: 18.5 ppmv or 2.5 %, whichever is greater, at 1 sigma confidence (before drift correction is applied)
ULOD_FLAG: -7777
ULOD_VALUE: N/A
LLOD_FLAG: -8888
LLOD_VALUE: N/A 
DM_CONTACT_INFO: N/A
PROJECT_INFO: NETCARE Polar 6 aircraft campaign in April 2015; Eureka
STIPULATIONS_ON_USE: N/A
OTHER_COMMENTS: N/A
REVISION: R1
R0: Preliminary data, corrected for instrument drift
R1: Final data, corrected for instrument drift
Time_UTC,H2O_ppmv
[from data line 15446]
70313,300.8
70314,300.2
70315,305.8
70316,309.4
70317,307.8
70318,307.5
70319,308.5
70320,311.8
70321,312.0
70322,310.4
70323,311.3
70324,311.1
70325,310.6
70326,311.1
70327,310.6
70328,309.9
70329,311.2
70330,307.2
70331,298.5
70332,292.8
70333,294.0
70334,291.5
70335,286.6
70336,284.5
70337,286.5
70338,290.1
70339,293.3
70340,296.7
70341,299.6
70342,301.0
70343,301.4
70344,301.2
70345,301.9
70346,301.7
70347,302.0
70348,302.6
70349,305.6
70350,305.4
70351,304.4
70352,305.5
70353,308.5
70354,307.2
70355,309.7
70356,311.0
70357,311.2
70358,311.6
70359,312.5
70360,313.2
70361,313.6
70362,312.5
70363,312.6
70364,312.7
70365,313.1
70366,313.5
70367,313.8
70368,312.7
70369,313.5
70370,314.1
70371,314.4
70372,314.6
70373,315.6
70374,321.8
70375,324.6
70376,365.1
70377,399.9
70378,420.9
70379,432.8
70380,443.0
70381,452.4
70382,465.3
70383,477.7
70384,487.5
70385,497.6
70386,502.7
70387,506.9
70388,511.9
70389,513.4
70390,532.7
70391,563.8
70392,573.7
70393,578.7
70394,587.4
70395,594.7
70396,593.2
70397,596.4
70398,598.1
70399,594.6
70400,593.6
70401,587.6
70402,580.0
70403,577.9
70404,575.7
70405,574.9
70406,574.5
70407,573.2
70408,572.9
70409,569.4
70410,563.0
70411,559.8
70412,558.3
70413,554.5
70414,553.9
70415,552.8
70416,552.7
70417,553.3
70418,552.4
70419,552.0
70420,551.7
70421,551.2
70422,557.2
70423,605.8
70424,649.6
70425,700.5
70426,729.0
70427,762.0
70428,791.6
70429,803.6
70430,806.2
70431,807.3
70432,800.6
70433,784.8
70434,785.0
70435,797.9
70436,805.4
70437,809.8
70438,815.4
70439,817.0
70440,816.6
70441,818.1
70442,817.2
70443,823.1
70444,834.5
70445,848.7
70446,860.0
70447,863.3
70448,863.2
70449,862.5
70450,863.0
70451,865.0
70452,869.8
70453,876.4
70454,895.9
70455,914.6
70456,918.7
70457,919.0
70458,920.2
70459,921.9
70460,922.8
70461,920.1
70462,918.2
70463,918.3
70464,924.5
70465,933.3
70466,945.8
70467,952.9
70468,962.6
70469,961.4
70470,952.5
70471,940.3
70472,942.8
70473,966.3
70474,975.9
70475,982.4
70476,984.7
70477,986.0
70478,986.1
70479,987.8
70480,995.4
70481,1023.4
70482,1039.3
70483,1046.2
70484,1060.1
70485,1065.5
70486,1064.7
70487,1064.1
70488,1066.1
70489,1070.1
70490,1080.6
70491,1094.5
70492,1102.4
70493,1109.6
70494,1116.4
70495,1126.8
70496,1143.4
70497,1163.1
70498,1188.0
70499,1227.7
70500,1233.5
70501,1212.2
70502,1215.0
70503,1218.1
70504,1225.0
70505,1227.3
70506,1256.6
70507,1250.1
70508,1257.4
70509,1269.1
70510,1321.8
70511,1361.1
70512,1372.0
70513,1376.7
70514,1383.0
70515,1387.2
70516,1389.2
70517,1390.4
70518,1389.7
70519,1390.7
70520,1394.0
70521,1393.0
70522,1395.1
70523,1386.1
70524,1377.2
70525,1368.3
70526,1369.0
70527,1371.1
70528,1370.7
70529,1370.7
70530,1367.7
70531,1366.6
70532,1366.1
70533,1364.7
70534,1362.6
70535,1361.0
70536,1373.1
70537,1381.4
70538,1378.3
70539,1374.0
70540,1373.7
70541,1371.9
70542,1373.7
70543,1372.3
70544,1369.0
70545,1360.6
70546,1354.6
70547,1337.0
70548,1335.1
70549,1344.7
70550,1339.4
70551,1336.0
70552,1335.3
70553,1336.1
70554,1336.1
70555,1340.3
70556,1343.9
70557,1346.6
70558,1350.2
70559,1352.1
70560,1353.8
70561,1357.2
70562,1364.0
70563,1368.1
70564,1368.3
70565,1367.3
70566,1360.1
70567,1345.3
70568,1341.4
70569,1337.0
70570,1333.6
70571,1322.1
70572,1310.7
70573,1312.1
70574,1306.5
70575,1297.6
70576,1288.6
70577,1288.4
70578,1307.5
70579,1311.5
70580,1306.4
70581,1294.5
70582,1290.7
70583,1297.3
70584,1295.1
70585,1296.1
70586,1298.0
70587,1294.4
70588,-9999.9
70589,-9999.9
70590,-9999.9
70591,-9999.9
70592,-9999.9
70593,-9999.9
70594,-9999.9
70595,-9999.9
70596,-9999.9
70597,-9999.9
70598,-9999.9
70599,-9999.9
70600,-9999.9
70601,-9999.9
70602,-9999.9
70603,-9999.9
70604,-9999.9
70605,-9999.9
70606,-9999.9
70607,-9999.9
70608,-9999.9
70609,-9999.9
70610,-9999.9
70611,-9999.9
70612,-9999.9
70613,-9999.9
70614,-9999.9
70615,-9999.9
70616,-9999.9
70617,-9999.9
70618,-9999.9
70619,-9999.9
70620,-9999.9
70621,-9999.9
70622,-9999.9
70623,-9999.9
70624,-9999.9
70625,-9999.9
70626,-9999.9
70627,-9999.9
70628,-9999.9
70629,-9999.9
70630,-9999.9
70631,-9999.9
70632,-9999.9
70633,-9999.9
70634,-9999.9
70635,-9999.9
70636,-9999.9
70637,-9999.9
70638,-9999.9
70639,-9999.9
70640,-9999.9
70641,-9999.9
70642,-9999.9
70643,-9999.9
70644,-9999.9
70645,-9999.9
70646,-9999.9
70647,-9999.9
70648,-9999.9
70649,-9999.9
70650,-9999.9
70651,-9999.9
70652,-9999.9
70653,-9999.9
70654,-9999.9
70655,-9999.9
70656,-9999.9
70657,-9999.9
70658,-9999.9
70659,-9999.9
70660,-9999.9
70661,-9999.9
70662,-9999.9
70663,-9999.9
70664,-9999.9
70665,-9999.9
70666,-9999.9
70667,-9999.9
70668,-9999.9
70669,-9999.9
70670,-9999.9
70671,-9999.9
70672,-9999.9
70673,-9999.9
70674,-9999.9
70675,-9999.9
70676,-9999.9
70677,-9999.9
70678,-9999.9
70679,-9999.9
70680,-9999.9
70681,-9999.9
70682,-9999.9
70683,-9999.9
70684,-9999.9
70685,-9999.9
70686,-9999.9
70687,-9999.9
70688,-9999.9
70689,-9999.9
70690,-9999.9
70691,-9999.9
70692,-9999.9
70693,-9999.9
70694,-9999.9
70695,-9999.9
70696,-9999.9
70697,-9999.9
70698,-9999.9
70699,-9999.9
70700,-9999.9
70701,-9999.9
70702,-9999.9
70703,-9999.9
70704,-9999.9
70705,-9999.9
70706,-9999.9
70707,-9999.9
70708,-9999.9
70709,-9999.9
70710,-9999.9
70711,-9999.9
70712,-9999.9
70713,-9999.9
70714,-9999.9
70715,-9999.9
70716,-9999.9
70717,-9999.9
70718,-9999.9
70719,-9999.9
70720,-9999.9
70721,-9999.9
70722,-9999.9
70723,-9999.9
70724,-9999.9
70725,-9999.9
70726,-9999.9
70727,-9999.9
70728,-9999.9
70729,-9999.9
70730,-9999.9
70731,-9999.9
70732,-9999.9
70733,-9999.9
70734,-9999.9
70735,-9999.9
70736,-9999.9
70737,-9999.9
70738,-9999.9
70739,-9999.9
70740,-9999.9
70741,-9999.9
70742,-9999.9
70743,-9999.9
70744,-9999.9
70745,-9999.9
70746,-9999.9
70747,-9999.9
70748,-9999.9
70749,-9999.9
70750,-9999.9
70751,-9999.9
70752,-9999.9
70753,-9999.9
70754,-9999.9
70755,-9999.9
70756,-9999.9
70757,-9999.9
70758,-9999.9
70759,-9999.9
70760,-9999.9
70761,-9999.9
70762,-9999.9
70763,-9999.9
70764,-9999.9
70765,-9999.9
70766,-9999.9
70767,-9999.9
70768,-9999.9
70769,-9999.9
70770,-9999.9
70771,-9999.9
70772,-9999.9
70773,-9999.9
70774,-9999.9
70775,-9999.9
70776,-9999.9
70777,-9999.9
70778,-9999.9
70779,-9999.9
70780,-9999.9
70781,-9999.9
70782,-9999.9
70783,-9999.9
70784,-9999.9
70785,-9999.9
70786,-9999.9
70787,-9999.9
70788,-9999.9
70789,-9999.9
70790,-9999.9
70791,-9999.9
70792,-9999.9
70793,-9999.9
70794,-9999.9
70795,-9999.9
70796,-9999.9
70797,-9999.9
70798,-9999.9
70799,1282.9
70800,1267.6
70801,1258.5
70802,1241.3
70803,1240.0
70804,1242.9
70805,1240.3
70806,1232.2
70807,1229.0
70808,1231.2
70809,1237.2
70810,1240.6
70811,1243.0
70812,1245.1
70813,1246.4
70814,1252.3
70815,1263.4
70816,1268.4
70817,1269.3
70818,1266.2
70819,1258.4
70820,1258.1
70821,1260.4
70822,1262.0
70823,1260.7
70824,1260.2
70825,1259.2
70826,1261.0
70827,1265.9
70828,1272.6
70829,1276.4
70830,1277.0
70831,1277.8
70832,1279.0
70833,1277.5
70834,1268.2
70835,1283.2
70836,1293.9
70837,1290.5
70838,1289.0
70839,1278.6
70840,1286.5
70841,1275.3
70842,1250.3
70843,1247.8
70844,1248.6
70845,1248.3
70846,1248.8
70847,1249.1
70848,1250.9
70849,1253.2
70850,1252.7
70851,1249.5
70852,1245.5
70853,1245.4
70854,1245.1
70855,1243.5
70856,1242.7
70857,1244.2
70858,1242.3
70859,1242.5
70860,1247.8
70861,1263.7
70862,1248.3
70863,1252.6
70864,1259.5
70865,1267.5
70866,1267.7
70867,1269.7
70868,1275.7
70869,1283.3
70870,1288.2
70871,1287.3
70872,1289.5
70873,1291.0
70874,1289.7
70875,1291.9
70876,1295.8
70877,1298.6
70878,1297.7
70879,1296.0
70880,1299.8
70881,1300.9
70882,1300.9
70883,1299.7
70884,1299.0
70885,1299.5
70886,1299.2
70887,1305.9
70888,1310.1
70889,1318.2
70890,1318.8
70891,1320.2
70892,1318.4
70893,1317.1
70894,1318.4
70895,1318.3
70896,1317.2
70897,1320.3
70898,1322.3
70899,1322.7
70900,1317.1
70901,1318.3
70902,1320.5
70903,1322.5
70904,1323.4
70905,1324.4
70906,1322.4
70907,1321.6
70908,1324.2
70909,1325.2
70910,1325.3
70911,1324.3
70912,1326.0
70913,1326.7
70914,1328.0
70915,1328.1
70916,1327.8
70917,1320.0
70918,1309.9
70919,1306.4
70920,1304.1
70921,1293.3
70922,1286.3
70923,1281.4
70924,1262.1
70925,1231.5
70926,1216.7
70927,1223.8
70928,1255.6
70929,1285.3
70930,1291.4
70931,1257.4
70932,1242.6
70933,1272.5
70934,1301.7
70935,1313.2
70936,1310.5
70937,1294.9
70938,1242.1
70939,1197.6
70940,1170.3
70941,1179.0
70942,1177.6
70943,1183.0
70944,1190.6
70945,1189.8
70946,1191.5
70947,1185.2
70948,1169.0
70949,1148.7
70950,1140.1
70951,1130.8
70952,1133.8
70953,1131.6
70954,1125.2
70955,1133.5
70956,1121.8
70957,1117.2
70958,1114.1
70959,1105.8
70960,1097.0
70961,1094.1
70962,1095.3
70963,1091.3
70964,1090.5
70965,1088.6
70966,1091.4
70967,1090.9
70968,1087.2
70969,1086.1
70970,1094.4
70971,1089.1
70972,1077.0
70973,1046.7
70974,1020.9
70975,1010.2
70976,1001.1
70977,1001.2
70978,1002.3
70979,1000.6
70980,997.6
70981,992.4
70982,997.2
70983,1003.3
70984,1009.5
70985,1009.9
70986,1012.0
70987,1022.9
70988,1029.0
70989,1047.9
70990,1083.4
70991,1114.1
70992,1127.8
70993,1142.3
70994,1153.7
70995,1163.0
70996,1167.0
70997,1169.8
70998,1162.5
70999,1148.6
71000,1105.6
71001,1100.9
71002,1096.8
71003,1128.3
71004,1143.3
71005,1133.3
71006,1097.1
71007,1113.9
71008,1113.2
71009,1123.1
71010,1129.4
71011,1119.5
71012,1109.7
71013,1076.7
71014,1073.1
71015,1076.7
71016,1107.2
71017,1080.4
71018,1071.4
71019,1090.5
71020,1087.7
71021,1109.5
71022,1093.8
71023,1061.8
71024,1036.7
71025,1004.7
71026,980.8
71027,971.6
71028,968.9
71029,966.5
71030,970.4
71031,974.8
71032,980.0
71033,998.9
71034,1005.2
71035,992.9
71036,981.0
71037,985.2
71038,1021.7
71039,1055.2
71040,1061.2
71041,1090.9
71042,1108.7
71043,1108.1
71044,1115.3
71045,1086.1
71046,1063.4
71047,1026.3
71048,1009.6
71049,1002.9
71050,995.6
71051,991.0
71052,993.7
71053,993.9
71054,994.7
71055,995.1
71056,997.1
71057,1006.1
71058,1024.3
71059,1046.6
71060,1057.3
71061,1067.8
71062,1078.7
71063,1093.7
71064,1114.8
71065,1127.7
71066,1146.2
71067,1160.3
71068,1168.8
71069,1180.2
71070,1193.9
71071,1209.3
71072,1221.4
71073,1238.3
71074,1252.5
71075,1262.7
71076,1268.9
71077,1273.0
71078,1276.9
71079,1279.7
71080,1284.7
71081,1293.6
71082,1299.6
71083,1303.4
71084,1306.2
71085,1302.2
71086,1293.1
71087,1289.0
71088,1262.0
71089,1226.8
71090,1199.3
71091,1174.6
71092,1176.5
71093,1162.5
71094,1155.4
71095,1132.5
71096,1117.5
71097,1094.9
71098,1082.1
71099,1081.1
71100,1079.4
71101,1085.6
71102,1093.4
71103,1106.1
71104,1121.9
71105,1136.6
71106,1150.3
71107,1169.4
71108,1180.0
71109,1202.2
71110,1224.9
71111,1243.5
71112,1271.0
71113,1303.0
71114,1321.3
71115,1325.0
71116,1327.0
71117,1332.8
71118,1339.8
71119,1344.8
71120,1347.6
71121,1350.6
71122,1353.7
71123,1354.5
71124,1354.3
71125,1354.9
71126,1355.4
71127,1355.9
71128,1355.7
71129,1356.1
71130,1356.5
71131,1356.6
71132,1356.0
71133,1354.2
71134,1353.1
71135,1352.3
71136,1343.5
71137,1337.0
71138,1332.8
71139,1332.4
71140,1332.1
71141,1330.8
71142,1328.9
71143,1325.5
71144,1323.9
71145,1323.1
71146,1320.7
71147,1321.2
71148,1320.4
71149,1309.0
71150,1300.1
71151,1298.4
71152,1309.7
71153,1317.7
71154,1320.6
71155,1322.4
71156,1321.2
71157,1328.5
71158,1335.0
71159,1335.7
71160,1339.7
71161,1349.5
71162,1355.5
71163,1356.5
71164,1355.8
71165,1354.2
71166,1352.6
71167,1353.4
71168,1354.6
71169,1354.3
71170,1355.8
71171,1353.7
71172,1354.1
71173,1353.9
71174,1354.7
71175,1354.4
71176,1355.7
71177,1355.4
71178,1354.9
71179,1355.4
71180,1355.5
71181,1356.2
71182,1356.1
71183,1356.0
71184,1356.7
71185,1356.0
71186,1355.1
71187,1355.0
71188,1355.9
71189,1356.3
71190,1355.9
71191,1356.5
71192,1355.5
71193,1355.5
71194,1356.7
71195,1354.7
71196,1355.4
71197,1355.1
71198,1354.4
71199,1355.0
71200,1353.7
71201,1353.2
71202,1353.1
71203,1352.3
71204,1349.9
71205,1351.6
71206,1351.8
71207,1350.8
71208,1350.5
71209,1350.5
71210,1352.2
71211,1354.9
71212,1358.7
71213,1350.5
71214,1332.9
71215,1324.3
71216,1317.1
71217,1307.9
71218,1300.3
71219,1298.0
71220,1305.5
71221,1319.7
71222,1319.3
71223,1317.9
71224,1318.5
71225,1318.3
71226,1319.1
71227,1320.5
71228,1322.2
71229,1315.1
71230,1309.1
71231,1304.7
71232,1305.0
71233,1314.8
71234,1320.3
71235,1322.3
71236,1320.5
71237,1319.2
71238,1313.1
71239,1308.1
71240,1308.4
71241,1311.1
71242,1311.6
71243,1306.7
71244,1288.6
71245,1270.4
71246,1258.7
71247,1261.5
71248,1283.9
71249,1305.2
71250,1313.5
71251,1316.1
71252,1315.9
71253,1316.9
71254,1317.9
71255,1320.0
71256,1320.3
71257,1321.5
71258,1321.4
71259,1321.0
71260,1316.9
71261,1311.6
71262,1312.2
71263,1308.1
71264,1298.6
71265,1280.0
71266,1262.7
71267,1260.4
71268,1273.1
71269,1278.6
71270,1246.2
71271,1218.4
71272,1205.9
71273,1190.6
71274,1190.8
71275,1205.2
71276,1212.9
71277,1243.3
71278,1292.4
71279,1317.6
71280,1316.2
71281,1315.1
71282,1315.5
71283,1318.0
71284,1321.2
71285,1322.1
71286,1321.8
71287,1319.3
71288,1312.9
71289,1311.3
71290,1311.5
71291,1310.2
71292,1310.6
71293,1310.8
71294,1311.2
71295,1316.3
71296,1314.7
71297,1276.0
71298,1230.3
71299,1219.1
71300,1216.7
71301,1215.5
71302,1217.7
71303,1217.8
71304,1216.7
71305,1251.7
71306,1309.2
71307,1316.4
71308,1314.5
71309,1297.5
71310,1243.9
71311,1220.5
71312,1225.0
71313,1225.3
71314,1225.4
71315,1223.0
71316,1217.6
71317,1216.6
71318,1221.2
71319,1232.3
71320,1240.7
71321,1266.8
71322,1299.2
71323,1302.2
71324,1283.1
71325,1260.6
71326,1247.2
71327,1258.3
71328,1291.6
71329,1301.2
71330,1307.5
71331,1305.8
71332,1295.6
71333,1279.2
71334,1265.1
71335,1274.3
71336,1289.8
71337,1296.7
71338,1300.9
71339,1303.2
71340,1301.4
71341,1301.2
71342,1299.2
71343,1293.0
71344,1289.8
71345,1290.8
71346,1289.7
71347,1295.6
71348,1301.8
71349,1302.6
71350,1296.6
71351,1291.6
71352,1286.1
71353,1278.0
71354,1269.1
71355,1264.3
71356,1260.2
71357,1255.5
71358,1253.3
71359,1255.4
71360,1254.5
71361,1257.7
71362,1254.8
71363,1252.4
71364,1249.2
71365,1247.1
71366,1245.9
71367,1240.9
71368,1233.4
71369,1209.5
71370,1183.0
71371,1172.3
71372,1171.4
71373,1175.2
71374,1169.9
71375,1163.0
71376,1162.1
71377,1176.1
71378,1191.7
71379,1211.0
71380,1225.8
71381,1226.2
71382,1221.5
71383,1210.8
71384,1208.8
71385,1195.0
71386,1203.8
71387,1224.7
71388,1227.9
71389,1239.4
71390,1251.3
71391,1254.6
71392,1248.9
71393,1256.9
71394,1258.4
71395,1251.5
71396,1245.3
71397,1243.4
71398,1247.7
71399,1239.5
71400,1227.4
71401,1215.3
71402,1209.1
71403,1206.2
71404,1215.0
71405,1226.4
71406,1225.0
71407,1223.5
71408,1218.0
71409,1205.7
71410,1197.3
71411,1195.8
71412,1216.7
71413,1235.6
71414,1238.3
71415,1215.5
71416,1192.8
71417,1211.1
71418,1238.0
71419,1240.9
71420,1235.8
71421,1230.8
71422,1228.7
71423,1222.4
71424,1216.7
71425,1201.1
71426,1193.8
71427,1204.5
71428,1211.8
71429,1219.8
71430,1243.6
71431,1249.9
71432,1251.3
71433,1252.6
71434,1253.1
71435,1250.0
71436,1243.7
71437,1245.2
71438,1248.1
71439,1249.2
71440,1246.8
71441,1245.3
71442,1243.4
71443,1236.5
71444,1230.6
71445,1226.5
71446,1228.3
71447,1231.4
71448,1229.4
71449,1231.7
71450,1230.4
71451,1228.7
71452,1227.3
71453,1228.0
71454,1224.7
71455,1219.2
71456,1217.6
71457,1215.5
71458,1210.2
71459,1212.1
71460,1221.0
71461,1230.0
71462,1230.3
71463,1227.8
71464,1237.1
71465,1247.0
71466,1251.5
71467,1250.4
71468,1239.1
71469,1233.3
71470,1229.9
71471,1236.3
71472,1249.3
71473,1248.7
71474,1248.8
71475,1246.3
71476,1243.2
71477,1234.2
71478,1222.3
71479,1214.3
71480,1213.8
71481,1212.3
71482,1202.9
71483,1188.5
71484,1132.3
71485,1095.3
71486,1035.5
71487,974.9
71488,933.4
71489,906.5
71490,878.6
71491,838.5
71492,824.5
71493,850.6
71494,906.3
71495,939.4
71496,1014.9
71497,1068.9
71498,1075.6
71499,1093.7
71500,1099.6
71501,1110.6
71502,1114.1
71503,1130.7
71504,1139.5
71505,1150.9
71506,1161.3
71507,1181.0
71508,1195.3
71509,1212.9
71510,1213.2
71511,1190.0
71512,1172.9
71513,1180.6
71514,1191.8
71515,1191.5
71516,1171.5
71517,1165.4
71518,1159.7
71519,1162.6
71520,1179.4
71521,1175.5
71522,1181.6
71523,1195.0
71524,1193.6
71525,1193.6
71526,1195.8
71527,1205.2
71528,1199.6
71529,1201.9
71530,1168.0
71531,1120.2
71532,1093.9
71533,1074.7
71534,1069.5
71535,1067.8
71536,1073.5
71537,1071.7
71538,1060.2
71539,1060.3
71540,1058.4
71541,1058.2
