NETCARE2015/data/raw/Flight7/H2O_POLAR6_20150413_R1_NETCARE.ict
34, 1001
Bozem, Heiko; Hoor, Peter
Institute for Atmospheric Physics, Johannes Gutenberg University, Mainz, Germany
H2O mixing ratio from LI7200 CO2/H2O analyzer
NETCARE Polar 6 Campaign 2015
1, 1
2015, 04, 13, 2016, 01, 22
1
Time_UTC, seconds
1
1
-9999.9
H2O_ppmv, ppmv
0
19
PI_CONTACT_INFO: Address: Johann-Joachim-Becherweg 21, 55128 Mainz, email: bozemh@uni-mainz.de; hoor@uni-mainz.de
PLATFORM: Polar 6
LOCATION: GPS location and altitude available at 1 Hz resolution in separate file (See AIMMS files under Aircraft data and meteorology)
ASSOCIATED_DATA: N/A
INSTRUMENT_INFO: H2O measurements based on non-dispersive infrared absorption spectroscopy
DATA_INFO: Units are ppmv
UNCERTAINTY RELATIVE TO STANDARD: 18.5 ppmv or 2.5 %, whichever is greater, at 1 sigma confidence (before drift correction is applied)
ULOD_FLAG: -7777
ULOD_VALUE: N/A
LLOD_FLAG: -8888
LLOD_VALUE: N/A 
DM_CONTACT_INFO: N/A
PROJECT_INFO: NETCARE Polar 6 aircraft campaign in April 2015; Eureka
STIPULATIONS_ON_USE: N/A
OTHER_COMMENTS: N/A
REVISION: R1
R0: Preliminary data, corrected for instrument drift
R1: Final data, corrected for instrument drift
Time_UTC,H2O_ppmv
[from data line 3895]
58762,461.0
58763,464.0
58764,476.4
58765,470.4
58766,471.5
58767,471.3
58768,468.5
58769,469.2
58770,478.4
58771,486.6
58772,496.4
58773,503.0
58774,508.8
58775,516.1
58776,520.6
58777,526.5
58778,528.5
58779,528.0
58780,529.4
58781,525.7
58782,521.1
58783,502.6
58784,451.0
58785,446.2
58786,446.0
58787,445.5
58788,445.3
58789,445.7
58790,446.3
58791,447.0
58792,441.5
58793,443.4
58794,446.4
58795,448.1
58796,449.6
58797,450.8
58798,451.6
58799,447.2
58800,443.2
58801,445.6
58802,442.4
58803,442.4
58804,443.4
58805,444.8
58806,444.2
58807,443.8
58808,443.3
58809,442.3
58810,441.5
58811,441.9
58812,441.8
58813,440.4
58814,439.6
58815,439.7
58816,438.7
58817,438.2
58818,445.3
58819,446.4
58820,448.4
58821,452.5
58822,452.2
58823,446.4
58824,444.4
58825,451.2
58826,456.6
58827,459.6
58828,464.7
58829,477.5
58830,476.6
58831,469.2
58832,464.2
58833,470.8
58834,470.7
58835,468.8
58836,464.8
58837,467.4
58838,472.5
58839,471.0
58840,475.2
58841,481.4
58842,475.8
58843,476.8
58844,474.6
58845,469.3
58846,467.5
58847,465.5
58848,465.2
58849,465.6
58850,464.8
58851,464.1
58852,462.1
58853,461.4
58854,460.6
58855,461.4
58856,462.5
58857,461.5
58858,461.2
58859,460.9
58860,458.2
58861,456.8
58862,455.7
58863,454.7
58864,453.5
58865,452.7
58866,450.8
58867,450.9
58868,449.8
58869,450.4
58870,451.1
58871,449.7
58872,447.3
58873,443.9
58874,448.4
58875,448.1
58876,447.1
58877,450.0
58878,447.2
58879,442.8
58880,437.9
58881,435.2
58882,430.2
58883,424.2
58884,419.4
58885,414.6
58886,411.7
58887,412.5
58888,413.2
58889,414.8
58890,416.8
58891,418.5
58892,422.2
58893,425.0
58894,430.0
58895,437.7
58896,440.2
58897,444.5
58898,446.0
58899,450.9
58900,455.0
58901,458.1
58902,459.7
58903,460.7
58904,463.1
58905,465.7
58906,468.6
58907,469.8
58908,472.4
58909,474.4
58910,477.7
58911,482.5
58912,486.9
58913,489.5
58914,486.6
58915,485.0
58916,484.0
58917,483.8
58918,483.1
58919,480.4
58920,475.3
58921,473.2
58922,471.2
58923,470.0
58924,467.6
58925,465.7
58926,461.5
58927,458.9
58928,458.2
58929,455.3
58930,444.4
58931,438.6
58932,433.7
58933,427.5
58934,424.4
58935,423.3
58936,419.9
58937,419.1
58938,417.9
58939,418.0
58940,417.2
58941,416.2
58942,415.5
58943,415.1
58944,414.6
58945,416.3
58946,415.2
58947,415.2
58948,414.5
58949,413.9
58950,411.8
58951,412.5
58952,411.1
58953,409.7
58954,408.7
58955,409.9
58956,411.0
58957,409.8
58958,407.2
58959,408.6
58960,408.2
58961,409.6
58962,414.4
58963,416.7
58964,416.7
58965,417.0
58966,418.9
58967,417.5
58968,413.8
58969,409.1
58970,410.9
58971,412.7
58972,414.6
58973,418.5
58974,424.9
58975,427.0
58976,426.0
58977,422.5
58978,418.0
58979,413.2
58980,416.4
58981,422.3
58982,425.0
58983,424.4
58984,425.0
58985,426.1
58986,424.9
58987,426.1
58988,424.4
58989,426.0
58990,426.7
58991,428.1
58992,429.2
58993,429.5
58994,429.0
58995,428.9
58996,428.0
58997,426.9
58998,425.9
58999,426.2
59000,422.5
59001,421.8
59002,422.1
59003,422.5
59004,417.6
59005,419.5
59006,423.4
59007,425.9
59008,426.1
59009,426.1
59010,426.1
59011,426.5
59012,426.8
59013,425.0
59014,423.3
59015,421.5
59016,422.4
59017,422.1
59018,424.6
59019,426.7
59020,425.2
59021,427.8
59022,428.3
59023,428.7
59024,427.9
59025,426.6
59026,427.4
59027,428.0
59028,428.4
59029,425.7
59030,426.5
59031,424.8
59032,423.0
59033,424.2
59034,426.7
59035,423.0
59036,417.8
59037,417.8
59038,417.6
59039,419.1
59040,421.3
59041,417.4
59042,415.6
59043,416.9
59044,416.1
59045,415.6
59046,417.7
59047,417.8
59048,416.3
59049,415.8
59050,415.0
59051,415.8
59052,417.6
59053,416.1
59054,415.6
59055,414.9
59056,414.0
59057,412.8
59058,410.3
59059,411.1
59060,409.2
59061,409.0
59062,408.5
59063,406.4
59064,404.0
59065,407.1
59066,408.1
59067,404.5
59068,401.8
59069,401.5
59070,400.6
59071,398.2
59072,396.3
59073,395.6
59074,396.0
59075,395.4
59076,395.3
59077,394.6
59078,392.2
59079,390.4
59080,388.8
59081,387.5
59082,386.9
59083,387.5
59084,386.7
59085,386.0
59086,384.0
59087,380.0
59088,375.6
59089,372.5
59090,370.4
59091,368.6
59092,369.6
59093,369.7
59094,369.1
59095,369.3
59096,368.5
59097,368.8
59098,369.3
59099,368.7
59100,369.7
59101,368.7
59102,368.4
59103,368.7
59104,368.8
59105,369.1
59106,368.2
59107,366.9
59108,365.1
59109,364.6
59110,363.8
59111,363.5
59112,362.2
59113,362.0
59114,362.2
59115,359.9
59116,359.5
59117,358.5
59118,360.4
59119,360.7
59120,358.8
59121,358.1
59122,356.9
59123,356.8
59124,357.7
59125,357.8
59126,355.9
59127,357.0
59128,356.5
59129,355.5
59130,354.9
59131,355.9
59132,354.9
59133,355.1
59134,355.6
59135,354.9
59136,354.2
59137,354.0
59138,354.3
59139,355.3
59140,355.4
59141,354.0
59142,354.1
59143,355.7
59144,355.0
59145,356.3
59146,355.7
59147,352.9
59148,351.7
59149,354.9
59150,355.5
59151,353.2
59152,354.1
59153,351.1
59154,350.6
59155,351.4
59156,346.9
59157,347.0
59158,346.4
59159,345.7
59160,346.0
59161,345.0
59162,343.8
59163,345.5
59164,346.4
59165,344.9
59166,342.6
59167,343.0
59168,344.3
59169,344.4
59170,346.0
59171,345.1
59172,343.1
59173,343.1
59174,344.4
59175,344.8
59176,343.3
59177,342.7
59178,343.6
59179,343.9
59180,344.4
59181,343.0
59182,342.7
59183,343.4
59184,342.3
59185,342.5
59186,342.7
59187,341.4
59188,342.2
59189,343.9
59190,341.6
59191,342.5
59192,341.0
59193,341.1
59194,342.3
59195,340.2
59196,339.6
59197,339.3
59198,336.4
59199,334.5
59200,331.9
59201,331.2
59202,326.4
59203,326.2
59204,325.3
59205,325.7
59206,323.7
59207,323.5
59208,323.8
59209,323.8
59210,323.0
59211,322.3
59212,319.7
59213,319.0
59214,319.6
59215,317.7
59216,317.4
59217,316.3
59218,315.4
59219,313.7
59220,313.7
59221,313.4
59222,310.4
59223,310.8
59224,312.0
59225,311.3
59226,309.7
59227,310.4
59228,309.4
59229,307.9
59230,308.9
59231,308.4
59232,306.1
59233,305.2
59234,303.3
59235,301.3
59236,298.9
59237,296.5
59238,294.4
59239,292.9
59240,288.0
59241,285.3
59242,282.3
59243,281.2
59244,280.7
59245,281.5
59246,280.2
59247,281.4
59248,280.0
59249,279.5
59250,279.3
59251,278.6
59252,277.9
59253,276.7
59254,277.0
59255,275.3
59256,275.3
59257,276.4
59258,276.4
59259,274.8
59260,273.8
59261,274.3
59262,273.1
59263,271.5
59264,271.1
59265,271.5
59266,269.3
59267,267.2
59268,265.0
59269,264.3
59270,262.3
59271,261.4
59272,260.9
59273,260.5
59274,260.7
59275,258.8
59276,257.6
59277,257.5
59278,256.9
59279,257.5
59280,255.8
59281,255.6
59282,255.1
59283,252.2
59284,251.8
59285,252.0
59286,250.1
59287,250.2
59288,248.4
59289,247.4
59290,247.1
59291,245.1
59292,243.1
59293,240.2
59294,239.2
59295,238.3
59296,238.5
59297,237.3
59298,234.0
59299,229.8
59300,229.8
59301,228.8
59302,227.7
59303,226.3
59304,223.9
59305,222.9
59306,220.5
59307,219.3
59308,216.7
59309,217.0
59310,215.9
59311,216.2
59312,216.0
59313,213.8
59314,214.6
59315,214.4
59316,215.7
59317,218.2
59318,221.5
59319,223.5
59320,224.6
59321,223.9
59322,225.7
59323,224.5
59324,226.0
59325,225.8
59326,229.1
59327,234.9
59328,252.8
59329,277.2
59330,282.9
59331,289.4
59332,297.5
59333,302.9
59334,306.7
59335,307.5
59336,308.2
59337,308.4
59338,309.5
59339,308.9
59340,309.6
59341,303.4
59342,301.3
59343,297.0
59344,294.6
59345,-9999.9
59346,-9999.9
59347,-9999.9
59348,-9999.9
59349,-9999.9
59350,-9999.9
59351,-9999.9
59352,-9999.9
59353,-9999.9
59354,-9999.9
59355,-9999.9
59356,-9999.9
59357,-9999.9
59358,-9999.9
59359,-9999.9
59360,-9999.9
59361,-9999.9
59362,-9999.9
59363,-9999.9
59364,-9999.9
59365,-9999.9
59366,-9999.9
59367,-9999.9
59368,-9999.9
59369,-9999.9
59370,-9999.9
59371,-9999.9
59372,-9999.9
59373,-9999.9
59374,-9999.9
59375,-9999.9
59376,-9999.9
59377,-9999.9
59378,-9999.9
59379,-9999.9
59380,-9999.9
59381,-9999.9
59382,-9999.9
59383,-9999.9
59384,-9999.9
59385,-9999.9
59386,-9999.9
59387,-9999.9
59388,-9999.9
59389,-9999.9
59390,-9999.9
59391,-9999.9
59392,-9999.9
59393,-9999.9
59394,-9999.9
59395,-9999.9
59396,-9999.9
59397,-9999.9
59398,-9999.9
59399,-9999.9
59400,-9999.9
59401,-9999.9
59402,-9999.9
59403,-9999.9
59404,-9999.9
59405,-9999.9
59406,-9999.9
59407,-9999.9
59408,-9999.9
59409,-9999.9
59410,-9999.9
59411,-9999.9
59412,-9999.9
59413,-9999.9
59414,-9999.9
59415,-9999.9
59416,-9999.9
59417,-9999.9
59418,-9999.9
59419,-9999.9
59420,-9999.9
59421,-9999.9
59422,-9999.9
59423,-9999.9
59424,-9999.9
59425,-9999.9
59426,-9999.9
59427,-9999.9
59428,-9999.9
59429,-9999.9
59430,-9999.9
59431,-9999.9
59432,-9999.9
59433,-9999.9
59434,-9999.9
59435,-9999.9
59436,-9999.9
59437,-9999.9
59438,-9999.9
59439,-9999.9
59440,-9999.9
59441,-9999.9
59442,-9999.9
59443,-9999.9
59444,-9999.9
59445,-9999.9
59446,-9999.9
59447,-9999.9
59448,-9999.9
59449,-9999.9
59450,-9999.9
59451,-9999.9
59452,-9999.9
59453,-9999.9
59454,-9999.9
59455,-9999.9
59456,-9999.9
59457,-9999.9
59458,-9999.9
59459,-9999.9
59460,-9999.9
59461,-9999.9
59462,-9999.9
59463,-9999.9
59464,-9999.9
59465,-9999.9
59466,-9999.9
59467,-9999.9
59468,-9999.9
59469,-9999.9
59470,-9999.9
59471,-9999.9
59472,-9999.9
59473,-9999.9
59474,-9999.9
59475,-9999.9
59476,-9999.9
59477,-9999.9
59478,-9999.9
59479,-9999.9
59480,-9999.9
59481,-9999.9
59482,-9999.9
59483,-9999.9
59484,-9999.9
59485,-9999.9
59486,-9999.9
59487,-9999.9
59488,-9999.9
59489,-9999.9
59490,-9999.9
59491,-9999.9
59492,-9999.9
59493,-9999.9
59494,-9999.9
59495,-9999.9
59496,-9999.9
59497,-9999.9
59498,-9999.9
59499,-9999.9
59500,-9999.9
59501,-9999.9
59502,-9999.9
59503,-9999.9
59504,-9999.9
59505,-9999.9
59506,-9999.9
59507,-9999.9
59508,-9999.9
59509,-9999.9
59510,-9999.9
59511,-9999.9
59512,-9999.9
59513,-9999.9
59514,-9999.9
59515,-9999.9
59516,-9999.9
59517,-9999.9
59518,-9999.9
59519,-9999.9
59520,-9999.9
59521,-9999.9
59522,-9999.9
59523,-9999.9
59524,-9999.9
59525,-9999.9
59526,-9999.9
59527,-9999.9
59528,-9999.9
59529,-9999.9
59530,-9999.9
59531,-9999.9
59532,-9999.9
59533,-9999.9
59534,-9999.9
59535,-9999.9
59536,-9999.9
59537,-9999.9
59538,-9999.9
59539,-9999.9
59540,-9999.9
59541,-9999.9
59542,-9999.9
59543,-9999.9
59544,-9999.9
59545,-9999.9
59546,-9999.9
59547,-9999.9
59548,-9999.9
59549,-9999.9
59550,-9999.9
59551,-9999.9
59552,-9999.9
59553,-9999.9
59554,-9999.9
59555,-9999.9
59556,207.3
59557,207.7
59558,207.6
59559,206.7
59560,206.1
59561,207.6
59562,206.9
59563,206.2
59564,206.7
59565,206.2
59566,206.5
59567,206.1
59568,205.7
59569,206.2
59570,206.0
59571,207.1
59572,207.2
59573,207.2
59574,207.8
59575,206.5
59576,207.1
59577,206.2
59578,206.6
59579,206.6
59580,205.5
59581,206.5
59582,206.4
59583,206.0
59584,206.0
59585,205.7
59586,205.4
59587,206.7
59588,206.5
59589,206.2
59590,205.6
59591,205.6
59592,204.2
59593,205.9
59594,205.7
59595,206.0
59596,206.2
59597,206.1
59598,206.1
59599,206.0
59600,206.0
59601,206.4
59602,206.4
59603,206.6
59604,204.6
59605,205.9
59606,204.4
59607,207.6
59608,205.8
59609,206.9
59610,205.6
59611,206.5
59612,206.2
59613,205.7
59614,206.1
59615,205.7
59616,204.4
59617,204.8
59618,205.0
59619,204.0
59620,203.8
59621,204.9
59622,205.4
59623,205.3
59624,203.1
59625,204.7
59626,204.0
59627,204.5
59628,204.3
59629,202.9
59630,203.6
59631,203.4
59632,203.5
59633,203.4
59634,203.9
59635,202.7
59636,202.9
59637,203.1
59638,202.8
59639,203.1
59640,202.5
59641,203.6
59642,203.5
59643,203.6
59644,203.3
59645,203.7
59646,204.5
59647,204.0
59648,203.9
59649,204.2
59650,203.9
59651,203.9
59652,204.3
59653,204.3
59654,204.0
59655,205.4
59656,206.0
59657,205.8
59658,206.3
59659,206.4
59660,206.7
59661,205.6
59662,206.2
59663,206.3
59664,206.2
59665,206.9
59666,206.0
59667,206.0
59668,206.9
59669,207.6
59670,207.3
59671,206.5
59672,207.4
59673,206.7
59674,207.4
59675,206.6
59676,208.2
59677,207.6
59678,207.6
59679,209.8
59680,210.5
59681,210.1
59682,211.3
59683,210.9
59684,210.9
59685,211.0
59686,210.3
59687,211.1
59688,210.2
59689,210.4
59690,210.3
59691,212.2
59692,213.0
59693,212.3
59694,212.1
59695,213.0
59696,212.2
59697,211.5
59698,210.7
59699,208.6
59700,210.8
59701,210.2
59702,208.3
59703,208.7
59704,210.6
59705,209.5
59706,207.4
59707,209.2
59708,209.1
59709,209.6
59710,210.2
59711,209.6
59712,209.3
59713,209.0
59714,209.2
59715,211.1
59716,211.2
59717,211.5
59718,212.7
59719,209.4
59720,210.4
59721,212.3
59722,213.2
59723,211.0
59724,211.3
59725,211.6
59726,210.3
59727,209.6
59728,211.3
59729,211.4
59730,211.8
59731,210.2
59732,213.2
59733,212.0
59734,212.7
59735,211.5
59736,210.4
59737,208.0
59738,209.2
59739,209.6
59740,210.3
59741,211.1
59742,213.2
59743,210.3
59744,212.1
59745,211.8
59746,213.4
59747,216.6
59748,216.8
59749,214.3
59750,213.2
59751,215.4
59752,217.6
59753,220.8
59754,222.0
59755,221.5
59756,221.1
59757,221.5
59758,222.5
59759,221.9
59760,220.6
59761,218.9
59762,218.3
59763,219.1
59764,221.0
59765,221.6
59766,222.5
59767,222.2
59768,222.8
59769,223.5
59770,225.5
59771,226.6
59772,227.4
59773,230.5
59774,230.3
59775,228.7
59776,232.4
59777,234.9
59778,234.1
59779,230.1
59780,232.6
59781,233.3
59782,236.3
59783,236.9
59784,235.6
59785,232.6
59786,235.6
59787,240.1
59788,240.3
59789,238.6
59790,237.7
59791,241.3
59792,242.7
59793,244.0
59794,245.2
59795,244.3
59796,247.5
59797,244.6
59798,243.0
59799,245.3
59800,247.2
59801,248.3
59802,249.1
59803,249.1
59804,247.2
59805,248.2
59806,247.9
59807,248.3
59808,250.4
59809,251.4
59810,250.5
59811,249.9
59812,249.9
59813,250.7
59814,250.4
59815,249.4
59816,250.8
59817,250.5
59818,251.5
59819,250.8
59820,250.5
59821,250.9
59822,250.5
59823,251.8
59824,251.4
59825,250.4
59826,251.6
59827,250.2
59828,250.6
59829,250.2
59830,248.3
59831,248.3
59832,249.1
59833,247.6
59834,248.3
59835,247.7
59836,249.3
59837,246.4
59838,246.1
59839,249.3
59840,251.7
59841,251.2
59842,251.4
59843,253.5
59844,254.1
59845,252.3
59846,250.4
59847,252.6
59848,254.8
59849,254.8
59850,256.4
59851,256.3
59852,257.0
59853,257.4
59854,258.2
59855,258.5
59856,258.6
59857,258.4
59858,258.0
59859,259.3
59860,259.9
59861,258.7
59862,256.3
59863,255.6
59864,255.7
59865,259.4
59866,259.5
59867,260.5
59868,257.1
59869,258.1
59870,256.3
59871,255.5
59872,256.4
59873,254.8
59874,255.5
59875,253.8
59876,253.5
59877,253.8
59878,254.3
59879,253.1
59880,251.7
59881,253.5
59882,252.5
59883,253.5
59884,253.6
59885,251.5
59886,250.8
59887,252.2
59888,251.8
59889,252.3
59890,251.5
59891,251.6
59892,252.3
59893,253.8
59894,252.0
59895,252.3
59896,253.2
59897,253.9
59898,252.6
59899,252.9
59900,251.7
59901,252.5
59902,252.3
59903,252.2
59904,252.2
59905,251.5
59906,251.6
59907,251.8
59908,252.3
59909,252.0
59910,252.5
59911,252.1
59912,252.7
59913,252.2
59914,252.3
59915,252.2
59916,252.0
59917,252.3
59918,252.2
59919,253.5
59920,253.6
59921,252.9
59922,252.3
59923,251.7
59924,253.8
59925,254.0
59926,253.8
59927,253.1
59928,255.4
59929,255.9
59930,255.2
59931,256.0
59932,254.9
59933,255.2
59934,256.5
59935,255.2
59936,256.2
59937,255.4
59938,257.1
59939,256.3
59940,257.6
59941,257.0
59942,257.6
59943,258.2
59944,256.8
59945,257.6
59946,254.7
59947,256.0
59948,255.2
59949,255.5
59950,255.5
59951,256.0
59952,255.3
59953,253.3
59954,253.2
59955,253.6
59956,252.6
59957,253.2
59958,252.0
59959,252.5
59960,251.2
59961,252.2
59962,251.4
59963,251.4
59964,251.8
59965,251.5
59966,252.3
59967,251.7
59968,251.2
59969,250.6
59970,251.2
59971,250.6
59972,250.6
59973,250.8
59974,252.1
59975,250.2
59976,250.4
59977,250.7
59978,250.6
59979,249.7
59980,248.6
59981,250.3
59982,249.9
59983,249.0
59984,248.6
59985,249.2
59986,248.1
59987,247.9
59988,248.5
59989,249.2
59990,248.4
59991,247.8
59992,248.7
59993,247.8
59994,248.1
59995,247.0
59996,248.1
59997,246.7
59998,247.9
59999,247.3
60000,247.7
60001,248.5
60002,248.1
60003,248.4
60004,248.4
60005,248.6
60006,247.5
60007,247.9
60008,248.0
60009,247.6
60010,249.0
60011,247.5
60012,247.1
60013,246.3
60014,246.3
60015,246.7
60016,247.6
60017,248.2
60018,247.2
60019,247.1
60020,246.3
60021,248.1
60022,249.8
60023,247.9
60024,249.2
60025,248.1
60026,249.3
60027,248.7
60028,248.9
60029,250.5
60030,252.5
60031,252.0
60032,252.2
60033,252.8
60034,254.2
60035,255.1
60036,255.0
60037,254.6
60038,255.5
60039,255.7
60040,256.7
60041,255.6
60042,255.6
60043,256.6
60044,255.7
60045,256.7
60046,255.7
60047,255.6
60048,255.7
60049,255.2
60050,255.8
60051,255.8
60052,255.2
60053,256.2
60054,254.9
60055,255.0
60056,255.8
60057,254.3
60058,254.0
