NETCARE2015/data/raw/Flight7/H2O_POLAR6_20150413_R1_NETCARE.ict
34, 1001
Bozem, Heiko; Hoor, Peter
Institute for Atmospheric Physics, Johannes Gutenberg University, Mainz, Germany
H2O mixing ratio from LI7200 CO2/H2O analyzer
NETCARE Polar 6 Campaign 2015
1, 1
2015, 04, 13, 2016, 01, 22
1
Time_UTC, seconds
1
1
-9999.9
H2O_ppmv, ppmv
0
19
PI_CONTACT_INFO: Address: Johann-Joachim-Becherweg 21, 55128 Mainz, email: bozemh@uni-mainz.de; hoor@uni-mainz.de
PLATFORM: Polar 6
LOCATION: GPS location and altitude available at 1 Hz resolution in separate file (See AIMMS files under Aircraft data and meteorology)
ASSOCIATED_DATA: N/A
INSTRUMENT_INFO: H2O measurements based on non-dispersive infrared absorption spectroscopy
DATA_INFO: Units are ppmv
UNCERTAINTY RELATIVE TO STANDARD: 18.5 ppmv or 2.5 %, whichever is greater, at 1 sigma confidence (before drift correction is applied)
ULOD_FLAG: -7777
ULOD_VALUE: N/A
LLOD_FLAG: -8888
LLOD_VALUE: N/A 
DM_CONTACT_INFO: N/A
PROJECT_INFO: NETCARE Polar 6 aircraft campaign in April 2015; Eureka
STIPULATIONS_ON_USE: N/A
OTHER_COMMENTS: N/A
REVISION: R1
R0: Preliminary data, corrected for instrument drift
R1: Final data, corrected for instrument drift
Time_UTC,H2O_ppmv
[from data line 12906]
67773,913.8
67774,913.1
67775,915.2
67776,919.1
67777,918.9
67778,922.4
67779,925.7
67780,931.0
67781,933.7
67782,935.1
67783,939.8
67784,942.7
67785,941.7
67786,944.9
67787,946.4
67788,953.0
67789,954.4
67790,960.0
67791,962.3
67792,968.4
67793,973.3
67794,977.3
67795,979.4
67796,980.4
67797,983.4
67798,983.1
67799,983.0
67800,982.7
67801,985.1
67802,985.1
67803,986.7
67804,986.0
67805,984.5
67806,982.9
67807,983.0
67808,980.8
67809,980.1
67810,979.4
67811,977.5
67812,976.6
67813,976.2
67814,978.4
67815,981.1
67816,983.7
67817,983.6
67818,984.7
67819,985.9
67820,986.3
67821,987.3
67822,989.9
67823,993.2
67824,993.9
67825,996.9
67826,997.1
67827,995.9
67828,997.0
67829,998.8
67830,996.9
67831,998.2
67832,1001.2
67833,1001.2
67834,1001.3
67835,1001.1
67836,998.4
67837,997.3
67838,996.5
67839,996.3
67840,996.8
67841,996.6
67842,996.0
67843,992.4
67844,983.9
67845,981.7
67846,981.7
67847,973.0
67848,969.6
67849,970.6
67850,971.6
67851,971.0
67852,972.1
67853,972.1
67854,974.4
67855,973.5
67856,974.9
67857,980.5
67858,986.4
67859,990.6
67860,994.8
67861,999.9
67862,1004.8
67863,1007.1
67864,1008.5
67865,1005.5
67866,1001.6
67867,997.5
67868,991.9
67869,991.9
67870,1000.3
67871,1015.4
67872,1029.2
67873,1037.6
67874,1041.1
67875,1044.6
67876,1046.6
67877,1047.9
67878,1045.3
67879,1046.3
67880,1047.9
67881,1047.0
67882,1045.7
67883,1041.8
67884,1041.7
67885,1038.3
67886,1028.8
67887,1023.5
67888,1022.1
67889,1018.8
67890,1018.4
67891,1019.5
67892,1018.9
67893,1017.1
67894,1016.8
67895,1017.2
67896,1016.3
67897,1018.2
67898,1021.6
67899,1024.1
67900,1028.1
67901,1031.8
67902,1031.8
67903,1031.0
67904,1031.5
67905,1032.6
67906,1031.9
67907,1031.0
67908,1029.1
67909,1030.9
67910,1032.8
67911,1033.2
67912,1035.2
67913,1035.3
67914,1035.5
67915,1038.3
67916,1038.6
67917,1037.8
67918,1036.4
67919,1034.2
67920,1032.6
67921,1033.3
67922,1034.6
67923,1035.2
67924,1032.6
67925,1032.4
67926,1034.3
67927,1032.7
67928,1028.0
67929,1023.8
67930,1020.7
67931,1020.0
67932,1017.0
67933,1014.7
67934,1010.1
67935,1006.1
67936,1006.1
67937,1006.8
67938,1007.5
67939,1007.6
67940,1008.8
67941,1007.9
67942,1009.4
67943,1012.5
67944,1014.1
67945,1015.8
67946,1017.6
67947,1018.3
67948,1020.4
67949,1020.8
67950,1022.0
67951,1024.9
67952,1025.6
67953,1027.1
67954,1028.2
67955,1028.9
67956,1029.1
67957,1029.5
67958,1029.1
67959,1033.1
67960,1034.7
67961,1037.4
67962,1040.9
67963,1043.3
67964,1045.6
67965,1048.2
67966,1048.7
67967,1050.0
67968,1044.6
67969,1043.3
67970,1046.1
67971,1049.1
67972,1056.8
67973,1058.6
67974,1058.6
67975,1056.3
67976,1057.0
67977,1056.5
67978,1058.3
67979,1063.3
67980,1056.5
67981,1055.7
67982,1058.3
67983,1060.1
67984,1063.8
67985,1064.6
67986,1057.8
67987,1048.0
67988,1035.5
67989,1024.1
67990,1020.2
67991,1017.3
67992,1020.0
67993,1028.3
67994,1036.7
67995,1046.1
67996,1050.0
67997,1055.7
67998,1054.6
67999,1052.3
68000,1048.1
68001,1048.3
68002,1054.3
68003,1062.9
68004,1071.0
68005,1074.4
68006,1076.7
68007,1078.5
68008,1077.5
68009,1080.1
68010,1080.5
68011,1080.1
68012,1080.1
68013,1084.6
68014,1086.2
68015,1087.2
68016,1089.7
68017,1095.5
68018,1091.7
68019,1089.0
68020,1097.9
68021,1100.5
68022,1103.4
68023,1098.2
68024,1091.2
68025,1088.2
68026,1083.1
68027,1082.7
68028,1085.2
68029,1087.0
68030,1090.7
68031,1095.3
68032,1101.0
68033,1104.0
68034,1111.7
68035,1110.5
68036,1112.4
68037,1118.5
68038,1128.8
68039,1129.1
68040,1129.8
68041,1130.1
68042,1131.4
68043,1120.0
68044,1115.2
68045,1124.7
68046,1128.2
68047,1127.7
68048,1125.9
68049,1124.6
68050,1125.6
68051,1124.0
68052,1126.1
68053,1130.5
68054,1128.7
68055,1126.2
68056,1125.7
68057,1124.1
68058,1119.6
68059,1118.3
68060,1116.7
68061,1123.3
68062,1125.5
68063,1131.0
68064,1136.2
68065,1139.9
68066,1146.1
68067,1147.2
68068,1144.6
68069,1141.9
68070,1140.6
68071,1142.9
68072,1148.0
68073,1143.3
68074,1135.2
68075,1130.9
68076,1137.8
68077,1138.3
68078,1132.4
68079,1133.7
68080,1131.4
68081,1126.8
68082,1111.1
68083,1084.7
68084,973.2
68085,936.3
68086,930.3
68087,931.6
68088,960.1
68089,948.8
68090,909.7
68091,911.7
68092,950.2
68093,997.0
68094,1016.4
68095,1028.8
68096,1046.9
68097,1050.2
68098,1049.6
68099,1045.8
68100,1042.7
68101,1040.8
68102,1043.4
68103,1045.0
68104,1055.2
68105,1065.6
68106,1069.1
68107,1071.6
68108,1064.7
68109,1064.7
68110,1062.0
68111,1062.9
68112,1062.4
68113,1065.7
68114,1069.7
68115,1079.3
68116,1089.6
68117,1101.8
68118,1096.5
68119,1099.3
68120,1090.3
68121,1092.4
68122,1091.3
68123,1097.6
68124,1099.3
68125,1103.0
68126,1107.5
68127,1106.8
68128,1096.5
68129,1079.0
68130,1092.6
68131,1111.4
68132,1131.7
68133,1157.4
68134,1163.4
68135,1135.9
68136,1132.8
68137,1156.2
68138,1167.2
68139,1174.9
68140,1170.6
68141,1162.2
68142,1172.3
68143,1155.5
68144,1085.8
68145,1074.2
68146,1091.5
68147,1103.9
68148,1102.0
68149,1093.9
68150,1104.2
68151,1094.2
68152,1084.2
68153,988.6
68154,982.4
68155,1007.9
68156,1006.4
68157,975.4
68158,876.0
68159,867.6
68160,841.9
68161,776.8
68162,713.9
68163,632.7
68164,576.0
68165,586.6
68166,599.5
68167,513.9
68168,537.8
68169,512.6
68170,335.0
68171,420.5
68172,632.9
68173,599.6
68174,607.4
68175,572.7
68176,575.6
68177,633.9
68178,661.7
68179,541.3
68180,536.2
68181,529.3
68182,452.7
68183,320.9
68184,421.0
68185,374.2
68186,342.3
68187,355.9
68188,444.6
68189,467.8
68190,513.5
68191,494.3
68192,531.6
68193,585.3
68194,501.2
68195,468.8
68196,335.2
68197,329.2
68198,295.8
68199,379.4
68200,512.5
68201,558.1
68202,513.8
68203,489.0
68204,570.8
68205,600.6
68206,564.9
68207,553.3
68208,528.0
68209,553.9
68210,535.2
68211,488.0
68212,455.5
68213,460.3
68214,514.7
68215,490.2
68216,634.9
68217,552.6
68218,521.1
68219,544.8
68220,668.1
68221,605.4
68222,579.2
68223,561.3
68224,561.0
68225,595.4
68226,553.9
68227,336.2
68228,283.8
68229,380.6
68230,485.4
68231,661.6
68232,709.3
68233,672.2
68234,608.1
68235,497.2
68236,387.2
68237,299.9
68238,245.6
68239,266.4
68240,398.7
68241,482.9
68242,632.8
68243,601.6
68244,664.0
68245,780.1
68246,774.5
68247,830.8
68248,867.5
68249,853.6
68250,880.4
68251,922.7
68252,905.2
68253,611.4
68254,577.3
68255,590.9
68256,607.2
68257,619.0
68258,606.1
68259,633.9
68260,663.4
68261,683.5
68262,726.5
68263,714.4
68264,702.7
68265,677.2
68266,727.8
68267,745.0
68268,788.9
68269,808.8
68270,779.9
68271,784.4
68272,868.8
68273,871.5
68274,908.7
68275,947.2
68276,893.4
68277,922.1
68278,974.7
68279,991.3
68280,940.8
68281,958.6
68282,951.4
68283,961.6
68284,917.8
68285,971.7
68286,999.7
68287,1009.0
68288,1003.9
68289,1011.9
68290,997.9
68291,1034.8
68292,1018.3
68293,1005.7
68294,958.4
68295,895.8
68296,804.0
68297,675.2
68298,422.7
68299,348.0
68300,320.5
68301,337.6
68302,335.3
68303,301.8
68304,277.5
68305,267.7
68306,286.6
68307,299.4
68308,316.5
68309,309.1
68310,292.3
68311,280.5
68312,271.9
68313,274.4
68314,281.6
68315,286.9
68316,285.4
68317,287.7
68318,290.6
68319,290.0
68320,290.3
68321,292.0
68322,290.8
68323,292.7
68324,295.3
68325,297.8
68326,298.3
68327,298.8
68328,297.9
68329,297.7
68330,294.7
68331,288.9
68332,281.2
68333,277.8
68334,274.7
68335,272.6
68336,272.4
68337,271.4
68338,274.1
68339,272.8
68340,272.7
68341,271.4
68342,270.7
68343,269.5
68344,269.4
68345,269.8
68346,270.7
68347,269.6
68348,268.5
68349,266.9
68350,265.3
68351,263.8
68352,259.7
68353,253.8
68354,253.4
68355,260.6
68356,268.8
68357,271.4
68358,274.4
68359,275.2
68360,274.6
68361,277.2
68362,279.8
68363,279.0
68364,299.6
68365,308.6
68366,295.4
68367,313.2
68368,317.4
68369,334.5
68370,347.6
68371,345.1
68372,330.6
68373,351.8
68374,356.2
68375,358.6
68376,352.2
68377,354.2
68378,348.4
68379,351.5
68380,355.8
68381,356.9
68382,348.2
68383,353.7
68384,361.9
68385,354.5
68386,372.2
68387,408.5
68388,423.7
68389,428.1
68390,420.8
68391,425.5
68392,437.1
68393,459.4
68394,489.7
68395,513.2
68396,505.5
68397,497.5
68398,505.9
68399,535.4
68400,504.4
68401,522.7
68402,558.5
68403,567.2
68404,616.8
68405,550.5
68406,590.7
68407,647.0
68408,649.6
68409,655.9
68410,658.4
68411,661.7
68412,663.8
68413,665.0
68414,666.2
68415,666.1
68416,666.4
68417,663.5
68418,666.8
68419,669.1
68420,671.9
68421,674.5
68422,675.6
68423,672.7
68424,665.8
68425,667.4
68426,670.7
68427,674.3
68428,685.2
68429,693.0
68430,692.8
68431,698.5
68432,713.6
68433,712.3
68434,709.1
68435,725.7
68436,735.7
68437,748.0
68438,750.7
68439,746.7
68440,740.2
68441,739.0
68442,745.1
68443,743.9
68444,745.5
68445,753.6
68446,763.7
68447,794.7
68448,835.6
68449,865.7
68450,881.8
68451,900.2
68452,912.6
68453,929.8
68454,932.5
68455,922.1
68456,905.6
68457,895.1
68458,899.1
68459,896.7
68460,904.3
68461,938.7
68462,977.4
68463,993.4
68464,1013.8
68465,1037.7
68466,1052.6
68467,1059.4
68468,1064.9
68469,1068.3
68470,1072.9
68471,1081.8
68472,1103.3
68473,1104.1
68474,1104.6
68475,1105.7
68476,1105.6
68477,1104.6
68478,1105.8
68479,1113.7
68480,1121.2
68481,1129.4
68482,1137.7
68483,1140.7
68484,1145.2
68485,1148.0
68486,1149.4
68487,1148.9
68488,1152.1
68489,1163.4
68490,1196.0
68491,1217.8
68492,1234.7
68493,1245.1
68494,1250.1
68495,1260.5
68496,1300.2
68497,1315.0
68498,1320.1
68499,1329.3
68500,1336.6
68501,1333.5
68502,1332.0
68503,1346.8
68504,1346.3
68505,1369.3
68506,1423.8
68507,1450.7
68508,1440.4
68509,1403.8
68510,1373.8
68511,1346.0
68512,1317.6
68513,1298.1
68514,1275.7
68515,1265.7
68516,1261.1
68517,1259.4
68518,1258.4
68519,1255.7
68520,1249.0
68521,1244.7
68522,1238.4
68523,1235.6
68524,1231.0
68525,1226.1
68526,1224.4
68527,1220.6
68528,1217.4
68529,1223.8
68530,1233.7
68531,1237.1
68532,1238.6
68533,1237.8
68534,1237.0
68535,1237.4
68536,1237.3
68537,1236.8
68538,1239.8
68539,1242.7
68540,1245.1
68541,1248.0
68542,1252.4
68543,1270.8
68544,1289.5
68545,1293.9
68546,1296.8
68547,1298.3
68548,1299.0
68549,1300.6
68550,1300.9
68551,1302.4
68552,1303.8
68553,1304.7
68554,1303.6
68555,1305.0
68556,1303.6
68557,1302.3
68558,1308.6
68559,1317.0
68560,1331.4
68561,1332.6
68562,1334.0
68563,1339.0
68564,1346.1
68565,1367.3
68566,1399.5
68567,1414.0
68568,1414.0
68569,1408.4
68570,1403.4
68571,1395.7
68572,1389.8
68573,1385.3
68574,1393.0
68575,1401.4
68576,1413.9
68577,1446.1
68578,1482.7
68579,1506.9
68580,1535.1
68581,1584.7
68582,1616.3
68583,1645.0
68584,1661.0
68585,1664.8
68586,1665.2
68587,1664.7
68588,1665.2
68589,1664.8
68590,1667.0
68591,1667.6
68592,1669.0
68593,1672.7
68594,1676.3
68595,1676.2
68596,1669.9
68597,1668.7
68598,1662.7
68599,1650.9
68600,1652.3
68601,1648.4
68602,1657.7
68603,1644.9
68604,1651.9
68605,1650.3
68606,1646.7
68607,1646.7
68608,1645.2
68609,1645.3
68610,1647.1
68611,1647.1
68612,1645.9
68613,1647.4
68614,1643.6
68615,1645.2
68616,1647.5
68617,1645.9
68618,1643.2
68619,1643.8
68620,1636.6
68621,1635.2
68622,1631.1
68623,1631.5
68624,1623.4
68625,1614.6
68626,1601.8
68627,1604.6
68628,1605.6
68629,1590.0
68630,1577.3
68631,1569.1
68632,1564.6
68633,1559.7
68634,1552.0
68635,1554.8
68636,1555.9
68637,1558.0
68638,1561.5
68639,1564.6
68640,1570.4
68641,1572.7
68642,1572.0
68643,1569.8
68644,1570.5
68645,1567.9
68646,1568.4
68647,1565.8
68648,1563.0
68649,1562.1
68650,1555.5
68651,1546.9
68652,1542.9
68653,1541.4
68654,1537.2
68655,1534.3
68656,1529.2
68657,1528.0
68658,1530.7
68659,1535.2
68660,1539.4
68661,1539.6
68662,1538.5
68663,1539.9
68664,1540.6
68665,1542.4
68666,1541.0
68667,1537.2
68668,1535.0
68669,1534.6
68670,1530.0
68671,1524.7
68672,1517.9
68673,1507.8
68674,1502.2
68675,1500.8
68676,1502.4
68677,1502.3
68678,1502.2
68679,1502.4
68680,1502.1
68681,1503.4
68682,1505.7
68683,1505.1
68684,1504.3
68685,1501.8
68686,1499.4
68687,1499.7
68688,1499.2
68689,1499.9
68690,1500.5
68691,1497.4
68692,1497.5
68693,1497.5
68694,1494.6
68695,1493.2
68696,1492.0
68697,1492.1
68698,1491.3
68699,1490.4
68700,1490.2
68701,1490.4
68702,1490.3
68703,1491.6
68704,1492.1
68705,1492.9
68706,1494.0
68707,1496.9
68708,1498.2
68709,1499.9
68710,1503.9
68711,1503.9
68712,1507.4
68713,1509.2
68714,1510.4
68715,1510.0
68716,1510.8
68717,1511.9
68718,1510.7
68719,1514.2
68720,1514.5
68721,1514.6
68722,1513.3
68723,1515.5
68724,1522.7
68725,1526.1
68726,1527.3
68727,1524.0
68728,1523.9
68729,1525.6
68730,1525.0
68731,1525.4
68732,1523.5
68733,1523.4
68734,1520.3
68735,1517.9
68736,1510.5
68737,1506.1
68738,1497.2
68739,1473.0
68740,1462.1
68741,1458.9
68742,1460.6
68743,1462.8
68744,1460.9
68745,1453.3
68746,1448.4
68747,1445.4
68748,1444.4
68749,1443.2
68750,1441.3
68751,1445.5
68752,1455.3
68753,1454.6
68754,1455.5
68755,1455.2
68756,1454.4
68757,1458.3
68758,1462.8
68759,1462.0
68760,1463.3
68761,1464.5
68762,1461.8
68763,1462.1
68764,1462.8
68765,1463.0
68766,1463.4
68767,1464.7
68768,1467.1
68769,1469.3
68770,1469.9
68771,1469.8
68772,1468.5
68773,1466.9
68774,1465.1
68775,1464.1
68776,1465.4
68777,1468.9
68778,1470.5
68779,1471.6
68780,1472.5
68781,1474.0
68782,1473.6
68783,1470.1
68784,1466.3
68785,1462.9
68786,1461.6
68787,1452.0
68788,1434.8
68789,1428.0
68790,1434.9
68791,1438.8
68792,1438.3
68793,1425.7
68794,1412.3
68795,1405.7
68796,1409.4
68797,1413.2
68798,1411.2
68799,1403.3
68800,1404.8
68801,1405.4
68802,1404.5
68803,1401.1
68804,1396.9
68805,1392.7
68806,1390.4
68807,1389.9
68808,1389.9
68809,1389.2
68810,1389.6
68811,1393.1
68812,1391.7
68813,1385.9
68814,1379.7
68815,1376.8
68816,1375.0
68817,1374.1
68818,1374.5
68819,1374.9
68820,1370.9
68821,1366.7
68822,1362.7
68823,1361.6
68824,1360.1
68825,1356.0
68826,1354.4
68827,1353.2
68828,1349.8
68829,1342.7
68830,1338.2
68831,1339.4
68832,1340.3
68833,1341.0
68834,1341.0
68835,1341.7
68836,1334.6
68837,1328.3
68838,1326.7
68839,1325.6
68840,1326.8
68841,1323.8
68842,1315.9
68843,1310.4
68844,1306.9
68845,1305.5
68846,1303.9
68847,1302.1
68848,1302.3
68849,1301.9
68850,1296.2
68851,1290.1
68852,1287.9
68853,1285.3
68854,1283.9
68855,1281.1
68856,1277.7
68857,1275.7
68858,1277.6
68859,1279.1
68860,1272.9
68861,1259.4
68862,1267.7
68863,1280.0
68864,1282.1
68865,1282.2
68866,1284.1
68867,1284.7
68868,1283.6
68869,1279.7
68870,1277.3
68871,1271.3
68872,1270.9
68873,1265.8
68874,1259.3
68875,1256.5
68876,1256.6
68877,1256.5
68878,1252.5
68879,1242.7
68880,1230.6
68881,1218.1
68882,1201.1
68883,1191.8
68884,1187.3
68885,1178.8
68886,1171.9
68887,1172.8
68888,1171.5
68889,1169.5
68890,1170.0
68891,1177.1
68892,1189.8
68893,1187.3
68894,1182.6
68895,1181.3
68896,1179.6
68897,1178.8
68898,1174.7
68899,1167.6
68900,1160.7
68901,1152.6
68902,1134.9
68903,1116.8
68904,1093.0
68905,1081.3
68906,1073.4
68907,1057.6
68908,1030.5
68909,1010.8
68910,993.5
68911,981.4
68912,974.0
68913,968.0
68914,958.9
68915,943.8
68916,908.5
68917,852.6
68918,829.7
68919,824.4
68920,821.6
68921,820.0
68922,820.3
68923,819.8
68924,816.2
68925,813.2
68926,808.9
68927,809.0
68928,807.2
68929,802.2
68930,800.7
68931,798.8
68932,797.2
68933,789.7
68934,784.2
68935,783.0
68936,783.9
68937,782.5
68938,780.9
68939,778.7
68940,776.9
68941,772.7
68942,769.2
68943,764.0
68944,757.2
68945,749.3
68946,744.9
68947,744.0
68948,743.8
68949,743.6
68950,743.2
68951,743.8
68952,742.5
68953,741.4
68954,739.8
68955,738.2
68956,739.4
68957,739.5
68958,736.3
68959,731.6
68960,734.6
68961,738.7
68962,739.2
68963,739.8
68964,739.9
68965,739.8
68966,740.2
68967,740.8
68968,740.1
68969,739.9
68970,737.1
68971,736.0
68972,735.9
68973,736.6
68974,735.6
68975,734.9
68976,735.3
68977,736.4
68978,737.2
68979,738.4
68980,738.4
68981,738.7
68982,740.0
68983,740.1
68984,739.9
68985,740.5
68986,742.6
68987,741.0
68988,740.7
68989,741.2
68990,740.0
68991,741.1
68992,741.0
68993,741.1
68994,739.5
68995,737.3
68996,737.5
68997,736.9
68998,735.0
68999,736.8
69000,738.4
69001,737.5
69002,732.8
69003,733.2
69004,734.0
69005,733.5
69006,733.4
69007,733.3
69008,731.8
69009,732.4
69010,732.7
69011,731.0
69012,733.2
69013,734.0
69014,732.6
69015,733.0
69016,731.8
69017,732.2
69018,734.2
69019,734.1
69020,732.4
69021,732.0
69022,731.9
69023,731.2
69024,731.6
69025,731.7
69026,732.3
69027,732.2
69028,732.3
69029,731.8
69030,731.2
69031,732.4
69032,732.1
69033,732.0
69034,733.0
69035,731.8
69036,733.2
69037,732.6
69038,732.1
69039,732.2
69040,732.2
69041,731.0
69042,731.9
69043,732.2
