NETCARE2015/data/raw/Flight7/H2O_POLAR6_20150413_R1_NETCARE.ict
34, 1001
Bozem, Heiko; Hoor, Peter
Institute for Atmospheric Physics, Johannes Gutenberg University, Mainz, Germany
H2O mixing ratio from LI7200 CO2/H2O analyzer
NETCARE Polar 6 Campaign 2015
1, 1
2015, 04, 13, 2016, 01, 22
1
Time_UTC, seconds
1
1
-9999.9
H2O_ppmv, ppmv
0
19
PI_CONTACT_INFO: Address: Johann-Joachim-Becherweg 21, 55128 Mainz, email: bozemh@uni-mainz.de; hoor@uni-mainz.de
PLATFORM: Polar 6
LOCATION: GPS location and altitude available at 1 Hz resolution in separate file (See AIMMS files under Aircraft data and meteorology)
ASSOCIATED_DATA: N/A
INSTRUMENT_INFO: H2O measurements based on non-dispersive infrared absorption spectroscopy
DATA_INFO: Units are ppmv
UNCERTAINTY RELATIVE TO STANDARD: 18.5 ppmv or 2.5 %, whichever is greater, at 1 sigma confidence (before drift correction is applied)
ULOD_FLAG: -7777
ULOD_VALUE: N/A
LLOD_FLAG: -8888
LLOD_VALUE: N/A 
DM_CONTACT_INFO: N/A
PROJECT_INFO: NETCARE Polar 6 aircraft campaign in April 2015; Eureka
STIPULATIONS_ON_USE: N/A
OTHER_COMMENTS: N/A
REVISION: R1
R0: Preliminary data, corrected for instrument drift
R1: Final data, corrected for instrument drift
Time_UTC,H2O_ppmv
[from data line 17934]
72801,423.0
72802,422.4
72803,421.5
72804,421.4
72805,422.8
72806,422.5
72807,422.5
72808,423.2
72809,422.6
72810,423.7
72811,423.7
72812,425.7
72813,425.5
72814,425.5
72815,424.5
72816,424.4
72817,423.3
72818,423.3
72819,422.4
72820,422.5
72821,421.8
72822,421.3
72823,420.5
72824,421.4
72825,421.1
72826,420.7
72827,420.6
72828,420.4
72829,418.8
72830,417.6
72831,417.9
72832,417.9
72833,418.6
72834,418.4
72835,418.0
72836,418.5
72837,416.6
72838,416.7
72839,415.2
72840,414.4
72841,414.7
72842,417.3
72843,417.8
72844,418.3
72845,419.3
72846,418.1
72847,417.7
72848,418.4
72849,417.6
72850,416.2
72851,416.7
72852,417.2
72853,417.2
72854,418.1
72855,417.3
72856,417.8
72857,416.5
72858,414.4
72859,410.4
72860,409.1
72861,408.9
72862,409.6
72863,411.3
72864,411.8
72865,412.2
72866,410.9
72867,412.0
72868,412.1
72869,412.7
72870,414.1
72871,414.6
72872,414.6
72873,414.9
72874,412.9
72875,411.1
72876,409.8
72877,406.1
72878,408.2
72879,410.0
72880,410.3
72881,410.9
72882,411.4
72883,411.6
72884,411.0
72885,410.2
72886,410.7
72887,412.3
72888,411.4
72889,411.9
72890,413.1
72891,413.5
72892,413.7
72893,413.9
72894,415.0
72895,413.8
72896,413.1
72897,409.2
72898,406.4
72899,407.4
72900,405.3
72901,401.6
72902,401.1
72903,401.9
72904,401.3
72905,399.7
72906,400.8
72907,400.8
72908,402.1
72909,402.5
72910,405.4
72911,404.8
72912,406.3
72913,408.4
72914,410.1
72915,410.4
72916,409.8
72917,412.4
72918,412.5
72919,410.8
72920,404.6
72921,403.9
72922,402.6
72923,402.7
72924,400.3
72925,403.0
72926,403.7
72927,403.0
72928,401.7
72929,401.6
72930,402.8
72931,403.7
72932,406.5
72933,402.8
72934,403.6
72935,403.0
72936,403.5
72937,404.5
72938,405.5
72939,402.2
72940,400.3
72941,398.4
72942,402.9
72943,403.6
72944,406.4
72945,408.2
72946,410.0
72947,411.0
72948,410.9
72949,408.9
72950,409.3
72951,404.2
72952,405.0
72953,401.8
72954,399.0
72955,400.9
72956,406.3
72957,420.9
72958,412.1
72959,413.5
72960,419.6
72961,419.8
72962,420.0
72963,419.5
72964,420.1
72965,420.0
72966,421.4
72967,421.8
72968,418.7
72969,411.0
72970,405.3
72971,418.7
72972,407.8
72973,396.3
72974,400.0
72975,404.5
72976,406.8
72977,406.6
72978,405.3
72979,401.4
72980,401.9
72981,402.8
72982,398.4
72983,403.4
72984,406.8
72985,408.7
72986,408.7
72987,408.8
72988,410.3
72989,410.1
72990,416.5
72991,416.0
72992,415.4
72993,416.9
72994,419.0
72995,420.3
72996,428.5
72997,442.6
72998,449.0
72999,449.0
73000,447.2
73001,450.1
73002,452.1
73003,444.0
73004,431.4
73005,423.4
73006,414.1
73007,409.9
73008,406.7
73009,401.4
73010,400.9
73011,396.0
73012,391.3
73013,390.0
73014,391.6
73015,396.9
73016,410.3
73017,414.5
73018,417.2
73019,421.0
73020,420.0
73021,419.7
73022,422.5
73023,424.3
73024,427.8
73025,429.0
73026,426.7
73027,426.2
73028,423.6
73029,424.0
73030,424.7
73031,428.3
73032,427.3
73033,426.8
73034,429.5
73035,429.7
73036,429.5
73037,429.3
73038,425.6
73039,419.8
73040,418.1
73041,418.3
73042,418.9
73043,417.6
73044,418.6
73045,419.2
73046,415.6
73047,412.7
73048,404.4
73049,401.9
73050,396.4
73051,390.3
73052,392.8
73053,392.4
73054,395.2
73055,400.9
73056,404.8
73057,402.1
73058,406.9
73059,405.0
73060,406.9
73061,406.6
73062,405.3
73063,403.6
73064,402.0
73065,399.7
73066,398.6
73067,401.4
73068,404.2
73069,401.5
73070,402.2
73071,403.0
73072,402.5
73073,401.4
73074,399.7
73075,397.9
73076,398.3
73077,396.2
73078,393.0
73079,395.1
73080,403.7
73081,404.8
73082,405.3
73083,407.2
73084,411.1
73085,412.1
73086,408.8
73087,407.0
73088,399.6
73089,395.5
73090,397.1
73091,398.9
73092,404.9
73093,398.5
73094,398.7
73095,397.2
73096,394.9
73097,396.3
73098,398.3
73099,395.7
73100,399.8
73101,397.9
73102,398.3
73103,399.2
73104,402.2
73105,403.2
73106,402.7
73107,405.1
73108,405.0
73109,406.0
73110,406.6
73111,408.9
73112,406.0
73113,404.1
73114,402.2
73115,402.5
73116,402.1
73117,401.3
73118,398.8
73119,398.9
73120,399.3
73121,398.8
73122,399.8
73123,399.1
73124,396.8
73125,400.0
73126,401.8
73127,400.0
73128,400.1
73129,398.0
73130,396.6
73131,392.4
73132,388.0
73133,390.1
73134,396.9
73135,405.0
73136,400.4
73137,397.9
73138,402.0
73139,390.7
73140,387.2
73141,387.5
73142,387.1
73143,387.0
73144,382.6
73145,379.7
73146,378.7
73147,381.2
73148,380.1
73149,383.0
73150,386.4
73151,389.6
73152,393.0
73153,397.1
73154,395.6
73155,390.4
73156,381.4
73157,380.7
73158,385.9
73159,390.0
73160,384.0
73161,372.9
73162,370.2
73163,370.3
73164,372.1
73165,372.1
73166,371.9
73167,372.9
73168,371.2
73169,372.3
73170,371.9
73171,373.5
73172,374.6
73173,376.9
73174,375.3
73175,372.7
73176,371.0
73177,372.1
73178,371.8
73179,373.9
73180,374.5
73181,375.5
73182,-9999.9
73183,-9999.9
73184,-9999.9
73185,384.5
73186,377.3
73187,378.1
73188,377.4
73189,380.4
73190,379.0
73191,379.4
73192,378.5
73193,377.4
73194,377.6
73195,378.7
73196,380.0
73197,379.7
73198,380.1
73199,380.0
73200,379.8
73201,378.9
73202,378.2
73203,378.4
73204,377.1
73205,376.7
73206,377.0
73207,375.9
73208,375.4
73209,374.4
73210,375.6
73211,376.4
73212,377.6
73213,377.6
73214,377.3
73215,378.3
73216,380.2
73217,383.3
73218,382.1
73219,383.0
73220,383.8
73221,384.8
73222,385.6
73223,387.2
73224,388.5
73225,387.9
73226,387.6
73227,387.3
73228,392.0
73229,397.6
73230,403.1
73231,409.2
73232,411.5
73233,412.9
73234,416.6
73235,412.3
73236,415.2
73237,413.0
73238,411.5
73239,409.0
73240,399.8
73241,393.2
73242,391.0
73243,388.7
73244,386.8
73245,387.1
73246,386.8
73247,388.9
73248,390.3
73249,391.9
73250,393.3
73251,394.4
73252,397.0
73253,398.2
73254,400.3
73255,401.2
73256,405.2
73257,422.3
73258,449.3
73259,451.3
73260,449.6
73261,450.6
73262,449.5
73263,448.1
73264,446.3
73265,441.3
73266,430.5
73267,423.2
73268,422.4
73269,433.8
73270,433.2
73271,432.1
73272,432.7
73273,436.3
73274,441.8
73275,436.8
73276,444.6
73277,450.7
73278,448.7
73279,452.4
73280,453.9
73281,455.1
73282,453.3
73283,454.0
73284,455.7
73285,457.0
73286,457.4
73287,456.5
73288,461.3
73289,469.8
73290,471.8
73291,473.6
73292,473.0
73293,465.4
73294,461.3
73295,463.5
73296,463.6
73297,462.8
73298,461.4
73299,460.0
73300,461.4
73301,460.1
73302,463.1
73303,460.7
73304,459.1
73305,459.7
73306,462.3
73307,463.8
73308,468.9
73309,467.1
73310,470.4
73311,470.3
73312,469.4
73313,471.3
73314,470.9
73315,466.8
73316,467.2
73317,468.3
73318,467.4
73319,466.5
73320,476.7
73321,484.4
73322,487.8
73323,483.6
73324,478.1
73325,471.0
73326,466.8
73327,462.0
73328,459.0
73329,455.7
73330,454.2
73331,452.0
73332,448.8
73333,445.6
73334,441.1
73335,439.0
73336,438.5
73337,438.3
73338,434.7
73339,432.6
73340,431.7
73341,430.6
73342,430.6
73343,429.8
73344,434.3
73345,444.5
73346,444.3
73347,436.6
73348,435.4
73349,435.3
73350,445.6
73351,448.6
73352,452.9
73353,459.2
73354,461.7
73355,464.3
73356,471.3
73357,473.6
73358,479.8
73359,486.8
73360,491.3
73361,481.8
73362,474.3
73363,475.6
73364,474.2
73365,487.7
73366,498.7
73367,504.5
73368,506.2
73369,507.0
73370,507.6
73371,507.7
73372,507.5
73373,508.5
73374,509.9
73375,510.3
73376,511.4
73377,511.6
73378,511.7
73379,512.3
73380,511.6
73381,512.3
73382,511.9
73383,512.5
73384,512.9
73385,511.9
73386,511.9
73387,512.0
73388,512.2
73389,511.9
73390,513.3
73391,514.8
73392,521.0
73393,521.9
73394,526.4
73395,531.2
73396,532.0
73397,532.3
73398,532.7
73399,532.1
73400,532.6
73401,532.7
73402,532.1
73403,532.3
73404,531.0
73405,532.2
73406,541.5
73407,549.5
73408,549.7
73409,547.7
73410,547.3
73411,551.3
73412,554.4
73413,554.5
73414,556.0
73415,554.1
73416,552.7
73417,554.3
73418,554.1
73419,554.8
73420,555.8
73421,556.9
73422,559.2
73423,561.2
73424,562.3
73425,564.3
73426,566.1
73427,567.2
73428,569.6
73429,571.1
73430,570.6
73431,571.0
73432,571.8
73433,572.4
73434,572.2
73435,573.1
73436,573.1
73437,569.4
73438,569.6
73439,571.5
73440,568.6
73441,566.6
73442,566.5
73443,562.8
73444,557.4
73445,552.4
73446,551.4
73447,549.4
73448,548.7
73449,544.0
73450,544.5
73451,543.7
73452,544.3
73453,541.9
73454,539.2
73455,538.8
73456,540.8
73457,541.9
73458,540.4
73459,537.3
73460,536.8
73461,535.2
73462,535.9
73463,536.2
73464,534.7
73465,530.4
73466,517.9
73467,508.7
73468,501.8
73469,499.8
73470,499.5
73471,498.4
73472,499.6
73473,501.2
73474,505.0
73475,514.1
73476,509.6
73477,506.4
73478,503.7
73479,501.0
73480,499.2
73481,491.0
73482,484.6
73483,481.8
73484,487.5
73485,487.7
73486,478.3
73487,486.0
73488,491.2
73489,490.3
73490,487.7
73491,486.3
73492,487.3
73493,487.1
73494,482.4
73495,482.9
73496,483.0
73497,480.1
73498,477.3
73499,471.5
73500,467.3
73501,465.3
73502,465.0
73503,466.7
73504,468.4
73505,467.5
73506,467.2
73507,466.7
73508,465.2
73509,464.7
73510,464.5
73511,463.3
73512,464.7
73513,464.8
73514,463.8
73515,464.4
73516,464.3
73517,464.9
73518,464.2
73519,464.2
73520,464.6
73521,465.1
73522,462.2
73523,460.2
73524,461.7
73525,463.0
73526,463.9
73527,464.6
73528,464.3
73529,463.3
73530,463.8
73531,462.8
73532,461.1
73533,461.5
73534,463.4
73535,465.3
73536,464.5
73537,464.7
73538,464.3
73539,476.3
73540,477.0
73541,478.0
73542,478.0
73543,479.9
73544,480.2
73545,481.4
73546,481.0
73547,480.0
73548,478.9
73549,480.4
73550,484.5
73551,480.5
73552,477.2
73553,478.6
73554,483.9
73555,480.2
73556,482.5
73557,488.0
73558,496.2
73559,500.4
73560,500.0
73561,497.9
73562,496.8
73563,499.6
73564,494.6
73565,492.6
73566,492.8
73567,487.5
73568,488.0
73569,485.4
73570,486.7
73571,485.3
73572,491.1
73573,487.7
73574,488.6
73575,489.9
73576,488.8
73577,485.5
73578,487.0
73579,486.3
73580,487.4
73581,486.6
73582,485.8
73583,487.0
73584,488.6
73585,488.6
73586,485.9
73587,488.7
73588,489.3
73589,490.0
73590,490.5
73591,492.7
73592,492.6
73593,493.5
73594,491.0
73595,499.1
73596,496.8
73597,495.5
73598,499.4
73599,498.3
73600,501.7
73601,500.0
73602,498.4
73603,495.0
73604,494.1
73605,496.2
73606,495.9
73607,496.6
73608,498.1
73609,499.7
73610,497.8
73611,499.1
73612,497.9
73613,488.0
73614,490.4
73615,494.8
73616,496.8
73617,500.0
73618,501.3
73619,501.8
73620,503.1
73621,505.0
73622,507.1
73623,508.3
73624,507.3
73625,508.9
73626,504.5
73627,501.7
73628,498.4
73629,496.9
73630,501.6
73631,501.0
73632,499.3
73633,502.0
73634,505.6
73635,506.6
73636,506.2
73637,503.8
73638,507.6
73639,508.5
73640,509.3
73641,509.1
73642,507.0
73643,507.3
73644,507.3
73645,509.2
73646,504.0
73647,503.6
73648,505.5
73649,506.6
73650,503.3
73651,505.7
73652,508.4
73653,505.6
73654,504.3
73655,503.6
73656,508.9
73657,512.8
73658,509.6
73659,511.2
73660,513.5
73661,512.6
73662,509.2
73663,510.8
73664,512.9
73665,514.0
73666,512.4
73667,512.8
73668,514.8
73669,512.2
73670,514.1
73671,515.2
73672,513.3
73673,512.3
73674,511.4
73675,512.7
73676,512.6
73677,512.2
73678,512.8
73679,513.1
73680,513.1
73681,512.9
73682,513.5
73683,514.4
73684,514.1
73685,514.5
73686,514.6
73687,514.8
73688,514.3
73689,515.3
73690,514.3
73691,515.7
73692,516.1
73693,516.3
73694,516.6
73695,515.7
73696,517.3
73697,517.9
73698,518.9
73699,518.8
73700,518.2
73701,518.0
73702,519.0
73703,520.4
73704,519.3
73705,520.2
73706,519.4
73707,520.4
73708,521.0
73709,521.9
73710,521.7
73711,522.7
73712,522.8
73713,522.9
73714,523.2
73715,523.8
73716,524.8
73717,525.0
73718,525.5
73719,525.3
73720,526.8
73721,526.9
73722,526.7
73723,526.1
73724,525.9
73725,527.5
73726,528.9
73727,527.2
73728,526.0
73729,526.6
73730,526.9
73731,525.4
73732,524.9
73733,525.1
73734,524.9
73735,524.7
73736,525.4
73737,526.3
73738,526.0
73739,524.8
73740,525.5
73741,525.5
73742,526.4
73743,525.9
73744,526.4
73745,526.2
73746,525.9
73747,526.9
73748,526.7
73749,527.0
73750,527.5
73751,527.9
73752,527.6
73753,527.6
73754,528.0
73755,528.4
73756,527.7
73757,527.3
73758,527.8
73759,528.2
73760,528.9
73761,528.1
73762,528.4
73763,529.1
73764,528.3
73765,529.4
73766,529.2
73767,530.0
73768,530.1
73769,529.6
73770,530.7
73771,531.0
73772,530.8
73773,530.4
73774,531.3
73775,531.7
73776,531.8
73777,532.8
73778,533.8
73779,534.6
73780,534.1
73781,534.5
73782,535.7
73783,536.9
73784,537.7
73785,537.7
73786,539.9
73787,539.0
73788,539.4
73789,539.2
73790,539.0
73791,538.7
73792,539.0
73793,539.8
73794,539.6
73795,539.7
73796,540.1
73797,540.0
73798,539.7
73799,538.7
73800,539.3
73801,539.8
73802,541.0
73803,542.2
73804,543.3
73805,543.1
73806,542.8
73807,540.7
73808,542.0
73809,542.4
73810,542.1
73811,542.6
73812,542.1
73813,541.9
73814,542.3
73815,542.2
73816,542.1
73817,542.1
73818,539.9
73819,541.5
73820,540.9
73821,541.3
73822,541.3
73823,542.7
73824,543.4
73825,542.2
73826,540.7
73827,540.9
73828,541.2
73829,540.2
73830,540.9
73831,540.8
73832,540.3
73833,540.3
73834,539.7
73835,540.5
73836,540.8
73837,541.4
73838,542.5
73839,544.0
73840,543.7
73841,544.3
73842,545.7
73843,544.6
73844,544.2
73845,546.5
73846,547.2
73847,546.5
73848,544.3
73849,543.6
73850,543.7
73851,542.4
73852,542.5
73853,542.4
73854,542.7
73855,542.8
73856,543.5
73857,546.9
73858,547.3
73859,549.4
73860,546.9
73861,547.6
73862,548.0
73863,549.6
73864,550.7
73865,546.9
73866,543.2
73867,543.0
73868,542.5
73869,542.5
73870,542.9
73871,542.6
73872,542.3
73873,543.1
73874,542.9
73875,543.7
73876,543.9
73877,545.1
73878,543.6
73879,544.0
73880,544.7
73881,544.2
73882,544.2
73883,544.6
73884,544.4
73885,545.0
73886,545.4
73887,545.1
73888,545.3
73889,545.6
73890,545.3
73891,545.0
73892,546.3
73893,546.5
73894,546.7
73895,547.4
73896,547.1
73897,546.9
73898,547.4
73899,548.8
73900,549.2
73901,548.6
73902,548.5
73903,550.3
73904,551.7
73905,551.3
73906,551.3
73907,551.6
73908,551.7
73909,551.9
73910,552.4
73911,554.0
73912,559.7
73913,562.8
73914,559.9
73915,555.7
73916,553.2
73917,551.7
73918,550.6
73919,550.6
73920,550.6
73921,550.9
73922,551.7
73923,557.7
73924,559.6
73925,561.4
73926,561.3
73927,561.1
73928,559.0
73929,555.8
73930,553.5
73931,552.7
73932,551.4
73933,551.7
73934,552.8
73935,552.0
73936,553.9
73937,553.0
73938,555.6
73939,560.3
73940,558.5
73941,556.7
73942,556.9
73943,559.0
73944,558.5
73945,558.9
73946,558.4
73947,558.5
73948,560.1
73949,565.7
73950,574.6
73951,591.9
73952,595.3
73953,596.3
73954,599.8
73955,601.1
73956,602.0
73957,602.4
73958,606.3
73959,607.4
73960,609.2
73961,609.4
73962,609.3
73963,608.7
73964,605.6
73965,605.7
73966,606.1
73967,605.0
73968,604.6
73969,605.4
73970,602.7
73971,601.7
73972,602.0
73973,603.5
73974,606.8
73975,610.1
73976,610.9
73977,608.9
73978,608.1
73979,607.8
73980,607.8
73981,606.3
73982,607.0
73983,603.3
73984,603.9
73985,605.8
73986,602.9
73987,597.8
73988,596.8
73989,597.6
73990,596.6
73991,596.7
73992,599.3
73993,597.7
73994,594.0
73995,593.5
73996,599.0
73997,601.2
73998,602.7
73999,600.5
74000,598.0
74001,596.7
74002,594.4
74003,594.1
74004,593.8
74005,594.2
74006,594.9
74007,595.2
74008,596.0
74009,596.4
74010,597.8
74011,602.7
74012,616.4
74013,618.3
74014,617.4
74015,614.1
74016,615.5
74017,615.2
74018,615.0
74019,617.2
74020,619.6
74021,617.0
74022,621.9
74023,625.3
74024,621.8
74025,614.1
74026,611.4
74027,629.2
74028,640.7
74029,644.8
74030,650.7
74031,650.7
74032,643.7
74033,627.0
74034,612.9
74035,615.1
74036,626.2
74037,634.0
74038,634.5
74039,640.9
74040,644.1
74041,633.0
74042,626.8
74043,625.7
74044,625.9
74045,626.5
74046,626.1
74047,625.8
74048,625.6
74049,620.5
74050,614.2
74051,612.6
74052,612.4
74053,612.8
74054,613.0
74055,613.0
74056,615.9
74057,618.9
74058,617.6
74059,618.6
74060,613.8
74061,610.4
74062,609.2
74063,609.0
74064,610.6
74065,627.5
74066,641.7
74067,652.9
74068,669.3
74069,679.5
74070,678.6
74071,670.9
74072,664.2
74073,661.3
74074,659.2
74075,666.1
74076,676.3
74077,679.1
74078,685.7
74079,687.8
74080,692.9
74081,694.6
74082,719.6
74083,734.6
74084,736.4
74085,735.3
74086,733.7
74087,733.7
74088,732.1
74089,736.0
74090,733.3
74091,734.9
74092,734.3
74093,730.4
74094,726.5
74095,724.5
74096,708.5
74097,704.4
74098,703.8
74099,704.6
74100,705.0
74101,703.9
74102,704.0
74103,707.8
74104,711.0
74105,717.1
74106,721.8
74107,725.3
74108,724.0
74109,724.8
74110,725.1
74111,729.6
74112,727.9
74113,729.8
74114,730.2
74115,730.7
74116,729.0
74117,721.4
74118,719.9
74119,724.3
74120,721.7
74121,712.3
74122,713.5
74123,710.6
74124,706.6
74125,710.9
74126,744.5
74127,756.8
74128,767.1
74129,782.2
74130,790.3
74131,794.7
74132,802.2
