NETCARE2015/data/raw/Flight7/O3_POLAR6_201504131453_R0_L1_NETCARE.ict
37, 1001
Staebler, Ralf
Environment Canada
Thermo 49i ozone data
Polar 6 NETCARE
1, 1
2015, 4, 13, 2015, 9, 30
0
Start_UTC, seconds
6
1, 1, 1, 1, 1, 1
-9999, -9999, -999.9, -99.9, -99.9, -99.9
Stop_UTC, seconds
hr, decimal hours (UTC)
Press, cell pressure (Torr)
BenchT, instrument temperature (deg C)
LampT, ozone lamp temperature (deg C)
O3, ozone mixing ratio (ppbv)
1
Press, BenchT, LampT are included for diagnostics
16
PI_CONTACT_INFO: Address: 4905 Dufferin Street, Toronto, ON M3H 5T4; email: Ralf.Staebler@ec.gc.ca
PLATFORM: Polar 6 
LOCATION: Location data varies as seen in this file
INSTRUMENT_INFO: Thermo Scienfific ozone analyzer model 49i, S.N. 0606014771
UNCERTAINTY: 0.2 ppbv 
ULOD_FLAG: -7777
ULOD_VALUE: N/A
LLOD_FLAG: -8888
LLOD_VALUE: N/A
DM_CONTACT_INFO: Ralf Staebler; Environment Canada; Ralf.Staebler@ec.gc.ca
PROJECT_INFO: Polar 6 NETCARE Spring 2015 campaign
STIPULATIONS_ON_USE: If use of this data will lead to a publication, we ask that the PI be informed.
OTHER_COMMENTS: N/A
REVISION: R0
R0: First set of data.
Start_UTC,Stop_UTC,hr,Press,BenchT,LampT,O3
[from data line 388]
58740,58750,16.3194,596.2,36.3,53.4,46.8
58750,58760,16.3222,594.4,36.4,53.4,44.2
58760,58770,16.3250,591.7,36.4,53.4,43.1
58770,58780,16.3278,590.2,36.4,53.5,43.7
58780,58790,16.3306,589.0,36.4,53.4,45.8
58790,58800,16.3333,587.8,36.5,53.5,45.3
58800,58810,16.3361,586.0,36.5,53.4,46.3
58810,58820,16.3389,583.9,36.5,53.4,46.3
58820,58830,16.3417,583.0,36.6,53.4,45.8
58830,58840,16.3444,581.3,36.6,53.4,44.6
58840,58850,16.3472,578.9,36.6,53.4,45.4
58850,58860,16.3500,577.7,36.6,53.5,46.8
58860,58870,16.3528,576.2,36.6,53.5,45.5
58870,58880,16.3556,574.4,36.7,53.5,45.4
58880,58890,16.3583,571.7,36.7,53.5,44.6
58890,58900,16.3611,569.3,36.7,53.5,45.2
58900,58910,16.3639,568.1,36.7,53.4,46.1
58910,58920,16.3667,566.3,36.8,53.5,46.6
58920,58930,16.3694,563.9,36.8,53.5,47.3
58930,58940,16.3722,562.4,36.8,53.5,46.4
58940,58950,16.3750,561.5,36.9,53.5,48.2
58950,58960,16.3778,560.0,36.9,53.5,47.9
58960,58970,16.3806,557.9,36.9,53.5,47.2
58970,58980,16.3833,556.4,36.9,53.5,47.5
58980,58990,16.3861,555.2,37.0,53.5,48
58990,59000,16.3889,553.7,37.0,53.5,47.2
59000,59010,16.3917,551.6,37.0,53.5,46.6
59010,59020,16.3944,549.8,37.0,53.5,46.9
59020,59030,16.3972,548.6,37.1,53.5,48.2
59030,59040,16.4000,547.1,37.1,53.5,47.7
59040,59050,16.4028,545.0,37.1,53.5,48.4
59050,59060,16.4056,543.2,37.2,53.5,49.3
59060,59070,16.4083,542.0,37.2,53.5,51
59070,59080,16.4111,540.2,37.2,53.5,51.3
59080,59090,16.4139,538.1,37.2,53.5,51.7
59090,59100,16.4167,536.3,37.3,53.5,51.2
59100,59110,16.4194,535.1,37.3,53.5,50
59110,59120,16.4222,533.9,37.3,53.5,50.6
59120,59130,16.4250,531.8,37.4,53.5,51
59130,59140,16.4278,530.3,37.4,53.5,49.7
59140,59150,16.4306,529.1,37.4,53.5,49.8
59150,59160,16.4333,527.6,37.5,53.5,48.9
59160,59170,16.4361,525.2,37.5,53.5,48.9
59170,59180,16.4389,523.7,37.5,53.5,49.3
59180,59190,16.4417,522.5,37.5,53.5,51.4
59190,59200,16.4444,521.0,37.6,53.5,50.2
59200,59210,16.4472,519.5,37.6,53.5,51.5
59210,59220,16.4500,518.0,37.6,53.5,53.1
59220,59230,16.4528,516.8,37.7,53.5,51.9
59230,59240,16.4556,515.6,37.7,53.5,52.3
59240,59250,16.4583,513.5,37.7,53.5,52.6
59250,59260,16.4611,511.7,37.7,53.5,52.2
59260,59270,16.4639,510.5,37.7,53.5,52.5
59270,59280,16.4667,509.0,37.8,53.5,52.5
59280,59290,16.4694,507.2,37.8,53.5,50.8
59290,59300,16.4722,505.7,37.8,53.5,50.5
59300,59310,16.4750,504.2,37.9,53.5,48.7
59310,59320,16.4778,503.1,37.9,53.5,45.3
59320,59330,16.4806,501.9,37.9,53.5,49.4
59330,59340,16.4833,501.9,37.9,53.5,47.8
59340,59350,16.4861,502.5,38.0,53.5,46.8
59350,59360,16.4889,502.2,38.0,53.5,45.7
59360,59370,16.4917,502.2,38.0,53.5,46.8
59370,59380,16.4944,502.5,38.0,53.5,46.2
59380,59390,16.4972,502.8,38.1,53.6,46.7
59390,59400,16.5000,503.4,38.1,53.5,49
59400,59410,16.5028,503.4,38.1,53.4,46.1
59410,59420,16.5056,503.7,38.1,53.6,46
59420,59430,16.5083,504.6,38.2,53.5,46.6
59430,59440,16.5111,504.6,38.2,53.6,46.9
59440,59450,16.5139,504.0,38.2,53.4,46.4
59450,59460,16.5167,504.0,38.2,53.6,45.8
59460,59470,16.5194,504.6,38.3,53.4,45.2
59470,59480,16.5222,504.6,38.3,53.6,46.3
59480,59490,16.5250,504.0,38.3,53.6,46.9
59490,59500,16.5278,504.0,38.4,53.4,47.8
59500,59510,16.5306,504.0,38.4,53.4,48.4
59510,59520,16.5333,504.0,38.4,53.5,47.7
59520,59530,16.5361,503.1,38.4,53.6,46.8
59530,59540,16.5389,503.1,38.5,53.5,47.7
59540,59550,16.5417,503.4,38.5,53.6,47.4
59550,59560,16.5444,503.1,38.5,53.4,47.7
59560,59570,16.5472,502.5,38.5,53.6,44.8
59570,59580,16.5500,502.5,38.5,53.6,46
59580,59590,16.5528,503.1,38.6,53.6,45
59590,59600,16.5556,503.1,38.6,53.5,46
59600,59610,16.5583,502.5,38.6,53.5,44.8
59610,59620,16.5611,503.1,38.6,53.6,44.7
59620,59630,16.5639,503.1,38.7,53.6,46.6
59630,59640,16.5667,503.4,38.7,53.5,44.5
59640,59650,16.5694,503.1,38.7,53.5,45.4
59650,59660,16.5722,503.1,38.7,53.5,45.7
59660,59670,16.5750,503.4,38.8,53.5,45.4
59670,59680,16.5778,503.4,38.8,53.4,45.5
59680,59690,16.5806,502.8,38.8,53.4,46.3
59690,59700,16.5833,503.1,38.8,53.5,44.5
59700,59710,16.5861,503.4,38.8,53.5,45.7
59710,59720,16.5889,503.4,38.9,53.5,44.2
59720,59730,16.5917,503.4,38.9,53.5,44.4
59730,59740,16.5944,503.4,38.9,53.5,44.6
59740,59750,16.5972,503.7,38.9,53.5,44.2
59750,59760,16.6000,503.4,38.9,53.6,44.6
59760,59770,16.6028,503.1,39.0,53.4,44.8
59770,59780,16.6056,502.5,39.0,53.5,45.1
59780,59790,16.6083,503.4,39.0,53.6,44.9
59790,59800,16.6111,503.7,39.0,53.6,46
59800,59810,16.6139,503.4,39.1,53.5,46.9
59810,59820,16.6167,503.7,39.1,53.5,47.3
59820,59830,16.6194,504.0,39.1,53.6,47.1
59830,59840,16.6222,503.4,39.1,53.4,44.9
59840,59850,16.6250,503.1,39.1,53.5,46
59850,59860,16.6278,502.8,39.1,53.5,46.4
59860,59870,16.6306,503.1,39.2,53.5,46.1
59870,59880,16.6333,503.7,39.2,53.4,44.5
59880,59890,16.6361,503.1,39.2,53.5,45.4
59890,59900,16.6389,503.4,39.2,53.5,45.7
59900,59910,16.6417,503.7,39.2,53.5,45.6
59910,59920,16.6444,503.4,39.3,53.5,44.5
59920,59930,16.6472,502.8,39.3,53.6,46.3
59930,59940,16.6500,502.8,39.3,53.4,46.7
59940,59950,16.6528,503.4,39.3,53.5,46.6
59950,59960,16.6556,503.4,39.3,53.6,47.2
59960,59970,16.6583,503.1,39.4,53.4,46
59970,59980,16.6611,503.1,39.4,53.5,45.5
59980,59990,16.6639,503.7,39.4,53.5,45.4
59990,60000,16.6667,503.7,39.4,53.5,44.3
60000,60010,16.6694,503.1,39.4,53.5,45.2
60010,60020,16.6722,503.1,39.4,53.5,46.1
60020,60030,16.6750,503.1,39.4,53.6,45.6
60030,60040,16.6778,503.1,39.5,53.6,45.5
60040,60050,16.6806,502.5,39.5,53.4,45.6
60050,60060,16.6833,502.8,39.5,53.5,47.3
60060,60070,16.6861,504.6,39.5,53.5,48.1
60070,60080,16.6889,506.0,39.6,53.6,46.8
60080,60090,16.6917,507.2,39.6,53.5,45.4
60090,60100,16.6944,508.7,39.6,53.5,46.8
60100,60110,16.6972,510.5,39.6,53.6,46.1
60110,60120,16.7000,512.0,39.6,53.6,45.6
60120,60130,16.7028,513.2,39.6,53.6,47.2
60130,60140,16.7056,515.0,39.6,53.4,50.1
60140,60150,16.7083,517.1,39.6,53.5,53.1
60150,60160,16.7111,518.6,39.7,53.6,51.3
60160,60170,16.7139,519.8,39.7,53.6,49.8
60170,60180,16.7167,521.3,39.7,53.5,53.2
60180,60190,16.7194,523.4,39.7,53.6,51.9
60190,60200,16.7222,525.2,39.7,53.5,47.5
60200,60210,16.7250,526.7,39.7,53.5,49.9
60210,60220,16.7278,528.2,39.7,53.5,50.6
60220,60230,16.7306,530.9,39.8,53.5,50.1
60230,60240,16.7333,532.7,39.8,53.6,52.6
60240,60250,16.7361,534.2,39.8,53.5,52.8
60250,60260,16.7389,536.0,39.8,53.6,50.9
60260,60270,16.7417,537.8,39.8,53.5,48.3
60270,60280,16.7444,539.6,39.9,53.5,46.3
60280,60290,16.7472,540.5,39.9,53.6,47
60290,60300,16.7500,542.0,39.9,53.6,47.9
60300,60310,16.7528,544.1,39.9,53.6,48.6
60310,60320,16.7556,545.9,39.9,53.5,50
60320,60330,16.7583,546.8,39.9,53.5,50.7
60330,60340,16.7611,546.2,39.9,53.5,52.3
60340,60350,16.7639,546.2,39.9,53.5,52.4
60350,60360,16.7667,545.9,39.9,53.6,53.3
60360,60370,16.7694,545.3,40.0,53.5,52.9
60370,60380,16.7722,545.3,40.0,53.5,53.9
60380,60390,16.7750,545.9,40.0,53.6,53.6
60390,60400,16.7778,545.6,40.0,53.5,50.1
60400,60410,16.7806,544.7,40.0,53.5,54.2
60410,60420,16.7833,544.7,40.0,53.6,52.9
60420,60430,16.7861,545.6,40.0,53.5,52.6
60430,60440,16.7889,545.9,40.1,53.5,52.2
60440,60450,16.7917,545.3,40.1,53.5,52
60450,60460,16.7944,545.0,40.1,53.5,51.8
60460,60470,16.7972,545.3,40.1,53.5,53
60470,60480,16.8000,545.0,40.1,53.5,52
60480,60490,16.8028,551.3,40.1,53.5,54.2
60490,60500,16.8056,555.8,40.1,53.5,-99.9
60500,60510,16.8083,556.4,40.1,53.5,-99.9
60510,60520,16.8111,556.7,40.1,53.5,-99.9
60520,60530,16.8139,555.2,40.1,53.5,-99.9
60530,60540,16.8167,555.2,40.2,53.5,-99.9
60540,60550,16.8194,556.1,40.2,53.5,-99.9
60550,60560,16.8222,556.7,40.2,53.5,-99.9
60560,60570,16.8250,556.1,40.2,53.5,-99.9
60570,60580,16.8278,555.8,40.2,53.5,-99.9
60580,60590,16.8306,556.1,40.2,53.5,-99.9
60590,60600,16.8333,556.1,40.2,53.5,-99.9
60600,60610,16.8361,555.8,40.2,53.5,-99.9
60610,60620,16.8389,556.1,40.2,53.5,-99.9
60620,60630,16.8417,556.4,40.2,53.5,-99.9
60630,60640,16.8444,556.4,40.3,53.5,-99.9
60640,60650,16.8472,556.1,40.3,53.5,-99.9
60650,60660,16.8500,556.1,40.3,53.5,-99.9
60660,60670,16.8528,556.4,40.3,53.5,-99.9
60670,60680,16.8556,556.4,40.3,53.5,-99.9
60680,60690,16.8583,555.8,40.3,53.5,-99.9
60690,60700,16.8611,554.6,40.3,53.5,-99.9
60700,60710,16.8639,553.1,40.3,53.5,-99.9
60710,60720,16.8667,551.0,40.3,53.6,-99.9
60720,60730,16.8694,548.9,40.3,53.5,-99.9
60730,60740,16.8722,547.1,40.3,53.5,-99.9
60740,60750,16.8750,545.9,40.3,53.5,-99.9
60750,60760,16.8778,544.4,40.3,53.5,-99.9
60760,60770,16.8806,542.0,40.3,53.5,-99.9
60770,60780,16.8833,540.2,40.4,53.5,-99.9
60780,60790,16.8861,527.6,40.4,53.5,-99.9
60790,60800,16.8889,525.8,40.4,53.5,50.7
60800,60810,16.8917,524.0,40.4,53.5,52.5
60810,60820,16.8944,522.2,40.4,53.6,52.6
60820,60830,16.8972,521.0,40.4,53.5,51.9
60830,60840,16.9000,519.2,40.4,53.5,49.6
60840,60850,16.9028,517.1,40.4,53.5,49.8
60850,60860,16.9056,515.3,40.4,53.6,51.7
60860,60870,16.9083,514.1,40.4,53.5,52
60870,60880,16.9111,512.9,40.4,53.5,51.7
60880,60890,16.9139,510.8,40.4,53.5,53
60890,60900,16.9167,509.3,40.5,53.5,54.7
60900,60910,16.9194,508.1,40.5,53.5,52.2
60910,60920,16.9222,506.6,40.5,53.5,52.1
60920,60930,16.9250,504.9,40.5,53.6,51
60930,60940,16.9278,503.1,40.5,53.6,48.4
60940,60950,16.9306,501.9,40.5,53.5,47.6
60950,60960,16.9333,500.1,40.5,53.6,46.3
60960,60970,16.9361,498.6,40.5,53.5,46.9
60970,60980,16.9389,497.1,40.5,53.5,47.5
60980,60990,16.9417,496.2,40.5,53.5,46.7
60990,61000,16.9444,494.7,40.5,53.5,46.3
61000,61010,16.9472,492.9,40.5,53.5,45.4
61010,61020,16.9500,491.4,40.6,53.6,45.9
61020,61030,16.9528,490.5,40.5,53.5,47
61030,61040,16.9556,489.3,40.6,53.5,47.9
61040,61050,16.9583,487.5,40.6,53.5,45.9
61050,61060,16.9611,486.3,40.6,53.5,45.3
61060,61070,16.9639,485.4,40.6,53.6,46
61070,61080,16.9667,484.2,40.6,53.6,46.3
61080,61090,16.9694,482.7,40.6,53.5,46.4
61090,61100,16.9722,480.6,40.6,53.5,47.7
61100,61110,16.9750,479.7,40.6,53.6,47.4
61110,61120,16.9778,477.9,40.6,53.6,48.5
61120,61130,16.9806,475.8,40.6,53.6,49.6
61130,61140,16.9833,474.3,40.6,53.6,50.8
61140,61150,16.9861,473.1,40.6,53.5,50.6
61150,61160,16.9889,471.9,40.6,53.5,50
61160,61170,16.9917,470.1,40.6,53.6,49.8
61170,61180,16.9944,469.5,40.7,53.6,51.6
61180,61190,16.9972,469.5,40.7,53.6,51.3
61190,61200,17.0000,469.8,40.6,53.6,51.6
61200,61210,17.0028,469.8,40.7,53.5,51.7
61210,61220,17.0056,470.1,40.7,53.6,52.5
61220,61230,17.0083,470.7,40.7,53.6,51.8
61230,61240,17.0111,470.7,40.7,53.5,51.5
61240,61250,17.0139,470.4,40.7,53.6,51.2
61250,61260,17.0167,470.1,40.7,53.5,52.7
61260,61270,17.0194,470.1,40.7,53.5,51.2
61270,61280,17.0222,470.7,40.7,53.5,51.5
61280,61290,17.0250,469.8,40.7,53.5,50.9
61290,61300,17.0278,470.1,40.7,53.5,50
61300,61310,17.0306,470.4,40.7,53.6,52.6
61310,61320,17.0333,470.4,40.7,53.6,53.7
61320,61330,17.0361,469.8,40.8,53.6,52.5
61330,61340,17.0389,469.8,40.8,53.5,53.2
61340,61350,17.0417,470.4,40.8,53.5,52
61350,61360,17.0444,470.4,40.8,53.5,53
61360,61370,17.0472,470.1,40.8,53.5,52.1
61370,61380,17.0500,470.1,40.8,53.5,50.3
61380,61390,17.0528,470.4,40.8,53.6,50.3
61390,61400,17.0556,469.8,40.8,53.5,51.4
61400,61410,17.0583,469.5,40.8,53.5,51.3
61410,61420,17.0611,469.2,40.8,53.5,51.6
61420,61430,17.0639,469.2,40.8,53.5,51.1
61430,61440,17.0667,469.2,40.8,53.5,50.8
61440,61450,17.0694,468.9,40.8,53.6,51.7
61450,61460,17.0722,468.9,40.8,53.5,51.1
61460,61470,17.0750,469.5,40.9,53.5,50.1
61470,61480,17.0778,469.2,40.9,53.6,52.9
61480,61490,17.0806,468.3,40.9,53.5,51.8
61490,61500,17.0833,467.7,40.9,53.5,51.8
61500,61510,17.0861,467.4,40.9,53.6,53.5
61510,61520,17.0889,465.9,40.9,53.5,51
61520,61530,17.0917,464.4,40.9,53.5,50.9
61530,61540,17.0944,462.6,40.9,53.5,50
61540,61550,17.0972,462.6,40.9,53.6,51
61550,61560,17.1000,461.4,40.9,53.6,50.9
61560,61570,17.1028,461.1,40.9,53.5,50.9
61570,61580,17.1056,460.8,40.9,53.5,50.1
61580,61590,17.1083,461.1,40.9,53.6,49.1
61590,61600,17.1111,460.8,40.9,53.5,51.5
61600,61610,17.1139,460.8,40.9,53.5,51.6
61610,61620,17.1167,461.1,40.9,53.5,52.6
61620,61630,17.1194,461.4,40.9,53.5,53.6
61630,61640,17.1222,462.0,40.9,53.5,52.5
61640,61650,17.1250,461.7,40.9,53.5,52.6
61650,61660,17.1278,461.7,40.9,53.5,50.3
61660,61670,17.1306,462.3,41.0,53.5,49.9
61670,61680,17.1333,461.7,41.0,53.5,51.3
61680,61690,17.1361,461.1,41.0,53.5,49.7
61690,61700,17.1389,460.8,41.0,53.5,48.8
61700,61710,17.1417,461.1,41.0,53.5,49.5
61710,61720,17.1444,460.8,41.0,53.5,50.1
61720,61730,17.1472,459.9,41.0,53.5,50.4
61730,61740,17.1500,460.2,41.0,53.5,53.1
61740,61750,17.1528,460.5,41.0,53.5,51.5
61750,61760,17.1556,459.9,41.0,53.5,50.8
61760,61770,17.1583,459.9,41.0,53.6,51.1
61770,61780,17.1611,460.2,41.0,53.5,50.8
61780,61790,17.1639,460.8,41.0,53.5,50.8
61790,61800,17.1667,461.1,41.0,53.5,50.4
61800,61810,17.1694,460.8,41.0,53.5,49.8
61810,61820,17.1722,461.1,41.0,53.5,48.8
61820,61830,17.1750,461.4,41.0,53.5,49.5
61830,61840,17.1778,461.4,41.0,53.5,49.1
61840,61850,17.1806,461.1,41.1,53.5,49.8
61850,61860,17.1833,461.7,41.1,53.5,49.7
61860,61870,17.1861,462.6,41.1,53.5,51.2
61870,61880,17.1889,464.1,41.1,53.5,52.3
61880,61890,17.1917,465.3,41.1,53.5,51.2
61890,61900,17.1944,466.5,41.1,53.6,52.7
61900,61910,17.1972,468.3,41.1,53.5,52.8
61910,61920,17.2000,470.1,41.1,53.5,51.4
61920,61930,17.2028,471.3,41.1,53.5,49.5
61930,61940,17.2056,473.1,41.1,53.5,50.1
61940,61950,17.2083,474.9,41.1,53.5,50.5
61950,61960,17.2111,476.4,41.1,53.6,50
61960,61970,17.2139,477.3,41.1,53.5,49.3
61970,61980,17.2167,479.1,41.1,53.5,48.8
61980,61990,17.2194,480.9,41.1,53.5,49.6
61990,62000,17.2222,482.1,41.1,53.6,48.5
62000,62010,17.2250,482.7,41.1,53.5,49.7
62010,62020,17.2278,483.9,41.2,53.5,49.3
62020,62030,17.2306,485.7,41.2,53.5,48.4
62030,62040,17.2333,487.2,41.1,53.6,49.2
62040,62050,17.2361,488.7,41.2,53.5,47.9
62050,62060,17.2389,490.5,41.2,53.5,48.5
62060,62070,17.2417,492.3,41.2,53.5,49.3
62070,62080,17.2444,493.8,41.2,53.5,48.8
62080,62090,17.2472,494.7,41.2,53.6,48.7
62090,62100,17.2500,496.5,41.2,53.5,48.5
62100,62110,17.2528,498.6,41.2,53.6,50.2
62110,62120,17.2556,500.1,41.2,53.6,47.6
62120,62130,17.2583,501.0,41.2,53.5,47.8
62130,62140,17.2611,502.2,41.2,53.5,49.7
62140,62150,17.2639,504.0,41.2,53.5,47.9
62150,62160,17.2667,504.9,41.2,53.5,49.3
62160,62170,17.2694,504.6,41.2,53.6,49.1
62170,62180,17.2722,504.6,41.2,53.6,49.3
62180,62190,17.2750,504.9,41.2,53.5,49.3
62190,62200,17.2778,504.9,41.2,53.5,49.5
62200,62210,17.2806,504.2,41.2,53.6,48.1
62210,62220,17.2833,504.0,41.2,53.5,47.3
62220,62230,17.2861,504.2,41.2,53.5,49.6
62230,62240,17.2889,504.6,41.2,53.6,47.8
62240,62250,17.2917,503.7,41.2,53.5,47.5
62250,62260,17.2944,503.7,41.2,53.5,49.3
62260,62270,17.2972,504.2,41.2,53.5,48.4
62270,62280,17.3000,504.2,41.2,53.5,49.3
62280,62290,17.3028,503.7,41.2,53.5,47.9
62290,62300,17.3056,503.7,41.2,53.5,50.4
62300,62310,17.3083,504.2,41.2,53.5,49.9
62310,62320,17.3111,504.0,41.2,53.6,49
62320,62330,17.3139,503.4,41.2,53.5,50
62330,62340,17.3167,503.1,41.2,53.6,50.3
62340,62350,17.3194,503.1,41.2,53.5,48.8
62350,62360,17.3222,503.1,41.2,53.6,47.9
62360,62370,17.3250,502.8,41.2,53.6,47.4
62370,62380,17.3278,502.5,41.2,53.5,48.6
62380,62390,17.3306,503.1,41.2,53.5,49.2
62390,62400,17.3333,503.4,41.2,53.5,47.6
62400,62410,17.3361,501.6,41.2,53.6,48.4
62410,62420,17.3389,500.1,41.2,53.6,49.7
62420,62430,17.3417,499.5,41.2,53.5,49.5
62430,62440,17.3444,498.3,41.2,53.6,50.6
62440,62450,17.3472,496.8,41.2,53.6,50.6
62450,62460,17.3500,495.3,41.2,53.5,50.2
62460,62470,17.3528,494.1,41.2,53.5,48.9
62470,62480,17.3556,492.9,41.2,53.5,50.7
62480,62490,17.3583,491.1,41.2,53.5,48.3
62490,62500,17.3611,489.6,41.2,53.5,49
62500,62510,17.3639,488.4,41.2,53.5,49.2
62510,62520,17.3667,486.9,41.2,53.6,48.3
62520,62530,17.3694,484.8,41.2,53.6,47.8
62530,62540,17.3722,483.6,41.2,53.6,49.7
62540,62550,17.3750,483.0,41.2,53.5,49.7
62550,62560,17.3778,482.4,41.2,53.5,50
62560,62570,17.3806,481.8,41.2,53.5,50.1
62570,62580,17.3833,482.4,41.2,53.6,51.9
62580,62590,17.3861,483.6,41.2,53.5,51.3
62590,62600,17.3889,483.6,41.2,53.6,50.5
62600,62610,17.3917,483.9,41.2,53.5,50.8
62610,62620,17.3944,484.5,41.2,53.5,51.1
62620,62630,17.3972,484.8,41.2,53.5,49.6
62630,62640,17.4000,485.1,41.2,53.5,49.5
62640,62650,17.4028,484.5,41.2,53.5,51.7
