NETCARE2015/data/raw/Flight7/O3_POLAR6_201504131453_R0_L1_NETCARE.ict
37, 1001
Staebler, Ralf
Environment Canada
Thermo 49i ozone data
Polar 6 NETCARE
1, 1
2015, 4, 13, 2015, 9, 30
0
Start_UTC, seconds
6
1, 1, 1, 1, 1, 1
-9999, -9999, -999.9, -99.9, -99.9, -99.9
Stop_UTC, seconds
hr, decimal hours (UTC)
Press, cell pressure (Torr)
BenchT, instrument temperature (deg C)
LampT, ozone lamp temperature (deg C)
O3, ozone mixing ratio (ppbv)
1
Press, BenchT, LampT are included for diagnostics
16
PI_CONTACT_INFO: Address: 4905 Dufferin Street, Toronto, ON M3H 5T4; email: Ralf.Staebler@ec.gc.ca
PLATFORM: Polar 6 
LOCATION: Location data varies as seen in this file
INSTRUMENT_INFO: Thermo Scienfific ozone analyzer model 49i, S.N. 0606014771
UNCERTAINTY: 0.2 ppbv 
ULOD_FLAG: -7777
ULOD_VALUE: N/A
LLOD_FLAG: -8888
LLOD_VALUE: N/A
DM_CONTACT_INFO: Ralf Staebler; Environment Canada; Ralf.Staebler@ec.gc.ca
PROJECT_INFO: Polar 6 NETCARE Spring 2015 campaign
STIPULATIONS_ON_USE: If use of this data will lead to a publication, we ask that the PI be informed.
OTHER_COMMENTS: N/A
REVISION: R0
R0: First set of data.
Start_UTC,Stop_UTC,hr,Press,BenchT,LampT,O3
[from data line 780]
62660,62670,17.4083,485.1,41.2,53.5,48.6
62670,62680,17.4111,484.8,41.3,53.6,51.1
62680,62690,17.4139,484.2,41.2,53.6,49.8
62690,62700,17.4167,483.6,41.3,53.6,49.3
62700,62710,17.4194,483.9,41.2,53.5,50.6
62710,62720,17.4222,483.9,41.2,53.5,51.5
62720,62730,17.4250,483.0,41.2,53.5,52.1
62730,62740,17.4278,483.3,41.3,53.6,51.2
62740,62750,17.4306,484.2,41.2,53.5,50.8
62750,62760,17.4333,484.2,41.2,53.5,51.8
62760,62770,17.4361,483.9,41.3,53.6,49.2
62770,62780,17.4389,483.9,41.2,53.5,49
62780,62790,17.4417,484.8,41.2,53.5,49.3
62790,62800,17.4444,484.8,41.2,53.6,50.5
62800,62810,17.4472,483.9,41.2,53.5,49.2
62810,62820,17.4500,484.2,41.2,53.5,50.2
62820,62830,17.4528,485.1,41.2,53.6,48.6
62830,62840,17.4556,485.1,41.2,53.6,49.2
62840,62850,17.4583,484.2,41.2,53.6,48.9
62850,62860,17.4611,484.2,41.3,53.5,51.1
62860,62870,17.4639,484.2,41.2,53.5,51.1
62870,62880,17.4667,484.5,41.2,53.6,51.4
62880,62890,17.4694,484.2,41.3,53.5,52.9
62890,62900,17.4722,484.2,41.2,53.6,51.2
62900,62910,17.4750,483.9,41.2,53.5,51.1
62910,62920,17.4778,484.2,41.2,53.5,49
62920,62930,17.4806,483.9,41.2,53.6,49.9
62930,62940,17.4833,483.9,41.2,53.6,51.5
62940,62950,17.4861,484.2,41.2,53.5,49.3
62950,62960,17.4889,483.9,41.2,53.5,48.8
62960,62970,17.4917,483.3,41.2,53.5,50.2
62970,62980,17.4944,483.9,41.2,53.5,50.5
62980,62990,17.4972,484.2,41.2,53.6,51.4
62990,63000,17.5000,484.2,41.2,53.5,51.2
63000,63010,17.5028,483.9,41.2,53.5,50.8
63010,63020,17.5056,483.6,41.2,53.6,50.9
63020,63030,17.5083,483.6,41.2,53.5,51.9
63030,63040,17.5111,483.9,41.2,53.6,49.7
63040,63050,17.5139,483.6,41.2,53.5,49
63050,63060,17.5167,483.9,41.2,53.5,49.6
63060,63070,17.5194,483.9,41.2,53.5,48.7
63070,63080,17.5222,483.9,41.2,53.5,49.7
63080,63090,17.5250,483.3,41.2,53.6,49
63090,63100,17.5278,483.6,41.2,53.6,51.2
63100,63110,17.5306,484.5,41.2,53.6,50.3
63110,63120,17.5333,484.2,41.2,53.5,50.2
63120,63130,17.5361,483.3,41.2,53.5,49.3
63130,63140,17.5389,483.6,41.2,53.6,49.7
63140,63150,17.5417,484.2,41.2,53.5,51.8
63150,63160,17.5444,483.6,41.2,53.5,51.2
63160,63170,17.5472,483.3,41.2,53.6,52.4
63170,63180,17.5500,483.9,41.2,53.5,50.5
63180,63190,17.5528,483.9,41.2,53.6,50.9
63190,63200,17.5556,483.9,41.2,53.5,49.3
63200,63210,17.5583,483.6,41.2,53.5,51.5
63210,63220,17.5611,483.6,41.2,53.5,51.7
63220,63230,17.5639,483.3,41.2,53.5,49.4
63230,63240,17.5667,484.2,41.2,53.5,48.7
63240,63250,17.5694,483.9,41.2,53.5,48.3
63250,63260,17.5722,483.6,41.2,53.5,50.3
63260,63270,17.5750,483.6,41.2,53.6,50.9
63270,63280,17.5778,483.6,41.2,53.6,50.9
63280,63290,17.5806,483.0,41.2,53.5,51.2
63290,63300,17.5833,483.3,41.2,53.5,51.2
63300,63310,17.5861,483.6,41.2,53.6,51.4
63310,63320,17.5889,483.9,41.2,53.5,50.6
63320,63330,17.5917,483.6,41.2,53.5,50.9
63330,63340,17.5944,483.6,41.2,53.5,49.4
63340,63350,17.5972,483.9,41.2,53.5,50.9
63350,63360,17.6000,484.2,41.2,53.6,49.3
63360,63370,17.6028,483.6,41.2,53.6,50.2
63370,63380,17.6056,483.6,41.2,53.6,49.4
63380,63390,17.6083,483.9,41.2,53.5,49.1
63390,63400,17.6111,483.6,41.2,53.5,49.1
63400,63410,17.6139,482.1,41.2,53.5,50.6
63410,63420,17.6167,480.9,41.2,53.5,51.6
63420,63430,17.6194,479.1,41.2,53.5,50.8
63430,63440,17.6222,477.9,41.2,53.5,51.6
63440,63450,17.6250,476.4,41.2,53.5,51.4
63450,63460,17.6278,475.5,41.2,53.6,51.2
63460,63470,17.6306,474.9,41.2,53.6,51.2
63470,63480,17.6333,473.7,41.2,53.5,49.5
63480,63490,17.6361,472.2,41.2,53.5,50.9
63490,63500,17.6389,470.7,41.2,53.5,50.5
63500,63510,17.6417,469.2,41.2,53.5,50
63510,63520,17.6444,468.0,41.2,53.6,51
63520,63530,17.6472,466.2,41.2,53.6,50.9
63530,63540,17.6500,464.7,41.2,53.5,52
63540,63550,17.6528,464.4,41.2,53.5,54
63550,63560,17.6556,464.4,41.2,53.6,55.6
63560,63570,17.6583,464.1,41.2,53.5,56.6
63570,63580,17.6611,464.7,41.2,53.5,56.6
63580,63590,17.6639,465.3,41.2,53.6,58.1
63590,63600,17.6667,465.3,41.2,53.6,57.2
63600,63610,17.6694,464.7,41.2,53.5,55.4
63610,63620,17.6722,465.0,41.2,53.5,55.2
63620,63630,17.6750,465.9,41.2,53.5,56.7
63630,63640,17.6778,465.6,41.2,53.5,57.1
63640,63650,17.6806,465.3,41.2,53.6,57.9
63650,63660,17.6833,465.3,41.2,53.5,58.7
63660,63670,17.6861,465.6,41.2,53.5,59.3
63670,63680,17.6889,465.9,41.2,53.6,57.6
63680,63690,17.6917,465.6,41.2,53.6,59.2
63690,63700,17.6944,465.6,41.2,53.5,58
63700,63710,17.6972,465.9,41.2,53.5,58.9
63710,63720,17.7000,465.9,41.2,53.6,59.8
63720,63730,17.7028,465.3,41.2,53.6,56.9
63730,63740,17.7056,464.4,41.2,53.6,56.2
63740,63750,17.7083,465.0,41.2,53.5,57.1
63750,63760,17.7111,465.0,41.2,53.5,57.2
63760,63770,17.7139,464.4,41.2,53.6,57.1
63770,63780,17.7167,464.7,41.2,53.5,57.1
63780,63790,17.7194,465.6,41.2,53.5,56.2
63790,63800,17.7222,465.3,41.2,53.5,57
63800,63810,17.7250,464.4,41.2,53.5,56.5
63810,63820,17.7278,464.4,41.2,53.6,55.6
63820,63830,17.7306,465.0,41.2,53.5,57.8
63830,63840,17.7333,465.0,41.2,53.5,58
63840,63850,17.7361,464.1,41.2,53.5,57.7
63850,63860,17.7389,463.8,41.2,53.6,57.6
63860,63870,17.7417,464.1,41.2,53.5,58.6
63870,63880,17.7444,464.7,41.2,53.6,56.4
63880,63890,17.7472,464.4,41.2,53.5,57.4
63890,63900,17.7500,464.4,41.2,53.5,57.1
63900,63910,17.7528,465.3,41.2,53.5,55.6
63910,63920,17.7556,465.3,41.2,53.6,55.1
63920,63930,17.7583,464.4,41.2,53.6,56.1
63930,63940,17.7611,464.4,41.2,53.6,54.2
63940,63950,17.7639,464.7,41.2,53.5,56.2
63950,63960,17.7667,464.1,41.2,53.5,55.9
63960,63970,17.7694,463.8,41.2,53.6,57.1
63970,63980,17.7722,464.1,41.2,53.5,56.8
63980,63990,17.7750,463.5,41.2,53.5,56.9
63990,64000,17.7778,462.0,41.2,53.5,56.8
64000,64010,17.7806,459.0,41.2,53.5,55.5
64010,64020,17.7833,456.9,41.2,53.5,53.5
64020,64030,17.7861,456.0,41.2,53.5,48.6
64030,64040,17.7889,455.1,41.2,53.5,48
64040,64050,17.7917,454.8,41.2,53.5,46.6
64050,64060,17.7944,454.2,41.2,53.5,49.7
64060,64070,17.7972,455.1,41.2,53.6,50.2
64070,64080,17.8000,454.5,41.2,53.5,51
64080,64090,17.8028,453.9,41.2,53.5,49.7
64090,64100,17.8056,454.5,41.2,53.5,49.3
64100,64110,17.8083,454.8,41.2,53.5,51
64110,64120,17.8111,453.6,41.2,53.5,48.8
64120,64130,17.8139,452.1,41.2,53.5,45.9
64130,64140,17.8167,450.3,41.2,53.5,43.6
64140,64150,17.8194,449.1,41.2,53.5,45.9
64150,64160,17.8222,448.2,41.2,53.5,47.4
64160,64170,17.8250,445.8,41.2,53.5,45.8
64170,64180,17.8278,444.3,41.2,53.5,47.2
64180,64190,17.8306,443.1,41.2,53.5,46.9
64190,64200,17.8333,441.6,41.2,53.5,44.8
64200,64210,17.8361,439.8,41.2,53.5,45.5
64210,64220,17.8389,438.3,41.2,53.5,44.9
64220,64230,17.8417,437.1,41.2,53.5,42.6
64230,64240,17.8444,435.9,41.2,53.5,43.6
64240,64250,17.8472,434.4,41.2,53.6,44.4
64250,64260,17.8500,432.6,41.2,53.6,44.1
64260,64270,17.8528,432.6,41.2,53.6,43.4
64270,64280,17.8556,431.7,41.2,53.5,42.4
64280,64290,17.8583,429.6,41.2,53.5,42.9
64290,64300,17.8611,429.0,41.2,53.6,40.4
64300,64310,17.8639,428.1,41.2,53.6,41.7
64310,64320,17.8667,426.6,41.2,53.5,40.9
64320,64330,17.8694,424.9,41.2,53.5,45.8
64330,64340,17.8722,423.4,41.2,53.6,47.1
64340,64350,17.8750,422.8,41.2,53.5,48.6
64350,64360,17.8778,421.3,41.2,53.5,48
64360,64370,17.8806,419.5,41.2,53.5,47.1
64370,64380,17.8833,418.6,41.2,53.5,42.5
64380,64390,17.8861,418.0,41.2,53.5,42.8
64390,64400,17.8889,416.2,41.2,53.6,43.7
64400,64410,17.8917,414.4,41.2,53.5,44.4
64410,64420,17.8944,412.9,41.2,53.5,44.4
64420,64430,17.8972,413.2,41.2,53.6,46.3
64430,64440,17.9000,410.8,41.2,53.5,45
64440,64450,17.9028,409.3,41.2,53.6,46.8
64450,64460,17.9056,408.4,41.2,53.5,46.2
64460,64470,17.9083,407.5,41.3,53.5,47.2
64470,64480,17.9111,406.6,41.2,53.6,46.5
64480,64490,17.9139,404.8,41.2,53.5,47.1
64490,64500,17.9167,403.6,41.3,53.6,46.5
64500,64510,17.9194,403.0,41.3,53.5,47.4
64510,64520,17.9222,402.1,41.3,53.6,47.7
64520,64530,17.9250,400.3,41.3,53.6,44.4
64530,64540,17.9278,399.4,41.3,53.6,48.5
64540,64550,17.9306,398.8,41.3,53.5,46.4
64550,64560,17.9333,397.6,41.3,53.5,44.6
64560,64570,17.9361,396.4,41.3,53.6,45
64570,64580,17.9389,394.9,41.3,53.6,43.9
64580,64590,17.9417,393.7,41.3,53.6,43.6
64590,64600,17.9444,392.5,41.3,53.6,44.1
64600,64610,17.9472,391.0,41.3,53.6,43.8
64610,64620,17.9500,390.1,41.3,53.6,45.1
64620,64630,17.9528,389.2,41.3,53.6,45.8
64630,64640,17.9556,387.7,41.3,53.6,43.1
64640,64650,17.9583,385.9,41.3,53.6,47.1
64650,64660,17.9611,384.4,41.3,53.6,50.1
64660,64670,17.9639,382.9,41.3,53.6,49.1
64670,64680,17.9667,381.4,41.3,53.5,48.5
64680,64690,17.9694,379.6,41.3,53.6,47.5
64690,64700,17.9722,378.4,41.4,53.6,45.9
64700,64710,17.9750,377.5,41.4,53.6,46.3
64710,64720,17.9778,376.0,41.4,53.6,44.1
64720,64730,17.9806,374.8,41.4,53.6,42.7
64730,64740,17.9833,373.3,41.4,53.6,44.4
64740,64750,17.9861,373.0,41.4,53.6,43.8
64750,64760,17.9889,372.1,41.4,53.5,41.8
64760,64770,17.9917,370.3,41.4,53.6,40.8
64770,64780,17.9944,368.5,41.4,53.5,41.5
64780,64790,17.9972,367.6,41.4,53.6,42.8
64790,64800,18.0000,366.7,41.4,53.6,48.5
64800,64810,18.0028,364.3,41.4,53.6,47.8
64810,64820,18.0056,364.0,41.4,53.6,45.3
64820,64830,18.0083,364.6,41.4,53.6,44.5
64830,64840,18.0111,364.6,41.4,53.6,46
64840,64850,18.0139,364.6,41.4,53.6,45.5
64850,64860,18.0167,364.9,41.4,53.6,44.4
64860,64870,18.0194,365.2,41.4,53.6,46.2
64870,64880,18.0222,364.9,41.4,53.6,46
64880,64890,18.0250,365.2,41.4,53.6,45.9
64890,64900,18.0278,363.7,41.4,53.6,44.5
64900,64910,18.0306,364.6,41.4,53.6,45.3
64910,64920,18.0333,364.0,41.5,53.6,44.5
64920,64930,18.0361,364.9,41.5,53.6,46.8
64930,64940,18.0389,364.9,41.5,53.6,46.8
64940,64950,18.0417,366.1,41.5,53.6,47.1
64950,64960,18.0444,366.1,41.5,53.6,45.4
64960,64970,18.0472,365.5,41.5,53.6,47.1
64970,64980,18.0500,364.9,41.5,53.6,44.7
64980,64990,18.0528,365.2,41.5,53.6,46
64990,65000,18.0556,364.9,41.5,53.6,41.5
65000,65010,18.0583,364.3,41.5,53.6,40.6
65010,65020,18.0611,364.0,41.5,53.6,42.1
65020,65030,18.0639,364.6,41.5,53.6,43.3
65030,65040,18.0667,364.0,41.5,53.6,43.7
65040,65050,18.0694,363.4,41.6,53.6,42
65050,65060,18.0722,363.1,41.5,53.6,43.2
65060,65070,18.0750,363.7,41.6,53.6,45.1
65070,65080,18.0778,363.7,41.6,53.6,44.4
65080,65090,18.0806,363.4,41.6,53.6,44.8
65090,65100,18.0833,364.0,41.6,53.6,47.3
65100,65110,18.0861,364.6,41.6,53.6,47.2
65110,65120,18.0889,364.6,41.6,53.6,48.4
65120,65130,18.0917,363.7,41.6,53.6,45.6
65130,65140,18.0944,363.1,41.6,53.6,45.9
65140,65150,18.0972,361.9,41.6,53.6,43.5
65150,65160,18.1000,360.4,41.6,53.6,44.9
65160,65170,18.1028,358.9,41.6,53.6,45.4
65170,65180,18.1056,357.7,41.6,53.6,49.5
65180,65190,18.1083,356.8,41.6,53.6,49.1
65190,65200,18.1111,355.9,41.6,53.6,55
65200,65210,18.1139,354.1,41.7,53.6,58
65210,65220,18.1167,353.2,41.7,53.6,59.3
65220,65230,18.1194,352.3,41.7,53.6,59.9
65230,65240,18.1222,351.1,41.7,53.6,62
65240,65250,18.1250,349.6,41.7,53.6,61.7
65250,65260,18.1278,348.5,41.7,53.6,60.9
65260,65270,18.1306,347.9,41.7,53.6,56.8
65270,65280,18.1333,347.0,41.7,53.6,53.9
65280,65290,18.1361,345.5,41.7,53.6,53.1
65290,65300,18.1389,344.6,41.7,53.6,53
65300,65310,18.1417,343.7,41.7,53.6,53.1
65310,65320,18.1444,342.8,41.7,53.6,49.8
65320,65330,18.1472,341.0,41.7,53.6,48.6
65330,65340,18.1500,340.4,41.7,53.6,47.7
65340,65350,18.1528,339.5,41.7,53.6,52.1
65350,65360,18.1556,338.6,41.7,53.6,53.9
65360,65370,18.1583,337.1,41.7,53.6,56.3
65370,65380,18.1611,335.9,41.7,53.6,52.6
65380,65390,18.1639,335.3,41.7,53.6,56
65390,65400,18.1667,333.8,41.8,53.6,52.9
65400,65410,18.1694,332.6,41.8,53.6,48.6
65410,65420,18.1722,332.3,41.8,53.6,51.5
65420,65430,18.1750,332.9,41.8,53.6,48.9
65430,65440,18.1778,332.6,41.8,53.6,48.7
65440,65450,18.1806,333.2,41.8,53.6,50.4
65450,65460,18.1833,332.6,41.8,53.6,50.5
65460,65470,18.1861,332.6,41.8,53.6,50.1
65470,65480,18.1889,333.2,41.8,53.6,49.9
65480,65490,18.1917,332.3,41.8,53.6,51.4
65490,65500,18.1944,332.0,41.8,53.6,54.7
65500,65510,18.1972,332.0,41.8,53.6,53.1
65510,65520,18.2000,332.0,41.8,53.6,53.4
65520,65530,18.2028,331.7,41.9,53.6,51.9
65530,65540,18.2056,331.7,41.9,53.6,53
65540,65550,18.2083,331.7,41.9,53.6,51.6
65550,65560,18.2111,331.7,41.9,53.6,50
65560,65570,18.2139,331.4,41.9,53.6,48.5
65570,65580,18.2167,331.4,41.9,53.6,48.1
65580,65590,18.2194,331.4,41.9,53.6,49.4
65590,65600,18.2222,331.1,41.9,53.6,45.9
65600,65610,18.2250,330.5,41.9,53.6,45.9
65610,65620,18.2278,330.8,41.9,53.6,47.7
65620,65630,18.2306,332.0,41.9,53.6,48.9
65630,65640,18.2333,332.3,41.9,53.6,49.3
65640,65650,18.2361,331.7,42.0,53.6,51
65650,65660,18.2389,331.7,42.0,53.6,49.5
65660,65670,18.2417,331.4,42.0,53.6,49.7
65670,65680,18.2444,331.4,42.0,53.6,50.5
65680,65690,18.2472,330.5,42.0,53.6,51
65690,65700,18.2500,331.1,42.0,53.6,49.9
65700,65710,18.2528,331.4,42.0,53.6,48.7
65710,65720,18.2556,331.1,42.0,53.6,48.1
65720,65730,18.2583,330.5,42.0,53.6,50.8
65730,65740,18.2611,330.5,42.0,53.6,50.4
65740,65750,18.2639,331.4,42.0,53.6,47.2
65750,65760,18.2667,331.4,42.0,53.6,51.7
65760,65770,18.2694,331.1,42.0,53.6,48.9
65770,65780,18.2722,331.4,42.0,53.6,51.3
65780,65790,18.2750,331.7,42.0,53.6,52.7
65790,65800,18.2778,331.7,42.0,53.6,49.8
65800,65810,18.2806,331.7,42.0,53.6,52.6
65810,65820,18.2833,331.7,42.0,53.6,52.4
65820,65830,18.2861,332.0,42.1,53.6,49.9
65830,65840,18.2889,332.3,42.1,53.6,47.9
65840,65850,18.2917,332.0,42.1,53.6,49.4
65850,65860,18.2944,331.7,42.1,53.6,49
65860,65870,18.2972,332.6,42.1,53.6,48
65870,65880,18.3000,334.1,42.1,53.6,46.3
65880,65890,18.3028,334.1,42.1,53.6,47.6
65890,65900,18.3056,335.6,42.1,53.6,47.5
65900,65910,18.3083,337.7,42.1,53.6,47.3
65910,65920,18.3111,339.2,42.1,53.6,47.9
65920,65930,18.3139,339.8,42.1,53.6,51.3
65930,65940,18.3167,341.0,42.1,53.6,49.8
65940,65950,18.3194,342.5,42.1,53.6,50.9
65950,65960,18.3222,344.0,42.1,53.6,50.5
65960,65970,18.3250,344.9,42.1,53.6,48.9
65970,65980,18.3278,346.1,42.1,53.6,46.8
65980,65990,18.3306,348.2,42.2,53.6,50.9
65990,66000,18.3333,349.6,42.2,53.6,50.8
66000,66010,18.3361,350.8,42.2,53.6,51.8
66010,66020,18.3389,352.3,42.2,53.6,51.8
66020,66030,18.3417,354.1,42.2,53.6,54.2
66030,66040,18.3444,355.6,42.2,53.6,57.2
66040,66050,18.3472,356.5,42.2,53.6,55.8
66050,66060,18.3500,358.3,42.2,53.6,58.4
66060,66070,18.3528,359.8,42.2,53.6,61.4
66070,66080,18.3556,361.0,42.2,53.6,62.2
66080,66090,18.3583,361.9,42.2,53.6,61.5
66090,66100,18.3611,363.4,42.2,53.6,62.1
66100,66110,18.3639,364.9,42.2,53.6,59.9
66110,66120,18.3667,365.8,42.2,53.6,60.9
66120,66130,18.3694,365.5,42.2,53.6,57.7
66130,66140,18.3722,365.8,42.2,53.6,59.1
66140,66150,18.3750,367.0,42.2,53.6,59.8
66150,66160,18.3778,366.7,42.3,53.6,56.6
66160,66170,18.3806,366.4,42.3,53.6,54.3
66170,66180,18.3833,366.7,42.3,53.6,49.5
66180,66190,18.3861,367.0,42.3,53.6,54.7
66190,66200,18.3889,366.1,42.3,53.6,58.5
66200,66210,18.3917,366.1,42.3,53.6,55.5
66210,66220,18.3944,365.5,42.3,53.6,53.8
66220,66230,18.3972,365.8,42.3,53.6,54.8
66230,66240,18.4000,365.8,42.3,53.6,54.4
66240,66250,18.4028,365.5,42.3,53.6,49.2
66250,66260,18.4056,365.2,42.3,53.6,47.8
66260,66270,18.4083,365.8,42.3,53.6,46
66270,66280,18.4111,365.5,42.3,53.6,45.5
66280,66290,18.4139,364.6,42.3,53.6,44.3
66290,66300,18.4167,364.3,42.3,53.6,43.2
66300,66310,18.4194,364.3,42.3,53.6,43.3
66310,66320,18.4222,364.6,42.3,53.6,41.9
66320,66330,18.4250,364.0,42.3,53.6,43.2
66330,66340,18.4278,364.3,42.3,53.6,46.5
66340,66350,18.4306,364.3,42.3,53.6,44.5
66350,66360,18.4333,363.1,42.3,53.6,43.8
66360,66370,18.4361,362.2,42.3,53.6,43.2
66370,66380,18.4389,363.4,42.3,53.6,42.6
66380,66390,18.4417,364.3,42.3,53.6,42.1
66390,66400,18.4444,364.9,42.3,53.6,41.2
66400,66410,18.4472,365.2,42.3,53.6,41.9
66410,66420,18.4500,365.5,42.3,53.6,41.9
66420,66430,18.4528,365.5,42.3,53.6,43.6
66430,66440,18.4556,365.8,42.3,53.6,41.9
66440,66450,18.4583,365.2,42.3,53.6,43.1
66450,66460,18.4611,365.2,42.3,53.6,45.1
66460,66470,18.4639,365.5,42.3,53.6,43.1
66470,66480,18.4667,365.2,42.3,53.6,45.6
66480,66490,18.4694,365.2,42.3,53.6,43.6
66490,66500,18.4722,364.9,42.3,53.6,44.7
66500,66510,18.4750,365.5,42.3,53.6,45.6
66510,66520,18.4778,364.6,42.4,53.6,43.7
66520,66530,18.4806,364.6,42.4,53.6,41.5
66530,66540,18.4833,364.9,42.4,53.6,42.1
66540,66550,18.4861,364.6,42.4,53.6,41.5
66550,66560,18.4889,364.6,42.4,53.6,42.2
66560,66570,18.4917,364.0,42.4,53.6,40.1
