NETCARE2015/data/raw/Flight7/O3_POLAR6_201504131453_R0_L1_NETCARE.ict
37, 1001
Staebler, Ralf
Environment Canada
Thermo 49i ozone data
Polar 6 NETCARE
1, 1
2015, 4, 13, 2015, 9, 30
0
Start_UTC, seconds
6
1, 1, 1, 1, 1, 1
-9999, -9999, -999.9, -99.9, -99.9, -99.9
Stop_UTC, seconds
hr, decimal hours (UTC)
Press, cell pressure (Torr)
BenchT, instrument temperature (deg C)
LampT, ozone lamp temperature (deg C)
O3, ozone mixing ratio (ppbv)
1
Press, BenchT, LampT are included for diagnostics
16
PI_CONTACT_INFO: Address: 4905 Dufferin Street, Toronto, ON M3H 5T4; email: Ralf.Staebler@ec.gc.ca
PLATFORM: Polar 6 
LOCATION: Location data varies as seen in this file
INSTRUMENT_INFO: Thermo Scienfific ozone analyzer model 49i, S.N. 0606014771
UNCERTAINTY: 0.2 ppbv 
ULOD_FLAG: -7777
ULOD_VALUE: N/A
LLOD_FLAG: -8888
LLOD_VALUE: N/A
DM_CONTACT_INFO: Ralf Staebler; Environment Canada; Ralf.Staebler@ec.gc.ca
PROJECT_INFO: Polar 6 NETCARE Spring 2015 campaign
STIPULATIONS_ON_USE: If use of this data will lead to a publication, we ask that the PI be informed.
OTHER_COMMENTS: N/A
REVISION: R0
R0: First set of data.
Start_UTC,Stop_UTC,hr,Press,BenchT,LampT,O3
[from data line 1172]
66580,66590,18.4972,364.3,42.4,53.6,39.6
66590,66600,18.5000,364.3,42.4,53.6,42.8
66600,66610,18.5028,364.6,42.4,53.6,44
66610,66620,18.5056,365.5,42.4,53.6,43.5
66620,66630,18.5083,367.3,42.4,53.6,45.8
66630,66640,18.5111,368.8,42.4,53.6,44.4
66640,66650,18.5139,370.0,42.4,53.6,46.1
66650,66660,18.5167,371.5,42.4,53.6,47.2
66660,66670,18.5194,373.6,42.4,53.6,45.1
66670,66680,18.5222,375.1,42.4,53.6,45.6
66680,66690,18.5250,376.6,42.4,53.6,43.8
66690,66700,18.5278,379.3,42.4,53.6,45.4
66700,66710,18.5306,381.1,42.4,53.6,45
66710,66720,18.5333,382.6,42.4,53.6,46.2
66720,66730,18.5361,383.5,42.4,53.6,46.5
66730,66740,18.5389,384.7,42.4,53.6,47.5
66740,66750,18.5417,386.5,42.4,53.6,46.9
66750,66760,18.5444,388.3,42.4,53.6,48.6
66760,66770,18.5472,389.5,42.4,53.6,47.8
66770,66780,18.5500,391.3,42.4,53.6,48.8
66780,66790,18.5528,393.1,42.4,53.6,50
66790,66800,18.5556,394.6,42.4,53.6,49.7
66800,66810,18.5583,396.1,42.4,53.6,50
66810,66820,18.5611,397.9,42.4,53.6,48.1
66820,66830,18.5639,400.0,42.4,53.6,48.3
66830,66840,18.5667,401.5,42.4,53.6,47.8
66840,66850,18.5694,402.4,42.4,53.6,49
66850,66860,18.5722,403.9,42.4,53.6,48.5
66860,66870,18.5750,406.0,42.4,53.6,51.2
66870,66880,18.5778,407.5,42.4,53.6,49.2
66880,66890,18.5806,408.7,42.4,53.6,54
66890,66900,18.5833,410.2,42.4,53.6,54.9
66900,66910,18.5861,412.0,42.4,53.6,54.8
66910,66920,18.5889,413.8,42.4,53.6,58.5
66920,66930,18.5917,415.0,42.4,53.6,59.4
66930,66940,18.5944,416.2,42.4,53.6,57.7
66940,66950,18.5972,418.0,42.4,53.6,55.4
66950,66960,18.6000,419.5,42.4,53.6,51.3
66960,66970,18.6028,421.0,42.4,53.6,52.9
66970,66980,18.6056,422.8,42.4,53.6,50.8
66980,66990,18.6083,424.6,42.4,53.6,54.5
66990,67000,18.6111,426.1,42.4,53.6,53.2
67000,67010,18.6139,427.2,42.4,53.6,52.9
67010,67020,18.6167,428.1,42.4,53.5,51.5
67020,67030,18.6194,429.9,42.4,53.6,52.8
67030,67040,18.6222,431.4,42.4,53.6,51.5
67040,67050,18.6250,432.6,42.4,53.6,53.7
67050,67060,18.6278,434.4,42.4,53.6,52.2
67060,67070,18.6306,436.2,42.4,53.6,51
67070,67080,18.6333,438.0,42.4,53.6,44.3
67080,67090,18.6361,438.9,42.4,53.6,43.9
67090,67100,18.6389,441.0,42.4,53.6,42.9
67100,67110,18.6417,443.1,42.4,53.6,42.5
67110,67120,18.6444,444.9,42.4,53.6,44.3
67120,67130,18.6472,446.4,42.3,53.6,41.9
67130,67140,18.6500,447.9,42.3,53.6,41.7
67140,67150,18.6528,450.3,42.3,53.5,40.7
67150,67160,18.6556,452.1,42.3,53.6,45.3
67160,67170,18.6583,453.9,42.3,53.5,48
67170,67180,18.6611,455.1,42.3,53.6,47.2
67180,67190,18.6639,457.2,42.3,53.6,51.9
67190,67200,18.6667,459.0,42.3,53.6,50.3
67200,67210,18.6694,459.6,42.3,53.5,50.9
67210,67220,18.6722,461.4,42.3,53.5,54.5
67220,67230,18.6750,463.2,42.3,53.5,54.5
67230,67240,18.6778,464.1,42.3,53.6,54.6
67240,67250,18.6806,464.4,42.3,53.6,53.5
67250,67260,18.6833,464.4,42.3,53.5,53.9
67260,67270,18.6861,464.7,42.3,53.6,52.7
67270,67280,18.6889,465.0,42.3,53.5,54.8
67280,67290,18.6917,464.7,42.3,53.5,53.5
67290,67300,18.6944,465.0,42.2,53.6,54.7
67300,67310,18.6972,465.6,42.2,53.5,56.7
67310,67320,18.7000,465.6,42.2,53.6,54.7
67320,67330,18.7028,465.6,42.2,53.5,54.8
67330,67340,18.7056,465.6,42.2,53.5,55.3
67340,67350,18.7083,465.9,42.2,53.5,57.2
67350,67360,18.7111,466.2,42.2,53.5,55.3
67360,67370,18.7139,465.9,42.2,53.5,53.6
67370,67380,18.7167,465.3,42.2,53.5,54.5
67380,67390,18.7194,465.6,42.2,53.5,54.4
67390,67400,18.7222,465.9,42.2,53.6,54.1
67400,67410,18.7250,465.3,42.2,53.5,54.8
67410,67420,18.7278,465.9,42.1,53.5,54
67420,67430,18.7306,465.9,42.1,53.5,54.1
67430,67440,18.7333,466.2,42.1,53.5,54
67440,67450,18.7361,465.6,42.1,53.5,55.7
67450,67460,18.7389,465.0,42.1,53.6,55.9
67460,67470,18.7417,465.3,42.1,53.5,54.5
67470,67480,18.7444,465.6,42.1,53.6,55.4
67480,67490,18.7472,465.0,42.1,53.6,54.4
67490,67500,18.7500,465.3,42.1,53.5,55.7
67500,67510,18.7528,465.6,42.0,53.6,53.4
67510,67520,18.7556,465.3,42.0,53.5,53.5
67520,67530,18.7583,465.0,42.0,53.5,53.8
67530,67540,18.7611,465.0,42.0,53.6,54.8
67540,67550,18.7639,465.0,42.0,53.5,54.8
67550,67560,18.7667,464.4,42.0,53.5,53
67560,67570,18.7694,464.1,42.0,53.5,53.3
67570,67580,18.7722,463.8,42.0,53.5,53.3
67580,67590,18.7750,464.1,42.0,53.5,54.7
67590,67600,18.7778,464.1,42.0,53.5,56.5
67600,67610,18.7806,463.8,42.0,53.5,55.2
67610,67620,18.7833,464.1,41.9,53.6,55.2
67620,67630,18.7861,464.7,41.9,53.6,53.6
67630,67640,18.7889,464.4,41.9,53.5,54.5
67640,67650,18.7917,464.4,41.9,53.5,52.7
67650,67660,18.7944,465.9,41.9,53.5,54
67660,67670,18.7972,467.7,41.9,53.5,54.9
67670,67680,18.8000,469.8,41.9,53.6,53.2
67680,67690,18.8028,471.6,41.9,53.5,55
67690,67700,18.8056,473.4,41.9,53.5,54.8
67700,67710,18.8083,475.5,41.9,53.5,54.8
67710,67720,18.8111,477.6,41.8,53.5,54
67720,67730,18.8139,479.1,41.8,53.6,54.1
67730,67740,18.8167,480.9,41.8,53.5,53.8
67740,67750,18.8194,483.3,41.8,53.6,56.8
67750,67760,18.8222,485.1,41.8,53.6,52.5
67760,67770,18.8250,486.6,41.8,53.5,51.4
67770,67780,18.8278,488.7,41.8,53.5,49.9
67780,67790,18.8306,491.4,41.8,53.6,53
67790,67800,18.8333,493.2,41.7,53.5,53.7
67800,67810,18.8361,494.7,41.7,53.5,52.7
67810,67820,18.8389,496.5,41.7,53.5,53
67820,67830,18.8417,497.7,41.7,53.5,55.7
67830,67840,18.8444,499.2,41.7,53.5,55.4
67840,67850,18.8472,500.7,41.7,53.5,55.6
67850,67860,18.8500,502.2,41.7,53.5,56
67860,67870,18.8528,504.2,41.7,53.5,56.3
67870,67880,18.8556,506.0,41.7,53.5,57
67880,67890,18.8583,507.5,41.7,53.5,57
67890,67900,18.8611,509.3,41.6,53.5,56.5
67900,67910,18.8639,511.7,41.6,53.5,56.7
67910,67920,18.8667,512.9,41.6,53.5,52.5
67920,67930,18.8694,514.1,41.6,53.5,52.3
67930,67940,18.8722,515.9,41.6,53.5,53
67940,67950,18.8750,518.6,41.6,53.5,50.2
67950,67960,18.8778,520.7,41.5,53.5,49.7
67960,67970,18.8806,522.5,41.5,53.5,49
67970,67980,18.8833,524.3,41.5,53.5,47.1
67980,67990,18.8861,526.4,41.5,53.5,48.2
67990,68000,18.8889,528.2,41.5,53.5,47.3
68000,68010,18.8917,529.7,41.5,53.5,48
68010,68020,18.8944,531.5,41.5,53.5,46.7
68020,68030,18.8972,534.2,41.4,53.5,47.3
68030,68040,18.9000,536.3,41.4,53.5,46.6
68040,68050,18.9028,538.1,41.4,53.5,47.7
68050,68060,18.9056,539.9,41.4,53.5,45.3
68060,68070,18.9083,542.3,41.4,53.5,46
68070,68080,18.9111,543.8,41.4,53.5,49.2
68080,68090,18.9139,545.3,41.4,53.5,50.1
68090,68100,18.9167,547.4,41.4,53.5,49.1
68100,68110,18.9194,549.8,41.4,53.5,50.3
68110,68120,18.9222,551.3,41.3,53.5,51.9
68120,68130,18.9250,552.5,41.3,53.5,51.9
68130,68140,18.9278,554.3,41.3,53.5,53.4
68140,68150,18.9306,556.4,41.3,53.5,52.6
68150,68160,18.9333,558.8,41.3,53.5,51.8
68160,68170,18.9361,560.0,41.2,53.5,51.4
68170,68180,18.9389,561.5,41.2,53.5,53.3
68180,68190,18.9417,563.6,41.2,53.5,53.3
68190,68200,18.9444,565.4,41.2,53.5,51.9
68200,68210,18.9472,566.6,41.2,53.5,51.5
68210,68220,18.9500,568.1,41.2,53.5,51.7
68220,68230,18.9528,570.5,41.2,53.5,51.5
68230,68240,18.9556,572.3,41.2,53.5,51.1
68240,68250,18.9583,573.5,41.2,53.5,52.5
68250,68260,18.9611,575.3,41.1,53.5,51.5
68260,68270,18.9639,578.0,41.1,53.5,52.4
68270,68280,18.9667,580.1,41.1,53.5,54
68280,68290,18.9694,581.3,41.1,53.5,53.1
68290,68300,18.9722,583.0,41.0,53.5,52.6
68300,68310,18.9750,585.4,41.0,53.5,50.1
68310,68320,18.9778,587.2,41.0,53.5,46.5
68320,68330,18.9806,588.7,41.0,53.5,46.1
68330,68340,18.9833,590.8,41.0,53.5,45.4
68340,68350,18.9861,593.2,41.0,53.5,47.5
68350,68360,18.9889,594.7,40.9,53.5,50.9
68360,68370,18.9917,596.2,40.9,53.5,50.7
68370,68380,18.9944,597.7,40.9,53.5,52.4
68380,68390,18.9972,600.4,40.9,53.5,49.9
68390,68400,19.0000,602.2,40.9,53.5,49.3
68400,68410,19.0028,603.7,40.9,53.5,50.2
68410,68420,19.0056,605.8,40.9,53.5,49.6
68420,68430,19.0083,608.2,40.8,53.5,51
68430,68440,19.0111,610.0,40.8,53.5,49.8
68440,68450,19.0139,611.2,40.8,53.5,50.7
68450,68460,19.0167,613.0,40.8,53.5,53.4
68460,68470,19.0194,615.1,40.8,53.5,57.1
68470,68480,19.0222,617.5,40.7,53.5,57.5
68480,68490,19.0250,619.0,40.7,53.5,54.6
68490,68500,19.0278,621.1,40.7,53.5,48.8
68500,68510,19.0306,623.8,40.7,53.5,47.3
68510,68520,19.0333,625.9,40.7,53.5,48.8
68520,68530,19.0361,627.4,40.6,53.5,47
68530,68540,19.0389,629.8,40.6,53.5,44.6
68540,68550,19.0417,632.5,40.6,53.5,43.5
68550,68560,19.0444,634.9,40.6,53.5,45.2
68560,68570,19.0472,637.3,40.6,53.5,47.2
68570,68580,19.0500,639.7,40.6,53.5,49.4
68580,68590,19.0528,642.4,40.5,53.5,51.2
68590,68600,19.0556,644.2,40.5,53.5,50.3
68600,68610,19.0583,645.1,40.5,53.5,50.3
68610,68620,19.0611,646.6,40.5,53.5,50.1
68620,68630,19.0639,648.4,40.5,53.5,49.3
68630,68640,19.0667,649.9,40.4,53.5,50.2
68640,68650,19.0694,651.1,40.4,53.5,49.6
68650,68660,19.0722,652.3,40.4,53.5,49.9
68660,68670,19.0750,654.7,40.4,53.5,49.1
68670,68680,19.0778,656.5,40.3,53.5,49.4
68680,68690,19.0806,658.3,40.3,53.5,49.6
68690,68700,19.0833,659.8,40.3,53.5,50
68700,68710,19.0861,662.1,40.3,53.5,50.3
68710,68720,19.0889,663.9,40.3,53.5,49.7
68720,68730,19.0917,665.1,40.3,53.5,50
68730,68740,19.0944,666.9,40.2,53.5,47.7
68740,68750,19.0972,669.3,40.2,53.5,47.5
68750,68760,19.1000,671.4,40.2,53.5,46.3
68760,68770,19.1028,672.9,40.2,53.5,46.2
68770,68780,19.1056,674.7,40.2,53.4,47.5
68780,68790,19.1083,677.7,40.1,53.5,46
68790,68800,19.1111,679.8,40.1,53.5,45.5
68800,68810,19.1139,681.6,40.1,53.5,45.1
68810,68820,19.1167,683.7,40.1,53.5,46.4
68820,68830,19.1194,686.7,40.1,53.5,45
68830,68840,19.1222,688.8,40.0,53.5,47
68840,68850,19.1250,690.6,40.0,53.5,44.8
68850,68860,19.1278,692.7,40.0,53.5,21.6
68860,68870,19.1306,695.4,40.0,53.4,24.5
68870,68880,19.1333,697.5,40.0,53.5,28.9
68880,68890,19.1361,699.3,39.9,53.5,22
68890,68900,19.1389,701.4,39.9,53.5,6.41
68900,68910,19.1417,704.1,39.9,53.4,3.64
68910,68920,19.1444,706.2,39.9,53.4,0.474
68920,68930,19.1472,707.4,39.9,53.4,-0.535
68930,68940,19.1500,709.8,39.8,53.5,0.436
68940,68950,19.1528,712.5,39.8,53.5,0.104
68950,68960,19.1556,714.3,39.8,53.5,-0.185
68960,68970,19.1583,715.8,39.8,53.5,0.446
68970,68980,19.1611,717.9,39.7,53.5,0.393
68980,68990,19.1639,720.3,39.7,53.5,-0.795
68990,69000,19.1667,722.1,39.7,53.4,-0.335
69000,69010,19.1694,723.9,39.7,53.5,0.0381
69010,69020,19.1722,725.7,39.7,53.5,0.616
69020,69030,19.1750,728.4,39.7,53.4,1.15
69030,69040,19.1778,730.2,39.6,53.5,1.01
69040,69050,19.1806,732.0,39.6,53.5,0.13
69050,69060,19.1833,733.5,39.6,53.5,0.625
69060,69070,19.1861,735.0,39.6,53.5,0.323
69070,69080,19.1889,736.2,39.6,53.5,0.811
69080,69090,19.1917,734.7,39.5,53.4,0.403
69090,69100,19.1944,733.8,39.5,53.5,0.446
69100,69110,19.1972,734.4,39.5,53.5,0.776
69110,69120,19.2000,733.8,39.5,53.4,0.67
69120,69130,19.2028,733.2,39.4,53.4,1
69130,69140,19.2056,733.5,39.4,53.4,0.35
69140,69150,19.2083,734.4,39.4,53.4,-0.0153
69150,69160,19.2111,734.4,39.4,53.4,0.581
69160,69170,19.2139,734.4,39.4,53.5,-0.167
69170,69180,19.2167,734.7,39.4,53.4,0.905
69180,69190,19.2194,735.6,39.3,53.4,0.486
69190,69200,19.2222,736.2,39.3,53.4,1.25
69200,69210,19.2250,735.3,39.3,53.4,0.372
69210,69220,19.2278,735.9,39.2,53.4,-0.244
69220,69230,19.2306,735.6,39.2,53.4,0.726
69230,69240,19.2333,735.6,39.2,53.4,0.966
69240,69250,19.2361,734.7,39.2,53.4,0.849
69250,69260,19.2389,734.7,39.2,53.4,-0.06
69260,69270,19.2417,735.3,39.2,53.4,0.981
69270,69280,19.2444,734.4,39.1,53.4,0.375
69280,69290,19.2472,733.5,39.1,53.4,0.97
69290,69300,19.2500,732.6,39.1,53.4,0.247
69300,69310,19.2528,733.2,39.1,53.4,0.548
69310,69320,19.2556,733.5,39.0,53.4,1.23
69320,69330,19.2583,733.5,39.0,53.4,0.391
69330,69340,19.2611,733.2,39.0,53.4,0.229
69340,69350,19.2639,733.8,39.0,53.4,1.21
69350,69360,19.2667,733.5,39.0,53.4,0.156
69360,69370,19.2694,733.5,38.9,53.4,0.469
69370,69380,19.2722,733.5,38.9,53.4,-0.0425
69380,69390,19.2750,734.1,38.9,53.4,0.727
69390,69400,19.2778,733.5,38.9,53.4,0.0294
69400,69410,19.2806,733.5,38.9,53.4,0.787
69410,69420,19.2833,733.5,38.8,53.4,0.0196
69420,69430,19.2861,733.8,38.8,53.4,0.379
69430,69440,19.2889,733.2,38.8,53.4,0.651
69440,69450,19.2917,732.3,38.8,53.4,0.59
69450,69460,19.2944,733.5,38.8,53.4,-0.0469
69460,69470,19.2972,733.5,38.8,53.4,-0.121
69470,69480,19.3000,733.8,38.7,53.4,0.0185
69480,69490,19.3028,732.9,38.7,53.4,-0.424
69490,69500,19.3056,732.9,38.7,53.4,0.545
69500,69510,19.3083,733.5,38.6,53.4,0.364
69510,69520,19.3111,733.2,38.6,53.4,0.998
69520,69530,19.3139,732.3,38.6,53.4,-0.0305
69530,69540,19.3167,731.7,38.6,53.4,0.822
69540,69550,19.3194,730.5,38.6,53.4,0.337
69550,69560,19.3222,728.7,38.6,53.4,-0.191
69560,69570,19.3250,725.7,38.5,53.4,0.393
69570,69580,19.3278,724.2,38.5,53.4,0.616
69580,69590,19.3306,722.4,38.5,53.4,0.62
69590,69600,19.3333,719.7,38.5,53.4,1.05
69600,69610,19.3361,717.3,38.5,53.4,-0.201
69610,69620,19.3389,714.3,38.5,53.4,0.445
69620,69630,19.3417,712.8,38.4,53.4,-0.358
69630,69640,19.3444,711.0,38.4,53.4,0.233
69640,69650,19.3472,708.6,38.4,53.4,0.0501
69650,69660,19.3500,706.5,38.4,53.4,0.132
69660,69670,19.3528,705.3,38.4,53.4,0.704
69670,69680,19.3556,703.5,38.3,53.4,0.849
69680,69690,19.3583,701.4,38.3,53.4,0.445
69690,69700,19.3611,700.2,38.3,53.4,0.877
69700,69710,19.3639,698.4,38.3,53.4,5.14
69710,69720,19.3667,696.9,38.3,53.4,18.8
69720,69730,19.3694,694.2,38.3,53.4,20.6
69730,69740,19.3722,691.8,38.2,53.4,18.9
69740,69750,19.3750,690.0,38.2,53.4,19.5
69750,69760,19.3778,687.9,38.2,53.4,26
69760,69770,19.3806,685.5,38.2,53.4,44.5
69770,69780,19.3833,683.4,38.2,53.4,43.4
69780,69790,19.3861,681.9,38.1,53.4,30.6
69790,69800,19.3889,679.5,38.1,53.4,30.9
69800,69810,19.3917,676.8,38.1,53.4,33.4
69810,69820,19.3944,675.0,38.1,53.4,33
69820,69830,19.3972,673.8,38.1,53.4,33.5
69830,69840,19.4000,672.0,38.1,53.4,35.2
69840,69850,19.4028,669.6,38.1,53.5,43.6
69850,69860,19.4056,668.1,38.1,53.4,44.4
69860,69870,19.4083,666.6,38.1,53.4,46
69870,69880,19.4111,664.5,38.0,53.4,44.8
69880,69890,19.4139,661.8,38.0,53.4,43.1
69890,69900,19.4167,659.5,38.0,53.4,43.8
69900,69910,19.4194,657.7,38.0,53.4,43.9
69910,69920,19.4222,656.2,38.0,53.4,44.2
69920,69930,19.4250,653.8,38.0,53.4,42.8
69930,69940,19.4278,651.4,38.0,53.4,41.9
69940,69950,19.4306,649.6,38.0,53.4,45.3
69950,69960,19.4333,647.5,37.9,53.4,41.5
69960,69970,19.4361,645.1,37.9,53.4,39.2
69970,69980,19.4389,642.7,37.9,53.4,31.3
69980,69990,19.4417,641.5,37.9,53.4,37.9
69990,70000,19.4444,639.7,37.9,53.4,48.6
70000,70010,19.4472,637.0,37.9,53.4,48.3
70010,70020,19.4500,634.9,37.9,53.4,47.4
70020,70030,19.4528,633.4,37.9,53.4,47.7
70030,70040,19.4556,631.9,37.9,53.4,46.2
70040,70050,19.4583,629.5,37.8,53.4,46.4
70050,70060,19.4611,627.7,37.8,53.4,50
70060,70070,19.4639,626.8,37.8,53.4,54.6
70070,70080,19.4667,625.3,37.8,53.4,50
70080,70090,19.4694,623.2,37.8,53.4,47.2
70090,70100,19.4722,621.4,37.8,53.4,47.5
70100,70110,19.4750,620.2,37.8,53.4,47.1
70110,70120,19.4778,618.7,37.8,53.4,49.1
70120,70130,19.4806,616.6,37.8,53.4,49.1
70130,70140,19.4833,614.8,37.8,53.4,50.2
70140,70150,19.4861,613.9,37.8,53.4,50.2
70150,70160,19.4889,612.7,37.8,53.5,51.2
70160,70170,19.4917,611.2,37.8,53.4,50.3
70170,70180,19.4944,611.2,37.8,53.4,50.3
70180,70190,19.4972,611.8,37.8,53.4,48.6
70190,70200,19.5000,611.8,37.8,53.5,50.3
70200,70210,19.5028,610.9,37.8,53.4,49.6
70210,70220,19.5056,611.2,37.8,53.5,50.4
70220,70230,19.5083,612.1,37.7,53.5,51.3
70230,70240,19.5111,612.1,37.7,53.5,51.2
70240,70250,19.5139,612.1,37.8,53.5,51.9
70250,70260,19.5167,612.7,37.7,53.5,51.2
70260,70270,19.5194,613.3,37.7,53.4,51.4
70270,70280,19.5222,613.3,37.7,53.5,49.6
70280,70290,19.5250,613.0,37.7,53.4,50.8
70290,70300,19.5278,613.0,37.7,53.5,49.5
70300,70310,19.5306,613.9,37.7,53.5,50.2
70310,70320,19.5333,615.4,37.7,53.4,49.5
70320,70330,19.5361,616.9,37.7,53.5,49.8
70330,70340,19.5389,618.4,37.7,53.5,50.3
70340,70350,19.5417,621.1,37.7,53.4,48.2
70350,70360,19.5444,622.9,37.7,53.4,48.7
70360,70370,19.5472,624.4,37.7,53.4,50.6
70370,70380,19.5500,626.2,37.7,53.5,48.1
70380,70390,19.5528,628.3,37.7,53.5,46.6
70390,70400,19.5556,630.4,37.7,53.5,46.6
70400,70410,19.5583,632.2,37.7,53.4,47.2
70410,70420,19.5611,634.3,37.7,53.4,46.1
70420,70430,19.5639,636.4,37.7,53.5,44.6
70430,70440,19.5667,638.2,37.7,53.4,45.1
70440,70450,19.5694,640.0,37.7,53.5,48.1
70450,70460,19.5722,642.1,37.7,53.4,49.5
