NETCARE2015/data/raw/Flight7/O3_POLAR6_201504131453_R0_L1_NETCARE.ict
37, 1001
Staebler, Ralf
Environment Canada
Thermo 49i ozone data
Polar 6 NETCARE
1, 1
2015, 4, 13, 2015, 9, 30
0
Start_UTC, seconds
6
1, 1, 1, 1, 1, 1
-9999, -9999, -999.9, -99.9, -99.9, -99.9
Stop_UTC, seconds
hr, decimal hours (UTC)
Press, cell pressure (Torr)
BenchT, instrument temperature (deg C)
LampT, ozone lamp temperature (deg C)
O3, ozone mixing ratio (ppbv)
1
Press, BenchT, LampT are included for diagnostics
16
PI_CONTACT_INFO: Address: 4905 Dufferin Street, Toronto, ON M3H 5T4; email: Ralf.Staebler@ec.gc.ca
PLATFORM: Polar 6 
LOCATION: Location data varies as seen in this file
INSTRUMENT_INFO: Thermo Scienfific ozone analyzer model 49i, S.N. 0606014771
UNCERTAINTY: 0.2 ppbv 
ULOD_FLAG: -7777
ULOD_VALUE: N/A
LLOD_FLAG: -8888
LLOD_VALUE: N/A
DM_CONTACT_INFO: Ralf Staebler; Environment Canada; Ralf.Staebler@ec.gc.ca
PROJECT_INFO: Polar 6 NETCARE Spring 2015 campaign
STIPULATIONS_ON_USE: If use of this data will lead to a publication, we ask that the PI be informed.
OTHER_COMMENTS: N/A
REVISION: R0
R0: First set of data.
Start_UTC,Stop_UTC,hr,Press,BenchT,LampT,O3
[from data line 1561]
70470,70480,19.5778,646.3,37.7,53.5,48.7
70480,70490,19.5806,648.4,37.7,53.4,49
70490,70500,19.5833,649.9,37.7,53.4,48.1
70500,70510,19.5861,652.9,37.7,53.4,46.1
70510,70520,19.5889,655.0,37.7,53.5,47.1
70520,70530,19.5917,656.5,37.7,53.5,46.5
70530,70540,19.5944,658.6,37.7,53.5,46.6
70540,70550,19.5972,660.9,37.7,53.5,45.8
70550,70560,19.6000,661.8,37.7,53.4,45.4
70560,70570,19.6028,661.5,37.7,53.4,45.9
70570,70580,19.6056,661.8,37.7,53.4,46.4
70580,70590,19.6083,662.4,37.7,53.4,45.9
70590,70600,19.6111,662.4,37.7,53.4,44.6
70600,70610,19.6139,662.4,37.7,53.4,45.2
70610,70620,19.6167,662.4,37.7,53.4,44.9
70620,70630,19.6194,663.0,37.7,53.4,45.8
70630,70640,19.6222,663.0,37.7,53.4,46.4
70640,70650,19.6250,662.4,37.7,53.4,45.9
70650,70660,19.6278,662.4,37.7,53.5,46.6
70660,70670,19.6306,662.7,37.7,53.4,46.5
70670,70680,19.6333,662.7,37.8,53.4,46.4
70680,70690,19.6361,662.1,37.7,53.5,47
70690,70700,19.6389,661.8,37.7,53.4,46.6
70700,70710,19.6417,662.1,37.8,53.4,46.7
70710,70720,19.6444,662.1,37.8,53.5,45.5
70720,70730,19.6472,661.5,37.7,53.5,45.3
70730,70740,19.6500,661.8,37.8,53.5,46
70740,70750,19.6528,662.7,37.8,53.4,45.7
70750,70760,19.6556,662.7,37.8,53.4,45.7
70760,70770,19.6583,661.5,37.8,53.4,45.7
70770,70780,19.6611,661.2,37.8,53.4,46.8
70780,70790,19.6639,661.8,37.8,53.4,46.2
70790,70800,19.6667,662.1,37.8,53.5,46.4
70800,70810,19.6694,661.5,37.8,53.4,46.4
70810,70820,19.6722,661.5,37.8,53.4,45.9
70820,70830,19.6750,661.5,37.8,53.4,46.6
70830,70840,19.6778,662.1,37.8,53.4,46.1
70840,70850,19.6806,661.5,37.8,53.4,47.3
70850,70860,19.6833,661.5,37.8,53.4,45.7
70860,70870,19.6861,662.1,37.8,53.4,46.4
70870,70880,19.6889,662.1,37.8,53.4,45.8
70880,70890,19.6917,661.8,37.8,53.4,46.7
70890,70900,19.6944,661.8,37.8,53.4,47.1
70900,70910,19.6972,662.4,37.8,53.4,46.9
70910,70920,19.7000,662.7,37.8,53.5,47.8
70920,70930,19.7028,661.5,37.8,53.5,48.4
70930,70940,19.7056,661.5,37.8,53.4,48.4
70940,70950,19.7083,661.8,37.8,53.5,49.1
70950,70960,19.7111,661.2,37.8,53.5,48.5
70960,70970,19.7139,660.6,37.8,53.4,48.5
70970,70980,19.7167,660.9,37.8,53.5,48.1
70980,70990,19.7194,661.8,37.8,53.4,47.3
70990,71000,19.7222,661.5,37.8,53.5,48.3
71000,71010,19.7250,660.6,37.8,53.5,47.8
71010,71020,19.7278,660.6,37.8,53.4,47.6
71020,71030,19.7306,661.2,37.8,53.4,47.1
71030,71040,19.7333,661.2,37.8,53.4,46.9
71040,71050,19.7361,660.6,37.8,53.5,48.4
71050,71060,19.7389,661.2,37.8,53.4,47.1
71060,71070,19.7417,661.8,37.8,53.4,47.8
71070,71080,19.7444,661.5,37.8,53.4,47.4
71080,71090,19.7472,660.6,37.8,53.4,47.8
71090,71100,19.7500,660.6,37.8,53.4,48.7
71100,71110,19.7528,661.5,37.8,53.4,47.6
71110,71120,19.7556,661.8,37.8,53.4,45.5
71120,71130,19.7583,660.9,37.8,53.4,45.7
71130,71140,19.7611,660.6,37.8,53.4,46.5
71140,71150,19.7639,661.2,37.8,53.4,46.9
71150,71160,19.7667,661.2,37.8,53.4,46
71160,71170,19.7694,660.9,37.8,53.4,46.4
71170,71180,19.7722,660.6,37.8,53.4,45.2
71180,71190,19.7750,661.2,37.8,53.4,45.4
71190,71200,19.7778,661.8,37.8,53.4,46.2
71200,71210,19.7806,661.2,37.8,53.4,46.4
71210,71220,19.7833,660.9,37.8,53.4,46.5
71220,71230,19.7861,661.5,37.8,53.4,47.6
71230,71240,19.7889,661.8,37.8,53.4,46.7
71240,71250,19.7917,661.2,37.8,53.4,47.3
71250,71260,19.7944,660.9,37.8,53.4,46.7
71260,71270,19.7972,661.8,37.8,53.5,47.1
71270,71280,19.8000,661.5,37.8,53.4,46.3
71280,71290,19.8028,661.2,37.8,53.5,46.1
71290,71300,19.8056,661.2,37.8,53.4,46.2
71300,71310,19.8083,661.8,37.8,53.4,46.9
71310,71320,19.8111,661.5,37.8,53.4,46.4
71320,71330,19.8139,661.2,37.9,53.4,47.3
71330,71340,19.8167,661.2,37.8,53.4,47
71340,71350,19.8194,661.8,37.8,53.4,46.8
71350,71360,19.8222,661.8,37.9,53.4,47.1
71360,71370,19.8250,661.5,37.8,53.4,48.4
71370,71380,19.8278,661.5,37.8,53.5,47.3
71380,71390,19.8306,662.4,37.8,53.4,47.1
71390,71400,19.8333,662.4,37.9,53.4,46.4
71400,71410,19.8361,661.5,37.8,53.4,46.6
71410,71420,19.8389,661.2,37.8,53.4,47.4
71420,71430,19.8417,661.8,37.8,53.5,46.9
71430,71440,19.8444,662.1,37.9,53.4,46.6
71440,71450,19.8472,661.8,37.8,53.4,47.9
71450,71460,19.8500,661.5,37.9,53.4,47.5
71460,71470,19.8528,662.1,37.9,53.4,45.9
71470,71480,19.8556,661.8,37.8,53.4,48.4
71480,71490,19.8583,661.2,37.8,53.4,48
71490,71500,19.8611,661.2,37.9,53.5,48.3
71500,71510,19.8639,661.8,37.9,53.5,48
71510,71520,19.8667,661.8,37.9,53.4,47.5
71520,71530,19.8694,660.9,37.9,53.4,48.2
71530,71540,19.8722,660.9,37.9,53.4,47.8
71540,71550,19.8750,661.8,37.9,53.4,47.2
71550,71560,19.8778,661.8,37.9,53.4,46.7
71560,71570,19.8806,661.5,37.9,53.4,47.1
71570,71580,19.8833,661.2,37.9,53.4,46.7
71580,71590,19.8861,661.8,37.9,53.4,47.4
71590,71600,19.8889,661.5,37.9,53.4,47.1
71600,71610,19.8917,661.2,37.9,53.4,46.8
71610,71620,19.8944,661.5,37.9,53.4,46.9
71620,71630,19.8972,662.1,37.9,53.4,46.3
71630,71640,19.9000,661.8,37.9,53.4,47.5
71640,71650,19.9028,661.2,37.9,53.4,46.8
71650,71660,19.9056,661.2,37.9,53.4,47.1
71660,71670,19.9083,661.8,37.9,53.4,45.6
71670,71680,19.9111,661.8,37.9,53.4,45.8
71680,71690,19.9139,661.2,37.9,53.4,46.3
71690,71700,19.9167,661.5,37.9,53.4,46.7
71700,71710,19.9194,661.8,37.9,53.5,46.6
71710,71720,19.9222,662.1,37.9,53.4,47.3
71720,71730,19.9250,661.8,37.9,53.4,46.7
71730,71740,19.9278,661.8,37.9,53.5,46.9
71740,71750,19.9306,662.4,37.9,53.4,46.2
71750,71760,19.9333,662.4,37.9,53.4,47.5
71760,71770,19.9361,661.8,37.9,53.5,47.5
71770,71780,19.9389,661.2,37.9,53.4,47.2
71780,71790,19.9417,661.8,37.9,53.4,47.9
71790,71800,19.9444,661.8,37.9,53.4,48.7
71800,71810,19.9472,662.1,37.9,53.4,46.6
71810,71820,19.9500,662.1,37.9,53.5,46.4
71820,71830,19.9528,662.7,37.9,53.4,46.9
71830,71840,19.9556,662.4,37.9,53.5,46.6
71840,71850,19.9583,662.1,37.9,53.4,47.3
71850,71860,19.9611,661.8,37.9,53.4,47.7
71860,71870,19.9639,662.1,37.9,53.4,46.9
71870,71880,19.9667,661.8,37.9,53.4,47.7
71880,71890,19.9694,661.2,37.9,53.5,47.1
71890,71900,19.9722,661.5,37.9,53.5,47.8
71900,71910,19.9750,662.1,37.9,53.4,48.2
71910,71920,19.9778,662.7,37.9,53.4,48.2
71920,71930,19.9806,662.4,37.9,53.4,48.3
71930,71940,19.9833,662.1,37.9,53.4,48.6
71940,71950,19.9861,662.7,37.9,53.5,47.5
71950,71960,19.9889,662.1,37.9,53.4,47.1
71960,71970,19.9917,661.2,37.9,53.4,47.5
71970,71980,19.9944,661.5,37.9,53.4,46.6
71980,71990,19.9972,662.1,37.9,53.5,48.2
71990,72000,20.0000,662.1,37.9,53.4,48.2
72000,72010,20.0028,661.2,37.9,53.4,48.1
72010,72020,20.0056,659.2,37.9,53.5,48.6
72020,72030,20.0083,657.4,37.9,53.5,48.1
72030,72040,20.0111,655.3,37.9,53.5,48
72040,72050,20.0139,652.6,38.0,53.4,47.7
72050,72060,20.0167,650.8,37.9,53.5,47.9
72060,72070,20.0194,649.0,38.0,53.5,49
72070,72080,20.0222,646.9,38.0,53.4,49.1
72080,72090,20.0250,644.2,38.0,53.4,49.2
72090,72100,20.0278,642.4,38.0,53.4,49.5
72100,72110,20.0306,640.6,38.0,53.5,50.1
72110,72120,20.0333,638.2,38.0,53.4,49.5
72120,72130,20.0361,635.8,38.0,53.4,49
72130,72140,20.0389,633.4,38.0,53.5,48.5
72140,72150,20.0417,631.6,38.0,53.5,48.5
72150,72160,20.0444,629.5,38.0,53.5,48
72160,72170,20.0472,627.4,38.0,53.4,47.8
72170,72180,20.0500,625.0,38.0,53.4,45.2
72180,72190,20.0528,623.8,38.0,53.5,42.5
72190,72200,20.0556,622.3,38.0,53.5,42.7
72200,72210,20.0583,620.2,38.0,53.5,40.7
72210,72220,20.0611,618.7,38.0,53.5,42
72220,72230,20.0639,617.5,38.0,53.5,41.5
72230,72240,20.0667,615.7,38.0,53.5,40.1
72240,72250,20.0694,613.3,38.0,53.5,41.6
72250,72260,20.0722,611.8,38.0,53.5,42.4
72260,72270,20.0750,610.3,38.0,53.5,43.8
72270,72280,20.0778,608.8,38.0,53.5,44.7
72280,72290,20.0806,606.4,38.0,53.5,44.6
72290,72300,20.0833,604.6,38.0,53.5,45.6
72300,72310,20.0861,603.1,38.0,53.5,46.4
72310,72320,20.0889,601.9,38.0,53.5,48.6
72320,72330,20.0917,599.5,38.0,53.5,47.2
72330,72340,20.0944,597.7,38.0,53.4,47.8
72340,72350,20.0972,596.5,38.0,53.5,47.9
72350,72360,20.1000,595.0,38.0,53.5,47.8
72360,72370,20.1028,592.6,38.0,53.5,47
72370,72380,20.1056,590.8,38.1,53.4,48.1
72380,72390,20.1083,589.3,38.1,53.5,47
72390,72400,20.1111,587.2,38.1,53.5,46.1
72400,72410,20.1139,584.8,38.1,53.5,45.7
72410,72420,20.1167,583.0,38.1,53.5,45.4
72420,72430,20.1194,581.6,38.1,53.5,45.3
72430,72440,20.1222,579.5,38.1,53.5,45.9
72440,72450,20.1250,577.4,38.1,53.5,46.6
72450,72460,20.1278,576.2,38.1,53.5,47
72460,72470,20.1306,575.9,38.1,53.5,46.5
72470,72480,20.1333,576.5,38.1,53.5,47
72480,72490,20.1361,576.5,38.1,53.5,46.9
72490,72500,20.1389,577.1,38.1,53.5,45.7
72500,72510,20.1417,578.0,38.1,53.5,45.6
72510,72520,20.1444,578.3,38.1,53.5,45.7
72520,72530,20.1472,578.6,38.1,53.5,44.5
72530,72540,20.1500,579.2,38.1,53.5,45.5
72540,72550,20.1528,580.4,38.1,53.5,45.2
72550,72560,20.1556,581.0,38.1,53.5,45.1
72560,72570,20.1583,580.4,38.2,53.5,46.1
72570,72580,20.1611,580.7,38.2,53.5,46.1
72580,72590,20.1639,580.7,38.2,53.5,46
72590,72600,20.1667,580.7,38.2,53.5,45.4
72600,72610,20.1694,580.4,38.2,53.5,45.9
72610,72620,20.1722,580.1,38.2,53.5,46.2
72620,72630,20.1750,580.1,38.2,53.5,46.2
72630,72640,20.1778,579.8,38.2,53.5,46.7
72640,72650,20.1806,579.2,38.2,53.5,46.2
72650,72660,20.1833,578.9,38.2,53.5,45.5
72660,72670,20.1861,579.2,38.2,53.5,45.6
72670,72680,20.1889,578.9,38.3,53.4,44.9
72680,72690,20.1917,578.0,38.3,53.5,45.7
72690,72700,20.1944,577.7,38.3,53.5,45.1
72700,72710,20.1972,578.0,38.3,53.5,45.1
72710,72720,20.2000,578.0,38.3,53.5,45
72720,72730,20.2028,577.4,38.3,53.5,46.6
72730,72740,20.2056,577.4,38.3,53.5,46.9
72740,72750,20.2083,582.7,38.3,53.5,46.1
72750,72760,20.2111,588.7,38.3,53.5,-99.9
72760,72770,20.2139,587.8,38.3,53.5,-99.9
72770,72780,20.2167,588.1,38.3,53.5,-99.9
72780,72790,20.2194,588.1,38.3,53.5,-99.9
72790,72800,20.2222,587.5,38.3,53.5,-99.9
72800,72810,20.2250,586.3,38.3,53.5,-99.9
72810,72820,20.2278,585.7,38.3,53.5,-99.9
72820,72830,20.2306,586.6,38.4,53.5,-99.9
72830,72840,20.2333,586.6,38.4,53.5,-99.9
72840,72850,20.2361,585.7,38.4,53.5,-99.9
72850,72860,20.2389,585.7,38.4,53.5,-99.9
72860,72870,20.2417,586.0,38.4,53.5,-99.9
72870,72880,20.2444,586.3,38.4,53.5,-99.9
72880,72890,20.2472,585.7,38.4,53.5,-99.9
72890,72900,20.2500,585.4,38.4,53.5,-99.9
72900,72910,20.2528,585.4,38.4,53.5,-99.9
72910,72920,20.2556,585.4,38.4,53.5,-99.9
72920,72930,20.2583,585.1,38.4,53.5,-99.9
72930,72940,20.2611,585.4,38.5,53.5,-99.9
72940,72950,20.2639,586.3,38.5,53.5,-99.9
72950,72960,20.2667,586.9,38.5,53.5,-99.9
72960,72970,20.2694,586.3,38.5,53.5,-99.9
72970,72980,20.2722,586.9,38.5,53.5,-99.9
72980,72990,20.2750,587.2,38.5,53.5,-99.9
72990,73000,20.2778,587.2,38.5,53.5,-99.9
73000,73010,20.2806,586.6,38.5,53.5,-99.9
73010,73020,20.2833,587.2,38.5,53.5,-99.9
73020,73030,20.2861,587.8,38.5,53.5,-99.9
73030,73040,20.2889,588.1,38.5,53.5,-99.9
73040,73050,20.2917,587.5,38.5,53.5,-99.9
73050,73060,20.2944,587.8,38.5,53.5,-99.9
73060,73070,20.2972,589.0,38.5,53.5,-99.9
73070,73080,20.3000,589.6,38.6,53.5,-99.9
73080,73090,20.3028,589.0,38.6,53.5,-99.9
73090,73100,20.3056,589.3,38.6,53.5,-99.9
73100,73110,20.3083,589.6,38.6,53.5,-99.9
73110,73120,20.3111,589.9,38.6,53.5,-99.9
73120,73130,20.3139,589.3,38.6,53.5,-99.9
73130,73140,20.3167,589.0,38.6,53.5,-99.9
73140,73150,20.3194,589.6,38.6,53.5,-99.9
73150,73160,20.3222,589.6,38.6,53.5,-99.9
73160,73170,20.3250,589.0,38.6,53.5,-99.9
73170,73180,20.3278,577.4,38.6,53.5,-99.9
73180,73190,20.3306,578.3,38.6,53.5,44.9
73190,73200,20.3333,578.0,38.7,53.5,46.6
73200,73210,20.3361,578.0,38.7,53.5,45.3
73210,73220,20.3389,578.6,38.7,53.5,45.3
73220,73230,20.3417,579.8,38.7,53.5,45.3
73230,73240,20.3444,580.1,38.7,53.5,45.7
73240,73250,20.3472,580.1,38.7,53.5,45.5
73250,73260,20.3500,580.1,38.7,53.5,44.4
73260,73270,20.3528,580.4,38.7,53.5,46.8
73270,73280,20.3556,580.4,38.7,53.5,44
73280,73290,20.3583,579.8,38.7,53.5,45.4
73290,73300,20.3611,579.5,38.7,53.5,46
73300,73310,20.3639,580.4,38.7,53.5,44.8
73310,73320,20.3667,581.3,38.8,53.5,44.5
73320,73330,20.3694,582.7,38.8,53.5,45.7
73330,73340,20.3722,584.2,38.8,53.5,46.1
73340,73350,20.3750,585.7,38.8,53.5,45.3
73350,73360,20.3778,586.9,38.8,53.5,43.6
73360,73370,20.3806,587.8,38.8,53.5,43.8
73370,73380,20.3833,589.9,38.8,53.5,42.2
73380,73390,20.3861,591.4,38.8,53.5,43.1
73390,73400,20.3889,592.6,38.8,53.5,42
73400,73410,20.3917,593.5,38.8,53.5,41.7
73410,73420,20.3944,595.3,38.8,53.5,42.5
73420,73430,20.3972,597.4,38.8,53.5,42.4
73430,73440,20.4000,599.5,38.8,53.5,40
73440,73450,20.4028,601.0,38.9,53.5,39.8
73450,73460,20.4056,602.5,38.9,53.5,38.8
73460,73470,20.4083,604.9,38.9,53.5,37.2
73470,73480,20.4111,607.0,38.9,53.5,37.1
73480,73490,20.4139,608.5,38.9,53.5,36.7
73490,73500,20.4167,611.2,38.9,53.5,37
73500,73510,20.4194,613.9,38.9,53.5,35.8
73510,73520,20.4222,616.0,38.9,53.5,36
73520,73530,20.4250,617.8,38.9,53.5,35.4
73530,73540,20.4278,620.2,38.9,53.5,39.3
73540,73550,20.4306,623.2,38.9,53.5,43
73550,73560,20.4333,625.3,38.9,53.5,41.9
73560,73570,20.4361,627.1,38.9,53.5,42.7
73570,73580,20.4389,628.9,38.9,53.5,43
73580,73590,20.4417,631.9,38.9,53.5,43
73590,73600,20.4444,633.7,38.9,53.5,42.5
73600,73610,20.4472,634.3,38.9,53.5,43.2
73610,73620,20.4500,635.2,38.9,53.5,41.1
73620,73630,20.4528,637.0,38.9,53.5,42.7
73630,73640,20.4556,637.9,39.0,53.5,41.7
73640,73650,20.4583,638.2,39.0,53.5,41.4
73650,73660,20.4611,639.1,39.0,53.5,41.1
73660,73670,20.4639,640.6,39.0,53.5,41.6
73670,73680,20.4667,641.5,39.0,53.5,41
73680,73690,20.4694,641.8,39.0,53.5,41.4
73690,73700,20.4722,642.4,39.0,53.5,40.7
73700,73710,20.4750,643.9,39.0,53.5,41.5
73710,73720,20.4778,644.5,39.0,53.5,42
73720,73730,20.4806,644.5,39.0,53.5,41.5
73730,73740,20.4833,645.1,39.0,53.5,42.2
73740,73750,20.4861,646.6,39.0,53.5,41.3
73750,73760,20.4889,647.2,39.0,53.5,42.7
73760,73770,20.4917,647.8,39.0,53.5,41
73770,73780,20.4944,647.8,39.0,53.5,43.2
73780,73790,20.4972,649.0,39.1,53.5,43.1
73790,73800,20.5000,650.2,39.1,53.5,42.9
73800,73810,20.5028,650.2,39.1,53.5,44.2
73810,73820,20.5056,650.8,39.1,53.5,43.4
73820,73830,20.5083,652.0,39.1,53.5,43.6
73830,73840,20.5111,653.2,39.1,53.5,44.3
73840,73850,20.5139,653.2,39.1,53.5,44
73850,73860,20.5167,654.1,39.1,53.5,45.2
73860,73870,20.5194,655.0,39.1,53.5,43.3
73870,73880,20.5222,656.2,39.1,53.5,44.6
73880,73890,20.5250,656.8,39.1,53.5,44.3
73890,73900,20.5278,657.7,39.1,53.5,44.5
73900,73910,20.5306,658.9,39.1,53.5,43.8
73910,73920,20.5333,659.8,39.1,53.5,44.1
73920,73930,20.5361,659.8,39.1,53.5,44.8
73930,73940,20.5389,660.6,39.1,53.5,44
73940,73950,20.5417,661.8,39.1,53.5,44.9
73950,73960,20.5444,662.1,39.1,53.5,44.4
73960,73970,20.5472,661.2,39.1,53.5,44.6
73970,73980,20.5500,661.5,39.1,53.5,44.7
73980,73990,20.5528,662.7,39.1,53.5,43.5
73990,74000,20.5556,663.3,39.1,53.5,44
74000,74010,20.5583,663.9,39.2,53.5,45.4
74010,74020,20.5611,664.8,39.2,53.5,45.1
74020,74030,20.5639,666.6,39.2,53.5,43.7
74030,74040,20.5667,668.7,39.2,53.5,43.1
74040,74050,20.5694,668.1,39.2,53.5,43.7
74050,74060,20.5722,669.6,39.2,53.5,43.2
74060,74070,20.5750,671.7,39.2,53.5,42.6
74070,74080,20.5778,672.3,39.2,53.5,42.5
74080,74090,20.5806,672.6,39.2,53.5,42.6
74090,74100,20.5833,672.9,39.2,53.5,43.2
74100,74110,20.5861,674.1,39.2,53.5,43
74110,74120,20.5889,674.4,39.2,53.5,43.4
74120,74130,20.5917,674.1,39.2,53.5,42.7
74130,74140,20.5944,674.4,39.2,53.5,42.5
74140,74150,20.5972,675.6,39.2,53.5,41.6
74150,74160,20.6000,676.2,39.2,53.5,41.5
74160,74170,20.6028,676.5,39.2,53.5,39.5
74170,74180,20.6056,676.2,39.2,53.5,40.9
74180,74190,20.6083,676.5,39.2,53.5,41
74190,74200,20.6111,676.5,39.2,53.5,40
74200,74210,20.6139,675.9,39.2,53.5,41.3
74210,74220,20.6167,675.9,39.2,53.5,40.3
74220,74230,20.6194,676.2,39.2,53.5,40.7
74230,74240,20.6222,675.9,39.2,53.5,40
74240,74250,20.6250,675.3,39.2,53.5,40.9
74250,74260,20.6278,675.3,39.2,53.5,41.4
74260,74270,20.6306,675.6,39.2,53.5,40
74270,74280,20.6333,675.0,39.2,53.5,42.5
74280,74290,20.6361,673.5,39.2,53.5,43
74290,74300,20.6389,672.6,39.2,53.5,42.5
74300,74310,20.6417,672.3,39.2,53.5,42.6
74310,74320,20.6444,672.0,39.2,53.5,42.2
74320,74330,20.6472,670.8,39.2,53.5,42.7
74330,74340,20.6500,670.8,39.2,53.5,43.6
74340,74350,20.6528,670.5,39.2,53.5,42.4
74350,74360,20.6556,670.2,39.2,53.5,42.1
74360,74370,20.6583,669.3,39.2,53.5,42.1
74370,74380,20.6611,669.0,39.2,53.5,42.7
