NETCARE2015/data/raw/Flight7/SP2_Polar6_20150413_R2_L1.ict
38, 1001
Herber, Andreas; Schulz, Hannes
Alfred Wegener Institute (AWI), Bremerhaven, Germany
rBC mass concentration from SP2 (single particle soot photometer), combined high and low gain channel, size range 75 to 700 nm
NETCARE Polar 6 Campaign 2015
1, 1
2015,04,13, 2017, 09, 07
1
Time_UTC, seconds
4
1, 1, 1, 1, 1
-9999, -9999, -9999, -9999, -9999
BC_mass_concVOL, ug/m3
BC_numb_concVOL, 1/vccm
BC_mass_concSTP, ug/m3STP
BC_numb_concSTP, 1/sccm
0
20
PI_CONTACT_INFO: Address: AWI, Am Handelshafen 12, D-27570 Bremerhaven, email: andreas.herber@awi.de; hannes.schulz@awi.de
PLATFORM: Polar 6
LOCATION: GPS location and altitude available at 1 Hz resolution in separate file
ASSOCIATED_DATA: N/A
INSTRUMENT_INFO: Refractory black carbon aerosol measurements based on laser induced incandescence
DATA_INFO: Units are ug/m3 (volumetric) or ug/m3 STP (NIST standard NTP 20C, 1013.25 hPa; corrected with chamber temperature and pressure)
UNCERTAINTY: +/- 10%, typical intra-model variability of SP2 derived BC mass concentration [Laborde et al., 2012]
ULOD_FLAG: -7777
ULOD_VALUE: N/A
LLOD_FLAG: not masked
LLOD_VALUE: zero ug/m3 (e.g. no particle or particles <0.3 fg per single particle detection)
DM_CONTACT_INFO: Hannes Schulz, see above
PROJECT_INFO: NETCARE Polar 6 aircraft campaign in April 2015
STIPULATIONS_ON_USE: Preliminary data! Use of these data requires prior approval from PI
OTHER_COMMENTS: N/A
REVISION: R2
R2: Preliminary data; calibration: Fullerene Soot, DLR lab 2015/01/20; bad data and zero filter masked as -9999
R1: Preliminary data, updated header information, corrected mass concentration
R0: Preliminary data, initial release
Time_UTC, BC_mass_concVOL, BC_numb_concVOL, BC_mass_concSTP, BC_numb_concSTP
[from data line 689]
55556, 0.058395, 16.593256, 0.061477, 17.469203
55557, 0.038852, 11.853152, 0.040890, 12.475050
55558, 0.058868, 15.359355, 0.061947, 16.162652
55559, 0.033240, 9.181685, 0.034960, 9.656768
55560, 0.018687, 10.125370, 0.019671, 10.658445
55561, 0.021364, 5.829340, 0.022483, 6.134657
55562, 0.031822, 10.880412, 0.033480, 11.447252
55563, 0.036377, 12.855937, 0.038286, 13.530862
55564, 0.032832, 10.621958, 0.034572, 11.184767
55565, 0.027438, 9.766556, 0.028908, 10.289642
55566, 0.032436, 13.996665, 0.034143, 14.733052
55567, 0.065921, 11.574003, 0.069424, 12.189008
55568, 0.023328, 7.625879, 0.024565, 8.030265
55569, 0.016716, 6.764388, 0.017595, 7.120247
55570, 0.052032, 13.698808, 0.054753, 14.415297
55571, 0.063238, 8.680448, 0.066541, 9.133737
55572, 0.049500, 14.508440, 0.052100, 15.270372
55573, 0.022672, 9.697214, 0.023851, 10.201530
55574, 0.031713, 8.924967, 0.033371, 9.391641
55575, 0.018599, 6.369430, 0.019574, 6.703077
55576, 0.025938, 8.471068, 0.027301, 8.916218
55577, 0.030078, 11.303037, 0.031673, 11.902547
55578, 0.045067, 9.820602, 0.047429, 10.335314
55579, 0.036076, 11.152866, 0.037964, 11.736401
55580, 0.028943, 8.930304, 0.030472, 9.401918
55581, 0.050208, 10.809901, 0.052867, 11.382343
55582, 0.116134, 11.458117, 0.122180, 12.054626
55583, 0.036035, 9.765424, 0.037920, 10.276366
55584, 0.024783, 9.426674, 0.026084, 9.921729
55585, 0.025479, 11.613535, 0.026820, 12.224903
55586, 0.039216, 11.518956, 0.041248, 12.115674
55587, 0.018461, 9.990000, 0.019430, 10.514166
55588, 0.040125, 9.928208, 0.042235, 10.450288
55589, 0.030084, 11.404199, 0.031650, 11.997568
55590, 0.028964, 8.491167, 0.030468, 8.932229
55591, 0.025413, 11.918457, 0.026725, 12.533456
55592, 0.079864, 10.512727, 0.083991, 11.056066
55593, 0.032988, 8.201068, 0.034698, 8.626179
55594, 0.029700, 9.200162, 0.031262, 9.683921
55595, 0.055210, 10.432263, 0.058059, 10.970495
55596, 0.038424, 10.533496, 0.040408, 11.077402
55597, 0.029180, 8.310398, 0.030686, 8.739302
55598, 0.017942, 6.531668, 0.018867, 6.868417
55599, 0.089649, 14.126992, 0.094069, 14.823512
55600, 0.022333, 12.537788, 0.023481, 13.181934
55601, 0.023645, 10.250998, 0.024855, 10.775504
55602, 0.029405, 11.718193, 0.030917, 12.320563
55603, 0.029502, 11.222363, 0.031011, 11.796365
55604, 0.039833, 9.118545, 0.041852, 9.580786
55605, 0.058380, 8.214570, 0.061355, 8.633182
55606, 0.035256, 6.403332, 0.037047, 6.728695
55607, 0.055630, 11.081606, 0.058467, 11.646762
55608, 0.060217, 12.446026, 0.063308, 13.084821
55609, 0.019010, 6.930355, 0.019986, 7.286105
55610, 0.059229, 11.268412, 0.062285, 11.849943
55611, 0.016240, 6.296523, 0.017080, 6.622150
55612, 0.035693, 9.351491, 0.037540, 9.835442
55613, 0.038323, 9.283976, 0.040304, 9.764099
55614, 0.083397, 10.586093, 0.087756, 11.139425
55615, 0.028484, 8.990656, 0.029971, 9.460036
55616, 0.056111, 10.575417, 0.059051, 11.129452
55617, 0.011064, 8.240134, 0.011639, 8.668121
55618, 0.023167, 5.845629, 0.024379, 6.151451
55619, 0.022256, 8.757584, 0.023426, 9.217995
55620, 0.025091, 8.193029, 0.026413, 8.624620
55621, 0.019346, 8.355906, 0.020369, 8.797959
55622, 0.030036, 11.341411, 0.031629, 11.942636
55623, 0.016599, 6.239669, 0.017465, 6.565337
55624, 0.037025, 10.286766, 0.038981, 10.830256
55625, 0.028654, 10.451404, 0.030156, 10.999123
55626, 0.032105, 14.443683, 0.033796, 15.204850
55627, 0.025643, 6.993427, 0.026998, 7.363195
55628, 0.206317, 8.541414, 0.217097, 8.987714
55629, 0.030723, 10.358349, 0.032345, 10.904939
55630, 0.043975, 12.000112, 0.046297, 12.633812
55631, 0.016560, 8.874363, 0.017430, 9.340564
55632, 0.039007, 17.480463, 0.041070, 18.404839
55633, 0.090036, 7.324066, 0.094734, 7.706168
55634, 0.035472, 7.206513, 0.037325, 7.582951
55635, 0.053079, 10.285769, 0.055873, 10.827224
55636, 0.030457, 11.706132, 0.032031, 12.311264
55637, 0.045565, 9.218854, 0.047898, 9.690979
55638, 0.017456, 8.025875, 0.018351, 8.437045
55639, 0.072645, 9.893483, 0.076378, 10.401872
55640, 0.079167, 9.316160, 0.083209, 9.791783
55641, 0.051826, 16.564484, 0.054469, 17.409263
55642, 0.010398, 7.947864, 0.010930, 8.354406
55643, 0.070780, 7.530472, 0.074414, 7.917080
55644, 0.046712, 15.617577, 0.049077, 16.408435
55645, 0.051753, 10.789300, 0.054392, 11.339548
55646, 0.021450, 7.614039, 0.022542, 8.001856
55647, 0.036717, 14.848184, 0.038620, 15.617554
55648, 0.033227, 9.724279, 0.034966, 10.233141
55649, 0.034362, 7.523447, 0.036175, 7.920387
55650, 0.025382, 8.400813, 0.026715, 8.842283
55651, 0.024909, 9.991694, 0.026224, 10.519005
55652, 0.033985, 7.614632, 0.035786, 8.018200
55653, 0.034897, 11.794546, 0.036715, 12.408852
55654, 0.058465, 9.248588, 0.061531, 9.733660
55655, 0.047259, 9.716584, 0.049663, 10.210961
55656, 0.048947, 10.161696, 0.051454, 10.682138
55657, 0.024928, 9.456528, 0.026193, 9.936316
55658, 0.021757, 7.246050, 0.022854, 7.611279
55659, 0.060889, 10.028487, 0.064001, 10.541015
55660, 0.017231, 8.011325, 0.018130, 8.429480
55661, 0.026406, 6.584792, 0.027773, 6.925485
55662, 0.043129, 10.536139, 0.045335, 11.075030
55663, 0.029269, 9.493541, 0.030776, 9.982400
55664, 0.031871, 10.021981, 0.033483, 10.528862
55665, 0.021932, 10.887689, 0.023003, 11.419663
55666, 0.041780, 10.378365, 0.043898, 10.904545
55667, 0.023692, 8.840654, 0.024882, 9.284763
55668, 0.019688, 8.463602, 0.020670, 8.885625
55669, 0.030596, 9.407965, 0.032127, 9.878976
55670, 0.070058, 9.974328, 0.073626, 10.482184
55671, 0.047628, 11.605616, 0.049995, 12.182312
55672, 0.193336, 14.048818, 0.203125, 14.760119
55673, 0.083727, 7.524312, 0.087958, 7.904486
55674, 0.043766, 10.468134, 0.045974, 10.996039
55675, 0.063385, 13.099188, 0.066610, 13.765869
55676, 0.053478, 14.570712, 0.056164, 15.302459
55677, 0.037056, 9.721474, 0.038944, 10.216772
55678, 0.016719, 10.725050, 0.017548, 11.256946
55679, 0.032459, 11.823354, 0.034042, 12.399981
55680, 0.060673, 12.768888, 0.063639, 13.393237
55681, 0.044177, 9.363288, 0.046362, 9.826196
55682, 0.031731, 8.538799, 0.033341, 8.971834
55683, 0.031078, 8.049262, 0.032668, 8.461250
55684, 0.020444, 5.381224, 0.021536, 5.668506
55685, 0.027360, 8.707694, 0.028826, 9.174516
55686, 0.022216, 10.171922, 0.023416, 10.721232
55687, 0.036448, 8.198595, 0.038441, 8.646967
55688, 0.026408, 13.617844, 0.027857, 14.365405
55689, 0.030844, 10.610607, 0.032514, 11.185142
55690, 0.039854, 11.371667, 0.041993, 11.982086
55691, 0.036811, 12.057076, 0.038778, 12.701233
55692, 0.037733, 13.124055, 0.039765, 13.830735
55693, 0.059294, 8.254651, 0.062465, 8.696079
55694, 0.039389, 9.798803, 0.041477, 10.318149
55695, 0.026669, 6.583642, 0.028072, 6.930082
55696, 0.024315, 7.220537, 0.025604, 7.603289
55697, 0.023072, 8.794754, 0.024315, 9.268795
55698, 0.014702, 6.790224, 0.015500, 7.158878
55699, 0.022906, 8.481287, 0.024400, 9.034473
55700, 0.008060, 7.369744, 0.008584, 7.848911
55701, 0.019855, 11.824782, 0.021146, 12.593380
55702, 0.040405, 11.917897, 0.043025, 12.690633
55703, 0.052018, 13.192391, 0.055289, 14.021968
55704, 0.037420, 10.083110, 0.039840, 10.735389
55705, 0.018422, 7.663723, 0.019616, 8.160474
55706, 0.039666, 7.733329, 0.042238, 8.234858
55707, 0.046027, 10.614870, 0.049015, 11.303756
55708, 0.034115, 10.797359, 0.036329, 11.498151
55709, 0.017370, 6.273197, 0.018511, 6.685158
55710, 0.025661, 10.868237, 0.027362, 11.588701
55711, 0.026173, 9.253065, 0.027901, 9.863769
55712, 0.017896, 9.755175, 0.019088, 10.404740
55713, 0.027540, 10.419269, 0.029372, 11.112274
55714, 0.016278, 9.962951, 0.017361, 10.625496
55715, 0.025811, 9.860038, 0.027537, 10.519360
55716, 0.014575, 9.502506, 0.015551, 10.138823
55717, 0.031347, 10.569983, 0.033440, 11.275891
55718, 0.033086, 9.810804, 0.035320, 10.473334
55719, 0.033356, 8.865793, 0.035595, 9.460760
55720, 0.020659, 8.175164, 0.022047, 8.724368
55721, 0.039465, 9.808538, 0.042137, 10.472459
55722, 0.064113, 13.346377, 0.068355, 14.229534
55723, 0.032640, 9.575566, 0.034827, 10.217214
55724, 0.043973, 9.932264, 0.046927, 10.599321
55725, 0.023630, 7.592122, 0.025196, 8.095313
55726, 0.015478, 6.263700, 0.016481, 6.669408
55727, 0.031425, 7.925084, 0.033508, 8.450340
55728, 0.032097, 9.127178, 0.034242, 9.737097
55729, 0.027081, 5.449821, 0.028893, 5.814471
55730, 0.038086, 10.409008, 0.040586, 11.092285
55731, 0.050590, 10.201006, 0.054000, 10.888687
55732, 0.041530, 13.126237, 0.044352, 14.018233
55733, 0.034385, 8.732576, 0.036721, 9.325873
55734, 0.020413, 7.970136, 0.021805, 8.513441
55735, 0.049891, 10.705372, 0.053270, 11.430370
55736, 0.046486, 10.646819, 0.049652, 11.372041
55737, 0.033261, 10.999830, 0.035496, 11.738929
55738, 0.025966, 10.038666, 0.027730, 10.720754
55739, 0.022467, 7.907623, 0.023991, 8.444076
55740, 0.038139, 13.275253, 0.040738, 14.179855
55741, 0.033886, 9.700397, 0.036169, 10.353798
55742, 0.027796, 9.412327, 0.029694, 10.054838
55743, 0.021182, 9.208531, 0.022624, 9.835277
55744, 0.029723, 6.800096, 0.031716, 7.256051
55745, 0.030421, 11.046717, 0.032481, 11.794509
55746, 0.058512, 6.601481, 0.062491, 7.050425
55747, 0.026824, 9.813565, 0.028646, 10.479856
55748, 0.085265, 10.923092, 0.091027, 11.661230
55749, 0.032950, 10.402884, 0.035168, 11.103035
55750, 0.022947, 8.657702, 0.024513, 9.248527
55751, 0.029815, 11.617819, 0.031846, 12.409267
55752, 0.024729, 8.116174, 0.026400, 8.664543
55753, 0.030872, 9.868237, 0.032968, 10.537950
55754, 0.056894, 9.417939, 0.060753, 10.056628
55755, 0.023129, 10.483854, 0.024687, 11.190202
55756, 0.037800, 10.169008, 0.040367, 10.859599
55757, 0.028854, 12.723643, 0.030803, 13.582990
55758, 0.029339, 6.883580, 0.031347, 7.354695
55759, 0.031127, 11.134959, 0.033234, 11.888596
55760, 0.020567, 9.925560, 0.021972, 10.603669
55761, 0.025362, 9.673450, 0.027084, 10.329998
55762, 0.022904, 10.735541, 0.024468, 11.468771
55763, 0.025809, 8.208486, 0.027575, 8.770397
55764, 0.058459, 9.845234, 0.062437, 10.515278
55765, 0.014968, 8.781763, 0.015997, 9.385740
55766, 0.029870, 11.853569, 0.031925, 12.669421
55767, 0.036154, 9.691784, 0.038567, 10.338850
55768, 0.058234, 13.049866, 0.062207, 13.940255
55769, 0.032294, 15.346884, 0.034474, 16.382900
55770, 0.064088, 13.391179, 0.068488, 14.310666
55771, 0.037494, 12.400791, 0.040053, 13.247279
55772, 0.049221, 10.221052, 0.052596, 10.921819
55773, 0.035652, 8.865248, 0.038089, 9.471273
55774, 0.015535, 6.295622, 0.016591, 6.723312
55775, 0.020544, 11.088539, 0.021932, 11.837757
55776, 0.042182, 12.282596, 0.045034, 13.112987
55777, 0.029780, 11.385724, 0.031800, 12.158229
55778, 0.011626, 5.894574, 0.012412, 6.293122
55779, 0.048531, 11.594803, 0.051802, 12.376336
55780, 0.031545, 10.978534, 0.033666, 11.716923
55781, 0.028516, 8.920483, 0.030433, 9.520175
55782, 0.024048, 9.500180, 0.025658, 10.135982
55783, 0.037816, 16.695822, 0.040326, 17.804259
55784, 0.026307, 12.208644, 0.028053, 13.018998
55785, 0.037582, 13.260920, 0.040087, 14.144845
55786, 0.037533, 15.876972, 0.040040, 16.937505
55787, 0.025059, 8.711773, 0.026710, 9.285682
55788, 0.047029, 12.715362, 0.050167, 13.563573
55789, 0.035544, 14.191906, 0.037898, 15.131623
55790, 0.070846, 14.082499, 0.075560, 15.019443
55791, 0.060772, 8.271537, 0.064791, 8.818554
55792, 0.094668, 14.286684, 0.100901, 15.227204
55793, 0.040365, 12.486043, 0.043029, 13.309999
55794, 0.044533, 16.054932, 0.047340, 17.067017
55795, 0.025527, 11.853360, 0.026907, 12.494254
55796, 0.057126, 10.981521, 0.060217, 11.575871
55797, 0.066717, 10.110843, 0.070357, 10.662357
55798, 0.023153, 9.239482, 0.024418, 9.744067
55799, 0.070252, 11.482305, 0.074184, 12.124891
55800, 0.027977, 10.871720, 0.029546, 11.481711
55801, 0.051079, 12.708688, 0.053956, 13.424571
55802, 0.044211, 11.342188, 0.046611, 11.957942
55803, 0.039091, 10.624947, 0.041223, 11.204267
55804, 0.021224, 7.845654, 0.022386, 8.275139
55805, 0.041199, 11.963224, 0.043412, 12.605848
55806, 0.027026, 14.790512, 0.028482, 15.587629
55807, 0.080172, 12.170994, 0.084536, 12.833500
55808, 0.048463, 10.201052, 0.051096, 10.755249
55809, 0.053555, 13.228743, 0.056474, 13.949891
55810, 0.101110, 9.478839, 0.106647, 9.997904
55811, 0.040304, 7.924311, 0.042499, 8.355918
55812, 0.072922, 10.953493, 0.076934, 11.556040
55813, 0.034188, 9.979958, 0.036059, 10.525948
55814, 0.028568, 8.373352, 0.030148, 8.836458
55815, 0.064472, 13.255367, 0.068029, 13.986512
55816, 0.031168, 6.485955, 0.032868, 6.839736
55817, 0.054545, 15.381536, 0.057569, 16.234301
55818, 0.042056, 10.442312, 0.044397, 11.023557
55819, 0.037745, 15.139474, 0.039821, 15.972455
55820, 0.035018, 9.008549, 0.036951, 9.505901
55821, 0.029442, 9.832195, 0.031066, 10.374731
55822, 0.061483, 12.335320, 0.064903, 13.021444
55823, 0.016101, 11.630869, 0.016993, 12.274986
55824, 0.045771, 10.327860, 0.048301, 10.898790
55825, 0.039773, 14.358509, 0.041958, 15.147320
55826, 0.015815, 8.409588, 0.016685, 8.872075
55827, 0.037443, 11.227252, 0.039498, 11.843460
55828, 0.089848, 17.265387, 0.094817, 18.220213
55829, 0.037449, 14.803952, 0.039503, 15.615764
55830, 0.027238, 8.742020, 0.028729, 9.220774
55831, 0.031695, 7.784002, 0.033415, 8.206238
55832, 0.050225, 13.992379, 0.052946, 14.750321
55833, 0.033050, 10.965042, 0.034825, 11.553836
55834, 0.051800, 10.554115, 0.054558, 11.116181
55835, 0.024558, 10.428960, 0.025866, 10.984394
55836, 0.032491, 10.041605, 0.034214, 10.573874
55837, 0.036321, 9.221054, 0.038245, 9.709588
55838, 0.024239, 9.896567, 0.025477, 10.401934
55839, 0.026135, 9.035578, 0.027506, 9.509584
55840, 0.055791, 10.778613, 0.058735, 11.347290
55841, 0.033019, 8.893589, 0.034752, 9.360371
55842, 0.013916, 8.296631, 0.014640, 8.727986
55843, 0.020020, 7.758371, 0.021059, 8.161208
55844, 0.037074, 14.250388, 0.039017, 14.997251
55845, 0.023155, 8.544821, 0.024364, 8.990649
55846, 0.029032, 10.247290, 0.030535, 10.777624
55847, 0.031288, 14.436938, 0.032880, 15.171673
55848, 0.083226, 15.870495, 0.087435, 16.673099
55849, 0.051198, 10.538241, 0.053766, 11.066908
55850, 0.038728, 12.841617, 0.040653, 13.479705
55851, 0.053702, 10.875518, 0.056378, 11.417503
55852, 0.025245, 8.993642, 0.026487, 9.435906
55853, 0.031699, 11.636660, 0.033243, 12.203434
55854, 0.042169, 12.679555, 0.044204, 13.291680
55855, 0.032992, 10.826198, 0.034600, 11.353770
55856, 0.057485, 6.949977, 0.060274, 7.287135
55857, 0.026719, 9.130973, 0.028035, 9.581006
55858, 0.026588, 9.170423, 0.027899, 9.622401
55859, 0.045420, 8.633093, 0.047682, 9.062962
55860, 0.041030, 14.774538, 0.043070, 15.509306
55861, 0.026124, 9.789680, 0.027407, 10.270736
55862, 0.036817, 9.753943, 0.038646, 10.238394
55863, 0.037694, 11.584279, 0.039563, 12.158765
55864, 0.029991, 7.577655, 0.031483, 7.954480
55865, 0.017917, 9.014625, 0.018805, 9.461482
55866, 0.031212, 11.318048, 0.032749, 11.875427
55867, 0.022800, 6.836329, 0.023942, 7.178937
55868, 0.034699, 7.190121, 0.036435, 7.549941
55869, 0.014901, 6.183881, 0.015632, 6.486981
55870, 0.126631, 12.159805, 0.132889, 12.760778
55871, 0.037634, 9.980486, 0.039500, 10.475293
55872, 0.027310, 11.034827, 0.028671, 11.584562
55873, 0.050461, 4.640512, 0.052968, 4.871061
55874, 0.034399, 9.585814, 0.036118, 10.064706
55875, 0.034427, 12.036726, 0.036126, 12.630621
55876, 0.054791, 10.429281, 0.057503, 10.945511
55877, 0.054387, 9.979375, 0.057043, 10.466647
55878, 0.028521, 11.645715, 0.029911, 12.213682
55879, 0.018217, 7.925147, 0.019096, 8.307718
55880, 0.071096, 14.648240, 0.074493, 15.348286
55881, 0.021549, 10.437516, 0.022583, 10.938300
55882, 0.040137, 10.305271, 0.042112, 10.812376
55883, 0.109274, 14.971145, 0.114567, 15.696263
55884, 0.037282, 7.700083, 0.039130, 8.081776
55885, 0.040613, 11.274899, 0.042665, 11.844649
55886, 0.226673, 8.725949, 0.238126, 9.166865
55887, 0.032969, 9.612750, 0.034674, 10.109919
55888, 0.044806, 9.118887, 0.047145, 9.594826
55889, 0.024661, 9.086697, 0.025948, 9.561086
55890, 0.037332, 10.696951, 0.039299, 11.260335
55891, 0.031120, 10.365055, 0.032742, 10.905279
55892, 0.041792, 12.375014, 0.044003, 13.029817
55893, 0.040566, 11.078512, 0.042696, 11.660242
55894, 0.019401, 7.418166, 0.020409, 7.803889
