NETCARE2015/data/raw/Flight7/SP2_Polar6_20150413_R2_L1.ict
38, 1001
Herber, Andreas; Schulz, Hannes
Alfred Wegener Institute (AWI), Bremerhaven, Germany
rBC mass concentration from SP2 (single particle soot photometer), combined high and low gain channel, size range 75 to 700 nm
NETCARE Polar 6 Campaign 2015
1, 1
2015,04,13, 2017, 09, 07
1
Time_UTC, seconds
4
1, 1, 1, 1, 1
-9999, -9999, -9999, -9999, -9999
BC_mass_concVOL, ug/m3
BC_numb_concVOL, 1/vccm
BC_mass_concSTP, ug/m3STP
BC_numb_concSTP, 1/sccm
0
20
PI_CONTACT_INFO: Address: AWI, Am Handelshafen 12, D-27570 Bremerhaven, email: andreas.herber@awi.de; hannes.schulz@awi.de
PLATFORM: Polar 6
LOCATION: GPS location and altitude available at 1 Hz resolution in separate file
ASSOCIATED_DATA: N/A
INSTRUMENT_INFO: Refractory black carbon aerosol measurements based on laser induced incandescence
DATA_INFO: Units are ug/m3 (volumetric) or ug/m3 STP (NIST standard NTP 20C, 1013.25 hPa; corrected with chamber temperature and pressure)
UNCERTAINTY: +/- 10%, typical intra-model variability of SP2 derived BC mass concentration [Laborde et al., 2012]
ULOD_FLAG: -7777
ULOD_VALUE: N/A
LLOD_FLAG: not masked
LLOD_VALUE: zero ug/m3 (e.g. no particle or particles <0.3 fg per single particle detection)
DM_CONTACT_INFO: Hannes Schulz, see above
PROJECT_INFO: NETCARE Polar 6 aircraft campaign in April 2015
STIPULATIONS_ON_USE: Preliminary data! Use of these data requires prior approval from PI
OTHER_COMMENTS: N/A
REVISION: R2
R2: Preliminary data; calibration: Fullerene Soot, DLR lab 2015/01/20; bad data and zero filter masked as -9999
R1: Preliminary data, updated header information, corrected mass concentration
R0: Preliminary data, initial release
Time_UTC, BC_mass_concVOL, BC_numb_concVOL, BC_mass_concSTP, BC_numb_concSTP
[from data line 15220]
70087, 0.054187, 19.183903, 0.065824, 23.303575
70088, 0.050558, 15.987934, 0.061418, 19.422199
70089, 0.024985, 11.551243, 0.030356, 14.034582
70090, 0.049997, 14.386178, 0.060784, 17.490090
70091, 0.039241, 10.608527, 0.047721, 12.901030
70092, 0.012261, 6.480844, 0.041224, 21.789675
70093, 0.019758, 8.480528, 0.024035, 10.316270
70094, 0.034714, 10.536210, 0.042249, 12.823091
70095, 0.030868, 8.034254, 0.037606, 9.788026
70096, 0.016165, 6.993944, 0.019682, 8.515485
70097, 0.010718, 4.925216, 0.013064, 6.003568
70098, 0.018997, 4.863553, 0.023155, 5.927865
70099, 0.019464, 11.014045, 0.023721, 13.422879
70100, 0.035418, 10.401303, 0.043176, 12.679547
70101, 0.017893, 9.152594, 0.021817, 11.159394
70102, 0.060127, 13.559358, 0.073222, 16.512455
70103, 0.022357, 12.662421, 0.027275, 15.447854
70104, 0.027254, 9.292339, 0.033266, 11.342249
70105, 0.020542, 6.152158, 0.025080, 7.511215
70106, 0.082808, 9.238934, 0.101103, 11.280147
70107, 0.028441, 8.245769, 0.034735, 10.070490
70108, 0.022494, 8.695096, 0.027475, 10.620441
70109, 0.013000, 6.740496, 0.015885, 8.236677
70110, 0.040477, 6.913014, 0.049454, 8.446269
70111, 0.021048, 4.615631, 0.025737, 5.644012
70112, 0.009822, 4.557671, 0.012009, 5.572174
70113, 0.005335, 3.371399, 0.006526, 4.124443
70114, 0.000910, 0.956282, 0.001113, 1.170021
70115, 0.009115, 2.524084, 0.030645, 8.486390
70116, 0.009799, 1.999398, 0.011989, 2.446141
70117, 0.013578, 5.646732, 0.016623, 6.913053
70118, 0.007461, 3.926413, 0.009134, 4.806357
70119, 0.007930, 2.469598, 0.026661, 8.303197
70120, 0.002588, 1.930991, 0.003170, 2.364923
70121, 0.010733, 3.773487, 0.013146, 4.621992
70122, 0.001957, 1.017711, 0.002396, 1.246233
70123, 0.009639, 2.540052, 0.011806, 3.110851
70124, 0.001709, 1.512875, 0.002094, 1.853461
70125, 0.011445, 5.090326, 0.014023, 6.237207
70126, 0.005385, 3.036994, 0.006597, 3.720338
70127, 0.014412, 5.438317, 0.048454, 18.284525
70128, 0.005710, 2.482542, 0.006994, 3.040808
70129, 0.008040, 4.529762, 0.027032, 15.229811
70130, 0.006411, 3.946957, 0.007860, 4.838803
70131, 0.013676, 4.480716, 0.016769, 5.494364
70132, 0.007672, 3.103324, 0.009415, 3.808399
70133, 0.004223, 2.600249, 0.005181, 3.189872
70134, 0.012249, 5.421005, 0.015029, 6.651671
70135, 0.012329, 4.595998, 0.041453, 15.452509
70136, 0.011221, 4.475876, 0.013782, 5.497421
70137, 0.020446, 5.947877, 0.068743, 19.997751
70138, 0.014715, 5.004716, 0.018085, 6.150931
70139, 0.008853, 4.883172, 0.010882, 6.002566
70140, 0.004568, 3.965639, 0.005618, 4.877672
70141, 0.005924, 3.038321, 0.007283, 3.735732
70142, 0.015833, 6.169074, 0.019488, 7.593083
70143, 0.036358, 7.669820, 0.044776, 9.445645
70144, 0.008924, 5.165422, 0.010983, 6.357080
70145, 0.015619, 6.550165, 0.019226, 8.062776
70146, 0.034009, 8.293233, 0.041901, 10.217496
70147, 0.013844, 6.736236, 0.017045, 8.294144
70148, 0.030047, 9.668910, 0.037024, 11.914042
70149, 0.019378, 7.343939, 0.023869, 9.045582
70150, 0.022542, 12.701982, 0.027784, 15.655674
70151, 0.042226, 7.627553, 0.052067, 9.405090
70152, 0.050765, 12.407490, 0.062612, 15.302852
70153, 0.023646, 5.951047, 0.029166, 7.340124
70154, 0.011287, 3.940858, 0.037950, 13.249820
70155, 0.034082, 15.480492, 0.042066, 19.107037
70156, 0.038012, 10.606808, 0.046925, 13.093767
70157, 0.051233, 12.007169, 0.063283, 14.831180
70158, 0.019889, 7.762874, 0.024550, 9.581841
70159, 0.030857, 10.727355, 0.038107, 13.247473
70160, 0.038131, 10.269350, 0.047107, 12.686705
70161, 0.048421, 13.453954, 0.059783, 16.610938
70162, 0.015111, 10.297605, 0.018664, 12.718887
70163, 0.059028, 15.935863, 0.072934, 19.690299
70164, 0.044103, 11.461289, 0.054492, 14.161053
70165, 0.030354, 10.567304, 0.037516, 13.060761
70166, 0.030640, 13.086987, 0.037872, 16.175932
70167, 0.048996, 14.198374, 0.164733, 47.737289
70168, 0.035944, 12.172757, 0.044405, 15.038165
70169, 0.042220, 13.537052, 0.052224, 16.744535
70170, 0.011141, 7.405909, 0.013770, 9.154046
70171, 0.047644, 14.752507, 0.058918, 18.243456
70172, 0.032608, 10.991209, 0.040316, 13.589636
70173, 0.055174, 10.802049, 0.068255, 13.363013
70174, 0.041905, 13.492563, 0.051870, 16.700892
70175, 0.023068, 10.949843, 0.028549, 13.551779
70176, 0.049420, 12.860626, 0.061172, 15.918951
70177, 0.013437, 7.133360, 0.016628, 8.827104
70178, 0.031034, 11.265666, 0.038422, 13.947605
70179, 0.026250, 11.652917, 0.032493, 14.424278
70180, 0.045276, 14.466972, 0.152224, 48.640360
70181, 0.037165, 15.477920, 0.046025, 19.167973
70182, 0.061331, 14.010375, 0.206205, 47.105205
70183, 0.043007, 9.493612, 0.053293, 11.764161
70184, 0.044175, 16.357506, 0.054713, 20.259612
70185, 0.024935, 12.497516, 0.030901, 15.487747
70186, 0.037700, 12.009632, 0.046686, 14.872073
70187, 0.047695, 11.051543, 0.059079, 13.689461
70188, 0.017681, 11.071538, 0.021909, 13.719108
70189, 0.054569, 13.166640, 0.067613, 16.314016
70190, 0.020001, 9.736344, 0.024793, 12.069474
70191, 0.031569, 8.945146, 0.039146, 11.092289
70192, 0.046011, 15.367806, 0.057013, 19.042563
70193, 0.035905, 15.208399, 0.120718, 51.133161
70194, 0.020889, 12.321848, 0.025902, 15.278749
70195, 0.049615, 15.465799, 0.061524, 19.178065
70196, 0.074731, 17.852316, 0.092647, 22.132141
70197, 0.057765, 17.385050, 0.071666, 21.568541
70198, 0.022703, 8.833783, 0.028151, 10.953716
70199, 0.058828, 9.952460, 0.072951, 12.341685
70200, 0.061170, 16.316477, 0.075815, 20.222808
70201, 0.025750, 11.246771, 0.031933, 13.947651
70202, 0.032008, 13.184347, 0.039706, 16.355399
70203, 0.031732, 7.351089, 0.106690, 24.715581
70204, 0.023921, 9.832988, 0.029668, 12.194965
70205, 0.046507, 11.516460, 0.057696, 14.287268
70206, 0.026011, 10.824647, 0.032258, 13.424242
70207, 0.012121, 4.960835, 0.015033, 6.152765
70208, 0.029318, 13.162229, 0.036352, 16.320084
70209, 0.027292, 9.921125, 0.033831, 12.298245
70210, 0.034980, 7.869548, 0.117609, 26.458725
70211, 0.038240, 10.702332, 0.047382, 13.260988
70212, 0.035595, 8.540643, 0.119676, 28.715058
70213, 0.031249, 13.140065, 0.038747, 16.293037
70214, 0.017456, 7.994711, 0.021636, 9.909024
70215, 0.013551, 6.599472, 0.016800, 8.181872
70216, 0.016255, 7.778975, 0.020145, 9.640919
70217, 0.025611, 11.774551, 0.031724, 14.584953
70218, 0.034390, 12.364728, 0.042618, 15.323090
70219, 0.039241, 14.326694, 0.048660, 17.765539
70220, 0.023759, 12.249821, 0.029433, 15.175183
70221, 0.012194, 7.132155, 0.015107, 8.836443
70222, 0.026896, 11.319456, 0.033347, 14.034535
70223, 0.030376, 8.608647, 0.037648, 10.669538
70224, 0.034283, 12.072324, 0.042509, 14.969098
70225, 0.029673, 12.118489, 0.036777, 15.019522
70226, 0.034626, 11.108507, 0.042937, 13.774793
70227, 0.035021, 8.595590, 0.043418, 10.656361
70228, 0.011140, 6.344302, 0.013805, 7.861699
70229, 0.031263, 9.352263, 0.038748, 11.591563
70230, 0.041111, 12.386014, 0.050952, 15.351117
70231, 0.031585, 11.683259, 0.039149, 14.481272
70232, 0.017452, 4.624390, 0.021624, 5.730099
70233, 0.015945, 12.030602, 0.019770, 14.916767
70234, 0.023269, 9.830433, 0.028844, 12.185456
70235, 0.017496, 7.596724, 0.021702, 9.422975
70236, 0.030941, 9.426508, 0.038260, 11.656301
70237, 0.042957, 10.477632, 0.053238, 12.985317
70238, 0.043970, 13.652444, 0.147833, 45.901782
70239, 0.021975, 7.190353, 0.027222, 8.906934
70240, 0.019367, 9.565967, 0.023998, 11.852946
70241, 0.022429, 10.816451, 0.027781, 13.397403
70242, 0.021614, 9.138331, 0.026750, 11.309994
70243, 0.079042, 12.396062, 0.097854, 15.346435
70244, 0.026058, 10.444974, 0.032267, 12.933959
70245, 0.008729, 3.575028, 0.010802, 4.423802
70246, 0.021548, 11.410769, 0.026689, 14.133418
70247, 0.010889, 3.889371, 0.013482, 4.815351
70248, 0.033910, 10.138692, 0.042002, 12.557921
70249, 0.024852, 11.632060, 0.030769, 14.401563
70250, 0.041810, 9.874826, 0.051716, 12.214654
70251, 0.021946, 8.405306, 0.027159, 10.401818
70252, 0.021425, 8.087757, 0.026499, 10.003097
70253, 0.024261, 10.388252, 0.081569, 34.927027
70254, 0.030666, 9.076976, 0.037937, 11.228989
70255, 0.027333, 10.017690, 0.033826, 12.397378
70256, 0.058567, 9.375038, 0.072447, 11.596832
70257, 0.042036, 9.198977, 0.051978, 11.374622
70258, 0.025826, 6.586201, 0.031949, 8.147666
70259, 0.046391, 10.078952, 0.155975, 33.887109
70260, 0.022182, 8.435000, 0.027423, 10.428362
70261, 0.044610, 14.014668, 0.055141, 17.323138
70262, 0.017654, 5.481995, 0.059357, 18.431377
70263, 0.017069, 7.019360, 0.021094, 8.674716
70264, 0.021610, 10.010780, 0.072658, 33.657903
70265, 0.022384, 12.283429, 0.027667, 15.182709
70266, 0.043358, 11.470840, 0.053625, 14.187320
70267, 0.014518, 5.993648, 0.017941, 7.406874
70268, 0.022378, 8.798976, 0.075240, 29.583617
70269, 0.025289, 8.155623, 0.031294, 10.091949
70270, 0.011417, 7.583227, 0.014120, 9.379058
70271, 0.026524, 11.865956, 0.032789, 14.668804
70272, 0.022526, 6.430587, 0.027856, 7.952245
70273, 0.031312, 10.613446, 0.038712, 13.121809
70274, 0.028208, 10.878375, 0.034848, 13.438837
70275, 0.035852, 9.206593, 0.044314, 11.379743
70276, 0.077890, 7.622312, 0.096284, 9.422360
70277, 0.016533, 9.628346, 0.020425, 11.894971
70278, 0.020864, 9.065706, 0.025792, 11.207261
70279, 0.023546, 11.782784, 0.029095, 14.559601
70280, 0.041190, 11.454490, 0.050814, 14.130800
70281, 0.174607, 13.141935, 0.215769, 16.240033
70282, 0.037265, 10.039098, 0.046055, 12.406857
70283, 0.036721, 8.776722, 0.045347, 10.838617
70284, 0.024419, 10.148749, 0.030190, 12.547117
70285, 0.033470, 4.934482, 0.041367, 6.098623
70286, 0.021910, 4.539823, 0.027086, 5.612246
70287, 0.015828, 6.004359, 0.019547, 7.415254
70288, 0.050713, 10.422162, 0.062643, 12.873980
70289, 0.015059, 9.193796, 0.018603, 11.357137
70290, 0.016414, 5.763985, 0.020270, 7.118158
70291, 0.009219, 3.851787, 0.011392, 4.759765
70292, 0.025150, 8.025640, 0.031068, 9.913947
70293, 0.017794, 9.405696, 0.021980, 11.618866
70294, 0.024657, 9.239146, 0.082901, 31.063543
70295, 0.033197, 7.510820, 0.040998, 9.275850
70296, 0.030197, 11.832147, 0.037311, 14.619886
70297, 0.029516, 8.448519, 0.036476, 10.440613
70298, 0.021939, 8.011950, 0.027099, 9.896544
70299, 0.027338, 8.693071, 0.033786, 10.743365
70300, 0.030168, 9.150109, 0.101431, 30.764186
70301, 0.017743, 8.250236, 0.021923, 10.193570
70302, 0.025940, 9.854778, 0.032063, 12.180928
70303, 0.016659, 4.214213, 0.056009, 14.168883
70304, 0.021501, 9.771258, 0.026571, 12.075528
70305, 0.027717, 7.976666, 0.034265, 9.860999
70306, 0.016104, 8.115343, 0.019898, 10.027039
70307, 0.035157, 8.541768, 0.043451, 10.556873
70308, 0.010341, 7.391030, 0.034768, 24.849870
70309, 0.031702, 6.542059, 0.039178, 8.084756
70310, 0.187389, 9.175821, 0.231634, 11.342370
70311, 0.028182, 9.539737, 0.094754, 32.074178
70312, 0.028337, 7.916087, 0.034959, 9.766073
70313, 0.028961, 9.134552, 0.035769, 11.281886
70314, 0.014370, 8.290463, 0.017760, 10.246731
70315, 0.033461, 8.662420, 0.041348, 10.704151
70316, 0.028612, 8.514447, 0.035333, 10.514451
70317, 0.024015, 8.113892, 0.029658, 10.020643
70318, 0.030271, 10.642543, 0.037392, 13.145877
70319, 0.034010, 12.831470, 0.041981, 15.838880
70320, 0.022776, 10.494009, 0.028120, 12.956588
70321, 0.038357, 13.292581, 0.047323, 16.399460
70322, 0.045732, 8.835634, 0.056435, 10.903377
70323, 0.032294, 10.291887, 0.039828, 12.693058
70324, 0.036006, 11.939754, 0.044382, 14.717388
70325, 0.018150, 7.725160, 0.022368, 9.520512
70326, 0.016601, 7.599698, 0.020446, 9.359852
70327, 0.035807, 10.479873, 0.044082, 12.901797
70328, 0.073401, 10.246484, 0.090327, 12.609177
70329, 0.051582, 12.512013, 0.063430, 15.385707
70330, 0.013842, 6.704907, 0.017012, 8.240770
70331, 0.055428, 11.506645, 0.068137, 14.144910
70332, 0.036576, 11.633132, 0.044965, 14.301217
70333, 0.015773, 8.552917, 0.019389, 10.513262
70334, 0.032198, 8.494959, 0.108256, 28.561461
70335, 0.022806, 9.415400, 0.028016, 11.566568
70336, 0.037269, 10.300970, 0.125305, 34.633570
70337, 0.022382, 7.105274, 0.027484, 8.724664
70338, 0.026821, 6.497587, 0.032912, 7.973242
70339, 0.024582, 9.919543, 0.030161, 12.170673
70340, 0.016536, 8.262020, 0.020265, 10.125020
70341, 0.022471, 9.458324, 0.027555, 11.598215
70342, 0.012911, 5.136280, 0.015822, 6.294214
70343, 0.013570, 8.022139, 0.016630, 9.831530
70344, 0.032862, 7.789071, 0.040274, 9.545825
70345, 0.030119, 9.409397, 0.036900, 11.527835
70346, 0.033031, 8.079875, 0.040497, 9.906192
70347, 0.039513, 11.069749, 0.048401, 13.559775
70348, 0.012523, 6.457541, 0.015340, 7.910299
70349, 0.019266, 8.252337, 0.023583, 10.101481
70350, 0.013496, 6.704892, 0.016522, 8.208622
70351, 0.032690, 11.213182, 0.109909, 37.700578
70352, 0.034361, 8.082531, 0.042029, 9.886085
70353, 0.037052, 10.772678, 0.045325, 13.177981
70354, 0.027996, 10.226537, 0.034234, 12.505095
70355, 0.039302, 9.759578, 0.048047, 11.931264
70356, 0.010706, 4.936271, 0.035997, 16.596561
70357, 0.083277, 13.280800, 0.101746, 16.226218
70358, 0.033684, 13.423765, 0.041163, 16.404036
70359, 0.026087, 8.920890, 0.031869, 10.897995
70360, 0.048700, 12.615831, 0.059455, 15.401708
70361, 0.033372, 12.856045, 0.040733, 15.691858
70362, 0.033092, 12.873191, 0.040382, 15.709112
70363, 0.031376, 12.623439, 0.038256, 15.391723
70364, 0.037105, 14.116432, 0.045244, 17.212855
70365, 0.042362, 15.079515, 0.051626, 18.377220
70366, 0.035217, 16.459900, 0.042917, 20.058709
70367, 0.053382, 13.466556, 0.065053, 16.410656
70368, 0.034213, 10.955642, 0.041692, 13.350663
70369, 0.029058, 13.735132, 0.035385, 16.726000
70370, 0.042905, 13.949129, 0.052243, 16.984804
70371, 0.077256, 13.803835, 0.259748, 46.410784
70372, 0.044309, 14.717026, 0.053917, 17.908078
70373, 0.021494, 10.733897, 0.026134, 13.050934
70374, 0.023457, 14.457044, 0.078865, 48.606981
70375, 0.019171, 11.127215, 0.023305, 13.526184
70376, 0.051095, 12.601570, 0.062090, 15.313342
70377, 0.021927, 12.689664, 0.026627, 15.409860
70378, 0.039569, 15.633400, 0.048051, 18.984543
70379, 0.015988, 8.180176, 0.019416, 9.934463
70380, 0.023305, 6.717344, 0.078355, 22.584826
70381, 0.014666, 5.539054, 0.017792, 6.719717
70382, 0.004290, 2.537347, 0.005203, 3.076929
70383, 0.017874, 6.140068, 0.021673, 7.444935
70384, 0.011496, 5.539878, 0.013939, 6.716686
70385, 0.004679, 3.055419, 0.005671, 3.703192
70386, 0.010651, 3.588933, 0.012900, 4.346872
70387, 0.023502, 5.527886, 0.028464, 6.695018
70388, 0.018632, 5.728600, 0.062644, 19.260505
70389, 0.012762, 4.055668, 0.015445, 4.908165
70390, 0.028328, 4.164726, 0.034291, 5.041340
70391, 0.014273, 3.741214, 0.017274, 4.527795
70392, 0.007285, 5.337741, 0.008819, 6.461623
70393, 0.006985, 3.334413, 0.008455, 4.035816
70394, 0.006220, 3.862233, 0.007525, 4.672462
70395, 0.004233, 2.550214, 0.005118, 3.083579
70396, 0.004585, 2.971051, 0.005544, 3.592312
70397, 0.007592, 2.859961, 0.009178, 3.457233
70398, 0.012759, 2.973782, 0.015425, 3.595152
70399, 0.008709, 2.933450, 0.010526, 3.545447
70400, 0.004682, 3.067390, 0.005657, 3.706382
70401, 0.009151, 5.673718, 0.011057, 6.855399
70402, 0.018885, 1.955295, 0.063494, 6.574027
70403, 0.011990, 3.918674, 0.014480, 4.732368
70404, 0.005755, 1.484179, 0.006945, 1.791239
70405, 0.014300, 4.054844, 0.017251, 4.891652
70406, 0.013340, 3.983604, 0.016099, 4.807653
70407, 0.010159, 2.020070, 0.012255, 2.436926
70408, 0.004191, 2.030174, 0.014090, 6.825780
70409, 0.007245, 2.507861, 0.008725, 3.020160
70410, 0.010343, 2.494356, 0.012462, 3.005420
70411, 0.002300, 1.516356, 0.002768, 1.825560
70412, 0.016064, 1.523673, 0.019329, 1.833396
70413, 0.007529, 1.472145, 0.009052, 1.769938
70414, 0.004487, 2.443064, 0.005393, 2.936450
70415, 0.022683, 3.825947, 0.027257, 4.597489
70416, 0.010654, 2.016932, 0.012800, 2.423138
70417, 0.052261, 6.962750, 0.062745, 8.359516
70418, 0.002838, 1.945805, 0.003405, 2.334206
70419, 0.005937, 1.498012, 0.007121, 1.796782
70420, 0.006635, 1.997706, 0.007961, 2.396684
70421, 0.015438, 1.962136, 0.018507, 2.352143
70422, 0.007970, 0.998630, 0.026795, 3.357558
70423, 0.009541, 3.440482, 0.011436, 4.123519
70424, 0.007000, 2.469970, 0.008383, 2.957986
70425, 0.006032, 2.953275, 0.007225, 3.537518
