NETCARE2015/data/raw/Flight7/SP2_Polar6_20150413_R2_L1.ict
38, 1001
Herber, Andreas; Schulz, Hannes
Alfred Wegener Institute (AWI), Bremerhaven, Germany
rBC mass concentration from SP2 (single particle soot photometer), combined high and low gain channel, size range 75 to 700 nm
NETCARE Polar 6 Campaign 2015
1, 1
2015,04,13, 2017, 09, 07
1
Time_UTC, seconds
4
1, 1, 1, 1, 1
-9999, -9999, -9999, -9999, -9999
BC_mass_concVOL, ug/m3
BC_numb_concVOL, 1/vccm
BC_mass_concSTP, ug/m3STP
BC_numb_concSTP, 1/sccm
0
20
PI_CONTACT_INFO: Address: AWI, Am Handelshafen 12, D-27570 Bremerhaven, email: andreas.herber@awi.de; hannes.schulz@awi.de
PLATFORM: Polar 6
LOCATION: GPS location and altitude available at 1 Hz resolution in separate file
ASSOCIATED_DATA: N/A
INSTRUMENT_INFO: Refractory black carbon aerosol measurements based on laser induced incandescence
DATA_INFO: Units are ug/m3 (volumetric) or ug/m3 STP (NIST standard NTP 20C, 1013.25 hPa; corrected with chamber temperature and pressure)
UNCERTAINTY: +/- 10%, typical intra-model variability of SP2 derived BC mass concentration [Laborde et al., 2012]
ULOD_FLAG: -7777
ULOD_VALUE: N/A
LLOD_FLAG: not masked
LLOD_VALUE: zero ug/m3 (e.g. no particle or particles <0.3 fg per single particle detection)
DM_CONTACT_INFO: Hannes Schulz, see above
PROJECT_INFO: NETCARE Polar 6 aircraft campaign in April 2015
STIPULATIONS_ON_USE: Preliminary data! Use of these data requires prior approval from PI
OTHER_COMMENTS: N/A
REVISION: R2
R2: Preliminary data; calibration: Fullerene Soot, DLR lab 2015/01/20; bad data and zero filter masked as -9999
R1: Preliminary data, updated header information, corrected mass concentration
R0: Preliminary data, initial release
Time_UTC, BC_mass_concVOL, BC_numb_concVOL, BC_mass_concSTP, BC_numb_concSTP
[from data line 2370]
57237, 0.042867, 13.619140, 0.048061, 15.269375
57238, 0.031790, 11.517517, 0.035653, 12.916851
57239, 0.056013, 16.956530, 0.062775, 19.003412
57240, 0.047379, 19.002476, 0.053090, 21.293078
57241, 0.037874, 10.876348, 0.042429, 12.184156
57242, 0.113424, 9.799665, 0.126970, 10.970006
57243, 0.031024, 14.033928, 0.034729, 15.709550
57244, 0.026515, 11.227196, 0.029669, 12.562728
57245, 0.132851, 13.287901, 0.148641, 14.867218
57246, 0.042143, 16.433355, 0.047136, 18.380373
57247, 0.062867, 17.016544, 0.070297, 19.027526
57248, 0.030161, 12.616774, 0.033673, 14.085721
57249, 0.039787, 11.058411, 0.044455, 12.355854
57250, 0.060499, 16.807642, 0.067567, 18.771215
57251, 0.052037, 12.427675, 0.058094, 13.874397
57252, 0.051502, 11.511790, 0.057485, 12.849059
57253, 0.056222, 15.046559, 0.062714, 16.784184
57254, 0.063964, 17.904154, 0.071208, 19.931882
57255, 0.065913, 17.579130, 0.073490, 19.600158
57256, 0.042634, 13.633552, 0.047498, 15.188772
57257, 0.050075, 21.894506, 0.055737, 24.370181
57258, 0.060797, 14.952539, 0.067694, 16.648794
57259, 0.065271, 15.958717, 0.072632, 17.758551
57260, 0.044885, 13.849886, 0.049924, 15.404790
57261, 0.043656, 15.896524, 0.048541, 17.675417
57262, 0.057600, 5.799578, 0.064060, 6.450061
57263, 0.083267, 16.206942, 0.092526, 18.009271
57264, 0.026633, 8.549267, 0.029575, 9.493640
57265, 0.076814, 14.935091, 0.085322, 16.589374
57266, 0.039035, 15.037135, 0.043321, 16.688197
57267, 0.041718, 14.776309, 0.046313, 16.403913
57268, 0.024772, 15.498514, 0.027482, 17.194220
57269, 0.026887, 12.148545, 0.029815, 13.471535
57270, 0.049302, 15.729241, 0.054627, 17.428170
57271, 0.028729, 11.465105, 0.031846, 12.709003
57272, 0.036984, 9.654345, 0.040954, 10.690741
57273, 0.048192, 15.701100, 0.053391, 17.394827
57274, 0.046367, 12.852071, 0.051232, 14.200775
57275, 0.037035, 11.422777, 0.040977, 12.638703
57276, 0.027022, 13.015019, 0.029892, 14.397143
57277, 0.077317, 15.845374, 0.085551, 17.532984
57278, 0.036965, 12.097286, 0.040903, 13.385909
57279, 0.049364, 12.662430, 0.054628, 14.012592
57280, 0.036143, 11.463823, 0.039947, 12.670640
57281, 0.031406, 14.484666, 0.034717, 16.011714
57282, 0.012127, 7.565223, 0.013400, 8.359555
57283, 0.043824, 14.473485, 0.048416, 15.989975
57284, 0.026636, 8.825398, 0.029417, 9.746757
57285, 0.021180, 10.004745, 0.023390, 11.048485
57286, 0.039658, 9.324774, 0.043783, 10.294746
57287, 0.038580, 10.593297, 0.042603, 11.698180
57288, 0.017761, 12.017806, 0.019595, 13.259148
57289, 0.083757, 14.894344, 0.092322, 16.417486
57290, 0.040132, 13.884681, 0.044263, 15.313967
57291, 0.049527, 10.403342, 0.054604, 11.469903
57292, 0.081654, 12.840445, 0.089999, 14.152688
57293, 0.026366, 8.118739, 0.029035, 8.940878
57294, 0.029608, 12.548830, 0.032601, 13.817291
57295, 0.057803, 8.560342, 0.063599, 9.418633
57296, 0.026337, 12.870981, 0.028974, 14.159591
57297, 0.014711, 6.049427, 0.016184, 6.655370
57298, 0.020022, 8.762709, 0.022008, 9.632195
57299, 0.028399, 11.882919, 0.031213, 13.060276
57300, 0.048713, 7.386004, 0.053510, 8.113353
57301, 0.037753, 10.867560, 0.041436, 11.927647
57302, 0.033374, 13.454075, 0.036606, 14.756695
57303, 0.037782, 10.864444, 0.041477, 11.926956
57304, 0.047760, 13.468633, 0.052403, 14.777764
57305, 0.033456, 10.509382, 0.036694, 11.526321
57306, 0.015424, 7.149449, 0.016916, 7.841107
57307, 0.016390, 5.267245, 0.017960, 5.771766
57308, 0.054713, 13.057286, 0.059981, 14.314476
57309, 0.018941, 10.199695, 0.020748, 11.173078
57310, 0.035019, 11.840437, 0.038326, 12.958610
57311, 0.024474, 9.174619, 0.026784, 10.040630
57312, 0.030071, 10.346624, 0.032900, 11.320056
57313, 0.040410, 13.180587, 0.044227, 14.425495
57314, 0.030335, 13.422488, 0.033175, 14.679078
57315, 0.038622, 12.307775, 0.042206, 13.450001
57316, 0.032780, 8.633142, 0.035830, 9.436380
57317, 0.034435, 8.179539, 0.037631, 8.938699
57318, 0.016601, 6.567610, 0.018147, 7.179122
57319, 0.021770, 10.213931, 0.023770, 11.152271
57320, 0.088182, 13.487244, 0.096280, 14.725701
57321, 0.033646, 7.920275, 0.036727, 8.645575
57322, 0.026049, 12.428949, 0.028431, 13.565216
57323, 0.033372, 12.355728, 0.036418, 13.483128
57324, 0.063338, 15.331980, 0.069125, 16.732916
57325, 0.026284, 9.117466, 0.028670, 9.945116
57326, 0.035587, 14.531343, 0.038834, 15.857358
57327, 0.048850, 10.464345, 0.053270, 11.411272
57328, 0.042096, 11.349841, 0.045925, 12.382219
57329, 0.060474, 12.816292, 0.065997, 13.986743
57330, 0.023660, 10.882869, 0.025786, 11.860741
57331, 0.022694, 10.320560, 0.024742, 11.252205
57332, 0.032910, 9.322690, 0.035885, 10.165619
57333, 0.079227, 9.170870, 0.086388, 9.999837
57334, 0.029514, 10.074585, 0.032160, 10.977847
57335, 0.021534, 6.888151, 0.023458, 7.503358
57336, -9999.000000, -9999.000000, -9999.000000, -9999.000000
57337, 0.023319, 12.699271, 0.025389, 13.827099
57338, 0.025109, 8.710125, 0.027326, 9.479065
57339, 0.025518, 9.263033, 0.027770, 10.080616
57340, 0.039899, 11.568394, 0.043402, 12.583897
57341, 0.033174, 8.813741, 0.036071, 9.583589
57342, 0.026370, 9.783394, 0.028662, 10.633484
57343, 0.031211, 7.091755, 0.033924, 7.708224
57344, 0.034674, 15.377179, 0.037662, 16.702374
57345, 0.029460, 12.470150, 0.031969, 13.532166
57346, 0.027931, 11.464202, 0.030316, 12.443156
57347, 0.030048, 6.742182, 0.032588, 7.312255
57348, 0.033811, 10.226598, 0.036668, 11.090658
57349, 0.033428, 10.375914, 0.036263, 11.255928
57350, 0.026816, 11.067675, 0.029066, 11.996345
57351, 0.035559, 11.844519, 0.038544, 12.838932
57352, 0.054982, 13.801046, 0.059576, 14.954248
57353, 0.042538, 11.045495, 0.046107, 11.972228
57354, 0.042045, 10.845803, 0.045565, 11.753872
57355, 0.033307, 12.103163, 0.036089, 13.113960
57356, 0.043195, 9.829308, 0.046797, 10.649034
57357, 0.031517, 12.778965, 0.034160, 13.850647
57358, 0.022855, 7.286377, 0.024757, 7.892621
57359, 0.040959, 13.481264, 0.044376, 14.605847
57360, 0.043781, 7.509872, 0.047410, 8.132350
57361, 0.065471, 13.805836, 0.070858, 14.941815
57362, 0.025402, 11.476446, 0.027500, 12.424200
57363, 0.036317, 12.407067, 0.039315, 13.431005
57364, 0.065637, 9.569236, 0.071032, 10.355923
57365, 0.042470, 10.447674, 0.045894, 11.289934
57366, 0.044565, 10.538074, 0.048187, 11.394630
57367, 0.055792, 13.303296, 0.060321, 14.383129
57368, 0.019410, 8.993182, 0.020974, 9.717833
57369, 0.045916, 10.731210, 0.049591, 11.590045
57370, 0.027157, 8.876666, 0.029338, 9.589648
57371, 0.018708, 6.428456, 0.020185, 6.936118
57372, 0.045030, 10.696978, 0.048623, 11.550588
57373, 0.099699, 12.113752, 0.107524, 13.064553
57374, 0.025913, 7.262863, 0.027963, 7.837206
57375, 0.051107, 8.339680, 0.055115, 8.993841
57376, 0.034895, 7.445317, 0.037637, 8.030280
57377, 0.045368, 13.289504, 0.048913, 14.327753
57378, 0.034553, 12.090123, 0.037234, 13.028177
57379, 0.028174, 8.540150, 0.030359, 9.202582
57380, 0.034611, 9.904154, 0.037284, 10.669147
57381, 0.015922, 8.174852, 0.017140, 8.800334
57382, 0.033716, 9.439266, 0.036308, 10.165106
57383, 0.060414, 13.346739, 0.065010, 14.362138
57384, 0.017405, 6.593309, 0.018711, 7.087833
57385, 0.025397, 8.765032, 0.027309, 9.424749
57386, 0.040631, 11.152666, 0.043671, 11.987125
57387, 0.052127, 8.780909, 0.056018, 9.436339
57388, 0.028912, 8.646820, 0.031066, 9.291141
57389, 0.019931, 8.826478, 0.021397, 9.475787
57390, 0.017366, 6.257385, 0.018660, 6.723573
57391, 0.022890, 8.947118, 0.024579, 9.607253
57392, 0.035752, 9.095393, 0.038387, 9.765716
57393, 0.016686, 10.168172, 0.017914, 10.917022
57394, 0.023197, 11.010366, 0.024907, 11.822151
57395, 0.035530, 11.333385, 0.038143, 12.167044
57396, 0.035487, 8.256703, 0.038085, 8.861212
57397, 0.078040, 11.248359, 0.083751, 12.071590
57398, 0.024295, 8.623173, 0.026073, 9.254329
57399, 0.065818, 12.201763, 0.070598, 13.087930
57400, 0.014262, 6.975806, 0.015295, 7.481139
57401, 0.057547, 9.609343, 0.061670, 10.297901
57402, 0.023946, 9.828429, 0.025662, 10.532961
57403, 0.048773, 8.994185, 0.052244, 9.634416
57404, 0.043711, 10.449803, 0.046807, 11.189959
57405, 0.044349, 8.145385, 0.047481, 8.720568
57406, 0.062391, 12.732811, 0.066776, 13.627691
57407, 0.041540, 7.087956, 0.044438, 7.582325
57408, 0.025943, 7.843232, 0.027742, 8.387017
57409, 0.056659, 14.088642, 0.060611, 15.071264
57410, 0.065436, 16.470285, 0.069966, 17.610326
57411, 0.021827, 9.096525, 0.023331, 9.723627
57412, 0.068453, 6.433502, 0.073150, 6.875015
57413, 0.024941, 7.962923, 0.026643, 8.506398
57414, 0.030950, 7.648095, 0.033075, 8.173120
57415, 0.031658, 8.895731, 0.033808, 9.499642
57416, 0.039503, 9.542665, 0.042173, 10.187742
57417, 0.019451, 4.812924, 0.020754, 5.135496
57418, 0.025602, 10.054903, 0.027298, 10.721015
57419, 0.018778, 10.459295, 0.020017, 11.149123
57420, 0.044109, 10.462181, 0.047023, 11.153319
57421, 0.027107, 7.888185, 0.028886, 8.406006
57422, 0.057133, 7.162354, 0.060869, 7.630669
57423, 0.032189, 8.992895, 0.034271, 9.574451
57424, 0.028582, 7.597401, 0.030423, 8.086603
57425, 0.036750, 10.588446, 0.039103, 11.266600
57426, 0.053474, 8.346863, 0.056869, 8.876706
57427, 0.014019, 6.642766, 0.014906, 7.063345
57428, 0.012592, 6.730617, 0.013394, 7.159133
57429, 0.046715, 10.107117, 0.049657, 10.743520
57430, 0.018908, 8.249689, 0.020103, 8.770912
57431, 0.016210, 8.769141, 0.017239, 9.325816
57432, 0.028294, 12.074212, 0.030079, 12.835894
57433, 0.008555, 5.529981, 0.009097, 5.880558
57434, 0.025778, 9.034536, 0.027406, 9.605107
57435, 0.048286, 11.104400, 0.051318, 11.801657
57436, 0.033704, 11.911298, 0.035846, 12.667992
57437, 0.060475, 8.070139, 0.064309, 8.581866
57438, 0.036903, 5.841008, 0.039212, 6.206489
57439, 0.013552, 6.267583, 0.014396, 6.657762
57440, 0.029736, 8.758062, 0.031566, 9.296899
57441, 0.034317, 10.427902, 0.036424, 11.068351
57442, 0.016608, 7.408533, 0.017630, 7.864796
57443, 0.028913, 7.074731, 0.030684, 7.507941
57444, 0.034521, 8.853250, 0.036639, 9.396445
57445, 0.055383, 9.446459, 0.058780, 10.025905
57446, 0.024876, 7.279530, 0.026388, 7.722009
57447, 0.013337, 3.633456, 0.014153, 3.855846
57448, 0.028526, 7.800564, 0.030254, 8.273117
57449, 0.021247, 10.134335, 0.022525, 10.744110
57450, 0.019741, 6.690245, 0.020926, 7.092136
57451, 0.087016, 11.231620, 0.092238, 11.905737
57452, 0.026493, 8.604982, 0.028088, 9.123024
57453, 0.032072, 8.381029, 0.033979, 8.879207
57454, 0.015647, 6.490872, 0.016575, 6.875869
57455, 0.032922, 10.463222, 0.034854, 11.077563
57456, 0.033492, 9.350110, 0.035414, 9.886771
57457, 0.044648, 13.105956, 0.047219, 13.860843
57458, 0.019092, 8.151529, 0.020188, 8.619397
57459, 0.035225, 8.376830, 0.037216, 8.850346
57460, 0.014344, 5.916612, 0.015157, 6.252042
57461, 0.010557, 7.662993, 0.011148, 8.092094
57462, 0.039835, 6.099393, 0.042047, 6.438235
57463, 0.020004, 10.427680, 0.021109, 11.003750
57464, 0.044869, 7.773428, 0.047286, 8.192152
57465, 0.043767, 7.951254, 0.046137, 8.381787
57466, 0.065605, 10.992233, 0.069099, 11.577542
57467, 0.024336, 4.711634, 0.025620, 4.960203
57468, 0.010217, 5.612434, 0.010754, 5.907477
57469, 0.015126, 7.145625, 0.015930, 7.525250
57470, 0.010636, 3.903443, 0.011190, 4.106965
57471, 0.021470, 6.400367, 0.022576, 6.730040
57472, 0.028466, 7.175052, 0.029924, 7.542652
57473, 0.007912, 3.868829, 0.008316, 4.066537
57474, 0.029432, 9.763047, 0.030936, 10.262106
57475, 0.062117, 9.556621, 0.065310, 10.047818
57476, 0.029807, 7.877907, 0.031302, 8.273016
57477, 0.052043, 10.171620, 0.054644, 10.679944
57478, 0.033064, 10.561191, 0.034720, 11.090248
57479, 0.015382, 5.697757, 0.016152, 5.983042
57480, 0.020473, 5.638204, 0.021488, 5.917836
57481, 0.036735, 9.458219, 0.038534, 9.921496
57482, 0.015982, 6.312745, 0.016763, 6.621206
57483, 0.052405, 7.987625, 0.054974, 8.379151
57484, 0.044055, 7.341152, 0.046177, 7.694826
57485, 0.046812, 9.441726, 0.049068, 9.896720
57486, 0.027701, 8.951729, 0.029035, 9.382682
57487, 0.040141, 11.477946, 0.042054, 12.025049
57488, 0.023331, 7.148219, 0.024454, 7.492247
57489, 0.022860, 7.775069, 0.023954, 8.147142
57490, 0.030049, 9.720855, 0.031483, 10.184817
57491, 0.016474, 6.702321, 0.017259, 7.021579
57492, 0.042442, 6.804581, 0.044464, 7.128766
57493, 0.032842, 7.416121, 0.034332, 7.752622
57494, 0.071708, 5.396249, 0.075105, 5.651827
57495, 0.010680, 6.613586, 0.011183, 6.925316
57496, 0.018484, 6.636375, 0.019342, 6.944573
57497, 0.017333, 5.893999, 0.018155, 6.173214
57498, 0.027366, 6.774727, 0.028656, 7.093982
57499, 0.021546, 7.885719, 0.022555, 8.254885
57500, 0.029427, 6.862511, 0.030815, 7.186214
57501, 0.025531, 9.029818, 0.026725, 9.452258
57502, 0.008367, 4.818603, 0.008765, 5.047869
57503, 0.022003, 7.503338, 0.023052, 7.861077
57504, 0.048429, 9.716460, 0.050743, 10.180633
57505, 0.014618, 7.367560, 0.015306, 7.714477
57506, 0.018648, 6.096824, 0.019529, 6.384986
57507, 0.032554, 10.783169, 0.034093, 11.292828
57508, 0.027975, 7.067851, 0.029319, 7.407493
57509, 0.035613, 8.475328, 0.037266, 8.868819
57510, 0.024459, 9.929589, 0.025614, 10.398419
57511, 0.016537, 6.951077, 0.017318, 7.279446
57512, 0.035406, 7.972516, 0.037091, 8.351954
57513, 0.022773, 8.117608, 0.023838, 8.497348
57514, 0.035566, 10.310167, 0.037227, 10.791752
57515, 0.033298, 9.641425, 0.034861, 10.094031
57516, 0.018164, 8.078552, 0.019010, 8.454658
57517, 0.021638, 7.809731, 0.022647, 8.173785
57518, 0.038915, 9.985667, 0.040742, 10.454645
57519, 0.035156, 12.090502, 0.036818, 12.662052
57520, 0.051187, 10.389217, 0.053640, 10.887095
57521, 0.017387, 7.913336, 0.018214, 8.289654
57522, 0.031680, 5.975065, 0.033179, 6.257745
57523, 0.060800, 8.890432, 0.063655, 9.307972
57524, 0.009741, 6.486497, 0.010192, 6.787315
57525, 0.020171, 7.933727, 0.021100, 8.299058
57526, 0.011784, 6.407794, 0.012323, 6.701212
57527, 0.016136, 5.533126, 0.016859, 5.780832
57528, 0.066277, 13.148741, 0.069198, 13.728294
57529, 0.067094, 9.744350, 0.070029, 10.170513
57530, 0.028169, 9.461769, 0.029391, 9.872356
57531, 0.042359, 11.972513, 0.044197, 12.491926
57532, 0.016740, 6.701793, 0.017457, 6.988730
57533, 0.022469, 5.853197, 0.023425, 6.102272
57534, 0.021413, 5.924328, 0.022285, 6.165601
57535, 0.014062, 6.343398, 0.014664, 6.615348
57536, 0.021658, 10.298578, 0.022584, 10.738630
57537, 0.025185, 7.641012, 0.026257, 7.966166
57538, 0.043460, 7.639153, 0.045324, 7.966654
57539, 0.030929, 7.731855, 0.032265, 8.065752
57540, 0.021100, 7.362750, 0.022008, 7.679522
57541, 0.059725, 12.949155, 0.062257, 13.498219
57542, 0.019237, 7.696756, 0.020059, 8.025619
57543, 0.018266, 7.509389, 0.019045, 7.829387
57544, 0.017496, 8.560314, 0.018234, 8.921390
57545, 0.014220, 7.607073, 0.014835, 7.935847
57546, 0.037616, 4.109973, 0.039215, 4.284684
57547, 0.025774, 6.305067, 0.026877, 6.574984
57548, 0.024861, 6.102563, 0.025917, 6.361683
57549, 0.015782, 5.725848, 0.016447, 5.967159
57550, 0.021373, 8.409276, 0.022276, 8.764567
57551, 0.039448, 7.515744, 0.041075, 7.825735
57552, 0.026116, 5.991099, 0.027195, 6.238544
57553, 0.096661, 8.534267, 0.100551, 8.877646
57554, 0.016667, 6.549875, 0.017336, 6.812717
57555, 0.025800, 8.518487, 0.026821, 8.855691
57556, 0.011664, 6.043832, 0.012121, 6.280332
57557, 0.017302, 6.591406, 0.017980, 6.849567
57558, 0.033764, 9.577327, 0.035074, 9.948986
57559, 0.036016, 7.999278, 0.037427, 8.312663
57560, 0.016983, 5.644276, 0.017640, 5.862383
57561, 0.026114, 6.970218, 0.027117, 7.238027
57562, 0.037904, 5.878919, 0.039333, 6.100534
57563, 0.026194, 7.013526, 0.027179, 7.277325
57564, 0.020283, 9.234727, 0.021033, 9.576013
57565, 0.018147, 6.806303, 0.018822, 7.059574
57566, 0.190506, 8.195540, 0.197631, 8.502024
57567, 0.018013, 7.446924, 0.018694, 7.728585
57568, 0.071458, 6.451497, 0.074096, 6.689691
57569, 0.012074, 5.590540, 0.012529, 5.801198
57570, 0.011222, 4.118911, 0.011649, 4.275697
57571, 0.034431, 7.249090, 0.035725, 7.521591
57572, 0.052339, 11.571836, 0.054329, 12.011657
57573, 0.046154, 8.972894, 0.047893, 9.310817
57574, 0.027030, 6.596132, 0.028017, 6.836836
57575, 0.069150, 7.443900, 0.071647, 7.712642
57576, 0.020370, 8.677442, 0.021142, 9.006215
