NETCARE2015/data/raw/Flight7/SP2_Polar6_20150413_R2_L1.ict
38, 1001
Herber, Andreas; Schulz, Hannes
Alfred Wegener Institute (AWI), Bremerhaven, Germany
rBC mass concentration from SP2 (single particle soot photometer), combined high and low gain channel, size range 75 to 700 nm
NETCARE Polar 6 Campaign 2015
1, 1
2015,04,13, 2017, 09, 07
1
Time_UTC, seconds
4
1, 1, 1, 1, 1
-9999, -9999, -9999, -9999, -9999
BC_mass_concVOL, ug/m3
BC_numb_concVOL, 1/vccm
BC_mass_concSTP, ug/m3STP
BC_numb_concSTP, 1/sccm
0
20
PI_CONTACT_INFO: Address: AWI, Am Handelshafen 12, D-27570 Bremerhaven, email: andreas.herber@awi.de; hannes.schulz@awi.de
PLATFORM: Polar 6
LOCATION: GPS location and altitude available at 1 Hz resolution in separate file
ASSOCIATED_DATA: N/A
INSTRUMENT_INFO: Refractory black carbon aerosol measurements based on laser induced incandescence
DATA_INFO: Units are ug/m3 (volumetric) or ug/m3 STP (NIST standard NTP 20C, 1013.25 hPa; corrected with chamber temperature and pressure)
UNCERTAINTY: +/- 10%, typical intra-model variability of SP2 derived BC mass concentration [Laborde et al., 2012]
ULOD_FLAG: -7777
ULOD_VALUE: N/A
LLOD_FLAG: not masked
LLOD_VALUE: zero ug/m3 (e.g. no particle or particles <0.3 fg per single particle detection)
DM_CONTACT_INFO: Hannes Schulz, see above
PROJECT_INFO: NETCARE Polar 6 aircraft campaign in April 2015
STIPULATIONS_ON_USE: Preliminary data! Use of these data requires prior approval from PI
OTHER_COMMENTS: N/A
REVISION: R2
R2: Preliminary data; calibration: Fullerene Soot, DLR lab 2015/01/20; bad data and zero filter masked as -9999
R1: Preliminary data, updated header information, corrected mass concentration
R0: Preliminary data, initial release
Time_UTC, BC_mass_concVOL, BC_numb_concVOL, BC_mass_concSTP, BC_numb_concSTP
[from data line 6103]
60970, 0.019650, 6.964812, 0.029888, 10.593886
60971, 0.055584, 8.383807, 0.084477, 12.741765
60972, 0.106081, 8.014209, 0.161251, 12.182253
60973, 0.018093, 8.128791, 0.027524, 12.365951
60974, 0.019955, 8.253566, 0.030365, 12.559245
60975, 0.054485, 10.450152, 0.082866, 15.893762
60976, 0.011889, 6.808858, 0.018077, 10.352125
60977, 0.025849, 6.366788, 0.039319, 9.684570
60978, 0.022609, 7.950753, 0.034374, 12.087746
60979, 0.014582, 8.666680, 0.022174, 13.179258
60980, 0.053455, 6.390278, 0.081304, 9.719471
60981, 0.013710, 7.727523, 0.020851, 11.751995
60982, 0.034728, 9.367497, 0.052840, 14.252929
60983, 0.020889, 9.111431, 0.031791, 13.866593
60984, 0.023709, 8.055522, 0.036089, 12.261960
60985, 0.030034, 7.784676, 0.045728, 11.852386
60986, 0.013763, 6.850967, 0.020954, 10.430788
60987, 0.012722, 6.008514, 0.019369, 9.147612
60988, 0.020615, 9.133870, 0.031397, 13.911161
60989, 0.019490, 4.023947, 0.029683, 6.128331
60990, 0.021297, 8.353735, 0.032454, 12.730077
60991, 0.012744, 7.007855, 0.019425, 10.682234
60992, 0.020743, 6.000753, 0.031613, 9.145605
60993, 0.021793, 5.569713, 0.033220, 8.490033
60994, 0.023357, 9.335046, 0.035602, 14.228875
60995, 0.019978, 8.520970, 0.030480, 13.000609
60996, 0.026579, 8.809847, 0.040538, 13.436668
60997, 0.029926, 8.317810, 0.045642, 12.685857
60998, 0.022778, 8.022615, 0.034775, 12.248203
60999, 0.016509, 6.915659, 0.025201, 10.556999
61000, 0.028905, 8.484297, 0.044148, 12.958389
61001, 0.019828, 8.582386, 0.030288, 13.110138
61002, 0.026840, 8.037315, 0.040924, 12.254616
61003, 0.009422, 4.618300, 0.014380, 7.048612
61004, 0.031614, 9.793343, 0.048384, 14.988371
61005, 0.007602, 6.732193, 0.011633, 10.301628
61006, 0.034220, 10.732244, 0.052386, 16.429743
61007, 0.023706, 7.763268, 0.036320, 11.893949
61008, 0.010880, 4.698678, 0.016682, 7.204284
61009, 0.026598, 6.562850, 0.040812, 10.069831
61010, 0.052870, 10.758821, 0.081123, 16.507997
61011, 0.019048, 7.225642, 0.029230, 11.088091
61012, 0.015865, 7.532429, 0.024347, 11.559631
61013, 0.051657, 8.076901, 0.079300, 12.399078
61014, 0.042845, 6.895073, 0.065736, 10.578785
61015, 0.010874, 4.030887, 0.016697, 6.189261
61016, 0.019866, 5.034403, 0.030526, 7.735820
61017, 0.035115, 7.025380, 0.053970, 10.797713
61018, 0.026429, 7.229710, 0.040624, 11.112949
61019, 0.019661, 7.624383, 0.030227, 11.722140
61020, 0.043197, 7.293745, 0.066466, 11.222817
61021, 0.027738, 7.887555, 0.042688, 12.138446
61022, 0.033083, 10.632345, 0.050900, 16.358245
61023, 0.007661, 4.816108, 0.011794, 7.414423
61024, 0.028325, 9.858858, 0.043589, 15.171508
61025, 0.032658, 7.191380, 0.050306, 11.077783
61026, 0.023316, 6.919504, 0.035938, 10.665311
61027, 0.026555, 4.400328, 0.040929, 6.782046
61028, 0.025106, 8.851044, 0.038718, 13.650018
61029, 0.016476, 8.512263, 0.025415, 13.130418
61030, 0.012170, 5.000004, 0.018787, 7.718763
61031, 0.012442, 5.274877, 0.019224, 8.150438
61032, 0.017265, 7.640015, 0.026662, 11.798140
61033, 0.040523, 5.506791, 0.062570, 8.502807
61034, 0.026157, 8.641725, 0.040421, 13.354311
61035, 0.014262, 5.389049, 0.022028, 8.323346
61036, 0.018568, 5.029516, 0.028710, 7.776500
61037, 0.013136, 4.466091, 0.020305, 6.903582
61038, 0.016116, 5.888160, 0.024932, 9.109073
61039, 0.023234, 10.475460, 0.035936, 16.202511
61040, 0.015502, 5.953600, 0.023982, 9.210310
61041, 0.011775, 7.583142, 0.018211, 11.728199
61042, 0.023098, 7.229412, 0.035760, 11.192673
61043, 0.025291, 7.921787, 0.039184, 12.273299
61044, 0.019327, 6.999414, 0.029948, 10.845695
61045, 0.028104, 5.057958, 0.043583, 7.843976
61046, 0.018844, 8.590849, 0.029233, 13.327355
61047, 0.025739, 10.279209, 0.039929, 15.945849
61048, 0.021791, 7.049972, 0.033815, 10.940156
61049, 0.020869, 6.581362, 0.032422, 10.224564
61050, 0.025649, 9.303968, 0.039868, 14.461935
61051, 0.026218, 9.382739, 0.040749, 14.582889
61052, 0.017632, 8.592524, 0.027396, 13.351207
61053, 0.014223, 5.911017, 0.022130, 9.196833
61054, 0.030832, 10.312926, 0.047997, 16.054264
61055, 0.011404, 7.651569, 0.017755, 11.912473
61056, 0.013698, 5.405234, 0.021316, 8.411169
61057, 0.028631, 9.718637, 0.044596, 15.137504
61058, 0.016954, 9.725828, 0.026406, 15.148152
61059, 0.017109, 6.501520, 0.026660, 10.131227
61060, 0.021925, 7.993510, 0.034189, 12.464801
61061, 0.025296, 10.572875, 0.039420, 16.475887
61062, 0.020297, 8.684890, 0.031660, 13.547233
61063, 0.026712, 8.394076, 0.041664, 13.092564
61064, 0.023050, 8.115751, 0.035961, 12.661542
61065, 0.065799, 7.333962, 0.102766, 11.454274
61066, 0.017054, 7.516081, 0.026630, 11.736426
61067, 0.022219, 4.861857, 0.034738, 7.600933
61068, 0.020595, 7.586132, 0.032189, 11.856711
61069, 0.021114, 8.396641, 0.033019, 13.130923
61070, 0.021075, 5.543076, 0.032986, 8.675885
61071, 0.017187, 9.879855, 0.026926, 15.477810
61072, 0.014501, 10.166866, 0.022715, 15.926238
61073, 0.014105, 8.659163, 0.022101, 13.567772
61074, 0.009904, 4.549487, 0.015521, 7.129738
61075, 0.050795, 9.719746, 0.079664, 15.243692
61076, 0.060454, 13.023707, 0.094751, 20.412165
61077, 0.008056, 5.944809, 0.012632, 9.322231
61078, 0.009871, 4.052885, 0.015483, 6.356801
61079, 0.025313, 8.570455, 0.039720, 13.448484
61080, 0.034735, 12.644825, 0.054516, 19.845535
61081, 0.008464, 5.630002, 0.013288, 8.838986
61082, 0.029939, 9.186064, 0.047026, 14.428767
61083, 0.011522, 5.686703, 0.018083, 8.924537
61084, 0.021410, 7.451726, 0.033610, 11.698000
61085, 0.032602, 5.844729, 0.051196, 9.178225
61086, 0.014595, 7.848319, 0.022912, 12.320767
61087, 0.011580, 6.993227, 0.018191, 10.985561
61088, 0.016569, 5.563223, 0.026049, 8.746480
61089, 0.025311, 5.556785, 0.039749, 8.726383
61090, 0.024017, 8.068441, 0.037752, 12.682719
61091, 0.034602, 7.762847, 0.054419, 12.208852
61092, 0.012800, 5.555049, 0.020139, 8.740349
61093, 0.015853, 7.605409, 0.024939, 11.964253
61094, 0.014749, 4.434458, 0.023213, 6.979258
61095, 0.021855, 8.105293, 0.034394, 12.755519
61096, 0.019539, 7.736833, 0.030777, 12.186723
61097, 0.013788, 6.273162, 0.021728, 9.885440
61098, 0.027198, 8.230660, 0.042882, 12.977026
61099, 0.009626, 7.953191, 0.015177, 12.538955
61100, 0.131875, 9.824338, 0.207437, 15.453431
61101, 0.013155, 5.579414, 0.020752, 8.801295
61102, 0.034114, 10.224296, 0.053859, 16.142083
61103, 0.028142, 9.709763, 0.044411, 15.323095
61104, 0.015313, 6.659365, 0.024184, 10.516937
61105, 0.015330, 7.392837, 0.024207, 11.673676
61106, 0.208141, 9.160972, 0.328977, 14.479380
61107, 0.015422, 7.512715, 0.024393, 11.882846
61108, 0.015877, 8.789760, 0.025119, 13.906787
61109, 0.031903, 13.018727, 0.050500, 20.608010
61110, 0.027564, 8.929833, 0.043664, 14.145872
61111, 0.016398, 5.954499, 0.025959, 9.426487
61112, 0.029392, 10.415581, 0.046577, 16.505398
61113, 0.029797, 9.114787, 0.047251, 14.453585
61114, 0.030330, 9.498345, 0.048097, 15.062241
61115, 0.017413, 7.203401, 0.027609, 11.421442
61116, 0.017381, 9.049220, 0.027554, 14.345588
61117, 0.064387, 7.037682, 0.102117, 11.161748
61118, 0.022155, 8.393552, 0.035179, 13.328018
61119, 0.025606, 12.278764, 0.040661, 19.498325
61120, 0.012284, 6.808132, 0.019507, 10.811434
61121, 0.016864, 9.016526, 0.026782, 14.319298
61122, 0.025685, 11.046145, 0.040806, 17.549361
61123, 0.009942, 4.428551, 0.015788, 7.032687
61124, 0.024660, 8.798600, 0.039214, 13.991230
61125, 0.034056, 8.665616, 0.054125, 13.772234
61126, 0.030459, 10.830365, 0.048427, 17.219275
61127, 0.014897, 7.269787, 0.023692, 11.561605
61128, 0.035927, 8.367362, 0.057238, 13.330492
61129, 0.014324, 6.897414, 0.022821, 10.988855
61130, 0.015498, 9.929112, 0.024690, 15.818186
61131, 0.023424, 7.394192, 0.037296, 11.772922
61132, 0.014348, 6.759562, 0.022844, 10.762050
61133, 0.028150, 6.728103, 0.044847, 10.718867
61134, 0.023971, 8.456598, 0.038226, 13.485322
61135, 0.003762, 3.522707, 0.005999, 5.617868
61136, 0.017183, 6.750550, 0.027396, 10.763211
61137, 0.030814, 10.738146, 0.049162, 17.131966
61138, 0.033028, 10.187036, 0.052656, 16.241185
61139, 0.015857, 6.336577, 0.025302, 10.110602
61140, 0.016388, 6.488755, 0.026152, 10.354813
61141, 0.006776, 4.762208, 0.010810, 7.597598
61142, 0.015272, 6.396216, 0.024370, 10.206904
61143, 0.026950, 7.903955, 0.043093, 12.638347
61144, 0.022630, 8.868318, 0.036229, 14.197760
61145, 0.009374, 8.369412, 0.015029, 13.418316
61146, 0.017273, 8.535022, 0.027670, 13.672107
61147, 0.013232, 4.253620, 0.021181, 6.808923
61148, 0.030690, 7.077155, 0.049123, 11.328063
61149, 0.025307, 6.133932, 0.040485, 9.812973
61150, 0.020734, 3.985651, 0.033187, 6.379640
61151, 0.015743, 7.934732, 0.025220, 12.711475
61152, 0.038119, 7.223942, 0.061098, 11.578818
61153, 0.021542, 6.033953, 0.034520, 9.669039
61154, 0.020985, 5.321516, 0.033616, 8.524447
61155, 0.013846, 8.159872, 0.022209, 13.088914
61156, 0.019528, 8.151673, 0.031336, 13.080910
61157, 0.033851, 6.776219, 0.054337, 10.877150
61158, 0.018482, 5.280021, 0.029666, 8.475118
61159, 0.027754, 8.622068, 0.044428, 13.802111
61160, 0.016644, 7.661907, 0.026747, 12.312982
61161, 0.017596, 8.358628, 0.028309, 13.447248
61162, 0.014145, 5.823280, 0.022774, 9.375582
61163, 0.017444, 5.861265, 0.028053, 9.426276
61164, 0.017603, 8.693962, 0.028332, 13.993316
61165, 0.015731, 8.175927, 0.025328, 13.163923
61166, 0.036808, 8.051252, 0.059306, 12.972558
61167, 0.013824, 6.654816, 0.022275, 10.723434
61168, 0.021412, 10.135484, 0.034508, 16.334526
61169, 0.010809, 5.480856, 0.017419, 8.832870
61170, 0.011978, 4.966681, 0.019324, 8.012542
61171, 0.010589, 6.170102, 0.017076, 9.949994
61172, 0.017415, 8.246586, 0.028130, 13.320354
61173, 0.012975, 7.280059, 0.020948, 11.753358
61174, 0.023303, 6.894547, 0.037662, 11.142759
61175, 0.023378, 10.920920, 0.037787, 17.652302
61176, 0.022089, 5.553593, 0.035731, 8.983378
61177, 0.028128, 9.084989, 0.045496, 14.694647
61178, 0.015406, 8.108707, 0.024919, 13.115531
61179, 0.025906, 10.694523, 0.041882, 17.289633
61180, 0.023034, 8.608026, 0.037213, 13.906508
61181, 0.020532, 6.197325, 0.033154, 10.007108
61182, 0.016422, 6.810732, 0.026537, 11.006155
61183, 0.011289, 5.637847, 0.018250, 9.114043
61184, 0.010218, 4.861678, 0.016512, 7.856480
61185, 0.017933, 5.396971, 0.028956, 8.714452
61186, 0.024630, 9.361739, 0.039766, 15.115067
61187, 0.018347, 7.341773, 0.029637, 11.859589
61188, 0.023198, 7.655964, 0.037463, 12.364130
61189, 0.018712, 6.830336, 0.030235, 11.036436
61190, 0.031197, 5.682077, 0.050321, 9.165123
61191, 0.010885, 5.186643, 0.017570, 8.371763
61192, 0.018369, 6.259792, 0.029642, 10.101290
61193, 0.022443, 4.985434, 0.036242, 8.050820
61194, 0.025863, 5.107014, 0.041753, 8.244712
61195, 0.022706, 8.110117, 0.036646, 13.089058
61196, 0.016080, 6.511358, 0.025938, 10.503262
61197, 0.020748, 7.405226, 0.033418, 11.927182
61198, 0.014545, 6.180446, 0.023486, 9.979768
61199, 0.197314, 8.665654, 0.318599, 13.992275
61200, 0.020909, 7.676576, 0.033760, 12.394559
61201, 0.021388, 10.484426, 0.034510, 16.916568
61202, 0.010936, 4.271679, 0.017624, 6.884460
61203, 0.021667, 10.072265, 0.034927, 16.236215
61204, 0.015023, 8.204901, 0.024212, 13.224011
61205, 0.025528, 6.970680, 0.041180, 11.244456
61206, 0.010271, 6.168670, 0.016560, 9.946131
61207, 0.199734, 8.150165, 0.322292, 13.151180
61208, 0.012559, 7.664401, 0.020271, 12.370234
61209, 0.016217, 6.526970, 0.026174, 10.534543
61210, 0.013725, 6.055558, 0.022135, 9.766388
61211, 0.024517, 6.935003, 0.039593, 11.199338
61212, 0.013712, 5.585843, 0.022138, 9.018411
61213, 0.015918, 5.107987, 0.025721, 8.253741
61214, 0.010424, 5.585218, 0.016842, 9.023819
61215, 0.025456, 6.212212, 0.041122, 10.035343
61216, 0.017158, 7.787958, 0.027726, 12.584692
61217, 0.004959, 3.014902, 0.008020, 4.875981
61218, 0.010999, 5.634745, 0.017790, 9.114079
61219, 0.026240, 5.394197, 0.042484, 8.733553
61220, 0.008485, 4.518265, 0.013715, 7.303523
61221, 0.013534, 4.634952, 0.021890, 7.496624
61222, 0.010775, 6.540354, 0.017431, 10.580992
61223, 0.030335, 9.927489, 0.049029, 16.045353
61224, 0.021315, 9.657083, 0.034454, 15.610114
61225, 0.035755, 12.610851, 0.057800, 20.386451
61226, 0.030470, 8.569235, 0.049253, 13.851552
61227, 0.019068, 7.633780, 0.030821, 12.339050
61228, 0.029534, 6.869873, 0.047714, 11.098786
61229, 0.035490, 11.059427, 0.057313, 17.859847
61230, 0.046072, 10.863287, 0.074374, 17.536512
61231, 0.019340, 7.294638, 0.031245, 11.785313
61232, 0.064976, 6.303257, 0.104929, 10.179031
61233, 0.081930, 9.361610, 0.132242, 15.110431
61234, 0.021531, 8.939879, 0.034759, 14.432311
61235, 0.034880, 11.724538, 0.056285, 18.919472
61236, 0.011742, 7.521950, 0.018943, 12.134453
61237, 0.019984, 7.033650, 0.032257, 11.353131
61238, 0.027095, 8.445395, 0.043751, 13.636876
61239, 0.025106, 10.059196, 0.040539, 16.242539
61240, 0.017877, 7.158418, 0.028856, 11.554786
61241, 0.036364, 10.148157, 0.058697, 16.380845
61242, 0.010412, 5.030832, 0.016813, 8.123450
61243, 0.020981, 8.252656, 0.033888, 13.329457
61244, 0.026859, 8.835338, 0.043367, 14.265771
61245, 0.037291, 9.997340, 0.060203, 16.139766
61246, 0.021433, 6.799245, 0.034616, 10.981697
61247, 0.024308, 7.312702, 0.039295, 11.821569
61248, 0.018776, 7.211348, 0.030349, 11.656127
61249, 0.037273, 8.742708, 0.060212, 14.123488
61250, 0.042406, 13.247845, 0.068505, 21.401564
61251, 0.025146, 10.957051, 0.040640, 17.708688
61252, 0.029784, 8.433115, 0.048152, 13.633954
61253, 0.026490, 9.344590, 0.042819, 15.104858
61254, 0.036199, 11.440661, 0.058500, 18.488737
61255, 0.019482, 9.372774, 0.031461, 15.136224
61256, 0.026647, 14.048009, 0.043036, 22.688264
61257, 0.016976, 8.487934, 0.027439, 13.719549
61258, 0.020563, 10.400167, 0.033203, 16.792607
61259, 0.024275, 6.617690, 0.039205, 10.688019
61260, 0.052141, 7.826343, 0.084169, 12.633691
61261, 0.025442, 6.135775, 0.041077, 9.906381
61262, 0.011610, 5.716555, 0.018721, 9.218295
61263, 0.057021, 7.482415, 0.092001, 12.072561
61264, 0.026810, 6.985499, 0.043300, 11.282056
61265, 0.007105, 5.460378, 0.011467, 8.812334
61266, 0.044568, 8.582985, 0.071897, 13.846005
61267, 0.050595, 9.855508, 0.081646, 15.904140
61268, 0.020926, 6.589700, 0.033773, 10.634985
61269, 0.015384, 8.700072, 0.024832, 14.043530
61270, 0.041813, 8.727706, 0.067487, 14.086675
61271, 0.040310, 9.006333, 0.065074, 14.539449
61272, 0.010777, 5.315819, 0.017393, 8.579462
61273, 0.016101, 5.585645, 0.025976, 9.011742
61274, 0.012822, 6.052923, 0.020683, 9.764096
61275, 0.020280, 8.083060, 0.032697, 13.031750
61276, 0.027227, 10.165134, 0.043949, 16.407926
61277, 0.021315, 6.333180, 0.034378, 10.214471
61278, 0.018539, 5.117204, 0.029917, 8.257710
61279, 0.022096, 9.653065, 0.035699, 15.595905
61280, 0.040992, 12.330352, 0.066166, 19.902624
61281, 0.023308, 8.934971, 0.037617, 14.420489
61282, 0.034764, 8.789377, 0.056135, 14.192475
61283, 0.021110, 9.581673, 0.034106, 15.480561
61284, 0.021115, 5.991772, 0.034112, 9.679653
61285, 0.045561, 9.719273, 0.073589, 15.698317
61286, 0.021907, 5.860668, 0.035372, 9.463088
61287, 0.041269, 14.032125, 0.066677, 22.671424
61288, 0.015133, 6.499570, 0.024468, 10.508708
61289, 0.043933, 12.269569, 0.070994, 19.827231
61290, 0.048958, 10.165267, 0.079175, 16.439194
61291, 0.020547, 9.318480, 0.033238, 15.074009
61292, 0.030921, 8.330030, 0.049984, 13.465276
61293, 0.026935, 10.364112, 0.043561, 16.761821
61294, 0.029544, 10.474991, 0.047769, 16.936848
61295, 0.046735, 8.904003, 0.075522, 14.388726
61296, 0.012608, 7.251346, 0.020381, 11.721495
61297, 0.012608, 6.229910, 0.020381, 10.070619
61298, 0.029313, 7.875840, 0.047411, 12.738459
61299, 0.016293, 7.047942, 0.026349, 11.397848
61300, 0.027290, 8.684362, 0.044134, 14.044387
61301, 0.010351, 6.666655, 0.016739, 10.781483
61302, 0.031710, 5.775172, 0.051278, 9.339141
61303, 0.011147, 4.083206, 0.018026, 6.602766
61304, 0.044620, 10.483678, 0.072162, 16.954971
61305, 0.019236, 8.572208, 0.031114, 13.865500
61306, 0.032053, 8.944582, 0.051850, 14.469175
61307, 0.027961, 8.849829, 0.045183, 14.300447
61308, 0.053793, 9.507622, 0.086986, 15.374299
61309, 0.016962, 8.580690, 0.027429, 13.875268
