data/raw/Flight2/CO_POLAR6_20150407_R1_NETCARE.ict
34, 1001
Bozem, Heiko; Hoor, Peter
Institute for Atmospheric Physics, Johannes Gutenberg University, Mainz, Germany
CO mixing ratio from AL5002 CO analyzer
NETCARE Polar 6 Campaign 2015
1, 1
2015, 04, 07, 2015, 08, 15
1
Time_UTC, seconds
1
1
-9999.9
CO_ppbv, ppbv
0
19
PI_CONTACT_INFO: Address: Johann-Joachim-Becherweg 21, 55128 Mainz, email: bozemh@uni-mainz.de; hoor@uni-mainz.de
PLATFORM: Polar 6
LOCATION: GPS location and altitude available at 1 Hz resolution in separate file (See AIMMS files under Aircraft data and meteorology)
ASSOCIATED_DATA: N/A
INSTRUMENT_INFO: CO measurements based on the fluorescence of CO in the VUV at 150 nm
DATA_INFO: Units are ppbv
UNCERTAINTY RELATIVE TO STANDARD: 2.3 ppbv at 1 sigma confidence (before drift correction is applied)
ULOD_FLAG: -7777
ULOD_VALUE: N/A
LLOD_FLAG: -8888
LLOD_VALUE: 1.5 
DM_CONTACT_INFO: N/A
PROJECT_INFO: NETCARE Polar 6 aircraft campaign in April 2015; Alert
STIPULATIONS_ON_USE: N/A
OTHER_COMMENTS: N/A
REVISION: R1
R0: Preliminary data, corrected for instrument drift
R1: Final data, corrected for instrument drift
Time_UTC,CO_ppbv
[from data line 11832]
71349,121.5
71350,124.1
71351,124.5
71352,125.8
71353,125.3
71354,124.8
71355,123.4
71356,123.3
71357,125.1
71358,124.8
71359,125.5
71360,123.3
71361,124.9
71362,124.6
71363,120.7
71364,120.6
71365,120.6
71366,121.8
71367,122.1
71368,121.1
71369,122.1
71370,123.3
71371,125.9
71372,125.0
71373,123.2
71374,122.5
71375,123.6
71376,126.1
71377,127.9
71378,125.4
71379,121.8
71380,121.3
71381,120.2
71382,120.8
71383,122.6
71384,122.3
71385,123.3
71386,124.5
71387,123.6
71388,121.6
71389,122.7
71390,123.1
71391,121.3
71392,120.5
71393,121.5
71394,124.0
71395,123.0
71396,120.7
71397,121.8
71398,122.5
71399,120.7
71400,119.9
71401,118.6
71402,121.4
71403,123.5
71404,121.4
71405,120.1
71406,120.5
71407,120.4
71408,120.5
71409,122.2
71410,123.1
71411,123.3
71412,123.2
71413,121.6
71414,123.4
71415,126.0
71416,123.5
71417,121.5
71418,120.6
71419,119.4
71420,120.0
71421,120.6
71422,119.8
71423,121.2
71424,120.4
71425,120.3
71426,122.4
71427,122.3
71428,125.0
71429,122.5
71430,119.6
71431,123.9
71432,122.3
71433,120.4
71434,122.9
71435,122.8
71436,122.8
71437,122.4
71438,122.3
71439,123.4
71440,123.4
71441,127.6
71442,125.4
71443,122.9
71444,123.8
71445,124.3
71446,123.3
71447,125.0
71448,127.5
71449,126.0
71450,122.6
71451,122.1
71452,123.6
71453,125.2
71454,124.8
71455,121.3
71456,122.2
71457,123.4
71458,121.6
71459,119.7
71460,120.5
71461,120.8
71462,118.8
71463,118.8
71464,119.1
71465,119.0
71466,119.0
71467,118.1
71468,118.3
71469,120.0
71470,121.5
71471,120.3
71472,118.3
71473,118.2
71474,117.4
71475,118.5
71476,118.1
71477,117.2
71478,117.6
71479,116.8
71480,116.4
71481,117.8
71482,119.6
71483,123.5
71484,123.8
71485,122.5
71486,122.6
71487,121.8
71488,121.9
71489,122.4
71490,124.7
71491,122.7
71492,120.1
71493,120.3
71494,121.7
71495,122.2
71496,122.2
71497,123.3
71498,120.1
71499,118.5
71500,119.8
71501,122.3
71502,120.7
71503,117.6
71504,118.9
71505,121.4
71506,121.0
71507,118.4
71508,118.3
71509,122.2
71510,123.7
71511,122.7
71512,121.1
71513,122.4
71514,121.0
71515,119.5
71516,120.6
71517,121.1
71518,120.7
71519,122.0
71520,122.8
71521,120.6
71522,119.5
71523,118.7
71524,117.8
71525,116.6
71526,115.2
71527,119.0
71528,119.2
71529,118.1
71530,118.4
71531,115.3
71532,116.6
71533,121.8
71534,121.7
71535,120.2
71536,119.4
71537,119.7
71538,119.5
71539,118.7
71540,119.6
71541,120.2
71542,119.1
71543,116.7
71544,123.5
71545,120.5
71546,117.8
71547,118.4
71548,118.2
71549,118.6
71550,118.9
71551,118.7
71552,120.2
71553,120.5
71554,119.6
71555,119.9
71556,119.2
71557,118.8
71558,121.8
71559,123.7
71560,121.8
71561,119.1
71562,118.1
71563,119.6
71564,120.3
71565,121.1
71566,118.7
71567,116.9
71568,118.8
71569,119.3
71570,121.0
71571,120.4
71572,119.0
71573,120.7
71574,120.1
71575,117.5
71576,117.6
71577,118.6
71578,119.0
71579,119.8
71580,120.4
71581,119.6
71582,120.6
71583,119.8
71584,119.7
71585,122.8
71586,122.1
71587,123.1
71588,125.2
71589,121.0
71590,121.7
71591,125.4
71592,127.0
71593,126.6
71594,124.3
71595,123.5
71596,121.2
71597,121.7
71598,124.4
71599,124.6
71600,124.9
71601,126.4
71602,125.1
71603,121.3
71604,122.8
71605,127.3
71606,125.0
71607,122.7
71608,124.2
71609,125.6
71610,122.4
71611,118.7
71612,130.7
71613,127.3
71614,125.4
71615,125.9
71616,125.3
71617,123.6
71618,123.9
71619,123.3
71620,120.7
71621,124.2
71622,125.5
71623,123.6
71624,124.3
71625,125.8
71626,124.5
71627,124.4
71628,124.4
71629,123.5
71630,126.1
71631,127.4
71632,128.2
71633,125.1
71634,124.5
71635,126.8
71636,124.3
71637,125.3
71638,125.8
71639,125.3
71640,124.0
71641,124.2
71642,125.4
71643,125.3
71644,127.6
71645,128.2
71646,127.5
71647,128.2
71648,127.2
71649,122.6
71650,123.2
71651,126.6
71652,125.3
71653,125.5
71654,126.2
71655,127.0
71656,128.2
71657,126.5
71658,126.4
71659,125.0
71660,124.2
71661,126.4
71662,125.3
71663,123.9
71664,124.7
71665,124.1
71666,124.1
71667,124.6
71668,124.9
71669,125.2
71670,123.4
71671,122.6
71672,124.0
71673,125.0
71674,124.2
71675,127.5
71676,126.3
71677,123.5
71678,122.2
71679,119.3
71680,119.7
71681,121.6
71682,119.7
71683,119.1
71684,122.0
71685,123.2
71686,119.7
71687,119.6
71688,124.0
71689,124.1
71690,123.5
71691,124.5
71692,124.8
71693,124.7
71694,124.2
71695,122.9
71696,123.0
71697,125.4
71698,125.1
71699,125.6
71700,126.0
71701,125.3
71702,124.1
71703,124.0
71704,124.9
71705,125.4
71706,125.6
71707,126.9
71708,127.6
71709,127.0
71710,128.5
71711,125.8
71712,123.7
71713,125.3
71714,126.5
71715,125.3
71716,125.3
71717,125.6
71718,123.5
71719,121.3
71720,123.5
71721,124.0
71722,124.9
71723,127.1
71724,126.9
71725,125.2
71726,123.7
71727,125.1
71728,124.3
71729,122.7
71730,124.0
71731,123.9
71732,121.3
71733,119.6
71734,119.2
71735,120.1
71736,119.9
71737,120.6
71738,122.1
71739,120.3
71740,121.1
71741,120.9
71742,119.2
71743,119.9
71744,119.1
71745,119.5
71746,121.1
71747,120.6
71748,119.9
71749,119.7
71750,119.1
71751,122.5
71752,120.2
71753,119.5
71754,120.6
71755,122.3
71756,123.9
71757,123.3
71758,121.4
71759,121.6
71760,122.5
71761,122.7
71762,122.3
71763,119.6
71764,120.8
71765,122.3
71766,121.9
71767,122.0
71768,120.5
71769,121.3
71770,121.6
71771,121.7
71772,124.7
71773,122.4
71774,118.6
71775,117.5
71776,115.5
71777,116.7
71778,120.6
71779,121.7
71780,122.1
71781,122.4
71782,120.7
71783,119.2
71784,119.4
71785,126.5
71786,124.0
71787,121.6
71788,120.0
71789,118.6
71790,119.2
71791,119.5
71792,120.0
71793,119.7
71794,119.0
71795,120.1
71796,119.5
71797,118.9
71798,117.7
71799,117.7
71800,119.6
71801,118.7
71802,117.6
71803,116.6
71804,115.7
71805,115.3
71806,115.0
71807,114.1
71808,112.9
71809,114.7
71810,116.4
71811,117.0
71812,118.0
71813,115.7
71814,115.5
71815,117.8
71816,119.7
71817,119.4
71818,118.5
71819,119.6
71820,125.6
71821,125.3
71822,122.1
71823,122.3
71824,123.3
71825,121.8
71826,122.3
71827,122.9
71828,121.7
71829,120.5
71830,119.7
71831,120.0
71832,121.1
71833,119.2
71834,118.0
71835,117.7
71836,118.3
71837,120.2
71838,121.7
71839,119.2
71840,117.4
71841,121.2
71842,123.2
71843,120.8
71844,118.2
71845,120.2
71846,121.7
71847,119.3
71848,118.3
71849,120.7
71850,121.6
71851,119.5
71852,119.7
71853,120.6
71854,122.7
71855,121.5
71856,122.1
71857,121.7
71858,121.5
71859,121.6
71860,119.7
71861,119.4
71862,119.8
71863,121.6
71864,120.4
71865,119.3
71866,122.9
71867,123.5
71868,121.3
71869,121.2
71870,123.4
71871,124.4
71872,123.1
71873,121.7
71874,120.7
71875,122.7
71876,121.4
71877,118.3
71878,121.0
71879,123.4
71880,123.2
71881,122.8
71882,122.8
71883,121.4
71884,121.5
71885,122.5
71886,123.9
71887,126.4
71888,120.9
71889,122.2
71890,123.3
71891,122.5
71892,122.8
71893,123.9
71894,125.5
71895,123.7
71896,119.9
71897,121.8
71898,123.5
71899,121.1
71900,120.5
71901,120.8
71902,120.0
71903,120.1
71904,121.3
71905,122.5
71906,119.8
71907,119.6
71908,119.9
71909,120.3
71910,122.2
71911,119.5
71912,118.2
71913,119.8
71914,120.8
71915,121.2
71916,120.7
71917,117.7
71918,115.2
71919,116.3
71920,119.4
71921,120.5
71922,119.9
71923,118.4
71924,118.1
71925,120.2
71926,121.8
71927,121.2
71928,120.0
71929,118.8
71930,119.2
71931,122.7
71932,124.7
71933,122.4
71934,120.4
71935,121.0
71936,120.7
71937,120.9
71938,121.2
71939,119.2
71940,119.1
71941,122.0
71942,122.4
71943,120.0
71944,121.9
71945,122.6
71946,121.4
71947,121.8
71948,122.3
71949,119.9
71950,117.7
71951,117.9
71952,117.3
71953,118.4
71954,120.5
71955,120.6
71956,120.1
71957,120.6
71958,121.8
71959,121.9
71960,120.7
71961,120.4
71962,119.8
71963,122.3
71964,121.9
71965,119.6
71966,120.0
71967,119.3
71968,119.3
71969,120.8
71970,122.2
71971,124.6
71972,124.3
71973,121.8
71974,122.0
71975,122.5
71976,123.7
71977,125.5
71978,124.3
71979,124.8
71980,126.7
71981,125.2
71982,123.7
71983,126.8
71984,129.9
71985,128.6
71986,126.5
71987,125.6
71988,125.2
71989,123.8
71990,123.3
71991,127.9
71992,127.9
71993,125.6
71994,124.1
71995,125.2
71996,126.9
71997,123.7
71998,122.8
71999,125.8
72000,128.5
72001,127.4
72002,126.4
72003,126.2
72004,127.0
72005,131.0
72006,132.8
72007,130.8
72008,128.1
72009,128.1
72010,129.4
72011,129.8
72012,131.2
72013,132.7
72014,133.2
72015,131.9
72016,131.7
72017,134.6
72018,135.4
72019,132.3
72020,131.5
72021,133.4
72022,131.4
72023,129.5
72024,129.8
72025,131.9
72026,133.8
72027,128.2
72028,131.3
72029,133.1
72030,132.4
72031,130.8
72032,130.7
72033,135.3
72034,134.8
72035,131.1
72036,131.1
72037,128.9
72038,130.3
72039,132.9
72040,130.7
72041,131.1
72042,133.5
72043,131.7
72044,129.8
72045,132.0
72046,133.0
72047,133.1
72048,135.8
72049,137.0
72050,134.0
72051,133.0
72052,133.9
72053,134.8
72054,134.5
72055,132.7
72056,132.0
72057,131.5
72058,132.3
72059,133.9
72060,133.8
72061,134.2
72062,131.9
72063,133.0
72064,136.9
72065,135.8
72066,134.4
72067,134.4
72068,133.4
72069,132.8
72070,134.3
72071,134.2
72072,133.9
72073,136.0
72074,132.6
72075,134.1
72076,138.0
72077,135.2
72078,134.4
72079,132.4
72080,132.1
72081,135.0
72082,134.9
72083,133.2
72084,134.6
72085,135.5
72086,135.2
72087,134.5
72088,133.1
72089,133.8
72090,136.8
72091,136.1
72092,134.0
72093,133.7
72094,133.9
72095,135.2
72096,131.4
72097,131.8
72098,131.0
72099,132.0
72100,134.9
72101,133.4
72102,132.2
72103,133.9
72104,134.4
72105,134.3
72106,134.0
72107,133.7
72108,132.8
72109,134.0
72110,134.3
72111,133.3
72112,133.8
72113,133.1
72114,131.7
72115,130.1
72116,128.7
72117,126.3
72118,125.2
72119,125.2
72120,129.0
72121,130.8
72122,129.0
72123,129.2
72124,127.9
72125,127.7
72126,130.0
72127,129.3
72128,129.3
72129,131.8
72130,129.7
72131,128.9
72132,130.9
72133,132.7
72134,132.7
72135,131.1
72136,131.1
72137,133.5
72138,136.0
72139,136.2
72140,132.0
72141,133.5
72142,136.7
72143,134.8
72144,135.4
72145,137.3
72146,136.5
72147,136.8
72148,139.9
72149,140.6
72150,137.0
72151,135.0
72152,136.1
72153,135.9
72154,136.2
72155,137.7
72156,137.3
72157,136.6
72158,136.9
72159,135.1
72160,135.1
72161,138.1
72162,138.9
72163,139.7
72164,131.3
72165,135.2
72166,138.1
72167,136.5
72168,135.9
72169,134.0
72170,134.6
72171,138.9
72172,141.3
72173,140.9
72174,139.5
72175,138.5
72176,135.5
72177,135.1
72178,137.4
72179,138.6
72180,140.7
72181,138.3
72182,135.5
72183,133.7
72184,130.8
72185,133.0
72186,133.8
72187,135.0
72188,135.8
72189,135.9
72190,135.9
72191,135.5
72192,136.2
72193,134.8
72194,131.5
72195,129.0
72196,129.2
72197,127.8
72198,126.5
72199,130.9
72200,127.9
72201,127.2
72202,129.8
72203,128.5
72204,127.5
72205,129.4
72206,129.5
72207,129.2
72208,128.1
72209,124.2
72210,125.8
72211,127.8
72212,126.1
72213,126.7
72214,131.6
72215,131.8
72216,126.6
72217,127.8
72218,129.4
72219,127.7
72220,129.0
72221,129.6
72222,127.6
72223,128.8
72224,129.5
72225,128.5
72226,129.5
72227,131.7
72228,129.2
72229,129.5
72230,131.3
72231,129.5
72232,129.6
72233,129.6
72234,131.3
72235,133.0
72236,132.2
72237,130.0
72238,131.4
72239,134.4
72240,132.5
72241,132.3
72242,133.0
72243,133.2
72244,134.6
72245,131.8
72246,130.4
72247,130.5
72248,129.9
72249,131.6
72250,133.2
72251,134.0
72252,132.2
72253,130.1
72254,131.4
72255,131.3
72256,130.2
72257,130.8
72258,128.3
72259,128.0
72260,129.0
72261,127.6
72262,126.1
72263,123.9
72264,125.1
72265,128.3
72266,129.7
72267,129.2
72268,129.2
72269,126.2
72270,128.2
72271,128.4
72272,126.8
72273,127.6
72274,127.3
72275,128.3
72276,128.4
72277,126.3
72278,126.7
72279,126.5
72280,127.1
72281,128.7
72282,125.8
72283,125.3
72284,126.1
72285,124.1
72286,124.6
72287,125.9
72288,126.5
72289,125.3
72290,125.4
72291,129.1
72292,127.8
72293,126.0
72294,128.4
72295,129.7
72296,129.1
72297,125.9
72298,126.4
72299,129.0
72300,129.4
72301,128.2
72302,126.7
72303,130.7
72304,128.2
72305,125.1
72306,127.3
72307,130.2
72308,131.3
72309,130.7
72310,130.0
72311,128.9
72312,127.0
72313,126.2
72314,126.7
72315,128.6
72316,127.6
72317,126.6
72318,128.2
72319,127.4
72320,126.9
72321,128.2
72322,126.7
72323,126.8
72324,129.1
72325,127.2
72326,127.8
72327,129.6
72328,127.1
72329,129.9
72330,131.0
72331,127.5
72332,126.7
72333,127.9
72334,129.7
72335,129.6
72336,128.8
72337,130.7
72338,129.5
72339,126.9
72340,125.5
72341,124.4
72342,125.6
72343,127.8
72344,127.3
72345,126.6
72346,126.9
72347,128.0
72348,126.4
72349,125.2
72350,127.3
72351,128.0
72352,127.6
72353,125.3
72354,123.3
72355,125.0
72356,127.6
72357,127.2
72358,125.6
72359,-9999.9
72360,-9999.9
72361,-9999.9
72362,-9999.9
72363,-9999.9
72364,-9999.9
72365,-9999.9
72366,-9999.9
72367,-9999.9
72368,-9999.9
72369,-9999.9
72370,-9999.9
72371,-9999.9
72372,-9999.9
72373,-9999.9
72374,-9999.9
72375,-9999.9
72376,-9999.9
72377,-9999.9
72378,-9999.9
72379,-9999.9
72380,-9999.9
72381,-9999.9
72382,-9999.9
72383,-9999.9
72384,-9999.9
72385,-9999.9
72386,-9999.9
72387,-9999.9
72388,-9999.9
72389,-9999.9
72390,-9999.9
72391,-9999.9
72392,-9999.9
72393,-9999.9
72394,-9999.9
72395,-9999.9
72396,-9999.9
72397,-9999.9
72398,-9999.9
72399,-9999.9
72400,-9999.9
72401,-9999.9
72402,-9999.9
72403,-9999.9
72404,-9999.9
72405,-9999.9
72406,-9999.9
72407,-9999.9
72408,-9999.9
72409,-9999.9
72410,-9999.9
72411,-9999.9
72412,-9999.9
72413,-9999.9
72414,-9999.9
72415,-9999.9
72416,-9999.9
72417,-9999.9
72418,-9999.9
72419,-9999.9
72420,-9999.9
72421,-9999.9
72422,-9999.9
72423,-9999.9
72424,-9999.9
72425,-9999.9
72426,-9999.9
72427,-9999.9
72428,-9999.9
72429,-9999.9
72430,-9999.9
72431,-9999.9
72432,-9999.9
72433,-9999.9
72434,-9999.9
72435,-9999.9
72436,-9999.9
72437,-9999.9
72438,-9999.9
72439,-9999.9
72440,-9999.9
72441,-9999.9
72442,-9999.9
72443,-9999.9
72444,-9999.9
72445,-9999.9
72446,-9999.9
72447,-9999.9
72448,-9999.9
72449,-9999.9
72450,-9999.9
72451,-9999.9
72452,-9999.9
72453,-9999.9
72454,-9999.9
72455,-9999.9
72456,-9999.9
72457,-9999.9
72458,-9999.9
72459,-9999.9
72460,-9999.9
72461,-9999.9
72462,-9999.9
72463,-9999.9
72464,-9999.9
72465,-9999.9
72466,-9999.9
72467,-9999.9
72468,-9999.9
72469,-9999.9
72470,-9999.9
72471,-9999.9
72472,-9999.9
72473,-9999.9
72474,-9999.9
72475,-9999.9
72476,-9999.9
72477,-9999.9
72478,-9999.9
72479,-9999.9
72480,-9999.9
72481,-9999.9
72482,-9999.9
72483,-9999.9
72484,-9999.9
72485,126.1
72486,127.8
72487,128.2
72488,128.3
72489,124.9
72490,122.9
72491,124.0
72492,124.8
72493,125.7
72494,126.5
72495,126.6
72496,126.9
72497,125.2
72498,126.8
72499,129.7
72500,127.3
72501,124.8
72502,125.0
72503,124.8
72504,125.8
72505,124.3
72506,122.3
72507,122.7
72508,122.0
72509,128.6
72510,126.5
72511,123.3
72512,123.6
72513,127.2
72514,127.3
72515,123.5
72516,124.3
72517,125.2
72518,124.4
72519,125.1
72520,127.2
72521,129.1
72522,127.2
72523,125.5
72524,124.9
72525,125.2
72526,127.5
72527,126.0
72528,124.8
72529,126.5
72530,125.7
72531,124.9
72532,126.5
72533,125.4
72534,123.0
72535,125.1
72536,127.5
72537,126.6
72538,126.0
72539,127.3
72540,128.5
72541,128.0
72542,126.7
72543,127.2
72544,127.2
72545,129.7
72546,130.0
72547,131.3
72548,132.5
72549,132.8
72550,130.6
72551,129.9
72552,131.2
72553,132.6
72554,133.0
72555,131.4
72556,131.1
72557,130.9
72558,132.3
72559,135.2
72560,134.9
72561,132.7
72562,131.5
72563,133.2
72564,133.8
72565,131.9
72566,131.4
72567,132.4
72568,132.5
72569,131.6
72570,131.3
72571,131.5
72572,132.2
72573,130.6
72574,129.6
72575,131.0
72576,132.4
72577,132.8
72578,132.4
72579,136.1
72580,134.7
72581,133.4
72582,133.4
72583,134.0
72584,131.8
72585,129.0
72586,129.4
72587,129.7
72588,131.5
72589,131.9
72590,132.0
72591,131.8
72592,130.5
72593,131.0
72594,131.7
72595,133.3
72596,132.3
72597,130.4
72598,130.9
72599,133.9
72600,135.7
72601,133.7
72602,132.6
72603,131.7
72604,134.3
72605,135.0
72606,133.1
72607,131.0
72608,131.5
72609,133.9
72610,131.7
72611,130.8
72612,131.2
72613,131.9
72614,131.7
72615,132.0
72616,130.9
72617,130.3
72618,132.5
72619,131.5
72620,131.6
72621,131.7
72622,129.3
72623,130.9
72624,132.4
72625,131.8
72626,131.7
72627,132.8
72628,133.6
72629,132.7
72630,131.0
72631,129.8
72632,131.7
72633,132.1
72634,132.2
72635,132.3
72636,131.0
72637,132.2
72638,133.2
72639,132.5
72640,133.3
72641,135.0
72642,135.4
72643,132.9
72644,132.7
72645,133.8
72646,132.4
72647,132.3
72648,133.6
72649,133.5
72650,131.7
72651,132.7
72652,135.9
72653,135.4
72654,133.0
72655,132.4
72656,132.0
72657,130.4
72658,130.1
72659,131.2
