data/raw/Flight2/CO_POLAR6_20150407_R1_NETCARE.ict
34, 1001
Bozem, Heiko; Hoor, Peter
Institute for Atmospheric Physics, Johannes Gutenberg University, Mainz, Germany
CO mixing ratio from AL5002 CO analyzer
NETCARE Polar 6 Campaign 2015
1, 1
2015, 04, 07, 2015, 08, 15
1
Time_UTC, seconds
1
1
-9999.9
CO_ppbv, ppbv
0
19
PI_CONTACT_INFO: Address: Johann-Joachim-Becherweg 21, 55128 Mainz, email: bozemh@uni-mainz.de; hoor@uni-mainz.de
PLATFORM: Polar 6
LOCATION: GPS location and altitude available at 1 Hz resolution in separate file (See AIMMS files under Aircraft data and meteorology)
ASSOCIATED_DATA: N/A
INSTRUMENT_INFO: CO measurements based on the fluorescence of CO in the VUV at 150 nm
DATA_INFO: Units are ppbv
UNCERTAINTY RELATIVE TO STANDARD: 2.3 ppbv at 1 sigma confidence (before drift correction is applied)
ULOD_FLAG: -7777
ULOD_VALUE: N/A
LLOD_FLAG: -8888
LLOD_VALUE: 1.5 
DM_CONTACT_INFO: N/A
PROJECT_INFO: NETCARE Polar 6 aircraft campaign in April 2015; Alert
STIPULATIONS_ON_USE: N/A
OTHER_COMMENTS: N/A
REVISION: R1
R0: Preliminary data, corrected for instrument drift
R1: Final data, corrected for instrument drift
Time_UTC,CO_ppbv
[from data line 5270]
64787,145.1
64788,143.8
64789,143.9
64790,144.5
64791,144.9
64792,145.3
64793,145.3
64794,145.2
64795,145.6
64796,147.6
64797,148.9
64798,145.8
64799,147.3
64800,148.1
64801,147.1
64802,147.3
64803,144.5
64804,143.6
64805,147.8
64806,149.2
64807,147.4
64808,146.6
64809,147.4
64810,149.2
64811,149.3
64812,148.8
64813,145.6
64814,146.6
64815,149.8
64816,149.7
64817,148.2
64818,145.3
64819,145.5
64820,148.1
64821,146.0
64822,144.8
64823,144.1
64824,144.2
64825,145.8
64826,147.7
64827,146.4
64828,146.7
64829,149.3
64830,147.3
64831,144.2
64832,145.2
64833,147.4
64834,147.1
64835,146.8
64836,147.0
64837,146.1
64838,144.9
64839,148.0
64840,146.9
64841,145.0
64842,145.1
64843,143.8
64844,146.1
64845,145.9
64846,143.6
64847,145.2
64848,147.5
64849,147.4
64850,146.4
64851,146.3
64852,145.3
64853,145.2
64854,145.8
64855,146.1
64856,146.4
64857,145.0
64858,144.0
64859,146.3
64860,147.6
64861,146.8
64862,144.8
64863,145.6
64864,147.7
64865,147.4
64866,147.0
64867,144.5
64868,144.9
64869,145.4
64870,144.4
64871,146.5
64872,147.5
64873,145.8
64874,143.8
64875,144.8
64876,147.5
64877,146.2
64878,144.6
64879,146.5
64880,149.2
64881,146.4
64882,143.7
64883,144.9
64884,144.9
64885,144.9
64886,144.5
64887,146.0
64888,148.0
64889,149.1
64890,147.2
64891,145.5
64892,147.1
64893,145.9
64894,144.9
64895,144.9
64896,144.9
64897,147.1
64898,147.8
64899,145.5
64900,145.2
64901,146.4
64902,147.2
64903,146.2
64904,143.6
64905,144.1
64906,144.4
64907,143.4
64908,146.6
64909,148.1
64910,145.8
64911,146.6
64912,147.5
64913,147.8
64914,146.5
64915,146.1
64916,146.6
64917,145.7
64918,145.6
64919,145.1
64920,143.1
64921,145.7
64922,147.3
64923,144.2
64924,143.0
64925,146.7
64926,145.2
64927,144.9
64928,147.4
64929,147.3
64930,145.9
64931,142.9
64932,143.4
64933,145.1
64934,145.7
64935,143.9
64936,145.5
64937,145.6
64938,144.1
64939,144.8
64940,144.9
64941,146.2
64942,145.9
64943,147.2
64944,147.7
64945,145.7
64946,147.9
64947,147.0
64948,145.7
64949,148.4
64950,148.3
64951,145.3
64952,144.1
64953,145.7
64954,146.2
64955,147.8
64956,147.1
64957,142.6
64958,142.3
64959,143.1
64960,142.7
64961,144.4
64962,144.5
64963,145.8
64964,144.8
64965,144.8
64966,146.5
64967,146.1
64968,148.1
64969,146.2
64970,143.5
64971,145.3
64972,148.1
64973,148.4
64974,145.6
64975,145.4
64976,144.2
64977,143.3
64978,144.7
64979,143.4
64980,143.2
64981,144.6
64982,146.7
64983,146.9
64984,144.6
64985,143.8
64986,145.3
64987,146.0
64988,145.4
64989,145.4
64990,141.2
64991,142.4
64992,145.8
64993,145.0
64994,144.1
64995,143.2
64996,143.0
64997,144.2
64998,145.4
64999,146.3
65000,145.4
65001,146.2
65002,147.5
65003,143.8
65004,141.3
65005,142.3
65006,140.6
65007,142.6
65008,142.3
65009,142.1
65010,142.5
65011,145.1
65012,147.6
65013,144.3
65014,146.1
65015,146.9
65016,144.6
65017,143.0
65018,146.3
65019,146.6
65020,142.6
65021,144.4
65022,145.7
65023,146.0
65024,145.4
65025,145.9
65026,144.8
65027,143.5
65028,145.2
65029,144.3
65030,141.5
65031,142.5
65032,144.0
65033,145.1
65034,145.1
65035,146.1
65036,146.6
65037,144.7
65038,142.0
65039,142.1
65040,142.9
65041,143.7
65042,146.1
65043,145.1
65044,145.4
65045,146.0
65046,143.9
65047,142.6
65048,144.2
65049,146.2
65050,148.0
65051,147.2
65052,145.3
65053,145.6
65054,144.2
65055,141.4
65056,143.5
65057,146.1
65058,145.6
65059,146.2
65060,144.8
65061,144.0
65062,143.2
65063,142.4
65064,142.2
65065,144.8
65066,146.6
65067,143.8
65068,145.1
65069,146.5
65070,144.5
65071,145.2
65072,147.8
65073,147.6
65074,145.8
65075,146.1
65076,146.2
65077,145.2
65078,145.1
65079,144.9
65080,142.8
65081,143.0
65082,146.6
65083,147.9
65084,145.1
65085,142.5
65086,145.5
65087,147.2
65088,145.4
65089,145.7
65090,145.8
65091,146.0
65092,146.7
65093,144.1
65094,142.8
65095,141.7
65096,143.7
65097,144.7
65098,145.1
65099,143.8
65100,143.7
65101,145.5
65102,144.1
65103,144.7
65104,146.0
65105,145.6
65106,143.5
65107,140.8
65108,144.1
65109,146.2
65110,144.0
65111,144.3
65112,145.6
65113,146.0
65114,144.9
65115,145.1
65116,144.3
65117,144.8
65118,143.6
65119,143.6
65120,144.2
65121,143.4
65122,146.0
65123,144.5
65124,145.7
65125,147.5
65126,145.9
65127,149.6
65128,147.7
65129,145.4
65130,145.5
65131,144.6
65132,143.7
65133,145.6
65134,147.4
65135,146.4
65136,146.4
65137,148.0
65138,146.7
65139,144.8
65140,146.4
65141,147.0
65142,147.3
65143,146.6
65144,144.7
65145,145.3
65146,147.1
65147,145.0
65148,142.7
65149,144.3
65150,145.7
65151,145.6
65152,143.1
65153,143.6
65154,146.3
65155,145.2
65156,144.2
65157,145.4
65158,145.5
65159,144.3
65160,142.9
65161,144.9
65162,143.1
65163,142.6
65164,144.2
65165,144.1
65166,146.3
65167,146.1
65168,144.3
65169,144.8
65170,145.7
65171,145.8
65172,146.5
65173,146.4
65174,143.1
65175,143.2
65176,142.7
65177,141.2
65178,144.0
65179,146.0
65180,143.9
65181,142.4
65182,142.2
65183,142.5
65184,144.7
65185,144.5
65186,142.2
65187,142.8
65188,142.6
65189,143.2
65190,143.7
65191,143.2
65192,144.5
65193,144.2
65194,143.9
65195,144.5
65196,142.6
65197,141.9
65198,143.2
65199,143.5
65200,144.8
65201,146.0
65202,145.0
65203,144.1
65204,144.7
65205,144.4
65206,143.9
65207,145.5
65208,145.6
65209,145.5
65210,145.2
65211,143.4
65212,143.1
65213,145.6
65214,147.0
65215,147.0
65216,146.4
65217,144.5
65218,144.5
65219,144.2
65220,144.4
65221,144.1
65222,144.4
65223,144.5
65224,145.0
65225,144.5
65226,140.0
65227,138.8
65228,140.3
65229,142.9
65230,142.6
65231,143.0
65232,144.4
65233,144.8
65234,143.9
65235,143.1
65236,142.8
65237,142.2
65238,142.5
65239,142.0
65240,140.4
65241,143.3
65242,146.3
65243,144.2
65244,141.5
65245,141.6
65246,141.4
65247,142.1
65248,141.1
65249,141.8
65250,143.1
65251,139.7
65252,141.6
65253,143.6
65254,142.0
65255,141.7
65256,141.7
65257,141.1
65258,141.6
65259,142.3
65260,141.6
65261,144.2
65262,144.6
65263,141.0
65264,139.5
65265,139.5
65266,141.9
65267,141.5
65268,141.5
65269,144.1
65270,144.5
65271,144.3
65272,144.3
65273,141.2
65274,139.4
65275,140.3
65276,140.9
65277,141.1
65278,139.6
65279,139.4
65280,139.5
65281,136.3
65282,137.1
65283,140.6
65284,141.0
65285,141.9
65286,142.7
65287,139.4
65288,138.9
65289,138.4
65290,137.2
65291,139.4
65292,139.4
65293,139.1
65294,138.6
65295,138.2
65296,139.0
65297,138.9
65298,136.5
65299,134.4
65300,137.9
65301,138.2
65302,136.6
65303,135.5
65304,140.7
65305,141.6
65306,140.2
65307,142.3
65308,140.4
65309,138.0
65310,137.6
65311,136.8
65312,136.6
65313,137.0
65314,137.3
65315,137.8
65316,138.8
65317,138.3
65318,136.5
65319,135.9
65320,137.5
65321,140.2
65322,140.3
65323,141.4
65324,143.6
65325,139.8
65326,139.6
65327,143.8
65328,139.0
65329,137.3
65330,139.9
65331,138.9
65332,138.9
65333,139.0
65334,134.4
65335,135.1
65336,137.3
65337,138.4
65338,137.1
65339,136.6
65340,134.6
65341,137.5
65342,141.1
65343,138.3
65344,135.7
65345,136.9
65346,140.2
65347,139.7
65348,139.0
65349,138.3
65350,138.2
65351,137.3
65352,137.7
65353,138.4
65354,136.6
65355,137.7
65356,140.3
65357,139.6
65358,137.2
65359,139.0
65360,138.3
65361,137.4
65362,139.6
65363,139.8
65364,139.1
65365,139.3
65366,141.9
65367,140.1
65368,136.5
65369,140.5
65370,139.2
65371,137.6
65372,138.0
65373,137.1
65374,139.6
65375,141.7
65376,139.8
65377,139.4
65378,139.1
65379,137.9
65380,138.0
65381,138.1
65382,139.3
65383,142.8
65384,140.5
65385,136.2
65386,137.2
65387,137.6
65388,137.2
65389,137.6
65390,136.9
65391,135.2
65392,136.0
65393,139.8
65394,141.0
65395,138.4
65396,136.4
65397,137.4
65398,138.0
65399,139.0
65400,140.0
65401,137.9
65402,136.3
65403,135.9
65404,137.9
65405,139.8
65406,138.2
65407,137.3
65408,137.3
65409,137.9
65410,138.8
65411,138.5
65412,139.1
65413,139.1
65414,134.9
65415,134.1
65416,137.5
65417,137.5
65418,135.4
65419,136.0
65420,136.9
65421,138.1
65422,137.8
65423,134.7
65424,136.2
65425,138.4
65426,139.5
65427,140.5
65428,141.1
65429,139.2
65430,136.7
65431,138.4
65432,140.0
65433,139.9
65434,139.8
65435,138.7
65436,137.9
65437,138.5
65438,140.1
65439,140.1
65440,138.9
65441,139.9
65442,141.0
65443,140.8
65444,141.2
65445,140.1
65446,139.9
65447,140.4
65448,136.9
65449,138.4
65450,143.2
65451,141.6
65452,139.5
65453,138.2
65454,137.7
65455,140.8
65456,142.0
65457,140.6
65458,139.4
65459,139.6
65460,141.8
65461,143.7
65462,140.7
65463,139.5
65464,140.1
65465,139.2
65466,138.5
65467,137.8
65468,139.3
65469,137.3
65470,137.7
65471,141.1
65472,140.8
65473,138.9
65474,135.0
65475,135.1
65476,137.3
65477,135.9
65478,137.7
65479,138.7
65480,137.3
65481,137.0
65482,139.2
65483,138.9
65484,135.5
65485,136.4
65486,136.7
65487,137.2
65488,135.2
65489,131.8
65490,133.9
65491,137.0
65492,137.4
65493,135.7
65494,134.7
65495,136.1
65496,136.3
65497,134.6
65498,133.8
65499,135.8
65500,137.1
65501,137.3
65502,136.1
65503,134.7
65504,133.3
65505,131.4
65506,132.8
65507,133.7
65508,136.0
65509,137.8
65510,135.3
65511,132.7
65512,133.1
65513,134.3
65514,136.9
65515,138.0
65516,135.9
65517,135.1
65518,138.0
65519,141.4
65520,141.1
65521,140.1
65522,138.9
65523,135.7
65524,134.8
65525,136.2
65526,134.2
65527,133.1
65528,133.8
65529,135.9
65530,136.9
65531,136.7
65532,136.0
65533,135.3
65534,135.9
65535,135.8
65536,138.7
65537,138.3
65538,136.3
65539,136.7
65540,135.1
65541,135.1
65542,136.9
65543,136.6
65544,136.9
65545,135.5
65546,135.4
65547,138.0
65548,134.3
65549,130.3
65550,133.0
65551,134.7
65552,134.1
65553,135.3
65554,134.8
65555,136.1
65556,135.3
65557,133.6
65558,135.0
65559,133.7
65560,132.7
65561,133.3
65562,134.1
65563,136.0
65564,138.3
65565,137.3
65566,134.5
65567,136.2
65568,137.0
65569,136.3
65570,136.6
65571,134.8
65572,136.9
65573,139.8
65574,138.0
65575,135.8
65576,138.9
65577,137.4
65578,135.7
65579,137.2
65580,137.1
65581,136.7
65582,137.6
65583,138.2
65584,137.8
65585,135.9
65586,135.7
65587,135.7
65588,134.3
65589,134.2
65590,136.5
65591,135.0
65592,134.2
65593,137.9
65594,138.9
65595,140.1
65596,140.1
65597,137.0
65598,133.9
65599,133.0
65600,135.0
65601,136.5
65602,137.5
65603,136.3
65604,133.3
65605,133.1
65606,133.4
65607,134.0
65608,137.9
65609,140.3
65610,138.0
65611,135.9
65612,136.1
65613,137.1
65614,136.8
65615,136.1
65616,134.1
65617,135.6
65618,135.5
65619,134.7
65620,136.8
65621,134.0
65622,132.1
65623,133.6
65624,132.6
65625,133.2
65626,134.6
65627,135.3
65628,136.6
65629,135.2
65630,134.3
65631,135.2
65632,133.3
65633,132.6
65634,132.9
65635,134.7
65636,136.2
65637,134.9
65638,132.8
65639,131.8
65640,134.4
65641,134.8
65642,131.8
65643,131.3
65644,131.7
65645,133.2
65646,135.4
65647,138.3
65648,138.3
65649,133.6
65650,129.9
65651,132.2
65652,136.1
65653,138.3
65654,136.5
65655,133.4
65656,133.1
65657,133.3
65658,131.8
65659,129.2
65660,131.3
65661,132.7
65662,132.3
65663,132.1
65664,132.6
65665,135.2
65666,136.0
65667,133.4
65668,133.9
65669,136.9
65670,135.4
65671,135.7
65672,138.1
65673,134.0
65674,129.8
65675,133.3
65676,135.0
65677,135.1
65678,136.0
65679,132.9
65680,131.1
65681,132.6
65682,134.0
65683,132.8
65684,131.4
65685,131.8
65686,134.4
65687,133.0
65688,134.6
65689,135.7
65690,132.9
65691,133.0
65692,131.9
65693,129.5
65694,133.7
65695,136.2
65696,134.1
65697,133.7
65698,133.7
65699,135.7
65700,134.9
65701,132.5
65702,134.2
65703,136.0
65704,133.5
65705,131.5
65706,134.6
65707,133.9
65708,131.8
65709,134.4
65710,136.9
65711,137.6
65712,137.1
65713,132.3
65714,132.6
65715,133.4
65716,135.5
65717,134.5
65718,132.9
65719,135.1
65720,134.2
65721,133.1
65722,134.5
65723,134.7
65724,134.3
65725,134.9
65726,135.3
65727,134.6
65728,134.3
65729,132.2
65730,131.5
65731,133.6
65732,136.3
65733,136.6
65734,134.5
65735,135.8
65736,137.4
65737,135.5
65738,134.7
65739,133.6
65740,132.9
65741,134.0
65742,133.6
65743,132.7
65744,130.8
65745,132.8
65746,134.0
65747,131.7
65748,131.4
65749,133.9
65750,136.1
65751,134.0
65752,133.7
65753,133.6
65754,132.8
65755,134.8
65756,134.8
65757,135.1
65758,133.3
65759,132.2
65760,133.2
65761,134.7
65762,136.5
65763,136.6
65764,135.3
65765,134.3
65766,134.0
65767,133.1
65768,135.5
65769,134.9
65770,133.3
65771,135.5
65772,135.7
65773,132.8
65774,133.1
65775,132.6
65776,131.4
65777,130.4
65778,131.0
65779,132.7
65780,132.5
65781,133.6
65782,130.4
65783,132.1
65784,133.1
65785,131.0
65786,131.2
65787,130.5
65788,131.2
65789,135.3
65790,132.2
65791,130.5
65792,133.4
65793,131.5
65794,130.0
65795,129.8
65796,130.7
65797,132.0
65798,132.5
65799,133.7
65800,131.6
65801,129.0
65802,128.0
65803,132.0
65804,133.2
65805,131.6
65806,131.8
65807,131.7
65808,133.5
65809,132.3
65810,133.1
65811,131.6
65812,131.7
65813,133.7
65814,130.5
65815,128.7
65816,131.9
65817,131.9
65818,126.5
65819,129.1
65820,130.4
65821,130.0
65822,130.3
65823,131.0
65824,131.5
65825,129.2
65826,127.7
65827,128.4
65828,131.7
65829,131.7
65830,131.7
65831,131.7
65832,132.1
65833,132.4
65834,132.3
65835,133.3
65836,134.1
65837,135.0
65838,131.1
65839,129.2
65840,128.3
65841,127.8
65842,129.1
65843,130.0
65844,131.5
65845,129.9
65846,128.1
65847,129.5
65848,129.9
65849,131.6
65850,132.8
65851,131.7
65852,133.9
65853,133.5
65854,132.4
65855,132.4
65856,132.3
65857,133.0
65858,134.3
65859,132.6
65860,133.9
65861,134.5
65862,130.0
65863,130.2
65864,132.3
65865,130.9
65866,130.8
65867,130.6
65868,129.4
65869,129.5
65870,129.6
65871,130.0
65872,130.6
65873,132.1
65874,133.0
65875,131.3
65876,134.2
65877,136.3
65878,131.3
65879,130.0
65880,131.5
65881,130.7
65882,131.3
65883,133.8
65884,132.5
65885,129.8
65886,134.8
65887,133.4
65888,130.9
65889,130.9
65890,131.7
65891,131.3
65892,129.9
65893,131.0
65894,131.8
65895,128.7
65896,129.3
65897,130.0
65898,128.3
65899,126.8
65900,127.9
65901,129.0
65902,128.9
65903,127.3
65904,125.0
65905,127.2
65906,126.3
65907,123.1
65908,124.0
65909,125.5
65910,124.0
65911,123.5
65912,125.6
65913,127.4
65914,126.2
65915,124.7
65916,127.6
65917,128.9
65918,126.8
65919,124.5
65920,123.3
65921,126.7
65922,125.5
65923,125.8
65924,126.0
65925,124.0
65926,123.1
65927,123.9
65928,125.6
65929,125.4
65930,122.3
65931,122.8
65932,123.7
65933,123.8
65934,125.5
65935,124.7
65936,125.4
65937,126.0
65938,122.2
65939,123.0
65940,127.0
65941,124.7
65942,125.0
65943,128.7
65944,127.4
65945,126.2
65946,125.2
65947,124.4
65948,125.2
65949,121.5
65950,120.7
65951,123.3
65952,123.9
65953,124.5
65954,125.2
65955,120.7
65956,121.4
65957,124.2
65958,126.8
65959,124.9
65960,123.4
65961,125.9
65962,127.6
65963,126.5
65964,125.9
65965,128.1
65966,128.3
65967,127.2
65968,124.9
65969,126.0
65970,126.7
65971,125.5
65972,125.8
65973,125.4
65974,126.5
65975,126.3
65976,124.7
65977,123.1
65978,124.4
65979,124.1
65980,123.2
65981,126.0
65982,124.8
65983,123.3
65984,126.8
65985,128.9
65986,127.7
65987,126.6
65988,127.2
65989,125.6
65990,124.0
65991,123.5
65992,125.5
65993,125.7
65994,127.3
65995,129.3
65996,127.4
65997,128.3
65998,129.6
65999,128.1
66000,127.0
66001,126.6
66002,127.7
66003,128.4
66004,127.8
66005,129.4
66006,132.0
66007,128.9
66008,125.5
66009,125.2
66010,126.2
66011,127.8
66012,130.0
66013,129.8
66014,127.7
66015,126.9
66016,125.0
66017,122.3
66018,125.0
66019,128.2
66020,126.8
66021,125.7
66022,124.0
66023,122.7
66024,124.6
66025,124.6
66026,127.1
66027,126.4
66028,123.5
66029,125.2
66030,126.7
66031,126.1
66032,124.5
66033,123.7
66034,124.5
66035,122.0
66036,122.8
66037,125.6
66038,124.9
66039,126.0
66040,127.3
66041,126.6
66042,126.0
66043,126.0
66044,125.4
66045,122.4
66046,120.4
66047,123.6
66048,125.9
66049,124.8
66050,123.5
66051,126.2
66052,126.8
66053,126.3
66054,127.2
66055,127.5
66056,129.6
66057,130.6
66058,132.1
66059,130.6
66060,128.7
66061,128.3
66062,127.9
66063,127.8
66064,127.2
66065,127.8
66066,128.2
66067,-9999.9
66068,-9999.9
66069,-9999.9
66070,-9999.9
66071,-9999.9
66072,-9999.9
66073,-9999.9
66074,-9999.9
66075,-9999.9
66076,-9999.9
66077,-9999.9
66078,-9999.9
66079,-9999.9
66080,-9999.9
66081,-9999.9
66082,-9999.9
66083,-9999.9
66084,-9999.9
66085,-9999.9
66086,-9999.9
66087,-9999.9
66088,-9999.9
66089,-9999.9
66090,-9999.9
66091,-9999.9
66092,-9999.9
66093,-9999.9
66094,-9999.9
66095,-9999.9
66096,-9999.9
66097,-9999.9
66098,-9999.9
66099,-9999.9
66100,-9999.9
66101,-9999.9
66102,-9999.9
66103,-9999.9
66104,-9999.9
66105,-9999.9
66106,-9999.9
66107,-9999.9
66108,-9999.9
66109,-9999.9
66110,-9999.9
66111,-9999.9
