data/raw/Flight2/CO_POLAR6_20150407_R1_NETCARE.ict
34, 1001
Bozem, Heiko; Hoor, Peter
Institute for Atmospheric Physics, Johannes Gutenberg University, Mainz, Germany
CO mixing ratio from AL5002 CO analyzer
NETCARE Polar 6 Campaign 2015
1, 1
2015, 04, 07, 2015, 08, 15
1
Time_UTC, seconds
1
1
-9999.9
CO_ppbv, ppbv
0
19
PI_CONTACT_INFO: Address: Johann-Joachim-Becherweg 21, 55128 Mainz, email: bozemh@uni-mainz.de; hoor@uni-mainz.de
PLATFORM: Polar 6
LOCATION: GPS location and altitude available at 1 Hz resolution in separate file (See AIMMS files under Aircraft data and meteorology)
ASSOCIATED_DATA: N/A
INSTRUMENT_INFO: CO measurements based on the fluorescence of CO in the VUV at 150 nm
DATA_INFO: Units are ppbv
UNCERTAINTY RELATIVE TO STANDARD: 2.3 ppbv at 1 sigma confidence (before drift correction is applied)
ULOD_FLAG: -7777
ULOD_VALUE: N/A
LLOD_FLAG: -8888
LLOD_VALUE: 1.5 
DM_CONTACT_INFO: N/A
PROJECT_INFO: NETCARE Polar 6 aircraft campaign in April 2015; Alert
STIPULATIONS_ON_USE: N/A
OTHER_COMMENTS: N/A
REVISION: R1
R0: Preliminary data, corrected for instrument drift
R1: Final data, corrected for instrument drift
Time_UTC,CO_ppbv
[from data line 13144]
72661,132.3
72662,130.9
72663,131.0
72664,131.5
72665,130.6
72666,130.4
72667,131.3
72668,132.7
72669,129.9
72670,128.4
72671,128.9
72672,127.7
72673,127.9
72674,130.6
72675,131.9
72676,131.3
72677,129.0
72678,127.9
72679,131.8
72680,129.9
72681,124.9
72682,129.9
72683,128.4
72684,127.0
72685,124.9
72686,124.0
72687,125.3
72688,126.2
72689,126.6
72690,125.8
72691,123.5
72692,124.0
72693,126.9
72694,126.8
72695,125.8
72696,124.4
72697,124.4
72698,127.0
72699,127.4
72700,125.6
72701,126.2
72702,126.4
72703,124.4
72704,124.1
72705,125.2
72706,124.7
72707,122.9
72708,122.0
72709,122.5
72710,125.6
72711,126.5
72712,123.5
72713,124.4
72714,124.7
72715,122.7
72716,123.8
72717,123.4
72718,122.0
72719,124.0
72720,124.2
72721,122.4
72722,123.8
72723,123.6
72724,123.9
72725,124.1
72726,-9999.9
72727,-9999.9
72728,-9999.9
72729,-9999.9
72730,-9999.9
72731,126.0
72732,125.7
72733,126.1
72734,126.1
72735,127.0
72736,127.2
72737,127.8
72738,127.6
72739,126.5
72740,123.9
72741,123.4
72742,125.9
72743,123.9
72744,124.1
72745,127.0
72746,128.1
72747,128.5
72748,128.4
72749,128.1
72750,128.2
72751,131.1
72752,129.8
72753,128.5
72754,127.6
72755,127.0
72756,129.1
72757,127.9
72758,128.4
72759,130.7
72760,130.0
72761,129.8
72762,128.0
72763,127.8
72764,129.0
72765,131.8
72766,131.0
72767,128.9
72768,128.4
72769,128.9
72770,130.2
72771,128.1
72772,130.4
72773,128.2
72774,126.1
72775,130.2
72776,130.2
72777,130.0
72778,129.0
72779,128.1
72780,128.6
72781,129.0
72782,127.5
72783,128.0
72784,130.1
72785,125.8
72786,125.8
72787,127.6
72788,127.0
72789,125.8
72790,128.2
72791,129.5
72792,128.7
72793,130.3
72794,126.8
72795,125.2
72796,128.2
72797,129.0
72798,128.7
72799,128.0
72800,129.7
72801,129.2
72802,128.4
72803,126.7
72804,124.3
72805,127.2
72806,127.7
72807,126.5
72808,126.6
72809,128.9
72810,129.2
72811,126.7
72812,129.2
72813,128.7
72814,127.0
72815,129.5
72816,129.8
72817,126.7
72818,125.0
72819,131.6
72820,131.6
72821,128.3
72822,128.9
72823,132.8
72824,133.2
72825,129.4
72826,130.4
72827,130.9
72828,130.7
72829,131.6
72830,130.8
72831,132.7
72832,135.2
72833,134.0
72834,132.3
72835,132.4
72836,131.9
72837,132.1
72838,132.6
72839,131.5
72840,132.7
72841,134.5
72842,135.6
72843,135.7
72844,136.9
72845,137.8
72846,136.2
72847,135.9
72848,136.3
72849,135.9
72850,134.9
72851,134.8
72852,135.7
72853,135.8
72854,135.0
72855,137.4
72856,134.8
72857,132.4
72858,133.3
72859,131.7
72860,130.9
72861,133.9
72862,131.9
72863,131.4
72864,130.7
72865,130.6
72866,134.2
72867,131.8
72868,129.9
72869,130.7
72870,134.3
72871,133.9
72872,129.6
72873,131.1
72874,130.8
72875,129.4
72876,130.0
72877,131.6
72878,133.7
72879,135.2
72880,132.3
72881,132.0
72882,133.7
72883,132.8
72884,131.6
72885,130.6
72886,131.7
72887,130.9
72888,130.4
72889,134.1
72890,132.9
72891,134.4
72892,134.9
72893,132.2
72894,131.1
72895,132.3
72896,132.5
72897,132.2
72898,131.4
72899,130.8
72900,133.0
72901,132.0
72902,131.6
72903,129.7
72904,129.6
72905,131.3
72906,131.6
72907,132.9
72908,132.0
72909,132.4
72910,135.2
72911,134.7
72912,133.6
72913,134.8
72914,134.2
72915,134.2
72916,135.4
72917,136.0
72918,133.2
72919,131.1
72920,131.7
72921,134.0
72922,135.8
72923,135.2
72924,132.2
72925,135.7
72926,135.6
72927,134.5
72928,136.1
72929,137.7
72930,138.6
72931,136.9
72932,138.3
72933,138.1
72934,138.7
72935,137.5
72936,133.6
72937,135.1
72938,138.5
72939,138.4
72940,135.5
72941,135.1
72942,135.3
72943,136.4
72944,137.1
72945,136.1
72946,138.1
72947,140.4
72948,137.5
72949,136.4
72950,137.6
72951,135.3
72952,136.2
72953,137.6
72954,139.0
72955,137.1
72956,134.6
72957,135.8
72958,135.6
72959,136.6
72960,136.9
72961,138.1
72962,139.4
72963,139.1
72964,139.1
72965,139.1
72966,138.7
72967,136.9
72968,137.5
72969,138.1
72970,136.2
72971,135.4
72972,138.3
72973,138.3
72974,136.5
72975,136.2
72976,135.6
72977,137.5
72978,139.0
72979,139.2
72980,136.7
72981,135.5
72982,138.3
72983,139.1
72984,137.6
72985,136.7
72986,137.5
72987,138.4
72988,136.3
72989,135.4
72990,135.5
72991,134.5
72992,138.3
72993,137.6
72994,137.2
72995,137.1
72996,136.1
72997,137.6
72998,139.9
72999,140.3
73000,139.8
73001,140.6
73002,139.6
73003,138.6
73004,136.9
73005,135.2
73006,139.5
73007,141.8
73008,140.0
73009,140.9
73010,138.6
73011,134.4
73012,136.3
73013,136.2
73014,136.2
73015,137.0
73016,136.8
73017,139.1
73018,139.5
73019,136.8
73020,137.8
73021,139.2
73022,136.6
73023,136.5
73024,137.7
73025,136.0
73026,134.4
73027,133.7
73028,134.9
73029,135.6
73030,135.0
73031,135.4
73032,137.6
73033,137.9
73034,136.6
73035,135.3
73036,136.4
73037,136.6
73038,136.1
73039,139.6
73040,137.8
73041,133.7
73042,135.5
73043,136.6
73044,138.6
73045,139.9
73046,139.7
73047,138.3
73048,138.4
73049,138.6
73050,135.7
73051,136.0
73052,137.9
73053,137.1
73054,136.4
73055,137.8
73056,137.2
73057,136.5
73058,136.5
73059,138.2
73060,139.5
73061,139.9
73062,136.9
73063,135.1
73064,138.3
73065,140.0
73066,138.5
73067,138.1
73068,136.2
73069,134.6
73070,136.0
73071,136.9
73072,137.5
73073,139.8
73074,139.6
73075,135.4
73076,134.3
73077,138.1
73078,138.7
73079,137.2
73080,138.8
73081,140.5
73082,138.8
73083,138.0
73084,138.6
73085,136.1
73086,136.7
73087,139.1
73088,139.6
73089,136.6
73090,133.7
73091,136.8
73092,138.7
73093,138.9
73094,140.0
73095,136.3
73096,136.3
73097,138.8
73098,138.9
73099,135.8
73100,135.6
73101,141.2
73102,139.0
73103,136.3
73104,135.9
73105,136.8
73106,138.3
73107,136.8
73108,136.9
73109,137.6
73110,139.5
73111,140.7
73112,139.9
73113,137.9
73114,136.1
73115,138.0
73116,138.7
73117,136.5
73118,137.0
73119,136.8
73120,136.3
73121,136.3
73122,136.7
73123,135.9
73124,136.7
73125,138.2
73126,140.0
73127,140.6
73128,137.4
73129,138.9
73130,141.5
73131,137.1
73132,136.2
73133,137.7
73134,140.0
73135,139.4
73136,138.2
73137,138.3
73138,139.8
73139,139.4
73140,138.6
73141,137.1
73142,135.2
73143,136.6
73144,139.2
73145,139.2
73146,139.1
73147,138.9
73148,139.0
73149,137.9
73150,135.7
73151,136.7
73152,134.8
73153,136.3
73154,140.1
73155,138.2
73156,136.5
73157,137.9
73158,137.6
73159,135.4
73160,133.2
73161,132.7
73162,134.4
73163,134.9
73164,134.9
73165,134.5
73166,134.6
73167,135.5
73168,136.8
73169,136.0
73170,137.3
73171,139.0
73172,137.1
73173,133.7
73174,135.0
73175,137.8
73176,137.5
73177,138.4
73178,139.2
73179,138.4
73180,138.8
73181,140.2
73182,139.2
73183,139.4
73184,139.4
73185,138.0
73186,137.2
73187,137.1
73188,138.4
73189,137.9
73190,137.0
73191,139.8
73192,139.4
73193,135.1
73194,134.6
73195,136.6
73196,138.0
73197,138.4
73198,139.5
73199,140.5
73200,137.6
73201,140.8
73202,140.9
73203,138.8
73204,137.4
73205,135.5
73206,138.6
73207,139.0
73208,136.4
73209,136.6
73210,137.2
73211,138.5
73212,138.7
73213,136.5
73214,137.3
73215,138.7
73216,139.5
73217,137.6
73218,136.9
73219,137.5
73220,135.3
73221,138.3
73222,139.8
73223,136.7
73224,135.6
73225,138.3
73226,137.2
73227,138.0
73228,139.4
73229,137.9
73230,138.3
73231,137.3
73232,136.8
73233,136.3
73234,142.9
73235,140.0
73236,136.5
73237,136.0
73238,135.6
73239,135.5
73240,137.5
73241,138.7
73242,139.3
73243,136.8
73244,134.2
73245,133.6
73246,133.9
73247,136.8
73248,140.0
73249,139.6
73250,138.4
73251,138.3
73252,136.8
73253,137.9
73254,139.1
73255,136.2
73256,133.8
73257,134.4
73258,137.0
73259,136.6
73260,136.8
73261,140.7
73262,139.9
73263,139.8
73264,139.9
73265,138.0
73266,137.9
73267,138.7
73268,135.3
73269,138.1
73270,139.7
73271,138.3
73272,136.8
73273,137.4
73274,137.9
73275,137.5
73276,140.0
73277,138.3
73278,137.8
73279,139.1
73280,136.6
73281,136.4
73282,137.0
73283,138.6
73284,140.9
73285,138.4
73286,139.2
73287,139.0
73288,136.2
73289,138.9
73290,140.7
73291,138.7
73292,137.5
73293,138.7
73294,138.1
73295,137.9
73296,137.6
73297,136.5
73298,139.6
73299,142.9
73300,140.5
73301,137.5
73302,136.8
73303,139.2
73304,139.8
73305,141.6
73306,140.8
73307,138.7
73308,140.2
73309,138.3
73310,135.3
73311,137.9
73312,138.3
73313,137.0
73314,137.6
73315,139.5
73316,137.9
73317,137.9
73318,141.9
73319,141.6
73320,140.2
73321,138.4
73322,136.7
73323,136.4
73324,135.9
73325,137.0
73326,140.3
73327,140.9
73328,139.7
73329,138.6
73330,138.0
73331,139.3
73332,138.2
73333,136.3
73334,137.1
73335,138.4
73336,138.6
73337,140.5
73338,139.7
73339,138.3
73340,135.4
73341,135.8
73342,139.6
73343,137.2
73344,135.6
73345,137.7
73346,139.5
73347,138.0
73348,135.8
73349,136.4
73350,138.9
73351,141.1
73352,-9999.9
73353,-9999.9
73354,-9999.9
73355,-9999.9
73356,-9999.9
73357,-9999.9
73358,-9999.9
73359,-9999.9
73360,-9999.9
73361,-9999.9
73362,-9999.9
73363,-9999.9
73364,-9999.9
73365,-9999.9
73366,-9999.9
73367,-9999.9
73368,-9999.9
73369,-9999.9
73370,-9999.9
73371,-9999.9
73372,-9999.9
73373,-9999.9
73374,-9999.9
73375,-9999.9
73376,-9999.9
73377,-9999.9
73378,-9999.9
73379,-9999.9
73380,-9999.9
73381,-9999.9
73382,-9999.9
73383,-9999.9
73384,-9999.9
73385,-9999.9
73386,-9999.9
73387,-9999.9
73388,-9999.9
73389,-9999.9
73390,-9999.9
73391,-9999.9
73392,-9999.9
73393,-9999.9
73394,-9999.9
73395,-9999.9
73396,-9999.9
73397,-9999.9
73398,-9999.9
73399,-9999.9
73400,-9999.9
73401,-9999.9
73402,-9999.9
73403,-9999.9
73404,-9999.9
73405,-9999.9
73406,-9999.9
73407,-9999.9
73408,-9999.9
73409,-9999.9
73410,-9999.9
73411,-9999.9
73412,-9999.9
73413,-9999.9
73414,-9999.9
73415,-9999.9
73416,-9999.9
73417,-9999.9
73418,-9999.9
73419,-9999.9
73420,-9999.9
73421,-9999.9
73422,-9999.9
73423,-9999.9
73424,-9999.9
73425,-9999.9
73426,-9999.9
73427,-9999.9
73428,-9999.9
73429,-9999.9
73430,-9999.9
73431,-9999.9
73432,-9999.9
73433,-9999.9
73434,-9999.9
73435,-9999.9
73436,-9999.9
73437,-9999.9
73438,-9999.9
73439,-9999.9
73440,-9999.9
73441,-9999.9
73442,-9999.9
73443,-9999.9
73444,-9999.9
73445,-9999.9
73446,-9999.9
73447,-9999.9
73448,-9999.9
73449,-9999.9
73450,-9999.9
73451,-9999.9
73452,-9999.9
73453,-9999.9
73454,-9999.9
73455,-9999.9
73456,-9999.9
73457,-9999.9
73458,-9999.9
73459,-9999.9
73460,-9999.9
73461,-9999.9
73462,-9999.9
73463,-9999.9
73464,-9999.9
73465,-9999.9
73466,-9999.9
73467,-9999.9
73468,-9999.9
73469,-9999.9
73470,-9999.9
73471,-9999.9
73472,-9999.9
73473,-9999.9
73474,-9999.9
73475,-9999.9
73476,-9999.9
73477,-9999.9
73478,138.0
73479,139.3
73480,136.9
73481,135.9
73482,138.0
73483,136.0
73484,134.9
73485,137.6
73486,140.6
73487,138.4
73488,137.0
73489,138.3
73490,137.1
73491,139.8
73492,141.4
73493,139.1
73494,139.0
73495,137.3
73496,137.8
73497,138.6
73498,138.1
73499,138.9
73500,138.5
73501,138.1
73502,138.8
73503,139.1
73504,138.5
73505,137.9
73506,137.5
73507,136.6
73508,136.1
73509,137.3
73510,141.9
73511,141.1
73512,136.5
73513,138.0
73514,139.0
73515,134.8
73516,138.1
73517,140.3
73518,136.3
73519,135.7
73520,136.7
73521,136.0
73522,137.1
73523,136.2
73524,135.1
73525,134.7
73526,133.7
73527,132.6
73528,137.2
73529,140.0
73530,138.3
73531,139.5
73532,141.2
73533,138.9
73534,136.6
73535,138.8
73536,140.1
73537,138.2
73538,137.6
73539,137.4
73540,137.5
73541,138.9
73542,139.4
73543,140.5
73544,136.6
73545,139.5
73546,139.9
73547,136.8
73548,138.5
73549,139.8
73550,140.5
73551,138.1
73552,135.0
73553,134.5
73554,135.1
73555,136.9
73556,136.5
73557,136.2
73558,137.4
73559,137.4
73560,135.5
73561,138.2
73562,139.4
73563,138.4
73564,141.0
73565,141.6
73566,137.8
73567,135.5
73568,138.0
73569,139.7
73570,137.4
73571,137.6
73572,139.4
73573,139.0
73574,138.1
73575,138.2
73576,137.4
73577,138.6
73578,141.5
73579,139.1
73580,140.0
73581,141.1
73582,141.4
73583,140.6
73584,139.0
73585,139.5
73586,142.0
73587,137.9
73588,135.0
73589,138.7
73590,142.7
73591,141.3
73592,138.0
73593,137.8
73594,136.3
73595,136.5
73596,138.3
73597,140.2
73598,141.8
73599,140.3
73600,137.6
73601,136.8
73602,138.1
73603,140.4
73604,141.0
73605,139.4
73606,139.1
73607,139.3
73608,136.3
73609,136.2
73610,137.9
73611,139.2
73612,140.4
73613,138.2
73614,138.2
73615,138.8
73616,139.6
73617,140.8
73618,141.5
73619,141.4
73620,142.4
73621,139.5
73622,140.1
73623,139.9
73624,138.9
73625,142.0
73626,141.0
73627,139.8
73628,140.9
73629,139.1
73630,136.6
73631,136.3
73632,137.2
73633,136.9
73634,137.4
73635,140.2
73636,143.3
73637,141.9
73638,138.5
73639,138.2
73640,140.0
73641,140.1
73642,137.9
73643,140.0
73644,143.3
73645,142.2
73646,140.1
73647,144.2
73648,144.2
73649,137.5
73650,138.4
73651,141.2
73652,140.5
73653,140.2
73654,141.9
73655,141.9
73656,143.0
73657,141.9
73658,141.2
73659,141.2
73660,139.1
73661,140.7
73662,139.8
73663,138.7
73664,143.0
73665,141.8
73666,140.3
73667,139.8
73668,139.2
73669,139.9
73670,139.6
73671,139.7
73672,140.5
73673,142.4
73674,141.0
73675,139.5
73676,141.9
73677,142.1
73678,140.8
73679,140.1
73680,140.5
73681,141.3
73682,141.1
73683,139.9
73684,139.1
73685,140.5
73686,142.0
73687,139.6
73688,139.6
73689,141.6
73690,140.7
73691,140.3
73692,142.0
73693,142.4
73694,143.3
73695,142.5
73696,140.4
73697,141.8
73698,139.8
73699,138.6
73700,141.3
73701,142.0
73702,142.7
73703,142.7
73704,141.1
73705,139.7
73706,139.7
73707,139.2
73708,140.1
73709,143.5
73710,142.8
73711,141.8
73712,144.1
73713,142.5
73714,139.4
73715,142.1
73716,145.1
73717,135.9
73718,137.5
73719,140.2
73720,142.2
73721,144.0
73722,144.5
73723,142.2
73724,142.4
73725,143.4
73726,143.8
73727,144.2
73728,142.9
73729,142.1
73730,141.9
73731,143.0
73732,143.3
73733,143.0
73734,142.8
73735,141.6
73736,141.5
73737,144.4
73738,145.5
73739,144.2
73740,142.1
73741,139.0
73742,141.8
73743,144.0
73744,141.6
73745,140.2
73746,141.3
73747,142.7
73748,140.9
73749,142.1
73750,144.1
73751,143.8
73752,141.4
73753,142.2
73754,142.6
73755,140.3
73756,140.1
73757,143.0
73758,142.0
73759,140.0
73760,142.7
73761,144.2
73762,143.9
73763,143.6
73764,140.0
73765,139.8
73766,144.8
73767,144.7
73768,140.2
73769,140.3
73770,143.8
73771,145.2
73772,143.8
73773,144.1
73774,145.6
73775,143.0
73776,142.6
73777,142.9
73778,143.6
73779,142.2
73780,140.9
73781,141.4
73782,140.3
73783,142.8
73784,144.0
73785,143.5
73786,143.2
73787,144.0
73788,144.1
73789,142.1
73790,142.7
73791,143.5
73792,140.4
73793,138.4
73794,139.9
73795,141.1
73796,142.0
73797,144.5
73798,147.2
73799,144.1
73800,140.5
73801,141.6
73802,142.3
73803,140.7
73804,142.5
73805,144.0
73806,142.3
73807,142.9
73808,142.6
73809,143.5
73810,143.5
73811,142.1
73812,140.7
73813,140.5
73814,141.9
73815,143.1
73816,143.2
73817,143.9
73818,144.8
73819,144.2
73820,140.7
73821,140.0
73822,141.5
73823,142.1
73824,141.3
73825,143.7
73826,143.3
73827,139.2
73828,140.5
73829,142.4
73830,141.1
73831,142.1
73832,142.7
73833,143.0
73834,142.5
73835,142.9
73836,146.1
73837,144.7
73838,140.5
73839,142.5
73840,143.6
73841,142.1
73842,142.1
73843,142.9
73844,142.2
73845,140.1
73846,141.2
73847,143.1
73848,142.0
73849,141.5
73850,141.6
73851,139.1
73852,141.2
73853,144.8
73854,145.2
73855,145.8
73856,144.3
73857,142.5
73858,141.6
73859,142.0
73860,145.3
73861,144.8
73862,140.5
73863,141.6
73864,143.4
73865,139.6
73866,141.1
73867,141.8
73868,139.9
73869,141.7
73870,142.2
73871,143.1
73872,143.5
73873,142.8
73874,142.4
73875,142.7
73876,141.9
73877,143.6
73878,143.7
73879,141.1
73880,141.8
73881,141.5
73882,142.2
73883,142.8
73884,141.9
73885,139.3
73886,137.5
73887,139.9
73888,141.2
73889,140.8
73890,141.8
73891,142.5
73892,141.9
73893,140.0
73894,142.4
73895,144.6
73896,142.5
73897,142.8
73898,140.8
73899,139.5
73900,139.6
73901,141.7
73902,140.5
73903,139.5
73904,144.8
73905,145.4
73906,142.7
73907,141.4
73908,142.8
73909,144.1
73910,142.7
73911,140.7
73912,141.1
73913,141.8
73914,143.8
73915,143.5
73916,141.7
73917,142.6
73918,143.2
73919,143.0
73920,142.9
73921,144.4
73922,145.9
73923,139.0
73924,139.0
73925,137.6
73926,138.7
73927,140.3
73928,140.3
73929,140.2
73930,139.7
73931,140.0
73932,140.8
73933,140.8
73934,143.6
73935,145.1
73936,144.5
73937,142.7
73938,141.8
73939,143.0
73940,140.6
73941,139.6
73942,141.2
73943,139.8
73944,140.4
73945,143.1
73946,143.7
73947,142.9
73948,140.0
73949,140.7
73950,142.2
73951,142.5
73952,142.1
73953,139.9
73954,140.7
73955,144.2
73956,143.7
73957,143.3
73958,145.4
73959,139.7
73960,140.7
73961,142.2
73962,141.4
73963,141.8
73964,141.7
73965,142.1
73966,145.2
73967,146.3
73968,145.5
73969,144.1
73970,144.3
73971,144.2
