data/raw/Flight2/CO_POLAR6_20150407_R1_NETCARE.ict
34, 1001
Bozem, Heiko; Hoor, Peter
Institute for Atmospheric Physics, Johannes Gutenberg University, Mainz, Germany
CO mixing ratio from AL5002 CO analyzer
NETCARE Polar 6 Campaign 2015
1, 1
2015, 04, 07, 2015, 08, 15
1
Time_UTC, seconds
1
1
-9999.9
CO_ppbv, ppbv
0
19
PI_CONTACT_INFO: Address: Johann-Joachim-Becherweg 21, 55128 Mainz, email: bozemh@uni-mainz.de; hoor@uni-mainz.de
PLATFORM: Polar 6
LOCATION: GPS location and altitude available at 1 Hz resolution in separate file (See AIMMS files under Aircraft data and meteorology)
ASSOCIATED_DATA: N/A
INSTRUMENT_INFO: CO measurements based on the fluorescence of CO in the VUV at 150 nm
DATA_INFO: Units are ppbv
UNCERTAINTY RELATIVE TO STANDARD: 2.3 ppbv at 1 sigma confidence (before drift correction is applied)
ULOD_FLAG: -7777
ULOD_VALUE: N/A
LLOD_FLAG: -8888
LLOD_VALUE: 1.5 
DM_CONTACT_INFO: N/A
PROJECT_INFO: NETCARE Polar 6 aircraft campaign in April 2015; Alert
STIPULATIONS_ON_USE: N/A
OTHER_COMMENTS: N/A
REVISION: R1
R0: Preliminary data, corrected for instrument drift
R1: Final data, corrected for instrument drift
Time_UTC,CO_ppbv
[from data line 10539]
70056,-9999.9
70057,-9999.9
70058,-9999.9
70059,-9999.9
70060,-9999.9
70061,-9999.9
70062,-9999.9
70063,-9999.9
70064,-9999.9
70065,-9999.9
70066,-9999.9
70067,-9999.9
70068,-9999.9
70069,-9999.9
70070,-9999.9
70071,-9999.9
70072,-9999.9
70073,-9999.9
70074,-9999.9
70075,-9999.9
70076,-9999.9
70077,-9999.9
70078,-9999.9
70079,-9999.9
70080,-9999.9
70081,-9999.9
70082,-9999.9
70083,-9999.9
70084,-9999.9
70085,-9999.9
70086,-9999.9
70087,-9999.9
70088,-9999.9
70089,-9999.9
70090,-9999.9
70091,-9999.9
70092,-9999.9
70093,-9999.9
70094,-9999.9
70095,-9999.9
70096,-9999.9
70097,-9999.9
70098,-9999.9
70099,-9999.9
70100,-9999.9
70101,-9999.9
70102,-9999.9
70103,-9999.9
70104,-9999.9
70105,-9999.9
70106,-9999.9
70107,-9999.9
70108,-9999.9
70109,-9999.9
70110,-9999.9
70111,-9999.9
70112,-9999.9
70113,-9999.9
70114,-9999.9
70115,-9999.9
70116,-9999.9
70117,-9999.9
70118,-9999.9
70119,-9999.9
70120,-9999.9
70121,-9999.9
70122,-9999.9
70123,-9999.9
70124,-9999.9
70125,-9999.9
70126,-9999.9
70127,-9999.9
70128,-9999.9
70129,-9999.9
70130,-9999.9
70131,-9999.9
70132,-9999.9
70133,-9999.9
70134,-9999.9
70135,-9999.9
70136,-9999.9
70137,-9999.9
70138,-9999.9
70139,-9999.9
70140,-9999.9
70141,-9999.9
70142,-9999.9
70143,-9999.9
70144,-9999.9
70145,-9999.9
70146,-9999.9
70147,-9999.9
70148,-9999.9
70149,-9999.9
70150,-9999.9
70151,-9999.9
70152,-9999.9
70153,-9999.9
70154,-9999.9
70155,-9999.9
70156,-9999.9
70157,-9999.9
70158,-9999.9
70159,-9999.9
70160,-9999.9
70161,-9999.9
70162,-9999.9
70163,-9999.9
70164,-9999.9
70165,-9999.9
70166,-9999.9
70167,-9999.9
70168,-9999.9
70169,-9999.9
70170,-9999.9
70171,127.9
70172,127.8
70173,127.0
70174,129.5
70175,128.9
70176,127.3
70177,128.3
70178,127.2
70179,128.0
70180,129.3
70181,126.5
70182,126.4
70183,125.7
70184,125.2
70185,126.0
70186,125.5
70187,125.7
70188,124.1
70189,124.4
70190,127.9
70191,129.1
70192,129.6
70193,129.6
70194,128.6
70195,128.6
70196,128.5
70197,128.8
70198,128.3
70199,128.5
70200,127.7
70201,126.9
70202,128.0
70203,129.9
70204,130.0
70205,129.5
70206,131.0
70207,131.4
70208,129.4
70209,128.8
70210,129.0
70211,129.7
70212,128.8
70213,126.7
70214,127.4
70215,129.1
70216,129.8
70217,128.3
70218,127.0
70219,129.0
70220,130.1
70221,129.4
70222,127.9
70223,126.0
70224,129.7
70225,131.4
70226,128.0
70227,130.7
70228,132.5
70229,127.4
70230,125.8
70231,127.8
70232,132.4
70233,129.0
70234,127.2
70235,129.4
70236,128.6
70237,127.4
70238,127.2
70239,126.0
70240,123.9
70241,124.7
70242,127.1
70243,125.9
70244,126.9
70245,127.9
70246,127.0
70247,127.2
70248,127.7
70249,128.3
70250,127.4
70251,125.2
70252,126.9
70253,128.5
70254,126.9
70255,127.9
70256,129.7
70257,131.0
70258,126.7
70259,123.3
70260,127.0
70261,128.6
70262,127.2
70263,128.0
70264,129.2
70265,128.7
70266,128.2
70267,128.9
70268,128.3
70269,128.9
70270,127.5
70271,127.5
70272,127.3
70273,126.9
70274,128.5
70275,128.3
70276,127.3
70277,129.3
70278,128.9
70279,124.8
70280,125.3
70281,126.0
70282,125.4
70283,124.5
70284,127.0
70285,129.3
70286,129.0
70287,126.3
70288,128.4
70289,130.7
70290,129.3
70291,130.6
70292,127.5
70293,126.3
70294,128.6
70295,129.4
70296,127.5
70297,125.6
70298,125.6
70299,125.6
70300,126.3
70301,123.4
70302,122.5
70303,123.6
70304,126.1
70305,125.7
70306,125.9
70307,126.2
70308,125.9
70309,124.0
70310,125.0
70311,126.0
70312,126.2
70313,127.1
70314,125.7
70315,125.4
70316,126.0
70317,123.3
70318,119.8
70319,119.0
70320,121.6
70321,122.9
70322,123.4
70323,123.6
70324,124.3
70325,124.4
70326,121.6
70327,122.8
70328,121.9
70329,120.6
70330,122.0
70331,122.4
70332,122.2
70333,122.8
70334,123.5
70335,120.3
70336,120.3
70337,126.8
70338,123.6
70339,117.9
70340,118.7
70341,120.8
70342,119.2
70343,119.5
70344,118.4
70345,118.9
70346,120.2
70347,117.6
70348,115.5
70349,116.7
70350,117.6
70351,118.8
70352,120.3
70353,118.7
70354,117.8
70355,117.6
70356,119.4
70357,121.3
70358,121.2
70359,121.1
70360,120.7
70361,118.2
70362,117.9
70363,119.5
70364,119.3
70365,120.2
70366,119.1
70367,117.4
70368,117.3
70369,118.0
70370,118.6
70371,121.5
70372,119.6
70373,118.9
70374,120.4
70375,121.0
70376,119.8
70377,118.8
70378,118.9
70379,120.5
70380,122.1
70381,122.6
70382,123.0
70383,123.2
70384,121.8
70385,122.6
70386,124.1
70387,124.0
70388,124.3
70389,123.0
70390,122.3
70391,123.2
70392,123.1
70393,125.7
70394,128.7
70395,125.9
70396,124.2
70397,122.4
70398,123.1
70399,124.7
70400,123.7
70401,123.8
70402,123.6
70403,124.9
70404,126.6
70405,123.8
70406,126.6
70407,125.8
70408,123.7
70409,123.6
70410,127.1
70411,129.4
70412,126.2
70413,125.6
70414,125.5
70415,125.2
70416,125.5
70417,124.4
70418,124.6
70419,125.4
70420,124.4
70421,124.9
70422,124.7
70423,125.9
70424,127.0
70425,124.7
70426,123.9
70427,124.5
70428,124.4
70429,125.9
70430,127.3
70431,126.6
70432,126.4
70433,126.3
70434,126.7
70435,126.5
70436,126.4
70437,127.1
70438,127.5
70439,128.2
70440,125.2
70441,129.0
70442,130.8
70443,128.2
70444,127.5
70445,125.6
70446,125.8
70447,128.7
70448,128.0
70449,126.9
70450,125.7
70451,126.6
70452,127.4
70453,127.8
70454,126.8
70455,123.7
70456,126.4
70457,126.7
70458,124.1
70459,124.7
70460,126.5
70461,127.9
70462,126.8
70463,125.8
70464,127.1
70465,126.3
70466,124.8
70467,126.4
70468,128.3
70469,126.3
70470,126.4
70471,127.7
70472,125.0
70473,123.8
70474,124.7
70475,125.5
70476,126.1
70477,127.3
70478,126.3
70479,125.2
70480,125.4
70481,123.6
70482,124.7
70483,125.7
70484,121.8
70485,121.4
70486,123.5
70487,124.9
70488,126.6
70489,123.9
70490,122.1
70491,121.0
70492,122.7
70493,125.5
70494,126.8
70495,125.8
70496,121.7
70497,123.2
70498,127.3
70499,126.4
70500,123.4
70501,122.8
70502,124.0
70503,125.1
70504,124.3
70505,124.7
70506,123.7
70507,121.4
70508,128.7
70509,128.6
70510,126.8
70511,126.6
70512,126.0
70513,123.8
70514,124.9
70515,127.1
70516,125.1
70517,122.7
70518,123.3
70519,122.4
70520,123.7
70521,126.3
70522,127.3
70523,125.7
70524,123.8
70525,124.6
70526,124.0
70527,124.0
70528,125.4
70529,125.5
70530,125.9
70531,125.1
70532,123.8
70533,123.3
70534,122.6
70535,122.6
70536,121.5
70537,122.8
70538,122.9
70539,120.2
70540,120.7
70541,122.0
70542,122.1
70543,122.9
70544,122.2
70545,120.1
70546,118.2
70547,118.1
70548,119.9
70549,120.0
70550,119.4
70551,121.3
70552,120.8
70553,120.0
70554,120.1
70555,117.7
70556,117.7
70557,120.0
70558,119.7
70559,118.5
70560,120.1
70561,121.5
70562,120.7
70563,119.1
70564,121.1
70565,119.6
70566,116.3
70567,116.2
70568,116.3
70569,120.0
70570,121.1
70571,121.0
70572,119.3
70573,116.0
70574,118.5
70575,119.0
70576,116.6
70577,118.4
70578,118.3
70579,117.6
70580,118.3
70581,120.6
70582,119.3
70583,119.0
70584,119.4
70585,117.4
70586,117.2
70587,119.2
70588,117.9
70589,118.2
70590,119.4
70591,117.3
70592,117.0
70593,119.1
70594,119.9
70595,119.4
70596,118.1
70597,118.8
70598,118.4
70599,119.9
70600,122.6
70601,121.7
70602,122.2
70603,121.2
70604,119.7
70605,121.4
70606,123.2
70607,123.0
70608,122.3
70609,122.6
70610,123.5
70611,118.8
70612,118.8
70613,122.9
70614,121.4
70615,121.6
70616,119.7
70617,119.9
70618,122.6
70619,122.2
70620,121.6
70621,120.5
70622,121.1
70623,121.5
70624,120.3
70625,118.3
70626,117.6
70627,119.7
70628,121.1
70629,118.5
70630,117.4
70631,120.0
70632,122.4
70633,122.3
70634,121.1
70635,119.1
70636,117.3
70637,119.6
70638,122.3
70639,120.3
70640,117.7
70641,117.1
70642,117.3
70643,119.6
70644,119.8
70645,119.9
70646,121.3
70647,119.4
70648,122.1
70649,122.6
70650,120.1
70651,119.2
70652,119.6
70653,120.7
70654,122.7
70655,124.5
70656,124.8
70657,124.7
70658,124.4
70659,124.7
70660,124.8
70661,125.2
70662,122.2
70663,120.8
70664,122.5
70665,122.7
70666,124.1
70667,123.7
70668,122.6
70669,121.8
70670,119.1
70671,118.7
70672,120.0
70673,119.7
70674,118.3
70675,120.7
70676,120.8
70677,118.9
70678,118.3
70679,118.0
70680,119.5
70681,120.2
70682,119.4
70683,120.4
70684,122.4
70685,125.3
70686,125.1
70687,121.9
70688,124.9
70689,126.9
70690,125.0
70691,121.2
70692,121.2
70693,124.7
70694,124.3
70695,124.3
70696,123.8
70697,123.1
70698,125.9
70699,127.2
70700,125.1
70701,126.0
70702,126.9
70703,125.7
70704,125.3
70705,123.8
70706,124.0
70707,124.9
70708,125.0
70709,123.2
70710,123.8
70711,126.8
70712,127.6
70713,126.0
70714,122.9
70715,122.0
70716,121.8
70717,124.2
70718,125.2
70719,125.1
70720,128.0
70721,127.2
70722,124.9
70723,125.1
70724,125.3
70725,124.3
70726,122.7
70727,124.4
70728,126.5
70729,127.1
70730,125.6
70731,124.3
70732,124.8
70733,125.7
70734,127.7
70735,127.5
70736,124.5
70737,124.2
70738,125.4
70739,126.6
70740,125.7
70741,124.9
70742,123.8
70743,125.0
70744,126.5
70745,128.0
70746,128.3
70747,125.5
70748,125.9
70749,125.6
70750,128.1
70751,126.8
70752,124.9
70753,123.4
70754,121.1
70755,123.1
70756,126.0
70757,124.1
70758,122.8
70759,125.4
70760,125.9
70761,123.3
70762,123.7
70763,126.1
70764,126.5
70765,126.0
70766,126.5
70767,127.4
70768,127.3
70769,124.6
70770,124.7
70771,125.7
70772,124.4
70773,124.2
70774,123.7
70775,125.1
70776,125.5
70777,123.5
70778,121.6
70779,124.0
70780,126.3
70781,125.4
70782,125.9
70783,125.8
70784,124.1
70785,124.4
70786,125.9
70787,125.3
70788,121.8
70789,122.5
70790,125.9
70791,125.9
70792,123.5
70793,123.1
70794,122.4
70795,122.1
70796,122.2
70797,122.6
70798,125.4
70799,123.7
70800,121.7
70801,125.4
70802,127.1
70803,124.0
70804,122.2
70805,123.3
70806,125.1
70807,125.1
70808,123.9
70809,121.5
70810,122.7
70811,126.3
70812,124.6
70813,120.6
70814,121.2
70815,122.5
70816,121.3
70817,121.8
70818,123.1
70819,123.2
70820,122.9
70821,122.9
70822,123.2
70823,123.6
70824,124.2
70825,123.3
70826,121.0
70827,120.7
70828,123.5
70829,124.5
70830,122.5
70831,122.4
70832,123.3
70833,123.8
70834,125.3
70835,125.4
70836,121.1
70837,120.8
70838,124.0
70839,122.5
70840,124.7
70841,126.2
70842,123.9
70843,122.5
70844,120.1
70845,120.5
70846,122.4
70847,122.7
70848,123.5
70849,124.5
70850,122.9
70851,122.7
70852,124.2
70853,118.9
70854,120.8
70855,123.7
70856,122.9
70857,121.2
70858,121.6
70859,122.0
70860,120.8
70861,123.2
70862,124.2
70863,121.3
70864,121.5
70865,121.9
70866,122.0
70867,121.7
70868,121.4
70869,121.7
70870,124.5
70871,124.0
70872,121.4
70873,121.5
70874,121.8
70875,122.1
70876,124.1
70877,124.3
70878,121.5
70879,120.9
70880,122.3
70881,122.5
70882,120.6
70883,120.7
70884,121.5
70885,121.4
70886,121.3
70887,118.4
70888,118.4
70889,124.7
70890,123.8
70891,120.8
70892,119.6
70893,120.5
70894,119.8
70895,121.5
70896,124.0
70897,123.2
70898,121.6
70899,121.4
70900,121.8
70901,121.9
70902,121.8
70903,122.6
70904,123.1
70905,120.2
70906,119.4
70907,120.3
70908,120.0
70909,119.9
70910,123.4
70911,123.1
70912,119.9
70913,122.1
70914,121.2
70915,121.1
70916,124.5
70917,122.8
70918,121.1
70919,120.9
70920,122.0
70921,122.2
70922,120.1
70923,122.8
70924,123.1
70925,121.7
70926,121.8
70927,123.4
70928,121.9
70929,119.4
70930,120.2
70931,122.7
70932,124.5
70933,123.0
70934,120.5
70935,121.8
70936,122.2
70937,121.8
70938,121.6
70939,123.0
70940,122.9
70941,120.1
70942,119.4
70943,119.8
70944,119.4
70945,118.8
70946,119.3
70947,118.5
70948,121.1
70949,122.8
70950,119.5
70951,118.8
70952,120.5
70953,121.9
70954,123.1
70955,121.9
70956,119.1
70957,123.4
70958,120.7
70959,120.0
70960,122.3
70961,122.5
70962,120.5
70963,121.3
70964,125.0
70965,124.4
70966,122.7
70967,121.5
70968,121.4
70969,122.2
70970,121.9
70971,121.5
70972,119.7
70973,120.7
70974,122.1
70975,121.5
70976,123.1
70977,123.5
70978,123.3
70979,120.9
70980,120.6
70981,122.8
70982,122.1
70983,122.9
70984,122.2
70985,121.9
70986,121.0
70987,120.4
70988,124.0
70989,122.4
70990,120.2
70991,121.2
70992,127.3
70993,124.8
70994,120.8
70995,120.2
70996,122.5
70997,123.6
70998,123.7
70999,123.9
71000,120.8
71001,120.7
71002,123.4
71003,123.6
71004,123.0
71005,122.3
71006,122.2
71007,121.0
71008,119.1
71009,120.8
71010,124.1
71011,125.1
71012,124.7
71013,124.3
71014,125.4
71015,122.0
71016,119.9
71017,122.0
71018,122.8
71019,123.6
71020,122.6
71021,122.9
71022,121.9
71023,121.9
71024,124.6
71025,125.3
71026,125.7
71027,123.4
71028,122.8
71029,122.6
71030,121.2
71031,122.2
71032,122.9
71033,123.1
71034,124.6
71035,123.5
71036,122.2
71037,123.2
71038,122.9
71039,125.6
71040,125.5
71041,122.7
71042,123.7
71043,122.3
71044,120.9
71045,121.7
71046,122.2
71047,121.4
71048,121.2
71049,123.1
71050,123.7
71051,123.0
71052,123.9
71053,122.8
71054,120.9
71055,123.6
71056,124.5
71057,124.2
71058,123.3
71059,121.9
71060,120.5
71061,119.7
71062,121.0
71063,122.0
71064,121.0
71065,118.7
71066,120.5
71067,122.9
71068,121.4
71069,122.4
71070,120.4
71071,119.3
71072,124.6
71073,124.4
71074,121.3
71075,121.9
71076,120.9
71077,118.6
71078,118.5
71079,118.9
71080,118.7
71081,120.1
71082,120.1
71083,121.3
71084,121.6
71085,119.9
71086,119.7
71087,120.2
71088,121.3
71089,121.7
71090,123.1
71091,120.5
71092,120.9
71093,124.7
71094,123.8
71095,120.5
71096,121.4
71097,121.1
71098,120.1
71099,121.1
71100,121.7
71101,119.5
71102,120.5
71103,121.2
71104,121.6
71105,124.1
71106,123.1
71107,120.9
71108,120.8
71109,119.5
71110,119.3
71111,122.6
71112,124.2
71113,123.2
71114,123.1
71115,122.2
71116,119.7
71117,120.3
71118,121.4
71119,121.9
71120,120.3
71121,122.0
71122,123.0
71123,120.3
71124,120.8
71125,122.6
71126,121.3
71127,120.8
71128,122.3
71129,119.4
71130,120.0
71131,121.5
71132,122.7
71133,122.8
71134,122.9
71135,123.2
71136,124.5
71137,125.1
71138,122.1
71139,121.9
71140,123.6
71141,122.6
71142,120.7
71143,119.5
71144,119.3
71145,117.5
71146,120.9
71147,123.8
71148,121.5
71149,120.5
71150,121.6
71151,123.8
71152,124.9
71153,124.9
71154,122.8
71155,120.8
71156,120.1
71157,121.8
71158,123.5
71159,122.8
71160,123.2
71161,124.5
71162,124.1
71163,125.1
71164,125.1
71165,122.0
71166,123.4
71167,123.0
71168,121.9
71169,124.0
71170,124.9
71171,123.4
71172,121.3
71173,124.3
71174,125.6
71175,123.6
71176,123.7
71177,122.3
71178,-9999.9
71179,-9999.9
71180,-9999.9
71181,-9999.9
71182,-9999.9
71183,-9999.9
71184,-9999.9
71185,-9999.9
71186,-9999.9
71187,-9999.9
71188,-9999.9
71189,-9999.9
71190,-9999.9
71191,-9999.9
71192,-9999.9
71193,-9999.9
71194,-9999.9
71195,-9999.9
71196,-9999.9
71197,-9999.9
71198,-9999.9
71199,-9999.9
71200,-9999.9
71201,-9999.9
71202,-9999.9
71203,-9999.9
71204,-9999.9
71205,-9999.9
71206,-9999.9
71207,-9999.9
71208,-9999.9
71209,-9999.9
71210,-9999.9
71211,-9999.9
71212,-9999.9
71213,-9999.9
71214,-9999.9
71215,-9999.9
71216,-9999.9
71217,-9999.9
71218,-9999.9
71219,-9999.9
71220,-9999.9
71221,-9999.9
71222,-9999.9
71223,-9999.9
71224,-9999.9
71225,-9999.9
71226,-9999.9
71227,-9999.9
71228,-9999.9
71229,-9999.9
71230,-9999.9
71231,-9999.9
71232,-9999.9
71233,-9999.9
71234,-9999.9
71235,-9999.9
71236,-9999.9
71237,-9999.9
71238,-9999.9
71239,-9999.9
71240,-9999.9
71241,-9999.9
71242,-9999.9
71243,-9999.9
71244,-9999.9
71245,-9999.9
71246,-9999.9
71247,-9999.9
71248,-9999.9
71249,-9999.9
71250,-9999.9
71251,-9999.9
71252,-9999.9
71253,-9999.9
71254,-9999.9
71255,-9999.9
71256,-9999.9
71257,-9999.9
71258,-9999.9
71259,-9999.9
71260,-9999.9
71261,-9999.9
71262,-9999.9
71263,-9999.9
71264,-9999.9
71265,-9999.9
71266,-9999.9
71267,-9999.9
71268,-9999.9
71269,-9999.9
71270,-9999.9
71271,-9999.9
71272,-9999.9
71273,-9999.9
71274,-9999.9
71275,-9999.9
71276,-9999.9
71277,-9999.9
71278,-9999.9
71279,-9999.9
71280,-9999.9
71281,-9999.9
71282,-9999.9
71283,-9999.9
71284,-9999.9
71285,-9999.9
71286,-9999.9
71287,-9999.9
71288,-9999.9
71289,-9999.9
71290,-9999.9
71291,-9999.9
71292,-9999.9
71293,-9999.9
71294,-9999.9
71295,-9999.9
71296,-9999.9
71297,-9999.9
71298,-9999.9
71299,-9999.9
71300,-9999.9
71301,-9999.9
71302,-9999.9
71303,-9999.9
71304,121.3
71305,123.1
71306,122.1
71307,123.0
71308,124.7
71309,126.1
71310,125.0
71311,121.6
71312,121.8
71313,123.1
71314,122.7
71315,123.9
71316,122.5
71317,121.0
71318,121.9
71319,124.0
71320,123.7
71321,121.1
71322,122.1
71323,123.7
71324,123.6
71325,124.9
71326,124.5
71327,123.7
71328,124.5
71329,123.2
71330,122.7
71331,123.5
71332,123.5
71333,121.0
71334,121.6
71335,124.2
71336,124.4
71337,125.2
71338,124.8
71339,124.2
71340,125.0
71341,122.3
71342,122.0
71343,120.9
71344,118.4
71345,120.5
71346,121.8
71347,125.3
