data/raw/Flight2/CPC3776_POLAR6_20150407_r2_NETCARE.ict
35,1001
Abbatt,Jon
University of Toronto
Polar 6
NETCARE
1,1
2015,4,7,2017,8,16
1
time,seconds,seconds from start in UTC
1
1
-99999
conc,number of particles per cm3
0
20
PI_CONTACT_INFO: 80 St. George Street; Toronto; ON M5S 3H6 CANADA; email: jabbatt@chem.utoronto.ca
PLATFORM: Polar 6 aircraft
LOCATION: Canadian Arctic near Alert
ASSOCIATED_DATA: none
INSTRUMENT_INFO: The Ultrafine Condensation Particle Counter 3776 is a continuous-flow instrument that detects particles down to 2.5 nm. It operates at an aerosol flow rate of 50 cm^3/min and detects concentrations from 0 to 300 000 particles/cm^3 with coincidence correction.
DATA_INFO: all relevant information is given above
UNCERTAINTY:  ±10% of measured value
ULOD_FLAG: -7777
ULOD_VALUE: N/As
LLOD_FLAG: -8888
LLOD_VALUE: N/A
DM_CONTACT_INFO: Data collected by Julia Burkart. Please direct all correspondence to Jon Abbatt: jabbatt@chem.utoronto.ca
PROJECT_INFO: Polar 6 NETCARE Spring 2015 campaign
STIPULATIONS_ON_USE: N/A
OTHER_COMMENTS: N/A
REVISION: R2, R1, R0
R2: zero and filter measurements are removed
R1: uncorrected raw data
R0: raw data
time,conc
[from data line 7966]
67483,1598
67484,1646
67485,1626
67486,1648
67487,1558
67488,1642
67489,1618
67490,1674
67491,1591
67492,1670
67493,1563
67494,1633
67495,1685
67496,1740
67497,1737
67498,1729
67499,1724
67500,1667
67501,1662
67502,1697
67503,1668
67504,1617
67505,1616
67506,1663
67507,1663
67508,1592
67509,1646
67510,1673
67511,1611
67512,1378
67513,1375
67514,1501
67515,1317
67516,1311
67517,1289
67518,1251
67519,1207
67520,1296
67521,1301
67522,1257
67523,1182
67524,1250
67525,1167
67526,1174
67527,1141
67528,1144
67529,1146
67530,1064
67531,950
67532,753
67533,651
67534,662
67535,669
67536,618
67537,678
67538,701
67539,739
67540,768
67541,760
67542,843
67543,775
67544,758
67545,837
67546,705
67547,594
67548,577
67549,582
67550,670
67551,653
67552,634
67553,718
67554,691
67555,607
67556,645
67557,657
67558,642
67559,641
67560,663
67561,648
67562,656
67563,684
67564,679
67565,673
67566,610
67567,564
67568,649
67569,616
67570,570
67571,617
67572,641
67573,629
67574,612
67575,617
67576,610
67577,652
67578,604
67579,573
67580,588
67581,618
67582,640
67583,548
67584,619
67585,572
67586,619
67587,671
67588,682
67589,698
67590,652
67591,739
67592,599
67593,549
67594,629
67595,556
67596,582
67597,643
67598,575
67599,607
67600,721
67601,769
67602,722
67603,701
67604,647
67605,663
67606,752
67607,729
67608,791
67609,854
67610,866
67611,879
67612,947
67613,894
67614,924
67615,859
67616,951
67617,968
67618,1082
67619,1003
67620,924
67621,1031
67622,1004
67623,1013
67624,958
67625,996
67626,952
67627,1067
67628,971
67629,969
67630,963
67631,980
67632,950
67633,911
67634,894
67635,864
67636,932
67637,915
67638,880
67639,879
67640,941
67641,941
67642,916
67643,1023
67644,1043
67645,995
67646,1080
67647,1028
67648,1110
67649,1094
67650,1040
67651,987
67652,1015
67653,1033
67654,1014
67655,997
67656,1072
67657,1064
67658,1048
67659,1018
67660,1066
67661,990
67662,1040
67663,1043
67664,1021
67665,1047
67666,979
67667,1014
67668,942
67669,1051
67670,982
67671,1069
67672,1002
67673,964
67674,1084
67675,1036
67676,1004
67677,1043
67678,1011
67679,1008
67680,1056
67681,990
67682,1032
67683,1051
67684,1019
67685,989
67686,983
67687,1076
67688,1019
67689,1087
67690,1006
67691,1041
67692,996
67693,1032
67694,952
67695,1097
67696,990
67697,1027
67698,1038
67699,1076
67700,964
67701,1016
67702,977
67703,957
67704,1000
67705,1002
67706,984
67707,976
67708,1024
67709,957
67710,948
67711,943
67712,1017
67713,988
67714,1029
67715,987
67716,993
67717,987
67718,927
67719,974
67720,908
67721,856
67722,932
67723,940
67724,973
67725,961
67726,956
67727,914
67728,905
67729,903
67730,931
67731,895
67732,894
67733,837
67734,783
67735,864
67736,884
67737,870
67738,962
67739,961
67740,941
67741,861
67742,860
67743,888
67744,817
67745,820
67746,822
67747,838
67748,817
67749,839
67750,700
67751,721
67752,706
67753,791
67754,792
67755,834
67756,970
67757,1069
67758,976
67759,953
67760,1002
67761,1099
67762,1054
67763,1097
67764,1026
67765,1133
67766,1045
67767,976
67768,1075
67769,1065
67770,978
67771,1028
67772,1047
67773,971
67774,1024
67775,985
67776,977
67777,884
67778,910
67779,807
67780,991
67781,944
67782,889
67783,840
67784,867
67785,913
67786,818
67787,787
67788,825
67789,858
67790,878
67791,898
67792,870
67793,861
67794,832
67795,850
67796,912
67797,927
67798,943
67799,956
67800,978
67801,965
67802,850
67803,910
67804,836
67805,873
67806,808
67807,842
67808,912
67809,855
67810,843
67811,830
67812,806
67813,760
67814,835
67815,828
67816,764
67817,833
67818,851
67819,758
67820,814
67821,824
67822,826
67823,823
67824,843
67825,870
67826,875
67827,864
67828,941
67829,918
67830,890
67831,869
67832,904
67833,954
67834,917
67835,463
67836,817
67837,1080
67838,973
67839,1048
67840,1008
67841,1010
67842,1065
67843,1039
67844,947
67845,1067
67846,1018
67847,1015
67848,1075
67849,1064
67850,1103
67851,1110
67852,1029
67853,1029
67854,973
67855,1013
67856,1064
67857,986
67858,951
67859,932
67860,916
67861,964
67862,847
67863,973
67864,986
67865,932
67866,977
67867,943
67868,939
67869,928
67870,938
67871,914
67872,942
67873,973
67874,927
67875,927
67876,955
67877,901
67878,960
67879,870
67880,909
67881,914
67882,937
67883,934
67884,939
67885,950
67886,924
67887,926
67888,884
67889,979
67890,976
67891,952
67892,1394
67893,1002
67894,1039
67895,983
67896,986
67897,985
67898,960
67899,978
67900,1018
67901,957
67902,909
67903,872
67904,811
67905,837
67906,882
67907,771
67908,767
67909,743
67910,797
67911,737
67912,793
67913,814
67914,924
67915,731
67916,820
67917,785
67918,780
67919,826
67920,837
67921,788
67922,797
67923,799
67924,803
67925,816
67926,810
67927,786
67928,776
67929,810
67930,848
67931,826
67932,880
67933,900
67934,907
67935,858
67936,769
67937,739
67938,764
67939,720
67940,730
67941,704
67942,663
67943,640
67944,639
67945,739
67946,613
67947,685
67948,686
67949,679
67950,715
67951,751
67952,843
67953,793
67954,835
67955,840
67956,897
67957,895
67958,898
67959,896
67960,930
67961,905
67962,903
67963,934
67964,935
67965,947
67966,1008
67967,949
67968,955
67969,999
67970,960
67971,909
67972,915
67973,900
67974,943
67975,954
67976,951
67977,950
67978,953
67979,983
67980,957
67981,926
67982,970
67983,964
67984,883
67985,916
67986,924
67987,1010
67988,883
67989,958
67990,996
67991,990
67992,919
67993,954
67994,947
67995,877
67996,927
67997,925
67998,840
67999,831
68000,865
68001,864
68002,823
68003,857
68004,837
68005,864
68006,950
68007,880
68008,894
68009,955
68010,865
68011,873
68012,925
68013,878
68014,1024
68015,979
68016,1126
68017,1123
68018,1039
68019,944
68020,922
68021,790
68022,906
68023,960
68024,933
68025,951
68026,906
68027,894
68028,972
68029,910
68030,903
68031,934
68032,941
68033,891
68034,912
68035,894
68036,1002
68037,1011
68038,923
68039,1007
68040,1003
68041,986
68042,1014
68043,986
68044,1026
68045,992
68046,1008
68047,947
68048,963
68049,990
68050,1017
68051,1025
68052,1067
68053,1006
68054,947
68055,969
68056,998
68057,998
68058,992
68059,939
68060,976
68061,1050
68062,997
68063,987
68064,957
68065,1047
68066,1020
68067,1091
68068,1022
68069,992
68070,984
68071,1012
68072,966
68073,1118
68074,1017
68075,944
68076,1045
68077,967
68078,922
68079,959
68080,1003
68081,961
68082,1019
68083,975
68084,863
68085,1033
68086,928
68087,947
68088,998
68089,899
68090,885
68091,795
68092,842
68093,857
68094,755
68095,849
68096,779
68097,843
68098,916
68099,929
68100,954
68101,935
68102,970
68103,965
68104,1014
68105,925
68106,1029
68107,988
68108,942
68109,895
68110,862
68111,835
68112,846
68113,759
68114,799
68115,868
68116,891
68117,863
68118,895
68119,826
68120,897
68121,926
68122,891
68123,894
68124,953
68125,907
68126,872
68127,967
68128,989
68129,943
68130,913
68131,925
68132,974
68133,863
68134,962
68135,877
68136,833
68137,812
68138,971
68139,968
68140,933
68141,910
68142,769
68143,790
68144,750
68145,762
68146,786
68147,-99999
68148,-99999
68149,-99999
68150,-99999
68151,-99999
68152,-99999
68153,-99999
68154,-99999
68155,-99999
68156,-99999
68157,-99999
68158,-99999
68159,-99999
68160,-99999
68161,-99999
68162,-99999
68163,-99999
68164,-99999
68165,-99999
68166,-99999
68167,-99999
68168,-99999
68169,-99999
68170,-99999
68171,-99999
68172,-99999
68173,-99999
68174,-99999
68175,-99999
68176,-99999
68177,-99999
68178,-99999
68179,-99999
68180,-99999
68181,-99999
68182,-99999
68183,-99999
68184,-99999
68185,-99999
68186,-99999
68187,-99999
68188,-99999
68189,-99999
68190,-99999
68191,-99999
68192,-99999
68193,-99999
68194,-99999
68195,-99999
68196,-99999
68197,-99999
68198,-99999
68199,-99999
68200,-99999
68201,-99999
68202,-99999
68203,-99999
68204,-99999
68205,-99999
68206,-99999
68207,-99999
68208,-99999
68209,-99999
68210,-99999
68211,-99999
68212,-99999
68213,-99999
68214,-99999
68215,-99999
68216,-99999
68217,-99999
68218,-99999
68219,-99999
68220,-99999
68221,-99999
68222,-99999
68223,-99999
68224,-99999
68225,-99999
68226,-99999
68227,-99999
68228,-99999
68229,-99999
68230,-99999
68231,-99999
68232,-99999
68233,-99999
68234,-99999
68235,-99999
68236,-99999
68237,-99999
68238,-99999
68239,-99999
68240,-99999
68241,-99999
68242,-99999
68243,-99999
68244,-99999
68245,-99999
68246,-99999
68247,-99999
68248,-99999
68249,-99999
68250,-99999
68251,-99999
68252,-99999
68253,-99999
68254,-99999
68255,-99999
68256,-99999
68257,-99999
68258,-99999
68259,-99999
68260,-99999
68261,-99999
68262,-99999
68263,-99999
68264,-99999
68265,-99999
68266,-99999
68267,-99999
68268,-99999
68269,-99999
68270,-99999
68271,-99999
68272,-99999
68273,-99999
68274,-99999
68275,-99999
68276,-99999
68277,-99999
68278,-99999
68279,-99999
68280,-99999
68281,-99999
68282,-99999
68283,-99999
68284,-99999
68285,-99999
68286,-99999
68287,-99999
68288,-99999
68289,-99999
68290,-99999
68291,-99999
68292,-99999
68293,-99999
68294,-99999
68295,-99999
68296,-99999
68297,-99999
68298,-99999
68299,-99999
68300,-99999
68301,-99999
68302,-99999
68303,-99999
68304,-99999
68305,-99999
68306,-99999
68307,-99999
68308,-99999
68309,-99999
68310,-99999
68311,-99999
68312,-99999
68313,-99999
68314,-99999
68315,-99999
68316,-99999
68317,-99999
68318,-99999
68319,-99999
68320,-99999
68321,-99999
68322,-99999
68323,-99999
68324,-99999
68325,-99999
68326,-99999
68327,-99999
68328,-99999
68329,-99999
68330,-99999
68331,-99999
68332,-99999
68333,-99999
68334,-99999
68335,-99999
68336,-99999
68337,-99999
68338,-99999
68339,-99999
68340,-99999
68341,-99999
68342,-99999
68343,-99999
68344,-99999
68345,-99999
68346,-99999
68347,-99999
68348,-99999
68349,-99999
68350,-99999
68351,-99999
68352,-99999
68353,-99999
68354,-99999
68355,-99999
68356,-99999
68357,-99999
68358,-99999
68359,-99999
68360,-99999
68361,-99999
68362,-99999
68363,-99999
68364,-99999
68365,-99999
68366,-99999
68367,-99999
68368,-99999
68369,-99999
68370,-99999
68371,-99999
68372,-99999
68373,-99999
68374,-99999
68375,-99999
68376,-99999
68377,-99999
68378,-99999
68379,-99999
68380,-99999
68381,-99999
68382,-99999
68383,-99999
68384,-99999
68385,-99999
68386,-99999
68387,-99999
68388,-99999
68389,-99999
68390,-99999
68391,-99999
68392,-99999
68393,-99999
68394,-99999
68395,-99999
68396,-99999
68397,-99999
68398,-99999
68399,-99999
68400,-99999
68401,-99999
68402,-99999
68403,-99999
68404,-99999
68405,-99999
68406,-99999
68407,-99999
68408,-99999
68409,-99999
68410,-99999
68411,-99999
68412,-99999
68413,-99999
68414,-99999
68415,-99999
68416,-99999
68417,-99999
68418,-99999
68419,-99999
68420,-99999
68421,-99999
68422,-99999
68423,-99999
68424,-99999
68425,-99999
68426,-99999
68427,-99999
68428,-99999
68429,-99999
68430,-99999
68431,-99999
68432,-99999
68433,-99999
68434,-99999
68435,-99999
68436,-99999
68437,-99999
68438,-99999
68439,-99999
68440,-99999
68441,-99999
68442,-99999
68443,-99999
68444,-99999
68445,-99999
68446,-99999
68447,-99999
68448,-99999
68449,-99999
68450,-99999
68451,-99999
68452,-99999
68453,-99999
68454,-99999
68455,-99999
68456,-99999
68457,-99999
68458,-99999
68459,-99999
68460,-99999
68461,-99999
68462,-99999
68463,-99999
68464,-99999
68465,-99999
68466,-99999
68467,-99999
68468,-99999
68469,-99999
68470,-99999
68471,-99999
68472,-99999
68473,-99999
68474,-99999
68475,-99999
68476,-99999
68477,-99999
68478,-99999
68479,-99999
68480,-99999
68481,-99999
68482,-99999
68483,-99999
68484,-99999
68485,-99999
68486,-99999
68487,-99999
68488,-99999
68489,-99999
68490,-99999
68491,-99999
68492,-99999
68493,-99999
68494,-99999
68495,-99999
68496,-99999
68497,-99999
68498,-99999
68499,-99999
68500,-99999
68501,-99999
68502,-99999
68503,-99999
68504,-99999
68505,-99999
68506,-99999
68507,-99999
68508,-99999
68509,-99999
68510,-99999
68511,-99999
68512,-99999
68513,-99999
68514,-99999
68515,-99999
68516,-99999
68517,-99999
68518,-99999
68519,-99999
68520,-99999
68521,-99999
68522,-99999
68523,-99999
68524,-99999
68525,-99999
68526,-99999
68527,-99999
68528,-99999
68529,-99999
68530,-99999
68531,-99999
68532,-99999
68533,-99999
68534,-99999
68535,-99999
68536,-99999
68537,-99999
68538,-99999
68539,-99999
68540,-99999
68541,-99999
68542,-99999
68543,-99999
68544,-99999
68545,-99999
68546,-99999
68547,-99999
68548,-99999
68549,-99999
68550,-99999
68551,-99999
68552,-99999
68553,-99999
68554,-99999
68555,-99999
68556,-99999
68557,-99999
68558,-99999
68559,-99999
68560,-99999
68561,-99999
68562,-99999
68563,-99999
68564,-99999
68565,-99999
68566,-99999
68567,-99999
68568,-99999
68569,-99999
68570,-99999
68571,-99999
68572,-99999
68573,-99999
68574,-99999
68575,-99999
68576,-99999
68577,-99999
68578,-99999
68579,-99999
68580,-99999
68581,-99999
68582,-99999
68583,-99999
68584,-99999
68585,-99999
68586,-99999
68587,-99999
68588,-99999
68589,-99999
68590,-99999
68591,-99999
68592,-99999
68593,-99999
68594,-99999
68595,-99999
68596,-99999
68597,-99999
68598,-99999
68599,-99999
68600,-99999
68601,-99999
68602,-99999
68603,-99999
68604,-99999
68605,-99999
68606,-99999
68607,-99999
68608,-99999
68609,-99999
68610,-99999
68611,-99999
68612,-99999
68613,-99999
68614,-99999
68615,-99999
68616,-99999
68617,-99999
68618,-99999
68619,-99999
68620,-99999
68621,-99999
68622,-99999
68623,-99999
68624,-99999
68625,-99999
68626,-99999
68627,-99999
68628,-99999
68629,-99999
68630,-99999
68631,-99999
68632,-99999
68633,-99999
68634,-99999
68635,-99999
68636,-99999
68637,-99999
68638,-99999
68639,-99999
68640,-99999
68641,-99999
68642,-99999
68643,-99999
68644,-99999
68645,-99999
68646,-99999
68647,-99999
68648,-99999
68649,-99999
68650,-99999
68651,-99999
68652,-99999
68653,-99999
68654,-99999
68655,-99999
68656,-99999
68657,-99999
68658,-99999
68659,-99999
68660,-99999
68661,-99999
68662,-99999
68663,-99999
68664,-99999
68665,-99999
68666,-99999
68667,-99999
68668,-99999
68669,-99999
68670,-99999
68671,-99999
68672,-99999
68673,-99999
68674,-99999
68675,-99999
68676,-99999
68677,-99999
68678,-99999
68679,-99999
68680,-99999
68681,-99999
68682,-99999
68683,-99999
68684,-99999
68685,-99999
68686,-99999
68687,-99999
68688,-99999
68689,-99999
68690,-99999
68691,-99999
68692,-99999
68693,-99999
68694,-99999
68695,-99999
68696,-99999
68697,-99999
68698,-99999
68699,-99999
68700,-99999
68701,-99999
68702,-99999
68703,-99999
68704,-99999
68705,-99999
68706,-99999
68707,-99999
68708,-99999
68709,-99999
68710,-99999
68711,-99999
68712,-99999
68713,-99999
68714,-99999
68715,-99999
68716,-99999
68717,-99999
68718,-99999
68719,-99999
68720,-99999
68721,-99999
68722,-99999
68723,-99999
68724,-99999
68725,-99999
68726,-99999
68727,-99999
68728,-99999
68729,-99999
68730,-99999
68731,-99999
68732,-99999
68733,-99999
68734,-99999
68735,-99999
68736,-99999
68737,-99999
68738,-99999
68739,-99999
68740,-99999
68741,-99999
68742,-99999
68743,-99999
68744,-99999
68745,-99999
68746,-99999
68747,-99999
68748,-99999
68749,-99999
68750,-99999
68751,-99999
68752,-99999
68753,-99999
68754,-99999
68755,-99999
68756,-99999
68757,-99999
68758,-99999
68759,-99999
68760,-99999
68761,-99999
68762,-99999
68763,-99999
68764,-99999
68765,-99999
68766,-99999
68767,-99999
68768,-99999
68769,-99999
68770,-99999
68771,-99999
68772,-99999
68773,-99999
68774,-99999
68775,-99999
68776,-99999
68777,-99999
68778,-99999
68779,-99999
68780,-99999
68781,-99999
68782,-99999
68783,-99999
68784,-99999
68785,-99999
68786,-99999
68787,-99999
68788,-99999
68789,-99999
68790,-99999
68791,-99999
68792,-99999
68793,-99999
68794,-99999
68795,-99999
68796,-99999
68797,-99999
68798,-99999
68799,-99999
68800,-99999
68801,-99999
68802,-99999
68803,-99999
68804,-99999
68805,-99999
68806,-99999
68807,-99999
68808,-99999
68809,-99999
68810,-99999
68811,-99999
68812,-99999
68813,-99999
68814,-99999
68815,-99999
68816,-99999
68817,-99999
68818,-99999
68819,-99999
68820,-99999
68821,-99999
68822,-99999
68823,-99999
68824,-99999
68825,-99999
68826,-99999
68827,-99999
68828,-99999
68829,-99999
68830,-99999
68831,-99999
68832,-99999
68833,-99999
68834,-99999
68835,-99999
68836,-99999
68837,-99999
68838,-99999
68839,-99999
68840,-99999
68841,-99999
68842,-99999
68843,-99999
68844,-99999
68845,-99999
68846,-99999
68847,-99999
68848,-99999
68849,-99999
68850,-99999
68851,-99999
68852,-99999
