data/raw/Flight2/CPC3776_POLAR6_20150407_r2_NETCARE.ict
35,1001
Abbatt,Jon
University of Toronto
Polar 6
NETCARE
1,1
2015,4,7,2017,8,16
1
time,seconds,seconds from start in UTC
1
1
-99999
conc,number of particles per cm3
0
20
PI_CONTACT_INFO: 80 St. George Street; Toronto; ON M5S 3H6 CANADA; email: jabbatt@chem.utoronto.ca
PLATFORM: Polar 6 aircraft
LOCATION: Canadian Arctic near Alert
ASSOCIATED_DATA: none
INSTRUMENT_INFO: The Ultrafine Condensation Particle Counter 3776 is a continuous-flow instrument that detects particles down to 2.5 nm. It operates at an aerosol flow rate of 50 cm^3/min and detects concentrations from 0 to 300 000 particles/cm^3 with coincidence correction.
DATA_INFO: all relevant information is given above
UNCERTAINTY:  ±10% of measured value
ULOD_FLAG: -7777
ULOD_VALUE: N/As
LLOD_FLAG: -8888
LLOD_VALUE: N/A
DM_CONTACT_INFO: Data collected by Julia Burkart. Please direct all correspondence to Jon Abbatt: jabbatt@chem.utoronto.ca
PROJECT_INFO: Polar 6 NETCARE Spring 2015 campaign
STIPULATIONS_ON_USE: N/A
OTHER_COMMENTS: N/A
REVISION: R2, R1, R0
R2: zero and filter measurements are removed
R1: uncorrected raw data
R0: raw data
time,conc
[from data line 6376]
65893,327
65894,372
65895,307
65896,306
65897,339
65898,261
65899,329
65900,335
65901,314
65902,329
65903,275
65904,304
65905,297
65906,311
65907,301
65908,303
65909,288
65910,320
65911,294
65912,280
65913,290
65914,286
65915,273
65916,271
65917,232
65918,262
65919,268
65920,281
65921,226
65922,273
65923,228
65924,231
65925,230
65926,232
65927,260
65928,291
65929,317
65930,263
65931,310
65932,288
65933,293
65934,273
65935,306
65936,258
65937,284
65938,336
65939,322
65940,288
65941,316
65942,314
65943,291
65944,302
65945,302
65946,282
65947,240
65948,231
65949,267
65950,246
65951,340
65952,413
65953,510
65954,548
65955,471
65956,511
65957,567
65958,541
65959,446
65960,283
65961,269
65962,257
65963,253
65964,250
65965,229
65966,273
65967,249
65968,222
65969,279
65970,244
65971,243
65972,217
65973,236
65974,224
65975,228
65976,213
65977,259
65978,300
65979,328
65980,446
65981,560
65982,523
65983,490
65984,520
65985,469
65986,454
65987,484
65988,506
65989,511
65990,493
65991,496
65992,488
65993,451
65994,498
65995,533
65996,494
65997,494
65998,528
65999,487
66000,478
66001,476
66002,442
66003,380
66004,363
66005,368
66006,307
66007,313
66008,272
66009,331
66010,329
66011,314
66012,311
66013,269
66014,295
66015,257
66016,289
66017,281
66018,267
66019,330
66020,288
66021,264
66022,273
66023,305
66024,249
66025,308
66026,264
66027,288
66028,331
66029,264
66030,271
66031,318
66032,307
66033,327
66034,294
66035,298
66036,291
66037,316
66038,309
66039,316
66040,398
66041,395
66042,452
66043,419
66044,445
66045,429
66046,504
66047,420
66048,435
66049,466
66050,403
66051,251
66052,249
66053,270
66054,245
66055,240
66056,230
66057,225
66058,244
66059,238
66060,242
66061,254
66062,266
66063,260
66064,246
66065,258
66066,238
66067,268
66068,256
66069,298
66070,306
66071,293
66072,239
66073,283
66074,295
66075,342
66076,293
66077,288
66078,319
66079,273
66080,305
66081,297
66082,302
66083,303
66084,316
66085,289
66086,311
66087,304
66088,317
66089,295
66090,274
66091,260
66092,196
66093,227
66094,257
66095,264
66096,240
66097,232
66098,246
66099,264
66100,293
66101,236
66102,286
66103,288
66104,296
66105,306
66106,265
66107,240
66108,242
66109,272
66110,269
66111,223
66112,228
66113,232
66114,244
66115,246
66116,235
66117,226
66118,261
66119,241
66120,218
66121,228
66122,245
66123,232
66124,238
66125,225
66126,257
66127,219
66128,237
66129,286
66130,244
66131,260
66132,282
66133,284
66134,258
66135,293
66136,218
66137,235
66138,246
66139,243
66140,246
66141,234
66142,260
66143,239
66144,215
66145,244
66146,233
66147,255
66148,252
66149,217
66150,262
66151,232
66152,253
66153,219
66154,269
66155,308
66156,298
66157,272
66158,336
66159,330
66160,335
66161,364
66162,368
66163,331
66164,333
66165,370
66166,360
66167,314
66168,374
66169,379
66170,339
66171,352
66172,335
66173,348
66174,324
66175,326
66176,306
66177,302
66178,294
66179,318
66180,307
66181,307
66182,300
66183,306
66184,265
66185,291
66186,322
66187,288
66188,312
66189,306
66190,314
66191,310
66192,266
66193,278
66194,296
66195,267
66196,275
66197,295
66198,306
66199,301
66200,236
66201,303
66202,307
66203,320
66204,260
66205,300
66206,298
66207,261
66208,258
66209,260
66210,284
66211,291
66212,277
66213,313
66214,289
66215,332
66216,323
66217,290
66218,276
66219,286
66220,292
66221,320
66222,295
66223,281
66224,294
66225,315
66226,279
66227,288
66228,286
66229,269
66230,278
66231,336
66232,264
66233,298
66234,298
66235,263
66236,286
66237,268
66238,274
66239,274
66240,301
66241,255
66242,291
66243,289
66244,263
66245,287
66246,302
66247,262
66248,258
66249,283
66250,310
66251,278
66252,292
66253,263
66254,248
66255,263
66256,266
66257,269
66258,271
66259,306
66260,279
66261,272
66262,259
66263,270
66264,283
66265,280
66266,263
66267,274
66268,265
66269,369
66270,298
66271,289
66272,262
66273,281
66274,276
66275,311
66276,313
66277,339
66278,315
66279,296
66280,327
66281,268
66282,282
66283,301
66284,308
66285,289
66286,322
66287,312
66288,317
66289,348
66290,300
66291,308
66292,376
66293,298
66294,349
66295,315
66296,328
66297,319
66298,276
66299,275
66300,261
66301,249
66302,279
66303,250
66304,251
66305,214
66306,239
66307,255
66308,263
66309,249
66310,244
66311,244
66312,251
66313,237
66314,255
66315,251
66316,216
66317,249
66318,250
66319,237
66320,250
66321,250
66322,237
66323,297
66324,303
66325,275
66326,305
66327,297
66328,318
66329,271
66330,291
66331,335
66332,320
66333,306
66334,380
66335,300
66336,313
66337,298
66338,310
66339,338
66340,295
66341,300
66342,272
66343,285
66344,280
66345,240
66346,247
66347,258
66348,249
66349,242
66350,253
66351,248
66352,237
66353,263
66354,273
66355,238
66356,229
66357,274
66358,255
66359,244
66360,263
66361,248
66362,276
66363,250
66364,264
66365,256
66366,280
66367,260
66368,241
66369,261
66370,247
66371,223
66372,251
66373,256
66374,262
66375,254
66376,240
66377,259
66378,238
66379,254
66380,255
66381,255
66382,273
66383,294
66384,302
66385,275
66386,257
66387,281
66388,315
66389,326
66390,310
66391,292
66392,277
66393,284
66394,341
66395,276
66396,347
66397,324
66398,303
66399,274
66400,276
66401,252
66402,267
66403,269
66404,272
66405,263
66406,303
66407,267
66408,265
66409,253
66410,269
66411,253
66412,264
66413,208
66414,254
66415,289
66416,261
66417,247
66418,259
66419,245
66420,241
66421,266
66422,263
66423,241
66424,252
66425,293
66426,283
66427,275
66428,260
66429,230
66430,258
66431,271
66432,240
66433,263
66434,278
66435,247
66436,254
66437,223
66438,264
66439,277
66440,261
66441,265
66442,235
66443,282
66444,256
66445,267
66446,257
66447,287
66448,289
66449,303
66450,373
66451,300
66452,318
66453,356
66454,365
66455,329
66456,335
66457,353
66458,335
66459,335
66460,331
66461,383
66462,336
66463,307
66464,334
66465,359
66466,359
66467,337
66468,348
66469,262
66470,259
66471,266
66472,255
66473,265
66474,231
66475,233
66476,227
66477,225
66478,220
66479,243
66480,223
66481,224
66482,229
66483,230
66484,218
66485,241
66486,201
66487,251
66488,220
66489,202
66490,186
66491,209
66492,188
66493,191
66494,233
66495,203
66496,241
66497,259
66498,227
66499,262
66500,247
66501,275
66502,271
66503,258
66504,276
66505,271
66506,256
66507,276
66508,248
66509,255
66510,284
66511,272
66512,262
66513,256
66514,253
66515,230
66516,281
66517,287
66518,270
66519,265
66520,263
66521,319
66522,274
66523,290
66524,270
66525,262
66526,309
66527,293
66528,342
66529,334
66530,331
66531,386
66532,368
66533,311
66534,314
66535,300
66536,360
66537,340
66538,350
66539,378
66540,301
66541,307
66542,359
66543,334
66544,309
66545,341
66546,341
66547,345
66548,333
66549,329
66550,316
66551,337
66552,344
66553,356
66554,370
66555,360
66556,371
66557,423
66558,330
66559,321
66560,340
66561,336
66562,343
66563,337
66564,313
66565,326
66566,302
66567,344
66568,304
66569,323
66570,381
66571,325
66572,346
66573,290
66574,284
66575,294
66576,292
66577,293
66578,280
66579,320
66580,284
66581,287
66582,362
66583,276
66584,256
66585,312
66586,282
66587,274
66588,269
66589,270
66590,240
66591,278
66592,266
66593,276
66594,264
66595,305
66596,274
66597,268
66598,311
66599,291
66600,322
66601,304
66602,276
66603,331
66604,316
66605,311
66606,293
66607,295
66608,269
66609,296
66610,270
66611,325
66612,297
66613,297
66614,271
66615,288
66616,282
66617,260
66618,271
66619,268
66620,264
66621,266
66622,226
66623,259
66624,231
66625,297
66626,262
66627,274
66628,275
66629,260
66630,267
66631,316
66632,278
66633,254
66634,268
66635,238
66636,272
66637,269
66638,248
66639,280
66640,269
66641,269
66642,264
66643,302
66644,254
66645,244
66646,277
66647,262
66648,238
66649,253
66650,227
66651,246
66652,248
66653,265
66654,214
66655,221
66656,183
66657,225
66658,229
66659,242
66660,202
66661,215
66662,186
66663,220
66664,209
66665,190
66666,207
66667,212
66668,202
66669,183
66670,183
66671,180
66672,171
66673,194
66674,184
66675,179
66676,188
66677,186
66678,168
66679,185
66680,219
66681,151
66682,172
66683,151
66684,171
66685,197
66686,197
66687,194
66688,194
66689,223
66690,183
66691,224
66692,188
66693,186
66694,197
66695,194
66696,180
66697,173
66698,206
66699,179
66700,242
66701,171
66702,182
66703,179
66704,190
66705,198
66706,208
66707,199
66708,157
66709,179
66710,193
66711,181
66712,221
66713,206
66714,236
66715,233
66716,217
66717,198
66718,210
66719,210
66720,203
66721,205
66722,219
66723,195
66724,185
66725,218
66726,196
66727,184
66728,180
66729,207
66730,210
66731,214
66732,166
66733,205
66734,227
66735,204
66736,184
66737,167
66738,180
66739,161
66740,153
66741,179
66742,216
66743,159
66744,171
66745,177
66746,210
66747,175
66748,200
66749,189
66750,186
66751,171
66752,160
66753,175
66754,192
66755,148
66756,155
66757,162
66758,172
66759,186
66760,155
66761,167
66762,169
66763,151
66764,133
66765,160
66766,172
66767,147
66768,167
66769,128
66770,123
66771,162
66772,157
66773,173
66774,171
66775,140
66776,149
66777,167
66778,152
66779,199
66780,171
66781,132
66782,161
66783,169
66784,144
66785,172
66786,172
66787,159
66788,159
66789,148
66790,174
66791,180
66792,192
66793,232
66794,188
66795,228
66796,237
66797,216
66798,176
66799,208
66800,218
66801,202
66802,234
66803,217
66804,213
66805,226
66806,190
66807,226
66808,204
66809,265
66810,267
66811,250
66812,254
66813,250
66814,257
66815,271
66816,244
66817,242
66818,254
66819,281
66820,272
66821,311
66822,272
66823,273
66824,267
66825,281
66826,278
66827,246
66828,283
66829,287
66830,301
66831,326
66832,335
66833,274
66834,301
66835,287
66836,295
66837,322
66838,318
66839,319
66840,306
66841,332
66842,343
66843,324
66844,304
66845,311
66846,283
66847,320
66848,305
66849,291
66850,344
66851,301
66852,285
66853,306
66854,340
66855,301
66856,308
66857,302
66858,337
66859,309
66860,326
66861,319
66862,340
66863,331
66864,353
66865,323
66866,314
66867,336
66868,326
66869,306
66870,355
66871,321
66872,309
66873,310
66874,323
66875,306
66876,334
66877,356
66878,324
66879,384
66880,336
66881,330
66882,353
66883,357
66884,343
66885,331
66886,310
66887,334
66888,330
66889,358
66890,355
66891,338
66892,329
66893,344
66894,372
66895,314
66896,363
66897,332
66898,350
66899,298
66900,334
66901,329
66902,355
66903,321
66904,343
66905,313
66906,312
66907,353
66908,330
66909,342
66910,333
66911,342
66912,345
66913,321
66914,281
66915,315
66916,319
66917,300
66918,296
66919,301
66920,262
66921,324
66922,321
66923,306
66924,290
66925,343
66926,287
66927,324
66928,306
66929,333
66930,299
66931,324
66932,338
66933,308
66934,310
66935,343
66936,347
66937,356
66938,365
66939,352
66940,328
66941,297
66942,338
66943,317
66944,345
66945,321
66946,340
66947,341
66948,384
66949,350
66950,360
66951,358
66952,393
66953,416
66954,373
66955,366
66956,383
66957,410
66958,408
66959,390
66960,428
66961,419
66962,403
66963,434
66964,433
66965,397
66966,444
66967,414
66968,435
66969,424
66970,414
66971,433
66972,412
66973,373
66974,410
66975,402
66976,371
66977,394
66978,385
66979,425
66980,412
66981,366
66982,391
66983,332
66984,397
66985,414
66986,386
66987,407
66988,377
66989,329
66990,368
66991,390
66992,335
66993,372
66994,377
66995,380
66996,363
66997,380
66998,416
66999,382
67000,363
67001,370
67002,414
67003,426
67004,401
67005,364
67006,395
67007,400
67008,379
67009,373
67010,379
67011,356
67012,367
67013,410
67014,408
67015,356
67016,407
67017,346
67018,348
67019,386
67020,349
67021,361
67022,368
67023,415
67024,365
67025,348
67026,363
67027,354
67028,366
67029,345
67030,359
67031,366
67032,396
67033,348
67034,391
67035,396
67036,345
67037,330
67038,380
67039,390
67040,346
67041,370
67042,376
67043,370
67044,361
67045,334
67046,356
67047,372
67048,356
67049,373
67050,325
67051,398
67052,380
67053,344
67054,333
67055,324
67056,354
67057,312
67058,332
67059,374
67060,377
67061,333
67062,371
67063,372
67064,331
67065,393
67066,377
67067,384
67068,395
67069,356
67070,387
67071,379
67072,391
67073,352
67074,331
67075,348
67076,376
67077,319
67078,317
67079,351
67080,338
67081,305
67082,328
67083,369
67084,342
67085,349
67086,372
67087,327
67088,385
67089,340
67090,344
67091,321
67092,355
67093,329
67094,335
67095,358
67096,351
67097,391
67098,338
67099,322
67100,349
67101,369
67102,389
67103,390
67104,346
67105,335
67106,334
67107,344
67108,332
67109,356
67110,347
67111,365
67112,383
67113,373
67114,370
67115,409
67116,337
67117,389
67118,378
67119,386
67120,361
67121,342
67122,367
67123,375
67124,390
67125,376
67126,343
67127,333
67128,380
67129,346
67130,344
67131,353
67132,336
67133,372
67134,375
67135,356
67136,384
67137,351
67138,350
67139,342
67140,371
67141,388
67142,319
67143,317
67144,350
67145,372
67146,373
67147,329
67148,363
67149,362
67150,346
67151,407
67152,384
67153,336
67154,354
67155,335
67156,357
67157,345
67158,357
67159,326
67160,361
67161,358
67162,355
67163,374
67164,357
67165,368
67166,385
67167,346
67168,376
67169,369
67170,338
67171,339
67172,321
67173,348
67174,370
67175,338
67176,336
67177,339
67178,358
67179,359
67180,339
67181,336
67182,346
67183,355
67184,340
67185,311
67186,364
67187,344
67188,340
67189,342
67190,327
67191,318
67192,324
67193,362
67194,364
67195,372
67196,365
67197,381
67198,380
67199,336
67200,359
67201,369
67202,367
67203,367
67204,325
67205,354
67206,367
67207,380
67208,408
67209,336
67210,344
67211,347
67212,362
67213,324
67214,344
67215,317
67216,377
67217,366
67218,340
67219,362
67220,376
67221,358
67222,402
67223,358
67224,335
67225,367
67226,364
67227,347
67228,372
67229,389
67230,412
67231,388
67232,372
67233,379
67234,369
67235,384
67236,369
67237,452
67238,380
67239,417
67240,362
67241,360
67242,432
67243,392
67244,363
67245,406
67246,399
67247,353
67248,350
67249,389
67250,402
67251,414
67252,375
67253,372
67254,331
67255,377
67256,380
67257,392
67258,372
67259,394
67260,380
67261,406
67262,365
67263,431
67264,335
67265,416
67266,436
67267,410
67268,362
67269,382
67270,416
67271,389
67272,393
67273,395
67274,408
67275,402
67276,402
67277,369
67278,393
67279,395
67280,398
67281,400
67282,408
67283,439
67284,480
67285,393
67286,444
67287,392
67288,412
67289,454
67290,462
67291,467
67292,509
67293,437
67294,432
67295,431
67296,434
67297,461
67298,475
67299,421
67300,422
67301,431
67302,443
67303,401
67304,435
67305,482
67306,430
67307,448
67308,466
67309,413
67310,408
67311,411
67312,426
67313,433
67314,488
67315,459
67316,468
67317,450
67318,453
67319,492
67320,503
67321,448
67322,524
67323,586
67324,639
67325,724
67326,687
67327,845
67328,762
67329,766
67330,745
67331,680
67332,683
67333,778
67334,711
67335,775
67336,702
67337,687
67338,658
67339,752
67340,700
67341,777
67342,811
67343,793
67344,743
67345,640
67346,681
67347,743
67348,736
67349,668
67350,742
67351,724
67352,783
67353,723
67354,687
67355,668
67356,644
67357,608
67358,560
67359,527
67360,490
67361,507
67362,509
67363,528
67364,579
67365,560
67366,606
67367,646
67368,673
67369,620
67370,603
67371,529
67372,492
67373,499
67374,514
67375,530
67376,561
67377,572
67378,495
67379,523
67380,504
67381,533
67382,501
67383,637
67384,729
67385,1170
67386,1297
67387,1394
67388,1441
67389,1424
67390,1451
67391,1555
67392,1498
67393,1607
67394,1649
67395,1676
67396,1671
67397,1670
67398,1708
67399,1713
67400,1691
67401,1636
67402,1677
67403,1595
67404,1677
67405,1666
67406,1637
67407,1637
67408,1658
67409,1716
67410,1666
67411,1646
67412,1468
67413,1491
67414,1568
67415,1575
67416,1547
67417,1555
67418,1527
67419,1530
67420,1493
67421,1578
67422,1469
67423,1435
67424,1459
67425,1484
67426,1506
67427,1527
67428,1518
67429,1588
67430,1514
67431,1561
67432,1448
67433,1545
67434,1591
67435,1489
67436,1558
67437,1558
67438,1417
67439,1348
67440,1371
67441,1436
67442,1262
67443,1312
67444,1373
67445,1297
67446,1354
67447,1416
67448,1375
67449,1388
67450,1387
67451,1344
67452,1445
67453,1253
67454,1350
67455,1385
67456,1367
67457,1378
67458,1473
67459,1339
67460,1375
67461,1439
67462,1465
67463,1401
67464,1389
67465,1395
67466,1405
67467,1445
67468,1458
67469,1498
67470,1594
67471,1569
67472,1594
67473,1596
67474,1573
67475,1675
67476,1560
67477,1510
67478,1683
67479,1655
67480,1704
67481,1702
