data/raw/Flight2/CPC3776_POLAR6_20150407_r2_NETCARE.ict
35,1001
Abbatt,Jon
University of Toronto
Polar 6
NETCARE
1,1
2015,4,7,2017,8,16
1
time,seconds,seconds from start in UTC
1
1
-99999
conc,number of particles per cm3
0
20
PI_CONTACT_INFO: 80 St. George Street; Toronto; ON M5S 3H6 CANADA; email: jabbatt@chem.utoronto.ca
PLATFORM: Polar 6 aircraft
LOCATION: Canadian Arctic near Alert
ASSOCIATED_DATA: none
INSTRUMENT_INFO: The Ultrafine Condensation Particle Counter 3776 is a continuous-flow instrument that detects particles down to 2.5 nm. It operates at an aerosol flow rate of 50 cm^3/min and detects concentrations from 0 to 300 000 particles/cm^3 with coincidence correction.
DATA_INFO: all relevant information is given above
UNCERTAINTY:  ±10% of measured value
ULOD_FLAG: -7777
ULOD_VALUE: N/As
LLOD_FLAG: -8888
LLOD_VALUE: N/A
DM_CONTACT_INFO: Data collected by Julia Burkart. Please direct all correspondence to Jon Abbatt: jabbatt@chem.utoronto.ca
PROJECT_INFO: Polar 6 NETCARE Spring 2015 campaign
STIPULATIONS_ON_USE: N/A
OTHER_COMMENTS: N/A
REVISION: R2, R1, R0
R2: zero and filter measurements are removed
R1: uncorrected raw data
R0: raw data
time,conc
[from data line 12154]
71671,275
71672,252
71673,314
71674,273
71675,285
71676,223
71677,203
71678,207
71679,210
71680,209
71681,209
71682,194
71683,243
71684,227
71685,194
71686,209
71687,226
71688,203
71689,234
71690,225
71691,258
71692,211
71693,207
71694,190
71695,191
71696,228
71697,252
71698,243
71699,192
71700,225
71701,233
71702,206
71703,187
71704,189
71705,167
71706,195
71707,204
71708,169
71709,146
71710,156
71711,179
71712,165
71713,147
71714,163
71715,167
71716,180
71717,202
71718,153
71719,189
71720,206
71721,237
71722,169
71723,152
71724,165
71725,193
71726,187
71727,195
71728,165
71729,194
71730,165
71731,164
71732,193
71733,185
71734,154
71735,150
71736,185
71737,156
71738,168
71739,169
71740,164
71741,182
71742,160
71743,146
71744,166
71745,151
71746,162
71747,151
71748,154
71749,139
71750,161
71751,170
71752,145
71753,188
71754,173
71755,143
71756,158
71757,179
71758,156
71759,142
71760,167
71761,152
71762,182
71763,144
71764,196
71765,174
71766,204
71767,167
71768,191
71769,169
71770,179
71771,165
71772,193
71773,171
71774,191
71775,174
71776,151
71777,142
71778,147
71779,176
71780,159
71781,161
71782,200
71783,188
71784,150
71785,142
71786,149
71787,153
71788,151
71789,159
71790,161
71791,158
71792,150
71793,140
71794,167
71795,156
71796,163
71797,151
71798,123
71799,164
71800,148
71801,144
71802,147
71803,143
71804,133
71805,152
71806,150
71807,157
71808,144
71809,168
71810,143
71811,153
71812,153
71813,166
71814,193
71815,160
71816,145
71817,132
71818,147
71819,175
71820,144
71821,165
71822,162
71823,162
71824,140
71825,155
71826,142
71827,167
71828,130
71829,136
71830,154
71831,160
71832,149
71833,187
71834,153
71835,190
71836,164
71837,170
71838,155
71839,178
71840,162
71841,147
71842,189
71843,136
71844,163
71845,138
71846,184
71847,153
71848,158
71849,194
71850,181
71851,175
71852,196
71853,169
71854,168
71855,160
71856,181
71857,171
71858,170
71859,162
71860,143
71861,160
71862,188
71863,185
71864,199
71865,219
71866,217
71867,183
71868,178
71869,192
71870,164
71871,160
71872,184
71873,215
71874,200
71875,196
71876,184
71877,210
71878,176
71879,196
71880,202
71881,166
71882,190
71883,196
71884,196
71885,179
71886,200
71887,171
71888,205
71889,170
71890,198
71891,189
71892,182
71893,183
71894,185
71895,192
71896,212
71897,204
71898,179
71899,200
71900,184
71901,195
71902,198
71903,212
71904,191
71905,185
71906,192
71907,189
71908,193
71909,209
71910,208
71911,201
71912,214
71913,187
71914,199
71915,202
71916,198
71917,192
71918,230
71919,184
71920,210
71921,210
71922,192
71923,215
71924,182
71925,190
71926,210
71927,226
71928,220
71929,187
71930,209
71931,204
71932,182
71933,208
71934,194
71935,206
71936,228
71937,203
71938,197
71939,212
71940,235
71941,248
71942,249
71943,252
71944,269
71945,266
71946,258
71947,263
71948,272
71949,231
71950,239
71951,252
71952,266
71953,231
71954,236
71955,235
71956,205
71957,233
71958,258
71959,251
71960,247
71961,259
71962,262
71963,288
71964,269
71965,249
71966,245
71967,274
71968,243
71969,248
71970,257
71971,281
71972,264
71973,274
71974,268
71975,233
71976,273
71977,253
71978,230
71979,273
71980,236
71981,225
71982,267
71983,238
71984,226
71985,292
71986,246
71987,245
71988,249
71989,244
71990,273
71991,266
71992,242
71993,288
71994,247
71995,236
71996,219
71997,221
71998,261
71999,250
72000,229
72001,266
72002,274
72003,231
72004,225
72005,230
72006,237
72007,245
72008,228
72009,240
72010,211
72011,241
72012,210
72013,225
72014,249
72015,259
72016,257
72017,240
72018,251
72019,233
72020,261
72021,224
72022,271
72023,253
72024,235
72025,269
72026,259
72027,225
72028,228
72029,230
72030,232
72031,250
72032,238
72033,258
72034,238
72035,232
72036,197
72037,210
72038,225
72039,214
72040,214
72041,200
72042,230
72043,214
72044,193
72045,199
72046,209
72047,193
72048,196
72049,194
72050,209
72051,211
72052,205
72053,210
72054,195
72055,187
72056,203
72057,206
72058,199
72059,195
72060,222
72061,207
72062,213
72063,210
72064,174
72065,200
72066,194
72067,200
72068,155
72069,177
72070,200
72071,182
72072,203
72073,203
72074,200
72075,188
72076,195
72077,220
72078,238
72079,194
72080,219
72081,213
72082,178
72083,223
72084,202
72085,167
72086,183
72087,216
72088,167
72089,185
72090,201
72091,206
72092,223
72093,185
72094,177
72095,184
72096,202
72097,193
72098,203
72099,205
72100,247
72101,231
72102,210
72103,241
72104,194
72105,258
72106,220
72107,237
72108,254
72109,253
72110,238
72111,235
72112,247
72113,242
72114,240
72115,247
72116,225
72117,252
72118,228
72119,235
72120,213
72121,234
72122,251
72123,224
72124,231
72125,238
72126,231
72127,264
72128,237
72129,269
72130,235
72131,236
72132,224
72133,245
72134,248
72135,240
72136,232
72137,266
72138,254
72139,248
72140,259
72141,279
72142,264
72143,245
72144,230
72145,214
72146,235
72147,235
72148,259
72149,231
72150,275
72151,242
72152,226
72153,275
72154,279
72155,221
72156,225
72157,244
72158,244
72159,252
72160,263
72161,233
72162,235
72163,235
72164,268
72165,248
72166,231
72167,261
72168,242
72169,245
72170,246
72171,264
72172,256
72173,224
72174,224
72175,249
72176,244
72177,260
72178,245
72179,226
72180,223
72181,260
72182,217
72183,260
72184,231
72185,224
72186,238
72187,224
72188,211
72189,218
72190,229
72191,221
72192,223
72193,216
72194,210
72195,221
72196,242
72197,236
72198,180
72199,203
72200,234
72201,245
72202,254
72203,220
72204,209
72205,231
72206,217
72207,214
72208,191
72209,215
72210,235
72211,238
72212,204
72213,225
72214,215
72215,228
72216,235
72217,251
72218,223
72219,234
72220,242
72221,230
72222,225
72223,248
72224,251
72225,228
72226,251
72227,215
72228,233
72229,272
72230,246
72231,225
72232,223
72233,223
72234,237
72235,246
72236,230
72237,227
72238,281
72239,233
72240,256
72241,261
72242,270
72243,272
72244,252
72245,244
72246,282
72247,249
72248,249
72249,243
72250,268
72251,247
72252,271
72253,227
72254,239
72255,260
72256,256
72257,260
72258,288
72259,246
72260,267
72261,215
72262,261
72263,231
72264,258
72265,268
72266,241
72267,239
72268,236
72269,258
72270,320
72271,322
72272,339
72273,324
72274,333
72275,359
72276,315
72277,301
72278,347
72279,315
72280,313
72281,366
72282,321
72283,353
72284,388
72285,341
72286,369
72287,363
72288,424
72289,323
72290,321
72291,300
72292,281
72293,303
72294,351
72295,271
72296,272
72297,267
72298,293
72299,273
72300,304
72301,276
72302,248
72303,287
72304,274
72305,290
72306,294
72307,236
72308,244
72309,278
72310,257
72311,286
72312,248
72313,284
72314,245
72315,256
72316,289
72317,287
72318,272
72319,277
72320,300
72321,321
72322,367
72323,347
72324,417
72325,461
72326,416
72327,382
72328,423
72329,455
72330,438
72331,411
72332,455
72333,424
72334,433
72335,406
72336,416
72337,377
72338,357
72339,326
72340,365
72341,386
72342,375
72343,370
72344,343
72345,397
72346,367
72347,393
72348,465
72349,428
72350,476
72351,400
72352,376
72353,441
72354,393
72355,398
72356,398
72357,471
72358,429
72359,456
72360,425
72361,398
72362,420
72363,407
72364,361
72365,375
72366,331
72367,354
72368,332
72369,324
72370,346
72371,378
72372,379
72373,349
72374,336
72375,312
72376,305
72377,299
72378,278
72379,314
72380,308
72381,260
72382,267
72383,274
72384,264
72385,284
72386,306
72387,311
72388,312
72389,246
72390,311
72391,296
72392,361
72393,339
72394,341
72395,331
72396,328
72397,366
72398,378
72399,392
72400,372
72401,371
72402,426
72403,377
72404,412
72405,393
72406,397
72407,392
72408,381
72409,393
72410,341
72411,361
72412,368
72413,349
72414,376
72415,343
72416,358
72417,319
72418,340
72419,339
72420,335
72421,313
72422,325
72423,275
72424,285
72425,324
72426,291
72427,282
72428,333
72429,298
72430,330
72431,325
72432,324
72433,305
72434,335
72435,304
72436,290
72437,308
72438,335
72439,313
72440,302
72441,280
72442,317
72443,313
72444,302
72445,291
72446,342
72447,289
72448,296
72449,272
72450,283
72451,300
72452,248
72453,314
72454,296
72455,277
72456,274
72457,252
72458,306
72459,281
72460,251
72461,240
72462,264
72463,254
72464,243
72465,290
72466,288
72467,284
72468,259
72469,269
72470,294
72471,263
72472,271
72473,262
72474,246
72475,275
72476,241
72477,232
72478,243
72479,253
72480,257
72481,227
72482,243
72483,231
72484,252
72485,233
72486,263
72487,280
72488,239
72489,243
72490,270
72491,297
72492,256
72493,224
72494,251
72495,261
72496,249
72497,248
72498,206
72499,250
72500,243
72501,244
72502,258
72503,265
72504,254
72505,279
72506,274
72507,276
72508,241
72509,245
72510,252
72511,250
72512,256
72513,218
72514,252
72515,261
72516,285
72517,252
72518,229
72519,222
72520,273
72521,272
72522,279
72523,305
72524,280
72525,303
72526,248
72527,245
72528,255
72529,320
72530,299
72531,269
72532,262
72533,262
72534,245
72535,243
72536,264
72537,258
72538,254
72539,286
72540,256
72541,270
72542,257
72543,233
72544,238
72545,247
72546,222
72547,217
72548,234
72549,234
72550,206
72551,185
72552,253
72553,204
72554,219
72555,209
72556,202
72557,238
72558,220
72559,225
72560,221
72561,224
72562,218
72563,217
72564,182
72565,222
72566,252
72567,253
72568,217
72569,230
72570,212
72571,249
72572,264
72573,234
72574,236
72575,191
72576,224
72577,227
72578,211
72579,257
72580,210
72581,183
72582,251
72583,222
72584,262
72585,241
72586,237
72587,234
72588,237
72589,196
72590,206
72591,212
72592,225
72593,237
72594,230
72595,219
72596,204
72597,212
72598,253
72599,191
72600,233
72601,193
72602,216
72603,257
72604,224
72605,231
72606,223
72607,246
72608,234
72609,241
72610,220
72611,219
72612,222
72613,238
72614,244
72615,227
72616,230
72617,189
72618,215
72619,223
72620,239
72621,215
72622,229
72623,211
72624,229
72625,232
72626,224
72627,216
72628,233
72629,229
72630,247
72631,264
72632,258
72633,229
72634,234
72635,227
72636,227
72637,238
72638,224
72639,213
72640,271
72641,261
72642,241
72643,202
72644,210
72645,197
72646,211
72647,219
72648,251
72649,197
72650,232
72651,242
72652,254
72653,254
72654,248
72655,230
72656,228
72657,243
72658,222
72659,225
72660,234
72661,237
72662,194
72663,242
72664,247
72665,276
72666,258
72667,234
72668,218
72669,232
72670,249
72671,238
72672,246
72673,251
72674,239
72675,235
72676,258
72677,283
72678,274
72679,277
72680,282
72681,270
72682,272
72683,258
72684,273
72685,269
72686,256
72687,308
72688,247
72689,262
72690,305
72691,256
72692,275
72693,253
72694,258
72695,286
72696,275
72697,256
72698,241
72699,276
72700,245
72701,233
72702,262
72703,251
72704,268
72705,266
72706,302
72707,247
72708,246
72709,293
72710,256
72711,252
72712,262
72713,278
72714,254
72715,259
72716,266
72717,275
72718,250
72719,254
72720,261
72721,252
72722,208
72723,237
72724,195
72725,279
72726,240
72727,266
72728,291
72729,246
72730,231
72731,234
72732,238
72733,238
72734,253
72735,235
72736,252
72737,235
72738,241
72739,254
72740,255
72741,244
72742,253
72743,280
72744,276
72745,299
72746,274
72747,290
72748,270
72749,322
72750,317
72751,307
72752,319
72753,344
72754,351
72755,362
72756,359
72757,344
72758,303
72759,290
72760,328
72761,274
72762,310
72763,298
72764,286
72765,320
72766,258
72767,267
72768,305
72769,278
72770,317
72771,259
72772,243
72773,294
72774,250
72775,242
72776,227
72777,309
72778,286
72779,237
72780,219
72781,249
72782,228
72783,229
72784,228
72785,229
72786,194
72787,203
72788,204
72789,237
72790,194
72791,235
72792,229
72793,232
72794,214
72795,238
72796,241
72797,241
72798,255
72799,261
72800,260
72801,267
72802,257
72803,271
72804,305
72805,318
72806,413
72807,371
72808,406
72809,374
72810,344
72811,331
72812,337
72813,383
72814,379
72815,381
72816,344
72817,311
72818,305
72819,325
72820,271
72821,258
72822,275
72823,287
72824,343
72825,303
72826,337
72827,348
72828,346
72829,315
72830,286
72831,302
72832,308
72833,285
72834,305
72835,275
72836,283
72837,280
72838,281
72839,278
72840,262
72841,241
72842,220
72843,257
72844,222
72845,257
72846,241
72847,256
72848,237
72849,276
72850,283
72851,250
72852,278
72853,270
72854,255
72855,248
72856,239
72857,270
72858,266
72859,241
72860,228
72861,262
72862,222
72863,247
72864,216
72865,261
72866,247
72867,247
72868,222
72869,279
72870,266
72871,242
72872,259
72873,245
72874,269
72875,224
72876,295
72877,218
72878,245
72879,230
72880,258
72881,227
72882,224
72883,239
72884,220
72885,249
72886,282
72887,235
72888,237
72889,229
72890,224
72891,280
72892,255
72893,269
72894,257
72895,232
72896,239
72897,245
72898,249
72899,242
72900,266
72901,297
72902,220
72903,263
72904,234
72905,225
72906,253
72907,235
72908,237
72909,231
72910,287
72911,253
72912,251
72913,260
72914,251
72915,270
72916,274
72917,272
72918,269
72919,247
72920,275
72921,254
72922,249
72923,241
72924,242
72925,280
72926,273
72927,252
72928,253
72929,309
72930,261
72931,280
72932,296
72933,323
72934,351
72935,326
72936,313
72937,346
72938,317
72939,323
72940,349
72941,336
72942,343
72943,330
72944,342
72945,360
72946,324
72947,345
72948,322
72949,305
72950,306
72951,299
72952,292
72953,276
72954,272
72955,305
72956,288
72957,296
72958,302
72959,261
72960,303
72961,322
72962,321
72963,304
72964,298
72965,292
72966,280
72967,278
72968,303
72969,280
72970,316
72971,291
72972,299
72973,324
72974,309
72975,301
72976,271
72977,278
72978,300
72979,281
72980,289
72981,265
72982,311
72983,274
72984,305
72985,279
72986,254
72987,269
72988,324
72989,296
72990,297
72991,293
72992,296
72993,280
72994,293
72995,276
72996,282
72997,316
72998,309
72999,273
73000,319
73001,307
73002,228
73003,297
73004,283
73005,267
73006,290
73007,289
73008,276
73009,275
73010,294
73011,294
73012,308
73013,317
73014,328
73015,290
73016,295
73017,277
73018,267
73019,276
73020,281
73021,307
73022,277
73023,325
73024,286
73025,319
73026,280
73027,284
73028,277
73029,259
73030,273
73031,262
73032,285
73033,281
73034,289
73035,259
73036,259
73037,267
73038,289
73039,283
73040,272
73041,305
73042,313
73043,297
73044,310
73045,294
73046,293
73047,291
73048,288
73049,316
73050,290
73051,294
73052,318
73053,290
73054,294
73055,321
73056,270
73057,316
73058,306
73059,309
73060,296
73061,278
73062,271
73063,298
73064,290
73065,308
73066,287
73067,259
73068,294
73069,292
73070,264
73071,302
73072,319
73073,313
73074,277
73075,314
73076,262
73077,271
73078,266
73079,273
73080,281
73081,276
73082,305
73083,297
73084,297
73085,296
73086,291
73087,301
73088,299
73089,315
73090,296
73091,301
73092,336
73093,284
73094,308
73095,324
73096,306
73097,329
73098,338
73099,300
73100,299
73101,278
73102,265
73103,255
73104,262
73105,269
73106,245
73107,290
73108,260
73109,284
73110,270
73111,283
73112,264
73113,274
73114,273
73115,302
73116,301
73117,232
73118,312
73119,287
73120,294
73121,314
73122,280
73123,303
73124,272
73125,303
73126,284
73127,258
73128,287
73129,296
73130,279
73131,271
73132,366
73133,297
73134,332
73135,290
73136,325
73137,331
73138,350
73139,346
73140,384
73141,302
73142,331
73143,331
73144,291
73145,363
73146,386
73147,354
73148,300
73149,307
73150,250
73151,289
73152,325
73153,302
73154,303
73155,326
73156,303
73157,283
73158,312
73159,340
73160,311
73161,334
73162,312
73163,332
73164,314
73165,357
73166,349
73167,355
73168,328
73169,391
73170,345
73171,330
73172,339
73173,346
73174,354
73175,340
73176,377
73177,375
73178,331
73179,303
73180,298
73181,345
73182,355
73183,352
73184,372
73185,370
73186,387
73187,404
73188,394
73189,406
73190,369
73191,381
73192,374
73193,363
73194,338
73195,381
73196,349
73197,338
73198,341
73199,334
73200,281
73201,307
73202,351
73203,306
73204,342
73205,298
73206,336
73207,307
73208,345
73209,284
73210,296
73211,319
73212,299
73213,296
73214,331
73215,305
73216,321
73217,321
73218,335
73219,349
73220,322
73221,288
73222,280
73223,294
73224,346
73225,348
73226,314
73227,347
73228,294
73229,303
73230,319
73231,324
73232,359
73233,302
73234,339
73235,332
73236,332
73237,359
73238,330
73239,311
73240,335
73241,342
73242,352
73243,345
73244,336
73245,385
73246,332
73247,341
73248,351
73249,354
73250,362
73251,333
73252,404
73253,329
73254,315
73255,337
73256,361
73257,349
73258,333
73259,344
73260,328
73261,350
73262,328
73263,375
73264,305
73265,341
73266,341
73267,390
73268,325
73269,272
