data/raw/Flight2/CPC3776_POLAR6_20150407_r2_NETCARE.ict
35,1001
Abbatt,Jon
University of Toronto
Polar 6
NETCARE
1,1
2015,4,7,2017,8,16
1
time,seconds,seconds from start in UTC
1
1
-99999
conc,number of particles per cm3
0
20
PI_CONTACT_INFO: 80 St. George Street; Toronto; ON M5S 3H6 CANADA; email: jabbatt@chem.utoronto.ca
PLATFORM: Polar 6 aircraft
LOCATION: Canadian Arctic near Alert
ASSOCIATED_DATA: none
INSTRUMENT_INFO: The Ultrafine Condensation Particle Counter 3776 is a continuous-flow instrument that detects particles down to 2.5 nm. It operates at an aerosol flow rate of 50 cm^3/min and detects concentrations from 0 to 300 000 particles/cm^3 with coincidence correction.
DATA_INFO: all relevant information is given above
UNCERTAINTY:  ±10% of measured value
ULOD_FLAG: -7777
ULOD_VALUE: N/As
LLOD_FLAG: -8888
LLOD_VALUE: N/A
DM_CONTACT_INFO: Data collected by Julia Burkart. Please direct all correspondence to Jon Abbatt: jabbatt@chem.utoronto.ca
PROJECT_INFO: Polar 6 NETCARE Spring 2015 campaign
STIPULATIONS_ON_USE: N/A
OTHER_COMMENTS: N/A
REVISION: R2, R1, R0
R2: zero and filter measurements are removed
R1: uncorrected raw data
R0: raw data
time,conc
[from data line 4773]
64290,218
64291,242
64292,237
64293,222
64294,233
64295,205
64296,195
64297,208
64298,241
64299,218
64300,209
64301,214
64302,229
64303,226
64304,208
64305,218
64306,220
64307,220
64308,230
64309,244
64310,260
64311,220
64312,266
64313,226
64314,233
64315,221
64316,223
64317,225
64318,237
64319,238
64320,257
64321,217
64322,259
64323,236
64324,223
64325,232
64326,218
64327,226
64328,210
64329,195
64330,218
64331,240
64332,200
64333,246
64334,228
64335,237
64336,225
64337,228
64338,219
64339,226
64340,234
64341,266
64342,228
64343,238
64344,242
64345,233
64346,203
64347,247
64348,249
64349,227
64350,239
64351,256
64352,232
64353,194
64354,241
64355,233
64356,230
64357,203
64358,222
64359,226
64360,228
64361,224
64362,280
64363,238
64364,219
64365,244
64366,219
64367,222
64368,247
64369,259
64370,231
64371,227
64372,232
64373,236
64374,231
64375,253
64376,221
64377,183
64378,223
64379,206
64380,204
64381,219
64382,239
64383,196
64384,246
64385,221
64386,249
64387,226
64388,251
64389,206
64390,241
64391,215
64392,246
64393,244
64394,194
64395,245
64396,219
64397,214
64398,239
64399,228
64400,247
64401,222
64402,219
64403,252
64404,210
64405,201
64406,213
64407,218
64408,239
64409,218
64410,210
64411,233
64412,225
64413,254
64414,187
64415,219
64416,263
64417,223
64418,224
64419,209
64420,250
64421,214
64422,215
64423,241
64424,192
64425,221
64426,246
64427,210
64428,223
64429,231
64430,220
64431,225
64432,215
64433,199
64434,195
64435,190
64436,217
64437,251
64438,231
64439,206
64440,195
64441,224
64442,213
64443,180
64444,237
64445,227
64446,218
64447,223
64448,218
64449,208
64450,201
64451,214
64452,231
64453,204
64454,218
64455,212
64456,225
64457,251
64458,249
64459,234
64460,222
64461,219
64462,177
64463,205
64464,209
64465,240
64466,240
64467,211
64468,208
64469,236
64470,231
64471,203
64472,218
64473,205
64474,225
64475,192
64476,216
64477,217
64478,237
64479,212
64480,206
64481,206
64482,224
64483,241
64484,204
64485,232
64486,215
64487,229
64488,227
64489,218
64490,212
64491,222
64492,254
64493,212
64494,209
64495,241
64496,235
64497,251
64498,228
64499,239
64500,253
64501,243
64502,214
64503,229
64504,246
64505,196
64506,184
64507,217
64508,227
64509,226
64510,255
64511,227
64512,217
64513,232
64514,222
64515,221
64516,221
64517,235
64518,206
64519,202
64520,199
64521,239
64522,237
64523,243
64524,238
64525,186
64526,235
64527,221
64528,195
64529,205
64530,216
64531,216
64532,206
64533,201
64534,203
64535,213
64536,246
64537,231
64538,208
64539,191
64540,251
64541,250
64542,210
64543,219
64544,201
64545,228
64546,194
64547,221
64548,211
64549,222
64550,209
64551,227
64552,201
64553,230
64554,225
64555,225
64556,219
64557,229
64558,226
64559,227
64560,203
64561,206
64562,242
64563,233
64564,224
64565,260
64566,237
64567,232
64568,209
64569,256
64570,218
64571,196
64572,196
64573,204
64574,206
64575,217
64576,233
64577,259
64578,228
64579,231
64580,220
64581,255
64582,232
64583,221
64584,219
64585,250
64586,249
64587,228
64588,241
64589,230
64590,235
64591,231
64592,222
64593,230
64594,230
64595,212
64596,225
64597,227
64598,228
64599,209
64600,233
64601,194
64602,227
64603,215
64604,237
64605,212
64606,219
64607,224
64608,264
64609,223
64610,224
64611,238
64612,200
64613,211
64614,218
64615,225
64616,217
64617,217
64618,221
64619,219
64620,197
64621,237
64622,220
64623,229
64624,238
64625,206
64626,227
64627,219
64628,234
64629,241
64630,220
64631,209
64632,220
64633,223
64634,238
64635,209
64636,238
64637,217
64638,220
64639,204
64640,211
64641,222
64642,221
64643,210
64644,237
64645,250
64646,214
64647,211
64648,215
64649,200
64650,233
64651,259
64652,238
64653,245
64654,232
64655,223
64656,240
64657,253
64658,244
64659,227
64660,208
64661,247
64662,227
64663,242
64664,239
64665,215
64666,241
64667,228
64668,229
64669,241
64670,255
64671,240
64672,256
64673,251
64674,241
64675,245
64676,229
64677,254
64678,236
64679,235
64680,242
64681,236
64682,229
64683,252
64684,225
64685,251
64686,249
64687,261
64688,203
64689,240
64690,231
64691,208
64692,237
64693,227
64694,192
64695,227
64696,223
64697,217
64698,225
64699,254
64700,213
64701,235
64702,251
64703,236
64704,239
64705,205
64706,222
64707,210
64708,212
64709,234
64710,243
64711,202
64712,254
64713,219
64714,239
64715,208
64716,216
64717,226
64718,242
64719,187
64720,228
64721,205
64722,228
64723,269
64724,234
64725,241
64726,239
64727,248
64728,235
64729,273
64730,255
64731,238
64732,243
64733,240
64734,258
64735,253
64736,217
64737,251
64738,244
64739,227
64740,253
64741,260
64742,271
64743,240
64744,248
64745,240
64746,236
64747,237
64748,255
64749,253
64750,238
64751,223
64752,209
64753,248
64754,238
64755,206
64756,239
64757,229
64758,235
64759,197
64760,216
64761,220
64762,234
64763,201
64764,225
64765,208
64766,208
64767,245
64768,169
64769,204
64770,187
64771,201
64772,214
64773,182
64774,253
64775,224
64776,217
64777,213
64778,218
64779,195
64780,238
64781,219
64782,225
64783,194
64784,172
64785,172
64786,189
64787,173
64788,183
64789,205
64790,192
64791,171
64792,204
64793,199
64794,185
64795,182
64796,185
64797,173
64798,185
64799,179
64800,181
64801,204
64802,187
64803,164
64804,194
64805,163
64806,212
64807,196
64808,186
64809,179
64810,171
64811,164
64812,163
64813,186
64814,165
64815,198
64816,176
64817,161
64818,173
64819,162
64820,167
64821,192
64822,146
64823,164
64824,173
64825,161
64826,182
64827,159
64828,174
64829,146
64830,165
64831,169
64832,135
64833,151
64834,173
64835,153
64836,160
64837,168
64838,166
64839,168
64840,165
64841,165
64842,143
64843,155
64844,182
64845,154
64846,168
64847,170
64848,169
64849,158
64850,151
64851,133
64852,151
64853,153
64854,171
64855,169
64856,153
64857,174
64858,168
64859,148
64860,156
64861,163
64862,164
64863,168
64864,182
64865,171
64866,154
64867,152
64868,186
64869,172
64870,172
64871,159
64872,155
64873,178
64874,154
64875,169
64876,176
64877,157
64878,165
64879,171
64880,182
64881,145
64882,171
64883,186
64884,157
64885,167
64886,151
64887,132
64888,180
64889,151
64890,169
64891,179
64892,182
64893,181
64894,168
64895,183
64896,164
64897,172
64898,193
64899,170
64900,173
64901,168
64902,159
64903,175
64904,200
64905,166
64906,156
64907,177
64908,181
64909,204
64910,181
64911,201
64912,213
64913,155
64914,183
64915,193
64916,175
64917,191
64918,183
64919,172
64920,158
64921,156
64922,184
64923,155
64924,156
64925,150
64926,170
64927,197
64928,171
64929,170
64930,151
64931,153
64932,147
64933,181
64934,140
64935,154
64936,168
64937,171
64938,145
64939,141
64940,156
64941,168
64942,144
64943,166
64944,147
64945,127
64946,148
64947,178
64948,132
64949,169
64950,189
64951,128
64952,156
64953,155
64954,153
64955,154
64956,168
64957,177
64958,145
64959,152
64960,166
64961,170
64962,138
64963,139
64964,150
64965,151
64966,151
64967,143
64968,154
64969,162
64970,160
64971,143
64972,141
64973,153
64974,154
64975,178
64976,153
64977,167
64978,153
64979,152
64980,146
64981,144
64982,170
64983,123
64984,179
64985,142
64986,142
64987,136
64988,170
64989,153
64990,144
64991,161
64992,147
64993,163
64994,139
64995,150
64996,159
64997,157
64998,141
64999,152
65000,163
65001,153
65002,155
65003,142
65004,144
65005,164
65006,155
65007,137
65008,148
65009,163
65010,174
65011,161
65012,161
65013,167
65014,159
65015,172
65016,167
65017,176
65018,166
65019,145
65020,145
65021,155
65022,157
65023,156
65024,165
65025,173
65026,162
65027,180
65028,186
65029,158
65030,146
65031,156
65032,182
65033,194
65034,169
65035,165
65036,151
65037,171
65038,156
65039,186
65040,151
65041,163
65042,164
65043,158
65044,149
65045,168
65046,132
65047,163
65048,163
65049,144
65050,160
65051,166
65052,152
65053,148
65054,143
65055,156
65056,154
65057,141
65058,163
65059,146
65060,150
65061,168
65062,125
65063,168
65064,155
65065,143
65066,168
65067,133
65068,146
65069,158
65070,142
65071,157
65072,154
65073,143
65074,142
65075,151
65076,139
65077,140
65078,145
65079,171
65080,197
65081,160
65082,152
65083,136
65084,158
65085,159
65086,136
65087,160
65088,154
65089,170
65090,162
65091,168
65092,155
65093,149
65094,187
65095,176
65096,141
65097,171
65098,159
65099,152
65100,151
65101,157
65102,170
65103,152
65104,139
65105,146
65106,169
65107,166
65108,150
65109,152
65110,150
65111,158
65112,122
65113,132
65114,131
65115,136
65116,121
65117,130
65118,124
65119,116
65120,91
65121,139
65122,102
65123,112
65124,90
65125,89
65126,84
65127,97
65128,98
65129,93
65130,92
65131,91
65132,93
65133,81
65134,85
65135,105
65136,101
65137,83
65138,86
65139,76
65140,76
65141,85
65142,53
65143,68
65144,72
65145,101
65146,100
65147,103
65148,85
65149,106
65150,100
65151,97
65152,116
65153,85
65154,83
65155,71
65156,74
65157,74
65158,76
65159,93
65160,71
65161,91
65162,112
65163,135
65164,130
65165,153
65166,138
65167,158
65168,115
65169,115
65170,126
65171,151
65172,147
65173,174
65174,145
65175,176
65176,170
65177,186
65178,198
65179,163
65180,192
65181,156
65182,159
65183,176
65184,179
65185,196
65186,175
65187,202
65188,182
65189,208
65190,234
65191,206
65192,216
65193,219
65194,264
65195,226
65196,222
65197,254
65198,248
65199,274
65200,257
65201,240
65202,246
65203,246
65204,249
65205,266
65206,233
65207,238
65208,272
65209,265
65210,278
65211,250
65212,261
65213,254
65214,296
65215,235
65216,289
65217,283
65218,267
65219,278
65220,253
65221,282
65222,273
65223,286
65224,336
65225,313
65226,315
65227,306
65228,319
65229,294
65230,287
65231,331
65232,330
65233,335
65234,342
65235,310
65236,348
65237,310
65238,322
65239,298
65240,325
65241,293
65242,331
65243,324
65244,320
65245,302
65246,334
65247,312
65248,310
65249,324
65250,339
65251,344
65252,303
65253,313
65254,334
65255,340
65256,320
65257,342
65258,315
65259,337
65260,298
65261,299
65262,322
65263,297
65264,324
65265,297
65266,332
65267,301
65268,288
65269,304
65270,291
65271,303
65272,343
65273,313
65274,304
65275,343
65276,344
65277,321
65278,341
65279,333
65280,363
65281,390
65282,337
65283,336
65284,376
65285,333
65286,341
65287,284
65288,281
65289,328
65290,297
65291,305
65292,301
65293,308
65294,325
65295,321
65296,312
65297,301
65298,326
65299,305
65300,302
65301,336
65302,325
65303,346
65304,349
65305,339
65306,349
65307,314
65308,359
65309,297
65310,327
65311,331
65312,375
65313,336
65314,368
65315,352
65316,371
65317,371
65318,411
65319,378
65320,364
65321,399
65322,371
65323,392
65324,406
65325,317
65326,425
65327,412
65328,418
65329,385
65330,375
65331,422
65332,391
65333,353
65334,374
65335,342
65336,371
65337,361
65338,330
65339,371
65340,359
65341,379
65342,388
65343,388
65344,345
65345,372
65346,358
65347,398
65348,390
65349,372
65350,396
65351,372
65352,376
65353,385
65354,381
65355,359
65356,405
65357,370
65358,385
65359,357
65360,396
65361,401
65362,360
65363,376
65364,396
65365,370
65366,384
65367,387
65368,347
65369,398
65370,424
65371,415
65372,372
65373,409
65374,379
65375,412
65376,440
65377,429
65378,374
65379,369
65380,405
65381,377
65382,375
65383,388
65384,383
65385,341
65386,369
65387,408
65388,390
65389,384
65390,412
65391,361
65392,413
65393,345
65394,376
65395,367
65396,386
65397,380
65398,408
65399,405
65400,379
65401,392
65402,384
65403,419
65404,405
65405,369
65406,415
65407,411
65408,366
65409,369
65410,367
65411,377
65412,383
65413,422
65414,394
65415,375
65416,376
65417,366
65418,400
65419,395
65420,411
65421,434
65422,395
65423,452
65424,400
65425,388
65426,432
65427,435
65428,408
65429,420
65430,421
65431,429
65432,440
65433,452
65434,434
65435,426
65436,420
65437,438
65438,414
65439,451
65440,454
65441,420
65442,403
65443,419
65444,456
65445,434
65446,469
65447,457
65448,466
65449,458
65450,445
65451,429
65452,475
65453,429
65454,443
65455,429
65456,431
65457,381
65458,404
65459,389
65460,410
65461,394
65462,399
65463,387
65464,388
65465,390
65466,351
65467,411
65468,383
65469,397
65470,380
65471,385
65472,396
65473,380
65474,398
65475,384
65476,371
65477,391
65478,387
65479,345
65480,347
65481,337
65482,391
65483,381
65484,374
65485,353
65486,316
65487,343
65488,366
65489,329
65490,338
65491,327
65492,310
65493,339
65494,365
65495,312
65496,341
65497,350
65498,335
65499,349
65500,339
65501,315
65502,335
65503,365
65504,322
65505,351
65506,334
65507,375
65508,347
65509,322
65510,328
65511,372
65512,339
65513,351
65514,337
65515,313
65516,307
65517,342
65518,319
65519,277
65520,314
65521,320
65522,284
65523,310
65524,332
65525,292
65526,369
65527,320
65528,278
65529,296
65530,338
65531,308
65532,329
65533,319
65534,322
65535,338
65536,292
65537,317
65538,316
65539,328
65540,320
65541,334
65542,334
65543,335
65544,317
65545,337
65546,285
65547,317
65548,311
65549,310
65550,302
65551,306
65552,261
65553,284
65554,326
65555,318
65556,331
65557,297
65558,302
65559,361
65560,314
65561,302
65562,298
65563,300
65564,299
65565,337
65566,295
65567,290
65568,324
65569,310
65570,313
65571,276
65572,274
65573,262
65574,316
65575,255
65576,283
65577,308
65578,302
65579,316
65580,294
65581,273
65582,292
65583,279
65584,297
65585,282
65586,311
65587,283
65588,274
65589,285
65590,257
65591,292
65592,244
65593,229
65594,275
65595,313
65596,257
65597,266
65598,268
65599,279
65600,266
65601,268
65602,273
65603,253
65604,262
65605,291
65606,245
65607,290
65608,274
65609,288
65610,314
65611,317
65612,282
65613,299
65614,300
65615,322
65616,315
65617,301
65618,286
65619,286
65620,314
65621,265
65622,315
65623,312
65624,305
65625,303
65626,309
65627,304
65628,303
65629,266
65630,318
65631,308
65632,309
65633,308
65634,289
65635,254
65636,300
65637,312
65638,314
65639,299
65640,344
65641,288
65642,312
65643,354
65644,282
65645,347
65646,318
65647,295
65648,317
65649,313
65650,304
65651,335
65652,337
65653,325
65654,322
65655,280
65656,338
65657,322
65658,314
65659,329
65660,310
65661,352
65662,291
65663,312
65664,299
65665,330
65666,330
65667,290
65668,301
65669,329
65670,307
65671,306
65672,305
65673,321
65674,328
65675,326
65676,324
65677,297
65678,318
65679,317
65680,303
65681,337
65682,306
65683,310
65684,317
65685,342
65686,312
65687,332
65688,318
65689,332
65690,345
65691,290
65692,336
65693,335
65694,337
65695,334
65696,312
65697,321
65698,300
65699,325
65700,320
65701,351
65702,340
65703,298
65704,350
65705,308
65706,323
65707,357
65708,317
65709,337
65710,290
65711,304
65712,333
65713,315
65714,347
65715,296
65716,315
65717,329
65718,318
65719,306
65720,293
65721,342
65722,290
65723,274
65724,294
65725,316
65726,328
65727,297
65728,292
65729,258
65730,289
65731,271
65732,279
65733,282
65734,263
65735,290
65736,266
65737,296
65738,288
65739,279
65740,287
65741,289
65742,287
65743,255
65744,264
65745,258
65746,254
65747,253
65748,238
65749,264
65750,232
65751,266
65752,245
65753,249
65754,266
65755,254
65756,256
65757,246
65758,266
65759,243
65760,232
65761,253
65762,247
65763,251
65764,237
65765,231
65766,241
65767,267
65768,225
65769,243
65770,239
65771,265
65772,250
65773,232
65774,228
65775,244
65776,246
65777,229
65778,256
65779,247
65780,229
65781,260
65782,264
65783,234
65784,239
65785,248
65786,253
65787,227
65788,241
65789,248
65790,246
65791,241
65792,236
65793,234
65794,246
65795,242
65796,245
65797,284
65798,242
65799,238
65800,249
65801,228
65802,258
65803,246
65804,237
65805,236
65806,220
65807,234
65808,228
65809,253
65810,270
65811,244
65812,259
65813,250
65814,247
65815,278
65816,261
65817,285
65818,281
65819,247
65820,273
65821,269
65822,250
65823,244
65824,258
65825,257
65826,242
65827,260
65828,301
65829,226
65830,269
65831,247
65832,239
65833,252
65834,264
65835,285
65836,299
65837,259
65838,271
65839,261
65840,279
65841,262
65842,272
65843,270
65844,235
65845,278
65846,277
65847,264
65848,289
65849,307
65850,320
65851,320
65852,300
65853,285
65854,317
65855,324
65856,300
65857,260
65858,316
65859,284
65860,328
65861,306
65862,267
65863,314
65864,303
65865,287
65866,295
65867,294
65868,309
65869,281
65870,279
65871,277
65872,319
65873,283
65874,278
65875,272
65876,284
65877,227
65878,308
65879,283
65880,325
65881,330
65882,346
65883,381
65884,317
65885,368
65886,341
65887,345
65888,346
65889,327
65890,360
65891,328
