data/raw/Flight2/UHSAS_Polar6_20150407_R2_L1.ict
140,1001
Herber, Andreas; Schulz, Hannes
Alfred-Wegener-Institute, Bremerhaven, Germany
UHSAS, POLAR 6
NETCARE Polar 6 Campaign 2015
1,1
2015,04,07, 2017, 05, 08
1
time,s,number of seconds from start of date in UTC
102
1,1,1,1,1,1,1,1,1,1,1,1,1,1,1,1,1,1,1,1,1,1,1,1,1,1,1,1,1,1,1,1,1,1,1,1,1,1,1,1,1,1,1,1,1,1,1,1,1,1,1,1,1,1,1,1,1,1,1,1,1,1,1,1,1,1,1,1,1,1,1,1,1,1,1,1,1,1,1,1,1,1,1,1,1,1,1,1,1,1,1,1,1,1,1,1,1,1,1,1,1,1
-9999,-9999,-9999,-9999,-9999,-9999,-9999,-9999,-9999,-9999,-9999,-9999,-9999,-9999,-9999,-9999,-9999,-9999,-9999,-9999,-9999,-9999,-9999,-9999,-9999,-9999,-9999,-9999,-9999,-9999,-9999,-9999,-9999,-9999,-9999,-9999,-9999,-9999,-9999,-9999,-9999,-9999,-9999,-9999,-9999,-9999,-9999,-9999,-9999,-9999,-9999,-9999,-9999,-9999,-9999,-9999,-9999,-9999,-9999,-9999,-9999,-9999,-9999,-9999,-9999,-9999,-9999,-9999,-9999,-9999,-9999,-9999,-9999,-9999,-9999,-9999,-9999,-9999,-9999,-9999,-9999,-9999,-9999,-9999,-9999,-9999,-9999,-9999,-9999,-9999,-9999,-9999,-9999,-9999,-9999,-9999,-9999,-9999,-9999,-9999,-9999,-9999
flow,sccm,sample flow
pressure,hPa,chamber pressure
total_number_conc,#/sccm,total number of scattering particles (70-1000 nm) per sccm
bin_1,number/volume,dN/dlogD normalised number concentration per 1 sccm of sampled air
bin_2,number/volume,dN/dlogD normalised number concentration per 1 sccm of sampled air
bin_3,number/volume,dN/dlogD normalised number concentration per 1 sccm of sampled air
bin_4,number/volume,dN/dlogD normalised number concentration per 1 sccm of sampled air
bin_5,number/volume,dN/dlogD normalised number concentration per 1 sccm of sampled air
bin_6,number/volume,dN/dlogD normalised number concentration per 1 sccm of sampled air
bin_7,number/volume,dN/dlogD normalised number concentration per 1 sccm of sampled air
bin_8,number/volume,dN/dlogD normalised number concentration per 1 sccm of sampled air
bin_9,number/volume,dN/dlogD normalised number concentration per 1 sccm of sampled air
bin_10,number/volume,dN/dlogD normalised number concentration per 1 sccm of sampled air
bin_11,number/volume,dN/dlogD normalised number concentration per 1 sccm of sampled air
bin_12,number/volume,dN/dlogD normalised number concentration per 1 sccm of sampled air
bin_13,number/volume,dN/dlogD normalised number concentration per 1 sccm of sampled air
bin_14,number/volume,dN/dlogD normalised number concentration per 1 sccm of sampled air
bin_15,number/volume,dN/dlogD normalised number concentration per 1 sccm of sampled air
bin_16,number/volume,dN/dlogD normalised number concentration per 1 sccm of sampled air
bin_17,number/volume,dN/dlogD normalised number concentration per 1 sccm of sampled air
bin_18,number/volume,dN/dlogD normalised number concentration per 1 sccm of sampled air
bin_19,number/volume,dN/dlogD normalised number concentration per 1 sccm of sampled air
bin_20,number/volume,dN/dlogD normalised number concentration per 1 sccm of sampled air
bin_21,number/volume,dN/dlogD normalised number concentration per 1 sccm of sampled air
bin_22,number/volume,dN/dlogD normalised number concentration per 1 sccm of sampled air
bin_23,number/volume,dN/dlogD normalised number concentration per 1 sccm of sampled air
bin_24,number/volume,dN/dlogD normalised number concentration per 1 sccm of sampled air
[...]
UNCERTAINTY: counting efficiency 99%
ULOD_FLAG: -7777
ULOD_VALUE: N/A
LLOD_FLAG: -8888
LLOD_VALUE: N/A
DM_CONTACT_INFO: Hannes Schulz, AWI Bremerhaven; hannes.schulz@awi.de
PROJECT_INFO: Polar 6 NETCARE spring 2015 campaign
STIPULATIONS_ON_USE: N/A
OTHER_COMMENTS: N/A
REVISION: R2
R0: First set of data, uncorrected raw data!
R1: An error in normalisation is fixed. Issues with calibration: kink in distribution around 250 nm. Laser stability: noise counts in bins << 85 nm; partly filtered but those bins should be used with caution!
R2: Bins < 85 nm excluded from total number concentration. Error fixes. Problems mentioned above remain. Zero measurements and spikes masked -9999
time,flow,pressure,total_number_conc,bin_1,bin_2,bin_3,bin_4,bin_5,bin_6,bin_7,bin_8,bin_9,bin_10,bin_11,bin_12,bin_13,bin_14,bin_15,bin_16,bin_17,bin_18,bin_19,bin_20,bin_21,bin_22,bin_23,bin_24,bin_25,bin_26,bin_27,bin_28,bin_29,bin_30,bin_31,bin_32,bin_33,bin_34,bin_35,bin_36,bin_37,bin_38,bin_39,bin_40,bin_41,bin_42,bin_43,bin_44,bin_45,bin_46,bin_47,bin_48,bin_49,bin_50,bin_51,bin_52,bin_53,bin_54,bin_55,bin_56,bin_57,bin_58,bin_59,bin_60,bin_61,bin_62,bin_63,bin_64,bin_65,bin_66,bin_67,bin_68,bin_69,bin_70,bin_71,bin_72,bin_73,bin_74,bin_75,bin_76,bin_77,bin_78,bin_79,bin_80,bin_81,bin_82,bin_83,bin_84,bin_85,bin_86,bin_87,bin_88,bin_89,bin_90,bin_91,bin_92,bin_93,bin_94,bin_95,bin_96,bin_97,bin_98,bin_99
[from data line 838]
60355.00, 50.00, 765.06, 147.60, 777.64, 777.59, 291.80, 487.04, 485.58, 681.82, 193.62, 97.25, 194.56, 97.39, 388.59, 487.02, 193.86, 292.00, 487.03, 97.19, 485.31, 389.45, 291.15, 389.94, 485.09, 389.10, 486.44, 389.50, 193.94, 194.99, 290.96, 778.96, 875.67, 0.00, 779.16, 388.34, 486.62, 291.55, 0.00, 292.09, 389.00, 97.22, 389.10, 194.43, 486.16, 291.46, 291.46, 194.46, 0.00, 0.00, 97.27, 0.00, 97.32, 97.25, 0.00, 97.34, 0.00, 0.00, 0.00, 0.00, 0.00, 0.00, 0.00, 97.22, 0.00, 0.00, 0.00, 0.00, 0.00, 0.00, 0.00, 0.00, 0.00, 0.00, 0.00, 0.00, 0.00, 97.22, 0.00, 0.00, 0.00, 0.00, 0.00, 0.00, 0.00, 97.25, 0.00, 0.00, 0.00, 0.00, 0.00, 0.00, 0.00, 0.00, 0.00, 0.00, 0.00, 0.00, 0.00, 0.00, 0.00, 0.00, 0.00
60356.00, 49.90, 764.57, 123.86, 779.28, 292.21, 292.42, 390.45, 389.28, 292.82, 679.09, 779.60, 292.46, 0.00, 292.05, 0.00, 291.40, 390.15, 195.22, 0.00, 0.00, 292.70, 291.77, 97.69, 97.22, 584.87, 97.49, 195.16, 194.35, 195.40, 291.57, 878.18, 487.51, 0.00, 390.40, 583.74, 585.17, 486.94, 292.00, 97.57, 292.37, 292.29, 194.96, 194.84, 97.44, 97.36, 292.08, 292.31, 0.00, 194.66, 97.47, 97.39, 97.52, 97.45, 194.65, 0.00, 0.00, 0.00, 194.72, 97.50, 0.00, 0.00, 0.00, 97.43, 0.00, 0.00, 0.00, 0.00, 0.00, 0.00, 0.00, 0.00, 0.00, 0.00, 0.00, 0.00, 0.00, 0.00, 0.00, 0.00, 0.00, 0.00, 0.00, 0.00, 97.43, 0.00, 0.00, 0.00, 0.00, 0.00, 0.00, 0.00, 0.00, 0.00, 0.00, 0.00, 0.00, 0.00, 0.00, 0.00, 0.00, 0.00, 0.00
60357.00, 49.93, 764.65, 118.97, 389.37, 389.35, 389.63, 195.09, 486.27, 585.25, 96.95, 292.15, 389.68, 390.11, 389.14, 195.09, 485.33, 0.00, 292.63, 194.65, 291.60, 390.01, 388.76, 488.12, 194.31, 0.00, 389.71, 390.06, 97.11, 0.00, 679.88, 195.02, 389.74, 388.80, 487.67, 0.00, 194.92, 0.00, 194.54, 390.00, 194.78, 292.09, 194.83, 0.00, 97.37, 194.58, 389.17, 97.37, 390.07, 194.52, 292.21, 0.00, 97.46, 0.00, 0.00, 292.44, 97.25, 97.48, 0.00, 97.43, 0.00, 0.00, 97.37, 0.00, 0.00, 0.00, 0.00, 0.00, 0.00, 0.00, 0.00, 0.00, 0.00, 0.00, 0.00, 0.00, 0.00, 0.00, 0.00, 0.00, 0.00, 0.00, 0.00, 0.00, 0.00, 0.00, 0.00, 0.00, 0.00, 0.00, 0.00, 0.00, 0.00, 0.00, 0.00, 0.00, 0.00, 0.00, 0.00, 0.00, 0.00, 0.00, 0.00
60358.00, 49.94, 764.38, 128.55, 681.21, 291.93, 194.76, 487.59, 97.23, 195.03, 290.76, 292.07, 97.39, 97.50, 97.26, 390.06, 291.12, 0.00, 292.55, 291.89, 97.17, 487.37, 194.32, 0.00, 97.13, 292.16, 389.60, 97.49, 291.25, 0.00, 679.69, 97.48, 389.63, 485.87, 292.52, 388.78, 194.87, 486.47, 486.21, 292.42, 97.36, 292.00, 389.54, 486.62, 97.34, 291.79, 194.53, 97.34, 292.47, 194.47, 97.38, 97.29, 97.43, 97.36, 388.92, 0.00, 0.00, 194.91, 0.00, 0.00, 0.00, 97.32, 194.69, 0.00, 0.00, 0.00, 0.00, 0.00, 97.35, 0.00, 0.00, 0.00, 0.00, 0.00, 0.00, 0.00, 0.00, 0.00, 0.00, 0.00, 0.00, 0.00, 0.00, 0.00, 0.00, 0.00, 0.00, 0.00, 0.00, 0.00, 0.00, 0.00, 0.00, 0.00, 0.00, 0.00, 0.00, 0.00, 0.00, 0.00, 0.00, 0.00, 0.00
60359.00, 50.05, 764.11, 118.69, 388.45, 582.63, 680.22, 291.94, 679.15, 97.31, 580.30, 291.46, 291.56, 291.89, 485.27, 389.24, 193.67, 388.95, 389.25, 0.00, 96.97, 194.54, 0.00, 389.57, 581.55, 485.90, 194.39, 194.57, 290.64, 194.80, 193.79, 875.49, 97.20, 290.91, 486.51, 193.98, 97.23, 194.18, 291.11, 97.27, 291.47, 194.26, 97.18, 97.12, 679.98, 194.12, 388.25, 291.41, 194.57, 97.03, 194.35, 97.09, 97.23, 97.15, 0.00, 0.00, 0.00, 0.00, 0.00, 0.00, 0.00, 97.12, 0.00, 0.00, 0.00, 0.00, 0.00, 0.00, 0.00, 0.00, 0.00, 0.00, 0.00, 0.00, 0.00, 0.00, 0.00, 97.13, 0.00, 0.00, 0.00, 0.00, 0.00, 0.00, 0.00, 0.00, 0.00, 0.00, 0.00, 0.00, 0.00, 0.00, 0.00, 0.00, 0.00, 0.00, 0.00, 0.00, 0.00, 0.00, 0.00, 0.00, 0.00
60360.00, 49.99, 764.11, 123.62, 486.12, 777.75, 97.29, 292.28, 777.08, 194.85, 387.31, 486.32, 291.90, 389.64, 388.66, 97.42, 96.95, 194.70, 97.43, 0.00, 194.16, 97.38, 388.28, 97.51, 291.11, 194.59, 389.23, 389.58, 193.98, 292.54, 291.02, 389.56, 389.27, 388.33, 97.41, 291.31, 486.72, 486.01, 582.90, 389.52, 291.81, 194.49, 97.29, 97.23, 194.50, 291.52, 0.00, 291.75, 97.40, 291.43, 486.43, 97.20, 194.68, 194.53, 97.14, 0.00, 0.00, 97.37, 0.00, 0.00, 0.00, 0.00, 97.25, 0.00, 0.00, 0.00, 0.00, 97.18, 0.00, 0.00, 0.00, 0.00, 0.00, 0.00, 0.00, 0.00, 0.00, 0.00, 0.00, 0.00, 0.00, 0.00, 0.00, 0.00, 0.00, 0.00, 0.00, 0.00, 0.00, 0.00, 0.00, 0.00, 97.24, 0.00, 0.00, 0.00, 0.00, 0.00, 0.00, 0.00, 0.00, 0.00, 0.00
60361.00, 49.97, 763.78, 121.27, 680.80, 486.26, 778.57, 292.38, 388.67, 194.91, 96.86, 681.09, 292.00, 584.65, 388.80, 194.91, 387.92, 194.77, 0.00, 194.48, 291.34, 292.25, 0.00, 292.62, 194.14, 486.63, 0.00, 487.14, 97.02, 682.82, 776.32, 194.85, 584.10, 388.46, 292.34, 0.00, 292.13, 97.24, 97.18, 194.83, 486.52, 0.00, 291.98, 0.00, 194.57, 194.41, 97.21, 97.28, 194.86, 291.53, 97.32, 194.47, 97.37, 389.19, 291.52, 97.39, 0.00, 0.00, 97.21, 0.00, 97.21, 97.26, 0.00, 0.00, 0.00, 0.00, 0.00, 0.00, 0.00, 0.00, 0.00, 0.00, 0.00, 0.00, 0.00, 0.00, 0.00, 0.00, 0.00, 0.00, 0.00, 0.00, 0.00, 0.00, 0.00, 0.00, 0.00, 0.00, 0.00, 0.00, 0.00, 0.00, 0.00, 0.00, 0.00, 0.00, 0.00, 0.00, 0.00, 0.00, 0.00, 0.00, 0.00
60362.00, 49.92, 763.75, 146.63, 584.15, 876.17, 194.84, 585.37, 778.15, 195.11, 872.66, 487.00, 389.74, 292.63, 194.60, 292.68, 97.08, 292.46, 292.68, 97.34, 0.00, 390.07, 388.82, 585.84, 388.69, 487.14, 1071.86, 195.06, 291.38, 292.94, 194.28, 682.67, 389.80, 97.22, 390.19, 97.24, 584.87, 389.35, 389.14, 195.03, 0.00, 389.51, 194.86, 97.37, 194.77, 97.31, 291.92, 486.93, 0.00, 194.56, 292.26, 97.33, 194.95, 97.40, 0.00, 97.49, 0.00, 195.00, 0.00, 0.00, 97.31, 194.73, 0.00, 194.75, 0.00, 0.00, 0.00, 0.00, 0.00, 0.00, 0.00, 0.00, 0.00, 0.00, 0.00, 0.00, 0.00, 0.00, 0.00, 0.00, 97.41, 0.00, 0.00, 0.00, 0.00, 0.00, 0.00, 0.00, 0.00, 0.00, 0.00, 0.00, 0.00, 0.00, 0.00, 0.00, 0.00, 0.00, 0.00, 0.00, 0.00, 97.40, 0.00
60363.00, 49.90, 763.62, 135.87, 194.79, 389.56, 779.67, 585.59, 291.92, 487.97, 97.00, 487.18, 194.94, 390.32, 389.35, 390.38, 388.48, 195.05, 292.79, 292.13, 389.01, 390.22, 486.21, 195.36, 194.42, 292.40, 487.40, 97.57, 291.49, 488.42, 97.18, 682.93, 292.46, 486.26, 585.51, 291.83, 390.06, 194.75, 97.32, 292.66, 0.00, 194.83, 292.40, 389.62, 0.00, 97.34, 97.35, 97.42, 0.00, 291.94, 0.00, 97.37, 292.53, 194.87, 194.62, 0.00, 97.30, 97.54, 97.35, 0.00, 97.34, 194.80, 0.00, 0.00, 0.00, 0.00, 0.00, 0.00, 0.00, 0.00, 0.00, 0.00, 0.00, 0.00, 97.45, 0.00, 0.00, 97.41, 0.00, 0.00, 0.00, 0.00, 97.43, 0.00, 0.00, 0.00, 0.00, 0.00, 0.00, 0.00, 0.00, 0.00, 0.00, 0.00, 0.00, 0.00, 0.00, 0.00, 0.00, 0.00, 0.00, 0.00, 0.00
60364.00, 49.97, 763.40, 133.29, 680.91, 291.80, 486.68, 584.85, 97.18, 389.89, 387.51, 389.25, 194.70, 194.92, 486.07, 389.89, 290.99, 194.80, 487.37, 486.27, 291.39, 292.29, 679.83, 487.77, 485.43, 0.00, 389.42, 194.89, 485.20, 682.93, 194.11, 389.75, 292.10, 388.52, 194.93, 291.46, 194.78, 389.01, 388.79, 0.00, 97.32, 97.29, 584.06, 486.41, 0.00, 194.44, 97.22, 194.60, 194.89, 0.00, 0.00, 0.00, 97.39, 97.31, 97.19, 97.41, 0.00, 0.00, 0.00, 0.00, 0.00, 0.00, 0.00, 0.00, 0.00, 0.00, 97.32, 0.00, 97.31, 0.00, 0.00, 0.00, 0.00, 0.00, 0.00, 0.00, 0.00, 0.00, 0.00, 0.00, 0.00, 0.00, 0.00, 0.00, 0.00, 0.00, 97.31, 0.00, 0.00, 0.00, 0.00, 0.00, 0.00, 0.00, 0.00, 0.00, 0.00, 0.00, 0.00, 0.00, 0.00, 0.00, 0.00
60365.00, 50.00, 763.10, 139.19, 1263.62, 388.78, 291.79, 681.83, 388.44, 292.20, 290.42, 388.97, 486.39, 0.00, 97.14, 389.60, 290.77, 194.66, 487.01, 194.37, 485.29, 389.44, 485.24, 194.96, 485.07, 291.81, 486.42, 292.12, 484.84, 194.98, 290.95, 389.47, 389.17, 97.06, 681.73, 291.24, 194.64, 97.18, 291.38, 389.43, 97.25, 194.44, 97.27, 194.42, 680.60, 291.45, 194.30, 194.46, 97.37, 0.00, 0.00, 97.18, 97.32, 0.00, 194.23, 194.67, 291.32, 0.00, 97.15, 0.00, 0.00, 0.00, 0.00, 0.00, 97.29, 0.00, 97.25, 0.00, 0.00, 0.00, 0.00, 0.00, 0.00, 0.00, 0.00, 0.00, 0.00, 0.00, 0.00, 0.00, 0.00, 0.00, 0.00, 0.00, 0.00, 0.00, 0.00, 0.00, 0.00, 0.00, 0.00, 0.00, 0.00, 0.00, 0.00, 0.00, 0.00, 0.00, 0.00, 0.00, 0.00, 0.00, 0.00
60366.00, 49.91, 762.75, 175.50, 292.12, 486.83, 584.61, 585.45, 194.56, 585.43, 775.81, 487.07, 97.45, 487.79, 291.94, 585.43, 582.57, 487.50, 487.87, 486.77, 291.69, 292.59, 291.65, 195.31, 680.30, 194.88, 682.19, 390.18, 194.28, 390.64, 680.08, 682.77, 584.79, 194.46, 390.25, 389.01, 292.47, 681.46, 486.49, 292.59, 0.00, 97.39, 194.88, 194.76, 292.20, 194.64, 389.29, 487.00, 0.00, 291.87, 194.87, 292.04, 194.97, 292.24, 194.57, 0.00, 194.56, 195.03, 97.33, 0.00, 0.00, 97.38, 0.00, 0.00, 0.00, 0.00, 0.00, 0.00, 0.00, 0.00, 0.00, 0.00, 0.00, 0.00, 0.00, 0.00, 0.00, 0.00, 0.00, 0.00, 0.00, 0.00, 0.00, 0.00, 0.00, 0.00, 0.00, 0.00, 0.00, 0.00, 0.00, 0.00, 0.00, 0.00, 0.00, 0.00, 0.00, 0.00, 0.00, 0.00, 0.00, 0.00, 0.00
60367.00, 49.94, 762.78, 140.58, 291.99, 681.26, 779.14, 292.60, 291.72, 585.17, 290.80, 584.22, 292.22, 97.51, 389.08, 195.06, 291.16, 97.46, 292.59, 291.93, 194.37, 0.00, 583.05, 390.44, 874.28, 194.80, 389.65, 97.50, 485.48, 585.71, 194.22, 0.00, 876.80, 194.37, 0.00, 486.05, 389.79, 97.31, 389.02, 0.00, 97.38, 389.39, 389.60, 584.03, 389.43, 194.55, 97.28, 292.07, 195.01, 97.25, 0.00, 97.31, 194.89, 0.00, 97.24, 194.93, 0.00, 0.00, 291.85, 0.00, 97.28, 0.00, 0.00, 97.35, 0.00, 0.00, 97.38, 0.00, 0.00, 0.00, 97.40, 0.00, 0.00, 0.00, 0.00, 0.00, 0.00, 0.00, 0.00, 0.00, 0.00, 0.00, 0.00, 0.00, 0.00, 0.00, 0.00, 0.00, 0.00, 0.00, 0.00, 0.00, 0.00, 0.00, 0.00, 0.00, 0.00, 0.00, 0.00, 0.00, 0.00, 0.00, 0.00
60368.00, 49.93, 762.53, 169.43, 292.02, 486.67, 584.42, 780.34, 389.00, 97.54, 872.49, 97.38, 584.49, 585.15, 680.97, 292.62, 679.44, 292.40, 0.00, 97.32, 194.39, 584.99, 97.19, 488.10, 874.37, 97.41, 389.69, 585.06, 1068.16, 585.77, 291.36, 292.52, 194.86, 583.18, 0.00, 291.66, 389.83, 291.95, 583.59, 292.49, 486.93, 681.51, 292.23, 97.35, 389.47, 486.43, 194.58, 778.93, 195.02, 97.26, 97.40, 97.32, 0.00, 97.38, 97.25, 97.47, 97.25, 97.48, 97.29, 0.00, 0.00, 0.00, 0.00, 0.00, 0.00, 0.00, 0.00, 0.00, 0.00, 0.00, 0.00, 0.00, 0.00, 0.00, 0.00, 0.00, 0.00, 0.00, 0.00, 0.00, 0.00, 0.00, 0.00, 0.00, 0.00, 0.00, 0.00, 0.00, 0.00, 0.00, 0.00, 0.00, 0.00, 0.00, 0.00, 0.00, 0.00, 0.00, 0.00, 0.00, 0.00, 0.00, 0.00
60369.00, 50.07, 762.29, 170.17, 388.29, 582.40, 388.54, 194.55, 678.88, 583.63, 773.42, 194.23, 291.45, 194.51, 97.01, 389.09, 677.58, 680.40, 291.82, 291.16, 193.86, 583.39, 193.84, 389.42, 581.32, 777.14, 388.62, 583.46, 484.20, 292.08, 581.13, 291.71, 194.33, 193.86, 291.79, 387.81, 0.00, 291.15, 290.99, 388.92, 194.24, 291.28, 291.43, 485.41, 291.30, 97.02, 582.14, 97.10, 194.49, 484.96, 388.54, 97.05, 0.00, 291.34, 0.00, 0.00, 290.94, 0.00, 0.00, 0.00, 194.04, 0.00, 0.00, 0.00, 97.16, 0.00, 0.00, 0.00, 0.00, 0.00, 0.00, 0.00, 97.06, 0.00, 0.00, 0.00, 0.00, 0.00, 0.00, 0.00, 0.00, 0.00, 0.00, 0.00, 0.00, 0.00, 0.00, 0.00, 0.00, 0.00, 0.00, 0.00, 0.00, 0.00, 0.00, 0.00, 0.00, 0.00, 0.00, 0.00, 0.00, 0.00, 0.00
60370.00, 50.00, 761.94, 128.39, 680.41, 485.97, 583.59, 779.23, 582.67, 389.60, 387.22, 97.24, 291.83, 486.93, 291.43, 194.80, 484.62, 194.66, 487.01, 485.91, 582.34, 292.08, 388.19, 389.93, 388.06, 680.89, 194.57, 292.12, 193.94, 194.98, 387.93, 194.73, 291.88, 194.12, 681.73, 97.08, 194.64, 97.18, 194.25, 97.36, 97.25, 388.88, 97.27, 486.05, 0.00, 194.30, 388.60, 194.46, 194.75, 97.12, 0.00, 0.00, 97.32, 0.00, 97.12, 0.00, 0.00, 0.00, 0.00, 0.00, 0.00, 0.00, 0.00, 97.22, 0.00, 194.45, 0.00, 0.00, 0.00, 0.00, 0.00, 0.00, 0.00, 0.00, 0.00, 0.00, 0.00, 0.00, 0.00, 97.25, 0.00, 0.00, 0.00, 0.00, 0.00, 0.00, 0.00, 0.00, 0.00, 0.00, 0.00, 0.00, 0.00, 0.00, 0.00, 0.00, 0.00, 0.00, 0.00, 0.00, 0.00, 0.00, 0.00
60371.00, 50.01, 761.69, 146.36, 1069.00, 1360.46, 680.71, 973.84, 388.37, 292.14, 387.14, 777.78, 194.52, 389.47, 388.49, 389.52, 193.81, 389.23, 194.77, 194.33, 388.15, 194.68, 194.06, 97.46, 290.98, 97.25, 778.12, 97.35, 484.74, 292.41, 872.68, 292.04, 291.82, 291.12, 486.86, 679.43, 194.60, 485.80, 485.53, 97.34, 680.59, 291.60, 291.75, 194.38, 388.84, 291.39, 0.00, 291.62, 292.06, 194.20, 97.24, 97.16, 0.00, 97.22, 194.19, 194.63, 0.00, 0.00, 97.13, 0.00, 0.00, 97.19, 0.00, 0.00, 0.00, 0.00, 0.00, 0.00, 0.00, 0.00, 0.00, 0.00, 0.00, 0.00, 0.00, 0.00, 0.00, 0.00, 0.00, 0.00, 0.00, 0.00, 0.00, 0.00, 0.00, 0.00, 0.00, 0.00, 0.00, 0.00, 0.00, 0.00, 0.00, 0.00, 0.00, 0.00, 0.00, 0.00, 0.00, 0.00, 0.00, 0.00, 0.00
60372.00, 49.97, 761.39, 145.29, 778.11, 778.06, 681.29, 389.86, 485.87, 389.85, 968.67, 681.13, 681.38, 487.24, 291.61, 194.93, 290.96, 97.39, 487.32, 291.74, 194.24, 292.26, 679.76, 390.18, 582.46, 292.00, 292.04, 194.87, 485.15, 390.21, 582.27, 487.14, 389.42, 194.24, 779.62, 194.29, 292.15, 291.73, 388.75, 389.68, 97.31, 291.85, 97.33, 97.27, 0.00, 388.84, 0.00, 389.16, 97.44, 0.00, 583.95, 0.00, 97.38, 0.00, 291.54, 0.00, 97.17, 0.00, 0.00, 97.35, 0.00, 0.00, 0.00, 0.00, 97.35, 0.00, 0.00, 0.00, 0.00, 0.00, 0.00, 0.00, 0.00, 0.00, 0.00, 0.00, 0.00, 0.00, 0.00, 0.00, 0.00, 0.00, 0.00, 0.00, 0.00, 0.00, 0.00, 0.00, 0.00, 0.00, 0.00, 0.00, 0.00, 0.00, 0.00, 0.00, 0.00, 0.00, 0.00, 97.28, 0.00, 0.00, 0.00
60373.00, 49.98, 761.20, 126.04, 388.94, 486.14, 778.38, 194.87, 680.01, 389.73, 290.52, 194.55, 486.55, 389.68, 97.18, 292.30, 484.79, 194.72, 292.31, 388.86, 291.27, 389.57, 388.32, 292.55, 97.05, 389.21, 291.95, 194.81, 388.00, 292.57, 388.07, 194.80, 194.65, 873.82, 194.85, 291.34, 486.76, 97.21, 194.32, 292.17, 0.00, 97.25, 389.22, 97.24, 291.79, 97.18, 97.18, 194.52, 194.81, 0.00, 0.00, 291.63, 0.00, 0.00, 97.15, 97.37, 0.00, 0.00, 194.37, 97.32, 97.18, 0.00, 0.00, 0.00, 97.32, 97.26, 0.00, 0.00, 0.00, 0.00, 0.00, 0.00, 0.00, 0.00, 0.00, 0.00, 0.00, 0.00, 0.00, 0.00, 0.00, 0.00, 0.00, 0.00, 0.00, 97.28, 0.00, 0.00, 0.00, 0.00, 0.00, 0.00, 0.00, 0.00, 0.00, 0.00, 0.00, 0.00, 0.00, 0.00, 0.00, 0.00, 0.00
60374.00, 50.03, 760.88, 142.71, 388.58, 291.42, 680.46, 584.08, 776.44, 584.06, 290.25, 194.37, 388.88, 486.65, 291.26, 194.69, 290.61, 291.82, 292.04, 485.63, 679.01, 486.51, 290.97, 487.13, 290.87, 194.43, 486.14, 194.63, 484.56, 292.30, 193.85, 486.55, 388.95, 582.01, 0.00, 582.15, 97.26, 582.74, 97.07, 291.90, 388.76, 291.49, 97.21, 291.46, 97.17, 97.09, 194.19, 291.51, 194.64, 0.00, 97.21, 0.00, 97.26, 194.37, 97.06, 0.00, 0.00, 97.29, 0.00, 0.00, 97.09, 0.00, 0.00, 0.00, 0.00, 0.00, 97.19, 0.00, 0.00, 97.16, 97.21, 0.00, 0.00, 0.00, 0.00, 97.15, 0.00, 0.00, 0.00, 0.00, 0.00, 0.00, 0.00, 0.00, 0.00, 0.00, 0.00, 0.00, 0.00, 0.00, 0.00, 0.00, 0.00, 0.00, 0.00, 0.00, 0.00, 0.00, 0.00, 0.00, 0.00, 0.00, 0.00
60375.00, 50.04, 760.69, 161.87, 1456.88, 388.48, 485.94, 778.62, 485.18, 583.94, 193.46, 777.33, 486.01, 291.93, 970.67, 681.27, 484.25, 291.76, 389.31, 97.11, 290.95, 291.85, 484.86, 389.63, 678.57, 1166.33, 388.83, 194.59, 290.68, 487.07, 387.63, 291.87, 583.31, 387.93, 583.89, 485.03, 194.49, 291.31, 388.20, 291.85, 485.85, 0.00, 0.00, 388.54, 194.31, 291.22, 194.15, 97.15, 291.89, 291.13, 194.37, 97.10, 0.00, 97.17, 97.04, 97.26, 0.00, 0.00, 97.08, 0.00, 97.07, 0.00, 97.15, 97.14, 0.00, 0.00, 0.00, 0.00, 0.00, 0.00, 0.00, 0.00, 0.00, 0.00, 97.18, 0.00, 0.00, 0.00, 0.00, 0.00, 0.00, 0.00, 0.00, 0.00, 0.00, 0.00, 0.00, 0.00, 0.00, 0.00, 0.00, 0.00, 0.00, 0.00, 0.00, 0.00, 0.00, 0.00, 0.00, 0.00, 0.00, 0.00, 0.00
