data/raw/Flight2/UHSAS_Polar6_20150407_R2_L1.ict
140,1001
Herber, Andreas; Schulz, Hannes
Alfred-Wegener-Institute, Bremerhaven, Germany
UHSAS, POLAR 6
NETCARE Polar 6 Campaign 2015
1,1
2015,04,07, 2017, 05, 08
1
time,s,number of seconds from start of date in UTC
102
1,1,1,1,1,1,1,1,1,1,1,1,1,1,1,1,1,1,1,1,1,1,1,1,1,1,1,1,1,1,1,1,1,1,1,1,1,1,1,1,1,1,1,1,1,1,1,1,1,1,1,1,1,1,1,1,1,1,1,1,1,1,1,1,1,1,1,1,1,1,1,1,1,1,1,1,1,1,1,1,1,1,1,1,1,1,1,1,1,1,1,1,1,1,1,1,1,1,1,1,1,1
-9999,-9999,-9999,-9999,-9999,-9999,-9999,-9999,-9999,-9999,-9999,-9999,-9999,-9999,-9999,-9999,-9999,-9999,-9999,-9999,-9999,-9999,-9999,-9999,-9999,-9999,-9999,-9999,-9999,-9999,-9999,-9999,-9999,-9999,-9999,-9999,-9999,-9999,-9999,-9999,-9999,-9999,-9999,-9999,-9999,-9999,-9999,-9999,-9999,-9999,-9999,-9999,-9999,-9999,-9999,-9999,-9999,-9999,-9999,-9999,-9999,-9999,-9999,-9999,-9999,-9999,-9999,-9999,-9999,-9999,-9999,-9999,-9999,-9999,-9999,-9999,-9999,-9999,-9999,-9999,-9999,-9999,-9999,-9999,-9999,-9999,-9999,-9999,-9999,-9999,-9999,-9999,-9999,-9999,-9999,-9999,-9999,-9999,-9999,-9999,-9999,-9999
flow,sccm,sample flow
pressure,hPa,chamber pressure
total_number_conc,#/sccm,total number of scattering particles (70-1000 nm) per sccm
bin_1,number/volume,dN/dlogD normalised number concentration per 1 sccm of sampled air
bin_2,number/volume,dN/dlogD normalised number concentration per 1 sccm of sampled air
bin_3,number/volume,dN/dlogD normalised number concentration per 1 sccm of sampled air
bin_4,number/volume,dN/dlogD normalised number concentration per 1 sccm of sampled air
bin_5,number/volume,dN/dlogD normalised number concentration per 1 sccm of sampled air
bin_6,number/volume,dN/dlogD normalised number concentration per 1 sccm of sampled air
bin_7,number/volume,dN/dlogD normalised number concentration per 1 sccm of sampled air
bin_8,number/volume,dN/dlogD normalised number concentration per 1 sccm of sampled air
bin_9,number/volume,dN/dlogD normalised number concentration per 1 sccm of sampled air
bin_10,number/volume,dN/dlogD normalised number concentration per 1 sccm of sampled air
bin_11,number/volume,dN/dlogD normalised number concentration per 1 sccm of sampled air
bin_12,number/volume,dN/dlogD normalised number concentration per 1 sccm of sampled air
bin_13,number/volume,dN/dlogD normalised number concentration per 1 sccm of sampled air
bin_14,number/volume,dN/dlogD normalised number concentration per 1 sccm of sampled air
bin_15,number/volume,dN/dlogD normalised number concentration per 1 sccm of sampled air
bin_16,number/volume,dN/dlogD normalised number concentration per 1 sccm of sampled air
bin_17,number/volume,dN/dlogD normalised number concentration per 1 sccm of sampled air
bin_18,number/volume,dN/dlogD normalised number concentration per 1 sccm of sampled air
bin_19,number/volume,dN/dlogD normalised number concentration per 1 sccm of sampled air
bin_20,number/volume,dN/dlogD normalised number concentration per 1 sccm of sampled air
bin_21,number/volume,dN/dlogD normalised number concentration per 1 sccm of sampled air
bin_22,number/volume,dN/dlogD normalised number concentration per 1 sccm of sampled air
bin_23,number/volume,dN/dlogD normalised number concentration per 1 sccm of sampled air
bin_24,number/volume,dN/dlogD normalised number concentration per 1 sccm of sampled air
[...]
UNCERTAINTY: counting efficiency 99%
ULOD_FLAG: -7777
ULOD_VALUE: N/A
LLOD_FLAG: -8888
LLOD_VALUE: N/A
DM_CONTACT_INFO: Hannes Schulz, AWI Bremerhaven; hannes.schulz@awi.de
PROJECT_INFO: Polar 6 NETCARE spring 2015 campaign
STIPULATIONS_ON_USE: N/A
OTHER_COMMENTS: N/A
REVISION: R2
R0: First set of data, uncorrected raw data!
R1: An error in normalisation is fixed. Issues with calibration: kink in distribution around 250 nm. Laser stability: noise counts in bins << 85 nm; partly filtered but those bins should be used with caution!
R2: Bins < 85 nm excluded from total number concentration. Error fixes. Problems mentioned above remain. Zero measurements and spikes masked -9999
time,flow,pressure,total_number_conc,bin_1,bin_2,bin_3,bin_4,bin_5,bin_6,bin_7,bin_8,bin_9,bin_10,bin_11,bin_12,bin_13,bin_14,bin_15,bin_16,bin_17,bin_18,bin_19,bin_20,bin_21,bin_22,bin_23,bin_24,bin_25,bin_26,bin_27,bin_28,bin_29,bin_30,bin_31,bin_32,bin_33,bin_34,bin_35,bin_36,bin_37,bin_38,bin_39,bin_40,bin_41,bin_42,bin_43,bin_44,bin_45,bin_46,bin_47,bin_48,bin_49,bin_50,bin_51,bin_52,bin_53,bin_54,bin_55,bin_56,bin_57,bin_58,bin_59,bin_60,bin_61,bin_62,bin_63,bin_64,bin_65,bin_66,bin_67,bin_68,bin_69,bin_70,bin_71,bin_72,bin_73,bin_74,bin_75,bin_76,bin_77,bin_78,bin_79,bin_80,bin_81,bin_82,bin_83,bin_84,bin_85,bin_86,bin_87,bin_88,bin_89,bin_90,bin_91,bin_92,bin_93,bin_94,bin_95,bin_96,bin_97,bin_98,bin_99
59517.00, 50.00, 996.96, 140.40, 874.85, 97.20, 194.54, 292.22, 388.46, 97.40, 0.00, 0.00, 291.84, 194.78, 194.29, 487.02, 193.86, 486.66, 292.22, 0.00, 0.00, 194.73, 0.00, 97.49, 0.00, 194.55, 97.29, 876.39, 96.97, 97.49, 290.96, 194.74, 97.30, 485.31, 97.39, 291.26, 583.94, 291.55, 0.00, 194.72, 194.50, 388.90, 486.37, 388.85, 388.93, 388.61, 485.77, 291.69, 389.51, 97.12, 291.80, 194.36, 194.64, 97.25, 291.36, 292.02, 485.56, 97.35, 194.32, 194.59, 0.00, 0.00, 0.00, 194.45, 97.29, 0.00, 0.00, 0.00, 97.24, 0.00, 0.00, 0.00, 0.00, 0.00, 0.00, 0.00, 0.00, 0.00, 0.00, 0.00, 0.00, 0.00, 0.00, 0.00, 0.00, 0.00, 0.00, 0.00, 0.00, 0.00, 0.00, 0.00, 0.00, 0.00, 0.00, 0.00, 0.00, 0.00, 0.00, 0.00, 0.00, 0.00, 0.00
59518.00, 50.12, 996.75, 142.46, 290.92, 0.00, 194.07, 97.18, 96.88, 388.69, 386.32, 291.04, 0.00, 291.48, 387.66, 388.69, 193.40, 194.20, 291.52, 0.00, 290.49, 291.40, 387.28, 0.00, 290.36, 194.09, 194.11, 388.58, 290.22, 194.52, 290.27, 0.00, 194.13, 290.50, 194.33, 193.71, 194.18, 387.81, 0.00, 194.26, 679.14, 290.98, 388.18, 290.95, 194.00, 290.77, 484.62, 388.00, 194.29, 484.47, 97.04, 581.70, 194.18, 194.03, 193.78, 194.22, 0.00, 97.11, 96.93, 291.19, 0.00, 0.00, 194.00, 0.00, 97.06, 0.00, 0.00, 0.00, 97.01, 96.99, 0.00, 0.00, 0.00, 0.00, 0.00, 0.00, 0.00, 0.00, 0.00, 0.00, 97.03, 0.00, 0.00, 0.00, 193.99, 0.00, 0.00, 0.00, 0.00, 0.00, 0.00, 0.00, 0.00, 0.00, 0.00, 0.00, 0.00, 0.00, 0.00, 0.00, 0.00, 0.00, 0.00
59519.00, 49.98, 997.13, 170.48, 1750.46, 680.69, 1265.04, 1364.31, 1263.05, 1364.25, 2033.89, 2432.21, 2530.43, 1461.49, 194.38, 487.24, 290.91, 292.12, 194.90, 194.46, 97.10, 0.00, 97.09, 292.59, 194.12, 486.58, 389.32, 97.42, 388.06, 292.61, 97.03, 97.41, 486.70, 194.21, 389.75, 194.26, 486.83, 486.13, 194.35, 681.83, 486.47, 194.53, 389.27, 97.26, 389.10, 388.78, 680.38, 97.27, 389.68, 388.67, 97.31, 486.12, 389.45, 0.00, 291.49, 97.38, 388.62, 292.17, 194.40, 194.67, 194.39, 97.25, 389.10, 0.00, 97.33, 97.27, 97.29, 0.00, 0.00, 97.26, 0.00, 0.00, 97.23, 0.00, 0.00, 0.00, 0.00, 0.00, 97.24, 0.00, 0.00, 0.00, 0.00, 0.00, 0.00, 0.00, 0.00, 0.00, 0.00, 0.00, 0.00, 0.00, 0.00, 0.00, 0.00, 0.00, 0.00, 0.00, 0.00, 0.00, 0.00, 0.00, 0.00
59520.00, 49.98, 997.56, 166.86, 388.95, 194.46, 97.30, 389.76, 194.30, 97.44, 193.68, 194.56, 194.63, 97.42, 194.36, 97.44, 0.00, 194.73, 292.32, 194.44, 0.00, 97.40, 194.17, 195.04, 97.05, 389.23, 97.32, 487.05, 485.02, 390.11, 97.02, 389.61, 291.99, 291.29, 292.28, 97.12, 194.71, 0.00, 388.65, 584.37, 194.57, 583.54, 291.92, 388.99, 778.13, 583.11, 485.94, 194.53, 97.41, 680.10, 583.80, 97.21, 486.76, 194.56, 485.77, 194.75, 194.29, 97.38, 194.38, 97.33, 97.19, 0.00, 194.53, 194.51, 0.00, 97.26, 97.29, 0.00, 0.00, 0.00, 0.00, 97.26, 0.00, 0.00, 0.00, 0.00, 0.00, 0.00, 0.00, 0.00, 0.00, 0.00, 0.00, 0.00, 0.00, 0.00, 0.00, 0.00, 0.00, 0.00, 0.00, 97.29, 0.00, 0.00, 0.00, 0.00, 0.00, 0.00, 0.00, 0.00, 0.00, 0.00, 0.00
59521.00, 49.92, 997.80, 182.70, 584.20, 486.80, 97.43, 195.14, 194.55, 195.13, 290.91, 97.41, 194.89, 97.55, 97.31, 292.70, 291.27, 0.00, 195.14, 194.70, 97.22, 292.58, 194.42, 488.24, 194.36, 292.31, 194.90, 97.54, 388.53, 97.66, 97.15, 390.13, 584.75, 194.45, 292.67, 388.99, 389.94, 486.72, 486.46, 390.09, 487.06, 486.93, 0.00, 681.63, 486.97, 583.88, 194.63, 194.79, 585.24, 583.71, 292.28, 486.71, 584.89, 97.41, 389.13, 97.50, 97.27, 195.02, 194.64, 292.36, 97.32, 194.75, 97.39, 97.38, 0.00, 0.00, 97.41, 0.00, 0.00, 292.14, 0.00, 0.00, 0.00, 0.00, 0.00, 97.38, 0.00, 0.00, 0.00, 0.00, 0.00, 0.00, 0.00, 0.00, 0.00, 97.41, 0.00, 0.00, 0.00, 0.00, 0.00, 0.00, 0.00, 0.00, 0.00, 0.00, 0.00, 0.00, 0.00, 0.00, 0.00, 0.00, 0.00
59522.00, 50.01, 997.56, 188.35, 1263.36, 1651.98, 972.45, 292.15, 388.37, 0.00, 96.79, 291.67, 291.77, 97.37, 388.49, 292.14, 0.00, 194.62, 292.15, 97.16, 0.00, 194.68, 0.00, 487.31, 484.97, 97.25, 0.00, 194.71, 387.79, 292.41, 387.86, 876.12, 291.82, 679.27, 681.60, 194.12, 583.80, 194.32, 388.43, 681.37, 388.91, 388.80, 291.75, 583.14, 486.05, 971.29, 582.79, 486.04, 389.42, 582.60, 97.24, 97.16, 389.18, 291.67, 291.29, 291.95, 97.09, 0.00, 97.13, 389.08, 0.00, 0.00, 97.21, 0.00, 194.53, 0.00, 0.00, 0.00, 0.00, 97.20, 0.00, 0.00, 0.00, 0.00, 0.00, 0.00, 0.00, 0.00, 0.00, 0.00, 0.00, 0.00, 0.00, 0.00, 0.00, 0.00, 0.00, 0.00, 0.00, 0.00, 0.00, 0.00, 0.00, 0.00, 0.00, 0.00, 0.00, 0.00, 0.00, 0.00, 0.00, 0.00, 0.00
59523.00, 49.95, 996.91, 160.96, 1459.51, 486.47, 486.82, 97.50, 194.42, 0.00, 290.71, 97.34, 194.75, 389.94, 97.24, 487.50, 194.05, 292.28, 97.50, 194.56, 194.31, 97.46, 194.29, 585.49, 0.00, 97.37, 389.53, 97.47, 194.13, 390.36, 291.25, 97.47, 194.79, 680.10, 487.45, 194.36, 292.26, 389.11, 194.45, 389.83, 292.04, 681.24, 389.48, 583.85, 486.64, 194.50, 0.00, 0.00, 194.95, 97.22, 194.72, 389.10, 292.24, 681.39, 486.08, 389.74, 291.62, 194.88, 291.76, 0.00, 194.50, 97.31, 97.33, 97.32, 97.39, 0.00, 0.00, 0.00, 0.00, 0.00, 0.00, 0.00, 0.00, 0.00, 0.00, 97.31, 0.00, 0.00, 0.00, 0.00, 0.00, 0.00, 0.00, 0.00, 0.00, 0.00, 0.00, 0.00, 0.00, 0.00, 0.00, 0.00, 0.00, 0.00, 0.00, 0.00, 0.00, 0.00, 0.00, 0.00, 0.00, 0.00, 0.00
59524.00, 49.94, 996.66, 171.82, 681.31, 486.62, 681.75, 780.26, 291.72, 487.64, 872.40, 778.96, 0.00, 0.00, 389.08, 390.12, 388.21, 97.46, 195.06, 389.25, 97.19, 0.00, 291.53, 97.61, 194.28, 97.40, 292.24, 292.50, 97.10, 97.62, 388.45, 389.98, 292.27, 485.93, 487.60, 680.47, 389.79, 486.54, 389.02, 682.41, 292.13, 389.39, 681.80, 292.01, 194.71, 97.28, 389.12, 194.71, 292.51, 97.25, 292.17, 291.92, 292.33, 194.74, 194.49, 389.86, 388.94, 487.35, 97.28, 97.42, 0.00, 0.00, 97.36, 97.35, 97.42, 292.07, 194.75, 97.29, 97.37, 0.00, 0.00, 0.00, 0.00, 0.00, 0.00, 0.00, 0.00, 0.00, 0.00, 0.00, 0.00, 0.00, 0.00, 0.00, 0.00, 0.00, 0.00, 0.00, 0.00, 0.00, 0.00, 0.00, 0.00, 0.00, 0.00, 0.00, 0.00, 0.00, 0.00, 0.00, 0.00, 0.00, 0.00
59525.00, 49.98, 996.26, 189.69, 972.54, 97.25, 389.27, 292.37, 97.16, 0.00, 387.43, 97.29, 97.33, 97.44, 194.39, 97.45, 96.98, 292.14, 194.91, 291.71, 291.33, 194.82, 291.30, 195.07, 582.40, 194.65, 486.68, 0.00, 485.10, 292.63, 485.18, 194.84, 194.69, 388.44, 292.33, 194.27, 486.86, 486.16, 291.54, 194.82, 681.09, 583.64, 486.62, 291.79, 291.84, 777.61, 388.81, 389.12, 194.85, 194.35, 389.26, 291.69, 292.10, 194.59, 291.51, 292.17, 97.16, 681.76, 97.21, 292.03, 0.00, 0.00, 194.56, 194.54, 97.34, 0.00, 97.30, 97.21, 97.29, 0.00, 0.00, 0.00, 0.00, 97.27, 0.00, 0.00, 0.00, 0.00, 0.00, 0.00, 0.00, 0.00, 0.00, 97.27, 97.27, 0.00, 0.00, 0.00, 0.00, 0.00, 0.00, 0.00, 0.00, 0.00, 0.00, 0.00, 0.00, 0.00, 0.00, 0.00, 0.00, 0.00, 0.00
59526.00, 50.02, 995.85, 194.31, 582.95, 485.76, 388.89, 389.44, 582.41, 292.07, 193.53, 583.19, 0.00, 292.03, 388.40, 194.72, 193.76, 291.86, 97.36, 194.28, 291.04, 291.95, 194.01, 0.00, 193.94, 486.14, 680.69, 97.33, 193.85, 97.45, 290.82, 389.30, 389.00, 485.08, 681.43, 194.08, 486.38, 291.41, 970.84, 291.95, 680.43, 291.53, 194.46, 388.67, 485.93, 485.53, 679.76, 583.11, 194.66, 582.46, 291.66, 97.13, 486.36, 291.60, 0.00, 291.88, 97.06, 97.30, 97.11, 583.48, 194.21, 97.16, 0.00, 388.71, 291.73, 0.00, 0.00, 97.12, 0.00, 0.00, 0.00, 0.00, 0.00, 0.00, 0.00, 0.00, 0.00, 0.00, 0.00, 0.00, 0.00, 0.00, 0.00, 0.00, 0.00, 0.00, 0.00, 0.00, 0.00, 0.00, 0.00, 0.00, 0.00, 0.00, 0.00, 0.00, 0.00, 0.00, 0.00, 0.00, 0.00, 0.00, 0.00
59527.00, 50.02, 995.61, 165.54, 874.51, 0.00, 388.93, 194.74, 194.16, 0.00, 0.00, 0.00, 291.73, 97.35, 97.11, 97.37, 96.89, 97.30, 389.48, 194.30, 97.02, 97.33, 0.00, 97.45, 484.91, 388.95, 291.75, 97.34, 193.87, 584.74, 96.95, 681.33, 194.52, 291.08, 389.43, 388.19, 778.29, 194.29, 291.28, 486.62, 291.64, 583.12, 486.19, 388.71, 388.78, 291.35, 194.24, 194.39, 778.73, 97.09, 486.15, 291.43, 291.85, 97.21, 485.42, 291.91, 97.07, 291.93, 0.00, 0.00, 0.00, 0.00, 0.00, 97.19, 97.25, 0.00, 0.00, 97.12, 97.21, 0.00, 0.00, 0.00, 0.00, 0.00, 0.00, 0.00, 0.00, 0.00, 0.00, 97.22, 0.00, 0.00, 0.00, 0.00, 0.00, 0.00, 0.00, 0.00, 0.00, 0.00, 0.00, 0.00, 0.00, 0.00, 0.00, 0.00, 0.00, 0.00, 0.00, 0.00, 0.00, 0.00, 0.00
59528.00, 49.98, 995.06, 199.27, 1847.53, 486.16, 0.00, 389.76, 97.15, 487.18, 193.68, 97.28, 194.63, 0.00, 97.18, 292.31, 96.96, 97.37, 97.44, 680.54, 97.09, 292.19, 485.42, 195.04, 194.10, 389.23, 291.96, 292.23, 194.01, 292.58, 194.04, 97.40, 389.32, 291.29, 487.14, 388.47, 389.43, 680.52, 388.65, 486.97, 486.42, 389.03, 486.54, 388.99, 486.33, 194.37, 388.75, 680.85, 389.64, 485.79, 291.90, 194.43, 973.52, 291.84, 194.31, 194.75, 291.43, 292.14, 0.00, 389.31, 388.75, 97.24, 97.27, 0.00, 97.32, 0.00, 97.29, 0.00, 0.00, 291.76, 0.00, 97.26, 0.00, 0.00, 0.00, 0.00, 0.00, 0.00, 0.00, 0.00, 0.00, 0.00, 0.00, 0.00, 0.00, 0.00, 0.00, 0.00, 0.00, 0.00, 0.00, 0.00, 0.00, 0.00, 0.00, 0.00, 0.00, 0.00, 0.00, 0.00, 0.00, 0.00, 0.00
59529.00, 50.04, 994.63, 191.85, 1456.94, 291.37, 194.38, 97.33, 388.16, 291.98, 96.73, 97.17, 583.23, 389.26, 97.07, 194.66, 96.85, 194.51, 97.33, 97.11, 387.94, 194.57, 290.93, 292.23, 193.88, 777.59, 874.91, 486.50, 484.48, 389.67, 387.65, 389.18, 388.89, 193.97, 291.96, 582.06, 388.99, 485.54, 97.05, 97.29, 291.52, 680.04, 97.20, 291.41, 291.47, 388.31, 291.24, 680.09, 389.21, 388.19, 97.19, 291.31, 388.97, 291.51, 194.09, 97.26, 291.11, 389.08, 0.00, 291.65, 0.00, 97.14, 194.31, 0.00, 97.21, 291.47, 0.00, 291.26, 0.00, 0.00, 97.20, 97.16, 0.00, 0.00, 0.00, 0.00, 0.00, 0.00, 0.00, 97.18, 0.00, 0.00, 0.00, 0.00, 0.00, 0.00, 0.00, 0.00, 0.00, 0.00, 0.00, 0.00, 0.00, 0.00, 0.00, 0.00, 0.00, 0.00, 0.00, 0.00, 0.00, 0.00, 0.00
59530.00, 49.95, 994.14, 194.61, 2043.51, 1070.34, 292.12, 487.56, 291.66, 0.00, 193.83, 194.70, 194.77, 0.00, 97.25, 97.51, 97.03, 194.87, 292.53, 291.88, 194.33, 292.41, 194.31, 195.18, 291.37, 389.52, 194.79, 292.44, 582.46, 585.59, 388.37, 97.48, 292.21, 583.00, 390.00, 388.76, 292.29, 583.73, 486.18, 487.34, 194.71, 389.32, 194.76, 194.64, 486.69, 97.26, 778.08, 292.01, 682.38, 486.15, 486.86, 389.14, 389.70, 292.05, 291.68, 0.00, 194.43, 194.90, 97.26, 292.20, 97.26, 0.00, 97.34, 486.64, 0.00, 0.00, 97.36, 97.27, 0.00, 0.00, 97.38, 97.34, 0.00, 0.00, 0.00, 0.00, 0.00, 97.33, 0.00, 0.00, 0.00, 0.00, 0.00, 0.00, 0.00, 0.00, 0.00, 0.00, 97.34, 0.00, 0.00, 0.00, 0.00, 0.00, 0.00, 0.00, 0.00, 0.00, 0.00, 0.00, 0.00, 0.00, 0.00
59531.00, 49.92, 993.68, 156.25, 3115.49, 973.53, 584.53, 292.68, 0.00, 487.79, 193.93, 0.00, 97.44, 390.18, 0.00, 97.56, 0.00, 194.97, 195.12, 97.34, 0.00, 0.00, 194.41, 292.92, 194.34, 97.43, 682.09, 97.53, 291.38, 292.94, 291.42, 585.15, 194.90, 194.43, 292.65, 194.48, 292.43, 292.01, 389.14, 195.03, 487.02, 1071.16, 194.86, 389.47, 486.93, 486.53, 194.62, 389.54, 195.06, 97.28, 389.68, 0.00, 487.37, 194.80, 97.27, 97.49, 291.80, 195.00, 194.62, 97.45, 389.23, 194.73, 194.77, 194.75, 0.00, 0.00, 0.00, 0.00, 0.00, 97.37, 0.00, 0.00, 0.00, 0.00, 0.00, 0.00, 0.00, 0.00, 0.00, 0.00, 0.00, 0.00, 0.00, 0.00, 0.00, 0.00, 0.00, 0.00, 0.00, 0.00, 0.00, 0.00, 0.00, 0.00, 0.00, 0.00, 0.00, 0.00, 0.00, 0.00, 0.00, 0.00, 0.00
59532.00, 50.00, 993.79, 182.40, 1652.49, 971.99, 778.15, 97.41, 97.12, 97.40, 290.43, 194.49, 291.84, 292.17, 0.00, 97.40, 96.93, 0.00, 0.00, 0.00, 0.00, 292.09, 194.10, 97.49, 291.05, 97.27, 0.00, 194.75, 678.80, 194.99, 96.99, 778.96, 389.19, 97.06, 389.58, 582.51, 486.62, 194.37, 97.13, 194.72, 291.75, 291.67, 972.75, 388.85, 388.93, 194.31, 582.93, 583.39, 779.02, 291.37, 291.80, 388.72, 681.23, 583.48, 388.48, 292.02, 291.33, 194.69, 0.00, 291.88, 194.31, 97.21, 0.00, 97.22, 0.00, 194.46, 0.00, 97.16, 97.24, 97.22, 0.00, 0.00, 0.00, 0.00, 0.00, 0.00, 0.00, 97.22, 0.00, 0.00, 0.00, 0.00, 0.00, 0.00, 97.23, 0.00, 0.00, 0.00, 0.00, 97.25, 0.00, 0.00, 0.00, 0.00, 0.00, 0.00, 0.00, 0.00, 0.00, 0.00, 0.00, 0.00, 0.00
59533.00, 50.01, 993.06, 159.56, 1846.38, 1360.40, 972.41, 194.76, 97.09, 97.38, 0.00, 194.44, 194.51, 194.72, 0.00, 0.00, 96.90, 389.22, 194.76, 291.48, 291.10, 194.67, 194.05, 487.29, 290.97, 0.00, 194.52, 486.74, 290.83, 292.40, 290.88, 194.69, 194.54, 388.14, 292.10, 0.00, 97.30, 582.94, 194.21, 486.67, 194.45, 194.39, 486.24, 97.19, 583.23, 874.13, 0.00, 388.82, 292.05, 582.58, 680.67, 582.92, 97.29, 97.22, 97.09, 0.00, 97.08, 97.32, 97.13, 97.27, 97.13, 0.00, 291.61, 0.00, 194.53, 194.41, 97.22, 0.00, 0.00, 0.00, 0.00, 0.00, 0.00, 0.00, 0.00, 0.00, 0.00, 0.00, 0.00, 0.00, 0.00, 0.00, 0.00, 0.00, 0.00, 0.00, 0.00, 0.00, 0.00, 0.00, 0.00, 0.00, 0.00, 0.00, 0.00, 0.00, 0.00, 0.00, 0.00, 0.00, 0.00, 0.00, 0.00
59534.00, 50.00, 992.65, 146.40, 2041.31, 1457.98, 1069.95, 389.63, 388.46, 389.61, 0.00, 388.98, 194.56, 0.00, 194.29, 97.40, 290.79, 389.33, 292.22, 194.37, 194.12, 194.73, 97.05, 194.97, 97.02, 389.10, 97.29, 0.00, 193.94, 97.49, 290.96, 194.74, 389.19, 388.25, 486.97, 291.26, 97.32, 388.73, 291.39, 486.81, 291.75, 680.57, 389.10, 291.64, 194.47, 582.92, 194.31, 97.23, 292.13, 388.50, 97.27, 194.36, 194.64, 97.25, 97.12, 194.68, 97.11, 194.69, 0.00, 97.29, 194.31, 97.21, 97.23, 0.00, 97.29, 97.23, 97.25, 0.00, 0.00, 0.00, 97.27, 0.00, 97.19, 0.00, 0.00, 97.21, 0.00, 97.22, 0.00, 0.00, 0.00, 0.00, 97.24, 0.00, 0.00, 0.00, 0.00, 0.00, 0.00, 0.00, 0.00, 0.00, 0.00, 0.00, 0.00, 0.00, 0.00, 0.00, 0.00, 0.00, 0.00, 0.00, 0.00
59535.00, 49.96, 992.30, 195.77, 2043.11, 972.84, 778.83, 97.49, 0.00, 292.47, 96.89, 389.32, 194.73, 194.95, 97.23, 194.98, 291.04, 97.42, 292.48, 486.36, 97.15, 292.35, 291.41, 97.57, 291.31, 292.08, 584.24, 194.92, 291.17, 487.90, 776.58, 194.91, 486.91, 194.30, 194.96, 388.68, 194.82, 583.61, 583.29, 194.90, 292.01, 486.55, 486.80, 486.50, 97.32, 486.19, 291.72, 681.22, 97.46, 291.63, 292.06, 389.07, 389.62, 486.66, 388.82, 389.70, 388.79, 194.86, 194.49, 194.76, 0.00, 194.59, 97.32, 194.62, 0.00, 0.00, 97.34, 0.00, 97.33, 0.00, 97.36, 97.32, 0.00, 0.00, 0.00, 0.00, 0.00, 0.00, 0.00, 0.00, 0.00, 97.29, 0.00, 0.00, 0.00, 0.00, 0.00, 0.00, 0.00, 0.00, 0.00, 0.00, 0.00, 0.00, 0.00, 0.00, 0.00, 0.00, 0.00, 0.00, 0.00, 0.00, 0.00
59536.00, 49.95, 991.84, 217.40, 2724.30, 1264.77, 1265.68, 292.50, 97.21, 97.49, 290.70, 194.67, 194.75, 194.96, 291.71, 194.99, 291.06, 97.42, 195.00, 97.28, 97.15, 292.36, 291.43, 195.16, 194.22, 486.83, 389.52, 487.34, 485.32, 292.75, 291.24, 584.77, 876.50, 680.08, 292.46, 485.88, 292.25, 194.55, 486.11, 487.27, 778.74, 291.95, 194.73, 1070.35, 486.62, 486.22, 0.00, 97.32, 877.23, 388.86, 194.72, 486.36, 97.41, 876.04, 388.85, 292.30, 291.61, 292.31, 194.50, 292.15, 0.00, 97.30, 0.00, 97.31, 194.76, 97.32, 97.34, 97.25, 0.00, 194.62, 0.00, 0.00, 0.00, 0.00, 0.00, 0.00, 0.00, 97.31, 0.00, 0.00, 0.00, 0.00, 0.00, 0.00, 0.00, 0.00, 0.00, 0.00, 0.00, 0.00, 0.00, 0.00, 0.00, 0.00, 0.00, 0.00, 0.00, 0.00, 0.00, 0.00, 0.00, 0.00, 0.00
59537.00, 49.98, 991.29, 181.27, 1847.64, 1069.61, 973.07, 292.34, 0.00, 292.33, 193.70, 97.28, 194.64, 487.14, 194.37, 194.89, 290.90, 486.85, 389.78, 0.00, 97.10, 0.00, 291.27, 195.05, 97.06, 194.63, 194.65, 194.83, 485.05, 487.66, 194.05, 194.82, 194.67, 291.30, 194.87, 388.50, 778.90, 486.11, 194.34, 584.40, 291.87, 389.05, 291.94, 194.50, 486.36, 97.19, 388.77, 389.08, 487.08, 194.33, 486.53, 291.66, 389.43, 291.85, 680.11, 97.38, 388.60, 486.92, 0.00, 0.00, 388.77, 0.00, 97.27, 291.79, 194.66, 97.27, 97.29, 194.40, 0.00, 0.00, 0.00, 0.00, 0.00, 0.00, 0.00, 0.00, 0.00, 0.00, 0.00, 0.00, 0.00, 0.00, 97.27, 0.00, 0.00, 0.00, 0.00, 0.00, 0.00, 0.00, 0.00, 0.00, 0.00, 0.00, 0.00, 0.00, 0.00, 0.00, 0.00, 0.00, 0.00, 0.00, 0.00
