data/raw/Flight2/UHSAS_Polar6_20150407_R2_L1.ict
140,1001
Herber, Andreas; Schulz, Hannes
Alfred-Wegener-Institute, Bremerhaven, Germany
UHSAS, POLAR 6
NETCARE Polar 6 Campaign 2015
1,1
2015,04,07, 2017, 05, 08
1
time,s,number of seconds from start of date in UTC
102
1,1,1,1,1,1,1,1,1,1,1,1,1,1,1,1,1,1,1,1,1,1,1,1,1,1,1,1,1,1,1,1,1,1,1,1,1,1,1,1,1,1,1,1,1,1,1,1,1,1,1,1,1,1,1,1,1,1,1,1,1,1,1,1,1,1,1,1,1,1,1,1,1,1,1,1,1,1,1,1,1,1,1,1,1,1,1,1,1,1,1,1,1,1,1,1,1,1,1,1,1,1
-9999,-9999,-9999,-9999,-9999,-9999,-9999,-9999,-9999,-9999,-9999,-9999,-9999,-9999,-9999,-9999,-9999,-9999,-9999,-9999,-9999,-9999,-9999,-9999,-9999,-9999,-9999,-9999,-9999,-9999,-9999,-9999,-9999,-9999,-9999,-9999,-9999,-9999,-9999,-9999,-9999,-9999,-9999,-9999,-9999,-9999,-9999,-9999,-9999,-9999,-9999,-9999,-9999,-9999,-9999,-9999,-9999,-9999,-9999,-9999,-9999,-9999,-9999,-9999,-9999,-9999,-9999,-9999,-9999,-9999,-9999,-9999,-9999,-9999,-9999,-9999,-9999,-9999,-9999,-9999,-9999,-9999,-9999,-9999,-9999,-9999,-9999,-9999,-9999,-9999,-9999,-9999,-9999,-9999,-9999,-9999,-9999,-9999,-9999,-9999,-9999,-9999
flow,sccm,sample flow
pressure,hPa,chamber pressure
total_number_conc,#/sccm,total number of scattering particles (70-1000 nm) per sccm
bin_1,number/volume,dN/dlogD normalised number concentration per 1 sccm of sampled air
bin_2,number/volume,dN/dlogD normalised number concentration per 1 sccm of sampled air
bin_3,number/volume,dN/dlogD normalised number concentration per 1 sccm of sampled air
bin_4,number/volume,dN/dlogD normalised number concentration per 1 sccm of sampled air
bin_5,number/volume,dN/dlogD normalised number concentration per 1 sccm of sampled air
bin_6,number/volume,dN/dlogD normalised number concentration per 1 sccm of sampled air
bin_7,number/volume,dN/dlogD normalised number concentration per 1 sccm of sampled air
bin_8,number/volume,dN/dlogD normalised number concentration per 1 sccm of sampled air
bin_9,number/volume,dN/dlogD normalised number concentration per 1 sccm of sampled air
bin_10,number/volume,dN/dlogD normalised number concentration per 1 sccm of sampled air
bin_11,number/volume,dN/dlogD normalised number concentration per 1 sccm of sampled air
bin_12,number/volume,dN/dlogD normalised number concentration per 1 sccm of sampled air
bin_13,number/volume,dN/dlogD normalised number concentration per 1 sccm of sampled air
bin_14,number/volume,dN/dlogD normalised number concentration per 1 sccm of sampled air
bin_15,number/volume,dN/dlogD normalised number concentration per 1 sccm of sampled air
bin_16,number/volume,dN/dlogD normalised number concentration per 1 sccm of sampled air
bin_17,number/volume,dN/dlogD normalised number concentration per 1 sccm of sampled air
bin_18,number/volume,dN/dlogD normalised number concentration per 1 sccm of sampled air
bin_19,number/volume,dN/dlogD normalised number concentration per 1 sccm of sampled air
bin_20,number/volume,dN/dlogD normalised number concentration per 1 sccm of sampled air
bin_21,number/volume,dN/dlogD normalised number concentration per 1 sccm of sampled air
bin_22,number/volume,dN/dlogD normalised number concentration per 1 sccm of sampled air
bin_23,number/volume,dN/dlogD normalised number concentration per 1 sccm of sampled air
bin_24,number/volume,dN/dlogD normalised number concentration per 1 sccm of sampled air
[...]
UNCERTAINTY: counting efficiency 99%
ULOD_FLAG: -7777
ULOD_VALUE: N/A
LLOD_FLAG: -8888
LLOD_VALUE: N/A
DM_CONTACT_INFO: Hannes Schulz, AWI Bremerhaven; hannes.schulz@awi.de
PROJECT_INFO: Polar 6 NETCARE spring 2015 campaign
STIPULATIONS_ON_USE: N/A
OTHER_COMMENTS: N/A
REVISION: R2
R0: First set of data, uncorrected raw data!
R1: An error in normalisation is fixed. Issues with calibration: kink in distribution around 250 nm. Laser stability: noise counts in bins << 85 nm; partly filtered but those bins should be used with caution!
R2: Bins < 85 nm excluded from total number concentration. Error fixes. Problems mentioned above remain. Zero measurements and spikes masked -9999
time,flow,pressure,total_number_conc,bin_1,bin_2,bin_3,bin_4,bin_5,bin_6,bin_7,bin_8,bin_9,bin_10,bin_11,bin_12,bin_13,bin_14,bin_15,bin_16,bin_17,bin_18,bin_19,bin_20,bin_21,bin_22,bin_23,bin_24,bin_25,bin_26,bin_27,bin_28,bin_29,bin_30,bin_31,bin_32,bin_33,bin_34,bin_35,bin_36,bin_37,bin_38,bin_39,bin_40,bin_41,bin_42,bin_43,bin_44,bin_45,bin_46,bin_47,bin_48,bin_49,bin_50,bin_51,bin_52,bin_53,bin_54,bin_55,bin_56,bin_57,bin_58,bin_59,bin_60,bin_61,bin_62,bin_63,bin_64,bin_65,bin_66,bin_67,bin_68,bin_69,bin_70,bin_71,bin_72,bin_73,bin_74,bin_75,bin_76,bin_77,bin_78,bin_79,bin_80,bin_81,bin_82,bin_83,bin_84,bin_85,bin_86,bin_87,bin_88,bin_89,bin_90,bin_91,bin_92,bin_93,bin_94,bin_95,bin_96,bin_97,bin_98,bin_99
[from data line 1842]
61359.00, 50.18, 703.65, 224.80, 581.16, 484.27, 193.85, 388.25, 290.31, 194.12, 192.93, 96.90, 581.62, 291.13, 484.01, 291.18, 193.17, 484.93, 194.12, 193.68, 193.43, 388.07, 386.83, 388.56, 483.37, 387.72, 290.83, 679.22, 96.63, 680.03, 386.57, 388.10, 484.76, 193.44, 873.44, 386.96, 290.93, 387.35, 387.14, 388.07, 678.34, 968.79, 387.72, 484.34, 581.33, 193.62, 774.48, 290.66, 388.13, 290.34, 484.61, 290.51, 969.74, 193.80, 290.33, 193.99, 193.53, 97.00, 387.25, 0.00, 290.43, 0.00, 96.89, 0.00, 0.00, 0.00, 290.72, 0.00, 0.00, 0.00, 0.00, 96.89, 0.00, 0.00, 0.00, 0.00, 0.00, 0.00, 0.00, 0.00, 0.00, 0.00, 0.00, 0.00, 0.00, 0.00, 0.00, 0.00, 0.00, 0.00, 0.00, 0.00, 0.00, 0.00, 0.00, 0.00, 0.00, 0.00, 0.00, 96.88, 0.00, 0.00, 0.00
61360.00, 50.02, 703.87, 248.29, 291.49, 291.47, 194.45, 389.46, 291.22, 194.72, 387.07, 194.41, 388.95, 486.73, 194.21, 292.09, 581.32, 291.87, 194.73, 194.29, 485.09, 486.60, 291.02, 584.66, 678.83, 388.92, 388.98, 681.33, 678.50, 487.25, 387.78, 681.29, 389.02, 485.10, 389.41, 388.17, 389.12, 582.84, 582.52, 681.23, 777.66, 291.54, 583.39, 291.51, 291.57, 679.77, 874.01, 874.70, 389.34, 291.24, 583.34, 194.28, 389.11, 388.81, 582.46, 0.00, 291.21, 97.30, 97.12, 0.00, 291.33, 97.17, 0.00, 0.00, 97.25, 97.19, 0.00, 0.00, 97.20, 0.00, 97.23, 0.00, 0.00, 0.00, 0.00, 0.00, 0.00, 0.00, 0.00, 0.00, 0.00, 0.00, 0.00, 0.00, 0.00, 0.00, 0.00, 0.00, 0.00, 0.00, 0.00, 0.00, 0.00, 0.00, 0.00, 0.00, 0.00, 0.00, 0.00, 0.00, 0.00, 0.00, 0.00
61361.00, 50.05, 703.87, 212.20, 971.16, 291.33, 388.72, 0.00, 388.10, 291.94, 580.32, 388.62, 388.77, 486.50, 0.00, 291.94, 193.68, 388.97, 0.00, 291.29, 193.94, 97.27, 193.92, 292.19, 387.72, 97.18, 583.19, 389.15, 387.53, 584.42, 581.39, 291.84, 486.04, 387.89, 486.53, 581.98, 583.40, 291.28, 582.25, 291.82, 291.48, 485.67, 971.85, 582.74, 388.57, 291.19, 679.46, 1165.71, 486.44, 291.10, 97.18, 97.09, 194.46, 194.31, 194.06, 97.25, 291.07, 97.26, 388.27, 97.20, 194.13, 291.37, 97.14, 97.13, 0.00, 0.00, 0.00, 0.00, 0.00, 97.13, 97.18, 0.00, 0.00, 97.14, 0.00, 0.00, 0.00, 0.00, 0.00, 0.00, 0.00, 97.12, 97.15, 0.00, 0.00, 0.00, 0.00, 0.00, 0.00, 0.00, 0.00, 0.00, 0.00, 0.00, 0.00, 0.00, 0.00, 0.00, 0.00, 0.00, 0.00, 0.00, 0.00
61362.00, 49.97, 704.12, 240.14, 486.32, 97.26, 291.98, 194.93, 194.35, 487.31, 387.47, 681.13, 292.02, 389.79, 194.41, 97.46, 290.96, 292.17, 584.79, 194.49, 97.12, 292.26, 582.66, 585.27, 291.23, 389.33, 292.04, 389.74, 582.18, 585.31, 291.14, 292.29, 584.13, 485.60, 389.81, 582.86, 779.06, 486.21, 583.13, 389.68, 389.24, 291.85, 194.67, 680.90, 875.62, 874.90, 583.28, 583.74, 389.75, 97.18, 389.30, 486.20, 194.76, 389.22, 291.54, 389.59, 291.51, 292.21, 194.43, 97.35, 97.21, 194.54, 0.00, 194.56, 292.05, 0.00, 194.62, 0.00, 97.30, 0.00, 0.00, 0.00, 0.00, 0.00, 0.00, 0.00, 0.00, 97.28, 0.00, 0.00, 0.00, 0.00, 0.00, 0.00, 0.00, 0.00, 0.00, 0.00, 0.00, 0.00, 0.00, 0.00, 0.00, 0.00, 0.00, 0.00, 0.00, 0.00, 0.00, 0.00, 0.00, 0.00, 0.00
61363.00, 49.92, 704.44, 219.96, 97.36, 292.07, 194.85, 195.13, 97.27, 390.25, 96.97, 487.02, 292.32, 487.74, 97.30, 390.25, 194.17, 487.45, 292.69, 292.03, 97.22, 487.61, 291.63, 292.93, 388.70, 292.30, 584.68, 487.67, 679.90, 292.95, 291.43, 292.59, 682.19, 486.10, 487.76, 486.21, 779.85, 778.73, 291.86, 877.68, 681.86, 389.53, 194.87, 584.23, 292.17, 291.93, 583.87, 292.17, 390.14, 875.53, 292.27, 97.34, 292.43, 97.40, 291.83, 195.00, 97.27, 195.01, 97.32, 389.80, 194.62, 97.37, 97.39, 0.00, 0.00, 0.00, 97.41, 0.00, 0.00, 0.00, 0.00, 0.00, 0.00, 0.00, 0.00, 0.00, 97.41, 0.00, 0.00, 0.00, 0.00, 0.00, 0.00, 0.00, 0.00, 0.00, 0.00, 0.00, 0.00, 0.00, 0.00, 0.00, 0.00, 0.00, 0.00, 0.00, 0.00, 0.00, 0.00, 0.00, 0.00, 0.00, 0.00
61364.00, 49.94, 704.33, 247.48, 875.84, 97.31, 194.76, 487.59, 97.23, 97.51, 0.00, 194.71, 389.57, 292.50, 291.77, 0.00, 97.04, 779.54, 292.55, 291.89, 388.69, 389.90, 582.97, 487.99, 388.52, 194.77, 973.99, 584.92, 485.41, 585.63, 388.39, 292.44, 292.22, 291.52, 292.52, 583.18, 584.61, 389.18, 680.69, 584.84, 681.53, 486.67, 584.31, 486.62, 389.37, 583.58, 583.59, 486.71, 584.93, 583.41, 681.64, 291.87, 487.15, 292.07, 97.23, 194.90, 194.44, 97.46, 97.27, 389.62, 97.26, 291.97, 0.00, 97.33, 0.00, 97.34, 194.73, 97.27, 0.00, 0.00, 0.00, 0.00, 0.00, 0.00, 0.00, 0.00, 0.00, 0.00, 0.00, 0.00, 0.00, 0.00, 0.00, 0.00, 0.00, 0.00, 0.00, 0.00, 0.00, 0.00, 0.00, 0.00, 0.00, 0.00, 0.00, 0.00, 0.00, 0.00, 0.00, 0.00, 0.00, 0.00, 0.00
61365.00, 50.06, 704.58, 246.90, 3980.55, 2912.41, 3205.94, 778.31, 193.99, 486.42, 193.38, 194.25, 194.33, 97.27, 0.00, 486.43, 290.43, 291.64, 583.73, 582.41, 387.77, 388.98, 387.73, 486.84, 96.90, 485.78, 485.85, 680.80, 387.41, 486.87, 290.61, 680.76, 583.07, 193.89, 583.66, 581.80, 97.20, 485.32, 776.09, 777.94, 874.19, 194.21, 388.62, 388.38, 874.03, 194.07, 873.32, 194.23, 583.56, 291.02, 194.30, 582.37, 486.00, 388.51, 582.01, 194.44, 193.99, 97.23, 291.12, 97.17, 97.04, 97.09, 97.11, 0.00, 97.17, 194.23, 0.00, 0.00, 97.13, 0.00, 0.00, 97.11, 0.00, 97.11, 0.00, 0.00, 0.00, 0.00, 0.00, 97.14, 0.00, 0.00, 0.00, 0.00, 0.00, 0.00, 0.00, 0.00, 0.00, 0.00, 0.00, 0.00, 0.00, 0.00, 0.00, 0.00, 0.00, 0.00, 0.00, 0.00, 0.00, 0.00, 0.00
61366.00, 49.92, 704.71, 212.72, 389.41, 194.69, 97.42, 292.67, 194.53, 487.76, 387.83, 292.18, 292.29, 195.08, 194.59, 97.55, 388.30, 97.48, 292.66, 97.33, 388.84, 97.51, 194.40, 292.90, 194.33, 389.69, 389.74, 292.57, 194.24, 585.85, 485.68, 682.63, 584.67, 388.84, 975.43, 486.17, 487.36, 389.33, 291.83, 292.53, 681.79, 292.12, 779.38, 292.08, 97.38, 291.90, 291.91, 486.90, 487.63, 583.63, 194.83, 291.99, 194.93, 194.79, 291.80, 194.98, 389.04, 292.48, 291.92, 292.32, 291.91, 292.08, 0.00, 292.11, 97.44, 97.38, 0.00, 97.31, 0.00, 0.00, 0.00, 0.00, 0.00, 97.37, 0.00, 0.00, 0.00, 0.00, 0.00, 0.00, 0.00, 0.00, 0.00, 97.37, 0.00, 0.00, 0.00, 0.00, 0.00, 0.00, 0.00, 0.00, 0.00, 0.00, 0.00, 0.00, 0.00, 0.00, 0.00, 0.00, 0.00, 0.00, 0.00
61367.00, 49.83, 704.69, 199.86, 585.17, 390.09, 585.55, 390.93, 292.32, 195.46, 388.53, 390.28, 488.03, 195.43, 487.35, 97.73, 194.50, 195.31, 879.58, 390.04, 97.38, 586.13, 584.25, 586.87, 292.02, 390.39, 292.84, 195.40, 389.18, 684.73, 291.93, 390.78, 585.73, 389.54, 390.88, 584.45, 292.94, 390.03, 487.27, 586.12, 195.15, 97.55, 487.99, 292.61, 487.78, 292.43, 584.87, 487.78, 293.11, 292.34, 97.59, 97.50, 390.57, 97.57, 389.77, 0.00, 97.44, 293.01, 292.44, 195.23, 97.48, 0.00, 195.11, 0.00, 97.61, 0.00, 97.58, 0.00, 0.00, 0.00, 0.00, 0.00, 0.00, 97.55, 0.00, 0.00, 0.00, 0.00, 0.00, 0.00, 0.00, 0.00, 0.00, 0.00, 0.00, 0.00, 0.00, 0.00, 0.00, 0.00, 0.00, 0.00, 0.00, 0.00, 0.00, 0.00, 0.00, 0.00, 0.00, 0.00, 0.00, 0.00, 0.00
61368.00, 49.94, 704.79, 204.24, 291.96, 194.63, 194.77, 292.57, 97.23, 195.04, 581.54, 97.36, 292.19, 390.02, 194.52, 97.52, 291.13, 292.34, 487.61, 97.30, 194.35, 97.48, 485.83, 488.01, 388.53, 681.72, 194.81, 389.96, 679.61, 585.65, 679.71, 194.97, 292.24, 680.24, 292.53, 583.20, 487.19, 389.19, 291.73, 97.48, 292.10, 584.03, 389.56, 97.33, 292.04, 97.27, 389.08, 486.73, 487.46, 194.48, 389.52, 291.89, 584.61, 97.36, 388.94, 97.46, 291.68, 194.92, 291.82, 194.82, 291.81, 0.00, 97.35, 194.68, 0.00, 97.35, 97.37, 97.28, 97.36, 0.00, 0.00, 97.35, 0.00, 0.00, 0.00, 0.00, 0.00, 0.00, 0.00, 0.00, 0.00, 0.00, 0.00, 0.00, 0.00, 0.00, 0.00, 0.00, 0.00, 0.00, 0.00, 0.00, 0.00, 0.00, 0.00, 0.00, 0.00, 0.00, 0.00, 0.00, 0.00, 0.00, 0.00
61369.00, 50.01, 704.66, 190.77, 388.77, 485.93, 389.02, 0.00, 194.20, 0.00, 0.00, 194.46, 291.80, 389.50, 291.40, 292.17, 96.91, 583.91, 194.79, 388.69, 194.10, 292.05, 194.07, 389.89, 291.01, 291.78, 291.82, 389.45, 96.96, 194.96, 484.87, 584.14, 486.42, 291.15, 681.67, 388.29, 389.24, 971.70, 679.82, 486.74, 388.95, 583.26, 583.57, 97.20, 291.66, 291.42, 679.99, 486.09, 0.00, 388.44, 0.00, 388.67, 194.61, 388.93, 291.32, 97.33, 388.39, 194.66, 97.14, 0.00, 291.42, 0.00, 0.00, 0.00, 0.00, 0.00, 0.00, 0.00, 0.00, 0.00, 0.00, 0.00, 0.00, 0.00, 0.00, 0.00, 0.00, 0.00, 0.00, 0.00, 0.00, 0.00, 0.00, 0.00, 0.00, 0.00, 0.00, 0.00, 0.00, 0.00, 0.00, 0.00, 0.00, 0.00, 0.00, 0.00, 0.00, 0.00, 0.00, 0.00, 0.00, 0.00, 0.00
61370.00, 50.04, 704.96, 188.23, 388.48, 0.00, 97.18, 486.61, 97.03, 97.32, 96.72, 194.32, 0.00, 389.22, 388.24, 0.00, 193.69, 194.49, 291.96, 388.41, 387.90, 291.83, 387.86, 194.80, 387.73, 485.94, 194.40, 583.74, 290.66, 681.85, 678.32, 486.42, 291.64, 581.86, 194.62, 291.00, 291.71, 194.20, 291.13, 583.66, 291.50, 291.42, 291.57, 679.90, 194.29, 97.07, 97.07, 485.73, 97.29, 291.12, 388.72, 291.29, 486.17, 194.32, 388.14, 97.25, 291.08, 291.78, 388.29, 97.21, 97.07, 97.13, 97.15, 97.14, 97.20, 97.15, 0.00, 0.00, 0.00, 0.00, 0.00, 0.00, 0.00, 0.00, 0.00, 0.00, 97.17, 0.00, 0.00, 0.00, 0.00, 0.00, 0.00, 0.00, 0.00, 0.00, 0.00, 0.00, 0.00, 0.00, 0.00, 0.00, 0.00, 0.00, 0.00, 0.00, 0.00, 0.00, 0.00, 0.00, 0.00, 0.00, 0.00
61371.00, 49.95, 704.93, 182.58, 778.40, 486.47, 194.73, 97.50, 194.42, 292.50, 387.62, 292.02, 292.13, 292.46, 291.73, 97.50, 0.00, 389.71, 390.01, 291.85, 194.31, 97.46, 680.02, 195.16, 388.45, 486.85, 486.92, 389.89, 485.34, 292.77, 194.17, 389.86, 194.79, 291.47, 389.96, 291.54, 584.51, 194.56, 97.23, 584.74, 584.08, 389.28, 292.11, 486.54, 389.31, 486.24, 680.75, 583.96, 292.42, 194.44, 97.36, 97.28, 0.00, 97.34, 388.86, 194.87, 97.21, 389.77, 194.51, 194.78, 0.00, 194.61, 97.33, 97.32, 0.00, 97.33, 97.35, 0.00, 0.00, 0.00, 0.00, 0.00, 0.00, 0.00, 0.00, 0.00, 0.00, 0.00, 0.00, 0.00, 0.00, 0.00, 0.00, 97.32, 0.00, 0.00, 0.00, 0.00, 0.00, 0.00, 0.00, 0.00, 0.00, 0.00, 0.00, 0.00, 0.00, 0.00, 0.00, 0.00, 0.00, 0.00, 0.00
61372.00, 50.03, 705.28, 161.90, 485.72, 194.28, 97.21, 194.69, 291.16, 486.71, 483.75, 97.19, 97.22, 97.33, 388.35, 389.38, 193.74, 97.27, 97.35, 291.38, 97.00, 486.51, 193.98, 292.28, 290.87, 486.07, 583.37, 583.90, 96.91, 97.43, 290.78, 0.00, 194.47, 582.01, 486.67, 485.13, 486.32, 291.37, 291.21, 194.60, 388.76, 388.65, 97.21, 388.61, 291.52, 291.28, 291.28, 485.86, 291.95, 194.13, 388.82, 388.48, 194.52, 583.11, 291.18, 0.00, 291.15, 291.86, 0.00, 97.23, 97.09, 97.15, 97.17, 0.00, 0.00, 0.00, 0.00, 0.00, 0.00, 0.00, 0.00, 0.00, 0.00, 0.00, 0.00, 0.00, 0.00, 0.00, 0.00, 0.00, 0.00, 0.00, 0.00, 0.00, 0.00, 0.00, 0.00, 0.00, 0.00, 0.00, 0.00, 0.00, 0.00, 0.00, 0.00, 0.00, 0.00, 0.00, 0.00, 0.00, 0.00, 0.00, 0.00
61373.00, 50.06, 705.45, 184.59, 388.39, 291.27, 194.32, 194.60, 97.01, 0.00, 96.70, 388.55, 388.69, 194.56, 291.11, 97.30, 387.28, 388.89, 0.00, 194.16, 290.86, 486.27, 193.88, 389.51, 387.64, 485.83, 194.36, 389.07, 774.91, 97.38, 581.27, 97.26, 194.38, 969.54, 291.86, 290.93, 291.64, 776.60, 194.04, 194.51, 388.57, 194.23, 97.17, 679.73, 485.62, 97.04, 291.14, 194.25, 583.61, 388.06, 388.63, 194.14, 194.42, 194.27, 194.02, 194.46, 97.00, 388.95, 97.05, 97.18, 0.00, 97.10, 0.00, 0.00, 194.36, 0.00, 97.14, 0.00, 97.13, 97.11, 194.33, 97.12, 0.00, 0.00, 0.00, 0.00, 0.00, 0.00, 97.09, 0.00, 0.00, 0.00, 0.00, 0.00, 0.00, 0.00, 0.00, 0.00, 0.00, 0.00, 0.00, 0.00, 0.00, 0.00, 0.00, 0.00, 0.00, 0.00, 0.00, 0.00, 0.00, 0.00, 0.00
61374.00, 50.04, 705.53, 175.05, 388.48, 291.34, 388.73, 291.97, 0.00, 486.59, 386.90, 194.32, 388.78, 291.91, 291.18, 291.96, 96.84, 388.99, 194.64, 291.30, 193.95, 291.83, 96.97, 292.20, 387.73, 194.38, 97.20, 486.45, 96.89, 584.44, 290.71, 486.42, 194.42, 484.88, 389.24, 388.00, 97.24, 388.39, 194.09, 291.83, 680.16, 194.28, 874.70, 291.38, 291.44, 679.47, 291.21, 582.88, 486.46, 388.15, 388.72, 97.10, 291.70, 97.16, 388.14, 97.25, 97.03, 194.52, 97.07, 0.00, 0.00, 194.25, 0.00, 0.00, 97.20, 97.15, 97.17, 97.08, 0.00, 0.00, 0.00, 97.15, 0.00, 0.00, 0.00, 0.00, 97.17, 0.00, 0.00, 0.00, 0.00, 0.00, 0.00, 0.00, 0.00, 0.00, 0.00, 0.00, 0.00, 0.00, 0.00, 0.00, 0.00, 0.00, 0.00, 0.00, 0.00, 0.00, 0.00, 0.00, 0.00, 0.00, 0.00
61375.00, 49.98, 705.77, 195.67, 583.43, 486.16, 291.90, 389.76, 194.30, 292.31, 96.84, 0.00, 0.00, 194.85, 388.72, 0.00, 96.96, 292.10, 194.88, 388.88, 485.47, 389.59, 291.25, 97.52, 388.20, 194.61, 389.28, 194.82, 97.00, 585.16, 388.08, 681.83, 291.99, 485.48, 389.71, 582.71, 389.43, 291.65, 194.33, 389.58, 97.28, 194.51, 778.46, 486.23, 486.33, 874.67, 291.56, 389.06, 292.23, 485.79, 194.60, 291.64, 389.41, 97.28, 291.46, 778.99, 291.43, 389.52, 194.38, 97.33, 0.00, 97.24, 97.27, 0.00, 0.00, 0.00, 0.00, 0.00, 0.00, 0.00, 0.00, 0.00, 0.00, 0.00, 0.00, 0.00, 0.00, 97.25, 0.00, 0.00, 0.00, 0.00, 0.00, 0.00, 0.00, 0.00, 0.00, 0.00, 0.00, 0.00, 0.00, 0.00, 0.00, 0.00, 0.00, 0.00, 0.00, 0.00, 0.00, 0.00, 0.00, 0.00, 0.00
61376.00, 49.95, 705.96, 203.02, 486.55, 194.61, 194.75, 97.51, 291.66, 390.03, 193.83, 194.70, 97.39, 194.99, 194.50, 390.04, 388.13, 0.00, 292.53, 291.88, 97.17, 779.75, 485.78, 390.37, 291.37, 97.38, 389.57, 779.85, 485.38, 390.39, 582.55, 292.43, 876.62, 680.17, 390.00, 291.57, 194.86, 583.73, 583.41, 487.34, 194.71, 389.32, 486.90, 291.96, 389.35, 291.77, 486.30, 681.36, 97.48, 194.46, 0.00, 389.14, 487.12, 97.35, 194.45, 97.45, 0.00, 0.00, 194.53, 194.80, 0.00, 0.00, 97.34, 97.33, 97.40, 97.34, 194.71, 0.00, 97.35, 97.32, 97.38, 0.00, 97.29, 194.66, 0.00, 0.00, 0.00, 0.00, 0.00, 0.00, 0.00, 0.00, 0.00, 0.00, 0.00, 0.00, 0.00, 0.00, 0.00, 0.00, 0.00, 0.00, 0.00, 0.00, 0.00, 0.00, 0.00, 0.00, 0.00, 0.00, 0.00, 0.00, 0.00
61377.00, 49.98, 706.04, 182.46, 1847.53, 1264.01, 875.71, 487.20, 388.59, 584.62, 484.21, 389.11, 389.26, 292.27, 0.00, 97.44, 96.96, 292.10, 487.20, 97.22, 97.09, 194.79, 582.50, 487.60, 485.26, 97.31, 97.32, 292.23, 776.04, 292.58, 679.14, 487.02, 389.32, 776.76, 389.71, 874.07, 0.00, 0.00, 485.82, 292.18, 194.57, 291.77, 389.23, 486.23, 486.33, 97.19, 388.75, 486.32, 97.41, 388.63, 97.30, 388.86, 389.41, 194.56, 388.61, 194.75, 194.29, 97.38, 0.00, 97.33, 97.19, 291.73, 97.27, 97.26, 0.00, 0.00, 0.00, 97.19, 0.00, 0.00, 0.00, 0.00, 0.00, 0.00, 0.00, 0.00, 0.00, 0.00, 0.00, 0.00, 0.00, 0.00, 0.00, 0.00, 0.00, 0.00, 0.00, 0.00, 0.00, 0.00, 0.00, 0.00, 0.00, 0.00, 0.00, 0.00, 0.00, 0.00, 0.00, 0.00, 0.00, 0.00, 0.00
61378.00, 49.92, 706.40, 194.72, 97.36, 389.43, 292.28, 0.00, 291.82, 195.12, 678.76, 389.61, 0.00, 292.64, 194.61, 292.69, 388.34, 194.98, 195.13, 292.03, 194.44, 195.04, 291.63, 390.58, 583.05, 584.59, 389.78, 487.67, 388.52, 195.30, 388.58, 292.59, 292.37, 583.32, 780.42, 291.73, 487.41, 486.71, 486.44, 585.12, 292.23, 486.91, 487.16, 292.11, 584.34, 291.93, 194.62, 194.78, 97.54, 389.13, 389.70, 292.02, 389.91, 194.81, 389.11, 97.50, 291.81, 0.00, 0.00, 194.90, 194.62, 97.37, 0.00, 0.00, 194.90, 0.00, 0.00, 97.32, 0.00, 0.00, 0.00, 0.00, 0.00, 0.00, 0.00, 97.37, 97.41, 0.00, 0.00, 0.00, 0.00, 0.00, 0.00, 0.00, 0.00, 0.00, 0.00, 0.00, 0.00, 0.00, 0.00, 0.00, 0.00, 0.00, 0.00, 0.00, 0.00, 0.00, 0.00, 0.00, 0.00, 0.00, 0.00
61379.00, 50.06, 706.31, 186.97, 97.09, 291.24, 194.30, 486.44, 193.99, 389.14, 290.07, 194.25, 194.33, 486.36, 291.08, 0.00, 96.81, 486.07, 583.73, 194.14, 193.89, 388.98, 290.80, 292.10, 290.70, 680.09, 194.34, 291.77, 484.27, 486.87, 193.74, 389.01, 777.43, 0.00, 389.10, 387.87, 291.61, 582.39, 291.04, 194.49, 679.92, 679.74, 485.78, 679.67, 194.23, 194.07, 388.14, 291.34, 97.26, 388.02, 194.30, 388.25, 194.40, 0.00, 388.01, 97.22, 96.99, 97.23, 194.08, 97.17, 0.00, 97.09, 97.11, 194.21, 194.34, 0.00, 97.13, 97.04, 0.00, 0.00, 0.00, 0.00, 97.07, 0.00, 0.00, 0.00, 0.00, 0.00, 0.00, 0.00, 0.00, 0.00, 0.00, 0.00, 0.00, 0.00, 0.00, 0.00, 0.00, 0.00, 0.00, 0.00, 0.00, 0.00, 0.00, 0.00, 0.00, 0.00, 0.00, 0.00, 0.00, 0.00, 0.00
