data/raw/Flight2/UHSAS_Polar6_20150407_R2_L1.ict
140,1001
Herber, Andreas; Schulz, Hannes
Alfred-Wegener-Institute, Bremerhaven, Germany
UHSAS, POLAR 6
NETCARE Polar 6 Campaign 2015
1,1
2015,04,07, 2017, 05, 08
1
time,s,number of seconds from start of date in UTC
102
1,1,1,1,1,1,1,1,1,1,1,1,1,1,1,1,1,1,1,1,1,1,1,1,1,1,1,1,1,1,1,1,1,1,1,1,1,1,1,1,1,1,1,1,1,1,1,1,1,1,1,1,1,1,1,1,1,1,1,1,1,1,1,1,1,1,1,1,1,1,1,1,1,1,1,1,1,1,1,1,1,1,1,1,1,1,1,1,1,1,1,1,1,1,1,1,1,1,1,1,1,1
-9999,-9999,-9999,-9999,-9999,-9999,-9999,-9999,-9999,-9999,-9999,-9999,-9999,-9999,-9999,-9999,-9999,-9999,-9999,-9999,-9999,-9999,-9999,-9999,-9999,-9999,-9999,-9999,-9999,-9999,-9999,-9999,-9999,-9999,-9999,-9999,-9999,-9999,-9999,-9999,-9999,-9999,-9999,-9999,-9999,-9999,-9999,-9999,-9999,-9999,-9999,-9999,-9999,-9999,-9999,-9999,-9999,-9999,-9999,-9999,-9999,-9999,-9999,-9999,-9999,-9999,-9999,-9999,-9999,-9999,-9999,-9999,-9999,-9999,-9999,-9999,-9999,-9999,-9999,-9999,-9999,-9999,-9999,-9999,-9999,-9999,-9999,-9999,-9999,-9999,-9999,-9999,-9999,-9999,-9999,-9999,-9999,-9999,-9999,-9999,-9999,-9999
flow,sccm,sample flow
pressure,hPa,chamber pressure
total_number_conc,#/sccm,total number of scattering particles (70-1000 nm) per sccm
bin_1,number/volume,dN/dlogD normalised number concentration per 1 sccm of sampled air
bin_2,number/volume,dN/dlogD normalised number concentration per 1 sccm of sampled air
bin_3,number/volume,dN/dlogD normalised number concentration per 1 sccm of sampled air
bin_4,number/volume,dN/dlogD normalised number concentration per 1 sccm of sampled air
bin_5,number/volume,dN/dlogD normalised number concentration per 1 sccm of sampled air
bin_6,number/volume,dN/dlogD normalised number concentration per 1 sccm of sampled air
bin_7,number/volume,dN/dlogD normalised number concentration per 1 sccm of sampled air
bin_8,number/volume,dN/dlogD normalised number concentration per 1 sccm of sampled air
bin_9,number/volume,dN/dlogD normalised number concentration per 1 sccm of sampled air
bin_10,number/volume,dN/dlogD normalised number concentration per 1 sccm of sampled air
bin_11,number/volume,dN/dlogD normalised number concentration per 1 sccm of sampled air
bin_12,number/volume,dN/dlogD normalised number concentration per 1 sccm of sampled air
bin_13,number/volume,dN/dlogD normalised number concentration per 1 sccm of sampled air
bin_14,number/volume,dN/dlogD normalised number concentration per 1 sccm of sampled air
bin_15,number/volume,dN/dlogD normalised number concentration per 1 sccm of sampled air
bin_16,number/volume,dN/dlogD normalised number concentration per 1 sccm of sampled air
bin_17,number/volume,dN/dlogD normalised number concentration per 1 sccm of sampled air
bin_18,number/volume,dN/dlogD normalised number concentration per 1 sccm of sampled air
bin_19,number/volume,dN/dlogD normalised number concentration per 1 sccm of sampled air
bin_20,number/volume,dN/dlogD normalised number concentration per 1 sccm of sampled air
bin_21,number/volume,dN/dlogD normalised number concentration per 1 sccm of sampled air
bin_22,number/volume,dN/dlogD normalised number concentration per 1 sccm of sampled air
bin_23,number/volume,dN/dlogD normalised number concentration per 1 sccm of sampled air
bin_24,number/volume,dN/dlogD normalised number concentration per 1 sccm of sampled air
[...]
UNCERTAINTY: counting efficiency 99%
ULOD_FLAG: -7777
ULOD_VALUE: N/A
LLOD_FLAG: -8888
LLOD_VALUE: N/A
DM_CONTACT_INFO: Hannes Schulz, AWI Bremerhaven; hannes.schulz@awi.de
PROJECT_INFO: Polar 6 NETCARE spring 2015 campaign
STIPULATIONS_ON_USE: N/A
OTHER_COMMENTS: N/A
REVISION: R2
R0: First set of data, uncorrected raw data!
R1: An error in normalisation is fixed. Issues with calibration: kink in distribution around 250 nm. Laser stability: noise counts in bins << 85 nm; partly filtered but those bins should be used with caution!
R2: Bins < 85 nm excluded from total number concentration. Error fixes. Problems mentioned above remain. Zero measurements and spikes masked -9999
time,flow,pressure,total_number_conc,bin_1,bin_2,bin_3,bin_4,bin_5,bin_6,bin_7,bin_8,bin_9,bin_10,bin_11,bin_12,bin_13,bin_14,bin_15,bin_16,bin_17,bin_18,bin_19,bin_20,bin_21,bin_22,bin_23,bin_24,bin_25,bin_26,bin_27,bin_28,bin_29,bin_30,bin_31,bin_32,bin_33,bin_34,bin_35,bin_36,bin_37,bin_38,bin_39,bin_40,bin_41,bin_42,bin_43,bin_44,bin_45,bin_46,bin_47,bin_48,bin_49,bin_50,bin_51,bin_52,bin_53,bin_54,bin_55,bin_56,bin_57,bin_58,bin_59,bin_60,bin_61,bin_62,bin_63,bin_64,bin_65,bin_66,bin_67,bin_68,bin_69,bin_70,bin_71,bin_72,bin_73,bin_74,bin_75,bin_76,bin_77,bin_78,bin_79,bin_80,bin_81,bin_82,bin_83,bin_84,bin_85,bin_86,bin_87,bin_88,bin_89,bin_90,bin_91,bin_92,bin_93,bin_94,bin_95,bin_96,bin_97,bin_98,bin_99
[from data line 1284]
60801.00, 50.03, 689.36, 214.69, 0.00, 0.00, 0.00, 194.71, 194.13, 97.35, 290.28, 97.19, 194.46, 292.02, 291.29, 194.71, 193.76, 291.84, 389.42, 97.14, 291.03, 389.25, 97.00, 194.87, 96.97, 97.22, 194.47, 389.30, 484.61, 0.00, 387.75, 291.96, 388.99, 194.02, 584.06, 97.03, 875.46, 777.06, 291.24, 291.93, 291.60, 971.73, 194.45, 388.65, 388.73, 679.71, 582.62, 388.72, 194.65, 194.15, 1166.59, 388.52, 680.88, 485.98, 582.42, 194.58, 194.12, 291.89, 291.32, 194.49, 485.52, 97.16, 194.36, 97.17, 0.00, 194.36, 97.20, 0.00, 0.00, 0.00, 0.00, 0.00, 0.00, 0.00, 0.00, 0.00, 0.00, 0.00, 0.00, 0.00, 97.21, 0.00, 0.00, 0.00, 0.00, 0.00, 0.00, 0.00, 0.00, 0.00, 0.00, 0.00, 0.00, 0.00, 0.00, 0.00, 0.00, 0.00, 0.00, 0.00, 0.00, 0.00, 0.00
60802.00, 50.07, 689.60, 245.67, 194.15, 0.00, 194.27, 97.28, 193.97, 0.00, 193.36, 291.34, 0.00, 194.51, 194.03, 194.54, 387.19, 194.40, 194.55, 291.16, 193.86, 97.23, 775.35, 486.77, 387.55, 582.85, 291.47, 388.98, 387.36, 292.08, 484.28, 388.95, 777.32, 387.72, 680.84, 581.72, 291.57, 582.31, 484.99, 583.38, 291.36, 679.64, 582.86, 485.41, 388.40, 388.08, 776.18, 388.40, 680.72, 581.95, 679.94, 97.05, 485.94, 679.80, 581.93, 194.42, 193.96, 194.43, 485.13, 0.00, 194.04, 97.08, 194.20, 194.18, 0.00, 0.00, 0.00, 0.00, 97.11, 97.09, 0.00, 0.00, 0.00, 0.00, 0.00, 0.00, 0.00, 0.00, 0.00, 0.00, 0.00, 0.00, 0.00, 0.00, 0.00, 0.00, 0.00, 0.00, 0.00, 0.00, 0.00, 0.00, 0.00, 0.00, 0.00, 0.00, 0.00, 0.00, 0.00, 0.00, 0.00, 0.00, 0.00
60803.00, 50.02, 689.68, 257.90, 97.17, 291.49, 291.69, 97.37, 291.23, 194.73, 0.00, 194.42, 388.98, 97.35, 97.11, 292.10, 193.78, 0.00, 0.00, 194.30, 97.02, 0.00, 97.01, 194.90, 581.89, 583.42, 486.26, 292.02, 290.81, 487.28, 775.60, 292.00, 486.30, 291.08, 389.43, 582.29, 875.58, 291.44, 485.47, 389.30, 680.50, 777.50, 972.38, 291.53, 777.57, 776.93, 679.82, 1166.34, 681.39, 291.26, 875.06, 680.01, 389.13, 291.63, 291.25, 583.82, 97.07, 291.93, 291.36, 0.00, 388.47, 485.87, 97.20, 0.00, 0.00, 0.00, 194.43, 0.00, 97.21, 97.18, 0.00, 0.00, 0.00, 97.19, 97.22, 0.00, 0.00, 0.00, 0.00, 0.00, 0.00, 0.00, 97.20, 0.00, 0.00, 0.00, 0.00, 0.00, 0.00, 0.00, 0.00, 0.00, 0.00, 0.00, 0.00, 0.00, 0.00, 0.00, 0.00, 0.00, 0.00, 0.00, 0.00
60804.00, 50.01, 689.82, 274.76, 291.57, 194.37, 0.00, 0.00, 0.00, 194.78, 193.59, 97.23, 389.07, 0.00, 194.27, 0.00, 290.74, 194.64, 486.96, 97.17, 388.19, 97.35, 194.07, 487.36, 485.02, 389.04, 486.37, 194.73, 775.67, 584.88, 1066.71, 584.14, 486.42, 485.24, 194.76, 1261.93, 778.48, 97.17, 582.70, 681.44, 486.19, 777.68, 583.57, 874.80, 1166.63, 679.97, 679.99, 486.09, 681.55, 582.66, 291.76, 194.33, 194.61, 194.46, 485.53, 0.00, 582.59, 389.33, 194.29, 291.84, 291.42, 97.20, 0.00, 291.63, 97.28, 0.00, 0.00, 0.00, 194.46, 0.00, 0.00, 0.00, 0.00, 97.21, 0.00, 0.00, 0.00, 0.00, 0.00, 0.00, 0.00, 0.00, 0.00, 0.00, 0.00, 0.00, 0.00, 0.00, 0.00, 0.00, 0.00, 0.00, 0.00, 0.00, 0.00, 0.00, 0.00, 0.00, 0.00, 0.00, 0.00, 0.00, 0.00
60805.00, 50.04, 689.93, 273.40, 582.81, 291.39, 194.40, 0.00, 388.18, 97.33, 96.74, 485.88, 97.21, 0.00, 0.00, 97.33, 96.86, 97.26, 194.67, 194.23, 96.99, 194.59, 193.96, 584.50, 387.79, 194.41, 97.22, 778.45, 387.61, 194.85, 678.42, 778.40, 388.91, 290.98, 681.27, 388.06, 778.03, 582.68, 776.48, 389.17, 680.26, 388.62, 680.43, 874.29, 582.98, 679.58, 873.76, 582.97, 1167.69, 485.27, 291.59, 485.55, 680.74, 583.06, 485.25, 486.35, 194.08, 291.83, 388.35, 194.45, 0.00, 291.42, 97.16, 194.31, 291.66, 194.32, 194.36, 0.00, 97.17, 97.15, 0.00, 0.00, 97.12, 0.00, 0.00, 0.00, 0.00, 0.00, 0.00, 0.00, 0.00, 0.00, 0.00, 0.00, 0.00, 0.00, 0.00, 0.00, 0.00, 0.00, 0.00, 0.00, 0.00, 0.00, 0.00, 0.00, 0.00, 97.15, 0.00, 0.00, 0.00, 0.00, 0.00
60806.00, 49.96, 690.31, 265.41, 97.28, 97.27, 292.03, 194.97, 194.38, 389.92, 96.88, 389.29, 194.71, 292.40, 97.22, 292.44, 194.01, 97.41, 194.96, 194.53, 0.00, 0.00, 291.38, 195.12, 291.28, 97.35, 584.18, 487.26, 388.19, 195.14, 582.38, 487.23, 389.49, 485.69, 584.82, 582.97, 194.80, 680.81, 388.82, 584.63, 486.63, 486.50, 973.51, 486.45, 583.85, 291.69, 388.92, 583.84, 779.63, 1360.80, 584.05, 778.05, 486.98, 583.93, 874.76, 389.66, 777.50, 292.27, 194.47, 681.58, 291.69, 194.57, 291.92, 0.00, 97.37, 0.00, 0.00, 97.24, 194.64, 0.00, 0.00, 0.00, 0.00, 0.00, 0.00, 0.00, 0.00, 0.00, 0.00, 0.00, 0.00, 0.00, 0.00, 0.00, 0.00, 97.32, 0.00, 0.00, 0.00, 0.00, 0.00, 0.00, 0.00, 0.00, 0.00, 0.00, 0.00, 0.00, 0.00, 0.00, 0.00, 0.00, 0.00
60807.00, 49.93, 690.36, 317.25, 584.06, 292.01, 194.81, 390.18, 291.76, 195.08, 193.89, 389.54, 487.10, 195.06, 194.57, 195.09, 388.27, 97.47, 292.63, 291.98, 291.60, 292.50, 194.38, 97.62, 291.47, 584.47, 876.84, 195.03, 291.33, 683.42, 874.13, 487.54, 682.05, 874.80, 487.67, 388.89, 779.70, 486.61, 778.15, 487.50, 1071.28, 389.45, 681.89, 1070.87, 876.34, 1167.49, 972.93, 194.74, 390.07, 1069.88, 487.02, 875.87, 877.12, 389.54, 389.03, 389.91, 194.50, 1072.33, 486.48, 389.73, 97.29, 194.70, 194.74, 0.00, 97.43, 0.00, 0.00, 97.30, 97.38, 0.00, 97.41, 0.00, 97.33, 0.00, 0.00, 0.00, 0.00, 0.00, 0.00, 0.00, 0.00, 97.34, 0.00, 0.00, 0.00, 0.00, 0.00, 0.00, 0.00, 0.00, 0.00, 0.00, 0.00, 0.00, 0.00, 0.00, 0.00, 0.00, 0.00, 0.00, 0.00, 0.00, 0.00
60808.00, 49.90, 690.41, 304.20, 97.40, 292.17, 194.92, 97.60, 97.31, 97.59, 97.00, 194.87, 292.42, 0.00, 97.34, 0.00, 194.24, 195.05, 0.00, 97.38, 97.25, 97.55, 97.24, 781.42, 0.00, 292.40, 292.44, 390.27, 777.30, 976.85, 485.89, 585.37, 194.98, 972.53, 585.51, 583.66, 390.06, 876.37, 681.25, 780.42, 1266.74, 487.07, 389.86, 1266.26, 584.54, 1362.81, 876.11, 681.96, 682.98, 486.57, 97.46, 584.23, 292.53, 876.93, 486.55, 97.53, 583.81, 780.30, 584.09, 389.94, 584.07, 97.40, 0.00, 97.41, 194.96, 0.00, 0.00, 0.00, 0.00, 0.00, 97.46, 0.00, 97.38, 0.00, 0.00, 0.00, 0.00, 0.00, 0.00, 97.45, 0.00, 0.00, 0.00, 97.41, 0.00, 0.00, 0.00, 0.00, 0.00, 0.00, 0.00, 0.00, 0.00, 0.00, 0.00, 0.00, 0.00, 0.00, 0.00, 0.00, 0.00, 0.00, 0.00
60809.00, 49.98, 690.69, 292.95, 680.78, 680.73, 194.63, 194.91, 291.49, 97.45, 484.29, 97.29, 97.33, 389.75, 97.20, 194.91, 193.95, 194.76, 292.36, 194.47, 97.11, 389.65, 291.30, 390.14, 582.40, 291.97, 194.67, 974.25, 388.08, 195.08, 582.22, 194.84, 584.08, 582.66, 389.77, 679.94, 389.49, 875.09, 485.89, 1071.52, 778.39, 486.36, 681.26, 291.79, 972.81, 583.21, 777.62, 680.96, 681.99, 1166.07, 291.94, 388.92, 681.58, 681.06, 388.67, 292.17, 194.32, 292.18, 486.03, 292.03, 680.42, 97.26, 389.12, 194.54, 0.00, 291.84, 97.30, 194.42, 0.00, 0.00, 0.00, 0.00, 97.24, 0.00, 0.00, 0.00, 0.00, 0.00, 0.00, 0.00, 0.00, 0.00, 97.28, 0.00, 0.00, 0.00, 0.00, 0.00, 0.00, 0.00, 0.00, 0.00, 0.00, 0.00, 0.00, 0.00, 0.00, 0.00, 0.00, 0.00, 0.00, 0.00, 0.00
60810.00, 50.01, 690.82, 305.94, 97.19, 97.18, 194.50, 97.39, 0.00, 0.00, 96.79, 194.46, 194.53, 194.74, 97.13, 97.39, 484.56, 194.63, 0.00, 194.34, 194.09, 194.69, 194.07, 389.87, 582.00, 194.51, 389.08, 292.08, 581.73, 584.85, 484.85, 389.41, 194.56, 582.27, 486.88, 485.34, 875.75, 583.00, 679.79, 486.72, 777.87, 388.83, 583.54, 583.18, 972.15, 1359.89, 777.10, 486.07, 778.88, 776.85, 583.49, 1360.29, 486.51, 875.06, 679.72, 875.90, 291.28, 291.98, 388.56, 486.38, 0.00, 388.77, 291.64, 0.00, 97.27, 97.21, 97.23, 0.00, 97.23, 97.20, 97.26, 0.00, 0.00, 0.00, 0.00, 0.00, 0.00, 0.00, 0.00, 0.00, 0.00, 0.00, 0.00, 0.00, 0.00, 0.00, 0.00, 0.00, 0.00, 0.00, 0.00, 0.00, 0.00, 0.00, 0.00, 0.00, 0.00, 0.00, 0.00, 0.00, 0.00, 0.00, 0.00
60811.00, 50.01, 690.98, 268.76, 680.34, 194.37, 0.00, 389.58, 194.20, 97.39, 96.80, 486.16, 194.54, 389.50, 194.27, 389.56, 0.00, 194.64, 97.39, 194.35, 291.14, 194.70, 291.11, 584.84, 291.01, 389.04, 97.27, 584.18, 581.75, 292.44, 290.92, 389.43, 389.13, 485.24, 584.29, 485.36, 583.86, 583.02, 388.47, 584.09, 583.42, 291.63, 291.78, 680.40, 1069.41, 679.97, 1457.11, 194.44, 778.91, 776.88, 291.76, 583.00, 389.22, 875.09, 582.64, 0.00, 679.69, 681.33, 388.58, 291.84, 97.14, 0.00, 291.66, 97.21, 97.28, 291.65, 194.48, 0.00, 97.23, 97.21, 0.00, 0.00, 97.18, 0.00, 0.00, 0.00, 0.00, 0.00, 0.00, 0.00, 0.00, 0.00, 0.00, 0.00, 0.00, 0.00, 0.00, 0.00, 0.00, 0.00, 0.00, 0.00, 0.00, 0.00, 0.00, 0.00, 0.00, 0.00, 0.00, 0.00, 0.00, 0.00, 0.00
60812.00, 50.02, 691.25, 273.48, 680.14, 0.00, 194.45, 97.36, 291.22, 194.72, 96.77, 194.41, 97.24, 194.69, 388.42, 0.00, 484.43, 97.29, 0.00, 388.58, 97.02, 97.32, 485.04, 389.77, 193.95, 486.16, 194.49, 486.67, 387.72, 584.70, 387.78, 389.31, 194.51, 1164.23, 97.35, 776.34, 291.84, 485.70, 485.44, 1167.83, 972.08, 874.63, 777.86, 680.20, 777.52, 873.99, 582.67, 777.51, 681.35, 485.41, 486.12, 485.69, 583.66, 777.63, 388.31, 97.30, 388.28, 291.91, 194.23, 97.25, 194.22, 291.50, 97.19, 97.18, 97.25, 97.19, 97.21, 97.12, 0.00, 0.00, 0.00, 0.00, 0.00, 0.00, 0.00, 0.00, 0.00, 0.00, 0.00, 0.00, 0.00, 0.00, 0.00, 0.00, 0.00, 0.00, 0.00, 0.00, 0.00, 0.00, 0.00, 0.00, 0.00, 0.00, 0.00, 0.00, 0.00, 0.00, 0.00, 0.00, 0.00, 0.00, 0.00
60813.00, 49.91, 691.50, 281.31, 194.76, 486.88, 292.34, 195.17, 0.00, 0.00, 0.00, 97.42, 292.38, 97.57, 0.00, 487.91, 388.42, 97.51, 487.92, 389.46, 194.48, 292.62, 291.68, 292.99, 291.58, 194.90, 487.33, 195.11, 582.89, 488.35, 485.82, 195.10, 682.32, 486.20, 390.29, 972.62, 682.51, 486.80, 389.23, 682.77, 487.14, 876.61, 389.81, 876.52, 584.46, 389.32, 875.98, 487.04, 780.44, 973.01, 487.22, 584.15, 389.99, 389.69, 681.08, 390.07, 389.15, 585.14, 97.34, 194.94, 291.99, 0.00, 194.82, 0.00, 97.47, 194.82, 97.43, 194.68, 97.42, 0.00, 97.45, 0.00, 0.00, 194.80, 97.43, 0.00, 0.00, 97.40, 97.38, 0.00, 0.00, 0.00, 0.00, 0.00, 0.00, 0.00, 0.00, 0.00, 0.00, 0.00, 0.00, 0.00, 0.00, 0.00, 0.00, 0.00, 0.00, 0.00, 0.00, 0.00, 0.00, 0.00, 0.00
60814.00, 49.98, 691.72, 272.48, 583.41, 680.60, 194.59, 292.31, 0.00, 389.73, 484.19, 194.55, 194.62, 97.42, 97.18, 97.43, 96.96, 292.08, 0.00, 194.43, 97.09, 292.18, 291.24, 195.03, 194.09, 583.82, 291.95, 389.62, 485.00, 390.09, 679.12, 584.40, 291.98, 679.64, 389.69, 582.69, 584.12, 777.70, 582.96, 389.56, 486.40, 389.01, 583.82, 486.21, 778.09, 680.27, 971.84, 486.30, 584.44, 680.07, 778.36, 388.84, 778.79, 972.75, 388.60, 194.74, 194.28, 194.75, 388.75, 486.61, 194.37, 388.96, 97.26, 389.01, 291.96, 194.52, 97.28, 0.00, 97.27, 0.00, 0.00, 0.00, 0.00, 0.00, 97.29, 0.00, 0.00, 0.00, 0.00, 0.00, 0.00, 0.00, 0.00, 0.00, 0.00, 0.00, 0.00, 0.00, 0.00, 0.00, 0.00, 0.00, 0.00, 0.00, 0.00, 0.00, 0.00, 0.00, 0.00, 0.00, 0.00, 0.00, 0.00
60815.00, 49.95, 691.74, 306.30, 681.10, 0.00, 97.36, 0.00, 0.00, 487.49, 581.43, 194.68, 97.38, 292.46, 97.24, 195.00, 291.07, 389.71, 292.51, 97.28, 388.63, 194.92, 388.58, 390.33, 388.45, 292.11, 389.53, 194.94, 388.27, 292.77, 485.41, 389.86, 389.57, 874.42, 1169.88, 777.45, 681.93, 486.39, 875.03, 487.29, 973.46, 291.96, 584.22, 1167.71, 486.64, 777.98, 583.50, 681.29, 1072.21, 680.54, 486.81, 583.66, 681.90, 389.37, 777.72, 389.74, 291.62, 487.21, 291.76, 389.55, 97.25, 486.53, 389.31, 291.96, 0.00, 97.33, 97.35, 0.00, 194.68, 0.00, 0.00, 0.00, 0.00, 0.00, 0.00, 0.00, 0.00, 0.00, 0.00, 0.00, 0.00, 0.00, 97.33, 0.00, 0.00, 0.00, 0.00, 0.00, 0.00, 0.00, 0.00, 0.00, 0.00, 0.00, 0.00, 0.00, 0.00, 0.00, 0.00, 0.00, 0.00, 0.00, 0.00
60816.00, 49.92, 692.07, 299.27, 97.36, 389.41, 0.00, 292.68, 0.00, 195.11, 290.89, 97.40, 389.74, 97.54, 97.30, 97.56, 194.16, 292.46, 390.24, 486.70, 0.00, 877.66, 194.41, 488.20, 194.34, 97.43, 584.65, 390.12, 485.63, 292.94, 388.56, 780.20, 877.06, 97.22, 682.84, 680.67, 1072.25, 389.35, 1459.26, 682.61, 487.02, 681.64, 1071.72, 584.20, 1071.25, 778.45, 389.23, 779.08, 682.72, 583.67, 876.78, 584.01, 194.95, 584.40, 778.19, 292.48, 97.27, 195.00, 389.25, 0.00, 194.62, 389.46, 97.39, 97.38, 194.89, 0.00, 0.00, 0.00, 97.40, 0.00, 0.00, 0.00, 0.00, 0.00, 0.00, 0.00, 0.00, 0.00, 0.00, 0.00, 0.00, 0.00, 0.00, 0.00, 0.00, 0.00, 0.00, 0.00, 0.00, 0.00, 0.00, 0.00, 0.00, 0.00, 0.00, 0.00, 0.00, 0.00, 0.00, 0.00, 0.00, 0.00, 0.00
60817.00, 49.94, 692.07, 254.69, 291.95, 389.24, 292.14, 97.52, 486.13, 292.54, 290.76, 0.00, 292.18, 195.00, 194.51, 0.00, 194.08, 292.33, 97.52, 97.30, 291.52, 487.37, 97.16, 292.79, 485.64, 194.77, 292.20, 584.92, 485.41, 488.02, 485.49, 292.44, 487.04, 194.35, 390.02, 680.37, 682.04, 194.59, 875.17, 389.89, 778.89, 292.00, 681.70, 97.32, 876.09, 194.53, 778.12, 1265.45, 974.89, 583.41, 389.51, 486.46, 487.15, 292.07, 1069.54, 97.45, 583.33, 292.37, 194.54, 389.62, 194.53, 194.64, 97.34, 0.00, 0.00, 194.68, 0.00, 0.00, 0.00, 0.00, 0.00, 0.00, 0.00, 0.00, 0.00, 0.00, 0.00, 97.33, 0.00, 0.00, 0.00, 0.00, 0.00, 0.00, 0.00, 0.00, 0.00, 0.00, 0.00, 0.00, 0.00, 0.00, 0.00, 0.00, 0.00, 0.00, 0.00, 0.00, 0.00, 0.00, 0.00, 0.00, 0.00
60818.00, 50.03, 692.31, 259.05, 194.30, 97.14, 97.21, 194.70, 97.06, 194.69, 290.26, 97.19, 194.45, 97.33, 291.27, 97.35, 290.62, 194.55, 97.35, 291.39, 388.02, 194.61, 484.97, 194.86, 193.92, 194.44, 388.93, 681.24, 387.66, 292.31, 484.66, 681.20, 486.20, 679.04, 681.37, 873.26, 486.34, 97.13, 291.22, 778.44, 680.36, 388.67, 194.44, 485.79, 777.41, 485.48, 873.88, 971.75, 486.61, 194.14, 777.68, 388.50, 486.31, 291.57, 582.38, 486.42, 194.11, 194.58, 388.41, 97.24, 97.10, 97.15, 291.53, 0.00, 388.94, 97.17, 194.39, 97.11, 0.00, 0.00, 97.22, 0.00, 97.13, 97.17, 0.00, 97.16, 0.00, 0.00, 0.00, 0.00, 0.00, 0.00, 0.00, 0.00, 0.00, 0.00, 0.00, 97.14, 0.00, 0.00, 0.00, 0.00, 0.00, 0.00, 0.00, 0.00, 0.00, 0.00, 0.00, 0.00, 0.00, 0.00, 0.00
60819.00, 50.08, 692.45, 293.54, 388.21, 97.05, 194.23, 0.00, 193.93, 194.50, 96.66, 0.00, 194.26, 388.95, 0.00, 389.01, 387.11, 291.54, 486.27, 97.04, 0.00, 388.85, 193.80, 389.34, 387.47, 971.23, 291.41, 486.12, 580.93, 681.39, 581.02, 583.31, 97.15, 387.64, 875.19, 872.41, 291.52, 388.13, 387.92, 680.47, 776.79, 776.58, 874.11, 388.25, 388.32, 582.01, 873.03, 970.80, 583.36, 387.89, 874.03, 194.06, 971.68, 582.57, 387.88, 291.57, 484.80, 291.58, 582.04, 485.71, 291.01, 388.24, 0.00, 97.07, 97.14, 97.08, 0.00, 97.01, 97.09, 0.00, 97.12, 0.00, 0.00, 0.00, 0.00, 0.00, 0.00, 0.00, 0.00, 0.00, 0.00, 0.00, 0.00, 0.00, 0.00, 0.00, 0.00, 0.00, 0.00, 0.00, 0.00, 0.00, 0.00, 0.00, 0.00, 0.00, 0.00, 0.00, 0.00, 0.00, 0.00, 0.00, 0.00
60820.00, 50.02, 692.75, 303.45, 291.48, 485.76, 194.44, 97.36, 0.00, 97.36, 96.76, 97.20, 97.23, 292.03, 194.20, 194.72, 193.76, 194.57, 486.80, 291.42, 194.03, 194.63, 0.00, 194.88, 290.91, 388.91, 388.97, 681.31, 484.63, 487.23, 678.59, 389.30, 583.50, 582.09, 1070.83, 776.31, 875.49, 485.68, 873.75, 1167.78, 388.82, 971.77, 291.68, 680.17, 874.67, 485.53, 873.97, 583.11, 681.32, 776.62, 583.32, 291.40, 1070.00, 388.80, 485.37, 486.47, 97.06, 291.90, 291.33, 486.23, 194.21, 291.49, 97.19, 97.18, 97.24, 97.18, 97.21, 97.12, 0.00, 97.17, 0.00, 97.18, 0.00, 0.00, 0.00, 97.17, 0.00, 0.00, 0.00, 0.00, 97.21, 0.00, 0.00, 0.00, 0.00, 97.20, 0.00, 0.00, 0.00, 0.00, 0.00, 0.00, 0.00, 0.00, 0.00, 0.00, 0.00, 0.00, 0.00, 0.00, 0.00, 0.00, 0.00
60821.00, 49.94, 692.94, 291.94, 0.00, 194.63, 389.53, 97.52, 97.23, 0.00, 96.92, 292.08, 389.59, 195.01, 0.00, 195.04, 194.09, 292.34, 292.56, 681.11, 583.06, 389.91, 388.66, 292.80, 97.13, 97.39, 194.81, 194.98, 291.26, 488.04, 582.61, 292.46, 584.47, 485.88, 780.08, 680.40, 487.19, 972.98, 875.20, 779.81, 876.29, 973.39, 584.34, 583.97, 681.43, 1361.74, 778.15, 778.77, 682.45, 777.91, 584.29, 583.77, 389.74, 486.80, 388.94, 292.37, 291.68, 97.46, 291.82, 194.82, 291.81, 194.65, 0.00, 0.00, 194.81, 97.35, 0.00, 0.00, 0.00, 0.00, 0.00, 0.00, 97.30, 0.00, 0.00, 97.33, 0.00, 0.00, 0.00, 0.00, 0.00, 0.00, 0.00, 0.00, 0.00, 0.00, 0.00, 0.00, 0.00, 0.00, 0.00, 0.00, 0.00, 0.00, 0.00, 0.00, 0.00, 0.00, 0.00, 0.00, 0.00, 0.00, 0.00
