NETCARE2015/data/raw/Flight10/AIMMS_POLAR6_20150421_R1_NETCARE.ict
57, 1001
Aliabadi, Amir A.
University of Guelph
AIMMS20 - 1 Hz data from the processed output file 04211608.txt
Polar 6 NETCARE
1, 1
2015, 04, 21, 2015, 06, 26
1
TimeWave, seconds
24
1, 1, 1, 1, 1, 1, 1, 1, 1, 1, 1, 1, 1, 1, 1, 1, 1, 1, 1, 1, 1, 1, 1, 1
-9999, -9999, -9999, -9999, -9999, -9999, -9999, -9999, -9999, -9999, -9999, -9999, -9999, -9999, -9999, -9999, -9999, -9999, -9999, -9999, -9999, -9999, -9999, -9999
Time_Hr, hr UTC
Temp, deg C
RH, 0-1
BP, pa
WSN, m/s
WSE, m/s
Lat, deg
Lon, deg
Alt, m
SProbN, m/s
SProbE, m/s
SProbD, m/s
Roll, deg
Pitch, deg
Heading, deg
TAS, m/s
WSD, m/s
SideslipAngle, deg
AOA, deg
SideslipDiff, none
SysStatFlag, none
WS, m/s
WSW, m/s
WD, deg
1
Values for certain parameters near the beginning and end of the data block may be 0 as the instrument may not have been recording during these start and end timestamps
18
PI_CONTACT_INFO: Address: aliabadi@uoguelph.ca
PLATFORM: Polar 6 - sampling around the aircraft
LOCATION: Location data varies as seen in this file
ASSOCIATED_DATA: 04211608.r??
INSTRUMENT_INFO: AIMMS20, Avantech, www.aventech.com
DATA_INFO: none
UNCERTAINTY: Contact manufacturer, Aventech
ULOD_FLAG: -7777
ULOD_VALUE: N/A
LLOD_FLAG: -8888
LLOD_VALUE: N/A
DM_CONTACT_INFO: Amir A. Aliabadi; University of Guelph; aliabadi@uoguelph.ca
PROJECT_INFO: Polar 6 NETCARE Spring 2015 campaign
STIPULATIONS_ON_USE: N/A
OTHER_COMMENTS: N/A
REVISION: R1
R1: corrected for start/stop times
TimeWave,Time_Hr,Temp,RH,BP,WSN,WSE,Lat,Lon,Alt,SProbN,SProbE,SProbD,Roll,Pitch,Heading,TAS,WSD,SideslipAngle,AOA,SideslipDiff,SysStatFlag,WS,WSW,WD
[from data line 9942]
68018,18.893948,0.69,0.61750001,80526,6.77,-2.1600001,69.346619,-130.55708,1695.5,-48.82,36.650002,2.71,2.48,0.43000001,145.46001,67.790001,0.36000001,-0.27000001,1.2947299,-0.4154,0.51912999,7.1062298,-0.36000001,162.30447
68019,18.894226,0.70999998,0.61659998,80536,6.8899999,-2.3099999,69.346184,-130.55615,1693.5,-48.990002,36.490002,2.73,3.0599999,0.41,145.77,68.010002,0.36000001,-0.41,1.29547,-0.43537,0.51885998,7.2669249,-0.36000001,161.46532
68020,18.894505,0.70999998,0.61629999,80573,6.9000001,-2.52,69.345741,-130.55524,1690.5,-49.189999,36.259998,2.76,3.0999999,0.43000001,146.13,68.160004,0.41,-0.66000003,1.29638,-0.47356001,0.51875001,7.3457742,-0.41,159.93692
68021,18.894781,0.74000001,0.61500001,80580,6.9699998,-2.4100001,69.345299,-130.55431,1687.5,-49.349998,36.07,2.73,2.1099999,0.56999999,146.5,68.199997,0.33000001,-0.74000001,1.29719,-0.4851,0.51845002,7.3748899,-0.33000001,160.92627
68022,18.89506,0.75999999,0.6153,80602,6.9699998,-2.6300001,69.344856,-130.55341,1685,-49.43,35.959999,2.46,1.53,0.81,146.66,68.349998,0.2,-0.98000002,1.28636,-0.53785002,0.52529001,7.4496846,-0.2,159.32693
68023,18.895336,0.77999997,0.61339998,80647,6.9099998,-2.54,69.344414,-130.55249,1683,-49.419998,35.93,2.21,1.29,0.94,146.59,68.260002,0.34999999,-0.86000001,1.28414,-0.52282,0.52630001,7.3620443,-0.34999999,159.81741
68024,18.895615,0.80000001,0.61260003,80649,7.04,-2.5899999,69.343971,-130.55157,1680.5,-49.41,35.880001,2.1500001,1.5599999,0.83999997,146.32001,68.400002,0.31999999,-0.51999998,1.29959,-0.44782999,0.51664001,7.5013132,-0.31999999,159.80154
68025,18.895893,0.81,0.61140001,80691,6.9000001,-2.7,69.343529,-130.55067,1678.5,-49.389999,35.849998,2.3299999,1.62,0.67000002,146.06,68.269997,0.5,-0.41,1.31187,-0.41194999,0.50928998,7.4094534,-0.5,158.62938
68026,18.89617,0.82999998,0.6103,80709,6.7800002,-2.75,69.343086,-130.54976,1676,-49.360001,35.830002,2.4100001,1.4299999,0.69999999,145.96001,68.160004,0.47999999,-0.40000001,1.3120199,-0.41027999,0.50919002,7.3164816,-0.47999999,157.92229
68027,18.896448,0.83999997,0.61089998,80712,7.1300001,-2.98,69.342644,-130.54884,1674,-49.290001,35.869999,2.3099999,1.03,0.85000002,146.00999,68.5,0.44999999,-0.51999998,1.298,-0.44924,0.51754999,7.7276969,-0.44999999,157.3174
68028,18.896725,0.86000001,0.61040002,80734,7.1300001,-2.8,69.342201,-130.54794,1671,-49.200001,35.91,2.23,0.87,0.92000002,146.08,68.370003,0.44999999,-0.54000002,1.29532,-0.45627001,0.51915002,7.6600847,-0.44999999,158.55972
68029,18.897003,0.87,0.60869998,80744,7.2600002,-3.28,69.341759,-130.54703,1669,-49.119999,35.919998,2.1700001,1.12,0.94999999,146.03999,68.720001,0.44,-0.81,1.29654,-0.4964,0.51897001,7.9665551,-0.44,155.687
68030,18.897282,0.89999998,0.60729998,80783,6.9899998,-2.8499999,69.341316,-130.54611,1667,-49.07,35.880001,2.1400001,1.63,0.87,145.91,68.190002,0.40000001,-0.47999999,1.30269,-0.43579,0.51475,7.5486817,-0.40000001,157.81804
68031,18.897558,0.92000002,0.60829997,80804,7.1399999,-2.9100001,69.340881,-130.54521,1665,-49.080002,35.810001,2.4400001,2.04,0.47999999,145.78,68.300003,0.46000001,-0.25,1.3161401,-0.38179001,0.50660002,7.7102332,-0.46000001,157.826
68032,18.897837,0.92000002,0.60720003,80822,7.1399999,-3.1199999,69.340439,-130.5443,1662.5,-49.119999,35.759998,2.7,1.88,0.44,145.78999,68.410004,0.40000001,-0.34999999,1.30593,-0.41215,0.51267999,7.7919188,-0.40000001,156.39589
68033,18.898113,0.94,0.60619998,80861,7.1799998,-2.9000001,69.339996,-130.5434,1660,-49.119999,35.740002,2.55,1.54,0.72000003,145.96001,68.300003,0.44999999,-0.34999999,1.29513,-0.42761001,0.51899999,7.7435393,-0.44999999,158.00623
68034,18.898392,0.95999998,0.60659999,80869,7.29,-3.24,69.339561,-130.5425,1657,-49.110001,35.700001,2.29,1.48,0.88,146.08,68.550003,0.38,-0.63999999,1.29336,-0.47497001,0.52047998,7.9775748,-0.38,156.03751
68035,18.89867,0.97000003,0.60659999,80903,7.3000002,-3.1500001,69.339119,-130.54158,1655,-49.09,35.639999,2.25,1.76,0.82999998,146.06,68.459999,0.63999999,-0.50999999,1.31039,-0.43063,0.51032001,7.9506292,-0.63999999,156.65947
68036,18.898947,0.98000002,0.60689998,80911,7.3200002,-3.3599999,69.338676,-130.54068,1653,-49.110001,35.529999,2.3,1.98,0.76999998,145.97,68.57,0.44999999,-0.46000001,1.30556,-0.42945001,0.51305002,8.0543156,-0.44999999,155.3441
68037,18.899225,1,0.60549998,80941,7.4099998,-3.1199999,69.338226,-130.53978,1651,-49.099998,35.48,2.3,1.52,0.56,145.92,68.480003,0.25,-0.2,1.31341,-0.37645,0.50814003,8.0400562,-0.25,157.16635
68038,18.899502,1.02,0.60500002,80951,7.3899999,-3.3099999,69.337799,-130.53888,1648,-49.080002,35.5,2.72,1.48,0.14,146.02,68.540001,0.49000001,-0.46000001,1.3297499,-0.39493999,0.49895,8.0974188,-0.49000001,155.87227
68039,18.89978,1.03,0.60579997,80975,7.4000001,-3.3800001,69.337357,-130.53798,1645,-49.139999,35.5,3.0799999,1.5599999,-0.079999998,146.17,68.660004,0.51999998,-0.62,1.3208801,-0.43226999,0.50441003,8.1353798,-0.51999998,155.45113
68040,18.900059,1.05,0.60570002,81014,7.1500001,-3.3399999,69.336906,-130.53708,1642,-49.240002,35.48,3.2,1.63,-0.059999999,146.07001,68.559998,0.38999999,-0.55000001,1.31285,-0.4325,0.50895,7.8916473,-0.38999999,154.96118
68041,18.900335,1.0700001,0.60540003,81048,7.25,-3.3599999,69.336472,-130.53618,1639,-49.259998,35.549999,2.97,0.97000003,0.37,145.91,68.68,0.38999999,-0.41,1.29583,-0.43549001,0.51866001,7.9907508,-0.38999999,155.13472
68042,18.900614,1.08,0.60579997,81085,7.3499999,-3.4000001,69.336029,-130.53528,1636.5,-49.189999,35.68,2.6099999,0.52999997,0.54000002,145.83,68.779999,0.38999999,-0.46000001,1.3007801,-0.43610001,0.51583999,8.0983019,-0.38999999,155.17545
68043,18.90089,1.1,0.60579997,81101,7.3600001,-3.4400001,69.335587,-130.53438,1634,-49.099998,35.799999,2.6199999,0.75,0.28999999,145.78,68.800003,0.51999998,-0.55000001,1.32206,-0.41942,0.50358999,8.1242352,-0.51999998,154.94902
68044,18.901169,1.12,0.60680002,81148,7.3200002,-3.3399999,69.335152,-130.53346,1631,-49.049999,35.880001,2.6800001,0.76999998,0.28,145.67999,68.730003,0.43000001,-0.49000001,1.32385,-0.40705001,0.50243002,8.0459929,-0.43000001,155.47354
68045,18.901447,1.13,0.60540003,81148,7.52,-3.47,69.334709,-130.53255,1628.5,-49,35.959999,2.72,0.91000003,0.37,145.60001,68.989998,0.33000001,-0.46000001,1.30638,-0.42835999,0.51257002,8.2819862,-0.33000001,155.22969
68046,18.901724,1.15,0.60619998,81201,7.54,-3.4300001,69.334267,-130.53165,1626,-48.91,36.040001,2.3199999,0.69,0.79000002,145.52,68.910004,0.41999999,-0.44999999,1.3016599,-0.43314001,0.51530999,8.2835073,-0.41999999,155.53886
68047,18.902002,1.1799999,0.60530001,81222,7.4499998,-3.3800001,69.333832,-130.53072,1624,-48.779999,36.09,1.96,0.88,1.03,145.39999,68.739998,0.40000001,-0.43000001,1.30691,-0.42208999,0.51221001,8.1808863,-0.40000001,155.59662
68048,18.902279,1.1900001,0.60659999,81255,7.5500002,-3.4000001,69.333397,-130.52982,1622,-48.650002,36.099998,1.75,0.94999999,1.03,145.33,68.709999,0.51999998,-0.38999999,1.3209701,-0.39677,0.50396001,8.2802477,-0.51999998,155.75648
68049,18.902557,1.21,0.60530001,81238,7.6500001,-3.3499999,69.332962,-130.52888,1620,-48.5,36.130001,2.1099999,0.95999998,0.50999999,145.32001,68.660004,0.50999999,-0.40000001,1.33737,-0.37421,0.49439999,8.351347,-0.50999999,156.35098
68050,18.902836,1.22,0.60579997,81242,7.8299999,-3.4300001,69.332527,-130.52798,1618,-48.450001,36.169998,2.52,1.04,0.25999999,145.34,68.839996,0.33000001,-0.43000001,1.3214099,-0.40215001,0.50375998,8.5483217,-0.33000001,156.34375
68051,18.903112,1.24,0.60579997,81272,7.6599998,-3.3699999,69.332092,-130.52705,1615,-48.450001,36.209999,2.79,1.11,0.01,145.31,68.730003,0.34999999,-0.47,1.3252701,-0.40257001,0.50156999,8.3685417,-0.34999999,156.25301
68052,18.903391,1.25,0.60570002,81298,7.8099999,-3.4300001,69.331657,-130.52614,1613,-48.450001,36.299999,3.0999999,1.09,-0.20999999,145.2,68.93,0.33000001,-0.38999999,1.3217,-0.39438,0.50352001,8.5300055,-0.33000001,156.28986
68053,18.903667,1.28,0.60589999,81324,7.6900001,-3.3199999,69.331223,-130.52522,1609,-48.490002,36.400002,3.1800001,1.17,-0.23,145.16,68.860001,0.31,-0.38,1.31628,-0.40188,0.50668001,8.3760672,-0.31,156.64871
68054,18.903946,1.3,0.60600001,81395,7.5599999,-3.3099999,69.330788,-130.52431,1606,-48.529999,36.5,3.05,1.02,-0.050000001,145.21001,68.830002,0.25999999,-0.52999997,1.31718,-0.42333999,0.50638998,8.2528601,-0.25999999,156.35472
68055,18.904224,1.3200001,0.60610002,81417,7.5599999,-3.3199999,69.330353,-130.52338,1603.5,-48.540001,36.599998,2.9400001,0.69,-0.029999999,145.27,68.900002,0.37,-0.67000002,1.32384,-0.43617001,0.50281,8.256876,-0.37,156.29115
68056,18.904501,1.33,0.60640001,81425,7.73,-3.3199999,69.329918,-130.52245,1600.5,-48.52,36.700001,2.78,0.72000003,0.12,145.23,69.099998,0.27000001,-0.63,1.31062,-0.44819999,0.5104,8.4128056,-0.27000001,156.7567
68057,18.904779,1.35,0.60589999,81447,7.8699999,-3.29,69.329483,-130.52151,1598,-48.509998,36.759998,2.5799999,1.13,0.28,145.02,69.239998,0.34999999,-0.37,1.31555,-0.40006,0.50708002,8.5300055,-0.34999999,157.31296
68058,18.905056,1.38,0.60579997,81500,7.4699998,-3.28,69.329048,-130.52058,1595,-48.470001,36.799999,2.3699999,1.1799999,0.44999999,144.88,68.860001,0.25999999,-0.46000001,1.31817,-0.41044,0.50568998,8.1583881,-0.25999999,156.29422
68059,18.905334,1.39,0.60600001,81499,8.0500002,-3.5599999,69.328613,-130.51965,1593,-48.380001,36.860001,2.0599999,0.88,0.68000001,144.98,69.400002,0.11,-0.56,1.3077,-0.44236001,0.51196998,8.8020506,-0.11,156.14326
68060,18.905611,1.41,0.6063,81513,8.0200005,-3.3399999,69.328178,-130.51871,1591,-48.279999,36.880001,1.9,0.94,0.64999998,145.13,69.190002,0.19,-0.63999999,1.3179899,-0.44,0.50613999,8.6876926,-0.19,157.39029
68061,18.90589,1.4299999,0.60600001,81525,8.1199999,-3.4400001,69.327751,-130.51778,1589,-48.25,36.830002,2.02,1.22,0.5,145.22,69.32,0.14,-0.70999998,1.32385,-0.44200999,0.50288999,8.8186169,-0.14,157.04028
68062,18.906168,1.46,0.60409999,81556,7.71,-3.4100001,69.327316,-130.51685,1587,-48.220001,36.779999,2.0999999,1.4,0.54000002,145.03,68.93,0.17,-0.67000002,1.31969,-0.44249001,0.50523001,8.4304333,-0.17,156.14102
68063,18.906445,1.49,0.60399997,81606,7.6599998,-3.3800001,69.326881,-130.51591,1585,-48.189999,36.75,2.0599999,1.4400001,0.60000002,144.82001,68.830002,0.28999999,-0.47,1.32145,-0.40724999,0.50379002,8.3725739,-0.28999999,156.19037
68064,18.906723,1.5,0.6049,81624,7.6300001,-3.3499999,69.326447,-130.51498,1583,-48.139999,36.75,2.03,1.34,0.56,144.78,68.699997,0.23,-0.44999999,1.32154,-0.40483999,0.50370997,8.3330307,-0.23,156.29582
68065,18.907,1.5,0.60430002,81620,7.9099998,-3.45,69.326019,-130.51405,1581,-48.099998,36.75,2.05,1.37,0.49000001,144.92,68.93,0.039999999,-0.54000002,1.3166699,-0.42522001,0.50669998,8.6296349,-0.039999999,156.43526
68066,18.907278,1.52,0.60390002,81668,7.9400001,-3.3699999,69.325592,-130.51311,1579,-48.07,36.720001,2.1099999,1.48,0.46000001,145.09,68.900002,0.050000001,-0.63,1.31473,-0.44192001,0.50801003,8.6255722,-0.050000001,157.00201
68067,18.907557,1.54,0.60390002,81651,8.0299997,-3.3499999,69.325157,-130.51218,1577,-48.09,36.669998,2.1199999,1.61,0.41999999,145.19,68.949997,0.01,-0.62,1.31214,-0.44485,0.50950003,8.7007694,-0.01,157.35481
68068,18.907833,1.5599999,0.6038,81695,7.9299998,-3.0699999,69.32473,-130.51126,1575,-48.110001,36.610001,2.1900001,1.87,0.43000001,145.17999,68.68,0.17,-0.41999999,1.31554,-0.40781,0.50716001,8.5035172,-0.17,158.83672
68069,18.908112,1.58,0.60350001,81752,7.8699999,-3.1900001,69.324303,-130.51033,1573,-48.150002,36.52,2.0799999,2.04,0.47,145.21001,68.68,0.090000004,-0.47,1.31336,-0.41914999,0.50850999,8.4919376,-0.090000004,157.93549
68070,18.908388,1.61,0.6031,81762,7.7399998,-3.02,69.32386,-130.50941,1571,-48.189999,36.43,2.21,2.2,0.34,145.28999,68.449997,0.15000001,-0.41,1.32406,-0.39441001,0.50217003,8.3083086,-0.15000001,158.68523
68071,18.908667,1.61,0.60339999,81781,7.9299998,-3.0899999,69.323433,-130.50848,1568.5,-48.259998,36.34,2.3900001,2.22,0.20999999,145.47,68.629997,0.14,-0.44,1.3225,-0.40206999,0.50313997,8.5107574,-0.14,158.71115
68072,18.908945,1.64,0.60420001,81840,7.77,-2.8900001,69.322998,-130.50757,1566,-48.34,36.220001,2.51,2.3800001,0.15000001,145.71001,68.410004,0.19,-0.5,1.3202,-0.41466999,0.50458002,8.2900543,-0.19,159.59764
68073,18.909222,1.64,0.60390002,81841,7.9099998,-2.8299999,69.322563,-130.50665,1563.5,-48.470001,36.080002,2.5699999,2.6500001,0.12,145.95,68.510002,0.12,-0.47,1.31592,-0.41531,0.50702,8.4010115,-0.12,160.31406
68074,18.9095,1.67,0.6038,81884,7.8099999,-2.9100001,69.322128,-130.50574,1561,-48.630001,35.900002,2.5999999,2.8099999,0.18000001,146.13,68.519997,0.13,-0.52999997,1.3125499,-0.43040001,0.50909001,8.3345184,-0.13,159.56465
68075,18.909777,1.6799999,0.60399997,81897,7.96,-2.9100001,69.321693,-130.50484,1558.5,-48.759998,35.73,2.4300001,2.7,0.37,146.24001,68.660004,0.059999999,-0.38999999,1.30617,-0.41771001,0.5126,8.4752407,-0.059999999,159.9187
68076,18.910055,1.71,0.60360003,81927,7.8400002,-2.9100001,69.321251,-130.50392,1556.5,-48.869999,35.560001,2.26,2.6600001,0.44999999,146.38,68.540001,0.20999999,-0.43000001,1.31612,-0.4086,0.50682998,8.3626375,-0.20999999,159.63641
68077,18.910334,1.72,0.60350001,81953,8.21,-3.0899999,69.320824,-130.50302,1554,-48.939999,35.41,2.21,2.3800001,0.44,146.57001,68.889999,0.050000001,-0.44,1.31303,-0.41532999,0.50866002,8.7722406,-0.050000001,159.37515
68078,18.91061,1.75,0.6031,81963,8,-2.97,69.320381,-130.50214,1552,-48.990002,35.299999,2.3099999,1.86,0.36000001,146.88,68.620003,0.16,-0.69,1.32285,-0.4402,0.50342,8.5335159,-0.16,159.63255
68079,18.910889,1.77,0.60280001,82014,7.8299999,-2.8099999,69.319939,-130.50124,1549.5,-49,35.25,2.3699999,0.94999999,0.38,147.12,68.400002,0.23,-0.89999998,1.32306,-0.47301,0.50384003,8.3189545,-0.23,160.25815
68080,18.911165,1.79,0.60259998,82017,7.8600001,-2.8099999,69.319504,-130.50034,1547,-48.950001,35.299999,2.3499999,0.51999998,0.38999999,147.10001,68.480003,0.23,-0.93000001,1.31831,-0.48449001,0.50667,8.3471975,-0.23,160.32771
68081,18.911444,1.8,0.6031,82020,7.9499998,-2.8800001,69.319061,-130.49945,1545,-48.889999,35.360001,2.4100001,0.54000002,0.31999999,146.75999,68.629997,0.19,-0.67000002,1.31785,-0.44514999,0.50629997,8.4555836,-0.19,160.08636
68082,18.911722,1.8099999,0.60280001,82058,7.9099998,-2.97,69.318619,-130.49855,1542.5,-48.799999,35.490002,2.52,0.60000002,0.23999999,146.28,68.620003,0.090000004,-0.40000001,1.3139499,-0.40827,0.50806999,8.4492006,-0.090000004,159.42015
68083,18.911999,1.83,0.60369998,82080,7.7800002,-2.95,69.318176,-130.49765,1540,-48.709999,35.650002,2.6900001,0.61000001,0.15000001,145.97,68.489998,0.27000001,-0.28999999,1.3152601,-0.38841999,0.50714999,8.3205109,-0.27000001,159.23441
68084,18.912277,1.84,0.60299999,82158,7.4899998,-2.95,69.317749,-130.49675,1537,-48.650002,35.779999,2.8800001,0.87,0.050000001,145.88,68.260002,0.51999998,-0.44999999,1.32152,-0.40535,0.50373,8.0500059,-0.51999998,158.50258
68085,18.912554,1.85,0.60390002,82159,7.5700002,-3.1099999,69.317307,-130.49583,1534,-48.66,35.849998,3,1.36,0.01,145.87,68.449997,0.56,-0.54000002,1.31874,-0.42333999,0.50550997,8.1839476,-0.56,157.66556
68086,18.912832,1.86,0.60369998,82209,7.6399999,-3.1900001,69.316879,-130.49493,1531,-48.709999,35.849998,3.0699999,1.65,0.01,145.86,68.599998,0.44999999,-0.50999999,1.3144799,-0.42445001,0.50792998,8.279233,-0.44999999,157.33754
68087,18.913111,1.87,0.60500002,82217,7.6100001,-3.25,69.316437,-130.49402,1528,-48.759998,35.849998,3.05,1.58,0.050000001,145.74001,68.68,0.47999999,-0.41999999,1.31512,-0.40935999,0.50740999,8.2749386,-0.47999999,156.87415
68088,18.913387,1.88,0.60350001,82263,7.6399999,-3.24,69.316002,-130.49312,1525,-48.799999,35.880001,2.98,1.46,0.059999999,145.66,68.709999,0.47,-0.34,1.3172899,-0.39317,0.50602001,8.2986259,-0.47,157.01898
