NETCARE2015/data/raw/Flight10/AIMMS_POLAR6_20150421_R1_NETCARE.ict
57, 1001
Aliabadi, Amir A.
University of Guelph
AIMMS20 - 1 Hz data from the processed output file 04211608.txt
Polar 6 NETCARE
1, 1
2015, 04, 21, 2015, 06, 26
1
TimeWave, seconds
24
1, 1, 1, 1, 1, 1, 1, 1, 1, 1, 1, 1, 1, 1, 1, 1, 1, 1, 1, 1, 1, 1, 1, 1
-9999, -9999, -9999, -9999, -9999, -9999, -9999, -9999, -9999, -9999, -9999, -9999, -9999, -9999, -9999, -9999, -9999, -9999, -9999, -9999, -9999, -9999, -9999, -9999
Time_Hr, hr UTC
Temp, deg C
RH, 0-1
BP, pa
WSN, m/s
WSE, m/s
Lat, deg
Lon, deg
Alt, m
SProbN, m/s
SProbE, m/s
SProbD, m/s
Roll, deg
Pitch, deg
Heading, deg
TAS, m/s
WSD, m/s
SideslipAngle, deg
AOA, deg
SideslipDiff, none
SysStatFlag, none
WS, m/s
WSW, m/s
WD, deg
1
Values for certain parameters near the beginning and end of the data block may be 0 as the instrument may not have been recording during these start and end timestamps
18
PI_CONTACT_INFO: Address: aliabadi@uoguelph.ca
PLATFORM: Polar 6 - sampling around the aircraft
LOCATION: Location data varies as seen in this file
ASSOCIATED_DATA: 04211608.r??
INSTRUMENT_INFO: AIMMS20, Avantech, www.aventech.com
DATA_INFO: none
UNCERTAINTY: Contact manufacturer, Aventech
ULOD_FLAG: -7777
ULOD_VALUE: N/A
LLOD_FLAG: -8888
LLOD_VALUE: N/A
DM_CONTACT_INFO: Amir A. Aliabadi; University of Guelph; aliabadi@uoguelph.ca
PROJECT_INFO: Polar 6 NETCARE Spring 2015 campaign
STIPULATIONS_ON_USE: N/A
OTHER_COMMENTS: N/A
REVISION: R1
R1: corrected for start/stop times
TimeWave,Time_Hr,Temp,RH,BP,WSN,WSE,Lat,Lon,Alt,SProbN,SProbE,SProbD,Roll,Pitch,Heading,TAS,WSD,SideslipAngle,AOA,SideslipDiff,SysStatFlag,WS,WSW,WD
[from data line 1166]
59242,16.45602,5.0500002,0.67949998,87812,3.3299999,-3.51,68.987152,-133.42818,920,84.860001,22.42,0.51999998,0.85000002,0.090000004,17.959999,85.550003,-0.37,-0.31,1.42233,-0.23812,0.44481999,4.838285,0.37,133.49257
59243,16.456299,5.0500002,0.67930001,87811,3.4000001,-3.5999999,68.987907,-133.4276,919.5,85,22.459999,0.70999998,0.89999998,-0.029999999,17.940001,85.690002,-0.37,-0.22,1.42056,-0.22593001,0.4456,4.9517674,0.37,133.36342
59244,16.456575,5.02,0.6778,87799,3.29,-3.6500001,68.98867,-133.42703,919,85.18,22.48,0.83999997,0.88999999,-0.090000004,17.91,85.989998,-0.38,-0.2,1.41803,-0.22672001,0.44703001,4.913919,0.38,132.03055
59245,16.456854,5,0.67739999,87770,2.98,-3.8199999,68.989441,-133.42648,918,85.339996,22.549999,0.99000001,1.0599999,-0.16,17.959999,86.5,-0.41999999,-0.19,1.4139301,-0.23112001,0.44940999,4.8448734,0.41999999,127.95796
59246,16.45713,4.98,0.68150002,87729,2.6300001,-4.0500002,68.990196,-133.4259,917,85.510002,22.629999,1.02,1.15,-0.22,17.969999,87.07,-0.72000003,-0.11,1.4042799,-0.23225001,0.45491999,4.8290167,0.72000003,122.999
59247,16.457409,4.9899998,0.67970002,87744,2.6700001,-4.0300002,68.990967,-133.42535,916,85.669998,22.719999,1.04,1.16,-0.30000001,17.98,87.230003,-0.82999998,-0.090000004,1.40499,-0.22896001,0.45449999,4.8342323,0.82999998,123.52571
59248,16.457687,4.9899998,0.67940003,87720,2.6700001,-4.0799999,68.991737,-133.42477,915,85.849998,22.799999,1.0599999,1.13,-0.38,18.01,87.43,-1.01,-0.079999998,1.4044,-0.22717001,0.45482999,4.8759923,1.01,123.20121
59249,16.457964,5,0.67799997,87744,2.73,-4.04,68.992508,-133.42419,914,86.029999,22.9,1.12,1.13,-0.40000001,18.049999,87.57,-0.92000002,-0.12,1.404,-0.23393001,0.45508999,4.8759103,0.92000002,124.04857
59250,16.458242,4.9899998,0.6821,87751,2.8099999,-3.99,68.993279,-133.42361,913,86.190002,22.99,1,1.0599999,-0.31999999,18.040001,87.669998,-0.99000001,-0.090000004,1.40259,-0.23169,0.45590001,4.8801842,0.99000001,125.15553
59251,16.458519,4.98,0.68110001,87739,2.6400001,-4.0300002,68.994049,-133.42305,912,86.370003,23.040001,0.95999998,0.94999999,-0.38999999,17.969999,88.040001,-1.12,-0.029999999,1.40422,-0.22079,0.4549,4.817728,1.12,123.22828
59252,16.458797,4.9699998,0.68059999,87719,2.5699999,-4.04,68.994827,-133.42249,911,86.540001,23.08,0.95999998,0.87,-0.38999999,18.01,88.25,-1.1799999,-0.090000004,1.402,-0.23293,0.45624,4.7881622,1.1799999,122.46201
59253,16.459074,4.96,0.68120003,87723,2.5999999,-3.99,68.995598,-133.42191,911,86.699997,23.139999,0.79000002,0.99000001,-0.27000001,18.110001,88.379997,-1.17,-0.20999999,1.39949,-0.25501001,0.45785999,4.762363,1.17,123.08943
59254,16.459352,4.9400001,0.68279999,87713,2.53,-3.9300001,68.996384,-133.42131,910,86.839996,23.27,0.69999999,1.17,-0.25999999,18.120001,88.660004,-1.1900001,-0.22,1.40277,-0.25174999,0.45596001,4.6739492,1.1900001,122.77205
59255,16.459631,4.9299998,0.68349999,87722,2.5799999,-3.8,68.997162,-133.42073,909,86.989998,23.379999,0.58999997,1.21,-0.19,17.99,88.699997,-1.1799999,-0.13,1.40552,-0.23348001,0.45422,4.5930815,1.1799999,124.17444
59256,16.459908,4.9000001,0.68370003,87694,2.26,-3.9000001,68.99794,-133.42014,909,87.120003,23.440001,0.46000001,1.1,-0.090000004,17.959999,89.139999,-1.23,-0.079999998,1.40347,-0.22858,0.45537001,4.5075049,1.23,120.09174
59257,16.460186,4.8899999,0.68409997,87696,2.27,-3.9300001,68.998718,-133.41956,909,87.220001,23.5,0.36000001,1.0700001,-0.02,18.030001,89.260002,-1.1799999,-0.11,1.40387,-0.23286,0.45515999,4.5384798,1.1799999,120.01108
59258,16.460463,4.8899999,0.68669999,87697,2.3599999,-3.8800001,68.999496,-133.41898,908,87.309998,23.549999,0.25,1.01,0.07,18.030001,89.269997,-1.1,-0.11,1.40455,-0.23235001,0.45477,4.5413656,1.1,121.30995
59259,16.460741,4.8899999,0.68629998,87681,2.3399999,-3.8699999,69.000282,-133.41837,908,87.389999,23.6,0.20999999,0.94999999,0.01,18.040001,89.370003,-1.16,-0.13,1.41,-0.22777,0.45161,4.5224438,1.16,121.1593
59260,16.46102,4.8699999,0.68589997,87672,2.24,-3.8699999,69.001068,-133.41779,908,87.470001,23.65,0.30000001,0.89999998,-0.029999999,18.08,89.599998,-1.13,-0.17,1.40885,-0.23558,0.45234001,4.4715209,1.13,120.06274
59261,16.461296,4.8800001,0.68559998,87679,2.26,-3.8099999,69.001846,-133.41719,908,87.550003,23.67,0.22,0.75,0,17.91,89.650002,-1.24,-0.029999999,1.40852,-0.21448,0.45238,4.4298644,1.24,120.67539
59262,16.461575,4.8699999,0.68959999,87663,2.03,-3.9100001,69.00264,-133.4166,908,87.650002,23.59,0.14,0.52999997,0.039999999,17.889999,89.919998,-1.17,-0.07,1.40684,-0.22237,0.45339,4.4055648,1.17,117.43751
59263,16.461851,4.8600001,0.68940002,87660,2,-3.9300001,69.003418,-133.41602,908,87.720001,23.57,-0.01,0.64999998,0.14,18.07,90.029999,-1.24,-0.27000001,1.40487,-0.25712001,0.45484,4.4096375,1.24,116.97181
59264,16.46213,4.8499999,0.68779999,87655,1.99,-3.97,69.004211,-133.41541,908,87.75,23.65,-0.17,0.82999998,0.20999999,18.059999,90.129997,-1.28,-0.2,1.40546,-0.24439999,0.45434999,4.4408331,1.28,116.62275
59265,16.462408,4.8499999,0.68870002,87665,2.0599999,-3.71,69.00499,-133.41483,908,87.769997,23.65,-0.33000001,0.88,0.30000001,17.799999,90.010002,-1.24,-0.079999998,1.40957,-0.22024,0.45179999,4.2435479,1.24,119.04149
59266,16.462685,4.8400002,0.6911,87664,2.0599999,-3.6199999,69.005783,-133.41423,909,87.790001,23.6,-0.38,0.64999998,0.38,17.58,89.980003,-1.09,0.039999999,1.41354,-0.19524001,0.44942999,4.1650929,1.09,119.64251
59267,16.462963,4.8299999,0.69080001,87642,1.85,-3.8900001,69.006569,-133.41364,909,87.830002,23.48,-0.44,0.37,0.44,17.700001,90.190002,-1.0700001,-0.029999999,1.40994,-0.21213999,0.45155001,4.3075051,1.0700001,115.43475
59268,16.46324,4.8299999,0.68980002,87634,2.0599999,-3.8900001,69.007347,-133.41306,910,87.830002,23.440001,-0.44999999,0.40000001,0.46000001,17.84,90.029999,-1.1,-0.16,1.41129,-0.23006999,0.45089999,4.4017839,1.1,117.90404
59269,16.463518,4.8499999,0.6882,87639,2.1199999,-3.95,69.008141,-133.41246,910,87.849998,23.35,-0.43000001,0.34,0.46000001,17.67,90,-0.93000001,0,1.41223,-0.20388,0.45019999,4.4829564,0.93000001,118.22285
59270,16.463797,4.8699999,0.69050002,87619,2.0899999,-4.1900001,69.008926,-133.41187,911,87.889999,23.200001,-0.43000001,0.16,0.44,17.66,90.07,-1.11,0.039999999,1.41004,-0.20046,0.45146999,4.6823287,1.11,116.51032
59271,16.464073,4.8899999,0.68870002,87630,2.1199999,-4.1500001,69.00972,-133.41129,911,87.919998,23.07,-0.43000001,0.079999998,0.38999999,17.74,90,-1.09,-0.14,1.41224,-0.22573,0.45030999,4.6601396,1.09,117.05991
59272,16.464352,4.9000001,0.6882,87620,2.1300001,-4.1199999,69.010513,-133.41072,912,87.949997,22.969999,-0.47,0.19,0.41,17.68,90.019997,-1.1799999,-0.16,1.4094599,-0.23259,0.45196,4.6380277,1.1799999,117.33852
59273,16.464628,4.9000001,0.6868,87618,2.1600001,-4.1399999,69.011292,-133.41014,912,87.980003,22.879999,-0.51999998,0.33000001,0.41999999,17.52,90.019997,-1.22,-0.039999999,1.40952,-0.21408001,0.45179999,4.6696038,1.22,117.55281
59274,16.464907,4.9200001,0.68910003,87621,2.2,-4.0599999,69.012077,-133.40958,913,88.019997,22.780001,-0.51999998,0.31,0.38,17.41,89.940002,-1.25,-0.039999999,1.4112099,-0.21152,0.45082,4.6177483,1.25,118.45202
59275,16.465185,4.9200001,0.68589997,87611,2.22,-4.04,69.012871,-133.409,913,88.050003,22.67,-0.46000001,0.31,0.34,17.41,89.889999,-1.16,-0.12,1.41295,-0.22107001,0.44986999,4.6097722,1.16,118.78902
59276,16.465462,4.9200001,0.68589997,87597,2.2,-4.0700002,69.013657,-133.40843,914,88.080002,22.610001,-0.43000001,0.40000001,0.31,17.41,89.959999,-1.28,-0.14,1.41184,-0.22677,0.45054999,4.626543,1.28,118.39302
59277,16.46574,4.9200001,0.68489999,87586,2.0699999,-4.0799999,69.01445,-133.40787,914,88.110001,22.559999,-0.38,0.47999999,0.27000001,17.299999,90.110001,-1.27,-0.090000004,1.41085,-0.22028001,0.45107001,4.5750737,1.27,116.90109
59278,16.466017,4.9200001,0.68709999,87583,2.05,-4.0700002,69.015244,-133.4073,915,88.150002,22.48,-0.38,0.44,0.22,17.17,90.129997,-1.35,-0.02,1.41142,-0.20818,0.45067999,4.5571265,1.35,116.73373
59279,16.466295,4.9200001,0.68529999,87566,2.0699999,-4.0599999,69.016029,-133.40674,915,88.209999,22.4,-0.34,0.38,0.18000001,17.110001,90.110001,-1.4,-0.029999999,1.41102,-0.21026,0.45091999,4.5572467,1.4,117.01486
59280,16.466574,4.9200001,0.68430001,87575,2.1400001,-3.9400001,69.016823,-133.40617,916,88.269997,22.34,-0.33000001,0.37,0.14,17.1,90.059998,-1.4,-0.13,1.4114701,-0.22475,0.45074001,4.4836593,1.4,118.50848
59281,16.46685,4.9200001,0.68370003,87566,2.1500001,-3.78,69.017609,-133.40561,916,88.32,22.299999,-0.31999999,0.41,0.1,17,90.059998,-1.4299999,-0.16,1.41285,-0.22782999,0.44997999,4.3486667,1.4299999,119.63049
59282,16.467129,4.9000001,0.68580002,87561,2.0899999,-3.75,69.018402,-133.40504,917,88.379997,22.219999,-0.34999999,0.28999999,0.12,16.82,90.129997,-1.51,-0.07,1.41083,-0.21625,0.45105001,4.2930875,1.51,119.13238
59283,16.467405,4.8800001,0.6864,87564,2.1199999,-3.5599999,69.019203,-133.4045,917,88.449997,22.120001,-0.31999999,0.15000001,0.050000001,16.73,90.110001,-1.49,-0.16,1.41549,-0.22464,0.44845,4.1434283,1.49,120.77403
59284,16.467684,4.8499999,0.68599999,87552,1.99,-3.5899999,69.019989,-133.40395,917,88.540001,22.02,-0.27000001,0.01,0.01,16.6,90.290001,-1.52,-0.11,1.41573,-0.21607,0.44823,4.1046557,1.52,119.00037
59285,16.467962,4.8299999,0.68629998,87526,1.98,-3.53,69.020782,-133.4034,917.5,88.620003,21.889999,-0.23999999,-0.02,0,16.52,90.290001,-1.49,-0.17,1.41422,-0.22702,0.44918999,4.0473819,1.49,119.28835
59286,16.468239,4.8099999,0.68879998,87526,1.96,-3.5,69.021584,-133.40285,918,88.699997,21.799999,-0.17,0.059999999,-0.02,16.450001,90.379997,-1.4400001,-0.19,1.41484,-0.22973,0.44887999,4.0114336,1.4400001,119.24883
59287,16.468517,4.8000002,0.68879998,87535,1.96,-3.4200001,69.022369,-133.4023,918,88.779999,21.719999,-0.16,0.11,-0.059999999,16.34,90.410004,-1.49,-0.18000001,1.41549,-0.22795001,0.44848001,3.9418271,1.49,119.81699
59288,16.468794,4.79,0.68800002,87516,2.0599999,-3.3699999,69.02317,-133.40175,918,88.879997,21.610001,-0.050000001,0.11,-0.17,16.190001,90.370003,-1.4,-0.13,1.42276,-0.20935,0.44416001,3.9497466,1.4,121.43644
59289,16.469072,4.79,0.6882,87524,2.0699999,-3.3900001,69.023956,-133.40121,918,88.980003,21.49,0.18000001,0.01,-0.28999999,16.129999,90.400002,-1.28,-0.15000001,1.42557,-0.20801,0.44255,3.9720273,1.28,121.40905
59290,16.469349,4.7800002,0.69129997,87535,2.27,-3.3599999,69.024757,-133.40067,918,89.099998,21.379999,0.33000001,-0.01,-0.34999999,16.120001,90.330002,-1.23,-0.20999999,1.42558,-0.21828,0.44268,4.054935,1.23,124.04277
59291,16.469627,4.7600002,0.69059998,87521,2.0899999,-3.4400001,69.025558,-133.40015,918,89.230003,21.290001,0.37,-0.039999999,-0.38,16.030001,90.599998,-1.36,-0.19,1.42075,-0.2209,0.44543001,4.0251336,1.36,121.28111
59292,16.469906,4.7600002,0.69019997,87516,2.0699999,-3.46,69.02636,-133.3996,918,89.360001,21.17,0.41999999,-0.050000001,-0.37,15.89,90.720001,-1.28,-0.13,1.4189,-0.21408001,0.44641,4.0319352,1.28,120.89064
59293,16.470182,4.77,0.69,87538,2.3399999,-3.3199999,69.027161,-133.39908,917,89.480003,21.07,0.31999999,0.12,-0.23,15.84,90.5,-1.28,-0.20999999,1.41625,-0.23078001,0.44808999,4.0617728,1.28,125.17692
59294,16.470461,4.77,0.69270003,87531,2.3299999,-3.49,69.027962,-133.39854,917,89.559998,21.01,0.12,0.34,-0.11,15.91,90.629997,-1.39,-0.20999999,1.40979,-0.24089,0.45186001,4.1963077,1.39,123.72794
59295,16.470737,4.79,0.69080001,87519,2.3399999,-3.4100001,69.02877,-133.39803,917,89.639999,20.99,0.090000004,0.51999998,-0.20999999,15.88,90.650002,-1.36,-0.25,1.41987,-0.23282,0.44609001,4.1356621,1.36,124.45857
59296,16.471016,4.8099999,0.68879998,87551,2.73,-3.3399999,69.029572,-133.39749,917,89.730003,20.969999,0.25,0.54000002,-0.33000001,15.77,90.370003,-1.3200001,-0.15000001,1.42559,-0.20765001,0.44253999,4.3137569,1.3200001,129.26137
59297,16.471294,4.8200002,0.68830001,87542,2.74,-3.3099999,69.030373,-133.39697,917,89.839996,20.92,0.38,0.47,-0.44,15.73,90.43,-1.34,-0.18000001,1.42602,-0.21166,0.44233999,4.2969408,1.34,129.61777
59298,16.471571,4.8299999,0.69160002,87524,2.6400001,-3.4200001,69.031181,-133.39644,916.5,89.959999,20.92,0.49000001,0.50999999,-0.54000002,15.8,90.660004,-1.41,-0.22,1.42329,-0.22189,0.44402,4.3204169,1.41,127.66562
59299,16.471849,4.8400002,0.69010001,87555,2.79,-3.3800001,69.03199,-133.3959,916,90.080002,20.92,0.54000002,0.67000002,-0.52999997,15.8,90.620003,-1.3099999,-0.23,1.42663,-0.21981999,0.44211999,4.3827505,1.3099999,129.53775
59300,16.472126,4.8499999,0.68839997,87549,2.7,-3.1500001,69.032791,-133.39539,915.5,90.190002,20.969999,0.47,0.82999998,-0.49000001,15.79,90.769997,-1.23,-0.37,1.42866,-0.23812,0.44137001,4.1487951,1.23,130.60129
59301,16.472404,4.8400002,0.6886,87570,2.6800001,-3,69.0336,-133.39487,915,90.260002,21.059999,0.36000001,1,-0.37,15.74,90.849998,-1.1799999,-0.37,1.42778,-0.23943,0.44187,4.0227356,1.1799999,131.77548
59302,16.472683,4.8400002,0.69150001,87566,2.6600001,-2.9200001,69.034409,-133.39433,915,90.309998,21.120001,0.17,1,-0.27000001,15.62,90.900002,-1.1900001,-0.27000001,1.43004,-0.22082999,0.44025001,3.9499369,1.1900001,132.33223
59303,16.47296,4.8299999,0.69029999,87553,2.6500001,-2.9400001,69.035217,-133.3938,915,90.360001,21.139999,0.12,0.83999997,-0.25,15.61,90.949997,-1.12,-0.25,1.4353,-0.20954999,0.43715,3.9580426,1.12,132.03026
59304,16.473238,4.8299999,0.6904,87546,2.47,-3.0699999,69.036034,-133.39326,915,90.400002,21.16,0.07,0.72000003,-0.17,15.71,91.190002,-1.08,-0.30000001,1.43172,-0.22236,0.43935999,3.9402792,1.08,128.81877
59305,16.473515,4.8200002,0.68989998,87558,2.5699999,-2.9300001,69.036842,-133.39273,915,90.419998,21.17,-0.1,0.64999998,-0.090000004,15.64,91.129997,-1.14,-0.30000001,1.43381,-0.21934,0.43816,3.8974094,1.14,131.25507
59306,16.473793,4.8099999,0.69340003,87541,2.3699999,-3.04,69.037651,-133.3922,915,90.459999,21.120001,-0.25999999,0.44,-0.02,15.5,91.370003,-1.22,-0.17,1.43159,-0.20209,0.43908,3.8546724,1.22,127.94016
59307,16.474072,4.8000002,0.69220001,87535,2.3499999,-3.0999999,69.03846,-133.39168,916,90.480003,21,-0.38,0.25,0.029999999,15.51,91.349998,-1.25,-0.22,1.43453,-0.20578,0.4375,3.8900514,1.25,127.16447
59308,16.474348,4.8000002,0.69050002,87517,2.3,-3.1300001,69.039268,-133.39114,916,90.489998,20.91,-0.43000001,0.2,0.090000004,15.57,91.389999,-1.09,-0.31999999,1.43304,-0.22397,0.43867999,3.884186,1.09,126.30935
59309,16.474627,4.8099999,0.69019997,87523,2.48,-2.9300001,69.040077,-133.39062,917,90.489998,20.85,-0.52999997,0.25999999,0.18000001,15.48,91.190002,-1.14,-0.36000001,1.43335,-0.22927,0.43864,3.8386586,1.14,130.24512
59310,16.474903,4.8200002,0.69150001,87530,2.52,-2.8900001,69.040901,-133.39011,917,90.480003,20.73,-0.63999999,0.16,0.23,15.32,91.110001,-1.03,-0.28,1.43853,-0.21073,0.43542001,3.834384,1.03,131.08752
59311,16.475182,4.8200002,0.69029999,87499,2.29,-3.1400001,69.04171,-133.38959,918,90.480003,20.59,-0.68000001,0.039999999,0.27000001,15.3,91.330002,-1.08,-0.23999999,1.43399,-0.21066999,0.43788001,3.886348,1.08,126.10325
59312,16.47546,4.8299999,0.6886,87500,2.3900001,-3.1099999,69.042511,-133.38907,919,90.489998,20.450001,-0.69999999,-0.029999999,0.31999999,15.28,91.190002,-1.01,-0.31,1.4344701,-0.22058,0.43783,3.9222698,1.01,127.54188
59313,16.475737,4.8299999,0.6868,87506,2.49,-3.0599999,69.04332,-133.38855,919.5,90.470001,20.309999,-0.67000002,0.029999999,0.33000001,15.21,91.059998,-0.94,-0.33000001,1.43499,-0.22314,0.43761,3.9450855,0.94,129.13612
59314,16.476015,4.8600001,0.68889999,87499,2.6300001,-3.1300001,69.044144,-133.38805,920,90.459999,20.17,-0.63,0.050000001,0.31,15.14,90.879997,-0.88,-0.28,1.4375,-0.21153,0.43599001,4.0882516,0.88,130.03885
59315,16.476292,4.8699999,0.68650001,87486,2.53,-3.22,69.044952,-133.38754,921,90.459999,20.040001,-0.56999999,0.029999999,0.22,15.15,90.949997,-0.97000003,-0.34,1.43736,-0.22031,0.43627,4.0950336,0.97000003,128.15723
