NETCARE2015/data/raw/Flight10/AIMMS_POLAR6_20150421_R1_NETCARE.ict
57, 1001
Aliabadi, Amir A.
University of Guelph
AIMMS20 - 1 Hz data from the processed output file 04211608.txt
Polar 6 NETCARE
1, 1
2015, 04, 21, 2015, 06, 26
1
TimeWave, seconds
24
1, 1, 1, 1, 1, 1, 1, 1, 1, 1, 1, 1, 1, 1, 1, 1, 1, 1, 1, 1, 1, 1, 1, 1
-9999, -9999, -9999, -9999, -9999, -9999, -9999, -9999, -9999, -9999, -9999, -9999, -9999, -9999, -9999, -9999, -9999, -9999, -9999, -9999, -9999, -9999, -9999, -9999
Time_Hr, hr UTC
Temp, deg C
RH, 0-1
BP, pa
WSN, m/s
WSE, m/s
Lat, deg
Lon, deg
Alt, m
SProbN, m/s
SProbE, m/s
SProbD, m/s
Roll, deg
Pitch, deg
Heading, deg
TAS, m/s
WSD, m/s
SideslipAngle, deg
AOA, deg
SideslipDiff, none
SysStatFlag, none
WS, m/s
WSW, m/s
WD, deg
1
Values for certain parameters near the beginning and end of the data block may be 0 as the instrument may not have been recording during these start and end timestamps
18
PI_CONTACT_INFO: Address: aliabadi@uoguelph.ca
PLATFORM: Polar 6 - sampling around the aircraft
LOCATION: Location data varies as seen in this file
ASSOCIATED_DATA: 04211608.r??
INSTRUMENT_INFO: AIMMS20, Avantech, www.aventech.com
DATA_INFO: none
UNCERTAINTY: Contact manufacturer, Aventech
ULOD_FLAG: -7777
ULOD_VALUE: N/A
LLOD_FLAG: -8888
LLOD_VALUE: N/A
DM_CONTACT_INFO: Amir A. Aliabadi; University of Guelph; aliabadi@uoguelph.ca
PROJECT_INFO: Polar 6 NETCARE Spring 2015 campaign
STIPULATIONS_ON_USE: N/A
OTHER_COMMENTS: N/A
REVISION: R1
R1: corrected for start/stop times
TimeWave,Time_Hr,Temp,RH,BP,WSN,WSE,Lat,Lon,Alt,SProbN,SProbE,SProbD,Roll,Pitch,Heading,TAS,WSD,SideslipAngle,AOA,SideslipDiff,SysStatFlag,WS,WSW,WD
[from data line 3010]
61086,16.968376,-2.8199999,0.6408,98670,4.3200002,-9.71,70.436234,-132.9893,68.5,64.660004,6.0500002,0.99000001,2.8699999,1.55,15.67,62.290001,-0.27000001,-0.89999998,1.2657501,-0.55473,0.53706002,10.627629,0.27000001,113.98438
61087,16.968655,-2.8399999,0.63889998,98697,4.3299999,-9.8599997,70.436813,-132.98914,67.5,64.720001,6.4899998,1.16,2.76,1.54,15.83,62.560001,0.27000001,-0.56999999,1.31662,-0.43033999,0.50678998,10.768867,-0.27000001,113.70859
61088,16.968931,-2.8399999,0.6372,98779,4.71,-10.09,70.437393,-132.98895,67,64.830002,6.8099999,0.63999999,2.29,1.49,15.89,62.490002,0.14,-0.11,1.33701,-0.32874,0.49427,11.135179,-0.14,115.02311
61089,16.96921,-2.8199999,0.63880002,98769,4.9699998,-9.1199999,70.437981,-132.98875,66,64.93,6.8899999,1.21,2.54,1.39,15.89,62.009998,0.88,-0.86000001,1.3355401,-0.44837999,0.49651,10.386303,-0.88,118.58845
61090,16.969488,-2.8399999,0.63739997,98727,4.5900002,-8.4799995,70.43856,-132.98857,65,64.959999,7.4499998,0.73000002,2.8,1.52,16.09,62.52,-0.41999999,-1.1799999,1.3094,-0.53670001,0.51257002,9.6425352,0.41999999,118.42551
61091,16.969765,-2.8499999,0.63810003,98701,4.7199998,-9.9899998,70.43914,-132.98837,64,65.089996,7.3800001,1,0.77999997,1.5,15.54,62.740002,-0.029999999,0.55000001,1.32345,-0.24529999,0.50243002,11.048914,0.029999999,115.28944
61092,16.970043,-2.8199999,0.6397,98729,4.4000001,-9.3999996,70.43972,-132.98817,63.5,65.269997,7.1900001,0.87,0.75,1.9400001,16.76,62.84,0.43000001,-1.48,1.2757699,-0.63256001,0.53289998,10.378824,-0.43000001,115.0836
61093,16.97032,-2.8199999,0.63749999,98842,5.2800002,-10.46,70.440308,-132.98798,63,65.260002,7.5300002,0.25,2.2,2.22,17.540001,62.599998,-0.34,-0.73000002,1.30101,-0.47865999,0.51621002,11.717082,0.34,116.78374
61094,16.970598,-2.8199999,0.63599998,98779,5.5799999,-10.08,70.440887,-132.98778,63,65.239998,7.6300001,0.1,0.85000002,2.4400001,17.780001,62.220001,0.37,-1.22,1.29056,-0.56923002,0.52354002,11.521406,-0.37,118.96766
61095,16.970877,-2.79,0.63489997,98861,6.3099999,-9.5900002,70.441467,-132.98756,63,65.199997,7.8299999,0.15000001,1.8,2.3599999,17.42,61.52,0.63999999,-0.88,1.34023,-0.44507,0.49386999,11.47973,-0.63999999,123.344
61096,16.971153,-2.8199999,0.63459998,98750,5.0300002,-8.7700005,70.442062,-132.98735,63,65.129997,8.0900002,-0.20999999,2.47,2.4100001,16.99,62.540001,-0.19,-1.21,1.28329,-0.57892001,0.52771002,10.110085,0.19,119.83627
61097,16.971432,-2.8299999,0.634,98732,5.3099999,-8.6300001,70.442642,-132.98714,63,65.050003,8.3599997,0.050000001,3.54,2.3499999,16.4,62.130001,-0.23,-0.36000001,1.29419,-0.43028,0.51955998,10.132769,0.23,121.6038
61098,16.971708,-2.8399999,0.6347,98754,4.8699999,-10.16,70.44323,-132.98691,63,65.029999,8.4399996,-0.11,1.95,2.1400001,16.74,62.779999,-0.41999999,0.51999998,1.31786,-0.25713,0.50564998,11.266876,0.41999999,115.60983
61099,16.971987,-2.8499999,0.63609999,98710,4.1500001,-8.9499998,70.44381,-132.98668,63.5,65.019997,8.5900002,0.01,1.2,1.92,18.18,63.209999,0.19,-2.0699999,1.33877,-0.63383001,0.49963999,9.8653431,-0.19,114.87655
61100,16.972265,-2.8399999,0.63440001,98786,5.4400001,-9.6199999,70.444389,-132.98643,63.5,64.989998,8.9099998,0.34999999,1.9,1.8200001,18,62.540001,0.56,-0.66000003,1.34356,-0.40634,0.49134001,11.051606,-0.56,119.48766
61101,16.972542,-2.8299999,0.63029999,98759,5.77,-8.9300003,70.444969,-132.98621,63,65,9.04,0.46000001,1.98,1.89,17.190001,62.029999,0.60000002,-0.25,1.32127,-0.37415999,0.5036,10.631924,-0.60000002,122.86798
61102,16.97282,-2.8499999,0.6318,98842,5.0100002,-8.2399998,70.445557,-132.98595,63,65.050003,9.0699997,0.47999999,1.35,1.8099999,16.91,62.470001,0.88999999,-0.79000002,1.3706599,-0.38769001,0.47608,9.6435318,-0.88999999,121.30001
61103,16.973097,-2.8800001,0.6322,98788,4.1900001,-9.1899996,70.446136,-132.9857,63,65.089996,9.1099997,0.31999999,1.14,1.92,17.129999,63.540001,0.11,-0.37,1.33413,-0.37426999,0.49623999,10.100108,-0.11,114.50968
61104,16.973375,-2.8900001,0.6304,98787,4.2199998,-8.2700005,70.446716,-132.98546,62,65.080002,9.1700001,0.18000001,1.45,2.1700001,17.58,63.25,0.56999999,-1.55,1.34491,-0.54294997,0.49373001,9.2844658,-0.56999999,117.03423
61105,16.973654,-2.8699999,0.62480003,98859,5.4000001,-8.9300003,70.447304,-132.98521,62.5,65,9.4200001,0.07,2.0999999,2.3199999,17.49,62.439999,0.28,-0.30000001,1.32956,-0.36925,0.49880999,10.435751,-0.28,121.16149
61106,16.97393,-2.8800001,0.62480003,98763,5.0300002,-8.6300001,70.447884,-132.98495,62,64.980003,9.4799995,0.059999999,1.74,2.3599999,17.389999,62.59,0.28999999,-0.51999998,1.31674,-0.42302999,0.50664002,9.988884,-0.28999999,120.23579
61107,16.974209,-2.9000001,0.62230003,98820,5.1300001,-8.9899998,70.448471,-132.9847,63,64.940002,9.6000004,-0.28,1.55,2.3800001,17.629999,62.619999,-0.039999999,-0.31,1.32243,-0.38065001,0.50297999,10.3507,0.039999999,119.71056
61108,16.974485,-2.9200001,0.6225,98750,4.3699999,-8.7600002,70.449051,-132.98444,63,64.919998,9.5699997,-0.039999999,0.80000001,2.24,17.950001,63.169998,0.18000001,-1.0700001,1.33234,-0.48692,0.49904001,9.7895098,-0.18000001,116.5127
61109,16.974764,-2.9300001,0.62029999,98699,4.5900002,-8.1099997,70.449631,-132.98418,63,64.900002,9.6199999,-0.1,0.66000003,2.25,18.27,62.84,-0.31999999,-1.86,1.30593,-0.64796001,0.51710999,9.3188086,0.31999999,119.50847
61110,16.975042,-2.9400001,0.61870003,98794,4.6399999,-8.3999996,70.450211,-132.98392,63,64.849998,9.7600002,0.029999999,1.59,2.1600001,18.129999,62.950001,0.25,-1.29,1.32634,-0.52901,0.50322002,9.5963326,-0.25,118.91543
61111,16.975319,-2.9400001,0.61809999,98831,5.0500002,-9.3800001,70.45079,-132.98366,63,64.82,9.8500004,0.11,1.9,2.0799999,17.969999,62.790001,0.41999999,-0.079999998,1.34956,-0.30601999,0.4869,10.653023,-0.41999999,118.29711
61112,16.975597,-2.9300001,0.6189,98834,5.1700001,-8.54,70.45137,-132.98338,63,64.790001,10.06,-0.02,2.26,2.26,18.299999,62.419998,0.18000001,-0.88,1.31331,-0.48435,0.50942999,9.9830103,-0.18000001,121.19014
61113,16.975874,-2.98,0.62010002,98746,4.21,-8.9200001,70.45195,-132.98311,63.5,64.68,10.32,0.1,2.25,2.28,18.440001,63.419998,0.28,-0.70999998,1.3216701,-0.44545001,0.50415999,9.863595,-0.28,115.26605
61114,16.976152,-2.97,0.62059999,98788,4.3400002,-8.6800003,70.45253,-132.98283,63.5,64.599998,10.52,0.07,2.0999999,2.22,18.559999,63.200001,0.43000001,-0.81999999,1.33513,-0.44361001,0.49665001,9.7045355,-0.43000001,116.56505
61115,16.976431,-2.98,0.62190002,98743,4.1599998,-8.4700003,70.45311,-132.98254,63.5,64.540001,10.68,0.090000004,2.1400001,2.3399999,18.969999,63.25,0.11,-1.29,1.31804,-0.54210001,0.50800002,9.4364452,-0.11,116.15774
61116,16.976707,-2.98,0.62120003,98800,4.5599999,-8.9499998,70.45369,-132.98225,63.5,64.419998,10.85,-0.1,1.8099999,2.53,19.379999,62.98,0.70999998,-1.03,1.34483,-0.46202001,0.49171999,10.044704,-0.70999998,116.99872
61117,16.976986,-3.01,0.62080002,98806,4.6199999,-9.4799995,70.454269,-132.98196,64,64.279999,11.06,-0.56,2.03,2.74,19.59,63.130001,0.27000001,-0.50999999,1.31687,-0.42129001,0.50654,10.545842,-0.27000001,115.98191
61118,16.977262,-2.99,0.61930001,98810,5.1700001,-8.4700003,70.454842,-132.98166,64.5,64.129997,11.21,-0.69999999,1.8,2.8599999,19.299999,62.220001,0.38999999,-0.77999997,1.33016,-0.44378999,0.49939999,9.9231949,-0.38999999,121.39946
61119,16.977541,-3.03,0.62150002,98762,3.8,-8.5100002,70.455421,-132.98135,65,63.970001,11.29,-0.64999998,1.66,2.8900001,19.42,63.27,-0.1,-1.13,1.30244,-0.53894001,0.51642001,9.3198767,0.1,114.06236
61120,16.977819,-3.03,0.62099999,98700,4.29,-8.9499998,70.455994,-132.98106,66,63.849998,11.34,-0.74000001,1.9400001,2.8099999,19.700001,62.84,-0.16,-0.80000001,1.30699,-0.48102,0.51289999,9.9250488,0.16,115.60978
61121,16.978096,-3.01,0.62,98838,5.9000001,-8.8900003,70.456558,-132.98074,67,63.73,11.47,-0.38999999,1.8200001,2.55,20.190001,61.27,0.87,-0.75,1.35918,-0.39805001,0.48256001,10.669682,-0.87,123.57092
61122,16.978374,-3,0.62089998,98818,5.8600001,-9.0299997,70.45713,-132.98042,67,63.650002,11.65,-0.20999999,2.1500001,2.4100001,20.76,61.27,0.25,-0.99000001,1.33689,-0.46764001,0.49614999,10.76478,-0.25,122.98148
61123,16.978651,-3.04,0.62190002,98768,5.1100001,-9.71,70.457703,-132.9801,67.5,63.540001,11.88,0.07,2.1199999,2.28,21.059999,62.259998,0.79000002,-0.72000003,1.33846,-0.42271,0.49443999,10.97252,-0.79000002,117.75611
61124,16.97893,-3.05,0.62120003,98767,4.8400002,-9.2799997,70.458267,-132.9798,67.5,63.400002,12.28,-0.16,2.6500001,2.27,20.950001,62.490002,0.1,-0.63999999,1.3392299,-0.40904,0.49380001,10.466327,-0.1,117.54437
61125,16.979208,-3.05,0.62159997,98733,4.8699999,-8.0799999,70.458839,-132.97945,68,63.34,12.44,0,1.75,2.1500001,20.77,61.950001,-0.059999999,-1.37,1.3080601,-0.56756997,0.51397002,9.4341555,0.059999999,121.07832
61126,16.979485,-3.0899999,0.62180001,98731,4.4400001,-8.9499998,70.459396,-132.97913,68,63.330002,12.46,0.33000001,1.27,2.0599999,20.809999,62.59,0.62,-0.79000002,1.34451,-0.42447001,0.49112999,9.9908009,-0.62,116.38552
61127,16.979763,-3.1199999,0.62339997,98740,3.8900001,-8.7200003,70.459969,-132.97878,67,63.290001,12.5,0.37,0.94,2.0799999,21.219999,63,0.18000001,-1.53,1.3195699,-0.57607001,0.50799,9.5483246,-0.18000001,114.04169
61128,16.98004,-3.1099999,0.62220001,98746,4.8699999,-9.4799995,70.460541,-132.97845,67,63.34,12.45,0.16,-0.13,1.95,21.43,62.459999,-0.059999999,-0.87,1.3205,-0.47226,0.50524998,10.657734,0.059999999,117.19016
61129,16.980318,-3.1400001,0.62220001,98687,3.8299999,-9.5900002,70.461113,-132.9781,67,63.389999,12.43,0.41,1.0700001,1.79,21.540001,63.450001,-0.07,-1.21,1.3034101,-0.55057001,0.51612997,10.326519,0.07,111.7705
61130,16.980595,-3.1500001,0.6189,98803,4.2800002,-8.8400002,70.46167,-132.97778,67,63.32,12.81,0.31,2.47,1.75,21.6,62.98,-0.090000004,-1.37,1.32572,-0.54245001,0.50388002,9.8216095,0.090000004,115.83454
61131,16.980873,-3.1300001,0.61690003,98886,5.75,-9.2700005,70.462242,-132.97742,66.5,63.279999,13.05,0.61000001,2.3800001,1.61,20.98,61.810001,0.61000001,0.28999999,1.3639801,-0.22792,0.47850999,10.908502,-0.61000001,121.81052
61132,16.981152,-3.1300001,0.61650002,98821,5.3600001,-8.5500002,70.462807,-132.97707,66,63.360001,13.13,0.58999997,1.77,1.5700001,21.200001,61.84,0.46000001,-0.66000003,1.34567,-0.40327001,0.49011999,10.091189,-0.46000001,122.08363
61133,16.981428,-3.1600001,0.61879998,98751,4.5700002,-8.29,70.463379,-132.97672,65.5,63.330002,13.44,0.68000001,3.0899999,1.63,21.969999,62.580002,-0.029999999,-1.5599999,1.2887599,-0.62513,0.52569997,9.4662027,0.029999999,118.86648
61134,16.981707,-3.1400001,0.61760002,98828,5.1999998,-8.8100004,70.463943,-132.97636,64.5,63.27,13.72,0.75999999,2.51,1.8,22.09,62.18,0.17,-0.77999997,1.3298399,-0.44477001,0.49959999,10.230157,-0.17,120.55074
61135,16.981983,-3.1600001,0.61949998,98771,5.1500001,-10.27,70.464508,-132.97598,64,63.200001,14,0.58999997,2.46,2.04,22.74,62.790001,0.47999999,0.039999999,1.3216,-0.32751,0.50322002,11.488926,-0.47999999,116.63196
61136,16.982262,-3.1600001,0.61879998,98843,5,-9.3000002,70.46508,-132.9756,63.5,63.110001,14.28,0.2,1.95,2.1500001,23.35,62.630001,0.050000001,-1.1900001,1.31797,-0.52539998,0.50766999,10.558883,-0.050000001,118.264
61137,16.98254,-3.1700001,0.61799997,98772,4.8099999,-8.6400003,70.465637,-132.9752,63.5,62.919998,14.72,-0.090000004,2.6500001,2.23,23.34,62.759998,-0.02,-1.34,1.3116699,-0.55846,0.51181,9.8886652,0.02,119.10526
61138,16.982817,-3.1800001,0.61849999,98850,4.6700001,-8.9200001,70.466202,-132.97482,64,62.799999,14.83,-0.2,1.74,2.1600001,22.620001,62.860001,0.19,-0.34,1.35488,-0.33937001,0.48407999,10.06853,-0.19,117.63397
61139,16.983095,-3.1800001,0.61919999,98814,4.73,-8.6499996,70.466766,-132.97441,64,62.73,14.95,0.079999998,2.1400001,1.97,22.690001,62.560001,0.22,-0.47999999,1.34047,-0.38185999,0.49272999,9.8587723,-0.22,118.67076
61140,16.983372,-3.1900001,0.62180001,98861,4.8600001,-9.9200001,70.467331,-132.97401,64,62.75,14.88,0.039999999,1.1799999,1.96,22.98,62.82,0.25999999,0.25,1.3666101,-0.22984,0.47694999,11.046538,-0.25999999,116.10113
61141,16.98365,-3.21,0.62330002,98781,4.3600001,-9.8900003,70.467888,-132.9736,64,62.700001,15.02,-0.039999999,1.09,2.04,24.32,63.279999,-0.67000002,-1.15,1.30267,-0.54167998,0.51635998,10.808409,0.67000002,113.79025
61142,16.983929,-3.23,0.62129998,98723,4.5500002,-9.6999998,70.468452,-132.97321,64,62.619999,15.09,-0.11,0.75999999,2.24,24.620001,63.139999,0.01,-1.47,1.30562,-0.58819002,0.51576,10.714126,-0.01,115.12997
61143,16.984205,-3.21,0.61790001,98822,4.8200002,-8.8000002,70.469009,-132.97279,64.5,62.48,15.36,-0.34999999,1.4,2.3,24.110001,62.720001,0,-1.3200001,1.32709,-0.53347999,0.50292999,10.033564,0,118.71072
61144,16.984484,-3.23,0.61750001,98836,4.75,-8.71,70.469566,-132.97238,65,62.450001,15.29,-0.20999999,0.74000001,2.1300001,22.889999,62.650002,0.28999999,-0.28999999,1.3459899,-0.34485,0.4892,9.9210186,-0.28999999,118.60585
61145,16.98476,-3.23,0.61979997,98809,4.46,-10.1,70.470131,-132.97198,65,62.52,15.01,-0.11,0.94999999,2.2,22.879999,63.040001,0.51999998,0.54000002,1.3556,-0.20062,0.48372,11.040906,-0.51999998,113.82549
61146,16.985039,-3.26,0.62089998,98655,3.3699999,-9.3699999,70.470688,-132.97157,65,62.470001,15.03,-0.20999999,1.5599999,2.28,24.360001,63.709999,-0.44999999,-1.85,1.28592,-0.67597997,0.52844,9.9575996,0.44999999,109.78156
61147,16.985317,-3.25,0.6207,98591,4.1700001,-9.1700001,70.471252,-132.97116,65.5,62.27,15.38,-0.12,2.8099999,2.29,24.889999,63.029999,-0.36000001,-1.87,1.27171,-0.69853997,0.53659999,10.073619,0.36000001,114.45337
61148,16.985594,-3.24,0.61849999,98795,4.96,-9.3800001,70.471809,-132.97073,65.5,62.040001,15.8,-0.1,3.28,2.48,24.639999,62.48,0.74000001,-0.73000002,1.34437,-0.41643,0.49105999,10.610655,-0.74000001,117.8692
61149,16.985872,-3.25,0.61979997,98680,4.3499999,-8.6700001,70.472359,-132.97031,65.5,61.849998,15.96,-0.18000001,2.6300001,2.53,24.440001,62.490002,-0.33000001,-1.13,1.30115,-0.54078001,0.51717001,9.7000723,0.33000001,116.64429
61150,16.986149,-3.28,0.62019998,98704,4.0100002,-9.3199997,70.472908,-132.96988,66.5,61.689999,16.09,-0.58999997,2.0599999,2.6700001,24.76,62.93,-0.16,-0.89999998,1.2937,-0.51564002,0.52085,10.146058,0.16,113.28016
61151,16.986427,-3.26,0.61830002,98733,5.0599999,-8.54,70.473473,-132.96945,67.5,61.490002,16.32,-0.58999997,2.55,2.75,24.98,61.59,-0.55000001,-1.09,1.28427,-0.55827999,0.52679998,9.9264898,0.55000001,120.64699
61152,16.986706,-3.25,0.61690003,98764,5.8899999,-9.1499996,70.474022,-132.96901,67.5,61.27,16.549999,-0.63999999,3.1199999,2.74,25.200001,61.029999,0.38,-0.20999999,1.3245699,-0.36243999,0.50163001,10.881846,-0.38,122.77003
61153,16.986982,-3.26,0.61849999,98772,5.2600002,-9.1999998,70.474564,-132.96857,68.5,61.110001,16.700001,-0.25,2.1500001,2.6300001,25.5,61.5,0.19,-0.54000002,1.32626,-0.41183999,0.50111997,10.597528,-0.19,119.75829
61154,16.987261,-3.27,0.62010002,98711,4.7600002,-9.6400003,70.475113,-132.96811,68.5,61,16.790001,-0.30000001,1.75,2.6400001,26.040001,62.040001,0.07,-0.80000001,1.30431,-0.48475,0.51445001,10.751149,-0.07,116.27905
61155,16.987537,-3.3,0.61839998,98649,3.5999999,-9.4899998,70.475647,-132.96765,69,60.84,16.92,-0.5,1.36,2.76,26.26,63.029999,0.079999998,-1.45,1.31398,-0.57230997,0.51089001,10.149881,-0.079999998,110.77408
61156,16.987816,-3.28,0.61430001,98782,5.02,-9.3000002,70.476196,-132.96719,70,60.68,17.07,-0.76999998,1.52,2.8800001,26.07,61.650002,-0.27000001,-0.66000003,1.3057899,-0.45947,0.51327002,10.568368,0.27000001,118.3595
61157,16.988094,-3.29,0.61489999,98657,4.9000001,-9.5100002,70.476753,-132.96674,71,60.650002,16.889999,-0.57999998,0.55000001,2.8699999,26,61.599998,0.11,-0.63999999,1.3125401,-0.4472,0.50929999,10.698135,-0.11,117.25966
61158,16.988371,-3.29,0.61449999,98663,4.7199998,-9.5500002,70.477287,-132.96629,71.5,60.580002,16.809999,-0.69,0.1,3.04,26.4,61.740002,0.15000001,-1.13,1.30654,-0.53342998,0.51406997,10.652741,-0.15000001,116.30046
