NETCARE2015/data/raw/Flight10/AIMMS_POLAR6_20150421_R1_NETCARE.ict
57, 1001
Aliabadi, Amir A.
University of Guelph
AIMMS20 - 1 Hz data from the processed output file 04211608.txt
Polar 6 NETCARE
1, 1
2015, 04, 21, 2015, 06, 26
1
TimeWave, seconds
24
1, 1, 1, 1, 1, 1, 1, 1, 1, 1, 1, 1, 1, 1, 1, 1, 1, 1, 1, 1, 1, 1, 1, 1
-9999, -9999, -9999, -9999, -9999, -9999, -9999, -9999, -9999, -9999, -9999, -9999, -9999, -9999, -9999, -9999, -9999, -9999, -9999, -9999, -9999, -9999, -9999, -9999
Time_Hr, hr UTC
Temp, deg C
RH, 0-1
BP, pa
WSN, m/s
WSE, m/s
Lat, deg
Lon, deg
Alt, m
SProbN, m/s
SProbE, m/s
SProbD, m/s
Roll, deg
Pitch, deg
Heading, deg
TAS, m/s
WSD, m/s
SideslipAngle, deg
AOA, deg
SideslipDiff, none
SysStatFlag, none
WS, m/s
WSW, m/s
WD, deg
1
Values for certain parameters near the beginning and end of the data block may be 0 as the instrument may not have been recording during these start and end timestamps
18
PI_CONTACT_INFO: Address: aliabadi@uoguelph.ca
PLATFORM: Polar 6 - sampling around the aircraft
LOCATION: Location data varies as seen in this file
ASSOCIATED_DATA: 04211608.r??
INSTRUMENT_INFO: AIMMS20, Avantech, www.aventech.com
DATA_INFO: none
UNCERTAINTY: Contact manufacturer, Aventech
ULOD_FLAG: -7777
ULOD_VALUE: N/A
LLOD_FLAG: -8888
LLOD_VALUE: N/A
DM_CONTACT_INFO: Amir A. Aliabadi; University of Guelph; aliabadi@uoguelph.ca
PROJECT_INFO: Polar 6 NETCARE Spring 2015 campaign
STIPULATIONS_ON_USE: N/A
OTHER_COMMENTS: N/A
REVISION: R1
R1: corrected for start/stop times
TimeWave,Time_Hr,Temp,RH,BP,WSN,WSE,Lat,Lon,Alt,SProbN,SProbE,SProbD,Roll,Pitch,Heading,TAS,WSD,SideslipAngle,AOA,SideslipDiff,SysStatFlag,WS,WSW,WD
[from data line 872]
58948,16.374376,4.9899998,0.6954,88615,4.4400001,-3.03,68.797783,-133.51196,907.5,72.099998,-24.299999,0.47999999,1.88,1.4299999,343.14999,70.910004,-0.28999999,-0.54000002,1.3246599,-0.41413,0.50204998,5.3753605,0.28999999,145.6891
58949,16.374655,4.9899998,0.69599998,88633,4.6700001,-3.03,68.798424,-133.51257,907.5,72.199997,-24.18,0.50999999,1.9,1.4,343.60001,70.709999,-0.12,-0.93000001,1.3326,-0.46325001,0.49840999,5.5668483,0.12,147.02359
58950,16.374931,4.98,0.69679999,88623,4.46,-2.8,68.799072,-133.51317,907,72.349998,-23.92,0.51999998,2.48,1.37,343.97,71.059998,-0.090000004,-1.1799999,1.32768,-0.50966001,0.50206,5.2660804,0.090000004,147.87929
58951,16.37521,4.9699998,0.69559997,88604,4.3800001,-2.72,68.799721,-133.51375,906.5,72.510002,-23.549999,0.54000002,3.1900001,1.4,343.97,71.260002,-0.14,-0.85000002,1.32539,-0.46219,0.50235999,5.1558514,0.14,148.15953
58952,16.375486,4.9699998,0.69489998,88642,4.6399999,-2.73,68.800369,-133.51433,906,72.660004,-23.190001,0.5,3.46,1.49,343.88,71.040001,-0.11,-0.49000001,1.3282501,-0.40189001,0.49987,5.3835397,0.11,149.52905
58953,16.375765,4.96,0.6961,88659,4.6100001,-2.77,68.801033,-133.51489,906,72.790001,-22.85,0.40000001,3.6099999,1.64,344.23001,70.970001,-0.029999999,-0.51999998,1.32453,-0.41100001,0.50208998,5.3781967,0.029999999,148.99971
58954,16.376043,4.96,0.69550002,88631,4.4099998,-2.74,68.801682,-133.51546,905.5,72.940002,-22.360001,0.25999999,4.1500001,1.72,345.04999,71.139999,-0.050000001,-0.88999999,1.32021,-0.47487,0.50545001,5.1918879,0.050000001,148.14668
58955,16.37632,4.96,0.69489998,88649,4.5900002,-2.77,68.80233,-133.51601,905,73.110001,-21.709999,0.23,4.77,1.78,345.66,71.029999,0.07,-0.94999999,1.3249201,-0.47792,0.50291002,5.3610635,-0.07,148.88962
58956,16.376598,4.96,0.69450003,88664,4.7199998,-2.72,68.802994,-133.51653,905,73.279999,-21.01,0.13,5.1399999,1.89,345.98001,70.93,-0.02,-0.73000002,1.3218499,-0.44835001,0.50410998,5.4476414,0.02,150.04639
58957,16.376875,4.9699998,0.69590002,88670,4.7800002,-2.6600001,68.80365,-133.51704,905,73.419998,-20.309999,0.029999999,5.2399998,1.98,346.39001,70.779999,-0.029999999,-0.63,1.3247,-0.42789,0.50221002,5.4702835,0.029999999,150.90471
58958,16.377153,4.96,0.69550002,88661,4.6100001,-2.6900001,68.804298,-133.51755,905,73.550003,-19.629999,-0.029999999,5.1700001,1.99,346.98001,70.870003,-0.02,-0.60000002,1.32722,-0.41966,0.50068003,5.3374338,0.02,149.73584
58959,16.377432,4.9699998,0.69459999,88673,4.8299999,-2.73,68.80497,-133.51801,905,73.669998,-18.93,-0.079999998,5.1500001,2.0599999,347.67001,70.620003,0.029999999,-0.73000002,1.32855,-0.43830001,0.50020999,5.5481348,-0.029999999,150.52411
58960,16.377708,4.96,0.69450003,88667,4.6999998,-2.6099999,68.805634,-133.51846,906,73.769997,-18.18,-0.28999999,5.2600002,2.27,348.23001,70.730003,0,-0.74000001,1.32138,-0.45041001,0.50440001,5.3760672,0,150.95575
58961,16.377987,4.96,0.6954,88664,4.5700002,-2.51,68.80629,-133.51891,906,73.779999,-17.450001,-0.36000001,5.3000002,2.29,348.60001,70.730003,0.02,-0.57999998,1.32593,-0.41942999,0.50141001,5.2139239,-0.02,151.2229
58962,16.378263,4.96,0.69480002,88665,4.7199998,-2.53,68.806953,-133.51933,906.5,73.760002,-16.77,-0.25999999,5.1799998,2.1800001,349.04999,70.400002,0.07,-0.52999997,1.33161,-0.40283,0.49799001,5.3553057,-0.07,151.80794
58963,16.378542,4.9499998,0.69419998,88658,4.5900002,-2.51,68.80761,-133.51974,907,73.790001,-16.08,-0.079999998,5.3099999,2.02,349.84,70.360001,0.1,-0.75,1.32849,-0.44204,0.50029999,5.2314625,-0.1,151.32835
58964,16.37882,4.9499998,0.69370002,88656,4.6700001,-2.51,68.808273,-133.52013,906.5,73.849998,-15.26,0.1,5.7800002,1.91,350.73999,70.209999,0.11,-0.99000001,1.32442,-0.48492,0.50331998,5.3017921,-0.11,151.74316
58965,16.379097,4.96,0.69410002,88674,4.8299999,-2.55,68.808929,-133.52049,906.5,73.910004,-14.37,0.25999999,6.1999998,1.9400001,351.37,70,0.14,-0.86000001,1.32121,-0.46944001,0.50480998,5.461813,-0.14,152.16817
58966,16.379375,4.9699998,0.6947,88700,5.04,-2.6300001,68.809601,-133.52084,906.5,73.959999,-13.51,0.2,6.0500002,2.1099999,351.82001,69.699997,0.27000001,-0.56999999,1.3177,-0.42934,0.50616997,5.684936,-0.27000001,152.4433
58967,16.379652,4.9899998,0.69379997,88693,4.98,-2.54,68.810257,-133.52116,906.5,73.989998,-12.66,0.1,6.1300001,2.21,352.44,69.610001,0.13,-0.55000001,1.31177,-0.43367001,0.50957,5.5903487,-0.13,152.97659
58968,16.37993,4.98,0.69370002,88706,4.98,-2.4000001,68.810921,-133.52145,906.5,73.989998,-11.81,0.12,6.1199999,2.2,353.22,69.510002,0.30000001,-0.75999999,1.31866,-0.45727,0.50602001,5.5281463,-0.30000001,154.26929
58969,16.380209,4.98,0.69510001,88691,5.0900002,-2.3099999,68.811523,-133.52171,906.5,74,-10.93,0.17,6.0999999,2.1900001,353.97,69.330002,0.25,-0.87,1.31322,-0.48311999,0.50946999,5.5896511,-0.25,155.58998
58970,16.380486,4.98,0.69450003,88708,5.1100001,-2.26,68.812248,-133.522,906,73.989998,-10.05,0.19,5.98,2.21,354.54001,69.239998,0.23,-0.76999998,1.31223,-0.46744001,0.50976998,5.5874591,-0.23,156.14163
58971,16.380764,4.98,0.69319999,88719,5.02,-2.3499999,68.81292,-133.52225,906,73.980003,-9.25,0.20999999,5.7600002,2.23,355.12,69.190002,0.19,-0.60000002,1.30866,-0.44672999,0.51148999,5.5428243,-0.19,154.91441
58972,16.381041,4.98,0.69370002,88701,4.9099998,-2.3,68.813507,-133.52245,906,73.949997,-8.4899998,0.25,5.5599999,2.21,355.81,69.169998,0.1,-0.70999998,1.30312,-0.47112,0.51493001,5.4220014,-0.1,154.90012
58973,16.381319,4.98,0.69569999,88716,5.0300002,-2.3800001,68.814171,-133.52264,905.5,73.93,-7.7399998,0.28,5.4299998,2.1900001,356.5,69,0.13,-0.72000003,1.3017499,-0.47534999,0.51574999,5.5646477,-0.13,154.67831
58974,16.381598,4.9899998,0.69450003,88713,5.02,-2.53,68.814842,-133.52283,905,73.900002,-7.02,0.33000001,5.25,2.1400001,357.14999,68.910004,0.039999999,-0.66000003,1.3022701,-0.46485999,0.51532,5.6215034,-0.039999999,153.25262
58975,16.381874,5,0.6943,88706,4.8699999,-2.6700001,68.815498,-133.52299,905,73.879997,-6.3299999,0.37,5.0799999,2.04,357.85001,69,0.01,-0.68000001,1.29871,-0.47275999,0.51741999,5.5538993,-0.01,151.26604
58976,16.382153,5.0100002,0.69410002,88723,4.8499999,-2.6700001,68.816162,-133.52315,905,73.870003,-5.6500001,0.47999999,4.9699998,1.89,358.48001,68.959999,-0.02,-0.75,1.30132,-0.4806,0.51607001,5.5363708,0.02,151.16653
58977,16.382429,5.02,0.69550002,88730,4.8099999,-2.54,68.816833,-133.52327,904,73.870003,-4.98,0.55000001,4.9299998,1.77,359.04001,68.989998,-0.13,-0.86000001,1.3013099,-0.49831,0.51634002,5.4394574,0.13,152.16296
58978,16.382708,5,0.69630003,88718,4.6700001,-2.28,68.81749,-133.52338,904,73.879997,-4.27,0.57999998,5.02,1.6799999,359.51999,69.18,-0.22,-0.95999998,1.2986799,-0.51765001,0.51810998,5.1968551,0.22,153.97733
58979,16.382986,4.9899998,0.6943,88730,4.75,-2.1099999,68.818153,-133.52348,903,73.889999,-3.55,0.58999997,4.8000002,1.62,359.76001,69.120003,-0.22,-0.75999999,1.31003,-0.47012001,0.51103997,5.197557,0.22,156.04871
58980,16.383263,4.98,0.69459999,88748,4.71,-2.1300001,68.818741,-133.52354,903,73.889999,-3.02,0.60000002,4.1300001,1.63,359.95999,69.129997,-0.23,-0.52999997,1.30794,-0.43656999,0.51178002,5.1692362,0.23,155.66612
58981,16.383541,4.9699998,0.69630003,88756,4.6300001,-2.1600001,68.819397,-133.52362,902.5,73.889999,-2.5899999,0.5,3.5599999,1.6799999,360.45999,69.139999,-0.31,-0.67000002,1.30723,-0.46018001,0.51245999,5.1090608,0.31,154.98988
58982,16.383818,4.9699998,0.69510001,88739,4.4200001,-2.28,68.820068,-133.52368,902,73.870003,-2.1800001,0.44999999,3.28,1.6900001,1.13,69.370003,-0.23,-0.92000002,1.30811,-0.49814999,0.51255,4.9734092,0.23,152.71364
58983,16.384096,4.96,0.69480002,88753,4.3299999,-2.28,68.820732,-133.52374,902,73.839996,-1.74,0.44999999,3.28,1.74,1.58,69.440002,-0.12,-1.01,1.3101701,-0.50874001,0.51160002,4.8935976,0.12,152.23056
58984,16.384373,4.9499998,0.69459999,88757,4.3200002,-2.3099999,68.821388,-133.52377,901.5,73.790001,-1.33,0.36000001,3.1099999,1.79,1.76,69.449997,-0.31999999,-0.81999999,1.3067501,-0.48396999,0.51308,4.8988266,0.31999999,151.8656
58985,16.384651,4.9400001,0.69590002,88741,4.3699999,-2.3399999,68.822052,-133.5238,901,73.75,-1.01,0.38,2.77,1.77,1.95,69.349998,-0.2,-0.74000001,1.31233,-0.46285999,0.50963998,4.9570656,0.2,151.83232
58986,16.38493,4.9400001,0.69569999,88740,4.0900002,-2.45,68.822708,-133.52382,900.5,73.709999,-0.74000001,0.41,2.52,1.8099999,2.26,69.610001,-0.14,-0.75,1.30733,-0.47262999,0.51258999,4.767662,0.14,149.07747
58987,16.385206,4.9400001,0.6954,88739,4.1500001,-2.3499999,68.82338,-133.52383,900.5,73.660004,-0.49000001,0.43000001,2.3499999,1.84,2.6400001,69.459999,-0.059999999,-1.01,1.3076,-0.51315999,0.51310003,4.7691717,0.059999999,150.47864
58988,16.385485,4.9299998,0.69489998,88741,4.21,-2.3699999,68.824028,-133.52385,900,73.580002,-0.2,0.41999999,2.4100001,1.9299999,2.96,69.400002,0.01,-1.0700001,1.3042901,-0.52604997,0.51516998,4.8312526,-0.01,150.62286
58989,16.385761,4.9400001,0.69459999,88771,4.3600001,-2.47,68.824699,-133.52385,899.5,73.5,0.079999998,0.34,2.4000001,2.03,3.05,69.199997,0.01,-0.85000002,1.30709,-0.48748001,0.51293999,5.0110378,-0.01,150.46785
58990,16.38604,4.9400001,0.69580001,88758,4.1599998,-2.6199999,68.825348,-133.52383,899.5,73.419998,0.28999999,0.28,2.1700001,2.1199999,3.1800001,69.309998,-0.12,-0.68000001,1.29769,-0.47514999,0.51802999,4.9162993,0.12,147.79697
58991,16.386318,4.96,0.69440001,88779,4.3299999,-2.78,68.826012,-133.52383,899.5,73.330002,0.44999999,0.17,1.97,2.21,3.47,69,-0.01,-0.70999998,1.29803,-0.47915,0.51788998,5.1456099,0.01,147.29822
58992,16.386595,4.96,0.69450003,88767,4.1399999,-2.79,68.826668,-133.52382,899.5,73.230003,0.67000002,0.15000001,2.46,2.23,3.96,69.120003,-0.01,-0.99000001,1.2942899,-0.52793002,0.52073002,4.9923639,0.01,146.02345
58993,16.386873,4.9699998,0.69510001,88768,4.0999999,-2.8199999,68.827316,-133.5238,899,73.089996,1.05,0.11,3.1099999,2.3800001,4.2399998,69.099998,0.01,-0.89999998,1.28756,-0.52364999,0.5244,4.9761829,-0.01,145.47961
58994,16.38715,4.98,0.69580001,88775,3.9000001,-2.6900001,68.82798,-133.52377,899,72.949997,1.47,-0.090000004,3.49,2.53,4.3299999,69.139999,-0.050000001,-0.73000002,1.28828,-0.49654999,0.52361,4.7377315,0.050000001,145.40428
58995,16.387428,5,0.69590002,88794,4.0700002,-2.7,68.828629,-133.52373,899,72.769997,1.88,-0.18000001,3.5999999,2.6400001,4.54,68.800003,0.01,-0.56999999,1.29234,-0.46542999,0.52094001,4.8841481,-0.01,146.44008
58996,16.387707,5,0.69559997,88780,3.8099999,-2.6300001,68.829277,-133.52367,900,72.589996,2.3099999,-0.34,3.6199999,2.74,5.0300002,68.839996,-0.11,-0.75999999,1.2858,-0.50436997,0.52511001,4.6295791,0.11,145.38312
58997,16.387983,4.98,0.69489998,88779,3.6199999,-2.45,68.829933,-133.52361,900,72.379997,2.8199999,-0.40000001,3.77,2.76,5.54,68.900002,-0.029999999,-0.99000001,1.29126,-0.53337002,0.52249998,4.3711438,0.029999999,145.91003
58998,16.388262,4.9699998,0.69620001,88775,3.73,-2.3299999,68.830582,-133.52354,901,72.169998,3.3299999,-0.38,3.7,2.8,5.71,68.669998,-0.050000001,-0.81999999,1.29213,-0.50423002,0.52156001,4.3979311,0.050000001,148.00842
58999,16.388538,4.9699998,0.69510001,88772,3.79,-2.3699999,68.83123,-133.52345,901,71.970001,3.72,-0.31,3.26,2.8,5.77,68.43,0.07,-0.52999997,1.29321,-0.45844001,0.52037001,4.4700112,-0.07,147.98103
59000,16.388817,4.98,0.6943,88787,3.8099999,-2.5,68.831871,-133.52335,901.5,71.790001,4,-0.31,2.8599999,2.8499999,6.0300002,68.209999,-0.050000001,-0.44,1.28643,-0.45355001,0.52419001,4.5569835,0.050000001,146.72839
59001,16.389095,4.9899998,0.69400001,88785,3.8800001,-2.5899999,68.83252,-133.52325,902,71.610001,4.2399998,-0.38,2.5899999,2.8499999,6.5500002,67.970001,-0.079999998,-0.68000001,1.28547,-0.49219999,0.52513999,4.6650295,0.079999998,146.27586
59002,16.389372,4.9899998,0.69569999,88761,3.6099999,-2.6099999,68.83316,-133.52315,902.5,71.43,4.54,-0.41,2.48,2.8099999,7.0799999,68.120003,-0.23999999,-0.94999999,1.2817,-0.53995001,0.52792001,4.4546828,0.23999999,144.13338
59003,16.38965,4.9899998,0.69480002,88762,3.6600001,-2.47,68.833801,-133.52303,903,71.269997,4.8299999,-0.41999999,2.3099999,2.8,7.1900001,68.019997,-0.20999999,-0.92000002,1.28228,-0.53465998,0.52750999,4.4154844,0.20999999,145.98602
59004,16.389927,4.98,0.69480002,88763,3.5799999,-2.3499999,68.834427,-133.5229,903.5,71.110001,5.0300002,-0.40000001,1.85,2.73,6.98,67.949997,-0.28,-0.66000003,1.28883,-0.48410001,0.52315003,4.2823939,0.28,146.71812
59005,16.390205,4.96,0.69389999,88761,3.4000001,-2.46,68.835068,-133.52277,903.5,70.989998,5.0700002,-0.25999999,1.26,2.6400001,6.8699999,68.010002,-0.20999999,-0.44999999,1.28934,-0.45159999,0.52250999,4.1966176,0.20999999,144.11316
59006,16.390484,4.96,0.69520003,88760,3.21,-2.47,68.835701,-133.52264,904,70.889999,5.0500002,-0.1,1.03,2.48,7.0900002,68.029999,-0.14,-0.69999999,1.2927001,-0.48578,0.52098,4.0503087,0.14,142.42279
59007,16.39076,4.9400001,0.69489998,88726,3.1400001,-2.4400001,68.836349,-133.52251,904.5,70.800003,5.0999999,0.1,1.03,2.4300001,7.3499999,68.050003,0,-0.94,1.28924,-0.52859002,0.52354002,3.9765816,0,142.15028
59008,16.391039,4.9299998,0.69450003,88760,3.21,-2.4300001,68.836983,-133.52238,904.5,70.730003,5.1599998,0.18000001,1.04,2.4000001,7.3000002,67.989998,-0.07,-0.83999997,1.28626,-0.51666999,0.52503002,4.0260401,0.07,142.87393
59009,16.391315,4.9200001,0.69389999,88752,3.1300001,-2.4200001,68.837608,-133.52225,904,70.660004,5.1700001,0.28,0.88,2.3199999,7.1100001,67.989998,-0.039999999,-0.66000003,1.28962,-0.48401001,0.52270001,3.9564252,0.039999999,142.29013
59010,16.391594,4.9000001,0.69569999,88737,2.6700001,-2.49,68.838249,-133.52213,904,70.620003,5.1199999,0.36000001,0.74000001,2.3199999,7.02,68.360001,-0.059999999,-0.58999997,1.28093,-0.48524001,0.52762997,3.6508904,0.059999999,136.99788
59011,16.391872,4.9000001,0.6954,88754,2.98,-2.4200001,68.838882,-133.522,903.5,70.559998,5.0999999,0.37,0.80000001,2.4000001,7.0700002,67.989998,0.039999999,-0.69,1.27767,-0.50463998,0.52969998,3.8388541,-0.039999999,140.92062
59012,16.392149,4.9000001,0.6947,88757,3.03,-2.3699999,68.839508,-133.52187,903.5,70.5,5.0900002,0.31,0.91000003,2.45,7.0900002,67.879997,0.050000001,-0.74000001,1.27852,-0.51192999,0.52930999,3.8467908,-0.050000001,141.96826
59013,16.392427,4.9000001,0.69319999,88779,3.2,-2.28,68.840141,-133.52174,903,70.440002,5.1100001,0.37,1.02,2.4300001,7.0599999,67.650002,0.090000004,-0.74000001,1.28219,-0.50692999,0.52718002,3.929173,-0.090000004,144.53014
59014,16.392704,4.8899999,0.69499999,88773,3.0799999,-2.3299999,68.840767,-133.52161,902.5,70.389999,5.1199999,0.44999999,1.0700001,2.3800001,7.0300002,67.709999,0.1,-0.66000003,1.2776099,-0.50023001,0.52968001,3.8620331,-0.1,142.89273
59015,16.392982,4.8899999,0.69459999,88800,3.46,-2.2,68.8414,-133.52148,902.5,70.360001,5.1599998,0.55000001,1.11,2.29,7,67.32,0.14,-0.67000002,1.28293,-0.4948,0.52661002,4.1001954,-0.14,147.55025
59016,16.393261,4.8800001,0.69489998,88791,3.4000001,-2.29,68.842033,-133.52135,901.5,70.339996,5.1700001,0.69999999,1.0599999,2.1700001,6.9899998,67.360001,0.16,-0.57999998,1.28264,-0.48122999,0.52661997,4.0992804,-0.16,146.03857
59017,16.393538,4.8899999,0.69379997,88804,3.3699999,-2.28,68.842659,-133.52122,901.5,70.330002,5.1999998,0.81999999,1.1,2.1400001,7.0599999,67.370003,0.15000001,-0.63999999,1.27845,-0.49632001,0.52916002,4.0688205,-0.15000001,145.91937
59018,16.393816,4.8800001,0.69580001,88812,3.3699999,-2.3199999,68.8433,-133.5211,900.5,70.339996,5.2399998,0.86000001,1.16,2.1400001,7.1300001,67.400002,0.2,-0.63999999,1.27631,-0.49936,0.53040999,4.0913687,-0.2,145.45541
59019,16.394093,4.8899999,0.69510001,88819,3.4300001,-2.3,68.843918,-133.52097,899.5,70.339996,5.29,0.83999997,1.23,2.1900001,7.1999998,67.339996,0.19,-0.67000002,1.27473,-0.50630999,0.53138,4.1297579,-0.19,146.15602
59020,16.394371,4.8800001,0.6947,88833,3.4400001,-2.3199999,68.844551,-133.52083,898.5,70.32,5.3699999,0.80000001,1.29,2.28,7.2800002,67.32,0.2,-0.67000002,1.27156,-0.51033002,0.53321999,4.1492167,-0.2,146.00354
