NETCARE2015/data/raw/Flight10/CO2_POLAR6_20150421_R1_NETCARE.ict
34, 1001
Bozem, Heiko; Hoor, Peter
Institute for Atmospheric Physics, Johannes Gutenberg University, Mainz, Germany
CO2 mixing ratio from LI7200 CO2 analyzer
NETCARE Polar 6 Campaign 2015
1, 1
2015, 04, 21, 2015, 08, 12
1
Time_UTC, seconds
1
1
-9999.99
CO2_ppmv, ppmv
0
19
PI_CONTACT_INFO: Address: Johann-Joachim-Becherweg 21, 55128 Mainz, email: bozemh@uni-mainz.de; hoor@uni-mainz.de
PLATFORM: Polar 6
LOCATION: GPS location and altitude available at 1 Hz resolution in separate file (See AIMMS files under Aircraft data and meteorology)
ASSOCIATED_DATA: N/A
INSTRUMENT_INFO: CO2 measurements based on non-dispersive infrared absorption spectroscopy
DATA_INFO: Units are ppmv
UNCERTAINTY: UNCERTAINTY RELATIVE TO STANDARD: 1.71 ppmv at 1 sigma confidence (before drift correction is applied)
ULOD_FLAG: -7777
ULOD_VALUE: 3000
LLOD_FLAG: -8888
LLOD_VALUE: N/A 
DM_CONTACT_INFO: N/A
PROJECT_INFO: NETCARE Polar 6 aircraft campaign in April 2015; Inuvik
STIPULATIONS_ON_USE: N/A
OTHER_COMMENTS: N/A
REVISION: R1
R0: Preliminary data, corrected for instrument drift
R1: Final data, corrected for instrument drift
Time_UTC,CO2_ppmv
[from data line 13301]
71377,405.02
71378,404.97
71379,404.80
71380,404.94
71381,404.97
71382,404.88
71383,404.93
71384,404.96
71385,404.96
71386,404.98
71387,405.13
71388,405.05
71389,405.06
71390,404.94
71391,404.96
71392,404.99
71393,404.87
71394,404.89
71395,404.87
71396,405.00
71397,405.00
71398,404.96
71399,405.01
71400,404.97
71401,404.89
71402,404.99
71403,404.98
71404,404.90
71405,405.11
71406,405.02
71407,405.07
71408,405.00
71409,405.01
71410,405.06
71411,405.03
71412,404.89
71413,404.87
71414,404.94
71415,404.99
71416,404.93
71417,405.01
71418,404.89
71419,404.87
71420,404.71
71421,404.80
71422,404.93
71423,404.86
71424,404.78
71425,404.75
71426,404.81
71427,404.84
71428,404.89
71429,404.91
71430,404.73
71431,404.91
71432,404.86
71433,404.88
71434,404.89
71435,404.84
71436,404.77
71437,404.91
71438,404.85
71439,404.80
71440,404.88
71441,404.83
71442,404.87
71443,404.84
71444,404.73
71445,404.90
71446,404.97
71447,404.88
71448,404.82
71449,404.73
71450,404.79
71451,404.86
71452,404.85
71453,404.77
71454,404.81
71455,404.74
71456,404.74
71457,404.80
71458,404.86
71459,404.86
71460,404.87
71461,404.77
71462,404.83
71463,404.97
71464,404.86
71465,404.81
71466,404.93
71467,404.87
71468,404.84
71469,404.75
71470,404.81
71471,404.86
71472,404.87
71473,404.89
71474,404.81
71475,404.85
71476,404.85
71477,404.86
71478,404.86
71479,404.89
71480,404.84
71481,404.83
71482,404.84
71483,404.85
71484,404.77
71485,404.59
71486,404.38
71487,404.51
71488,404.50
71489,404.45
71490,404.45
71491,404.55
71492,404.46
71493,404.47
71494,404.52
71495,404.61
71496,404.54
71497,404.41
71498,404.56
71499,404.53
71500,404.56
71501,404.54
71502,404.51
71503,404.62
71504,404.57
71505,404.66
71506,404.51
71507,404.60
71508,404.57
71509,404.50
71510,404.58
71511,404.39
71512,404.46
71513,404.36
71514,404.27
71515,404.37
71516,404.46
71517,404.48
71518,404.27
71519,404.46
71520,404.36
71521,404.41
71522,404.41
71523,404.28
71524,404.16
71525,404.01
71526,404.20
71527,404.18
71528,404.09
71529,403.89
71530,403.86
71531,403.88
71532,403.82
71533,403.67
71534,403.78
71535,403.63
71536,403.74
71537,403.71
71538,403.63
71539,403.75
71540,403.89
71541,403.79
71542,403.70
71543,403.62
71544,403.65
71545,403.57
71546,403.68
71547,403.59
71548,403.60
71549,403.48
71550,403.57
71551,403.68
71552,403.74
71553,403.66
71554,403.60
71555,403.65
71556,403.67
71557,403.53
71558,403.66
71559,403.58
71560,403.57
71561,403.60
71562,403.56
71563,403.57
71564,403.50
71565,403.59
71566,403.57
71567,403.58
71568,403.63
71569,403.59
71570,403.60
71571,403.66
71572,403.67
71573,403.60
71574,403.71
71575,403.55
71576,403.64
71577,403.57
71578,403.70
71579,403.61
71580,403.54
71581,403.65
71582,403.63
71583,403.66
71584,403.73
71585,403.74
71586,403.74
71587,403.73
71588,403.75
71589,403.60
71590,403.72
71591,403.69
71592,403.77
71593,403.70
71594,403.82
71595,403.80
71596,403.85
71597,403.79
71598,403.67
71599,403.61
71600,403.69
71601,403.71
71602,403.68
71603,403.68
71604,403.71
71605,403.70
71606,403.68
71607,403.70
71608,403.63
71609,403.72
71610,403.73
71611,403.67
71612,403.64
71613,403.58
71614,403.61
71615,403.62
71616,403.59
71617,403.66
71618,403.58
71619,403.52
71620,403.63
71621,403.58
71622,403.68
71623,403.76
71624,403.69
71625,403.57
71626,403.61
71627,403.73
71628,403.73
71629,403.71
71630,403.72
71631,403.67
71632,403.72
71633,403.73
71634,403.65
71635,403.61
71636,403.75
71637,403.69
71638,403.70
71639,403.61
71640,403.67
71641,403.70
71642,403.73
71643,403.78
71644,403.72
71645,403.72
71646,403.78
71647,403.72
71648,403.72
71649,403.76
71650,403.81
71651,403.80
71652,403.79
71653,403.66
71654,403.67
71655,403.81
71656,403.68
71657,403.63
71658,403.62
71659,403.70
71660,403.78
71661,403.78
71662,403.67
71663,403.75
71664,403.72
71665,403.71
71666,403.73
71667,403.68
71668,403.78
71669,403.65
71670,403.71
71671,403.73
71672,403.71
71673,403.70
71674,403.74
71675,403.75
71676,403.69
71677,403.75
71678,403.78
71679,403.78
71680,403.79
71681,403.84
71682,403.74
71683,403.80
71684,403.73
71685,403.81
71686,403.86
71687,403.82
71688,403.86
71689,403.76
71690,403.78
71691,403.82
71692,403.78
71693,403.77
71694,403.83
71695,403.84
71696,403.84
71697,403.76
71698,403.87
71699,403.74
71700,403.72
71701,403.75
71702,403.74
71703,403.72
71704,403.73
71705,403.69
71706,403.70
71707,403.83
71708,403.73
71709,403.71
71710,403.85
71711,403.74
71712,403.76
71713,403.76
71714,403.72
71715,403.72
71716,403.72
71717,403.75
71718,403.71
71719,403.67
71720,403.73
71721,403.71
71722,403.82
71723,403.73
71724,403.68
71725,403.62
71726,403.68
71727,403.74
71728,403.62
71729,403.72
71730,403.64
71731,403.61
71732,403.44
71733,403.46
71734,403.42
71735,403.53
71736,403.39
71737,403.38
71738,403.42
71739,403.40
71740,403.42
71741,403.41
71742,403.41
71743,403.32
71744,403.37
71745,403.38
71746,403.39
71747,403.38
71748,403.46
71749,403.46
71750,403.40
71751,403.35
71752,403.47
71753,403.54
71754,403.45
71755,403.47
71756,403.47
71757,403.50
71758,403.51
71759,403.52
71760,403.46
71761,403.41
71762,403.60
71763,403.54
71764,403.55
71765,403.46
71766,403.39
71767,403.33
71768,403.48
71769,403.54
71770,403.43
71771,403.45
71772,403.40
71773,403.45
71774,403.48
71775,403.41
71776,403.41
71777,403.44
71778,403.30
71779,403.36
71780,403.43
71781,403.30
71782,403.41
71783,403.36
71784,403.41
71785,403.31
71786,403.39
71787,403.39
71788,403.31
71789,403.34
71790,403.45
71791,403.44
71792,403.39
71793,403.33
71794,403.38
71795,403.27
71796,403.34
71797,403.47
71798,403.42
71799,403.43
71800,403.32
71801,403.44
71802,403.47
71803,403.52
71804,403.43
71805,403.40
71806,403.40
71807,403.39
71808,403.51
71809,403.44
71810,403.59
71811,403.51
71812,403.51
71813,403.48
71814,403.49
71815,403.50
71816,403.52
71817,403.53
71818,403.46
71819,403.44
71820,403.48
71821,403.49
71822,403.50
71823,403.46
71824,403.50
71825,403.44
71826,403.50
71827,403.44
71828,403.54
71829,403.53
71830,403.45
71831,403.49
71832,403.43
71833,403.41
71834,403.49
71835,403.45
71836,403.52
71837,403.52
71838,403.27
71839,403.47
71840,403.46
71841,403.54
71842,403.55
71843,403.51
71844,403.51
71845,403.48
71846,403.56
71847,403.58
71848,403.57
71849,403.53
71850,403.60
71851,403.60
71852,403.46
71853,403.48
71854,403.61
71855,403.63
71856,403.53
71857,403.56
71858,403.58
71859,403.55
71860,403.57
71861,403.57
71862,403.62
71863,403.63
71864,403.51
71865,403.71
71866,403.65
71867,403.62
71868,403.56
71869,403.51
71870,403.58
71871,403.70
71872,403.59
71873,403.47
71874,403.49
71875,403.43
71876,403.59
71877,403.48
71878,403.48
71879,403.57
71880,403.55
71881,403.50
71882,403.45
71883,403.49
71884,403.64
71885,403.61
71886,403.64
71887,403.55
71888,403.55
71889,403.66
71890,403.55
71891,403.50
71892,403.53
71893,403.56
71894,403.58
71895,403.53
71896,403.67
71897,403.59
71898,403.57
71899,403.64
71900,403.66
71901,403.56
71902,403.63
71903,403.55
71904,403.67
71905,403.62
71906,403.68
71907,403.53
71908,403.63
71909,403.59
71910,403.62
71911,403.57
71912,403.68
71913,403.65
71914,403.65
71915,403.63
71916,403.66
71917,403.79
71918,403.73
71919,403.69
71920,403.74
71921,403.75
71922,403.76
71923,403.72
71924,403.77
71925,403.83
71926,403.70
71927,403.75
71928,403.68
71929,403.76
71930,403.87
71931,403.89
71932,403.83
71933,403.80
71934,403.78
71935,403.80
71936,403.75
71937,403.74
71938,403.78
71939,403.71
71940,403.84
71941,403.82
71942,403.76
71943,403.77
71944,403.83
71945,403.82
71946,403.85
71947,403.72
71948,403.77
71949,403.87
71950,403.72
71951,403.80
71952,403.79
71953,403.91
71954,403.74
71955,403.83
71956,403.81
71957,403.88
71958,403.92
71959,403.95
71960,403.87
71961,403.85
71962,403.90
71963,403.91
71964,403.99
71965,403.93
71966,403.86
71967,403.83
71968,403.89
71969,403.89
71970,403.95
71971,404.00
71972,403.91
71973,403.94
71974,403.94
71975,403.95
71976,404.00
71977,403.92
71978,403.90
71979,403.97
71980,403.93
71981,403.89
71982,403.89
71983,403.90
71984,403.97
71985,403.97
71986,403.97
71987,403.94
71988,403.98
71989,404.04
71990,403.94
71991,403.90
71992,403.94
71993,404.01
71994,404.05
71995,403.91
71996,403.95
71997,403.93
71998,403.93
71999,404.03
72000,403.93
72001,404.01
72002,404.00
72003,403.97
72004,403.97
72005,404.04
72006,403.96
72007,403.91
72008,404.01
72009,403.94
72010,403.90
72011,403.92
72012,403.96
72013,403.82
72014,403.97
72015,403.93
72016,403.83
72017,403.88
72018,403.93
72019,403.85
72020,403.83
72021,403.97
72022,403.99
72023,403.92
72024,403.82
72025,403.86
72026,403.99
72027,403.94
72028,403.88
72029,403.85
72030,403.99
72031,403.92
72032,403.87
72033,403.77
72034,403.87
72035,403.85
72036,403.86
72037,403.97
72038,403.91
72039,403.84
72040,403.81
72041,403.88
72042,403.83
72043,403.83
72044,403.80
72045,403.78
72046,403.78
72047,403.81
72048,403.79
72049,403.76
72050,403.77
72051,403.74
72052,403.76
72053,403.76
72054,403.72
72055,403.78
72056,403.81
72057,403.74
72058,403.72
72059,403.69
72060,403.77
72061,403.86
72062,403.79
72063,403.77
72064,403.82
72065,403.72
72066,403.77
72067,403.79
72068,403.77
72069,403.67
72070,403.76
72071,403.68
72072,403.66
72073,403.71
72074,403.73
72075,403.74
72076,403.65
72077,403.82
72078,403.67
72079,403.73
72080,403.70
72081,403.65
72082,403.65
72083,403.64
72084,403.52
72085,403.61
72086,403.75
72087,403.69
72088,403.60
72089,403.65
72090,403.60
72091,403.68
72092,403.64
72093,403.57
72094,403.65
72095,403.73
72096,403.65
72097,403.75
72098,403.71
72099,403.72
72100,403.57
72101,403.71
72102,-9999.99
72103,-9999.99
72104,-9999.99
72105,-9999.99
72106,-9999.99
72107,-9999.99
72108,-9999.99
72109,-9999.99
72110,-9999.99
72111,-9999.99
72112,-9999.99
72113,-9999.99
72114,-9999.99
72115,-9999.99
72116,-9999.99
72117,-9999.99
72118,-9999.99
72119,-9999.99
72120,-9999.99
72121,-9999.99
72122,-9999.99
72123,-9999.99
72124,-9999.99
72125,-9999.99
72126,-9999.99
72127,-9999.99
72128,-9999.99
72129,-9999.99
72130,-9999.99
72131,-9999.99
72132,-9999.99
72133,-9999.99
72134,-9999.99
72135,-9999.99
72136,-9999.99
72137,-9999.99
72138,-9999.99
72139,-9999.99
72140,-9999.99
72141,-9999.99
72142,-9999.99
72143,-9999.99
72144,-9999.99
72145,-9999.99
72146,-9999.99
72147,-9999.99
72148,-9999.99
72149,-9999.99
72150,-9999.99
72151,-9999.99
72152,-9999.99
72153,-9999.99
72154,-9999.99
72155,-9999.99
72156,-9999.99
72157,-9999.99
72158,-9999.99
72159,-9999.99
72160,-9999.99
72161,-9999.99
72162,-9999.99
72163,-9999.99
72164,-9999.99
72165,-9999.99
72166,-9999.99
72167,-9999.99
72168,-9999.99
72169,-9999.99
72170,-9999.99
72171,-9999.99
72172,-9999.99
72173,-9999.99
72174,-9999.99
72175,-9999.99
72176,-9999.99
72177,-9999.99
72178,-9999.99
72179,-9999.99
72180,-9999.99
72181,-9999.99
72182,-9999.99
72183,-9999.99
72184,-9999.99
72185,-9999.99
72186,-9999.99
72187,-9999.99
72188,-9999.99
72189,-9999.99
72190,-9999.99
72191,-9999.99
72192,-9999.99
72193,-9999.99
72194,-9999.99
72195,-9999.99
72196,-9999.99
72197,-9999.99
72198,-9999.99
72199,-9999.99
72200,-9999.99
72201,-9999.99
72202,-9999.99
72203,-9999.99
72204,-9999.99
72205,-9999.99
72206,-9999.99
72207,-9999.99
72208,-9999.99
72209,-9999.99
72210,-9999.99
72211,-9999.99
72212,-9999.99
72213,-9999.99
72214,-9999.99
72215,-9999.99
72216,-9999.99
72217,-9999.99
72218,-9999.99
72219,-9999.99
72220,-9999.99
72221,-9999.99
72222,-9999.99
72223,-9999.99
72224,-9999.99
72225,-9999.99
72226,-9999.99
72227,-9999.99
72228,-9999.99
72229,-9999.99
72230,-9999.99
72231,-9999.99
72232,-9999.99
72233,-9999.99
72234,-9999.99
72235,-9999.99
72236,-9999.99
72237,-9999.99
72238,-9999.99
72239,-9999.99
72240,-9999.99
72241,-9999.99
72242,-9999.99
72243,-9999.99
72244,-9999.99
72245,-9999.99
72246,-9999.99
72247,-9999.99
72248,-9999.99
72249,-9999.99
72250,-9999.99
72251,-9999.99
72252,-9999.99
72253,-9999.99
72254,-9999.99
72255,-9999.99
72256,-9999.99
72257,-9999.99
72258,-9999.99
72259,-9999.99
72260,-9999.99
72261,-9999.99
72262,-9999.99
72263,-9999.99
72264,-9999.99
72265,-9999.99
72266,-9999.99
72267,-9999.99
72268,-9999.99
72269,-9999.99
72270,-9999.99
72271,-9999.99
72272,403.56
72273,403.52
72274,403.56
72275,403.62
72276,403.60
72277,403.63
72278,403.57
72279,403.63
72280,403.56
72281,403.60
72282,403.61
72283,403.62
72284,403.64
72285,403.67
72286,403.57
72287,403.71
72288,403.62
72289,403.70
72290,403.64
72291,403.55
72292,403.74
72293,403.66
72294,403.64
72295,403.62
72296,403.72
72297,403.61
72298,403.73
72299,403.72
72300,403.60
72301,403.64
72302,403.63
72303,403.65
72304,403.73
72305,403.75
72306,403.70
72307,403.65
72308,403.64
72309,403.76
72310,403.78
72311,403.74
72312,403.71
72313,403.66
72314,403.80
72315,403.71
72316,403.67
72317,403.66
72318,403.52
72319,403.64
72320,403.69
72321,403.70
72322,403.60
72323,403.65
72324,403.69
72325,403.71
72326,403.71
72327,403.74
72328,403.73
72329,403.72
72330,403.68
72331,403.70
72332,403.75
72333,403.82
72334,403.72
72335,403.70
72336,403.70
72337,403.81
72338,403.71
72339,403.70
72340,403.74
72341,403.70
72342,403.73
72343,403.74
72344,403.67
72345,403.78
72346,403.69
72347,403.71
72348,403.70
72349,403.79
72350,403.71
72351,403.68
72352,403.72
72353,403.75
72354,403.71
72355,403.77
72356,403.70
72357,403.71
72358,403.76
72359,403.75
72360,403.68
72361,403.83
72362,403.79
72363,403.75
72364,403.68
72365,403.81
72366,403.70
72367,403.67
72368,403.84
72369,403.77
72370,403.75
72371,403.87
72372,403.68
72373,403.81
72374,403.77
72375,403.81
72376,403.84
72377,403.82
72378,403.82
72379,403.79
72380,403.83
72381,403.82
72382,403.73
72383,403.71
72384,403.76
72385,403.91
72386,403.81
72387,403.81
72388,403.84
72389,403.86
72390,403.84
72391,403.89
72392,403.86
72393,403.77
72394,403.79
72395,403.89
72396,403.83
72397,403.82
72398,403.86
72399,403.79
72400,403.80
72401,403.86
72402,403.88
72403,403.88
72404,403.88
72405,403.84
72406,403.84
72407,403.76
72408,403.86
72409,403.92
72410,403.88
72411,403.93
72412,403.87
72413,403.93
72414,403.82
72415,403.79
72416,403.84
72417,403.88
72418,403.90
72419,403.82
72420,403.90
72421,403.85
72422,403.96
72423,403.96
72424,403.92
72425,403.85
72426,403.88
72427,403.95
72428,403.87
72429,403.89
72430,403.94
72431,403.88
72432,403.88
72433,403.84
72434,403.86
72435,403.85
72436,403.90
72437,403.86
72438,403.89
72439,403.87
72440,403.91
72441,403.78
72442,403.81
72443,403.80
72444,403.73
72445,403.82
72446,403.72
72447,403.81
72448,403.80
72449,403.79
72450,403.85
72451,403.88
72452,403.75
72453,403.81
72454,403.87
72455,403.93
72456,403.83
72457,403.87
72458,403.78
72459,403.78
72460,403.82
72461,403.80
72462,403.80
72463,403.83
72464,403.88
72465,403.87
72466,-9999.99
72467,-9999.99
72468,-9999.99
72469,-9999.99
72470,403.87
72471,403.89
72472,403.84
72473,403.87
72474,403.85
72475,403.90
72476,403.90
72477,403.89
72478,403.87
72479,403.97
72480,404.01
72481,404.01
72482,403.96
72483,404.07
72484,404.03
72485,404.08
72486,404.10
72487,404.07
72488,404.04
72489,404.07
72490,404.01
72491,403.97
72492,404.01
72493,404.07
72494,404.02
72495,404.01
72496,404.07
72497,404.00
72498,404.07
72499,404.08
72500,404.07
72501,404.00
72502,404.03
72503,403.96
72504,404.07
72505,404.00
72506,403.94
72507,403.96
72508,404.08
72509,403.96
72510,403.99
72511,404.09
72512,403.99
72513,404.02
72514,403.99
72515,403.96
72516,403.91
72517,404.00
72518,403.92
72519,404.02
72520,403.99
72521,403.97
72522,403.94
72523,403.99
72524,403.98
72525,404.06
72526,403.90
72527,404.04
72528,403.90
72529,403.90
72530,404.06
72531,403.96
72532,403.92
72533,404.01
72534,403.99
72535,404.00
72536,404.00
72537,404.00
72538,403.95
72539,403.94
72540,403.85
72541,403.96
72542,404.00
72543,403.96
72544,403.95
72545,403.93
72546,403.88
72547,404.00
72548,403.91
72549,403.97
72550,403.86
72551,403.91
72552,403.91
72553,403.83
72554,403.85
72555,403.86
72556,403.89
72557,403.89
72558,403.86
72559,403.87
72560,403.92
72561,403.92
72562,403.98
72563,403.90
72564,403.91
72565,403.93
72566,403.93
72567,403.87
72568,403.88
72569,403.80
72570,403.83
72571,403.84
72572,403.87
72573,403.83
72574,403.91
72575,403.82
72576,403.85
72577,403.81
72578,403.78
72579,403.86
