NETCARE2015/data/raw/Flight10/CO2_POLAR6_20150421_R1_NETCARE.ict
34, 1001
Bozem, Heiko; Hoor, Peter
Institute for Atmospheric Physics, Johannes Gutenberg University, Mainz, Germany
CO2 mixing ratio from LI7200 CO2 analyzer
NETCARE Polar 6 Campaign 2015
1, 1
2015, 04, 21, 2015, 08, 12
1
Time_UTC, seconds
1
1
-9999.99
CO2_ppmv, ppmv
0
19
PI_CONTACT_INFO: Address: Johann-Joachim-Becherweg 21, 55128 Mainz, email: bozemh@uni-mainz.de; hoor@uni-mainz.de
PLATFORM: Polar 6
LOCATION: GPS location and altitude available at 1 Hz resolution in separate file (See AIMMS files under Aircraft data and meteorology)
ASSOCIATED_DATA: N/A
INSTRUMENT_INFO: CO2 measurements based on non-dispersive infrared absorption spectroscopy
DATA_INFO: Units are ppmv
UNCERTAINTY: UNCERTAINTY RELATIVE TO STANDARD: 1.71 ppmv at 1 sigma confidence (before drift correction is applied)
ULOD_FLAG: -7777
ULOD_VALUE: 3000
LLOD_FLAG: -8888
LLOD_VALUE: N/A 
DM_CONTACT_INFO: N/A
PROJECT_INFO: NETCARE Polar 6 aircraft campaign in April 2015; Inuvik
STIPULATIONS_ON_USE: N/A
OTHER_COMMENTS: N/A
REVISION: R1
R0: Preliminary data, corrected for instrument drift
R1: Final data, corrected for instrument drift
Time_UTC,CO2_ppmv
[from data line 18119]
76195,406.18
76196,406.24
76197,406.31
76198,406.23
76199,406.25
76200,406.20
76201,406.26
76202,406.22
76203,406.15
76204,406.23
76205,406.26
76206,406.22
76207,406.30
76208,406.20
76209,406.21
76210,406.26
76211,406.27
76212,406.22
76213,406.27
76214,406.24
76215,406.22
76216,406.26
76217,406.25
76218,406.30
76219,406.22
76220,406.29
76221,406.31
76222,406.30
76223,406.28
76224,406.30
76225,406.41
76226,406.25
76227,406.34
76228,406.51
76229,406.43
76230,406.35
76231,406.30
76232,406.43
76233,406.30
76234,406.34
76235,406.35
76236,406.32
76237,406.31
76238,406.36
76239,406.42
76240,406.40
76241,406.31
76242,406.29
76243,406.39
76244,406.32
76245,406.44
76246,406.30
76247,406.25
76248,406.25
76249,406.31
76250,406.33
76251,406.34
76252,406.33
76253,406.38
76254,406.36
76255,406.42
76256,406.28
76257,406.34
76258,406.37
76259,406.28
76260,406.32
76261,406.32
76262,406.36
76263,406.36
76264,406.32
76265,406.45
76266,406.33
76267,406.40
76268,406.32
76269,406.39
76270,406.40
76271,406.36
76272,406.42
76273,406.40
76274,406.42
76275,406.45
76276,406.39
76277,406.40
76278,406.45
76279,406.38
76280,406.38
76281,406.34
76282,406.31
76283,406.44
76284,406.28
76285,406.36
76286,406.49
76287,406.41
76288,406.37
76289,406.44
76290,406.55
76291,406.42
76292,406.45
76293,406.40
76294,406.42
76295,406.46
76296,406.44
76297,406.47
76298,406.49
76299,406.47
76300,406.55
76301,406.40
76302,406.36
76303,406.52
76304,406.46
76305,406.48
76306,406.51
76307,406.42
76308,406.45
76309,406.55
76310,406.49
76311,406.46
76312,406.46
76313,406.48
76314,406.44
76315,406.40
76316,406.51
76317,406.43
76318,406.55
76319,406.49
76320,406.50
76321,406.52
76322,406.45
76323,406.49
76324,406.51
76325,406.53
76326,406.45
76327,406.50
76328,406.52
76329,406.49
76330,406.54
76331,406.45
76332,406.53
76333,406.46
76334,406.45
76335,406.51
76336,406.46
76337,406.47
76338,406.40
76339,406.46
76340,406.47
76341,406.47
76342,406.53
76343,406.51
76344,406.48
76345,406.51
76346,406.51
76347,406.46
76348,406.55
76349,406.48
76350,406.49
76351,406.48
76352,406.57
76353,406.42
76354,406.58
76355,406.60
76356,406.55
76357,406.47
76358,406.52
76359,406.51
76360,406.52
76361,406.60
76362,406.54
76363,406.51
76364,406.49
76365,406.51
76366,406.51
76367,406.56
76368,406.54
76369,406.53
76370,406.60
76371,406.51
76372,406.52
76373,406.59
76374,406.56
76375,406.53
76376,406.53
76377,406.53
76378,406.45
76379,406.51
76380,406.45
76381,406.63
76382,406.53
76383,406.56
76384,406.54
76385,406.62
76386,406.58
76387,406.55
76388,406.52
76389,406.53
76390,406.52
76391,406.53
76392,406.51
76393,406.49
76394,406.58
76395,406.52
76396,406.59
76397,406.59
76398,406.58
76399,406.51
76400,406.57
76401,406.58
76402,406.56
76403,406.53
76404,406.56
76405,406.55
76406,406.57
76407,406.54
76408,406.52
76409,406.58
76410,406.58
76411,406.54
76412,406.54
76413,406.54
76414,406.57
76415,406.60
76416,406.54
76417,406.62
76418,406.49
76419,406.57
76420,406.63
76421,406.55
76422,406.54
76423,406.60
76424,406.61
76425,406.57
76426,406.62
76427,406.60
76428,406.61
76429,406.64
76430,406.56
76431,406.59
76432,406.61
76433,406.65
76434,406.58
76435,406.52
76436,406.52
76437,406.64
76438,406.63
76439,406.55
76440,406.47
76441,406.57
76442,406.51
76443,406.56
76444,406.54
76445,406.59
76446,406.67
76447,406.57
76448,406.55
76449,406.46
76450,406.57
76451,406.58
76452,406.49
76453,406.58
76454,406.61
76455,406.54
76456,406.49
76457,406.53
76458,406.54
76459,406.58
76460,406.49
76461,406.58
76462,406.59
76463,406.58
76464,406.59
76465,406.61
76466,406.53
76467,406.48
76468,406.60
76469,406.56
76470,406.52
76471,406.55
76472,406.53
76473,406.40
76474,406.54
76475,406.52
76476,406.54
76477,406.57
76478,406.52
76479,406.54
76480,406.50
76481,406.49
76482,406.52
76483,406.51
76484,406.56
76485,406.51
76486,406.57
76487,406.56
76488,406.58
76489,406.53
76490,406.54
76491,406.49
76492,406.58
76493,406.53
76494,406.48
76495,406.55
76496,406.53
76497,406.48
76498,406.53
76499,406.53
76500,406.52
76501,406.55
76502,406.42
76503,406.48
76504,406.56
76505,406.53
76506,406.44
76507,406.49
76508,406.49
76509,406.52
76510,406.40
76511,406.50
76512,406.53
76513,406.46
76514,406.39
76515,406.51
76516,406.49
76517,406.53
76518,406.46
76519,406.46
76520,406.51
76521,406.44
76522,406.43
76523,406.46
76524,406.55
76525,406.45
76526,406.54
76527,406.45
76528,406.53
76529,406.53
76530,406.38
76531,406.46
76532,406.50
76533,406.47
76534,406.48
76535,406.45
76536,406.46
76537,406.46
76538,406.39
76539,406.42
76540,406.46
76541,406.46
76542,406.40
76543,406.43
76544,406.44
76545,406.43
76546,406.43
76547,406.43
76548,406.46
76549,406.42
76550,406.45
76551,406.27
76552,406.44
76553,406.55
76554,406.54
76555,406.47
76556,406.48
76557,406.55
76558,406.50
76559,406.57
76560,406.59
76561,406.57
76562,406.51
76563,406.57
76564,406.56
76565,406.42
76566,406.52
76567,406.58
76568,406.51
76569,406.34
76570,406.53
76571,406.50
76572,406.49
76573,406.41
76574,406.41
76575,406.45
76576,406.41
76577,406.43
76578,406.39
76579,406.44
76580,406.42
76581,406.31
76582,406.47
76583,406.44
76584,406.37
76585,406.40
76586,406.50
76587,406.37
76588,406.40
76589,406.38
76590,406.36
76591,406.39
76592,406.37
76593,406.47
76594,406.47
76595,406.42
76596,406.51
76597,406.40
76598,406.46
76599,406.50
76600,406.56
76601,406.48
76602,406.52
76603,406.54
76604,406.51
76605,406.60
76606,406.59
76607,406.61
76608,406.57
76609,406.58
76610,406.63
76611,406.84
76612,406.88
76613,406.80
76614,406.90
76615,406.88
76616,406.82
76617,406.75
76618,406.83
76619,406.85
76620,406.82
76621,406.77
76622,406.77
76623,406.69
76624,406.74
76625,406.71
76626,406.63
76627,406.53
76628,406.50
76629,406.54
76630,406.44
76631,406.39
76632,406.40
76633,406.40
76634,406.38
76635,406.43
76636,406.39
76637,406.31
76638,406.45
76639,406.33
76640,406.42
76641,406.37
76642,406.37
76643,406.32
76644,406.41
76645,406.41
76646,406.51
76647,406.67
76648,406.87
76649,406.79
76650,406.74
76651,406.77
76652,406.75
76653,406.80
76654,406.83
76655,406.88
76656,406.83
76657,406.77
76658,406.74
76659,406.74
76660,406.88
76661,406.83
76662,406.75
76663,406.75
76664,406.81
76665,406.84
76666,406.77
76667,406.71
76668,406.77
76669,406.85
76670,406.86
76671,406.90
76672,406.94
76673,406.85
76674,406.88
76675,406.98
76676,406.86
76677,406.82
76678,406.90
76679,406.95
76680,406.96
76681,406.78
76682,406.74
76683,406.79
76684,406.67
76685,406.73
76686,406.69
76687,406.77
76688,406.76
76689,406.67
76690,406.72
76691,406.82
76692,406.72
76693,406.72
76694,406.80
76695,406.82
76696,406.85
76697,406.93
76698,406.88
76699,406.84
76700,406.99
76701,407.05
76702,407.07
76703,407.22
76704,407.33
76705,407.36
76706,407.39
76707,407.32
76708,407.28
76709,407.38
76710,407.43
76711,407.47
76712,407.34
76713,407.41
76714,407.43
76715,407.38
76716,407.43
76717,407.37
76718,407.38
76719,407.48
76720,407.50
76721,407.52
76722,407.41
76723,407.58
76724,407.51
76725,407.49
76726,407.48
76727,407.44
76728,407.50
76729,407.28
76730,407.47
76731,407.38
76732,407.41
76733,407.34
76734,407.28
76735,407.43
76736,407.39
76737,407.39
76738,407.27
76739,407.28
76740,407.44
76741,407.31
76742,407.26
76743,407.27
76744,407.34
76745,407.35
76746,407.35
76747,407.28
76748,407.28
76749,407.27
76750,407.19
76751,407.29
76752,407.28
76753,407.30
76754,407.27
76755,407.26
76756,407.28
76757,407.31
76758,407.30
76759,407.28
76760,407.32
76761,407.28
76762,407.26
76763,407.33
76764,407.31
76765,407.33
76766,407.36
76767,407.34
76768,407.31
76769,407.30
76770,407.32
76771,407.35
76772,407.31
76773,407.23
76774,407.27
76775,407.41
76776,407.35
76777,407.33
76778,407.26
76779,407.37
76780,407.41
76781,407.36
76782,407.37
76783,407.44
76784,407.42
76785,407.42
76786,407.43
76787,407.45
76788,407.33
76789,407.40
76790,407.41
76791,407.40
76792,407.52
76793,407.52
76794,407.50
76795,407.48
76796,407.62
76797,407.46
76798,407.52
76799,407.51
76800,407.51
76801,407.56
76802,407.55
76803,407.74
76804,407.76
76805,408.01
76806,408.10
76807,408.38
76808,408.54
76809,408.57
76810,408.54
76811,408.57
76812,408.67
76813,408.63
76814,408.63
76815,408.55
76816,408.54
76817,408.54
76818,408.52
76819,408.61
76820,408.54
76821,408.56
76822,408.64
76823,408.67
76824,408.59
76825,408.62
76826,408.74
76827,408.71
76828,408.75
76829,408.67
76830,408.63
76831,408.69
76832,408.76
76833,408.69
76834,408.71
76835,408.67
76836,408.68
76837,408.60
76838,408.77
76839,408.64
76840,408.65
76841,408.65
76842,408.68
76843,408.63
76844,408.56
76845,408.63
76846,408.63
76847,408.58
76848,408.68
76849,408.71
76850,408.66
76851,408.75
76852,408.66
76853,408.71
76854,408.64
76855,408.63
76856,408.71
76857,408.65
76858,408.74
76859,408.63
76860,408.69
76861,408.63
76862,408.71
76863,408.67
76864,408.71
76865,408.66
76866,408.68
76867,408.71
76868,408.65
76869,408.70
76870,408.68
76871,408.59
76872,408.57
76873,408.58
76874,408.64
76875,408.65
76876,408.67
76877,408.54
76878,408.65
76879,408.56
76880,408.77
76881,408.61
76882,408.60
76883,408.71
76884,408.61
76885,408.64
76886,408.56
76887,408.62
76888,408.65
76889,408.44
76890,408.66
76891,408.70
76892,408.62
76893,408.65
76894,408.64
76895,408.59
76896,408.57
76897,408.53
76898,408.49
76899,408.53
76900,408.67
76901,408.65
76902,408.57
76903,408.57
76904,408.63
76905,408.52
76906,408.47
76907,408.62
76908,408.63
76909,408.60
76910,408.59
76911,408.54
76912,408.49
76913,408.59
76914,408.52
76915,408.54
76916,408.54
76917,408.42
76918,408.46
76919,408.38
76920,408.57
76921,408.21
76922,408.47
76923,408.55
76924,408.29
76925,408.49
76926,408.40
76927,408.44
76928,408.42
76929,408.37
76930,408.32
76931,408.42
76932,408.41
76933,408.39
76934,408.29
76935,408.44
76936,408.32
76937,408.33
76938,408.35
76939,408.44
76940,408.45
76941,408.40
76942,408.33
76943,408.34
76944,408.50
76945,408.44
76946,408.45
76947,408.37
76948,408.44
76949,408.38
76950,408.47
76951,408.49
76952,408.40
76953,408.45
76954,408.41
76955,408.38
76956,408.45
76957,408.38
76958,408.42
76959,408.34
76960,408.38
76961,408.40
76962,408.45
76963,408.35
76964,408.43
76965,408.44
76966,408.39
76967,408.43
76968,408.44
76969,408.46
76970,408.42
76971,408.35
76972,408.48
76973,408.44
76974,408.39
76975,408.43
76976,408.37
76977,408.38
76978,408.43
76979,408.41
76980,408.38
76981,408.37
76982,408.47
76983,408.39
76984,408.40
76985,408.39
76986,408.34
76987,408.38
76988,408.39
76989,408.41
76990,408.40
76991,408.43
76992,408.37
76993,408.42
76994,408.41
76995,408.36
76996,408.36
76997,408.33
76998,408.34
76999,408.41
77000,408.41
77001,408.40
77002,408.43
77003,408.41
77004,408.34
77005,408.37
77006,408.38
77007,408.43
77008,408.43
77009,408.31
77010,408.32
77011,408.36
77012,408.39
77013,408.40
77014,408.34
77015,408.33
77016,408.30
77017,408.35
77018,408.40
77019,408.33
77020,408.43
77021,408.33
77022,408.37
77023,408.30
77024,408.44
77025,408.35
77026,408.31
77027,408.38
77028,408.34
77029,408.33
77030,408.38
77031,408.32
77032,408.35
77033,408.27
77034,408.29
77035,408.29
77036,408.41
77037,408.26
77038,408.32
77039,408.30
77040,408.00
77041,408.46
77042,408.37
77043,408.18
77044,408.31
77045,408.21
77046,408.23
