NETCARE2015/data/raw/Flight10/CO2_POLAR6_20150421_R1_NETCARE.ict
34, 1001
Bozem, Heiko; Hoor, Peter
Institute for Atmospheric Physics, Johannes Gutenberg University, Mainz, Germany
CO2 mixing ratio from LI7200 CO2 analyzer
NETCARE Polar 6 Campaign 2015
1, 1
2015, 04, 21, 2015, 08, 12
1
Time_UTC, seconds
1
1
-9999.99
CO2_ppmv, ppmv
0
19
PI_CONTACT_INFO: Address: Johann-Joachim-Becherweg 21, 55128 Mainz, email: bozemh@uni-mainz.de; hoor@uni-mainz.de
PLATFORM: Polar 6
LOCATION: GPS location and altitude available at 1 Hz resolution in separate file (See AIMMS files under Aircraft data and meteorology)
ASSOCIATED_DATA: N/A
INSTRUMENT_INFO: CO2 measurements based on non-dispersive infrared absorption spectroscopy
DATA_INFO: Units are ppmv
UNCERTAINTY: UNCERTAINTY RELATIVE TO STANDARD: 1.71 ppmv at 1 sigma confidence (before drift correction is applied)
ULOD_FLAG: -7777
ULOD_VALUE: 3000
LLOD_FLAG: -8888
LLOD_VALUE: N/A 
DM_CONTACT_INFO: N/A
PROJECT_INFO: NETCARE Polar 6 aircraft campaign in April 2015; Inuvik
STIPULATIONS_ON_USE: N/A
OTHER_COMMENTS: N/A
REVISION: R1
R0: Preliminary data, corrected for instrument drift
R1: Final data, corrected for instrument drift
Time_UTC,CO2_ppmv
[from data line 7252]
65328,406.47
65329,406.48
65330,406.40
65331,406.46
65332,406.40
65333,406.49
65334,406.44
65335,406.44
65336,406.50
65337,406.51
65338,406.58
65339,406.42
65340,406.44
65341,406.53
65342,406.40
65343,406.47
65344,406.45
65345,406.51
65346,406.49
65347,406.51
65348,406.42
65349,406.41
65350,406.41
65351,406.49
65352,406.51
65353,406.41
65354,406.48
65355,406.48
65356,406.47
65357,406.46
65358,406.47
65359,406.47
65360,406.42
65361,406.48
65362,406.55
65363,406.50
65364,406.50
65365,406.56
65366,406.54
65367,406.52
65368,406.52
65369,406.45
65370,406.61
65371,406.46
65372,406.57
65373,406.60
65374,406.62
65375,406.56
65376,406.47
65377,406.65
65378,406.50
65379,406.54
65380,406.51
65381,406.58
65382,406.55
65383,406.58
65384,406.53
65385,406.57
65386,406.68
65387,406.62
65388,406.49
65389,406.64
65390,406.57
65391,406.69
65392,406.60
65393,406.60
65394,406.67
65395,406.63
65396,406.74
65397,406.71
65398,406.62
65399,406.69
65400,406.64
65401,406.80
65402,406.56
65403,406.68
65404,406.67
65405,406.59
65406,406.71
65407,406.57
65408,406.69
65409,406.68
65410,406.61
65411,406.69
65412,406.62
65413,406.65
65414,406.69
65415,406.75
65416,406.72
65417,406.62
65418,406.61
65419,406.66
65420,406.78
65421,406.70
65422,406.71
65423,406.74
65424,406.77
65425,406.67
65426,406.73
65427,406.72
65428,406.70
65429,406.74
65430,406.90
65431,406.79
65432,406.80
65433,406.79
65434,406.87
65435,406.83
65436,406.76
65437,406.81
65438,406.84
65439,406.86
65440,406.74
65441,406.81
65442,406.83
65443,406.78
65444,406.82
65445,406.82
65446,406.90
65447,406.81
65448,406.76
65449,406.84
65450,406.87
65451,406.85
65452,406.79
65453,406.88
65454,406.79
65455,406.81
65456,406.80
65457,406.83
65458,406.90
65459,406.83
65460,406.85
65461,406.75
65462,406.83
65463,406.92
65464,406.80
65465,406.77
65466,406.74
65467,406.82
65468,406.87
65469,406.77
65470,406.81
65471,406.82
65472,406.77
65473,406.86
65474,406.80
65475,406.84
65476,406.81
65477,406.78
65478,406.92
65479,406.78
65480,406.87
65481,406.74
65482,406.85
65483,406.82
65484,406.83
65485,406.88
65486,406.90
65487,406.90
65488,406.87
65489,406.94
65490,406.86
65491,406.86
65492,406.77
65493,406.87
65494,406.92
65495,406.78
65496,406.90
65497,406.90
65498,406.86
65499,406.93
65500,406.88
65501,406.84
65502,406.86
65503,406.94
65504,406.86
65505,406.92
65506,406.93
65507,406.93
65508,406.89
65509,406.86
65510,406.89
65511,406.87
65512,406.87
65513,406.93
65514,406.90
65515,406.87
65516,406.86
65517,407.00
65518,406.94
65519,406.91
65520,406.90
65521,406.90
65522,406.91
65523,406.88
65524,406.89
65525,406.90
65526,406.93
65527,406.85
65528,406.85
65529,406.92
65530,406.84
65531,407.03
65532,406.88
65533,406.92
65534,406.95
65535,406.99
65536,406.96
65537,406.86
65538,406.97
65539,406.95
65540,406.95
65541,406.98
65542,406.98
65543,407.02
65544,406.92
65545,406.96
65546,407.04
65547,407.01
65548,406.94
65549,407.07
65550,407.03
65551,406.98
65552,407.06
65553,406.99
65554,407.03
65555,406.96
65556,406.96
65557,406.87
65558,407.03
65559,407.01
65560,407.03
65561,406.99
65562,406.92
65563,406.92
65564,406.93
65565,407.02
65566,406.97
65567,406.88
65568,406.98
65569,406.91
65570,406.89
65571,406.85
65572,406.84
65573,406.87
65574,406.90
65575,406.86
65576,406.82
65577,406.75
65578,406.69
65579,406.89
65580,406.81
65581,406.86
65582,406.68
65583,406.80
65584,406.77
65585,406.73
65586,406.75
65587,406.70
65588,406.69
65589,406.77
65590,406.80
65591,406.91
65592,406.88
65593,406.89
65594,406.78
65595,406.92
65596,406.83
65597,406.80
65598,406.91
65599,406.95
65600,406.91
65601,406.87
65602,406.90
65603,406.82
65604,406.79
65605,406.94
65606,406.86
65607,406.85
65608,406.79
65609,406.88
65610,406.83
65611,406.79
65612,406.82
65613,406.85
65614,406.85
65615,406.65
65616,406.76
65617,406.78
65618,406.77
65619,406.77
65620,406.77
65621,406.80
65622,406.81
65623,406.81
65624,406.74
65625,406.69
65626,406.71
65627,406.66
65628,406.65
65629,406.65
65630,406.49
65631,406.67
65632,406.63
65633,406.57
65634,406.64
65635,406.59
65636,406.57
65637,406.65
65638,406.57
65639,406.49
65640,406.42
65641,406.50
65642,406.39
65643,406.50
65644,406.45
65645,406.53
65646,406.44
65647,406.43
65648,406.49
65649,406.45
65650,406.39
65651,406.30
65652,406.42
65653,406.47
65654,406.32
65655,406.38
65656,406.41
65657,406.50
65658,406.45
65659,406.45
65660,406.53
65661,406.41
65662,406.41
65663,406.42
65664,406.37
65665,406.42
65666,406.54
65667,406.40
65668,406.32
65669,406.52
65670,406.49
65671,406.45
65672,406.45
65673,406.49
65674,406.54
65675,406.49
65676,406.59
65677,406.55
65678,406.53
65679,406.61
65680,406.55
65681,406.42
65682,406.65
65683,406.59
65684,406.64
65685,406.75
65686,406.65
65687,406.61
65688,406.60
65689,406.82
65690,406.59
65691,406.57
65692,406.55
65693,406.63
65694,406.49
65695,406.51
65696,406.55
65697,406.54
65698,406.51
65699,406.59
65700,406.50
65701,406.64
65702,406.48
65703,406.35
65704,406.33
65705,406.36
65706,406.30
65707,406.36
65708,406.28
65709,406.35
65710,406.37
65711,406.39
65712,406.31
65713,406.27
65714,406.33
65715,406.34
65716,406.29
65717,406.35
65718,406.23
65719,406.34
65720,406.31
65721,406.30
65722,406.43
65723,406.39
65724,406.52
65725,406.31
65726,406.31
65727,406.47
65728,406.41
65729,406.46
65730,406.43
65731,406.39
65732,406.34
65733,406.39
65734,406.44
65735,406.21
65736,406.39
65737,406.36
65738,406.24
65739,406.32
65740,406.23
65741,406.30
65742,406.33
65743,406.26
65744,406.19
65745,406.24
65746,406.41
65747,406.22
65748,406.25
65749,406.25
65750,406.21
65751,406.24
65752,406.22
65753,406.29
65754,406.24
65755,406.13
65756,406.20
65757,406.37
65758,406.17
65759,406.11
65760,406.19
65761,406.12
65762,406.12
65763,406.05
65764,406.08
65765,406.05
65766,406.13
65767,406.09
65768,406.06
65769,405.96
65770,406.10
65771,406.06
65772,406.05
65773,405.96
65774,406.07
65775,406.03
65776,406.02
65777,405.99
65778,405.98
65779,405.99
65780,406.03
65781,405.92
65782,405.96
65783,405.99
65784,406.00
65785,406.01
65786,406.02
65787,405.98
65788,406.00
65789,405.90
65790,405.90
65791,405.93
65792,405.91
65793,405.94
65794,405.94
65795,405.94
65796,405.82
65797,405.96
65798,405.91
65799,405.85
65800,406.02
65801,405.92
65802,405.88
65803,405.92
65804,405.87
65805,405.86
65806,405.97
65807,405.94
65808,405.87
65809,405.89
65810,405.87
65811,405.91
65812,405.83
65813,405.89
65814,405.90
65815,405.88
65816,405.81
65817,405.89
65818,405.75
65819,405.83
65820,405.82
65821,405.77
65822,405.86
65823,405.93
65824,405.83
65825,405.75
65826,405.80
65827,405.80
65828,405.85
65829,405.80
65830,405.81
65831,405.75
65832,405.81
65833,405.74
65834,405.81
65835,405.71
65836,405.74
65837,405.68
65838,405.84
65839,405.82
65840,405.73
65841,405.71
65842,405.75
65843,405.76
65844,405.75
65845,405.70
65846,405.64
65847,405.61
65848,405.71
65849,405.65
65850,405.66
65851,405.76
65852,405.69
65853,405.64
65854,405.61
65855,405.70
65856,405.70
65857,405.65
65858,405.72
65859,405.62
65860,405.64
65861,405.67
65862,405.65
65863,405.63
65864,405.58
65865,405.62
65866,405.64
65867,405.67
65868,405.58
65869,405.56
65870,405.66
65871,405.58
65872,405.66
65873,405.58
65874,405.67
65875,405.71
65876,405.73
65877,405.64
65878,405.66
65879,405.64
65880,405.62
65881,405.52
65882,405.66
65883,405.54
65884,405.41
65885,405.40
65886,405.40
65887,405.52
65888,405.57
65889,405.49
65890,405.53
65891,405.61
65892,405.74
65893,405.66
65894,405.62
65895,405.70
65896,405.55
65897,405.67
65898,405.79
65899,405.73
65900,405.62
65901,405.52
65902,405.60
65903,405.56
65904,405.58
65905,405.50
65906,405.49
65907,405.48
65908,405.48
65909,405.45
65910,405.60
65911,405.65
65912,405.60
65913,405.60
65914,405.52
65915,405.53
65916,405.39
65917,405.48
65918,405.43
65919,405.47
65920,405.42
65921,405.59
65922,405.36
65923,405.37
65924,405.59
65925,405.68
65926,405.41
65927,405.64
65928,405.72
65929,405.52
65930,405.57
65931,405.40
65932,405.45
65933,405.58
65934,405.62
65935,405.59
65936,405.65
65937,405.64
65938,405.49
65939,405.68
65940,405.62
65941,405.57
65942,405.49
65943,405.53
65944,405.58
65945,405.53
65946,405.48
65947,405.54
65948,405.61
65949,405.63
65950,405.66
65951,405.69
65952,405.71
65953,405.66
65954,405.64
65955,405.70
65956,405.74
65957,405.70
65958,405.64
65959,405.57
65960,405.66
65961,405.60
65962,405.70
65963,405.60
65964,405.57
65965,405.72
65966,405.77
65967,405.70
65968,405.71
65969,405.83
65970,405.71
65971,405.67
65972,405.62
65973,405.61
65974,405.59
65975,405.72
65976,405.59
65977,405.60
65978,405.66
65979,405.67
65980,405.54
65981,405.59
65982,405.57
65983,405.57
65984,405.47
65985,405.61
65986,405.70
65987,405.64
65988,405.64
65989,405.56
65990,405.64
65991,405.66
65992,405.62
65993,405.70
65994,405.71
65995,405.66
65996,405.67
65997,405.73
65998,405.61
65999,405.76
66000,405.67
66001,405.64
66002,405.71
66003,405.77
66004,405.72
66005,405.63
66006,405.72
66007,405.72
66008,405.64
66009,405.64
66010,405.72
66011,405.71
66012,405.64
66013,405.63
66014,405.81
66015,405.75
66016,405.78
66017,405.66
66018,405.50
66019,405.34
66020,405.47
66021,405.48
66022,405.57
66023,405.57
66024,405.51
66025,405.47
66026,405.61
66027,405.63
66028,405.72
66029,405.77
66030,405.70
66031,405.64
66032,405.81
66033,405.58
66034,405.63
66035,405.74
66036,405.68
66037,405.54
66038,405.74
66039,405.61
66040,405.59
66041,405.60
66042,405.85
66043,405.61
66044,405.73
66045,405.88
66046,405.83
66047,405.72
66048,405.86
66049,405.86
66050,405.85
66051,405.83
66052,405.83
66053,405.84
66054,405.77
66055,405.86
66056,405.91
66057,405.89
66058,405.79
66059,405.83
66060,405.70
66061,405.82
66062,405.90
66063,405.94
66064,405.80
66065,405.75
66066,405.80
66067,405.85
66068,405.93
66069,405.80
66070,405.89
66071,405.81
66072,405.75
66073,405.77
66074,405.90
66075,405.82
66076,405.79
66077,405.76
66078,405.79
66079,405.84
66080,405.77
66081,405.66
66082,405.76
66083,405.78
66084,405.86
66085,405.78
66086,405.85
66087,405.82
66088,405.85
66089,405.88
66090,405.87
66091,405.93
66092,405.92
66093,405.81
66094,405.84
66095,405.91
66096,405.86
66097,405.86
66098,405.92
66099,405.80
66100,405.79
66101,405.86
66102,405.81
66103,405.86
66104,405.96
66105,405.92
66106,405.82
66107,405.74
66108,405.73
66109,405.69
66110,405.58
66111,405.73
66112,405.78
66113,405.78
66114,405.73
66115,405.77
66116,405.89
66117,405.77
66118,405.84
66119,405.84
66120,405.90
66121,405.86
66122,405.79
66123,405.82
66124,405.10
66125,405.06
66126,405.00
66127,405.07
66128,405.02
66129,405.44
66130,405.39
66131,405.58
66132,405.63
66133,405.57
66134,405.72
66135,405.65
66136,405.69
66137,405.64
66138,405.11
66139,405.30
66140,405.51
66141,405.71
66142,405.74
66143,405.71
66144,405.71
66145,405.74
66146,405.63
66147,405.73
66148,405.69
66149,405.63
66150,405.63
66151,405.13
66152,404.88
66153,405.00
66154,405.15
66155,405.36
66156,405.79
66157,405.65
66158,405.71
66159,405.77
66160,405.70
66161,405.67
66162,405.80
66163,405.86
66164,405.88
66165,405.85
66166,405.73
66167,405.64
66168,405.75
66169,405.88
66170,405.82
66171,405.86
66172,405.86
66173,405.79
66174,405.72
66175,405.75
66176,405.84
66177,405.85
66178,405.83
66179,405.79
66180,405.90
66181,405.90
66182,405.79
66183,405.87
66184,405.93
66185,405.97
66186,406.13
66187,406.08
66188,406.07
66189,406.08
66190,406.10
66191,406.07
66192,406.16
66193,406.05
66194,406.05
66195,406.05
66196,406.03
66197,406.03
66198,406.07
66199,405.96
66200,405.94
66201,405.97
66202,405.94
66203,405.88
66204,405.91
66205,405.81
66206,405.89
66207,405.79
66208,405.84
66209,405.56
66210,405.50
66211,405.47
66212,405.46
66213,405.22
66214,405.23
66215,405.07
66216,404.77
66217,404.67
66218,404.75
66219,404.82
66220,404.73
66221,404.64
66222,404.83
66223,405.17
66224,405.76
66225,405.61
66226,405.28
66227,404.75
66228,404.82
66229,404.84
66230,404.79
66231,405.24
66232,406.05
66233,406.01
66234,405.87
66235,405.96
66236,405.82
66237,405.97
66238,406.00
66239,405.92
66240,405.95
66241,405.96
66242,405.93
66243,405.73
66244,405.73
66245,405.81
66246,405.80
66247,405.66
66248,405.74
66249,405.71
66250,405.81
66251,405.68
66252,405.76
66253,405.68
66254,405.66
66255,405.64
66256,405.62
66257,405.74
66258,405.74
66259,405.73
66260,405.73
66261,405.68
66262,405.61
66263,405.60
66264,405.59
66265,405.58
66266,405.04
66267,404.68
66268,404.44
66269,404.58
66270,404.56
66271,404.55
66272,404.68
66273,404.70
66274,404.38
66275,404.51
66276,404.59
66277,404.64
66278,404.78
66279,404.76
66280,404.68
66281,404.52
66282,404.79
66283,405.07
66284,404.94
66285,405.05
66286,404.98
66287,404.81
66288,405.76
66289,405.03
66290,404.88
66291,404.52
66292,404.57
66293,404.59
66294,404.52
66295,404.61
66296,404.53
66297,404.96
66298,404.63
66299,404.98
66300,405.01
66301,405.45
66302,405.29
66303,405.40
66304,405.26
66305,405.40
66306,405.43
66307,405.29
66308,405.37
66309,405.34
66310,405.42
66311,405.53
66312,405.61
66313,405.45
66314,405.37
66315,405.48
66316,405.64
66317,405.77
66318,405.58
66319,405.59
66320,405.56
66321,405.28
66322,405.66
66323,405.62
66324,405.63
66325,405.49
66326,405.61
66327,405.43
66328,405.52
66329,405.31
66330,405.36
66331,405.49
66332,405.45
66333,405.42
66334,405.35
66335,405.35
66336,405.33
66337,405.48
66338,405.44
66339,405.48
66340,405.55
66341,405.55
66342,405.60
66343,405.60
66344,405.70
66345,405.76
66346,405.79
66347,405.86
66348,405.80
66349,405.82
66350,406.04
66351,405.94
66352,405.98
66353,405.92
66354,405.93
66355,405.89
66356,405.95
66357,405.95
66358,406.07
66359,405.98
66360,405.93
66361,406.05
66362,405.94
66363,405.99
66364,405.93
66365,405.94
66366,405.93
66367,405.97
66368,405.97
66369,406.02
66370,406.03
66371,405.71
66372,405.62
66373,405.70
66374,405.77
66375,405.73
66376,405.85
66377,405.70
66378,405.94
66379,405.96
66380,405.99
66381,406.04
66382,406.15
66383,406.04
66384,406.05
66385,406.02
66386,406.05
66387,406.06
66388,406.00
66389,405.95
66390,406.02
66391,406.02
66392,405.91
66393,405.82
66394,405.79
66395,405.71
66396,405.53
66397,405.82
66398,405.86
66399,405.85
66400,405.84
66401,405.82
66402,405.94
66403,405.84
66404,405.81
66405,405.69
66406,405.61
66407,405.66
66408,405.43
66409,405.45
66410,405.31
66411,405.46
66412,405.31
66413,405.40
66414,405.36
66415,405.32
66416,405.36
66417,405.45
66418,405.44
66419,405.48
66420,405.50
66421,405.60
66422,405.58
66423,405.40
66424,405.52
66425,405.52
66426,405.37
66427,405.41
66428,405.47
66429,405.64
66430,405.60
66431,405.62
66432,405.78
66433,405.60
66434,405.60
66435,405.67
66436,405.69
66437,405.58
66438,405.48
66439,405.50
66440,405.59
66441,405.61
66442,405.48
66443,405.21
66444,405.25
66445,405.11
66446,405.17
66447,405.21
66448,405.26
66449,405.16
66450,405.20
66451,405.14
66452,405.29
66453,404.99
66454,405.12
66455,405.10
66456,405.17
66457,405.33
66458,405.48
66459,405.74
66460,405.59
66461,405.48
66462,405.54
66463,405.59
66464,405.56
66465,403.79
66466,-9999.99
66467,-9999.99
66468,-9999.99
66469,-9999.99
66470,-9999.99
66471,-9999.99
66472,-9999.99
66473,-9999.99
66474,-9999.99
66475,-9999.99
66476,-9999.99
66477,-9999.99
66478,-9999.99
66479,-9999.99
66480,-9999.99
66481,-9999.99
66482,-9999.99
66483,-9999.99
66484,-9999.99
66485,-9999.99
66486,-9999.99
66487,-9999.99
66488,-9999.99
66489,-9999.99
66490,-9999.99
66491,-9999.99
66492,-9999.99
66493,-9999.99
66494,-9999.99
66495,-9999.99
66496,-9999.99
66497,-9999.99
66498,-9999.99
66499,-9999.99
66500,-9999.99
66501,-9999.99
66502,-9999.99
66503,-9999.99
66504,-9999.99
66505,-9999.99
66506,-9999.99
66507,-9999.99
66508,-9999.99
66509,-9999.99
66510,-9999.99
66511,-9999.99
66512,-9999.99
66513,-9999.99
66514,-9999.99
66515,-9999.99
66516,-9999.99
66517,-9999.99
66518,-9999.99
66519,-9999.99
66520,-9999.99
66521,-9999.99
66522,-9999.99
66523,-9999.99
66524,-9999.99
66525,-9999.99
66526,-9999.99
66527,-9999.99
66528,-9999.99
66529,-9999.99
66530,-9999.99
66531,-9999.99
66532,-9999.99
66533,-9999.99
66534,-9999.99
66535,-9999.99
66536,-9999.99
66537,-9999.99
66538,-9999.99
66539,-9999.99
66540,-9999.99
66541,-9999.99
66542,-9999.99
66543,-9999.99
66544,-9999.99
66545,-9999.99
