NETCARE2015/data/raw/Flight10/CO2_POLAR6_20150421_R1_NETCARE.ict
34, 1001
Bozem, Heiko; Hoor, Peter
Institute for Atmospheric Physics, Johannes Gutenberg University, Mainz, Germany
CO2 mixing ratio from LI7200 CO2 analyzer
NETCARE Polar 6 Campaign 2015
1, 1
2015, 04, 21, 2015, 08, 12
1
Time_UTC, seconds
1
1
-9999.99
CO2_ppmv, ppmv
0
19
PI_CONTACT_INFO: Address: Johann-Joachim-Becherweg 21, 55128 Mainz, email: bozemh@uni-mainz.de; hoor@uni-mainz.de
PLATFORM: Polar 6
LOCATION: GPS location and altitude available at 1 Hz resolution in separate file (See AIMMS files under Aircraft data and meteorology)
ASSOCIATED_DATA: N/A
INSTRUMENT_INFO: CO2 measurements based on non-dispersive infrared absorption spectroscopy
DATA_INFO: Units are ppmv
UNCERTAINTY: UNCERTAINTY RELATIVE TO STANDARD: 1.71 ppmv at 1 sigma confidence (before drift correction is applied)
ULOD_FLAG: -7777
ULOD_VALUE: 3000
LLOD_FLAG: -8888
LLOD_VALUE: N/A 
DM_CONTACT_INFO: N/A
PROJECT_INFO: NETCARE Polar 6 aircraft campaign in April 2015; Inuvik
STIPULATIONS_ON_USE: N/A
OTHER_COMMENTS: N/A
REVISION: R1
R0: Preliminary data, corrected for instrument drift
R1: Final data, corrected for instrument drift
Time_UTC,CO2_ppmv
[from data line 16915]
74991,404.92
74992,404.97
74993,404.93
74994,404.97
74995,404.88
74996,404.94
74997,404.95
74998,404.93
74999,404.97
75000,404.89
75001,404.93
75002,404.94
75003,404.98
75004,404.90
75005,404.95
75006,404.92
75007,404.93
75008,404.94
75009,404.89
75010,405.01
75011,404.93
75012,404.98
75013,405.03
75014,405.03
75015,405.02
75016,404.99
75017,404.98
75018,405.08
75019,405.01
75020,405.05
75021,405.01
75022,405.01
75023,405.06
75024,404.99
75025,405.00
75026,405.05
75027,404.99
75028,405.09
75029,405.08
75030,404.99
75031,405.03
75032,405.06
75033,405.04
75034,405.03
75035,405.06
75036,405.10
75037,405.06
75038,405.08
75039,405.06
75040,405.10
75041,405.10
75042,405.01
75043,405.08
75044,405.11
75045,405.17
75046,405.15
75047,405.19
75048,405.16
75049,405.10
75050,405.14
75051,405.17
75052,405.18
75053,405.15
75054,405.12
75055,405.16
75056,405.12
75057,405.10
75058,405.15
75059,405.02
75060,405.06
75061,405.19
75062,405.06
75063,405.11
75064,405.14
75065,405.13
75066,405.14
75067,405.14
75068,405.17
75069,405.14
75070,405.14
75071,405.08
75072,405.05
75073,405.05
75074,405.17
75075,405.18
75076,405.05
75077,405.16
75078,405.14
75079,405.23
75080,405.18
75081,405.19
75082,405.12
75083,405.16
75084,405.24
75085,405.22
75086,405.15
75087,405.17
75088,405.13
75089,405.20
75090,405.15
75091,405.17
75092,405.14
75093,405.18
75094,405.21
75095,405.20
75096,405.20
75097,405.20
75098,405.20
75099,405.30
75100,405.30
75101,405.35
75102,405.29
75103,405.29
75104,405.33
75105,405.45
75106,405.34
75107,405.23
75108,405.34
75109,405.31
75110,405.37
75111,405.32
75112,405.29
75113,405.33
75114,405.30
75115,405.44
75116,405.32
75117,405.26
75118,405.22
75119,405.33
75120,405.33
75121,405.32
75122,405.22
75123,405.19
75124,405.25
75125,405.30
75126,405.26
75127,405.14
75128,405.18
75129,405.19
75130,405.25
75131,405.20
75132,405.04
75133,405.11
75134,405.12
75135,405.08
75136,405.14
75137,405.00
75138,405.04
75139,405.01
75140,404.99
75141,405.04
75142,405.04
75143,404.92
75144,404.97
75145,405.07
75146,405.07
75147,404.95
75148,405.06
75149,405.01
75150,405.05
75151,405.04
75152,404.98
75153,404.94
75154,405.07
75155,405.03
75156,405.00
75157,404.90
75158,404.90
75159,404.91
75160,404.84
75161,404.96
75162,404.92
75163,404.91
75164,404.90
75165,404.93
75166,404.90
75167,404.92
75168,404.95
75169,404.95
75170,404.87
75171,404.87
75172,404.90
75173,404.96
75174,404.86
75175,405.00
75176,405.06
75177,405.00
75178,405.02
75179,404.98
75180,404.99
75181,405.02
75182,405.12
75183,404.94
75184,405.01
75185,404.98
75186,405.03
75187,405.18
75188,405.09
75189,405.00
75190,404.96
75191,405.05
75192,405.01
75193,405.01
75194,404.95
75195,404.95
75196,405.06
75197,404.94
75198,405.00
75199,404.94
75200,405.00
75201,405.07
75202,404.96
75203,404.96
75204,404.98
75205,405.00
75206,405.01
75207,404.98
75208,405.00
75209,404.95
75210,405.06
75211,404.95
75212,404.97
75213,404.95
75214,404.89
75215,404.97
75216,404.88
75217,404.85
75218,404.89
75219,404.74
75220,404.83
75221,404.78
75222,404.87
75223,404.80
75224,404.86
75225,404.86
75226,404.81
75227,404.77
75228,404.84
75229,404.84
75230,404.79
75231,404.74
75232,404.77
75233,404.79
75234,404.74
75235,404.77
75236,404.75
75237,404.77
75238,404.77
75239,404.75
75240,404.80
75241,404.75
75242,404.81
75243,404.70
75244,404.76
75245,404.78
75246,404.79
75247,404.81
75248,404.76
75249,404.85
75250,404.95
75251,404.93
75252,404.95
75253,404.91
75254,405.03
75255,405.05
75256,405.13
75257,405.12
75258,405.16
75259,405.21
75260,405.22
75261,405.21
75262,405.27
75263,405.26
75264,405.14
75265,405.12
75266,405.06
75267,405.06
75268,405.00
75269,405.10
75270,405.03
75271,405.04
75272,404.96
75273,404.90
75274,404.96
75275,404.95
75276,404.98
75277,404.86
75278,404.95
75279,405.02
75280,404.99
75281,405.04
75282,404.93
75283,404.97
75284,405.12
75285,405.02
75286,405.06
75287,405.19
75288,405.13
75289,405.15
75290,405.18
75291,405.24
75292,405.21
75293,405.18
75294,405.20
75295,405.17
75296,405.12
75297,405.17
75298,405.22
75299,405.14
75300,405.19
75301,405.14
75302,405.16
75303,405.17
75304,405.14
75305,405.09
75306,405.11
75307,405.15
75308,405.13
75309,405.17
75310,405.07
75311,405.02
75312,405.00
75313,405.16
75314,405.02
75315,405.06
75316,404.98
75317,405.03
75318,405.10
75319,405.10
75320,405.08
75321,405.01
75322,405.10
75323,405.17
75324,405.08
75325,405.13
75326,405.07
75327,405.19
75328,405.10
75329,405.08
75330,405.02
75331,405.05
75332,405.16
75333,405.08
75334,405.13
75335,405.12
75336,405.19
75337,405.26
75338,405.25
75339,405.28
75340,405.16
75341,405.28
75342,405.31
75343,405.21
75344,405.21
75345,405.28
75346,405.18
75347,405.25
75348,405.30
75349,405.28
75350,405.19
75351,405.34
75352,405.30
75353,405.35
75354,405.23
75355,405.33
75356,405.40
75357,405.32
75358,405.25
75359,405.31
75360,405.22
75361,405.26
75362,405.39
75363,405.43
75364,405.46
75365,405.29
75366,405.20
75367,405.28
75368,405.34
75369,405.50
75370,405.23
75371,405.23
75372,405.43
75373,405.39
75374,405.45
75375,405.35
75376,405.39
75377,405.40
75378,405.38
75379,405.34
75380,405.31
75381,405.39
75382,405.48
75383,405.40
75384,405.29
75385,405.32
75386,405.45
75387,405.36
75388,405.46
75389,405.46
75390,405.47
75391,405.55
75392,405.53
75393,405.44
75394,405.55
75395,405.58
75396,405.51
75397,405.57
75398,405.50
75399,405.57
75400,405.55
75401,405.54
75402,405.55
75403,405.58
75404,405.71
75405,405.70
75406,405.73
75407,405.77
75408,405.74
75409,405.79
75410,405.78
75411,405.79
75412,405.70
75413,405.66
75414,405.76
75415,405.74
75416,405.73
75417,405.70
75418,405.70
75419,405.67
75420,405.76
75421,405.75
75422,405.72
75423,405.73
75424,405.76
75425,405.70
75426,405.68
75427,405.75
75428,405.72
75429,405.73
75430,405.73
75431,405.69
75432,405.72
75433,405.73
75434,405.75
75435,405.75
75436,405.72
75437,405.79
75438,405.78
75439,405.73
75440,405.77
75441,405.76
75442,405.81
75443,405.78
75444,405.76
75445,405.74
75446,405.68
75447,405.75
75448,405.77
75449,405.76
75450,405.73
75451,405.74
75452,405.79
75453,405.74
75454,405.70
75455,405.69
75456,405.70
75457,405.67
75458,405.68
75459,405.65
75460,405.70
75461,405.66
75462,405.64
75463,405.69
75464,405.65
75465,405.72
75466,405.67
75467,405.65
75468,405.67
75469,405.72
75470,405.74
75471,405.68
75472,405.75
75473,405.70
75474,405.76
75475,405.73
75476,405.76
75477,405.82
75478,405.77
75479,405.78
75480,405.77
75481,405.77
75482,405.80
75483,405.73
75484,405.82
75485,405.93
75486,405.84
75487,405.85
75488,405.80
75489,405.82
75490,405.84
75491,405.78
75492,405.83
75493,405.79
75494,405.83
75495,405.85
75496,405.83
75497,405.82
75498,405.88
75499,405.85
75500,405.85
75501,405.84
75502,405.82
75503,405.82
75504,405.86
75505,405.77
75506,405.82
75507,405.90
75508,405.85
75509,405.78
75510,405.80
75511,405.78
75512,405.76
75513,405.79
75514,405.79
75515,405.76
75516,405.76
75517,405.79
75518,405.77
75519,405.83
75520,405.78
75521,405.75
75522,405.84
75523,405.74
75524,405.87
75525,405.80
75526,405.79
75527,405.79
75528,405.77
75529,405.75
75530,405.79
75531,405.80
75532,405.76
75533,405.75
75534,405.82
75535,405.81
75536,405.80
75537,405.83
75538,405.75
75539,405.73
75540,405.78
75541,405.75
75542,405.80
75543,405.80
75544,405.81
75545,405.80
75546,405.85
75547,405.79
75548,405.75
75549,405.78
75550,405.87
75551,405.76
75552,405.80
75553,405.78
75554,405.76
75555,405.79
75556,405.82
75557,405.77
75558,405.80
75559,405.79
75560,405.75
75561,405.82
75562,405.76
75563,405.86
75564,405.87
75565,405.83
75566,405.78
75567,405.82
75568,405.79
75569,405.74
75570,405.74
75571,405.78
75572,405.80
75573,405.73
75574,405.76
75575,405.78
75576,405.77
75577,405.84
75578,405.83
75579,405.79
75580,405.76
75581,405.84
75582,405.79
75583,405.81
75584,405.79
75585,405.88
75586,405.80
75587,405.84
75588,405.78
75589,405.82
75590,405.83
75591,405.85
75592,405.81
75593,405.81
75594,405.83
75595,405.87
75596,405.85
75597,405.79
75598,405.82
75599,405.78
75600,405.74
75601,405.81
75602,405.78
75603,405.80
75604,405.76
75605,405.84
75606,405.85
75607,405.81
75608,405.81
75609,405.88
75610,405.75
75611,405.80
75612,405.83
75613,405.86
75614,405.84
75615,405.86
75616,405.80
75617,405.83
75618,405.77
75619,405.83
75620,405.82
75621,405.84
75622,405.82
75623,405.78
75624,405.84
75625,405.83
75626,405.86
75627,405.86
75628,405.81
75629,405.85
75630,405.83
75631,405.89
75632,405.84
75633,405.80
75634,405.80
75635,405.78
75636,405.85
75637,405.79
75638,405.77
75639,405.82
75640,405.83
75641,405.73
75642,405.85
75643,405.87
75644,405.84
75645,405.84
75646,405.81
75647,405.88
75648,405.83
75649,405.76
75650,405.80
75651,405.85
75652,405.88
75653,405.85
75654,405.86
75655,405.81
75656,405.79
75657,405.79
75658,405.82
75659,405.84
75660,405.81
75661,405.87
75662,405.83
75663,405.85
75664,405.84
75665,405.83
75666,405.89
75667,405.80
75668,405.85
75669,405.92
75670,405.89
75671,405.84
75672,405.84
75673,405.87
75674,405.92
75675,405.82
75676,405.81
75677,405.87
75678,405.82
75679,405.85
75680,405.85
75681,405.91
75682,405.75
75683,405.79
75684,405.90
75685,405.88
75686,405.89
75687,405.81
75688,405.88
75689,405.76
75690,405.85
75691,405.85
75692,405.87
75693,405.82
75694,405.83
75695,405.83
75696,405.90
75697,405.85
75698,405.84
75699,405.83
75700,405.86
75701,405.84
75702,405.95
75703,405.88
75704,405.85
75705,405.89
75706,405.87
75707,405.85
75708,405.87
75709,405.84
75710,405.93
75711,405.82
75712,405.94
75713,405.92
75714,405.76
75715,405.87
75716,405.94
75717,405.89
75718,405.97
75719,405.91
75720,405.92
75721,405.88
75722,405.91
75723,405.89
75724,405.88
75725,405.83
75726,405.98
75727,405.81
75728,405.92
75729,405.87
75730,405.94
75731,405.91
75732,405.91
75733,405.84
75734,405.94
75735,405.87
75736,405.89
75737,405.97
75738,405.91
75739,405.96
75740,405.92
75741,405.87
75742,405.98
75743,405.93
75744,405.84
75745,405.91
75746,405.90
75747,405.93
75748,405.86
75749,405.93
75750,405.93
75751,405.85
75752,405.93
75753,405.92
75754,406.02
75755,405.91
75756,405.84
75757,405.93
75758,405.92
75759,405.95
75760,405.96
75761,405.84
75762,405.96
75763,405.94
75764,405.93
75765,405.96
75766,405.88
75767,405.91
75768,405.92
75769,405.98
75770,405.94
75771,405.90
75772,405.92
75773,405.91
75774,405.93
75775,405.94
75776,405.96
75777,405.93
75778,405.99
75779,405.92
75780,405.93
75781,405.86
75782,405.92
75783,405.95
75784,405.89
75785,405.92
75786,405.95
75787,405.96
75788,405.97
75789,405.93
75790,405.94
75791,405.98
75792,405.96
75793,405.99
75794,405.96
75795,405.94
75796,406.00
75797,405.94
75798,405.94
75799,405.95
75800,405.92
75801,405.95
75802,405.94
75803,405.94
75804,405.94
75805,405.89
75806,405.88
75807,405.98
75808,406.00
75809,405.93
75810,405.96
75811,405.95
75812,405.96
75813,405.97
75814,405.95
75815,405.94
75816,405.95
75817,405.89
75818,405.90
75819,405.96
75820,405.97
75821,405.88
75822,405.93
75823,405.88
75824,405.92
75825,405.89
75826,405.95
75827,406.00
75828,405.94
75829,405.96
75830,405.94
75831,405.87
75832,405.93
75833,405.97
75834,405.96
75835,405.84
75836,405.95
75837,405.93
75838,405.90
75839,405.84
75840,405.95
75841,405.98
75842,405.92
75843,405.89
75844,405.85
75845,405.87
75846,405.90
75847,405.97
75848,405.98
75849,405.93
75850,405.90
75851,405.99
75852,405.90
75853,405.89
75854,405.97
75855,405.92
75856,405.86
75857,405.93
75858,405.93
75859,405.84
75860,405.84
75861,405.90
75862,405.91
75863,405.90
75864,405.91
75865,405.92
75866,405.95
75867,405.97
75868,405.97
75869,405.90
75870,405.86
75871,-9999.99
75872,-9999.99
75873,-9999.99
75874,-9999.99
75875,-9999.99
75876,-9999.99
75877,-9999.99
75878,-9999.99
75879,-9999.99
75880,-9999.99
75881,-9999.99
75882,-9999.99
75883,-9999.99
75884,-9999.99
75885,-9999.99
75886,-9999.99
75887,-9999.99
75888,-9999.99
75889,-9999.99
75890,-9999.99
75891,-9999.99
75892,-9999.99
75893,-9999.99
75894,-9999.99
75895,-9999.99
75896,-9999.99
75897,-9999.99
75898,-9999.99
75899,-9999.99
75900,-9999.99
75901,-9999.99
75902,-9999.99
75903,-9999.99
75904,-9999.99
75905,-9999.99
75906,-9999.99
75907,-9999.99
75908,-9999.99
75909,-9999.99
75910,-9999.99
75911,-9999.99
75912,-9999.99
75913,-9999.99
75914,-9999.99
75915,-9999.99
75916,-9999.99
75917,-9999.99
75918,-9999.99
75919,-9999.99
75920,-9999.99
75921,-9999.99
75922,-9999.99
75923,-9999.99
75924,-9999.99
75925,-9999.99
75926,-9999.99
75927,-9999.99
75928,-9999.99
75929,-9999.99
75930,-9999.99
75931,-9999.99
75932,-9999.99
75933,-9999.99
75934,-9999.99
75935,-9999.99
75936,-9999.99
75937,-9999.99
75938,-9999.99
75939,-9999.99
75940,-9999.99
75941,-9999.99
75942,-9999.99
75943,-9999.99
75944,-9999.99
75945,-9999.99
75946,-9999.99
75947,-9999.99
75948,-9999.99
75949,-9999.99
75950,-9999.99
75951,-9999.99
75952,-9999.99
75953,-9999.99
75954,-9999.99
75955,-9999.99
75956,-9999.99
75957,-9999.99
75958,-9999.99
75959,-9999.99
75960,-9999.99
75961,-9999.99
75962,-9999.99
75963,-9999.99
75964,-9999.99
75965,-9999.99
75966,-9999.99
75967,-9999.99
75968,-9999.99
75969,-9999.99
75970,-9999.99
75971,-9999.99
75972,-9999.99
75973,-9999.99
75974,-9999.99
75975,-9999.99
75976,-9999.99
75977,-9999.99
75978,-9999.99
75979,-9999.99
75980,-9999.99
75981,-9999.99
75982,-9999.99
75983,-9999.99
75984,-9999.99
75985,-9999.99
75986,-9999.99
75987,-9999.99
75988,-9999.99
75989,-9999.99
75990,-9999.99
75991,-9999.99
75992,-9999.99
75993,-9999.99
75994,-9999.99
75995,-9999.99
75996,-9999.99
75997,-9999.99
75998,-9999.99
75999,-9999.99
76000,-9999.99
76001,-9999.99
76002,-9999.99
76003,-9999.99
76004,-9999.99
76005,-9999.99
76006,-9999.99
76007,-9999.99
76008,-9999.99
76009,-9999.99
76010,-9999.99
76011,-9999.99
76012,-9999.99
76013,-9999.99
76014,-9999.99
76015,-9999.99
76016,-9999.99
76017,-9999.99
76018,-9999.99
76019,-9999.99
76020,-9999.99
76021,-9999.99
76022,-9999.99
76023,-9999.99
76024,-9999.99
76025,-9999.99
76026,-9999.99
76027,-9999.99
76028,-9999.99
76029,-9999.99
76030,-9999.99
76031,-9999.99
76032,-9999.99
76033,-9999.99
76034,-9999.99
76035,-9999.99
76036,-9999.99
76037,-9999.99
76038,-9999.99
76039,-9999.99
76040,406.10
76041,406.10
76042,406.11
76043,406.11
76044,406.20
76045,406.07
76046,406.08
76047,406.13
76048,406.13
76049,406.12
76050,406.07
76051,406.09
76052,406.15
76053,406.09
76054,406.04
76055,406.16
76056,406.08
76057,406.12
76058,405.98
76059,406.15
76060,406.14
76061,406.09
76062,406.09
76063,406.11
76064,406.18
76065,406.07
76066,406.06
76067,406.10
76068,406.08
76069,406.04
76070,406.09
76071,406.11
76072,406.16
76073,406.01
76074,406.21
76075,406.13
76076,406.03
76077,406.09
76078,406.10
76079,406.06
76080,406.12
76081,406.06
76082,406.10
76083,406.12
76084,406.06
76085,406.03
76086,406.11
76087,406.07
76088,406.06
76089,406.16
76090,406.11
76091,406.10
76092,406.12
76093,406.17
76094,406.06
76095,406.17
76096,406.12
76097,406.07
76098,406.06
76099,406.17
76100,406.09
76101,406.14
76102,406.19
76103,406.17
76104,406.17
76105,406.22
76106,406.16
76107,406.16
76108,406.23
76109,406.22
76110,406.16
76111,406.05
76112,406.12
76113,406.17
76114,406.15
76115,406.13
76116,406.13
76117,406.08
76118,406.12
76119,406.14
76120,406.16
76121,406.14
76122,406.15
76123,406.13
76124,406.13
76125,406.14
76126,406.13
76127,406.17
76128,406.12
76129,405.98
76130,406.23
76131,406.17
76132,406.14
76133,406.17
76134,406.25
76135,406.15
76136,406.21
76137,406.17
76138,406.21
76139,406.14
76140,406.12
76141,406.23
76142,406.22
76143,406.20
76144,406.10
76145,406.25
76146,406.28
76147,406.27
76148,406.25
76149,406.29
76150,406.26
76151,406.23
76152,406.26
76153,406.22
76154,406.29
76155,406.24
76156,406.11
76157,406.21
76158,406.23
76159,406.23
76160,406.22
76161,406.24
76162,406.21
76163,406.31
76164,406.25
76165,406.20
76166,406.24
76167,406.27
76168,406.21
76169,406.21
76170,406.24
76171,406.28
76172,406.18
76173,406.16
76174,406.27
76175,406.27
76176,406.25
76177,406.17
76178,406.30
76179,406.30
76180,406.27
76181,406.27
76182,406.19
76183,406.28
76184,406.24
76185,406.27
76186,406.23
76187,406.25
76188,406.22
76189,406.19
76190,406.22
76191,406.18
76192,406.20
76193,406.27
