NETCARE2015/data/raw/Flight10/CO_POLAR6_20150421_R1_NETCARE.ict
34, 1001
Bozem, Heiko; Hoor, Peter
Institute for Atmospheric Physics, Johannes Gutenberg University, Mainz, Germany
CO mixing ratio from AL5002 CO analyzer
NETCARE Polar 6 Campaign 2015
1, 1
2015, 04, 21, 2015, 08, 15
1
Time_UTC, seconds
1
1
-9999.9
CO_ppbv, ppbv
0
19
PI_CONTACT_INFO: Address: Johann-Joachim-Becherweg 21, 55128 Mainz, email: bozemh@uni-mainz.de; hoor@uni-mainz.de
PLATFORM: Polar 6
LOCATION: GPS location and altitude available at 1 Hz resolution in separate file (See AIMMS files under Aircraft data and meteorology)
ASSOCIATED_DATA: N/A
INSTRUMENT_INFO: CO measurements based on the fluorescence of CO in the VUV at 150 nm
DATA_INFO: Units are ppbv
UNCERTAINTY RELATIVE TO STANDARD: 2.3 ppbv at 1 sigma confidence (before drift correction is applied)
ULOD_FLAG: -7777
ULOD_VALUE: N/A
LLOD_FLAG: -8888
LLOD_VALUE: 1.5 
DM_CONTACT_INFO: N/A
PROJECT_INFO: NETCARE Polar 6 aircraft campaign in April 2015; Inuvik
STIPULATIONS_ON_USE: N/A
OTHER_COMMENTS: N/A
REVISION: R1
R0: Preliminary data, corrected for instrument drift
R1: Final data, corrected for instrument drift
Time_UTC,CO_ppbv
[from data line 10532]
68608,140.7
68609,139.3
68610,138.6
68611,137.5
68612,137.9
68613,137.3
68614,136.6
68615,137.5
68616,136.6
68617,135.5
68618,137.4
68619,137.5
68620,136.7
68621,133.9
68622,134.3
68623,137.5
68624,135.3
68625,134.8
68626,140.0
68627,140.8
68628,137.5
68629,136.9
68630,137.1
68631,134.9
68632,136.0
68633,135.1
68634,132.4
68635,134.3
68636,136.1
68637,135.5
68638,135.0
68639,137.0
68640,138.7
68641,136.5
68642,135.6
68643,138.8
68644,139.7
68645,142.5
68646,144.7
68647,141.9
68648,139.9
68649,138.1
68650,137.6
68651,138.0
68652,137.7
68653,134.2
68654,137.3
68655,138.8
68656,136.9
68657,138.2
68658,-9999.9
68659,-9999.9
68660,-9999.9
68661,-9999.9
68662,-9999.9
68663,-9999.9
68664,-9999.9
68665,-9999.9
68666,-9999.9
68667,-9999.9
68668,-9999.9
68669,-9999.9
68670,-9999.9
68671,-9999.9
68672,-9999.9
68673,-9999.9
68674,-9999.9
68675,-9999.9
68676,-9999.9
68677,-9999.9
68678,-9999.9
68679,-9999.9
68680,-9999.9
68681,-9999.9
68682,-9999.9
68683,-9999.9
68684,-9999.9
68685,-9999.9
68686,-9999.9
68687,-9999.9
68688,-9999.9
68689,-9999.9
68690,-9999.9
68691,-9999.9
68692,-9999.9
68693,-9999.9
68694,-9999.9
68695,-9999.9
68696,-9999.9
68697,-9999.9
68698,-9999.9
68699,-9999.9
68700,-9999.9
68701,-9999.9
68702,-9999.9
68703,-9999.9
68704,-9999.9
68705,-9999.9
68706,-9999.9
68707,-9999.9
68708,-9999.9
68709,-9999.9
68710,-9999.9
68711,-9999.9
68712,-9999.9
68713,-9999.9
68714,-9999.9
68715,-9999.9
68716,-9999.9
68717,-9999.9
68718,-9999.9
68719,-9999.9
68720,-9999.9
68721,-9999.9
68722,-9999.9
68723,-9999.9
68724,-9999.9
68725,-9999.9
68726,-9999.9
68727,-9999.9
68728,-9999.9
68729,-9999.9
68730,-9999.9
68731,-9999.9
68732,-9999.9
68733,-9999.9
68734,-9999.9
68735,-9999.9
68736,-9999.9
68737,-9999.9
68738,-9999.9
68739,-9999.9
68740,-9999.9
68741,-9999.9
68742,-9999.9
68743,-9999.9
68744,-9999.9
68745,-9999.9
68746,-9999.9
68747,-9999.9
68748,-9999.9
68749,-9999.9
68750,-9999.9
68751,-9999.9
68752,-9999.9
68753,-9999.9
68754,-9999.9
68755,-9999.9
68756,-9999.9
68757,-9999.9
68758,-9999.9
68759,-9999.9
68760,-9999.9
68761,-9999.9
68762,-9999.9
68763,-9999.9
68764,-9999.9
68765,-9999.9
68766,-9999.9
68767,-9999.9
68768,-9999.9
68769,-9999.9
68770,-9999.9
68771,-9999.9
68772,-9999.9
68773,-9999.9
68774,-9999.9
68775,-9999.9
68776,-9999.9
68777,-9999.9
68778,-9999.9
68779,-9999.9
68780,-9999.9
68781,-9999.9
68782,-9999.9
68783,-9999.9
68784,137.7
68785,138.2
68786,136.9
68787,136.2
68788,135.7
68789,134.9
68790,136.2
68791,138.0
68792,138.4
68793,140.6
68794,142.4
68795,141.1
68796,139.4
68797,136.2
68798,136.7
68799,139.2
68800,139.5
68801,140.4
68802,141.9
68803,141.1
68804,140.5
68805,141.1
68806,138.4
68807,137.2
68808,136.3
68809,135.0
68810,138.4
68811,140.1
68812,138.1
68813,139.5
68814,140.1
68815,135.2
68816,135.6
68817,139.0
68818,138.0
68819,133.8
68820,133.2
68821,137.3
68822,138.8
68823,138.1
68824,139.2
68825,139.2
68826,140.6
68827,140.8
68828,142.5
68829,144.1
68830,142.2
68831,140.4
68832,142.2
68833,143.9
68834,142.4
68835,143.1
68836,140.8
68837,138.4
68838,142.5
68839,145.8
68840,147.1
68841,145.6
68842,144.6
68843,145.7
68844,145.4
68845,145.4
68846,147.0
68847,147.3
68848,146.4
68849,144.9
68850,144.9
68851,146.1
68852,145.5
68853,143.5
68854,144.7
68855,145.4
68856,144.6
68857,141.9
68858,143.1
68859,148.2
68860,142.4
68861,142.1
68862,141.6
68863,142.4
68864,142.0
68865,141.6
68866,141.1
68867,140.7
68868,142.5
68869,141.8
68870,137.3
68871,134.2
68872,137.4
68873,140.2
68874,140.3
68875,140.6
68876,142.8
68877,142.7
68878,143.0
68879,146.6
68880,145.9
68881,145.3
68882,146.0
68883,145.4
68884,143.2
68885,144.9
68886,148.6
68887,146.8
68888,145.1
68889,146.4
68890,146.6
68891,144.8
68892,144.2
68893,145.0
68894,142.8
68895,144.2
68896,144.9
68897,144.1
68898,145.9
68899,145.5
68900,142.1
68901,143.6
68902,146.4
68903,146.5
68904,144.0
68905,141.8
68906,142.8
68907,143.3
68908,142.3
68909,143.5
68910,145.0
68911,144.6
68912,142.3
68913,142.5
68914,143.5
68915,140.3
68916,141.5
68917,144.2
68918,141.4
68919,140.9
68920,141.2
68921,140.3
68922,139.5
68923,140.0
68924,141.9
68925,139.6
68926,137.6
68927,137.7
68928,137.8
68929,141.4
68930,139.6
68931,136.1
68932,136.5
68933,140.9
68934,141.0
68935,140.2
68936,140.7
68937,139.8
68938,137.6
68939,137.1
68940,138.3
68941,138.3
68942,138.2
68943,139.8
68944,140.7
68945,139.0
68946,139.1
68947,139.6
68948,140.1
68949,141.3
68950,142.6
68951,141.6
68952,140.8
68953,142.3
68954,141.3
68955,141.6
68956,141.8
68957,137.8
68958,138.0
68959,140.8
68960,140.5
68961,141.6
68962,142.8
68963,140.2
68964,142.9
68965,144.5
68966,141.7
68967,138.7
68968,139.7
68969,142.1
68970,143.1
68971,141.4
68972,140.1
68973,140.0
68974,139.8
68975,140.5
68976,138.9
68977,140.0
68978,142.7
68979,142.2
68980,139.2
68981,138.5
68982,140.0
68983,138.1
68984,136.8
68985,140.1
68986,139.7
68987,138.0
68988,139.4
68989,141.1
68990,140.5
68991,140.0
68992,141.2
68993,142.1
68994,142.6
68995,140.1
68996,138.5
68997,142.3
68998,142.9
68999,141.3
69000,141.0
69001,142.9
69002,141.9
69003,139.8
69004,140.1
69005,140.6
69006,140.8
69007,142.4
69008,141.1
69009,140.0
69010,140.2
69011,139.9
69012,141.9
69013,143.2
69014,142.7
69015,141.4
69016,138.3
69017,138.1
69018,140.7
69019,141.7
69020,140.7
69021,139.1
69022,139.1
69023,140.7
69024,139.5
69025,139.4
69026,139.1
69027,139.2
69028,141.9
69029,141.8
69030,141.4
69031,141.4
69032,135.3
69033,136.9
69034,137.6
69035,139.4
69036,142.7
69037,142.4
69038,141.8
69039,141.5
69040,140.0
69041,139.1
69042,139.0
69043,139.4
69044,140.5
69045,140.3
69046,138.4
69047,139.3
69048,140.3
69049,138.5
69050,139.1
69051,137.1
69052,138.5
69053,139.8
69054,136.7
69055,137.8
69056,137.3
69057,138.5
69058,139.9
69059,139.2
69060,138.3
69061,137.6
69062,138.4
69063,139.6
69064,139.0
69065,137.6
69066,142.6
69067,142.1
69068,141.2
69069,138.1
69070,137.1
69071,139.3
69072,137.7
69073,136.8
69074,138.4
69075,137.4
69076,135.4
69077,136.8
69078,138.4
69079,139.9
69080,140.2
69081,138.8
69082,139.4
69083,137.8
69084,136.5
69085,136.9
69086,138.9
69087,141.5
69088,139.8
69089,135.4
69090,134.7
69091,138.7
69092,139.2
69093,137.0
69094,137.5
69095,138.9
69096,139.2
69097,138.4
69098,137.7
69099,137.3
69100,136.0
69101,136.0
69102,135.1
69103,138.0
69104,142.1
69105,140.3
69106,137.9
69107,137.7
69108,136.0
69109,134.2
69110,136.1
69111,137.8
69112,136.3
69113,136.3
69114,136.7
69115,137.8
69116,137.5
69117,136.4
69118,135.9
69119,134.1
69120,135.8
69121,137.5
69122,137.8
69123,137.4
69124,134.7
69125,135.1
69126,136.2
69127,138.8
69128,138.1
69129,135.0
69130,136.5
69131,137.6
69132,135.7
69133,135.1
69134,136.4
69135,136.0
69136,134.0
69137,134.9
69138,136.4
69139,136.6
69140,137.3
69141,139.3
69142,138.1
69143,136.1
69144,137.1
69145,137.8
69146,135.3
69147,136.9
69148,139.1
69149,137.6
69150,137.9
69151,138.2
69152,137.3
69153,137.3
69154,137.6
69155,137.1
69156,138.4
69157,139.1
69158,139.4
69159,138.3
69160,136.3
69161,137.7
69162,139.0
69163,138.4
69164,137.6
69165,139.2
69166,139.3
69167,136.4
69168,135.0
69169,134.4
69170,139.4
69171,139.4
69172,138.9
69173,137.9
69174,137.5
69175,135.7
69176,136.5
69177,137.7
69178,136.6
69179,135.8
69180,134.2
69181,134.7
69182,136.2
69183,136.0
69184,136.8
69185,140.2
69186,139.1
69187,135.1
69188,136.1
69189,138.1
69190,138.1
69191,134.3
69192,134.1
69193,138.8
69194,139.3
69195,138.4
69196,138.9
69197,138.2
69198,135.1
69199,133.0
69200,134.7
69201,136.3
69202,136.7
69203,137.1
69204,136.2
69205,139.0
69206,137.4
69207,135.8
69208,136.8
69209,137.5
69210,136.6
69211,136.5
69212,137.7
69213,134.6
69214,133.6
69215,135.6
69216,133.6
69217,134.9
69218,138.3
69219,137.4
69220,136.7
69221,138.5
69222,140.7
69223,140.0
69224,138.2
69225,139.5
69226,139.2
69227,135.6
69228,136.1
69229,139.0
69230,137.0
69231,134.8
69232,136.2
69233,137.8
69234,137.0
69235,136.9
69236,136.1
69237,136.6
69238,138.4
69239,133.9
69240,136.1
69241,135.8
69242,135.8
69243,137.5
69244,136.6
69245,137.6
69246,137.5
69247,135.8
69248,138.7
69249,138.4
69250,136.3
69251,137.3
69252,134.0
69253,136.6
69254,138.5
69255,136.1
69256,137.6
69257,135.7
69258,134.8
69259,137.3
69260,138.3
69261,138.0
69262,137.1
69263,137.4
69264,136.5
69265,135.2
69266,138.6
69267,138.9
69268,138.0
69269,138.4
69270,137.6
69271,136.1
69272,134.3
69273,137.5
69274,136.9
69275,137.4
69276,136.6
69277,135.3
69278,135.7
69279,134.7
69280,134.1
69281,137.3
69282,140.0
69283,136.6
69284,134.1
69285,135.0
69286,137.3
69287,136.7
69288,136.9
69289,138.8
69290,137.3
69291,137.5
69292,136.1
69293,133.7
69294,136.5
69295,137.0
69296,135.0
69297,137.5
69298,139.4
69299,136.2
69300,133.6
69301,134.9
69302,136.1
69303,134.2
69304,133.1
69305,136.4
69306,139.3
69307,140.3
69308,135.9
69309,137.5
69310,137.2
69311,135.2
69312,136.4
69313,136.9
69314,135.8
69315,136.2
69316,137.5
69317,137.1
69318,134.4
69319,134.6
69320,136.3
69321,137.5
69322,138.6
69323,135.9
69324,133.6
69325,133.9
69326,136.4
69327,138.3
69328,138.2
69329,138.0
69330,136.9
69331,136.2
69332,136.4
69333,136.6
69334,138.6
69335,138.7
69336,137.4
69337,136.6
69338,135.7
69339,137.8
69340,138.5
69341,137.6
69342,137.8
69343,139.3
69344,139.1
69345,137.9
69346,137.2
69347,134.4
69348,134.6
69349,137.5
69350,136.6
69351,134.6
69352,136.2
69353,139.1
69354,-9999.9
69355,-9999.9
69356,-9999.9
69357,-9999.9
69358,-9999.9
69359,-9999.9
69360,-9999.9
69361,-9999.9
69362,-9999.9
69363,-9999.9
69364,-9999.9
69365,-9999.9
69366,-9999.9
69367,-9999.9
69368,-9999.9
69369,-9999.9
69370,-9999.9
69371,-9999.9
69372,-9999.9
69373,-9999.9
69374,-9999.9
69375,-9999.9
69376,-9999.9
69377,-9999.9
69378,-9999.9
69379,-9999.9
69380,-9999.9
69381,-9999.9
69382,-9999.9
69383,-9999.9
69384,-9999.9
69385,-9999.9
69386,-9999.9
69387,-9999.9
69388,-9999.9
69389,-9999.9
69390,-9999.9
69391,-9999.9
69392,-9999.9
69393,-9999.9
69394,-9999.9
69395,-9999.9
69396,-9999.9
69397,-9999.9
69398,-9999.9
69399,-9999.9
69400,-9999.9
69401,-9999.9
69402,-9999.9
69403,-9999.9
69404,-9999.9
69405,-9999.9
69406,-9999.9
69407,-9999.9
69408,-9999.9
69409,-9999.9
69410,-9999.9
69411,-9999.9
69412,-9999.9
69413,-9999.9
69414,-9999.9
69415,-9999.9
69416,-9999.9
69417,-9999.9
69418,-9999.9
69419,-9999.9
69420,-9999.9
69421,-9999.9
69422,-9999.9
69423,-9999.9
69424,-9999.9
69425,-9999.9
69426,-9999.9
69427,-9999.9
69428,-9999.9
69429,-9999.9
69430,-9999.9
69431,-9999.9
69432,-9999.9
69433,-9999.9
69434,-9999.9
69435,-9999.9
69436,-9999.9
69437,-9999.9
69438,-9999.9
69439,-9999.9
69440,-9999.9
69441,-9999.9
69442,-9999.9
69443,-9999.9
69444,-9999.9
69445,-9999.9
69446,-9999.9
69447,-9999.9
69448,-9999.9
69449,-9999.9
69450,-9999.9
69451,-9999.9
69452,-9999.9
69453,-9999.9
69454,-9999.9
69455,-9999.9
69456,-9999.9
69457,-9999.9
69458,-9999.9
69459,-9999.9
69460,-9999.9
69461,-9999.9
69462,-9999.9
69463,-9999.9
69464,-9999.9
69465,-9999.9
69466,-9999.9
69467,-9999.9
69468,-9999.9
69469,-9999.9
69470,-9999.9
69471,-9999.9
69472,-9999.9
69473,-9999.9
69474,-9999.9
69475,-9999.9
69476,-9999.9
69477,-9999.9
69478,-9999.9
69479,136.2
69480,139.6
69481,135.3
69482,136.3
69483,136.9
69484,136.1
69485,136.7
69486,138.1
69487,136.1
69488,134.5
69489,136.9
69490,136.7
69491,136.2
69492,138.5
69493,136.9
69494,134.0
69495,134.2
69496,135.1
69497,137.3
69498,135.5
69499,132.9
69500,134.5
69501,134.2
69502,135.3
69503,137.1
69504,137.3
69505,138.2
69506,137.8
69507,135.1
69508,134.0
69509,136.3
69510,136.6
69511,134.6
69512,135.6
69513,136.7
69514,136.3
69515,137.6
69516,138.8
69517,138.3
69518,136.5
69519,134.9
69520,134.1
69521,134.8
69522,136.9
69523,137.0
69524,138.0
69525,139.1
69526,137.4
69527,136.2
69528,133.0
69529,133.4
69530,136.9
69531,138.7
69532,137.1
69533,135.3
69534,135.3
69535,135.0
69536,137.0
69537,136.6
69538,135.4
69539,135.0
69540,135.9
69541,137.5
69542,139.3
69543,137.4
69544,135.4
69545,136.0
69546,135.6
69547,137.0
69548,137.0
69549,135.3
69550,137.2
69551,136.5
69552,136.6
69553,135.9
69554,132.8
69555,136.4
69556,137.2
69557,136.2
69558,138.4
69559,138.6
69560,135.0
69561,133.5
69562,135.1
69563,139.7
69564,141.1
69565,136.1
69566,136.7
69567,134.9
69568,133.3
69569,136.8
69570,137.9
69571,136.5
69572,136.5
69573,137.7
69574,135.1
69575,134.7
69576,134.9
69577,134.9
69578,136.1
69579,136.1
69580,137.9
69581,138.4
69582,136.0
69583,134.6
69584,134.0
69585,134.2
69586,134.7
69587,134.2
69588,135.0
69589,135.1
69590,135.2
69591,137.3
69592,135.7
69593,134.8
69594,138.1
69595,137.3
69596,135.9
69597,137.7
69598,137.9
69599,136.1
69600,137.8
69601,139.4
69602,138.3
69603,138.4
69604,138.5
69605,139.2
69606,137.4
69607,135.9
69608,135.5
69609,134.1
69610,135.0
69611,135.9
69612,135.3
69613,136.7
69614,139.5
69615,138.0
69616,135.3
69617,135.5
69618,133.1
69619,135.7
69620,139.4
69621,137.7
69622,134.6
69623,134.3
69624,134.4
69625,136.0
69626,135.4
69627,137.0
69628,138.8
69629,138.3
69630,137.7
69631,135.7
69632,133.1
69633,133.8
69634,137.8
69635,138.2
69636,137.4
69637,136.2
69638,135.5
69639,136.0
69640,139.2
69641,140.5
69642,138.5
69643,135.9
69644,134.4
69645,135.7
69646,137.2
69647,136.2
69648,135.7
69649,138.8
69650,139.9
69651,139.0
69652,138.2
69653,138.2
69654,136.7
69655,137.6
69656,136.1
69657,134.3
69658,136.1
69659,138.0
69660,135.7
69661,134.7
69662,137.7
69663,137.0
69664,135.5
69665,135.9
69666,134.5
69667,136.0
69668,138.3
69669,137.6
69670,138.0
69671,136.8
69672,136.8
69673,138.2
69674,136.2
69675,133.8
69676,134.2
69677,135.7
69678,137.0
69679,136.7
69680,136.3
69681,140.1
69682,140.2
69683,137.5
69684,135.5
69685,134.7
69686,137.8
69687,139.3
69688,137.4
69689,136.5
69690,135.6
69691,135.5
69692,135.0
69693,135.5
69694,139.4
69695,138.4
69696,134.5
69697,137.0
69698,136.3
69699,134.8
69700,135.8
69701,139.5
69702,139.9
69703,136.7
69704,137.8
69705,138.5
69706,137.3
69707,137.8
69708,139.2
69709,135.8
69710,134.5
69711,137.9
69712,137.9
69713,134.5
69714,133.3
69715,134.1
69716,135.5
69717,138.0
69718,138.8
69719,138.3
69720,138.3
69721,138.3
69722,132.5
69723,134.8
69724,136.1
69725,137.3
69726,139.0
69727,138.0
69728,139.8
69729,138.3
69730,136.0
69731,137.0
69732,137.1
69733,136.0
69734,133.8
69735,135.2
69736,135.7
69737,137.7
69738,138.6
69739,138.3
69740,138.0
69741,135.8
69742,137.2
69743,137.3
69744,136.1
69745,137.1
69746,137.8
69747,136.8
69748,137.6
69749,137.8
69750,137.3
69751,137.0
69752,135.5
69753,135.7
69754,137.2
69755,137.3
69756,137.0
69757,131.5
69758,135.2
69759,137.9
69760,135.8
69761,137.1
69762,137.5
69763,136.8
69764,137.0
69765,136.7
69766,137.9
69767,137.8
69768,137.0
69769,135.6
69770,134.3
69771,134.3
69772,135.2
69773,136.1
69774,135.4
69775,135.1
69776,134.6
69777,135.5
69778,137.4
69779,139.3
69780,139.0
69781,136.1
69782,138.4
69783,139.5
69784,135.9
69785,133.8
69786,136.1
69787,135.7
69788,133.6
69789,134.2
69790,134.1
69791,137.9
69792,135.6
69793,135.0
69794,135.6
69795,136.8
69796,139.0
69797,138.1
69798,136.1
69799,135.7
69800,136.4
69801,136.8
69802,137.5
69803,138.4
69804,138.0
69805,138.3
69806,136.4
69807,135.7
69808,138.0
69809,138.0
69810,138.3
69811,139.5
69812,140.5
69813,138.1
69814,135.6
69815,136.5
69816,138.4
69817,137.3
69818,136.9
69819,138.0
69820,138.5
69821,135.7
69822,133.6
69823,136.8
69824,138.4
69825,137.9
69826,134.6
69827,134.1
69828,136.7
69829,135.7
69830,136.9
69831,140.1
69832,139.5
69833,138.0
69834,136.1
69835,135.6
69836,137.6
69837,137.3
69838,137.7
69839,136.9
69840,138.4
69841,138.5
69842,136.7
69843,138.4
69844,138.7
69845,138.8
69846,137.8
69847,137.8
69848,136.6
69849,134.1
69850,134.1
69851,136.0
69852,137.8
69853,136.3
69854,134.1
69855,134.9
69856,137.5
69857,138.2
69858,138.3
69859,138.6
69860,136.2
69861,137.5
69862,137.6
69863,136.5
69864,137.3
69865,137.5
69866,137.8
69867,136.3
69868,135.4
69869,137.7
69870,138.5
69871,137.9
69872,136.1
69873,138.9
69874,142.3
69875,140.0
69876,139.9
69877,136.6
69878,133.5
69879,136.5
69880,137.0
69881,138.2
69882,136.6
69883,134.4
69884,134.8
69885,135.1
69886,136.7
69887,139.2
69888,139.4
69889,137.9
69890,138.3
69891,136.3
69892,135.8
69893,137.1
69894,136.4
69895,136.6
69896,135.4
69897,134.0
69898,135.8
