NETCARE2015/data/raw/Flight10/CO_POLAR6_20150421_R1_NETCARE.ict
34, 1001
Bozem, Heiko; Hoor, Peter
Institute for Atmospheric Physics, Johannes Gutenberg University, Mainz, Germany
CO mixing ratio from AL5002 CO analyzer
NETCARE Polar 6 Campaign 2015
1, 1
2015, 04, 21, 2015, 08, 15
1
Time_UTC, seconds
1
1
-9999.9
CO_ppbv, ppbv
0
19
PI_CONTACT_INFO: Address: Johann-Joachim-Becherweg 21, 55128 Mainz, email: bozemh@uni-mainz.de; hoor@uni-mainz.de
PLATFORM: Polar 6
LOCATION: GPS location and altitude available at 1 Hz resolution in separate file (See AIMMS files under Aircraft data and meteorology)
ASSOCIATED_DATA: N/A
INSTRUMENT_INFO: CO measurements based on the fluorescence of CO in the VUV at 150 nm
DATA_INFO: Units are ppbv
UNCERTAINTY RELATIVE TO STANDARD: 2.3 ppbv at 1 sigma confidence (before drift correction is applied)
ULOD_FLAG: -7777
ULOD_VALUE: N/A
LLOD_FLAG: -8888
LLOD_VALUE: 1.5 
DM_CONTACT_INFO: N/A
PROJECT_INFO: NETCARE Polar 6 aircraft campaign in April 2015; Inuvik
STIPULATIONS_ON_USE: N/A
OTHER_COMMENTS: N/A
REVISION: R1
R0: Preliminary data, corrected for instrument drift
R1: Final data, corrected for instrument drift
Time_UTC,CO_ppbv
[from data line 9199]
67275,155.5
67276,154.0
67277,153.1
67278,155.7
67279,153.5
67280,151.0
67281,152.5
67282,149.8
67283,149.0
67284,150.0
67285,150.6
67286,151.8
67287,152.6
67288,151.1
67289,149.3
67290,150.7
67291,152.0
67292,148.4
67293,146.4
67294,148.4
67295,149.7
67296,147.4
67297,146.1
67298,149.7
67299,151.4
67300,150.0
67301,147.1
67302,146.9
67303,152.1
67304,154.5
67305,152.6
67306,151.1
67307,155.2
67308,154.0
67309,153.1
67310,153.0
67311,152.5
67312,153.5
67313,152.6
67314,153.1
67315,153.3
67316,151.9
67317,154.1
67318,156.3
67319,156.2
67320,155.6
67321,156.5
67322,155.7
67323,154.4
67324,156.0
67325,156.7
67326,156.0
67327,155.6
67328,156.0
67329,157.8
67330,158.8
67331,157.7
67332,157.4
67333,157.7
67334,157.4
67335,154.5
67336,153.6
67337,156.0
67338,156.7
67339,156.0
67340,155.6
67341,151.5
67342,154.5
67343,155.3
67344,154.3
67345,153.6
67346,154.1
67347,157.4
67348,158.8
67349,158.2
67350,158.4
67351,159.0
67352,157.7
67353,156.7
67354,154.7
67355,155.8
67356,155.4
67357,155.6
67358,158.9
67359,157.2
67360,155.7
67361,157.6
67362,156.8
67363,154.7
67364,153.6
67365,154.4
67366,157.5
67367,155.0
67368,152.2
67369,152.7
67370,154.3
67371,155.7
67372,153.1
67373,150.8
67374,151.0
67375,151.5
67376,156.7
67377,154.7
67378,151.9
67379,151.5
67380,150.8
67381,151.3
67382,151.6
67383,150.0
67384,150.7
67385,151.2
67386,151.4
67387,151.0
67388,150.0
67389,152.1
67390,154.9
67391,154.3
67392,153.0
67393,153.5
67394,154.9
67395,156.7
67396,156.2
67397,153.1
67398,152.8
67399,152.6
67400,153.2
67401,155.3
67402,156.6
67403,156.3
67404,157.7
67405,159.8
67406,159.5
67407,161.1
67408,163.6
67409,165.0
67410,164.8
67411,163.7
67412,162.9
67413,163.3
67414,165.3
67415,167.0
67416,166.4
67417,165.8
67418,163.5
67419,166.0
67420,165.9
67421,162.4
67422,167.5
67423,167.2
67424,164.5
67425,166.4
67426,165.3
67427,167.2
67428,169.9
67429,168.3
67430,168.6
67431,169.1
67432,168.9
67433,169.2
67434,169.7
67435,168.6
67436,168.9
67437,167.5
67438,166.7
67439,167.8
67440,170.3
67441,171.7
67442,169.6
67443,169.9
67444,170.1
67445,170.1
67446,172.7
67447,173.6
67448,173.4
67449,172.0
67450,173.1
67451,172.2
67452,170.7
67453,172.6
67454,173.9
67455,172.9
67456,169.0
67457,169.7
67458,171.1
67459,167.7
67460,170.1
67461,172.3
67462,170.3
67463,171.3
67464,172.6
67465,169.2
67466,168.9
67467,171.6
67468,172.2
67469,171.7
67470,171.1
67471,171.7
67472,172.2
67473,170.9
67474,169.9
67475,171.4
67476,170.7
67477,169.9
67478,172.1
67479,173.6
67480,166.7
67481,169.0
67482,172.8
67483,173.2
67484,173.1
67485,172.2
67486,173.2
67487,174.0
67488,172.7
67489,172.0
67490,173.2
67491,174.1
67492,171.8
67493,171.9
67494,175.8
67495,182.0
67496,183.4
67497,186.4
67498,192.3
67499,192.5
67500,194.6
67501,197.5
67502,194.9
67503,194.8
67504,195.2
67505,193.0
67506,193.7
67507,196.2
67508,195.3
67509,194.7
67510,197.9
67511,196.1
67512,193.5
67513,194.3
67514,191.4
67515,192.6
67516,194.8
67517,196.7
67518,196.4
67519,193.6
67520,194.2
67521,195.9
67522,196.5
67523,195.2
67524,193.9
67525,195.4
67526,196.3
67527,196.1
67528,194.8
67529,195.1
67530,196.5
67531,198.0
67532,201.5
67533,201.3
67534,198.5
67535,196.7
67536,193.0
67537,193.4
67538,195.2
67539,191.8
67540,188.6
67541,187.0
67542,187.6
67543,190.4
67544,193.7
67545,196.1
67546,200.5
67547,202.6
67548,200.9
67549,202.2
67550,202.4
67551,202.2
67552,201.5
67553,199.6
67554,193.8
67555,187.1
67556,184.9
67557,182.4
67558,178.7
67559,176.1
67560,173.7
67561,172.9
67562,172.6
67563,172.7
67564,174.2
67565,176.1
67566,176.9
67567,175.9
67568,175.2
67569,177.5
67570,177.7
67571,177.4
67572,178.8
67573,179.2
67574,175.8
67575,175.2
67576,177.2
67577,175.8
67578,176.7
67579,178.1
67580,177.3
67581,175.8
67582,175.9
67583,172.4
67584,172.1
67585,169.9
67586,169.5
67587,172.8
67588,172.7
67589,172.0
67590,174.6
67591,175.1
67592,173.3
67593,172.6
67594,172.4
67595,172.6
67596,171.3
67597,168.2
67598,169.8
67599,172.1
67600,176.1
67601,176.3
67602,174.0
67603,173.6
67604,172.2
67605,173.4
67606,174.9
67607,175.3
67608,170.8
67609,167.7
67610,169.2
67611,166.8
67612,164.4
67613,166.4
67614,169.3
67615,167.4
67616,164.4
67617,173.3
67618,176.2
67619,178.0
67620,180.2
67621,183.8
67622,183.1
67623,183.5
67624,183.9
67625,181.2
67626,182.5
67627,184.6
67628,183.3
67629,180.8
67630,178.6
67631,180.3
67632,181.8
67633,183.2
67634,183.8
67635,185.1
67636,186.5
67637,186.3
67638,187.6
67639,186.8
67640,187.0
67641,186.9
67642,185.5
67643,184.7
67644,182.7
67645,181.1
67646,183.7
67647,184.0
67648,182.4
67649,182.8
67650,181.8
67651,181.5
67652,185.1
67653,183.9
67654,183.1
67655,184.8
67656,182.3
67657,180.7
67658,180.9
67659,178.2
67660,180.5
67661,181.2
67662,179.8
67663,181.4
67664,184.7
67665,184.9
67666,185.2
67667,186.8
67668,189.4
67669,193.0
67670,192.3
67671,192.4
67672,193.1
67673,192.9
67674,192.6
67675,194.6
67676,196.5
67677,197.0
67678,198.1
67679,195.9
67680,195.7
67681,194.6
67682,192.4
67683,193.4
67684,189.6
67685,185.7
67686,190.7
67687,191.7
67688,190.8
67689,189.1
67690,189.7
67691,192.3
67692,193.5
67693,195.1
67694,196.0
67695,196.9
67696,196.8
67697,194.1
67698,195.6
67699,199.1
67700,200.8
67701,204.3
67702,204.9
67703,202.6
67704,203.9
67705,204.0
67706,201.8
67707,201.0
67708,203.3
67709,203.9
67710,203.1
67711,202.1
67712,201.3
67713,202.2
67714,204.2
67715,204.7
67716,201.5
67717,201.2
67718,201.0
67719,198.6
67720,205.5
67721,205.5
67722,203.3
67723,203.5
67724,202.6
67725,202.9
67726,203.4
67727,203.2
67728,203.2
67729,201.1
67730,198.6
67731,197.9
67732,201.8
67733,204.0
67734,202.9
67735,203.6
67736,201.6
67737,198.5
67738,200.4
67739,203.4
67740,201.5
67741,202.3
67742,202.6
67743,200.1
67744,201.8
67745,201.1
67746,201.3
67747,203.8
67748,204.3
67749,199.7
67750,197.6
67751,201.2
67752,202.1
67753,200.1
67754,200.2
67755,202.2
67756,198.1
67757,200.8
67758,201.9
67759,199.8
67760,201.4
67761,200.3
67762,199.3
67763,202.7
67764,202.7
67765,202.2
67766,200.1
67767,200.7
67768,203.3
67769,202.0
67770,199.5
67771,196.0
67772,198.7
67773,202.1
67774,200.7
67775,199.7
67776,199.0
67777,196.8
67778,193.5
67779,193.3
67780,194.9
67781,193.7
67782,193.8
67783,194.8
67784,191.5
67785,187.9
67786,187.1
67787,187.7
67788,184.8
67789,181.9
67790,187.6
67791,187.2
67792,187.0
67793,185.2
67794,183.2
67795,184.4
67796,185.0
67797,184.4
67798,181.1
67799,177.2
67800,178.8
67801,178.5
67802,176.6
67803,177.8
67804,176.9
67805,177.0
67806,176.7
67807,175.4
67808,174.7
67809,170.7
67810,169.0
67811,168.4
67812,168.2
67813,171.1
67814,171.7
67815,170.8
67816,170.4
67817,175.3
67818,177.1
67819,173.8
67820,170.7
67821,170.3
67822,174.9
67823,172.8
67824,168.9
67825,174.5
67826,174.0
67827,172.5
67828,172.6
67829,174.9
67830,174.7
67831,173.2
67832,171.7
67833,171.7
67834,173.6
67835,174.0
67836,172.3
67837,169.0
67838,167.9
67839,164.9
67840,162.9
67841,163.0
67842,161.6
67843,160.2
67844,158.5
67845,157.7
67846,158.2
67847,156.7
67848,156.0
67849,157.4
67850,157.8
67851,159.3
67852,158.1
67853,155.0
67854,154.2
67855,155.0
67856,155.0
67857,155.7
67858,157.3
67859,157.0
67860,157.6
67861,156.3
67862,156.0
67863,159.1
67864,161.7
67865,162.1
67866,158.3
67867,155.5
67868,156.6
67869,157.7
67870,158.2
67871,157.9
67872,157.1
67873,160.7
67874,166.5
67875,166.7
67876,165.5
67877,164.0
67878,164.9
67879,167.3
67880,168.8
67881,170.3
67882,167.4
67883,165.9
67884,162.9
67885,163.2
67886,168.5
67887,165.5
67888,160.9
67889,159.8
67890,159.0
67891,157.1
67892,155.7
67893,153.2
67894,154.4
67895,154.8
67896,155.1
67897,157.1
67898,155.4
67899,155.5
67900,155.8
67901,152.5
67902,153.2
67903,155.1
67904,154.9
67905,152.9
67906,151.3
67907,151.4
67908,152.0
67909,152.3
67910,151.9
67911,148.2
67912,147.9
67913,149.6
67914,148.1
67915,148.5
67916,149.7
67917,149.9
67918,150.0
67919,150.1
67920,150.6
67921,149.6
67922,149.0
67923,148.1
67924,146.8
67925,148.6
67926,149.1
67927,148.5
67928,148.7
67929,148.8
67930,150.2
67931,152.2
67932,149.8
67933,147.7
67934,146.8
67935,149.0
67936,150.9
67937,148.9
67938,147.9
67939,147.8
67940,148.8
67941,148.5
67942,149.5
67943,151.1
67944,150.5
67945,148.5
67946,147.6
67947,149.5
67948,149.9
67949,148.5
67950,148.0
67951,149.2
67952,149.7
67953,149.5
67954,148.9
67955,147.2
67956,149.2
67957,149.6
67958,148.4
67959,150.2
67960,148.8
67961,145.5
67962,151.8
67963,151.9
67964,152.1
67965,151.2
67966,147.1
67967,146.2
67968,147.7
67969,149.3
67970,148.4
67971,145.2
67972,149.0
67973,150.7
67974,150.0
67975,149.3
67976,148.0
67977,150.4
67978,150.9
67979,149.0
67980,149.4
67981,150.2
67982,151.1
67983,151.6
67984,152.8
67985,151.4
67986,147.8
67987,149.5
67988,151.6
67989,152.0
67990,152.2
67991,151.4
67992,151.8
67993,152.8
67994,153.0
67995,153.1
67996,146.4
67997,146.4
67998,151.2
67999,152.0
68000,155.5
68001,154.6
68002,152.3
68003,152.3
68004,152.4
68005,154.0
68006,154.2
68007,153.5
68008,152.1
68009,151.4
68010,151.3
68011,150.6
68012,151.0
68013,152.4
68014,153.3
68015,153.5
68016,153.3
68017,153.2
68018,152.8
68019,153.5
68020,151.9
68021,150.7
68022,153.9
68023,155.7
68024,154.3
68025,153.7
68026,154.1
68027,152.6
68028,153.0
68029,156.0
68030,156.3
68031,155.5
68032,157.4
68033,156.8
68034,157.1
68035,158.5
68036,158.7
68037,159.6
68038,160.2
68039,156.3
68040,155.9
68041,156.2
68042,154.6
68043,154.3
68044,154.1
68045,155.3
68046,154.6
68047,154.3
68048,154.8
68049,157.1
68050,158.8
68051,156.5
68052,153.5
68053,153.7
68054,154.1
68055,152.5
68056,152.5
68057,154.9
68058,155.5
68059,155.4
68060,155.0
68061,155.1
68062,156.9
68063,155.0
68064,153.9
68065,154.6
68066,155.3
68067,154.6
68068,156.2
68069,157.3
68070,157.6
68071,156.3
68072,156.9
68073,157.5
68074,155.4
68075,155.3
68076,156.7
68077,159.6
68078,157.6
68079,156.0
68080,156.1
68081,156.5
68082,156.8
68083,154.3
68084,154.9
68085,157.2
68086,156.0
68087,156.2
68088,158.0
68089,156.0
68090,155.1
68091,156.5
68092,154.7
68093,154.9
68094,156.6
68095,155.7
68096,154.8
68097,154.2
68098,154.4
68099,153.8
68100,152.7
68101,152.0
68102,150.9
68103,153.3
68104,156.2
68105,154.9
68106,152.6
68107,153.5
68108,155.7
68109,153.5
68110,153.2
68111,155.1
68112,152.1
68113,148.6
68114,151.3
68115,152.6
68116,150.4
68117,150.2
68118,151.9
68119,152.6
68120,154.3
68121,154.6
68122,151.8
68123,150.1
68124,150.6
68125,153.4
68126,153.1
68127,151.5
68128,151.3
68129,151.9
68130,152.7
68131,153.4
68132,153.7
68133,152.0
68134,151.2
68135,149.4
68136,150.0
68137,149.2
68138,148.5
68139,152.0
68140,153.2
68141,151.0
68142,149.5
68143,148.7
68144,149.2
68145,149.9
68146,150.6
68147,151.9
68148,149.7
68149,150.4
68150,153.9
68151,151.7
68152,151.3
68153,151.3
68154,150.3
68155,151.7
68156,151.4
68157,150.8
68158,152.2
68159,151.2
68160,150.4
68161,149.9
68162,148.7
68163,150.0
68164,150.1
68165,150.6
68166,151.0
68167,148.4
68168,146.4
68169,149.5
68170,150.8
68171,152.2
68172,150.5
68173,147.3
68174,148.6
68175,152.0
68176,153.6
68177,151.8
68178,148.5
68179,149.7
68180,152.6
68181,152.7
68182,150.9
68183,150.1
68184,149.3
68185,148.5
68186,148.9
68187,150.5
68188,150.5
68189,152.3
68190,154.3
68191,152.0
68192,149.5
68193,148.5
68194,148.7
68195,150.1
68196,150.7
68197,149.7
68198,150.4
68199,150.9
68200,151.3
68201,150.1
68202,150.4
68203,152.6
68204,146.0
68205,147.3
68206,147.3
68207,149.1
68208,149.0
68209,148.2
68210,150.2
68211,148.2
68212,146.9
68213,147.8
68214,149.2
68215,149.1
68216,148.1
68217,147.7
68218,148.7
68219,148.3
68220,147.5
68221,148.0
68222,149.0
68223,149.9
68224,151.8
68225,151.7
68226,150.8
68227,147.0
68228,145.8
68229,150.1
68230,150.6
68231,148.8
68232,148.0
68233,150.4
68234,151.1
68235,149.7
68236,149.5
68237,149.9
68238,146.7
68239,148.7
68240,149.8
68241,146.5
68242,147.2
68243,149.4
68244,147.6
68245,148.7
68246,149.8
68247,147.1
68248,145.4
68249,145.5
68250,144.5
68251,144.6
68252,146.0
68253,145.3
68254,145.9
68255,146.6
68256,145.0
68257,144.3
68258,147.1
68259,146.9
68260,145.3
68261,144.3
68262,142.1
68263,144.6
68264,146.9
68265,146.2
68266,145.6
68267,144.5
68268,144.0
68269,145.8
68270,143.0
68271,141.0
68272,141.7
68273,141.7
68274,138.7
68275,140.5
68276,141.9
68277,139.9
68278,139.8
68279,141.2
68280,139.6
68281,140.5
68282,140.9
68283,138.9
68284,138.5
68285,139.8
68286,141.2
68287,140.0
68288,138.9
68289,138.9
68290,137.1
68291,135.8
68292,138.8
68293,141.2
68294,140.8
68295,140.2
68296,141.0
68297,141.9
68298,141.9
68299,141.5
68300,138.5
68301,140.8
68302,143.7
68303,141.1
68304,139.2
68305,140.7
68306,143.7
68307,144.0
68308,141.8
68309,141.0
68310,140.6
68311,142.1
68312,144.3
68313,144.2
68314,141.7
68315,141.1
68316,143.0
68317,144.5
68318,143.8
68319,141.7
68320,141.6
68321,140.1
68322,141.9
68323,144.4
68324,142.3
68325,139.4
68326,139.9
68327,141.6
68328,141.1
68329,141.8
68330,142.5
68331,140.7
68332,141.0
68333,140.6
68334,139.5
68335,141.5
68336,142.8
68337,142.8
68338,141.6
68339,142.5
68340,143.2
68341,142.8
68342,140.5
68343,140.3
68344,139.2
68345,137.7
68346,137.8
68347,139.7
68348,141.0
68349,141.0
68350,139.9
68351,138.6
68352,137.5
68353,137.7
68354,137.0
68355,137.3
68356,138.3
68357,136.2
68358,136.0
68359,139.6
68360,139.2
68361,136.4
68362,137.6
68363,138.3
68364,139.0
68365,139.9
68366,137.6
68367,137.9
68368,139.7
68369,137.9
68370,136.6
68371,136.0
68372,137.1
68373,138.2
68374,138.5
68375,139.0
68376,138.7
68377,137.5
68378,137.6
68379,137.6
68380,136.7
68381,136.9
68382,136.8
68383,135.5
68384,134.7
68385,135.4
68386,135.8
68387,134.8
68388,134.5
68389,135.7
68390,137.1
68391,137.2
68392,137.9
68393,137.9
68394,139.7
68395,141.9
68396,138.5
68397,136.9
68398,138.7
68399,138.7
68400,136.8
68401,136.9
68402,137.1
68403,136.8
68404,135.8
68405,136.2
68406,137.4
68407,137.1
68408,136.8
68409,136.2
68410,137.3
68411,136.6
68412,136.2
68413,136.6
68414,137.4
68415,137.1
68416,135.5
68417,137.8
68418,140.6
68419,138.1
68420,137.9
68421,137.2
68422,137.6
68423,140.2
68424,138.2
68425,137.5
68426,136.8
68427,137.3
68428,138.2
68429,134.9
68430,137.5
68431,138.0
68432,134.3
68433,134.2
68434,134.3
68435,137.7
68436,138.3
68437,135.5
68438,135.5
68439,136.9
68440,138.2
68441,138.0
68442,137.9
68443,137.4
68444,139.3
68445,142.1
68446,140.3
68447,139.9
68448,139.6
68449,137.4
68450,138.2
68451,139.3
68452,139.5
68453,140.2
68454,137.9
68455,136.7
68456,139.1
68457,139.7
68458,140.6
68459,140.5
68460,138.7
68461,137.7
68462,136.1
68463,136.4
68464,136.8
68465,136.0
68466,138.4
68467,139.6
68468,138.4
68469,138.3
68470,139.7
68471,139.5
68472,137.8
68473,136.7
68474,139.0
68475,142.3
68476,140.0
68477,137.6
68478,139.9
68479,142.0
68480,139.2
68481,140.7
68482,139.1
68483,138.4
68484,141.7
68485,140.1
68486,137.2
68487,136.8
68488,139.7
68489,141.2
68490,138.1
68491,138.9
68492,138.9
68493,138.9
68494,138.8
68495,135.9
68496,137.2
68497,138.7
68498,140.0
68499,140.8
68500,141.3
68501,142.7
68502,140.9
68503,138.1
68504,138.7
68505,139.5
68506,136.6
68507,138.4
68508,140.3
68509,138.7
68510,138.6
68511,138.9
68512,138.6
68513,137.4
68514,138.6
68515,136.5
68516,136.7
68517,138.9
68518,139.1
68519,140.2
68520,139.9
68521,139.7
68522,139.0
68523,137.1
68524,137.9
68525,136.3
68526,135.2
68527,138.0
68528,137.9
68529,136.8
68530,136.0
68531,137.2
68532,138.4
68533,138.6
68534,138.9
68535,136.3
68536,136.5
68537,140.4
68538,143.3
68539,138.8
68540,136.9
68541,137.3
68542,136.0
68543,138.0
68544,138.8
68545,139.2
68546,140.7
68547,142.3
68548,135.1
68549,135.1
68550,135.5
68551,138.2
68552,137.2
68553,134.8
68554,138.1
68555,137.9
68556,137.1
68557,139.0
68558,139.8
68559,138.3
68560,137.5
68561,139.0
68562,138.4
68563,138.3
68564,139.7
68565,139.8
68566,139.7
68567,138.3
68568,137.9
68569,141.0
68570,141.5
68571,140.7
68572,142.6
68573,143.4
68574,142.9
68575,141.6
68576,139.5
68577,139.2
68578,139.5
68579,140.7
68580,140.9
68581,137.8
68582,138.2
68583,140.6
68584,135.9
68585,136.5
68586,135.7
68587,133.3
68588,134.8
68589,135.6
68590,135.8
68591,136.8
68592,137.3
68593,136.9
68594,135.6
68595,137.5
68596,138.3
68597,139.0
68598,139.2
68599,138.8
68600,138.5
68601,137.5
68602,137.5
68603,137.4
68604,136.8
68605,137.6
68606,138.4
