NETCARE2015/data/raw/Flight10/CO_POLAR6_20150421_R1_NETCARE.ict
34, 1001
Bozem, Heiko; Hoor, Peter
Institute for Atmospheric Physics, Johannes Gutenberg University, Mainz, Germany
CO mixing ratio from AL5002 CO analyzer
NETCARE Polar 6 Campaign 2015
1, 1
2015, 04, 21, 2015, 08, 15
1
Time_UTC, seconds
1
1
-9999.9
CO_ppbv, ppbv
0
19
PI_CONTACT_INFO: Address: Johann-Joachim-Becherweg 21, 55128 Mainz, email: bozemh@uni-mainz.de; hoor@uni-mainz.de
PLATFORM: Polar 6
LOCATION: GPS location and altitude available at 1 Hz resolution in separate file (See AIMMS files under Aircraft data and meteorology)
ASSOCIATED_DATA: N/A
INSTRUMENT_INFO: CO measurements based on the fluorescence of CO in the VUV at 150 nm
DATA_INFO: Units are ppbv
UNCERTAINTY RELATIVE TO STANDARD: 2.3 ppbv at 1 sigma confidence (before drift correction is applied)
ULOD_FLAG: -7777
ULOD_VALUE: N/A
LLOD_FLAG: -8888
LLOD_VALUE: 1.5 
DM_CONTACT_INFO: N/A
PROJECT_INFO: NETCARE Polar 6 aircraft campaign in April 2015; Inuvik
STIPULATIONS_ON_USE: N/A
OTHER_COMMENTS: N/A
REVISION: R1
R0: Preliminary data, corrected for instrument drift
R1: Final data, corrected for instrument drift
Time_UTC,CO_ppbv
[from data line 13136]
71212,-9999.9
71213,130.3
71214,129.2
71215,128.0
71216,128.7
71217,129.2
71218,129.6
71219,131.5
71220,132.8
71221,129.9
71222,128.8
71223,131.1
71224,130.9
71225,127.7
71226,127.0
71227,130.0
71228,129.1
71229,128.3
71230,129.7
71231,128.6
71232,127.9
71233,128.4
71234,129.2
71235,126.6
71236,125.8
71237,129.2
71238,129.8
71239,129.1
71240,134.9
71241,134.1
71242,134.2
71243,135.9
71244,135.4
71245,132.6
71246,131.6
71247,132.7
71248,134.0
71249,136.8
71250,136.6
71251,136.6
71252,135.9
71253,132.6
71254,134.0
71255,135.2
71256,133.9
71257,133.9
71258,132.9
71259,134.3
71260,135.2
71261,133.1
71262,133.1
71263,133.3
71264,132.5
71265,131.3
71266,131.3
71267,129.9
71268,131.3
71269,133.8
71270,133.1
71271,132.9
71272,132.9
71273,133.1
71274,130.5
71275,130.5
71276,129.3
71277,128.2
71278,129.5
71279,128.2
71280,127.7
71281,132.9
71282,132.9
71283,131.9
71284,133.7
71285,133.6
71286,134.0
71287,134.2
71288,134.0
71289,136.3
71290,136.6
71291,136.2
71292,136.7
71293,136.1
71294,136.1
71295,133.9
71296,131.2
71297,130.1
71298,129.6
71299,131.4
71300,131.2
71301,129.1
71302,128.3
71303,129.2
71304,133.0
71305,131.7
71306,128.4
71307,127.7
71308,128.0
71309,129.5
71310,126.1
71311,126.4
71312,127.1
71313,128.4
71314,127.5
71315,127.2
71316,127.8
71317,127.2
71318,128.8
71319,126.4
71320,124.1
71321,126.1
71322,127.0
71323,126.8
71324,126.1
71325,126.4
71326,126.9
71327,126.7
71328,125.4
71329,127.0
71330,127.6
71331,127.2
71332,128.5
71333,126.3
71334,126.4
71335,126.9
71336,126.9
71337,127.0
71338,125.0
71339,126.9
71340,128.1
71341,125.6
71342,125.8
71343,127.4
71344,129.7
71345,130.4
71346,128.5
71347,125.9
71348,125.2
71349,125.0
71350,125.8
71351,125.5
71352,127.4
71353,127.7
71354,128.6
71355,129.1
71356,125.6
71357,125.8
71358,128.4
71359,130.0
71360,128.4
71361,127.9
71362,129.2
71363,131.6
71364,131.5
71365,130.2
71366,130.6
71367,133.3
71368,133.3
71369,130.0
71370,128.8
71371,129.5
71372,132.6
71373,133.7
71374,133.4
71375,132.8
71376,134.0
71377,134.3
71378,133.3
71379,130.3
71380,127.5
71381,126.7
71382,132.0
71383,133.7
71384,132.1
71385,132.2
71386,133.0
71387,131.2
71388,129.5
71389,129.2
71390,128.1
71391,130.6
71392,130.7
71393,131.7
71394,132.8
71395,132.2
71396,133.7
71397,132.4
71398,128.9
71399,129.2
71400,129.9
71401,130.7
71402,133.0
71403,132.3
71404,131.5
71405,131.5
71406,133.8
71407,133.5
71408,131.7
71409,132.9
71410,133.0
71411,134.3
71412,136.5
71413,136.3
71414,134.2
71415,131.8
71416,131.2
71417,131.3
71418,133.3
71419,133.4
71420,131.5
71421,132.4
71422,133.8
71423,132.5
71424,128.9
71425,128.9
71426,128.8
71427,128.0
71428,128.3
71429,125.4
71430,126.1
71431,129.2
71432,128.6
71433,125.1
71434,123.2
71435,123.3
71436,123.8
71437,125.3
71438,127.0
71439,126.0
71440,123.8
71441,123.2
71442,123.2
71443,124.1
71444,124.6
71445,123.7
71446,125.4
71447,128.4
71448,126.5
71449,124.7
71450,125.6
71451,124.9
71452,123.1
71453,125.8
71454,125.7
71455,123.6
71456,125.4
71457,125.6
71458,124.2
71459,122.6
71460,123.3
71461,125.3
71462,124.9
71463,123.9
71464,123.5
71465,123.5
71466,124.8
71467,124.7
71468,124.1
71469,123.8
71470,123.2
71471,121.3
71472,120.2
71473,122.3
71474,123.5
71475,121.7
71476,120.5
71477,119.3
71478,121.5
71479,124.5
71480,122.2
71481,120.5
71482,120.0
71483,121.2
71484,122.5
71485,121.4
71486,120.3
71487,123.6
71488,124.1
71489,121.4
71490,121.9
71491,121.0
71492,120.2
71493,119.6
71494,118.5
71495,119.3
71496,118.9
71497,118.6
71498,119.4
71499,118.9
71500,119.6
71501,118.5
71502,117.9
71503,118.5
71504,117.5
71505,118.8
71506,120.2
71507,119.1
71508,117.5
71509,118.5
71510,120.6
71511,120.2
71512,120.7
71513,119.7
71514,118.6
71515,120.4
71516,119.2
71517,119.2
71518,119.1
71519,119.5
71520,120.7
71521,118.4
71522,117.3
71523,118.0
71524,115.5
71525,115.1
71526,119.3
71527,119.1
71528,117.1
71529,117.2
71530,118.6
71531,119.3
71532,116.9
71533,115.9
71534,116.8
71535,117.6
71536,117.0
71537,116.9
71538,114.2
71539,111.8
71540,113.8
71541,113.0
71542,112.5
71543,114.0
71544,113.8
71545,112.4
71546,113.8
71547,114.4
71548,113.9
71549,114.3
71550,109.8
71551,109.8
71552,111.6
71553,111.6
71554,109.7
71555,108.1
71556,107.8
71557,109.2
71558,112.9
71559,110.9
71560,108.6
71561,109.5
71562,109.5
71563,113.3
71564,112.3
71565,109.0
71566,110.9
71567,110.9
71568,111.1
71569,111.4
71570,111.4
71571,113.4
71572,113.7
71573,113.1
71574,114.6
71575,115.4
71576,113.1
71577,109.3
71578,108.9
71579,111.2
71580,112.3
71581,113.1
71582,114.4
71583,115.4
71584,113.2
71585,110.9
71586,114.1
71587,112.8
71588,110.8
71589,111.0
71590,114.0
71591,115.8
71592,114.5
71593,111.7
71594,109.2
71595,109.4
71596,109.8
71597,107.4
71598,106.4
71599,107.5
71600,109.2
71601,109.8
71602,111.5
71603,112.2
71604,109.8
71605,109.5
71606,110.2
71607,108.0
71608,105.8
71609,107.4
71610,108.6
71611,109.8
71612,110.2
71613,108.5
71614,108.5
71615,108.2
71616,106.2
71617,106.2
71618,107.7
71619,107.8
71620,108.1
71621,109.3
71622,110.2
71623,110.0
71624,109.1
71625,109.6
71626,110.1
71627,108.2
71628,106.9
71629,106.3
71630,107.1
71631,109.8
71632,109.2
71633,107.5
71634,109.0
71635,111.0
71636,110.5
71637,110.8
71638,111.3
71639,109.5
71640,107.6
71641,108.8
71642,110.5
71643,110.4
71644,109.8
71645,109.4
71646,109.1
71647,108.3
71648,109.9
71649,110.5
71650,111.3
71651,110.0
71652,107.4
71653,109.0
71654,110.5
71655,109.5
71656,110.1
71657,108.6
71658,109.7
71659,110.1
71660,108.2
71661,109.3
71662,110.7
71663,110.3
71664,107.4
71665,107.2
71666,109.0
71667,108.9
71668,107.6
71669,107.7
71670,106.9
71671,106.7
71672,106.7
71673,107.8
71674,109.8
71675,110.1
71676,108.9
71677,106.5
71678,107.0
71679,108.8
71680,109.3
71681,107.5
71682,107.1
71683,109.7
71684,110.6
71685,110.6
71686,110.2
71687,107.9
71688,106.3
71689,107.3
71690,108.4
71691,107.7
71692,108.2
71693,107.8
71694,107.7
71695,110.4
71696,111.2
71697,110.3
71698,109.2
71699,110.1
71700,109.6
71701,107.9
71702,107.2
71703,109.6
71704,110.7
71705,108.0
71706,106.6
71707,107.6
71708,108.7
71709,108.7
71710,111.5
71711,111.1
71712,108.9
71713,111.1
71714,110.5
71715,107.9
71716,108.9
71717,109.9
71718,110.2
71719,111.8
71720,109.0
71721,106.2
71722,107.2
71723,107.7
71724,108.1
71725,109.4
71726,110.3
71727,109.4
71728,105.8
71729,104.7
71730,105.7
71731,105.6
71732,106.4
71733,107.3
71734,108.9
71735,108.7
71736,107.9
71737,108.5
71738,108.4
71739,106.5
71740,105.0
71741,103.7
71742,104.3
71743,107.0
71744,106.2
71745,104.2
71746,104.9
71747,106.2
71748,106.2
71749,104.1
71750,103.5
71751,104.7
71752,105.2
71753,106.5
71754,104.7
71755,102.8
71756,102.8
71757,102.2
71758,102.3
71759,104.0
71760,105.0
71761,102.6
71762,101.7
71763,101.9
71764,104.5
71765,105.6
71766,103.0
71767,102.8
71768,103.4
71769,105.2
71770,107.2
71771,105.9
71772,105.3
71773,106.5
71774,104.7
71775,103.7
71776,103.1
71777,100.9
71778,101.8
71779,101.9
71780,102.6
71781,104.3
71782,103.5
71783,102.7
71784,102.2
71785,102.1
71786,100.5
71787,98.4
71788,102.0
71789,105.4
71790,103.0
71791,101.9
71792,99.1
71793,99.2
71794,100.6
71795,104.0
71796,104.1
71797,102.3
71798,100.8
71799,100.4
71800,101.8
71801,101.7
71802,101.9
71803,101.8
71804,103.2
71805,103.4
71806,102.4
71807,102.9
71808,100.7
71809,99.0
71810,101.1
71811,103.5
71812,101.1
71813,99.6
71814,100.3
71815,101.7
71816,103.5
71817,103.3
71818,103.4
71819,102.5
71820,101.9
71821,102.3
71822,102.7
71823,102.8
71824,103.3
71825,104.1
71826,104.6
71827,104.6
71828,102.0
71829,103.5
71830,102.3
71831,101.3
71832,102.5
71833,103.6
71834,105.3
71835,105.4
71836,104.5
71837,102.6
71838,102.2
71839,102.6
71840,100.5
71841,99.4
71842,102.8
71843,103.4
71844,101.1
71845,101.6
71846,105.2
71847,105.8
71848,105.0
71849,105.5
71850,103.9
71851,103.8
71852,104.0
71853,102.2
71854,102.6
71855,104.7
71856,104.8
71857,104.3
71858,103.6
71859,103.7
71860,103.5
71861,102.8
71862,105.7
71863,103.1
71864,101.2
71865,103.2
71866,105.3
71867,105.0
71868,105.5
71869,105.7
71870,105.0
71871,103.9
71872,101.6
71873,102.8
71874,104.9
71875,105.2
71876,105.2
71877,105.8
71878,105.0
71879,104.8
71880,103.3
71881,101.2
71882,100.2
71883,101.0
71884,102.1
71885,103.4
71886,104.6
71887,103.1
71888,103.4
71889,104.6
71890,105.5
71891,105.3
71892,106.0
71893,106.3
71894,105.2
71895,105.1
71896,100.0
71897,101.2
71898,103.0
71899,103.0
71900,102.6
71901,102.2
71902,101.7
71903,102.4
71904,103.9
71905,105.6
71906,106.8
71907,104.6
71908,102.7
71909,105.2
71910,106.0
71911,103.9
71912,106.1
71913,109.0
71914,107.3
71915,105.6
71916,105.1
71917,105.3
71918,103.6
71919,102.7
71920,105.0
71921,105.5
71922,104.8
71923,102.7
71924,101.4
71925,103.2
71926,105.3
71927,105.1
71928,103.4
71929,104.0
71930,104.5
71931,105.6
71932,104.4
71933,104.1
71934,103.7
71935,100.8
71936,101.3
71937,103.2
71938,103.6
71939,104.1
71940,102.8
71941,103.1
71942,103.5
71943,103.2
71944,102.5
71945,103.4
71946,104.9
71947,103.1
71948,104.5
71949,105.7
71950,103.7
71951,101.6
71952,102.1
71953,104.9
71954,105.3
71955,104.2
71956,104.4
71957,104.4
71958,101.9
71959,103.0
71960,106.8
71961,106.7
71962,103.2
71963,102.1
71964,103.5
71965,108.8
71966,106.4
71967,104.2
71968,105.8
71969,106.7
71970,105.3
71971,105.5
71972,106.7
71973,106.6
71974,104.6
71975,104.4
71976,103.9
71977,103.5
71978,103.4
71979,102.4
71980,102.8
71981,104.4
71982,105.3
71983,105.5
71984,106.4
71985,105.7
71986,104.8
71987,104.7
71988,105.7
71989,104.9
71990,103.4
71991,105.1
71992,105.6
71993,104.8
71994,104.7
71995,105.9
71996,107.2
71997,107.9
71998,109.6
71999,106.5
72000,107.0
72001,108.3
72002,107.3
72003,105.6
72004,105.6
72005,105.9
72006,106.9
72007,106.5
72008,105.2
72009,105.1
72010,104.4
72011,105.0
72012,105.8
72013,104.6
72014,104.1
72015,103.7
72016,104.2
72017,108.0
72018,106.6
72019,104.5
72020,106.7
72021,106.5
72022,105.4
72023,105.9
72024,107.0
72025,106.3
72026,108.3
72027,108.7
72028,106.8
72029,106.4
72030,105.2
72031,106.4
72032,106.5
72033,105.1
72034,103.5
72035,102.6
72036,104.3
72037,106.7
72038,105.1
72039,104.6
72040,104.4
72041,103.7
72042,105.2
72043,104.0
72044,102.1
72045,102.6
72046,103.8
72047,104.3
72048,103.0
72049,102.3
72050,105.5
72051,106.5
72052,102.7
72053,102.2
72054,104.5
72055,105.4
72056,104.5
72057,102.9
72058,103.5
72059,103.7
72060,104.1
72061,106.0
72062,106.3
72063,105.3
72064,108.3
72065,109.1
72066,105.5
72067,104.9
72068,104.7
72069,104.7
72070,104.6
72071,105.6
72072,104.2
72073,102.8
72074,104.0
72075,104.8
72076,105.1
72077,104.3
72078,103.4
72079,105.8
72080,106.4
72081,106.4
72082,104.9
72083,102.4
72084,103.3
72085,105.9
72086,106.2
72087,105.8
72088,105.2
72089,105.0
72090,105.3
72091,103.7
72092,102.5
72093,103.2
72094,104.4
72095,107.1
72096,106.1
72097,103.1
72098,103.3
72099,104.9
72100,106.2
72101,105.5
72102,106.6
72103,106.6
72104,103.2
72105,104.1
72106,103.5
72107,105.6
72108,107.9
72109,105.9
72110,104.0
72111,104.9
72112,106.8
72113,105.4
72114,105.4
72115,106.7
72116,104.4
72117,101.9
72118,103.6
72119,105.4
72120,-9999.9
72121,-9999.9
72122,-9999.9
72123,-9999.9
72124,-9999.9
72125,-9999.9
72126,-9999.9
72127,-9999.9
72128,-9999.9
72129,-9999.9
72130,-9999.9
72131,-9999.9
72132,-9999.9
72133,-9999.9
72134,-9999.9
72135,-9999.9
72136,-9999.9
72137,-9999.9
72138,-9999.9
72139,-9999.9
72140,-9999.9
72141,-9999.9
72142,-9999.9
72143,-9999.9
72144,-9999.9
72145,-9999.9
72146,-9999.9
72147,-9999.9
72148,-9999.9
72149,-9999.9
72150,-9999.9
72151,-9999.9
72152,-9999.9
72153,-9999.9
72154,-9999.9
72155,-9999.9
72156,-9999.9
72157,-9999.9
72158,-9999.9
72159,-9999.9
72160,-9999.9
72161,-9999.9
72162,-9999.9
72163,-9999.9
72164,-9999.9
72165,-9999.9
72166,-9999.9
72167,-9999.9
72168,-9999.9
72169,-9999.9
72170,-9999.9
72171,-9999.9
72172,-9999.9
72173,-9999.9
72174,-9999.9
72175,-9999.9
72176,-9999.9
72177,-9999.9
72178,-9999.9
72179,-9999.9
72180,-9999.9
72181,-9999.9
72182,-9999.9
72183,-9999.9
72184,-9999.9
72185,-9999.9
72186,-9999.9
72187,-9999.9
72188,-9999.9
72189,-9999.9
72190,-9999.9
72191,-9999.9
72192,-9999.9
72193,-9999.9
72194,-9999.9
72195,-9999.9
72196,-9999.9
72197,-9999.9
72198,-9999.9
72199,-9999.9
72200,-9999.9
72201,-9999.9
72202,-9999.9
72203,-9999.9
72204,-9999.9
72205,-9999.9
72206,-9999.9
72207,-9999.9
72208,-9999.9
72209,-9999.9
72210,-9999.9
72211,-9999.9
72212,-9999.9
72213,-9999.9
72214,-9999.9
72215,-9999.9
72216,-9999.9
72217,-9999.9
72218,-9999.9
72219,-9999.9
72220,-9999.9
72221,-9999.9
72222,-9999.9
72223,-9999.9
72224,-9999.9
72225,-9999.9
72226,-9999.9
72227,-9999.9
72228,-9999.9
72229,-9999.9
72230,-9999.9
72231,-9999.9
72232,-9999.9
72233,-9999.9
72234,-9999.9
72235,-9999.9
72236,-9999.9
72237,-9999.9
72238,-9999.9
72239,-9999.9
72240,-9999.9
72241,-9999.9
72242,-9999.9
72243,-9999.9
72244,-9999.9
72245,-9999.9
72246,104.2
72247,104.6
72248,104.6
72249,105.7
72250,107.7
72251,106.0
72252,105.8
72253,106.8
72254,107.1
72255,104.9
72256,104.7
72257,107.5
72258,107.5
72259,106.4
72260,106.4
72261,108.1
72262,106.8
72263,107.4
72264,106.9
72265,104.5
72266,105.0
72267,104.4
72268,105.1
72269,106.8
72270,106.5
72271,104.5
72272,102.6
72273,103.6
72274,105.6
72275,107.4
72276,106.6
72277,105.6
72278,107.3
72279,106.7
72280,104.9
72281,107.2
72282,107.6
72283,104.7
72284,102.9
72285,102.8
72286,105.4
72287,107.7
72288,108.0
72289,107.3
72290,107.8
72291,109.7
72292,107.7
72293,103.3
72294,103.0
72295,105.7
72296,104.3
72297,105.1
72298,106.1
72299,106.3
72300,106.1
72301,107.8
72302,107.8
72303,104.9
72304,106.3
72305,106.9
72306,106.6
72307,106.1
72308,106.0
72309,106.2
72310,103.3
72311,104.2
72312,104.5
72313,105.9
72314,107.2
72315,105.9
72316,104.6
72317,105.5
72318,105.4
72319,105.3
72320,107.0
72321,107.8
72322,107.8
72323,105.1
72324,103.6
72325,106.3
72326,107.2
72327,106.7
72328,107.7
72329,107.2
72330,107.0
72331,105.9
72332,105.0
72333,106.3
72334,107.5
72335,107.8
72336,106.8
72337,106.1
72338,105.6
72339,105.8
72340,106.8
72341,107.0
72342,107.5
72343,108.5
72344,107.6
72345,106.6
72346,105.7
72347,105.5
72348,106.3
72349,107.8
72350,105.8
72351,105.3
72352,107.0
72353,105.5
72354,106.0
72355,107.9
72356,107.3
72357,106.8
72358,107.5
72359,107.2
72360,106.0
72361,106.3
72362,106.8
72363,106.8
72364,105.8
72365,105.3
72366,106.9
72367,108.2
72368,105.4
72369,104.5
72370,106.2
72371,104.5
72372,104.3
72373,106.5
72374,108.3
72375,108.0
72376,105.4
72377,103.6
72378,109.4
72379,109.4
72380,109.1
72381,106.0
72382,105.5
72383,106.7
72384,106.1
72385,105.7
72386,105.3
72387,106.5
72388,107.5
72389,107.1
72390,106.5
72391,106.4
72392,105.9
72393,105.1
72394,104.8
72395,104.1
72396,103.3
72397,104.6
72398,105.9
72399,107.2
72400,106.6
72401,106.4
72402,106.6
72403,106.2
72404,107.8
72405,107.5
72406,106.5
72407,107.1
72408,107.1
72409,104.8
72410,104.5
72411,105.9
72412,106.6
72413,107.6
72414,106.0
72415,107.6
72416,108.4
72417,107.6
72418,106.3
72419,106.2
72420,105.4
72421,105.5
72422,106.3
72423,106.2
72424,107.6
72425,107.2
72426,105.1
72427,103.2
72428,105.7
72429,106.6
72430,105.8
72431,107.0
72432,107.2
72433,108.6
72434,108.1
72435,107.4
72436,108.6
72437,108.8
72438,108.3
72439,105.7
72440,104.6
72441,106.7
72442,107.5
72443,108.0
72444,108.6
72445,105.3
72446,105.3
72447,108.1
72448,108.9
72449,106.6
72450,107.1
72451,108.0
72452,105.7
72453,106.1
72454,106.3
72455,104.6
72456,105.1
72457,107.4
72458,107.5
72459,107.5
72460,106.8
72461,104.7
72462,105.4
72463,105.9
72464,107.0
72465,108.2
72466,108.0
72467,109.5
72468,106.8
72469,107.0
72470,-9999.9
72471,-9999.9
72472,-9999.9
72473,-9999.9
72474,-9999.9
72475,-9999.9
72476,107.6
72477,108.1
72478,108.3
72479,107.2
72480,106.8
72481,106.1
72482,106.4
72483,110.0
72484,108.8
72485,109.0
72486,108.3
72487,108.0
72488,107.7
72489,106.5
72490,107.1
72491,106.2
72492,106.1
72493,108.1
72494,108.5
72495,106.5
72496,106.8
72497,106.7
72498,107.1
72499,109.8
72500,108.8
72501,107.4
72502,107.8
72503,109.3
72504,109.6
72505,109.1
72506,109.1
72507,106.8
72508,105.9
72509,106.6
72510,106.8
72511,107.9
72512,109.0
72513,105.9
72514,104.7
72515,108.1
72516,109.6
72517,105.6
72518,106.1
72519,108.0
72520,107.3
72521,107.8
72522,107.9
