NETCARE2015/data/raw/Flight10/CO_POLAR6_20150421_R1_NETCARE.ict
34, 1001
Bozem, Heiko; Hoor, Peter
Institute for Atmospheric Physics, Johannes Gutenberg University, Mainz, Germany
CO mixing ratio from AL5002 CO analyzer
NETCARE Polar 6 Campaign 2015
1, 1
2015, 04, 21, 2015, 08, 15
1
Time_UTC, seconds
1
1
-9999.9
CO_ppbv, ppbv
0
19
PI_CONTACT_INFO: Address: Johann-Joachim-Becherweg 21, 55128 Mainz, email: bozemh@uni-mainz.de; hoor@uni-mainz.de
PLATFORM: Polar 6
LOCATION: GPS location and altitude available at 1 Hz resolution in separate file (See AIMMS files under Aircraft data and meteorology)
ASSOCIATED_DATA: N/A
INSTRUMENT_INFO: CO measurements based on the fluorescence of CO in the VUV at 150 nm
DATA_INFO: Units are ppbv
UNCERTAINTY RELATIVE TO STANDARD: 2.3 ppbv at 1 sigma confidence (before drift correction is applied)
ULOD_FLAG: -7777
ULOD_VALUE: N/A
LLOD_FLAG: -8888
LLOD_VALUE: 1.5 
DM_CONTACT_INFO: N/A
PROJECT_INFO: NETCARE Polar 6 aircraft campaign in April 2015; Inuvik
STIPULATIONS_ON_USE: N/A
OTHER_COMMENTS: N/A
REVISION: R1
R0: Preliminary data, corrected for instrument drift
R1: Final data, corrected for instrument drift
Time_UTC,CO_ppbv
[from data line 17073]
75149,126.8
75150,129.5
75151,130.0
75152,129.8
75153,130.1
75154,126.9
75155,127.3
75156,128.3
75157,129.3
75158,128.8
75159,129.0
75160,128.4
75161,127.6
75162,126.8
75163,126.7
75164,127.8
75165,126.8
75166,126.1
75167,126.9
75168,126.8
75169,124.2
75170,123.5
75171,123.8
75172,125.2
75173,126.5
75174,126.6
75175,127.4
75176,125.7
75177,123.9
75178,126.0
75179,125.7
75180,125.3
75181,126.8
75182,128.9
75183,128.6
75184,127.6
75185,128.8
75186,130.5
75187,131.0
75188,129.2
75189,128.4
75190,129.5
75191,130.7
75192,131.2
75193,129.8
75194,130.6
75195,133.3
75196,131.5
75197,130.9
75198,131.9
75199,128.8
75200,128.2
75201,131.0
75202,132.2
75203,131.7
75204,131.6
75205,132.2
75206,132.6
75207,133.2
75208,131.4
75209,132.9
75210,134.3
75211,133.3
75212,130.9
75213,131.5
75214,131.7
75215,130.2
75216,131.5
75217,132.9
75218,132.2
75219,130.8
75220,129.6
75221,130.8
75222,131.8
75223,132.0
75224,128.6
75225,125.4
75226,126.9
75227,126.8
75228,126.9
75229,126.9
75230,126.6
75231,126.6
75232,126.9
75233,127.1
75234,125.8
75235,125.9
75236,126.2
75237,125.1
75238,123.6
75239,126.9
75240,128.7
75241,125.0
75242,123.9
75243,126.8
75244,126.9
75245,126.1
75246,127.2
75247,128.9
75248,125.2
75249,122.2
75250,123.9
75251,125.3
75252,127.0
75253,126.7
75254,126.6
75255,125.7
75256,124.8
75257,128.0
75258,127.4
75259,127.3
75260,128.8
75261,129.7
75262,132.7
75263,133.3
75264,133.8
75265,135.9
75266,137.1
75267,137.1
75268,139.5
75269,139.8
75270,136.4
75271,133.9
75272,135.4
75273,138.6
75274,136.3
75275,131.4
75276,129.0
75277,138.1
75278,135.0
75279,132.3
75280,134.0
75281,133.8
75282,132.2
75283,131.3
75284,129.0
75285,128.8
75286,130.3
75287,130.9
75288,129.8
75289,129.8
75290,134.1
75291,136.4
75292,132.7
75293,132.2
75294,134.7
75295,135.3
75296,132.6
75297,130.9
75298,132.9
75299,134.2
75300,135.6
75301,136.6
75302,136.0
75303,135.9
75304,136.3
75305,136.9
75306,136.7
75307,136.1
75308,137.1
75309,135.4
75310,133.6
75311,132.1
75312,133.3
75313,133.9
75314,134.5
75315,134.5
75316,133.2
75317,133.4
75318,133.3
75319,132.0
75320,132.9
75321,131.7
75322,129.6
75323,131.0
75324,130.3
75325,131.7
75326,135.4
75327,135.7
75328,134.5
75329,136.0
75330,136.8
75331,135.7
75332,133.7
75333,133.4
75334,133.9
75335,133.8
75336,134.0
75337,133.3
75338,131.6
75339,132.0
75340,134.2
75341,135.4
75342,136.6
75343,136.0
75344,133.9
75345,133.2
75346,138.2
75347,137.1
75348,134.5
75349,135.4
75350,136.7
75351,135.8
75352,136.0
75353,137.8
75354,140.1
75355,139.9
75356,139.4
75357,138.5
75358,137.1
75359,137.2
75360,138.3
75361,138.0
75362,138.5
75363,139.5
75364,138.4
75365,135.0
75366,134.5
75367,137.2
75368,141.0
75369,143.6
75370,140.2
75371,138.9
75372,139.2
75373,139.2
75374,140.7
75375,140.3
75376,141.8
75377,142.1
75378,139.3
75379,138.9
75380,139.7
75381,140.1
75382,141.8
75383,141.2
75384,139.2
75385,140.8
75386,142.7
75387,142.3
75388,141.6
75389,141.5
75390,142.1
75391,140.7
75392,138.4
75393,138.4
75394,139.6
75395,141.5
75396,143.1
75397,142.6
75398,142.0
75399,141.5
75400,141.6
75401,142.4
75402,142.6
75403,142.4
75404,140.7
75405,140.7
75406,142.7
75407,142.5
75408,142.0
75409,143.1
75410,143.5
75411,143.3
75412,145.6
75413,148.1
75414,144.6
75415,146.6
75416,146.7
75417,145.6
75418,147.0
75419,148.1
75420,147.3
75421,145.9
75422,146.0
75423,146.1
75424,145.8
75425,145.5
75426,144.8
75427,145.0
75428,146.5
75429,146.7
75430,147.6
75431,146.4
75432,144.6
75433,146.1
75434,146.1
75435,146.8
75436,146.5
75437,145.1
75438,145.9
75439,146.1
75440,147.5
75441,150.0
75442,147.4
75443,143.8
75444,144.9
75445,144.8
75446,145.2
75447,149.4
75448,150.6
75449,149.5
75450,143.3
75451,145.3
75452,147.3
75453,147.6
75454,148.0
75455,146.3
75456,145.8
75457,146.3
75458,143.8
75459,143.1
75460,145.9
75461,144.9
75462,143.1
75463,143.9
75464,144.5
75465,144.8
75466,143.0
75467,142.8
75468,143.5
75469,145.3
75470,145.3
75471,144.1
75472,145.2
75473,145.3
75474,143.9
75475,141.9
75476,143.8
75477,145.0
75478,143.2
75479,143.4
75480,144.6
75481,147.0
75482,147.8
75483,146.6
75484,142.6
75485,144.6
75486,147.0
75487,148.3
75488,147.5
75489,144.3
75490,146.2
75491,147.6
75492,146.4
75493,147.7
75494,145.8
75495,146.0
75496,148.0
75497,149.2
75498,150.5
75499,147.8
75500,146.0
75501,146.8
75502,147.8
75503,148.8
75504,146.7
75505,144.6
75506,148.6
75507,148.6
75508,145.6
75509,146.1
75510,146.3
75511,147.0
75512,145.7
75513,145.4
75514,147.6
75515,146.9
75516,145.5
75517,147.9
75518,150.3
75519,147.6
75520,146.3
75521,145.5
75522,147.3
75523,148.1
75524,147.8
75525,145.8
75526,144.4
75527,145.0
75528,147.2
75529,146.8
75530,145.4
75531,147.8
75532,147.5
75533,145.9
75534,147.1
75535,147.0
75536,145.1
75537,145.8
75538,144.8
75539,144.3
75540,147.1
75541,145.4
75542,144.1
75543,143.8
75544,145.3
75545,145.5
75546,144.3
75547,143.7
75548,142.5
75549,147.1
75550,149.2
75551,149.7
75552,151.6
75553,144.5
75554,145.7
75555,147.1
75556,146.5
75557,145.7
75558,144.0
75559,146.3
75560,150.3
75561,149.3
75562,146.7
75563,145.1
75564,144.6
75565,144.7
75566,144.5
75567,145.5
75568,148.5
75569,148.4
75570,147.8
75571,147.2
75572,147.1
75573,148.0
75574,147.7
75575,148.7
75576,149.0
75577,145.2
75578,144.3
75579,145.9
75580,146.9
75581,147.5
75582,147.0
75583,146.3
75584,144.9
75585,143.7
75586,142.5
75587,149.4
75588,147.9
75589,145.4
75590,145.0
75591,145.7
75592,145.7
75593,147.7
75594,150.6
75595,149.1
75596,146.8
75597,147.4
75598,148.6
75599,146.0
75600,146.1
75601,146.1
75602,143.7
75603,143.2
75604,144.5
75605,146.8
75606,146.9
75607,148.6
75608,146.2
75609,145.9
75610,150.0
75611,149.8
75612,146.6
75613,145.0
75614,144.3
75615,144.0
75616,146.6
75617,148.8
75618,148.2
75619,148.0
75620,146.8
75621,144.3
75622,146.5
75623,146.7
75624,146.9
75625,146.9
75626,146.2
75627,145.9
75628,146.6
75629,144.5
75630,145.1
75631,146.3
75632,144.1
75633,145.2
75634,145.4
75635,144.9
75636,145.3
75637,145.1
75638,146.3
75639,148.4
75640,147.2
75641,146.8
75642,146.9
75643,148.0
75644,152.2
75645,149.1
75646,146.4
75647,146.7
75648,148.5
75649,149.2
75650,146.6
75651,146.8
75652,147.7
75653,146.7
75654,145.6
75655,146.4
75656,149.3
75657,149.7
75658,147.7
75659,146.0
75660,147.5
75661,148.0
75662,146.9
75663,146.7
75664,146.4
75665,147.3
75666,147.5
75667,148.1
75668,148.8
75669,147.1
75670,148.6
75671,148.1
75672,147.1
75673,146.5
75674,145.7
75675,146.7
75676,146.4
75677,145.2
75678,145.5
75679,147.3
75680,147.2
75681,146.5
75682,148.5
75683,149.1
75684,148.8
75685,148.3
75686,145.8
75687,146.0
75688,148.2
75689,149.3
75690,147.8
75691,145.5
75692,144.2
75693,144.6
75694,147.4
75695,150.4
75696,147.8
75697,145.9
75698,147.7
75699,148.4
75700,145.1
75701,144.6
75702,145.4
75703,143.9
75704,144.1
75705,143.1
75706,145.9
75707,147.2
75708,145.6
75709,147.6
75710,146.1
75711,144.1
75712,145.5
75713,148.3
75714,149.0
75715,147.8
75716,147.5
75717,147.3
75718,145.9
75719,145.6
75720,146.2
75721,145.6
75722,147.7
75723,144.9
75724,143.3
75725,146.4
75726,149.7
75727,150.0
75728,148.1
75729,147.5
75730,149.6
75731,149.6
75732,148.1
75733,148.3
75734,148.4
75735,147.7
75736,147.2
75737,148.2
75738,150.4
75739,150.6
75740,149.4
75741,147.8
75742,147.0
75743,146.1
75744,144.5
75745,147.3
75746,148.6
75747,148.0
75748,147.0
75749,145.4
75750,146.5
75751,147.2
75752,146.5
75753,146.8
75754,148.0
75755,147.2
75756,147.6
75757,149.2
75758,148.0
75759,145.9
75760,144.5
75761,148.0
75762,151.1
75763,149.3
75764,148.9
75765,147.8
75766,147.8
75767,148.6
75768,146.5
75769,146.9
75770,146.4
75771,146.0
75772,147.2
75773,149.3
75774,148.6
75775,145.8
75776,148.2
75777,151.9
75778,151.8
75779,148.9
75780,146.9
75781,146.2
75782,149.5
75783,151.5
75784,148.7
75785,148.9
75786,148.5
75787,146.6
75788,148.2
75789,148.5
75790,145.3
75791,143.8
75792,144.2
75793,146.9
75794,149.7
75795,150.3
75796,149.0
75797,148.6
75798,147.8
75799,147.6
75800,148.2
75801,145.7
75802,146.5
75803,148.6
75804,150.2
75805,148.4
75806,146.4
75807,146.5
75808,147.4
75809,148.9
75810,149.2
75811,149.7
75812,149.1
75813,150.2
75814,149.4
75815,147.6
75816,150.0
75817,149.7
75818,149.8
75819,150.8
75820,149.0
75821,148.8
75822,148.8
75823,148.5
75824,149.5
75825,150.2
75826,149.7
75827,149.1
75828,148.3
75829,149.2
75830,147.6
75831,148.2
75832,148.4
75833,146.3
75834,146.9
75835,147.9
75836,148.5
75837,148.6
75838,146.9
75839,146.8
75840,146.2
75841,147.4
75842,148.1
75843,146.7
75844,148.4
75845,147.2
75846,147.0
75847,146.2
75848,144.8
75849,145.3
75850,145.9
75851,147.5
75852,147.0
75853,146.7
75854,148.3
75855,147.4
75856,146.7
75857,146.6
75858,146.6
75859,147.3
75860,147.0
75861,146.9
75862,147.0
75863,144.8
75864,146.5
75865,148.3
75866,147.5
75867,146.3
75868,147.2
75869,150.2
75870,148.9
75871,147.1
75872,146.8
75873,147.0
75874,147.0
75875,145.5
75876,-9999.9
75877,-9999.9
75878,-9999.9
75879,-9999.9
75880,-9999.9
75881,-9999.9
75882,-9999.9
75883,-9999.9
75884,-9999.9
75885,-9999.9
75886,-9999.9
75887,-9999.9
75888,-9999.9
75889,-9999.9
75890,-9999.9
75891,-9999.9
75892,-9999.9
75893,-9999.9
75894,-9999.9
75895,-9999.9
75896,-9999.9
75897,-9999.9
75898,-9999.9
75899,-9999.9
75900,-9999.9
75901,-9999.9
75902,-9999.9
75903,-9999.9
75904,-9999.9
75905,-9999.9
75906,-9999.9
75907,-9999.9
75908,-9999.9
75909,-9999.9
75910,-9999.9
75911,-9999.9
75912,-9999.9
75913,-9999.9
75914,-9999.9
75915,-9999.9
75916,-9999.9
75917,-9999.9
75918,-9999.9
75919,-9999.9
75920,-9999.9
75921,-9999.9
75922,-9999.9
75923,-9999.9
75924,-9999.9
75925,-9999.9
75926,-9999.9
75927,-9999.9
75928,-9999.9
75929,-9999.9
75930,-9999.9
75931,-9999.9
75932,-9999.9
75933,-9999.9
75934,-9999.9
75935,-9999.9
75936,-9999.9
75937,-9999.9
75938,-9999.9
75939,-9999.9
75940,-9999.9
75941,-9999.9
75942,-9999.9
75943,-9999.9
75944,-9999.9
75945,-9999.9
75946,-9999.9
75947,-9999.9
75948,-9999.9
75949,-9999.9
75950,-9999.9
75951,-9999.9
75952,-9999.9
75953,-9999.9
75954,-9999.9
75955,-9999.9
75956,-9999.9
75957,-9999.9
75958,-9999.9
75959,-9999.9
75960,-9999.9
75961,-9999.9
75962,-9999.9
75963,-9999.9
75964,-9999.9
75965,-9999.9
75966,-9999.9
75967,-9999.9
75968,-9999.9
75969,-9999.9
75970,-9999.9
75971,-9999.9
75972,-9999.9
75973,-9999.9
75974,-9999.9
75975,-9999.9
75976,-9999.9
75977,-9999.9
75978,-9999.9
75979,-9999.9
75980,-9999.9
75981,-9999.9
75982,-9999.9
75983,-9999.9
75984,-9999.9
75985,-9999.9
75986,-9999.9
75987,-9999.9
75988,-9999.9
75989,-9999.9
75990,-9999.9
75991,-9999.9
75992,-9999.9
75993,-9999.9
75994,-9999.9
75995,-9999.9
75996,-9999.9
75997,-9999.9
75998,-9999.9
75999,-9999.9
76000,-9999.9
76001,145.7
76002,145.8
76003,146.1
76004,145.4
76005,146.6
76006,147.3
76007,143.9
76008,144.7
76009,148.3
76010,148.2
76011,146.4
76012,144.7
76013,147.3
76014,150.1
76015,147.3
76016,145.1
76017,146.6
76018,145.5
76019,145.3
76020,146.9
76021,145.5
76022,147.5
76023,148.2
76024,147.4
76025,147.1
76026,148.3
76027,150.0
76028,149.3
76029,147.1
76030,146.3
76031,146.9
76032,147.7
76033,147.6
76034,145.3
76035,144.3
76036,147.4
76037,147.7
76038,148.3
76039,148.6
76040,149.8
76041,148.1
76042,148.7
76043,150.8
76044,148.1
76045,147.1
76046,148.1
76047,151.6
76048,149.8
76049,144.4
76050,146.3
76051,148.5
76052,148.7
76053,150.1
76054,150.5
76055,149.8
76056,148.4
76057,147.7
76058,146.9
76059,147.9
76060,148.9
76061,148.7
76062,149.9
76063,150.4
76064,149.8
76065,150.1
76066,151.3
76067,150.2
76068,149.9
76069,149.0
76070,147.9
76071,146.2
76072,147.1
76073,148.4
76074,149.8
76075,150.4
76076,148.4
76077,146.9
76078,146.1
76079,146.9
76080,147.4
76081,147.9
76082,149.3
76083,148.5
76084,147.7
76085,146.3
76086,146.2
76087,147.8
76088,146.8
76089,145.6
76090,144.7
76091,145.4
76092,146.0
76093,142.9
76094,142.3
76095,142.8
76096,143.8
76097,146.5
76098,146.7
76099,146.7
76100,147.0
76101,146.3
76102,146.0
76103,145.8
76104,145.1
76105,148.7
76106,149.4
76107,148.2
76108,147.9
76109,148.0
76110,145.6
76111,146.3
76112,148.4
76113,150.8
76114,151.3
76115,148.5
76116,149.4
76117,152.3
76118,149.4
76119,147.7
76120,149.3
76121,149.6
76122,149.0
76123,148.2
76124,148.9
76125,147.8
76126,147.4
76127,147.8
76128,148.8
76129,147.9
76130,148.0
76131,150.1
76132,146.8
76133,145.3
76134,147.7
76135,146.2
76136,146.8
76137,148.7
76138,147.5
76139,146.0
76140,146.2
76141,146.9
76142,149.9
76143,150.2
76144,150.7
76145,152.1
76146,148.9
76147,146.0
76148,145.1
76149,147.3
76150,148.4
76151,148.9
76152,148.8
76153,148.1
76154,149.6
76155,149.5
76156,151.2
76157,150.8
76158,146.7
76159,147.0
76160,150.1
76161,149.4
76162,149.0
76163,152.4
76164,151.2
76165,148.6
76166,149.6
76167,148.4
76168,146.0
76169,149.2
76170,149.3
76171,148.2
76172,150.1
76173,149.8
76174,148.8
76175,148.2
76176,144.6
76177,145.2
76178,147.6
76179,146.8
76180,146.1
76181,145.4
76182,146.5
76183,146.4
76184,146.8
76185,150.1
76186,150.7
76187,148.3
76188,147.5
76189,150.6
76190,149.4
76191,148.6
76192,148.6
76193,145.3
76194,146.5
76195,146.6
76196,145.6
76197,146.4
76198,147.9
76199,147.1
76200,145.1
76201,144.7
76202,146.5
76203,148.6
76204,145.9
76205,143.2
76206,146.5
76207,149.8
76208,146.3
76209,147.0
76210,146.5
76211,145.4
76212,145.2
76213,144.7
76214,144.6
76215,144.3
76216,144.4
76217,147.1
76218,149.4
76219,148.1
76220,147.1
76221,145.2
76222,143.2
76223,145.6
76224,146.9
76225,147.4
76226,148.4
76227,147.1
76228,145.8
76229,146.1
76230,147.9
76231,147.3
76232,144.3
76233,145.9
76234,148.9
76235,149.1
76236,148.8
76237,150.5
76238,149.9
76239,147.7
76240,147.9
76241,147.5
76242,149.0
76243,146.9
76244,146.2
76245,147.2
76246,146.0
76247,145.5
76248,148.0
76249,147.4
76250,145.9
76251,147.8
76252,145.2
76253,144.3
76254,144.7
76255,144.6
76256,144.7
76257,144.6
76258,145.3
76259,145.3
76260,145.8
76261,145.8
76262,146.8
76263,146.3
76264,145.1
76265,145.3
76266,147.7
76267,148.1
76268,150.0
76269,151.4
76270,146.8
76271,144.8
76272,146.6
76273,148.1
76274,147.8
76275,148.2
76276,148.6
76277,145.0
76278,145.5
76279,145.4
76280,146.4
76281,146.6
76282,144.5
76283,145.7
76284,146.7
76285,144.5
76286,144.6
76287,146.4
76288,146.1
76289,145.1
76290,144.8
76291,147.0
76292,147.8
76293,145.3
76294,146.5
76295,146.6
76296,146.2
76297,146.8
76298,145.8
76299,146.5
76300,148.3
76301,148.2
76302,146.3
76303,143.9
76304,144.6
76305,144.3
76306,144.6
76307,147.3
76308,147.1
76309,146.9
76310,147.3
76311,147.3
76312,146.3
76313,146.5
76314,148.3
76315,150.2
76316,151.0
76317,150.4
76318,147.8
76319,145.6
76320,143.8
76321,144.5
76322,147.1
76323,147.0
76324,145.3
76325,145.6
76326,147.7
76327,148.5
76328,148.8
76329,148.5
76330,148.5
76331,147.0
76332,145.1
76333,145.8
76334,146.2
76335,146.3
76336,146.7
76337,147.4
76338,147.2
76339,144.7
76340,145.7
76341,147.8
76342,146.7
76343,146.1
76344,147.3
76345,146.3
76346,144.4
76347,149.7
76348,147.7
76349,146.2
76350,147.1
76351,147.0
76352,149.2
76353,148.4
76354,146.5
76355,148.1
76356,147.7
76357,147.8
76358,146.3
76359,144.7
76360,144.1
76361,145.7
76362,146.3
76363,145.2
76364,147.1
76365,146.8
76366,145.7
76367,145.0
76368,143.9
76369,147.3
76370,148.8
76371,148.8
76372,149.0
76373,148.0
76374,149.6
76375,150.3
76376,148.1
76377,146.6
76378,147.2
76379,146.9
76380,147.0
76381,144.7
76382,147.7
76383,150.1
76384,146.5
76385,147.0
76386,147.6
76387,146.9
76388,149.4
76389,148.9
76390,148.6
76391,148.7
76392,146.5
76393,144.3
76394,146.4
76395,147.7
76396,148.0
76397,146.7
76398,145.9
76399,147.5
76400,146.2
76401,147.6
76402,148.9
76403,146.7
76404,147.9
76405,147.1
76406,145.1
76407,146.9
76408,147.6
76409,146.8
76410,144.6
76411,145.1
76412,147.5
76413,148.4
76414,148.3
76415,148.3
76416,146.8
76417,146.1
76418,146.4
76419,145.8
76420,149.1
76421,149.7
76422,146.2
76423,148.4
76424,150.2
76425,148.5
76426,147.8
76427,147.0
76428,145.5
76429,145.9
76430,147.9
76431,147.6
76432,143.8
76433,144.6
76434,148.4
76435,146.4
76436,146.1
76437,147.5
76438,146.8
76439,145.9
76440,146.4
76441,147.2
76442,146.7
76443,144.9
76444,144.3
76445,148.8
76446,149.6
76447,146.4
76448,146.1
76449,146.1
76450,149.8
76451,147.9
76452,146.4
76453,147.2
76454,145.9
76455,142.4
76456,143.2
76457,146.4
76458,145.6
76459,141.2
