NETCARE2015/data/raw/Flight10/CPC3772_POLAR6_20150421_r2_NETCARE.ict
35,1001
Abbatt,Jon
University of Toronto
Polar 6
NETCARE
1,1
2015,4,21,2017,8,16
1
time,seconds,seconds from start in UTC
1
1
-99999
conc,number of particles per cm3
0
20
PI_CONTACT_INFO: 80 St. George Street; Toronto; ON M5S 3H6 CANADA; email: jabbatt@chem.utoronto.ca
PLATFORM: Polar 6 aircraft
LOCATION: Canadian Arctic near Inuvik
ASSOCIATED_DATA: none
INSTRUMENT_INFO: Condensation Particle Counter Model 3772 is an instrument that detects airborne particles down to 10 nm at an aerosol flow rate of 1.0 L/min, over a concentration range from 0 to 10^4 particles/cm^3 
DATA_INFO: all relevant information is given above
UNCERTAINTY:  ±10% of measured value
ULOD_FLAG: -7777
ULOD_VALUE: N/As
LLOD_FLAG: -8888
LLOD_VALUE: N/A
DM_CONTACT_INFO: Data collected by Julia Burkart. Please direct all correspondence to Jon Abbatt: jabbatt@chem.utoronto.ca
PROJECT_INFO: Polar 6 NETCARE Spring 2015 campaign
STIPULATIONS_ON_USE: N/A
OTHER_COMMENTS: N/A
REVISION: R2, R1, R0
R2: zero and filter measurements are removed
R1: uncorrected raw data
R0: raw data
time,conc
58076,-99999
58077,-99999
58078,-99999
58079,-99999
58080,-99999
58081,-99999
58082,-99999
58083,-99999
58084,-99999
58085,-99999
58086,-99999
58087,-99999
58088,-99999
58089,-99999
58090,1197
58091,1040
58092,896
58093,823
58094,824
58095,834
58096,934
58097,1057
58098,1020
58099,926
58100,956
58101,1007
58102,895
58103,841
58104,842
58105,803
58106,950
58107,700
58108,659
58109,712
58110,751
58111,688
58112,757
58113,625
58114,587
58115,578
58116,587
58117,583
58118,586
58119,574
58120,566
58121,577
58122,567
58123,578
58124,570
58125,568
58126,570
58127,571
58128,570
58129,571
58130,574
58131,574
58132,575
58133,575
58134,580
58135,580
58136,582
58137,591
58138,592
58139,599
58140,608
58141,600
58142,597
58143,604
58144,602
58145,589
58146,595
58147,588
58148,593
58149,593
58150,599
58151,601
58152,614
58153,612
58154,618
58155,608
58156,625
58157,625
58158,631
58159,624
58160,641
58161,627
58162,635
58163,641
58164,633
58165,628
58166,618
58167,621
58168,629
58169,632
58170,638
58171,622
58172,628
58173,629
58174,639
58175,632
58176,645
58177,638
58178,649
58179,650
58180,633
58181,641
58182,639
58183,647
58184,645
58185,638
58186,637
58187,647
58188,652
58189,631
58190,642
58191,644
58192,653
58193,648
58194,656
58195,644
58196,649
58197,644
58198,652
58199,645
58200,649
58201,636
58202,648
58203,642
58204,648
58205,634
58206,639
58207,637
58208,647
58209,648
58210,644
58211,646
58212,643
58213,644
58214,642
58215,644
58216,641
58217,634
58218,652
58219,645
58220,646
58221,643
58222,653
58223,652
58224,639
58225,648
58226,648
58227,638
58228,644
58229,646
58230,640
58231,645
58232,637
58233,646
58234,645
58235,655
58236,647
58237,642
58238,639
58239,637
58240,640
58241,650
58242,632
58243,637
58244,634
58245,640
58246,638
58247,635
58248,636
58249,645
58250,638
58251,634
58252,629
58253,619
58254,629
58255,622
58256,621
58257,627
58258,624
58259,638
58260,634
58261,630
58262,627
58263,617
58264,624
58265,620
58266,622
58267,638
58268,626
58269,638
58270,631
58271,649
58272,628
58273,617
58274,629
58275,639
58276,626
58277,634
58278,637
58279,641
58280,643
58281,648
58282,651
58283,656
58284,662
58285,664
58286,677
58287,684
58288,683
58289,711
58290,706
58291,702
58292,717
58293,717
58294,724
58295,717
58296,726
58297,736
58298,721
58299,727
58300,726
58301,727
58302,720
58303,726
58304,727
58305,735
58306,721
58307,719
58308,715
58309,717
58310,704
58311,715
58312,709
58313,706
58314,709
58315,724
58316,730
58317,717
58318,737
58319,728
58320,717
58321,708
58322,725
58323,727
58324,725
58325,712
58326,721
58327,726
58328,705
58329,722
58330,708
58331,721
58332,706
58333,716
58334,706
58335,718
58336,725
58337,707
58338,709
58339,725
58340,721
58341,709
58342,711
58343,714
58344,700
58345,693
58346,685
58347,688
58348,684
58349,680
58350,694
58351,681
58352,689
58353,688
58354,672
58355,680
58356,681
58357,679
58358,689
58359,683
58360,680
58361,668
58362,659
58363,666
58364,666
58365,664
58366,654
58367,647
58368,648
58369,649
58370,628
58371,633
58372,618
58373,612
58374,591
58375,590
58376,583
58377,578
58378,574
58379,579
58380,569
58381,563
58382,540
58383,541
58384,523
58385,520
58386,507
58387,509
58388,501
58389,511
58390,504
58391,510
58392,507
58393,508
58394,509
58395,502
58396,511
58397,512
58398,519
58399,519
58400,510
58401,512
58402,503
58403,498
58404,507
58405,507
58406,504
58407,489
58408,491
58409,489
58410,468
58411,451
58412,417
58413,386
58414,367
58415,365
58416,350
58417,352
58418,354
58419,341
58420,351
58421,348
58422,341
58423,345
58424,335
58425,339
58426,337
58427,330
58428,334
58429,325
58430,325
58431,326
58432,321
58433,326
58434,317
58435,317
58436,326
58437,312
58438,305
58439,301
58440,298
58441,295
58442,291
58443,293
58444,296
58445,299
58446,292
58447,295
58448,296
58449,295
58450,296
58451,300
58452,299
58453,295
58454,298
58455,299
58456,295
58457,296
58458,302
58459,302
58460,302
58461,299
58462,309
58463,304
58464,304
58465,304
58466,312
58467,305
58468,303
58469,299
58470,302
58471,302
58472,300
58473,295
58474,298
58475,302
58476,297
58477,303
58478,306
58479,302
58480,307
58481,310
58482,316
58483,314
58484,322
58485,315
58486,313
58487,322
58488,320
58489,300
58490,309
58491,304
58492,314
58493,314
58494,309
58495,312
58496,308
58497,322
58498,324
58499,305
58500,321
58501,312
58502,313
58503,315
58504,312
58505,322
58506,322
58507,324
58508,326
58509,333
58510,323
58511,326
58512,338
58513,333
58514,335
58515,331
58516,328
58517,332
58518,337
58519,323
58520,333
58521,328
58522,328
58523,325
58524,319
58525,318
58526,327
58527,321
58528,323
58529,316
58530,322
58531,315
58532,320
58533,317
58534,317
58535,317
58536,322
58537,320
58538,318
58539,320
58540,317
58541,321
58542,312
58543,323
58544,320
58545,324
58546,325
58547,318
58548,314
58549,316
58550,315
58551,319
58552,310
58553,317
58554,318
58555,316
58556,318
58557,315
58558,311
58559,315
58560,317
58561,320
58562,315
58563,319
58564,321
58565,312
58566,316
58567,319
58568,312
58569,318
58570,313
58571,313
58572,320
58573,332
58574,327
58575,328
58576,331
58577,328
58578,332
58579,338
58580,330
58581,325
58582,324
58583,324
58584,320
58585,322
58586,327
58587,324
58588,320
58589,327
58590,327
58591,323
58592,324
58593,322
58594,320
58595,323
58596,321
58597,324
58598,334
58599,337
58600,341
58601,332
58602,335
58603,335
58604,348
58605,343
58606,345
58607,355
58608,346
58609,349
58610,346
58611,333
58612,326
58613,335
58614,331
58615,329
58616,337
58617,330
58618,333
58619,327
58620,335
58621,336
58622,340
58623,333
58624,343
58625,341
58626,349
58627,358
58628,347
58629,354
58630,349
58631,351
58632,349
58633,344
58634,346
58635,349
58636,341
58637,341
58638,350
58639,349
58640,340
58641,335
58642,332
58643,330
58644,332
58645,326
58646,337
58647,331
58648,332
58649,337
58650,333
58651,328
58652,337
58653,332
58654,346
58655,335
58656,334
58657,337
58658,336
58659,342
58660,334
58661,342
58662,352
58663,346
58664,343
58665,343
58666,340
58667,339
58668,335
58669,343
58670,350
58671,340
58672,343
58673,342
58674,347
58675,342
58676,350
58677,357
58678,352
58679,356
58680,356
58681,360
58682,368
58683,369
58684,364
58685,366
58686,376
58687,367
58688,359
58689,361
58690,364
58691,360
58692,362
58693,356
58694,358
58695,362
58696,355
58697,357
58698,351
58699,360
58700,362
58701,368
58702,356
58703,356
58704,359
58705,372
58706,367
58707,364
58708,362
58709,361
58710,360
58711,367
58712,360
58713,358
58714,358
58715,344
58716,351
58717,357
58718,352
58719,361
58720,357
58721,363
58722,357
58723,366
58724,358
58725,360
58726,360
58727,372
58728,366
58729,367
58730,370
58731,366
58732,365
58733,366
58734,368
58735,360
58736,360
58737,356
58738,349
58739,361
58740,348
58741,351
58742,352
58743,351
58744,351
58745,352
58746,353
58747,358
58748,350
58749,354
58750,342
58751,357
58752,349
58753,357
58754,340
58755,342
58756,353
58757,336
58758,322
58759,326
58760,319
58761,327
58762,330
58763,321
58764,323
58765,333
58766,322
58767,326
58768,330
58769,325
58770,331
58771,321
58772,331
58773,343
58774,346
58775,342
58776,346
58777,349
58778,342
58779,330
58780,327
58781,329
58782,333
58783,327
58784,326
58785,336
58786,339
58787,331
58788,334
58789,331
58790,331
58791,339
58792,337
58793,331
58794,335
58795,338
58796,329
58797,328
58798,325
58799,331
58800,327
58801,333
58802,321
58803,327
58804,325
58805,321
58806,324
58807,332
58808,324
58809,318
58810,312
58811,306
58812,314
58813,324
58814,326
58815,322
58816,317
58817,336
58818,330
58819,343
58820,339
58821,330
58822,332
58823,333
58824,337
58825,338
58826,331
58827,336
58828,330
58829,322
58830,322
58831,315
58832,312
58833,308
58834,307
58835,289
58836,298
58837,279
58838,277
58839,279
58840,279
58841,280
58842,284
58843,279
58844,273
58845,270
58846,274
58847,275
58848,285
58849,293
58850,297
58851,317
58852,332
58853,333
58854,328
58855,334
58856,331
58857,350
58858,343
58859,347
58860,346
58861,350
58862,339
58863,339
58864,336
58865,332
58866,327
58867,331
58868,333
58869,330
58870,331
58871,330
58872,328
58873,330
58874,325
58875,329
58876,323
58877,329
58878,330
58879,339
58880,337
58881,335
58882,343
58883,343
58884,329
58885,333
58886,319
58887,319
58888,322
58889,326
58890,324
58891,337
58892,336
58893,332
58894,333
58895,336
58896,333
58897,329
58898,329
58899,322
58900,325
58901,318
58902,331
58903,334
58904,335
58905,339
58906,336
58907,323
58908,334
58909,330
58910,330
58911,334
58912,323
58913,336
58914,322
58915,329
58916,323
58917,320
58918,316
58919,318
58920,318
58921,326
58922,332
58923,337
58924,324
58925,329
58926,331
58927,331
58928,322
58929,329
58930,327
58931,321
58932,314
58933,319
58934,296
58935,304
58936,299
58937,295
58938,293
58939,296
58940,302
58941,304
58942,299
58943,298
58944,317
58945,317
58946,320
58947,329
58948,326
58949,322
58950,324
58951,331
58952,336
58953,340
58954,346
58955,342
58956,344
58957,329
58958,331
58959,337
58960,331
58961,336
58962,344
58963,331
58964,340
58965,337
58966,333
58967,317
58968,306
58969,311
58970,321
58971,334
58972,316
58973,325
58974,317
58975,305
58976,297
58977,290
58978,288
58979,316
58980,343
58981,339
58982,350
58983,351
58984,358
58985,356
58986,357
58987,355
58988,355
58989,359
58990,357
58991,350
58992,345
58993,325
58994,317
58995,310
58996,306
58997,307
58998,329
58999,341
59000,343
59001,347
59002,314
59003,310
59004,320
59005,337
59006,344
59007,354
59008,340
59009,350
59010,352
59011,360
59012,368
59013,361
59014,366
59015,362
59016,377
59017,373
59018,366
59019,364
59020,371
59021,372
59022,369
59023,367
59024,364
59025,367
59026,374
59027,361
59028,370
59029,364
59030,371
59031,362
59032,378
59033,358
59034,368
59035,370
59036,370
59037,365
59038,374
59039,372
59040,378
59041,374
59042,375
59043,361
59044,343
59045,315
59046,334
59047,343
59048,346
59049,344
59050,362
59051,347
59052,349
59053,337
59054,305
59055,314
59056,296
59057,281
59058,279
59059,285
59060,285
59061,270
59062,276
59063,282
59064,298
59065,311
59066,330
59067,310
59068,288
59069,283
59070,318
59071,321
59072,306
59073,287
59074,290
59075,303
59076,338
59077,348
59078,350
59079,336
59080,326
59081,310
59082,318
59083,317
59084,305
59085,291
59086,282
59087,279
59088,286
59089,281
59090,283
59091,272
59092,269
59093,263
59094,258
59095,259
59096,255
59097,256
59098,261
59099,256
59100,262
59101,259
59102,260
59103,259
59104,252
59105,252
59106,250
59107,248
59108,246
59109,254
59110,253
59111,255
59112,259
59113,269
59114,312
59115,339
59116,340
59117,358
59118,354
59119,350
59120,312
59121,268
59122,268
59123,252
59124,257
59125,262
59126,259
59127,249
59128,265
59129,258
59130,251
59131,258
59132,244
59133,243
59134,244
59135,241
59136,242
59137,246
59138,244
59139,245
59140,242
59141,244
59142,244
59143,243
59144,253
59145,251
59146,252
59147,251
59148,250
59149,249
59150,256
59151,256
59152,248
59153,247
59154,250
59155,245
59156,244
59157,247
59158,247
59159,246
59160,251
59161,250
59162,250
59163,248
59164,251
59165,248
59166,252
59167,247
59168,246
59169,247
59170,252
59171,245
59172,245
59173,244
59174,251
59175,249
59176,247
59177,252
59178,251
59179,246
59180,249
59181,247
59182,253
59183,249
59184,249
59185,245
59186,244
59187,248
59188,243
59189,249
59190,243
59191,250
59192,247
59193,246
59194,252
59195,246
59196,247
59197,246
59198,246
59199,243
59200,246
59201,250
59202,247
59203,251
59204,244
59205,251
59206,249
59207,244
59208,249
59209,253
59210,255
59211,245
59212,245
59213,251
59214,243
59215,254
59216,254
59217,249
59218,253
59219,247
59220,247
59221,250
59222,247
59223,252
59224,248
59225,254
59226,252
59227,247
59228,259
59229,251
59230,254
59231,253
59232,254
59233,258
59234,255
59235,249
59236,247
59237,256
59238,258
59239,256
59240,248
59241,251
59242,256
59243,251
59244,255
59245,248
59246,249
59247,250
59248,256
59249,256
59250,246
59251,250
59252,245
59253,252
59254,244
59255,246
59256,258
59257,244
59258,241
59259,245
59260,251
59261,247
59262,247
59263,249
59264,253
59265,247
59266,247
59267,243
59268,238
59269,247
59270,247
59271,254
59272,251
59273,246
59274,249
59275,256
59276,254
59277,253
59278,248
59279,250
59280,251
59281,251
59282,253
59283,246
59284,244
59285,245
59286,248
59287,250
59288,251
59289,240
59290,248
59291,250
59292,250
59293,242
59294,251
59295,244
59296,244
59297,249
59298,245
59299,259
59300,253
59301,250
59302,249
59303,247
59304,248
59305,251
59306,248
59307,253
59308,249
59309,250
59310,243
59311,253
59312,243
59313,252
59314,253
59315,244
59316,250
59317,249
59318,251
59319,251
59320,255
59321,254
59322,260
59323,259
59324,252
59325,253
59326,252
59327,247
59328,248
59329,254
59330,255
59331,246
59332,250
59333,258
59334,256
59335,258
59336,255
59337,260
59338,263
59339,264
59340,265
59341,255
59342,261
59343,254
59344,250
59345,254
59346,253
59347,250
59348,250
59349,246
59350,253
59351,248
59352,248
59353,243
59354,251
59355,245
59356,253
59357,251
59358,250
59359,251
59360,247
59361,256
59362,260
59363,255
59364,251
59365,256
59366,262
59367,251
59368,257
59369,250
59370,252
59371,256
59372,249
59373,248
59374,257
59375,244
59376,253
59377,254
59378,262
59379,255
59380,253
59381,252
59382,250
59383,250
59384,249
59385,252
59386,251
59387,254
59388,257
59389,254
59390,261
59391,248
59392,261
59393,259
59394,255
59395,262
59396,260
59397,253
59398,249
59399,258
59400,253
59401,257
59402,253
59403,252
59404,264
59405,258
59406,255
59407,259
59408,254
59409,252
59410,264
59411,259
59412,268
59413,266
59414,255
59415,254
59416,260
59417,257
59418,257
59419,256
59420,255
59421,253
59422,254
59423,255
59424,248
59425,252
59426,254
59427,256
59428,255
59429,262
59430,255
59431,248
59432,254
59433,259
59434,258
59435,255
59436,251
59437,259
59438,258
59439,258
59440,260
59441,261
59442,260
59443,253
59444,255
59445,258
59446,256
59447,254
59448,250
59449,258
59450,255
59451,250
59452,256
59453,258
59454,253
59455,258
59456,257
59457,262
59458,256
59459,263
59460,259
59461,251
59462,258
59463,258
59464,252
59465,257
59466,259
59467,263
59468,257
59469,257
59470,258
59471,254
59472,253
59473,251
59474,256
59475,249
59476,255
59477,250
59478,256
59479,255
59480,251
59481,254
59482,260
59483,256
59484,251
59485,262
59486,252
59487,253
59488,239
59489,257
59490,255
59491,253
59492,256
59493,252
59494,250
59495,251
59496,248
59497,248
59498,258
59499,251
59500,255
59501,247
59502,260
59503,258
59504,257
59505,250
59506,254
59507,259
59508,261
59509,257
59510,259
59511,250
59512,250
59513,256
59514,254
59515,258
59516,264
59517,256
59518,255
59519,256
59520,252
59521,246
59522,248
59523,253
59524,257
59525,254
59526,249
59527,257
59528,255
59529,254
59530,243
59531,254
59532,254
59533,257
59534,257
59535,259
59536,253
59537,254
59538,250
59539,261
59540,257
59541,256
59542,259
59543,267
59544,264
59545,260
59546,254
59547,263
59548,265
59549,260
59550,251
59551,259
59552,262
59553,257
59554,256
59555,259
59556,251
59557,254
59558,255
59559,254
59560,256
59561,255
59562,259
59563,255
59564,260
59565,263
59566,258
59567,252
59568,252
59569,253
59570,256
59571,256
59572,250
59573,258
59574,255
59575,258
59576,256
59577,259
59578,252
59579,255
59580,258
59581,257
59582,257
59583,255
59584,251
59585,247
59586,250
59587,253
59588,245
59589,254
59590,258
59591,250
59592,251
59593,260
59594,248
59595,259
59596,249
59597,252
59598,256
59599,256
59600,244
59601,251
59602,249
59603,246
59604,247
59605,238
59606,246
59607,248
59608,249
59609,241
59610,250
59611,245
59612,237
59613,242
59614,240
59615,224
59616,233
59617,234
59618,230
59619,228
59620,229
59621,229
59622,224
59623,224
59624,225
59625,226
59626,229
59627,230
59628,226
59629,230
59630,232
59631,229
59632,219
59633,222
59634,232
59635,227
59636,223
59637,225
59638,227
59639,231
59640,227
59641,229
59642,224
59643,229
59644,233
59645,229
59646,233
59647,229
59648,234
59649,229
59650,236
59651,228
59652,230
59653,226
59654,228
59655,227
59656,235
59657,236
59658,233
59659,240
59660,237
59661,241
59662,238
59663,241
59664,247
59665,237
59666,242
59667,243
59668,247
59669,243
59670,237
