NETCARE2015/data/raw/Flight10/CPC3772_POLAR6_20150421_r2_NETCARE.ict
35,1001
Abbatt,Jon
University of Toronto
Polar 6
NETCARE
1,1
2015,4,21,2017,8,16
1
time,seconds,seconds from start in UTC
1
1
-99999
conc,number of particles per cm3
0
20
PI_CONTACT_INFO: 80 St. George Street; Toronto; ON M5S 3H6 CANADA; email: jabbatt@chem.utoronto.ca
PLATFORM: Polar 6 aircraft
LOCATION: Canadian Arctic near Inuvik
ASSOCIATED_DATA: none
INSTRUMENT_INFO: Condensation Particle Counter Model 3772 is an instrument that detects airborne particles down to 10 nm at an aerosol flow rate of 1.0 L/min, over a concentration range from 0 to 10^4 particles/cm^3 
DATA_INFO: all relevant information is given above
UNCERTAINTY:  ±10% of measured value
ULOD_FLAG: -7777
ULOD_VALUE: N/As
LLOD_FLAG: -8888
LLOD_VALUE: N/A
DM_CONTACT_INFO: Data collected by Julia Burkart. Please direct all correspondence to Jon Abbatt: jabbatt@chem.utoronto.ca
PROJECT_INFO: Polar 6 NETCARE Spring 2015 campaign
STIPULATIONS_ON_USE: N/A
OTHER_COMMENTS: N/A
REVISION: R2, R1, R0
R2: zero and filter measurements are removed
R1: uncorrected raw data
R0: raw data
time,conc
[from data line 1596]
59672,244
59673,246
59674,244
59675,241
59676,241
59677,236
59678,246
59679,245
59680,240
59681,249
59682,244
59683,234
59684,241
59685,246
59686,242
59687,244
59688,244
59689,242
59690,249
59691,245
59692,246
59693,255
59694,247
59695,249
59696,251
59697,255
59698,253
59699,248
59700,247
59701,250
59702,251
59703,253
59704,253
59705,256
59706,262
59707,251
59708,254
59709,259
59710,252
59711,256
59712,248
59713,247
59714,249
59715,252
59716,255
59717,258
59718,255
59719,250
59720,248
59721,250
59722,251
59723,250
59724,260
59725,250
59726,257
59727,258
59728,257
59729,248
59730,252
59731,261
59732,254
59733,249
59734,255
59735,257
59736,250
59737,262
59738,262
59739,256
59740,257
59741,261
59742,262
59743,268
59744,269
59745,272
59746,265
59747,273
59748,278
59749,270
59750,273
59751,277
59752,272
59753,276
59754,270
59755,272
59756,277
59757,266
59758,275
59759,279
59760,269
59761,264
59762,270
59763,263
59764,276
59765,269
59766,267
59767,264
59768,273
59769,270
59770,273
59771,272
59772,268
59773,274
59774,276
59775,275
59776,268
59777,267
59778,266
59779,268
59780,272
59781,282
59782,275
59783,272
59784,269
59785,263
59786,271
59787,272
59788,268
59789,274
59790,281
59791,273
59792,279
59793,271
59794,286
59795,280
59796,273
59797,272
59798,279
59799,269
59800,281
59801,276
59802,277
59803,276
59804,269
59805,274
59806,275
59807,268
59808,275
59809,278
59810,279
59811,265
59812,270
59813,273
59814,267
59815,259
59816,256
59817,264
59818,265
59819,261
59820,262
59821,262
59822,265
59823,258
59824,263
59825,264
59826,259
59827,264
59828,269
59829,262
59830,273
59831,265
59832,264
59833,261
59834,259
59835,264
59836,261
59837,261
59838,267
59839,257
59840,264
59841,272
59842,266
59843,262
59844,267
59845,266
59846,262
59847,262
59848,266
59849,274
59850,270
59851,259
59852,264
59853,269
59854,266
59855,266
59856,272
59857,265
59858,272
59859,270
59860,269
59861,273
59862,279
59863,268
59864,274
59865,270
59866,276
59867,279
59868,278
59869,275
59870,279
59871,276
59872,276
59873,277
59874,276
59875,275
59876,274
59877,283
59878,283
59879,276
59880,277
59881,274
59882,270
59883,277
59884,272
59885,277
59886,277
59887,285
59888,271
59889,276
59890,277
59891,282
59892,273
59893,279
59894,267
59895,274
59896,284
59897,270
59898,281
59899,284
59900,281
59901,281
59902,277
59903,282
59904,286
59905,285
59906,285
59907,282
59908,286
59909,285
59910,280
59911,287
59912,289
59913,285
59914,278
59915,289
59916,286
59917,283
59918,282
59919,285
59920,280
59921,281
59922,279
59923,285
59924,277
59925,285
59926,286
59927,279
59928,285
59929,290
59930,297
59931,287
59932,286
59933,299
59934,295
59935,280
59936,281
59937,282
59938,292
59939,290
59940,285
59941,281
59942,280
59943,283
59944,279
59945,282
59946,278
59947,279
59948,280
59949,279
59950,269
59951,261
59952,270
59953,263
59954,257
59955,264
59956,258
59957,263
59958,264
59959,270
59960,268
59961,268
59962,260
59963,263
59964,268
59965,260
59966,261
59967,262
59968,256
59969,263
59970,270
59971,267
59972,265
59973,256
59974,257
59975,252
59976,253
59977,253
59978,242
59979,254
59980,252
59981,255
59982,264
59983,252
59984,243
59985,243
59986,246
59987,255
59988,257
59989,259
59990,260
59991,259
59992,252
59993,261
59994,262
59995,256
59996,267
59997,259
59998,256
59999,252
60000,256
60001,254
60002,232
60003,-99999
60004,-99999
60005,-99999
60006,-99999
60007,-99999
60008,-99999
60009,-99999
60010,-99999
60011,-99999
60012,-99999
60013,-99999
60014,-99999
60015,-99999
60016,-99999
60017,-99999
60018,-99999
60019,-99999
60020,-99999
60021,-99999
60022,-99999
60023,-99999
60024,-99999
60025,-99999
60026,-99999
60027,-99999
60028,-99999
60029,-99999
60030,-99999
60031,-99999
60032,-99999
60033,-99999
60034,-99999
60035,-99999
60036,-99999
60037,-99999
60038,-99999
60039,-99999
60040,-99999
60041,-99999
60042,-99999
60043,-99999
60044,-99999
60045,-99999
60046,-99999
60047,-99999
60048,-99999
60049,-99999
60050,-99999
60051,-99999
60052,-99999
60053,-99999
60054,-99999
60055,-99999
60056,-99999
60057,-99999
60058,-99999
60059,-99999
60060,-99999
60061,-99999
60062,-99999
60063,-99999
60064,-99999
60065,-99999
60066,-99999
60067,-99999
60068,-99999
60069,-99999
60070,-99999
60071,-99999
60072,-99999
60073,-99999
60074,-99999
60075,-99999
60076,-99999
60077,-99999
60078,-99999
60079,-99999
60080,-99999
60081,-99999
60082,-99999
60083,-99999
60084,-99999
60085,-99999
60086,-99999
60087,-99999
60088,-99999
60089,-99999
60090,-99999
60091,-99999
60092,-99999
60093,-99999
60094,-99999
60095,-99999
60096,-99999
60097,-99999
60098,-99999
60099,-99999
60100,-99999
60101,-99999
60102,-99999
60103,-99999
60104,-99999
60105,-99999
60106,-99999
60107,-99999
60108,-99999
60109,-99999
60110,-99999
60111,-99999
60112,-99999
60113,-99999
60114,-99999
60115,-99999
60116,-99999
60117,-99999
60118,-99999
60119,-99999
60120,-99999
60121,-99999
60122,-99999
60123,-99999
60124,-99999
60125,-99999
60126,-99999
60127,-99999
60128,-99999
60129,-99999
60130,-99999
60131,-99999
60132,-99999
60133,-99999
60134,-99999
60135,-99999
60136,-99999
60137,-99999
60138,-99999
60139,-99999
60140,-99999
60141,-99999
60142,-99999
60143,-99999
60144,-99999
60145,-99999
60146,-99999
60147,-99999
60148,-99999
60149,-99999
60150,-99999
60151,-99999
60152,-99999
60153,-99999
60154,-99999
60155,-99999
60156,-99999
60157,-99999
60158,-99999
60159,-99999
60160,-99999
60161,-99999
60162,-99999
60163,-99999
60164,-99999
60165,-99999
60166,-99999
60167,-99999
60168,-99999
60169,-99999
60170,-99999
60171,-99999
60172,-99999
60173,-99999
60174,-99999
60175,-99999
60176,-99999
60177,-99999
60178,-99999
60179,-99999
60180,-99999
60181,-99999
60182,-99999
60183,-99999
60184,-99999
60185,-99999
60186,-99999
60187,-99999
60188,-99999
60189,-99999
60190,-99999
60191,-99999
60192,-99999
60193,-99999
60194,-99999
60195,-99999
60196,-99999
60197,-99999
60198,-99999
60199,-99999
60200,-99999
60201,-99999
60202,-99999
60203,-99999
60204,-99999
60205,-99999
60206,-99999
60207,-99999
60208,-99999
60209,-99999
60210,-99999
60211,-99999
60212,-99999
60213,-99999
60214,-99999
60215,-99999
60216,-99999
60217,-99999
60218,-99999
60219,-99999
60220,-99999
60221,-99999
60222,-99999
60223,-99999
60224,-99999
60225,-99999
60226,-99999
60227,-99999
60228,-99999
60229,-99999
60230,-99999
60231,-99999
60232,-99999
60233,-99999
60234,-99999
60235,-99999
60236,-99999
60237,-99999
60238,-99999
60239,-99999
60240,-99999
60241,-99999
60242,-99999
60243,-99999
60244,-99999
60245,-99999
60246,-99999
60247,-99999
60248,-99999
60249,-99999
60250,-99999
60251,-99999
60252,-99999
60253,-99999
60254,-99999
60255,-99999
60256,-99999
60257,-99999
60258,-99999
60259,-99999
60260,-99999
60261,-99999
60262,-99999
60263,-99999
60264,-99999
60265,-99999
60266,-99999
60267,-99999
60268,-99999
60269,-99999
60270,-99999
60271,-99999
60272,-99999
60273,-99999
60274,-99999
60275,-99999
60276,-99999
60277,-99999
60278,-99999
60279,-99999
60280,-99999
60281,-99999
60282,-99999
60283,-99999
60284,-99999
60285,-99999
60286,-99999
60287,-99999
60288,-99999
60289,-99999
60290,-99999
60291,-99999
60292,-99999
60293,-99999
60294,-99999
60295,-99999
60296,-99999
60297,-99999
60298,-99999
60299,-99999
60300,-99999
60301,-99999
60302,-99999
60303,-99999
60304,-99999
60305,-99999
60306,-99999
60307,-99999
60308,-99999
60309,-99999
60310,-99999
60311,-99999
60312,-99999
60313,-99999
60314,-99999
60315,-99999
60316,-99999
60317,-99999
60318,-99999
60319,-99999
60320,-99999
60321,-99999
60322,-99999
60323,-99999
60324,-99999
60325,-99999
60326,-99999
60327,-99999
60328,-99999
60329,-99999
60330,-99999
60331,-99999
60332,-99999
60333,-99999
60334,-99999
60335,-99999
60336,-99999
60337,-99999
60338,-99999
60339,-99999
60340,-99999
60341,-99999
60342,-99999
60343,-99999
60344,-99999
60345,-99999
60346,-99999
60347,-99999
60348,-99999
60349,-99999
60350,-99999
60351,-99999
60352,-99999
60353,-99999
60354,-99999
60355,-99999
60356,-99999
60357,-99999
60358,-99999
60359,-99999
60360,-99999
60361,-99999
60362,-99999
60363,-99999
60364,-99999
60365,-99999
60366,-99999
60367,-99999
60368,-99999
60369,-99999
60370,-99999
60371,-99999
60372,-99999
60373,-99999
60374,-99999
60375,-99999
60376,-99999
60377,-99999
60378,-99999
60379,-99999
60380,-99999
60381,-99999
60382,-99999
60383,-99999
60384,-99999
60385,-99999
60386,-99999
60387,-99999
60388,-99999
60389,-99999
60390,-99999
60391,-99999
60392,-99999
60393,-99999
60394,-99999
60395,-99999
60396,-99999
60397,-99999
60398,-99999
60399,-99999
60400,-99999
60401,-99999
60402,-99999
60403,-99999
60404,-99999
60405,-99999
60406,-99999
60407,-99999
60408,-99999
60409,-99999
60410,-99999
60411,-99999
60412,-99999
60413,-99999
60414,-99999
60415,-99999
60416,-99999
60417,-99999
60418,-99999
60419,-99999
60420,-99999
60421,-99999
60422,-99999
60423,-99999
60424,-99999
60425,-99999
60426,-99999
60427,-99999
60428,-99999
60429,-99999
60430,-99999
60431,-99999
60432,-99999
60433,-99999
60434,-99999
60435,-99999
60436,-99999
60437,-99999
60438,-99999
60439,-99999
60440,-99999
60441,-99999
60442,-99999
60443,-99999
60444,-99999
60445,-99999
60446,-99999
60447,-99999
60448,-99999
60449,-99999
60450,-99999
60451,-99999
60452,-99999
60453,-99999
60454,-99999
60455,-99999
60456,-99999
60457,-99999
60458,-99999
60459,-99999
60460,-99999
60461,-99999
60462,-99999
60463,-99999
60464,-99999
60465,-99999
60466,-99999
60467,-99999
60468,-99999
60469,-99999
60470,-99999
60471,-99999
60472,-99999
60473,-99999
60474,-99999
60475,-99999
60476,-99999
60477,-99999
60478,-99999
60479,-99999
60480,-99999
60481,-99999
60482,-99999
60483,-99999
60484,-99999
60485,-99999
60486,-99999
60487,-99999
60488,-99999
60489,-99999
60490,-99999
60491,-99999
60492,-99999
60493,-99999
60494,-99999
60495,-99999
60496,-99999
60497,-99999
60498,-99999
60499,-99999
60500,-99999
60501,-99999
60502,-99999
60503,-99999
60504,-99999
60505,-99999
60506,-99999
60507,-99999
60508,-99999
60509,-99999
60510,-99999
60511,-99999
60512,-99999
60513,-99999
60514,-99999
60515,-99999
60516,-99999
60517,-99999
60518,-99999
60519,-99999
60520,610
60521,611
60522,626
60523,613
60524,616
60525,629
60526,619
60527,631
60528,627
60529,617
60530,617
60531,620
60532,611
60533,620
60534,613
60535,609
60536,610
60537,609
60538,601
60539,599
60540,583
60541,599
60542,593
60543,589
60544,588
60545,585
60546,592
60547,588
60548,590
60549,585
60550,579
60551,592
60552,580
60553,580
60554,589
60555,582
60556,586
60557,581
60558,572
60559,560
60560,575
60561,574
60562,565
60563,565
60564,582
60565,577
60566,578
60567,588
60568,578
60569,598
60570,591
60571,598
60572,598
60573,602
60574,606
60575,605
60576,610
60577,604
60578,620
60579,608
60580,618
60581,631
60582,630
60583,621
60584,617
60585,636
60586,630
60587,633
60588,636
60589,637
60590,632
60591,640
60592,642
60593,641
60594,655
60595,650
60596,638
60597,646
60598,639
60599,634
60600,643
60601,635
60602,631
60603,641
60604,640
60605,623
60606,624
60607,623
60608,613
60609,630
60610,625
60611,622
60612,635
60613,624
60614,634
60615,637
60616,637
60617,654
60618,654
60619,648
60620,660
60621,651
60622,655
60623,657
60624,653
60625,656
60626,643
60627,656
60628,656
60629,667
60630,664
60631,675
60632,651
60633,667
60634,672
60635,675
60636,672
60637,659
60638,658
60639,676
60640,659
60641,665
60642,662
60643,664
60644,656
60645,661
60646,666
60647,664
60648,663
60649,659
60650,648
60651,664
60652,641
60653,667
60654,671
60655,661
60656,657
60657,655
60658,659
60659,665
60660,661
60661,654
60662,660
60663,659
60664,655
60665,655
60666,655
60667,655
60668,646
60669,658
60670,664
60671,664
60672,654
60673,670
60674,658
60675,669
60676,650
60677,660
60678,666
60679,663
60680,670
60681,660
60682,661
60683,666
60684,675
60685,675
60686,670
60687,677
60688,680
60689,682
60690,680
60691,682
60692,701
60693,696
60694,693
60695,693
60696,688
60697,702
60698,706
60699,703
60700,706
60701,694
60702,709
60703,707
60704,690
60705,699
60706,703
60707,701
60708,692
60709,712
60710,695
60711,701
60712,719
60713,706
60714,709
60715,708
60716,724
60717,715
60718,712
60719,713
60720,717
60721,704
60722,712
60723,721
60724,718
60725,713
60726,712
60727,725
60728,722
60729,719
60730,730
60731,736
60732,737
60733,735
60734,731
60735,746
60736,726
60737,747
60738,735
60739,733
60740,736
60741,750
60742,753
60743,748
60744,754
60745,745
60746,764
60747,758
60748,767
60749,773
60750,757
60751,756
60752,774
60753,763
60754,768
60755,773
60756,781
60757,783
60758,772
60759,772
60760,778
60761,771
60762,777
60763,779
60764,787
60765,787
60766,786
60767,777
60768,779
60769,783
60770,785
60771,779
60772,788
60773,783
60774,792
60775,774
60776,787
60777,792
60778,775
60779,794
60780,792
60781,782
60782,786
60783,786
60784,795
60785,780
60786,791
60787,784
60788,789
60789,777
60790,764
60791,769
60792,767
60793,771
60794,762
60795,749
60796,745
60797,742
60798,758
60799,753
60800,754
60801,752
60802,750
60803,748
60804,752
60805,744
60806,756
60807,748
60808,737
60809,741
60810,743
60811,739
60812,740
60813,727
60814,729
60815,731
60816,740
60817,732
60818,725
60819,715
60820,724
60821,714
60822,712
60823,699
60824,704
60825,700
60826,703
60827,708
60828,701
60829,682
60830,669
60831,688
60832,674
60833,676
60834,670
60835,671
60836,670
60837,669
60838,667
60839,671
60840,661
60841,657
60842,656
60843,660
60844,646
60845,647
60846,652
60847,645
60848,637
60849,642
60850,633
60851,649
60852,636
60853,641
60854,629
60855,634
60856,634
60857,631
60858,644
60859,649
60860,638
60861,632
60862,642
60863,635
60864,634
60865,635
60866,629
60867,637
60868,642
60869,637
60870,642
60871,623
60872,632
60873,622
60874,641
60875,635
60876,629
60877,626
60878,612
60879,629
60880,627
60881,626
60882,618
60883,621
60884,614
60885,616
60886,618
60887,625
60888,626
60889,613
60890,613
60891,616
60892,622
60893,616
60894,614
60895,612
60896,615
60897,604
60898,612
60899,611
60900,599
60901,606
60902,596
60903,598
60904,615
60905,597
60906,604
60907,605
60908,599
60909,590
60910,594
60911,567
60912,577
60913,571
60914,567
60915,563
60916,559
60917,564
60918,556
60919,562
60920,551
60921,562
60922,547
60923,547
60924,550
60925,544
60926,556
60927,-99999
60928,-99999
60929,-99999
60930,-99999
60931,-99999
60932,-99999
60933,-99999
60934,-99999
60935,-99999
60936,-99999
60937,-99999
60938,-99999
60939,-99999
60940,-99999
60941,-99999
60942,-99999
60943,-99999
60944,-99999
60945,-99999
60946,-99999
60947,-99999
60948,-99999
60949,-99999
60950,-99999
60951,-99999
60952,-99999
60953,-99999
60954,-99999
60955,-99999
60956,-99999
60957,-99999
60958,-99999
60959,-99999
60960,-99999
60961,-99999
60962,-99999
60963,-99999
60964,-99999
60965,-99999
60966,-99999
60967,-99999
60968,-99999
60969,-99999
60970,-99999
60971,-99999
60972,-99999
60973,-99999
60974,-99999
60975,-99999
60976,-99999
60977,-99999
60978,-99999
60979,-99999
60980,-99999
60981,-99999
60982,-99999
60983,-99999
60984,-99999
60985,-99999
60986,-99999
60987,-99999
60988,-99999
60989,-99999
60990,-99999
60991,-99999
60992,-99999
60993,-99999
60994,-99999
60995,-99999
60996,-99999
60997,-99999
60998,-99999
60999,-99999
61000,-99999
61001,-99999
61002,-99999
61003,-99999
61004,-99999
61005,-99999
61006,-99999
61007,-99999
61008,-99999
61009,-99999
61010,-99999
61011,-99999
61012,-99999
61013,-99999
61014,-99999
61015,528
61016,548
61017,534
61018,525
61019,551
61020,540
61021,542
61022,544
61023,545
61024,548
61025,554
61026,550
61027,563
61028,556
61029,558
61030,557
61031,560
61032,549
61033,557
61034,564
61035,553
61036,551
61037,551
61038,544
61039,556
61040,552
61041,568
61042,564
61043,570
61044,548
61045,552
61046,570
61047,562
61048,560
61049,566
61050,570
61051,560
61052,560
61053,556
61054,545
61055,558
61056,559
61057,572
61058,564
61059,560
61060,559
61061,564
61062,563
61063,558
61064,573
61065,570
61066,576
61067,569
61068,580
61069,557
61070,558
61071,562
61072,565
61073,556
61074,560
61075,562
61076,559
61077,568
61078,566
61079,564
61080,562
61081,560
61082,558
61083,575
61084,564
61085,561
61086,559
61087,563
61088,571
