NETCARE2015/data/raw/Flight10/CPC3772_POLAR6_20150421_r2_NETCARE.ict
35,1001
Abbatt,Jon
University of Toronto
Polar 6
NETCARE
1,1
2015,4,21,2017,8,16
1
time,seconds,seconds from start in UTC
1
1
-99999
conc,number of particles per cm3
0
20
PI_CONTACT_INFO: 80 St. George Street; Toronto; ON M5S 3H6 CANADA; email: jabbatt@chem.utoronto.ca
PLATFORM: Polar 6 aircraft
LOCATION: Canadian Arctic near Inuvik
ASSOCIATED_DATA: none
INSTRUMENT_INFO: Condensation Particle Counter Model 3772 is an instrument that detects airborne particles down to 10 nm at an aerosol flow rate of 1.0 L/min, over a concentration range from 0 to 10^4 particles/cm^3 
DATA_INFO: all relevant information is given above
UNCERTAINTY:  ±10% of measured value
ULOD_FLAG: -7777
ULOD_VALUE: N/As
LLOD_FLAG: -8888
LLOD_VALUE: N/A
DM_CONTACT_INFO: Data collected by Julia Burkart. Please direct all correspondence to Jon Abbatt: jabbatt@chem.utoronto.ca
PROJECT_INFO: Polar 6 NETCARE Spring 2015 campaign
STIPULATIONS_ON_USE: N/A
OTHER_COMMENTS: N/A
REVISION: R2, R1, R0
R2: zero and filter measurements are removed
R1: uncorrected raw data
R0: raw data
time,conc
[from data line 13871]
71947,228
71948,229
71949,226
71950,229
71951,227
71952,220
71953,222
71954,226
71955,225
71956,226
71957,227
71958,234
71959,227
71960,233
71961,230
71962,232
71963,232
71964,234
71965,226
71966,231
71967,233
71968,239
71969,238
71970,230
71971,235
71972,230
71973,232
71974,226
71975,232
71976,232
71977,230
71978,233
71979,230
71980,237
71981,238
71982,225
71983,230
71984,236
71985,236
71986,236
71987,234
71988,239
71989,235
71990,237
71991,236
71992,232
71993,239
71994,235
71995,228
71996,235
71997,235
71998,233
71999,229
72000,232
72001,235
72002,231
72003,236
72004,232
72005,236
72006,235
72007,235
72008,235
72009,233
72010,232
72011,236
72012,236
72013,236
72014,231
72015,234
72016,237
72017,231
72018,235
72019,233
72020,231
72021,230
72022,232
72023,228
72024,232
72025,226
72026,228
72027,237
72028,233
72029,234
72030,232
72031,234
72032,229
72033,228
72034,227
72035,230
72036,229
72037,226
72038,235
72039,237
72040,235
72041,229
72042,233
72043,228
72044,225
72045,227
72046,230
72047,222
72048,223
72049,227
72050,231
72051,234
72052,227
72053,227
72054,229
72055,232
72056,233
72057,231
72058,227
72059,231
72060,233
72061,230
72062,227
72063,229
72064,230
72065,237
72066,233
72067,227
72068,232
72069,231
72070,236
72071,229
72072,232
72073,230
72074,230
72075,228
72076,230
72077,234
72078,228
72079,229
72080,231
72081,232
72082,234
72083,229
72084,237
72085,232
72086,229
72087,234
72088,230
72089,236
72090,237
72091,228
72092,234
72093,233
72094,232
72095,232
72096,234
72097,233
72098,232
72099,237
72100,244
72101,233
72102,227
72103,237
72104,237
72105,232
72106,231
72107,225
72108,235
72109,235
72110,239
72111,237
72112,236
72113,234
72114,235
72115,228
72116,228
72117,235
72118,231
72119,224
72120,221
72121,230
72122,228
72123,223
72124,221
72125,-99999
72126,-99999
72127,-99999
72128,-99999
72129,-99999
72130,-99999
72131,-99999
72132,-99999
72133,-99999
72134,-99999
72135,-99999
72136,-99999
72137,-99999
72138,-99999
72139,-99999
72140,-99999
72141,-99999
72142,-99999
72143,-99999
72144,-99999
72145,-99999
72146,-99999
72147,-99999
72148,-99999
72149,-99999
72150,-99999
72151,-99999
72152,-99999
72153,-99999
72154,-99999
72155,-99999
72156,-99999
72157,-99999
72158,-99999
72159,-99999
72160,-99999
72161,-99999
72162,-99999
72163,-99999
72164,-99999
72165,-99999
72166,-99999
72167,-99999
72168,-99999
72169,-99999
72170,-99999
72171,-99999
72172,-99999
72173,-99999
72174,-99999
72175,-99999
72176,-99999
72177,-99999
72178,-99999
72179,-99999
72180,-99999
72181,-99999
72182,-99999
72183,-99999
72184,-99999
72185,-99999
72186,-99999
72187,-99999
72188,-99999
72189,-99999
72190,-99999
72191,-99999
72192,-99999
72193,-99999
72194,-99999
72195,-99999
72196,-99999
72197,-99999
72198,-99999
72199,-99999
72200,-99999
72201,-99999
72202,-99999
72203,-99999
72204,-99999
72205,-99999
72206,-99999
72207,-99999
72208,-99999
72209,-99999
72210,-99999
72211,-99999
72212,-99999
72213,-99999
72214,-99999
72215,-99999
72216,-99999
72217,-99999
72218,-99999
72219,-99999
72220,-99999
72221,-99999
72222,-99999
72223,-99999
72224,-99999
72225,-99999
72226,-99999
72227,-99999
72228,-99999
72229,-99999
72230,-99999
72231,-99999
72232,-99999
72233,-99999
72234,-99999
72235,-99999
72236,-99999
72237,-99999
72238,-99999
72239,-99999
72240,-99999
72241,-99999
72242,-99999
72243,-99999
72244,-99999
72245,-99999
72246,-99999
72247,-99999
72248,-99999
72249,-99999
72250,-99999
72251,-99999
72252,-99999
72253,-99999
72254,-99999
72255,-99999
72256,-99999
72257,-99999
72258,-99999
72259,-99999
72260,-99999
72261,-99999
72262,-99999
72263,-99999
72264,-99999
72265,-99999
72266,-99999
72267,-99999
72268,-99999
72269,-99999
72270,-99999
72271,-99999
72272,-99999
72273,-99999
72274,-99999
72275,-99999
72276,-99999
72277,-99999
72278,-99999
72279,-99999
72280,-99999
72281,-99999
72282,-99999
72283,-99999
72284,-99999
72285,-99999
72286,-99999
72287,-99999
72288,-99999
72289,-99999
72290,-99999
72291,-99999
72292,-99999
72293,-99999
72294,-99999
72295,-99999
72296,-99999
72297,-99999
72298,-99999
72299,-99999
72300,-99999
72301,-99999
72302,-99999
72303,-99999
72304,-99999
72305,-99999
72306,-99999
72307,-99999
72308,-99999
72309,-99999
72310,-99999
72311,-99999
72312,-99999
72313,-99999
72314,-99999
72315,-99999
72316,-99999
72317,-99999
72318,-99999
72319,-99999
72320,-99999
72321,-99999
72322,-99999
72323,-99999
72324,-99999
72325,-99999
72326,-99999
72327,-99999
72328,-99999
72329,-99999
72330,-99999
72331,-99999
72332,-99999
72333,-99999
72334,-99999
72335,-99999
72336,-99999
72337,-99999
72338,-99999
72339,-99999
72340,-99999
72341,-99999
72342,-99999
72343,-99999
72344,-99999
72345,-99999
72346,-99999
72347,-99999
72348,-99999
72349,-99999
72350,-99999
72351,-99999
72352,-99999
72353,-99999
72354,-99999
72355,-99999
72356,-99999
72357,-99999
72358,-99999
72359,-99999
72360,-99999
72361,-99999
72362,-99999
72363,-99999
72364,-99999
72365,-99999
72366,-99999
72367,-99999
72368,-99999
72369,-99999
72370,-99999
72371,-99999
72372,-99999
72373,-99999
72374,-99999
72375,-99999
72376,-99999
72377,-99999
72378,-99999
72379,-99999
72380,-99999
72381,-99999
72382,-99999
72383,-99999
72384,-99999
72385,-99999
72386,-99999
72387,-99999
72388,-99999
72389,-99999
72390,-99999
72391,-99999
72392,-99999
72393,-99999
72394,-99999
72395,-99999
72396,-99999
72397,-99999
72398,-99999
72399,-99999
72400,-99999
72401,-99999
72402,-99999
72403,-99999
72404,-99999
72405,-99999
72406,-99999
72407,-99999
72408,-99999
72409,-99999
72410,-99999
72411,-99999
72412,-99999
72413,-99999
72414,-99999
72415,-99999
72416,-99999
72417,-99999
72418,-99999
72419,-99999
72420,-99999
72421,-99999
72422,-99999
72423,-99999
72424,-99999
72425,-99999
72426,-99999
72427,-99999
72428,-99999
72429,-99999
72430,-99999
72431,-99999
72432,-99999
72433,-99999
72434,-99999
72435,-99999
72436,-99999
72437,-99999
72438,-99999
72439,-99999
72440,-99999
72441,-99999
72442,-99999
72443,-99999
72444,-99999
72445,-99999
72446,-99999
72447,-99999
72448,-99999
72449,-99999
72450,-99999
72451,-99999
72452,-99999
72453,-99999
72454,-99999
72455,-99999
72456,-99999
72457,-99999
72458,-99999
72459,-99999
72460,-99999
72461,-99999
72462,-99999
72463,-99999
72464,-99999
72465,-99999
72466,-99999
72467,-99999
72468,-99999
72469,-99999
72470,-99999
72471,-99999
72472,-99999
72473,-99999
72474,241
72475,244
72476,237
72477,246
72478,248
72479,240
72480,238
72481,241
72482,236
72483,231
72484,237
72485,230
72486,233
72487,237
72488,235
72489,233
72490,229
72491,233
72492,239
72493,233
72494,240
72495,228
72496,236
72497,232
72498,235
72499,230
72500,233
72501,235
72502,231
72503,229
72504,232
72505,231
72506,234
72507,230
72508,229
72509,238
72510,227
72511,237
72512,235
72513,228
72514,236
72515,232
72516,238
72517,242
72518,236
72519,233
72520,229
72521,236
72522,232
72523,231
72524,243
72525,237
72526,233
72527,233
72528,230
72529,240
72530,234
72531,242
72532,238
72533,235
72534,235
72535,234
72536,229
72537,235
72538,233
72539,237
72540,242
72541,240
72542,238
72543,234
72544,236
72545,239
72546,244
72547,236
72548,236
72549,239
72550,234
72551,237
72552,237
72553,233
72554,232
72555,236
72556,236
72557,239
72558,235
72559,228
72560,237
72561,234
72562,228
72563,237
72564,236
72565,235
72566,235
72567,239
72568,229
72569,234
72570,230
72571,233
72572,231
72573,230
72574,227
72575,225
72576,212
72577,220
72578,222
72579,215
72580,212
72581,210
72582,211
72583,209
72584,216
72585,217
72586,214
72587,218
72588,216
72589,221
72590,215
72591,204
72592,212
72593,214
72594,215
72595,215
72596,213
72597,211
72598,215
72599,219
72600,215
72601,210
72602,217
72603,214
72604,217
72605,216
72606,216
72607,217
72608,217
72609,213
72610,216
72611,211
72612,212
72613,218
72614,213
72615,221
72616,214
72617,216
72618,213
72619,221
72620,220
72621,217
72622,211
72623,219
72624,218
72625,221
72626,214
72627,222
72628,222
72629,222
72630,220
72631,223
72632,222
72633,214
72634,224
72635,219
72636,220
72637,217
72638,222
72639,218
72640,219
72641,221
72642,219
72643,224
72644,217
72645,229
72646,222
72647,223
72648,223
72649,226
72650,225
72651,223
72652,227
72653,225
72654,219
72655,228
72656,229
72657,223
72658,226
72659,220
72660,224
72661,219
72662,230
72663,217
72664,219
72665,214
72666,219
72667,219
72668,213
72669,226
72670,227
72671,224
72672,221
72673,218
72674,231
72675,221
72676,229
72677,222
72678,221
72679,223
72680,229
72681,220
72682,232
72683,232
72684,233
72685,234
72686,239
72687,238
72688,240
72689,242
72690,237
72691,240
72692,240
72693,241
72694,252
72695,236
72696,239
72697,244
72698,245
72699,245
72700,245
72701,242
72702,248
72703,244
72704,245
72705,243
72706,249
72707,249
72708,251
72709,255
72710,253
72711,250
72712,252
72713,245
72714,250
72715,253
72716,246
72717,246
72718,246
72719,251
72720,245
72721,257
72722,252
72723,251
72724,251
72725,251
72726,250
72727,255
72728,255
72729,254
72730,251
72731,249
72732,254
72733,256
72734,254
72735,261
72736,248
72737,256
72738,254
72739,250
72740,252
72741,253
72742,251
72743,251
72744,248
72745,255
72746,249
72747,258
72748,253
72749,250
72750,253
72751,249
72752,249
72753,255
72754,249
72755,258
72756,248
72757,251
72758,245
72759,254
72760,255
72761,251
72762,255
72763,253
72764,260
72765,245
72766,255
72767,257
72768,255
72769,246
72770,241
72771,251
72772,259
72773,255
72774,257
72775,250
72776,262
72777,255
72778,245
72779,244
72780,263
72781,249
72782,244
72783,247
72784,251
72785,253
72786,248
72787,251
72788,243
72789,248
72790,244
72791,244
72792,257
72793,251
72794,250
72795,249
72796,250
72797,251
72798,251
72799,251
72800,255
72801,258
72802,254
72803,255
72804,264
72805,262
72806,271
72807,273
72808,269
72809,261
72810,265
72811,272
72812,265
72813,265
72814,267
72815,283
72816,277
72817,277
72818,285
72819,298
72820,292
72821,291
72822,290
72823,293
72824,299
72825,287
72826,292
72827,297
72828,293
72829,297
72830,284
72831,289
72832,295
72833,293
72834,284
72835,300
72836,284
72837,291
72838,288
72839,299
72840,284
72841,287
72842,296
72843,292
72844,296
72845,299
72846,302
72847,292
72848,287
72849,295
72850,291
72851,292
72852,301
72853,300
72854,296
72855,302
72856,296
72857,296
72858,298
72859,295
72860,307
72861,300
72862,298
72863,302
72864,298
72865,301
72866,307
72867,302
72868,303
72869,295
72870,291
72871,297
72872,299
72873,298
72874,297
72875,293
72876,300
72877,299
72878,309
72879,300
72880,303
72881,296
72882,293
72883,290
72884,299
72885,294
72886,297
72887,297
72888,292
72889,289
72890,285
72891,285
72892,278
72893,288
72894,283
72895,286
72896,285
72897,290
72898,289
72899,278
72900,277
72901,278
72902,288
72903,274
72904,274
72905,277
72906,288
72907,272
72908,267
72909,257
72910,254
72911,257
72912,266
72913,255
72914,252
72915,247
72916,249
72917,254
72918,247
72919,246
72920,240
72921,244
72922,253
72923,247
72924,244
72925,248
72926,249
72927,248
72928,248
72929,245
72930,245
72931,253
72932,269
72933,285
72934,304
72935,295
72936,290
72937,295
72938,302
72939,313
72940,308
72941,307
72942,317
72943,309
72944,313
72945,315
72946,319
72947,326
72948,323
72949,314
72950,313
72951,316
72952,301
72953,310
72954,310
72955,314
72956,308
72957,300
72958,306
72959,312
72960,311
72961,309
72962,313
72963,313
72964,311
72965,313
72966,315
72967,304
72968,312
72969,303
72970,301
72971,308
72972,305
72973,296
72974,305
72975,292
72976,309
72977,299
72978,307
72979,297
72980,303
72981,298
72982,302
72983,308
72984,308
72985,307
72986,294
72987,294
72988,290
72989,289
72990,289
72991,302
72992,297
72993,292
72994,294
72995,292
72996,291
72997,295
72998,294
72999,295
73000,284
73001,283
73002,283
73003,285
73004,292
73005,280
73006,281
73007,273
73008,270
73009,276
73010,268
73011,276
73012,263
73013,258
73014,265
73015,264
73016,262
73017,253
73018,254
73019,248
73020,253
73021,247
73022,248
73023,241
73024,252
73025,246
73026,246
73027,244
73028,248
73029,250
73030,253
73031,244
73032,250
73033,245
73034,253
73035,262
73036,250
73037,254
73038,245
73039,255
73040,255
73041,269
73042,270
73043,265
73044,266
73045,257
73046,264
73047,268
73048,263
73049,261
73050,268
73051,266
73052,274
73053,268
73054,280
73055,269
73056,262
73057,272
73058,268
73059,270
73060,275
73061,272
73062,266
73063,273
73064,272
73065,270
73066,284
73067,284
73068,285
73069,281
73070,279
73071,276
73072,286
73073,292
73074,288
73075,283
73076,277
73077,285
73078,278
73079,277
73080,288
73081,274
73082,284
73083,287
73084,281
73085,281
73086,283
73087,283
73088,294
73089,293
73090,288
73091,287
73092,287
73093,288
73094,292
73095,293
73096,286
73097,290
73098,293
73099,289
73100,289
73101,288
73102,279
73103,279
73104,291
73105,286
73106,293
73107,286
73108,288
73109,292
73110,286
73111,294
73112,280
73113,293
73114,286
73115,287
73116,286
73117,291
73118,285
73119,287
73120,274
73121,280
73122,279
73123,289
73124,291
73125,292
73126,297
73127,301
73128,304
73129,293
73130,294
73131,299
73132,295
73133,294
73134,297
73135,286
73136,293
73137,295
73138,296
73139,298
73140,298
73141,292
73142,301
73143,298
73144,297
73145,292
73146,300
73147,291
73148,297
73149,287
73150,299
73151,295
73152,299
73153,296
73154,290
73155,291
73156,294
73157,296
73158,301
73159,293
73160,295
73161,291
73162,296
73163,289
73164,295
73165,293
73166,299
73167,295
73168,295
73169,298
73170,300
73171,306
73172,298
73173,295
73174,304
73175,304
73176,302
73177,292
73178,295
73179,300
73180,295
73181,294
73182,294
73183,295
73184,297
73185,297
73186,294
73187,287
73188,293
73189,301
73190,289
73191,295
73192,289
73193,291
73194,295
73195,285
73196,295
73197,286
73198,290
73199,290
73200,300
73201,282
73202,288
73203,300
73204,293
73205,290
73206,286
73207,290
73208,290
73209,298
73210,298
73211,295
73212,294
73213,290
73214,295
73215,294
73216,289
73217,293
73218,290
73219,294
73220,289
73221,288
73222,288
73223,290
73224,302
73225,291
73226,295
73227,288
73228,294
73229,288
73230,291
73231,284
73232,294
73233,288
73234,290
73235,289
73236,295
73237,289
73238,297
73239,289
73240,294
73241,290
73242,292
73243,292
73244,287
73245,293
73246,284
73247,286
73248,291
73249,296
73250,298
73251,292
73252,299
73253,291
73254,298
73255,302
73256,296
73257,294
73258,295
73259,297
73260,290
73261,292
73262,302
73263,308
73264,313
73265,309
73266,312
73267,317
73268,314
73269,318
73270,324
73271,314
73272,317
73273,318
73274,314
73275,303
73276,312
73277,314
73278,305
73279,306
73280,303
73281,305
73282,306
73283,316
73284,311
73285,314
73286,313
73287,319
73288,324
73289,328
73290,328
73291,323
73292,324
73293,326
73294,330
73295,328
73296,319
73297,332
73298,329
73299,333
73300,329
73301,329
73302,330
73303,330
73304,330
73305,331
73306,330
73307,332
73308,328
73309,336
73310,339
73311,333
73312,339
73313,335
73314,342
73315,338
73316,338
73317,328
73318,331
73319,344
73320,336
73321,350
73322,347
73323,351
73324,371
73325,368
73326,396
73327,418
73328,416
73329,400
73330,391
73331,391
73332,374
73333,374
73334,378
73335,388
73336,406
73337,414
73338,413
73339,418
73340,411
73341,408
73342,417
73343,422
73344,420
73345,425
73346,428
73347,422
73348,418
73349,436
73350,429
73351,428
73352,435
73353,429
73354,428
73355,429
73356,428
73357,421
73358,407
73359,421
73360,410
73361,415
73362,418
73363,405
73364,404
73365,395
73366,389
73367,373
73368,371
73369,373
73370,382
73371,357
73372,351
73373,350
73374,342
73375,346
73376,339
73377,337
73378,342
73379,345
73380,334
73381,332
73382,342
73383,333
73384,328
73385,323
73386,316
73387,319
73388,310
73389,316
73390,305
73391,312
73392,308
73393,314
73394,305
73395,308
73396,311
73397,301
73398,308
73399,300
73400,301
73401,309
73402,310
73403,311
73404,307
73405,304
73406,301
73407,302
73408,307
73409,298
73410,308
73411,303
73412,308
73413,309
73414,311
73415,305
73416,314
73417,311
73418,311
73419,318
73420,307
73421,307
73422,305
73423,308
73424,305
73425,309
73426,309
73427,308
73428,297
73429,307
73430,304
73431,305
73432,304
73433,310
73434,296
73435,301
73436,312
73437,307
73438,308
73439,303
73440,306
