NETCARE2015/data/raw/Flight10/CPC3772_POLAR6_20150421_r2_NETCARE.ict
35,1001
Abbatt,Jon
University of Toronto
Polar 6
NETCARE
1,1
2015,4,21,2017,8,16
1
time,seconds,seconds from start in UTC
1
1
-99999
conc,number of particles per cm3
0
20
PI_CONTACT_INFO: 80 St. George Street; Toronto; ON M5S 3H6 CANADA; email: jabbatt@chem.utoronto.ca
PLATFORM: Polar 6 aircraft
LOCATION: Canadian Arctic near Inuvik
ASSOCIATED_DATA: none
INSTRUMENT_INFO: Condensation Particle Counter Model 3772 is an instrument that detects airborne particles down to 10 nm at an aerosol flow rate of 1.0 L/min, over a concentration range from 0 to 10^4 particles/cm^3 
DATA_INFO: all relevant information is given above
UNCERTAINTY:  ±10% of measured value
ULOD_FLAG: -7777
ULOD_VALUE: N/As
LLOD_FLAG: -8888
LLOD_VALUE: N/A
DM_CONTACT_INFO: Data collected by Julia Burkart. Please direct all correspondence to Jon Abbatt: jabbatt@chem.utoronto.ca
PROJECT_INFO: Polar 6 NETCARE Spring 2015 campaign
STIPULATIONS_ON_USE: N/A
OTHER_COMMENTS: N/A
REVISION: R2, R1, R0
R2: zero and filter measurements are removed
R1: uncorrected raw data
R0: raw data
time,conc
[from data line 9308]
67384,204
67385,226
67386,229
67387,225
67388,222
67389,232
67390,228
67391,235
67392,232
67393,238
67394,240
67395,237
67396,244
67397,268
67398,316
67399,341
67400,355
67401,363
67402,362
67403,383
67404,421
67405,420
67406,421
67407,419
67408,437
67409,432
67410,409
67411,423
67412,422
67413,421
67414,420
67415,425
67416,427
67417,430
67418,434
67419,427
67420,436
67421,436
67422,441
67423,433
67424,453
67425,448
67426,445
67427,446
67428,452
67429,435
67430,435
67431,438
67432,440
67433,441
67434,452
67435,471
67436,475
67437,463
67438,466
67439,469
67440,471
67441,472
67442,472
67443,482
67444,484
67445,488
67446,492
67447,495
67448,493
67449,490
67450,488
67451,489
67452,496
67453,496
67454,499
67455,497
67456,504
67457,492
67458,492
67459,490
67460,489
67461,499
67462,495
67463,488
67464,495
67465,492
67466,490
67467,490
67468,485
67469,486
67470,477
67471,483
67472,495
67473,494
67474,505
67475,508
67476,518
67477,526
67478,545
67479,565
67480,559
67481,555
67482,561
67483,561
67484,559
67485,557
67486,572
67487,557
67488,571
67489,570
67490,559
67491,594
67492,586
67493,591
67494,588
67495,574
67496,587
67497,591
67498,589
67499,593
67500,592
67501,594
67502,578
67503,578
67504,589
67505,591
67506,575
67507,581
67508,584
67509,592
67510,584
67511,571
67512,583
67513,579
67514,590
67515,570
67516,576
67517,580
67518,586
67519,584
67520,575
67521,578
67522,579
67523,586
67524,590
67525,594
67526,624
67527,630
67528,623
67529,597
67530,587
67531,586
67532,592
67533,571
67534,570
67535,570
67536,571
67537,560
67538,549
67539,584
67540,586
67541,609
67542,622
67543,650
67544,632
67545,622
67546,607
67547,593
67548,582
67549,558
67550,534
67551,520
67552,513
67553,515
67554,512
67555,506
67556,512
67557,514
67558,504
67559,516
67560,513
67561,518
67562,521
67563,525
67564,509
67565,515
67566,513
67567,501
67568,516
67569,515
67570,514
67571,521
67572,530
67573,528
67574,521
67575,531
67576,526
67577,528
67578,526
67579,526
67580,516
67581,516
67582,529
67583,530
67584,521
67585,537
67586,532
67587,519
67588,527
67589,529
67590,522
67591,533
67592,532
67593,538
67594,525
67595,523
67596,525
67597,529
67598,523
67599,548
67600,541
67601,554
67602,545
67603,562
67604,599
67605,598
67606,599
67607,604
67608,619
67609,609
67610,580
67611,594
67612,553
67613,516
67614,524
67615,522
67616,522
67617,524
67618,518
67619,526
67620,530
67621,535
67622,531
67623,529
67624,536
67625,542
67626,534
67627,546
67628,542
67629,538
67630,523
67631,523
67632,517
67633,523
67634,522
67635,527
67636,532
67637,528
67638,533
67639,535
67640,535
67641,534
67642,538
67643,541
67644,542
67645,546
67646,563
67647,539
67648,537
67649,534
67650,532
67651,549
67652,544
67653,540
67654,542
67655,536
67656,522
67657,540
67658,524
67659,521
67660,521
67661,517
67662,519
67663,519
67664,528
67665,531
67666,535
67667,534
67668,541
67669,543
67670,546
67671,534
67672,545
67673,537
67674,541
67675,535
67676,525
67677,527
67678,522
67679,515
67680,530
67681,509
67682,509
67683,508
67684,510
67685,520
67686,527
67687,526
67688,531
67689,519
67690,540
67691,570
67692,567
67693,567
67694,575
67695,574
67696,572
67697,582
67698,584
67699,591
67700,586
67701,581
67702,581
67703,597
67704,592
67705,584
67706,577
67707,584
67708,589
67709,598
67710,594
67711,595
67712,583
67713,586
67714,601
67715,608
67716,619
67717,619
67718,629
67719,632
67720,624
67721,627
67722,629
67723,623
67724,634
67725,616
67726,628
67727,608
67728,597
67729,600
67730,606
67731,601
67732,637
67733,630
67734,632
67735,634
67736,638
67737,647
67738,646
67739,643
67740,642
67741,649
67742,641
67743,651
67744,629
67745,650
67746,633
67747,634
67748,648
67749,647
67750,644
67751,657
67752,671
67753,676
67754,663
67755,674
67756,671
67757,671
67758,686
67759,682
67760,688
67761,678
67762,704
67763,695
67764,690
67765,686
67766,679
67767,682
67768,684
67769,669
67770,673
67771,665
67772,667
67773,659
67774,646
67775,651
67776,647
67777,622
67778,614
67779,613
67780,611
67781,608
67782,594
67783,601
67784,603
67785,609
67786,597
67787,603
67788,597
67789,602
67790,602
67791,603
67792,589
67793,593
67794,572
67795,564
67796,562
67797,580
67798,547
67799,556
67800,548
67801,546
67802,535
67803,542
67804,541
67805,533
67806,533
67807,531
67808,531
67809,529
67810,532
67811,553
67812,539
67813,546
67814,542
67815,547
67816,541
67817,530
67818,550
67819,534
67820,543
67821,550
67822,544
67823,550
67824,540
67825,541
67826,554
67827,546
67828,556
67829,546
67830,539
67831,531
67832,506
67833,482
67834,474
67835,473
67836,470
67837,464
67838,476
67839,462
67840,454
67841,465
67842,455
67843,464
67844,456
67845,457
67846,454
67847,454
67848,466
67849,464
67850,455
67851,459
67852,452
67853,446
67854,458
67855,469
67856,467
67857,470
67858,465
67859,468
67860,469
67861,463
67862,467
67863,476
67864,468
67865,477
67866,483
67867,496
67868,498
67869,508
67870,520
67871,515
67872,502
67873,504
67874,528
67875,548
67876,529
67877,524
67878,506
67879,495
67880,488
67881,503
67882,491
67883,498
67884,484
67885,475
67886,468
67887,457
67888,468
67889,476
67890,457
67891,446
67892,460
67893,452
67894,456
67895,449
67896,440
67897,441
67898,437
67899,420
67900,423
67901,416
67902,417
67903,419
67904,402
67905,402
67906,416
67907,397
67908,398
67909,405
67910,405
67911,400
67912,403
67913,408
67914,402
67915,405
67916,401
67917,407
67918,411
67919,403
67920,399
67921,394
67922,394
67923,399
67924,396
67925,398
67926,397
67927,395
67928,398
67929,399
67930,402
67931,400
67932,419
67933,405
67934,406
67935,413
67936,399
67937,399
67938,403
67939,421
67940,413
67941,402
67942,406
67943,423
67944,413
67945,409
67946,420
67947,405
67948,414
67949,417
67950,416
67951,411
67952,413
67953,414
67954,411
67955,413
67956,409
67957,418
67958,403
67959,414
67960,414
67961,410
67962,410
67963,417
67964,414
67965,420
67966,419
67967,424
67968,414
67969,423
67970,426
67971,418
67972,419
67973,415
67974,417
67975,417
67976,413
67977,426
67978,416
67979,415
67980,419
67981,421
67982,414
67983,414
67984,412
67985,415
67986,408
67987,408
67988,411
67989,408
67990,401
67991,403
67992,418
67993,413
67994,405
67995,396
67996,418
67997,415
67998,404
67999,402
68000,403
68001,419
68002,401
68003,416
68004,398
68005,399
68006,403
68007,414
68008,404
68009,411
68010,415
68011,399
68012,416
68013,413
68014,411
68015,409
68016,412
68017,408
68018,398
68019,409
68020,394
68021,399
68022,399
68023,407
68024,398
68025,403
68026,395
68027,401
68028,391
68029,388
68030,399
68031,395
68032,395
68033,395
68034,391
68035,382
68036,384
68037,376
68038,379
68039,393
68040,399
68041,381
68042,378
68043,382
68044,384
68045,378
68046,369
68047,373
68048,376
68049,377
68050,383
68051,384
68052,382
68053,383
68054,379
68055,386
68056,373
68057,378
68058,375
68059,373
68060,371
68061,370
68062,380
68063,377
68064,372
68065,378
68066,373
68067,369
68068,364
68069,368
68070,371
68071,366
68072,371
68073,377
68074,370
68075,364
68076,373
68077,368
68078,373
68079,373
68080,373
68081,380
68082,376
68083,373
68084,369
68085,365
68086,362
68087,362
68088,367
68089,353
68090,354
68091,357
68092,354
68093,354
68094,343
68095,339
68096,342
68097,330
68098,336
68099,328
68100,320
68101,331
68102,316
68103,324
68104,314
68105,315
68106,314
68107,313
68108,306
68109,314
68110,316
68111,305
68112,302
68113,314
68114,310
68115,306
68116,306
68117,307
68118,304
68119,306
68120,300
68121,305
68122,306
68123,307
68124,310
68125,308
68126,302
68127,312
68128,303
68129,298
68130,300
68131,307
68132,310
68133,304
68134,299
68135,308
68136,296
68137,305
68138,306
68139,304
68140,308
68141,308
68142,298
68143,305
68144,307
68145,303
68146,301
68147,297
68148,302
68149,311
68150,300
68151,301
68152,309
68153,300
68154,299
68155,314
68156,310
68157,303
68158,301
68159,300
68160,298
68161,301
68162,301
68163,295
68164,298
68165,312
68166,304
68167,306
68168,304
68169,302
68170,302
68171,305
68172,304
68173,302
68174,303
68175,308
68176,308
68177,312
68178,302
68179,300
68180,302
68181,306
68182,304
68183,303
68184,302
68185,305
68186,307
68187,297
68188,305
68189,295
68190,302
68191,304
68192,311
68193,308
68194,304
68195,304
68196,308
68197,308
68198,302
68199,306
68200,299
68201,308
68202,303
68203,302
68204,301
68205,298
68206,303
68207,301
68208,302
68209,305
68210,308
68211,304
68212,309
68213,304
68214,307
68215,306
68216,314
68217,304
68218,308
68219,291
68220,308
68221,303
68222,310
68223,299
68224,303
68225,312
68226,307
68227,311
68228,312
68229,310
68230,321
68231,320
68232,311
68233,321
68234,327
68235,325
68236,328
68237,328
68238,330
68239,328
68240,340
68241,346
68242,359
68243,360
68244,359
68245,359
68246,358
68247,357
68248,349
68249,362
68250,368
68251,362
68252,358
68253,368
68254,354
68255,366
68256,360
68257,366
68258,362
68259,367
68260,369
68261,377
68262,364
68263,360
68264,368
68265,378
68266,365
68267,398
68268,413
68269,418
68270,428
68271,439
68272,431
68273,436
68274,452
68275,467
68276,461
68277,474
68278,457
68279,463
68280,453
68281,455
68282,452
68283,459
68284,456
68285,461
68286,470
68287,460
68288,447
68289,471
68290,463
68291,475
68292,475
68293,484
68294,487
68295,496
68296,483
68297,467
68298,482
68299,455
68300,440
68301,426
68302,432
68303,430
68304,407
68305,392
68306,403
68307,409
68308,389
68309,379
68310,382
68311,395
68312,393
68313,404
68314,403
68315,409
68316,412
68317,404
68318,405
68319,405
68320,403
68321,408
68322,406
68323,412
68324,412
68325,431
68326,439
68327,448
68328,453
68329,462
68330,465
68331,469
68332,453
68333,461
68334,468
68335,480
68336,473
68337,467
68338,484
68339,485
68340,488
68341,500
68342,498
68343,520
68344,533
68345,535
68346,541
68347,558
68348,597
68349,602
68350,604
68351,598
68352,587
68353,597
68354,612
68355,608
68356,612
68357,602
68358,608
68359,602
68360,606
68361,620
68362,630
68363,628
68364,645
68365,665
68366,674
68367,670
68368,686
68369,687
68370,669
68371,677
68372,670
68373,661
68374,667
68375,652
68376,654
68377,635
68378,624
68379,610
68380,593
68381,596
68382,594
68383,586
68384,594
68385,-99999
68386,-99999
68387,-99999
68388,-99999
68389,-99999
68390,-99999
68391,-99999
68392,-99999
68393,-99999
68394,-99999
68395,-99999
68396,-99999
68397,-99999
68398,-99999
68399,-99999
68400,-99999
68401,-99999
68402,-99999
68403,-99999
68404,-99999
68405,-99999
68406,-99999
68407,-99999
68408,-99999
68409,-99999
68410,-99999
68411,-99999
68412,-99999
68413,-99999
68414,-99999
68415,-99999
68416,-99999
68417,-99999
68418,-99999
68419,-99999
68420,-99999
68421,-99999
68422,-99999
68423,-99999
68424,-99999
68425,-99999
68426,-99999
68427,-99999
68428,-99999
68429,-99999
68430,-99999
68431,-99999
68432,-99999
68433,-99999
68434,-99999
68435,-99999
68436,-99999
68437,-99999
68438,-99999
68439,-99999
68440,-99999
68441,-99999
68442,-99999
68443,-99999
68444,-99999
68445,-99999
68446,-99999
68447,-99999
68448,-99999
68449,-99999
68450,-99999
68451,-99999
68452,-99999
68453,-99999
68454,-99999
68455,-99999
68456,-99999
68457,-99999
68458,-99999
68459,-99999
68460,-99999
68461,-99999
68462,-99999
68463,-99999
68464,-99999
68465,-99999
68466,-99999
68467,-99999
68468,-99999
68469,-99999
68470,-99999
68471,-99999
68472,-99999
68473,-99999
68474,-99999
68475,-99999
68476,-99999
68477,-99999
68478,-99999
68479,-99999
68480,-99999
68481,-99999
68482,-99999
68483,-99999
68484,-99999
68485,-99999
68486,-99999
68487,-99999
68488,-99999
68489,-99999
68490,-99999
68491,-99999
68492,-99999
68493,-99999
68494,-99999
68495,-99999
68496,-99999
68497,-99999
68498,-99999
68499,-99999
68500,-99999
68501,-99999
68502,-99999
68503,-99999
68504,-99999
68505,-99999
68506,-99999
68507,-99999
68508,-99999
68509,-99999
68510,-99999
68511,-99999
68512,-99999
68513,-99999
68514,-99999
68515,-99999
68516,-99999
68517,-99999
68518,-99999
68519,-99999
68520,-99999
68521,-99999
68522,-99999
68523,-99999
68524,-99999
68525,-99999
68526,-99999
68527,-99999
68528,-99999
68529,-99999
68530,-99999
68531,-99999
68532,-99999
68533,-99999
68534,-99999
68535,-99999
68536,-99999
68537,-99999
68538,-99999
68539,-99999
68540,-99999
68541,-99999
68542,-99999
68543,-99999
68544,-99999
68545,-99999
68546,-99999
68547,-99999
68548,-99999
68549,-99999
68550,-99999
68551,-99999
68552,-99999
68553,-99999
68554,-99999
68555,-99999
68556,-99999
68557,-99999
68558,-99999
68559,-99999
68560,-99999
68561,-99999
68562,-99999
68563,-99999
68564,-99999
68565,-99999
68566,-99999
68567,-99999
68568,-99999
68569,-99999
68570,-99999
68571,-99999
68572,-99999
68573,-99999
68574,-99999
68575,-99999
68576,-99999
68577,-99999
68578,-99999
68579,-99999
68580,-99999
68581,-99999
68582,-99999
68583,-99999
68584,-99999
68585,-99999
68586,-99999
68587,-99999
68588,-99999
68589,-99999
68590,-99999
68591,-99999
68592,-99999
68593,-99999
68594,-99999
68595,-99999
68596,-99999
68597,-99999
68598,-99999
68599,-99999
68600,-99999
68601,-99999
68602,-99999
68603,-99999
68604,-99999
68605,-99999
68606,-99999
68607,-99999
68608,-99999
68609,-99999
68610,-99999
68611,-99999
68612,-99999
68613,-99999
68614,-99999
68615,-99999
68616,-99999
68617,-99999
68618,-99999
68619,-99999
68620,-99999
68621,-99999
68622,-99999
68623,-99999
68624,-99999
68625,-99999
68626,-99999
68627,-99999
68628,-99999
68629,-99999
68630,-99999
68631,-99999
68632,-99999
68633,-99999
68634,-99999
68635,-99999
68636,-99999
68637,-99999
68638,-99999
68639,-99999
68640,-99999
68641,-99999
68642,-99999
68643,-99999
68644,-99999
68645,-99999
68646,-99999
68647,-99999
68648,-99999
68649,-99999
68650,-99999
68651,-99999
68652,-99999
68653,-99999
68654,-99999
68655,-99999
68656,-99999
68657,-99999
68658,-99999
68659,-99999
68660,-99999
68661,-99999
68662,-99999
68663,-99999
68664,-99999
68665,-99999
68666,-99999
68667,-99999
68668,-99999
68669,-99999
68670,-99999
68671,-99999
68672,-99999
68673,-99999
68674,-99999
68675,-99999
68676,-99999
68677,-99999
68678,-99999
68679,-99999
68680,-99999
68681,-99999
68682,-99999
68683,-99999
68684,-99999
68685,-99999
68686,-99999
68687,-99999
68688,-99999
68689,-99999
68690,-99999
68691,-99999
68692,-99999
68693,-99999
68694,-99999
68695,-99999
68696,-99999
68697,-99999
68698,-99999
68699,-99999
68700,-99999
68701,-99999
68702,-99999
68703,-99999
68704,-99999
68705,-99999
68706,-99999
68707,-99999
68708,-99999
68709,-99999
68710,-99999
68711,-99999
68712,-99999
68713,-99999
68714,-99999
68715,-99999
68716,-99999
68717,-99999
68718,-99999
68719,-99999
68720,-99999
68721,-99999
68722,-99999
68723,-99999
68724,-99999
68725,-99999
68726,-99999
68727,-99999
68728,-99999
68729,-99999
68730,-99999
68731,-99999
68732,-99999
68733,-99999
68734,-99999
68735,-99999
68736,-99999
68737,-99999
68738,-99999
68739,-99999
68740,-99999
68741,-99999
68742,-99999
68743,-99999
68744,-99999
68745,-99999
68746,-99999
68747,-99999
68748,-99999
68749,-99999
68750,-99999
68751,-99999
68752,-99999
68753,-99999
68754,-99999
68755,-99999
68756,-99999
68757,-99999
68758,-99999
68759,-99999
68760,-99999
68761,-99999
68762,-99999
68763,-99999
68764,-99999
68765,-99999
68766,-99999
68767,-99999
68768,-99999
68769,-99999
68770,-99999
68771,-99999
68772,-99999
68773,-99999
68774,-99999
68775,-99999
68776,-99999
68777,-99999
68778,-99999
68779,-99999
68780,-99999
68781,-99999
68782,-99999
68783,-99999
68784,-99999
68785,-99999
68786,-99999
68787,-99999
68788,-99999
68789,-99999
68790,-99999
68791,-99999
68792,-99999
68793,-99999
68794,-99999
68795,-99999
68796,-99999
68797,-99999
68798,-99999
68799,-99999
68800,-99999
68801,-99999
68802,-99999
68803,-99999
68804,-99999
68805,-99999
68806,-99999
68807,-99999
68808,-99999
68809,-99999
68810,-99999
68811,-99999
68812,-99999
68813,-99999
68814,-99999
68815,-99999
68816,-99999
68817,-99999
68818,-99999
68819,-99999
68820,-99999
68821,-99999
68822,-99999
68823,-99999
68824,-99999
68825,-99999
68826,-99999
68827,-99999
68828,-99999
68829,-99999
68830,-99999
68831,-99999
68832,-99999
68833,-99999
68834,-99999
68835,-99999
68836,-99999
68837,-99999
68838,-99999
68839,-99999
68840,-99999
68841,-99999
68842,-99999
68843,-99999
68844,-99999
