NETCARE2015/data/raw/Flight10/H2O_POLAR6_20150421_R1_NETCARE.ict
34, 1001
Bozem, Heiko; Hoor, Peter
Institute for Atmospheric Physics, Johannes Gutenberg University, Mainz, Germany
H2O mixing ratio from LI7200 CO2/H2O analyzer
NETCARE Polar 6 Campaign 2015
1, 1
2015, 04, 21, 2016, 01, 22
1
Time_UTC, seconds
1
1
-9999.9
H2O_ppmv, ppmv
0
19
PI_CONTACT_INFO: Address: Johann-Joachim-Becherweg 21, 55128 Mainz, email: bozemh@uni-mainz.de; hoor@uni-mainz.de
PLATFORM: Polar 6
LOCATION: GPS location and altitude available at 1 Hz resolution in separate file (See AIMMS files under Aircraft data and meteorology)
ASSOCIATED_DATA: N/A
INSTRUMENT_INFO: H2O measurements based on non-dispersive infrared absorption spectroscopy
DATA_INFO: Units are ppmv
UNCERTAINTY RELATIVE TO STANDARD: 18.5 ppmv or 2.5 %, whichever is greater, at 1 sigma confidence (before drift correction is applied)
ULOD_FLAG: -7777
ULOD_VALUE: N/A
LLOD_FLAG: -8888
LLOD_VALUE: N/A 
DM_CONTACT_INFO: N/A
PROJECT_INFO: NETCARE Polar 6 aircraft campaign in April 2015; Inuvik
STIPULATIONS_ON_USE: N/A
OTHER_COMMENTS: N/A
REVISION: R1
R0: Preliminary data, corrected for instrument drift
R1: Final data, corrected for instrument drift
Time_UTC,H2O_ppmv
[from data line 4886]
62962,712.6
62963,708.2
62964,696.3
62965,692.7
62966,693.3
62967,695.1
62968,693.1
62969,689.8
62970,691.7
62971,694.7
62972,696.4
62973,698.5
62974,705.8
62975,702.0
62976,700.2
62977,705.7
62978,705.3
62979,705.3
62980,700.4
62981,709.4
62982,694.3
62983,698.8
62984,701.6
62985,697.5
62986,691.8
62987,693.7
62988,688.2
62989,688.7
62990,692.8
62991,689.1
62992,688.9
62993,-9999.9
62994,-9999.9
62995,-9999.9
62996,-9999.9
62997,-9999.9
62998,-9999.9
62999,-9999.9
63000,-9999.9
63001,-9999.9
63002,-9999.9
63003,-9999.9
63004,-9999.9
63005,-9999.9
63006,-9999.9
63007,-9999.9
63008,-9999.9
63009,-9999.9
63010,-9999.9
63011,-9999.9
63012,-9999.9
63013,-9999.9
63014,-9999.9
63015,-9999.9
63016,-9999.9
63017,-9999.9
63018,-9999.9
63019,-9999.9
63020,-9999.9
63021,-9999.9
63022,-9999.9
63023,-9999.9
63024,-9999.9
63025,-9999.9
63026,-9999.9
63027,-9999.9
63028,-9999.9
63029,-9999.9
63030,-9999.9
63031,-9999.9
63032,-9999.9
63033,-9999.9
63034,-9999.9
63035,-9999.9
63036,-9999.9
63037,-9999.9
63038,-9999.9
63039,-9999.9
63040,-9999.9
63041,-9999.9
63042,-9999.9
63043,-9999.9
63044,-9999.9
63045,-9999.9
63046,-9999.9
63047,-9999.9
63048,-9999.9
63049,-9999.9
63050,-9999.9
63051,-9999.9
63052,-9999.9
63053,-9999.9
63054,-9999.9
63055,-9999.9
63056,-9999.9
63057,-9999.9
63058,-9999.9
63059,-9999.9
63060,-9999.9
63061,-9999.9
63062,-9999.9
63063,-9999.9
63064,-9999.9
63065,-9999.9
63066,-9999.9
63067,-9999.9
63068,-9999.9
63069,-9999.9
63070,-9999.9
63071,-9999.9
63072,-9999.9
63073,-9999.9
63074,-9999.9
63075,-9999.9
63076,-9999.9
63077,-9999.9
63078,-9999.9
63079,-9999.9
63080,-9999.9
63081,-9999.9
63082,-9999.9
63083,-9999.9
63084,-9999.9
63085,-9999.9
63086,-9999.9
63087,-9999.9
63088,-9999.9
63089,-9999.9
63090,-9999.9
63091,-9999.9
63092,-9999.9
63093,-9999.9
63094,-9999.9
63095,-9999.9
63096,-9999.9
63097,-9999.9
63098,-9999.9
63099,-9999.9
63100,-9999.9
63101,-9999.9
63102,-9999.9
63103,-9999.9
63104,-9999.9
63105,-9999.9
63106,-9999.9
63107,-9999.9
63108,-9999.9
63109,-9999.9
63110,-9999.9
63111,-9999.9
63112,-9999.9
63113,-9999.9
63114,-9999.9
63115,-9999.9
63116,-9999.9
63117,-9999.9
63118,-9999.9
63119,-9999.9
63120,-9999.9
63121,-9999.9
63122,-9999.9
63123,-9999.9
63124,-9999.9
63125,-9999.9
63126,-9999.9
63127,-9999.9
63128,-9999.9
63129,-9999.9
63130,-9999.9
63131,-9999.9
63132,-9999.9
63133,-9999.9
63134,-9999.9
63135,-9999.9
63136,-9999.9
63137,-9999.9
63138,-9999.9
63139,-9999.9
63140,-9999.9
63141,-9999.9
63142,-9999.9
63143,-9999.9
63144,-9999.9
63145,-9999.9
63146,-9999.9
63147,-9999.9
63148,-9999.9
63149,-9999.9
63150,-9999.9
63151,-9999.9
63152,-9999.9
63153,-9999.9
63154,-9999.9
63155,-9999.9
63156,-9999.9
63157,-9999.9
63158,-9999.9
63159,-9999.9
63160,-9999.9
63161,-9999.9
63162,-9999.9
63163,-9999.9
63164,-9999.9
63165,-9999.9
63166,-9999.9
63167,-9999.9
63168,-9999.9
63169,-9999.9
63170,-9999.9
63171,-9999.9
63172,-9999.9
63173,-9999.9
63174,-9999.9
63175,-9999.9
63176,-9999.9
63177,-9999.9
63178,-9999.9
63179,-9999.9
63180,-9999.9
63181,-9999.9
63182,-9999.9
63183,-9999.9
63184,-9999.9
63185,-9999.9
63186,-9999.9
63187,-9999.9
63188,-9999.9
63189,-9999.9
63190,-9999.9
63191,-9999.9
63192,-9999.9
63193,-9999.9
63194,-9999.9
63195,-9999.9
63196,-9999.9
63197,-9999.9
63198,-9999.9
63199,-9999.9
63200,-9999.9
63201,-9999.9
63202,-9999.9
63203,-9999.9
63204,779.1
63205,758.2
63206,766.7
63207,752.8
63208,773.2
63209,755.5
63210,749.5
63211,721.1
63212,694.9
63213,676.2
63214,673.2
63215,674.8
63216,676.0
63217,689.2
63218,691.6
63219,694.6
63220,692.5
63221,685.8
63222,688.3
63223,723.5
63224,728.4
63225,726.6
63226,720.3
63227,716.9
63228,710.0
63229,708.4
63230,711.8
63231,711.9
63232,717.8
63233,715.9
63234,722.8
63235,722.6
63236,719.4
63237,728.1
63238,737.1
63239,749.6
63240,746.9
63241,746.1
63242,748.3
63243,750.7
63244,747.5
63245,738.3
63246,744.6
63247,752.8
63248,761.4
63249,757.7
63250,764.0
63251,770.8
63252,773.7
63253,776.6
63254,767.2
63255,772.0
63256,761.6
63257,768.8
63258,763.2
63259,767.1
63260,767.3
63261,794.2
63262,788.1
63263,791.4
63264,821.2
63265,825.1
63266,866.8
63267,837.4
63268,822.4
63269,813.5
63270,820.3
63271,829.5
63272,811.6
63273,829.6
63274,860.6
63275,913.4
63276,965.7
63277,957.3
63278,975.5
63279,944.9
63280,918.7
63281,934.0
63282,1038.6
63283,991.0
63284,1058.9
63285,1095.4
63286,1099.8
63287,1098.1
63288,1119.1
63289,1133.9
63290,1125.6
63291,1116.4
63292,1118.6
63293,1119.7
63294,1113.6
63295,1099.6
63296,1097.9
63297,1094.1
63298,1101.1
63299,1104.6
63300,1104.5
63301,1100.4
63302,1095.0
63303,1093.0
63304,1095.8
63305,1096.0
63306,1099.5
63307,1102.2
63308,1101.0
63309,1094.9
63310,1087.6
63311,1083.5
63312,1085.5
63313,1089.5
63314,1086.7
63315,1077.1
63316,1070.9
63317,1067.6
63318,1067.1
63319,1063.4
63320,1059.3
63321,1045.2
63322,1025.7
63323,1046.7
63324,1070.9
63325,1071.5
63326,1081.0
63327,1046.9
63328,1026.4
63329,1022.8
63330,1016.2
63331,1033.9
63332,1062.0
63333,1059.3
63334,1016.2
63335,1027.2
63336,1055.0
63337,1082.5
63338,1104.8
63339,1107.2
63340,1108.0
63341,1108.0
63342,1101.8
63343,1094.0
63344,1107.6
63345,1104.2
63346,1098.2
63347,1104.2
63348,1071.3
63349,1033.5
63350,1061.7
63351,1093.7
63352,1108.7
63353,1115.0
63354,1141.8
63355,1107.4
63356,1081.8
63357,1115.8
63358,1128.2
63359,1114.8
63360,1105.4
63361,1073.1
63362,1064.6
63363,1084.9
63364,1079.1
63365,1073.1
63366,1080.1
63367,1067.4
63368,1094.6
63369,1110.4
63370,1107.9
63371,1087.3
63372,1081.8
63373,1077.9
63374,1092.2
63375,1085.7
63376,1091.7
63377,1113.8
63378,1120.7
63379,1120.8
63380,1130.3
63381,1125.2
63382,1133.9
63383,1136.4
63384,1146.7
63385,1171.3
63386,1180.2
63387,1182.4
63388,1160.8
63389,1154.6
63390,1136.9
63391,1141.5
63392,1104.4
63393,1076.4
63394,1022.7
63395,1026.1
63396,1030.3
63397,1014.1
63398,1040.7
63399,1070.5
63400,1058.7
63401,1044.2
63402,1050.8
63403,1001.9
63404,1048.3
63405,1064.5
63406,1069.1
63407,1012.1
63408,951.8
63409,954.7
63410,961.0
63411,961.8
63412,965.8
63413,960.6
63414,988.0
63415,998.0
63416,1047.2
63417,1041.9
63418,996.5
63419,1052.6
63420,1081.0
63421,1090.8
63422,1107.9
63423,1075.3
63424,1082.6
63425,1117.0
63426,1130.4
63427,1122.7
63428,1119.1
63429,1086.8
63430,1061.5
63431,1064.3
63432,1109.7
63433,1090.8
63434,1063.8
63435,1020.0
63436,1025.6
63437,1051.9
63438,1009.0
63439,1009.1
63440,994.5
63441,987.3
63442,989.5
63443,972.0
63444,973.8
63445,973.6
63446,967.7
63447,957.7
63448,925.1
63449,903.4
63450,897.6
63451,886.9
63452,888.2
63453,888.6
63454,895.7
63455,895.2
63456,905.0
63457,924.8
63458,944.1
63459,953.0
63460,949.3
63461,950.4
63462,956.1
63463,957.8
63464,960.4
63465,968.8
63466,980.1
63467,973.5
63468,974.1
63469,993.5
63470,998.4
63471,1000.7
63472,1002.9
63473,1014.3
63474,1020.4
63475,1019.6
63476,1047.8
63477,1076.3
63478,1057.4
63479,1053.2
63480,1071.9
63481,1073.0
63482,1063.3
63483,1054.7
63484,1055.2
63485,1067.5
63486,1049.1
63487,1049.9
63488,1048.5
63489,1065.7
63490,1056.4
63491,1048.6
63492,1043.6
63493,1028.5
63494,1035.9
63495,1016.5
63496,1026.8
63497,1045.3
63498,1012.6
63499,969.2
63500,959.8
63501,1003.3
63502,1002.4
63503,980.4
63504,1006.5
63505,1020.1
63506,1043.1
63507,1077.8
63508,1089.2
63509,1092.4
63510,1085.9
63511,1076.1
63512,1082.1
63513,1111.3
63514,1130.2
63515,1064.4
63516,1120.3
63517,1105.3
63518,1144.1
63519,1144.3
63520,1137.9
63521,1144.5
63522,1223.3
63523,1214.1
63524,1241.9
63525,1253.2
63526,1266.1
63527,1265.5
63528,1263.1
63529,1262.0
63530,1244.9
63531,1232.6
63532,1223.9
63533,1216.7
63534,1218.0
63535,1218.6
63536,1220.1
63537,1227.5
63538,1226.7
63539,1229.6
63540,1228.1
63541,1228.6
63542,1225.0
63543,1233.0
63544,1205.8
63545,1181.0
63546,1172.3
63547,1181.7
63548,1171.9
63549,1172.1
63550,1184.5
63551,1183.7
63552,1181.0
63553,1194.7
63554,1199.2
63555,1171.9
63556,1171.2
63557,1164.3
63558,1168.2
63559,1165.7
63560,1156.5
63561,1159.9
63562,1172.0
63563,1175.7
63564,1178.2
63565,1179.1
63566,1183.6
63567,1189.4
63568,1189.3
63569,1191.4
63570,1195.8
63571,1193.0
63572,1179.2
63573,1170.7
63574,1169.6
63575,1142.9
63576,1146.5
63577,1138.9
63578,1134.0
63579,1153.5
63580,1134.6
63581,1131.5
63582,1136.3
63583,1118.7
63584,1097.4
63585,1102.2
63586,1111.0
63587,1119.6
63588,1129.6
63589,1139.4
63590,1137.5
63591,1140.6
63592,1133.5
63593,1219.1
63594,1296.5
63595,1172.5
63596,1119.0
63597,1096.1
63598,1168.8
63599,1172.2
63600,1279.4
63601,1308.3
63602,1310.5
63603,1323.3
63604,1343.8
63605,1335.1
63606,1339.5
63607,1348.1
63608,1349.4
63609,1352.5
63610,1356.1
63611,1363.0
63612,1365.4
63613,1368.5
63614,1319.9
63615,1354.7
63616,1353.9
63617,1359.7
63618,1355.6
63619,1356.8
63620,1350.8
63621,1355.3
63622,1360.3
63623,1303.4
63624,1338.4
63625,1225.2
63626,1210.3
63627,1072.5
63628,1149.7
63629,1326.6
63630,1074.5
63631,1052.7
63632,1249.9
63633,1316.0
63634,1242.4
63635,1214.2
63636,1135.3
63637,1135.0
63638,1133.9
63639,1201.2
63640,1011.6
63641,975.8
63642,1112.3
63643,1147.4
63644,1090.8
63645,1137.3
63646,1343.9
63647,1104.2
63648,924.8
63649,807.6
63650,775.0
63651,781.7
63652,801.3
63653,878.4
63654,916.4
63655,915.8
63656,922.6
63657,993.2
63658,1098.3
63659,968.2
63660,889.7
63661,896.6
63662,788.3
63663,765.8
63664,782.9
63665,794.3
63666,847.6
63667,915.7
63668,980.9
63669,1013.5
63670,973.6
63671,744.9
63672,718.1
63673,716.6
63674,721.4
63675,718.4
63676,729.3
63677,726.9
63678,735.2
63679,736.6
63680,728.6
63681,725.4
63682,711.2
63683,707.4
63684,709.4
63685,706.6
63686,705.3
63687,708.4
63688,711.5
63689,710.8
63690,710.8
63691,712.2
63692,711.6
63693,712.1
63694,712.6
63695,715.9
63696,712.8
63697,712.6
63698,712.5
63699,710.2
63700,709.5
63701,710.1
63702,706.9
63703,709.7
63704,707.2
63705,706.2
63706,703.3
63707,704.5
63708,711.5
63709,707.3
63710,706.3
63711,703.2
63712,706.0
63713,709.7
63714,710.3
63715,710.9
63716,709.4
63717,708.9
63718,711.7
63719,713.9
63720,715.0
63721,716.2
63722,722.7
63723,728.3
63724,729.6
63725,728.5
63726,726.9
63727,729.4
63728,730.0
63729,726.4
63730,725.8
63731,726.6
63732,722.6
63733,724.6
63734,731.0
63735,730.8
63736,733.5
63737,739.5
63738,751.7
63739,743.6
63740,739.2
63741,750.0
63742,760.7
63743,751.2
63744,756.5
63745,764.3
63746,766.6
63747,761.0
63748,787.2
63749,800.4
63750,781.6
63751,783.9
63752,796.8
63753,835.2
63754,875.3
63755,890.4
63756,878.2
63757,881.4
63758,904.9
63759,901.0
63760,883.2
63761,863.7
63762,880.0
63763,881.7
63764,863.6
63765,903.8
63766,898.2
63767,872.2
63768,874.5
63769,875.7
63770,853.2
63771,806.7
63772,861.0
63773,868.4
63774,873.7
63775,867.9
63776,858.0
63777,852.3
63778,848.3
63779,849.5
63780,857.7
63781,855.6
63782,849.1
63783,846.7
63784,844.5
63785,846.1
63786,845.3
63787,844.9
63788,860.9
63789,887.7
63790,895.5
63791,893.3
63792,893.9
63793,909.1
63794,913.9
63795,906.0
63796,914.2
63797,917.8
63798,919.7
63799,917.3
63800,899.7
63801,897.2
63802,923.8
63803,1007.4
63804,1024.4
63805,994.1
63806,974.7
63807,977.0
63808,1032.4
63809,1084.2
63810,1086.3
63811,1084.1
63812,1082.9
63813,1077.9
63814,1087.7
63815,1109.5
63816,1129.5
63817,1136.1
63818,1077.4
63819,1045.9
63820,1088.6
63821,1075.8
63822,965.6
63823,953.1
63824,916.2
63825,886.7
63826,866.1
63827,868.1
63828,903.1
63829,930.9
63830,922.2
63831,887.0
63832,839.0
63833,832.0
63834,845.3
63835,831.5
63836,796.7
63837,797.4
63838,802.5
63839,797.3
63840,804.1
63841,817.1
63842,831.0
63843,825.1
63844,821.6
63845,823.0
63846,846.2
63847,859.2
63848,886.4
63849,905.5
63850,909.5
63851,913.8
63852,909.5
63853,906.1
63854,908.1
63855,903.8
63856,903.9
63857,905.3
63858,925.0
63859,919.1
63860,911.0
63861,900.9
63862,894.2
63863,891.2
63864,882.2
63865,894.8
63866,872.1
63867,862.3
63868,860.5
63869,866.4
63870,865.0
63871,862.1
63872,863.3
63873,861.2
63874,860.7
63875,864.2
63876,860.8
63877,863.0
63878,868.7
63879,881.2
63880,876.8
63881,876.5
63882,882.8
63883,888.8
63884,895.4
63885,911.4
63886,930.4
63887,955.5
63888,970.8
63889,972.4
63890,971.5
63891,969.1
63892,968.8
63893,939.5
63894,930.4
63895,947.5
63896,905.7
63897,889.7
63898,890.7
63899,845.6
63900,810.4
63901,790.0
63902,783.1
63903,789.6
63904,794.3
63905,794.6
63906,816.6
63907,843.5
63908,899.3
63909,905.1
63910,898.8
63911,901.2
63912,908.0
63913,914.4
63914,889.1
63915,856.1
63916,833.1
63917,815.8
63918,797.7
63919,788.0
63920,760.0
63921,742.2
63922,736.8
63923,737.1
63924,735.8
63925,735.9
63926,742.5
63927,750.2
63928,740.2
63929,740.8
63930,741.9
63931,745.3
63932,753.2
63933,751.4
63934,753.2
63935,761.9
63936,750.7
63937,753.4
63938,750.1
63939,740.9
63940,747.2
63941,751.3
63942,744.3
63943,731.8
63944,725.7
63945,730.5
63946,738.3
63947,730.6
63948,726.7
63949,730.4
63950,729.0
63951,719.8
63952,717.1
63953,717.1
63954,715.7
63955,721.6
63956,704.4
63957,691.6
63958,694.9
63959,691.0
63960,682.0
63961,664.5
63962,657.6
63963,654.5
63964,653.6
63965,653.3
63966,654.1
63967,654.8
63968,653.6
63969,649.4
63970,651.8
63971,648.1
63972,649.7
63973,653.3
63974,650.3
63975,649.7
63976,652.2
63977,654.3
63978,654.1
63979,664.7
63980,657.7
63981,657.6
63982,656.5
63983,653.8
63984,665.0
63985,701.8
63986,707.7
63987,714.2
63988,710.6
63989,691.1
63990,681.9
63991,661.0
63992,664.2
63993,660.2
63994,650.6
63995,665.3
63996,673.8
63997,678.0
63998,655.7
63999,643.6
64000,627.5
64001,640.9
64002,657.6
64003,671.7
64004,684.8
64005,693.8
64006,689.1
64007,786.3
64008,699.2
64009,649.9
64010,621.2
64011,636.4
64012,662.7
64013,659.1
64014,655.6
64015,658.0
64016,660.6
64017,644.5
64018,645.8
64019,650.7
64020,652.9
64021,662.0
64022,657.0
64023,669.2
64024,669.0
64025,665.4
64026,708.5
64027,701.7
64028,699.3
64029,689.7
64030,704.1
64031,698.6
64032,667.3
64033,641.8
64034,642.3
64035,666.7
64036,691.9
64037,656.1
64038,660.9
64039,651.0
64040,627.6
64041,625.8
64042,625.0
64043,617.5
64044,608.5
64045,608.0
64046,611.3
64047,614.6
64048,606.8
64049,608.5
64050,602.2
64051,601.5
64052,602.8
64053,602.7
64054,604.1
64055,604.1
64056,605.6
64057,608.2
64058,623.3
64059,606.4
64060,609.3
64061,605.0
64062,603.8
64063,601.9
64064,604.5
64065,605.8
64066,605.4
64067,607.1
64068,609.9
64069,611.7
64070,608.6
64071,613.3
64072,614.7
64073,624.9
64074,615.8
64075,612.1
64076,618.4
64077,-9999.9
64078,-9999.9
64079,-9999.9
64080,-9999.9
64081,-9999.9
64082,-9999.9
64083,-9999.9
64084,-9999.9
64085,-9999.9
64086,-9999.9
64087,-9999.9
64088,-9999.9
64089,-9999.9
64090,-9999.9
64091,-9999.9
64092,-9999.9
64093,-9999.9
64094,-9999.9
64095,-9999.9
64096,-9999.9
64097,-9999.9
64098,-9999.9
64099,-9999.9
64100,-9999.9
64101,-9999.9
64102,-9999.9
64103,-9999.9
64104,-9999.9
64105,-9999.9
64106,-9999.9
64107,-9999.9
64108,-9999.9
64109,-9999.9
64110,-9999.9
64111,-9999.9
64112,-9999.9
64113,-9999.9
64114,-9999.9
64115,-9999.9
64116,-9999.9
64117,-9999.9
64118,-9999.9
64119,-9999.9
64120,-9999.9
64121,-9999.9
64122,-9999.9
64123,-9999.9
64124,-9999.9
64125,-9999.9
64126,-9999.9
64127,-9999.9
64128,-9999.9
64129,-9999.9
64130,-9999.9
64131,-9999.9
64132,-9999.9
64133,-9999.9
64134,-9999.9
64135,-9999.9
64136,-9999.9
64137,-9999.9
64138,-9999.9
64139,-9999.9
64140,-9999.9
64141,-9999.9
64142,-9999.9
64143,-9999.9
64144,-9999.9
64145,-9999.9
64146,-9999.9
64147,-9999.9
64148,-9999.9
64149,-9999.9
64150,-9999.9
64151,-9999.9
64152,-9999.9
64153,-9999.9
64154,-9999.9
64155,-9999.9
64156,-9999.9
64157,-9999.9
64158,-9999.9
64159,-9999.9
64160,-9999.9
64161,-9999.9
64162,-9999.9
64163,-9999.9
64164,-9999.9
64165,-9999.9
64166,-9999.9
64167,-9999.9
64168,-9999.9
64169,-9999.9
64170,-9999.9
64171,-9999.9
64172,-9999.9
64173,-9999.9
64174,-9999.9
64175,-9999.9
64176,-9999.9
64177,-9999.9
64178,-9999.9
64179,-9999.9
64180,-9999.9
64181,-9999.9
64182,-9999.9
64183,-9999.9
64184,-9999.9
64185,-9999.9
64186,-9999.9
64187,-9999.9
64188,-9999.9
64189,-9999.9
64190,-9999.9
64191,-9999.9
64192,-9999.9
64193,-9999.9
64194,-9999.9
64195,-9999.9
64196,-9999.9
64197,-9999.9
64198,-9999.9
64199,-9999.9
64200,-9999.9
64201,-9999.9
64202,-9999.9
64203,-9999.9
64204,-9999.9
64205,-9999.9
64206,-9999.9
64207,-9999.9
64208,-9999.9
