NETCARE2015/data/raw/Flight10/H2O_POLAR6_20150421_R1_NETCARE.ict
34, 1001
Bozem, Heiko; Hoor, Peter
Institute for Atmospheric Physics, Johannes Gutenberg University, Mainz, Germany
H2O mixing ratio from LI7200 CO2/H2O analyzer
NETCARE Polar 6 Campaign 2015
1, 1
2015, 04, 21, 2016, 01, 22
1
Time_UTC, seconds
1
1
-9999.9
H2O_ppmv, ppmv
0
19
PI_CONTACT_INFO: Address: Johann-Joachim-Becherweg 21, 55128 Mainz, email: bozemh@uni-mainz.de; hoor@uni-mainz.de
PLATFORM: Polar 6
LOCATION: GPS location and altitude available at 1 Hz resolution in separate file (See AIMMS files under Aircraft data and meteorology)
ASSOCIATED_DATA: N/A
INSTRUMENT_INFO: H2O measurements based on non-dispersive infrared absorption spectroscopy
DATA_INFO: Units are ppmv
UNCERTAINTY RELATIVE TO STANDARD: 18.5 ppmv or 2.5 %, whichever is greater, at 1 sigma confidence (before drift correction is applied)
ULOD_FLAG: -7777
ULOD_VALUE: N/A
LLOD_FLAG: -8888
LLOD_VALUE: N/A 
DM_CONTACT_INFO: N/A
PROJECT_INFO: NETCARE Polar 6 aircraft campaign in April 2015; Inuvik
STIPULATIONS_ON_USE: N/A
OTHER_COMMENTS: N/A
REVISION: R1
R0: Preliminary data, corrected for instrument drift
R1: Final data, corrected for instrument drift
Time_UTC,H2O_ppmv
[from data line 11033]
69109,5215.8
69110,5219.6
69111,5211.6
69112,5212.3
69113,5202.7
69114,5200.0
69115,5199.0
69116,5201.2
69117,5200.6
69118,5203.1
69119,5200.7
69120,5187.3
69121,5148.3
69122,5126.2
69123,5122.1
69124,5110.5
69125,5115.0
69126,5110.2
69127,5091.7
69128,5080.3
69129,5033.7
69130,5007.5
69131,4985.6
69132,5003.8
69133,5018.2
69134,4976.0
69135,4974.9
69136,4994.3
69137,4948.7
69138,4940.9
69139,4844.1
69140,4835.3
69141,4834.8
69142,4888.1
69143,4788.9
69144,4754.3
69145,4791.3
69146,4785.9
69147,4690.8
69148,4696.5
69149,4679.7
69150,4693.6
69151,4692.3
69152,4677.8
69153,4648.6
69154,4615.4
69155,4632.3
69156,4654.5
69157,4631.7
69158,4689.5
69159,4685.6
69160,4588.8
69161,4626.5
69162,4694.9
69163,4636.7
69164,4606.7
69165,4614.6
69166,4594.4
69167,4555.3
69168,4466.5
69169,4397.5
69170,4377.9
69171,4372.6
69172,4366.4
69173,4337.6
69174,4373.7
69175,4294.9
69176,4257.2
69177,4288.3
69178,4328.9
69179,4327.0
69180,4287.3
69181,4268.0
69182,4260.7
69183,4255.1
69184,4260.3
69185,4320.7
69186,4348.7
69187,4332.5
69188,4330.4
69189,4315.7
69190,4282.2
69191,4279.1
69192,4271.3
69193,4271.0
69194,4252.2
69195,4254.4
69196,4289.2
69197,4259.9
69198,4259.9
69199,4261.6
69200,4246.7
69201,4247.3
69202,4279.2
69203,4270.0
69204,4272.5
69205,4266.6
69206,4284.9
69207,4277.9
69208,4284.7
69209,4264.5
69210,4259.3
69211,4261.7
69212,4253.6
69213,4242.5
69214,4250.0
69215,4257.3
69216,4240.5
69217,4264.2
69218,4270.0
69219,4255.2
69220,4257.4
69221,4257.1
69222,4242.7
69223,4250.0
69224,4251.7
69225,4250.9
69226,4246.0
69227,4239.1
69228,4237.9
69229,4232.6
69230,4237.2
69231,4238.7
69232,4246.8
69233,4258.5
69234,4263.2
69235,4242.0
69236,4227.3
69237,4243.0
69238,4244.7
69239,4253.7
69240,4247.1
69241,4242.9
69242,4233.3
69243,4228.7
69244,4227.9
69245,4224.8
69246,4218.8
69247,4224.1
69248,4238.0
69249,4238.7
69250,4222.2
69251,4224.7
69252,4239.0
69253,4242.9
69254,4243.6
69255,4243.1
69256,4239.5
69257,4237.7
69258,4239.3
69259,4239.6
69260,4236.6
69261,4244.5
69262,4232.9
69263,4222.5
69264,4220.6
69265,4225.8
69266,4232.4
69267,4231.0
69268,4233.1
69269,4247.1
69270,4257.2
69271,4251.1
69272,4244.6
69273,4243.2
69274,4260.5
69275,4280.6
69276,4295.2
69277,4299.6
69278,4286.2
69279,4289.6
69280,4269.4
69281,4291.3
69282,4304.8
69283,4293.5
69284,4314.5
69285,4319.2
69286,4285.9
69287,4300.8
69288,4255.1
69289,4246.8
69290,4245.1
69291,4275.2
69292,4308.7
69293,4251.2
69294,4258.1
69295,4263.7
69296,4276.4
69297,4250.0
69298,4276.1
69299,4292.7
69300,-9999.9
69301,-9999.9
69302,-9999.9
69303,-9999.9
69304,-9999.9
69305,-9999.9
69306,-9999.9
69307,-9999.9
69308,-9999.9
69309,-9999.9
69310,-9999.9
69311,-9999.9
69312,-9999.9
69313,-9999.9
69314,-9999.9
69315,-9999.9
69316,-9999.9
69317,-9999.9
69318,-9999.9
69319,-9999.9
69320,-9999.9
69321,-9999.9
69322,-9999.9
69323,-9999.9
69324,-9999.9
69325,-9999.9
69326,-9999.9
69327,-9999.9
69328,-9999.9
69329,-9999.9
69330,-9999.9
69331,-9999.9
69332,-9999.9
69333,-9999.9
69334,-9999.9
69335,-9999.9
69336,-9999.9
69337,-9999.9
69338,-9999.9
69339,-9999.9
69340,-9999.9
69341,-9999.9
69342,-9999.9
69343,-9999.9
69344,-9999.9
69345,-9999.9
69346,-9999.9
69347,-9999.9
69348,-9999.9
69349,-9999.9
69350,-9999.9
69351,-9999.9
69352,-9999.9
69353,-9999.9
69354,-9999.9
69355,-9999.9
69356,-9999.9
69357,-9999.9
69358,-9999.9
69359,-9999.9
69360,-9999.9
69361,-9999.9
69362,-9999.9
69363,-9999.9
69364,-9999.9
69365,-9999.9
69366,-9999.9
69367,-9999.9
69368,-9999.9
69369,-9999.9
69370,-9999.9
69371,-9999.9
69372,-9999.9
69373,-9999.9
69374,-9999.9
69375,-9999.9
69376,-9999.9
69377,-9999.9
69378,-9999.9
69379,-9999.9
69380,-9999.9
69381,-9999.9
69382,-9999.9
69383,-9999.9
69384,-9999.9
69385,-9999.9
69386,-9999.9
69387,-9999.9
69388,-9999.9
69389,-9999.9
69390,-9999.9
69391,-9999.9
69392,-9999.9
69393,-9999.9
69394,-9999.9
69395,-9999.9
69396,-9999.9
69397,-9999.9
69398,-9999.9
69399,-9999.9
69400,-9999.9
69401,-9999.9
69402,-9999.9
69403,-9999.9
69404,-9999.9
69405,-9999.9
69406,-9999.9
69407,-9999.9
69408,-9999.9
69409,-9999.9
69410,-9999.9
69411,-9999.9
69412,-9999.9
69413,-9999.9
69414,-9999.9
69415,-9999.9
69416,-9999.9
69417,-9999.9
69418,-9999.9
69419,-9999.9
69420,-9999.9
69421,-9999.9
69422,-9999.9
69423,-9999.9
69424,-9999.9
69425,-9999.9
69426,-9999.9
69427,-9999.9
69428,-9999.9
69429,-9999.9
69430,-9999.9
69431,-9999.9
69432,-9999.9
69433,-9999.9
69434,-9999.9
69435,-9999.9
69436,-9999.9
69437,-9999.9
69438,-9999.9
69439,-9999.9
69440,-9999.9
69441,-9999.9
69442,-9999.9
69443,-9999.9
69444,-9999.9
69445,-9999.9
69446,-9999.9
69447,-9999.9
69448,-9999.9
69449,-9999.9
69450,-9999.9
69451,-9999.9
69452,-9999.9
69453,-9999.9
69454,-9999.9
69455,-9999.9
69456,-9999.9
69457,-9999.9
69458,-9999.9
69459,-9999.9
69460,-9999.9
69461,-9999.9
69462,-9999.9
69463,-9999.9
69464,-9999.9
69465,-9999.9
69466,-9999.9
69467,-9999.9
69468,-9999.9
69469,-9999.9
69470,-9999.9
69471,-9999.9
69472,-9999.9
69473,-9999.9
69474,-9999.9
69475,-9999.9
69476,-9999.9
69477,-9999.9
69478,-9999.9
69479,-9999.9
69480,-9999.9
69481,-9999.9
69482,-9999.9
69483,-9999.9
69484,-9999.9
69485,-9999.9
69486,-9999.9
69487,-9999.9
69488,-9999.9
69489,-9999.9
69490,-9999.9
69491,-9999.9
69492,-9999.9
69493,-9999.9
69494,-9999.9
69495,-9999.9
69496,-9999.9
69497,-9999.9
69498,-9999.9
69499,-9999.9
69500,-9999.9
69501,-9999.9
69502,-9999.9
69503,-9999.9
69504,-9999.9
69505,-9999.9
69506,-9999.9
69507,-9999.9
69508,-9999.9
69509,-9999.9
69510,-9999.9
69511,4249.1
69512,4248.5
69513,4246.0
69514,4252.7
69515,4248.3
69516,4268.7
69517,4293.2
69518,4287.7
69519,4277.4
69520,4277.6
69521,4258.8
69522,4249.6
69523,4252.8
69524,4260.4
69525,4261.0
69526,4257.5
69527,4261.9
69528,4258.6
69529,4271.6
69530,4268.9
69531,4297.3
69532,4276.4
69533,4251.2
69534,4248.6
69535,4259.1
69536,4258.1
69537,4243.5
69538,4243.2
69539,4261.5
69540,4248.6
69541,4253.7
69542,4262.1
69543,4271.2
69544,4274.6
69545,4275.3
69546,4244.5
69547,4242.5
69548,4243.2
69549,4240.7
69550,4237.5
69551,4249.0
69552,4285.0
69553,4255.1
69554,4256.5
69555,4256.5
69556,4265.6
69557,4274.3
69558,4276.3
69559,4309.7
69560,4322.0
69561,4296.1
69562,4289.1
69563,4291.7
69564,4284.6
69565,4288.8
69566,4259.2
69567,4235.5
69568,4247.0
69569,4254.0
69570,4241.0
69571,4252.5
69572,4274.2
69573,4263.0
69574,4256.0
69575,4244.8
69576,4239.7
69577,4234.1
69578,4231.0
69579,4228.2
69580,4228.1
69581,4229.4
69582,4230.4
69583,4226.4
69584,4224.3
69585,4225.3
69586,4232.7
69587,4246.7
69588,4228.6
69589,4228.4
69590,4226.9
69591,4224.0
69592,4225.8
69593,4226.4
69594,4227.6
69595,4236.6
69596,4234.5
69597,4233.1
69598,4233.1
69599,4236.3
69600,4235.7
69601,4239.7
69602,4238.0
69603,4238.7
69604,4248.6
69605,4249.7
69606,4234.4
69607,4253.8
69608,4259.3
69609,4238.7
69610,4242.7
69611,4240.1
69612,4243.6
69613,4248.8
69614,4250.8
69615,4260.4
69616,4274.8
69617,4280.6
69618,4271.7
69619,4257.6
69620,4253.9
69621,4250.3
69622,4256.1
69623,4256.0
69624,4254.7
69625,4259.7
69626,4249.2
69627,4249.6
69628,4250.7
69629,4252.9
69630,4248.8
69631,4250.2
69632,4245.7
69633,4240.0
69634,4237.7
69635,4242.1
69636,4259.5
69637,4255.8
69638,4267.4
69639,4275.7
69640,4258.9
69641,4249.9
69642,4246.0
69643,4245.2
69644,4254.2
69645,4250.6
69646,4251.6
69647,4256.5
69648,4254.7
69649,4252.0
69650,4246.0
69651,4237.8
69652,4239.5
69653,4242.9
69654,4229.6
69655,4230.9
69656,4230.5
69657,4237.6
69658,4242.8
69659,4273.6
69660,4261.2
69661,4258.2
69662,4253.1
69663,4251.1
69664,4244.7
69665,4244.9
69666,4241.5
69667,4247.9
69668,4248.5
69669,4247.6
69670,4233.2
69671,4244.8
69672,4252.6
69673,4239.4
69674,4238.8
69675,4241.2
69676,4241.7
69677,4245.6
69678,4234.6
69679,4227.5
69680,4227.0
69681,4234.0
69682,4229.3
69683,4229.7
69684,4227.5
69685,4226.4
69686,4228.3
69687,4232.1
69688,4238.8
69689,4239.9
69690,4262.8
69691,4261.8
69692,4258.0
69693,4266.2
69694,4277.8
69695,4275.4
69696,4274.3
69697,4274.7
69698,4279.5
69699,4286.0
69700,4283.0
69701,4290.1
69702,4272.1
69703,4259.4
69704,4275.1
69705,4279.8
69706,4285.0
69707,4280.5
69708,4278.9
69709,4267.4
69710,4257.4
69711,4250.4
69712,4240.0
69713,4240.8
69714,4245.0
69715,4240.8
69716,4246.5
69717,4244.8
69718,4234.9
69719,4242.4
69720,4246.6
69721,4257.5
69722,4261.9
69723,4246.3
69724,4255.3
69725,4238.6
69726,4241.1
69727,4250.1
69728,4281.7
69729,4272.2
69730,4264.9
69731,4262.1
69732,4263.1
69733,4261.4
69734,4262.2
69735,4260.1
69736,4264.8
69737,4269.1
69738,4284.3
69739,4290.9
69740,4292.9
69741,4288.1
69742,4287.2
69743,4292.1
69744,4300.7
69745,4306.8
69746,4290.4
69747,4282.6
69748,4282.0
69749,4282.6
69750,4283.0
69751,4280.6
69752,4285.0
69753,4299.6
69754,4355.5
69755,4324.0
69756,4320.2
69757,4352.5
69758,4342.2
69759,4324.2
69760,4333.6
69761,4302.4
69762,4297.8
69763,4361.2
69764,4376.7
69765,4316.7
69766,4285.1
69767,4293.1
69768,4301.5
69769,4296.2
69770,4309.4
69771,4355.3
69772,4351.0
69773,4328.8
69774,4324.8
69775,4306.4
69776,4294.9
69777,4287.4
69778,4296.6
69779,4321.8
69780,4316.7
69781,4364.5
69782,4371.0
69783,4355.6
69784,4348.6
69785,4341.8
69786,4332.9
69787,4360.0
69788,4393.8
69789,4386.7
69790,4356.4
69791,4366.8
69792,4346.6
69793,4359.4
69794,4421.7
69795,4440.5
69796,4471.9
69797,4510.8
69798,4553.8
69799,4611.4
69800,4642.7
69801,4701.0
69802,4721.3
69803,4756.1
69804,4771.4
69805,4721.9
69806,4668.8
69807,4645.0
69808,4663.6
69809,4658.8
69810,4655.4
69811,4675.7
69812,4704.8
69813,4690.5
69814,4756.2
69815,4818.4
69816,4899.5
69817,4883.6
69818,4866.0
69819,4882.6
69820,4916.6
69821,4911.0
69822,4887.8
69823,4834.1
69824,4790.3
69825,4756.4
69826,4774.7
69827,4889.4
69828,5014.5
69829,5067.0
69830,5123.2
69831,5152.5
69832,5172.3
69833,5180.1
69834,5187.7
69835,5196.0
69836,5193.2
69837,5187.9
69838,5187.3
69839,5184.5
69840,5184.4
69841,5178.9
69842,5180.6
69843,5180.5
69844,5174.9
69845,5171.1
69846,5174.8
69847,5176.1
69848,5183.0
69849,5184.5
69850,5185.8
69851,5186.9
69852,5187.8
69853,5187.8
69854,5186.8
69855,5185.0
69856,5184.6
69857,5183.4
69858,5182.5
69859,5182.8
69860,5180.1
69861,5177.4
69862,5176.4
69863,5176.2
69864,5172.7
69865,5165.7
69866,5135.3
69867,5027.8
69868,5044.5
69869,5033.7
69870,5000.7
69871,4971.8
69872,4995.5
69873,5117.3
69874,5148.9
69875,5159.9
69876,5169.0
69877,5174.7
69878,5178.7
69879,5178.5
69880,5174.3
69881,5171.3
69882,5163.1
69883,5161.4
69884,5163.4
69885,5166.6
69886,5169.1
69887,5167.7
69888,5172.1
69889,5169.4
69890,5171.4
69891,5169.1
69892,5171.5
69893,5154.0
69894,5134.0
69895,5100.5
69896,5098.1
69897,5142.3
69898,5177.0
69899,5202.1
69900,5207.4
69901,5223.2
69902,5217.4
69903,5219.5
69904,5221.9
69905,5239.4
69906,5250.1
69907,5255.1
69908,5284.6
69909,5307.1
69910,5329.6
69911,5361.2
69912,5397.6
69913,5405.3
69914,5401.1
69915,5409.4
69916,5404.1
69917,5394.1
69918,5399.8
69919,5409.2
69920,5415.5
69921,5428.9
69922,5439.2
69923,5461.9
69924,5480.5
69925,5493.6
69926,5497.2
69927,5493.1
69928,5483.8
69929,5485.9
69930,5483.6
69931,5488.8
69932,5482.8
69933,5480.3
69934,5482.1
69935,5469.9
69936,5459.8
69937,5459.5
69938,5455.1
69939,5452.8
69940,5451.2
69941,5450.7
69942,5451.7
69943,5451.9
69944,5452.5
69945,5452.2
69946,5451.2
69947,5453.1
69948,5453.1
69949,5453.2
69950,5452.7
69951,5454.3
69952,5457.8
69953,5466.1
69954,5461.4
69955,5459.8
69956,5459.9
69957,5460.7
69958,5462.0
69959,5464.2
69960,5463.9
69961,5464.4
69962,5466.0
69963,5466.2
69964,5463.5
69965,5466.5
69966,5466.6
69967,5465.9
69968,5465.8
69969,5463.2
69970,5463.2
69971,5454.9
69972,5451.4
69973,5451.1
69974,5450.6
69975,5448.8
69976,5447.8
69977,5443.7
69978,5444.9
69979,5441.2
69980,5433.5
69981,5432.5
69982,5433.8
69983,5433.7
69984,5432.4
69985,5430.7
69986,5431.3
69987,5426.6
69988,5425.1
69989,5421.3
69990,5418.0
69991,5411.9
69992,5412.0
69993,5409.2
69994,5398.0
69995,5399.3
69996,5404.5
69997,5396.8
69998,5391.9
69999,5390.0
70000,5390.6
70001,5395.2
70002,5399.6
70003,5400.0
70004,5400.7
70005,5403.0
70006,5405.8
70007,5403.9
70008,5409.1
70009,5404.9
70010,5407.4
70011,5408.7
70012,5400.7
70013,5396.8
70014,5393.4
70015,5390.4
70016,5385.0
70017,5390.0
70018,5386.0
70019,5390.4
70020,5389.3
70021,5385.7
70022,5392.4
70023,5390.7
70024,5387.6
70025,5391.7
70026,5392.4
70027,5399.4
70028,5398.3
70029,5397.0
70030,5400.5
70031,5403.4
70032,5402.0
70033,5394.5
70034,5395.4
70035,5397.8
70036,5389.0
70037,5384.6
70038,5382.5
70039,5385.3
70040,5381.7
70041,5378.3
70042,5371.6
70043,5371.0
70044,5367.1
70045,5361.7
70046,5358.6
70047,5357.1
70048,5348.3
70049,5350.2
70050,5344.6
70051,5344.2
70052,5344.0
70053,5338.5
70054,5343.0
70055,5340.4
70056,5342.4
70057,5339.9
70058,5333.4
70059,5334.3
70060,5335.6
70061,5333.1
70062,5333.7
70063,5331.8
70064,5331.5
70065,5334.3
70066,5335.8
70067,5336.9
70068,5340.1
70069,5336.4
70070,5333.6
70071,5333.4
70072,5335.1
70073,5334.4
70074,5329.8
70075,5328.7
70076,5328.4
70077,5325.0
70078,5324.6
70079,5325.1
70080,5321.9
70081,5324.4
70082,5328.1
70083,5330.0
70084,5329.2
70085,5329.4
70086,5333.9
70087,5331.7
70088,5333.5
70089,5337.4
70090,5341.6
70091,5336.9
70092,5336.6
70093,5330.7
70094,5327.3
70095,5328.0
70096,5332.3
70097,5330.4
70098,5326.5
70099,5324.6
70100,5318.9
70101,5316.2
70102,5320.9
70103,5321.7
70104,5320.2
70105,5317.2
70106,5314.8
70107,5310.6
70108,5308.3
70109,5307.5
70110,5308.7
70111,5306.3
70112,5304.3
70113,5301.6
70114,5303.3
70115,5301.5
70116,5302.0
70117,5301.5
70118,5300.2
70119,5299.4
70120,5295.6
70121,5293.1
70122,5291.7
70123,5291.6
70124,5291.9
70125,5288.9
70126,5290.6
70127,5290.1
70128,5290.1
70129,5292.1
70130,5290.8
70131,5291.9
70132,5291.2
70133,5289.4
70134,5289.9
70135,5290.1
70136,5290.9
70137,5292.8
70138,5293.0
70139,5293.1
70140,5291.9
70141,5293.2
70142,5291.6
70143,5290.8
70144,5290.1
70145,5290.0
70146,5291.5
70147,5288.4
70148,5286.5
70149,5285.0
70150,5288.5
70151,5288.8
70152,5290.2
70153,5291.1
70154,5292.2
70155,5287.2
70156,5285.7
70157,5284.2
70158,5281.3
70159,5281.7
70160,5282.5
70161,5286.1
70162,5285.0
70163,5284.2
70164,5284.8
70165,5286.2
70166,5288.3
70167,5289.9
70168,5288.7
70169,5285.6
70170,5284.4
70171,5283.1
70172,5286.1
70173,5286.9
70174,5288.3
70175,5286.9
70176,5287.6
70177,5287.6
70178,5287.4
70179,5284.9
70180,5284.7
70181,5283.2
70182,5283.7
70183,5284.5
70184,5283.4
70185,5281.4
70186,5278.5
70187,5276.1
70188,5270.4
70189,5267.4
70190,5268.6
70191,5269.2
70192,5267.2
70193,5249.6
70194,5218.5
70195,5214.4
70196,5215.1
70197,5207.1
70198,5175.1
70199,5165.9
70200,5175.9
70201,5174.8
70202,5186.3
70203,5166.9
70204,5161.2
70205,5157.5
70206,5164.0
70207,5164.6
70208,5167.8
70209,5172.8
70210,5167.4
70211,5173.1
70212,5168.1
70213,5179.2
70214,5191.3
70215,5209.4
70216,5209.7
70217,5209.5
70218,5207.6
70219,5210.9
70220,5211.5
70221,5209.5
70222,5205.4
70223,5200.3
70224,5198.7
70225,5199.2
70226,5202.3
70227,5195.0
70228,5189.4
70229,5177.9
70230,5181.1
70231,5179.8
70232,5177.5
70233,5181.5
70234,5177.4
70235,5170.5
70236,5163.2
70237,5165.0
70238,5164.4
70239,5161.9
70240,5160.9
70241,5160.2
70242,5158.4
70243,5161.2
70244,5159.8
70245,5163.2
70246,5170.6
70247,5180.8
70248,5204.2
70249,5209.7
70250,5214.6
70251,5194.4
70252,5176.6
70253,5177.6
70254,5186.7
70255,5191.3
70256,5192.3
70257,5197.2
70258,5207.2
70259,5210.2
70260,5228.3
70261,5239.7
70262,5241.5
70263,5240.8
70264,5235.2
70265,5234.8
70266,5235.3
70267,5232.4
70268,5227.0
70269,5224.6
70270,5227.1
70271,5197.6
70272,5126.6
70273,5065.6
70274,4967.8
70275,4940.7
70276,4932.9
70277,4921.5
70278,4883.1
70279,4858.4
70280,4853.4
70281,4841.5
70282,4858.9
70283,4859.5
70284,4863.2
70285,4880.2
70286,4828.5
70287,4798.8
70288,4786.7
70289,4767.6
70290,4781.6
70291,4710.7
70292,4735.0
70293,4729.5
70294,4768.2
70295,4814.7
70296,4782.9
70297,4768.8
70298,4742.9
70299,4770.3
70300,4770.2
70301,4737.9
70302,4708.1
70303,4677.9
70304,4697.1
70305,4713.5
70306,4731.3
70307,4741.8
70308,4749.5
70309,4761.4
70310,4782.9
70311,4775.8
70312,4766.5
70313,4748.0
70314,4743.7
70315,4731.1
70316,4715.2
70317,4700.5
70318,4690.8
70319,4675.3
70320,4660.9
70321,4650.4
70322,4653.7
