NETCARE2015/data/raw/Flight10/H2O_POLAR6_20150421_R1_NETCARE.ict
34, 1001
Bozem, Heiko; Hoor, Peter
Institute for Atmospheric Physics, Johannes Gutenberg University, Mainz, Germany
H2O mixing ratio from LI7200 CO2/H2O analyzer
NETCARE Polar 6 Campaign 2015
1, 1
2015, 04, 21, 2016, 01, 22
1
Time_UTC, seconds
1
1
-9999.9
H2O_ppmv, ppmv
0
19
PI_CONTACT_INFO: Address: Johann-Joachim-Becherweg 21, 55128 Mainz, email: bozemh@uni-mainz.de; hoor@uni-mainz.de
PLATFORM: Polar 6
LOCATION: GPS location and altitude available at 1 Hz resolution in separate file (See AIMMS files under Aircraft data and meteorology)
ASSOCIATED_DATA: N/A
INSTRUMENT_INFO: H2O measurements based on non-dispersive infrared absorption spectroscopy
DATA_INFO: Units are ppmv
UNCERTAINTY RELATIVE TO STANDARD: 18.5 ppmv or 2.5 %, whichever is greater, at 1 sigma confidence (before drift correction is applied)
ULOD_FLAG: -7777
ULOD_VALUE: N/A
LLOD_FLAG: -8888
LLOD_VALUE: N/A 
DM_CONTACT_INFO: N/A
PROJECT_INFO: NETCARE Polar 6 aircraft campaign in April 2015; Inuvik
STIPULATIONS_ON_USE: N/A
OTHER_COMMENTS: N/A
REVISION: R1
R0: Preliminary data, corrected for instrument drift
R1: Final data, corrected for instrument drift
Time_UTC,H2O_ppmv
[from data line 14760]
72836,468.0
72837,465.4
72838,469.7
72839,471.8
72840,476.9
72841,478.9
72842,474.6
72843,473.4
72844,478.3
72845,492.9
72846,497.0
72847,488.7
72848,518.1
72849,552.9
72850,505.0
72851,492.1
72852,480.7
72853,481.0
72854,486.8
72855,492.1
72856,504.8
72857,524.8
72858,522.4
72859,506.3
72860,496.2
72861,489.8
72862,490.5
72863,488.4
72864,491.5
72865,502.0
72866,522.6
72867,539.5
72868,550.5
72869,540.8
72870,549.3
72871,550.6
72872,564.8
72873,581.0
72874,590.2
72875,587.4
72876,556.0
72877,546.2
72878,568.1
72879,557.0
72880,546.6
72881,540.6
72882,569.2
72883,559.1
72884,555.9
72885,564.1
72886,602.1
72887,610.7
72888,690.6
72889,755.0
72890,858.9
72891,821.5
72892,729.1
72893,693.3
72894,827.0
72895,778.4
72896,726.1
72897,-9999.9
72898,-9999.9
72899,-9999.9
72900,-9999.9
72901,-9999.9
72902,-9999.9
72903,-9999.9
72904,-9999.9
72905,-9999.9
72906,-9999.9
72907,-9999.9
72908,-9999.9
72909,-9999.9
72910,-9999.9
72911,-9999.9
72912,-9999.9
72913,-9999.9
72914,-9999.9
72915,-9999.9
72916,-9999.9
72917,-9999.9
72918,-9999.9
72919,-9999.9
72920,-9999.9
72921,-9999.9
72922,-9999.9
72923,-9999.9
72924,-9999.9
72925,-9999.9
72926,-9999.9
72927,-9999.9
72928,-9999.9
72929,-9999.9
72930,-9999.9
72931,-9999.9
72932,-9999.9
72933,-9999.9
72934,-9999.9
72935,-9999.9
72936,-9999.9
72937,-9999.9
72938,-9999.9
72939,-9999.9
72940,-9999.9
72941,-9999.9
72942,-9999.9
72943,-9999.9
72944,-9999.9
72945,-9999.9
72946,-9999.9
72947,-9999.9
72948,-9999.9
72949,-9999.9
72950,-9999.9
72951,-9999.9
72952,-9999.9
72953,-9999.9
72954,-9999.9
72955,-9999.9
72956,-9999.9
72957,-9999.9
72958,-9999.9
72959,-9999.9
72960,-9999.9
72961,-9999.9
72962,-9999.9
72963,-9999.9
72964,-9999.9
72965,-9999.9
72966,-9999.9
72967,-9999.9
72968,-9999.9
72969,-9999.9
72970,-9999.9
72971,-9999.9
72972,-9999.9
72973,-9999.9
72974,-9999.9
72975,-9999.9
72976,-9999.9
72977,-9999.9
72978,-9999.9
72979,-9999.9
72980,-9999.9
72981,-9999.9
72982,-9999.9
72983,-9999.9
72984,-9999.9
72985,-9999.9
72986,-9999.9
72987,-9999.9
72988,-9999.9
72989,-9999.9
72990,-9999.9
72991,-9999.9
72992,-9999.9
72993,-9999.9
72994,-9999.9
72995,-9999.9
72996,-9999.9
72997,-9999.9
72998,-9999.9
72999,-9999.9
73000,-9999.9
73001,-9999.9
73002,-9999.9
73003,-9999.9
73004,-9999.9
73005,-9999.9
73006,-9999.9
73007,-9999.9
73008,-9999.9
73009,-9999.9
73010,-9999.9
73011,-9999.9
73012,-9999.9
73013,-9999.9
73014,-9999.9
73015,-9999.9
73016,-9999.9
73017,-9999.9
73018,-9999.9
73019,-9999.9
73020,-9999.9
73021,-9999.9
73022,-9999.9
73023,-9999.9
73024,-9999.9
73025,-9999.9
73026,-9999.9
73027,-9999.9
73028,-9999.9
73029,-9999.9
73030,-9999.9
73031,-9999.9
73032,-9999.9
73033,-9999.9
73034,-9999.9
73035,-9999.9
73036,-9999.9
73037,-9999.9
73038,-9999.9
73039,-9999.9
73040,-9999.9
73041,-9999.9
73042,-9999.9
73043,-9999.9
73044,-9999.9
73045,-9999.9
73046,-9999.9
73047,-9999.9
73048,-9999.9
73049,-9999.9
73050,-9999.9
73051,-9999.9
73052,-9999.9
73053,-9999.9
73054,-9999.9
73055,-9999.9
73056,-9999.9
73057,-9999.9
73058,-9999.9
73059,-9999.9
73060,-9999.9
73061,-9999.9
73062,-9999.9
73063,-9999.9
73064,-9999.9
73065,-9999.9
73066,-9999.9
73067,-9999.9
73068,-9999.9
73069,-9999.9
73070,-9999.9
73071,-9999.9
73072,-9999.9
73073,-9999.9
73074,-9999.9
73075,-9999.9
73076,-9999.9
73077,-9999.9
73078,-9999.9
73079,-9999.9
73080,-9999.9
73081,-9999.9
73082,-9999.9
73083,-9999.9
73084,-9999.9
73085,-9999.9
73086,-9999.9
73087,-9999.9
73088,-9999.9
73089,-9999.9
73090,-9999.9
73091,-9999.9
73092,-9999.9
73093,-9999.9
73094,-9999.9
73095,-9999.9
73096,-9999.9
73097,-9999.9
73098,-9999.9
73099,-9999.9
73100,-9999.9
73101,-9999.9
73102,-9999.9
73103,-9999.9
73104,-9999.9
73105,-9999.9
73106,-9999.9
73107,-9999.9
73108,615.9
73109,604.5
73110,593.5
73111,617.7
73112,661.2
73113,656.4
73114,660.3
73115,651.1
73116,679.2
73117,711.8
73118,680.1
73119,716.4
73120,725.0
73121,691.2
73122,625.4
73123,549.7
73124,553.2
73125,526.8
73126,474.3
73127,476.4
73128,495.3
73129,460.9
73130,466.5
73131,466.1
73132,466.2
73133,470.6
73134,475.2
73135,478.9
73136,482.7
73137,479.7
73138,478.5
73139,476.9
73140,474.2
73141,471.0
73142,462.1
73143,463.2
73144,466.5
73145,470.9
73146,468.3
73147,466.0
73148,468.6
73149,471.3
73150,472.5
73151,471.5
73152,470.9
73153,472.9
73154,475.9
73155,474.8
73156,473.5
73157,474.4
73158,473.5
73159,470.1
73160,467.1
73161,458.5
73162,449.5
73163,452.3
73164,445.5
73165,444.6
73166,445.9
73167,450.9
73168,444.3
73169,454.8
73170,465.1
73171,468.3
73172,469.3
73173,470.5
73174,470.3
73175,470.4
73176,468.2
73177,466.0
73178,461.4
73179,457.5
73180,452.6
73181,450.0
73182,450.0
73183,449.6
73184,448.4
73185,446.0
73186,446.6
73187,446.9
73188,444.3
73189,442.3
73190,443.1
73191,440.8
73192,439.3
73193,438.5
73194,437.9
73195,436.2
73196,435.3
73197,435.4
73198,432.0
73199,431.2
73200,429.3
73201,429.9
73202,428.8
73203,427.6
73204,426.1
73205,426.0
73206,427.2
73207,425.7
73208,427.1
73209,425.5
73210,425.2
73211,424.6
73212,425.4
73213,423.1
73214,422.5
73215,423.9
73216,422.0
73217,422.3
73218,419.1
73219,419.9
73220,417.1
73221,418.1
73222,417.4
73223,416.8
73224,417.7
73225,416.1
73226,413.7
73227,413.6
73228,411.8
73229,411.4
73230,412.2
73231,412.7
73232,411.2
73233,411.1
73234,411.8
73235,409.4
73236,408.0
73237,405.7
73238,404.9
73239,405.3
73240,408.3
73241,406.2
73242,401.5
73243,397.4
73244,397.1
73245,398.2
73246,399.7
73247,401.4
73248,397.8
73249,396.7
73250,396.8
73251,398.5
73252,397.0
73253,395.9
73254,395.5
73255,393.5
73256,388.1
73257,387.8
73258,386.9
73259,384.2
73260,382.6
73261,383.9
73262,384.7
73263,387.0
73264,386.2
73265,389.8
73266,388.2
73267,390.5
73268,392.8
73269,394.6
73270,394.4
73271,394.7
73272,393.3
73273,390.3
73274,385.7
73275,381.6
73276,381.8
73277,379.7
73278,381.1
73279,381.6
73280,382.0
73281,383.5
73282,384.3
73283,386.3
73284,386.7
73285,390.2
73286,393.5
73287,397.7
73288,400.3
73289,400.9
73290,402.9
73291,404.0
73292,404.4
73293,405.8
73294,405.5
73295,406.5
73296,407.5
73297,407.0
73298,408.0
73299,406.1
73300,408.3
73301,407.7
73302,407.4
73303,410.3
73304,411.1
73305,410.4
73306,413.5
73307,417.0
73308,418.6
73309,419.5
73310,420.6
73311,418.7
73312,421.4
73313,422.0
73314,420.9
73315,422.6
73316,425.2
73317,427.6
73318,435.5
73319,441.7
73320,464.4
73321,459.5
73322,475.0
73323,502.7
73324,517.0
73325,585.6
73326,623.0
73327,644.6
73328,618.5
73329,601.6
73330,595.9
73331,584.7
73332,584.5
73333,603.2
73334,623.8
73335,660.9
73336,738.0
73337,788.8
73338,853.2
73339,870.3
73340,833.3
73341,805.7
73342,832.2
73343,833.8
73344,841.0
73345,826.9
73346,792.7
73347,797.0
73348,802.1
73349,807.3
73350,798.4
73351,814.8
73352,806.4
73353,805.6
73354,813.8
73355,855.1
73356,880.5
73357,920.0
73358,876.3
73359,810.0
73360,738.5
73361,694.1
73362,651.4
73363,627.5
73364,625.1
73365,649.9
73366,654.7
73367,632.0
73368,614.5
73369,589.2
73370,502.7
73371,483.6
73372,479.9
73373,464.4
73374,457.8
73375,455.1
73376,451.3
73377,453.4
73378,446.0
73379,433.2
73380,423.3
73381,420.0
73382,417.2
73383,409.2
73384,400.5
73385,397.2
73386,394.8
73387,393.1
73388,389.3
73389,386.5
73390,385.3
73391,382.1
73392,381.2
73393,382.6
73394,383.0
73395,381.3
73396,382.2
73397,378.7
73398,376.3
73399,378.3
73400,376.3
73401,375.1
73402,376.3
73403,375.5
73404,377.7
73405,376.5
73406,375.7
73407,375.6
73408,374.1
73409,374.3
73410,376.0
73411,377.8
73412,381.3
73413,383.9
73414,382.4
73415,381.2
73416,378.7
73417,376.8
73418,376.6
73419,376.8
73420,376.7
73421,375.3
73422,378.0
73423,381.3
73424,383.0
73425,381.8
73426,386.9
73427,390.9
73428,396.6
73429,390.4
73430,380.2
73431,379.2
73432,378.3
73433,380.9
73434,380.7
73435,378.7
73436,381.0
73437,381.6
73438,384.4
73439,384.9
73440,387.4
73441,393.4
73442,397.3
73443,400.6
73444,403.5
73445,404.7
73446,404.9
73447,404.2
73448,404.2
73449,396.1
73450,405.4
73451,406.0
73452,410.4
73453,413.6
73454,408.2
73455,415.4
73456,423.2
73457,426.0
73458,424.5
73459,422.9
73460,418.1
73461,420.0
73462,419.9
73463,421.7
73464,419.7
73465,417.0
73466,416.6
73467,416.1
73468,412.8
73469,411.8
73470,412.6
73471,412.5
73472,409.1
73473,405.9
73474,404.3
73475,406.4
73476,405.2
73477,392.7
73478,395.9
73479,414.2
73480,440.0
73481,451.0
73482,459.8
73483,457.0
73484,462.5
73485,480.8
73486,652.7
73487,823.2
73488,979.3
73489,960.6
73490,927.4
73491,863.5
73492,827.1
73493,857.0
73494,920.7
73495,1165.5
73496,1236.1
73497,1564.8
73498,1814.8
73499,1742.7
73500,1953.6
73501,1955.0
73502,1934.1
73503,1902.1
73504,1874.4
73505,1863.1
73506,1996.4
73507,2028.9
73508,2003.1
73509,2122.0
73510,2155.4
73511,2045.2
73512,1996.6
73513,2108.2
73514,2223.8
73515,2088.8
73516,1919.9
73517,1903.5
73518,1989.5
73519,1980.5
73520,2040.0
73521,2237.8
73522,2249.4
73523,2181.8
73524,2346.2
73525,2336.9
73526,2270.4
73527,2267.8
73528,2223.7
73529,2162.3
73530,2043.9
73531,2103.5
73532,2057.4
73533,1876.1
73534,1798.6
73535,1945.0
73536,1959.8
73537,1957.4
73538,2041.8
73539,2171.2
73540,2194.8
73541,2238.2
73542,2294.9
73543,2253.1
73544,2186.7
73545,2256.6
73546,2429.0
73547,2497.4
73548,2556.4
73549,2678.5
73550,2809.7
73551,2675.0
73552,2545.9
73553,2421.5
73554,2419.5
73555,2558.4
73556,2600.3
73557,2570.7
73558,2540.9
73559,2545.8
73560,2779.6
73561,2968.9
73562,3131.9
73563,2929.8
73564,2604.3
73565,2414.3
73566,2337.2
73567,2334.5
73568,2353.5
73569,2309.1
73570,2288.6
73571,2569.0
73572,3281.6
73573,3427.3
73574,3505.5
73575,3447.7
73576,3416.5
73577,3440.2
73578,3438.1
73579,3440.9
73580,3449.8
73581,3423.9
73582,3356.8
73583,3391.0
73584,3433.5
73585,3462.3
73586,3514.8
73587,3529.5
73588,3476.5
73589,3499.0
73590,3537.5
73591,3505.8
73592,3480.4
73593,3502.1
73594,3601.4
73595,3633.5
73596,3649.8
73597,3646.5
73598,3662.2
73599,3679.2
73600,3641.1
73601,3650.0
73602,3680.1
73603,3714.3
73604,3718.8
73605,3724.0
73606,3717.6
73607,3725.4
73608,3729.9
73609,3719.8
73610,3713.1
73611,3716.0
73612,3754.8
73613,3767.1
73614,3777.2
73615,3745.5
73616,3705.5
73617,3725.6
73618,3732.5
73619,3737.3
73620,3724.7
73621,3723.3
73622,3714.2
73623,3706.5
73624,3714.9
73625,3723.9
73626,3729.6
73627,3715.4
73628,3718.3
73629,3716.9
73630,3751.2
73631,3776.3
73632,3753.5
73633,3762.1
73634,3748.9
73635,3778.0
73636,3809.8
73637,3804.9
73638,3809.5
73639,3821.1
73640,3824.5
73641,3841.1
73642,3834.4
73643,3830.1
73644,3840.3
73645,3829.3
73646,3826.1
73647,3855.5
73648,3865.3
73649,3871.9
73650,3870.3
73651,3870.1
73652,3837.9
73653,3805.3
73654,3762.9
73655,3724.1
73656,3727.6
73657,3755.4
73658,3782.4
73659,3888.3
73660,3898.6
73661,3929.1
73662,3939.8
73663,3922.2
73664,3917.1
73665,3905.9
73666,3880.7
73667,3833.9
73668,3784.1
73669,3899.7
73670,3973.5
73671,3971.5
73672,3945.5
73673,3933.2
73674,3950.0
73675,3899.8
73676,3968.8
73677,3986.9
73678,3976.4
73679,3974.6
73680,4004.5
73681,3999.4
73682,3995.0
73683,4003.4
73684,4029.1
73685,4035.6
73686,4027.2
73687,4036.7
73688,4032.0
73689,4035.3
73690,4073.1
73691,4082.0
73692,4081.4
73693,4081.6
73694,4064.5
73695,4076.0
73696,4091.4
73697,4073.4
73698,4043.4
73699,4024.7
73700,4036.8
73701,4037.9
73702,4035.4
73703,4028.7
73704,4036.8
73705,4052.9
73706,4041.1
73707,4021.5
73708,4035.6
73709,4042.4
73710,4079.2
73711,4063.2
73712,4070.1
73713,4076.2
73714,4083.8
73715,4077.5
73716,4110.8
73717,4099.9
73718,4092.0
73719,4097.8
73720,4093.7
73721,4090.1
73722,4118.0
73723,4115.3
73724,4111.0
73725,4116.5
73726,4090.6
73727,4091.6
73728,4116.4
73729,4124.4
73730,4128.1
73731,4119.0
73732,4118.8
73733,4107.2
73734,4107.1
73735,4111.9
73736,4114.4
73737,4111.6
73738,4106.0
73739,4117.2
73740,4125.4
73741,4129.4
73742,4138.7
73743,4136.2
73744,4141.4
73745,4146.0
73746,4142.7
73747,4154.7
73748,4186.5
73749,4158.5
73750,4145.8
73751,4155.4
73752,4154.5
73753,4146.4
73754,4131.6
73755,4128.9
73756,4127.4
73757,4133.6
73758,4129.5
73759,4135.6
73760,4162.4
73761,4133.5
73762,4119.7
73763,4112.3
73764,4114.2
73765,4118.8
73766,4122.3
73767,4130.3
73768,4126.4
73769,4110.1
73770,4068.9
73771,4060.5
73772,4050.9
73773,4073.5
73774,4103.0
73775,4120.6
73776,4128.0
73777,4076.8
73778,4102.0
73779,4127.0
73780,4136.9
73781,4128.7
73782,4092.0
73783,4077.3
73784,4107.3
73785,4120.7
73786,4129.8
73787,4126.8
73788,4129.6
73789,4130.6
73790,4123.7
73791,4102.1
73792,4110.1
73793,4103.2
73794,4101.5
73795,4099.1
73796,4092.7
73797,4081.3
73798,4069.5
73799,4051.8
73800,4046.3
73801,4034.0
73802,4032.6
73803,4055.1
73804,4050.5
73805,4032.7
73806,4041.2
73807,4037.3
73808,4027.4
73809,4014.0
73810,3998.8
73811,4014.9
73812,3996.8
73813,3995.3
73814,4025.8
73815,4008.9
73816,3979.2
73817,3991.4
73818,3989.2
73819,4001.3
73820,4006.5
73821,3992.9
73822,3989.3
73823,3981.8
73824,3958.4
73825,3977.7
73826,3991.7
73827,3983.2
73828,3975.8
73829,3977.6
73830,3973.2
73831,3961.8
73832,3958.8
73833,3959.0
73834,3944.4
73835,3941.5
73836,3940.0
73837,3934.3
73838,3928.8
73839,3896.4
73840,3881.9
73841,3925.9
73842,3923.7
73843,3955.2
73844,3955.7
73845,3968.9
73846,3967.5
73847,3955.1
73848,3943.0
73849,3926.6
73850,3912.5
73851,3915.1
73852,3944.6
73853,3966.3
73854,3943.9
73855,3959.4
73856,3968.8
73857,3959.3
73858,3890.3
73859,3895.9
73860,3909.2
73861,3816.0
73862,3860.7
73863,3916.9
73864,3920.9
73865,3910.0
73866,3914.9
73867,3921.5
73868,3921.6
73869,3925.0
73870,3942.9
73871,3969.7
73872,3976.5
73873,3946.0
73874,3921.7
73875,3950.6
73876,3953.2
73877,3932.9
73878,3934.4
73879,3960.4
73880,3967.3
73881,3977.5
73882,3972.5
73883,3953.3
73884,3951.8
73885,3993.7
73886,4006.0
73887,4009.3
73888,4011.4
73889,4010.5
73890,4008.4
73891,3999.4
73892,3984.4
73893,3973.1
73894,3968.0
73895,3967.5
73896,3963.2
73897,3964.9
73898,3962.8
73899,3952.6
73900,3953.6
73901,3965.0
73902,3965.6
73903,3964.9
73904,3950.4
73905,3924.9
73906,3938.2
73907,3950.2
73908,3951.5
73909,3964.1
73910,3965.4
73911,3952.2
73912,3935.5
73913,3920.5
73914,3915.8
73915,3917.5
73916,3873.5
73917,3891.2
73918,3928.7
73919,3923.9
73920,3890.7
73921,3877.9
73922,3911.9
73923,3926.8
73924,3934.5
73925,3895.9
73926,3893.8
73927,3903.7
73928,3896.4
73929,3841.6
73930,3873.0
73931,3885.0
73932,3852.8
73933,3845.5
73934,3870.7
73935,3884.9
73936,3885.7
73937,3899.5
73938,3885.2
73939,3858.3
73940,3808.4
73941,3744.3
73942,3704.6
73943,3687.3
73944,3686.6
73945,3675.4
73946,3764.1
73947,3763.7
73948,3757.9
73949,3744.0
73950,3725.5
73951,3690.5
73952,3682.8
73953,3668.6
73954,3693.8
73955,3695.9
73956,3679.1
73957,3658.3
73958,3643.8
73959,3602.2
73960,3594.8
73961,3597.0
73962,3594.9
73963,3616.6
73964,3601.5
73965,3604.9
73966,3622.0
73967,3678.1
73968,3750.2
73969,3751.7
73970,3743.7
73971,3724.6
73972,3689.3
73973,3756.0
73974,3755.7
73975,3802.6
73976,3793.9
73977,3760.4
73978,3661.3
73979,3672.6
73980,3668.3
73981,3607.8
73982,3585.5
73983,3662.3
73984,3631.6
73985,3610.0
73986,3546.2
73987,3383.9
73988,3257.9
73989,3278.4
73990,3240.6
73991,3230.2
73992,3117.3
73993,3121.2
73994,3175.8
73995,3197.4
73996,3163.6
73997,3178.0
73998,3291.2
73999,3246.0
74000,3193.6
74001,3196.9
74002,3174.5
74003,3023.6
74004,3030.1
74005,3093.7
74006,3083.3
74007,3168.2
74008,3318.8
74009,3376.5
74010,3418.1
74011,3288.8
74012,3251.6
74013,3281.5
74014,3283.2
74015,3264.6
74016,3309.6
74017,3240.0
74018,3194.0
74019,3165.5
74020,3102.5
74021,2926.7
74022,2934.9
74023,3110.2
74024,3227.4
74025,3070.5
74026,2938.9
74027,2978.7
74028,3183.2
74029,3250.2
74030,3263.2
74031,3255.8
74032,3251.1
74033,3256.9
74034,3242.1
74035,3259.9
74036,3200.9
74037,3163.3
74038,3196.9
74039,3216.9
74040,3212.8
74041,3172.4
74042,3141.9
74043,3160.6
74044,3207.9
74045,3075.0
74046,3092.6
74047,3134.8
74048,2999.2
74049,3000.9
74050,3023.5
74051,3032.0
74052,3087.6
74053,3016.6
74054,3022.4
74055,3041.7
74056,3077.5
74057,3158.7
74058,3134.1
74059,3120.0
74060,3121.7
74061,3110.7
74062,3108.4
74063,3093.9
74064,3096.7
74065,3103.5
74066,3099.9
74067,3086.1
74068,3083.4
74069,3120.0
74070,3104.1
74071,3084.6
74072,3089.2
74073,3126.9
74074,3138.8
74075,3150.8
74076,3137.7
74077,3131.4
74078,3124.1
74079,3126.1
74080,3105.5
74081,3084.7
74082,3069.8
74083,3056.6
