NETCARE2015/data/raw/Flight10/H2O_POLAR6_20150421_R1_NETCARE.ict
34, 1001
Bozem, Heiko; Hoor, Peter
Institute for Atmospheric Physics, Johannes Gutenberg University, Mainz, Germany
H2O mixing ratio from LI7200 CO2/H2O analyzer
NETCARE Polar 6 Campaign 2015
1, 1
2015, 04, 21, 2016, 01, 22
1
Time_UTC, seconds
1
1
-9999.9
H2O_ppmv, ppmv
0
19
PI_CONTACT_INFO: Address: Johann-Joachim-Becherweg 21, 55128 Mainz, email: bozemh@uni-mainz.de; hoor@uni-mainz.de
PLATFORM: Polar 6
LOCATION: GPS location and altitude available at 1 Hz resolution in separate file (See AIMMS files under Aircraft data and meteorology)
ASSOCIATED_DATA: N/A
INSTRUMENT_INFO: H2O measurements based on non-dispersive infrared absorption spectroscopy
DATA_INFO: Units are ppmv
UNCERTAINTY RELATIVE TO STANDARD: 18.5 ppmv or 2.5 %, whichever is greater, at 1 sigma confidence (before drift correction is applied)
ULOD_FLAG: -7777
ULOD_VALUE: N/A
LLOD_FLAG: -8888
LLOD_VALUE: N/A 
DM_CONTACT_INFO: N/A
PROJECT_INFO: NETCARE Polar 6 aircraft campaign in April 2015; Inuvik
STIPULATIONS_ON_USE: N/A
OTHER_COMMENTS: N/A
REVISION: R1
R0: Preliminary data, corrected for instrument drift
R1: Final data, corrected for instrument drift
Time_UTC,H2O_ppmv
[from data line 8588]
66664,1913.5
66665,1903.5
66666,1895.2
66667,1887.8
66668,1884.6
66669,1868.6
66670,1870.7
66671,1873.9
66672,1884.6
66673,1886.0
66674,1872.4
66675,1870.6
66676,1876.4
66677,1871.6
66678,1873.9
66679,1884.2
66680,1874.6
66681,1865.0
66682,1855.6
66683,1858.3
66684,1852.0
66685,1853.3
66686,1836.1
66687,1840.8
66688,1844.5
66689,1842.4
66690,1849.6
66691,1848.4
66692,1858.0
66693,1849.7
66694,1855.1
66695,1858.2
66696,1848.5
66697,1855.9
66698,1851.2
66699,1849.4
66700,1849.4
66701,1845.8
66702,1843.9
66703,1844.2
66704,1852.0
66705,1848.0
66706,1858.4
66707,1857.9
66708,1858.7
66709,1858.1
66710,1863.2
66711,1860.5
66712,1848.4
66713,1846.4
66714,1851.7
66715,1847.3
66716,1846.1
66717,1840.8
66718,1840.8
66719,1837.5
66720,1841.0
66721,1844.3
66722,1847.0
66723,1841.7
66724,1840.1
66725,1833.3
66726,1831.9
66727,1821.8
66728,1824.1
66729,1831.8
66730,1837.0
66731,1834.5
66732,1833.4
66733,1831.3
66734,1833.0
66735,1829.1
66736,1824.7
66737,1823.2
66738,1818.0
66739,1814.0
66740,1803.7
66741,1793.7
66742,1788.1
66743,1779.2
66744,1798.2
66745,1809.1
66746,1809.2
66747,1816.3
66748,1810.2
66749,1753.2
66750,1781.3
66751,1789.7
66752,1705.7
66753,1657.6
66754,1654.1
66755,1654.4
66756,1655.6
66757,1671.4
66758,1675.6
66759,1665.5
66760,1649.6
66761,1657.0
66762,1702.7
66763,1740.5
66764,1742.6
66765,1750.8
66766,1751.8
66767,1752.0
66768,1758.6
66769,1762.6
66770,1768.5
66771,1720.7
66772,1673.6
66773,1652.0
66774,1627.9
66775,1623.7
66776,1631.6
66777,1625.1
66778,1613.0
66779,1572.2
66780,1577.9
66781,1566.4
66782,1552.5
66783,1545.6
66784,1545.6
66785,1554.8
66786,1556.6
66787,1553.1
66788,1539.2
66789,1506.6
66790,1425.7
66791,1298.4
66792,1293.4
66793,1237.5
66794,1203.6
66795,1219.4
66796,1226.0
66797,1275.3
66798,1250.8
66799,1251.9
66800,1229.6
66801,1233.4
66802,1206.9
66803,1220.8
66804,1239.1
66805,1197.0
66806,1207.6
66807,1258.1
66808,1296.3
66809,1245.3
66810,1277.2
66811,1219.9
66812,1250.8
66813,1205.2
66814,1214.0
66815,1265.3
66816,1284.5
66817,1265.1
66818,1257.3
66819,1259.2
66820,1270.7
66821,1273.4
66822,1295.1
66823,1316.3
66824,1351.3
66825,1350.8
66826,1355.0
66827,1359.2
66828,1362.7
66829,1366.9
66830,1372.9
66831,1375.6
66832,1371.9
66833,1370.4
66834,1372.0
66835,1372.4
66836,1377.7
66837,1379.6
66838,1381.4
66839,1380.3
66840,1379.7
66841,1379.3
66842,1380.3
66843,1387.9
66844,1408.9
66845,1423.2
66846,1409.1
66847,1428.4
66848,1416.2
66849,1399.5
66850,1388.5
66851,1390.9
66852,1388.4
66853,1389.6
66854,1392.6
66855,1395.6
66856,1383.0
66857,1381.5
66858,1378.4
66859,1379.0
66860,1377.3
66861,1377.0
66862,1376.8
66863,1376.6
66864,1376.7
66865,1377.2
66866,1378.3
66867,1380.1
66868,1378.2
66869,1378.0
66870,1378.8
66871,1381.5
66872,1380.7
66873,1356.2
66874,1341.9
66875,1297.4
66876,1292.2
66877,1291.9
66878,1326.4
66879,1256.6
66880,1270.8
66881,1320.8
66882,1345.2
66883,1335.7
66884,1279.2
66885,1312.2
66886,1324.8
66887,1284.2
66888,1262.3
66889,1267.8
66890,1265.2
66891,1259.9
66892,1253.8
66893,1255.2
66894,1285.3
66895,1347.9
66896,1353.9
66897,1373.9
66898,1376.2
66899,1378.4
66900,1369.1
66901,1375.0
66902,1376.9
66903,1371.0
66904,1371.8
66905,1375.9
66906,1376.7
66907,1380.8
66908,1395.5
66909,1390.5
66910,1390.1
66911,1379.2
66912,1397.2
66913,1430.1
66914,1405.1
66915,1374.2
66916,1375.6
66917,1387.1
66918,1384.4
66919,1376.2
66920,1372.6
66921,1372.9
66922,1378.5
66923,1379.9
66924,1377.6
66925,1377.6
66926,1374.8
66927,1377.5
66928,1377.9
66929,1381.7
66930,1382.5
66931,1362.4
66932,1264.7
66933,1243.6
66934,1239.8
66935,1236.9
66936,1236.0
66937,1237.7
66938,1234.1
66939,1220.9
66940,1218.9
66941,1218.9
66942,1200.8
66943,1193.0
66944,1194.1
66945,1187.4
66946,1184.3
66947,1182.8
66948,1191.3
66949,1182.4
66950,1188.6
66951,1206.2
66952,1199.9
66953,1192.0
66954,1199.7
66955,1205.4
66956,1204.7
66957,1191.7
66958,1208.7
66959,1222.2
66960,1235.0
66961,1249.8
66962,1259.4
66963,1263.3
66964,1313.9
66965,1334.5
66966,1277.1
66967,1283.6
66968,1289.1
66969,1253.8
66970,1312.4
66971,1379.9
66972,1393.4
66973,1374.1
66974,1345.4
66975,1347.1
66976,1350.6
66977,1357.2
66978,1328.6
66979,1323.0
66980,1323.7
66981,1351.0
66982,1364.1
66983,1363.3
66984,1376.1
66985,1378.9
66986,1371.5
66987,1353.4
66988,1343.5
66989,1354.7
66990,1340.4
66991,1329.8
66992,1309.9
66993,1327.7
66994,1355.9
66995,1356.5
66996,1351.4
66997,1374.3
66998,1375.7
66999,1376.2
67000,1384.9
67001,1385.7
67002,1389.4
67003,1369.4
67004,1357.0
67005,1376.8
67006,1379.3
67007,1382.6
67008,1373.8
67009,1386.6
67010,1389.8
67011,1389.1
67012,1396.6
67013,1385.7
67014,1367.0
67015,1387.6
67016,1410.6
67017,1408.7
67018,1406.0
67019,1401.6
67020,1396.7
67021,1391.5
67022,1393.8
67023,1393.6
67024,1392.8
67025,1394.2
67026,1392.1
67027,1387.0
67028,1383.6
67029,1388.3
67030,-9999.9
67031,-9999.9
67032,1403.4
67033,1418.5
67034,1422.2
67035,1415.9
67036,1425.5
67037,1425.7
67038,1418.4
67039,1416.1
67040,1412.6
67041,1415.2
67042,1417.4
67043,1415.4
67044,1424.9
67045,1421.0
67046,1420.5
67047,1413.1
67048,1417.6
67049,1419.0
67050,1417.5
67051,1430.9
67052,1427.2
67053,1423.3
67054,1415.8
67055,1418.7
67056,1420.8
67057,1417.3
67058,1416.5
67059,1416.7
67060,1419.0
67061,1415.6
67062,1418.1
67063,1424.5
67064,1424.8
67065,1424.6
67066,1424.5
67067,1425.7
67068,1424.7
67069,1424.2
67070,1416.8
67071,1426.3
67072,1430.0
67073,1435.9
67074,1438.1
67075,1439.4
67076,1437.7
67077,1441.6
67078,1444.1
67079,1443.4
67080,1444.8
67081,1444.2
67082,1447.0
67083,1446.1
67084,1446.2
67085,1451.9
67086,1453.1
67087,1449.6
67088,1455.3
67089,1457.8
67090,1454.6
67091,1454.2
67092,1453.3
67093,1449.3
67094,1438.5
67095,1449.5
67096,1452.6
67097,1452.0
67098,1454.8
67099,1456.9
67100,1453.6
67101,1438.2
67102,1433.2
67103,1438.9
67104,1446.9
67105,1450.8
67106,1450.4
67107,1451.9
67108,1463.7
67109,1466.0
67110,1463.4
67111,1454.4
67112,1447.8
67113,1442.7
67114,1451.5
67115,1456.4
67116,1477.8
67117,1466.8
67118,1476.9
67119,1481.7
67120,1480.9
67121,1483.7
67122,1487.0
67123,1488.7
67124,1489.3
67125,1493.8
67126,1492.4
67127,1491.8
67128,1498.7
67129,1497.6
67130,1508.0
67131,1507.8
67132,1501.4
67133,1500.4
67134,1492.2
67135,1485.8
67136,1487.1
67137,1489.2
67138,1487.4
67139,1489.0
67140,1486.0
67141,1509.6
67142,1512.8
67143,1508.6
67144,1501.4
67145,1492.4
67146,1490.4
67147,1489.6
67148,1482.9
67149,1454.7
67150,1385.5
67151,1309.3
67152,1333.9
67153,1459.1
67154,1464.6
67155,1484.4
67156,1467.5
67157,1460.7
67158,1471.8
67159,1475.0
67160,1476.5
67161,1475.9
67162,1469.7
67163,1459.4
67164,1435.6
67165,1396.7
67166,1364.4
67167,1360.0
67168,1361.1
67169,1325.0
67170,1326.2
67171,1335.4
67172,1327.9
67173,1272.0
67174,1259.9
67175,1248.3
67176,1289.1
67177,1360.4
67178,1487.4
67179,1359.1
67180,1352.3
67181,1335.0
67182,1372.3
67183,1319.1
67184,1437.4
67185,1458.1
67186,1429.5
67187,1291.4
67188,1264.8
67189,1222.5
67190,1200.3
67191,1250.8
67192,1237.5
67193,1232.9
67194,1239.2
67195,1246.0
67196,1244.4
67197,1218.6
67198,1228.5
67199,1233.2
67200,1242.8
67201,1257.9
67202,1277.0
67203,1257.1
67204,1214.9
67205,1242.3
67206,1195.2
67207,1228.4
67208,1230.6
67209,1239.0
67210,1241.6
67211,1246.3
67212,1248.2
67213,1252.4
67214,1255.2
67215,1202.4
67216,1185.7
67217,1209.3
67218,1221.4
67219,1211.5
67220,1235.9
67221,1220.8
67222,1230.4
67223,1228.7
67224,1217.1
67225,1204.5
67226,1206.1
67227,-9999.9
67228,-9999.9
67229,-9999.9
67230,-9999.9
67231,1233.5
67232,1237.6
67233,1229.3
67234,1227.6
67235,1223.1
67236,1219.0
67237,1210.0
67238,1215.3
67239,1235.5
67240,1272.9
67241,1285.3
67242,1274.1
67243,1252.7
67244,1201.5
67245,1199.7
67246,1162.9
67247,1180.6
67248,1199.0
67249,1191.7
67250,1179.3
67251,1171.9
67252,1203.9
67253,1176.2
67254,1157.9
67255,1155.4
67256,1164.7
67257,1178.1
67258,1173.5
67259,1137.8
67260,1128.0
67261,1139.1
67262,1129.3
67263,1119.4
67264,1131.5
67265,1120.1
67266,1135.1
67267,1151.1
67268,1174.1
67269,1257.4
67270,1231.6
67271,1265.0
67272,1312.0
67273,1360.5
67274,1361.5
67275,1355.1
67276,1394.6
67277,1352.2
67278,1311.9
67279,1327.6
67280,1327.5
67281,1333.8
67282,1342.7
67283,1331.3
67284,1365.2
67285,1395.7
67286,1431.4
67287,1498.9
67288,1521.3
67289,1532.6
67290,1530.9
67291,1521.5
67292,1520.7
67293,1493.0
67294,1493.4
67295,1493.3
67296,1411.0
67297,1342.8
67298,1357.6
67299,1370.1
67300,1369.7
67301,1568.1
67302,1623.3
67303,1599.7
67304,1623.1
67305,1627.8
67306,1628.5
67307,1634.8
67308,1638.2
67309,1638.2
67310,1638.2
67311,1634.6
67312,1629.3
67313,1624.6
67314,1607.5
67315,1591.7
67316,1564.6
67317,1536.4
67318,1546.0
67319,1530.3
67320,1509.3
67321,1560.6
67322,1574.6
67323,1571.8
67324,1570.8
67325,1569.4
67326,1568.6
67327,1569.3
67328,1567.9
67329,1567.8
67330,1568.0
67331,1568.9
67332,1571.6
67333,1574.5
67334,1573.0
67335,1570.5
67336,1569.3
67337,1568.5
67338,1570.1
67339,1570.4
67340,1567.8
67341,1581.1
67342,1598.8
67343,1646.8
67344,1683.6
67345,1739.5
67346,1754.6
67347,1743.8
67348,1767.8
67349,1832.3
67350,1774.6
67351,1710.5
67352,1664.8
67353,1697.4
67354,1745.7
67355,1785.1
67356,1811.8
67357,1828.2
67358,1808.3
67359,1813.7
67360,1854.9
67361,1880.3
67362,1900.9
67363,1915.4
67364,1933.8
67365,1947.3
67366,1954.5
67367,1902.5
67368,1899.8
67369,1890.9
67370,1862.7
67371,1904.3
67372,1974.6
67373,2017.7
67374,2038.7
67375,2053.0
67376,2015.1
67377,1972.9
67378,1973.7
67379,1999.3
67380,2033.7
67381,2046.2
67382,1997.2
67383,1920.7
67384,1900.3
67385,1902.7
67386,1897.1
67387,1895.8
67388,1891.8
67389,1890.2
67390,1873.3
67391,1865.0
67392,1850.8
67393,1850.1
67394,1844.2
67395,1822.6
67396,1659.1
67397,1469.7
67398,1435.9
67399,1425.9
67400,1421.6
67401,1415.8
67402,1341.3
67403,1285.4
67404,1279.3
67405,1267.8
67406,1273.4
67407,1263.4
67408,1271.7
67409,1287.1
67410,1297.7
67411,1285.9
67412,1276.7
67413,1278.3
67414,1269.0
67415,1255.2
67416,1244.1
67417,1256.6
67418,1240.5
67419,1235.9
67420,1229.3
67421,1228.4
67422,1219.4
67423,1204.1
67424,1219.6
67425,1224.3
67426,1224.1
67427,1243.3
67428,1249.7
67429,1246.8
67430,1255.3
67431,1234.8
67432,1202.6
67433,1208.7
67434,1183.5
67435,1170.7
67436,1169.1
67437,1169.2
67438,1158.4
67439,1152.6
67440,1150.9
67441,1150.6
67442,1130.9
67443,1129.1
67444,1122.8
67445,1098.5
67446,1099.7
67447,1111.8
67448,1112.0
67449,1107.2
67450,1108.6
67451,1103.5
67452,1096.9
67453,1099.8
67454,1105.2
67455,1105.6
67456,1101.6
67457,1102.0
67458,1104.3
67459,1108.5
67460,1113.1
67461,1113.7
67462,1120.6
67463,1126.9
67464,1125.6
67465,1128.3
67466,1136.3
67467,1140.1
67468,1137.2
67469,1147.4
67470,1138.3
67471,1135.4
67472,1121.6
67473,1109.1
67474,1072.4
67475,1029.3
67476,1024.1
67477,1006.2
67478,996.0
67479,999.4
67480,990.8
67481,989.3
67482,985.9
67483,980.8
67484,985.6
67485,997.6
67486,1010.6
67487,1020.7
67488,1039.0
67489,1334.6
67490,1588.4
67491,1610.9
67492,1622.2
67493,1624.9
67494,1621.5
67495,1616.9
67496,1612.8
67497,1608.7
67498,1604.7
67499,1589.7
67500,1569.5
67501,1561.9
67502,1558.3
67503,1542.0
67504,1569.7
67505,1575.7
67506,1581.0
67507,1578.6
67508,1613.3
67509,1608.4
67510,1588.8
67511,1585.2
67512,1585.6
67513,1581.6
67514,1615.3
67515,1611.3
67516,1609.3
67517,1594.0
67518,1575.0
67519,1555.9
67520,1581.9
67521,1590.4
67522,1605.7
67523,1609.4
67524,1637.7
67525,1749.1
67526,1799.1
67527,1755.4
67528,1655.0
67529,1619.5
67530,1596.4
67531,1541.6
67532,1377.4
67533,1348.0
67534,1352.8
67535,1334.9
67536,1330.8
67537,1395.2
67538,1613.2
67539,1665.9
67540,1668.4
67541,1788.0
67542,2049.5
67543,2209.4
67544,2260.6
67545,2334.5
67546,2436.6
67547,2568.8
67548,2691.8
67549,2841.5
67550,2935.9
67551,2932.9
67552,2949.0
67553,2951.5
67554,2976.4
67555,2975.5
67556,2964.0
67557,2960.3
67558,2942.0
67559,2924.2
67560,2902.6
67561,2852.4
67562,2885.2
67563,2880.7
67564,2862.3
67565,2856.2
67566,2860.5
67567,2880.3
67568,2875.3
67569,2854.2
67570,2862.5
67571,2852.2
67572,2866.4
67573,2770.9
67574,2832.0
67575,2864.6
67576,2955.3
67577,2991.7
67578,3032.6
67579,2984.9
67580,2970.8
67581,2967.6
67582,3026.9
67583,2938.1
67584,2936.9
67585,2956.4
67586,2960.9
67587,2946.7
67588,2972.8
67589,2973.1
67590,2974.8
67591,2993.4
67592,3000.5
67593,3021.9
67594,3001.0
67595,2984.5
67596,2974.0
67597,2881.0
67598,2910.0
67599,2919.8
67600,2925.0
67601,2917.1
67602,2982.2
67603,3071.3
67604,3080.3
67605,3092.6
67606,3130.0
67607,3161.4
67608,3122.5
67609,3037.6
67610,3048.0
67611,2888.6
67612,2776.3
67613,2769.4
67614,2756.1
67615,2738.5
67616,2760.9
67617,2768.4
67618,2779.4
67619,2789.7
67620,2787.5
67621,2717.6
67622,2712.2
67623,2761.1
67624,2805.7
67625,2833.0
67626,2798.2
67627,2787.1
67628,2757.5
67629,2675.3
67630,2581.0
67631,2583.2
67632,2592.8
67633,2628.0
67634,2689.0
67635,2738.0
67636,2755.1
67637,2741.0
67638,2791.3
67639,2825.9
67640,2793.7
67641,2810.7
67642,2721.4
67643,2683.7
67644,2720.1
67645,2762.7
67646,2753.9
67647,2737.0
67648,2783.7
67649,2778.2
67650,2837.1
67651,2848.3
67652,2816.5
67653,2842.3
67654,2836.4
67655,2814.5
67656,2794.6
67657,2795.7
67658,2788.7
67659,2771.0
67660,2739.5
67661,2588.0
67662,2530.6
67663,2470.5
67664,2428.6
67665,2402.3
67666,2403.3
67667,2416.5
67668,2407.5
67669,2440.7
67670,2442.4
67671,2423.5
67672,2392.5
67673,2420.3
67674,2457.7
67675,2502.2
67676,2519.6
67677,2527.9
67678,2545.4
67679,2563.8
67680,2610.6
67681,2638.7
67682,2617.4
67683,2542.8
67684,2509.4
67685,2514.7
67686,2478.9
67687,2486.7
67688,2499.8
67689,2292.6
67690,2199.8
67691,2174.6
67692,2173.9
67693,2178.5
67694,2174.8
67695,2170.7
67696,2181.9
67697,2182.3
67698,2176.8
67699,2169.4
67700,2167.2
67701,2163.1
67702,2159.0
67703,2148.1
67704,2147.6
67705,2146.3
67706,2153.0
67707,2146.3
67708,2140.0
67709,2114.2
67710,2140.4
67711,2143.0
67712,2135.7
67713,2089.4
67714,2062.3
67715,2047.1
67716,2030.1
67717,2020.4
67718,2015.3
67719,2014.4
67720,2013.3
67721,2012.7
67722,2019.8
67723,2025.8
67724,2018.9
67725,2029.7
67726,2061.2
67727,2097.8
67728,2092.1
67729,2076.9
67730,2045.5
67731,1985.5
67732,1977.9
67733,1971.5
67734,1971.5
67735,1974.1
67736,1971.4
67737,1975.2
67738,1976.1
67739,1976.5
67740,1972.4
67741,1971.3
67742,1972.9
67743,1975.4
67744,1977.7
67745,1975.3
67746,1970.3
67747,1966.5
67748,1962.9
67749,1955.1
67750,1950.1
67751,1947.4
67752,1953.5
67753,1955.4
67754,1948.8
67755,1943.7
67756,1945.7
67757,1951.6
67758,1953.2
67759,1957.5
67760,1961.5
67761,1978.4
67762,1993.1
67763,2019.5
67764,2048.0
67765,2082.0
67766,2130.9
67767,2139.8
67768,2148.4
67769,2220.0
67770,2245.6
67771,2264.0
67772,2288.0
67773,2312.6
67774,2338.4
67775,2406.5
67776,2488.1
67777,2532.1
67778,2576.9
67779,2623.7
67780,2661.4
67781,2669.0
67782,2677.0
67783,2665.1
67784,2632.9
67785,2641.1
67786,2644.8
67787,2647.2
67788,2645.5
67789,2655.2
67790,2667.3
67791,2719.1
67792,2817.4
67793,2930.6
67794,2924.2
67795,2935.5
67796,2974.2
67797,3116.2
67798,3051.5
67799,3102.3
67800,3046.7
67801,3088.0
67802,3164.3
67803,3174.9
67804,3176.1
67805,3180.4
67806,3178.3
67807,3179.8
67808,3183.6
67809,3162.7
67810,3140.7
67811,3131.8
67812,3127.5
67813,3130.8
67814,3108.9
67815,3129.4
67816,3114.6
67817,3094.7
67818,3094.8
67819,3102.2
67820,3090.5
67821,3099.0
67822,3080.7
67823,3075.6
67824,3065.1
67825,3048.7
67826,3052.5
67827,3040.3
67828,3035.6
67829,3089.2
67830,3225.1
67831,3447.3
67832,3553.4
67833,3575.1
67834,3584.7
67835,3632.1
67836,3621.6
67837,3660.0
67838,3687.8
67839,3692.9
67840,3701.7
67841,3713.9
67842,3703.4
67843,3690.6
67844,3683.9
67845,3693.8
67846,3684.7
67847,3674.5
67848,3677.7
67849,3681.4
67850,3684.4
67851,3681.1
67852,3670.1
67853,3665.6
67854,3660.9
67855,3645.0
67856,3642.1
67857,3631.3
67858,3644.0
67859,3654.4
67860,3636.4
67861,3629.7
67862,3650.4
67863,3639.3
67864,3527.2
67865,3502.9
67866,3462.8
67867,3382.2
67868,3267.1
67869,3288.3
67870,3325.8
67871,3434.8
67872,3257.8
67873,3109.3
67874,3075.6
67875,3112.6
67876,3224.2
67877,3443.6
67878,3542.9
67879,3484.1
67880,3469.6
67881,3473.3
67882,3537.3
67883,3588.8
67884,3647.0
67885,3697.8
67886,3684.4
67887,3666.1
67888,3648.4
67889,3705.9
67890,3742.4
67891,3777.6
67892,3768.6
67893,3775.1
