data/raw/Flight1/AIMMS_POLAR6_20150405_R1_NETCARE.ict
57, 1001
Aliabadi, Amir A.
University of Guelph
AIMMS20 - 1 Hz data from the processed output file 04050943.txt
Polar 6 NETCARE
1, 1
2015, 04, 05, 2015, 06, 25
1
TimeWave, seconds
24
1, 1, 1, 1, 1, 1, 1, 1, 1, 1, 1, 1, 1, 1, 1, 1, 1, 1, 1, 1, 1, 1, 1, 1
-9999, -9999, -9999, -9999, -9999, -9999, -9999, -9999, -9999, -9999, -9999, -9999, -9999, -9999, -9999, -9999, -9999, -9999, -9999, -9999, -9999, -9999, -9999, -9999
Time_Hr, hr UTC
Temp, deg C
RH, 0-1
BP, pa
WSN, m/s
WSE, m/s
Lat, deg
Lon, deg
Alt, m
SProbN, m/s
SProbE, m/s
SProbD, m/s
Roll, deg
Pitch, deg
Heading, deg
TAS, m/s
WSD, m/s
SideslipAngle, deg
AOA, deg
SideslipDiff, none
SysStatFlag, none
WS, m/s
WSW, m/s
WD, deg
1
Values for certain parameters near the beginning and end of the data block may be 0 as the instrument may not have been recording during these start and end timestamps
18
PI_CONTACT_INFO: Address: University of Guelph; aliabadi@uoguelph.ca
PLATFORM: Polar 6 - sampling around the aircraft
LOCATION: Location data varies as seen in this file
ASSOCIATED_DATA: 04050943.r??
INSTRUMENT_INFO: AIMMS20, Avantech, www.aventech.com
DATA_INFO: none
UNCERTAINTY: Contact manufacturer, Aventech
ULOD_FLAG: -7777
ULOD_VALUE: N/A
LLOD_FLAG: -8888
LLOD_VALUE: N/A
DM_CONTACT_INFO: Amir A. Aliabadi; University of Guelph; aliabadi@uoguelph.ca
PROJECT_INFO: Polar 6 NETCARE Spring 2015 campaign
STIPULATIONS_ON_USE: N/A
OTHER_COMMENTS: N/A
REVISION: R1
R1: corrected for start/stop times
TimeWave,Time_Hr,Temp,RH,BP,WSN,WSE,Lat,Lon,Alt,SProbN,SProbE,SProbD,Roll,Pitch,Heading,TAS,WSD,SideslipAngle,AOA,SideslipDiff,SysStatFlag,WS,WSW,WD
[from data line 4876]
39880,11.077898,-6.9400001,0.68970001,87798,18.690001,-7.1500001,77.956543,11.05305,1128.5,70.370003,32.73,2.5699999,1.16,1.0599999,38.310001,65.300003,1.55,-0.61000001,1.3364201,-0.40852001,0.49535999,20.010963,-1.55,159.06528
39881,11.078176,-6.9099998,0.69080001,87817,18.57,-7.4000001,77.957161,11.05445,1126,70.300003,32.509998,2.6500001,0.66000003,0.92000002,38.240002,65.339996,1.36,-0.56999999,1.33211,-0.40792,0.49778,19.99012,-1.36,158.2731
39882,11.078453,-6.8699999,0.68949997,87867,18.68,-7.3699999,77.957787,11.05584,1123,70.25,32.279999,2.8299999,0.34999999,0.77999997,38.41,65.050003,1.51,-0.83999997,1.33663,-0.44446999,0.49584001,20.081318,-1.51,158.4688
39883,11.078731,-6.8499999,0.68669999,87901,18.49,-7.5300002,77.95842,11.05723,1120,70.230003,32.080002,2.96,0.23999999,0.66000003,38.43,65.199997,1.39,-0.99000001,1.32812,-0.47971001,0.50119001,19.964493,-1.39,157.84152
39884,11.079008,-6.8200002,0.68650001,87911,18.18,-7.9200001,77.959053,11.0586,1117.5,70.230003,31.9,3.02,0.34,0.50999999,38.259998,65.57,1.24,-0.81999999,1.32497,-0.45829001,0.50252998,19.83025,-1.24,156.45996
39885,11.079287,-6.7800002,0.6778,87951,18.299999,-7.6199999,77.959679,11.05997,1114.5,70.25,31.719999,3.22,0.47,0.23,38.189999,65.199997,1.3200001,-1.04,1.33437,-0.47874999,0.49776,19.823076,-1.3200001,157.39348
39886,11.079564,-6.7399998,0.67559999,88010,18.33,-7.6700001,77.960312,11.06133,1111,70.239998,31.6,3.4300001,0.69,0.029999999,38.27,65.129997,1.33,-1.14,1.33365,-0.49531001,0.49851,19.870022,-1.33,157.29362
39887,11.079842,-6.73,0.67330003,87972,17.629999,-8.3299999,77.960938,11.06269,1107.5,70.199997,31.530001,3.6700001,0.97000003,-0.30000001,38.220001,66,0.91000003,-1.02,1.32367,-0.49028999,0.50383002,19.498865,-0.91000003,154.70973
39888,11.080119,-6.6599998,0.67309999,88050,17.969999,-7.7800002,77.961571,11.06404,1104,70.169998,31.5,4.0100002,1.27,-0.61000001,38.169998,65.400002,1.13,-1.17,1.33331,-0.50031,0.49880001,19.581861,-1.13,156.5901
39889,11.080397,-6.6100001,0.6724,88129,18.32,-7.5599999,77.962189,11.0654,1099.5,70.110001,31.52,4.27,1.53,-0.82999998,38.169998,64.940002,1.21,-1.09,1.33481,-0.48541,0.49766001,19.818577,-1.21,157.57584
39890,11.080675,-6.5799999,0.66750002,88162,18.120001,-7.6399999,77.962822,11.06675,1095.5,70.07,31.620001,4.4200001,1.77,-1.08,38.279999,65.18,1,-1.14,1.3324,-0.49739,0.49923,19.664791,-1,157.13808
39891,11.080953,-6.5300002,0.6649,88236,18.299999,-7.3600001,77.963448,11.06811,1091.5,70.019997,31.790001,4.4899998,2.1400001,-1.17,38.41,64.970001,0.94999999,-1.21,1.32936,-0.51287001,0.50121999,19.724592,-0.94999999,158.09071
39892,11.08123,-6.4899998,0.66390002,88285,18.27,-7.4299998,77.964081,11.06948,1086.5,69.949997,31.99,4.4099998,2.23,-1.13,38.369999,65.099998,0.82999998,-0.94999999,1.3236099,-0.48073,0.50367999,19.723028,-0.82999998,157.86952
39893,11.081508,-6.4400001,0.66360003,88321,18.200001,-7.27,77.964699,11.07086,1082.5,69.900002,32.16,4.2800002,2.2,-1.01,38.41,65.089996,0.80000001,-1,1.32401,-0.48661,0.50357997,19.598289,-0.80000001,158.22574
39894,11.081785,-6.4000001,0.66339999,88393,18.360001,-7.2199998,77.965332,11.07225,1078.5,69.839996,32.32,4.0599999,2.26,-0.81999999,38.560001,64.949997,0.68000001,-0.94999999,1.3156,-0.49153,0.50828999,19.728609,-0.68000001,158.53296
39895,11.082064,-6.4000001,0.66259998,88387,17.84,-7.9400001,77.96595,11.07364,1074.5,69.739998,32.5,3.76,2.3299999,-0.73000002,38.849998,65.870003,0.22,-0.83999997,1.3026,-0.49243,0.51552999,19.52714,-0.22,156.00772
39896,11.082341,-6.3499999,0.66159999,88463,18.200001,-7.29,77.966583,11.07504,1070.5,69.629997,32.650002,3.53,2.1199999,-0.75,38.93,65.190002,0.23,-1.01,1.31804,-0.49755001,0.50705999,19.605717,-0.23,158.17146
39897,11.082619,-6.3000002,0.66189998,88511,18.530001,-6.8800001,77.967201,11.07644,1067.5,69.540001,32.759998,3.47,1.8200001,-0.75,38.860001,64.68,0.44999999,-0.94999999,1.33383,-0.46601,0.49779001,19.766014,-0.44999999,159.63055
39898,11.082896,-6.29,0.65850002,88544,18.309999,-6.9899998,77.967819,11.07785,1064,69.5,32.779999,3.3900001,1.6,-0.67000002,38.799999,64.889999,0.36000001,-0.89999998,1.32547,-0.46988001,0.50246,19.598883,-0.36000001,159.10521
39899,11.083174,-6.2399998,0.65509999,88590,18.440001,-7.02,77.968437,11.07926,1060.5,69.470001,32.810001,3.1600001,1.66,-0.64999998,38.98,64.760002,0.17,-0.95999998,1.32534,-0.47885999,0.50269997,19.731043,-0.17,159.15846
39900,11.083452,-6.21,0.65350002,88636,18.59,-6.8600001,77.96907,11.08067,1057.5,69.400002,32.889999,3.1300001,1.8200001,-0.69,39.259998,64.540001,0.31,-1.16,1.34079,-0.48855999,0.49450001,19.81534,-0.31,159.74515
39901,11.08373,-6.1900001,0.65609998,88634,18.450001,-7.1500001,77.969681,11.08209,1054.5,69.309998,32.990002,3.1900001,1.97,-0.73000002,39.349998,64.849998,-0.050000001,-1,1.3169399,-0.49675,0.50765002,19.786991,0.050000001,158.81697
39902,11.084007,-6.1700001,0.65560001,88690,18.42,-7.1700001,77.970306,11.08351,1051.5,69.220001,33.099998,3.1600001,2.1199999,-0.80000001,39.459999,64.860001,-0.090000004,-0.98000002,1.32057,-0.48982999,0.50553,19.766266,0.090000004,158.73149
39903,11.084285,-6.1199999,0.65789998,88784,19.059999,-6.3200002,77.970932,11.08494,1048.5,69.120003,33.25,3.0999999,2.25,-0.83999997,39.639999,63.84,0,-1.24,1.33051,-0.51564997,0.50067002,20.080488,0,161.65527
39904,11.084562,-6.1300001,0.65869999,88759,18.620001,-7.0900002,77.97155,11.08637,1045.5,69.029999,33.41,3.03,2.23,-0.88,39.799999,64.739998,-0.34999999,-0.93000001,1.32002,-0.48223001,0.50568998,19.92417,0.34999999,159.1545
39905,11.08484,-6.1100001,0.65939999,88815,18.75,-6.8600001,77.97216,11.08781,1042.5,68.940002,33.560001,3.0699999,2.2,-0.94,39.880001,64.519997,-0.22,-0.95999998,1.32706,-0.47591999,0.50169998,19.965523,0.22,159.90411
39906,11.085118,-6.0900002,0.65850002,88874,18.92,-6.8400002,77.972778,11.08926,1039.5,68.870003,33.700001,3.0799999,2.1400001,-0.94,40.009998,64.389999,-0.31,-0.87,1.32257,-0.46967,0.50405002,20.11845,0.31,160.12395
39907,11.085396,-6.0999999,0.6584,88870,18.709999,-7.3600001,77.973396,11.09071,1036,68.839996,33.82,3.0699999,2.1099999,-0.95999998,40.279999,64.900002,-0.5,-0.80000001,1.31419,-0.46972999,0.50871003,20.105562,0.5,158.52669
39908,11.085673,-6.1300001,0.65429997,88926,18.959999,-7.21,77.974007,11.09216,1033,68.769997,33.959999,3.1300001,2.1199999,-0.94,40.709999,64.639999,-0.23999999,-1.0700001,1.32265,-0.49950999,0.50458002,20.284616,0.23999999,159.17947
39909,11.085951,-6.1500001,0.65439999,88965,19.07,-7.3099999,77.974632,11.09363,1030,68.660004,34.119999,3.1500001,2.26,-0.88999999,41.029999,64.669998,-0.13,-1.0599999,1.3225,-0.49959999,0.50466001,20.42305,0.13,159.02695
39910,11.086228,-6.1500001,0.65270001,89018,19.23,-7.02,77.975243,11.0951,1027,68.529999,34.299999,3.1500001,2.3599999,-0.76999998,41.110001,64.419998,0,-1.05,1.32252,-0.49700001,0.50459999,20.471279,0,159.94516
39911,11.086507,-6.1700001,0.65249997,89005,18.709999,-7.6100001,77.975853,11.09658,1024,68.43,34.439999,3.0599999,2.2,-0.64999998,41.07,65.199997,-0.28999999,-0.75999999,1.3110501,-0.46805999,0.51043999,20.19842,0.28999999,157.86673
39912,11.086784,-6.1500001,0.65009999,89081,19.35,-7.5900002,77.976471,11.09806,1021,68.400002,34.439999,2.95,1.3,-0.47999999,41.139999,64.610001,-0.090000004,-0.5,1.32014,-0.41466999,0.50462002,20.785347,0.090000004,158.5825
39913,11.087062,-6.1799998,0.64770001,89109,19.51,-7.9499998,77.977081,11.09954,1018,68.470001,34.299999,2.71,0.63999999,-0.25999999,41.52,64.610001,-0.17,-0.69999999,1.31129,-0.45789,0.51016003,21.067572,0.17,157.82993
39914,11.087339,-6.1999998,0.64490002,89130,19.43,-8.0900002,77.977692,11.10101,1016,68.449997,34.189999,2.3199999,0.62,0.059999999,42.110001,64.699997,-0.16,-1.3099999,1.30653,-0.56033999,0.51463002,21.046925,0.16,157.39479
39915,11.087617,-6.23,0.64109999,89168,19.32,-8.5,77.978302,11.10248,1013.5,68.339996,34.09,2.03,0.89999998,0.23999999,42.279999,64.980003,-0.2,-1.27,1.3098201,-0.54948997,0.51261002,21.107164,0.2,156.25249
39916,11.087895,-6.2600002,0.63749999,89176,19.440001,-8.5799999,77.97892,11.10394,1012,68.220001,33.990002,1.97,1.01,0.22,42.119999,64.82,-0.13,-0.97000003,1.32268,-0.48512,0.50427997,21.249235,0.13,156.18535
39917,11.088173,-6.2800002,0.6336,89229,19.379999,-8.5100002,77.97953,11.1054,1010,68.150002,33.82,2.1199999,0.85000002,-0.01,41.950001,64.639999,-0.1,-0.95999998,1.33587,-0.46331999,0.49662,21.166117,0.1,156.29312
39918,11.08845,-6.3800001,0.62879997,89202,18.51,-8.6599998,77.980141,11.10686,1007.5,68.07,33.700001,2.26,0.94999999,-0.11,42.139999,65.190002,-0.1,-1.58,1.32964,-0.57029003,0.50251001,20.435648,0.1,154.92722
39919,11.088728,-6.54,0.62300003,89230,18.4,-8.8599997,77.980743,11.10831,1005,67.919998,33.700001,2.1900001,1.33,-0.039999999,42.290001,65.360001,-0.28,-1.5599999,1.31599,-0.58732998,0.51019001,20.422037,0.28,154.28818
39920,11.089005,-6.6300001,0.61769998,89271,18.700001,-8.8500004,77.981354,11.10976,1003,67.779999,33.700001,1.98,1.34,0.01,42.029999,65.099998,-0.63,-1.05,1.3116699,-0.51252002,0.51085001,20.688463,0.63,154.67358
39921,11.089284,-6.71,0.61199999,89331,18.6,-8.7200003,77.981956,11.1112,1001,67.720001,33.57,2.01,1,-0.18000001,41.84,64.830002,-0.34999999,-1.08,1.33594,-0.48275,0.49699,20.542601,0.34999999,154.882
39922,11.089561,-6.8899999,0.6067,89309,18.110001,-8.9200001,77.982567,11.11265,999,67.589996,33.549999,2.0899999,1.28,-0.28999999,42.139999,65.209999,-0.36000001,-1.46,1.3345,-0.54434001,0.49924999,20.187584,0.36000001,153.77765
39923,11.089839,-7.04,0.6024,89354,18.07,-8.8699999,77.98317,11.11409,997,67.440002,33.57,2.1500001,1.5,-0.31,41.990002,65.190002,-0.23999999,-1.26,1.3417701,-0.50217998,0.49430999,20.129625,0.23999999,153.85501
39924,11.090117,-7.1999998,0.59960002,89340,17.360001,-9.4799995,77.983772,11.11554,995,67.330002,33.529999,1.99,1.3200001,-0.23999999,41.810001,65.980003,-0.61000001,-1.04,1.3262399,-0.49072999,0.50243998,19.779787,0.61000001,151.3618
39925,11.090394,-7.3400002,0.5966,89365,17.32,-9.8999996,77.984383,11.11698,993,67.230003,33.470001,1.73,1.25,-0.12,41.900002,66.139999,-0.52999997,-0.87,1.3379101,-0.44749999,0.49518999,19.949747,0.52999997,150.248
39926,11.090672,-7.4899998,0.5927,89389,17.129999,-9.4200001,77.984978,11.11842,991.5,67.089996,33.41,1.58,1.4299999,0.039999999,42.16,65.790001,-0.38,-1.52,1.34068,-0.54437,0.49599001,19.549252,0.38,151.19305
39927,11.09095,-7.7600002,0.59420002,89307,15.53,-10.11,77.985573,11.11986,990,66.739998,33.509998,1.5,2.24,0.14,42.23,67.360001,-0.56,-1.73,1.32836,-0.59578001,0.50388002,18.530867,0.56,146.93594
39928,11.091228,-7.9200001,0.59289998,89383,15.9,-9.6400003,77.986183,11.1213,988.5,66.400002,33.580002,1.41,2.25,0.38999999,41.639999,66.589996,-0.30000001,-1,1.3401901,-0.46467,0.49428999,18.594074,0.30000001,148.77202
39929,11.091505,-7.9899998,0.59219998,89429,15.94,-9.5200005,77.986771,11.12275,987.5,66.150002,33.5,1.24,1.9299999,0.61000001,41.419998,66.110001,-0.20999999,-0.75999999,1.34183,-0.42411,0.49259999,18.566475,0.20999999,149.15268
39930,11.091783,-8.0799999,0.59320003,89457,15.9,-9.3800001,77.987358,11.12419,986,65.889999,33.389999,1.13,1.78,0.80000001,41.77,65.739998,-0.13,-1.16,1.33543,-0.49533999,0.49755001,18.460617,0.13,149.46207
39931,11.09206,-8.1899996,0.59500003,89438,15.32,-9.5799999,77.987953,11.12563,985,65.540001,33.360001,0.93000001,1.98,0.95999998,42.150002,66.040001,-0.18000001,-1.54,1.33005,-0.56401002,0.50212002,18.068724,0.18000001,147.98117
39932,11.092339,-8.2799997,0.59789997,89452,15.24,-9.3100004,77.988533,11.12706,984,65.120003,33.369999,0.82999998,2.26,0.97000003,41.959999,65.730003,-0.14,-1.33,1.33843,-0.51863003,0.49649999,17.858715,0.14,148.57956
39933,11.092616,-8.3699999,0.60259998,89461,15.1,-9.2799997,77.989113,11.1285,983.5,64.739998,33.310001,0.95999998,2.26,0.97000003,41.639999,65.470001,-0.23,-0.93000001,1.3330801,-0.46327001,0.49814999,17.723667,0.23,148.42639
39934,11.092894,-8.4399996,0.6049,89484,14.8,-9.2700005,77.989693,11.12993,982.5,64.389999,33.130001,1.08,1.88,0.93000001,41.689999,65.18,-0.029999999,-1.1,1.33991,-0.47951001,0.49476999,17.463474,0.029999999,147.93896
39935,11.093171,-8.4899998,0.60650003,89504,15.02,-9.5699997,77.990257,11.13136,981,64.019997,33,1.46,2.05,0.74000001,42.110001,64.830002,0.25999999,-1.0700001,1.33672,-0.48047999,0.49652001,17.809696,-0.25999999,147.49673
39936,11.093449,-8.5500002,0.61019999,89525,14.75,-9.8299999,77.990837,11.13278,980,63.610001,32.970001,1.75,2.3299999,0.66000003,42.52,64.949997,0.050000001,-1.22,1.3164099,-0.53318,0.50867999,17.725445,-0.050000001,146.31889
39937,11.093727,-8.5699997,0.61150002,89558,15.07,-9.4099998,77.991409,11.1342,978,63.220001,32.970001,1.92,2.5799999,0.58999997,42.560001,64.18,0.2,-1.1,1.30747,-0.52704,0.51344001,17.766626,-0.2,148.01854
39938,11.094005,-8.6000004,0.61510003,89580,14.82,-9.6999998,77.991966,11.13562,976,62.860001,32.990002,2.0899999,2.75,0.54000002,42.540001,64.260002,0.039999999,-0.81,1.3017,-0.48943999,0.51598001,17.71221,-0.039999999,146.79442
39939,11.094282,-8.6000004,0.6153,89654,15.22,-9.5299997,77.992531,11.13704,974,62.560001,32.970001,2.25,2.27,0.41999999,42.919998,63.549999,0.14,-0.92000002,1.30981,-0.49467999,0.51155001,17.95743,-0.14,147.94727
39940,11.09456,-8.6199999,0.61610001,89669,15.17,-9.8000002,77.993088,11.13846,971.5,62.259998,32.959999,2.5,2.1700001,0.27000001,43.330002,63.59,0.25,-1,1.30746,-0.51182997,0.51315999,18.060146,-0.25,147.13705
39941,11.094837,-8.6300001,0.62,89684,15,-9.6599998,77.993652,11.13988,969,62,32.970001,2.6300001,1.99,0.16,43.470001,63.470001,0.23,-1.1799999,1.30511,-0.54304999,0.51504999,17.841402,-0.23,147.21846
39942,11.095115,-8.6499996,0.62290001,89719,15.14,-9.9499998,77.994202,11.1413,966,61.779999,32.970001,2.6500001,2.0699999,0.14,43.709999,63.380001,0.19,-1,1.29707,-0.52648002,0.51915997,18.116901,-0.19,146.6871
39943,11.095393,-8.6899996,0.6261,89737,14.82,-10.3,77.994751,11.14272,964,61.509998,33.029999,2.5799999,2.3900001,0.19,43.880001,63.740002,0.02,-0.91000003,1.2899899,-0.52210999,0.52302003,18.047781,-0.02,145.20044
39944,11.095671,-8.6700001,0.62779999,89814,15.08,-9.6999998,77.9953,11.14414,962,61.27,33.09,2.5599999,2.45,0.17,43.860001,62.990002,0.17,-0.94,1.30466,-0.50647002,0.51460999,17.930321,-0.17,147.24942
39945,11.095948,-8.6899996,0.63020003,89834,15.14,-9.8500004,77.99585,11.14557,959.5,61.049999,33.150002,2.6300001,2.3099999,0.22,43.869999,62.950001,0.14,-0.63999999,1.29825,-0.46735001,0.51762003,18.062174,-0.14,146.95219
39946,11.096226,-8.6800003,0.63050002,89870,15.02,-9.5500002,77.996399,11.147,957,60.880001,33.130001,2.6400001,1.9400001,0.27000001,43.75,62.709999,0.18000001,-0.72000003,1.29109,-0.49145001,0.52196997,17.798958,-0.18000001,147.55103
39947,11.096503,-8.6999998,0.63340002,89873,14.45,-9.7799997,77.996941,11.14843,954.5,60.73,33.09,2.6500001,1.67,0.28999999,43.779999,63.119999,0.029999999,-0.89999998,1.28119,-0.53235,0.52809,17.448521,-0.029999999,145.90921
39948,11.096782,-8.71,0.63669997,89906,14.19,-9.7299995,77.99749,11.14985,951.5,60.560001,33.049999,2.71,1.64,0.33000001,43.810001,63.130001,0.31999999,-1.05,1.29282,-0.54056001,0.52175999,17.205492,-0.31999999,145.5618
39949,11.097059,-8.7200003,0.64340001,89973,14.39,-9.1700001,77.998032,11.15128,949,60.41,33.02,2.72,1.6,0.37,43.709999,62.490002,0.47,-1.13,1.2968301,-0.54697001,0.51966,17.06344,-0.47,147.49275
39950,11.097337,-8.7299995,0.64969999,90033,14.72,-9.2399998,77.998573,11.1527,946.5,60.290001,32.959999,2.5699999,1.55,0.37,43.669998,62.150002,0.22,-0.81,1.29287,-0.50155997,0.52109998,17.379759,-0.22,147.8828
39951,11.097614,-8.7700005,0.64789999,90011,13.87,-9.54,77.9991,11.15412,944,60.139999,32.900002,2.5699999,1.59,0.28,43.880001,62.75,0.31,-1.29,1.29884,-0.56919003,0.51901001,16.834146,-0.31,145.4792
