data/raw/Flight1/AIMMS_POLAR6_20150405_R1_NETCARE.ict
57, 1001
Aliabadi, Amir A.
University of Guelph
AIMMS20 - 1 Hz data from the processed output file 04050943.txt
Polar 6 NETCARE
1, 1
2015, 04, 05, 2015, 06, 25
1
TimeWave, seconds
24
1, 1, 1, 1, 1, 1, 1, 1, 1, 1, 1, 1, 1, 1, 1, 1, 1, 1, 1, 1, 1, 1, 1, 1
-9999, -9999, -9999, -9999, -9999, -9999, -9999, -9999, -9999, -9999, -9999, -9999, -9999, -9999, -9999, -9999, -9999, -9999, -9999, -9999, -9999, -9999, -9999, -9999
Time_Hr, hr UTC
Temp, deg C
RH, 0-1
BP, pa
WSN, m/s
WSE, m/s
Lat, deg
Lon, deg
Alt, m
SProbN, m/s
SProbE, m/s
SProbD, m/s
Roll, deg
Pitch, deg
Heading, deg
TAS, m/s
WSD, m/s
SideslipAngle, deg
AOA, deg
SideslipDiff, none
SysStatFlag, none
WS, m/s
WSW, m/s
WD, deg
1
Values for certain parameters near the beginning and end of the data block may be 0 as the instrument may not have been recording during these start and end timestamps
18
PI_CONTACT_INFO: Address: University of Guelph; aliabadi@uoguelph.ca
PLATFORM: Polar 6 - sampling around the aircraft
LOCATION: Location data varies as seen in this file
ASSOCIATED_DATA: 04050943.r??
INSTRUMENT_INFO: AIMMS20, Avantech, www.aventech.com
DATA_INFO: none
UNCERTAINTY: Contact manufacturer, Aventech
ULOD_FLAG: -7777
ULOD_VALUE: N/A
LLOD_FLAG: -8888
LLOD_VALUE: N/A
DM_CONTACT_INFO: Amir A. Aliabadi; University of Guelph; aliabadi@uoguelph.ca
PROJECT_INFO: Polar 6 NETCARE Spring 2015 campaign
STIPULATIONS_ON_USE: N/A
OTHER_COMMENTS: N/A
REVISION: R1
R1: corrected for start/stop times
TimeWave,Time_Hr,Temp,RH,BP,WSN,WSE,Lat,Lon,Alt,SProbN,SProbE,SProbD,Roll,Pitch,Heading,TAS,WSD,SideslipAngle,AOA,SideslipDiff,SysStatFlag,WS,WSW,WD
[from data line 12380]
47384,13.162251,-4.6399999,0.55970001,94996,8.3699999,-4.2600002,78.858467,10.88354,519,-46.27,21.219999,0.38,-3.02,2.5999999,155.27,60.279999,0.62,-0.40000001,1.2944601,-0.43575001,0.51944,9.3917255,-0.62,153.0257
47385,13.162529,-4.6799998,0.5625,94971,8.2600002,-4.2800002,78.858063,10.88451,519,-46.720001,21.290001,0.94999999,-2.8199999,2.0899999,155.27,60.630001,0.5,-0.33000001,1.28557,-0.43731001,0.52455002,9.3030109,-0.5,152.60863
47386,13.162807,-4.6900001,0.56599998,95018,7.75,-3.79,78.857628,10.88547,518,-47.23,21.389999,1.1900001,-2.53,2.03,155.31,60.459999,0.66000003,-0.02,1.28748,-0.3867,0.52319998,8.6270857,-0.66000003,153.93988
47387,13.163084,-4.75,0.57090002,94906,9.2600002,-4.3600001,78.857208,10.88644,517,-47.75,21.49,1,-2.45,2.23,155.60001,62.540001,-0.15000001,-0.13,1.23414,-0.48054999,0.55447,10.235097,0.15000001,154.78696
47388,13.163362,-4.7199998,0.57160002,95042,7.46,-4.0599999,78.856773,10.88742,516,-48.299999,21.459999,0.75999999,-2.0899999,2.29,155.94,61.279999,0.63999999,-0.62,1.3022,-0.45934999,0.51529002,8.4932442,-0.63999999,151.44337
47389,13.163639,-4.7399998,0.57539999,95015,7.8899999,-3.77,78.856339,10.88839,515,-48.82,21.42,0.63,-2.3099999,2.26,156.13,62.029999,0.41,-0.18000001,1.30001,-0.39322001,0.51595998,8.7444267,-0.41,154.4606
47390,13.163918,-4.7399998,0.57870001,95017,7.1500001,-3.7,78.855904,10.88936,515,-49.330002,21.440001,0.69999999,-2.8299999,2.0999999,156.32001,61.779999,0.61000001,-0.41999999,1.32566,-0.39455,0.50127,8.050621,-0.61000001,152.63922
47391,13.164195,-4.79,0.58350003,94941,8.4700003,-3.8900001,78.855453,10.89033,514,-49.810001,21.52,0.56999999,-2.8699999,2.01,156.53999,63.560001,-0.050000001,-0.23,1.29085,-0.41402999,0.52135998,9.320569,0.050000001,155.3322
47392,13.164473,-4.79,0.58670002,95013,7.1300001,-3.96,78.855003,10.8913,513,-50.290001,21.59,0.74000001,-2.95,1.79,156.72,62.830002,0.68000001,-0.80000001,1.34443,-0.42631999,0.49121001,8.1558876,-0.68000001,150.95222
47393,13.16475,-4.8200002,0.59079999,94973,7.5300002,-3.8399999,78.854553,10.89228,513,-50.700001,21.690001,0.61000001,-3.24,2.1300001,156.75,63.57,0.54000002,-0.55000001,1.31855,-0.42464,0.50563002,8.4526033,-0.54000002,152.98022
47394,13.165028,-4.8200002,0.5941,94977,7.5999999,-4.0599999,78.854088,10.89327,512.5,-51,21.74,-0.01,-3.46,2.48,156.7,64.07,0.17,-0.60000002,1.3140399,-0.43939,0.50836003,8.6164722,-0.17,151.8884
47395,13.165306,-4.8200002,0.59710002,94946,7.4000001,-3.8,78.85363,10.89426,512.5,-51.07,21.889999,-0.19,-4.0100002,2.45,156.50999,63.849998,0.19,-0.38,1.32566,-0.38736001,0.50119001,8.3186541,-0.19,152.81889
47396,13.165584,-4.8600001,0.59979999,94939,7.7600002,-3.98,78.853172,10.89525,512.5,-51.080002,22.09,-0.1,-4.3800001,2.3299999,156.67,64.309998,0.56999999,-0.69999999,1.34785,-0.40630001,0.48896,8.7211237,-0.56999999,152.84732
47397,13.165861,-4.8499999,0.60250002,94952,7.3899999,-3.8900001,78.852707,10.89626,513,-51.16,22.190001,-0.01,-3.95,2.1500001,156.81,64.110001,0.25,-0.94999999,1.3388799,-0.45783001,0.49485999,8.3512993,-0.25,152.23827
47398,13.166139,-4.8800001,0.60650003,94934,7.9200001,-4.0599999,78.852249,10.89726,513,-51.23,22.219999,0.15000001,-3.6300001,1.91,156.53999,64.790001,0.41999999,-0.60000002,1.35523,-0.38011,0.48442,8.8999996,-0.41999999,152.85913
47399,13.166416,-4.8800001,0.60729998,94906,8.0600004,-4,78.851791,10.89827,512.5,-51.25,22.290001,0.31999999,-3.74,1.78,156.14,64.919998,0.18000001,-0.18000001,1.3375,-0.33961001,0.49404001,8.9979782,-0.18000001,153.6058
47400,13.166695,-4.8800001,0.60960001,94953,7.4899998,-4.1599998,78.851334,10.89929,512.5,-51.18,22.48,0.19,-4.1700001,1.96,156.03999,64.419998,0.25,-0.60000002,1.3395801,-0.40149,0.49349001,8.5677128,-0.25,150.95189
47401,13.166972,-4.8600001,0.61199999,94936,7.5100002,-4.1399999,78.850868,10.90031,512.5,-51.139999,22.57,0,-3.6600001,2.0899999,156.07001,64.449997,0.15000001,-0.68000001,1.32871,-0.43031999,0.5,8.5755291,-0.15000001,151.13359
47402,13.16725,-4.8600001,0.61440003,94972,7.0799999,-3.95,78.85041,10.90134,513,-51.110001,22.610001,-0.20999999,-3.1600001,2.1500001,155.84,64.010002,0.20999999,-0.46000001,1.34091,-0.37882999,0.49243999,8.107336,-0.20999999,150.84244
47403,13.167527,-4.8899999,0.61739999,94947,7.6399999,-4.0799999,78.849953,10.90236,513,-51.07,22.610001,-0.16,-3.1099999,2.1600001,155.73,64.470001,0.16,-0.28,1.3415101,-0.35003999,0.49180999,8.6611776,-0.16,151.89638
47404,13.167805,-4.9000001,0.62080002,94944,7.3400002,-3.96,78.849487,10.90339,513,-51.009998,22.66,-0.14,-3.0899999,2.1700001,155.77,64.139999,0.079999998,-0.40000001,1.33328,-0.37937,0.49676999,8.3400965,-0.079999998,151.65271
47405,13.168083,-4.9000001,0.62540001,94967,7.3899999,-3.8299999,78.849037,10.90442,513.5,-50.950001,22.700001,-0.41,-3.0999999,2.26,155.91,64.059998,-0.17,-0.47,1.3255399,-0.40256,0.50142002,8.3235207,0.17,152.60374
47406,13.168361,-4.9200001,0.62459999,94931,7.46,-4.27,78.848579,10.90545,514,-50.939999,22.620001,-0.49000001,-2.6800001,2.1800001,156.03999,64.300003,0.039999999,-0.83999997,1.35112,-0.42284,0.48745999,8.5956097,-0.039999999,150.21378
47407,13.168638,-4.9299998,0.62580001,94893,7.6999998,-4.4899998,78.848122,10.90648,514.5,-50.93,22.540001,-0.33000001,-2.8099999,2.1900001,155.87,64.580002,-0.23,-0.73000002,1.32485,-0.44345,0.50234997,8.9134779,0.23,149.75282
47408,13.168916,-4.9099998,0.6275,94960,7.0300002,-4.3099999,78.847656,10.9075,515,-50.889999,22.530001,-0.47999999,-3.01,2.3399999,155.67999,63.849998,-0.12,-0.63999999,1.33452,-0.41626999,0.49654001,8.2460299,0.12,148.48808
47409,13.169193,-4.9200001,0.62959999,94948,7.1500001,-3.6300001,78.847214,10.90852,515.5,-50.830002,22.58,-0.61000001,-2.52,2.3399999,155.7,63.610001,-0.37,-0.13,1.3123,-0.36796999,0.50874001,8.0186911,0.37,153.08345
47410,13.169471,-4.9299998,0.63090003,94936,7.0700002,-4.04,78.846748,10.90955,516,-50.849998,22.459999,-0.73000002,-2.1600001,2.21,156.03999,63.66,-0.54000002,-0.69999999,1.33216,-0.42921999,0.49805999,8.1428804,0.54000002,150.25513
47411,13.169749,-4.9299998,0.63569999,94854,7.4099998,-4.1900001,78.846291,10.91056,517,-50.950001,22.27,-0.33000001,-1.84,1.9299999,155.98,64.139999,-0.61000001,-0.44,1.31481,-0.41233,0.50761998,8.5125904,0.61000001,150.51392
47412,13.170027,-4.9499998,0.63499999,94984,6.6399999,-3.6500001,78.845833,10.91157,517,-51.029999,22.18,-0.18000001,-1.83,1.8099999,155.74001,63.189999,-0.11,0.07,1.35112,-0.28022,0.48594001,7.5770774,0.11,151.20245
47413,13.170304,-4.9699998,0.63700002,94925,6.7800002,-4.1799998,78.845383,10.91258,517.5,-51.080002,22.209999,-0.33000001,-2.3900001,1.89,156.17,63.470001,-0.50999999,-0.77999997,1.31841,-0.46057999,0.50621003,7.9649734,0.50999999,148.34537
47414,13.170582,-4.9699998,0.63950002,94912,6.9400001,-4.4299998,78.84491,10.91359,518,-51.220001,21.99,-0.46000001,-1.8,1.92,156.56,63.900002,-0.51999998,-1.05,1.3299299,-0.48642999,0.50032997,8.2333775,0.51999998,147.44875
47415,13.170859,-4.9400001,0.63819999,95018,5.4899998,-4.0599999,78.844452,10.91458,518.5,-51.34,21.75,-0.34999999,-1.5599999,1.97,156.39,62.470001,0.07,-0.87,1.36484,-0.40808001,0.47968999,6.8281546,-0.07,143.5161
47416,13.171138,-4.98,0.6415,94861,6.9699998,-4.8000002,78.843987,10.91556,518.5,-51.41,21.610001,-0.46000001,-1.59,2.0899999,156.21001,64.07,-0.37,-0.60000002,1.32857,-0.41852999,0.49991,8.4629135,0.37,145.44615
47417,13.171415,-4.9899998,0.64209998,94919,6.77,-4.5500002,78.843529,10.91654,519.5,-51.48,21.459999,-0.72000003,-1.6799999,2.1500001,156.27,63.779999,-0.63,-0.38999999,1.32391,-0.39205,0.50222999,8.1569233,0.63,146.09563
47418,13.171693,-4.9899998,0.64310002,94928,6.6199999,-4.2600002,78.843063,10.91751,520,-51.529999,21.34,-0.55000001,-2.1500001,2.0699999,156.49001,63.490002,-0.090000004,-0.31,1.3604701,-0.32721999,0.48078001,7.8722296,0.090000004,147.23854
47419,13.17197,-4.9899998,0.64289999,94878,6.4000001,-4.3899999,78.842598,10.91848,520.5,-51.560001,21.27,-0.36000001,-2.1800001,2.0799999,156.86,63.310001,0.01,-0.81,1.3453701,-0.42634001,0.49068999,7.7609344,-0.01,145.55231
47420,13.172248,-4.9899998,0.6498,94899,6.96,-4.27,78.84214,10.91944,521,-51.619999,21.129999,-0.47,-2.03,2.03,157.11,63.84,-0.27000001,-0.62,1.3434,-0.39927,0.49132001,8.1654453,0.27000001,148.47064
47421,13.172526,-5,0.65549999,94870,6.8299999,-4.5100002,78.841667,10.9204,521,-51.689999,21.01,-0.17,-2.3199999,1.97,157.10001,63.860001,-0.02,-0.73000002,1.34708,-0.41178,0.48947999,8.1846809,0.02,146.56233
47422,13.172804,-5.0300002,0.65670002,94865,6.9899998,-5.02,78.841209,10.92135,521,-51.73,20.93,-0.1,-2.6800001,1.92,156.81,64.269997,-0.23999999,-0.75,1.3409899,-0.42363,0.49305999,8.6058407,0.23999999,144.31528
47423,13.173081,-5.0500002,0.65429997,94864,7.4499998,-4.8200002,78.840736,10.9223,522,-51.68,21.07,-0.17,-3.5,1.78,156.27,64.620003,-0.02,-0.01,1.36016,-0.28011,0.48067001,8.8732691,0.02,147.09795
47424,13.173359,-5.0599999,0.65509999,94844,7.4000001,-4.98,78.840279,10.92327,522,-51.669998,21.49,-0.36000001,-4.54,1.84,156.08,64.720001,-0.23,-0.36000001,1.35733,-0.33851999,0.48269001,8.9196634,0.23,146.06052
47425,13.173636,-5.0700002,0.65060002,94809,7.8299999,-5.1300001,78.839813,10.92425,522.5,-51.709999,21.91,-0.79000002,-4.5300002,2.24,156.07001,65.43,-0.19,-0.63,1.35147,-0.38986,0.48668,9.3608656,0.19,146.7683
47426,13.173914,-5.0100002,0.6473,94800,7.0100002,-5.29,78.839348,10.92526,523.5,-51.849998,22.299999,-1.02,-4.3800001,2.4300001,155.67,65.110001,-0.090000004,-0.91000003,1.35955,-0.42221999,0.48286,8.7820387,0.090000004,142.96048
47427,13.174192,-5,0.65130001,94840,6.4099998,-5.0700002,78.838882,10.92628,524.5,-51.970001,22.780001,-1.3200001,-4.3499999,2.3299999,155.07001,64.790001,-0.33000001,-0.68000001,1.37466,-0.36506999,0.47343001,8.172698,0.33000001,141.6577
47428,13.17447,-5.0799999,0.65109998,94671,8.6099997,-5.8299999,78.838417,10.92733,526.5,-52.110001,23.23,-1.27,-3.9400001,1.55,154.82001,67.330002,-1.02,-0.47999999,1.3757,-0.33188999,0.47226,10.398125,1.02,145.89729
47429,13.174747,-5.0300002,0.64529997,94613,8.4099998,-5.73,78.837952,10.92839,527,-52.419998,23.559999,-0.40000001,-3.3099999,0.95999998,154.8,67.529999,-0.58999997,-0.56999999,1.38949,-0.32646,0.46454,10.176493,0.58999997,145.73215
47430,13.175025,-4.98,0.64429998,94606,8.3699999,-5.8000002,78.837471,10.92947,527.5,-52.77,23.84,-0.23,-2.71,0.94,154.53,68.010002,-0.68000001,-0.44999999,1.3777699,-0.32462001,0.47099,10.183167,0.68000001,145.27994
47431,13.175303,-4.8899999,0.64050001,94622,7.6500001,-5.9899998,78.836998,10.93057,528,-53.139999,24.059999,-0.25999999,-2.1800001,1.09,154.13,67.879997,-0.5,-0.47999999,1.37585,-0.33103001,0.47216001,9.7160997,0.5,141.93883
47432,13.175581,-4.8200002,0.63840002,94596,7.9699998,-6.1100001,78.836517,10.93167,528,-53.450001,24.299999,-0.2,-2.3199999,1.04,153.75,68.580002,-0.33000001,-0.14,1.39062,-0.25694001,0.46294001,10.04256,0.33000001,142.52533
47433,13.175858,-4.79,0.6358,94591,8.0600004,-6.1100001,78.836037,10.93278,528,-53.720001,24.620001,-0.25999999,-2.55,1.14,153.64,69,-0.37,-0.14,1.38396,-0.26569,0.46682999,10.114134,0.37,142.83553
47434,13.176136,-4.77,0.63419998,94566,8.1700001,-6.1100001,78.835564,10.93391,529,-53.970001,24.93,-0.52999997,-2.6800001,1.28,153.67999,69.440002,-0.47999999,-0.28,1.38088,-0.29333001,0.46882999,10.20201,0.47999999,143.20872
47435,13.176414,-4.7600002,0.63190001,94544,8.1400003,-6.0100002,78.835068,10.93505,529.5,-54.189999,25.23,-0.76999998,-2.9300001,1.29,153.71001,69.730003,-0.43000001,-0.38999999,1.40215,-0.27873999,0.45669001,10.118286,0.43000001,143.56047
47436,13.176691,-4.7600002,0.62940001,94452,8.75,-6.1599998,78.834579,10.93621,530,-54.41,25.5,-0.79000002,-2.8299999,1.26,153.71001,70.660004,-0.70999998,-0.40000001,1.3927,-0.29429999,0.46219999,10.700846,0.70999998,144.85446
47437,13.17697,-4.7399998,0.62720001,94466,8.3599997,-6.25,78.834099,10.93738,531,-54.630001,25.719999,-0.79000002,-2.6199999,1.3200001,153.55,70.68,-0.40000001,-0.50999999,1.39959,-0.30236,0.45853999,10.438012,0.40000001,143.21793
47438,13.177247,-4.73,0.62470001,94435,8.4899998,-6.3800001,78.833603,10.93856,532,-54.830002,25.92,-0.75999999,-2.5899999,1.3099999,153.25,71.120003,-0.44,-0.31999999,1.40161,-0.26967999,0.45684999,10.620005,0.44,143.07616
47439,13.177525,-4.7199998,0.62290001,94397,8.8100004,-6.29,78.833107,10.93975,533,-54.959999,26.219999,-0.98000002,-2.8399999,1.3200001,153.10001,71.580002,-0.77999997,-0.16,1.39255,-0.25742,0.46184,10.824981,0.77999997,144.47462
47440,13.177802,-4.7199998,0.62099999,94376,8.9300003,-6.3499999,78.832611,10.94095,534,-55.110001,26.48,-0.95999998,-2.8800001,1.13,153.13,71.940002,-0.51999998,-0.31,1.40999,-0.2554,0.45195001,10.957527,0.51999998,144.58389
47441,13.17808,-4.6999998,0.61799997,94342,8.4899998,-6.4000001,78.832123,10.94216,535,-55.310001,26.690001,-0.76999998,-2.5799999,0.99000001,153.03999,71.910004,-0.57999998,-0.5,1.41391,-0.27923,0.45026001,10.632031,0.57999998,142.98999
47442,13.178358,-4.6799998,0.61619997,94331,8.7399998,-6.2199998,78.831619,10.94339,536,-55.5,26.950001,-0.73000002,-2.6400001,0.92000002,152.81,72.330002,-0.67000002,-0.17,1.4081399,-0.23573001,0.45274001,10.727348,0.67000002,144.56166
47443,13.178636,-4.6799998,0.61379999,94269,9.1700001,-6.1700001,78.831123,10.94462,536,-55.66,27.26,-0.75,-2.55,0.81999999,152.8,72.910004,-0.85000002,-0.12,1.40438,-0.23436999,0.45488,11.052502,0.85000002,146.06551
47444,13.178913,-4.6500001,0.611,94304,8.6400003,-6.1900001,78.83062,10.94587,537,-55.849998,27.5,-0.66000003,-2.54,0.81999999,152.92,72.730003,-0.61000001,-0.52999997,1.41642,-0.28132999,0.44896999,10.628532,0.61000001,144.38086
47445,13.179191,-4.6500001,0.60879999,94248,8.8299999,-6.3099999,78.830116,10.94713,538,-56.040001,27.709999,-0.68000001,-2.52,0.86000001,152.98,73.260002,-0.47999999,-0.68000001,1.4220001,-0.29583001,0.44643,10.85288,0.47999999,144.45004
47446,13.179468,-4.6399999,0.6067,94254,8.9300003,-6.1199999,78.82962,10.9484,539,-56.240002,27.860001,-0.77999997,-2.3599999,0.93000001,152.89,73.550003,-0.69999999,-0.46000001,1.4157701,-0.27131,0.44907999,10.825863,0.69999999,145.57597
47447,13.179746,-4.6100001,0.60360003,94302,8.2600002,-5.9099998,78.829109,10.94968,540,-56.400002,28.07,-1.0700001,-2.51,0.94999999,152.67999,73.089996,-0.63999999,-0.44,1.43098,-0.24512,0.44029999,10.15656,0.63999999,144.41641
47448,13.180024,-4.6199999,0.60219997,94184,8.7299995,-6.2800002,78.828598,10.95097,541,-56.529999,28.309999,-1,-2.8599999,0.94,152.55,73.879997,-0.38999999,-0.5,1.4344,-0.24985,0.43864,10.754129,0.38999999,144.27032
47449,13.180302,-4.6500001,0.60049999,94201,8.5799999,-6.0900002,78.828087,10.95227,542,-56.610001,28.59,-1.0599999,-3.04,1.05,152.48,73.839996,-0.75999999,-0.52999997,1.41311,-0.28551999,0.45084,10.521621,0.75999999,144.63324
47450,13.180579,-4.6900001,0.59890002,94162,9.0600004,-6.25,78.827591,10.95358,543,-56.709999,28.809999,-1.28,-2.8199999,1.11,152.44,74.559998,-0.49000001,-0.52999997,1.4347,-0.25402999,0.43860999,11.006639,0.49000001,145.40033
47451,13.180857,-4.7199998,0.59719998,94077,9.29,-6.5599999,78.82708,10.9549,544,-56.779999,28.950001,-1.21,-2.53,1.36,152.24001,75.059998,-0.58999997,-0.52999997,1.40878,-0.29245001,0.45333001,11.372673,0.58999997,144.77272
47452,13.181134,-4.6700001,0.59530002,94078,8.9899998,-6.8699999,78.826569,10.95622,546,-56.849998,29.049999,-1.71,-2.6800001,1.55,151.87,75.110001,-0.69999999,-0.51999998,1.4170001,-0.27853999,0.44859001,11.31446,0.69999999,142.61357
47453,13.181413,-4.6700001,0.59329998,94087,8.9200001,-7.0500002,78.826057,10.95755,548,-56.82,29.200001,-1.86,-2.71,1.6799999,151.39999,75.150002,-0.47999999,-0.30000001,1.42725,-0.22916999,0.44194001,11.369648,0.47999999,141.6786
47454,13.18169,-4.6399999,0.59189999,93987,9.1599998,-7.7199998,78.825546,10.95889,549.5,-56.810001,29.34,-1.76,-2.6300001,1.42,151.11,75.699997,-0.50999999,-0.46000001,1.4396501,-0.23659,0.43553001,11.979315,0.50999999,139.87599
