data/raw/Flight1/AIMMS_POLAR6_20150405_R1_NETCARE.ict
57, 1001
Aliabadi, Amir A.
University of Guelph
AIMMS20 - 1 Hz data from the processed output file 04050943.txt
Polar 6 NETCARE
1, 1
2015, 04, 05, 2015, 06, 25
1
TimeWave, seconds
24
1, 1, 1, 1, 1, 1, 1, 1, 1, 1, 1, 1, 1, 1, 1, 1, 1, 1, 1, 1, 1, 1, 1, 1
-9999, -9999, -9999, -9999, -9999, -9999, -9999, -9999, -9999, -9999, -9999, -9999, -9999, -9999, -9999, -9999, -9999, -9999, -9999, -9999, -9999, -9999, -9999, -9999
Time_Hr, hr UTC
Temp, deg C
RH, 0-1
BP, pa
WSN, m/s
WSE, m/s
Lat, deg
Lon, deg
Alt, m
SProbN, m/s
SProbE, m/s
SProbD, m/s
Roll, deg
Pitch, deg
Heading, deg
TAS, m/s
WSD, m/s
SideslipAngle, deg
AOA, deg
SideslipDiff, none
SysStatFlag, none
WS, m/s
WSW, m/s
WD, deg
1
Values for certain parameters near the beginning and end of the data block may be 0 as the instrument may not have been recording during these start and end timestamps
18
PI_CONTACT_INFO: Address: University of Guelph; aliabadi@uoguelph.ca
PLATFORM: Polar 6 - sampling around the aircraft
LOCATION: Location data varies as seen in this file
ASSOCIATED_DATA: 04050943.r??
INSTRUMENT_INFO: AIMMS20, Avantech, www.aventech.com
DATA_INFO: none
UNCERTAINTY: Contact manufacturer, Aventech
ULOD_FLAG: -7777
ULOD_VALUE: N/A
LLOD_FLAG: -8888
LLOD_VALUE: N/A
DM_CONTACT_INFO: Amir A. Aliabadi; University of Guelph; aliabadi@uoguelph.ca
PROJECT_INFO: Polar 6 NETCARE Spring 2015 campaign
STIPULATIONS_ON_USE: N/A
OTHER_COMMENTS: N/A
REVISION: R1
R1: corrected for start/stop times
TimeWave,Time_Hr,Temp,RH,BP,WSN,WSE,Lat,Lon,Alt,SProbN,SProbE,SProbD,Roll,Pitch,Heading,TAS,WSD,SideslipAngle,AOA,SideslipDiff,SysStatFlag,WS,WSW,WD
[from data line 7737]
42741,11.872397,-35.77,0.73970002,47176,9.8000002,-5.3899999,78.914612,11.15885,5636,-49.169998,56.84,-0.97000003,1.47,2.6900001,133.49001,85.779999,-0.55000001,0.039999999,1.29881,-0.36102,0.51656002,11.184458,0.55000001,151.18921
42742,11.872675,-35.82,0.74309999,47100,10.77,-6.3400002,78.914169,11.1615,5637.5,-49.27,57.099998,-1.79,1.13,3.29,133.11,87.419998,-0.85000002,0.37,1.28061,-0.33542001,0.52726001,12.49754,0.85000002,149.51585
42743,11.872952,-35.810001,0.7439,47066,10.96,-6.5100002,78.913727,11.16416,5639.5,-49.23,57.349998,-2.5799999,0.81,3.73,132.98,87.769997,-0.93000001,0.36000001,1.2841001,-0.33131,0.52521998,12.747616,0.93000001,149.29062
42744,11.873231,-35.82,0.74550003,47072,10.82,-6.4000001,78.913292,11.16683,5642.5,-49.130001,57.52,-3.3599999,0.61000001,4.2199998,133.00999,87.68,-0.91000003,0.18000001,1.28828,-0.3531,0.52271003,12.571094,0.91000003,149.3958
42745,11.873508,-35.77,0.74110001,47115,9.9099998,-5.8200002,78.912849,11.16951,5646.5,-48.91,57.630001,-4.3699999,0.60000002,4.9099998,132.89999,86.620003,-0.47,-0.039999999,1.30322,-0.36697999,0.514,11.492628,0.47,149.57489
42746,11.873786,-35.860001,0.74620003,46969,11.86,-7.1599998,78.912407,11.17218,5651.5,-48.639999,57.610001,-5.4899998,0.74000001,5.4499998,132.92999,88.720001,-1.29,0.16,1.2752,-0.37606999,0.53035998,13.853706,1.29,148.8802
42747,11.874063,-35.889999,0.74900001,46837,13.25,-7.77,78.91198,11.17486,5657,-48.43,57.59,-5.6199999,0.82999998,4.8600001,132.98,89.959999,-1.62,0.38999999,1.30612,-0.29506001,0.51236999,15.360188,1.62,149.612
42748,11.874341,-35.939999,0.75129998,46730,13.95,-8.0299997,78.911537,11.17754,5662.5,-48.299999,57.630001,-4.8600001,0.66000003,4.3200002,133,90.519997,-1.65,0.5,1.30865,-0.27467999,0.51099002,16.096067,1.65,150.0741
42749,11.874619,-35.919998,0.74949998,46724,13.61,-7.9899998,78.91111,11.18022,5667,-48.169998,57.709999,-4.2600002,0.60000002,3.96,133.09,90.230003,-1.48,0.17,1.3115799,-0.32124999,0.50907999,15.782021,1.48,149.58415
42750,11.874897,-35.950001,0.75,46683,13.89,-8.1800003,78.910683,11.18291,5671,-48.119999,57.77,-3.6900001,0.75999999,3.6800001,133,90.580002,-1.5599999,0.25999999,1.30319,-0.31905001,0.51401001,16.119694,1.5599999,149.50562
42751,11.875175,-35.939999,0.74910003,46674,13.48,-8.1599998,78.910248,11.18559,5675,-48.09,57.869999,-3.45,0.79000002,3.5599999,132.75999,90.339996,-1.58,0.27000001,1.30032,-0.32174,0.51569003,15.75741,1.58,148.81175
42752,11.875452,-35.939999,0.75059998,46638,13.71,-8.3500004,78.909821,11.18829,5678,-48.029999,58.029999,-3.1600001,0.63,3.1900001,132.5,90.699997,-1.8,0.44999999,1.3069299,-0.28467,0.51194,16.05262,1.8,148.65672
42753,11.87573,-35.939999,0.74839997,46660,13.17,-7.6500001,78.909393,11.19099,5681,-47.98,58.299999,-2.4100001,0.33000001,2.4200001,132.55,89.910004,-1.42,0.31,1.3453701,-0.25167999,0.48938999,15.230607,1.42,149.84917
42754,11.876008,-35.98,0.75139999,46557,14.24,-8.0100002,78.908958,11.19371,5683,-48.040001,58.630001,-1.29,0.16,1.6900001,132.73,91.220001,-1.79,0.34999999,1.32901,-0.26883,0.49897999,16.338228,1.79,150.64224
42755,11.876286,-35.959999,0.74980003,46594,13.63,-7.4699998,78.908531,11.19644,5684,-48.130001,59.02,-0.38999999,-0.12,1.29,132.67,90.779999,-1.41,0.20999999,1.33325,-0.28399,0.49642,15.542773,1.41,151.2748
42756,11.876563,-36.02,0.7543,46523,14.43,-8.0500002,78.908096,11.19919,5684.5,-48.16,59.439999,0.079999998,-0.37,1.21,132.42,92.129997,-1.8200001,0.41,1.30085,-0.29989001,0.51546001,16.52354,1.8200001,150.84436
42757,11.876841,-35.959999,0.75019997,46623,13.28,-7.1799998,78.907669,11.20196,5684.5,-48.09,59.91,0.1,-0.69,1.35,132.10001,90.970001,-1.27,0.33000001,1.3135099,-0.29445001,0.50801003,15.096715,1.27,151.60156
42758,11.877118,-36.02,0.75449997,46526,14.5,-7.9699998,78.907242,11.20476,5684.5,-47.919998,60.360001,-0.12,-0.92000002,1.5,131.91,92.57,-1.79,0.46000001,1.28768,-0.31028,0.52319002,16.546024,1.79,151.20438
42759,11.877396,-36.02,0.75520003,46523,14.44,-7.75,78.906807,11.20757,5684.5,-47.77,60.740002,-0.1,-0.47,1.38,132.03999,92.510002,-1.67,0.19,1.2978801,-0.33842999,0.51709002,16.38829,1.67,151.77739
42760,11.877674,-36,0.75279999,46565,13.68,-7.3400002,78.90638,11.2104,5684.5,-47.720001,60.939999,-0.17,0.18000001,1.5700001,132.07001,91.860001,-1.38,-0.1,1.29983,-0.38091001,0.51600999,15.524755,1.38,151.78423
42761,11.877952,-36.029999,0.7568,46484,15.06,-8.2399998,78.905952,11.21323,5685,-47.66,61.040001,-0.40000001,0.72000003,1.6799999,131.92999,93.489998,-2.0599999,0.25999999,1.27669,-0.35747001,0.52951002,17.166864,2.0599999,151.31496
42762,11.878229,-36.029999,0.75410002,46532,14.2,-7.7600002,78.905533,11.21607,5685,-47.619999,61.07,-0.5,0.92000002,1.76,131.66,92.57,-1.6799999,0.31,1.29405,-0.32525,0.51937002,16.182014,1.6799999,151.34433
42763,11.878507,-36,0.75449997,46554,14.02,-7.7800002,78.905098,11.21891,5686,-47.52,61.139999,-0.67000002,0.56999999,1.8200001,131.39999,92.419998,-1.64,0.38999999,1.30125,-0.30173999,0.51521999,16.033989,1.64,150.97316
42764,11.878784,-36.02,0.75480002,46517,14.41,-7.8699999,78.904671,11.22175,5687,-47.330002,61.259998,-0.56,0.1,1.63,131.44,92.660004,-1.6900001,0.34,1.30778,-0.30123001,0.51135999,16.419044,1.6900001,151.3589
42765,11.879063,-36.02,0.75559998,46465,15.05,-8.3599997,78.904251,11.2246,5687,-47.16,61.34,-0.56,0.079999998,1.88,131.58,93.419998,-1.9400001,0.18000001,1.27457,-0.37401,0.53073001,17.216042,1.9400001,150.94862
42766,11.87934,-35.990002,0.7536,46526,14.37,-7.8699999,78.903831,11.22745,5688,-47.009998,61.349998,-0.87,0.31,2.04,131.57001,92.550003,-1.65,0.01,1.28776,-0.38128,0.52302998,16.383949,1.65,151.29185
42767,11.879618,-35.98,0.75480002,46512,14.38,-7.9299998,78.903412,11.2303,5689,-46.869999,61.330002,-0.86000001,0.47,2.01,131.33,92.529999,-1.67,0.17,1.29405,-0.34658,0.51933002,16.42161,1.67,151.125
42768,11.879895,-35.950001,0.7529,46536,14,-7.8499999,78.902992,11.23315,5690,-46.650002,61.299999,-1.01,0.34999999,2.22,131.00999,91.980003,-1.51,0.25,1.29195,-0.33658999,0.52057999,16.050623,1.51,150.72003
42769,11.880173,-35.939999,0.75059998,46542,14.07,-7.71,78.902573,11.23599,5691,-46.380001,61.279999,-1.37,0.18000001,2.6300001,131.02,91.730003,-1.4,0.20999999,1.2829601,-0.35596001,0.52582997,16.04397,1.4,151.27838
42770,11.880451,-35.919998,0.75010002,46545,14.19,-7.8099999,78.902161,11.23884,5693,-46.060001,61.209999,-2.01,0.19,3.1400001,131.05,91.599998,-1.34,0.079999998,1.27353,-0.38991001,0.53134,16.19729,1.34,151.17216
42771,11.880729,-35.939999,0.75139999,46538,14.4,-7.9099998,78.901749,11.24168,5695,-45.740002,61.02,-2.46,0.44999999,3.1900001,131.13,91.489998,-1.46,0,1.28597,-0.3856,0.52407998,16.429489,1.46,151.21976
42772,11.881006,-35.919998,0.75029999,46521,14.18,-7.73,78.901337,11.24451,5697.5,-45.459999,60.779999,-2.3800001,0.73000002,3.1800001,131.05,90.879997,-1.28,0.02,1.29166,-0.37334001,0.52073997,16.150087,1.28,151.4037
42773,11.881284,-35.93,0.7493,46477,14.73,-8.3100004,78.900932,11.24732,5700,-45.18,60.529999,-2.5899999,0.75999999,3.52,130.78999,91.32,-1.5700001,0.28,1.26612,-0.36905,0.53569001,16.912392,1.5700001,150.57027
42774,11.881561,-35.91,0.74659997,46526,14.06,-7.8600001,78.900528,11.25013,5703,-44.810001,60.299999,-2.98,0.58999997,3.8699999,130.60001,90.110001,-1.36,0.25,1.27209,-0.36658001,0.53219002,16.107862,1.36,150.79338
42775,11.88184,-35.880001,0.74769998,46507,14.17,-7.9000001,78.900131,11.25292,5706,-44.400002,60.029999,-3.3,0.46000001,4.0900002,130.67999,89.669998,-1.29,0.11,1.27087,-0.389,0.53289998,16.223406,1.29,150.85963
42776,11.882117,-35.880001,0.74650002,46506,14.13,-7.7199998,78.899727,11.25571,5709.5,-44.09,59.779999,-2.9000001,0.58999997,3.3099999,130.77,89.18,-1.1900001,0.029999999,1.31261,-0.34266999,0.50848001,16.101406,1.1900001,151.34978
42777,11.882395,-35.919998,0.74680001,46411,14.91,-8.46,78.899338,11.25848,5712,-43.810001,59.540001,-1.78,0.62,2.6099999,130.48,89.900002,-1.55,0.36000001,1.29643,-0.31400001,0.51801002,17.14292,1.55,150.42923
42778,11.882672,-35.919998,0.74370003,46475,13.93,-7.96,78.898949,11.26124,5713,-43.52,59.419998,-0.68000001,0.28999999,2.02,130,88.599998,-1.21,0.46000001,1.30752,-0.28183001,0.51160997,16.043894,1.21,150.25511
42779,11.88295,-35.889999,0.74379998,46501,13.7,-7.6900001,78.89856,11.264,5713.5,-43.16,59.41,0.18000001,-0.23999999,1.63,129.81,87.940002,-0.99000001,0.44999999,1.30279,-0.29007,0.51436001,15.7107,0.99000001,150.69389
42780,11.883227,-35.880001,0.74290001,46508,13.64,-7.3800001,78.898178,11.26676,5713,-42.830002,59.459999,0.80000001,-0.37,1.47,130.08,87.459999,-0.83999997,0.1,1.28661,-0.36804,0.52368999,15.508514,0.83999997,151.58414
42781,11.883506,-35.880001,0.7414,46534,13.69,-7.5100002,78.897789,11.26952,5712.5,-42.59,59.419998,0.63999999,0.15000001,2.0799999,130.3,87.440002,-0.99000001,-0.23,1.2419699,-0.48413,0.54996002,15.614614,0.99000001,151.25191
42782,11.883783,-35.880001,0.74059999,46575,13.73,-7.48,78.897408,11.27227,5712,-42.369999,59.259998,-0.090000004,0.77999997,2.6500001,130.35001,87.190002,-0.94,-0.25999999,1.2366,-0.49623001,0.55312002,15.635322,0.94,151.41879
42783,11.884061,-35.869999,0.74119997,46610,13.47,-7.2600002,78.897034,11.27502,5712,-42.200001,59,-0.49000001,1.35,2.6500001,130.24001,86.57,-0.88999999,-0.14,1.25897,-0.4452,0.53995001,15.301912,0.88999999,151.67642
42784,11.884338,-35.810001,0.73680001,46680,12.11,-6.23,78.89666,11.27775,5713,-42.09,58.709999,-0.31,1.77,2.3499999,130.24001,84.599998,-0.23,-0.31,1.3048,-0.40724999,0.51328999,13.618553,0.23,152.7764
42785,11.884616,-35.91,0.73909998,46573,13.62,-7.4400001,78.896278,11.28047,5713,-42.049999,58.41,0.1,2.1800001,2.1300001,130.34,86.209999,-0.91000003,-0.029999999,1.2675,-0.41620001,0.53490001,15.519601,0.91000003,151.35419
42786,11.884894,-35.849998,0.73570001,46642,12.74,-6.6799998,78.895897,11.28317,5713,-42.110001,58.09,0.41999999,2.6600001,2.01,130.64,84.830002,-0.52999997,-0.25,1.27906,-0.43478999,0.52828002,14.385061,0.52999997,152.33051
42787,11.885172,-35.900002,0.73949999,46583,13.59,-7.5100002,78.895531,11.28586,5712.5,-42.240002,57.740002,0.67000002,3.1300001,1.87,130.83,85.879997,-0.98000002,-0.11,1.2538,-0.44924,0.54294997,15.527016,0.98000002,151.07442
42788,11.885449,-35.849998,0.73799998,46656,12.85,-6.9200001,78.895149,11.28854,5711.5,-42.450001,57.380001,0.97000003,3.52,1.66,130.96001,84.809998,-0.64999998,-0.090000004,1.27186,-0.42006999,0.53237998,14.594825,0.64999998,151.69658
42789,11.885727,-35.860001,0.73479998,46690,12.22,-6.54,78.89476,11.29119,5710.5,-42.689999,57.009998,1.1799999,3.74,1.76,131.13,83.970001,-0.38999999,-0.12,1.26652,-0.43123999,0.53551,13.860015,0.38999999,151.84483
42790,11.886004,-35.900002,0.73720002,46669,12.99,-7.0599999,78.894379,11.29383,5709.5,-42.950001,56.630001,1.04,3.5,1.91,131.42,84.730003,-0.92000002,0.07,1.24769,-0.42886001,0.54645997,14.784576,0.92000002,151.47614
42791,11.886283,-35.880001,0.7367,46679,12.87,-6.9099998,78.89399,11.29645,5708.5,-43.099998,56.330002,1,2.6800001,1.95,131.7,84.440002,-0.75,-0.039999999,1.25337,-0.43794999,0.54316998,14.607703,0.75,151.76831
42792,11.88656,-35.900002,0.7378,46671,12.98,-7.1700001,78.893608,11.29906,5707.5,-43.200001,56.099998,0.91000003,2.25,2.05,131.98,84.57,-0.82999998,-0.25,1.24133,-0.48818001,0.55034,14.828665,0.82999998,151.08426
42793,11.886838,-35.93,0.7374,46678,13.08,-7.3099999,78.893219,11.30166,5707,-43.299999,55.880001,0.81999999,1.97,2.03,132.05,84.75,-0.86000001,-0.2,1.24828,-0.47048,0.54623997,14.984075,0.86000001,150.80055
42794,11.887115,-35.950001,0.73890001,46633,13.8,-7.6300001,78.89283,11.30425,5706,-43.279999,55.77,1.02,1.21,1.97,131.64999,85.389999,-0.97000003,0.41,1.2412,-0.3849,0.55031002,15.768859,0.97000003,151.06186
42795,11.887393,-35.919998,0.73650002,46711,12.81,-7.0799999,78.892441,11.30683,5705,-43.099998,55.779999,0.88999999,0.5,2.3599999,131.47,84.110001,-0.55000001,0.20999999,1.23992,-0.41852,0.55101001,14.636342,0.55000001,151.07088
42796,11.887671,-35.919998,0.73689997,46724,12.92,-6.9699998,78.892059,11.30942,5704.5,-42.880001,55.830002,0.38999999,0.12,2.6700001,131.67999,83.989998,-0.60000002,-0.050000001,1.23469,-0.46726999,0.55410999,14.680167,0.60000002,151.65431
42797,11.887949,-35.91,0.73540002,46745,12.67,-6.77,78.891678,11.31202,5704,-42.689999,55.860001,0.28,0.07,2.6199999,131.78,83.589996,-0.31,-0.30000001,1.25501,-0.47716001,0.54238999,14.365298,0.31,151.88293
42798,11.888227,-35.970001,0.73820001,46661,13.74,-7.7399998,78.891296,11.31461,5703.5,-42.509998,55.889999,0.41999999,0.19,2.47,131.61,84.970001,-0.80000001,-0.11,1.23406,-0.47766,0.55451,15.770073,0.80000001,150.60663
42799,11.888504,-35.970001,0.73809999,46681,13.69,-7.5900002,78.890923,11.3172,5703,-42.32,55.93,0.47999999,0.13,2.53,131.32001,84.730003,-0.83999997,0.1,1.23078,-0.44837001,0.55636001,15.653249,0.83999997,150.99516
42800,11.888782,-35.93,0.73580003,46715,13,-7.0500002,78.890541,11.3198,5702.5,-42.099998,56,0.34,-0.11,2.8800001,131.07001,83.809998,-0.47,0.07,1.2289,-0.45537001,0.55746001,14.788593,0.47,151.52869
42801,11.889059,-35.919998,0.73449999,46781,12.64,-6.9200001,78.89016,11.3224,5702.5,-41.75,56.060001,-0.23999999,-0.52999997,3.49,130.64,83.260002,-0.37,0.14,1.22022,-0.45745999,0.56252998,14.410275,0.37,151.30069
42802,11.889338,-35.84,0.7295,46903,10.95,-5.6999998,78.889793,11.325,5703.5,-41.259998,56.139999,-1.05,-0.97000003,4.23,130.46001,80.959999,0.34,-0.34,1.24236,-0.50120997,0.54983002,12.344735,-0.34,152.50085
42803,11.889615,-35.919998,0.73390001,46761,13.02,-7.3400002,78.889427,11.3276,5704.5,-40.66,56.130001,-2.03,-1.2,4.8699999,130.2,83.169998,-0.57999998,-0.059999999,1.1962399,-0.52337003,0.57661998,14.946438,0.57999998,150.58795
42804,11.889893,-35.919998,0.73449999,46748,13.22,-7.4699998,78.889061,11.33021,5707.5,-40.009998,56.09,-2.5,-1.42,4.9499998,129.89999,82.989998,-0.56,-0.039999999,1.21524,-0.49360999,0.56549001,15.184508,0.56,150.53125
42805,11.89017,-35.950001,0.73400003,46708,13.59,-7.5500002,78.88871,11.33281,5710,-39.41,56.169998,-2.5599999,-1.62,4.79,129.57001,82.910004,-0.66000003,0.079999998,1.22439,-0.46064001,0.56010002,15.546402,0.66000003,150.94539
42806,11.890448,-35.970001,0.7342,46677,13.9,-7.7399998,78.888359,11.33542,5712.5,-38.900002,56.310001,-2.1099999,-1.46,3.96,129.44,83.010002,-0.69999999,-0.02,1.2543401,-0.43316001,0.54259998,15.90967,0.69999999,150.88943
42807,11.890726,-35.939999,0.73259997,46651,13.5,-7.4699998,78.888008,11.33803,5713.5,-38.599998,56.32,-0.56,-0.090000004,2.6300001,129.61,82.32,-0.30000001,-0.38,1.28211,-0.45021999,0.52662998,15.428898,0.30000001,151.04279
42808,11.891004,-35.98,0.73290002,46654,13.46,-7.4499998,78.887657,11.34064,5714,-38.610001,56.279999,0.77999997,1.71,2.05,129.94,82.269997,-0.30000001,-0.60000002,1.25484,-0.52456999,0.54286999,15.384216,0.30000001,151.03583
42809,11.891281,-35.93,0.73000002,46759,12.08,-6.6399999,78.887321,11.34325,5712.5,-38.919998,56.110001,1.36,3.05,2.02,130.00999,80.900002,0.01,-0.75,1.24977,-0.55418998,0.54606998,13.784629,-0.01,151.20378
42810,11.891559,-35.970001,0.7317,46753,12.57,-7.02,78.886971,11.34585,5711.5,-39.259998,55.959999,1.63,3.29,1.63,129.83,81.610001,-0.47,-0.19,1.2478,-0.47023001,0.54651999,14.397406,0.47,150.81784
42811,11.891836,-35.950001,0.73199999,46745,12.26,-6.7199998,78.886612,11.34845,5709.5,-39.73,56.049999,2.0999999,3.23,1.45,129.91,81.5,-0.28,-0.090000004,1.2488101,-0.45342001,0.54587001,13.980916,0.28,151.2718
42812,11.892115,-36,0.73439997,46747,12.89,-7.27,78.886253,11.35105,5707.5,-40.200001,56.099998,1.6799999,3.1900001,2.02,130.19,82.660004,-0.80000001,-0.02,1.20394,-0.50677001,0.57209998,14.798818,0.80000001,150.57687
42813,11.892392,-35.98,0.73089999,46835,11.57,-6.3000002,78.885887,11.35365,5706,-40.66,56.099998,1.2,3.0899999,2.1700001,130.49001,81.360001,-0.23999999,-0.38,1.2445101,-0.50483,0.54861999,13.174024,0.23999999,151.4312
