data/raw/Flight1/AIMMS_POLAR6_20150405_R1_NETCARE.ict
57, 1001
Aliabadi, Amir A.
University of Guelph
AIMMS20 - 1 Hz data from the processed output file 04050943.txt
Polar 6 NETCARE
1, 1
2015, 04, 05, 2015, 06, 25
1
TimeWave, seconds
24
1, 1, 1, 1, 1, 1, 1, 1, 1, 1, 1, 1, 1, 1, 1, 1, 1, 1, 1, 1, 1, 1, 1, 1
-9999, -9999, -9999, -9999, -9999, -9999, -9999, -9999, -9999, -9999, -9999, -9999, -9999, -9999, -9999, -9999, -9999, -9999, -9999, -9999, -9999, -9999, -9999, -9999
Time_Hr, hr UTC
Temp, deg C
RH, 0-1
BP, pa
WSN, m/s
WSE, m/s
Lat, deg
Lon, deg
Alt, m
SProbN, m/s
SProbE, m/s
SProbD, m/s
Roll, deg
Pitch, deg
Heading, deg
TAS, m/s
WSD, m/s
SideslipAngle, deg
AOA, deg
SideslipDiff, none
SysStatFlag, none
WS, m/s
WSW, m/s
WD, deg
1
Values for certain parameters near the beginning and end of the data block may be 0 as the instrument may not have been recording during these start and end timestamps
18
PI_CONTACT_INFO: Address: University of Guelph; aliabadi@uoguelph.ca
PLATFORM: Polar 6 - sampling around the aircraft
LOCATION: Location data varies as seen in this file
ASSOCIATED_DATA: 04050943.r??
INSTRUMENT_INFO: AIMMS20, Avantech, www.aventech.com
DATA_INFO: none
UNCERTAINTY: Contact manufacturer, Aventech
ULOD_FLAG: -7777
ULOD_VALUE: N/A
LLOD_FLAG: -8888
LLOD_VALUE: N/A
DM_CONTACT_INFO: Amir A. Aliabadi; University of Guelph; aliabadi@uoguelph.ca
PROJECT_INFO: Polar 6 NETCARE Spring 2015 campaign
STIPULATIONS_ON_USE: N/A
OTHER_COMMENTS: N/A
REVISION: R1
R1: corrected for start/stop times
TimeWave,Time_Hr,Temp,RH,BP,WSN,WSE,Lat,Lon,Alt,SProbN,SProbE,SProbD,Roll,Pitch,Heading,TAS,WSD,SideslipAngle,AOA,SideslipDiff,SysStatFlag,WS,WSW,WD
[from data line 7517]
42521,11.811303,-32.029999,0.6099,50558,7.5900002,-2.24,78.913063,10.71562,5146.5,81.489998,-43.720001,-1.9,2.8800001,3.4200001,330.64001,84.68,-0.18000001,0.16,1.31034,-0.32444999,0.50980002,7.9136405,0.18000001,163.55734
42522,11.811582,-32.09,0.61489999,50437,5.8000002,-1.8,78.913803,10.71359,5148.5,81.599998,-43.490002,-1.76,2.8199999,3.27,330.89001,86.489998,-0.88,0.43000001,1.2842,-0.31953999,0.52520001,6.0728908,0.88,162.75854
42523,11.811859,-32.16,0.6171,50386,5.3400002,-1.59,78.914528,10.71157,5150.5,81.709999,-43.299999,-1.66,2.6300001,3.3099999,330.91,87.019997,-1.02,0.57999998,1.26586,-0.32271999,0.53604001,5.5716877,1.02,163.41895
42524,11.812137,-32.080002,0.6128,50546,7.9899998,-2.47,78.91526,10.70956,5152,81.790001,-43.150002,-1.75,2.3599999,3.4100001,330.94,84.269997,-0.050000001,0.28999999,1.3106,-0.30436,0.50968999,8.3630733,0.050000001,162.82172
42525,11.812414,-32.240002,0.62050003,50303,4.1700001,-1.4400001,78.915993,10.70756,5154,81.839996,-43.049999,-1.85,2.1300001,3.4200001,331.07999,88.099998,-1.5700001,0.86000001,1.2427,-0.31310001,0.54984999,4.4116325,1.5700001,160.94899
42526,11.812692,-32.110001,0.6146,50511,7.7600002,-2.4100001,78.916733,10.70556,5156,81.870003,-42.959999,-1.8099999,1.96,3.3800001,331.29001,84.470001,-0.20999999,0.11,1.30914,-0.33458,0.51050001,8.1256199,0.20999999,162.74693
42527,11.812969,-32.16,0.6178,50420,6.6199999,-2.24,78.917458,10.70357,5157.5,81.919998,-42.849998,-1.77,2.0799999,3.3499999,331.51999,85.559998,-0.58999997,0.23,1.2860301,-0.34872001,0.52403998,6.9887052,0.58999997,161.3058
42528,11.813248,-32.290001,0.62339997,50221,3.73,-1.51,78.91819,10.70158,5159.5,82.010002,-42.689999,-1.6799999,2.3199999,3.29,331.60001,88.459999,-1.6799999,0.79000002,1.23733,-0.33191001,0.55289,4.0240526,1.6799999,157.96063
42529,11.813525,-32.099998,0.6135,50571,9.5500002,-2.8,78.91893,10.6996,5161.5,82.099998,-42.560001,-1.58,2.3099999,3.24,331.56,82.760002,0.47999999,-0.20999999,1.34298,-0.33647999,0.49085999,9.9520102,-0.47999999,163.65919
42530,11.813803,-32.23,0.62110001,50344,6.0599999,-2.0999999,78.919662,10.69762,5163,82.190002,-42.459999,-1.51,2.46,3.1800001,331.79999,86.080002,-0.88,0.38999999,1.2731,-0.34259999,0.53166002,6.413548,0.88,160.88702
42531,11.81408,-32.189999,0.61930001,50426,7.4299998,-2.5799999,78.920403,10.69565,5164.5,82.370003,-42.209999,-1.37,3.3900001,3.0899999,332.59,84.629997,-0.12,-0.34,1.29628,-0.42296001,0.5183,7.8651953,0.12,160.85091
42532,11.814358,-32.259998,0.62239999,50317,5.9299998,-2.26,78.921127,10.6937,5166,82.720001,-41.650002,-1.24,5,2.97,333.32001,86.230003,-0.70999998,-0.25,1.26884,-0.44924,0.53425002,6.3460617,0.70999998,159.13751
42533,11.814636,-32.34,0.62760001,50171,3.8399999,-1.66,78.921883,10.69178,5167,83.169998,-40.860001,-1.23,6.54,3.1199999,333.82001,88.43,-1.5700001,0.25999999,1.22008,-0.43906,0.56261998,4.1834435,1.5700001,156.62157
42534,11.814914,-32.279999,0.62419999,50309,6.1700001,-1.9299999,78.922623,10.6899,5168.5,83.699997,-39.860001,-1.5,7.8699999,3.3599999,334.35001,86.25,-0.81999999,-0.02,1.2522399,-0.43647,0.54382998,6.4648123,0.81999999,162.63011
42535,11.815191,-32.279999,0.62510002,50305,6.1799998,-1.99,78.923378,10.68807,5170,84.25,-38.66,-1.77,8.9700003,3.6199999,335.13,86.129997,-0.69,0.18000001,1.25334,-0.40446001,0.54315001,6.4924955,0.69,162.15111
42536,11.815469,-32.060001,0.6142,50696,12.52,-3.7,78.924133,10.68629,5172,84.82,-37.27,-2.1700001,9.9099998,3.97,336.23999,79.599998,1.8,-0.94,1.37467,-0.40489,0.47431999,13.055283,-1.8,163.53616
42537,11.815746,-31.870001,0.60540003,51019,19.01,-4.5900002,78.924889,10.68459,5174.5,85.400002,-35.650002,-2.6500001,10.86,4.2399998,337.54999,73.519997,5.3699999,-2.95,1.5737799,-0.43478999,0.38608,19.556284,-5.3699999,166.42564
42538,11.816025,-32.27,0.62559998,50298,6.3400002,-2.21,78.925659,10.68297,5177.5,85.970001,-33.869999,-2.9000001,11.89,4.25,338.84,85.5,-0.75999999,0.07,1.26055,-0.41082001,0.53894001,6.7141418,0.75999999,160.78244
42539,11.816302,-32.25,0.62449998,50365,7.75,-2.45,78.92643,10.68143,5180.5,86.57,-32.029999,-2.7,12.5,4.02,340.10001,84.010002,-0.07,-0.17,1.30213,-0.38891,0.51472002,8.1280375,0.07,162.45674
42540,11.81658,-32.25,0.6239,50371,8.2700005,-2.6400001,78.927208,10.67998,5183.5,87.169998,-30.110001,-2.48,13.02,3.9300001,341.48999,83.360001,0.15000001,-0.19,1.3083301,-0.38218001,0.51109999,8.6811581,-0.15000001,162.29556
42541,11.816857,-32.880001,0.65859997,49328,-7.5599999,0.029999999,78.927994,10.67862,5185.5,87.790001,-28.049999,-2.4400001,13.74,3.8800001,342.98999,99.199997,-6.0300002,2,1.06068,-0.39451,0.65752,7.5600595,6.0300002,359.77264
42542,11.817135,-32.360001,0.63120002,50172,5.3899999,-2.28,78.92878,10.67735,5188,88.370003,-25.93,-2.22,14.07,3.73,344.57001,86.019997,-1.14,0.27000001,1.2537301,-0.38835001,0.54294002,5.8523927,1.14,157.07137
42543,11.817413,-32.310001,0.6279,50270,7.4099998,-2.4300001,78.929573,10.67619,5190,88.949997,-23.77,-1.85,14.08,3.4000001,346.16,84.040001,-0.34999999,-0.22,1.2961299,-0.40527999,0.51826,7.7982688,0.34999999,161.84386
42544,11.817691,-32.650002,0.64520001,49733,-0.75999999,-1.95,78.930367,10.67512,5192,89.510002,-21.709999,-1.37,14.02,3.0799999,347.54999,92.199997,-3.46,1.17,1.16282,-0.37893,0.59679002,2.0928688,3.46,68.70697
42545,11.817968,-31.860001,0.6038,51138,24.67,-2.5599999,78.931183,10.67416,5193,90.059998,-19.58,-1.09,14.34,2.9300001,349.04999,68.169998,9.6800003,-5.04,1.8434,-0.37463999,0.27777001,24.802469,-9.6800003,174.07564
42546,11.818246,-32.400002,0.63300002,50148,6.21,-2.3699999,78.931976,10.67329,5194,90.589996,-17.360001,-0.81999999,14.59,2.73,350.70999,85.410004,-0.86000001,-0.07,1.26508,-0.42563999,0.53632998,6.6468792,0.86000001,159.11102
42547,11.818523,-32.490002,0.63770002,50048,4.6500001,-2.6500001,78.932793,10.67253,5195,91.110001,-15.07,-0.49000001,15.1,2.4300001,352.28,87.099998,-1.61,0.38999999,1.23973,-0.39070001,0.55115998,5.3521028,1.61,150.3215
42548,11.818801,-32.540001,0.63950002,50017,4.1799998,-2.5,78.933609,10.67187,5195,91.629997,-12.74,-0.090000004,15.52,2.1300001,353.76001,87.790001,-1.9299999,0.47,1.23151,-0.38986,0.55601001,4.8705645,1.9299999,149.11694
42549,11.819079,-32.950001,0.66280001,49368,-5.54,-3.3900001,78.934433,10.67133,5195.5,92.110001,-10.36,0.28999999,15.91,1.84,355.45001,97.800003,-5.8800001,1.95,1.0973901,-0.35033,0.63611001,6.4948978,5.8800001,31.463022
42550,11.819357,-32.439999,0.63480002,50211,7.5700002,-2.6500001,78.935257,10.67089,5195,92.57,-7.8400002,0.62,16.309999,1.55,357.29999,84.870003,-0.41999999,-0.13,1.29653,-0.39092001,0.51797003,8.0204363,0.41999999,160.70659
42551,11.819634,-32.419998,0.63520002,50264,8.5900002,-2.4000001,78.936089,10.67058,5194.5,93,-5.1900001,0.88999999,16.780001,1.4,359.12,84.160004,-0.07,-0.38,1.3063101,-0.41495001,0.51248997,8.9189739,0.07,164.38992
42552,11.819912,-32.380001,0.63429999,50377,10.25,-2.52,78.93692,10.67039,5193.5,93.339996,-2.48,1.14,17.129999,1.27,0.82999998,82.809998,0.80000001,-0.31,1.35197,-0.33965001,0.48574001,10.555231,-0.80000001,166.18756
42553,11.820189,-32.650002,0.64910001,49947,3.4100001,-3.3299999,78.937759,10.67033,5192,93.620003,0.28999999,1.25,17.200001,1.1900001,2.71,90.050003,-2.5999999,0.68000001,1.21394,-0.38216001,0.56642997,4.7662354,2.5999999,135.68004
42554,11.820468,-32.57,0.64499998,50128,6.2600002,-3,78.938599,10.6704,5190.5,93.809998,3.0899999,1.4,17.469999,1.04,4.6300001,87.480003,-1.12,0.18000001,1.26995,-0.37950999,0.53342998,6.9417291,1.12,154.39471
42555,11.820745,-32.529999,0.64420003,50186,7.1100001,-2.8,78.93943,10.6706,5189.5,93.910004,5.9899998,1.5,17.9,1.05,6.5700002,86.959999,-0.64999998,0.01,1.28601,-0.38385999,0.52405,7.6414723,0.64999998,158.50491
42556,11.821023,-32.810001,0.66079998,49746,0.47999999,-4.52,78.940277,10.67094,5188,93.830002,9.0900002,1.11,18.33,1.75,8.7299995,94.169998,-3.5599999,1.04,1.1461999,-0.42322999,0.60631001,4.5454154,3.5599999,96.06179
42557,11.821301,-32.860001,0.6652,49656,-0.99000001,-4.9400001,78.941116,10.67143,5187.5,93.389999,12.63,-0.57999998,18.82,3.54,11.18,95.769997,-3.8800001,1.1799999,1.07902,-0.49678999,0.64568001,5.0382237,3.8800001,78.667763
42558,11.821578,-32.490002,0.6487,50234,6.5900002,-2.7,78.941948,10.6721,5189,92.419998,16.42,-3.2,19.190001,5.1900001,13.57,87.639999,-1.09,0.31,1.18945,-0.47567999,0.58055001,7.1216645,1.09,157.72052
42559,11.821856,-32.509998,0.65020001,50204,6.3600001,-3.0699999,78.942772,10.67293,5193,91.230003,19.73,-4.5599999,19.129999,5.3899999,15.6,87.589996,-1.0700001,0.49000001,1.2499,-0.36069,0.54527998,7.0621881,1.0700001,154.2332
42560,11.822134,-32.599998,0.65270001,50023,4.9200001,-3.78,78.943581,10.67391,5198,90.019997,22.690001,-4.8499999,19.059999,5.4299998,17.860001,88.809998,-1.5,0.52999997,1.24027,-0.36844999,0.55093002,6.2044177,1.5,142.46519
42561,11.822412,-32.259998,0.63319999,50619,14.39,0.54000002,78.944382,10.67502,5203,88.669998,25.559999,-5.1399999,18.809999,5.6599998,20.24,78.43,2.9400001,-1.61,1.45498,-0.39444,0.43439001,14.400128,-2.9400001,182.14908
42562,11.822689,-32.549999,0.64829999,50083,6.6900001,-3.3199999,78.945168,10.67627,5208,87.199997,28.34,-5.3800001,18.540001,5.8299999,22.35,86.330002,-0.58999997,0.01,1.2732199,-0.4012,0.53153998,7.4685006,0.58999997,153.60649
42563,11.822967,-32.509998,0.6469,50098,7.48,-3.52,78.945953,10.67764,5213.5,85.690002,30.91,-5.4899998,18.23,6.02,24.299999,85.300003,-0.44999999,0.31999999,1.28239,-0.33987999,0.5262,8.2668495,0.44999999,154.79887
42564,11.823245,-32.919998,0.67030001,49408,-1.4299999,-9.3900003,78.946701,10.67913,5219.5,84.18,33.27,-5.4299998,17.860001,5.8499999,26.209999,95.32,-4.1500001,1.83,1.1288199,-0.32379001,0.61765999,9.4982634,4.1500001,81.340973
42565,11.823523,-32.389999,0.63800001,50321,11.81,-0.98000002,78.947456,10.68073,5224.5,82.760002,35.470001,-4.77,17.58,5.2600002,28.139999,79.720001,1.83,-0.75,1.42274,-0.30587,0.44635999,11.850591,-1.83,175.25644
42566,11.8238,-32.610001,0.65020001,49927,6.9200001,-4.7399998,78.948189,10.68243,5229,81.410004,37.560001,-4,16.82,4.8099999,29.91,85.43,-0.82999998,0.47,1.28677,-0.30987,0.52372998,8.3877287,0.82999998,145.58998
42567,11.824078,-32.639999,0.65210003,49876,6.6399999,-5.27,78.948914,10.68422,5233,80.059998,39.57,-3.6400001,16.16,4.8800001,31.68,85.779999,-1.17,0.63999999,1.24814,-0.33888,0.54642999,8.4771748,1.17,141.56186
42568,11.824355,-32.470001,0.64090002,50199,11,-1.97,78.949623,10.68611,5237,78.57,41.580002,-3.9100001,15.79,5.1599998,33.599998,80.230003,0.75,-0.27000001,1.3304,-0.36346,0.49827999,11.175013,-0.75,169.84648
42569,11.824633,-32.43,0.63880002,50261,12.21,-0.57999998,78.950317,10.68808,5241,77.040001,43.470001,-3.8900001,15.56,4.9200001,35.279999,78.300003,1.61,-0.81,1.39108,-0.36153001,0.46449,12.223768,-1.61,177.28038
42570,11.824911,-32.639999,0.65100002,49873,7.5,-5,78.950996,10.69014,5245,75.529999,45.209999,-3.6800001,15.34,4.8899999,36.869999,84.339996,-0.94999999,0.38,1.25607,-0.36881,0.54161,9.0138779,0.94999999,146.30994
42571,11.825189,-32.639999,0.64929998,49922,8.4700003,-4.2399998,78.951683,10.69229,5248,73.970001,46.93,-3.73,14.97,5.1500001,38.509998,82.919998,-0.56999999,0.28,1.2606699,-0.37808001,0.53887999,9.4719849,0.56999999,153.4079
42572,11.825466,-31.860001,0.60780001,51260,32.040001,10.54,78.952332,10.69451,5252,72.370003,48.52,-3.99,14.51,5.3499999,40.119999,55.689999,-12.07,6.6100001,0.57261002,-0.37332001,0,33.729115,12.07,198.20934
42573,11.825744,-32.490002,0.64020002,50175,11.94,-0.46000001,78.952972,10.6968,5256,70.739998,50.009998,-4.2199998,14.28,5.4899998,41.959999,77.379997,1.41,-0.95999998,1.3581001,-0.43143001,0.48385,11.948857,-1.41,177.79372
42574,11.826021,-32.73,0.65369999,49759,7.6900001,-6.02,78.953598,10.69917,5260.5,69.089996,51.459999,-4.1700001,14.32,5.1100001,43.73,83.870003,-1.25,0.17,1.2426,-0.42083001,0.54943001,9.7660894,1.25,141.94492
42575,11.8263,-32.740002,0.6541,49718,7.9200001,-6.02,78.954208,10.7016,5264.5,67.550003,52.860001,-3.52,14.46,4.48,45.18,83.599998,-1.21,0.2,1.2593,-0.39142999,0.53965998,9.9482059,1.21,142.76151
42576,11.826577,-32.740002,0.65170002,49768,8.8000002,-4.8400002,78.954811,10.70409,5268,66.07,54.259998,-2.6700001,14.51,4.0100002,46.529999,82.080002,-0.69,0.050000001,1.27985,-0.38679001,0.52765,10.043187,0.69,151.18921
42577,11.826855,-33.549999,0.70130002,48447,-2.97,-21.440001,78.955399,10.70666,5270,64.510002,55.700001,-2.3599999,14.56,4.1599998,48.189999,102.38,-7.7399998,2.4400001,0.98106998,-0.44078001,0.70457,21.644733,7.7399998,82.113228
42578,11.827132,-32.759998,0.65359998,49754,8.7200003,-5.04,78.955971,10.70928,5273,62.73,57.169998,-2.54,14.89,4.3499999,49.970001,82.120003,-0.82999998,-0.090000004,1.23365,-0.47483999,0.55474001,10.071743,0.82999998,149.97287
42579,11.82741,-32.77,0.65319997,49766,9,-4.6300001,78.95652,10.71198,5275,60.849998,58.580002,-2.5599999,15.29,4.1700001,51.599998,81.519997,-0.63999999,-0.19,1.25556,-0.45789999,0.54197001,10.121112,0.63999999,152.7767
42580,11.827688,-32.630001,0.64429998,50030,11.46,-0.18000001,78.957062,10.71474,5278,58.959999,59.970001,-2.3399999,15.68,4.1100001,53.349998,76.440002,1.62,-1.28,1.35847,-0.48129001,0.4849,11.461413,-1.62,179.10014
42581,11.827966,-32.939999,0.66149998,49522,7.1799998,-7.9200001,78.957581,10.71757,5280,56.889999,61.360001,-2.48,15.53,4.4299998,55.169998,84.970001,-2.03,0.31,1.17292,-0.49899,0.59021997,10.690126,2.03,132.19437
42582,11.828243,-32.900002,0.65939999,49596,8.0600004,-6.7800002,78.958076,10.72046,5282.5,54.77,62.639999,-2.8399999,15.39,4.7600002,56.860001,83.419998,-1.53,0.25999999,1.19261,-0.47898,0.57870001,10.532427,1.53,139.92975
42583,11.828521,-32.869999,0.65850002,49653,8.6800003,-5.9400001,78.958557,10.72341,5286,52.66,63.779999,-3.0599999,15.23,4.8099999,58.57,82.150002,-1.03,0.1,1.22095,-0.46252,0.56211001,10.51789,1.03,145.61493
42584,11.828798,-32.110001,0.61489999,50997,24.6,17.280001,78.95903,10.72641,5289,50.57,64.839996,-3.04,15.16,4.7199998,60.380001,54.049999,-6.9499998,3.3,0.87283999,-0.46033999,0,30.062576,6.9499998,215.08571
42585,11.829076,-33.450001,0.69319999,48709,3.6099999,-19.43,78.959473,10.72946,5292,48.470001,65.860001,-2.9000001,15.19,4.54,62.139999,96.110001,-5.98,1.79,1.0290999,-0.47375,0.67554998,19.762516,5.98,100.52526
42586,11.829354,-32.959999,0.6627,49545,8.7799997,-6.9099998,78.9599,10.73255,5294.5,46.389999,66.82,-2.5899999,15.36,4.1599998,63.830002,82.480003,-1.26,0.029999999,1.22734,-0.46415001,0.55838001,11.173025,1.26,141.79669
42587,11.829632,-32.959999,0.66149998,49565,9.1000004,-6.3600001,78.960297,10.73569,5296.5,44.32,67.790001,-2.03,15.65,3.8399999,65.529999,81.790001,-1.02,-0.050000001,1.2365,-0.46414,0.55304998,11.102235,1.02,145.05026
42588,11.829909,-33.419998,0.69090003,48808,5.6399999,-17.84,78.960693,10.73887,5298.5,42.150002,68.760002,-1.66,15.93,3.6500001,67.279999,93.75,-5.4899998,1.52,1.0541101,-0.47972,0.66060001,18.710297,5.4899998,107.54401
42589,11.830187,-32.900002,0.65810001,49687,9.8500004,-3.6900001,78.96106,10.7421,5300,39.900002,69.730003,-1.3099999,16.18,3.4200001,69.059998,79.040001,0.2,-0.62,1.28374,-0.48572001,0.52604002,10.518489,-0.2,159.46309
42590,11.830464,-33,0.66329998,49588,9.5500002,-5.4699998,78.961411,10.74538,5301,37.639999,70.660004,-0.94999999,16.379999,3.21,70.839996,80.809998,-0.54000002,-0.22,1.24613,-0.47694001,0.54751998,11.005608,0.54000002,150.19701
42591,11.830743,-33.049999,0.66720003,49492,9.3500004,-6.71,78.961739,10.7487,5302,35.27,71.57,-0.79000002,16.629999,3.1400001,72.739998,82.139999,-1.14,-0.050000001,1.21465,-0.49535999,0.56584001,11.508545,1.14,144.33501
42592,11.83102,-32.849998,0.65499997,49877,10.47,-0.12,78.962051,10.75206,5303,32.810001,72.43,-0.63999999,16.860001,2.98,74.639999,75.639999,1.78,-1.35,1.35321,-0.50007999,0.48819,10.470688,-1.78,179.34334
