data/raw/Flight1/CO2_POLAR6_20150405_R1_NETCARE.ict
34, 1001
Bozem, Heiko; Hoor, Peter
Institute for Atmospheric Physics, Johannes Gutenberg University, Mainz, Germany
CO2 mixing ratio from LI7200 CO2 analyzer
NETCARE Polar 6 Campaign 2015
1, 1
2015, 04, 05, 2015, 08, 12
1
Time_UTC, seconds
1
1
-9999.99
CO2_ppmv, ppmv
0
19
PI_CONTACT_INFO: Address: Johann-Joachim-Becherweg 21, 55128 Mainz, email: bozemh@uni-mainz.de; hoor@uni-mainz.de
PLATFORM: Polar 6
LOCATION: GPS location and altitude available at 1 Hz resolution in separate file (See AIMMS files under Aircraft data and meteorology)
ASSOCIATED_DATA: N/A
INSTRUMENT_INFO: CO2 measurements based on non-dispersive infrared absorption spectroscopy
DATA_INFO: Units are ppmv
UNCERTAINTY: UNCERTAINTY RELATIVE TO STANDARD: 1.71 ppmv at 1 sigma confidence (before drift correction is applied)
ULOD_FLAG: -7777
ULOD_VALUE: 3000
LLOD_FLAG: -8888
LLOD_VALUE: N/A 
DM_CONTACT_INFO: N/A
PROJECT_INFO: NETCARE Polar 6 aircraft campaign in April 2015; Longyearbyen
STIPULATIONS_ON_USE: N/A
OTHER_COMMENTS: N/A
REVISION: R1
R0: Preliminary data, corrected for instrument drift
R1: Final data, corrected for instrument drift
Time_UTC,CO2_ppmv
35004,405.41
35005,405.38
35006,405.58
35007,407.74
35008,405.82
35009,405.53
35010,405.44
35011,405.42
35012,405.49
35013,405.44
35014,405.42
35015,405.40
35016,405.62
35017,405.57
35018,405.41
35019,405.55
35020,405.36
35021,405.42
35022,405.43
35023,405.43
35024,405.49
35025,405.42
35026,405.44
35027,405.39
35028,405.48
35029,405.50
35030,405.61
35031,405.66
35032,405.50
35033,405.54
35034,405.43
35035,405.55
35036,405.56
35037,405.47
35038,405.53
35039,405.46
35040,405.46
35041,405.54
35042,405.49
35043,405.58
35044,405.45
35045,405.55
35046,405.73
35047,405.56
35048,405.55
35049,405.50
35050,405.56
35051,405.58
35052,405.69
35053,405.58
35054,405.68
35055,405.60
35056,405.48
35057,405.57
35058,405.53
35059,405.60
35060,405.66
35061,405.64
35062,405.54
35063,405.52
35064,405.68
35065,405.63
35066,405.57
35067,405.59
35068,405.67
35069,405.57
35070,405.55
35071,405.63
35072,405.63
35073,405.52
35074,405.58
35075,405.62
35076,405.57
35077,405.65
35078,405.61
35079,405.64
35080,405.54
35081,405.62
35082,405.66
35083,405.66
35084,405.59
35085,405.69
35086,405.68
35087,405.50
35088,405.69
35089,405.68
35090,405.64
35091,405.52
35092,405.56
35093,405.65
35094,405.66
35095,405.55
35096,405.58
35097,405.57
35098,405.58
35099,405.61
35100,405.63
35101,405.62
35102,405.63
35103,405.58
35104,405.57
35105,405.66
35106,405.62
35107,405.66
35108,405.62
35109,405.64
35110,405.57
35111,405.54
35112,405.71
35113,405.53
35114,405.60
35115,405.67
35116,405.58
35117,405.72
35118,405.61
35119,405.56
35120,405.67
35121,405.60
35122,405.69
35123,405.72
35124,405.68
35125,405.65
35126,405.58
35127,405.64
35128,405.75
35129,405.64
35130,405.70
35131,405.67
35132,405.70
35133,405.79
35134,405.76
35135,405.67
35136,405.85
35137,405.79
35138,405.80
35139,405.88
35140,405.83
35141,405.79
35142,405.92
35143,405.78
35144,405.83
35145,405.88
35146,405.78
35147,405.87
35148,405.89
35149,405.87
35150,405.92
35151,405.93
35152,405.90
35153,405.78
35154,405.88
35155,405.87
35156,406.02
35157,405.89
35158,405.82
35159,405.93
35160,405.95
35161,406.01
35162,405.88
35163,405.96
35164,405.91
35165,405.92
35166,405.98
35167,405.99
35168,406.00
35169,405.97
35170,405.98
35171,405.94
35172,405.95
35173,405.97
35174,406.03
35175,405.98
35176,405.91
35177,405.98
35178,406.04
35179,405.91
35180,405.92
35181,405.90
35182,405.98
35183,405.95
35184,406.11
35185,405.92
35186,406.16
35187,406.00
35188,405.97
35189,405.94
35190,406.27
35191,405.93
35192,406.00
35193,-9999.99
35194,-9999.99
35195,-9999.99
35196,-9999.99
35197,406.16
35198,406.26
35199,406.19
35200,406.04
35201,405.95
35202,406.21
35203,406.05
35204,406.08
35205,405.93
35206,406.23
35207,406.03
35208,406.07
35209,406.00
35210,406.10
35211,406.12
35212,406.29
35213,406.10
35214,406.00
35215,406.05
35216,406.04
35217,406.06
35218,406.12
35219,405.96
35220,406.25
35221,406.05
35222,406.23
35223,406.14
35224,405.95
35225,406.04
35226,406.24
35227,406.12
35228,406.13
35229,406.06
35230,406.26
35231,406.25
35232,406.01
35233,406.02
35234,406.05
35235,406.15
35236,406.11
35237,406.08
35238,406.11
35239,406.21
35240,406.28
35241,406.03
35242,406.25
35243,406.13
35244,406.15
35245,406.17
35246,406.21
35247,406.08
35248,406.05
35249,406.21
35250,406.19
35251,406.15
35252,405.99
35253,406.26
35254,406.28
35255,406.17
35256,406.11
35257,406.22
35258,406.21
35259,406.26
35260,406.22
35261,406.20
35262,406.24
35263,406.15
35264,406.24
35265,406.17
35266,406.16
35267,406.28
35268,406.18
35269,406.21
35270,406.19
35271,406.19
35272,406.22
35273,406.19
35274,406.14
35275,406.23
35276,406.22
35277,406.20
35278,406.15
35279,406.20
35280,406.08
35281,406.10
35282,406.12
35283,406.29
35284,406.31
35285,406.10
35286,406.05
35287,406.40
35288,406.15
35289,406.21
35290,406.25
35291,406.27
35292,406.24
35293,406.26
35294,406.07
35295,406.19
35296,406.22
35297,406.29
35298,406.02
35299,406.26
35300,406.28
35301,406.21
35302,406.12
35303,406.20
35304,406.20
35305,406.15
35306,406.26
35307,406.17
35308,406.10
35309,406.12
35310,406.13
35311,406.18
35312,406.15
35313,406.21
35314,406.25
35315,405.97
35316,406.21
35317,406.22
35318,406.22
35319,406.11
35320,406.12
35321,406.21
35322,406.29
35323,406.08
35324,406.14
35325,406.00
35326,406.25
35327,406.12
35328,406.09
35329,406.17
35330,406.17
35331,406.19
35332,406.14
35333,406.24
35334,406.25
35335,406.04
35336,406.18
35337,406.18
35338,406.21
35339,406.15
35340,406.04
35341,405.99
35342,406.16
35343,406.20
35344,406.06
35345,406.20
35346,406.17
35347,406.09
35348,406.19
35349,406.28
35350,406.02
35351,406.06
35352,406.28
35353,406.08
35354,406.06
35355,406.07
35356,406.17
35357,406.22
35358,406.04
35359,406.04
35360,406.17
35361,406.32
35362,405.87
35363,406.30
35364,406.01
35365,406.16
35366,406.02
35367,406.07
35368,406.31
35369,406.13
35370,406.02
35371,406.10
35372,406.02
35373,406.16
35374,405.94
35375,406.18
35376,406.06
35377,406.04
35378,406.01
35379,406.14
35380,406.01
35381,406.09
35382,405.94
35383,406.13
35384,406.09
35385,406.04
35386,406.04
35387,406.16
35388,406.24
35389,405.93
35390,405.97
35391,406.07
35392,405.93
35393,405.98
35394,406.10
35395,406.05
35396,406.09
35397,406.08
35398,406.11
35399,406.01
35400,406.03
35401,405.95
35402,406.12
35403,406.03
35404,406.09
35405,406.03
35406,406.04
35407,406.06
35408,406.15
35409,406.07
35410,406.06
35411,406.14
35412,406.10
35413,406.08
35414,406.14
35415,406.12
35416,406.01
35417,406.20
35418,406.16
35419,406.10
35420,406.17
35421,406.14
35422,406.17
35423,406.04
35424,406.18
35425,406.14
35426,406.16
35427,406.14
35428,406.20
35429,406.19
35430,406.20
35431,406.24
35432,406.18
35433,406.23
35434,406.17
35435,406.27
35436,406.23
35437,406.24
35438,406.22
35439,406.29
35440,406.28
35441,406.29
35442,406.24
35443,406.24
35444,406.25
35445,406.26
35446,406.28
35447,406.26
35448,406.29
35449,406.38
35450,406.25
35451,406.32
35452,406.25
35453,406.24
35454,406.31
35455,406.35
35456,406.43
35457,406.33
35458,406.32
35459,406.33
35460,406.35
35461,406.32
35462,406.38
35463,406.31
35464,406.28
35465,406.34
35466,406.40
35467,406.32
35468,406.32
35469,406.39
35470,406.33
35471,406.34
35472,406.35
35473,406.33
35474,406.35
35475,406.38
35476,406.33
35477,406.34
35478,406.35
35479,406.38
35480,406.24
35481,406.42
35482,406.43
35483,406.55
35484,406.52
35485,406.34
35486,406.44
35487,406.49
35488,406.53
35489,406.50
35490,406.46
35491,406.48
35492,406.45
35493,406.47
35494,406.47
35495,406.42
35496,406.47
35497,406.52
35498,406.53
35499,406.53
35500,406.56
35501,406.52
35502,406.54
35503,406.60
35504,406.58
35505,406.51
35506,406.54
35507,406.54
35508,406.54
35509,406.59
35510,406.58
35511,406.48
35512,406.60
35513,406.67
35514,406.62
35515,406.60
35516,406.52
35517,406.62
35518,406.61
35519,406.66
35520,406.59
35521,406.56
35522,406.64
35523,406.64
35524,406.65
35525,406.63
35526,406.65
35527,406.67
35528,406.69
35529,406.67
35530,406.69
35531,406.74
35532,406.65
35533,406.61
35534,406.70
35535,406.75
35536,406.70
35537,406.68
35538,406.68
35539,406.66
35540,406.71
35541,406.73
35542,406.70
35543,406.64
35544,406.72
35545,406.67
35546,406.70
35547,406.67
35548,406.66
35549,406.72
35550,406.71
35551,406.72
35552,406.64
35553,406.75
35554,406.78
35555,406.72
35556,406.64
35557,406.67
35558,406.77
35559,406.73
35560,406.76
35561,406.83
35562,406.68
35563,406.70
35564,406.71
35565,406.77
35566,406.70
35567,406.72
35568,406.63
35569,406.76
35570,406.81
35571,406.67
35572,406.74
35573,406.68
35574,406.81
35575,406.77
35576,406.79
35577,406.71
35578,406.80
35579,406.72
35580,406.74
35581,406.74
35582,406.70
35583,406.75
35584,406.77
35585,406.70
35586,406.70
35587,406.72
35588,406.77
35589,406.72
35590,406.70
35591,406.81
35592,406.68
35593,406.78
35594,406.73
35595,406.69
35596,406.73
35597,406.71
35598,406.70
35599,406.69
35600,406.75
35601,406.73
35602,406.80
35603,406.65
35604,406.73
35605,406.77
35606,406.68
35607,406.72
35608,406.69
35609,406.74
35610,406.65
35611,406.62
35612,406.66
35613,406.69
35614,406.60
35615,406.71
35616,406.65
35617,406.75
35618,406.69
35619,406.72
35620,406.69
35621,406.80
35622,406.66
35623,406.77
35624,406.56
35625,406.68
35626,406.69
35627,406.65
35628,406.70
35629,406.71
35630,406.68
35631,406.67
35632,406.63
35633,406.66
35634,406.61
35635,406.59
35636,406.58
35637,406.57
35638,406.61
35639,406.56
35640,406.58
35641,406.60
35642,406.71
35643,406.58
35644,406.56
35645,406.73
35646,406.57
35647,406.60
35648,406.48
35649,406.57
35650,406.61
35651,406.56
35652,406.55
35653,406.53
35654,406.48
35655,406.46
35656,406.56
35657,406.52
35658,406.59
35659,406.50
35660,406.48
35661,406.57
35662,406.59
35663,406.53
35664,406.48
35665,406.43
35666,406.45
35667,406.47
35668,406.62
35669,406.55
35670,406.51
35671,406.37
35672,406.57
35673,406.45
35674,406.50
35675,406.41
35676,406.53
35677,406.48
35678,406.52
35679,406.45
35680,406.46
35681,406.50
35682,406.55
35683,406.45
35684,406.50
35685,406.53
35686,406.52
35687,406.36
35688,406.44
35689,406.47
35690,-9999.99
35691,-9999.99
35692,-9999.99
35693,-9999.99
35694,-9999.99
35695,-9999.99
35696,-9999.99
35697,-9999.99
35698,-9999.99
35699,-9999.99
35700,-9999.99
35701,-9999.99
35702,-9999.99
35703,-9999.99
35704,-9999.99
35705,-9999.99
35706,-9999.99
35707,-9999.99
35708,-9999.99
35709,-9999.99
35710,-9999.99
35711,-9999.99
35712,-9999.99
35713,-9999.99
35714,-9999.99
35715,-9999.99
35716,-9999.99
35717,-9999.99
35718,-9999.99
35719,-9999.99
35720,-9999.99
35721,-9999.99
35722,-9999.99
35723,-9999.99
35724,-9999.99
35725,-9999.99
35726,-9999.99
35727,-9999.99
35728,-9999.99
35729,-9999.99
35730,-9999.99
35731,-9999.99
35732,-9999.99
35733,-9999.99
35734,-9999.99
35735,-9999.99
35736,-9999.99
35737,-9999.99
35738,-9999.99
35739,-9999.99
35740,-9999.99
35741,-9999.99
35742,-9999.99
35743,-9999.99
35744,-9999.99
35745,-9999.99
35746,-9999.99
35747,-9999.99
35748,-9999.99
35749,-9999.99
35750,-9999.99
35751,-9999.99
35752,-9999.99
35753,-9999.99
35754,-9999.99
35755,-9999.99
35756,-9999.99
35757,-9999.99
35758,-9999.99
35759,-9999.99
35760,-9999.99
35761,-9999.99
35762,-9999.99
35763,-9999.99
35764,-9999.99
35765,-9999.99
35766,-9999.99
35767,-9999.99
35768,-9999.99
35769,-9999.99
35770,-9999.99
35771,-9999.99
35772,-9999.99
35773,-9999.99
35774,-9999.99
35775,-9999.99
35776,-9999.99
35777,-9999.99
35778,-9999.99
35779,-9999.99
35780,-9999.99
35781,-9999.99
35782,-9999.99
35783,-9999.99
35784,-9999.99
35785,-9999.99
35786,-9999.99
35787,-9999.99
35788,-9999.99
35789,-9999.99
35790,-9999.99
35791,-9999.99
35792,-9999.99
35793,-9999.99
35794,-9999.99
35795,-9999.99
35796,-9999.99
35797,-9999.99
35798,-9999.99
35799,-9999.99
35800,-9999.99
35801,-9999.99
35802,-9999.99
35803,-9999.99
35804,-9999.99
35805,-9999.99
35806,-9999.99
35807,-9999.99
35808,-9999.99
35809,-9999.99
35810,-9999.99
35811,-9999.99
35812,-9999.99
35813,-9999.99
35814,-9999.99
35815,-9999.99
35816,-9999.99
35817,-9999.99
35818,-9999.99
35819,-9999.99
35820,-9999.99
35821,-9999.99
35822,-9999.99
35823,-9999.99
35824,-9999.99
35825,-9999.99
35826,-9999.99
35827,-9999.99
35828,-9999.99
35829,-9999.99
35830,-9999.99
35831,-9999.99
35832,-9999.99
35833,-9999.99
35834,-9999.99
35835,-9999.99
35836,-9999.99
35837,-9999.99
35838,-9999.99
35839,-9999.99
35840,-9999.99
35841,-9999.99
35842,-9999.99
35843,-9999.99
35844,-9999.99
35845,-9999.99
35846,-9999.99
35847,-9999.99
35848,-9999.99
35849,-9999.99
35850,-9999.99
35851,-9999.99
35852,-9999.99
35853,-9999.99
35854,-9999.99
35855,-9999.99
35856,-9999.99
35857,-9999.99
35858,-9999.99
35859,-9999.99
35860,-9999.99
35861,-9999.99
35862,-9999.99
35863,-9999.99
35864,-9999.99
35865,-9999.99
35866,-9999.99
35867,-9999.99
35868,-9999.99
35869,-9999.99
35870,-9999.99
35871,-9999.99
35872,-9999.99
35873,-9999.99
35874,-9999.99
35875,-9999.99
35876,-9999.99
35877,-9999.99
35878,-9999.99
35879,-9999.99
35880,-9999.99
35881,-9999.99
35882,-9999.99
35883,-9999.99
35884,-9999.99
35885,-9999.99
35886,-9999.99
35887,-9999.99
35888,-9999.99
35889,406.33
35890,406.34
35891,406.30
35892,406.36
35893,406.34
35894,406.31
35895,406.30
35896,406.38
35897,406.37
35898,406.37
35899,406.35
35900,406.32
35901,406.36
35902,406.31
35903,406.34
35904,406.32
35905,406.39
35906,406.37
35907,406.40
35908,406.39
35909,406.39
35910,406.39
35911,406.38
35912,406.36
35913,406.43
35914,406.42
35915,406.38
35916,406.39
35917,406.37
35918,406.39
35919,406.41
35920,406.41
35921,406.42
35922,406.37
35923,406.40
35924,406.40
35925,406.35
35926,406.34
35927,406.44
35928,406.39
35929,406.36
35930,406.36
35931,406.40
35932,406.26
35933,406.31
35934,406.36
35935,406.34
35936,406.36
35937,406.42
35938,406.36
35939,406.31
35940,406.40
35941,406.31
35942,406.33
35943,406.35
35944,406.40
35945,406.34
35946,406.38
35947,406.37
35948,406.34
35949,406.29
35950,406.36
35951,406.35
35952,406.34
35953,406.36
35954,406.29
35955,406.34
35956,406.33
35957,406.35
35958,406.32
35959,406.38
35960,406.30
35961,406.32
35962,406.37
35963,406.30
35964,406.33
35965,406.30
35966,406.32
35967,406.39
35968,406.35
35969,406.27
35970,406.30
35971,406.35
35972,406.34
35973,406.36
35974,406.27
35975,406.39
35976,406.39
35977,406.39
35978,406.41
35979,406.39
35980,406.33
35981,406.30
35982,406.43
35983,406.34
35984,406.39
35985,406.41
35986,406.41
35987,406.42
35988,406.42
35989,406.42
35990,406.39
35991,406.35
35992,406.47
35993,406.39
35994,406.33
35995,406.46
35996,406.31
35997,406.41
35998,406.34
35999,406.41
36000,406.41
36001,406.38
36002,406.41
36003,406.46
36004,406.44
36005,406.39
36006,406.40
36007,406.41
36008,406.51
36009,406.43
36010,406.33
36011,406.35
36012,406.43
36013,406.39
36014,406.37
36015,406.41
36016,406.44
36017,406.45
36018,406.34
36019,406.41
36020,406.43
36021,406.45
36022,406.39
36023,406.44
36024,406.43
36025,406.40
36026,406.40
36027,406.44
36028,406.43
36029,406.39
36030,406.33
36031,406.43
36032,406.43
36033,406.46
36034,406.35
36035,406.43
36036,406.40
36037,406.41
36038,406.36
36039,406.37
36040,406.44
36041,406.40
36042,406.38
36043,406.35
36044,406.45
36045,406.39
36046,406.43
36047,406.40
36048,406.38
36049,406.34
36050,406.41
36051,406.36
36052,406.43
36053,406.39
36054,406.32
36055,406.38
36056,406.36
36057,406.35
36058,406.40
36059,406.33
36060,406.41
36061,406.38
36062,406.37
36063,406.34
36064,406.39
36065,406.31
36066,406.36
36067,406.27
36068,406.36
36069,406.42
36070,406.42
36071,406.39
36072,406.34
36073,406.37
36074,406.37
36075,406.40
36076,406.39
36077,406.41
36078,406.36
36079,406.40
36080,406.47
36081,406.41
36082,406.34
36083,406.35
36084,406.45
36085,406.38
36086,406.40
36087,406.28
36088,406.43
36089,406.40
36090,406.36
36091,406.35
36092,406.29
36093,406.39
36094,406.38
36095,406.26
36096,406.39
36097,406.33
36098,406.38
36099,406.28
36100,406.35
36101,406.34
36102,406.24
36103,406.37
36104,406.32
36105,406.26
36106,406.25
36107,406.30
36108,406.25
36109,406.28
36110,406.29
36111,406.35
36112,406.30
36113,406.24
36114,406.30
36115,406.27
36116,406.25
36117,406.25
36118,406.34
36119,406.28
36120,406.27
36121,406.28
36122,406.28
36123,406.26
36124,406.25
36125,406.24
36126,406.27
36127,406.29
36128,406.26
36129,406.29
36130,406.31
36131,406.26
36132,406.20
36133,406.26
36134,406.22
36135,406.21
36136,406.22
36137,406.22
36138,406.31
36139,406.17
36140,406.28
36141,406.28
36142,406.23
36143,406.30
36144,406.27
36145,406.25
36146,406.30
36147,406.25
36148,406.21
36149,406.28
36150,406.20
36151,406.24
36152,406.24
36153,406.21
36154,406.22
36155,406.28
36156,406.25
36157,406.23
36158,406.24
36159,406.18
36160,406.27
36161,406.28
36162,406.24
36163,406.22
36164,406.17
36165,406.15
36166,406.22
36167,406.17
36168,406.21
36169,406.17
36170,406.10
36171,406.21
36172,406.06
36173,406.14
36174,406.23
36175,406.27
36176,406.25
36177,406.25
36178,406.18
36179,406.26
36180,406.19
36181,406.17
36182,406.18
36183,406.24
36184,406.22
36185,406.20
36186,406.12
36187,406.12
36188,406.15
36189,406.15
36190,406.19
36191,406.21
36192,406.16
36193,406.21
36194,406.21
36195,406.23
36196,406.20
36197,406.16
36198,406.21
36199,406.25
36200,406.31
36201,406.26
36202,406.29
