data/raw/Flight1/CO2_POLAR6_20150405_R1_NETCARE.ict
34, 1001
Bozem, Heiko; Hoor, Peter
Institute for Atmospheric Physics, Johannes Gutenberg University, Mainz, Germany
CO2 mixing ratio from LI7200 CO2 analyzer
NETCARE Polar 6 Campaign 2015
1, 1
2015, 04, 05, 2015, 08, 12
1
Time_UTC, seconds
1
1
-9999.99
CO2_ppmv, ppmv
0
19
PI_CONTACT_INFO: Address: Johann-Joachim-Becherweg 21, 55128 Mainz, email: bozemh@uni-mainz.de; hoor@uni-mainz.de
PLATFORM: Polar 6
LOCATION: GPS location and altitude available at 1 Hz resolution in separate file (See AIMMS files under Aircraft data and meteorology)
ASSOCIATED_DATA: N/A
INSTRUMENT_INFO: CO2 measurements based on non-dispersive infrared absorption spectroscopy
DATA_INFO: Units are ppmv
UNCERTAINTY: UNCERTAINTY RELATIVE TO STANDARD: 1.71 ppmv at 1 sigma confidence (before drift correction is applied)
ULOD_FLAG: -7777
ULOD_VALUE: 3000
LLOD_FLAG: -8888
LLOD_VALUE: N/A 
DM_CONTACT_INFO: N/A
PROJECT_INFO: NETCARE Polar 6 aircraft campaign in April 2015; Longyearbyen
STIPULATIONS_ON_USE: N/A
OTHER_COMMENTS: N/A
REVISION: R1
R0: Preliminary data, corrected for instrument drift
R1: Final data, corrected for instrument drift
Time_UTC,CO2_ppmv
[from data line 2407]
37411,-9999.99
37412,-9999.99
37413,-9999.99
37414,-9999.99
37415,-9999.99
37416,-9999.99
37417,-9999.99
37418,-9999.99
37419,-9999.99
37420,-9999.99
37421,-9999.99
37422,-9999.99
37423,-9999.99
37424,-9999.99
37425,-9999.99
37426,-9999.99
37427,-9999.99
37428,-9999.99
37429,-9999.99
37430,-9999.99
37431,-9999.99
37432,-9999.99
37433,-9999.99
37434,-9999.99
37435,-9999.99
37436,-9999.99
37437,-9999.99
37438,-9999.99
37439,-9999.99
37440,-9999.99
37441,-9999.99
37442,-9999.99
37443,-9999.99
37444,-9999.99
37445,-9999.99
37446,-9999.99
37447,-9999.99
37448,-9999.99
37449,-9999.99
37450,-9999.99
37451,-9999.99
37452,406.59
37453,406.59
37454,406.60
37455,406.60
37456,406.54
37457,406.63
37458,406.58
37459,406.58
37460,406.67
37461,406.58
37462,406.58
37463,406.59
37464,406.50
37465,406.63
37466,406.61
37467,406.61
37468,406.69
37469,406.60
37470,406.57
37471,406.57
37472,406.53
37473,406.60
37474,406.56
37475,406.56
37476,406.68
37477,406.52
37478,406.57
37479,406.67
37480,406.61
37481,406.66
37482,406.62
37483,406.69
37484,406.62
37485,406.61
37486,406.66
37487,406.60
37488,406.55
37489,406.62
37490,406.61
37491,406.61
37492,406.62
37493,406.63
37494,406.63
37495,406.65
37496,406.63
37497,406.67
37498,406.56
37499,406.65
37500,406.57
37501,406.67
37502,406.61
37503,406.67
37504,406.69
37505,406.57
37506,406.62
37507,406.61
37508,406.58
37509,406.64
37510,406.60
37511,406.64
37512,406.54
37513,406.65
37514,406.75
37515,406.58
37516,406.66
37517,406.62
37518,406.59
37519,406.57
37520,406.66
37521,406.64
37522,406.56
37523,406.59
37524,406.58
37525,406.54
37526,406.67
37527,406.62
37528,406.59
37529,406.67
37530,406.66
37531,406.59
37532,406.63
37533,406.66
37534,406.64
37535,406.65
37536,406.64
37537,406.62
37538,406.68
37539,406.62
37540,406.63
37541,406.65
37542,406.65
37543,406.68
37544,406.66
37545,406.60
37546,406.70
37547,406.58
37548,406.65
37549,406.56
37550,406.54
37551,406.61
37552,406.63
37553,406.62
37554,406.55
37555,406.64
37556,406.50
37557,406.62
37558,406.49
37559,406.50
37560,406.57
37561,406.48
37562,406.64
37563,406.54
37564,406.57
37565,406.51
37566,406.59
37567,406.50
37568,406.57
37569,406.65
37570,406.64
37571,406.59
37572,406.59
37573,406.55
37574,406.58
37575,406.58
37576,406.51
37577,406.61
37578,406.54
37579,406.57
37580,406.52
37581,406.53
37582,406.52
37583,406.56
37584,406.54
37585,406.54
37586,406.56
37587,406.54
37588,406.55
37589,406.58
37590,406.63
37591,406.56
37592,406.57
37593,406.55
37594,406.47
37595,406.59
37596,406.52
37597,406.58
37598,406.57
37599,406.58
37600,406.46
37601,406.46
37602,406.63
37603,406.58
37604,406.54
37605,406.47
37606,406.57
37607,406.47
37608,406.56
37609,406.58
37610,406.42
37611,406.61
37612,406.58
37613,406.65
37614,406.53
37615,406.59
37616,406.65
37617,406.66
37618,406.62
37619,406.54
37620,406.68
37621,406.56
37622,406.57
37623,406.64
37624,406.64
37625,406.61
37626,406.64
37627,406.60
37628,406.56
37629,406.62
37630,406.51
37631,406.55
37632,406.52
37633,406.50
37634,406.54
37635,406.58
37636,406.62
37637,406.50
37638,406.65
37639,406.60
37640,406.52
37641,406.58
37642,406.59
37643,406.49
37644,406.56
37645,406.61
37646,406.63
37647,406.61
37648,406.62
37649,406.57
37650,406.63
37651,406.58
37652,406.55
37653,406.62
37654,406.53
37655,406.63
37656,406.70
37657,406.60
37658,406.63
37659,406.60
37660,406.61
37661,406.62
37662,406.58
37663,406.61
37664,406.61
37665,406.62
37666,406.56
37667,406.64
37668,406.49
37669,406.54
37670,406.56
37671,406.52
37672,406.53
37673,406.59
37674,406.51
37675,406.54
37676,406.59
37677,406.59
37678,406.57
37679,406.56
37680,406.50
37681,406.59
37682,406.57
37683,406.57
37684,406.56
37685,406.60
37686,406.61
37687,406.64
37688,406.60
37689,406.58
37690,406.61
37691,406.54
37692,406.59
37693,406.55
37694,406.59
37695,406.52
37696,406.65
37697,406.59
37698,406.59
37699,406.66
37700,406.53
37701,406.58
37702,406.64
37703,406.51
37704,406.69
37705,406.53
37706,406.62
37707,406.63
37708,406.55
37709,406.53
37710,406.56
37711,406.55
37712,406.58
37713,406.59
37714,406.64
37715,406.66
37716,406.63
37717,406.47
37718,406.37
37719,406.50
37720,406.31
37721,406.37
37722,406.38
37723,406.37
37724,406.48
37725,406.42
37726,406.43
37727,406.42
37728,406.37
37729,406.41
37730,406.33
37731,406.37
37732,406.31
37733,406.49
37734,406.41
37735,406.35
37736,406.39
37737,406.39
37738,406.31
37739,406.43
37740,406.32
37741,406.35
37742,406.38
37743,406.38
37744,406.47
37745,406.32
37746,406.34
37747,406.33
37748,406.38
37749,406.37
37750,406.31
37751,406.20
37752,406.36
37753,406.32
37754,406.32
37755,406.40
37756,406.37
37757,406.26
37758,406.44
37759,406.36
37760,406.36
37761,406.30
37762,406.26
37763,406.39
37764,406.36
37765,406.30
37766,406.33
37767,406.33
37768,406.31
37769,406.40
37770,406.30
37771,406.35
37772,406.40
37773,406.31
37774,406.32
37775,406.34
37776,406.40
37777,406.32
37778,406.41
37779,406.48
37780,406.40
37781,406.44
37782,406.44
37783,406.45
37784,406.39
37785,406.44
37786,406.44
37787,406.48
37788,406.35
37789,406.46
37790,406.36
37791,406.51
37792,406.54
37793,406.49
37794,406.42
37795,406.46
37796,406.49
37797,406.52
37798,406.50
37799,406.54
37800,406.63
37801,406.51
37802,406.72
37803,406.65
37804,406.68
37805,406.66
37806,406.68
37807,406.67
37808,406.58
37809,406.62
37810,406.64
37811,406.64
37812,406.72
37813,406.65
37814,406.60
37815,406.66
37816,406.68
37817,406.67
37818,406.68
37819,406.63
37820,406.64
37821,406.62
37822,406.59
37823,406.60
37824,406.64
37825,406.68
37826,406.71
37827,406.62
37828,406.70
37829,406.67
37830,406.58
37831,406.71
37832,406.72
37833,406.67
37834,406.75
37835,406.59
37836,406.65
37837,406.70
37838,406.65
37839,406.63
37840,406.69
37841,406.61
37842,406.73
37843,406.69
37844,406.66
37845,406.62
37846,406.65
37847,406.64
37848,406.76
37849,406.65
37850,406.66
37851,406.63
37852,406.70
37853,406.64
37854,406.66
37855,406.74
37856,406.75
37857,406.73
37858,406.65
37859,406.68
37860,406.69
37861,406.67
37862,406.67
37863,406.71
37864,406.78
37865,406.59
37866,406.73
37867,406.69
37868,406.76
37869,406.72
37870,406.70
37871,406.56
37872,406.67
37873,406.66
37874,406.71
37875,406.66
37876,406.60
37877,406.66
37878,406.54
37879,406.63
37880,406.64
37881,406.67
37882,406.59
37883,406.69
37884,406.69
37885,406.69
37886,406.66
37887,406.63
37888,406.53
37889,406.59
37890,406.60
37891,406.71
37892,406.63
37893,406.55
37894,406.66
37895,406.58
37896,406.60
37897,406.55
37898,406.74
37899,406.62
37900,406.52
37901,406.66
37902,406.62
37903,406.59
37904,406.59
37905,406.63
37906,406.55
37907,406.58
37908,406.56
37909,406.58
37910,406.55
37911,406.67
37912,406.65
37913,406.58
37914,406.55
37915,406.66
37916,406.61
37917,406.63
37918,406.63
37919,406.61
37920,406.55
37921,406.59
37922,406.61
37923,406.58
37924,406.58
37925,406.64
37926,406.64
37927,406.59
37928,406.64
37929,406.68
37930,406.65
37931,406.59
37932,406.60
37933,406.66
37934,406.54
37935,406.61
37936,406.65
37937,406.66
37938,406.65
37939,406.54
37940,406.57
37941,406.67
37942,406.61
37943,406.60
37944,406.73
37945,406.54
37946,406.64
37947,406.63
37948,406.60
37949,406.53
37950,406.54
37951,406.58
37952,406.53
37953,406.53
37954,406.56
37955,406.55
37956,406.57
37957,406.64
37958,406.60
37959,406.54
37960,406.61
37961,406.69
37962,406.57
37963,406.60
37964,406.43
37965,406.56
37966,406.53
37967,406.37
37968,406.41
37969,406.49
37970,406.37
37971,406.36
37972,406.35
37973,406.41
37974,406.36
37975,406.36
37976,406.43
37977,406.32
37978,406.32
37979,406.34
37980,406.49
37981,406.40
37982,406.42
37983,406.44
37984,406.32
37985,406.33
37986,406.37
37987,406.40
37988,406.33
37989,406.37
37990,406.44
37991,406.36
37992,406.35
37993,406.37
37994,406.37
37995,406.37
37996,406.32
37997,406.36
37998,406.39
37999,406.35
38000,406.37
38001,406.31
38002,406.33
38003,406.39
38004,406.27
38005,406.40
38006,406.32
38007,406.29
38008,406.38
38009,406.27
38010,406.38
38011,406.30
38012,406.35
38013,406.31
38014,406.34
38015,406.34
38016,406.41
38017,406.30
38018,406.35
38019,406.42
38020,406.33
38021,406.38
38022,406.40
38023,406.34
38024,406.36
38025,406.36
38026,406.37
38027,406.37
38028,406.39
38029,406.44
38030,406.27
38031,406.39
38032,406.35
38033,406.36
38034,406.38
38035,406.40
38036,406.39
38037,406.38
38038,406.47
38039,406.45
38040,406.29
38041,406.35
38042,406.39
38043,406.43
38044,406.48
38045,406.40
38046,406.41
38047,406.35
38048,406.39
38049,406.36
38050,406.47
38051,406.43
38052,406.44
38053,406.40
38054,406.36
38055,406.44
38056,406.39
38057,406.42
38058,406.49
38059,406.45
38060,406.42
38061,406.46
38062,406.38
38063,406.32
38064,406.48
38065,406.44
38066,406.40
38067,406.41
38068,406.43
38069,406.38
38070,406.37
38071,406.39
38072,406.41
38073,406.35
38074,406.33
38075,406.42
38076,406.38
38077,406.43
38078,406.43
38079,406.43
38080,406.46
38081,406.38
38082,406.42
38083,406.43
38084,406.36
38085,406.29
38086,406.39
38087,406.42
38088,406.40
38089,406.44
38090,406.40
38091,406.36
38092,406.52
38093,406.35
38094,406.36
38095,406.39
38096,406.45
38097,406.50
38098,406.40
38099,406.38
38100,406.38
38101,406.35
38102,406.47
38103,406.43
38104,406.39
38105,406.42
38106,406.39
38107,406.42
38108,406.43
38109,406.36
38110,406.32
38111,406.46
38112,406.51
38113,406.37
38114,406.47
38115,406.44
38116,406.34
38117,406.36
38118,406.41
38119,406.37
38120,406.40
38121,406.45
38122,406.47
38123,406.41
38124,406.39
38125,406.40
38126,406.50
38127,406.46
38128,406.38
38129,406.43
38130,406.38
38131,406.50
38132,406.36
38133,406.42
38134,406.47
38135,406.32
38136,406.44
38137,406.31
38138,406.35
38139,406.42
38140,406.45
38141,406.50
38142,406.37
38143,406.49
38144,406.45
38145,406.44
38146,406.40
38147,406.35
38148,406.45
38149,406.42
38150,406.42
38151,406.45
38152,406.40
38153,406.40
38154,406.48
38155,406.46
38156,406.42
38157,406.38
38158,406.44
38159,406.44
38160,406.36
38161,406.47
38162,406.41
38163,406.42
38164,406.39
38165,406.45
38166,406.47
38167,406.39
38168,406.45
38169,406.52
38170,406.45
38171,406.51
38172,406.39
38173,406.43
38174,406.49
38175,406.44
38176,406.49
38177,406.46
38178,406.41
38179,406.44
38180,406.41
38181,406.45
38182,406.42
38183,406.55
38184,406.42
38185,406.42
38186,406.42
38187,406.44
38188,406.47
38189,406.37
38190,406.54
38191,406.40
38192,406.42
38193,406.53
38194,406.40
38195,406.43
38196,406.45
38197,406.42
38198,406.35
38199,406.51
38200,406.46
38201,406.44
38202,406.42
38203,406.49
38204,406.41
38205,406.41
38206,406.43
38207,406.44
38208,406.53
38209,406.48
38210,406.41
38211,406.45
38212,406.39
38213,406.46
38214,406.47
38215,406.42
38216,406.45
38217,406.46
38218,406.39
38219,406.41
38220,406.48
38221,406.40
38222,406.40
38223,406.43
38224,406.46
38225,406.39
38226,406.41
38227,406.45
38228,406.40
38229,406.51
38230,406.41
38231,406.49
38232,406.49
38233,406.50
38234,406.42
38235,406.51
38236,406.42
38237,406.48
38238,406.54
38239,406.42
38240,406.55
38241,406.42
38242,406.48
38243,406.48
38244,406.34
38245,406.45
38246,406.45
38247,406.47
38248,406.37
38249,406.42
38250,406.35
38251,406.40
38252,406.41
38253,406.47
38254,406.45
38255,406.31
38256,406.35
38257,406.37
38258,406.45
38259,406.37
38260,406.43
38261,406.33
38262,406.37
38263,406.38
38264,406.40
38265,406.38
38266,406.39
38267,406.48
38268,406.47
38269,406.42
38270,406.47
38271,406.41
38272,406.41
38273,406.34
38274,406.36
38275,406.46
38276,406.43
38277,406.33
38278,406.35
38279,406.43
38280,406.40
38281,406.42
38282,406.41
38283,406.45
38284,406.56
38285,406.33
38286,406.36
38287,406.44
38288,406.50
38289,406.35
38290,406.44
38291,406.38
38292,406.36
38293,406.39
38294,406.43
38295,406.37
38296,406.41
38297,406.41
38298,406.40
38299,406.47
38300,406.36
38301,406.35
38302,406.48
38303,406.46
38304,406.46
38305,406.05
38306,406.39
38307,406.42
38308,406.40
38309,406.37
38310,406.42
38311,406.40
38312,406.51
38313,406.48
38314,406.37
38315,406.47
38316,406.44
38317,406.41
38318,406.44
38319,406.42
38320,406.41
38321,406.46
38322,406.43
38323,406.72
38324,406.41
38325,406.61
38326,406.05
38327,406.46
38328,406.41
38329,406.49
38330,406.40
38331,406.40
38332,406.45
38333,406.41
38334,406.44
38335,406.45
38336,406.39
38337,406.36
38338,406.52
38339,406.38
38340,406.43
38341,406.43
38342,406.46
38343,406.40
38344,406.45
38345,406.35
38346,406.50
38347,406.37
38348,406.43
38349,406.42
38350,406.33
38351,406.41
38352,406.39
38353,406.47
38354,406.39
38355,406.41
38356,406.46
38357,406.52
38358,406.48
38359,406.45
38360,406.43
38361,406.45
38362,406.55
38363,406.43
38364,406.34
38365,406.47
38366,406.35
38367,406.48
38368,406.47
38369,406.48
38370,406.45
38371,406.55
38372,406.44
38373,406.39
38374,406.47
38375,406.53
38376,406.42
38377,406.46
38378,406.48
38379,406.51
38380,406.44
38381,406.42
38382,406.50
38383,406.43
38384,406.47
38385,406.47
38386,406.56
38387,406.42
38388,406.46
38389,406.43
38390,406.49
38391,406.56
38392,406.45
38393,406.49
38394,406.42
38395,406.44
38396,406.41
38397,406.47
38398,406.47
38399,406.39
38400,406.45
38401,406.47
38402,406.42
38403,406.45
38404,406.38
38405,406.44
38406,406.46
38407,406.46
38408,406.43
38409,406.43
38410,406.49
38411,406.44
38412,406.47
38413,406.39
38414,406.52
38415,406.34
38416,406.51
38417,406.67
38418,406.30
38419,406.45
38420,406.42
38421,406.49
38422,406.54
38423,406.48
38424,406.49
38425,406.45
38426,406.46
38427,406.47
38428,406.48
38429,406.47
38430,406.52
38431,406.38
38432,406.46
38433,406.49
38434,406.47
38435,406.44
38436,406.52
38437,406.49
38438,406.44
38439,406.55
38440,406.44
38441,406.46
38442,406.45
38443,406.52
38444,406.47
38445,406.49
38446,406.51
38447,406.46
38448,406.48
38449,406.52
38450,406.46
38451,406.53
38452,406.52
38453,406.46
38454,406.40
38455,406.47
38456,406.46
38457,406.46
38458,406.52
38459,406.48
38460,406.43
38461,406.50
38462,406.49
38463,406.74
38464,406.60
38465,406.53
38466,406.58
38467,406.48
38468,406.53
38469,406.47
38470,406.57
38471,406.45
38472,406.49
38473,406.48
38474,406.27
38475,406.70
38476,406.50
38477,406.57
38478,406.50
38479,406.48
38480,406.43
38481,406.47
38482,406.52
38483,406.53
38484,406.51
38485,406.54
38486,406.53
38487,406.53
38488,406.54
38489,406.57
38490,406.53
38491,406.50
38492,406.56
38493,406.50
38494,406.49
38495,406.55
38496,406.43
38497,406.58
38498,406.55
38499,406.54
38500,406.52
38501,406.49
38502,406.51
38503,406.55
38504,406.49
38505,406.62
38506,406.47
38507,406.55
38508,406.51
38509,406.52
38510,406.56
38511,406.46
38512,406.49
38513,406.49
38514,406.47
38515,406.44
38516,406.27
38517,406.51
38518,406.49
38519,406.59
38520,406.73
38521,406.69
38522,406.47
38523,406.49
38524,406.56
38525,406.57
38526,406.47
38527,406.49
38528,406.51
38529,406.65
38530,406.54
38531,406.63
38532,406.57
38533,406.55
38534,406.54
38535,406.53
38536,406.60
38537,406.61
38538,406.58
38539,406.62
38540,406.52
38541,406.60
38542,406.67
38543,406.53
38544,406.67
38545,406.52
38546,406.52
38547,406.57
38548,406.66
38549,406.50
38550,406.53
38551,406.53
38552,406.59
38553,406.60
38554,406.55
38555,406.57
38556,406.50
38557,406.53
38558,406.50
38559,406.55
38560,406.45
38561,406.47
38562,406.42
38563,406.46
38564,406.45
38565,406.55
38566,406.65
38567,406.64
38568,406.61
38569,406.65
38570,406.63
38571,406.60
38572,406.60
38573,406.52
38574,406.68
38575,406.57
38576,406.61
38577,406.62
38578,406.49
38579,406.48
38580,406.45
38581,406.42
38582,406.51
38583,406.42
38584,406.46
38585,406.43
38586,406.52
38587,406.63
38588,406.67
38589,406.56
38590,406.64
38591,406.61
38592,406.58
38593,406.63
38594,406.53
38595,406.64
38596,406.64
38597,406.61
38598,406.58
38599,406.46
38600,406.37
38601,406.36
38602,406.46
38603,406.39
38604,406.53
38605,406.46
38606,406.56
38607,406.46
38608,406.47
38609,406.51
38610,406.55
38611,406.57
38612,406.55
38613,406.45
38614,406.61
38615,406.51
38616,406.54
38617,406.60
38618,406.60
38619,406.59
38620,406.55
38621,406.58
38622,406.56
38623,406.62
38624,406.52
38625,406.59
38626,406.63
38627,406.47
38628,406.64
38629,406.66
38630,406.54
38631,406.60
38632,406.63
38633,406.45
