data/raw/Flight1/CO2_POLAR6_20150405_R1_NETCARE.ict
34, 1001
Bozem, Heiko; Hoor, Peter
Institute for Atmospheric Physics, Johannes Gutenberg University, Mainz, Germany
CO2 mixing ratio from LI7200 CO2 analyzer
NETCARE Polar 6 Campaign 2015
1, 1
2015, 04, 05, 2015, 08, 12
1
Time_UTC, seconds
1
1
-9999.99
CO2_ppmv, ppmv
0
19
PI_CONTACT_INFO: Address: Johann-Joachim-Becherweg 21, 55128 Mainz, email: bozemh@uni-mainz.de; hoor@uni-mainz.de
PLATFORM: Polar 6
LOCATION: GPS location and altitude available at 1 Hz resolution in separate file (See AIMMS files under Aircraft data and meteorology)
ASSOCIATED_DATA: N/A
INSTRUMENT_INFO: CO2 measurements based on non-dispersive infrared absorption spectroscopy
DATA_INFO: Units are ppmv
UNCERTAINTY: UNCERTAINTY RELATIVE TO STANDARD: 1.71 ppmv at 1 sigma confidence (before drift correction is applied)
ULOD_FLAG: -7777
ULOD_VALUE: 3000
LLOD_FLAG: -8888
LLOD_VALUE: N/A 
DM_CONTACT_INFO: N/A
PROJECT_INFO: NETCARE Polar 6 aircraft campaign in April 2015; Longyearbyen
STIPULATIONS_ON_USE: N/A
OTHER_COMMENTS: N/A
REVISION: R1
R0: Preliminary data, corrected for instrument drift
R1: Final data, corrected for instrument drift
Time_UTC,CO2_ppmv
[from data line 10831]
45835,406.67
45836,406.65
45837,406.73
45838,406.66
45839,406.60
45840,406.59
45841,406.70
45842,406.56
45843,406.57
45844,406.64
45845,406.66
45846,406.52
45847,406.56
45848,406.58
45849,406.60
45850,406.55
45851,406.43
45852,406.54
45853,406.57
45854,406.56
45855,406.57
45856,406.45
45857,406.57
45858,406.50
45859,406.58
45860,406.52
45861,406.53
45862,406.49
45863,406.59
45864,406.58
45865,406.49
45866,406.52
45867,406.55
45868,406.61
45869,406.52
45870,406.60
45871,406.46
45872,406.53
45873,406.54
45874,406.60
45875,406.50
45876,406.46
45877,406.58
45878,406.48
45879,406.56
45880,406.64
45881,406.59
45882,406.51
45883,406.54
45884,406.54
45885,406.60
45886,406.62
45887,406.45
45888,406.47
45889,406.54
45890,406.62
45891,406.49
45892,406.64
45893,406.56
45894,406.61
45895,406.52
45896,406.64
45897,406.47
45898,406.57
45899,406.56
45900,406.50
45901,406.55
45902,406.53
45903,406.55
45904,406.52
45905,406.41
45906,406.56
45907,406.42
45908,406.50
45909,406.49
45910,406.46
45911,406.50
45912,406.52
45913,406.41
45914,406.44
45915,406.55
45916,406.48
45917,406.40
45918,406.39
45919,406.46
45920,406.36
45921,406.36
45922,406.46
45923,406.34
45924,406.50
45925,406.44
45926,406.43
45927,406.34
45928,406.53
45929,406.36
45930,406.42
45931,406.40
45932,406.48
45933,406.39
45934,406.49
45935,406.42
45936,406.42
45937,406.32
45938,406.32
45939,406.30
45940,406.24
45941,406.31
45942,406.28
45943,406.33
45944,406.35
45945,406.27
45946,406.25
45947,406.20
45948,406.33
45949,406.31
45950,406.18
45951,406.24
45952,406.25
45953,406.17
45954,406.26
45955,406.21
45956,406.23
45957,406.20
45958,406.23
45959,406.26
45960,406.27
45961,406.23
45962,406.28
45963,406.19
45964,406.28
45965,406.20
45966,406.29
45967,406.28
45968,406.24
45969,406.25
45970,406.26
45971,406.28
45972,406.18
45973,406.24
45974,406.24
45975,406.18
45976,406.22
45977,406.24
45978,406.22
45979,406.29
45980,406.23
45981,406.20
45982,406.23
45983,406.22
45984,406.21
45985,406.22
45986,406.24
45987,406.31
45988,406.20
45989,406.26
45990,406.23
45991,406.20
45992,406.19
45993,406.13
45994,406.10
45995,406.17
45996,406.25
45997,406.24
45998,406.23
45999,406.18
46000,406.26
46001,406.17
46002,406.17
46003,406.20
46004,406.12
46005,406.20
46006,406.12
46007,406.06
46008,406.16
46009,406.18
46010,406.17
46011,406.12
46012,406.11
46013,406.09
46014,406.11
46015,406.15
46016,406.10
46017,406.10
46018,406.02
46019,406.07
46020,406.09
46021,405.99
46022,406.09
46023,405.99
46024,406.04
46025,406.13
46026,406.03
46027,405.99
46028,406.04
46029,405.90
46030,405.96
46031,405.90
46032,405.98
46033,405.92
46034,405.90
46035,406.00
46036,405.96
46037,405.94
46038,405.97
46039,405.99
46040,406.04
46041,406.01
46042,406.11
46043,406.12
46044,406.23
46045,406.15
46046,406.21
46047,406.33
46048,406.46
46049,406.38
46050,406.37
46051,406.34
46052,406.30
46053,406.42
46054,406.31
46055,406.39
46056,406.28
46057,406.33
46058,406.38
46059,406.40
46060,406.33
46061,406.41
46062,406.37
46063,406.41
46064,406.36
46065,406.36
46066,406.33
46067,406.25
46068,406.37
46069,406.18
46070,406.18
46071,406.18
46072,406.25
46073,406.29
46074,406.18
46075,406.18
46076,406.20
46077,406.27
46078,406.28
46079,406.13
46080,406.23
46081,406.26
46082,406.31
46083,406.28
46084,406.26
46085,406.23
46086,406.30
46087,406.19
46088,406.22
46089,406.27
46090,406.32
46091,406.34
46092,406.38
46093,406.38
46094,406.39
46095,406.44
46096,406.40
46097,406.42
46098,406.42
46099,406.37
46100,406.40
46101,406.23
46102,406.25
46103,406.32
46104,406.29
46105,406.28
46106,406.21
46107,406.24
46108,406.22
46109,406.05
46110,406.17
46111,406.19
46112,406.13
46113,406.03
46114,406.02
46115,406.02
46116,406.03
46117,406.08
46118,406.06
46119,406.09
46120,405.98
46121,406.07
46122,405.99
46123,406.02
46124,406.08
46125,406.01
46126,405.98
46127,406.07
46128,406.01
46129,406.03
46130,405.98
46131,406.04
46132,406.05
46133,405.98
46134,406.10
46135,406.01
46136,406.07
46137,406.02
46138,405.97
46139,406.09
46140,405.99
46141,405.96
46142,406.01
46143,405.98
46144,406.01
46145,406.02
46146,406.04
46147,406.04
46148,406.04
46149,406.01
46150,406.06
46151,406.12
46152,406.04
46153,406.23
46154,406.09
46155,406.17
46156,406.18
46157,406.21
46158,406.28
46159,406.23
46160,406.18
46161,406.26
46162,406.23
46163,406.30
46164,406.26
46165,406.13
46166,406.22
46167,406.13
46168,406.19
46169,406.23
46170,406.18
46171,406.20
46172,406.31
46173,406.39
46174,406.27
46175,406.35
46176,406.25
46177,406.32
46178,406.27
46179,406.33
46180,406.37
46181,406.35
46182,406.28
46183,406.34
46184,406.35
46185,406.29
46186,406.34
46187,406.20
46188,406.34
46189,406.26
46190,406.32
46191,406.38
46192,406.37
46193,406.19
46194,406.12
46195,406.04
46196,406.07
46197,406.03
46198,405.87
46199,405.95
46200,405.94
46201,405.96
46202,405.89
46203,405.86
46204,405.85
46205,405.81
46206,405.88
46207,405.87
46208,406.10
46209,406.10
46210,406.02
46211,406.08
46212,406.04
46213,406.06
46214,406.14
46215,406.09
46216,406.02
46217,406.16
46218,406.11
46219,406.05
46220,406.11
46221,406.15
46222,406.12
46223,406.10
46224,406.04
46225,405.89
46226,405.98
46227,405.96
46228,405.93
46229,405.96
46230,405.99
46231,405.98
46232,405.98
46233,405.94
46234,405.97
46235,405.99
46236,405.87
46237,405.92
46238,405.85
46239,405.98
46240,405.89
46241,405.83
46242,405.97
46243,405.93
46244,405.93
46245,405.89
46246,405.92
46247,405.89
46248,405.91
46249,405.96
46250,405.96
46251,405.95
46252,405.93
46253,405.95
46254,406.01
46255,405.99
46256,405.92
46257,405.97
46258,405.95
46259,405.85
46260,405.96
46261,405.89
46262,405.92
46263,405.91
46264,405.90
46265,405.96
46266,405.93
46267,405.88
46268,406.02
46269,405.94
46270,405.98
46271,406.07
46272,406.05
46273,406.11
46274,406.13
46275,406.21
46276,406.23
46277,406.26
46278,406.20
46279,406.25
46280,406.37
46281,406.34
46282,406.31
46283,406.29
46284,406.28
46285,406.29
46286,406.25
46287,406.31
46288,406.24
46289,406.28
46290,406.27
46291,406.36
46292,406.21
46293,406.39
46294,406.30
46295,406.14
46296,406.06
46297,405.92
46298,405.93
46299,405.98
46300,405.77
46301,405.82
46302,405.77
46303,405.94
46304,406.11
46305,406.06
46306,405.92
46307,405.93
46308,405.96
46309,406.01
46310,406.15
46311,405.95
46312,406.05
46313,406.00
46314,406.06
46315,405.98
46316,405.91
46317,405.89
46318,405.93
46319,405.90
46320,405.92
46321,405.98
46322,405.91
46323,406.05
46324,406.01
46325,405.93
46326,405.91
46327,405.85
46328,405.85
46329,405.98
46330,405.96
46331,405.86
46332,405.94
46333,405.93
46334,405.91
46335,405.89
46336,405.88
46337,405.88
46338,405.88
46339,405.86
46340,405.92
46341,405.79
46342,405.91
46343,405.89
46344,405.88
46345,405.92
46346,405.87
46347,405.85
46348,405.83
46349,405.84
46350,405.86
46351,405.97
46352,405.87
46353,405.96
46354,405.90
46355,405.92
46356,405.84
46357,405.85
46358,405.87
46359,405.97
46360,406.16
46361,405.69
46362,405.98
46363,405.94
46364,405.92
46365,405.81
46366,405.96
46367,405.83
46368,405.98
46369,405.90
46370,405.96
46371,405.94
46372,405.92
46373,405.88
46374,406.06
46375,406.02
46376,405.92
46377,405.85
46378,405.86
46379,406.02
46380,405.91
46381,405.92
46382,405.95
46383,405.98
46384,405.92
46385,405.88
46386,405.92
46387,405.95
46388,405.90
46389,405.94
46390,405.86
46391,405.94
46392,406.00
46393,405.93
46394,405.88
46395,405.94
46396,405.94
46397,405.90
46398,405.83
46399,405.86
46400,405.94
46401,405.92
46402,405.86
46403,405.91
46404,405.95
46405,405.97
46406,405.98
46407,405.91
46408,405.98
46409,405.86
46410,406.07
46411,405.97
46412,405.91
46413,405.91
46414,405.95
46415,406.06
46416,406.02
46417,405.89
46418,405.93
46419,405.91
46420,405.99
46421,405.87
46422,405.89
46423,405.90
46424,405.91
46425,405.96
46426,405.89
46427,405.86
46428,405.91
46429,405.82
46430,406.03
46431,405.91
46432,405.89
46433,405.94
46434,405.82
46435,406.00
46436,405.90
46437,406.00
46438,405.94
46439,405.91
46440,405.91
46441,405.98
46442,-9999.99
46443,-9999.99
46444,-9999.99
46445,-9999.99
46446,-9999.99
46447,-9999.99
46448,-9999.99
46449,-9999.99
46450,-9999.99
46451,-9999.99
46452,-9999.99
46453,-9999.99
46454,-9999.99
46455,-9999.99
46456,-9999.99
46457,-9999.99
46458,-9999.99
46459,-9999.99
46460,-9999.99
46461,-9999.99
46462,-9999.99
46463,-9999.99
46464,-9999.99
46465,-9999.99
46466,-9999.99
46467,-9999.99
46468,-9999.99
46469,-9999.99
46470,-9999.99
46471,-9999.99
46472,-9999.99
46473,-9999.99
46474,-9999.99
46475,-9999.99
46476,-9999.99
46477,-9999.99
46478,-9999.99
46479,-9999.99
46480,-9999.99
46481,-9999.99
46482,-9999.99
46483,-9999.99
46484,-9999.99
46485,-9999.99
46486,-9999.99
46487,-9999.99
46488,-9999.99
46489,-9999.99
46490,-9999.99
46491,-9999.99
46492,-9999.99
46493,-9999.99
46494,-9999.99
46495,-9999.99
46496,-9999.99
46497,-9999.99
46498,-9999.99
46499,-9999.99
46500,-9999.99
46501,-9999.99
46502,-9999.99
46503,-9999.99
46504,-9999.99
46505,-9999.99
46506,-9999.99
46507,-9999.99
46508,-9999.99
46509,-9999.99
46510,-9999.99
46511,-9999.99
46512,-9999.99
46513,-9999.99
46514,-9999.99
46515,-9999.99
46516,-9999.99
46517,-9999.99
46518,-9999.99
46519,-9999.99
46520,-9999.99
46521,-9999.99
46522,-9999.99
46523,-9999.99
46524,-9999.99
46525,-9999.99
46526,-9999.99
46527,-9999.99
46528,-9999.99
46529,-9999.99
46530,-9999.99
46531,-9999.99
46532,-9999.99
46533,-9999.99
46534,-9999.99
46535,-9999.99
46536,-9999.99
46537,-9999.99
46538,-9999.99
46539,-9999.99
46540,-9999.99
46541,-9999.99
46542,-9999.99
46543,-9999.99
46544,-9999.99
46545,-9999.99
46546,-9999.99
46547,-9999.99
46548,-9999.99
46549,-9999.99
46550,-9999.99
46551,-9999.99
46552,-9999.99
46553,-9999.99
46554,-9999.99
46555,-9999.99
46556,-9999.99
46557,-9999.99
46558,-9999.99
46559,-9999.99
46560,-9999.99
46561,-9999.99
46562,-9999.99
46563,-9999.99
46564,-9999.99
46565,-9999.99
46566,-9999.99
46567,-9999.99
46568,-9999.99
46569,-9999.99
46570,-9999.99
46571,-9999.99
46572,-9999.99
46573,-9999.99
46574,-9999.99
46575,-9999.99
46576,-9999.99
46577,-9999.99
46578,-9999.99
46579,-9999.99
46580,-9999.99
46581,-9999.99
46582,-9999.99
46583,-9999.99
46584,-9999.99
46585,-9999.99
46586,-9999.99
46587,-9999.99
46588,-9999.99
46589,-9999.99
46590,-9999.99
46591,-9999.99
46592,-9999.99
46593,-9999.99
46594,-9999.99
46595,-9999.99
46596,-9999.99
46597,-9999.99
46598,-9999.99
46599,-9999.99
46600,-9999.99
46601,-9999.99
46602,-9999.99
46603,-9999.99
46604,-9999.99
46605,-9999.99
46606,-9999.99
46607,-9999.99
46608,-9999.99
46609,-9999.99
46610,-9999.99
46611,-9999.99
46612,-9999.99
46613,-9999.99
46614,-9999.99
46615,-9999.99
46616,-9999.99
46617,-9999.99
46618,-9999.99
46619,-9999.99
46620,-9999.99
46621,-9999.99
46622,-9999.99
46623,-9999.99
46624,-9999.99
46625,-9999.99
46626,-9999.99
46627,-9999.99
46628,-9999.99
46629,-9999.99
46630,-9999.99
46631,-9999.99
46632,-9999.99
46633,-9999.99
46634,-9999.99
46635,-9999.99
46636,-9999.99
46637,-9999.99
46638,-9999.99
46639,-9999.99
46640,-9999.99
46641,405.86
46642,406.27
46643,405.70
46644,405.98
46645,406.02
46646,405.90
46647,406.22
46648,405.75
46649,406.04
46650,406.05
46651,406.19
46652,405.96
46653,405.90
46654,406.02
46655,405.94
46656,406.00
46657,406.04
46658,405.99
46659,406.08
46660,405.99
46661,406.03
46662,405.91
46663,406.26
46664,406.03
46665,406.11
46666,406.04
46667,405.98
46668,406.09
46669,406.20
46670,406.04
46671,406.12
46672,406.16
46673,405.97
46674,406.18
46675,406.12
46676,406.12
46677,406.07
46678,406.10
46679,406.09
46680,405.98
46681,406.00
46682,406.04
46683,406.07
46684,406.01
46685,406.06
46686,406.01
46687,406.05
46688,406.09
46689,406.07
46690,405.98
46691,405.98
46692,406.09
46693,406.01
46694,405.97
46695,406.17
46696,406.09
46697,406.05
46698,406.03
46699,405.88
46700,406.10
46701,406.13
46702,406.03
46703,405.98
46704,405.93
46705,406.10
46706,406.21
46707,406.05
46708,406.03
46709,405.99
46710,405.97
46711,406.02
46712,406.05
46713,406.16
46714,406.08
46715,405.95
46716,406.00
46717,405.99
46718,405.95
46719,405.90
46720,405.99
46721,406.07
46722,405.86
46723,406.18
46724,405.78
46725,406.06
46726,405.91
46727,405.95
46728,405.90
46729,405.89
46730,405.82
46731,405.94
46732,406.06
46733,405.94
46734,405.86
46735,405.96
46736,405.83
46737,405.96
46738,406.09
46739,405.85
46740,405.95
46741,405.90
46742,405.95
46743,405.90
46744,405.87
46745,405.93
46746,405.97
46747,405.91
46748,406.14
46749,405.94
46750,405.68
46751,405.97
46752,405.94
46753,405.92
46754,405.89
46755,405.94
46756,405.86
46757,405.96
46758,405.89
46759,405.91
46760,405.87
46761,405.87
46762,405.94
46763,405.87
46764,405.94
46765,405.80
46766,405.91
46767,405.93
46768,405.89
46769,405.85
46770,405.94
46771,405.84
46772,405.90
46773,405.93
46774,405.88
46775,405.91
46776,405.82
46777,405.85
46778,405.91
46779,405.86
46780,405.92
46781,405.90
46782,405.88
46783,405.82
46784,405.88
46785,405.86
46786,405.84
46787,405.87
46788,405.90
46789,405.89
46790,405.87
46791,405.81
46792,405.94
46793,405.89
46794,405.71
46795,406.08
46796,405.85
46797,405.86
46798,405.88
46799,405.89
46800,406.00
46801,406.00
46802,405.94
46803,405.76
46804,405.96
46805,405.97
46806,406.01
46807,406.01
46808,405.96
46809,405.85
46810,406.04
46811,405.86
46812,406.21
46813,405.99
46814,405.85
46815,405.86
46816,405.97
46817,406.02
46818,406.03
46819,406.01
46820,405.82
46821,406.32
46822,405.62
46823,406.27
46824,406.04
46825,405.90
46826,406.23
46827,405.68
46828,406.15
46829,406.08
46830,405.84
46831,405.95
46832,406.10
46833,405.98
46834,406.01
46835,406.09
46836,405.87
46837,406.03
46838,405.94
46839,406.13
46840,406.09
46841,405.80
46842,406.03
46843,406.20
46844,406.16
46845,405.88
46846,406.14
46847,406.11
46848,405.95
46849,406.05
46850,406.25
46851,405.67
46852,406.01
46853,406.11
46854,406.08
46855,406.14
46856,406.02
46857,405.93
46858,406.02
46859,405.96
46860,406.03
46861,406.06
46862,405.90
46863,405.88
46864,405.90
46865,406.10
46866,406.02
46867,405.82
46868,405.82
46869,406.01
46870,406.04
46871,405.96
46872,405.91
46873,405.85
46874,405.95
46875,405.93
46876,405.91
46877,405.82
46878,405.94
46879,405.98
46880,405.87
46881,405.80
46882,405.97
46883,405.90
46884,405.94
46885,405.93
46886,405.89
46887,406.09
46888,405.99
46889,405.82
46890,406.07
46891,405.78
46892,405.99
46893,406.04
46894,405.69
46895,405.87
46896,405.94
46897,405.82
46898,405.92
46899,405.94
46900,405.86
46901,405.84
46902,406.09
46903,405.71
46904,406.32
46905,405.56
46906,406.11
46907,405.92
46908,405.72
46909,405.76
46910,406.02
46911,405.92
46912,405.62
46913,406.31
46914,405.51
46915,406.08
46916,405.85
46917,405.66
46918,405.76
46919,405.93
46920,405.93
46921,405.59
46922,405.61
46923,405.78
46924,405.85
46925,405.91
46926,405.87
46927,405.67
46928,405.74
46929,405.87
46930,405.77
46931,405.80
46932,405.64
46933,405.93
46934,405.93
46935,405.93
46936,405.79
46937,405.83
46938,405.97
46939,405.72
46940,406.02
46941,405.80
46942,405.66
46943,405.89
46944,405.64
46945,405.78
46946,405.88
46947,405.99
46948,405.79
46949,405.74
46950,405.90
46951,405.77
46952,405.77
46953,405.69
46954,405.91
46955,405.96
46956,405.77
46957,405.95
46958,405.89
46959,405.88
46960,405.88
46961,406.14
46962,405.62
46963,406.07
46964,405.62
46965,405.81
46966,406.06
46967,405.79
46968,405.86
46969,405.72
46970,405.92
46971,405.58
46972,405.96
46973,405.91
46974,405.91
46975,405.75
46976,405.95
46977,405.78
46978,405.78
46979,405.71
46980,405.87
46981,405.90
46982,406.10
46983,405.79
46984,405.66
46985,405.94
46986,405.89
46987,405.85
46988,405.81
46989,405.63
46990,405.67
46991,406.09
46992,405.89
46993,405.93
46994,405.94
46995,405.69
46996,405.76
46997,406.16
46998,405.85
46999,405.92
47000,405.62
47001,405.89
47002,405.89
47003,405.90
47004,405.90
47005,405.73
47006,405.91
47007,405.84
47008,405.82
47009,405.94
47010,405.82
47011,405.76
47012,405.74
47013,406.23
47014,405.51
47015,406.16
47016,405.88
47017,405.98
47018,405.70
47019,405.81
47020,406.00
47021,405.97
47022,405.80
47023,405.86
47024,405.99
47025,406.00
47026,405.92
47027,405.84
47028,405.95
47029,406.10
47030,405.91
47031,405.75
47032,405.91
47033,405.97
