data/raw/Flight1/CO2_POLAR6_20150405_R1_NETCARE.ict
34, 1001
Bozem, Heiko; Hoor, Peter
Institute for Atmospheric Physics, Johannes Gutenberg University, Mainz, Germany
CO2 mixing ratio from LI7200 CO2 analyzer
NETCARE Polar 6 Campaign 2015
1, 1
2015, 04, 05, 2015, 08, 12
1
Time_UTC, seconds
1
1
-9999.99
CO2_ppmv, ppmv
0
19
PI_CONTACT_INFO: Address: Johann-Joachim-Becherweg 21, 55128 Mainz, email: bozemh@uni-mainz.de; hoor@uni-mainz.de
PLATFORM: Polar 6
LOCATION: GPS location and altitude available at 1 Hz resolution in separate file (See AIMMS files under Aircraft data and meteorology)
ASSOCIATED_DATA: N/A
INSTRUMENT_INFO: CO2 measurements based on non-dispersive infrared absorption spectroscopy
DATA_INFO: Units are ppmv
UNCERTAINTY: UNCERTAINTY RELATIVE TO STANDARD: 1.71 ppmv at 1 sigma confidence (before drift correction is applied)
ULOD_FLAG: -7777
ULOD_VALUE: 3000
LLOD_FLAG: -8888
LLOD_VALUE: N/A 
DM_CONTACT_INFO: N/A
PROJECT_INFO: NETCARE Polar 6 aircraft campaign in April 2015; Longyearbyen
STIPULATIONS_ON_USE: N/A
OTHER_COMMENTS: N/A
REVISION: R1
R0: Preliminary data, corrected for instrument drift
R1: Final data, corrected for instrument drift
Time_UTC,CO2_ppmv
[from data line 3631]
38635,406.54
38636,406.68
38637,406.55
38638,406.59
38639,406.62
38640,406.61
38641,406.59
38642,406.50
38643,406.54
38644,406.51
38645,406.49
38646,406.51
38647,406.70
38648,406.59
38649,406.51
38650,406.61
38651,406.55
38652,406.61
38653,406.57
38654,406.58
38655,406.51
38656,406.58
38657,406.52
38658,406.50
38659,406.46
38660,406.35
38661,406.41
38662,406.53
38663,406.55
38664,406.42
38665,406.36
38666,406.50
38667,406.44
38668,406.39
38669,406.42
38670,406.40
38671,406.42
38672,406.48
38673,406.48
38674,406.37
38675,406.42
38676,406.18
38677,406.36
38678,406.57
38679,406.24
38680,406.60
38681,406.52
38682,406.53
38683,406.59
38684,406.62
38685,406.65
38686,406.51
38687,406.50
38688,406.58
38689,406.46
38690,406.61
38691,406.47
38692,406.50
38693,406.52
38694,406.43
38695,406.56
38696,406.45
38697,406.50
38698,406.42
38699,406.50
38700,406.42
38701,406.50
38702,406.40
38703,406.55
38704,406.44
38705,406.46
38706,406.47
38707,406.49
38708,406.52
38709,406.43
38710,406.50
38711,406.45
38712,406.40
38713,406.47
38714,406.47
38715,406.53
38716,406.45
38717,406.48
38718,406.43
38719,406.46
38720,406.49
38721,406.41
38722,406.41
38723,406.53
38724,406.43
38725,406.50
38726,406.47
38727,406.44
38728,406.49
38729,406.46
38730,406.46
38731,406.52
38732,406.50
38733,406.56
38734,406.52
38735,406.57
38736,406.54
38737,406.53
38738,406.52
38739,406.40
38740,406.46
38741,406.52
38742,406.44
38743,406.51
38744,406.41
38745,406.50
38746,406.49
38747,406.59
38748,406.57
38749,406.51
38750,406.55
38751,406.51
38752,-9999.99
38753,-9999.99
38754,-9999.99
38755,-9999.99
38756,-9999.99
38757,-9999.99
38758,-9999.99
38759,-9999.99
38760,-9999.99
38761,-9999.99
38762,-9999.99
38763,-9999.99
38764,-9999.99
38765,-9999.99
38766,-9999.99
38767,-9999.99
38768,-9999.99
38769,-9999.99
38770,-9999.99
38771,-9999.99
38772,-9999.99
38773,-9999.99
38774,-9999.99
38775,-9999.99
38776,-9999.99
38777,-9999.99
38778,-9999.99
38779,-9999.99
38780,-9999.99
38781,-9999.99
38782,-9999.99
38783,-9999.99
38784,-9999.99
38785,-9999.99
38786,-9999.99
38787,-9999.99
38788,-9999.99
38789,-9999.99
38790,-9999.99
38791,-9999.99
38792,-9999.99
38793,-9999.99
38794,-9999.99
38795,-9999.99
38796,-9999.99
38797,-9999.99
38798,-9999.99
38799,-9999.99
38800,-9999.99
38801,-9999.99
38802,-9999.99
38803,-9999.99
38804,-9999.99
38805,-9999.99
38806,-9999.99
38807,-9999.99
38808,-9999.99
38809,-9999.99
38810,-9999.99
38811,-9999.99
38812,-9999.99
38813,-9999.99
38814,-9999.99
38815,-9999.99
38816,-9999.99
38817,-9999.99
38818,-9999.99
38819,-9999.99
38820,-9999.99
38821,-9999.99
38822,-9999.99
38823,-9999.99
38824,-9999.99
38825,-9999.99
38826,-9999.99
38827,-9999.99
38828,-9999.99
38829,-9999.99
38830,-9999.99
38831,-9999.99
38832,-9999.99
38833,-9999.99
38834,-9999.99
38835,-9999.99
38836,-9999.99
38837,-9999.99
38838,-9999.99
38839,-9999.99
38840,-9999.99
38841,-9999.99
38842,-9999.99
38843,-9999.99
38844,-9999.99
38845,-9999.99
38846,-9999.99
38847,-9999.99
38848,-9999.99
38849,-9999.99
38850,-9999.99
38851,-9999.99
38852,-9999.99
38853,-9999.99
38854,-9999.99
38855,-9999.99
38856,-9999.99
38857,-9999.99
38858,-9999.99
38859,-9999.99
38860,-9999.99
38861,-9999.99
38862,-9999.99
38863,-9999.99
38864,-9999.99
38865,-9999.99
38866,-9999.99
38867,-9999.99
38868,-9999.99
38869,-9999.99
38870,-9999.99
38871,-9999.99
38872,-9999.99
38873,-9999.99
38874,-9999.99
38875,-9999.99
38876,-9999.99
38877,-9999.99
38878,-9999.99
38879,-9999.99
38880,-9999.99
38881,-9999.99
38882,-9999.99
38883,-9999.99
38884,-9999.99
38885,-9999.99
38886,-9999.99
38887,-9999.99
38888,-9999.99
38889,-9999.99
38890,-9999.99
38891,-9999.99
38892,-9999.99
38893,-9999.99
38894,-9999.99
38895,-9999.99
38896,-9999.99
38897,-9999.99
38898,-9999.99
38899,-9999.99
38900,-9999.99
38901,-9999.99
38902,-9999.99
38903,-9999.99
38904,-9999.99
38905,-9999.99
38906,-9999.99
38907,-9999.99
38908,-9999.99
38909,-9999.99
38910,-9999.99
38911,-9999.99
38912,-9999.99
38913,-9999.99
38914,-9999.99
38915,-9999.99
38916,-9999.99
38917,-9999.99
38918,-9999.99
38919,-9999.99
38920,-9999.99
38921,-9999.99
38922,-9999.99
38923,-9999.99
38924,-9999.99
38925,-9999.99
38926,-9999.99
38927,-9999.99
38928,-9999.99
38929,-9999.99
38930,-9999.99
38931,-9999.99
38932,-9999.99
38933,-9999.99
38934,-9999.99
38935,-9999.99
38936,-9999.99
38937,-9999.99
38938,-9999.99
38939,-9999.99
38940,-9999.99
38941,-9999.99
38942,-9999.99
38943,-9999.99
38944,-9999.99
38945,-9999.99
38946,-9999.99
38947,-9999.99
38948,-9999.99
38949,-9999.99
38950,-9999.99
38951,406.41
38952,406.38
38953,406.37
38954,406.45
38955,406.48
38956,406.53
38957,406.38
38958,406.46
38959,406.48
38960,406.54
38961,406.52
38962,406.37
38963,406.43
38964,406.47
38965,406.43
38966,406.41
38967,406.44
38968,406.49
38969,406.49
38970,406.38
38971,406.39
38972,406.40
38973,406.41
38974,406.46
38975,406.46
38976,406.46
38977,406.48
38978,406.44
38979,406.41
38980,406.51
38981,406.43
38982,406.45
38983,406.46
38984,406.46
38985,406.40
38986,406.49
38987,406.44
38988,406.51
38989,406.39
38990,406.38
38991,406.50
38992,406.42
38993,406.41
38994,406.45
38995,406.51
38996,406.46
38997,406.48
38998,406.46
38999,406.42
39000,406.47
39001,406.51
39002,406.47
39003,406.41
39004,406.48
39005,406.51
39006,406.40
39007,406.50
39008,406.56
39009,406.48
39010,406.49
39011,406.49
39012,406.42
39013,406.43
39014,406.55
39015,406.46
39016,406.54
39017,406.45
39018,406.47
39019,406.45
39020,406.45
39021,406.47
39022,406.44
39023,406.50
39024,406.37
39025,406.48
39026,406.48
39027,406.42
39028,406.48
39029,406.42
39030,406.48
39031,406.44
39032,406.48
39033,406.57
39034,406.34
39035,406.46
39036,406.50
39037,406.51
39038,406.44
39039,406.42
39040,406.51
39041,406.47
39042,406.49
39043,406.56
39044,406.42
39045,406.51
39046,406.46
39047,406.47
39048,406.59
39049,406.46
39050,406.54
39051,406.51
39052,406.47
39053,406.52
39054,406.56
39055,406.53
39056,406.45
39057,406.56
39058,406.42
39059,406.57
39060,406.53
39061,406.45
39062,406.53
39063,406.55
39064,406.53
39065,406.57
39066,406.50
39067,406.52
39068,406.55
39069,406.59
39070,406.56
39071,406.49
39072,406.55
39073,406.57
39074,406.54
39075,406.57
39076,406.53
39077,406.56
39078,406.51
39079,406.56
39080,406.53
39081,406.52
39082,406.59
39083,406.55
39084,406.56
39085,406.48
39086,406.63
39087,406.54
39088,406.62
39089,406.47
39090,406.60
39091,406.62
39092,406.61
39093,406.46
39094,406.57
39095,406.64
39096,406.56
39097,406.48
39098,406.60
39099,406.58
39100,406.58
39101,406.65
39102,406.60
39103,406.58
39104,406.55
39105,406.45
39106,406.53
39107,406.53
39108,406.59
39109,406.60
39110,406.48
39111,406.58
39112,406.62
39113,406.46
39114,406.70
39115,406.53
39116,406.65
39117,406.59
39118,406.44
39119,406.55
39120,406.54
39121,406.58
39122,406.52
39123,406.60
39124,406.63
39125,406.63
39126,406.51
39127,406.56
39128,406.60
39129,406.80
39130,406.32
39131,406.89
39132,406.44
39133,406.43
39134,406.62
39135,406.69
39136,406.54
39137,406.63
39138,406.67
39139,406.81
39140,406.75
39141,406.66
39142,406.64
39143,406.61
39144,406.63
39145,406.79
39146,406.61
39147,406.54
39148,406.65
39149,406.59
39150,406.60
39151,406.63
39152,406.56
39153,406.72
39154,406.50
39155,406.59
39156,406.71
39157,406.54
39158,406.61
39159,406.71
39160,406.61
39161,406.64
39162,406.62
39163,406.53
39164,406.57
39165,406.55
39166,406.59
39167,406.56
39168,406.53
39169,406.66
39170,406.63
39171,406.58
39172,406.57
39173,406.56
39174,406.55
39175,406.62
39176,406.48
39177,406.58
39178,406.53
39179,406.52
39180,406.50
39181,406.66
39182,406.65
39183,406.46
39184,406.54
39185,406.59
39186,406.67
39187,406.58
39188,406.67
39189,406.48
39190,406.58
39191,406.57
39192,406.55
39193,406.58
39194,406.55
39195,406.64
39196,406.55
39197,406.57
39198,406.69
39199,406.51
39200,406.67
39201,406.60
39202,406.57
39203,406.50
39204,406.63
39205,406.47
39206,406.62
39207,406.47
39208,406.66
39209,406.58
39210,406.60
39211,406.63
39212,406.56
39213,406.63
39214,406.52
39215,406.57
39216,406.70
39217,406.65
39218,406.60
39219,406.58
39220,406.63
39221,406.65
39222,406.60
39223,406.54
39224,406.65
39225,406.71
39226,406.71
39227,406.62
39228,406.62
39229,406.55
39230,406.62
39231,406.62
39232,406.58
39233,406.64
39234,406.69
39235,406.62
39236,406.56
39237,406.61
39238,406.62
39239,406.64
39240,406.69
39241,406.58
39242,406.72
39243,406.56
39244,406.64
39245,406.65
39246,406.63
39247,406.79
39248,406.65
39249,406.68
39250,406.75
39251,406.57
39252,406.78
39253,406.90
39254,406.84
39255,406.85
39256,406.75
39257,406.87
39258,406.84
39259,406.82
39260,407.00
39261,406.75
39262,406.80
39263,406.81
39264,406.91
39265,406.87
39266,406.81
39267,406.72
39268,406.86
39269,406.81
39270,406.60
39271,406.61
39272,406.72
39273,406.55
39274,406.61
39275,406.63
39276,406.58
39277,406.72
39278,406.66
39279,406.51
39280,406.67
39281,406.59
39282,406.76
39283,406.66
39284,406.60
39285,406.72
39286,406.53
39287,406.70
39288,406.60
39289,406.71
39290,406.66
39291,406.67
39292,406.65
39293,406.70
39294,406.63
39295,406.69
39296,406.65
39297,406.67
39298,406.73
39299,406.64
39300,406.76
39301,406.62
39302,406.64
39303,406.76
39304,406.71
39305,406.68
39306,406.67
39307,406.64
39308,406.69
39309,406.73
39310,406.63
39311,406.75
39312,406.64
39313,406.75
39314,406.72
39315,406.71
39316,406.63
39317,406.72
39318,406.74
39319,406.69
39320,406.74
39321,406.76
39322,406.67
39323,406.73
39324,406.67
39325,406.76
39326,406.70
39327,406.84
39328,406.87
39329,406.77
39330,406.77
39331,406.74
39332,406.80
39333,406.72
39334,406.68
39335,406.76
39336,406.81
39337,406.76
39338,406.75
39339,406.76
39340,406.80
39341,406.67
39342,406.90
39343,406.79
39344,406.91
39345,406.97
39346,406.92
39347,406.92
39348,406.95
39349,406.95
39350,407.04
39351,406.88
39352,406.97
39353,406.85
39354,406.89
39355,407.01
39356,406.86
39357,406.99
39358,406.89
39359,406.86
39360,406.92
39361,406.99
39362,406.93
39363,407.00
39364,406.92
39365,407.04
39366,406.83
39367,407.03
39368,406.99
39369,406.96
39370,406.88
39371,406.89
39372,406.85
39373,406.97
39374,406.89
39375,406.91
39376,406.99
39377,406.94
39378,407.03
39379,406.97
39380,406.97
39381,406.94
39382,406.97
39383,407.03
39384,406.85
39385,406.84
39386,406.86
39387,406.84
39388,407.02
39389,406.95
39390,406.86
39391,406.86
39392,406.74
39393,406.76
39394,406.81
39395,406.81
39396,406.83
39397,406.81
39398,406.79
39399,406.77
39400,406.85
39401,406.82
39402,406.85
39403,406.81
39404,406.82
39405,406.83
39406,406.81
39407,406.75
39408,406.74
39409,406.77
39410,406.90
39411,406.73
39412,406.84
39413,406.89
39414,406.71
39415,406.76
39416,406.83
39417,406.75
39418,406.84
39419,406.70
39420,406.83
39421,406.78
39422,406.79
39423,406.78
39424,406.75
39425,406.79
39426,406.70
39427,406.81
39428,406.62
39429,406.74
39430,406.61
39431,406.82
39432,406.78
39433,406.86
39434,406.92
39435,406.78
39436,406.88
39437,406.80
39438,406.85
39439,406.90
39440,406.84
39441,406.86
39442,406.84
39443,406.84
39444,406.82
39445,406.88
39446,406.98
39447,406.82
39448,406.86
39449,406.83
39450,406.89
39451,406.87
39452,406.88
39453,406.78
39454,406.90
39455,406.80
39456,406.84
39457,406.82
39458,406.84
39459,406.81
39460,406.85
39461,406.87
39462,406.88
39463,406.77
39464,406.87
39465,406.79
39466,406.78
39467,406.84
39468,406.84
39469,406.81
39470,406.85
39471,406.87
39472,406.75
39473,406.92
39474,406.84
39475,406.89
39476,406.87
39477,406.86
39478,406.81
39479,406.80
39480,406.88
39481,406.72
39482,406.85
39483,406.82
39484,406.79
39485,406.96
39486,406.87
39487,406.82
39488,406.89
39489,406.88
39490,406.86
39491,406.85
39492,406.83
39493,406.75
39494,406.92
39495,406.79
39496,406.86
39497,406.86
39498,406.90
39499,406.97
39500,406.92
39501,406.84
39502,406.84
39503,406.79
39504,406.91
39505,406.83
39506,406.91
39507,406.86
39508,406.85
39509,406.86
39510,406.90
39511,406.85
39512,406.85
39513,406.82
39514,406.81
39515,406.83
39516,406.99
39517,406.82
39518,406.86
39519,406.82
39520,406.83
39521,406.76
39522,406.83
39523,406.76
39524,406.80
39525,406.80
39526,406.84
39527,406.83
39528,406.79
39529,406.80
39530,406.85
39531,406.83
39532,406.94
39533,406.77
39534,406.88
39535,406.82
39536,406.98
39537,406.92
39538,406.92
39539,406.94
39540,406.77
39541,406.92
39542,406.81
39543,406.86
39544,406.89
39545,406.89
39546,406.96
39547,406.78
39548,406.90
39549,406.91
39550,406.97
39551,406.90
39552,406.89
39553,406.97
39554,406.91
39555,406.91
39556,406.82
39557,406.89
39558,406.82
39559,407.04
39560,406.96
39561,406.89
39562,406.93
39563,406.92
39564,406.91
39565,406.97
39566,406.94
39567,406.95
39568,406.91
39569,406.97
39570,406.98
39571,407.00
39572,406.91
39573,406.94
39574,406.98
39575,407.01
39576,406.95
39577,406.96
39578,407.00
39579,406.89
39580,406.95
39581,406.96
39582,407.06
39583,407.04
39584,407.03
39585,407.04
39586,407.02
39587,406.95
39588,407.08
39589,407.07
39590,406.93
39591,407.00
39592,407.04
39593,406.97
39594,407.06
39595,406.98
39596,407.02
39597,406.97
39598,406.94
39599,407.06
39600,407.09
39601,407.10
39602,406.97
39603,406.98
39604,407.11
39605,407.18
39606,407.18
39607,407.12
39608,406.99
39609,407.12
39610,407.08
39611,407.11
39612,407.05
39613,407.01
39614,407.13
39615,407.05
39616,407.06
39617,407.12
39618,407.06
39619,406.99
39620,407.01
39621,406.97
39622,406.95
39623,407.07
39624,407.05
39625,407.08
39626,407.11
39627,407.11
39628,406.97
39629,407.04
39630,407.08
39631,407.13
39632,406.91
39633,407.08
39634,407.05
39635,406.98
39636,407.01
39637,406.94
39638,407.12
39639,407.11
39640,406.95
39641,407.06
39642,407.01
39643,406.97
39644,406.96
39645,407.02
39646,406.98
39647,406.82
39648,406.98
39649,406.82
39650,406.81
39651,406.85
39652,406.85
39653,406.88
39654,406.88
39655,406.80
39656,406.78
39657,406.96
39658,406.81
39659,406.87
39660,407.00
39661,406.87
39662,406.93
39663,406.92
39664,406.93
39665,406.91
39666,406.97
39667,406.86
39668,406.90
39669,407.02
39670,406.93
39671,406.81
39672,406.88
39673,406.91
39674,406.88
39675,406.86
39676,406.97
39677,406.88
39678,406.88
39679,406.95
39680,406.88
39681,407.06
39682,406.93
39683,406.97
39684,407.02
39685,406.95
39686,407.08
39687,406.95
39688,407.02
39689,406.95
39690,406.92
39691,406.99
39692,407.07
39693,406.94
39694,407.01
39695,406.95
39696,406.95
39697,407.00
39698,407.08
39699,407.01
39700,407.06
39701,407.00
39702,406.97
39703,407.00
39704,406.99
39705,406.94
39706,406.98
39707,406.94
39708,407.00
39709,407.08
39710,406.94
39711,407.01
39712,406.98
39713,406.93
39714,406.98
39715,406.92
39716,406.98
39717,406.95
39718,406.97
39719,407.00
39720,407.01
39721,407.01
39722,406.99
39723,406.97
39724,407.00
39725,406.99
39726,406.94
39727,406.94
39728,407.04
39729,406.97
39730,406.97
39731,406.96
39732,406.96
39733,406.94
39734,406.82
39735,407.03
39736,406.90
39737,407.08
39738,406.99
39739,406.91
39740,406.99
39741,406.87
39742,407.00
39743,406.92
39744,406.90
39745,406.98
39746,407.02
39747,406.90
39748,407.01
39749,406.98
39750,406.89
39751,406.95
39752,406.91
39753,406.94
39754,406.91
39755,406.98
39756,407.01
39757,406.92
39758,407.05
39759,406.93
39760,406.87
39761,406.92
39762,406.85
39763,406.98
39764,406.92
39765,406.87
39766,406.91
39767,406.90
39768,406.84
39769,406.88
39770,406.85
39771,407.01
39772,406.88
39773,406.95
39774,406.98
39775,406.91
39776,406.90
39777,406.79
39778,406.94
39779,406.81
39780,406.80
39781,406.93
39782,406.83
39783,406.81
39784,406.70
39785,406.80
39786,406.73
39787,406.88
39788,406.81
39789,406.75
39790,406.76
39791,406.83
39792,406.82
39793,406.88
39794,406.64
39795,406.92
39796,406.90
39797,406.76
39798,406.83
39799,406.84
39800,406.81
39801,406.85
39802,406.88
39803,406.80
39804,406.85
39805,406.89
39806,406.72
39807,406.80
39808,406.76
39809,406.86
39810,406.82
39811,406.67
39812,406.74
39813,406.81
39814,406.74
39815,406.86
39816,406.77
39817,406.77
39818,406.60
39819,406.74
39820,406.63
39821,406.79
39822,406.64
39823,406.68
39824,406.74
39825,406.73
39826,406.65
39827,406.73
39828,406.67
39829,406.71
39830,406.70
39831,406.67
39832,406.71
39833,406.69
