data/raw/Flight1/H2O_POLAR6_20150405_R1_NETCARE.ict
34, 1001
Bozem, Heiko; Hoor, Peter
Institute for Atmospheric Physics, Johannes Gutenberg University, Mainz, Germany
H2O mixing ratio from LI7200 CO2/H2O analyzer
NETCARE Polar 6 Campaign 2015
1, 1
2015, 04, 05, 2016, 01, 22
1
Time_UTC, seconds
1
1
-9999.9
H2O_ppmv, ppmv
0
19
PI_CONTACT_INFO: Address: Johann-Joachim-Becherweg 21, 55128 Mainz, email: bozemh@uni-mainz.de; hoor@uni-mainz.de
PLATFORM: Polar 6
LOCATION: GPS location and altitude available at 1 Hz resolution in separate file (See AIMMS files under Aircraft data and meteorology)
ASSOCIATED_DATA: N/A
INSTRUMENT_INFO: H2O measurements based on non-dispersive infrared absorption spectroscopy
DATA_INFO: Units are ppmv
UNCERTAINTY RELATIVE TO STANDARD: 18.5 ppmv or 2.5 %, whichever is greater, at 1 sigma confidence (before drift correction is applied)
ULOD_FLAG: -7777
ULOD_VALUE: N/A
LLOD_FLAG: -8888
LLOD_VALUE: N/A 
DM_CONTACT_INFO: N/A
PROJECT_INFO: NETCARE Polar 6 aircraft campaign in April 2015; Longyearbyen
STIPULATIONS_ON_USE: N/A
OTHER_COMMENTS: N/A
REVISION: R1
R0: Preliminary data, corrected for instrument drift
R1: Final data, corrected for instrument drift
Time_UTC,H2O_ppmv
[from data line 1215]
36219,1245.5
36220,1245.7
36221,1237.1
36222,1232.1
36223,1230.0
36224,1227.0
36225,1225.5
36226,1225.2
36227,1223.7
36228,1224.0
36229,1225.3
36230,1226.1
36231,1226.6
36232,1225.2
36233,1223.9
36234,1221.2
36235,1218.4
36236,1219.7
36237,1221.4
36238,1221.4
36239,1220.1
36240,1224.7
36241,1229.7
36242,1236.3
36243,1237.5
36244,1236.6
36245,1238.2
36246,1240.9
36247,1240.1
36248,1241.0
36249,1241.4
36250,1245.2
36251,1242.9
36252,1237.4
36253,1235.4
36254,1239.8
36255,1236.4
36256,1235.5
36257,1254.5
36258,1280.2
36259,1290.2
36260,1296.4
36261,1297.7
36262,1300.5
36263,1302.7
36264,1306.2
36265,1310.2
36266,1314.9
36267,1314.7
36268,1320.0
36269,1343.4
36270,1363.7
36271,1373.1
36272,1398.9
36273,1403.1
36274,1407.1
36275,1404.2
36276,1400.0
36277,1394.9
36278,1396.9
36279,1397.4
36280,1386.3
36281,1362.8
36282,1361.7
36283,1359.4
36284,1354.9
36285,1345.6
36286,1330.1
36287,1309.4
36288,1303.2
36289,1301.2
36290,1303.2
36291,1303.2
36292,1300.0
36293,1299.7
36294,1295.0
36295,1289.8
36296,1292.6
36297,1295.4
36298,1290.1
36299,1283.4
36300,1282.2
36301,1284.6
36302,1283.4
36303,1281.8
36304,1275.0
36305,1270.5
36306,1256.4
36307,1266.4
36308,1268.9
36309,1269.5
36310,1270.2
36311,1268.7
36312,1267.4
36313,1266.8
36314,1265.1
36315,1265.2
36316,1268.2
36317,1265.3
36318,1263.4
36319,1264.8
36320,1264.3
36321,1264.8
36322,1259.0
36323,1248.8
36324,1250.4
36325,1250.3
36326,1243.9
36327,1238.6
36328,1235.0
36329,1242.8
36330,1258.4
36331,1263.9
36332,1256.5
36333,1243.1
36334,1241.8
36335,1242.9
36336,1246.1
36337,1234.3
36338,1227.9
36339,1225.4
36340,1227.0
36341,1233.2
36342,1243.5
36343,1242.1
36344,1240.5
36345,1244.5
36346,1234.6
36347,1233.9
36348,1233.7
36349,1227.9
36350,1226.4
36351,1226.4
36352,1227.0
36353,1224.9
36354,1224.0
36355,1224.0
36356,1224.9
36357,1228.9
36358,1229.0
36359,1230.3
36360,1229.4
36361,1229.1
36362,1229.6
36363,1234.4
36364,1233.0
36365,1229.4
36366,1226.5
36367,1225.4
36368,1226.8
36369,1228.3
36370,1228.1
36371,1227.4
36372,1227.2
36373,1228.3
36374,1230.8
36375,1230.7
36376,1229.0
36377,1231.8
36378,1238.5
36379,1244.8
36380,1240.1
36381,1234.1
36382,1236.8
36383,1267.5
36384,1310.9
36385,1336.4
36386,1335.3
36387,1327.1
36388,1329.2
36389,1364.8
36390,1382.7
36391,1396.2
36392,1402.7
36393,1414.1
36394,1413.0
36395,1409.1
36396,1404.7
36397,1423.2
36398,1426.2
36399,1424.4
36400,1420.2
36401,1415.0
36402,1414.9
36403,1442.7
36404,1441.6
36405,1435.4
36406,1433.0
36407,1431.1
36408,1430.6
36409,1423.1
36410,1433.3
36411,1424.6
36412,1411.7
36413,1418.0
36414,1422.2
36415,1415.8
36416,1408.7
36417,1415.4
36418,1408.2
36419,1404.1
36420,1404.1
36421,1405.3
36422,1421.0
36423,1455.8
36424,1435.2
36425,1429.1
36426,1422.4
36427,1425.4
36428,1432.1
36429,1440.9
36430,1444.0
36431,1449.6
36432,1454.2
36433,1447.6
36434,1458.1
36435,1438.4
36436,1432.0
36437,1434.8
36438,1446.5
36439,1450.7
36440,1449.5
36441,1445.3
36442,1438.5
36443,1421.8
36444,1392.8
36445,1382.7
36446,1371.8
36447,1356.8
36448,1351.7
36449,1348.1
36450,1338.6
36451,1328.0
36452,1325.0
36453,1327.4
36454,1324.6
36455,1319.9
36456,1309.2
36457,1302.1
36458,1302.2
36459,1305.0
36460,1315.3
36461,1301.3
36462,1294.1
36463,1302.1
36464,1288.1
36465,1284.8
36466,1290.9
36467,1288.7
36468,1273.6
36469,1269.0
36470,1259.0
36471,1255.3
36472,1261.8
36473,1266.6
36474,1263.9
36475,1275.3
36476,1287.2
36477,1286.8
36478,1298.6
36479,1294.6
36480,1293.4
36481,1293.6
36482,1298.8
36483,1309.9
36484,1315.8
36485,1315.7
36486,1313.3
36487,1309.8
36488,1314.2
36489,1306.0
36490,1308.1
36491,1293.6
36492,1296.4
36493,1307.6
36494,1299.5
36495,1270.6
36496,1268.0
36497,1275.0
36498,1279.1
36499,1276.0
36500,1273.8
36501,1276.4
36502,1276.4
36503,1281.9
36504,1278.3
36505,1278.4
36506,1272.2
36507,1278.6
36508,1265.8
36509,1258.7
36510,1255.5
36511,1262.5
36512,1272.1
36513,1289.2
36514,1307.2
36515,1300.9
36516,1314.1
36517,1343.0
36518,1326.2
36519,1305.1
36520,1284.8
36521,1270.4
36522,1262.9
36523,1279.4
36524,1283.6
36525,1276.5
36526,1300.0
36527,1327.4
36528,1338.6
36529,1363.5
36530,1377.6
36531,1379.2
36532,1386.7
36533,1390.8
36534,1390.9
36535,1395.6
36536,1399.6
36537,1400.0
36538,1401.1
36539,1400.9
36540,1399.8
36541,1401.6
36542,1400.8
36543,1401.0
36544,1400.4
36545,1401.6
36546,1400.5
36547,1401.7
36548,1403.0
36549,1403.0
36550,1405.1
36551,1406.2
36552,1404.0
36553,1395.8
36554,1395.5
36555,1399.0
36556,1403.8
36557,1406.0
36558,1411.0
36559,1402.6
36560,1406.7
36561,1406.2
36562,1408.0
36563,1410.5
36564,1406.0
36565,1403.8
36566,1406.6
36567,1414.2
36568,1418.8
36569,1424.6
36570,1429.8
36571,1431.3
36572,1431.7
36573,1431.4
36574,1428.1
36575,1429.3
36576,1429.5
36577,1428.2
36578,1425.2
36579,1401.1
36580,1364.8
36581,1352.9
36582,1389.0
36583,1396.4
36584,1390.6
36585,1382.3
36586,1374.6
36587,1382.4
36588,1386.8
36589,1382.9
36590,1381.0
36591,1381.5
36592,1384.1
36593,1381.8
36594,1382.3
36595,1387.5
36596,1382.5
36597,1377.1
36598,1376.9
36599,1378.6
36600,1379.0
36601,1381.0
36602,1380.8
36603,1380.2
36604,1380.6
36605,1380.5
36606,1383.8
36607,1382.4
36608,1381.0
36609,1383.9
36610,1382.4
36611,1382.9
36612,1382.9
36613,1380.4
36614,1379.2
36615,1377.9
36616,1378.9
36617,1377.2
36618,1376.3
36619,1377.6
36620,1376.9
36621,1379.3
36622,1378.6
36623,1380.0
36624,1380.7
36625,1380.9
36626,1380.4
36627,1381.8
36628,1381.4
36629,1381.3
36630,1380.0
36631,1379.7
36632,1381.5
36633,1381.0
36634,1382.3
36635,1387.4
36636,1390.3
36637,1390.1
36638,1391.1
36639,1390.9
36640,1390.9
36641,1388.7
36642,1388.7
36643,1387.8
36644,1384.8
36645,1386.8
36646,1387.2
36647,1386.2
36648,1386.9
36649,1388.6
36650,1390.3
36651,1390.5
36652,1389.7
36653,1391.1
36654,1392.9
36655,1393.3
36656,1394.4
36657,1393.9
36658,1392.5
36659,1394.5
36660,1388.8
36661,1391.2
36662,1389.9
36663,1383.4
36664,1385.2
36665,1384.1
36666,1381.7
36667,1378.8
36668,1376.4
36669,1376.5
36670,1376.7
36671,1377.7
36672,1377.8
36673,1380.6
36674,1381.5
36675,1386.4
36676,1389.1
36677,1397.9
36678,1400.1
36679,1398.9
36680,1397.3
36681,1395.7
36682,1391.7
36683,1390.2
36684,1387.3
36685,1388.3
36686,1385.7
36687,1385.0
36688,1384.8
36689,1383.7
36690,1384.2
36691,1387.0
36692,1382.1
36693,1383.5
36694,1383.6
36695,1377.2
36696,1379.5
36697,1365.8
36698,1371.2
36699,1376.9
36700,1367.8
36701,1364.5
36702,1369.2
36703,1372.9
36704,1372.5
36705,1374.6
36706,1374.6
36707,1375.6
36708,1380.3
36709,1391.1
36710,1377.1
36711,1366.4
36712,1365.6
36713,1370.3
36714,1375.7
36715,1382.5
36716,1385.9
36717,1385.1
36718,1376.2
36719,1371.4
36720,1371.7
36721,1370.0
36722,1364.9
36723,1362.8
36724,1357.8
36725,1362.1
36726,1373.9
36727,1372.1
36728,1356.8
36729,1360.6
36730,1359.1
36731,1356.4
36732,1364.2
36733,1360.0
36734,1354.2
36735,1359.5
36736,1361.3
36737,1364.2
36738,1356.0
36739,1358.4
36740,1358.9
36741,1362.2
36742,1374.8
36743,1376.9
36744,1381.2
36745,1385.6
36746,1383.9
36747,1383.0
36748,1381.2
36749,1383.1
36750,1389.8
36751,1382.5
36752,1379.9
36753,1377.7
36754,1377.0
36755,1372.4
36756,1368.5
36757,1366.6
36758,1379.3
36759,1378.3
36760,1368.8
36761,1366.6
36762,1368.3
36763,1369.1
36764,1371.3
36765,1370.0
36766,1371.7
36767,1369.3
36768,1368.0
36769,1364.9
36770,1361.3
36771,1355.7
36772,1349.4
36773,1352.3
36774,1356.9
36775,1356.4
36776,1349.4
36777,1348.7
36778,1352.8
36779,1353.9
36780,1352.9
36781,1348.6
36782,1347.0
36783,1349.4
36784,1349.4
36785,1353.0
36786,1353.9
36787,1355.0
36788,1359.9
36789,1359.8
36790,1365.3
36791,1369.4
36792,1371.1
36793,1377.4
36794,1380.9
36795,1381.2
36796,1383.8
36797,1383.7
36798,1386.0
36799,1386.0
36800,1389.5
36801,1392.6
36802,1393.8
36803,1394.7
36804,1396.8
36805,1397.4
36806,1397.7
36807,1398.6
36808,1401.0
36809,1393.6
36810,1377.3
36811,1377.2
36812,1424.8
36813,1390.1
36814,1387.3
36815,1387.0
36816,1389.3
36817,1389.2
36818,1387.1
36819,1382.8
36820,1385.0
36821,1395.7
36822,1405.3
36823,1407.3
36824,1406.4
36825,1402.3
36826,1399.9
36827,1397.0
36828,1402.2
36829,1418.0
36830,1421.2
36831,1419.2
36832,1413.0
36833,1414.3
36834,1416.4
36835,1420.2
36836,1423.5
36837,1428.3
36838,1424.9
36839,1422.9
36840,1418.9
36841,1414.4
36842,1409.6
36843,1411.5
36844,1414.1
36845,1414.3
36846,1414.8
36847,1417.5
36848,1418.3
36849,1420.8
36850,1420.9
36851,1418.8
36852,1421.2
36853,1420.9
36854,1421.5
36855,1421.6
36856,1421.8
36857,1423.3
36858,1424.6
36859,1423.5
36860,1428.2
36861,1430.7
36862,1437.1
36863,1436.0
36864,1431.0
36865,1434.8
36866,1438.2
36867,1439.0
36868,1437.6
36869,1436.7
36870,1435.0
36871,1434.6
36872,1432.2
36873,1431.6
36874,1432.4
36875,1431.0
36876,1431.9
36877,1431.1
36878,1432.7
36879,1433.7
36880,1435.2
36881,1436.6
36882,1437.9
36883,1451.1
36884,1445.0
36885,1440.1
36886,1435.7
36887,1435.4
36888,1431.7
36889,1432.1
36890,1432.8
36891,1434.4
36892,1435.9
36893,1439.2
36894,1442.1
36895,1442.5
36896,1442.5
36897,1443.6
36898,1444.3
36899,1444.3
36900,1438.1
36901,1432.1
36902,1421.0
36903,1413.9
36904,1414.6
36905,1413.6
36906,1414.5
36907,1415.3
36908,1411.1
36909,1408.4
36910,1415.9
36911,1417.9
36912,1417.6
36913,1418.2
36914,1421.6
36915,1424.3
36916,1419.6
36917,1414.5
36918,1406.7
36919,1403.5
36920,1405.0
36921,1405.3
36922,1404.4
36923,1405.0
36924,1404.9
36925,1407.1
36926,1407.9
36927,1408.5
36928,1409.7
36929,1413.5
36930,1414.0
36931,1473.9
36932,1515.0
36933,1442.2
36934,1423.5
36935,1421.2
36936,1420.7
36937,1421.3
36938,1420.5
36939,1424.9
36940,1422.6
36941,1414.2
36942,1410.8
36943,1409.4
36944,1411.1
36945,1415.7
36946,1425.7
36947,1428.8
36948,1434.3
36949,1436.1
36950,1437.7
36951,1440.6
36952,1444.7
36953,1447.5
36954,1449.4
36955,1454.2
36956,1432.7
36957,1425.1
36958,1415.6
36959,1408.4
36960,1403.6
36961,1403.8
36962,1404.0
36963,1409.3
36964,1414.4
36965,1416.7
36966,1422.0
36967,1427.4
36968,1431.2
36969,1432.1
36970,1428.1
36971,1425.5
36972,1425.9
36973,1428.1
36974,1428.3
36975,1429.3
36976,1433.5
36977,1434.7
36978,1437.7
36979,1435.9
36980,1436.0
36981,1436.3
36982,1436.9
36983,1436.1
36984,1439.9
36985,1442.1
36986,1449.4
36987,1445.6
36988,1457.0
36989,1461.3
36990,1466.5
36991,1477.0
36992,1479.1
36993,1481.0
36994,1467.8
36995,1462.5
36996,1453.4
36997,1454.0
36998,1453.8
36999,1437.5
37000,1427.2
37001,1424.5
37002,1420.9
37003,1412.5
37004,1400.6
37005,1396.0
37006,1397.4
37007,1397.8
37008,1395.4
37009,1392.3
37010,1390.4
37011,1385.0
37012,1376.0
37013,1375.8
37014,1379.5
37015,1380.8
37016,1385.4
37017,1385.8
37018,1392.7
37019,1395.3
37020,1393.0
37021,1389.9
37022,1384.5
37023,1380.4
37024,1378.6
37025,1378.6
37026,1376.3
37027,1371.4
37028,1369.6
37029,1370.0
37030,1372.4
37031,1371.5
37032,1369.9
37033,1365.4
37034,1365.2
37035,1367.7
37036,1367.1
37037,1366.6
37038,1364.3
37039,1362.2
37040,1356.2
37041,1353.8
37042,1353.7
37043,1354.6
37044,1356.1
37045,1352.7
37046,1344.7
37047,1342.2
37048,1339.8
37049,1337.6
37050,1337.8
37051,1336.0
37052,1336.5
37053,1334.3
37054,1333.8
37055,1333.5
37056,1332.8
37057,1331.7
37058,1335.1
37059,1336.5
37060,1335.2
37061,1334.2
37062,1335.8
37063,1332.6
37064,1332.5
37065,1324.9
37066,1321.4
37067,1318.8
37068,1318.3
37069,1314.8
37070,1313.6
37071,1311.0
37072,1310.6
37073,1308.2
37074,1308.6
37075,1306.5
37076,1304.1
37077,1302.3
37078,1301.8
37079,1301.5
37080,1299.2
37081,1298.4
37082,1295.4
37083,1290.3
37084,1288.8
37085,1288.6
37086,1291.3
37087,1296.9
37088,1297.8
37089,1302.6
37090,1309.0
37091,1312.5
37092,1315.5
37093,1317.1
37094,1314.5
37095,1311.8
37096,1311.7
37097,1306.2
37098,1305.8
37099,1307.9
37100,1307.1
37101,1305.7
37102,1304.3
37103,1305.0
37104,1383.4
37105,1322.5
37106,1307.9
37107,1302.5
37108,1301.0
37109,1296.8
37110,1301.6
37111,1305.4
37112,1305.0
37113,1303.8
37114,1303.1
37115,1307.8
37116,1310.6
37117,1311.3
37118,1318.5
37119,1313.7
37120,1311.3
37121,1309.7
37122,1309.6
37123,1312.9
37124,1310.5
37125,1307.1
37126,1301.4
37127,1293.3
37128,1291.4
37129,1289.6
37130,1293.1
37131,1294.6
37132,1296.5
37133,1303.3
37134,1305.1
37135,1301.8
37136,1298.8
37137,1302.3
37138,1314.7
37139,1317.4
37140,1324.0
37141,1326.5
37142,1325.9
37143,1323.3
37144,1322.7
37145,1317.2
37146,1309.5
37147,1304.5
37148,1300.1
37149,1299.9
37150,1298.0
37151,1293.8
37152,1296.9
37153,1298.3
37154,1305.9
37155,1330.3
37156,1402.7
37157,1353.5
37158,1344.5
37159,1347.4
37160,1353.8
37161,1353.3
37162,1356.1
37163,1348.0
37164,1339.4
37165,1331.3
37166,1326.3
37167,1322.4
37168,1320.0
37169,1315.3
37170,1313.3
37171,1315.9
37172,1302.1
37173,1291.3
37174,1288.8
37175,1278.9
37176,1276.5
37177,1274.2
37178,1273.4
37179,1268.5
37180,1269.5
37181,1271.7
37182,1274.8
37183,1280.7
37184,1274.1
37185,1256.6
37186,1258.8
37187,1272.1
37188,1271.2
37189,1269.3
37190,1267.4
37191,1270.8
37192,1278.2
37193,1280.1
37194,1282.3
37195,1286.6
37196,1286.1
37197,1287.1
37198,1286.5
37199,1289.2
37200,1291.3
37201,1297.1
37202,1296.8
37203,1294.5
37204,1296.2
37205,1296.2
37206,1293.9
37207,1290.9
37208,1286.2
37209,1284.4
37210,1288.7
37211,1295.5
37212,1300.7
37213,1304.1
37214,1303.4
37215,1304.2
37216,1301.5
37217,1294.5
37218,1293.3
37219,1287.3
37220,1276.5
37221,1272.3
37222,1265.8
37223,1265.0
37224,1264.6
37225,1264.3
37226,1263.4
37227,1261.1
37228,1255.1
37229,1249.0
37230,1248.6
37231,1249.9
37232,1245.8
37233,1251.1
37234,1252.9
37235,1253.1
37236,1248.2
37237,1246.7
37238,1242.8
37239,1240.4
37240,1238.9
37241,-9999.9
37242,-9999.9
37243,-9999.9
37244,-9999.9
37245,-9999.9
37246,-9999.9
37247,-9999.9
37248,-9999.9
37249,-9999.9
37250,-9999.9
37251,-9999.9
37252,-9999.9
37253,-9999.9
37254,-9999.9
37255,-9999.9
37256,-9999.9
37257,-9999.9
37258,-9999.9
37259,-9999.9
37260,-9999.9
37261,-9999.9
37262,-9999.9
37263,-9999.9
37264,-9999.9
37265,-9999.9
37266,-9999.9
37267,-9999.9
37268,-9999.9
37269,-9999.9
37270,-9999.9
37271,-9999.9
37272,-9999.9
37273,-9999.9
37274,-9999.9
37275,-9999.9
37276,-9999.9
37277,-9999.9
37278,-9999.9
37279,-9999.9
37280,-9999.9
37281,-9999.9
37282,-9999.9
37283,-9999.9
37284,-9999.9
37285,-9999.9
37286,-9999.9
37287,-9999.9
37288,-9999.9
37289,-9999.9
37290,-9999.9
37291,-9999.9
37292,-9999.9
37293,-9999.9
37294,-9999.9
37295,-9999.9
37296,-9999.9
37297,-9999.9
37298,-9999.9
37299,-9999.9
37300,-9999.9
37301,-9999.9
37302,-9999.9
37303,-9999.9
37304,-9999.9
37305,-9999.9
37306,-9999.9
37307,-9999.9
37308,-9999.9
37309,-9999.9
37310,-9999.9
37311,-9999.9
37312,-9999.9
37313,-9999.9
37314,-9999.9
37315,-9999.9
37316,-9999.9
37317,-9999.9
37318,-9999.9
37319,-9999.9
37320,-9999.9
37321,-9999.9
37322,-9999.9
37323,-9999.9
37324,-9999.9
37325,-9999.9
37326,-9999.9
37327,-9999.9
37328,-9999.9
37329,-9999.9
37330,-9999.9
37331,-9999.9
37332,-9999.9
37333,-9999.9
37334,-9999.9
37335,-9999.9
37336,-9999.9
37337,-9999.9
37338,-9999.9
37339,-9999.9
37340,-9999.9
37341,-9999.9
37342,-9999.9
37343,-9999.9
37344,-9999.9
37345,-9999.9
37346,-9999.9
37347,-9999.9
37348,-9999.9
37349,-9999.9
37350,-9999.9
37351,-9999.9
37352,-9999.9
37353,-9999.9
37354,-9999.9
37355,-9999.9
37356,-9999.9
37357,-9999.9
37358,-9999.9
37359,-9999.9
37360,-9999.9
37361,-9999.9
37362,-9999.9
37363,-9999.9
37364,-9999.9
37365,-9999.9
37366,-9999.9
37367,-9999.9
37368,-9999.9
37369,-9999.9
37370,-9999.9
37371,-9999.9
37372,-9999.9
37373,-9999.9
37374,-9999.9
37375,-9999.9
37376,-9999.9
37377,-9999.9
37378,-9999.9
37379,-9999.9
37380,-9999.9
37381,-9999.9
37382,-9999.9
37383,-9999.9
37384,-9999.9
37385,-9999.9
37386,-9999.9
37387,-9999.9
37388,-9999.9
37389,-9999.9
37390,-9999.9
37391,-9999.9
37392,-9999.9
37393,-9999.9
37394,-9999.9
37395,-9999.9
37396,-9999.9
37397,-9999.9
37398,-9999.9
37399,-9999.9
37400,-9999.9
37401,-9999.9
37402,-9999.9
37403,-9999.9
37404,-9999.9
37405,-9999.9
37406,-9999.9
37407,-9999.9
37408,-9999.9
37409,-9999.9
37410,-9999.9
37411,-9999.9
37412,-9999.9
37413,-9999.9
37414,-9999.9
37415,-9999.9
37416,-9999.9
37417,-9999.9
37418,-9999.9
37419,-9999.9
37420,-9999.9
37421,-9999.9
37422,-9999.9
37423,-9999.9
37424,-9999.9
37425,-9999.9
37426,-9999.9
37427,-9999.9
37428,-9999.9
37429,-9999.9
37430,-9999.9
37431,-9999.9
37432,-9999.9
37433,-9999.9
