data/raw/Flight1/H2O_POLAR6_20150405_R1_NETCARE.ict
34, 1001
Bozem, Heiko; Hoor, Peter
Institute for Atmospheric Physics, Johannes Gutenberg University, Mainz, Germany
H2O mixing ratio from LI7200 CO2/H2O analyzer
NETCARE Polar 6 Campaign 2015
1, 1
2015, 04, 05, 2016, 01, 22
1
Time_UTC, seconds
1
1
-9999.9
H2O_ppmv, ppmv
0
19
PI_CONTACT_INFO: Address: Johann-Joachim-Becherweg 21, 55128 Mainz, email: bozemh@uni-mainz.de; hoor@uni-mainz.de
PLATFORM: Polar 6
LOCATION: GPS location and altitude available at 1 Hz resolution in separate file (See AIMMS files under Aircraft data and meteorology)
ASSOCIATED_DATA: N/A
INSTRUMENT_INFO: H2O measurements based on non-dispersive infrared absorption spectroscopy
DATA_INFO: Units are ppmv
UNCERTAINTY RELATIVE TO STANDARD: 18.5 ppmv or 2.5 %, whichever is greater, at 1 sigma confidence (before drift correction is applied)
ULOD_FLAG: -7777
ULOD_VALUE: N/A
LLOD_FLAG: -8888
LLOD_VALUE: N/A 
DM_CONTACT_INFO: N/A
PROJECT_INFO: NETCARE Polar 6 aircraft campaign in April 2015; Longyearbyen
STIPULATIONS_ON_USE: N/A
OTHER_COMMENTS: N/A
REVISION: R1
R0: Preliminary data, corrected for instrument drift
R1: Final data, corrected for instrument drift
Time_UTC,H2O_ppmv
[from data line 9942]
44946,952.1
44947,968.8
44948,997.3
44949,981.4
44950,976.1
44951,996.6
44952,1000.1
44953,1019.0
44954,1013.5
44955,1025.7
44956,1049.8
44957,1052.0
44958,1055.1
44959,1045.9
44960,1046.1
44961,1047.4
44962,1062.4
44963,1066.3
44964,1057.1
44965,1058.7
44966,1061.5
44967,1081.5
44968,1079.3
44969,1081.5
44970,1086.6
44971,1056.1
44972,1074.3
44973,1079.6
44974,1069.7
44975,1058.0
44976,1059.9
44977,1079.8
44978,1077.6
44979,1078.9
44980,1069.9
44981,1074.4
44982,1080.4
44983,1073.2
44984,1072.2
44985,1073.3
44986,1074.9
44987,1075.2
44988,1074.6
44989,1077.8
44990,1083.1
44991,1088.6
44992,1084.4
44993,1084.0
44994,1088.0
44995,1090.3
44996,1092.1
44997,1089.9
44998,1090.1
44999,1091.3
45000,1091.3
45001,1094.7
45002,1095.9
45003,1096.0
45004,1094.8
45005,1098.4
45006,1101.3
45007,1104.6
45008,1108.1
45009,1110.7
45010,1118.0
45011,1111.0
45012,1119.7
45013,1108.3
45014,1111.0
45015,1120.1
45016,1123.1
45017,1132.6
45018,1143.2
45019,1156.8
45020,1176.6
45021,1198.5
45022,1205.2
45023,1212.2
45024,1210.0
45025,1213.3
45026,1215.1
45027,1213.2
45028,1212.8
45029,1201.5
45030,1191.3
45031,1181.4
45032,1180.4
45033,1182.1
45034,1184.5
45035,1175.8
45036,1171.2
45037,1166.7
45038,1166.5
45039,1166.4
45040,1153.0
45041,1150.9
45042,1142.6
45043,1149.3
45044,1156.4
45045,1150.6
45046,1161.5
45047,1155.0
45048,1160.1
45049,1182.2
45050,1182.9
45051,1161.0
45052,1170.9
45053,1187.6
45054,1169.7
45055,1163.1
45056,1166.1
45057,1173.6
45058,1175.3
45059,1164.1
45060,1165.6
45061,1178.2
45062,1178.9
45063,1180.3
45064,1179.6
45065,1184.6
45066,1192.8
45067,1195.6
45068,1202.9
45069,1208.4
45070,1209.0
45071,1216.0
45072,1213.0
45073,1211.5
45074,1236.6
45075,1231.4
45076,1234.5
45077,1212.4
45078,1201.4
45079,1201.1
45080,1219.9
45081,1217.0
45082,1215.2
45083,1220.7
45084,1228.2
45085,1247.9
45086,1240.4
45087,1249.8
45088,1262.7
45089,1254.6
45090,1269.3
45091,1260.9
45092,1262.2
45093,1237.6
45094,1214.5
45095,1219.5
45096,1207.8
45097,1202.9
45098,1224.0
45099,1223.1
45100,1229.2
45101,1240.4
45102,1243.3
45103,1237.6
45104,1236.3
45105,1243.6
45106,1239.0
45107,-9999.9
45108,-9999.9
45109,-9999.9
45110,-9999.9
45111,-9999.9
45112,-9999.9
45113,-9999.9
45114,-9999.9
45115,-9999.9
45116,-9999.9
45117,-9999.9
45118,-9999.9
45119,-9999.9
45120,-9999.9
45121,-9999.9
45122,-9999.9
45123,-9999.9
45124,-9999.9
45125,-9999.9
45126,-9999.9
45127,-9999.9
45128,-9999.9
45129,-9999.9
45130,-9999.9
45131,-9999.9
45132,-9999.9
45133,-9999.9
45134,-9999.9
45135,-9999.9
45136,-9999.9
45137,-9999.9
45138,-9999.9
45139,-9999.9
45140,-9999.9
45141,-9999.9
45142,-9999.9
45143,-9999.9
45144,-9999.9
45145,-9999.9
45146,-9999.9
45147,-9999.9
45148,-9999.9
45149,-9999.9
45150,-9999.9
45151,-9999.9
45152,-9999.9
45153,-9999.9
45154,-9999.9
45155,-9999.9
45156,-9999.9
45157,-9999.9
45158,-9999.9
45159,-9999.9
45160,-9999.9
45161,-9999.9
45162,-9999.9
45163,-9999.9
45164,-9999.9
45165,-9999.9
45166,-9999.9
45167,-9999.9
45168,-9999.9
45169,-9999.9
45170,-9999.9
45171,-9999.9
45172,-9999.9
45173,-9999.9
45174,-9999.9
45175,-9999.9
45176,-9999.9
45177,-9999.9
45178,-9999.9
45179,-9999.9
45180,-9999.9
45181,-9999.9
45182,-9999.9
45183,-9999.9
45184,-9999.9
45185,-9999.9
45186,-9999.9
45187,-9999.9
45188,-9999.9
45189,-9999.9
45190,-9999.9
45191,-9999.9
45192,-9999.9
45193,-9999.9
45194,-9999.9
45195,-9999.9
45196,-9999.9
45197,-9999.9
45198,-9999.9
45199,-9999.9
45200,-9999.9
45201,-9999.9
45202,-9999.9
45203,-9999.9
45204,-9999.9
45205,-9999.9
45206,-9999.9
45207,-9999.9
45208,-9999.9
45209,-9999.9
45210,-9999.9
45211,-9999.9
45212,-9999.9
45213,-9999.9
45214,-9999.9
45215,-9999.9
45216,-9999.9
45217,-9999.9
45218,-9999.9
45219,-9999.9
45220,-9999.9
45221,-9999.9
45222,-9999.9
45223,-9999.9
45224,-9999.9
45225,-9999.9
45226,-9999.9
45227,-9999.9
45228,-9999.9
45229,-9999.9
45230,-9999.9
45231,-9999.9
45232,-9999.9
45233,-9999.9
45234,-9999.9
45235,-9999.9
45236,-9999.9
45237,-9999.9
45238,-9999.9
45239,-9999.9
45240,-9999.9
45241,-9999.9
45242,-9999.9
45243,-9999.9
45244,-9999.9
45245,-9999.9
45246,-9999.9
45247,-9999.9
45248,-9999.9
45249,-9999.9
45250,-9999.9
45251,-9999.9
45252,-9999.9
45253,-9999.9
45254,-9999.9
45255,-9999.9
45256,-9999.9
45257,-9999.9
45258,-9999.9
45259,-9999.9
45260,-9999.9
45261,-9999.9
45262,-9999.9
45263,-9999.9
45264,-9999.9
45265,-9999.9
45266,-9999.9
45267,-9999.9
45268,-9999.9
45269,-9999.9
45270,-9999.9
45271,-9999.9
45272,-9999.9
45273,-9999.9
45274,-9999.9
45275,-9999.9
45276,-9999.9
45277,-9999.9
45278,-9999.9
45279,-9999.9
45280,-9999.9
45281,-9999.9
45282,-9999.9
45283,-9999.9
45284,-9999.9
45285,-9999.9
45286,-9999.9
45287,-9999.9
45288,-9999.9
45289,-9999.9
45290,-9999.9
45291,-9999.9
45292,-9999.9
45293,-9999.9
45294,-9999.9
45295,-9999.9
45296,-9999.9
45297,-9999.9
45298,-9999.9
45299,-9999.9
45300,-9999.9
45301,-9999.9
45302,-9999.9
45303,-9999.9
45304,-9999.9
45305,-9999.9
45306,-9999.9
45307,-9999.9
45308,-9999.9
45309,-9999.9
45310,-9999.9
45311,-9999.9
45312,-9999.9
45313,-9999.9
45314,-9999.9
45315,-9999.9
45316,-9999.9
45317,-9999.9
45318,1198.7
45319,1199.9
45320,1184.1
45321,1168.9
45322,1135.7
45323,1101.6
45324,1079.9
45325,1072.1
45326,1050.1
45327,1041.6
45328,1033.0
45329,1029.4
45330,1027.4
45331,1022.0
45332,1017.9
45333,1016.0
45334,1018.6
45335,1028.5
45336,1055.9
45337,1099.3
45338,1113.3
45339,1142.9
45340,1155.4
45341,1170.9
45342,1173.1
45343,1174.9
45344,1162.6
45345,1128.6
45346,1132.1
45347,1151.1
45348,1139.8
45349,1116.5
45350,1110.5
45351,1083.3
45352,1058.1
45353,1045.0
45354,1040.7
45355,1028.0
45356,1017.4
45357,1007.6
45358,995.4
45359,991.9
45360,990.5
45361,993.3
45362,1001.8
45363,1005.0
45364,1008.2
45365,1006.6
45366,1007.6
45367,1010.8
45368,997.0
45369,987.5
45370,984.4
45371,984.6
45372,987.4
45373,989.5
45374,991.3
45375,997.9
45376,1010.1
45377,1017.3
45378,1025.2
45379,1043.9
45380,1074.4
45381,1089.9
45382,1099.0
45383,1104.1
45384,1099.8
45385,1100.6
45386,1101.6
45387,1098.1
45388,1095.2
45389,1098.6
45390,1101.3
45391,1103.0
45392,1107.5
45393,1106.0
45394,1107.2
45395,1106.4
45396,1102.5
45397,1098.5
45398,1118.3
45399,1115.7
45400,1108.8
45401,1101.4
45402,1099.1
45403,1109.5
45404,1108.2
45405,1121.0
45406,1125.8
45407,1135.5
45408,1120.9
45409,1114.3
45410,1122.3
45411,1129.5
45412,1147.5
45413,1150.8
45414,1128.1
45415,1111.5
45416,1119.4
45417,1120.3
45418,1110.8
45419,1101.8
45420,1091.4
45421,1073.5
45422,1056.3
45423,1046.7
45424,1035.7
45425,1030.7
45426,1027.1
45427,1022.9
45428,1007.6
45429,996.7
45430,1000.0
45431,992.7
45432,981.9
45433,973.1
45434,963.0
45435,952.6
45436,945.3
45437,946.6
45438,951.0
45439,952.7
45440,959.8
45441,955.6
45442,958.9
45443,955.0
45444,949.8
45445,963.9
45446,987.1
45447,1004.0
45448,1013.8
45449,1027.5
45450,1030.6
45451,1040.9
45452,1049.4
45453,1044.7
45454,1036.2
45455,1028.0
45456,1020.2
45457,1022.1
45458,1023.5
45459,1019.9
45460,1019.1
45461,1016.7
45462,1012.7
45463,1013.3
45464,1020.2
45465,1017.3
45466,1017.9
45467,1027.5
45468,1039.7
45469,1054.8
45470,1060.6
45471,1074.4
45472,1082.9
45473,1047.0
45474,1020.0
45475,1022.2
45476,1023.2
45477,1036.4
45478,1046.6
45479,1013.8
45480,962.4
45481,936.1
45482,933.2
45483,928.4
45484,925.9
45485,925.4
45486,926.1
45487,928.3
45488,935.4
45489,938.9
45490,946.8
45491,950.9
45492,958.8
45493,968.3
45494,965.5
45495,966.6
45496,972.9
45497,980.0
45498,982.9
45499,991.7
45500,1022.2
45501,1050.4
45502,1065.8
45503,1067.8
45504,1078.7
45505,1076.3
45506,1089.7
45507,1092.8
45508,1114.9
45509,1116.8
45510,1125.7
45511,1130.6
45512,1119.4
45513,1131.3
45514,1127.5
45515,1139.2
45516,1136.1
45517,1135.6
45518,1141.7
45519,1149.9
45520,1150.5
45521,1155.6
45522,1162.4
45523,1157.1
45524,1157.7
45525,1165.7
45526,1165.3
45527,1172.2
45528,1178.2
45529,1179.8
45530,1176.8
45531,1172.8
45532,1171.3
45533,1169.3
45534,1167.8
45535,1166.8
45536,1163.6
45537,1159.7
45538,1160.7
45539,1161.4
45540,1158.7
45541,1154.4
45542,1153.7
45543,1155.8
45544,1141.3
45545,1133.5
45546,1126.3
45547,1128.4
45548,1119.6
45549,1108.8
45550,1103.1
45551,1099.4
45552,1094.3
45553,1096.9
45554,1107.6
45555,1105.1
45556,1095.3
45557,1087.3
45558,1090.8
45559,1079.2
45560,1072.7
45561,1065.6
45562,1063.4
45563,1057.5
45564,1057.4
45565,1055.8
45566,1054.4
45567,1052.6
45568,1050.0
45569,1046.1
45570,1048.4
45571,1049.4
45572,1050.6
45573,1051.3
45574,1050.2
45575,1049.4
45576,1050.3
45577,1050.1
45578,1050.3
45579,1054.1
45580,1055.4
45581,1056.2
45582,1066.6
45583,1068.3
45584,1098.4
45585,1086.4
45586,1098.8
45587,1110.2
45588,1090.6
45589,1080.2
45590,1062.0
45591,1058.9
45592,1059.7
45593,1061.8
45594,1085.6
45595,1079.4
45596,1073.3
45597,1062.0
45598,1086.9
45599,1087.2
45600,1082.8
45601,1070.3
45602,1056.4
45603,1054.2
45604,1052.2
45605,1049.0
45606,1042.3
45607,1043.9
45608,1053.0
45609,1051.7
45610,1060.8
45611,1079.8
45612,1066.6
45613,1074.7
45614,1055.8
45615,1049.2
45616,1057.9
45617,1043.3
45618,1040.5
45619,1049.2
45620,1055.5
45621,1065.4
45622,1072.2
45623,1059.4
45624,1052.3
45625,1069.8
45626,1082.2
45627,1042.3
45628,1042.0
45629,1028.0
45630,1022.0
45631,1020.1
45632,1019.2
45633,1016.2
45634,1016.8
45635,1017.5
45636,1014.6
45637,1013.7
45638,1012.4
45639,1008.3
45640,1000.0
45641,992.3
45642,985.1
45643,978.9
45644,983.0
45645,1015.8
45646,1052.4
45647,1029.9
45648,1065.6
45649,1076.7
45650,1061.3
45651,1033.8
45652,1004.7
45653,998.3
45654,1002.9
45655,1002.3
45656,1008.3
45657,1016.3
45658,1017.8
45659,1017.5
45660,1015.6
45661,1016.2
45662,1016.6
45663,1017.9
45664,1024.8
45665,1022.3
45666,1032.3
45667,1022.3
45668,1021.9
45669,1028.1
45670,1032.7
45671,1034.1
45672,1038.0
45673,1039.8
45674,1045.6
45675,1047.5
45676,1057.5
45677,1059.0
45678,1065.5
45679,1063.3
45680,1079.6
45681,1074.2
45682,1072.3
45683,1078.8
45684,1085.3
45685,1089.8
45686,1088.8
45687,1085.5
45688,1086.1
45689,1081.3
45690,1090.2
45691,1095.7
45692,1099.7
45693,1103.6
45694,1100.5
45695,1102.9
45696,1110.9
45697,1112.6
45698,1121.2
45699,1113.3
45700,1105.3
45701,1098.2
45702,1088.6
45703,1082.3
45704,1086.7
45705,1085.1
45706,1089.9
45707,1096.6
45708,1111.4
45709,1113.7
45710,1127.8
45711,1132.5
45712,1132.4
45713,1124.3
45714,1117.0
45715,1110.5
45716,1111.1
45717,1112.0
45718,1115.9
45719,1121.1
45720,1124.0
45721,1107.1
45722,1117.6
45723,1127.6
45724,1129.9
45725,1128.1
45726,1123.5
45727,1111.7
45728,1128.3
45729,1126.3
45730,1109.3
45731,1112.8
45732,1122.7
45733,1124.0
45734,1113.2
45735,1111.0
45736,1110.3
45737,1117.0
45738,1120.4
45739,1122.4
45740,1129.7
45741,1115.2
45742,1111.8
45743,1103.0
45744,1107.1
45745,1125.6
45746,1128.9
45747,1129.7
45748,1114.5
45749,1117.6
45750,1113.6
45751,1120.5
45752,1122.6
45753,1122.6
45754,1115.6
45755,1090.8
45756,1092.8
45757,1106.0
45758,1123.9
45759,1111.1
45760,1122.6
45761,1130.7
45762,1129.7
45763,1132.7
45764,1135.0
45765,1135.4
45766,1134.5
45767,1136.8
45768,1138.3
45769,1139.0
45770,1139.5
45771,1133.6
45772,1130.6
45773,1136.0
45774,1138.0
45775,1142.4
45776,1143.6
45777,1144.6
45778,1137.9
45779,1133.5
45780,1132.9
45781,1134.5
45782,1134.8
45783,1127.1
45784,1125.9
45785,1126.3
45786,1123.0
45787,1127.2
45788,1128.6
45789,1136.2
45790,1139.6
45791,1134.7
45792,1130.2
45793,1128.9
45794,1125.5
45795,1105.3
45796,1126.1
45797,1113.8
45798,1127.4
45799,1128.5
45800,1122.6
45801,1136.3
45802,1138.4
45803,1136.7
45804,1139.9
45805,1137.8
45806,1141.2
45807,1145.3
45808,1141.4
45809,1141.5
45810,1148.0
45811,1148.0
45812,1151.6
45813,1156.9
45814,1145.3
45815,1140.9
45816,1155.5
45817,1177.3
45818,1175.7
45819,1178.2
45820,1183.9
45821,1193.5
45822,1195.8
45823,1194.4
45824,1193.8
45825,1192.9
45826,1193.4
45827,1190.7
45828,1180.2
45829,1168.7
45830,1180.9
45831,1185.3
45832,1174.9
45833,1163.7
45834,1158.2
45835,1156.9
45836,1157.9
45837,1159.3
45838,1159.8
45839,1150.1
45840,1152.6
45841,1161.9
45842,1169.3
45843,1175.9
45844,1183.5
45845,1188.1
45846,1188.0
45847,1197.6
45848,1196.5
45849,1205.0
45850,1209.2
45851,1214.4
45852,1212.5
45853,1215.6
45854,1217.5
45855,1216.7
45856,1218.0
45857,1218.4
45858,1210.5
45859,1214.7
45860,1210.3
45861,1215.7
45862,1215.1
45863,1215.9
45864,1216.9
45865,1211.1
45866,1209.3
45867,1210.1
45868,1211.3
45869,1209.1
45870,1199.2
45871,1187.2
45872,1175.8
45873,1161.9
45874,1160.8
45875,1155.5
45876,1148.9
45877,1145.1
45878,1146.6
45879,1146.1
45880,1148.4
45881,1149.3
45882,1147.1
45883,1141.3
45884,1145.1
45885,1144.0
45886,1141.5
45887,1140.8
45888,1135.3
45889,1138.7
45890,1137.1
45891,1137.1
45892,1126.6
45893,1122.7
45894,1130.7
45895,1121.4
45896,1121.2
45897,1120.4
45898,1120.6
45899,1123.4
45900,1115.2
45901,1118.7
45902,1119.8
45903,1121.3
45904,1126.8
45905,1129.1
45906,1134.0
45907,1132.6
45908,1135.6
45909,1137.5
45910,1134.9
45911,1128.9
45912,1131.8
45913,1134.2
45914,1139.9
45915,1145.9
45916,1145.3
45917,1141.9
45918,1162.4
45919,1178.6
45920,1182.1
45921,1195.9
45922,1198.8
45923,1188.5
45924,1179.1
45925,1172.1
45926,1175.8
45927,1175.6
45928,1177.0
45929,1188.5
45930,1197.9
45931,1219.2
45932,1220.8
45933,1217.4
45934,1221.0
45935,1216.4
45936,1214.2
45937,1211.9
45938,1209.7
45939,1210.8
45940,1211.6
45941,1211.9
45942,1212.3
45943,1211.9
45944,1210.3
45945,1208.8
45946,1208.6
45947,1207.3
45948,1208.7
45949,1205.1
45950,1200.7
45951,1201.8
45952,1202.5
45953,1204.4
45954,1204.0
45955,1202.7
45956,1202.1
45957,1203.2
45958,1203.8
45959,1203.2
45960,1205.6
45961,1206.2
45962,1206.0
45963,1205.1
45964,1206.6
45965,1206.6
45966,1207.4
45967,1206.9
45968,1207.5
45969,1208.0
45970,1208.9
45971,1210.4
45972,1210.1
45973,1209.6
45974,1209.0
45975,1209.2
45976,1210.3
45977,1210.3
45978,1209.3
45979,1208.9
45980,1210.3
45981,1210.2
45982,1211.4
45983,1210.4
45984,1210.7
45985,1211.0
45986,1211.7
45987,1212.9
45988,1213.4
45989,1214.3
45990,1213.0
45991,1213.9
45992,1216.6
45993,1220.6
45994,1222.5
45995,1219.3
45996,1217.1
45997,1214.3
45998,1214.1
45999,1213.4
46000,1216.5
46001,1224.1
46002,1247.1
46003,1266.2
46004,1300.6
46005,1331.0
46006,1333.6
46007,1296.2
46008,1304.6
46009,1357.0
46010,1399.5
46011,1424.5
46012,1418.3
46013,1408.8
46014,1432.9
46015,1461.3
46016,1501.1
46017,1531.9
46018,1571.4
46019,1600.4
46020,1616.3
46021,1650.2
46022,1695.2
46023,1706.7
46024,1692.3
46025,1686.7
46026,1663.5
46027,1656.5
46028,1647.3
46029,1637.5
46030,1638.1
46031,1634.2
46032,1634.6
46033,1631.6
46034,1633.2
46035,1649.3
46036,1663.3
46037,1669.9
46038,1674.7
46039,1694.0
46040,1721.6
46041,1778.0
46042,1819.4
46043,1849.4
46044,1877.7
46045,1903.3
46046,1933.2
46047,1957.3
46048,2010.3
46049,2014.7
46050,2000.3
46051,1958.5
46052,1935.9
46053,1916.3
46054,1910.5
46055,1933.4
46056,1960.7
46057,1923.8
46058,1924.9
46059,1950.1
46060,1978.1
46061,2025.0
46062,1998.6
46063,1959.3
46064,1954.2
46065,1950.1
46066,1946.0
46067,1946.1
46068,1938.8
46069,1918.8
46070,1916.9
46071,1917.5
46072,1920.1
46073,1922.7
46074,1922.4
46075,1927.0
46076,1925.7
46077,1925.4
46078,1925.4
46079,1919.4
46080,1926.6
46081,1932.2
46082,1936.5
46083,1937.8
46084,1944.7
46085,1954.2
46086,1961.0
46087,1953.3
46088,1955.9
46089,1964.1
46090,1972.7
46091,1984.0
46092,1986.6
46093,1983.8
46094,1992.5
46095,1992.4
46096,1988.1
46097,1988.8
46098,2000.0
46099,2006.1
46100,1977.4
46101,1961.2
46102,1942.0
46103,1930.6
46104,1917.2
46105,1898.6
46106,1884.2
46107,1876.8
46108,1863.9
46109,1840.6
46110,1849.3
46111,1826.5
46112,1779.1
46113,1753.0
46114,1742.2
46115,1726.0
46116,1714.0
46117,1706.0
46118,1701.2
46119,1700.5
46120,1698.8
46121,1697.3
46122,1693.6
46123,1696.4
46124,1696.4
46125,1693.4
46126,1693.4
46127,1695.6
46128,1694.6
46129,1693.5
46130,1692.5
46131,1690.4
46132,1687.3
46133,1685.5
46134,1688.8
46135,1687.2
46136,1687.5
46137,1685.7
46138,1678.8
46139,1676.9
46140,1675.3
46141,1673.8
46142,1673.8
46143,1675.2
46144,1679.6
46145,1685.4
46146,1684.4
46147,1686.0
46148,1688.3
46149,1694.6
46150,1723.6
46151,1768.8
46152,1796.0
46153,1841.7
46154,1866.8
46155,1884.2
46156,1905.0
46157,1910.5
46158,1917.9
46159,1928.2
46160,1934.0
46161,1938.0
46162,1943.8
46163,1943.6
