data/raw/Flight1/H2O_POLAR6_20150405_R1_NETCARE.ict
34, 1001
Bozem, Heiko; Hoor, Peter
Institute for Atmospheric Physics, Johannes Gutenberg University, Mainz, Germany
H2O mixing ratio from LI7200 CO2/H2O analyzer
NETCARE Polar 6 Campaign 2015
1, 1
2015, 04, 05, 2016, 01, 22
1
Time_UTC, seconds
1
1
-9999.9
H2O_ppmv, ppmv
0
19
PI_CONTACT_INFO: Address: Johann-Joachim-Becherweg 21, 55128 Mainz, email: bozemh@uni-mainz.de; hoor@uni-mainz.de
PLATFORM: Polar 6
LOCATION: GPS location and altitude available at 1 Hz resolution in separate file (See AIMMS files under Aircraft data and meteorology)
ASSOCIATED_DATA: N/A
INSTRUMENT_INFO: H2O measurements based on non-dispersive infrared absorption spectroscopy
DATA_INFO: Units are ppmv
UNCERTAINTY RELATIVE TO STANDARD: 18.5 ppmv or 2.5 %, whichever is greater, at 1 sigma confidence (before drift correction is applied)
ULOD_FLAG: -7777
ULOD_VALUE: N/A
LLOD_FLAG: -8888
LLOD_VALUE: N/A 
DM_CONTACT_INFO: N/A
PROJECT_INFO: NETCARE Polar 6 aircraft campaign in April 2015; Longyearbyen
STIPULATIONS_ON_USE: N/A
OTHER_COMMENTS: N/A
REVISION: R1
R0: Preliminary data, corrected for instrument drift
R1: Final data, corrected for instrument drift
Time_UTC,H2O_ppmv
[from data line 2431]
37435,-9999.9
37436,-9999.9
37437,-9999.9
37438,-9999.9
37439,-9999.9
37440,-9999.9
37441,-9999.9
37442,-9999.9
37443,-9999.9
37444,-9999.9
37445,-9999.9
37446,-9999.9
37447,-9999.9
37448,-9999.9
37449,-9999.9
37450,-9999.9
37451,-9999.9
37452,1297.2
37453,1297.4
37454,1298.1
37455,1299.4
37456,1300.8
37457,1302.7
37458,1303.0
37459,1306.4
37460,1311.4
37461,1311.8
37462,1312.1
37463,1316.3
37464,1321.7
37465,1325.5
37466,1332.1
37467,1333.5
37468,1334.4
37469,1334.1
37470,1333.1
37471,1332.1
37472,1331.9
37473,1332.0
37474,1330.3
37475,1331.5
37476,1335.9
37477,1337.7
37478,1338.3
37479,1337.1
37480,1338.5
37481,1340.1
37482,1340.1
37483,1341.3
37484,1341.7
37485,1346.0
37486,1346.6
37487,1347.6
37488,1347.1
37489,1347.1
37490,1344.3
37491,1344.8
37492,1345.1
37493,1346.2
37494,1342.6
37495,1340.8
37496,1340.4
37497,1340.7
37498,1343.2
37499,1345.7
37500,1344.2
37501,1345.4
37502,1346.0
37503,1346.3
37504,1344.4
37505,1342.0
37506,1342.1
37507,1345.9
37508,1347.6
37509,1348.6
37510,1348.5
37511,1347.8
37512,1346.6
37513,1347.8
37514,1348.2
37515,1347.3
37516,1346.2
37517,1343.8
37518,1345.9
37519,1347.0
37520,1343.7
37521,1339.4
37522,1338.1
37523,1341.0
37524,1337.7
37525,1339.2
37526,1339.6
37527,1338.1
37528,1334.4
37529,1333.6
37530,1336.4
37531,1338.7
37532,1340.0
37533,1343.5
37534,1349.5
37535,1353.1
37536,1356.6
37537,1357.5
37538,1359.0
37539,1358.0
37540,1357.2
37541,1355.1
37542,1356.9
37543,1351.3
37544,1349.0
37545,1348.1
37546,1354.4
37547,1359.2
37548,1355.8
37549,1356.4
37550,1354.0
37551,1352.3
37552,1346.5
37553,1346.0
37554,1342.1
37555,1339.7
37556,1337.8
37557,1334.1
37558,1332.5
37559,1332.6
37560,1331.8
37561,1332.4
37562,1336.4
37563,1337.4
37564,1339.7
37565,1337.3
37566,1335.1
37567,1332.5
37568,1336.8
37569,1338.2
37570,1341.7
37571,1339.1
37572,1341.0
37573,1342.0
37574,1341.3
37575,1340.4
37576,1336.5
37577,1336.8
37578,1336.4
37579,1335.1
37580,1334.4
37581,1335.1
37582,1332.8
37583,1323.9
37584,1323.6
37585,1320.8
37586,1323.9
37587,1322.7
37588,1324.0
37589,1329.1
37590,1338.3
37591,1344.2
37592,1348.1
37593,1332.4
37594,1331.8
37595,1328.1
37596,1320.9
37597,1317.8
37598,1330.8
37599,1332.0
37600,1327.0
37601,1324.6
37602,1325.8
37603,1327.1
37604,1330.7
37605,1332.3
37606,1330.3
37607,1328.9
37608,1329.4
37609,1331.3
37610,1350.8
37611,1388.1
37612,1398.4
37613,1397.9
37614,1401.0
37615,1403.3
37616,1407.4
37617,1417.9
37618,1416.8
37619,1412.4
37620,1415.8
37621,1424.5
37622,1417.8
37623,1417.2
37624,1409.9
37625,1407.9
37626,1405.2
37627,1399.4
37628,1397.5
37629,1382.8
37630,1366.4
37631,1356.6
37632,1348.1
37633,1345.2
37634,1342.8
37635,1344.3
37636,1345.5
37637,1341.7
37638,1337.4
37639,1337.2
37640,1343.6
37641,1348.6
37642,1351.5
37643,1356.5
37644,1361.6
37645,1365.6
37646,1372.2
37647,1371.5
37648,1373.3
37649,1373.6
37650,1374.9
37651,1372.3
37652,1380.0
37653,1384.2
37654,1377.3
37655,1383.7
37656,1388.0
37657,1386.1
37658,1379.6
37659,1381.7
37660,1378.6
37661,1376.0
37662,1372.5
37663,1366.4
37664,1343.3
37665,1358.4
37666,1355.6
37667,1360.0
37668,1360.5
37669,1356.5
37670,1357.1
37671,1361.2
37672,1359.1
37673,1366.8
37674,1356.8
37675,1335.8
37676,1329.1
37677,1341.4
37678,1338.0
37679,1340.5
37680,1342.1
37681,1344.4
37682,1347.9
37683,1355.1
37684,1367.4
37685,1377.2
37686,1378.9
37687,1384.5
37688,1366.0
37689,1374.1
37690,1391.2
37691,1372.4
37692,1375.5
37693,1375.0
37694,1389.7
37695,1386.2
37696,1387.6
37697,1385.9
37698,1385.8
37699,1385.3
37700,1367.5
37701,1381.7
37702,1377.2
37703,1382.8
37704,1386.4
37705,1384.0
37706,1377.3
37707,1382.6
37708,1384.5
37709,1387.8
37710,1391.5
37711,1394.9
37712,1407.1
37713,1413.1
37714,1408.1
37715,1395.6
37716,1386.9
37717,1301.0
37718,1280.3
37719,1254.7
37720,1245.8
37721,1239.4
37722,1241.8
37723,1242.6
37724,1234.6
37725,1232.1
37726,1224.1
37727,1221.3
37728,1218.4
37729,1213.2
37730,1214.4
37731,1212.9
37732,1210.0
37733,1212.4
37734,1211.7
37735,1208.1
37736,1206.6
37737,1207.2
37738,1208.7
37739,1209.8
37740,1209.1
37741,1208.2
37742,1209.0
37743,1206.6
37744,1210.2
37745,1209.4
37746,1206.6
37747,1205.3
37748,1206.0
37749,1207.9
37750,1206.3
37751,1208.9
37752,1209.2
37753,1207.8
37754,1208.5
37755,1209.9
37756,1209.9
37757,1208.6
37758,1209.7
37759,1208.1
37760,1209.2
37761,1209.1
37762,1209.3
37763,1210.4
37764,1212.4
37765,1212.9
37766,1212.5
37767,1212.0
37768,1212.8
37769,1213.5
37770,1215.4
37771,1218.0
37772,1216.7
37773,1216.1
37774,1216.5
37775,1217.7
37776,1218.9
37777,1222.1
37778,1219.9
37779,1221.2
37780,1221.3
37781,1222.8
37782,1221.3
37783,1222.1
37784,1223.6
37785,1223.2
37786,1224.0
37787,1225.7
37788,1226.1
37789,1228.1
37790,1226.7
37791,1227.7
37792,1231.6
37793,1234.2
37794,1231.7
37795,1233.6
37796,1234.4
37797,1241.2
37798,1241.4
37799,1245.8
37800,1252.2
37801,1251.5
37802,1252.6
37803,1252.9
37804,1253.0
37805,1251.8
37806,1250.8
37807,1251.9
37808,1249.1
37809,1249.7
37810,1248.9
37811,1248.9
37812,1247.7
37813,1249.0
37814,1246.6
37815,1246.4
37816,1247.3
37817,1246.8
37818,1245.5
37819,1243.7
37820,1242.5
37821,1240.3
37822,1241.6
37823,1244.9
37824,1243.9
37825,1243.1
37826,1245.1
37827,1241.7
37828,1240.9
37829,1239.4
37830,1238.0
37831,1237.6
37832,1237.3
37833,1235.3
37834,1234.1
37835,1231.3
37836,1226.9
37837,1226.5
37838,1223.7
37839,1220.1
37840,1219.1
37841,1218.3
37842,1221.2
37843,1220.5
37844,1220.9
37845,1218.4
37846,1217.0
37847,1214.9
37848,1215.3
37849,1217.7
37850,1221.1
37851,1219.4
37852,1215.8
37853,1214.5
37854,1213.6
37855,1218.6
37856,1222.2
37857,1224.5
37858,1225.3
37859,1224.8
37860,1224.0
37861,1225.6
37862,1224.8
37863,1224.6
37864,1223.8
37865,1223.4
37866,1224.0
37867,1222.7
37868,1223.6
37869,1221.8
37870,1221.0
37871,1220.9
37872,1222.2
37873,1221.7
37874,1221.1
37875,1220.3
37876,1220.6
37877,1221.1
37878,1219.9
37879,1218.8
37880,1218.1
37881,1219.2
37882,1219.3
37883,1219.9
37884,1220.3
37885,1220.8
37886,1222.5
37887,1228.6
37888,1226.9
37889,1228.0
37890,1228.0
37891,1228.0
37892,1226.9
37893,1225.7
37894,1229.3
37895,1231.3
37896,1231.0
37897,1233.1
37898,1238.7
37899,1240.8
37900,1239.9
37901,1245.4
37902,1247.1
37903,1241.4
37904,1239.8
37905,1236.9
37906,1238.9
37907,1237.5
37908,1236.3
37909,1237.9
37910,1235.5
37911,1235.3
37912,1236.9
37913,1235.9
37914,1236.8
37915,1236.7
37916,1235.1
37917,1235.7
37918,1235.1
37919,1233.9
37920,1230.9
37921,1229.6
37922,1230.3
37923,1227.7
37924,1226.8
37925,1227.5
37926,1225.5
37927,1224.8
37928,1225.7
37929,1223.6
37930,1231.4
37931,1228.4
37932,1226.8
37933,1233.7
37934,1241.3
37935,1239.3
37936,1237.5
37937,1238.7
37938,1244.1
37939,1249.9
37940,1250.1
37941,1244.7
37942,1258.8
37943,1253.8
37944,1254.0
37945,1264.4
37946,1264.1
37947,1261.9
37948,1263.4
37949,1261.8
37950,1262.9
37951,1262.8
37952,1264.1
37953,1267.6
37954,1269.1
37955,1269.2
37956,1270.6
37957,1269.6
37958,1270.2
37959,1269.2
37960,1268.8
37961,1266.4
37962,1254.9
37963,1257.0
37964,1223.8
37965,1243.7
37966,1237.4
37967,1221.8
37968,1215.7
37969,1205.7
37970,1193.8
37971,1178.8
37972,1183.1
37973,1201.2
37974,1188.4
37975,1190.6
37976,1195.2
37977,1179.2
37978,1174.9
37979,1177.7
37980,1211.6
37981,1218.6
37982,1183.2
37983,1179.3
37984,1185.5
37985,1183.6
37986,1182.6
37987,1177.7
37988,1178.1
37989,1174.9
37990,1174.1
37991,1173.5
37992,1171.9
37993,1171.9
37994,1172.5
37995,1171.7
37996,1170.8
37997,1172.2
37998,1172.9
37999,1169.8
38000,1170.2
38001,1170.2
38002,1172.0
38003,1170.0
38004,1171.6
38005,1172.0
38006,1171.4
38007,1171.9
38008,1173.4
38009,1174.7
38010,1175.7
38011,1175.6
38012,1173.3
38013,1172.6
38014,1174.9
38015,1175.5
38016,1175.2
38017,1175.5
38018,1175.3
38019,1173.1
38020,1177.6
38021,1178.9
38022,1175.8
38023,1173.5
38024,1175.5
38025,1174.5
38026,1173.0
38027,1175.3
38028,1175.4
38029,1175.5
38030,1175.9
38031,1177.9
38032,1180.0
38033,1173.4
38034,1175.3
38035,1175.0
38036,1174.9
38037,1179.9
38038,1179.9
38039,1179.4
38040,1179.3
38041,1181.4
38042,1185.1
38043,1187.7
38044,1186.3
38045,1190.5
38046,1191.4
38047,1181.2
38048,1177.4
38049,1177.1
38050,1186.7
38051,1190.1
38052,1186.6
38053,1181.5
38054,1179.3
38055,1180.9
38056,1185.4
38057,1186.9
38058,1190.1
38059,1189.5
38060,1185.4
38061,1184.0
38062,1181.3
38063,1175.3
38064,1176.3
38065,1175.9
38066,1172.1
38067,1169.6
38068,1172.4
38069,1172.5
38070,1171.3
38071,1169.7
38072,1171.4
38073,1172.0
38074,1172.5
38075,1169.3
38076,1173.4
38077,1174.8
38078,1171.0
38079,1170.1
38080,1169.6
38081,1168.8
38082,1171.2
38083,1170.8
38084,1171.8
38085,1172.3
38086,1174.0
38087,1176.0
38088,1178.2
38089,1172.9
38090,1172.8
38091,1169.5
38092,1170.8
38093,1173.7
38094,1172.1
38095,1171.4
38096,1172.0
38097,1171.4
38098,1170.8
38099,1170.7
38100,1169.3
38101,1169.6
38102,1171.0
38103,1172.0
38104,1169.5
38105,1170.7
38106,1172.3
38107,1170.4
38108,1170.9
38109,1172.5
38110,1171.0
38111,1171.6
38112,1172.6
38113,1171.3
38114,1170.1
38115,1172.1
38116,1171.5
38117,1171.3
38118,1170.0
38119,1170.8
38120,1169.0
38121,1171.0
38122,1169.2
38123,1171.0
38124,1170.9
38125,1170.2
38126,1173.1
38127,1173.0
38128,1172.1
38129,1173.9
38130,1171.9
38131,1172.5
38132,1171.0
38133,1171.5
38134,1173.6
38135,1173.7
38136,1174.7
38137,1171.8
38138,1174.1
38139,1176.9
38140,1180.4
38141,1179.2
38142,1176.3
38143,1173.7
38144,1174.4
38145,1174.5
38146,1178.0
38147,1171.2
38148,1171.2
38149,1170.2
38150,1172.4
38151,1174.2
38152,1173.1
38153,1173.4
38154,1174.0
38155,1178.6
38156,1174.2
38157,1172.5
38158,1174.2
38159,1173.0
38160,1174.9
38161,1173.3
38162,1172.9
38163,1173.1
38164,1172.0
38165,1172.5
38166,1173.0
38167,1173.6
38168,1185.3
38169,1177.5
38170,1173.1
38171,1174.6
38172,1173.9
38173,1173.4
38174,1173.9
38175,1173.9
38176,1173.2
38177,1175.2
38178,1173.2
38179,1172.8
38180,1174.1
38181,1174.8
38182,1173.1
38183,1173.8
38184,1173.9
38185,1174.1
38186,1174.8
38187,1175.3
38188,1175.5
38189,1176.1
38190,1176.4
38191,1176.6
38192,1175.1
38193,1176.2
38194,1176.2
38195,1175.8
38196,1177.7
38197,1177.1
38198,1176.0
38199,1177.8
38200,1178.7
38201,1178.6
38202,1179.4
38203,1177.6
38204,1178.3
38205,1178.8
38206,1178.8
38207,1178.4
38208,1178.9
38209,1179.4
38210,1180.2
38211,1177.9
38212,1177.3
38213,1178.3
38214,1178.8
38215,1178.1
38216,1179.6
38217,1179.0
38218,1179.4
38219,1180.3
38220,1181.0
38221,1184.5
38222,1183.8
38223,1186.6
38224,1186.2
38225,1185.2
38226,1184.5
38227,1185.2
38228,1181.3
38229,1181.7
38230,1180.9
38231,1179.8
38232,1180.3
38233,1179.0
38234,1177.9
38235,1179.3
38236,1178.4
38237,1179.9
38238,1180.4
38239,1181.3
38240,1181.4
38241,1182.0
38242,1185.2
38243,1186.1
38244,1185.3
38245,1187.6
38246,1187.1
38247,1187.8
38248,1190.0
38249,1189.2
38250,1193.2
38251,1194.0
38252,1192.5
38253,1197.3
38254,1198.7
38255,1197.0
38256,1192.3
38257,1189.4
38258,1193.1
38259,1193.3
38260,1193.8
38261,1201.2
38262,1200.1
38263,1210.7
38264,1227.9
38265,1229.8
38266,1230.1
38267,1238.0
38268,1256.8
38269,1265.8
38270,1263.1
38271,1265.9
38272,1235.9
38273,1198.7
38274,1200.0
38275,1201.0
38276,1202.7
38277,1199.5
38278,1205.0
38279,1206.2
38280,1227.9
38281,1243.3
38282,1212.9
38283,1211.2
38284,1209.6
38285,1209.1
38286,1212.7
38287,1210.3
38288,1209.1
38289,1216.0
38290,1205.4
38291,1204.5
38292,1201.9
38293,1202.6
38294,1199.6
38295,1202.5
38296,1217.2
38297,1201.5
38298,1204.2
38299,1201.7
38300,1206.3
38301,1201.0
38302,1199.0
38303,1200.1
38304,1200.8
38305,1202.7
38306,1203.9
38307,1200.2
38308,1199.3
38309,1196.4
38310,1193.3
38311,1189.6
38312,1187.2
38313,1187.5
38314,1186.3
38315,1186.6
38316,1187.2
38317,1185.7
38318,1186.4
38319,1186.4
38320,1185.5
38321,1185.8
38322,1198.4
38323,1195.5
38324,1195.5
38325,1200.4
38326,1187.0
38327,1185.7
38328,1185.1
38329,1187.4
38330,1186.1
38331,1186.8
38332,1185.8
38333,1185.7
38334,1186.6
38335,1186.0
38336,1185.3
38337,1185.5
38338,1186.2
38339,1184.1
38340,1185.3
38341,1185.6
38342,1186.3
38343,1185.3
38344,1186.1
38345,1185.8
38346,1187.6
38347,1186.4
38348,1186.2
38349,1186.3
38350,1186.3
38351,1187.5
38352,1186.0
38353,1186.4
38354,1187.5
38355,1186.4
38356,1187.8
38357,1186.8
38358,1186.3
38359,1186.6
38360,1187.0
38361,1187.3
38362,1186.9
38363,1187.9
38364,1188.0
38365,1188.6
38366,1187.1
38367,1188.6
38368,1188.3
38369,1187.1
38370,1187.8
38371,1190.2
38372,1190.5
38373,1190.1
38374,1190.9
38375,1191.4
38376,1191.2
38377,1191.7
38378,1191.8
38379,1192.7
38380,1192.1
38381,1192.7
38382,1193.6
38383,1194.8
38384,1194.4
38385,1194.4
38386,1196.2
38387,1195.2
38388,1195.1
38389,1192.8
38390,1192.9
38391,1192.5
38392,1192.1
38393,1191.9
38394,1193.3
38395,1191.4
38396,1192.9
38397,1192.4
38398,1191.2
38399,1191.4
38400,1190.9
38401,1191.9
38402,1191.9
38403,1191.1
38404,1191.8
38405,1192.3
38406,1191.4
38407,1192.9
38408,1191.9
38409,1192.1
38410,1191.4
38411,1192.7
38412,1193.0
38413,1191.8
38414,1192.9
38415,1192.2
38416,1191.9
38417,1198.0
38418,1205.9
38419,1200.7
38420,1192.9
38421,1191.6
38422,1193.2
38423,1195.2
38424,1194.0
38425,1194.7
38426,1194.9
38427,1194.3
38428,1194.7
38429,1194.1
38430,1194.8
38431,1192.9
38432,1194.4
38433,1194.7
38434,1195.2
38435,1194.9
38436,1194.7
38437,1195.3
38438,1194.3
38439,1193.6
38440,1193.9
38441,1193.5
38442,1193.8
38443,1193.7
38444,1194.2
38445,1194.7
38446,1193.5
38447,1195.5
38448,1194.0
38449,1193.1
38450,1194.9
38451,1194.5
38452,1195.1
38453,1192.8
38454,1193.7
38455,1193.8
38456,1194.5
38457,1194.8
38458,1195.8
38459,1195.4
38460,1193.8
38461,1195.1
38462,1194.5
38463,1209.8
38464,1201.0
38465,1197.5
38466,1196.1
38467,1197.4
38468,1195.5
38469,1194.8
38470,1195.1
38471,1194.8
38472,1194.9
38473,1194.8
38474,1193.5
38475,1198.7
38476,1200.7
38477,1197.4
38478,1195.3
38479,1196.3
38480,1195.0
38481,1196.2
38482,1195.1
38483,1195.4
38484,1195.8
38485,1194.9
38486,1195.1
38487,1196.5
38488,1196.0
38489,1194.7
38490,1195.5
38491,1195.6
38492,1194.7
38493,1194.7
38494,1194.3
38495,1195.4
38496,1193.7
38497,1194.5
38498,1195.7
38499,1195.2
38500,1195.0
38501,1196.1
38502,1194.9
38503,1195.3
38504,1195.0
38505,1194.7
38506,1195.3
38507,1194.9
38508,1195.0
38509,1196.1
38510,1194.9
38511,1196.4
38512,1195.5
38513,1194.9
38514,1195.0
38515,1197.5
38516,1195.4
38517,1196.7
38518,1196.1
38519,1195.3
38520,1196.0
38521,1210.0
38522,1196.8
38523,1192.2
38524,1190.1
38525,1189.0
38526,1188.9
38527,1187.8
38528,1185.8
38529,1184.7
38530,1180.6
38531,1180.4
38532,1179.0
38533,1182.8
38534,1182.7
38535,1180.3
38536,1182.0
38537,1183.9
38538,1184.7
38539,1185.9
38540,1186.7
38541,1186.8
38542,1188.4
38543,1188.1
38544,1188.6
38545,1189.8
38546,1190.2
38547,1190.4
38548,1196.1
38549,1193.3
38550,1192.3
38551,1194.7
38552,1196.8
38553,1197.4
38554,1198.0
38555,1198.0
38556,1197.1
38557,1212.7
38558,1240.7
38559,1243.8
38560,1243.0
38561,1238.9
38562,1268.0
38563,1325.9
38564,1342.8
38565,1484.7
38566,1559.6
38567,1659.6
38568,1745.5
38569,1759.3
38570,1769.2
38571,1771.6
38572,1772.6
38573,1773.8
38574,1774.4
38575,1781.7
38576,1785.1
38577,1779.4
38578,1763.0
38579,1741.5
38580,1734.5
38581,1728.2
38582,1723.3
38583,1718.1
38584,1717.6
38585,1714.7
38586,1755.2
38587,1780.7
38588,1784.5
38589,1783.8
38590,1779.8
38591,1772.9
38592,1767.9
38593,1760.3
38594,1745.7
38595,1719.4
38596,1640.8
38597,1586.1
38598,1561.2
38599,1374.5
38600,1299.7
38601,1282.9
38602,1277.3
38603,1271.3
38604,1254.2
38605,1259.3
38606,1264.3
38607,1256.4
38608,1248.0
38609,1237.1
38610,1236.4
38611,1237.6
38612,1227.0
38613,1216.8
38614,1208.1
38615,1199.9
38616,1201.7
38617,1200.7
38618,1201.4
38619,1202.2
38620,1201.1
38621,1200.7
38622,1200.9
38623,1202.2
38624,1202.4
38625,1202.1
38626,1200.6
38627,1201.7
38628,1200.3
38629,1202.7
38630,1200.0
38631,1201.1
38632,1200.5
38633,1201.3
38634,1199.6
38635,1201.0
38636,1200.6
38637,1201.0
38638,1200.0
38639,1200.1
38640,1200.6
38641,1200.6
38642,1200.7
38643,1200.0
38644,1199.7
38645,1200.3
38646,1199.8
38647,1202.2
38648,1200.9
38649,1200.7
38650,1201.3
38651,1200.9
38652,1200.4
38653,1200.2
38654,1200.2
38655,1199.7
38656,1200.1
38657,1203.4
38658,1204.2
38659,1203.4
38660,1201.9
38661,1204.5
38662,1210.9
