data/raw/Flight1/H2O_POLAR6_20150405_R1_NETCARE.ict
34, 1001
Bozem, Heiko; Hoor, Peter
Institute for Atmospheric Physics, Johannes Gutenberg University, Mainz, Germany
H2O mixing ratio from LI7200 CO2/H2O analyzer
NETCARE Polar 6 Campaign 2015
1, 1
2015, 04, 05, 2016, 01, 22
1
Time_UTC, seconds
1
1
-9999.9
H2O_ppmv, ppmv
0
19
PI_CONTACT_INFO: Address: Johann-Joachim-Becherweg 21, 55128 Mainz, email: bozemh@uni-mainz.de; hoor@uni-mainz.de
PLATFORM: Polar 6
LOCATION: GPS location and altitude available at 1 Hz resolution in separate file (See AIMMS files under Aircraft data and meteorology)
ASSOCIATED_DATA: N/A
INSTRUMENT_INFO: H2O measurements based on non-dispersive infrared absorption spectroscopy
DATA_INFO: Units are ppmv
UNCERTAINTY RELATIVE TO STANDARD: 18.5 ppmv or 2.5 %, whichever is greater, at 1 sigma confidence (before drift correction is applied)
ULOD_FLAG: -7777
ULOD_VALUE: N/A
LLOD_FLAG: -8888
LLOD_VALUE: N/A 
DM_CONTACT_INFO: N/A
PROJECT_INFO: NETCARE Polar 6 aircraft campaign in April 2015; Longyearbyen
STIPULATIONS_ON_USE: N/A
OTHER_COMMENTS: N/A
REVISION: R1
R0: Preliminary data, corrected for instrument drift
R1: Final data, corrected for instrument drift
Time_UTC,H2O_ppmv
[from data line 11161]
46165,1916.1
46166,1923.0
46167,1924.9
46168,1926.3
46169,1923.1
46170,1925.9
46171,1929.1
46172,1936.4
46173,1941.0
46174,1941.1
46175,1947.1
46176,1950.2
46177,1960.9
46178,1988.6
46179,1992.4
46180,1990.4
46181,1988.0
46182,2014.1
46183,2038.1
46184,2018.6
46185,1982.9
46186,1961.2
46187,1943.2
46188,1918.0
46189,1971.7
46190,2053.7
46191,2084.7
46192,2051.0
46193,1994.2
46194,1946.0
46195,1901.1
46196,1851.9
46197,1822.2
46198,1813.1
46199,1807.5
46200,1799.9
46201,1776.7
46202,1776.2
46203,1776.2
46204,1788.7
46205,1807.3
46206,1817.5
46207,1828.6
46208,1837.6
46209,1851.1
46210,1853.6
46211,1859.8
46212,1860.7
46213,1862.7
46214,1860.4
46215,1857.7
46216,1852.3
46217,1853.1
46218,1850.9
46219,1851.0
46220,1847.9
46221,1844.2
46222,1843.1
46223,1834.5
46224,1826.7
46225,1827.4
46226,1815.0
46227,1804.5
46228,1790.4
46229,1781.4
46230,1778.5
46231,1779.5
46232,1788.3
46233,1784.9
46234,1788.7
46235,1788.2
46236,1786.4
46237,1796.5
46238,1799.3
46239,1785.9
46240,1791.4
46241,1796.9
46242,1804.0
46243,1801.1
46244,1801.4
46245,1794.8
46246,1788.5
46247,1788.8
46248,1789.1
46249,1791.2
46250,1797.5
46251,1791.4
46252,1788.4
46253,1794.8
46254,1794.2
46255,1797.4
46256,1794.7
46257,1796.3
46258,1800.4
46259,1799.6
46260,1811.8
46261,1818.5
46262,1803.5
46263,1795.7
46264,1796.7
46265,1807.2
46266,1822.3
46267,1824.1
46268,1824.1
46269,1849.8
46270,1871.7
46271,1883.9
46272,1896.1
46273,1926.1
46274,1960.4
46275,1976.6
46276,2000.4
46277,2015.9
46278,2031.7
46279,2056.9
46280,2087.3
46281,2107.8
46282,2108.8
46283,2102.5
46284,2096.5
46285,2076.6
46286,2049.1
46287,2072.2
46288,2056.1
46289,2036.6
46290,1997.1
46291,2009.1
46292,2056.0
46293,2100.0
46294,2076.2
46295,1987.9
46296,1932.6
46297,1853.8
46298,1839.1
46299,1827.3
46300,1820.8
46301,1838.1
46302,1843.2
46303,1860.9
46304,1894.4
46305,1910.3
46306,1908.8
46307,1943.1
46308,1945.7
46309,1928.1
46310,1880.6
46311,1836.3
46312,1789.0
46313,1744.8
46314,1729.5
46315,1715.5
46316,1702.7
46317,1689.0
46318,1679.5
46319,1671.5
46320,1661.2
46321,1661.8
46322,1659.1
46323,1656.5
46324,1658.4
46325,1657.3
46326,1655.1
46327,1652.3
46328,1650.9
46329,1646.4
46330,1645.1
46331,1644.3
46332,1643.6
46333,1643.3
46334,1637.3
46335,1632.7
46336,1628.3
46337,1627.5
46338,1625.9
46339,1621.8
46340,1625.1
46341,1639.5
46342,1652.8
46343,1659.9
46344,1663.9
46345,1671.6
46346,1660.0
46347,1667.7
46348,1692.1
46349,1720.5
46350,1728.5
46351,1731.1
46352,1741.1
46353,1846.1
46354,1928.0
46355,1940.9
46356,1952.8
46357,1946.7
46358,1943.2
46359,1946.0
46360,1944.9
46361,1952.1
46362,1952.3
46363,1940.8
46364,1898.9
46365,1805.1
46366,1756.7
46367,1742.2
46368,1737.8
46369,1727.7
46370,1720.8
46371,1716.6
46372,1712.2
46373,1711.7
46374,1712.5
46375,1712.9
46376,1713.0
46377,1713.0
46378,1714.9
46379,1714.8
46380,1712.6
46381,1709.8
46382,1704.8
46383,1681.8
46384,1671.9
46385,1669.3
46386,1666.7
46387,1657.8
46388,1652.7
46389,1650.0
46390,1649.4
46391,1654.4
46392,1655.4
46393,1648.8
46394,1645.7
46395,1642.2
46396,1641.1
46397,1638.2
46398,1632.1
46399,1631.7
46400,1633.0
46401,1633.9
46402,1633.0
46403,1632.4
46404,1636.8
46405,1627.1
46406,1623.6
46407,1622.2
46408,1625.1
46409,1628.4
46410,1655.3
46411,1696.1
46412,1692.2
46413,1684.5
46414,1679.3
46415,1676.8
46416,1662.0
46417,1656.9
46418,1623.5
46419,1620.9
46420,1623.7
46421,1626.2
46422,1635.0
46423,1631.7
46424,1627.2
46425,1619.3
46426,1614.1
46427,1621.6
46428,1626.5
46429,1626.2
46430,-9999.9
46431,-9999.9
46432,-9999.9
46433,-9999.9
46434,-9999.9
46435,-9999.9
46436,-9999.9
46437,-9999.9
46438,-9999.9
46439,-9999.9
46440,-9999.9
46441,-9999.9
46442,-9999.9
46443,-9999.9
46444,-9999.9
46445,-9999.9
46446,-9999.9
46447,-9999.9
46448,-9999.9
46449,-9999.9
46450,-9999.9
46451,-9999.9
46452,-9999.9
46453,-9999.9
46454,-9999.9
46455,-9999.9
46456,-9999.9
46457,-9999.9
46458,-9999.9
46459,-9999.9
46460,-9999.9
46461,-9999.9
46462,-9999.9
46463,-9999.9
46464,-9999.9
46465,-9999.9
46466,-9999.9
46467,-9999.9
46468,-9999.9
46469,-9999.9
46470,-9999.9
46471,-9999.9
46472,-9999.9
46473,-9999.9
46474,-9999.9
46475,-9999.9
46476,-9999.9
46477,-9999.9
46478,-9999.9
46479,-9999.9
46480,-9999.9
46481,-9999.9
46482,-9999.9
46483,-9999.9
46484,-9999.9
46485,-9999.9
46486,-9999.9
46487,-9999.9
46488,-9999.9
46489,-9999.9
46490,-9999.9
46491,-9999.9
46492,-9999.9
46493,-9999.9
46494,-9999.9
46495,-9999.9
46496,-9999.9
46497,-9999.9
46498,-9999.9
46499,-9999.9
46500,-9999.9
46501,-9999.9
46502,-9999.9
46503,-9999.9
46504,-9999.9
46505,-9999.9
46506,-9999.9
46507,-9999.9
46508,-9999.9
46509,-9999.9
46510,-9999.9
46511,-9999.9
46512,-9999.9
46513,-9999.9
46514,-9999.9
46515,-9999.9
46516,-9999.9
46517,-9999.9
46518,-9999.9
46519,-9999.9
46520,-9999.9
46521,-9999.9
46522,-9999.9
46523,-9999.9
46524,-9999.9
46525,-9999.9
46526,-9999.9
46527,-9999.9
46528,-9999.9
46529,-9999.9
46530,-9999.9
46531,-9999.9
46532,-9999.9
46533,-9999.9
46534,-9999.9
46535,-9999.9
46536,-9999.9
46537,-9999.9
46538,-9999.9
46539,-9999.9
46540,-9999.9
46541,-9999.9
46542,-9999.9
46543,-9999.9
46544,-9999.9
46545,-9999.9
46546,-9999.9
46547,-9999.9
46548,-9999.9
46549,-9999.9
46550,-9999.9
46551,-9999.9
46552,-9999.9
46553,-9999.9
46554,-9999.9
46555,-9999.9
46556,-9999.9
46557,-9999.9
46558,-9999.9
46559,-9999.9
46560,-9999.9
46561,-9999.9
46562,-9999.9
46563,-9999.9
46564,-9999.9
46565,-9999.9
46566,-9999.9
46567,-9999.9
46568,-9999.9
46569,-9999.9
46570,-9999.9
46571,-9999.9
46572,-9999.9
46573,-9999.9
46574,-9999.9
46575,-9999.9
46576,-9999.9
46577,-9999.9
46578,-9999.9
46579,-9999.9
46580,-9999.9
46581,-9999.9
46582,-9999.9
46583,-9999.9
46584,-9999.9
46585,-9999.9
46586,-9999.9
46587,-9999.9
46588,-9999.9
46589,-9999.9
46590,-9999.9
46591,-9999.9
46592,-9999.9
46593,-9999.9
46594,-9999.9
46595,-9999.9
46596,-9999.9
46597,-9999.9
46598,-9999.9
46599,-9999.9
46600,-9999.9
46601,-9999.9
46602,-9999.9
46603,-9999.9
46604,-9999.9
46605,-9999.9
46606,-9999.9
46607,-9999.9
46608,-9999.9
46609,-9999.9
46610,-9999.9
46611,-9999.9
46612,-9999.9
46613,-9999.9
46614,-9999.9
46615,-9999.9
46616,-9999.9
46617,-9999.9
46618,-9999.9
46619,-9999.9
46620,-9999.9
46621,-9999.9
46622,-9999.9
46623,-9999.9
46624,-9999.9
46625,-9999.9
46626,-9999.9
46627,-9999.9
46628,-9999.9
46629,-9999.9
46630,-9999.9
46631,-9999.9
46632,-9999.9
46633,-9999.9
46634,-9999.9
46635,-9999.9
46636,-9999.9
46637,-9999.9
46638,-9999.9
46639,-9999.9
46640,-9999.9
46641,1858.8
46642,1867.1
46643,1865.6
46644,1870.5
46645,1877.5
46646,1888.7
46647,1894.4
46648,1888.1
46649,1883.3
46650,1877.1
46651,1881.5
46652,1883.7
46653,1885.4
46654,1888.2
46655,1893.2
46656,1890.6
46657,1880.0
46658,1871.1
46659,1879.9
46660,1897.1
46661,1903.4
46662,1907.1
46663,1924.3
46664,1891.3
46665,1892.7
46666,1889.0
46667,1880.8
46668,1895.0
46669,1887.2
46670,1897.5
46671,1900.4
46672,1898.4
46673,1907.2
46674,1904.4
46675,1895.7
46676,1887.2
46677,1891.2
46678,1897.0
46679,1894.7
46680,1892.7
46681,1883.6
46682,1893.5
46683,1893.7
46684,1892.9
46685,1888.7
46686,1887.5
46687,1883.2
46688,1882.3
46689,1881.4
46690,1881.9
46691,1882.0
46692,1878.0
46693,1880.9
46694,1884.2
46695,1879.9
46696,1881.1
46697,1881.9
46698,1877.2
46699,1877.8
46700,1886.1
46701,1881.4
46702,1876.5
46703,1872.5
46704,1868.0
46705,1864.2
46706,1860.4
46707,1857.4
46708,1853.4
46709,1857.4
46710,1856.5
46711,1862.9
46712,1864.6
46713,1882.8
46714,1883.7
46715,1884.6
46716,1889.9
46717,1893.8
46718,1895.0
46719,1890.1
46720,1888.9
46721,1887.8
46722,1877.2
46723,1880.8
46724,1885.3
46725,1887.2
46726,1888.5
46727,1888.7
46728,1891.1
46729,1891.8
46730,1888.3
46731,1888.3
46732,1891.2
46733,1893.7
46734,1896.2
46735,1893.6
46736,1894.0
46737,1895.2
46738,1894.1
46739,1892.2
46740,1880.4
46741,1884.8
46742,1891.7
46743,1884.9
46744,1891.0
46745,1893.0
46746,1888.9
46747,1886.2
46748,1887.7
46749,1888.7
46750,1884.9
46751,1888.6
46752,1890.2
46753,1887.3
46754,1887.4
46755,1887.5
46756,1887.0
46757,1889.4
46758,1890.3
46759,1890.4
46760,1891.9
46761,1893.3
46762,1893.8
46763,1893.0
46764,1894.9
46765,1894.8
46766,1896.2
46767,1898.0
46768,1899.0
46769,1897.8
46770,1899.0
46771,1899.2
46772,1900.6
46773,1902.7
46774,1904.6
46775,1908.7
46776,1911.2
46777,1910.4
46778,1915.0
46779,1918.1
46780,1917.0
46781,1916.8
46782,1926.6
46783,1934.7
46784,1938.0
46785,1935.7
46786,1936.8
46787,1931.8
46788,1929.4
46789,1925.5
46790,1912.1
46791,1898.3
46792,1912.9
46793,1893.0
46794,1869.3
46795,1852.8
46796,1871.9
46797,1869.8
46798,1833.0
46799,1778.0
46800,1723.6
46801,1699.1
46802,1735.3
46803,1813.7
46804,1870.5
46805,1933.8
46806,1998.6
46807,2031.4
46808,2049.4
46809,2073.4
46810,2074.0
46811,2076.8
46812,1914.8
46813,1909.0
46814,1935.8
46815,1933.7
46816,2000.9
46817,1992.8
46818,2038.7
46819,2065.4
46820,2119.1
46821,2133.4
46822,2119.2
46823,2113.3
46824,2151.2
46825,2193.0
46826,2235.6
46827,2211.2
46828,2179.8
46829,2176.9
46830,2166.5
46831,2169.3
46832,2175.7
46833,2157.3
46834,2156.8
46835,2128.9
46836,2133.2
46837,2165.8
46838,2168.5
46839,2200.9
46840,2229.6
46841,2251.9
46842,2252.6
46843,2250.3
46844,2240.5
46845,2231.0
46846,2222.3
46847,2229.2
46848,2245.0
46849,2249.4
46850,2247.1
46851,2233.6
46852,2234.8
46853,2242.0
46854,2243.5
46855,2222.2
46856,2184.9
46857,2196.9
46858,2191.3
46859,2157.8
46860,2120.4
46861,2111.4
46862,2122.7
46863,2137.7
46864,2150.1
46865,2164.9
46866,2176.7
46867,2176.7
46868,2196.3
46869,2210.0
46870,2188.8
46871,2176.3
46872,2146.3
46873,2100.0
46874,2025.2
46875,2021.2
46876,2049.1
46877,2099.1
46878,2172.1
46879,2176.8
46880,2142.3
46881,2161.4
46882,2179.0
46883,2178.2
46884,2178.5
46885,2183.0
46886,2214.3
46887,2217.4
46888,2207.3
46889,2240.7
46890,2250.1
46891,2190.1
46892,2158.1
46893,2162.4
46894,2192.7
46895,2200.2
46896,2191.0
46897,2188.9
46898,2192.8
46899,2192.3
46900,2202.9
46901,2213.2
46902,2225.8
46903,2247.0
46904,2262.9
46905,2243.3
46906,2234.6
46907,2245.3
46908,2258.6
46909,2261.0
46910,2253.6
46911,2259.1
46912,2261.8
46913,2264.9
46914,2259.4
46915,2260.8
46916,2261.0
46917,2259.8
46918,2260.4
46919,2258.2
46920,2256.9
46921,2250.1
46922,2270.3
46923,2293.7
46924,2277.1
46925,2258.2
46926,2260.6
46927,2263.9
46928,2267.7
46929,2262.2
46930,2257.6
46931,2257.1
46932,2259.5
46933,2261.4
46934,2257.5
46935,2257.8
46936,2260.8
46937,2255.8
46938,2256.0
46939,2251.8
46940,2260.4
46941,2264.2
46942,2254.8
46943,2263.3
46944,2268.7
46945,2265.2
46946,2262.8
46947,2265.2
46948,2263.4
46949,2269.3
46950,2259.1
46951,2262.8
46952,2261.0
46953,2261.7
46954,2258.6
46955,2259.3
46956,2255.2
46957,2258.2
46958,2263.3
46959,2267.9
46960,2265.7
46961,2267.9
46962,2271.0
46963,2282.6
46964,2314.4
46965,2297.5
46966,2282.9
46967,2280.3
46968,2288.8
46969,2289.5
46970,2283.5
46971,2283.4
46972,2282.3
46973,2290.1
46974,2288.6
46975,2281.4
46976,2288.3
46977,2285.1
46978,2280.8
46979,2277.6
46980,2265.5
46981,2268.2
46982,2277.6
46983,2272.1
46984,2271.8
46985,2276.5
46986,2281.7
46987,2282.7
46988,2280.8
46989,2264.0
46990,2263.0
46991,2266.6
46992,2266.5
46993,2265.3
46994,2253.8
46995,2260.2
46996,2252.6
46997,2246.3
46998,2241.2
46999,2246.0
47000,2252.8
47001,2244.5
47002,2243.5
47003,2251.7
47004,2254.7
47005,2256.4
47006,2254.0
47007,2248.9
47008,2264.3
47009,2261.3
47010,2276.2
47011,2281.2
47012,2279.2
47013,2282.0
47014,2274.5
47015,2245.8
47016,2248.9
47017,2263.9
47018,2263.5
47019,2250.8
47020,2246.6
47021,2244.2
47022,2269.7
47023,2259.0
47024,2261.2
47025,2257.6
47026,2272.7
47027,2311.8
47028,2348.6
47029,2296.7
47030,2261.4
47031,2258.1
47032,2271.3
47033,2266.6
47034,2268.8
47035,2268.8
47036,2271.0
47037,2277.9
47038,2278.1
47039,2279.1
47040,2274.1
47041,2261.2
47042,2263.0
47043,2264.7
47044,2261.6
47045,2254.4
47046,2256.8
47047,2241.1
47048,2244.2
47049,2239.4
47050,2236.0
47051,2236.6
47052,2240.7
47053,2240.1
47054,2236.5
47055,2238.4
47056,2237.5
47057,2239.7
47058,2235.3
47059,2238.5
47060,2245.3
47061,2250.1
47062,2247.4
47063,2244.3
47064,2240.5
47065,2236.6
47066,2235.2
47067,2229.8
47068,2223.6
47069,2234.6
47070,2286.5
47071,2264.5
47072,-9999.9
47073,-9999.9
47074,-9999.9
47075,-9999.9
47076,-9999.9
47077,-9999.9
47078,-9999.9
47079,-9999.9
47080,-9999.9
47081,-9999.9
47082,-9999.9
47083,-9999.9
47084,-9999.9
47085,-9999.9
47086,-9999.9
47087,-9999.9
47088,-9999.9
47089,-9999.9
47090,-9999.9
47091,-9999.9
47092,-9999.9
47093,-9999.9
47094,-9999.9
47095,-9999.9
47096,-9999.9
47097,-9999.9
47098,-9999.9
47099,-9999.9
47100,-9999.9
47101,-9999.9
47102,-9999.9
47103,-9999.9
47104,-9999.9
47105,-9999.9
47106,-9999.9
47107,-9999.9
47108,-9999.9
47109,-9999.9
47110,-9999.9
47111,-9999.9
47112,-9999.9
47113,-9999.9
47114,-9999.9
47115,-9999.9
47116,-9999.9
47117,-9999.9
47118,-9999.9
47119,-9999.9
47120,-9999.9
47121,-9999.9
47122,-9999.9
47123,-9999.9
47124,-9999.9
47125,-9999.9
47126,-9999.9
47127,-9999.9
47128,-9999.9
47129,-9999.9
47130,-9999.9
47131,-9999.9
47132,-9999.9
47133,-9999.9
47134,-9999.9
47135,-9999.9
47136,-9999.9
47137,-9999.9
47138,-9999.9
47139,-9999.9
47140,-9999.9
47141,-9999.9
47142,-9999.9
47143,-9999.9
47144,-9999.9
47145,-9999.9
47146,-9999.9
47147,-9999.9
47148,-9999.9
47149,-9999.9
47150,-9999.9
47151,-9999.9
47152,-9999.9
47153,-9999.9
47154,-9999.9
47155,-9999.9
47156,-9999.9
47157,-9999.9
47158,-9999.9
47159,-9999.9
47160,-9999.9
47161,-9999.9
47162,-9999.9
47163,-9999.9
47164,-9999.9
47165,-9999.9
47166,-9999.9
47167,-9999.9
47168,-9999.9
47169,-9999.9
47170,-9999.9
47171,-9999.9
47172,-9999.9
47173,-9999.9
47174,-9999.9
47175,-9999.9
47176,-9999.9
47177,-9999.9
47178,-9999.9
47179,-9999.9
47180,-9999.9
47181,-9999.9
47182,-9999.9
47183,-9999.9
47184,-9999.9
47185,-9999.9
47186,-9999.9
47187,-9999.9
47188,-9999.9
47189,-9999.9
47190,-9999.9
47191,-9999.9
47192,-9999.9
47193,-9999.9
47194,-9999.9
47195,-9999.9
47196,-9999.9
47197,-9999.9
47198,-9999.9
47199,-9999.9
47200,-9999.9
47201,-9999.9
47202,-9999.9
47203,-9999.9
47204,-9999.9
47205,-9999.9
47206,-9999.9
47207,-9999.9
47208,-9999.9
47209,-9999.9
47210,-9999.9
47211,-9999.9
47212,-9999.9
47213,-9999.9
47214,-9999.9
47215,-9999.9
47216,-9999.9
47217,-9999.9
47218,-9999.9
47219,-9999.9
47220,-9999.9
47221,-9999.9
47222,-9999.9
47223,-9999.9
47224,-9999.9
47225,-9999.9
47226,-9999.9
47227,-9999.9
47228,-9999.9
47229,-9999.9
47230,-9999.9
47231,-9999.9
47232,-9999.9
47233,-9999.9
47234,-9999.9
47235,-9999.9
47236,-9999.9
47237,-9999.9
47238,-9999.9
47239,-9999.9
47240,-9999.9
47241,-9999.9
47242,-9999.9
47243,-9999.9
47244,-9999.9
47245,-9999.9
47246,-9999.9
47247,-9999.9
47248,-9999.9
47249,-9999.9
47250,-9999.9
47251,-9999.9
47252,-9999.9
47253,-9999.9
47254,-9999.9
47255,-9999.9
47256,-9999.9
47257,-9999.9
47258,-9999.9
47259,-9999.9
47260,-9999.9
47261,-9999.9
47262,-9999.9
47263,-9999.9
47264,-9999.9
47265,-9999.9
47266,-9999.9
47267,-9999.9
47268,-9999.9
47269,-9999.9
47270,-9999.9
47271,-9999.9
47272,-9999.9
47273,-9999.9
47274,-9999.9
47275,-9999.9
47276,-9999.9
47277,-9999.9
47278,-9999.9
47279,-9999.9
47280,-9999.9
47281,-9999.9
47282,-9999.9
47283,2160.7
47284,2152.5
47285,2145.8
47286,2136.5
47287,2126.5
47288,2080.7
47289,2066.0
47290,2085.7
47291,2099.4
47292,2082.5
47293,2085.3
47294,2057.6
47295,2056.2
47296,2040.7
47297,2011.3
47298,1990.8
47299,1975.0
47300,1959.8
47301,1947.5
47302,1959.2
47303,1986.3
47304,1968.5
47305,1977.1
47306,1987.5
47307,1995.1
47308,1992.9
47309,1983.2
47310,1978.8
47311,1976.3
47312,1975.2
47313,1964.9
47314,1952.8
47315,1946.9
47316,1950.6
47317,1950.0
47318,1935.7
47319,1947.6
47320,1949.1
47321,1955.2
47322,1961.9
47323,1967.2
47324,1953.5
47325,1960.5
47326,1951.3
47327,1954.0
47328,1951.3
47329,1949.6
47330,1956.1
47331,1968.0
47332,1973.4
47333,1974.6
47334,1974.2
47335,1975.6
47336,1975.4
47337,1976.7
47338,1979.4
47339,1977.5
47340,1975.8
47341,1971.8
47342,1970.1
47343,1981.2
47344,1978.6
47345,1980.0
47346,1989.1
47347,1997.3
47348,2011.8
47349,2037.0
47350,2020.3
47351,2021.1
47352,2054.5
47353,2077.3
47354,2080.3
47355,2062.1
47356,2049.0
47357,2052.4
47358,2049.6
47359,2041.3
47360,2032.8
47361,2036.8
