data/raw/Flight10/CPC3776_POLAR6_20150421_r2_NETCARE.ict
35,1001
Abbatt,Jon
University of Toronto
Polar 6
NETCARE
1,1
2015,4,21,2017,8,16
1
time,seconds,seconds from start in UTC
1
1
-99999
conc,number of particles per cm3
0
20
PI_CONTACT_INFO: 80 St. George Street; Toronto; ON M5S 3H6 CANADA; email: jabbatt@chem.utoronto.ca
PLATFORM: Polar 6 aircraft
LOCATION: Canadian Arctic near Inuvik
ASSOCIATED_DATA: none
INSTRUMENT_INFO: The Ultrafine Condensation Particle Counter 3776 is a continuous-flow instrument that detects particles down to 2.5 nm. It operates at an aerosol flow rate of 50 cm^3/min and detects concentrations from 0 to 300 000 particles/cm^3 with coincidence correction.
DATA_INFO: all relevant information is given above
UNCERTAINTY:  ±10% of measured value
ULOD_FLAG: -7777
ULOD_VALUE: N/As
LLOD_FLAG: -8888
LLOD_VALUE: N/A
DM_CONTACT_INFO: Data collected by Julia Burkart. Please direct all correspondence to Jon Abbatt: jabbatt@chem.utoronto.ca
PROJECT_INFO: Polar 6 NETCARE Spring 2015 campaign
STIPULATIONS_ON_USE: N/A
OTHER_COMMENTS: N/A
REVISION: R2, R1, R0
R2: zero and filter measurements are removed
R1: uncorrected raw data
R0: raw data
time,conc
[from data line 13859]
71935,234
71936,239
71937,228
71938,272
71939,250
71940,223
71941,234
71942,265
71943,229
71944,229
71945,234
71946,218
71947,218
71948,250
71949,242
71950,181
71951,213
71952,224
71953,243
71954,245
71955,261
71956,259
71957,238
71958,246
71959,232
71960,235
71961,220
71962,248
71963,231
71964,233
71965,215
71966,244
71967,216
71968,240
71969,244
71970,226
71971,224
71972,229
71973,238
71974,240
71975,214
71976,244
71977,206
71978,232
71979,234
71980,244
71981,224
71982,250
71983,250
71984,234
71985,255
71986,244
71987,265
71988,237
71989,250
71990,229
71991,237
71992,259
71993,210
71994,255
71995,268
71996,228
71997,273
71998,213
71999,217
72000,244
72001,266
72002,252
72003,240
72004,246
72005,263
72006,226
72007,233
72008,256
72009,218
72010,264
72011,250
72012,253
72013,248
72014,240
72015,257
72016,250
72017,247
72018,292
72019,254
72020,213
72021,242
72022,278
72023,235
72024,258
72025,230
72026,245
72027,248
72028,270
72029,232
72030,229
72031,219
72032,246
72033,280
72034,263
72035,206
72036,235
72037,236
72038,229
72039,236
72040,240
72041,253
72042,277
72043,261
72044,232
72045,232
72046,258
72047,231
72048,261
72049,229
72050,264
72051,202
72052,219
72053,227
72054,217
72055,245
72056,214
72057,282
72058,239
72059,235
72060,259
72061,229
72062,259
72063,232
72064,272
72065,231
72066,257
72067,278
72068,240
72069,221
72070,222
72071,227
72072,248
72073,254
72074,238
72075,254
72076,269
72077,233
72078,269
72079,228
72080,253
72081,229
72082,250
72083,230
72084,250
72085,261
72086,238
72087,231
72088,246
72089,266
72090,269
72091,251
72092,242
72093,235
72094,249
72095,225
72096,235
72097,250
72098,254
72099,245
72100,239
72101,208
72102,221
72103,261
72104,247
72105,237
72106,238
72107,218
72108,243
72109,225
72110,233
72111,232
72112,220
72113,257
72114,232
72115,240
72116,272
72117,229
72118,270
72119,171
72120,237
72121,235
72122,259
72123,209
72124,213
72125,-99999
72126,-99999
72127,-99999
72128,-99999
72129,-99999
72130,-99999
72131,-99999
72132,-99999
72133,-99999
72134,-99999
72135,-99999
72136,-99999
72137,-99999
72138,-99999
72139,-99999
72140,-99999
72141,-99999
72142,-99999
72143,-99999
72144,-99999
72145,-99999
72146,-99999
72147,-99999
72148,-99999
72149,-99999
72150,-99999
72151,-99999
72152,-99999
72153,-99999
72154,-99999
72155,-99999
72156,-99999
72157,-99999
72158,-99999
72159,-99999
72160,-99999
72161,-99999
72162,-99999
72163,-99999
72164,-99999
72165,-99999
72166,-99999
72167,-99999
72168,-99999
72169,-99999
72170,-99999
72171,-99999
72172,-99999
72173,-99999
72174,-99999
72175,-99999
72176,-99999
72177,-99999
72178,-99999
72179,-99999
72180,-99999
72181,-99999
72182,-99999
72183,-99999
72184,-99999
72185,-99999
72186,-99999
72187,-99999
72188,-99999
72189,-99999
72190,-99999
72191,-99999
72192,-99999
72193,-99999
72194,-99999
72195,-99999
72196,-99999
72197,-99999
72198,-99999
72199,-99999
72200,-99999
72201,-99999
72202,-99999
72203,-99999
72204,-99999
72205,-99999
72206,-99999
72207,-99999
72208,-99999
72209,-99999
72210,-99999
72211,-99999
72212,-99999
72213,-99999
72214,-99999
72215,-99999
72216,-99999
72217,-99999
72218,-99999
72219,-99999
72220,-99999
72221,-99999
72222,-99999
72223,-99999
72224,-99999
72225,-99999
72226,-99999
72227,-99999
72228,-99999
72229,-99999
72230,-99999
72231,-99999
72232,-99999
72233,-99999
72234,-99999
72235,-99999
72236,-99999
72237,-99999
72238,-99999
72239,-99999
72240,-99999
72241,-99999
72242,-99999
72243,-99999
72244,-99999
72245,-99999
72246,-99999
72247,-99999
72248,-99999
72249,-99999
72250,-99999
72251,-99999
72252,-99999
72253,-99999
72254,-99999
72255,-99999
72256,-99999
72257,-99999
72258,-99999
72259,-99999
72260,-99999
72261,-99999
72262,-99999
72263,-99999
72264,-99999
72265,-99999
72266,-99999
72267,-99999
72268,-99999
72269,-99999
72270,-99999
72271,-99999
72272,-99999
72273,-99999
72274,-99999
72275,-99999
72276,-99999
72277,-99999
72278,-99999
72279,-99999
72280,-99999
72281,-99999
72282,-99999
72283,-99999
72284,-99999
72285,-99999
72286,-99999
72287,-99999
72288,-99999
72289,-99999
72290,-99999
72291,-99999
72292,-99999
72293,-99999
72294,-99999
72295,-99999
72296,-99999
72297,-99999
72298,-99999
72299,-99999
72300,-99999
72301,-99999
72302,-99999
72303,-99999
72304,-99999
72305,-99999
72306,-99999
72307,-99999
72308,-99999
72309,-99999
72310,-99999
72311,-99999
72312,-99999
72313,-99999
72314,-99999
72315,-99999
72316,-99999
72317,-99999
72318,-99999
72319,-99999
72320,-99999
72321,-99999
72322,-99999
72323,-99999
72324,-99999
72325,-99999
72326,-99999
72327,-99999
72328,-99999
72329,-99999
72330,-99999
72331,-99999
72332,-99999
72333,-99999
72334,-99999
72335,-99999
72336,-99999
72337,-99999
72338,-99999
72339,-99999
72340,-99999
72341,-99999
72342,-99999
72343,-99999
72344,-99999
72345,-99999
72346,-99999
72347,-99999
72348,-99999
72349,-99999
72350,-99999
72351,-99999
72352,-99999
72353,-99999
72354,-99999
72355,-99999
72356,-99999
72357,-99999
72358,-99999
72359,-99999
72360,-99999
72361,-99999
72362,-99999
72363,-99999
72364,-99999
72365,-99999
72366,-99999
72367,-99999
72368,-99999
72369,-99999
72370,-99999
72371,-99999
72372,-99999
72373,-99999
72374,-99999
72375,-99999
72376,-99999
72377,-99999
72378,-99999
72379,-99999
72380,-99999
72381,-99999
72382,-99999
72383,-99999
72384,-99999
72385,-99999
72386,-99999
72387,-99999
72388,-99999
72389,-99999
72390,-99999
72391,-99999
72392,-99999
72393,-99999
72394,-99999
72395,-99999
72396,-99999
72397,-99999
72398,-99999
72399,-99999
72400,-99999
72401,-99999
72402,-99999
72403,-99999
72404,-99999
72405,-99999
72406,-99999
72407,-99999
72408,-99999
72409,-99999
72410,-99999
72411,-99999
72412,-99999
72413,-99999
72414,-99999
72415,-99999
72416,-99999
72417,-99999
72418,-99999
72419,-99999
72420,-99999
72421,-99999
72422,-99999
72423,-99999
72424,-99999
72425,-99999
72426,-99999
72427,-99999
72428,-99999
72429,-99999
72430,-99999
72431,-99999
72432,-99999
72433,-99999
72434,-99999
72435,-99999
72436,-99999
72437,-99999
72438,-99999
72439,-99999
72440,-99999
72441,-99999
72442,-99999
72443,-99999
72444,-99999
72445,-99999
72446,-99999
72447,-99999
72448,-99999
72449,-99999
72450,-99999
72451,-99999
72452,-99999
72453,-99999
72454,-99999
72455,-99999
72456,-99999
72457,-99999
72458,-99999
72459,-99999
72460,-99999
72461,-99999
72462,-99999
72463,-99999
72464,-99999
72465,-99999
72466,-99999
72467,-99999
72468,-99999
72469,-99999
72470,-99999
72471,-99999
72472,-99999
72473,270
72474,257
72475,322
72476,239
72477,225
72478,241
72479,246
72480,252
72481,237
72482,230
72483,261
72484,218
72485,194
72486,244
72487,231
72488,251
72489,256
72490,276
72491,235
72492,234
72493,250
72494,254
72495,261
72496,242
72497,256
72498,222
72499,250
72500,258
72501,235
72502,248
72503,213
72504,234
72505,224
72506,268
72507,235
72508,233
72509,255
72510,255
72511,242
72512,245
72513,257
72514,271
72515,267
72516,223
72517,246
72518,228
72519,252
72520,264
72521,256
72522,215
72523,270
72524,209
72525,231
72526,237
72527,244
72528,254
72529,258
72530,262
72531,233
72532,292
72533,247
72534,239
72535,254
72536,251
72537,220
72538,235
72539,224
72540,239
72541,235
72542,231
72543,248
72544,253
72545,219
72546,259
72547,255
72548,230
72549,258
72550,248
72551,242
72552,243
72553,244
72554,271
72555,251
72556,255
72557,278
72558,256
72559,237
72560,218
72561,265
72562,262
72563,250
72564,222
72565,244
72566,230
72567,256
72568,250
72569,265
72570,207
72571,210
72572,235
72573,271
72574,266
72575,174
72576,268
72577,231
72578,275
72579,301
72580,288
72581,230
72582,238
72583,237
72584,256
72585,213
72586,233
72587,236
72588,239
72589,260
72590,221
72591,234
72592,243
72593,225
72594,258
72595,236
72596,258
72597,222
72598,227
72599,219
72600,257
72601,218
72602,229
72603,236
72604,254
72605,259
72606,233
72607,271
72608,225
72609,257
72610,258
72611,237
72612,226
72613,234
72614,255
72615,251
72616,209
72617,232
72618,200
72619,229
72620,271
72621,233
72622,277
72623,239
72624,251
72625,244
72626,270
72627,231
72628,251
72629,207
72630,222
72631,241
72632,257
72633,251
72634,245
72635,210
72636,240
72637,239
72638,256
72639,230
72640,227
72641,268
72642,279
72643,253
72644,271
72645,241
72646,249
72647,246
72648,247
72649,234
72650,229
72651,248
72652,289
72653,251
72654,239
72655,250
72656,272
72657,235
72658,237
72659,252
72660,270
72661,234
72662,289
72663,245
72664,232
72665,262
72666,233
72667,276
72668,275
72669,240
72670,268
72671,265
72672,236
72673,255
72674,246
72675,227
72676,284
72677,273
72678,260
72679,231
72680,262
72681,284
72682,268
72683,283
72684,241
72685,226
72686,254
72687,268
72688,228
72689,240
72690,281
72691,281
72692,260
72693,249
72694,228
72695,236
72696,252
72697,279
72698,276
72699,278
72700,255
72701,283
72702,258
72703,272
72704,264
72705,311
72706,275
72707,294
72708,301
72709,293
72710,260
72711,302
72712,298
72713,291
72714,268
72715,274
72716,297
72717,296
72718,302
72719,252
72720,288
72721,333
72722,298
72723,266
72724,263
72725,263
72726,263
72727,268
72728,259
72729,286
72730,290
72731,279
72732,275
72733,288
72734,322
72735,284
72736,325
72737,306
72738,275
72739,285
72740,298
72741,282
72742,278
72743,282
72744,283
72745,283
72746,270
72747,283
72748,257
72749,309
72750,302
72751,282
72752,235
72753,286
72754,273
72755,312
72756,275
72757,281
72758,316
72759,333
72760,307
72761,307
72762,299
72763,247
72764,281
72765,265
72766,308
72767,291
72768,263
72769,282
72770,277
72771,277
72772,258
72773,257
72774,266
72775,289
72776,287
72777,269
72778,277
72779,263
72780,276
72781,280
72782,265
72783,264
72784,277
72785,248
72786,304
72787,292
72788,272
72789,268
72790,283
72791,258
72792,284
72793,274
72794,271
72795,275
72796,280
72797,247
72798,289
72799,286
72800,337
72801,349
72802,309
72803,245
72804,330
72805,273
72806,275
72807,337
72808,288
72809,282
72810,281
72811,334
72812,308
72813,238
72814,267
72815,304
72816,311
72817,256
72818,363
72819,336
72820,287
72821,268
72822,269
72823,286
72824,299
72825,265
72826,302
72827,302
72828,293
72829,293
72830,301
72831,298
72832,330
72833,337
72834,284
72835,269
72836,278
72837,276
72838,314
72839,308
72840,286
72841,252
72842,279
72843,319
72844,290
72845,309
72846,326
72847,314
72848,293
72849,293
72850,279
72851,281
72852,351
72853,310
72854,313
72855,320
72856,307
72857,273
72858,305
72859,310
72860,314
72861,317
72862,301
72863,266
72864,307
72865,321
72866,343
72867,271
72868,287
72869,303
72870,327
72871,308
72872,331
72873,292
72874,296
72875,302
72876,301
72877,319
72878,287
72879,289
72880,306
72881,302
72882,220
72883,266
72884,335
72885,303
72886,305
72887,255
72888,309
72889,291
72890,316
72891,294
72892,317
72893,260
72894,315
72895,313
72896,295
72897,339
72898,238
72899,305
72900,292
72901,321
72902,319
72903,310
72904,300
72905,291
72906,243
72907,247
72908,256
72909,277
72910,277
72911,271
72912,275
72913,256
72914,258
72915,272
72916,262
72917,231
72918,258
72919,232
72920,287
72921,272
72922,249
72923,266
72924,271
72925,252
72926,297
72927,255
72928,279
72929,247
72930,235
72931,264
72932,305
72933,297
72934,274
72935,312
72936,260
72937,342
72938,294
72939,329
72940,292
72941,333
72942,349
72943,297
72944,393
72945,341
72946,286
72947,308
72948,323
72949,289
72950,348
72951,328
72952,302
72953,303
72954,306
72955,315
72956,289
72957,345
72958,308
72959,302
72960,327
72961,311
72962,293
72963,318
72964,305
72965,316
72966,321
72967,304
72968,290
72969,271
72970,323
72971,303
72972,330
72973,293
72974,324
72975,334
72976,300
72977,294
72978,297
72979,303
72980,300
72981,304
72982,303
72983,330
72984,319
72985,311
72986,292
72987,295
72988,333
72989,308
72990,302
72991,347
72992,331
72993,297
72994,284
72995,287
72996,301
72997,288
72998,300
72999,267
73000,321
73001,281
73002,328
73003,308
73004,300
73005,289
73006,270
73007,277
73008,289
73009,263
73010,277
73011,302
73012,262
73013,272
73014,283
73015,272
73016,283
73017,276
73018,250
73019,292
73020,277
73021,220
73022,246
73023,229
73024,272
73025,257
73026,243
73027,266
73028,237
73029,253
73030,234
73031,252
73032,271
73033,251
73034,258
73035,265
73036,274
73037,255
73038,285
73039,214
73040,285
73041,246
73042,274
73043,276
73044,246
73045,282
73046,271
73047,287
73048,269
73049,243
73050,313
73051,276
73052,271
73053,274
73054,317
73055,285
73056,268
73057,299
73058,297
73059,303
73060,290
73061,271
73062,303
73063,271
73064,289
73065,277
73066,304
73067,257
73068,310
73069,285
73070,261
73071,318
73072,265
73073,290
73074,274
73075,298
73076,274
73077,320
73078,289
73079,264
73080,278
73081,292
73082,294
73083,288
73084,303
73085,256
73086,316
73087,296
73088,271
73089,289
73090,283
73091,280
73092,310
73093,304
73094,303
73095,289
73096,300
73097,291
73098,309
73099,307
73100,304
73101,283
73102,303
73103,263
73104,287
73105,273
73106,290
73107,267
73108,304
73109,275
73110,274
73111,310
73112,278
73113,287
73114,289
73115,266
73116,280
73117,286
73118,282
73119,309
73120,289
73121,273
73122,259
73123,286
73124,318
73125,263
73126,266
73127,308
73128,256
73129,347
73130,271
73131,312
73132,286
73133,322
73134,295
73135,319
73136,316
73137,275
73138,297
73139,293
73140,303
73141,306
73142,276
73143,325
73144,291
73145,343
73146,326
73147,313
73148,301
73149,297
73150,330
73151,309
73152,315
73153,292
73154,362
73155,325
73156,289
73157,317
73158,282
73159,295
73160,322
73161,297
73162,329
73163,287
73164,291
73165,315
73166,292
73167,311
73168,301
73169,309
73170,304
73171,310
73172,309
73173,292
73174,314
73175,303
73176,292
73177,326
73178,252
73179,301
73180,287
73181,298
73182,318
73183,302
73184,282
73185,299
73186,289
73187,267
73188,276
73189,307
73190,312
73191,276
73192,268
73193,286
73194,331
73195,305
73196,266
73197,322
73198,286
73199,296
73200,286
73201,300
73202,305
73203,319
73204,298
73205,324
73206,335
73207,283
73208,312
73209,321
73210,264
73211,310
73212,327
73213,235
73214,295
73215,264
73216,292
73217,294
73218,301
73219,301
73220,299
73221,287
73222,292
73223,340
73224,295
73225,282
73226,261
73227,323
73228,325
73229,308
73230,293
73231,291
73232,309
73233,298
73234,284
73235,293
73236,274
73237,275
73238,292
73239,281
73240,304
73241,302
73242,291
73243,276
73244,291
73245,333
73246,283
73247,316
73248,292
73249,325
73250,288
73251,286
73252,334
73253,316
73254,296
73255,283
73256,286
73257,316
73258,281
73259,287
73260,309
73261,280
73262,298
73263,289
73264,293
73265,273
73266,308
73267,325
73268,292
73269,354
73270,341
73271,310
73272,321
73273,337
73274,304
73275,334
73276,330
73277,310
73278,283
73279,293
73280,340
73281,302
73282,289
73283,309
73284,292
73285,332
73286,316
73287,325
73288,265
73289,303
73290,323
73291,321
73292,340
73293,321
73294,340
73295,276
73296,328
73297,339
73298,302
73299,355
73300,355
73301,315
73302,378
73303,335
73304,331
73305,327
73306,349
73307,358
73308,312
73309,334
73310,343
73311,360
73312,365
73313,331
73314,396
73315,352
73316,352
73317,334
73318,346
73319,344
73320,350
73321,347
73322,366
73323,366
73324,386
73325,371
73326,384
73327,398
73328,441
73329,397
73330,341
73331,357
73332,429
73333,373
73334,389
73335,408
73336,436
73337,426
73338,391
73339,467
73340,411
73341,460
73342,438
73343,392
73344,427
73345,385
73346,456
73347,485
73348,432
73349,428
73350,447
73351,441
73352,468
73353,466
73354,457
73355,400
73356,441
73357,442
73358,455
73359,447
73360,452
73361,428
73362,412
73363,370
73364,427
73365,409
73366,388
73367,413
73368,414
73369,401
73370,357
73371,356
73372,349
73373,342
73374,358
73375,354
73376,361
73377,353
73378,360
73379,341
73380,339
73381,358
73382,298
73383,327
73384,314
73385,329
73386,301
73387,338
73388,313
73389,286
73390,350
73391,343
73392,311
73393,299
73394,293
73395,306
73396,245
73397,303
73398,292
73399,295
73400,275
73401,294
73402,282
73403,344
73404,291
73405,311
73406,331
73407,314
73408,312
73409,310
73410,305
73411,314
73412,334
73413,306
73414,304
73415,354
73416,306
73417,334
73418,327
73419,287
73420,308
73421,319
73422,312
73423,324
73424,324
73425,317
73426,326
73427,314
73428,325
