data/raw/Flight10/CPC3776_POLAR6_20150421_r2_NETCARE.ict
35,1001
Abbatt,Jon
University of Toronto
Polar 6
NETCARE
1,1
2015,4,21,2017,8,16
1
time,seconds,seconds from start in UTC
1
1
-99999
conc,number of particles per cm3
0
20
PI_CONTACT_INFO: 80 St. George Street; Toronto; ON M5S 3H6 CANADA; email: jabbatt@chem.utoronto.ca
PLATFORM: Polar 6 aircraft
LOCATION: Canadian Arctic near Inuvik
ASSOCIATED_DATA: none
INSTRUMENT_INFO: The Ultrafine Condensation Particle Counter 3776 is a continuous-flow instrument that detects particles down to 2.5 nm. It operates at an aerosol flow rate of 50 cm^3/min and detects concentrations from 0 to 300 000 particles/cm^3 with coincidence correction.
DATA_INFO: all relevant information is given above
UNCERTAINTY:  ±10% of measured value
ULOD_FLAG: -7777
ULOD_VALUE: N/As
LLOD_FLAG: -8888
LLOD_VALUE: N/A
DM_CONTACT_INFO: Data collected by Julia Burkart. Please direct all correspondence to Jon Abbatt: jabbatt@chem.utoronto.ca
PROJECT_INFO: Polar 6 NETCARE Spring 2015 campaign
STIPULATIONS_ON_USE: N/A
OTHER_COMMENTS: N/A
REVISION: R2, R1, R0
R2: zero and filter measurements are removed
R1: uncorrected raw data
R0: raw data
time,conc
[from data line 15354]
73430,312
73431,316
73432,327
73433,324
73434,321
73435,321
73436,303
73437,320
73438,336
73439,299
73440,309
73441,288
73442,333
73443,310
73444,284
73445,318
73446,284
73447,332
73448,308
73449,335
73450,297
73451,326
73452,261
73453,259
73454,304
73455,268
73456,303
73457,329
73458,278
73459,269
73460,289
73461,286
73462,297
73463,307
73464,294
73465,313
73466,304
73467,322
73468,293
73469,302
73470,301
73471,306
73472,297
73473,311
73474,299
73475,296
73476,240
73477,257
73478,321
73479,333
73480,339
73481,455
73482,527
73483,402
73484,418
73485,426
73486,416
73487,406
73488,421
73489,411
73490,455
73491,467
73492,468
73493,418
73494,474
73495,494
73496,435
73497,432
73498,461
73499,472
73500,449
73501,477
73502,474
73503,476
73504,469
73505,458
73506,483
73507,489
73508,476
73509,485
73510,469
73511,499
73512,537
73513,504
73514,511
73515,465
73516,496
73517,492
73518,537
73519,494
73520,562
73521,509
73522,598
73523,520
73524,533
73525,519
73526,536
73527,531
73528,538
73529,572
73530,569
73531,491
73532,518
73533,493
73534,538
73535,518
73536,561
73537,543
73538,552
73539,551
73540,589
73541,603
73542,585
73543,624
73544,615
73545,560
73546,566
73547,625
73548,609
73549,696
73550,730
73551,668
73552,668
73553,638
73554,598
73555,632
73556,686
73557,663
73558,711
73559,642
73560,678
73561,581
73562,517
73563,569
73564,634
73565,622
73566,616
73567,658
73568,631
73569,699
73570,636
73571,624
73572,700
73573,799
73574,815
73575,845
73576,691
73577,809
73578,782
73579,815
73580,804
73581,808
73582,729
73583,731
73584,770
73585,823
73586,706
73587,646
73588,768
73589,781
73590,642
73591,699
73592,801
73593,793
73594,638
73595,878
73596,541
73597,720
73598,696
73599,441
73600,549
73601,646
73602,743
73603,671
73604,629
73605,650
73606,381
73607,536
73608,302
73609,307
73610,267
73611,520
73612,654
73613,602
73614,563
73615,485
73616,322
73617,510
73618,557
73619,302
73620,371
73621,578
73622,445
73623,252
73624,288
73625,272
73626,225
73627,239
73628,211
73629,210
73630,223
73631,223
73632,199
73633,197
73634,250
73635,233
73636,347
73637,251
73638,260
73639,361
73640,236
73641,434
73642,407
73643,333
73644,351
73645,297
73646,191
73647,205
73648,236
73649,339
73650,356
73651,276
73652,214
73653,179
73654,180
73655,126
73656,141
73657,104
73658,150
73659,345
73660,323
73661,302
73662,394
73663,320
73664,314
73665,234
73666,245
73667,139
73668,133
73669,231
73670,382
73671,304
73672,213
73673,139
73674,167
73675,126
73676,242
73677,270
73678,206
73679,270
73680,256
73681,273
73682,302
73683,268
73684,278
73685,260
73686,265
73687,217
73688,184
73689,231
73690,265
73691,223
73692,231
73693,218
73694,240
73695,239
73696,303
73697,248
73698,243
73699,156
73700,140
73701,127
73702,174
73703,158
73704,188
73705,163
73706,211
73707,136
73708,146
73709,114
73710,198
73711,131
73712,126
73713,143
73714,155
73715,132
73716,148
73717,134
73718,85
73719,117
73720,151
73721,128
73722,156
73723,132
73724,175
73725,130
73726,175
73727,153
73728,176
73729,205
73730,232
73731,211
73732,187
73733,185
73734,193
73735,200
73736,165
73737,163
73738,127
73739,183
73740,186
73741,133
73742,147
73743,148
73744,177
73745,177
73746,182
73747,290
73748,365
73749,298
73750,209
73751,256
73752,269
73753,296
73754,217
73755,183
73756,175
73757,220
73758,228
73759,273
73760,290
73761,233
73762,158
73763,176
73764,176
73765,184
73766,117
73767,138
73768,157
73769,151
73770,175
73771,159
73772,163
73773,164
73774,146
73775,156
73776,148
73777,176
73778,154
73779,187
73780,145
73781,135
73782,152
73783,179
73784,160
73785,159
73786,122
73787,128
73788,140
73789,133
73790,162
73791,123
73792,170
73793,153
73794,174
73795,172
73796,187
73797,166
73798,170
73799,179
73800,152
73801,152
73802,197
73803,189
73804,219
73805,215
73806,265
73807,244
73808,244
73809,258
73810,226
73811,233
73812,212
73813,198
73814,237
73815,226
73816,226
73817,242
73818,237
73819,236
73820,293
73821,279
73822,289
73823,244
73824,315
73825,300
73826,296
73827,329
73828,319
73829,443
73830,290
73831,306
73832,341
73833,334
73834,358
73835,335
73836,356
73837,333
73838,336
73839,277
73840,238
73841,316
73842,267
73843,273
73844,321
73845,324
73846,325
73847,308
73848,312
73849,286
73850,259
73851,209
73852,325
73853,305
73854,293
73855,277
73856,348
73857,329
73858,328
73859,227
73860,337
73861,291
73862,259
73863,235
73864,337
73865,293
73866,333
73867,255
73868,241
73869,291
73870,343
73871,408
73872,343
73873,308
73874,316
73875,285
73876,270
73877,302
73878,301
73879,255
73880,222
73881,305
73882,211
73883,258
73884,245
73885,248
73886,202
73887,229
73888,249
73889,234
73890,238
73891,242
73892,155
73893,142
73894,200
73895,206
73896,255
73897,214
73898,201
73899,158
73900,171
73901,154
73902,163
73903,170
73904,161
73905,179
73906,158
73907,165
73908,139
73909,172
73910,155
73911,122
73912,141
73913,158
73914,151
73915,162
73916,176
73917,164
73918,219
73919,137
73920,151
73921,217
73922,181
73923,143
73924,162
73925,127
73926,245
73927,203
73928,177
73929,249
73930,217
73931,197
73932,220
73933,170
73934,224
73935,177
73936,210
73937,245
73938,167
73939,221
73940,182
73941,190
73942,208
73943,241
73944,242
73945,191
73946,235
73947,247
73948,289
73949,238
73950,247
73951,251
73952,214
73953,289
73954,282
73955,242
73956,258
73957,263
73958,318
73959,377
73960,328
73961,289
73962,223
73963,308
73964,286
73965,277
73966,311
73967,253
73968,304
73969,305
73970,331
73971,362
73972,349
73973,359
73974,305
73975,334
73976,325
73977,319
73978,286
73979,302
73980,340
73981,329
73982,356
73983,295
73984,279
73985,358
73986,359
73987,342
73988,322
73989,348
73990,410
73991,519
73992,410
73993,438
73994,439
73995,405
73996,385
73997,403
73998,302
73999,300
74000,346
74001,339
74002,349
74003,401
74004,415
74005,401
74006,346
74007,377
74008,393
74009,400
74010,348
74011,379
74012,319
74013,283
74014,248
74015,256
74016,229
74017,235
74018,296
74019,330
74020,343
74021,431
74022,423
74023,331
74024,279
74025,278
74026,383
74027,378
74028,368
74029,243
74030,214
74031,285
74032,261
74033,288
74034,265
74035,272
74036,205
74037,222
74038,231
74039,297
74040,245
74041,255
74042,299
74043,300
74044,258
74045,431
74046,443
74047,383
74048,378
74049,422
74050,422
74051,437
74052,411
74053,418
74054,429
74055,446
74056,413
74057,395
74058,446
74059,429
74060,380
74061,384
74062,405
74063,398
74064,403
74065,377
74066,336
74067,414
74068,353
74069,400
74070,432
74071,384
74072,354
74073,377
74074,431
74075,380
74076,394
74077,315
74078,389
74079,365
74080,407
74081,399
74082,380
74083,404
74084,375
74085,355
74086,352
74087,382
74088,373
74089,408
74090,343
74091,385
74092,384
74093,367
74094,390
74095,374
74096,345
74097,413
74098,377
74099,428
74100,436
74101,405
74102,382
74103,348
74104,362
74105,421
74106,424
74107,412
74108,362
74109,342
74110,372
74111,361
74112,334
74113,357
74114,404
74115,383
74116,363
74117,402
74118,358
74119,398
74120,352
74121,385
74122,456
74123,353
74124,346
74125,355
74126,350
74127,343
74128,390
74129,362
74130,360
74131,353
74132,371
74133,370
74134,339
74135,369
74136,311
74137,329
74138,335
74139,321
74140,310
74141,313
74142,290
74143,240
74144,244
74145,264
74146,357
74147,307
74148,281
74149,272
74150,267
74151,270
74152,312
74153,262
74154,254
74155,227
74156,329
74157,357
74158,358
74159,297
74160,233
74161,223
74162,287
74163,235
74164,241
74165,298
74166,268
74167,226
74168,193
74169,186
74170,252
74171,174
74172,239
74173,209
74174,227
74175,212
74176,210
74177,183
74178,187
74179,229
74180,227
74181,230
74182,250
74183,253
74184,219
74185,222
74186,223
74187,226
74188,280
74189,231
74190,200
74191,221
74192,210
74193,218
74194,214
74195,224
74196,204
74197,209
74198,203
74199,184
74200,211
74201,196
74202,179
74203,169
74204,181
74205,173
74206,194
74207,196
74208,178
74209,191
74210,203
74211,165
74212,179
74213,191
74214,189
74215,151
74216,183
74217,212
74218,175
74219,192
74220,163
74221,187
74222,174
74223,182
74224,190
74225,193
74226,175
74227,187
74228,185
74229,171
74230,223
74231,217
74232,192
74233,330
74234,230
74235,234
74236,217
74237,264
74238,313
74239,334
74240,322
74241,352
74242,218
74243,324
74244,298
74245,319
74246,269
74247,291
74248,363
74249,374
74250,371
74251,400
74252,345
74253,293
74254,302
74255,306
74256,271
74257,331
74258,273
74259,286
74260,332
74261,293
74262,310
74263,299
74264,278
74265,280
74266,284
74267,299
74268,370
74269,365
74270,329
74271,328
74272,337
74273,418
74274,266
74275,268
74276,306
74277,273
74278,233
74279,250
74280,265
74281,277
74282,304
74283,320
74284,297
74285,312
74286,229
74287,283
74288,241
74289,192
74290,217
74291,213
74292,200
74293,222
74294,191
74295,174
74296,205
74297,185
74298,186
74299,199
74300,205
74301,165
74302,151
74303,188
74304,181
74305,164
74306,162
74307,173
74308,167
74309,181
74310,158
74311,191
74312,179
74313,171
74314,166
74315,112
74316,167
74317,144
74318,192
74319,176
74320,154
74321,157
74322,143
74323,185
74324,168
74325,170
74326,184
74327,154
74328,201
74329,204
74330,192
74331,231
74332,214
74333,230
74334,247
74335,167
74336,205
74337,179
74338,163
74339,185
74340,198
74341,202
74342,196
74343,219
74344,222
74345,208
74346,188
74347,202
74348,171
74349,203
74350,194
74351,251
74352,277
74353,259
74354,227
74355,221
74356,260
74357,246
74358,220
74359,295
74360,269
74361,235
74362,201
74363,228
74364,243
74365,293
74366,230
74367,232
74368,183
74369,195
74370,195
74371,236
74372,298
74373,230
74374,261
74375,274
74376,293
74377,327
74378,347
74379,357
74380,410
74381,295
74382,359
74383,348
74384,317
74385,320
74386,301
74387,360
74388,340
74389,338
74390,302
74391,355
74392,345
74393,362
74394,381
74395,405
74396,424
74397,377
74398,381
74399,425
74400,418
74401,422
74402,423
74403,442
74404,423
74405,415
74406,461
74407,408
74408,400
74409,408
74410,433
74411,469
74412,421
74413,429
74414,425
74415,397
74416,430
74417,473
74418,433
74419,490
74420,497
74421,466
74422,427
74423,457
74424,479
74425,402
74426,451
74427,461
74428,430
74429,454
74430,382
74431,471
74432,458
74433,453
74434,483
74435,446
74436,440
74437,457
74438,451
74439,530
74440,483
74441,509
74442,457
74443,470
74444,502
74445,418
74446,444
74447,403
74448,449
74449,445
74450,480
74451,439
74452,388
74453,414
74454,377
74455,342
74456,333
74457,420
74458,367
74459,391
74460,435
74461,366
74462,362
74463,360
74464,405
74465,451
74466,448
74467,362
74468,375
74469,331
74470,312
74471,372
74472,285
74473,364
74474,388
74475,360
74476,334
74477,356
74478,354
74479,308
74480,338
74481,307
74482,324
74483,319
74484,364
74485,368
74486,327
74487,335
74488,356
74489,426
74490,402
74491,430
74492,435
74493,465
74494,454
74495,426
74496,423
74497,367
74498,454
74499,363
74500,476
74501,454
74502,422
74503,433
74504,447
74505,401
74506,433
74507,427
74508,450
74509,456
74510,490
74511,451
74512,493
74513,522
74514,422
74515,462
74516,446
74517,513
74518,515
74519,438
74520,449
74521,466
74522,465
74523,489
74524,485
74525,464
74526,490
74527,519
74528,459
74529,495
74530,480
74531,530
74532,475
74533,479
74534,484
74535,496
74536,495
74537,487
74538,516
74539,545
74540,494
74541,458
74542,509
74543,490
74544,475
74545,507
74546,490
74547,510
74548,510
74549,454
74550,483
74551,493
74552,498
74553,490
74554,478
74555,469
74556,457
74557,517
74558,470
74559,501
74560,499
74561,537
74562,524
74563,455
74564,484
74565,475
74566,486
74567,533
74568,491
74569,522
74570,556
74571,451
74572,544
74573,495
74574,461
74575,528
74576,497
74577,486
74578,533
74579,489
74580,552
74581,532
74582,512
74583,512
74584,557
74585,502
74586,551
74587,557
74588,520
74589,549
74590,530
74591,502
74592,523
74593,453
74594,468
74595,524
74596,532
74597,500
74598,489
74599,517
74600,497
74601,480
74602,494
74603,515
74604,507
74605,486
74606,509
74607,517
74608,484
74609,522
74610,540
74611,533
74612,521
74613,529
74614,491
74615,519
74616,482
74617,527
74618,513
74619,497
74620,538
74621,492
74622,521
74623,513
74624,515
74625,503
74626,491
74627,534
74628,495
74629,440
74630,492
74631,465
74632,481
74633,509
74634,507
74635,499
74636,499
74637,459
74638,468
74639,489
74640,462
74641,433
74642,474
74643,461
74644,456
74645,504
74646,495
74647,457
74648,484
74649,479
74650,492
74651,487
74652,449
74653,456
74654,432
74655,514
74656,434
74657,436
74658,404
74659,426
74660,468
74661,439
74662,419
74663,401
74664,419
74665,420
74666,443
74667,467
74668,456
74669,471
74670,474
74671,449
74672,460
74673,438
74674,448
74675,468
74676,446
74677,466
74678,395
74679,421
74680,476
74681,481
74682,470
74683,422
74684,430
74685,440
74686,446
74687,440
74688,449
74689,485
74690,470
74691,478
74692,422
74693,479
74694,475
74695,474
74696,449
74697,419
74698,459
74699,452
74700,500
74701,468
74702,451
74703,481
74704,469
74705,460
74706,731
74707,880
74708,833
74709,888
74710,837
74711,807
74712,837
74713,782
74714,587
74715,547
74716,506
74717,488
74718,401
74719,450
74720,486
74721,461
74722,454
74723,498
74724,469
74725,452
74726,515
74727,473
74728,511
74729,451
74730,492
74731,491
74732,504
74733,503
74734,500
74735,495
74736,513
74737,521
74738,472
74739,491
74740,498
74741,501
74742,467
74743,518
74744,490
74745,505
74746,473
74747,485
74748,522
74749,504
74750,497
74751,526
74752,536
74753,506
74754,555
74755,475
74756,528
74757,477
74758,506
74759,484
74760,512
74761,519
74762,519
74763,566
74764,509
74765,543
74766,530
74767,534
74768,536
74769,517
74770,502
74771,547
74772,589
74773,524
74774,531
74775,505
74776,562
74777,581
74778,585
74779,498
74780,554
74781,600
74782,607
74783,621
74784,625
74785,585
74786,644
74787,531
74788,546
74789,601
74790,535
74791,538
74792,554
74793,572
74794,524
74795,589
74796,580
74797,570
74798,574
74799,559
74800,602
74801,595
74802,548
74803,585
74804,569
74805,572
74806,580
74807,598
74808,604
74809,603
74810,555
74811,591
74812,622
74813,673
74814,638
74815,743
74816,679
74817,705
74818,678
74819,608
74820,588
74821,661
74822,632
74823,651
74824,621
74825,635
74826,697
74827,684
74828,696
74829,725
74830,769
74831,775
74832,725
74833,747
74834,802
74835,806
74836,776
74837,705
74838,683
74839,651
74840,686
74841,638
74842,651
74843,652
74844,576
74845,600
74846,570
74847,610
74848,594
74849,624
74850,534
74851,611
74852,526
74853,586
74854,501
74855,553
74856,514
74857,525
74858,573
74859,529
74860,522
74861,545
74862,502
74863,518
74864,460
74865,494
74866,493
74867,466
74868,469
74869,418
74870,463
74871,454
74872,482
74873,389
74874,441
74875,400
74876,447
74877,453
74878,428
74879,407
74880,389
74881,377
74882,393
74883,368
74884,346
74885,353
74886,401
74887,324
74888,347
74889,417
74890,338
74891,394
74892,404
74893,399
74894,396
74895,375
74896,369
74897,404
74898,407
74899,371
74900,417
74901,350
74902,354
74903,361
74904,314
74905,309
74906,339
74907,349
74908,428
74909,529
74910,591
74911,589
74912,416
74913,606
74914,729
74915,626
74916,567
74917,521
74918,766
74919,603
74920,625
74921,722
74922,807
74923,813
74924,754
74925,856
74926,864
74927,929
74928,964
74929,949
74930,848
74931,833
74932,828
74933,853
74934,796
74935,807
74936,784
74937,752
74938,803
74939,761
74940,797
74941,760
74942,728
74943,824
74944,908
74945,855
74946,857
74947,822
74948,853
74949,869
74950,870
74951,903
74952,964
74953,934
74954,946
74955,1005
74956,961
74957,989
74958,879
74959,969
74960,960
74961,999
74962,916
74963,991
74964,1122
74965,1163
74966,1115
74967,1134
74968,1097
74969,1177
74970,1105
74971,1175
74972,1149
74973,1166
74974,1198
74975,1276
74976,1187
74977,1167
74978,1245
74979,1266
74980,1196
74981,1231
74982,1192
74983,1252
74984,1144
74985,1159
74986,1065
74987,1033
74988,1091
74989,1162
74990,1159
74991,1133
74992,1205
74993,1202
74994,1178
74995,1124
74996,1107
74997,1078
74998,1083
74999,1032
75000,902
75001,883
75002,889
75003,848
75004,907
75005,893
75006,887
75007,980
75008,980
75009,856
75010,861
75011,886
75012,888
75013,799
75014,846
75015,788
75016,661
75017,685
75018,696
75019,734
75020,589
75021,542
75022,580
75023,533
75024,528
75025,467
