data/raw/Flight10/CPC3776_POLAR6_20150421_r2_NETCARE.ict
35,1001
Abbatt,Jon
University of Toronto
Polar 6
NETCARE
1,1
2015,4,21,2017,8,16
1
time,seconds,seconds from start in UTC
1
1
-99999
conc,number of particles per cm3
0
20
PI_CONTACT_INFO: 80 St. George Street; Toronto; ON M5S 3H6 CANADA; email: jabbatt@chem.utoronto.ca
PLATFORM: Polar 6 aircraft
LOCATION: Canadian Arctic near Inuvik
ASSOCIATED_DATA: none
INSTRUMENT_INFO: The Ultrafine Condensation Particle Counter 3776 is a continuous-flow instrument that detects particles down to 2.5 nm. It operates at an aerosol flow rate of 50 cm^3/min and detects concentrations from 0 to 300 000 particles/cm^3 with coincidence correction.
DATA_INFO: all relevant information is given above
UNCERTAINTY:  ±10% of measured value
ULOD_FLAG: -7777
ULOD_VALUE: N/As
LLOD_FLAG: -8888
LLOD_VALUE: N/A
DM_CONTACT_INFO: Data collected by Julia Burkart. Please direct all correspondence to Jon Abbatt: jabbatt@chem.utoronto.ca
PROJECT_INFO: Polar 6 NETCARE Spring 2015 campaign
STIPULATIONS_ON_USE: N/A
OTHER_COMMENTS: N/A
REVISION: R2, R1, R0
R2: zero and filter measurements are removed
R1: uncorrected raw data
R0: raw data
time,conc
[from data line 18545]
76621,330
76622,318
76623,292
76624,255
76625,255
76626,234
76627,216
76628,199
76629,181
76630,207
76631,189
76632,194
76633,179
76634,187
76635,191
76636,178
76637,167
76638,212
76639,162
76640,157
76641,190
76642,188
76643,175
76644,181
76645,219
76646,230
76647,285
76648,330
76649,309
76650,315
76651,287
76652,260
76653,309
76654,289
76655,274
76656,278
76657,289
76658,294
76659,360
76660,335
76661,320
76662,345
76663,335
76664,346
76665,342
76666,346
76667,365
76668,364
76669,384
76670,371
76671,378
76672,359
76673,371
76674,397
76675,357
76676,358
76677,345
76678,381
76679,380
76680,402
76681,409
76682,444
76683,414
76684,436
76685,401
76686,387
76687,401
76688,428
76689,426
76690,428
76691,453
76692,413
76693,448
76694,424
76695,459
76696,429
76697,469
76698,500
76699,466
76700,427
76701,449
76702,422
76703,447
76704,468
76705,447
76706,450
76707,461
76708,453
76709,515
76710,433
76711,492
76712,479
76713,489
76714,469
76715,457
76716,468
76717,486
76718,486
76719,459
76720,439
76721,433
76722,456
76723,456
76724,450
76725,482
76726,456
76727,448
76728,478
76729,437
76730,423
76731,422
76732,443
76733,404
76734,443
76735,482
76736,461
76737,451
76738,435
76739,486
76740,449
76741,428
76742,407
76743,409
76744,432
76745,446
76746,428
76747,436
76748,448
76749,470
76750,486
76751,436
76752,449
76753,453
76754,434
76755,440
76756,372
76757,395
76758,429
76759,443
76760,457
76761,432
76762,481
76763,453
76764,460
76765,477
76766,448
76767,456
76768,446
76769,403
76770,468
76771,452
76772,444
76773,473
76774,460
76775,452
76776,455
76777,451
76778,420
76779,465
76780,450
76781,443
76782,460
76783,478
76784,456
76785,419
76786,428
76787,415
76788,430
76789,451
76790,460
76791,470
76792,474
76793,463
76794,458
76795,497
76796,455
76797,492
76798,515
76799,539
76800,542
76801,541
76802,541
76803,549
76804,569
76805,562
76806,581
76807,596
76808,644
76809,627
76810,556
76811,578
76812,594
76813,673
76814,627
76815,511
76816,536
76817,555
76818,529
76819,492
76820,524
76821,471
76822,474
76823,494
76824,477
76825,471
76826,438
76827,490
76828,443
76829,441
76830,485
76831,445
76832,476
76833,451
76834,433
76835,457
76836,417
76837,465
76838,456
76839,476
76840,491
76841,498
76842,485
76843,480
76844,494
76845,507
76846,524
76847,496
76848,506
76849,511
76850,528
76851,525
76852,505
76853,560
76854,529
76855,520
76856,571
76857,506
76858,568
76859,531
76860,568
76861,510
76862,539
76863,554
76864,590
76865,599
76866,552
76867,532
76868,526
76869,593
76870,558
76871,569
76872,518
76873,529
76874,586
76875,545
76876,536
76877,594
76878,571
76879,579
76880,555
76881,591
76882,540
76883,568
76884,583
76885,587
76886,563
76887,594
76888,600
76889,605
76890,540
76891,531
76892,520
76893,574
76894,583
76895,560
76896,521
76897,614
76898,560
76899,563
76900,550
76901,579
76902,584
76903,578
76904,564
76905,574
76906,601
76907,529
76908,536
76909,573
76910,565
76911,575
76912,630
76913,580
76914,583
76915,559
76916,610
76917,614
76918,590
76919,617
76920,596
76921,610
76922,623
76923,596
76924,573
76925,584
76926,554
76927,570
76928,582
76929,571
76930,588
76931,523
76932,591
76933,595
76934,604
76935,598
76936,565
76937,584
76938,540
76939,572
76940,611
76941,543
76942,581
76943,570
76944,560
76945,563
76946,600
76947,587
76948,585
76949,553
76950,579
76951,600
76952,597
76953,568
76954,593
76955,581
76956,564
76957,625
76958,590
76959,576
76960,617
76961,558
76962,571
76963,621
76964,577
76965,535
76966,556
76967,562
76968,575
76969,636
76970,587
76971,555
76972,551
76973,601
76974,565
76975,554
76976,580
76977,561
76978,556
76979,624
76980,579
76981,589
76982,564
76983,604
76984,585
76985,597
76986,584
76987,565
76988,605
76989,544
76990,574
76991,607
76992,489
76993,573
76994,592
76995,620
76996,570
76997,598
76998,603
76999,595
77000,605
77001,597
77002,635
77003,596
77004,569
77005,558
77006,584
77007,592
77008,621
77009,605
77010,615
77011,619
77012,631
77013,624
77014,635
77015,636
77016,614
77017,634
77018,628
77019,634
77020,591
77021,621
77022,578
77023,649
77024,661
77025,610
77026,644
77027,659
77028,586
77029,595
77030,571
77031,597
77032,675
77033,717
77034,714
77035,662
77036,626
77037,600
77038,649
77039,673
77040,670
77041,612
77042,601
77043,580
77044,603
77045,547
77046,616
