data/raw/Flight10/CPC3776_POLAR6_20150421_r2_NETCARE.ict
35,1001
Abbatt,Jon
University of Toronto
Polar 6
NETCARE
1,1
2015,4,21,2017,8,16
1
time,seconds,seconds from start in UTC
1
1
-99999
conc,number of particles per cm3
0
20
PI_CONTACT_INFO: 80 St. George Street; Toronto; ON M5S 3H6 CANADA; email: jabbatt@chem.utoronto.ca
PLATFORM: Polar 6 aircraft
LOCATION: Canadian Arctic near Inuvik
ASSOCIATED_DATA: none
INSTRUMENT_INFO: The Ultrafine Condensation Particle Counter 3776 is a continuous-flow instrument that detects particles down to 2.5 nm. It operates at an aerosol flow rate of 50 cm^3/min and detects concentrations from 0 to 300 000 particles/cm^3 with coincidence correction.
DATA_INFO: all relevant information is given above
UNCERTAINTY:  ±10% of measured value
ULOD_FLAG: -7777
ULOD_VALUE: N/As
LLOD_FLAG: -8888
LLOD_VALUE: N/A
DM_CONTACT_INFO: Data collected by Julia Burkart. Please direct all correspondence to Jon Abbatt: jabbatt@chem.utoronto.ca
PROJECT_INFO: Polar 6 NETCARE Spring 2015 campaign
STIPULATIONS_ON_USE: N/A
OTHER_COMMENTS: N/A
REVISION: R2, R1, R0
R2: zero and filter measurements are removed
R1: uncorrected raw data
R0: raw data
time,conc
[from data line 4613]
62689,412
62690,366
62691,424
62692,400
62693,393
62694,363
62695,437
62696,367
62697,399
62698,375
62699,372
62700,356
62701,355
62702,352
62703,367
62704,359
62705,315
62706,357
62707,333
62708,338
62709,330
62710,304
62711,338
62712,305
62713,316
62714,312
62715,332
62716,309
62717,288
62718,314
62719,279
62720,292
62721,285
62722,287
62723,284
62724,300
62725,353
62726,318
62727,331
62728,357
62729,354
62730,342
62731,379
62732,465
62733,450
62734,527
62735,547
62736,471
62737,517
62738,560
62739,681
62740,692
62741,763
62742,841
62743,957
62744,960
62745,1063
62746,995
62747,1000
62748,984
62749,1052
62750,1039
62751,1075
62752,1053
62753,1045
62754,1086
62755,1063
62756,1057
62757,1005
62758,1102
62759,1086
62760,991
62761,999
62762,978
62763,898
62764,918
62765,875
62766,828
62767,725
62768,732
62769,749
62770,716
62771,728
62772,746
62773,807
62774,735
62775,796
62776,725
62777,764
62778,785
62779,747
62780,790
62781,822
62782,790
62783,860
62784,839
62785,799
62786,836
62787,854
62788,811
62789,835
62790,867
62791,853
62792,807
62793,821
62794,779
62795,820
62796,797
62797,819
62798,780
62799,873
62800,834
62801,808
62802,827
62803,809
62804,858
62805,782
62806,793
62807,815
62808,792
62809,824
62810,855
62811,770
62812,892
62813,782
62814,815
62815,762
62816,738
62817,773
62818,762
62819,762
62820,752
62821,731
62822,724
62823,761
62824,738
62825,804
62826,846
62827,894
62828,920
62829,896
62830,953
62831,957
62832,917
62833,923
62834,819
62835,867
62836,821
62837,813
62838,788
62839,788
62840,743
62841,732
62842,744
62843,772
62844,783
62845,756
62846,713
62847,791
62848,719
62849,808
62850,751
62851,745
62852,697
62853,744
62854,722
62855,709
62856,710
62857,656
62858,622
62859,625
62860,678
62861,685
62862,644
62863,591
62864,646
62865,607
62866,594
62867,574
62868,553
62869,630
62870,621
62871,568
62872,629
62873,671
62874,636
62875,597
62876,499
62877,574
62878,566
62879,648
62880,637
62881,646
62882,554
62883,555
62884,546
62885,492
62886,517
62887,559
62888,524
62889,504
62890,513
62891,509
62892,566
62893,519
62894,530
62895,612
62896,534
62897,502
62898,543
62899,572
62900,536
62901,537
62902,559
62903,519
62904,543
62905,545
62906,592
62907,574
62908,620
62909,623
62910,553
62911,532
62912,547
62913,598
62914,553
62915,535
62916,528
62917,544
62918,548
62919,578
62920,544
62921,558
62922,602
62923,551
62924,553
62925,547
62926,510
62927,535
62928,487
62929,552
62930,552
62931,548
62932,515
62933,472
62934,498
62935,493
62936,514
62937,560
62938,569
62939,546
62940,535
62941,605
62942,471
62943,543
62944,531
62945,561
62946,584
62947,548
62948,571
62949,562
62950,593
62951,556
62952,532
62953,506
62954,566
62955,526
62956,573
62957,563
62958,516
62959,569
62960,603
62961,588
62962,555
62963,549
62964,569
62965,567
62966,570
62967,512
62968,543
62969,521
62970,537
62971,588
62972,565
62973,541
62974,546
62975,491
62976,533
62977,593
62978,527
62979,557
62980,556
62981,548
62982,551
62983,589
62984,512
62985,581
62986,566
62987,518
62988,538
62989,486
62990,552
62991,452
62992,501
62993,538
62994,538
62995,481
62996,511
62997,525
62998,543
62999,534
63000,552
63001,508
63002,534
63003,601
63004,521
63005,534
63006,528
63007,548
63008,505
63009,595
63010,512
63011,474
63012,510
63013,543
63014,513
63015,538
63016,521
63017,581
63018,490
63019,506
63020,507
63021,536
63022,552
63023,544
63024,502
63025,564
63026,466
63027,487
63028,491
63029,504
63030,515
63031,486
63032,493
63033,503
63034,506
63035,526
63036,560
63037,548
63038,515
63039,537
63040,491
63041,550
63042,555
63043,573
63044,534
63045,498
63046,536
63047,520
63048,526
63049,515
63050,533
63051,506
63052,544
63053,544
63054,524
63055,513
63056,536
63057,519
63058,544
63059,516
63060,538
63061,531
63062,548
63063,577
63064,535
63065,520
63066,516
63067,538
63068,565
63069,533
63070,556
63071,553
63072,567
63073,517
63074,586
63075,542
63076,580
63077,532
63078,512
63079,553
63080,528
63081,564
63082,530
63083,551
63084,571
63085,547
63086,510
63087,505
63088,494
63089,529
63090,486
63091,467
63092,512
63093,531
63094,558
63095,556
63096,507
63097,515
63098,531
63099,503
63100,521
63101,529
63102,512
63103,521
63104,526
63105,553
63106,539
63107,574
63108,512
63109,510
63110,517
63111,553
63112,539
63113,553
63114,523
63115,536
63116,505
63117,509
63118,531
63119,564
63120,544
63121,512
63122,568
63123,560
63124,515
63125,563
63126,558
63127,553
63128,522
63129,531
63130,573
63131,579
63132,554
63133,561
63134,526
63135,509
63136,515
63137,503
63138,561
63139,542
63140,581
63141,532
63142,537
63143,513
63144,544
63145,534
63146,589
63147,588
63148,535
63149,537
63150,522
63151,555
63152,524
63153,547
63154,562
63155,544
63156,544
63157,527
63158,456
63159,567
63160,535
63161,539
63162,528
63163,512
63164,572
63165,557
63166,540
63167,531
63168,579
63169,592
63170,613
63171,547
63172,533
63173,567
63174,613
63175,634
63176,576
63177,558
63178,570
63179,576
63180,509
63181,545
63182,613
63183,554
63184,584
63185,575
63186,562
63187,587
63188,589
63189,576
63190,543
63191,546
63192,583
63193,596
63194,547
63195,489
63196,504
63197,518
63198,519
63199,531
63200,514
63201,496
63202,584
63203,525
63204,618
63205,562
63206,557
63207,540
63208,519
63209,531
63210,535
63211,510
63212,467
63213,499
63214,519
63215,503
63216,485
63217,517
63218,545
63219,494
63220,498
63221,518
63222,520
63223,457
63224,489
63225,479
63226,485
63227,493
63228,473
63229,553
63230,532
63231,482
63232,519
63233,499
63234,488
63235,529
63236,534
63237,444
63238,494
63239,497
63240,476
63241,560
63242,485
63243,475
63244,499
63245,485
63246,485
63247,485
63248,496
63249,521
63250,457
63251,495
63252,503
63253,495
63254,484
63255,496
63256,478
63257,519
63258,516
63259,512
63260,505
63261,460
63262,490
63263,477
63264,485
63265,464
63266,478
63267,462
63268,447
63269,514
63270,476
63271,494
63272,514
63273,485
63274,431
63275,475
63276,415
63277,450
63278,428
63279,400
63280,425
63281,403
63282,443
63283,395
63284,430
63285,420
63286,396
63287,409
63288,365
63289,366
63290,421
63291,436
63292,404
63293,449
63294,446
63295,457
63296,432
63297,435
63298,445
63299,407
63300,400
63301,434
63302,465
63303,429
63304,428
63305,438
63306,450
63307,441
63308,498
63309,415
63310,524
63311,418
63312,414
63313,508
63314,456
63315,441
63316,470
63317,446
63318,473
63319,496
63320,466
63321,448
63322,513
63323,471
63324,442
63325,487
63326,503
63327,513
63328,507
63329,457
63330,461
63331,501
63332,508
63333,487
63334,456
63335,493
63336,475
63337,513
63338,460
63339,421
63340,415
63341,468
63342,466
63343,503
63344,487
63345,431
63346,502
63347,461
63348,468
63349,441
63350,462
63351,440
63352,489
63353,441
63354,396
63355,415
63356,464
63357,430
63358,430
63359,463
63360,455
63361,469
63362,462
63363,499
63364,501
63365,482
63366,431
63367,411
63368,498
63369,424
63370,470
63371,438
63372,475
63373,517
63374,478
63375,465
63376,450
63377,451
63378,480
63379,429
63380,419
63381,425
63382,481
63383,472
63384,447
63385,422
63386,426
63387,440
63388,497
63389,469
63390,424
63391,387
63392,419
63393,443
63394,541
63395,453
63396,423
63397,474
63398,478
63399,433
63400,478
63401,463
63402,440
63403,434
63404,438
63405,450
63406,477
63407,475
63408,545
63409,529
63410,547
63411,490
63412,498
63413,483
63414,496
63415,499
63416,499
63417,537
63418,490
63419,493
63420,456
63421,491
63422,424
63423,495
63424,431
63425,417
63426,478
63427,462
63428,480
63429,471
63430,478
63431,472
63432,453
63433,445
63434,474
63435,477
63436,443
63437,439
63438,420
63439,473
63440,516
63441,455
63442,492
63443,477
63444,511
63445,503
63446,499
63447,515
63448,528
63449,519
63450,521
63451,515
63452,475
63453,558
63454,541
63455,567
63456,538
63457,492
63458,491
63459,499
63460,503
63461,474
63462,480
63463,527
63464,506
63465,451
63466,496
63467,508
63468,499
63469,480
63470,493
63471,492
63472,525
63473,445
63474,467
63475,485
63476,468
63477,416
63478,432
63479,449
63480,462
63481,500
63482,476
63483,438
63484,485
63485,463
63486,470
63487,472
63488,458
63489,458
63490,454
63491,465
63492,453
63493,447
63494,529
63495,468
63496,454
63497,441
63498,465
63499,489
63500,514
63501,491
63502,482
63503,517
63504,466
63505,502
63506,425
63507,435
63508,395
63509,429
63510,418
63511,429
63512,465
63513,456
63514,442
63515,445
63516,387
63517,386
63518,438
63519,441
63520,408
63521,363
63522,389
63523,392
63524,369
63525,354
63526,384
63527,382
63528,347
63529,357
63530,369
63531,373
63532,378
63533,352
63534,418
63535,353
63536,381
63537,349
63538,339
63539,408
63540,385
63541,348
63542,359
63543,389
63544,363
63545,404
63546,388
63547,341
63548,382
63549,393
63550,350
63551,339
63552,409
63553,369
63554,360
63555,395
63556,380
63557,349
63558,371
63559,360
63560,374
63561,358
63562,406
63563,367
63564,361
63565,397
63566,350
63567,375
63568,379
63569,351
63570,348
63571,383
63572,371
63573,387
63574,350
63575,358
63576,421
63577,390
63578,383
63579,371
63580,384
63581,403
63582,374
63583,406
63584,382
63585,419
63586,343
63587,363
63588,363
63589,400
63590,377
63591,341
63592,340
63593,309
63594,316
63595,360
63596,391
63597,390
63598,323
63599,289
63600,305
63601,286
63602,280
63603,274
63604,272
63605,278
63606,325
63607,255
63608,268
63609,280
63610,278
63611,276
63612,259
63613,322
63614,237
63615,276
63616,276
63617,255
63618,269
63619,236
63620,277
63621,277
63622,265
63623,278
63624,281
63625,315
63626,365
63627,398
63628,315
63629,293
63630,386
63631,379
63632,270
63633,293
63634,341
63635,335
63636,334
63637,396
63638,334
63639,313
63640,374
63641,392
63642,323
63643,284
63644,324
63645,305
63646,276
63647,374
63648,408
63649,443
63650,483
63651,486
63652,426
63653,431
63654,406
63655,367
63656,441
63657,385
63658,365
63659,379
63660,403
63661,435
63662,445
63663,480
63664,495
63665,451
63666,395
63667,424
63668,378
63669,371
63670,438
63671,489
63672,469
63673,492
63674,428
63675,472
63676,491
63677,470
63678,527
63679,488
63680,479
63681,502
63682,501
63683,511
63684,462
63685,450
63686,430
63687,411
63688,417
63689,432
63690,453
63691,449
63692,401
63693,430
63694,417
63695,384
63696,408
63697,409
63698,426
63699,394
63700,409
63701,448
63702,435
63703,415
63704,455
63705,419
63706,426
63707,435
63708,509
63709,398
63710,484
63711,438
63712,394
63713,409
63714,425
63715,380
63716,388
63717,375
63718,418
63719,433
63720,404
63721,410
63722,396
63723,436
63724,342
63725,436
63726,386
63727,363
63728,383
63729,401
63730,409
63731,397
63732,410
63733,395
63734,367
63735,405
63736,398
63737,339
63738,362
63739,366
63740,415
63741,380
63742,394
63743,397
63744,387
63745,372
63746,362
63747,404
63748,326
63749,328
63750,353
63751,369
63752,365
63753,352
63754,340
63755,343
63756,349
63757,324
63758,328
63759,303
63760,301
63761,312
63762,308
63763,284
63764,351
63765,317
63766,316
63767,348
63768,302
63769,319
63770,300
63771,332
63772,277
63773,359
63774,270
63775,295
63776,302
63777,311
63778,314
63779,269
63780,299
63781,256
63782,330
63783,292
63784,317
63785,309
63786,338
63787,311
63788,263
63789,319
63790,329
63791,265
63792,300
63793,274
63794,295
63795,298
63796,300
63797,260
63798,303
63799,284
63800,283
63801,304
63802,303
63803,298
63804,260
63805,311
63806,252
63807,287
63808,278
63809,242
63810,255
63811,273
63812,307
63813,267
63814,273
63815,259
63816,262
63817,276
63818,280
63819,264
63820,268
63821,294
63822,270
63823,308
63824,280
63825,317
63826,296
63827,289
63828,258
63829,272
63830,268
63831,254
63832,264
63833,310
63834,279
63835,285
63836,285
63837,282
63838,283
63839,303
63840,288
63841,287
63842,314
63843,285
63844,308
63845,293
63846,299
63847,281
63848,273
63849,286
63850,243
63851,275
63852,259
63853,279
63854,281
63855,294
63856,272
63857,268
63858,233
63859,288
63860,257
63861,266
63862,297
63863,276
63864,277
63865,269
63866,277
63867,280
63868,305
63869,281
63870,243
63871,281
63872,266
63873,285
63874,294
63875,280
63876,285
63877,257
63878,264
63879,265
63880,238
63881,279
63882,298
63883,290
63884,296
63885,276
63886,280
63887,284
63888,285
63889,250
63890,273
63891,270
63892,288
63893,237
63894,293
63895,277
63896,274
63897,265
63898,260
63899,302
63900,269
63901,266
63902,280
63903,255
63904,287
63905,298
63906,267
63907,294
63908,272
63909,255
63910,254
63911,245
63912,241
63913,272
63914,267
63915,278
63916,255
63917,287
63918,310
63919,254
63920,267
63921,254
63922,263
63923,304
63924,281
63925,319
63926,305
63927,291
63928,271
63929,268
63930,262
63931,274
63932,276
63933,271
63934,268
63935,315
63936,335
63937,270
63938,286
63939,336
63940,255
63941,295
63942,286
63943,223
63944,292
63945,293
63946,287
63947,263
63948,290
63949,270
63950,295
63951,284
63952,293
63953,310
63954,287
63955,323
63956,319
63957,277
63958,290
63959,310
63960,276
63961,309
63962,290
63963,322
63964,269
63965,299
63966,303
63967,266
63968,306
63969,312
63970,302
63971,283
63972,332
63973,240
63974,307
63975,319
63976,320
63977,325
63978,313
63979,295
63980,317
63981,294
63982,258
63983,311
63984,294
63985,297
63986,285
63987,254
63988,292
63989,271
63990,306
63991,293
63992,272
63993,281
63994,307
63995,307
63996,293
63997,272
63998,329
63999,300
64000,269
64001,263
64002,317
64003,284
64004,268
64005,269
64006,302
64007,249
64008,313
64009,318
64010,289
64011,288
64012,280
64013,289
64014,261
64015,274
64016,302
64017,296
64018,288
64019,300
64020,295
64021,294
64022,291
64023,297
64024,273
64025,270
64026,257
64027,287
64028,270
64029,274
64030,264
64031,288
64032,268
64033,254
64034,274
64035,276
64036,264
64037,278
64038,275
64039,255
64040,290
64041,289
64042,285
64043,283
64044,321
64045,310
64046,285
64047,310
64048,281
64049,300
64050,291
64051,302
64052,318
64053,280
64054,323
64055,288
64056,271
64057,271
64058,285
64059,327
64060,262
64061,298
64062,300
64063,298
64064,275
64065,300
64066,262
64067,269
64068,285
64069,248
64070,272
64071,278
64072,279
64073,268
64074,301
64075,257
64076,274
64077,285
64078,309
64079,241
64080,245
64081,234
64082,256
64083,274
64084,256
64085,272
64086,281
64087,280
64088,250
64089,258
64090,253
64091,298
64092,277
64093,289
64094,273
64095,259
64096,244
64097,243
64098,241
64099,265
64100,259
64101,289
64102,246
64103,242
64104,228
64105,245
64106,247
64107,288
64108,259
64109,248
64110,246
64111,244
64112,257
64113,290
64114,245
64115,249
64116,259
64117,268
64118,285
64119,262
64120,270
64121,253
64122,250
64123,259
64124,253
64125,254
64126,250
64127,224
64128,230
64129,239
64130,227
64131,246
64132,239
64133,243
64134,181
64135,249
64136,206
64137,224
64138,264
64139,216
64140,213
64141,242
64142,201
64143,205
64144,225
64145,236
64146,197
64147,219
64148,245
64149,217
64150,203
64151,175
64152,193
64153,181
64154,186
64155,190
64156,198
64157,177
64158,188
64159,197
64160,200
64161,208
64162,204
64163,188
64164,200
64165,200
64166,237
64167,214
64168,229
64169,176
64170,234
64171,230
64172,244
64173,200
64174,201
64175,201
64176,200
64177,195
64178,222
64179,229
64180,237
64181,225
64182,240
64183,213
64184,233
64185,221
64186,219
64187,226
64188,204
64189,224
64190,215
64191,217
64192,234
64193,222
64194,217
64195,189
64196,223
64197,211
64198,236
64199,213
64200,203
64201,210
64202,216
64203,232
64204,192
64205,-99999
64206,-99999
64207,-99999
64208,-99999
64209,-99999
64210,-99999
64211,-99999
64212,-99999
64213,-99999
64214,-99999
64215,-99999
64216,-99999
64217,-99999
64218,-99999
64219,-99999
64220,-99999
64221,-99999
64222,-99999
64223,-99999
64224,-99999
64225,-99999
64226,-99999
64227,-99999
64228,-99999
64229,-99999
64230,-99999
64231,-99999
64232,-99999
64233,-99999
64234,-99999
64235,-99999
64236,-99999
64237,-99999
64238,-99999
64239,-99999
64240,-99999
64241,-99999
64242,-99999
64243,-99999
64244,-99999
64245,-99999
64246,-99999
64247,-99999
64248,-99999
64249,-99999
64250,-99999
64251,-99999
64252,-99999
64253,-99999
64254,-99999
64255,-99999
64256,-99999
64257,-99999
64258,-99999
64259,-99999
64260,-99999
64261,-99999
64262,-99999
64263,-99999
64264,-99999
64265,-99999
64266,-99999
64267,-99999
