data/raw/Flight10/O3_POLAR6_201504211553_R0_L1_NETCARE.ict
37, 1001
Staebler, Ralf
Environment Canada
Thermo 49i ozone data
Polar 6 NETCARE
1, 1
2015, 4, 21, 2015, 9, 30
0
Start_UTC, seconds
6
1, 1, 1, 1, 1, 1
-9999, -9999, -999.9, -99.9, -99.9, -99.9
Stop_UTC, seconds
hr, decimal hours (UTC)
Press, cell pressure (Torr)
BenchT, instrument temperature (deg C)
LampT, ozone lamp temperature (deg C)
O3, ozone mixing ratio (ppbv)
1
Press, BenchT, LampT are included for diagnostics
16
PI_CONTACT_INFO: Address: 4905 Dufferin Street, Toronto, ON M3H 5T4; email: Ralf.Staebler@ec.gc.ca
PLATFORM: Polar 6 
LOCATION: Location data varies as seen in this file
INSTRUMENT_INFO: Thermo Scienfific ozone analyzer model 49i, S.N. 0606014771
UNCERTAINTY: 0.2 ppbv 
ULOD_FLAG: -7777
ULOD_VALUE: N/A
LLOD_FLAG: -8888
LLOD_VALUE: N/A
DM_CONTACT_INFO: Ralf Staebler; Environment Canada; Ralf.Staebler@ec.gc.ca
PROJECT_INFO: Polar 6 NETCARE Spring 2015 campaign
STIPULATIONS_ON_USE: If use of this data will lead to a publication, we ask that the PI be informed.
OTHER_COMMENTS: N/A
REVISION: R0
R0: First set of data.
Start_UTC,Stop_UTC,hr,Press,BenchT,LampT,O3
[from data line 1567]
73740,73750,20.4861,460.8,35.8,53.4,40.6
73750,73760,20.4889,459.0,35.8,53.4,42.5
73760,73770,20.4917,457.8,35.8,53.4,39.9
73770,73780,20.4944,459.9,35.8,53.4,41.6
73780,73790,20.4972,459.9,35.8,53.4,40.7
73790,73800,20.5000,458.4,35.8,53.4,40.2
73800,73810,20.5028,456.9,35.8,53.4,42
73810,73820,20.5056,456.3,35.8,53.4,40.1
73820,73830,20.5083,454.5,35.8,53.4,41.3
73830,73840,20.5111,454.2,35.8,53.4,39.7
73840,73850,20.5139,453.0,35.8,53.4,42.3
73850,73860,20.5167,454.5,35.9,53.4,41.3
73860,73870,20.5194,455.1,35.8,53.4,40.6
73870,73880,20.5222,454.2,35.8,53.4,41.3
73880,73890,20.5250,454.5,35.8,53.4,42.2
73890,73900,20.5278,454.2,35.8,53.4,43.5
73900,73910,20.5306,454.2,35.8,53.4,42.1
73910,73920,20.5333,453.9,35.8,53.4,41.7
73920,73930,20.5361,453.0,35.8,53.4,41.7
73930,73940,20.5389,452.4,35.8,53.4,42.4
73940,73950,20.5417,451.2,35.8,53.4,43.9
73950,73960,20.5444,450.0,35.8,53.4,44.6
73960,73970,20.5472,448.5,35.8,53.4,47.8
73970,73980,20.5500,447.9,35.8,53.4,47.6
73980,73990,20.5528,447.3,35.8,53.4,47.6
73990,74000,20.5556,445.8,35.8,53.4,54
74000,74010,20.5583,444.6,35.8,53.4,54
74010,74020,20.5611,444.6,35.8,53.4,52.8
74020,74030,20.5639,444.3,35.8,53.4,51.9
74030,74040,20.5667,444.0,35.8,53.4,48.1
74040,74050,20.5694,444.0,35.8,53.4,49
74050,74060,20.5722,444.6,35.8,53.4,51.9
74060,74070,20.5750,444.6,35.8,53.4,50.4
74070,74080,20.5778,444.0,35.8,53.4,51.6
74080,74090,20.5806,444.0,35.8,53.4,51.8
74090,74100,20.5833,444.9,35.8,53.4,49.8
74100,74110,20.5861,445.2,35.8,53.4,50
74110,74120,20.5889,444.6,35.8,53.4,50.3
74120,74130,20.5917,444.0,35.8,53.4,49.9
74130,74140,20.5944,443.4,35.8,53.4,51.6
74140,74150,20.5972,442.8,35.8,53.4,49.2
74150,74160,20.6000,441.9,35.8,53.4,51.1
74160,74170,20.6028,440.7,35.8,53.4,45.9
74170,74180,20.6056,440.1,35.8,53.4,47.2
74180,74190,20.6083,440.1,35.8,53.4,44.6
74190,74200,20.6111,440.1,35.8,53.4,45.9
74200,74210,20.6139,439.8,35.8,53.4,43.7
74210,74220,20.6167,441.3,35.8,53.4,43.8
74220,74230,20.6194,443.4,35.8,53.4,43.9
74230,74240,20.6222,444.3,35.8,53.4,40.5
74240,74250,20.6250,445.2,35.8,53.5,41.2
74250,74260,20.6278,447.3,35.8,53.4,42.9
74260,74270,20.6306,449.4,35.8,53.4,40.7
74270,74280,20.6333,450.0,35.8,53.4,41.9
74280,74290,20.6361,451.2,35.8,53.4,40.8
74290,74300,20.6389,453.0,35.8,53.4,42.1
74300,74310,20.6417,455.4,35.8,53.4,41.9
74310,74320,20.6444,456.0,35.8,53.4,42.3
74320,74330,20.6472,457.2,35.8,53.4,43.6
74330,74340,20.6500,459.6,35.8,53.4,43.3
74340,74350,20.6528,461.1,35.8,53.4,42
74350,74360,20.6556,462.3,35.8,53.5,43.8
74360,74370,20.6583,464.1,35.8,53.5,45.4
74370,74380,20.6611,465.3,35.8,53.4,44.5
74380,74390,20.6639,466.8,35.8,53.4,50.6
74390,74400,20.6667,468.3,35.8,53.5,50.7
74400,74410,20.6694,469.2,35.8,53.4,55.7
74410,74420,20.6722,471.3,35.8,53.4,57.2
74420,74430,20.6750,473.1,35.8,53.4,58.6
74430,74440,20.6778,474.6,35.8,53.4,59.6
74440,74450,20.6806,476.4,35.8,53.4,58.7
74450,74460,20.6833,478.2,35.8,53.5,57.6
74460,74470,20.6861,480.6,35.8,53.4,55.2
74470,74480,20.6889,481.8,35.8,53.4,51.9
74480,74490,20.6917,483.6,35.8,53.4,51.7
74490,74500,20.6944,485.7,35.8,53.5,55.1
74500,74510,20.6972,487.2,35.8,53.5,57.8
74510,74520,20.7000,488.7,35.8,53.5,59.3
74520,74530,20.7028,490.8,35.8,53.5,58.8
74530,74540,20.7056,493.2,35.8,53.4,60.3
74540,74550,20.7083,494.7,35.8,53.3,61.2
74550,74560,20.7111,496.5,35.7,53.4,59.7
74560,74570,20.7139,498.3,35.7,53.3,60.5
74570,74580,20.7167,500.4,35.7,53.3,62.1
74580,74590,20.7194,501.6,35.7,53.4,61.9
74590,74600,20.7222,503.4,35.7,53.3,62.1
74600,74610,20.7250,505.1,35.7,53.4,61.1
74610,74620,20.7278,506.0,35.7,53.3,60.3
74620,74630,20.7306,505.7,35.7,53.4,57.6
74630,74640,20.7333,505.4,35.7,53.3,56
74640,74650,20.7361,505.7,35.7,53.3,58.2
74650,74660,20.7389,506.3,35.7,53.4,56.7
74660,74670,20.7417,506.3,35.7,53.3,53.9
74670,74680,20.7444,506.3,35.7,53.3,55.8
74680,74690,20.7472,506.3,35.7,53.4,56
74690,74700,20.7500,506.6,35.7,53.3,57.5
74700,74710,20.7528,507.2,35.7,53.4,53.4
74710,74720,20.7556,506.6,35.7,53.4,46.7
74720,74730,20.7583,506.3,35.7,53.4,57.5
74730,74740,20.7611,506.6,35.6,53.4,58.7
74740,74750,20.7639,506.6,35.6,53.3,54.9
74750,74760,20.7667,505.7,35.6,53.4,55.1
74760,74770,20.7694,505.4,35.6,53.4,57.4
74770,74780,20.7722,505.7,35.6,53.4,58.1
74780,74790,20.7750,505.7,35.6,53.4,58.2
74790,74800,20.7778,504.9,35.6,53.4,58.7
74800,74810,20.7806,504.6,35.6,53.4,58.4
74810,74820,20.7833,505.1,35.6,53.4,57.9
74820,74830,20.7861,504.6,35.6,53.3,54.4
74830,74840,20.7889,504.0,35.6,53.4,54.5
74840,74850,20.7917,504.2,35.6,53.4,58.4
74850,74860,20.7944,504.2,35.6,53.4,57
74860,74870,20.7972,504.0,35.6,53.4,56.1
74870,74880,20.8000,503.7,35.6,53.4,51.1
74880,74890,20.8028,503.7,35.6,53.4,51.8
74890,74900,20.8056,503.7,35.6,53.4,50.9
74900,74910,20.8083,503.4,35.6,53.4,51.5
74910,74920,20.8111,502.8,35.6,53.4,48.3
74920,74930,20.8139,503.1,35.6,53.4,48.3
74930,74940,20.8167,503.4,35.6,53.4,47.6
74940,74950,20.8194,503.4,35.6,53.4,47.9
74950,74960,20.8222,503.1,35.5,53.4,45.7
74960,74970,20.8250,503.1,35.5,53.4,47.2
74970,74980,20.8278,504.0,35.5,53.4,46.2
74980,74990,20.8306,504.0,35.5,53.4,45.3
74990,75000,20.8333,503.7,35.5,53.4,45.9
75000,75010,20.8361,503.4,35.5,53.4,47.8
75010,75020,20.8389,504.2,35.5,53.4,46.8
75020,75030,20.8417,504.6,35.5,53.4,49.7
75030,75040,20.8444,504.2,35.5,53.4,49.1
75040,75050,20.8472,504.2,35.5,53.4,52.2
75050,75060,20.8500,504.9,35.5,53.4,51.1
75060,75070,20.8528,505.7,35.5,53.4,51.8
75070,75080,20.8556,506.9,35.5,53.4,50.8
75080,75090,20.8583,508.7,35.5,53.4,51.5
75090,75100,20.8611,510.5,35.5,53.4,51.9
75100,75110,20.8639,512.0,35.5,53.4,54.3
75110,75120,20.8667,513.2,35.5,53.4,53.5
75120,75130,20.8694,514.7,35.5,53.4,52.8
75130,75140,20.8722,516.8,35.5,53.4,52.8
75140,75150,20.8750,518.3,35.5,53.4,49.4
75150,75160,20.8778,519.2,35.5,53.4,47.7
75160,75170,20.8806,520.7,35.4,53.4,47.2
75170,75180,20.8833,522.8,35.5,53.4,47.3
75180,75190,20.8861,524.6,35.5,53.4,50.5
75190,75200,20.8889,525.8,35.4,53.4,50.7
75200,75210,20.8917,527.6,35.4,53.4,50.5
75210,75220,20.8944,529.7,35.4,53.4,50.1
75220,75230,20.8972,531.5,35.4,53.4,46.7
75230,75240,20.9000,533.0,35.4,53.4,45.8
75240,75250,20.9028,534.5,35.4,53.4,45.4
75250,75260,20.9056,536.3,35.4,53.4,45.9
75260,75270,20.9083,537.8,35.4,53.4,47.9
75270,75280,20.9111,539.6,35.4,53.4,49.6
75280,75290,20.9139,541.4,35.4,53.4,49.5
75290,75300,20.9167,543.8,35.4,53.4,49.8
75300,75310,20.9194,545.3,35.4,53.4,47.4
75310,75320,20.9222,546.5,35.4,53.4,47.3
75320,75330,20.9250,547.7,35.4,53.4,46.9
75330,75340,20.9278,549.5,35.4,53.4,46.6
75340,75350,20.9306,551.6,35.4,53.4,48.3
75350,75360,20.9333,552.5,35.4,53.4,48.7
75360,75370,20.9361,554.0,35.3,53.4,49.6
75370,75380,20.9389,556.1,35.3,53.4,49.2
75380,75390,20.9417,557.6,35.3,53.4,51
75390,75400,20.9444,557.9,35.3,53.4,49.8
75400,75410,20.9472,558.5,35.3,53.4,51.3
75410,75420,20.9500,559.4,35.3,53.4,53.3
75420,75430,20.9528,560.3,35.3,53.4,51.8
75430,75440,20.9556,560.6,35.3,53.4,52.3
75440,75450,20.9583,560.9,35.3,53.4,52.4
75450,75460,20.9611,562.7,35.3,53.4,50.3
75460,75470,20.9639,563.6,35.3,53.4,51.1
75470,75480,20.9667,564.5,35.3,53.4,51.5
75480,75490,20.9694,565.1,35.3,53.4,52
75490,75500,20.9722,566.0,35.3,53.4,52.5
75500,75510,20.9750,566.6,35.3,53.4,51.8
75510,75520,20.9778,566.6,35.3,53.4,51
75520,75530,20.9806,568.1,35.3,53.4,52.3
75530,75540,20.9833,570.5,35.3,53.4,52.6
75540,75550,20.9861,571.7,35.3,53.4,52.3
75550,75560,20.9889,572.3,35.3,53.4,52.2
75560,75570,20.9917,573.2,35.2,53.3,52.9
75570,75580,20.9944,573.5,35.2,53.4,52.1
75580,75590,20.9972,573.5,35.2,53.4,51.8
75590,75600,21.0000,572.9,35.2,53.4,51.8
75600,75610,21.0028,573.5,35.2,53.4,51
75610,75620,21.0056,574.1,35.2,53.4,50.2
75620,75630,21.0083,574.1,35.2,53.4,51.3
75630,75640,21.0111,573.5,35.2,53.3,50.7
75640,75650,21.0139,573.2,35.2,53.4,51.1
75650,75660,21.0167,573.2,35.2,53.4,51.9
75660,75670,21.0194,573.5,35.2,53.4,51.8
75670,75680,21.0222,573.2,35.2,53.4,52.3
75680,75690,21.0250,572.9,35.2,53.4,52.9
75690,75700,21.0278,572.9,35.2,53.4,52.7
75700,75710,21.0306,572.9,35.1,53.4,52.2
75710,75720,21.0333,572.0,35.1,53.3,50.6
75720,75730,21.0361,572.3,35.1,53.4,51.1
75730,75740,21.0389,572.9,35.1,53.4,51
75740,75750,21.0417,572.6,35.1,53.4,51.6
75750,75760,21.0444,571.7,35.1,53.4,52.4
75760,75770,21.0472,571.4,35.1,53.3,52
75770,75780,21.0500,572.0,35.1,53.4,52.2
75780,75790,21.0528,572.9,35.0,53.3,51.9
75790,75800,21.0556,572.9,35.0,53.4,52.9
75800,75810,21.0583,572.9,35.0,53.4,52.9
75810,75820,21.0611,573.5,35.0,53.4,53.3
75820,75830,21.0639,573.8,35.0,53.4,53.6
75830,75840,21.0667,573.5,35.0,53.3,51.7
75840,75850,21.0694,573.2,35.0,53.3,51.6
75850,75860,21.0722,573.5,35.0,53.4,52.3
75860,75870,21.0750,573.2,35.0,53.4,51.2
75870,75880,21.0778,573.2,35.0,53.4,50.5
75880,75890,21.0806,572.6,35.0,53.4,51.4
75890,75900,21.0833,572.9,34.9,53.4,51.4
75900,75910,21.0861,572.6,34.9,53.4,50.7
75910,75920,21.0889,572.0,34.9,53.4,51.6
75920,75930,21.0917,572.0,34.9,53.4,51.5
75930,75940,21.0944,572.0,34.9,53.3,52.5
75940,75950,21.0972,572.3,34.9,53.3,51.9
75950,75960,21.1000,571.4,34.9,53.4,52.7
75960,75970,21.1028,572.3,34.9,53.4,52.4
75970,75980,21.1056,572.9,34.9,53.4,52.9
75980,75990,21.1083,573.8,34.9,53.3,51.7
75990,76000,21.1111,573.2,34.8,53.3,50.9
76000,76010,21.1139,573.5,34.8,53.3,51.2
76010,76020,21.1167,574.1,34.8,53.4,50.5
76020,76030,21.1194,573.8,34.8,53.4,51.2
76030,76040,21.1222,574.1,34.8,53.4,51.9
76040,76050,21.1250,573.8,34.8,53.4,52.2
76050,76060,21.1278,573.8,34.8,53.3,52.5
76060,76070,21.1306,573.2,34.8,53.4,52.6
76070,76080,21.1333,572.9,34.7,53.4,52.6
76080,76090,21.1361,573.2,34.7,53.3,50.8
76090,76100,21.1389,573.8,34.7,53.4,52.6
76100,76110,21.1417,573.8,34.7,53.4,52.9
76110,76120,21.1444,572.9,34.7,53.3,52.8
76120,76130,21.1472,573.2,34.7,53.3,51.3
76130,76140,21.1500,573.8,34.7,53.4,50.5
76140,76150,21.1528,574.1,34.7,53.4,51.7
76150,76160,21.1556,573.5,34.7,53.3,53.3
76160,76170,21.1583,572.9,34.7,53.3,52.5
76170,76180,21.1611,572.9,34.6,53.3,51.7
76180,76190,21.1639,572.9,34.6,53.3,50.4
76190,76200,21.1667,572.6,34.6,53.3,51.6
76200,76210,21.1694,572.6,34.6,53.3,51.3
76210,76220,21.1722,573.5,34.6,53.3,51.9
76220,76230,21.1750,572.6,34.6,53.3,52.3
76230,76240,21.1778,571.7,34.5,53.3,53.2
76240,76250,21.1806,572.3,34.5,53.3,51.7
76250,76260,21.1833,572.9,34.5,53.3,52.1
76260,76270,21.1861,572.3,34.5,53.3,51.3
76270,76280,21.1889,571.7,34.5,53.3,49.3
76280,76290,21.1917,572.0,34.5,53.3,50.6
76290,76300,21.1944,572.0,34.5,53.3,50.9
76300,76310,21.1972,572.6,34.5,53.3,50.7
76310,76320,21.2000,572.0,34.5,53.3,50
76320,76330,21.2028,571.7,34.4,53.3,50.9
76330,76340,21.2056,572.6,34.4,53.3,49.3
76340,76350,21.2083,573.2,34.4,53.3,51.8
76350,76360,21.2111,572.9,34.4,53.3,51.2
76360,76370,21.2139,573.2,34.4,53.3,51.3
76370,76380,21.2167,574.4,34.4,53.3,50.4
76380,76390,21.2194,573.5,34.4,53.3,51.8
76390,76400,21.2222,575.0,34.4,53.3,50.6
76400,76410,21.2250,574.1,34.4,53.3,50.5
76410,76420,21.2278,574.4,34.3,53.3,49.4
76420,76430,21.2306,574.7,34.3,53.3,50.2
76430,76440,21.2333,575.0,34.3,53.4,50.2
76440,76450,21.2361,574.4,34.3,53.3,51.2
76450,76460,21.2389,575.0,34.3,53.3,49.6
76460,76470,21.2417,576.2,34.3,53.3,49.6
76470,76480,21.2444,578.6,34.3,53.3,50.4
76480,76490,21.2472,581.0,34.3,53.3,50.8
76490,76500,21.2500,584.2,34.3,53.4,50
76500,76510,21.2528,586.9,34.3,53.3,51
76510,76520,21.2556,589.3,34.2,53.3,52.2
76520,76530,21.2583,592.0,34.2,53.3,52.8
76530,76540,21.2611,595.6,34.2,53.3,51.6
76540,76550,21.2639,598.0,34.2,53.3,52.1
76550,76560,21.2667,600.7,34.2,53.3,51.9
76560,76570,21.2694,603.4,34.2,53.3,52.3
76570,76580,21.2722,607.0,34.2,53.3,52.1
76580,76590,21.2750,610.3,34.2,53.3,49.9
76590,76600,21.2778,613.0,34.2,53.3,50.6
76600,76610,21.2806,615.7,34.1,53.3,50.1
76610,76620,21.2833,619.3,34.1,53.3,50.2
76620,76630,21.2861,623.2,34.1,53.3,51.4
76630,76640,21.2889,625.6,34.1,53.3,49.6
76640,76650,21.2917,628.9,34.1,53.3,48.6
76650,76660,21.2944,632.8,34.1,53.3,50.5
76660,76670,21.2972,636.1,34.1,53.3,51.3
76670,76680,21.3000,639.1,34.1,53.3,50
76680,76690,21.3028,643.0,34.1,53.3,49.7
76690,76700,21.3056,647.2,34.0,53.3,50.6
76700,76710,21.3083,651.4,34.0,53.3,48.2
76710,76720,21.3111,654.1,34.0,53.3,46.9
76720,76730,21.3139,657.4,34.0,53.3,47.2
76730,76740,21.3167,661.2,34.0,53.3,46.1
76740,76750,21.3194,664.5,34.0,53.3,47.5
76750,76760,21.3222,667.5,34.0,53.3,47.9
76760,76770,21.3250,671.1,34.0,53.3,46.7
76770,76780,21.3278,675.0,34.0,53.3,47.2
76780,76790,21.3306,677.7,33.9,53.3,47.2
76790,76800,21.3333,680.7,33.9,53.3,47.1
76800,76810,21.3361,683.7,33.9,53.3,44.6
76810,76820,21.3389,687.0,33.9,53.3,42.9
76820,76830,21.3417,688.8,33.9,53.3,41.5
76830,76840,21.3444,690.9,33.9,53.3,39.9
76840,76850,21.3472,694.2,33.9,53.3,40.2
76850,76860,21.3500,697.8,33.9,53.3,39.9
76860,76870,21.3528,701.1,33.9,53.3,39.4
76870,76880,21.3556,703.8,33.9,53.3,38.3
76880,76890,21.3583,706.5,33.8,53.3,39.2
76890,76900,21.3611,709.2,33.8,53.3,38.2
76900,76910,21.3639,711.6,33.8,53.3,38.1
76910,76920,21.3667,715.5,33.8,53.3,38.4
76920,76930,21.3694,718.8,33.8,53.3,38.5
76930,76940,21.3722,723.0,33.8,53.3,39.8
76940,76950,21.3750,725.1,33.7,53.3,38.4
76950,76960,21.3778,727.2,33.7,53.3,38.1
76960,76970,21.3806,729.6,33.7,53.3,38.7
76970,76980,21.3833,732.9,33.7,53.3,38.2
76980,76990,21.3861,735.0,33.7,53.3,38.7
76990,77000,21.3889,737.1,33.7,53.3,38.5
77000,77010,21.3917,739.7,33.7,53.3,38.9
77010,77020,21.3944,743.0,33.7,53.3,37.9
77020,77030,21.3972,744.8,33.7,53.3,38.5
77030,77040,21.4000,745.7,33.6,53.3,38.3
