data/raw/Flight10/O3_POLAR6_201504211553_R0_L1_NETCARE.ict
37, 1001
Staebler, Ralf
Environment Canada
Thermo 49i ozone data
Polar 6 NETCARE
1, 1
2015, 4, 21, 2015, 9, 30
0
Start_UTC, seconds
6
1, 1, 1, 1, 1, 1
-9999, -9999, -999.9, -99.9, -99.9, -99.9
Stop_UTC, seconds
hr, decimal hours (UTC)
Press, cell pressure (Torr)
BenchT, instrument temperature (deg C)
LampT, ozone lamp temperature (deg C)
O3, ozone mixing ratio (ppbv)
1
Press, BenchT, LampT are included for diagnostics
16
PI_CONTACT_INFO: Address: 4905 Dufferin Street, Toronto, ON M3H 5T4; email: Ralf.Staebler@ec.gc.ca
PLATFORM: Polar 6 
LOCATION: Location data varies as seen in this file
INSTRUMENT_INFO: Thermo Scienfific ozone analyzer model 49i, S.N. 0606014771
UNCERTAINTY: 0.2 ppbv 
ULOD_FLAG: -7777
ULOD_VALUE: N/A
LLOD_FLAG: -8888
LLOD_VALUE: N/A
DM_CONTACT_INFO: Ralf Staebler; Environment Canada; Ralf.Staebler@ec.gc.ca
PROJECT_INFO: Polar 6 NETCARE Spring 2015 campaign
STIPULATIONS_ON_USE: If use of this data will lead to a publication, we ask that the PI be informed.
OTHER_COMMENTS: N/A
REVISION: R0
R0: First set of data.
Start_UTC,Stop_UTC,hr,Press,BenchT,LampT,O3
[from data line 784]
65910,65920,18.3111,391.9,36.2,53.4,53.4
65920,65930,18.3139,393.7,36.2,53.4,53.8
65930,65940,18.3167,395.8,36.2,53.4,54
65940,65950,18.3194,397.9,36.2,53.4,56
65950,65960,18.3222,399.7,36.2,53.4,56.9
65960,65970,18.3250,401.5,36.2,53.4,57.2
65970,65980,18.3278,403.3,36.2,53.4,56.3
65980,65990,18.3306,404.8,36.2,53.4,57.7
65990,66000,18.3333,406.3,36.2,53.4,56.5
66000,66010,18.3361,408.1,36.2,53.4,56.8
66010,66020,18.3389,409.9,36.2,53.4,56.7
66020,66030,18.3417,411.7,36.2,53.4,57.3
66030,66040,18.3444,412.6,36.2,53.4,57.3
66040,66050,18.3472,414.7,36.2,53.4,57.7
66050,66060,18.3500,416.8,36.2,53.4,57.4
66060,66070,18.3528,418.9,36.2,53.4,58
66070,66080,18.3556,419.5,36.2,53.4,56.1
66080,66090,18.3583,421.3,36.2,53.4,60
66090,66100,18.3611,423.4,36.2,53.4,58.7
66100,66110,18.3639,424.9,36.2,53.4,59.8
66110,66120,18.3667,426.1,36.2,53.4,58.8
66120,66130,18.3694,426.9,36.2,53.4,58.1
66130,66140,18.3722,429.0,36.2,53.4,56.3
66140,66150,18.3750,430.8,36.2,53.4,56.7
66150,66160,18.3778,432.0,36.2,53.4,57.1
66160,66170,18.3806,433.8,36.2,53.4,57.9
66170,66180,18.3833,435.6,36.2,53.4,57.7
66180,66190,18.3861,437.1,36.2,53.4,57.5
66190,66200,18.3889,438.3,36.2,53.4,59.4
66200,66210,18.3917,439.8,36.2,53.4,60.5
66210,66220,18.3944,442.5,36.2,53.4,58.4
66220,66230,18.3972,444.3,36.2,53.4,59.6
66230,66240,18.4000,445.8,36.2,53.4,61.9
66240,66250,18.4028,447.9,36.2,53.4,64.6
66250,66260,18.4056,449.7,36.2,53.4,65
66260,66270,18.4083,451.5,36.2,53.4,62.5
66270,66280,18.4111,453.0,36.2,53.4,58.4
66280,66290,18.4139,455.4,36.2,53.4,56.7
66290,66300,18.4167,457.2,36.2,53.4,57.2
66300,66310,18.4194,458.4,36.2,53.4,57.5
66310,66320,18.4222,459.3,36.2,53.4,58.9
66320,66330,18.4250,460.2,36.2,53.4,57.4
66330,66340,18.4278,461.7,36.2,53.4,58.6
66340,66350,18.4306,462.6,36.2,53.4,59.1
66350,66360,18.4333,463.5,36.2,53.4,58.4
66360,66370,18.4361,464.4,36.2,53.4,59.3
66370,66380,18.4389,465.9,36.2,53.4,57.9
66380,66390,18.4417,465.6,36.2,53.4,59.5
66390,66400,18.4444,465.0,36.2,53.5,59.1
66400,66410,18.4472,465.0,36.2,53.5,58.1
66410,66420,18.4500,466.2,36.1,53.4,56.6
66420,66430,18.4528,465.6,36.1,53.4,58.1
66430,66440,18.4556,465.0,36.1,53.4,56.9
66440,66450,18.4583,465.6,36.1,53.4,56.8
66450,66460,18.4611,466.2,36.1,53.4,56.1
66460,66470,18.4639,466.5,36.1,53.3,52.1
66470,66480,18.4667,466.2,36.1,53.5,53.4
66480,66490,18.4694,465.0,36.1,53.4,55.7
66490,66500,18.4722,465.9,36.1,53.3,60
66500,66510,18.4750,466.2,36.1,53.5,58.4
66510,66520,18.4778,466.5,36.1,53.5,58.6
66520,66530,18.4806,466.5,36.1,53.4,58.5
66530,66540,18.4833,466.8,36.1,53.3,56.5
66540,66550,18.4861,466.5,36.1,53.5,56.4
66550,66560,18.4889,466.5,36.1,53.3,58
66560,66570,18.4917,466.2,36.1,53.5,58.1
66570,66580,18.4944,465.9,36.1,53.5,56.1
66580,66590,18.4972,465.6,36.1,53.4,56.9
66590,66600,18.5000,465.6,36.1,53.4,57.4
66600,66610,18.5028,466.2,36.1,53.4,58
66610,66620,18.5056,466.2,36.1,53.4,57.5
66620,66630,18.5083,465.6,36.1,53.4,59.1
66630,66640,18.5111,465.3,36.1,53.4,60.3
66640,66650,18.5139,465.6,36.0,53.5,60.6
66650,66660,18.5167,465.6,36.0,53.3,57.8
66660,66670,18.5194,466.2,36.0,53.4,59
66670,66680,18.5222,465.9,36.0,53.4,60.5
66680,66690,18.5250,466.2,36.0,53.4,58.7
66690,66700,18.5278,465.9,36.0,53.4,57.5
66700,66710,18.5306,465.9,36.0,53.4,57.8
66710,66720,18.5333,465.3,36.0,53.4,58.3
66720,66730,18.5361,465.6,36.0,53.4,59.1
66730,66740,18.5389,465.9,36.0,53.4,57.4
66740,66750,18.5417,466.5,36.0,53.4,57.1
66750,66760,18.5444,465.9,36.0,53.5,57
66760,66770,18.5472,465.9,36.0,53.4,56.7
66770,66780,18.5500,465.9,35.9,53.4,57.2
66780,66790,18.5528,465.9,35.9,53.4,58.6
66790,66800,18.5556,465.6,35.9,53.4,60
66800,66810,18.5583,465.9,35.9,53.4,61.2
66810,66820,18.5611,466.5,35.9,53.4,61.8
66820,66830,18.5639,466.2,35.9,53.4,57.5
66830,66840,18.5667,465.9,35.9,53.4,58.2
66840,66850,18.5694,466.2,35.9,53.4,57.1
66850,66860,18.5722,467.1,35.9,53.4,56.1
66860,66870,18.5750,466.2,35.9,53.4,57.4
66870,66880,18.5778,465.9,35.9,53.4,55.4
66880,66890,18.5806,465.9,35.9,53.4,56.8
66890,66900,18.5833,466.8,35.9,53.4,57.2
66900,66910,18.5861,466.5,35.9,53.4,57.3
66910,66920,18.5889,465.6,35.9,53.4,60.9
66920,66930,18.5917,465.0,35.9,53.4,57.5
66930,66940,18.5944,465.3,35.9,53.4,59.8
66940,66950,18.5972,465.0,35.9,53.4,61
66950,66960,18.6000,464.4,35.8,53.4,61.3
66960,66970,18.6028,464.4,35.8,53.4,58.6
66970,66980,18.6056,465.6,35.8,53.4,57.9
66980,66990,18.6083,465.3,35.8,53.4,55.6
66990,67000,18.6111,465.3,35.8,53.4,56.6
67000,67010,18.6139,465.0,35.8,53.4,57.2
67010,67020,18.6167,465.9,35.8,53.4,55.9
67020,67030,18.6194,465.9,35.8,53.4,56.8
67030,67040,18.6222,476.4,35.8,53.4,-99.9
67040,67050,18.6250,476.1,35.8,53.4,-99.9
67050,67060,18.6278,476.7,35.8,53.4,-99.9
67060,67070,18.6306,476.7,35.8,53.4,-99.9
67070,67080,18.6333,476.1,35.8,53.4,-99.9
67080,67090,18.6361,475.8,35.8,53.4,-99.9
67090,67100,18.6389,476.7,35.8,53.4,-99.9
67100,67110,18.6417,477.0,35.8,53.4,-99.9
67110,67120,18.6444,476.1,35.7,53.4,-99.9
67120,67130,18.6472,476.7,35.7,53.4,-99.9
67130,67140,18.6500,477.0,35.7,53.4,-99.9
67140,67150,18.6528,476.7,35.7,53.4,-99.9
67150,67160,18.6556,477.0,35.7,53.4,-99.9
67160,67170,18.6583,476.7,35.7,53.4,-99.9
67170,67180,18.6611,476.7,35.7,53.4,-99.9
67180,67190,18.6639,476.4,35.7,53.4,-99.9
67190,67200,18.6667,476.4,35.7,53.4,-99.9
67200,67210,18.6694,477.0,35.7,53.4,-99.9
67210,67220,18.6722,477.9,35.7,53.4,-99.9
67220,67230,18.6750,470.1,35.7,53.4,-99.9
67230,67240,18.6778,469.2,35.7,53.4,-99.9
67240,67250,18.6806,470.7,35.7,53.4,62.4
67250,67260,18.6833,472.5,35.6,53.4,60.7
67260,67270,18.6861,474.6,35.6,53.4,60.7
67270,67280,18.6889,475.8,35.6,53.4,59.1
67280,67290,18.6917,477.3,35.6,53.4,56.3
67290,67300,18.6944,479.1,35.6,53.4,53.8
67300,67310,18.6972,480.3,35.6,53.4,54.2
67310,67320,18.7000,481.2,35.6,53.4,55
67320,67330,18.7028,482.4,35.6,53.4,56.6
67330,67340,18.7056,484.8,35.6,53.4,56.5
67340,67350,18.7083,486.3,35.6,53.4,55.9
67350,67360,18.7111,487.8,35.6,53.4,55.5
67360,67370,18.7139,489.3,35.6,53.4,54.6
67370,67380,18.7167,491.4,35.6,53.4,53.2
67380,67390,18.7194,493.2,35.6,53.4,51.8
67390,67400,18.7222,494.4,35.6,53.4,53.8
67400,67410,18.7250,496.2,35.6,53.4,58.5
67410,67420,18.7278,498.0,35.6,53.4,59.6
67420,67430,18.7306,499.8,35.6,53.4,60
67430,67440,18.7333,501.0,35.6,53.4,62.2
67440,67450,18.7361,502.8,35.6,53.4,63
67450,67460,18.7389,505.1,35.5,53.4,63.3
67460,67470,18.7417,506.3,35.5,53.4,62.4
67470,67480,18.7444,507.5,35.5,53.4,64
67480,67490,18.7472,509.3,35.5,53.4,65.9
67490,67500,18.7500,510.8,35.5,53.4,67.9
67500,67510,18.7528,512.6,35.5,53.4,66.8
67510,67520,18.7556,513.8,35.5,53.4,68.1
67520,67530,18.7583,515.3,35.5,53.4,66.8
67530,67540,18.7611,517.1,35.5,53.4,65.7
67540,67550,18.7639,518.6,35.5,53.4,65.9
67550,67560,18.7667,519.8,35.5,53.4,58.5
67560,67570,18.7694,521.6,35.5,53.4,60
67570,67580,18.7722,523.4,35.5,53.4,60.7
67580,67590,18.7750,524.9,35.5,53.4,58.7
67590,67600,18.7778,526.4,35.5,53.4,58.8
67600,67610,18.7806,527.9,35.5,53.4,60.6
67610,67620,18.7833,529.7,35.5,53.4,61
67620,67630,18.7861,531.2,35.4,53.4,63.7
67630,67640,18.7889,532.1,35.4,53.4,63.7
67640,67650,18.7917,534.2,35.4,53.4,63.2
67650,67660,18.7944,536.6,35.4,53.4,63.5
67660,67670,18.7972,538.1,35.4,53.4,66.1
67670,67680,18.8000,539.3,35.4,53.4,67
67680,67690,18.8028,540.8,35.4,53.4,64.8
67690,67700,18.8056,543.5,35.4,53.4,67.1
67700,67710,18.8083,545.6,35.4,53.4,68
67710,67720,18.8111,546.8,35.4,53.4,69.1
67720,67730,18.8139,548.6,35.4,53.4,69.2
67730,67740,18.8167,551.0,35.4,53.4,71.3
67740,67750,18.8194,552.8,35.4,53.4,72.3
67750,67760,18.8222,554.3,35.4,53.4,71.1
67760,67770,18.8250,555.8,35.4,53.3,72.1
67770,67780,18.8278,558.2,35.3,53.4,70.5
67780,67790,18.8306,560.0,35.3,53.4,67.7
67790,67800,18.8333,561.8,35.3,53.4,66.2
67800,67810,18.8361,563.3,35.3,53.4,60.9
67810,67820,18.8389,565.1,35.3,53.4,61.8
67820,67830,18.8417,566.6,35.3,53.4,61.4
67830,67840,18.8444,567.5,35.3,53.4,59.8
67840,67850,18.8472,569.0,35.3,53.4,56.9
67850,67860,18.8500,571.1,35.3,53.4,55.9
67860,67870,18.8528,572.3,35.3,53.4,57.7
67870,67880,18.8556,573.2,35.3,53.4,61.5
67880,67890,18.8583,575.0,35.3,53.4,56.9
67890,67900,18.8611,576.8,35.3,53.4,56.8
67900,67910,18.8639,578.6,35.3,53.4,54.3
67910,67920,18.8667,579.8,35.3,53.4,55.4
67920,67930,18.8694,581.6,35.3,53.4,54.7
67930,67940,18.8722,584.2,35.3,53.4,54.8
67940,67950,18.8750,586.0,35.3,53.4,53.6
67950,67960,18.8778,587.8,35.2,53.4,54.4
67960,67970,18.8806,589.9,35.2,53.3,52.4
67970,67980,18.8833,592.3,35.2,53.4,55
67980,67990,18.8861,594.1,35.2,53.4,54.8
67990,68000,18.8889,595.3,35.2,53.4,57
68000,68010,18.8917,597.1,35.2,53.4,55.7
68010,68020,18.8944,599.2,35.2,53.4,55.4
68020,68030,18.8972,600.7,35.2,53.4,59.4
68030,68040,18.9000,602.2,35.2,53.3,58.2
68040,68050,18.9028,603.7,35.2,53.4,59.1
68050,68060,18.9056,606.1,35.2,53.4,58.1
68060,68070,18.9083,607.9,35.2,53.4,59.1
68070,68080,18.9111,609.1,35.2,53.4,57.6
68080,68090,18.9139,611.2,35.2,53.4,55.6
68090,68100,18.9167,613.9,35.2,53.4,57.1
68100,68110,18.9194,616.0,35.2,53.4,54.3
68110,68120,18.9222,617.5,35.2,53.4,54.7
68120,68130,18.9250,619.3,35.2,53.3,54.2
68130,68140,18.9278,621.7,35.2,53.4,53.4
68140,68150,18.9306,623.2,35.1,53.4,54.8
68150,68160,18.9333,625.0,35.1,53.4,54.9
68160,68170,18.9361,626.8,35.1,53.4,54.5
68170,68180,18.9389,628.9,35.1,53.3,54.1
68180,68190,18.9417,630.7,35.1,53.4,54
68190,68200,18.9444,631.9,35.1,53.3,53.1
68200,68210,18.9472,633.7,35.1,53.3,53.2
68210,68220,18.9500,635.8,35.1,53.4,52.7
68220,68230,18.9528,637.9,35.1,53.4,52.5
68230,68240,18.9556,639.4,35.1,53.3,50.9
68240,68250,18.9583,641.5,35.1,53.4,50.9
68250,68260,18.9611,643.9,35.1,53.4,50.4
68260,68270,18.9639,645.7,35.1,53.3,49.7
68270,68280,18.9667,647.5,35.0,53.3,48.5
68280,68290,18.9694,649.6,35.1,53.3,48.4
68290,68300,18.9722,652.0,35.0,53.4,47
68300,68310,18.9750,654.4,35.0,53.3,48.8
68310,68320,18.9778,655.3,35.0,53.3,50.1
68320,68330,18.9806,656.8,35.0,53.4,48.8
68330,68340,18.9833,658.9,35.0,53.3,48.8
68340,68350,18.9861,660.3,35.0,53.4,47.3
68350,68360,18.9889,661.5,35.0,53.3,45.4
68360,68370,18.9917,661.5,35.0,53.3,44.3
68370,68380,18.9944,662.4,35.0,53.3,43
68380,68390,18.9972,661.5,35.0,53.3,44.9
68390,68400,19.0000,659.8,35.0,53.3,43.8
68400,68410,19.0028,658.6,35.0,53.3,42.2
68410,68420,19.0056,658.3,35.0,53.3,44.2
68420,68430,19.0083,657.1,35.0,53.4,45
68430,68440,19.0111,655.9,35.0,53.3,44
68440,68450,19.0139,655.0,35.0,53.4,46.6
68450,68460,19.0167,654.7,35.0,53.3,46.8
68460,68470,19.0194,655.3,34.9,53.3,46.6
68470,68480,19.0222,654.7,35.0,53.4,48.3
68480,68490,19.0250,654.1,34.9,53.3,47.7
68490,68500,19.0278,654.4,34.9,53.3,46.3
68500,68510,19.0306,654.4,34.9,53.3,45.9
68510,68520,19.0333,653.5,34.9,53.3,46.5
68520,68530,19.0361,654.1,34.9,53.3,44.3
68530,68540,19.0389,654.7,34.9,53.3,46.3
68540,68550,19.0417,655.6,34.9,53.3,45
68550,68560,19.0444,655.6,34.9,53.3,45.7
68560,68570,19.0472,655.9,34.9,53.3,48.2
68570,68580,19.0500,655.3,34.9,53.3,46.6
68580,68590,19.0528,656.5,34.9,53.3,42.2
68590,68600,19.0556,655.6,34.8,53.4,47.2
68600,68610,19.0583,654.1,34.8,53.3,47.1
68610,68620,19.0611,655.0,34.8,53.4,43.7
68620,68630,19.0639,655.0,34.8,53.3,43.6
68630,68640,19.0667,654.4,34.8,53.4,44.5
68640,68650,19.0694,653.2,34.8,53.3,45.6
68650,68660,19.0722,655.3,34.8,53.3,43.8
68660,68670,19.0750,655.6,34.8,53.3,44.3
68670,68680,19.0778,655.3,34.8,53.3,43.2
68680,68690,19.0806,655.9,34.8,53.3,45.1
68690,68700,19.0833,655.6,34.8,53.3,43.2
68700,68710,19.0861,656.5,34.8,53.3,43.1
68710,68720,19.0889,656.2,34.8,53.4,44.2
68720,68730,19.0917,655.6,34.8,53.3,44.7
68730,68740,19.0944,656.2,34.7,53.4,45.7
68740,68750,19.0972,656.2,34.7,53.3,45.3
68750,68760,19.1000,655.9,34.7,53.3,45.6
68760,68770,19.1028,655.3,34.7,53.3,45.8
68770,68780,19.1056,656.2,34.7,53.3,43.1
68780,68790,19.1083,657.1,34.7,53.3,44.6
68790,68800,19.1111,655.6,34.7,53.3,46.9
68800,68810,19.1139,655.0,34.7,53.3,44.7
68810,68820,19.1167,655.3,34.7,53.3,44.1
68820,68830,19.1194,655.9,34.7,53.3,48.1
68830,68840,19.1222,655.3,34.7,53.3,49
68840,68850,19.1250,655.9,34.7,53.3,51.2
68850,68860,19.1278,655.6,34.7,53.3,49.5
68860,68870,19.1306,655.9,34.6,53.3,47.3
68870,68880,19.1333,655.3,34.6,53.3,51
68880,68890,19.1361,655.6,34.6,53.3,51.1
68890,68900,19.1389,655.6,34.6,53.3,50.7
68900,68910,19.1417,655.6,34.6,53.3,49.5
68910,68920,19.1444,655.0,34.6,53.3,47.6
68920,68930,19.1472,655.3,34.6,53.3,46.5
68930,68940,19.1500,656.5,34.6,53.3,47
68940,68950,19.1528,656.5,34.5,53.3,46.5
68950,68960,19.1556,655.9,34.5,53.3,47.7
68960,68970,19.1583,655.3,34.5,53.3,47.7
68970,68980,19.1611,655.9,34.5,53.3,47.4
68980,68990,19.1639,655.9,34.5,53.3,47.3
68990,69000,19.1667,655.0,34.5,53.3,47.3
69000,69010,19.1694,655.3,34.5,53.3,46.9
69010,69020,19.1722,655.9,34.5,53.3,48.3
69020,69030,19.1750,655.9,34.5,53.3,48.5
69030,69040,19.1778,655.9,34.5,53.3,48.5
69040,69050,19.1806,658.3,34.4,53.3,44.5
69050,69060,19.1833,660.9,34.5,53.3,44.8
69060,69070,19.1861,663.0,34.4,53.3,44.6
69070,69080,19.1889,664.2,34.4,53.3,45
69080,69090,19.1917,666.3,34.4,53.3,42.7
69090,69100,19.1944,669.0,34.4,53.3,40.7
69100,69110,19.1972,671.1,34.4,53.3,41
69110,69120,19.2000,672.9,34.4,53.3,40.5
69120,69130,19.2028,675.3,34.4,53.3,39.9
69130,69140,19.2056,677.4,34.4,53.3,39.9
69140,69150,19.2083,679.2,34.4,53.3,40.1
69150,69160,19.2111,681.0,34.4,53.3,41.1
69160,69170,19.2139,682.8,34.4,53.3,40.7
69170,69180,19.2167,685.5,34.3,53.3,41.5
69180,69190,19.2194,687.6,34.3,53.3,41.3
69190,69200,19.2222,689.1,34.3,53.3,40.4
69200,69210,19.2250,691.8,34.3,53.4,41
69210,69220,19.2278,696.6,34.3,53.3,40.9
69220,69230,19.2306,697.2,34.3,53.3,40.7
69230,69240,19.2333,698.4,34.3,53.3,41
69240,69250,19.2361,701.7,34.3,53.3,40.5
69250,69260,19.2389,704.1,34.3,53.3,40.4
69260,69270,19.2417,704.7,34.3,53.3,41.4
69270,69280,19.2444,707.4,34.3,53.3,40.9
69280,69290,19.2472,708.3,34.3,53.3,41.5
69290,69300,19.2500,708.6,34.3,53.3,40.8
69300,69310,19.2528,708.6,34.3,53.3,41.4
69310,69320,19.2556,708.9,34.3,53.3,41.3
69320,69330,19.2583,709.2,34.2,53.3,40.3
69330,69340,19.2611,709.5,34.2,53.3,40.7
69340,69350,19.2639,710.4,34.2,53.3,41.9
69350,69360,19.2667,709.5,34.2,53.3,40.2
69360,69370,19.2694,709.5,34.2,53.3,40.8
69370,69380,19.2722,710.1,34.2,53.3,40.6
69380,69390,19.2750,710.7,34.2,53.3,41.8
69390,69400,19.2778,709.5,34.2,53.3,40.1
69400,69410,19.2806,710.1,34.2,53.3,40.3
69410,69420,19.2833,709.8,34.2,53.3,42.1
69420,69430,19.2861,710.7,34.2,53.3,40.9
69430,69440,19.2889,709.5,34.2,53.3,41.6
69440,69450,19.2917,709.2,34.2,53.3,41.4
69450,69460,19.2944,709.2,34.2,53.3,40.6
69460,69470,19.2972,709.8,34.2,53.3,40.8
69470,69480,19.3000,709.5,34.2,53.3,41
69480,69490,19.3028,709.5,34.1,53.3,41.3
69490,69500,19.3056,709.2,34.1,53.3,41.4
69500,69510,19.3083,708.9,34.1,53.3,41.7
69510,69520,19.3111,709.5,34.1,53.3,40.1
69520,69530,19.3139,709.2,34.1,53.3,41.1
69530,69540,19.3167,709.8,34.1,53.3,40.9
69540,69550,19.3194,710.4,34.1,53.3,42
69550,69560,19.3222,709.8,34.1,53.3,41.1
69560,69570,19.3250,708.3,34.1,53.3,41.1
69570,69580,19.3278,708.9,34.1,53.3,42.2
69580,69590,19.3306,709.5,34.1,53.3,41.8
69590,69600,19.3333,708.6,34.1,53.3,40.9
69600,69610,19.3361,708.3,34.1,53.3,41.3
69610,69620,19.3389,708.3,34.1,53.3,40.5
69620,69630,19.3417,708.6,34.1,53.3,40.2
69630,69640,19.3444,707.1,34.1,53.3,41.3
69640,69650,19.3472,704.1,34.1,53.3,41
69650,69660,19.3500,702.3,34.1,53.3,40.6
69660,69670,19.3528,700.8,34.1,53.3,40.7
69670,69680,19.3556,698.7,34.1,53.3,40.6
69680,69690,19.3583,696.9,34.0,53.3,40.7
69690,69700,19.3611,695.4,34.1,53.3,41.4
69700,69710,19.3639,693.9,34.0,53.3,41.4
69710,69720,19.3667,690.6,34.0,53.3,41.4
69720,69730,19.3694,689.1,34.0,53.3,40.8
69730,69740,19.3722,688.2,34.0,53.3,41.4
69740,69750,19.3750,684.6,34.0,53.3,41.2
69750,69760,19.3778,681.6,34.0,53.4,39.6
69760,69770,19.3806,679.2,34.0,53.3,40.4
69770,69780,19.3833,677.7,34.0,53.3,40.5
69780,69790,19.3861,675.9,34.0,53.3,40.4
69790,69800,19.3889,673.8,34.0,53.3,39.7
69800,69810,19.3917,671.1,34.0,53.3,40.5
