data/raw/Flight10/O3_POLAR6_201504211553_R0_L1_NETCARE.ict
37, 1001
Staebler, Ralf
Environment Canada
Thermo 49i ozone data
Polar 6 NETCARE
1, 1
2015, 4, 21, 2015, 9, 30
0
Start_UTC, seconds
6
1, 1, 1, 1, 1, 1
-9999, -9999, -999.9, -99.9, -99.9, -99.9
Stop_UTC, seconds
hr, decimal hours (UTC)
Press, cell pressure (Torr)
BenchT, instrument temperature (deg C)
LampT, ozone lamp temperature (deg C)
O3, ozone mixing ratio (ppbv)
1
Press, BenchT, LampT are included for diagnostics
16
PI_CONTACT_INFO: Address: 4905 Dufferin Street, Toronto, ON M3H 5T4; email: Ralf.Staebler@ec.gc.ca
PLATFORM: Polar 6 
LOCATION: Location data varies as seen in this file
INSTRUMENT_INFO: Thermo Scienfific ozone analyzer model 49i, S.N. 0606014771
UNCERTAINTY: 0.2 ppbv 
ULOD_FLAG: -7777
ULOD_VALUE: N/A
LLOD_FLAG: -8888
LLOD_VALUE: N/A
DM_CONTACT_INFO: Ralf Staebler; Environment Canada; Ralf.Staebler@ec.gc.ca
PROJECT_INFO: Polar 6 NETCARE Spring 2015 campaign
STIPULATIONS_ON_USE: If use of this data will lead to a publication, we ask that the PI be informed.
OTHER_COMMENTS: N/A
REVISION: R0
R0: First set of data.
Start_UTC,Stop_UTC,hr,Press,BenchT,LampT,O3
58070,58080,16.1333,748.1,25.2,53.2,40.7
58080,58090,16.1361,744.2,25.2,53.1,38.4
58090,58100,16.1389,739.7,25.3,53.1,38.4
58100,58110,16.1417,735.9,25.3,53.1,38.1
58110,58120,16.1444,730.2,25.3,53.2,39.3
58120,58130,16.1472,726.6,25.4,53.1,38.3
58130,58140,16.1500,723.3,25.4,53.1,38.4
58140,58150,16.1528,720.0,25.4,53.2,39
58150,58160,16.1556,716.1,25.5,53.2,38.7
58160,58170,16.1583,712.5,25.5,53.1,40
58170,58180,16.1611,709.8,25.5,53.2,40.6
58180,58190,16.1639,706.2,25.5,53.2,40.1
58190,58200,16.1667,703.8,25.6,53.2,39.5
58200,58210,16.1694,701.7,25.6,53.2,40.4
58210,58220,16.1722,700.5,25.6,53.2,39.5
58220,58230,16.1750,698.7,25.7,53.2,39.9
58230,58240,16.1778,696.0,25.7,53.1,38.8
58240,58250,16.1806,693.9,25.7,53.1,39.4
58250,58260,16.1833,691.8,25.7,53.2,38.9
58260,58270,16.1861,689.4,25.8,53.2,39.1
58270,58280,16.1889,686.7,25.8,53.1,40.4
58280,58290,16.1917,685.2,25.8,53.2,39.6
58290,58300,16.1944,684.0,25.8,53.2,40.2
58300,58310,16.1972,682.2,25.9,53.2,39.9
58310,58320,16.2000,680.4,25.9,53.2,39.4
58320,58330,16.2028,678.6,25.9,53.2,39.8
58330,58340,16.2056,677.1,25.9,53.2,40.6
58340,58350,16.2083,675.0,26.0,53.2,41
58350,58360,16.2111,672.9,26.0,53.1,41.8
58360,58370,16.2139,670.5,26.0,53.2,41.4
58370,58380,16.2167,669.3,26.1,53.1,42.4
58380,58390,16.2194,667.8,26.1,53.1,44.3
58390,58400,16.2222,665.7,26.1,53.2,46.5
58400,58410,16.2250,663.9,26.1,53.1,45.9
58410,58420,16.2278,661.5,26.2,53.2,48
58420,58430,16.2306,658.9,26.2,53.1,51.4
58430,58440,16.2333,655.9,26.2,53.2,51.5
58440,58450,16.2361,654.1,26.3,53.1,52.2
58450,58460,16.2389,654.7,26.3,53.1,52.3
58460,58470,16.2417,655.9,26.3,53.2,53.1
58470,58480,16.2444,657.1,26.3,53.1,52
58480,58490,16.2472,659.2,26.4,53.2,51.8
58490,58500,16.2500,660.9,26.4,53.2,51.9
58500,58510,16.2528,661.2,26.4,53.1,51.1
58510,58520,16.2556,660.3,26.5,53.3,51.5
58520,58530,16.2583,660.0,26.5,53.2,50.9
58530,58540,16.2611,660.0,26.5,53.1,50.4
58540,58550,16.2639,659.8,26.5,53.2,51
58550,58560,16.2667,658.9,26.6,53.2,50.8
58560,58570,16.2694,658.9,26.6,53.1,50.8
58570,58580,16.2722,658.9,26.6,53.2,50.6
58580,58590,16.2750,658.3,26.7,53.2,52.2
58590,58600,16.2778,658.3,26.7,53.2,52.2
58600,58610,16.2806,658.3,26.7,53.2,51
58610,58620,16.2833,659.2,26.7,53.2,50.6
58620,58630,16.2861,659.8,26.8,53.2,50.4
58630,58640,16.2889,659.2,26.8,53.2,49
58640,58650,16.2917,659.5,26.8,53.2,50.6
58650,58660,16.2944,660.3,26.9,53.2,50.6
58660,58670,16.2972,660.9,26.9,53.2,49.9
58670,58680,16.3000,660.9,26.9,53.2,49.2
58680,58690,16.3028,661.5,27.0,53.2,49.7
58690,58700,16.3056,662.1,27.0,53.2,49.5
58700,58710,16.3083,662.1,27.0,53.2,50.6
58710,58720,16.3111,661.5,27.0,53.2,50.4
58720,58730,16.3139,661.8,27.1,53.2,49.5
58730,58740,16.3167,662.1,27.1,53.2,50.6
58740,58750,16.3194,661.8,27.1,53.2,50.2
58750,58760,16.3222,660.9,27.2,53.2,50.5
58760,58770,16.3250,660.6,27.2,53.2,50.8
58770,58780,16.3278,661.2,27.2,53.2,49.4
58780,58790,16.3306,660.9,27.3,53.2,49.7
58790,58800,16.3333,660.3,27.3,53.2,49.5
58800,58810,16.3361,660.3,27.3,53.2,49.3
58810,58820,16.3389,660.6,27.3,53.2,49.7
58820,58830,16.3417,660.0,27.4,53.2,49.9
58830,58840,16.3444,659.2,27.4,53.2,49.9
58840,58850,16.3472,658.9,27.4,53.2,51.7
58850,58860,16.3500,659.2,27.4,53.2,50.2
58860,58870,16.3528,659.2,27.5,53.2,49.6
58870,58880,16.3556,658.9,27.5,53.2,50
58880,58890,16.3583,659.8,27.5,53.2,50.8
58890,58900,16.3611,660.3,27.5,53.2,50.2
58900,58910,16.3639,660.0,27.6,53.2,49.9
58910,58920,16.3667,659.5,27.6,53.2,49.5
58920,58930,16.3694,659.2,27.6,53.2,48.9
58930,58940,16.3722,659.8,27.7,53.2,49
58940,58950,16.3750,660.0,27.7,53.2,50.1
58950,58960,16.3778,659.5,27.7,53.2,48.7
58960,58970,16.3806,659.8,27.7,53.2,49.3
58970,58980,16.3833,660.6,27.8,53.2,49
58980,58990,16.3861,660.9,27.8,53.2,49
58990,59000,16.3889,660.6,27.8,53.2,49.4
59000,59010,16.3917,660.6,27.9,53.2,49.8
59010,59020,16.3944,661.5,27.9,53.2,49.4
59020,59030,16.3972,662.4,27.9,53.2,48.5
59030,59040,16.4000,662.1,27.9,53.2,48.6
59040,59050,16.4028,662.4,28.0,53.2,49.9
59050,59060,16.4056,662.7,28.0,53.2,48.7
59060,59070,16.4083,663.0,28.0,53.2,49.5
59070,59080,16.4111,662.4,28.0,53.2,49.6
59080,59090,16.4139,662.7,28.1,53.2,49.1
59090,59100,16.4167,663.0,28.1,53.2,49.6
59100,59110,16.4194,663.0,28.1,53.2,50.3
59110,59120,16.4222,662.1,28.2,53.2,49.5
59120,59130,16.4250,662.1,28.2,53.2,49.4
59130,59140,16.4278,662.7,28.2,53.2,50.6
59140,59150,16.4306,662.4,28.3,53.2,50.7
59150,59160,16.4333,661.8,28.3,53.2,52.3
59160,59170,16.4361,661.5,28.3,53.2,51.6
59170,59180,16.4389,660.6,28.3,53.2,50.3
59180,59190,16.4417,658.9,28.4,53.2,51.1
59190,59200,16.4444,657.1,28.4,53.2,50.6
59200,59210,16.4472,656.2,28.4,53.2,50
59210,59220,16.4500,655.9,28.4,53.2,50.5
59220,59230,16.4528,655.3,28.5,53.2,49.8
59230,59240,16.4556,654.4,28.5,53.2,49.9
59240,59250,16.4583,654.4,28.5,53.3,50.9
59250,59260,16.4611,654.7,28.5,53.2,49.4
59260,59270,16.4639,654.7,28.6,53.2,50
59270,59280,16.4667,653.5,28.6,53.2,50.4
59280,59290,16.4694,653.5,28.6,53.2,49.6
59290,59300,16.4722,653.8,28.7,53.3,50.3
59300,59310,16.4750,653.5,28.7,53.3,50.5
59310,59320,16.4778,652.9,28.7,53.2,51.5
59320,59330,16.4806,652.6,28.7,53.2,52.1
59330,59340,16.4833,652.9,28.8,53.3,53
59340,59350,16.4861,652.6,28.8,53.3,51.3
59350,59360,16.4889,652.3,28.8,53.2,50.2
59360,59370,16.4917,652.3,28.8,53.3,49.7
59370,59380,16.4944,652.9,28.9,53.2,49.8
59380,59390,16.4972,653.2,28.9,53.3,50.2
59390,59400,16.5000,653.2,28.9,53.2,50.3
59400,59410,16.5028,653.5,28.9,53.2,50.1
59410,59420,16.5056,654.4,28.9,53.3,50.4
59420,59430,16.5083,654.7,29.0,53.3,51.4
59430,59440,16.5111,654.1,29.0,53.2,50.6
59440,59450,16.5139,654.7,29.0,53.3,50.5
59450,59460,16.5167,655.6,29.0,53.3,50.5
59460,59470,16.5194,655.6,29.1,53.3,48.9
59470,59480,16.5222,655.0,29.1,53.3,50.1
59480,59490,16.5250,654.7,29.1,53.3,48.9
59490,59500,16.5278,655.3,29.1,53.3,48.6
59500,59510,16.5306,655.3,29.2,53.2,50.2
59510,59520,16.5333,654.7,29.2,53.2,50.1
59520,59530,16.5361,655.0,29.2,53.2,49
59530,59540,16.5389,655.6,29.2,53.3,49
59540,59550,16.5417,655.3,29.3,53.3,50.1
59550,59560,16.5444,654.7,29.3,53.3,50.8
59560,59570,16.5472,655.0,29.3,53.3,50.2
59570,59580,16.5500,655.6,29.3,53.3,50.6
59580,59590,16.5528,655.3,29.4,53.3,50.8
59590,59600,16.5556,655.0,29.4,53.2,50.4
59600,59610,16.5583,654.7,29.4,53.2,51
59610,59620,16.5611,655.3,29.4,53.3,49.8
59620,59630,16.5639,655.6,29.5,53.3,49.9
59630,59640,16.5667,655.3,29.5,53.3,49.5
59640,59650,16.5694,655.0,29.5,53.3,49.5
59650,59660,16.5722,655.3,29.5,53.3,49.8
59660,59670,16.5750,655.6,29.6,53.3,49.1
59670,59680,16.5778,654.7,29.6,53.3,48.3
59680,59690,16.5806,655.0,29.6,53.3,49.2
59690,59700,16.5833,656.2,29.6,53.3,50.3
59700,59710,16.5861,655.9,29.6,53.3,49.1
59710,59720,16.5889,655.6,29.7,53.3,48.8
59720,59730,16.5917,655.3,29.7,53.3,49.1
59730,59740,16.5944,655.9,29.7,53.3,50
59740,59750,16.5972,655.9,29.7,53.3,48.7
59750,59760,16.6000,655.3,29.8,53.3,48.4
59760,59770,16.6028,655.3,29.8,53.3,48.2
59770,59780,16.6056,655.6,29.8,53.3,49
59780,59790,16.6083,655.9,29.8,53.3,48.1
59790,59800,16.6111,655.6,29.9,53.3,47.7
59800,59810,16.6139,655.3,29.9,53.3,48.3
59810,59820,16.6167,655.6,29.9,53.3,49
59820,59830,16.6194,655.0,29.9,53.3,50.2
59830,59840,16.6222,654.1,29.9,53.3,49.9
59840,59850,16.6250,654.4,30.0,53.3,50.1
59850,59860,16.6278,655.3,30.0,53.3,49.1
59860,59870,16.6306,655.6,30.0,53.3,49
59870,59880,16.6333,655.3,30.0,53.3,49.3
59880,59890,16.6361,654.7,30.0,53.3,48.1
59890,59900,16.6389,655.0,30.1,53.3,47.7
59900,59910,16.6417,654.7,30.1,53.3,47.1
59910,59920,16.6444,654.1,30.1,53.3,47.8
59920,59930,16.6472,653.5,30.1,53.3,47.7
59930,59940,16.6500,653.8,30.2,53.3,47.4
59940,59950,16.6528,653.5,30.2,53.3,47.2
59950,59960,16.6556,652.9,30.2,53.3,48.6
59960,59970,16.6583,652.6,30.2,53.3,48.7
59970,59980,16.6611,652.9,30.2,53.3,49.9
59980,59990,16.6639,652.6,30.3,53.3,48.9
59990,60000,16.6667,652.0,30.3,53.3,50
60000,60010,16.6694,669.3,30.3,53.3,-99.9
60010,60020,16.6722,669.9,30.3,53.3,-99.9
60020,60030,16.6750,669.9,30.3,53.3,-99.9
60030,60040,16.6778,669.6,30.4,53.3,-99.9
60040,60050,16.6806,669.9,30.4,53.3,-99.9
60050,60060,16.6833,670.5,30.4,53.3,-99.9
60060,60070,16.6861,670.2,30.4,53.3,-99.9
60070,60080,16.6889,669.9,30.4,53.3,-99.9
60080,60090,16.6917,669.9,30.5,53.3,-99.9
60090,60100,16.6944,669.9,30.5,53.3,-99.9
60100,60110,16.6972,669.9,30.5,53.3,-99.9
60110,60120,16.7000,669.9,30.5,53.3,-99.9
60120,60130,16.7028,670.2,30.6,53.3,-99.9
60130,60140,16.7056,670.5,30.6,53.3,-99.9
60140,60150,16.7083,670.5,30.6,53.3,-99.9
60150,60160,16.7111,670.2,30.6,53.3,-99.9
60160,60170,16.7139,670.5,30.6,53.3,-99.9
60170,60180,16.7167,671.1,30.7,53.3,-99.9
60180,60190,16.7194,671.1,30.7,53.3,-99.9
60190,60200,16.7222,670.5,30.7,53.3,-99.9
60200,60210,16.7250,669.9,30.7,53.3,-99.9
60210,60220,16.7278,670.2,30.7,53.3,-99.9
60220,60230,16.7306,670.2,30.7,53.3,-99.9
60230,60240,16.7333,669.6,30.8,53.3,-99.9
60240,60250,16.7361,669.0,30.8,53.3,-99.9
60250,60260,16.7389,669.6,30.8,53.3,-99.9
60260,60270,16.7417,669.9,30.8,53.3,-99.9
60270,60280,16.7444,670.2,30.8,53.3,-99.9
60280,60290,16.7472,669.9,30.9,53.3,-99.9
60290,60300,16.7500,670.2,30.9,53.3,-99.9
60300,60310,16.7528,670.2,30.9,53.3,-99.9
60310,60320,16.7556,669.6,30.9,53.3,-99.9
60320,60330,16.7583,669.3,30.9,53.3,-99.9
60330,60340,16.7611,669.9,30.9,53.3,-99.9
60340,60350,16.7639,670.2,31.0,53.3,-99.9
60350,60360,16.7667,669.6,31.0,53.3,-99.9
60360,60370,16.7694,669.6,31.0,53.3,-99.9
60370,60380,16.7722,670.5,31.0,53.3,-99.9
60380,60390,16.7750,670.2,31.0,53.3,-99.9
60390,60400,16.7778,669.6,31.1,53.3,-99.9
60400,60410,16.7806,669.0,31.1,53.3,-99.9
60410,60420,16.7833,669.6,31.1,53.3,-99.9
60420,60430,16.7861,669.9,31.1,53.3,-99.9
60430,60440,16.7889,669.6,31.1,53.3,-99.9
60440,60450,16.7917,669.9,31.1,53.3,-99.9
60450,60460,16.7944,670.8,31.2,53.3,-99.9
60460,60470,16.7972,671.4,31.2,53.3,-99.9
60470,60480,16.8000,671.1,31.2,53.3,-99.9
60480,60490,16.8028,670.8,31.2,53.3,-99.9
60490,60500,16.8056,671.4,31.2,53.3,-99.9
60500,60510,16.8083,672.0,31.2,53.3,-99.9
60510,60520,16.8111,672.3,31.3,53.3,-99.9
60520,60530,16.8139,655.9,31.3,53.3,-99.9
60530,60540,16.8167,655.9,31.3,53.3,-99.9
60540,60550,16.8194,655.0,31.3,53.3,44.1
60550,60560,16.8222,653.8,31.3,53.3,45.6
60560,60570,16.8250,653.5,31.4,53.3,44.8
60570,60580,16.8278,654.1,31.4,53.3,45
60580,60590,16.8306,655.0,31.4,53.3,43.3
60590,60600,16.8333,654.4,31.4,53.3,42.8
60600,60610,16.8361,653.8,31.4,53.3,44.3
60610,60620,16.8389,654.1,31.5,53.3,43.3
60620,60630,16.8417,654.1,31.5,53.3,43.5
60630,60640,16.8444,653.2,31.5,53.3,42.5
60640,60650,16.8472,653.5,31.5,53.3,43.4
60650,60660,16.8500,655.0,31.5,53.3,44.2
60660,60670,16.8528,657.1,31.5,53.3,44.4
60670,60680,16.8556,658.6,31.6,53.3,43.3
60680,60690,16.8583,660.3,31.6,53.3,42.9
60690,60700,16.8611,663.3,31.6,53.3,43.6
60700,60710,16.8639,665.4,31.6,53.3,42.3
60710,60720,16.8667,667.2,31.6,53.3,42.3
60720,60730,16.8694,669.3,31.6,53.3,42
60730,60740,16.8722,672.3,31.7,53.3,42.9
60740,60750,16.8750,674.7,31.7,53.3,40.9
60750,60760,16.8778,676.8,31.7,53.3,39.7
60760,60770,16.8806,679.2,31.7,53.3,40
60770,60780,16.8833,682.2,31.7,53.3,39.5
60780,60790,16.8861,684.0,31.7,53.3,39.1
60790,60800,16.8889,685.5,31.8,53.3,39.2
60800,60810,16.8917,687.0,31.8,53.3,40.2
60810,60820,16.8944,689.4,31.8,53.3,40.1
60820,60830,16.8972,691.8,31.8,53.3,39.8
60830,60840,16.9000,693.6,31.8,53.3,39.7
60840,60850,16.9028,695.7,31.9,53.3,39.9
60850,60860,16.9056,698.4,31.9,53.3,40.5
60860,60870,16.9083,700.5,31.9,53.3,39.4
60870,60880,16.9111,701.7,31.9,53.3,38.9
60880,60890,16.9139,704.4,31.9,53.3,40
60890,60900,16.9167,707.7,31.9,53.3,39.6
60900,60910,16.9194,710.4,32.0,53.3,39.1
60910,60920,16.9222,711.6,32.0,53.3,41
60920,60930,16.9250,713.1,32.0,53.3,40.7
60930,60940,16.9278,715.2,32.0,53.3,40.8
60940,60950,16.9306,717.3,32.0,53.3,40.1
60950,60960,16.9333,719.1,32.0,53.3,40.9
60960,60970,16.9361,720.9,32.1,53.3,40.9
60970,60980,16.9389,723.6,32.1,53.3,41.4
60980,60990,16.9417,725.7,32.1,53.3,41.3
60990,61000,16.9444,726.3,32.1,53.3,41.8
61000,61010,16.9472,727.2,32.1,53.3,40.9
61010,61020,16.9500,729.6,32.2,53.3,41
61020,61030,16.9528,731.1,32.2,53.3,40.8
61030,61040,16.9556,732.6,32.2,53.3,40.7
61040,61050,16.9583,733.5,32.3,53.3,40.8
61050,61060,16.9611,735.6,32.3,53.3,41.5
61060,61070,16.9639,736.5,32.3,53.3,41.3
61070,61080,16.9667,736.2,32.3,53.3,41.2
61080,61090,16.9694,735.6,32.3,53.3,41.4
61090,61100,16.9722,736.5,32.3,53.3,42.3
61100,61110,16.9750,736.5,32.4,53.3,41.4
61110,61120,16.9778,736.2,32.4,53.3,42
61120,61130,16.9806,735.9,32.4,53.3,41.8
61130,61140,16.9833,736.5,32.4,53.3,41.4
61140,61150,16.9861,736.8,32.4,53.3,41.4
61150,61160,16.9889,736.2,32.4,53.3,42.2
61160,61170,16.9917,735.6,32.5,53.3,41.5
61170,61180,16.9944,736.2,32.5,53.3,40.3
61180,61190,16.9972,736.5,32.5,53.3,40.3
61190,61200,17.0000,735.9,32.5,53.3,40.8
61200,61210,17.0028,736.5,32.5,53.3,41.1
61210,61220,17.0056,737.6,32.6,53.3,40.6
61220,61230,17.0083,738.2,32.6,53.3,42
61230,61240,17.0111,737.9,32.6,53.3,40.8
61240,61250,17.0139,737.1,32.6,53.3,41.6
61250,61260,17.0167,738.8,32.6,53.3,42.2
61260,61270,17.0194,738.5,32.6,53.3,41
61270,61280,17.0222,737.9,32.7,53.3,40.8
61280,61290,17.0250,737.4,32.7,53.3,42.2
61290,61300,17.0278,737.1,32.7,53.3,41
61300,61310,17.0306,736.8,32.7,53.3,40.3
61310,61320,17.0333,736.5,32.7,53.3,41.3
61320,61330,17.0361,736.2,32.7,53.3,40.8
61330,61340,17.0389,736.5,32.7,53.3,41.9
61340,61350,17.0417,735.3,32.8,53.3,41.6
61350,61360,17.0444,736.2,32.8,53.3,40.4
61360,61370,17.0472,736.2,32.8,53.3,41.3
61370,61380,17.0500,736.8,32.8,53.3,41.8
61380,61390,17.0528,736.5,32.8,53.3,41.4
61390,61400,17.0556,734.4,32.8,53.3,42.2
61400,61410,17.0583,732.3,32.9,53.3,41.2
61410,61420,17.0611,731.1,32.9,53.3,41.3
61420,61430,17.0639,729.6,32.9,53.3,40.4
61430,61440,17.0667,727.5,32.9,53.3,41.3
61440,61450,17.0694,725.1,32.9,53.3,41
61450,61460,17.0722,723.0,32.9,53.3,40.8
61460,61470,17.0750,720.3,32.9,53.3,40.4
61470,61480,17.0778,717.6,32.9,53.3,40
61480,61490,17.0806,716.1,33.0,53.3,40.4
61490,61500,17.0833,714.9,33.0,53.3,40.9
61500,61510,17.0861,713.4,33.0,53.3,41.1
61510,61520,17.0889,711.3,33.0,53.3,40.4
61520,61530,17.0917,709.2,33.0,53.3,40.7
61530,61540,17.0944,707.7,33.0,53.3,40.9
61540,61550,17.0972,705.6,33.1,53.3,40.6
61550,61560,17.1000,702.3,33.1,53.3,39.7
61560,61570,17.1028,700.2,33.1,53.3,40.7
61570,61580,17.1056,699.0,33.1,53.3,39.4
61580,61590,17.1083,696.6,33.1,53.3,39.2
61590,61600,17.1111,693.3,33.1,53.3,40.7
61600,61610,17.1139,691.2,33.1,53.3,38.7
61610,61620,17.1167,689.7,33.1,53.3,38.7
61620,61630,17.1194,687.3,33.1,53.3,39.3
61630,61640,17.1222,684.9,33.1,53.3,39.1
61640,61650,17.1250,683.7,33.1,53.3,39.6
61650,61660,17.1278,682.5,33.1,53.3,40
61660,61670,17.1306,680.4,33.2,53.3,40
61670,61680,17.1333,678.0,33.2,53.3,40.3
61680,61690,17.1361,676.2,33.2,53.3,40.4
61690,61700,17.1389,674.4,33.2,53.3,40.2
61700,61710,17.1417,672.6,33.2,53.3,38.8
61710,61720,17.1444,670.2,33.2,53.3,40.1
61720,61730,17.1472,668.4,33.2,53.3,41
61730,61740,17.1500,667.2,33.2,53.3,41.5
61740,61750,17.1528,665.1,33.2,53.3,42.9
61750,61760,17.1556,662.7,33.2,53.3,41.8
61760,61770,17.1583,660.6,33.2,53.3,43.9
61770,61780,17.1611,659.2,33.2,53.3,45.6
61780,61790,17.1639,657.1,33.2,53.3,45.4
61790,61800,17.1667,654.7,33.3,53.3,45.8
61800,61810,17.1694,652.6,33.3,53.3,45.8
61810,61820,17.1722,650.8,33.3,53.3,45.7
61820,61830,17.1750,649.0,33.3,53.3,45.8
61830,61840,17.1778,646.3,33.3,53.3,45.4
61840,61850,17.1806,644.2,33.3,53.3,45.1
61850,61860,17.1833,642.7,33.3,53.3,46.8
61860,61870,17.1861,640.9,33.3,53.3,48.5
61870,61880,17.1889,638.8,33.3,53.3,48
61880,61890,17.1917,636.7,33.3,53.3,47.3
61890,61900,17.1944,634.6,33.3,53.3,48.7
61900,61910,17.1972,632.2,33.3,53.3,48.2
61910,61920,17.2000,629.5,33.3,53.3,48.8
61920,61930,17.2028,627.1,33.3,53.3,49.1
61930,61940,17.2056,625.3,33.4,53.3,48.9
61940,61950,17.2083,623.2,33.4,53.3,48.6
61950,61960,17.2111,620.5,33.4,53.3,49.3
61960,61970,17.2139,618.7,33.4,53.3,48.4
