data/raw/Flight10/O3_POLAR6_201504211553_R0_L1_NETCARE.ict
37, 1001
Staebler, Ralf
Environment Canada
Thermo 49i ozone data
Polar 6 NETCARE
1, 1
2015, 4, 21, 2015, 9, 30
0
Start_UTC, seconds
6
1, 1, 1, 1, 1, 1
-9999, -9999, -999.9, -99.9, -99.9, -99.9
Stop_UTC, seconds
hr, decimal hours (UTC)
Press, cell pressure (Torr)
BenchT, instrument temperature (deg C)
LampT, ozone lamp temperature (deg C)
O3, ozone mixing ratio (ppbv)
1
Press, BenchT, LampT are included for diagnostics
16
PI_CONTACT_INFO: Address: 4905 Dufferin Street, Toronto, ON M3H 5T4; email: Ralf.Staebler@ec.gc.ca
PLATFORM: Polar 6 
LOCATION: Location data varies as seen in this file
INSTRUMENT_INFO: Thermo Scienfific ozone analyzer model 49i, S.N. 0606014771
UNCERTAINTY: 0.2 ppbv 
ULOD_FLAG: -7777
ULOD_VALUE: N/A
LLOD_FLAG: -8888
LLOD_VALUE: N/A
DM_CONTACT_INFO: Ralf Staebler; Environment Canada; Ralf.Staebler@ec.gc.ca
PROJECT_INFO: Polar 6 NETCARE Spring 2015 campaign
STIPULATIONS_ON_USE: If use of this data will lead to a publication, we ask that the PI be informed.
OTHER_COMMENTS: N/A
REVISION: R0
R0: First set of data.
Start_UTC,Stop_UTC,hr,Press,BenchT,LampT,O3
[from data line 1175]
69820,69830,19.3972,666.9,34.0,53.3,39.9
69830,69840,19.4000,665.7,34.0,53.3,41.5
69840,69850,19.4028,662.7,34.0,53.3,41.6
69850,69860,19.4056,660.0,34.0,53.3,40.6
69860,69870,19.4083,656.2,34.0,53.3,41.5
69870,69880,19.4111,654.1,34.0,53.3,40.3
69880,69890,19.4139,652.0,34.0,53.3,39.5
69890,69900,19.4167,651.1,34.0,53.3,40.3
69900,69910,19.4194,649.6,34.0,53.3,40
69910,69920,19.4222,647.5,34.0,53.3,41
69920,69930,19.4250,646.6,34.0,53.3,42.9
69930,69940,19.4278,645.1,34.0,53.3,44.2
69940,69950,19.4306,643.3,34.0,53.3,45.7
69950,69960,19.4333,640.6,34.0,53.3,45.4
69960,69970,19.4361,638.5,34.0,53.3,45.4
69970,69980,19.4389,637.0,34.0,53.4,45.6
69980,69990,19.4417,634.6,34.0,53.3,47.4
69990,70000,19.4444,632.2,34.0,53.3,49.6
70000,70010,19.4472,629.8,34.0,53.3,49.5
70010,70020,19.4500,628.6,34.0,53.3,49.9
70020,70030,19.4528,626.5,34.0,53.3,48.9
70030,70040,19.4556,624.1,34.0,53.3,49
70040,70050,19.4583,622.0,34.0,53.3,49.3
70050,70060,19.4611,620.5,34.0,53.3,50.8
70060,70070,19.4639,619.0,33.9,53.3,50.7
70070,70080,19.4667,617.2,34.0,53.3,49.5
70080,70090,19.4694,616.3,34.0,53.3,49.7
70090,70100,19.4722,615.1,33.9,53.4,51.1
70100,70110,19.4750,613.0,33.9,53.3,50.6
70110,70120,19.4778,610.6,33.9,53.3,51.8
70120,70130,19.4806,608.8,33.9,53.3,52.9
70130,70140,19.4833,607.3,33.9,53.3,51.9
70140,70150,19.4861,605.5,33.9,53.3,51.5
70150,70160,19.4889,603.4,33.9,53.3,51.6
70160,70170,19.4917,601.6,33.9,53.4,50.9
70170,70180,19.4944,600.1,33.9,53.3,51.3
70180,70190,19.4972,598.0,33.9,53.3,51.4
70190,70200,19.5000,595.3,33.9,53.3,51.8
70200,70210,19.5028,592.9,33.9,53.3,51.2
70210,70220,19.5056,591.7,33.9,53.3,51.3
70220,70230,19.5083,590.2,33.9,53.3,51.9
70230,70240,19.5111,588.1,33.9,53.4,53
70240,70250,19.5139,586.6,33.9,53.3,54.4
70250,70260,19.5167,584.8,33.9,53.3,53.9
70260,70270,19.5194,582.1,33.9,53.3,52.1
70270,70280,19.5222,579.5,33.9,53.3,53.5
70280,70290,19.5250,577.7,33.9,53.3,55.4
70290,70300,19.5278,576.8,33.9,53.3,54.1
70300,70310,19.5306,575.3,33.9,53.3,55.3
70310,70320,19.5333,573.2,33.9,53.3,53.8
70320,70330,19.5361,571.7,33.9,53.4,54.4
70330,70340,19.5389,570.2,33.9,53.3,54
70340,70350,19.5417,568.4,33.9,53.4,53.7
70350,70360,19.5444,566.0,33.9,53.4,52.5
70360,70370,19.5472,563.9,33.9,53.3,52.1
70370,70380,19.5500,562.7,34.0,53.3,55
70380,70390,19.5528,561.8,33.9,53.3,54.8
70390,70400,19.5556,559.7,33.9,53.3,52.8
70400,70410,19.5583,557.6,34.0,53.3,54.5
70410,70420,19.5611,556.4,33.9,53.4,59.3
70420,70430,19.5639,554.6,34.0,53.3,65.1
70430,70440,19.5667,552.2,33.9,53.4,66
70440,70450,19.5694,550.4,34.0,53.3,64.7
70450,70460,19.5722,549.5,34.0,53.4,64.9
70460,70470,19.5750,547.7,34.0,53.3,65
70470,70480,19.5778,545.3,34.0,53.4,63.9
70480,70490,19.5806,543.8,34.0,53.4,62.6
70490,70500,19.5833,542.3,34.0,53.4,63.6
70500,70510,19.5861,540.5,34.0,53.3,62.7
70510,70520,19.5889,538.1,34.0,53.4,64.2
70520,70530,19.5917,536.6,34.0,53.3,63.1
70530,70540,19.5944,535.4,34.0,53.4,63.5
70540,70550,19.5972,533.6,34.0,53.3,62.6
70550,70560,19.6000,531.5,34.0,53.4,62.9
70560,70570,19.6028,529.7,34.0,53.4,62.5
70570,70580,19.6056,528.8,34.0,53.4,59.7
70580,70590,19.6083,527.3,34.0,53.4,58.6
70590,70600,19.6111,524.9,34.0,53.3,55.3
70600,70610,19.6139,523.4,34.0,53.4,44.9
70610,70620,19.6167,521.9,34.0,53.4,44.1
70620,70630,19.6194,519.8,34.0,53.4,42.9
70630,70640,19.6222,517.7,34.0,53.4,42.7
70640,70650,19.6250,516.5,34.0,53.4,41.5
70650,70660,19.6278,515.0,34.0,53.4,42.3
70660,70670,19.6306,513.5,34.0,53.4,47.9
70670,70680,19.6333,511.4,34.0,53.4,47
70680,70690,19.6361,510.2,34.0,53.4,48.5
70690,70700,19.6389,508.7,34.0,53.4,45.6
70700,70710,19.6417,506.9,34.0,53.4,46.1
70710,70720,19.6444,504.9,34.0,53.4,45.8
70720,70730,19.6472,503.1,34.0,53.4,45
70730,70740,19.6500,501.6,34.0,53.4,44.6
70740,70750,19.6528,499.5,34.0,53.4,45.8
70750,70760,19.6556,497.4,34.0,53.3,49
70760,70770,19.6583,495.3,34.0,53.3,51.9
70770,70780,19.6611,493.8,34.0,53.4,52
70780,70790,19.6639,492.0,34.0,53.4,54.9
70790,70800,19.6667,489.9,34.0,53.4,55.3
70800,70810,19.6694,488.1,34.0,53.4,62.5
70810,70820,19.6722,486.9,34.0,53.4,65.4
70820,70830,19.6750,485.7,34.1,53.4,67.1
70830,70840,19.6778,483.9,34.1,53.3,66.9
70840,70850,19.6806,482.1,34.1,53.3,63.3
70850,70860,19.6833,480.9,34.1,53.3,62
70860,70870,19.6861,479.4,34.1,53.4,62.1
70870,70880,19.6889,477.3,34.1,53.3,62.9
70880,70890,19.6917,475.5,34.1,53.4,63
70890,70900,19.6944,474.3,34.1,53.4,65
70900,70910,19.6972,472.5,34.1,53.3,60.9
70910,70920,19.7000,470.1,34.1,53.4,60
70920,70930,19.7028,468.0,34.1,53.4,55.6
70930,70940,19.7056,466.8,34.1,53.3,57.9
70940,70950,19.7083,465.3,34.1,53.4,60
70950,70960,19.7111,464.1,34.1,53.4,58.1
70960,70970,19.7139,464.1,34.1,53.4,56.2
70970,70980,19.7167,464.4,34.1,53.3,51
70980,70990,19.7194,465.3,34.1,53.4,44.5
70990,71000,19.7222,465.6,34.1,53.4,46.1
71000,71010,19.7250,465.9,34.1,53.4,44.7
71010,71020,19.7278,466.5,34.2,53.4,45.3
71020,71030,19.7306,466.5,34.2,53.3,49.3
71030,71040,19.7333,466.2,34.2,53.3,49.4
71040,71050,19.7361,465.9,34.2,53.4,46.1
71050,71060,19.7389,466.5,34.2,53.4,46.6
71060,71070,19.7417,466.5,34.2,53.4,46.3
71070,71080,19.7444,466.2,34.2,53.4,47.2
71080,71090,19.7472,466.2,34.2,53.4,46.9
71090,71100,19.7500,466.5,34.2,53.4,46.6
71100,71110,19.7528,467.1,34.2,53.3,46.5
71110,71120,19.7556,466.8,34.2,53.4,46.7
71120,71130,19.7583,466.8,34.2,53.4,45.3
71130,71140,19.7611,467.1,34.2,53.3,45.3
71140,71150,19.7639,466.8,34.2,53.3,42.2
71150,71160,19.7667,466.2,34.2,53.3,41.8
71160,71170,19.7694,466.2,34.2,53.3,42.2
71170,71180,19.7722,466.5,34.3,53.4,44.4
71180,71190,19.7750,466.8,34.3,53.3,44.3
71190,71200,19.7778,466.2,34.3,53.4,45.3
71200,71210,19.7806,466.2,34.3,53.4,47.4
71210,71220,19.7833,466.8,34.3,53.5,47.6
71220,71230,19.7861,466.8,34.3,53.4,47.2
71230,71240,19.7889,465.6,34.3,53.4,49.3
71240,71250,19.7917,465.6,34.3,53.4,52
71250,71260,19.7944,465.6,34.3,53.4,50.6
71260,71270,19.7972,465.9,34.3,53.4,49.4
71270,71280,19.8000,465.0,34.3,53.4,47
71280,71290,19.8028,464.1,34.3,53.4,49.7
71290,71300,19.8056,462.9,34.3,53.4,47
71300,71310,19.8083,461.4,34.3,53.3,46.7
71310,71320,19.8111,459.0,34.3,53.4,44.4
71320,71330,19.8139,457.5,34.4,53.4,45
71330,71340,19.8167,456.0,34.4,53.4,44.8
71340,71350,19.8194,454.8,34.4,53.4,46.3
71350,71360,19.8222,452.7,34.4,53.4,48.6
71360,71370,19.8250,451.2,34.4,53.4,49.2
71370,71380,19.8278,449.7,34.4,53.4,51
71380,71390,19.8306,448.5,34.4,53.4,48.2
71390,71400,19.8333,446.7,34.4,53.4,49
71400,71410,19.8361,444.9,34.4,53.4,48.4
71410,71420,19.8389,444.3,34.4,53.4,48.1
71420,71430,19.8417,442.2,34.4,53.4,46.9
71430,71440,19.8444,439.8,34.4,53.4,45.1
71440,71450,19.8472,438.3,34.4,53.4,43.9
71450,71460,19.8500,437.1,34.4,53.4,44
71460,71470,19.8528,435.0,34.4,53.4,43.8
71470,71480,19.8556,433.2,34.5,53.4,43.4
71480,71490,19.8583,431.7,34.5,53.4,44.8
71490,71500,19.8611,430.5,34.5,53.4,47.9
71500,71510,19.8639,428.7,34.5,53.4,48.1
71510,71520,19.8667,426.4,34.5,53.4,48.2
71520,71530,19.8694,425.2,34.5,53.4,50.9
71530,71540,19.8722,424.3,34.5,53.4,54.6
71540,71550,19.8750,423.1,34.5,53.4,57.3
71550,71560,19.8778,422.5,34.5,53.4,58.3
71560,71570,19.8806,421.6,34.5,53.4,58.3
71570,71580,19.8833,420.4,34.5,53.4,58.9
71580,71590,19.8861,418.9,34.5,53.4,58.8
71590,71600,19.8889,417.1,34.5,53.4,59.5
71600,71610,19.8917,415.3,34.5,53.4,58.5
71610,71620,19.8944,414.1,34.5,53.4,56.4
71620,71630,19.8972,412.6,34.6,53.4,60.2
71630,71640,19.9000,410.8,34.6,53.4,59.7
71640,71650,19.9028,409.0,34.6,53.4,59.6
71650,71660,19.9056,407.8,34.6,53.4,60.2
71660,71670,19.9083,407.2,34.6,53.4,57.7
71670,71680,19.9111,404.8,34.6,53.4,57.7
71680,71690,19.9139,403.3,34.6,53.4,56.6
71690,71700,19.9167,402.4,34.6,53.4,57.5
71700,71710,19.9194,401.2,34.6,53.4,57.9
71710,71720,19.9222,399.4,34.6,53.4,57.3
71720,71730,19.9250,397.9,34.7,53.4,58.5
71730,71740,19.9278,397.3,34.7,53.4,56.4
71740,71750,19.9306,394.9,34.7,53.4,53.8
71750,71760,19.9333,393.4,34.7,53.4,53.9
71760,71770,19.9361,391.3,34.7,53.4,56.2
71770,71780,19.9389,390.4,34.7,53.4,54.9
71780,71790,19.9417,389.2,34.7,53.4,52.6
71790,71800,19.9444,387.4,34.7,53.4,53.8
71800,71810,19.9472,386.2,34.7,53.4,53.1
71810,71820,19.9500,385.3,34.7,53.4,53.6
71820,71830,19.9528,383.8,34.7,53.4,53.4
71830,71840,19.9556,382.0,34.7,53.4,51.7
71840,71850,19.9583,380.8,34.7,53.4,51.6
71850,71860,19.9611,379.6,34.7,53.4,53.7
71860,71870,19.9639,378.4,34.7,53.4,56
71870,71880,19.9667,377.2,34.8,53.4,55.4
71880,71890,19.9694,375.7,34.8,53.4,55
71890,71900,19.9722,375.1,34.8,53.4,57.2
71900,71910,19.9750,373.9,34.8,53.4,57.1
71910,71920,19.9778,372.4,34.8,53.4,58.1
71920,71930,19.9806,370.9,34.8,53.4,61.6
71930,71940,19.9833,370.0,34.8,53.4,64.9
71940,71950,19.9861,368.8,34.8,53.4,63.1
71950,71960,19.9889,367.3,34.8,53.4,63.7
71960,71970,19.9917,365.8,34.8,53.4,62.2
71970,71980,19.9944,364.6,34.8,53.4,65
71980,71990,19.9972,363.4,34.8,53.4,63.2
71990,72000,20.0000,362.2,34.9,53.4,62.1
72000,72010,20.0028,362.2,34.8,53.4,60.6
72010,72020,20.0056,362.5,34.9,53.4,63.1
72020,72030,20.0083,362.8,34.9,53.4,63.4
72030,72040,20.0111,362.2,34.9,53.4,62.9
72040,72050,20.0139,362.8,34.9,53.4,66.5
72050,72060,20.0167,362.8,34.9,53.4,65.7
72060,72070,20.0194,363.1,34.9,53.4,65.7
72070,72080,20.0222,362.8,34.9,53.4,64.5
72080,72090,20.0250,362.8,34.9,53.4,67.4
72090,72100,20.0278,363.7,34.9,53.4,67.4
72100,72110,20.0306,364.0,34.9,53.4,65.2
72110,72120,20.0333,364.0,34.9,53.4,65.9
72120,72130,20.0361,367.9,35.0,53.4,62.4
72130,72140,20.0389,373.0,35.0,53.4,-99.9
72140,72150,20.0417,373.3,35.0,53.4,-99.9
72150,72160,20.0444,372.7,35.0,53.4,-99.9
72160,72170,20.0472,373.3,35.0,53.4,-99.9
72170,72180,20.0500,373.3,35.0,53.4,-99.9
72180,72190,20.0528,373.3,35.0,53.4,-99.9
72190,72200,20.0556,373.0,35.0,53.4,-99.9
72200,72210,20.0583,373.6,35.0,53.4,-99.9
72210,72220,20.0611,373.6,35.0,53.4,-99.9
72220,72230,20.0639,373.3,35.0,53.4,-99.9
72230,72240,20.0667,372.7,35.1,53.4,-99.9
72240,72250,20.0694,373.0,35.1,53.4,-99.9
72250,72260,20.0722,373.3,35.1,53.4,-99.9
72260,72270,20.0750,373.3,35.1,53.4,-99.9
72270,72280,20.0778,373.0,35.1,53.4,-99.9
72280,72290,20.0806,373.0,35.1,53.4,-99.9
72290,72300,20.0833,373.3,35.1,53.4,-99.9
72300,72310,20.0861,373.6,35.1,53.4,-99.9
72310,72320,20.0889,373.0,35.1,53.4,-99.9
72320,72330,20.0917,373.0,35.1,53.4,-99.9
72330,72340,20.0944,373.9,35.2,53.4,-99.9
72340,72350,20.0972,373.3,35.2,53.4,-99.9
72350,72360,20.1000,373.0,35.2,53.4,-99.9
72360,72370,20.1028,373.3,35.2,53.4,-99.9
72370,72380,20.1056,373.9,35.2,53.4,-99.9
72380,72390,20.1083,373.6,35.2,53.4,-99.9
72390,72400,20.1111,372.7,35.2,53.4,-99.9
72400,72410,20.1139,372.4,35.2,53.4,-99.9
72410,72420,20.1167,373.3,35.2,53.4,-99.9
72420,72430,20.1194,373.6,35.2,53.4,-99.9
72430,72440,20.1222,373.0,35.2,53.4,-99.9
72440,72450,20.1250,372.7,35.2,53.4,-99.9
72450,72460,20.1278,373.0,35.2,53.4,-99.9
72460,72470,20.1306,362.8,35.3,53.4,-99.9
72470,72480,20.1333,362.2,35.3,53.4,-99.9
72480,72490,20.1361,362.2,35.3,53.4,64.3
72490,72500,20.1389,362.8,35.3,53.4,65.8
72500,72510,20.1417,364.0,35.3,53.4,63.7
72510,72520,20.1444,364.9,35.3,53.5,62.5
72520,72530,20.1472,366.1,35.3,53.4,62
72530,72540,20.1500,367.6,35.3,53.5,62.3
72540,72550,20.1528,368.5,35.3,53.5,59.2
72550,72560,20.1556,369.4,35.3,53.4,61.9
72560,72570,20.1583,370.9,35.3,53.4,62.4
72570,72580,20.1611,373.0,35.3,53.4,63
72580,72590,20.1639,374.8,35.3,53.4,65.2
72590,72600,20.1667,376.0,35.3,53.4,63.5
72600,72610,20.1694,377.8,35.4,53.4,65
72610,72620,20.1722,379.6,35.4,53.4,67.7
72620,72630,20.1750,381.4,35.4,53.4,65.3
72630,72640,20.1778,382.9,35.4,53.4,62.1
72640,72650,20.1806,384.1,35.4,53.4,60.3
72650,72660,20.1833,385.9,35.4,53.4,60.1
72660,72670,20.1861,387.4,35.4,53.4,53.4
72670,72680,20.1889,388.6,35.4,53.4,55.8
72680,72690,20.1917,389.8,35.4,53.4,57.9
72690,72700,20.1944,391.6,35.4,53.4,60.8
72700,72710,20.1972,393.4,35.4,53.4,60
72710,72720,20.2000,394.0,35.4,53.4,59.8
72720,72730,20.2028,395.2,35.4,53.4,60.7
72730,72740,20.2056,396.7,35.5,53.4,61.4
72740,72750,20.2083,397.3,35.5,53.4,64.3
72750,72760,20.2111,397.3,35.5,53.4,62.5
72760,72770,20.2139,398.5,35.5,53.4,64
72770,72780,20.2167,400.0,35.5,53.4,62.4
72780,72790,20.2194,401.2,35.5,53.4,60.9
72790,72800,20.2222,402.7,35.5,53.4,59
72800,72810,20.2250,403.6,35.5,53.4,59.9
72810,72820,20.2278,405.1,35.5,53.4,59.8
72820,72830,20.2306,406.6,35.5,53.4,58.1
72830,72840,20.2333,407.5,35.5,53.4,60.7
72840,72850,20.2361,409.0,35.5,53.4,61.3
72850,72860,20.2389,410.8,35.5,53.4,59
72860,72870,20.2417,412.0,35.5,53.4,59.7
72870,72880,20.2444,412.6,35.5,53.4,59.6
72880,72890,20.2472,413.2,35.5,53.4,60.2
72890,72900,20.2500,414.1,35.6,53.4,60.4
72900,72910,20.2528,414.1,35.6,53.4,58.8
72910,72920,20.2556,414.1,35.6,53.4,55
72920,72930,20.2583,414.4,35.6,53.4,54
72930,72940,20.2611,414.4,35.6,53.4,53
72940,72950,20.2639,415.0,35.6,53.4,57.6
72950,72960,20.2667,414.7,35.6,53.4,59.2
72960,72970,20.2694,415.3,35.6,53.4,59.6
72970,72980,20.2722,415.6,35.6,53.4,59.6
72980,72990,20.2750,415.9,35.6,53.4,57.1
72990,73000,20.2778,415.0,35.6,53.4,57.8
73000,73010,20.2806,415.0,35.6,53.4,56.5
73010,73020,20.2833,415.3,35.6,53.4,55
73020,73030,20.2861,415.6,35.6,53.4,52.8
73030,73040,20.2889,415.3,35.6,53.4,54.2
73040,73050,20.2917,415.0,35.6,53.4,54.9
73050,73060,20.2944,415.3,35.6,53.4,56.8
73060,73070,20.2972,415.3,35.6,53.4,58.9
73070,73080,20.3000,415.0,35.7,53.4,58.2
73080,73090,20.3028,414.7,35.7,53.4,57.6
73090,73100,20.3056,415.6,35.7,53.4,60.1
73100,73110,20.3083,415.0,35.7,53.4,59
73110,73120,20.3111,414.4,35.7,53.4,58.3
73120,73130,20.3139,414.4,35.7,53.4,58
73130,73140,20.3167,414.7,35.7,53.4,61.8
73140,73150,20.3194,414.4,35.7,53.4,61.2
73150,73160,20.3222,414.1,35.7,53.4,61.3
73160,73170,20.3250,414.4,35.7,53.4,61.5
73170,73180,20.3278,414.7,35.7,53.4,63.7
73180,73190,20.3306,414.4,35.7,53.4,64
73190,73200,20.3333,413.8,35.7,53.4,63.4
73200,73210,20.3361,414.1,35.7,53.4,60.8
73210,73220,20.3389,414.4,35.7,53.4,61.1
73220,73230,20.3417,414.4,35.7,53.4,61.8
73230,73240,20.3444,414.4,35.7,53.4,60.4
73240,73250,20.3472,414.1,35.7,53.4,60.9
73250,73260,20.3500,414.7,35.7,53.4,60.5
73260,73270,20.3528,415.0,35.7,53.4,59.7
73270,73280,20.3556,414.4,35.8,53.4,59.4
73280,73290,20.3583,414.4,35.8,53.4,60.5
73290,73300,20.3611,414.4,35.8,53.4,60.2
73300,73310,20.3639,414.4,35.8,53.4,61.8
73310,73320,20.3667,412.9,35.8,53.4,60.5
73320,73330,20.3694,413.2,35.8,53.4,60.2
73330,73340,20.3722,413.5,35.8,53.4,61.3
73340,73350,20.3750,414.1,35.8,53.4,61.5
73350,73360,20.3778,414.1,35.8,53.4,59.6
73360,73370,20.3806,414.4,35.8,53.4,59.7
73370,73380,20.3833,414.4,35.8,53.4,59.4
73380,73390,20.3861,414.4,35.8,53.4,59.1
73390,73400,20.3889,413.8,35.8,53.4,58.7
73400,73410,20.3917,413.8,35.8,53.4,60.2
73410,73420,20.3944,414.4,35.8,53.4,59.9
73420,73430,20.3972,414.7,35.8,53.4,61.6
73430,73440,20.4000,415.6,35.8,53.4,62.4
73440,73450,20.4028,417.7,35.8,53.4,61.7
73450,73460,20.4056,418.9,35.8,53.4,62.2
73460,73470,20.4083,420.7,35.8,53.4,64.4
73470,73480,20.4111,422.2,35.8,53.4,63
73480,73490,20.4139,424.0,35.8,53.4,60.5
73490,73500,20.4167,426.9,35.8,53.4,58.8
73500,73510,20.4194,428.4,35.8,53.4,51.4
73510,73520,20.4222,429.3,35.8,53.4,51.2
73520,73530,20.4250,431.1,35.8,53.4,48.9
73530,73540,20.4278,433.2,35.8,53.4,50.7
73540,73550,20.4306,435.0,35.8,53.4,49.3
73550,73560,20.4333,436.2,35.8,53.4,48.1
73560,73570,20.4361,438.0,35.8,53.4,46.1
73570,73580,20.4389,439.8,35.8,53.4,47.9
73580,73590,20.4417,441.9,35.8,53.4,41.2
73590,73600,20.4444,443.4,35.8,53.4,41
73600,73610,20.4472,445.5,35.8,53.4,41.7
73610,73620,20.4500,447.3,35.8,53.4,42.2
73620,73630,20.4528,448.2,35.8,53.4,40.8
73630,73640,20.4556,450.0,35.8,53.4,40.3
73640,73650,20.4583,451.2,35.8,53.4,40.5
73650,73660,20.4611,453.9,35.8,53.4,39.5
73660,73670,20.4639,455.4,35.8,53.4,40.5
73670,73680,20.4667,456.9,35.8,53.4,39.9
73680,73690,20.4694,458.1,35.8,53.4,39.3
73690,73700,20.4722,458.4,35.8,53.4,40.2
73700,73710,20.4750,459.0,35.8,53.4,39.2
73710,73720,20.4778,459.9,35.8,53.4,41.7
73720,73730,20.4806,459.9,35.8,53.4,41.7
