data/raw/Flight10/SP2_Polar6_20150421_R2_L1.ict
38, 1001
Herber, Andreas; Schulz, Hannes
Alfred Wegener Institute (AWI), Bremerhaven, Germany
rBC mass concentration from SP2 (single particle soot photometer), combined high and low gain channel, size range 75 to 700 nm
NETCARE Polar 6 Campaign 2015
1, 1
2015,04,21, 2017, 09, 07
1
Time_UTC, seconds
4
1, 1, 1, 1, 1
-9999, -9999, -9999, -9999, -9999
BC_mass_concVOL, ug/m3
BC_numb_concVOL, 1/vccm
BC_mass_concSTP, ug/m3STP
BC_numb_concSTP, 1/sccm
0
20
PI_CONTACT_INFO: Address: AWI, Am Handelshafen 12, D-27570 Bremerhaven, email: andreas.herber@awi.de; hannes.schulz@awi.de
PLATFORM: Polar 6
LOCATION: GPS location and altitude available at 1 Hz resolution in separate file
ASSOCIATED_DATA: N/A
INSTRUMENT_INFO: Refractory black carbon aerosol measurements based on laser induced incandescence
DATA_INFO: Units are ug/m3 (volumetric) or ug/m3 STP (NIST standard NTP 20C, 1013.25 hPa; corrected with chamber temperature and pressure)
UNCERTAINTY: +/- 10%, typical intra-model variability of SP2 derived BC mass concentration [Laborde et al., 2012]
ULOD_FLAG: -7777
ULOD_VALUE: N/A
LLOD_FLAG: not masked
LLOD_VALUE: zero ug/m3 (e.g. no particle or particles <0.3 fg per single particle detection)
DM_CONTACT_INFO: Hannes Schulz, see above
PROJECT_INFO: NETCARE Polar 6 aircraft campaign in April 2015
STIPULATIONS_ON_USE: Preliminary data! Use of these data requires prior approval from PI
OTHER_COMMENTS: N/A
REVISION: R2
R2: Preliminary data; calibration: Fullerene Soot, DLR lab 2015/01/20; bad data and zero filter masked as -9999
R1: Preliminary data, updated header information, corrected mass concentration
R0: Preliminary data, initial release
Time_UTC, BC_mass_concVOL, BC_numb_concVOL, BC_mass_concSTP, BC_numb_concSTP
[from data line 14239]
72315, 0.049384, 10.737194, 0.098147, 21.339341
72316, 0.023684, 10.388385, 0.047050, 20.637282
72317, 0.028689, 7.575100, 0.056997, 15.049354
72318, 0.034115, 11.696917, 0.067791, 23.243412
72319, 0.036182, 9.736546, 0.071896, 19.347019
72320, 0.045257, 13.084389, 0.089873, 25.983527
72321, 0.048419, 11.676426, 0.096170, 23.191740
72322, 0.070619, 10.791485, 0.140369, 21.450156
72323, 0.025112, 7.665935, 0.049861, 15.221216
72324, 0.022607, 5.758795, 0.044909, 11.439839
72325, 0.058367, 13.131025, 0.115860, 26.065528
72326, 0.054481, 11.872191, 0.108360, 23.612987
72327, 0.018262, 7.834855, 0.036301, 15.574348
72328, 0.089045, 13.766803, 0.176790, 27.332667
72329, 0.046862, 11.101475, 0.093084, 22.051339
72330, 0.032689, 12.945367, 0.064908, 25.704753
72331, 0.053953, 14.081100, 0.107045, 27.937621
72332, 0.047283, 10.797700, 0.093885, 21.439830
72333, 0.030930, 10.381427, 0.061379, 20.601610
72334, 0.058793, 14.769464, 0.116475, 29.259870
72335, 0.024494, 10.928150, 0.048555, 21.663096
72336, 0.036379, 11.328296, 0.072065, 22.440848
72337, 0.027710, 11.780576, 0.054920, 23.348527
72338, 0.037483, 14.409431, 0.074348, 28.580958
72339, 0.022339, 8.943252, 0.044335, 17.749640
72340, 0.055590, 9.991643, 0.110255, 19.816912
72341, 0.039660, 12.805717, 0.078674, 25.403144
72342, 0.056082, 13.294830, 0.111345, 26.395332
72343, 0.033522, 10.238715, 0.066565, 20.331083
72344, 0.031267, 11.133115, 0.062069, 22.100956
72345, 0.030525, 7.804583, 0.060621, 15.499560
72346, 0.043211, 9.580338, 0.085870, 19.038183
72347, 0.016827, 5.562976, 0.033430, 11.051744
72348, 0.024738, 7.113130, 0.049168, 14.137903
72349, 0.042454, 8.127562, 0.084322, 16.142981
72350, 0.035602, 13.497724, 0.070739, 26.819492
72351, 0.046883, 12.775166, 0.093144, 25.380858
72352, 0.062886, 11.796154, 0.124718, 23.394850
72353, 0.050718, 16.479832, 0.100741, 32.734174
72354, 0.028278, 10.120047, 0.056228, 20.122515
72355, 0.066702, 14.188934, 0.132705, 28.228901
72356, 0.027955, 10.133961, 0.055511, 20.123217
72357, 0.032574, 10.233442, 0.064703, 20.327344
72358, 0.067276, 13.728965, 0.133541, 27.251619
72359, 0.025683, 10.234713, 0.051011, 20.328207
72360, 0.056783, 13.975597, 0.112686, 27.734783
72361, 0.021800, 8.421913, 0.043262, 16.713413
72362, 0.055218, 12.976528, 0.109569, 25.749406
72363, 0.026099, 9.820217, 0.051739, 19.467740
72364, 0.058057, 9.023992, 0.115100, 17.890502
72365, 0.040386, 11.491207, 0.080066, 22.781414
72366, 0.043546, 10.249636, 0.086312, 20.315723
72367, 0.040153, 9.539917, 0.079591, 18.909829
72368, 0.047597, 10.515326, 0.094372, 20.849054
72369, 0.034457, 9.488092, 0.068232, 18.788551
72370, 0.029101, 8.850401, 0.057687, 17.544509
72371, 0.045845, 8.990159, 0.090467, 17.740439
72372, 0.025417, 9.115256, 0.050398, 18.074379
72373, 0.060211, 10.833264, 0.119428, 21.487886
72374, 0.027616, 6.639558, 0.054727, 13.157632
72375, 0.027387, 6.687622, 0.054277, 13.253958
72376, 0.038137, 15.199387, 0.075664, 30.155735
72377, 0.038190, 12.268655, 0.075762, 24.338909
72378, 0.076333, 11.546909, 0.151344, 22.893862
72379, 0.047841, 12.051210, 0.094853, 23.893809
72380, 0.017451, 8.114465, 0.034605, 16.090485
72381, 0.032884, 9.892062, 0.065205, 19.614485
72382, 0.031238, 11.629247, 0.061968, 23.069693
72383, 0.024209, 10.477991, 0.048000, 20.774537
72384, 0.021599, 7.408033, 0.042840, 14.693211
72385, 0.044048, 9.951465, 0.087426, 19.751512
72386, 0.039443, 9.602702, 0.078231, 19.045958
72387, 0.032528, 8.713594, 0.064549, 17.291493
72388, 0.034014, 9.050597, 0.067501, 17.961041
72389, 0.031259, 10.161846, 0.062063, 20.175849
72390, 0.038971, 11.059685, 0.077367, 21.955929
72391, 0.031983, 11.311984, 0.063505, 22.460988
72392, 0.047116, 10.064825, 0.093609, 19.996605
72393, 0.028108, 12.302421, 0.055812, 24.428088
72394, 0.030771, 6.645927, 0.061084, 13.192703
72395, 0.058351, 12.028996, 0.116039, 23.921327
72396, 0.018407, 6.958651, 0.036616, 13.842499
72397, 0.080433, 15.747193, 0.160018, 31.328396
72398, 0.050931, 9.227214, 0.101414, 18.373448
72399, 0.053507, 12.883728, 0.106474, 25.637593
72400, 0.073436, 11.484514, 0.146190, 22.862281
72401, 0.049419, 12.972965, 0.098351, 25.818138
72402, 0.038878, 12.565096, 0.077411, 25.018588
72403, 0.076848, 14.479610, 0.153030, 28.833901
72404, 0.037963, 12.158440, 0.075582, 24.206594
72405, 0.033531, 9.184767, 0.066799, 18.297878
72406, 0.048264, 13.919050, 0.096103, 27.715380
72407, 0.027523, 11.065943, 0.054753, 22.013751
72408, 0.023140, 10.255035, 0.046035, 20.401075
72409, 0.054223, 15.128498, 0.107895, 30.103158
72410, 0.040620, 12.072352, 0.080741, 23.996384
72411, 0.022746, 10.203892, 0.045208, 20.280554
72412, 0.082470, 11.360949, 0.163796, 22.564376
72413, 0.033196, 13.500367, 0.065955, 26.823473
72414, 0.025316, 8.192278, 0.050306, 16.279249
72415, 0.034781, 10.695233, 0.069036, 21.229026
72416, 0.027755, 8.890513, 0.055060, 17.637016
72417, 0.037719, 12.794478, 0.074833, 25.384114
72418, 0.076807, 12.913774, 0.152326, 25.611035
72419, 0.083432, 12.122938, 0.165562, 24.056687
72420, 0.059241, 11.837562, 0.117563, 23.491264
72421, 0.027638, 7.822508, 0.054922, 15.544787
72422, 0.030213, 9.449307, 0.059930, 18.743239
72423, 0.042143, 10.119971, 0.083738, 20.108427
72424, 0.056099, 12.715287, 0.111271, 25.220641
72425, 0.049323, 11.110821, 0.097793, 22.029536
72426, 0.033402, 9.131148, 0.066256, 18.112487
72427, 0.051242, 12.476925, 0.101670, 24.755442
72428, 0.027016, 9.554324, 0.053610, 18.959411
72429, 0.098218, 9.781052, 0.194988, 19.417821
72430, 0.091730, 18.862757, 0.182115, 37.448927
72431, 0.045524, 12.570976, 0.090404, 24.964223
72432, 0.049693, 13.884574, 0.098676, 27.570689
72433, 0.038675, 13.105349, 0.076791, 26.021263
72434, 0.026959, 7.648364, 0.053566, 15.196818
72435, 0.048087, 11.569365, 0.095542, 22.986823
72436, 0.031612, 10.858932, 0.062776, 21.563829
72437, 0.041791, 12.800873, 0.082964, 25.412315
72438, 0.043856, 8.339351, 0.087113, 16.564988
72439, 0.043283, 11.363704, 0.086029, 22.586558
72440, 0.040077, 9.173519, 0.079605, 18.221325
72441, 0.042136, 12.721976, 0.083780, 25.295287
72442, 0.019100, 7.417498, 0.037963, 14.743058
72443, 0.048873, 12.634405, 0.097172, 25.120573
72444, 0.045990, 12.608027, 0.091487, 25.080862
72445, 0.035247, 14.301644, 0.070060, 28.427274
72446, 0.036248, 12.965189, 0.072063, 25.775903
72447, 0.157387, 13.115820, 0.312715, 26.060045
72448, 0.051910, 13.342484, 0.103183, 26.521044
72449, 0.061978, 15.404215, 0.123298, 30.645018
72450, 0.041258, 10.390416, 0.082103, 20.677080
72451, 0.024329, 10.512183, 0.048370, 20.900321
72452, 0.036653, 12.063368, 0.072811, 23.963866
72453, 0.035366, 9.416856, 0.070358, 18.734259
72454, 0.064097, 16.520145, 0.127488, 32.858232
72455, 0.100989, 12.584691, 0.200678, 25.007360
72456, 0.039964, 13.813809, 0.079461, 27.465915
72457, 0.028917, 10.757459, 0.057433, 21.365763
72458, 0.021096, 8.609288, 0.041937, 17.114821
72459, 0.044797, 11.260459, 0.089024, 22.377472
72460, 0.045492, 12.959846, 0.090355, 25.740610
72461, 0.021113, 10.329514, 0.041912, 20.505198
72462, 0.051032, 15.605288, 0.101441, 31.019988
72463, 0.018763, 8.779253, 0.037297, 17.451698
72464, 0.051491, 11.546140, 0.102235, 22.924840
72465, 0.040384, 12.253998, 0.080175, 24.328314
72466, 0.039684, 10.449687, 0.078863, 20.766256
72467, 0.040087, 14.325581, 0.079607, 28.449012
72468, 0.039781, 11.759152, 0.079008, 23.354503
72469, 0.023054, 7.428224, 0.045707, 14.727466
72470, 0.024687, 6.788236, 0.049385, 13.579701
72471, 0.031241, 5.570496, 0.063237, 11.275581
72472, 0.092876, 14.024873, 0.187777, 28.355556
72473, 0.024382, 10.265151, 0.049349, 20.776059
72474, 0.059658, 21.799305, 0.120156, 43.905623
72475, 0.051590, 10.829226, 0.102882, 21.595912
72476, 0.047491, 14.298688, 0.094499, 28.451613
72477, 0.046026, 12.885647, 0.091706, 25.674617
72478, 0.045415, 13.323836, 0.090567, 26.570456
72479, 0.070445, 14.761717, 0.140572, 29.456970
72480, 0.033354, 13.011672, 0.066529, 25.953006
72481, 0.049282, 12.100641, 0.098273, 24.130011
72482, 0.053276, 13.689720, 0.106305, 27.315861
72483, 0.043581, 13.861881, 0.087016, 27.677609
72484, 0.076194, 11.053645, 0.151969, 22.046541
72485, 0.045310, 10.330246, 0.090413, 20.613492
72486, 0.069187, 10.536362, 0.138108, 21.032315
72487, 0.042722, 11.495111, 0.085255, 22.939242
72488, 0.033295, 7.200145, 0.066502, 14.381489
72489, 0.038789, 8.742034, 0.077417, 17.447742
72490, 0.034552, 11.696182, 0.069052, 23.374587
72491, 0.022100, 7.666901, 0.044169, 15.323030
72492, 0.030203, 13.379073, 0.060418, 26.763605
72493, 0.031161, 9.769371, 0.062120, 19.475393
72494, 0.052312, 13.378304, 0.104633, 26.758942
72495, 0.045319, 10.362105, 0.090674, 20.732721
72496, 0.032221, 12.798695, 0.064428, 25.591521
72497, 0.024512, 10.483278, 0.049011, 20.961536
72498, 0.040600, 6.938340, 0.081142, 13.866932
72499, 0.014661, 5.286734, 0.029321, 10.572672
72500, 0.038334, 7.738359, 0.076481, 15.438980
72501, 0.041244, 11.371487, 0.082247, 22.676765
72502, 0.049236, 16.600105, 0.098164, 33.096686
72503, 0.034323, 10.936813, 0.068376, 21.787564
72504, 0.034547, 14.752429, 0.068820, 29.388074
72505, 0.054750, 14.624374, 0.109004, 29.116167
72506, 0.085697, 13.810452, 0.170362, 27.454762
72507, 0.068073, 10.949467, 0.135260, 21.756418
72508, 0.029115, 8.998864, 0.057802, 17.865589
72509, 0.053755, 16.729843, 0.106656, 33.193649
72510, 0.036915, 12.285820, 0.073198, 24.361119
72511, 0.058430, 11.317566, 0.115770, 22.424180
72512, 0.046096, 10.544257, 0.091281, 20.880066
72513, 0.037315, 13.839147, 0.073828, 27.380489
72514, 0.079214, 11.289828, 0.156543, 22.310981
72515, 0.044713, 9.852453, 0.088302, 19.457144
72516, 0.047300, 11.605932, 0.093294, 22.891386
72517, 0.026037, 11.295650, 0.051389, 22.294362
72518, 0.099662, 12.008692, 0.196634, 23.693130
72519, 0.046182, 13.204383, 0.091106, 26.049140
72520, 0.024854, 8.587160, 0.049029, 16.939710
72521, 0.050444, 9.496892, 0.099395, 18.712897
72522, 0.040868, 13.615990, 0.080542, 26.834508
72523, 0.044282, 8.391870, 0.087274, 16.539329
72524, 0.221741, 12.872640, 0.437041, 25.371311
72525, 0.032359, 9.949394, 0.063755, 19.602744
72526, 0.038618, 9.061163, 0.076052, 17.844708
72527, 0.068568, 10.789914, 0.134817, 21.214998
72528, 0.059548, 11.648106, 0.116652, 22.818249
72529, 0.053317, 11.658902, 0.104625, 22.878487
72530, 0.194696, 14.148791, 0.382562, 27.801251
72531, 0.051274, 12.384557, 0.100660, 24.312827
72532, 0.059019, 13.283976, 0.115790, 26.062190
72533, 0.071097, 13.143775, 0.139439, 25.778359
72534, 0.025826, 10.398077, 0.050670, 20.401234
72535, 0.068180, 14.034878, 0.133689, 27.520036
72536, 0.043774, 9.985635, 0.085796, 19.571408
72537, 0.027528, 9.965189, 0.053971, 19.537648
72538, 0.021525, 6.888766, 0.042201, 13.506045
72539, 0.029787, 12.007727, 0.058355, 23.523677
72540, 0.068127, 11.863103, 0.133501, 23.246956
72541, 0.033295, 11.442215, 0.065229, 22.416573
72542, 0.040716, 10.361136, 0.079779, 20.301400
72543, 0.044114, 15.813983, 0.086443, 30.988430
72544, 0.046900, 11.611903, 0.091841, 22.738715
72545, 0.065754, 13.204730, 0.128831, 25.871988
72546, 0.050703, 13.766694, 0.099323, 26.967656
72547, 0.016030, 5.560180, 0.031366, 10.879256
72548, 0.038854, 9.830336, 0.076124, 19.260091
72549, 0.033042, 12.049599, 0.064717, 23.600605
72550, 0.039460, 8.952068, 0.077276, 17.531314
72551, 0.033542, 8.793499, 0.065716, 17.228668
72552, 0.044317, 16.667767, 0.086791, 32.642594
72553, 0.044127, 12.446810, 0.086333, 24.351846
72554, 0.046036, 9.663862, 0.090054, 18.904309
72555, 0.041068, 14.067223, 0.080319, 27.512382
72556, 0.040125, 9.421805, 0.078404, 18.409925
72557, 0.071631, 14.405074, 0.139973, 28.148707
72558, 0.021600, 7.366457, 0.042209, 14.395117
72559, 0.023489, 8.608087, 0.045863, 16.807298
72560, 0.027933, 10.192305, 0.054508, 19.889427
72561, 0.042402, 11.644151, 0.082818, 22.742956
72562, 0.046862, 10.480721, 0.091464, 20.455964
72563, 0.048099, 12.316182, 0.093772, 24.011199
72564, 0.045372, 10.369604, 0.088424, 20.208705
72565, 0.067580, 12.871613, 0.131612, 25.067530
72566, 0.041494, 12.188267, 0.080912, 23.766421
72567, 0.022385, 10.696671, 0.043627, 20.847023
72568, 0.061628, 13.892624, 0.120057, 27.064305
72569, 0.065462, 10.905301, 0.127430, 21.228579
72570, 0.032691, 11.075652, 0.063746, 21.596886
72571, 0.033877, 9.543068, 0.065983, 18.587429
72572, 0.058117, 10.791368, 0.112823, 20.949429
72573, 0.045903, 10.180690, 0.089354, 19.817486
72574, 0.042136, 7.454893, 0.081941, 14.497498
72575, 0.046559, 11.308449, 0.090801, 22.054275
72576, 0.060040, 11.170835, 0.116995, 21.767892
72577, 0.032089, 12.495490, 0.062475, 24.327594
72578, 0.224577, 12.619439, 0.437115, 24.562368
72579, 0.062344, 17.302824, 0.121091, 33.607543
72580, 0.040896, 10.211440, 0.079309, 19.803070
72581, 0.046579, 12.094787, 0.090280, 23.442135
72582, 0.037362, 12.487603, 0.072386, 24.193523
72583, 0.016889, 8.542453, 0.032708, 16.543668
72584, 0.035775, 10.376495, 0.069278, 20.094325
72585, 0.027437, 7.780969, 0.053099, 15.058424
72586, 0.013770, 7.882467, 0.026668, 15.266391
72587, 0.048484, 11.131810, 0.093895, 21.558032
72588, 0.043094, 12.003298, 0.083405, 23.231187
72589, 0.018433, 9.024595, 0.035653, 17.454873
72590, 0.045062, 9.404573, 0.087143, 18.187171
72591, 0.034946, 7.940051, 0.067538, 15.345249
72592, 0.025969, 8.139971, 0.050154, 15.720845
72593, 0.025290, 9.142468, 0.048857, 17.662226
72594, 0.021557, 10.758793, 0.041649, 20.786388
72595, 0.042403, 10.118516, 0.081864, 19.534952
72596, 0.047508, 9.963087, 0.091719, 19.234729
72597, 0.031337, 11.266332, 0.060444, 21.730811
72598, 0.032036, 12.506043, 0.061752, 24.106215
72599, 0.044983, 8.883971, 0.086722, 17.127280
72600, 0.035292, 13.247532, 0.067931, 25.499444
72601, 0.071655, 10.439677, 0.137904, 20.091864
72602, 0.027364, 8.943625, 0.052674, 17.216141
72603, 0.029587, 8.741989, 0.056925, 16.819531
72604, 0.053939, 10.756172, 0.103803, 20.699678
72605, 0.015678, 7.330698, 0.030180, 14.111795
72606, 0.076502, 14.310801, 0.146981, 27.495097
72607, 0.045814, 12.158437, 0.088041, 23.365054
72608, 0.038984, 12.213449, 0.074897, 23.464580
72609, 0.055259, 11.895288, 0.106167, 22.853981
72610, 0.031623, 11.665810, 0.060752, 22.411389
72611, 0.025943, 10.228809, 0.049781, 19.627308
72612, 0.066311, 12.247385, 0.127219, 23.496993
72613, 0.040308, 10.028160, 0.077238, 19.215971
72614, 0.047533, 11.488781, 0.091152, 22.031323
72615, 0.051732, 10.220187, 0.099177, 19.593288
72616, 0.070175, 16.366154, 0.134551, 31.379859
72617, 0.029873, 10.447640, 0.057169, 19.994049
72618, 0.031229, 9.913116, 0.059788, 18.978728
72619, 0.031033, 11.217160, 0.059430, 21.481551
72620, 0.050295, 16.317610, 0.096396, 31.274527
72621, 0.056676, 17.002449, 0.108492, 32.546786
72622, 0.035709, 11.471700, 0.068326, 21.950434
72623, 0.095629, 16.441717, 0.182806, 31.430314
72624, 0.038765, 8.134248, 0.074197, 15.569208
72625, 0.022759, 11.194168, 0.043590, 21.440083
72626, 0.034934, 10.161894, 0.066829, 19.440017
72627, 0.179830, 15.232911, 0.343563, 29.102286
72628, 0.041949, 11.241266, 0.080155, 21.479570
72629, 0.063880, 15.684020, 0.121957, 29.943467
72630, 0.017754, 8.440174, 0.033876, 16.104787
72631, 0.069613, 14.253420, 0.132800, 27.190925
72632, 0.053239, 9.651190, 0.101434, 18.388054
72633, 0.019120, 11.704673, 0.036439, 22.307053
72634, 0.083384, 17.691154, 0.158742, 33.679533
72635, 0.041583, 12.953194, 0.079123, 24.647041
72636, 0.098305, 15.558375, 0.187067, 29.606324
72637, 0.044577, 12.859568, 0.084828, 24.470962
72638, 0.034112, 9.941284, 0.064891, 18.910928
72639, 0.059524, 12.256829, 0.113227, 23.315193
72640, 0.035912, 11.617890, 0.068293, 22.093285
72641, 0.042126, 12.408968, 0.080029, 23.574245
72642, 0.052669, 14.766177, 0.100141, 28.075227
72643, 0.045975, 15.783170, 0.087327, 29.979099
72644, 0.064890, 16.314684, 0.123161, 30.964930
72645, 0.073916, 15.196895, 0.140261, 28.837253
72646, 0.052614, 19.094543, 0.099883, 36.249601
72647, 0.065074, 17.723997, 0.123554, 33.651706
72648, 0.080564, 9.560965, 0.152806, 18.134300
