data/raw/Flight10/SP2_Polar6_20150421_R2_L1.ict
38, 1001
Herber, Andreas; Schulz, Hannes
Alfred Wegener Institute (AWI), Bremerhaven, Germany
rBC mass concentration from SP2 (single particle soot photometer), combined high and low gain channel, size range 75 to 700 nm
NETCARE Polar 6 Campaign 2015
1, 1
2015,04,21, 2017, 09, 07
1
Time_UTC, seconds
4
1, 1, 1, 1, 1
-9999, -9999, -9999, -9999, -9999
BC_mass_concVOL, ug/m3
BC_numb_concVOL, 1/vccm
BC_mass_concSTP, ug/m3STP
BC_numb_concSTP, 1/sccm
0
20
PI_CONTACT_INFO: Address: AWI, Am Handelshafen 12, D-27570 Bremerhaven, email: andreas.herber@awi.de; hannes.schulz@awi.de
PLATFORM: Polar 6
LOCATION: GPS location and altitude available at 1 Hz resolution in separate file
ASSOCIATED_DATA: N/A
INSTRUMENT_INFO: Refractory black carbon aerosol measurements based on laser induced incandescence
DATA_INFO: Units are ug/m3 (volumetric) or ug/m3 STP (NIST standard NTP 20C, 1013.25 hPa; corrected with chamber temperature and pressure)
UNCERTAINTY: +/- 10%, typical intra-model variability of SP2 derived BC mass concentration [Laborde et al., 2012]
ULOD_FLAG: -7777
ULOD_VALUE: N/A
LLOD_FLAG: not masked
LLOD_VALUE: zero ug/m3 (e.g. no particle or particles <0.3 fg per single particle detection)
DM_CONTACT_INFO: Hannes Schulz, see above
PROJECT_INFO: NETCARE Polar 6 aircraft campaign in April 2015
STIPULATIONS_ON_USE: Preliminary data! Use of these data requires prior approval from PI
OTHER_COMMENTS: N/A
REVISION: R2
R2: Preliminary data; calibration: Fullerene Soot, DLR lab 2015/01/20; bad data and zero filter masked as -9999
R1: Preliminary data, updated header information, corrected mass concentration
R0: Preliminary data, initial release
Time_UTC, BC_mass_concVOL, BC_numb_concVOL, BC_mass_concSTP, BC_numb_concSTP
[from data line 14574]
72650, 0.067521, 13.929202, 0.128002, 26.406107
72651, 0.056265, 16.897465, 0.106641, 32.026078
72652, 0.054284, 14.122345, 0.102820, 26.749305
72653, 0.065578, 15.633787, 0.124113, 29.588451
72654, 0.055184, 11.830802, 0.104381, 22.378293
72655, 0.059520, 16.233732, 0.112463, 30.673779
72656, 0.067674, 14.502556, 0.128010, 27.432612
72657, 0.028037, 9.344522, 0.052974, 17.656098
72658, 0.056162, 15.644302, 0.106032, 29.536077
72659, 0.046971, 11.210795, 0.088670, 21.163283
72660, 0.040940, 11.148921, 0.077272, 21.043018
72661, 0.070367, 14.107248, 0.132784, 26.620744
72662, 0.086283, 14.966384, 0.162870, 28.250905
72663, 0.064465, 11.249488, 0.121613, 21.222100
72664, 0.047562, 15.264247, 0.089639, 28.767940
72665, 0.043672, 12.817892, 0.082280, 24.149700
72666, 0.073878, 15.471177, 0.139092, 29.128240
72667, 0.031597, 10.480261, 0.059455, 19.720054
72668, 0.051420, 16.766634, 0.096777, 31.556148
72669, 0.083180, 12.528898, 0.156567, 23.582821
72670, 0.058373, 14.850775, 0.109809, 27.936976
72671, 0.046922, 16.898396, 0.088160, 31.749907
72672, 0.055357, 13.551673, 0.104071, 25.477333
72673, 0.036154, 11.569529, 0.067870, 21.719146
72674, 0.055563, 14.724137, 0.104333, 27.648234
72675, 0.083063, 19.545610, 0.155891, 36.682937
72676, 0.055270, 10.481493, 0.103709, 19.667421
72677, 0.041842, 9.970555, 0.078470, 18.698892
72678, 0.088256, 21.211903, 0.165367, 39.745269
72679, 0.030210, 15.441248, 0.056549, 28.904065
72680, 0.056328, 15.823958, 0.105430, 29.617743
72681, 0.086312, 22.133152, 0.161548, 41.426090
72682, 0.092978, 22.824696, 0.173984, 42.710574
72683, 0.081154, 13.640668, 0.151830, 25.520251
72684, 0.062742, 16.879133, 0.117168, 31.521161
72685, 0.066930, 15.653446, 0.125003, 29.235303
72686, 0.112296, 17.096159, 0.209694, 31.924179
72687, 0.057380, 14.819539, 0.107098, 27.660214
72688, 0.053477, 15.149097, 0.099859, 28.288077
72689, 0.087567, 20.639864, 0.163374, 38.507955
72690, 0.042837, 14.390841, 0.079956, 26.860979
72691, 0.058681, 17.293730, 0.109457, 32.257618
72692, 0.067435, 18.966799, 0.125765, 35.372605
72693, 0.057205, 18.133755, 0.106602, 33.792400
72694, 0.080506, 17.904022, 0.149954, 33.348830
72695, 0.063542, 19.739563, 0.118175, 36.711606
72696, 0.071466, 17.043537, 0.132938, 31.703431
72697, 0.092973, 16.449780, 0.172712, 30.557946
72698, 0.073372, 19.527779, 0.136257, 36.264462
72699, 0.181513, 20.092392, 0.337477, 37.356638
72700, 0.082618, 22.800497, 0.153393, 42.332411
72701, 0.083624, 17.854393, 0.155170, 33.130051
72702, 0.131655, 28.032824, 0.244234, 52.003799
72703, 0.051459, 17.372477, 0.095406, 32.209072
72704, 0.086999, 24.988327, 0.161262, 46.318495
72705, 0.235643, 20.910891, 0.436373, 38.723600
72706, 0.140172, 22.619934, 0.259947, 41.948336
72707, 0.097386, 21.891634, 0.180281, 40.525732
72708, 0.106215, 22.966196, 0.196690, 42.529160
72709, 0.092082, 27.306614, 0.170435, 50.542288
72710, 0.086878, 22.947636, 0.160696, 42.445431
72711, 0.116017, 21.873287, 0.214553, 40.450766
72712, 0.081595, 20.103533, 0.150990, 37.201399
72713, 0.097697, 22.298283, 0.180660, 41.233839
72714, 0.086594, 23.309031, 0.160120, 43.100428
72715, 0.059064, 20.317875, 0.109240, 37.578250
72716, 0.090535, 22.284706, 0.167384, 41.200699
72717, 0.078966, 16.949137, 0.145819, 31.298329
72718, 0.087737, 23.080324, 0.162058, 42.631537
72719, 0.075738, 23.319313, 0.139940, 43.086843
72720, 0.078439, 22.650967, 0.144465, 41.717389
72721, 0.064620, 17.603313, 0.119294, 32.497030
72722, 0.070446, 18.584890, 0.130046, 34.308746
72723, 0.070390, 20.287369, 0.129901, 37.439252
72724, 0.090118, 26.711395, 0.166296, 49.290944
72725, 0.143701, 20.609167, 0.265054, 38.013354
72726, 0.071655, 21.865534, 0.132073, 40.302137
72727, 0.076485, 22.548962, 0.140953, 41.555143
72728, 0.079998, 15.497706, 0.147517, 28.577933
72729, 0.046940, 15.855753, 0.086565, 29.240799
72730, 0.076940, 18.197880, 0.141808, 33.540397
72731, 0.065049, 17.810890, 0.119888, 32.826088
72732, 0.070320, 18.274260, 0.129492, 33.651532
72733, 0.106391, 24.324699, 0.196001, 44.812616
72734, 0.053885, 13.404187, 0.099245, 24.687980
72735, 0.089664, 25.181986, 0.164976, 46.333248
72736, 0.079586, 19.430244, 0.146452, 35.755009
72737, 0.054343, 15.969042, 0.100006, 29.387375
72738, 0.080269, 20.848923, 0.147694, 38.361598
72739, 0.079812, 19.157972, 0.146830, 35.244912
72740, 0.024205, 9.130206, 0.044541, 16.800760
72741, 0.067636, 17.348616, 0.124434, 31.917322
72742, 0.118716, 19.789349, 0.218245, 36.380243
72743, 0.049091, 13.097487, 0.090251, 24.078907
72744, 0.085130, 25.136002, 0.156495, 46.207937
72745, 0.131186, 19.813318, 0.241194, 36.428130
72746, 0.061829, 14.036808, 0.113609, 25.792215
72747, 0.044455, 16.499708, 0.081649, 30.304286
72748, 0.074409, 14.837944, 0.136782, 27.275550
72749, 0.159671, 11.799400, 0.292920, 21.646249
72750, 0.171730, 18.404667, 0.315724, 33.836702
72751, 0.081233, 22.243494, 0.149224, 40.861251
72752, 0.097918, 16.495678, 0.179786, 30.287496
72753, 0.057393, 13.320479, 0.105328, 24.445615
72754, 0.089322, 15.121178, 0.163948, 27.754304
72755, 0.120224, 14.143428, 0.220711, 25.964868
72756, 0.040779, 15.053613, 0.074785, 27.607065
72757, 0.057658, 17.156528, 0.105728, 31.460153
72758, 0.037042, 12.807443, 0.067867, 23.465316
72759, 0.085596, 20.426823, 0.157002, 37.467070
72760, 0.043447, 13.969206, 0.079627, 25.601686
72761, 0.074505, 17.832134, 0.136576, 32.688375
72762, 0.072106, 14.813462, 0.132184, 27.155809
72763, 0.033664, 11.716104, 0.061578, 21.431268
72764, 0.134397, 12.352524, 0.245822, 22.593690
72765, 0.061807, 9.601692, 0.112963, 17.548641
72766, 0.098368, 15.517879, 0.179486, 28.314602
72767, 0.053452, 15.169444, 0.097544, 27.682577
72768, 0.011324, 8.538763, 0.020661, 15.579252
72769, 0.051257, 14.060596, 0.093401, 25.621468
72770, 0.064085, 13.172563, 0.116760, 23.999792
72771, 0.036422, 10.432157, 0.066306, 18.991784
72772, 0.103535, 16.076345, 0.188550, 29.277092
72773, 0.026257, 13.062756, 0.047776, 23.768450
72774, 0.028423, 11.384748, 0.051700, 20.708438
72775, 0.033795, 14.393159, 0.061473, 26.181513
72776, 0.038341, 12.704874, 0.069698, 23.095640
72777, 0.042731, 10.264886, 0.077679, 18.660281
72778, 0.018375, 8.701724, 0.033387, 15.810759
72779, 0.040483, 12.816463, 0.073563, 23.289142
72780, 0.024823, 10.702719, 0.045157, 19.469555
72781, 0.234090, 10.438026, 0.425416, 18.969210
72782, 0.047227, 11.952503, 0.085742, 21.700176
72783, 0.051224, 13.876381, 0.093012, 25.196539
72784, 0.093605, 9.397352, 0.169715, 17.038288
72785, 0.047942, 11.343087, 0.086911, 20.562933
72786, 0.019487, 10.410018, 0.035328, 18.872707
72787, 0.029343, 9.025184, 0.053185, 16.358666
72788, 0.048497, 17.033009, 0.087800, 30.836874
72789, 0.038749, 14.233379, 0.070138, 25.762991
72790, 0.044524, 11.111221, 0.080586, 20.110697
72791, 0.016976, 10.862729, 0.030722, 19.658145
72792, 0.056376, 12.331101, 0.101919, 22.292752
72793, 0.038687, 13.479650, 0.069902, 24.355782
72794, 0.033673, 10.463046, 0.060830, 18.901086
72795, 0.025514, 7.897021, 0.046048, 14.252488
72796, 0.031581, 11.425570, 0.056955, 20.605493
72797, 0.058639, 10.086012, 0.105773, 18.193136
72798, 0.024889, 12.791880, 0.044897, 23.075418
72799, 0.043432, 10.701119, 0.078317, 19.296599
72800, 0.064708, 14.219389, 0.116701, 25.644625
72801, 0.038816, 13.937768, 0.069979, 25.127634
72802, 0.057301, 14.575044, 0.103366, 26.291821
72803, 0.052752, 15.714848, 0.095157, 28.347234
72804, 0.033259, 12.154023, 0.059971, 21.915261
72805, 0.077467, 14.537511, 0.139553, 26.188737
72806, 0.103211, 20.889767, 0.185952, 37.636325
72807, 0.062790, 17.974854, 0.113069, 32.368027
72808, 0.068451, 17.588266, 0.123186, 31.652065
72809, 0.084468, 20.865698, 0.152034, 37.556067
72810, 0.081596, 18.874920, 0.146727, 33.941077
72811, 0.054326, 14.493940, 0.097732, 26.074680
72812, 0.089481, 23.660570, 0.160853, 42.532807
72813, 0.109157, 26.999422, 0.196890, 48.699876
72814, 0.059064, 14.057230, 0.106490, 25.344328
72815, 0.071314, 21.360891, 0.128552, 38.505623
72816, 0.071842, 23.932306, 0.129494, 43.137410
72817, 0.065045, 22.526978, 0.117227, 40.598924
72818, 0.089747, 22.979506, 0.161364, 41.317050
72819, 0.073203, 23.882858, 0.131533, 42.913242
72820, 0.078079, 25.426100, 0.140235, 45.666922
72821, 0.054912, 21.023094, 0.098583, 37.742585
72822, 0.061221, 16.277878, 0.109903, 29.221634
72823, 0.108333, 20.132833, 0.194303, 36.109832
72824, 0.095667, 19.523697, 0.171667, 35.033666
72825, 0.086523, 22.090984, 0.155051, 39.587522
72826, 0.060182, 15.626218, 0.107924, 28.022307
72827, 0.266427, 21.781223, 0.477063, 39.001354
72828, 0.068113, 18.887850, 0.122044, 33.843225
72829, 0.102913, 26.022942, 0.184226, 46.584225
72830, 0.101738, 19.327366, 0.182059, 34.586026
72831, 0.076744, 20.741964, 0.137267, 37.099999
72832, 0.076579, 19.840908, 0.136964, 35.486158
72833, 0.071568, 15.751698, 0.127890, 28.147620
72834, 0.049427, 12.400419, 0.088286, 22.149425
72835, 0.072974, 22.201557, 0.130400, 39.672709
72836, 0.036544, 16.806557, 0.065304, 30.033321
72837, 0.028159, 15.972532, 0.050271, 28.515163
72838, 0.050875, 15.307017, 0.090785, 27.315031
72839, 0.096724, 18.661316, 0.172602, 33.300702
72840, 0.020306, 9.364288, 0.036244, 16.714547
72841, 0.074218, 22.566801, 0.132541, 40.300749
72842, 0.069475, 17.204430, 0.123954, 30.695417
72843, 0.050100, 14.775500, 0.089320, 26.342369
72844, 0.061428, 21.046988, 0.109603, 37.553435
72845, 0.070821, 13.535145, 0.126237, 24.126366
72846, 0.057184, 14.805658, 0.101893, 26.381257
72847, 0.065704, 18.757771, 0.117169, 33.450380
72848, 0.038654, 16.527081, 0.068910, 29.463674
72849, 0.078809, 20.337631, 0.140398, 36.231540
72850, 0.038770, 14.219981, 0.069085, 25.338609
72851, 0.049115, 14.131063, 0.087458, 25.162801
72852, 0.067270, 14.572673, 0.119665, 25.922803
72853, 0.047184, 14.104850, 0.083889, 25.076910
72854, 0.064071, 17.198030, 0.113734, 30.528741
72855, 0.211974, 18.731546, 0.375938, 33.220487
72856, 0.064961, 11.881737, 0.115209, 21.072603
72857, 0.080782, 16.946692, 0.143180, 30.036874
72858, 0.046351, 13.237197, 0.082082, 23.441438
72859, 0.074245, 11.619244, 0.131577, 20.591681
72860, 0.066376, 15.758346, 0.117545, 27.906459
72861, 0.049913, 14.546230, 0.088342, 25.745856
72862, 0.054545, 21.104740, 0.096600, 37.377046
72863, 0.023493, 11.788155, 0.041554, 20.850886
72864, 0.060303, 16.357365, 0.106775, 28.963085
72865, 0.087943, 18.315956, 0.155565, 32.399680
72866, 0.062833, 18.060928, 0.111131, 31.943894
72867, 0.055985, 16.509872, 0.099085, 29.219986
72868, 0.051439, 18.294249, 0.090893, 32.326281
72869, 0.074870, 19.192987, 0.132159, 33.879218
72870, -9999.000000, -9999.000000, -9999.000000, -9999.000000
72871, -9999.000000, -9999.000000, -9999.000000, -9999.000000
72872, -9999.000000, -9999.000000, -9999.000000, -9999.000000
72873, -9999.000000, -9999.000000, -9999.000000, -9999.000000
72874, -9999.000000, -9999.000000, -9999.000000, -9999.000000
72875, -9999.000000, -9999.000000, -9999.000000, -9999.000000
72876, -9999.000000, -9999.000000, -9999.000000, -9999.000000
72877, -9999.000000, -9999.000000, -9999.000000, -9999.000000
72878, -9999.000000, -9999.000000, -9999.000000, -9999.000000
72879, -9999.000000, -9999.000000, -9999.000000, -9999.000000
72880, -9999.000000, -9999.000000, -9999.000000, -9999.000000
72881, -9999.000000, -9999.000000, -9999.000000, -9999.000000
72882, -9999.000000, -9999.000000, -9999.000000, -9999.000000
72883, -9999.000000, -9999.000000, -9999.000000, -9999.000000
72884, -9999.000000, -9999.000000, -9999.000000, -9999.000000
72885, -9999.000000, -9999.000000, -9999.000000, -9999.000000
72886, -9999.000000, -9999.000000, -9999.000000, -9999.000000
72887, -9999.000000, -9999.000000, -9999.000000, -9999.000000
72888, -9999.000000, -9999.000000, -9999.000000, -9999.000000
72889, -9999.000000, -9999.000000, -9999.000000, -9999.000000
72890, -9999.000000, -9999.000000, -9999.000000, -9999.000000
72891, -9999.000000, -9999.000000, -9999.000000, -9999.000000
72892, -9999.000000, -9999.000000, -9999.000000, -9999.000000
72893, -9999.000000, -9999.000000, -9999.000000, -9999.000000
72894, -9999.000000, -9999.000000, -9999.000000, -9999.000000
72895, -9999.000000, -9999.000000, -9999.000000, -9999.000000
72896, -9999.000000, -9999.000000, -9999.000000, -9999.000000
72897, -9999.000000, -9999.000000, -9999.000000, -9999.000000
72898, -9999.000000, -9999.000000, -9999.000000, -9999.000000
72899, -9999.000000, -9999.000000, -9999.000000, -9999.000000
72900, -9999.000000, -9999.000000, -9999.000000, -9999.000000
72901, -9999.000000, -9999.000000, -9999.000000, -9999.000000
72902, -9999.000000, -9999.000000, -9999.000000, -9999.000000
72903, -9999.000000, -9999.000000, -9999.000000, -9999.000000
72904, -9999.000000, -9999.000000, -9999.000000, -9999.000000
72905, -9999.000000, -9999.000000, -9999.000000, -9999.000000
72906, -9999.000000, -9999.000000, -9999.000000, -9999.000000
72907, -9999.000000, -9999.000000, -9999.000000, -9999.000000
72908, -9999.000000, -9999.000000, -9999.000000, -9999.000000
72909, -9999.000000, -9999.000000, -9999.000000, -9999.000000
72910, -9999.000000, -9999.000000, -9999.000000, -9999.000000
72911, -9999.000000, -9999.000000, -9999.000000, -9999.000000
72912, -9999.000000, -9999.000000, -9999.000000, -9999.000000
72913, -9999.000000, -9999.000000, -9999.000000, -9999.000000
72914, -9999.000000, -9999.000000, -9999.000000, -9999.000000
72915, -9999.000000, -9999.000000, -9999.000000, -9999.000000
72916, -9999.000000, -9999.000000, -9999.000000, -9999.000000
72917, -9999.000000, -9999.000000, -9999.000000, -9999.000000
72918, -9999.000000, -9999.000000, -9999.000000, -9999.000000
72919, -9999.000000, -9999.000000, -9999.000000, -9999.000000
72920, -9999.000000, -9999.000000, -9999.000000, -9999.000000
72921, -9999.000000, -9999.000000, -9999.000000, -9999.000000
72922, -9999.000000, -9999.000000, -9999.000000, -9999.000000
72923, -9999.000000, -9999.000000, -9999.000000, -9999.000000
72924, -9999.000000, -9999.000000, -9999.000000, -9999.000000
72925, -9999.000000, -9999.000000, -9999.000000, -9999.000000
72926, -9999.000000, -9999.000000, -9999.000000, -9999.000000
72927, -9999.000000, -9999.000000, -9999.000000, -9999.000000
72928, -9999.000000, -9999.000000, -9999.000000, -9999.000000
72929, -9999.000000, -9999.000000, -9999.000000, -9999.000000
72930, -9999.000000, -9999.000000, -9999.000000, -9999.000000
72931, -9999.000000, -9999.000000, -9999.000000, -9999.000000
72932, -9999.000000, -9999.000000, -9999.000000, -9999.000000
72933, -9999.000000, -9999.000000, -9999.000000, -9999.000000
72934, -9999.000000, -9999.000000, -9999.000000, -9999.000000
72935, -9999.000000, -9999.000000, -9999.000000, -9999.000000
72936, -9999.000000, -9999.000000, -9999.000000, -9999.000000
72937, -9999.000000, -9999.000000, -9999.000000, -9999.000000
72938, -9999.000000, -9999.000000, -9999.000000, -9999.000000
72939, -9999.000000, -9999.000000, -9999.000000, -9999.000000
72940, -9999.000000, -9999.000000, -9999.000000, -9999.000000
72941, -9999.000000, -9999.000000, -9999.000000, -9999.000000
72942, -9999.000000, -9999.000000, -9999.000000, -9999.000000
72943, -9999.000000, -9999.000000, -9999.000000, -9999.000000
72944, -9999.000000, -9999.000000, -9999.000000, -9999.000000
72945, -9999.000000, -9999.000000, -9999.000000, -9999.000000
72946, -9999.000000, -9999.000000, -9999.000000, -9999.000000
72947, -9999.000000, -9999.000000, -9999.000000, -9999.000000
72948, -9999.000000, -9999.000000, -9999.000000, -9999.000000
72949, -9999.000000, -9999.000000, -9999.000000, -9999.000000
72950, -9999.000000, -9999.000000, -9999.000000, -9999.000000
72951, -9999.000000, -9999.000000, -9999.000000, -9999.000000
72952, -9999.000000, -9999.000000, -9999.000000, -9999.000000
72953, -9999.000000, -9999.000000, -9999.000000, -9999.000000
72954, -9999.000000, -9999.000000, -9999.000000, -9999.000000
72955, -9999.000000, -9999.000000, -9999.000000, -9999.000000
72956, -9999.000000, -9999.000000, -9999.000000, -9999.000000
