data/raw/Flight10/SP2_Polar6_20150421_R2_L1.ict
38, 1001
Herber, Andreas; Schulz, Hannes
Alfred Wegener Institute (AWI), Bremerhaven, Germany
rBC mass concentration from SP2 (single particle soot photometer), combined high and low gain channel, size range 75 to 700 nm
NETCARE Polar 6 Campaign 2015
1, 1
2015,04,21, 2017, 09, 07
1
Time_UTC, seconds
4
1, 1, 1, 1, 1
-9999, -9999, -9999, -9999, -9999
BC_mass_concVOL, ug/m3
BC_numb_concVOL, 1/vccm
BC_mass_concSTP, ug/m3STP
BC_numb_concSTP, 1/sccm
0
20
PI_CONTACT_INFO: Address: AWI, Am Handelshafen 12, D-27570 Bremerhaven, email: andreas.herber@awi.de; hannes.schulz@awi.de
PLATFORM: Polar 6
LOCATION: GPS location and altitude available at 1 Hz resolution in separate file
ASSOCIATED_DATA: N/A
INSTRUMENT_INFO: Refractory black carbon aerosol measurements based on laser induced incandescence
DATA_INFO: Units are ug/m3 (volumetric) or ug/m3 STP (NIST standard NTP 20C, 1013.25 hPa; corrected with chamber temperature and pressure)
UNCERTAINTY: +/- 10%, typical intra-model variability of SP2 derived BC mass concentration [Laborde et al., 2012]
ULOD_FLAG: -7777
ULOD_VALUE: N/A
LLOD_FLAG: not masked
LLOD_VALUE: zero ug/m3 (e.g. no particle or particles <0.3 fg per single particle detection)
DM_CONTACT_INFO: Hannes Schulz, see above
PROJECT_INFO: NETCARE Polar 6 aircraft campaign in April 2015
STIPULATIONS_ON_USE: Preliminary data! Use of these data requires prior approval from PI
OTHER_COMMENTS: N/A
REVISION: R2
R2: Preliminary data; calibration: Fullerene Soot, DLR lab 2015/01/20; bad data and zero filter masked as -9999
R1: Preliminary data, updated header information, corrected mass concentration
R0: Preliminary data, initial release
Time_UTC, BC_mass_concVOL, BC_numb_concVOL, BC_mass_concSTP, BC_numb_concSTP
[from data line 12890]
70966, 0.077698, 19.870625, 0.121855, 31.163462
70967, 0.136147, 24.219242, 0.213453, 37.971273
70968, 0.081849, 21.823473, 0.128367, 34.226497
70969, 0.063488, 19.966305, 0.099562, 31.311462
70970, 0.115507, 21.764208, 0.181161, 34.135170
70971, 0.078921, 19.989227, 0.123897, 31.380818
70972, 0.096904, 14.910383, 0.152135, 23.408529
70973, 0.052424, 10.226307, 0.082330, 16.060154
70974, 0.023758, 6.665441, 0.037326, 10.471998
70975, 0.025172, 6.059533, 0.039548, 9.520193
70976, 0.022027, 9.015971, 0.034602, 14.163139
70977, 0.008491, 5.740247, 0.013339, 9.017414
70978, 0.019478, 7.923279, 0.030616, 12.454163
70979, 0.039707, 8.481364, 0.062441, 13.337378
70980, 0.024563, 10.034374, 0.038607, 15.771596
70981, 0.071072, 10.992134, 0.111665, 17.270261
70982, 0.008056, 4.645119, 0.012659, 7.299574
70983, 0.009798, 5.630551, 0.015395, 8.847128
70984, 0.016270, 6.471831, 0.025563, 10.168303
70985, 0.019780, 5.099698, 0.031066, 8.009652
70986, 0.021630, 7.575759, 0.033972, 11.898118
70987, 0.020866, 5.462489, 0.032778, 8.580702
70988, 0.021491, 4.021593, 0.033763, 6.317948
70989, 0.023250, 6.486676, 0.036568, 10.202219
70990, 0.017558, 7.056644, 0.027592, 11.089601
70991, 0.064364, 4.892285, 0.101238, 7.695050
70992, 0.021351, 4.510938, 0.033596, 7.098252
70993, 0.059717, 8.050866, 0.093971, 12.668814
70994, 0.032653, 8.989706, 0.051407, 14.152894
70995, 0.015469, 7.888799, 0.024370, 12.427915
70996, 0.046918, 8.086421, 0.073898, 12.736496
70997, 0.019695, 8.567276, 0.031020, 13.493546
70998, 0.023940, 7.040748, 0.037724, 11.094748
70999, 0.011635, 3.992643, 0.018331, 6.290173
71000, 0.023489, 10.247825, 0.037003, 16.143387
71001, 0.036990, 6.585339, 0.058160, 10.354148
71002, 0.064902, 7.489082, 0.102201, 11.793136
71003, 0.015616, 6.748389, 0.024610, 10.635010
71004, 0.021428, 7.726451, 0.033730, 12.162135
71005, 0.026350, 7.369184, 0.041504, 11.607264
71006, 0.022110, 5.919566, 0.034818, 9.321918
71007, 0.024131, 7.701189, 0.037958, 12.113673
71008, 0.027624, 5.847245, 0.043470, 9.201407
71009, 0.040108, 10.148085, 0.063128, 15.972650
71010, 0.007439, 5.910762, 0.011701, 9.297259
71011, 0.026581, 4.971305, 0.041868, 7.830186
71012, 0.133464, 7.005465, 0.210289, 11.038005
71013, 0.032021, 9.281112, 0.050501, 14.637519
71014, 0.023672, 9.311074, 0.037333, 14.684774
71015, 0.030878, 7.276502, 0.048701, 11.476581
71016, 0.056031, 14.691057, 0.089620, 23.497744
71017, 0.010998, 4.902083, 0.017616, 7.851919
71018, 0.223335, 9.317287, 0.358022, 14.936298
71019, 0.167492, 5.681970, 0.268194, 9.098135
71020, 0.035167, 11.878123, 0.056346, 19.031576
71021, 0.012604, 6.790719, 0.020187, 10.876049
71022, 0.033360, 11.463229, 0.053436, 18.361695
71023, 0.049541, 11.875940, 0.079336, 19.018500
71024, 0.043890, 11.523087, 0.070235, 18.439744
71025, 0.050401, 19.488661, 0.080629, 31.177148
71026, 0.116616, 20.660278, 0.186565, 33.052593
71027, 0.085684, 21.109837, 0.137133, 33.785161
71028, 0.089083, 18.072714, 0.142704, 28.951063
71029, 0.059171, 17.753525, 0.094719, 28.419173
71030, 0.050246, 14.887581, 0.080489, 23.848488
71031, 0.019662, 12.542680, 0.031509, 20.099864
71032, 0.027279, 11.630741, 0.043707, 18.634974
71033, 0.049109, 12.842566, 0.078654, 20.568926
71034, 0.034614, 8.727368, 0.055448, 13.980414
71035, 0.029986, 12.799663, 0.048006, 20.491355
71036, 0.020730, 11.340872, 0.033208, 18.166998
71037, 0.029460, 8.819591, 0.047234, 14.140625
71038, 0.037137, 12.278053, 0.059489, 19.668006
71039, 0.026639, 7.185042, 0.042681, 11.512155
71040, 0.028311, 12.182118, 0.045396, 19.533419
71041, 0.217518, 15.187890, 0.348710, 24.348214
71042, 0.061170, 8.853838, 0.097979, 14.181504
71043, 0.135704, 6.774692, 0.217289, 10.847604
71044, 0.043447, 9.063741, 0.069583, 14.516028
71045, 0.017242, 7.590873, 0.027631, 12.164248
71046, 0.026191, 5.752137, 0.041939, 9.210825
71047, 0.026548, 11.512926, 0.042473, 18.419261
71048, 0.055326, 8.537018, 0.088608, 13.672594
71049, 0.024214, 9.731725, 0.038755, 15.575884
71050, 0.050981, 11.548507, 0.081499, 18.461573
71051, 0.025342, 10.139154, 0.040539, 16.219156
71052, 0.033947, 11.429892, 0.054315, 18.288103
71053, 0.031164, 9.080043, 0.049831, 14.518821
71054, 0.009775, 5.067983, 0.015624, 8.100328
71055, 0.020531, 8.702871, 0.032828, 13.915589
71056, 0.029463, 12.651210, 0.047131, 20.237494
71057, 0.024811, 8.671304, 0.039690, 13.871229
71058, 0.097506, 12.594762, 0.155972, 20.146719
71059, 0.011343, 7.815600, 0.018142, 12.500489
71060, 0.011936, 4.347626, 0.019107, 6.959387
71061, 0.020949, 9.056547, 0.033516, 14.489506
71062, 0.021972, 7.921131, 0.035136, 12.666944
71063, 0.016784, 7.826695, 0.026845, 12.518532
71064, 0.018099, 7.720404, 0.028984, 12.363760
71065, 0.065160, 12.974949, 0.104265, 20.761709
71066, 0.043344, 11.491917, 0.069338, 18.383905
71067, 0.025229, 9.746799, 0.040394, 15.605470
71068, 0.022469, 10.515914, 0.035986, 16.842155
71069, 0.052829, 12.269187, 0.084600, 19.647628
71070, 0.048562, 12.797572, 0.077681, 20.471136
71071, 0.041911, 9.615624, 0.067038, 15.380385
71072, 0.029939, 7.772879, 0.047931, 12.444040
71073, 0.031837, 9.308585, 0.050958, 14.899143
71074, 0.025631, 9.978076, 0.041029, 15.972570
71075, 0.028046, 9.088509, 0.044782, 14.511823
71076, 0.022128, 7.618148, 0.035424, 12.195488
71077, 0.036067, 10.138833, 0.057668, 16.211248
71078, 0.019768, 7.719532, 0.031624, 12.349179
71079, 0.030227, 9.720954, 0.048361, 15.553065
71080, 0.053754, 9.083012, 0.086089, 14.546880
71081, 0.020520, 7.329090, 0.032828, 11.724925
71082, 0.070255, 9.930516, 0.112355, 15.881467
71083, 0.030106, 8.788263, 0.048140, 14.052454
71084, 0.226185, 12.152016, 0.361943, 19.445773
71085, 0.019115, 9.865329, 0.030559, 15.771948
71086, 0.031725, 8.737836, 0.050750, 13.977671
71087, 0.021177, 8.026934, 0.033871, 12.838364
71088, 0.042517, 12.094456, 0.068041, 19.354992
71089, 0.016710, 5.705561, 0.026740, 9.130187
71090, 0.020360, 8.619727, 0.032559, 13.784093
71091, 0.010717, 5.359770, 0.017144, 8.573953
71092, 0.047823, 9.081407, 0.076555, 14.537400
71093, 0.015616, 5.175776, 0.025015, 8.291009
71094, 0.021989, 7.503078, 0.035223, 12.018922
71095, 0.023551, 7.555432, 0.037695, 12.093203
71096, 0.044263, 10.996881, 0.070852, 17.602830
71097, 0.058473, 10.431671, 0.093668, 16.710531
71098, 0.013392, 7.075354, 0.021446, 11.330482
71099, 0.022937, 7.677496, 0.036715, 12.288904
71100, 0.030166, 10.908537, 0.048276, 17.457557
71101, 0.024033, 8.932301, 0.038484, 14.303047
71102, 0.110177, 8.514784, 0.176399, 13.632548
71103, 0.047795, 8.202089, 0.076529, 13.133335
71104, 0.055137, 6.505176, 0.088191, 10.404836
71105, 0.027978, 11.138577, 0.044783, 17.829221
71106, 0.026380, 12.738659, 0.042205, 20.380767
71107, 0.051959, 8.566870, 0.083126, 13.705610
71108, 0.037898, 7.891621, 0.060472, 12.592399
71109, 0.010613, 6.252349, 0.016961, 9.991512
71110, 0.024593, 7.244055, 0.039303, 11.577229
71111, 0.030629, 10.397932, 0.048949, 16.617266
71112, 0.014550, 6.667483, 0.023254, 10.656131
71113, 0.011974, 3.855211, 0.019129, 6.159051
71114, 0.024098, 7.774028, 0.038523, 12.427683
71115, 0.011899, 9.079552, 0.019027, 14.518766
71116, 0.013204, 5.664211, 0.021102, 9.052165
71117, 0.038529, 6.408472, 0.061580, 10.242629
71118, 0.033939, 10.575295, 0.054239, 16.900561
71119, 0.014939, 9.370218, 0.023833, 14.949311
71120, 0.030298, 10.203897, 0.048374, 16.291843
71121, 0.018433, 7.654911, 0.029444, 12.227874
71122, 0.040868, 9.914214, 0.065316, 15.845134
71123, 0.026637, 10.978467, 0.042574, 17.546830
71124, 0.012420, 3.745377, 0.019860, 5.988947
71125, 0.026654, 5.282959, 0.042610, 8.445484
71126, 0.042478, 8.834098, 0.067944, 14.130022
71127, 0.008854, 5.719327, 0.014155, 9.143408
71128, 0.016598, 7.387562, 0.026429, 11.763271
71129, 0.013949, 6.192188, 0.022285, 9.892484
71130, 0.021988, 6.668199, 0.035122, 10.651461
71131, 0.026481, 9.643218, 0.042363, 15.426875
71132, 0.009779, 6.297838, 0.015632, 10.067447
71133, 0.012904, 5.066519, 0.020621, 8.096774
71134, 0.012317, 5.009072, 0.019707, 8.014740
71135, 0.054767, 6.969992, 0.087517, 11.137920
71136, 0.050063, 5.952130, 0.080107, 9.524100
71137, 0.036411, 4.771924, 0.058256, 7.634860
71138, 0.021140, 6.340986, 0.033786, 10.134179
71139, 0.010734, 6.802864, 0.017157, 10.874016
71140, 0.036282, 8.324399, 0.058024, 13.312591
71141, 0.001634, 1.505861, 0.002613, 2.407456
71142, 0.008308, 3.427605, 0.013287, 5.481399
71143, 0.025406, 9.084881, 0.040614, 14.523233
71144, 0.044827, 7.382065, 0.071727, 11.811914
71145, 0.013507, 5.031531, 0.021594, 8.043839
71146, 0.009486, 4.564617, 0.015170, 7.300273
71147, 0.006992, 4.501808, 0.011189, 7.204101
71148, 0.014735, 5.102580, 0.023581, 8.166166
71149, 0.020380, 6.657501, 0.032615, 10.654156
71150, 0.015516, 2.111738, 0.024531, 3.338698
71151, 0.031833, 6.990386, 0.050270, 11.038979
71152, 0.016746, 6.839822, 0.026365, 10.768616
71153, 0.017315, 5.313601, 0.027279, 8.371569
71154, 0.023315, 4.620331, 0.036730, 7.278731
71155, 0.006889, 3.346867, 0.010865, 5.278531
71156, 0.003202, 3.225162, 0.005051, 5.087429
71157, 0.004915, 3.325405, 0.007753, 5.245181
71158, 0.022405, 8.095722, 0.035303, 12.756209
71159, 0.015502, 5.259332, 0.024415, 8.283313
71160, 0.013135, 4.475241, 0.020699, 7.052663
71161, 0.018497, 5.640143, 0.029141, 8.885824
71162, 0.009462, 4.315135, 0.014904, 6.797069
71163, 0.042948, 6.436836, 0.067674, 10.142668
71164, 0.019325, 5.105882, 0.030408, 8.034379
71165, 0.041883, 5.875236, 0.065798, 9.229943
71166, 0.009767, 3.352098, 0.015370, 5.275205
71167, 0.009090, 4.010600, 0.014257, 6.290541
71168, 0.043848, 5.751798, 0.069058, 9.058628
71169, 0.007868, 5.569718, 0.012399, 8.776768
71170, 0.019027, 6.580748, 0.029961, 10.362399
71171, 0.025299, 4.694802, 0.039865, 7.397898
71172, 0.049610, 6.906363, 0.078150, 10.879467
71173, 0.045683, 11.212137, 0.071996, 17.670372
71174, 0.075193, 5.542150, 0.118486, 8.733175
71175, 0.049899, 9.963501, 0.078650, 15.704146
71176, 0.047482, 9.386966, 0.074892, 14.805831
71177, 0.031151, 6.926639, 0.049126, 10.923307
71178, 0.009773, 7.968622, 0.015407, 12.562333
71179, 0.015749, 6.666812, 0.024823, 10.507621
71180, 0.026742, 6.378216, 0.042167, 10.057198
71181, 0.031620, 9.209042, 0.049869, 14.523947
71182, 0.015248, 6.682733, 0.024052, 10.541213
71183, 0.045191, 8.715685, 0.071282, 13.747625
71184, 0.022744, 4.979257, 0.035856, 7.849861
71185, 0.023541, 9.084528, 0.037097, 14.315893
71186, 0.011469, 5.245412, 0.018089, 8.272871
71187, 0.016958, 7.402354, 0.026748, 11.676052
71188, 0.026996, 10.365583, 0.042605, 16.358895
71189, 0.017778, 6.493539, 0.028045, 10.243511
71190, 0.027964, 8.323985, 0.044076, 13.119816
71191, 0.026629, 6.845187, 0.041992, 10.794441
71192, 0.028128, 7.765442, 0.044392, 12.255495
71193, 0.012572, 6.754672, 0.019837, 10.657712
71194, 0.102489, 6.600240, 0.161754, 10.416808
71195, 0.019926, 11.319348, 0.031446, 17.863879
71196, 0.037635, 13.479490, 0.059375, 21.266186
71197, 0.029416, 10.019952, 0.046427, 15.814495
71198, 0.100752, 9.251582, 0.158990, 14.599271
71199, 0.022762, 10.102509, 0.035929, 15.946288
71200, 0.039223, 10.424737, 0.061813, 16.428753
71201, 0.028954, 10.689125, 0.045684, 16.865584
71202, 0.034955, 13.111015, 0.055110, 20.671051
71203, 0.046044, 11.929646, 0.072668, 18.827840
71204, 0.030317, 9.720489, 0.047868, 15.348037
71205, 0.062024, 11.579884, 0.097958, 18.288667
71206, 0.023135, 9.246375, 0.036501, 14.588203
71207, 0.182605, 11.351644, 0.288435, 17.930566
71208, 0.027288, 11.266208, 0.043087, 17.789051
71209, 0.061947, 12.162753, 0.097805, 19.203305
71210, 0.043207, 8.539050, 0.068179, 13.474235
71211, 0.025341, 9.962915, 0.039991, 15.722307
71212, 0.026213, 9.200407, 0.041380, 14.524170
71213, 0.057574, 11.086696, 0.090811, 17.487189
71214, 0.036009, 8.876874, 0.056830, 14.009424
71215, 0.024048, 10.904659, 0.037928, 17.198428
71216, 0.011062, 6.484336, 0.017409, 10.204418
71217, 0.022055, 8.961082, 0.034803, 14.140583
71218, 0.035389, 10.091771, 0.055833, 15.922023
71219, 0.021148, 9.430763, 0.033278, 14.839885
71220, 0.029732, 14.016250, 0.046904, 22.111057
71221, 0.021609, 9.177782, 0.034085, 14.476725
71222, 0.028230, 7.517642, 0.044505, 11.851375
71223, 0.080640, 12.985077, 0.127224, 20.486165
71224, 0.034787, 9.238039, 0.054865, 14.569767
71225, 0.026535, 11.162246, 0.041869, 17.612764
71226, 0.035093, 12.357425, 0.055373, 19.498622
71227, 0.231433, 17.512207, 0.365243, 27.637404
71228, 0.033301, 12.303882, 0.052515, 19.403021
71229, 0.053764, 11.654804, 0.084682, 18.357166
71230, 0.039666, 10.341223, 0.062588, 16.317138
71231, 0.037001, 8.951968, 0.058330, 14.112431
71232, 0.018581, 4.994987, 0.029294, 7.875044
71233, 0.039868, 11.719687, 0.062844, 18.473691
71234, 0.027244, 12.194171, 0.042986, 19.240112
71235, 0.025250, 7.613379, 0.039846, 12.014315
71236, 0.049926, 16.127607, 0.078707, 25.424770
71237, 0.053067, 14.433706, 0.083717, 22.770147
71238, 0.061477, 13.144647, 0.097053, 20.751309
71239, 0.047686, 15.363432, 0.075254, 24.245101
71240, 0.035822, 13.341822, 0.056522, 21.051390
71241, 0.045275, 14.463071, 0.071459, 22.827718
71242, 0.037050, 11.396599, 0.058528, 18.003203
71243, 0.056889, 14.604377, 0.089820, 23.058632
71244, 0.060380, 16.479834, 0.095360, 26.026936
71245, 0.051057, 12.209560, 0.080635, 19.282805
71246, 0.064069, 21.281065, 0.101094, 33.579161
71247, 0.031338, 12.577763, 0.049511, 19.871557
71248, 0.085007, 14.149577, 0.134284, 22.351779
71249, 0.085712, 14.086452, 0.135511, 22.270575
71250, 0.065037, 14.336925, 0.102795, 22.660551
71251, 0.034782, 15.198682, 0.054929, 24.001985
71252, 0.028464, 11.284084, 0.044981, 17.832433
71253, 0.088501, 20.516014, 0.139845, 32.418405
71254, 0.043664, 14.622253, 0.068970, 23.096913
71255, 0.042699, 16.054228, 0.067431, 25.352963
71256, 0.029008, 13.590994, 0.045790, 21.453725
71257, 0.042897, 16.828768, 0.067761, 26.583165
71258, 0.047069, 14.971917, 0.074299, 23.633575
71259, 0.047220, 12.429875, 0.074494, 19.609167
71260, 0.049898, 10.144055, 0.078747, 16.008777
71261, 0.023161, 8.436972, 0.036512, 13.300621
71262, 0.046729, 12.218933, 0.073682, 19.266891
71263, 0.040277, 12.064760, 0.063475, 19.013523
71264, 0.019648, 10.222294, 0.030989, 16.122849
71265, 0.025379, 9.908981, 0.040000, 15.617594
71266, 0.073438, 7.982131, 0.115767, 12.582981
71267, 0.046326, 11.986335, 0.073090, 18.911121
71268, 0.021259, 9.790232, 0.033542, 15.446898
71269, 0.019641, 9.562980, 0.030966, 15.077383
71270, 0.022977, 11.534596, 0.036270, 18.207834
71271, 0.073956, 11.350142, 0.116704, 17.910699
71272, 0.030643, 10.445502, 0.048218, 16.436110
71273, 0.165308, 10.197459, 0.261030, 16.102288
71274, 0.050407, 10.392624, 0.079558, 16.402905
71275, 0.039666, 10.263744, 0.062633, 16.206425
71276, 0.047510, 12.677985, 0.074983, 20.009378
71277, 0.028128, 10.296539, 0.044418, 16.259751
71278, 0.057741, 12.294997, 0.091167, 19.412476
71279, 0.060481, 11.681586, 0.095606, 18.465703
71280, 0.039675, 11.821874, 0.062711, 18.685774
71281, 0.036145, 10.730067, 0.057133, 16.960684
71282, 0.044092, 17.901697, 0.069692, 28.295190
71283, 0.031994, 14.552303, 0.050598, 23.014388
71284, 0.040411, 9.623302, 0.063893, 15.215360
71285, 0.022217, 13.873446, 0.035140, 21.943085
71286, 0.043539, 10.490226, 0.068944, 16.611232
71287, 0.038689, 12.648627, 0.061282, 20.034587
71288, 0.028218, 9.586920, 0.044691, 15.183462
71289, 0.104287, 15.937011, 0.165275, 25.257091
71290, 0.050342, 13.315602, 0.079875, 21.127012
71291, 0.061373, 14.842175, 0.097403, 23.555319
71292, 0.104442, 16.288988, 0.165972, 25.885281
71293, 0.029797, 11.828211, 0.047352, 18.796728
71294, 0.047320, 9.605758, 0.075205, 15.266378
71295, 0.053809, 12.933495, 0.085533, 20.558567
71296, 0.045126, 10.385950, 0.071794, 16.523658
71297, 0.024178, 8.570270, 0.038473, 13.637471
71298, 0.067406, 9.008978, 0.107383, 14.352163
71299, 0.022025, 8.005359, 0.035068, 12.746237
71300, 0.020836, 10.862331, 0.033166, 17.290340
71301, 0.029038, 6.878057, 0.046252, 10.955360
71302, 0.020948, 6.473262, 0.033362, 10.309171
71303, 0.026797, 7.545612, 0.042677, 12.017379
