data/raw/Flight10/SP2_Polar6_20150421_R2_L1.ict
38, 1001
Herber, Andreas; Schulz, Hannes
Alfred Wegener Institute (AWI), Bremerhaven, Germany
rBC mass concentration from SP2 (single particle soot photometer), combined high and low gain channel, size range 75 to 700 nm
NETCARE Polar 6 Campaign 2015
1, 1
2015,04,21, 2017, 09, 07
1
Time_UTC, seconds
4
1, 1, 1, 1, 1
-9999, -9999, -9999, -9999, -9999
BC_mass_concVOL, ug/m3
BC_numb_concVOL, 1/vccm
BC_mass_concSTP, ug/m3STP
BC_numb_concSTP, 1/sccm
0
20
PI_CONTACT_INFO: Address: AWI, Am Handelshafen 12, D-27570 Bremerhaven, email: andreas.herber@awi.de; hannes.schulz@awi.de
PLATFORM: Polar 6
LOCATION: GPS location and altitude available at 1 Hz resolution in separate file
ASSOCIATED_DATA: N/A
INSTRUMENT_INFO: Refractory black carbon aerosol measurements based on laser induced incandescence
DATA_INFO: Units are ug/m3 (volumetric) or ug/m3 STP (NIST standard NTP 20C, 1013.25 hPa; corrected with chamber temperature and pressure)
UNCERTAINTY: +/- 10%, typical intra-model variability of SP2 derived BC mass concentration [Laborde et al., 2012]
ULOD_FLAG: -7777
ULOD_VALUE: N/A
LLOD_FLAG: not masked
LLOD_VALUE: zero ug/m3 (e.g. no particle or particles <0.3 fg per single particle detection)
DM_CONTACT_INFO: Hannes Schulz, see above
PROJECT_INFO: NETCARE Polar 6 aircraft campaign in April 2015
STIPULATIONS_ON_USE: Preliminary data! Use of these data requires prior approval from PI
OTHER_COMMENTS: N/A
REVISION: R2
R2: Preliminary data; calibration: Fullerene Soot, DLR lab 2015/01/20; bad data and zero filter masked as -9999
R1: Preliminary data, updated header information, corrected mass concentration
R0: Preliminary data, initial release
Time_UTC, BC_mass_concVOL, BC_numb_concVOL, BC_mass_concSTP, BC_numb_concSTP
[from data line 9494]
67570, 0.100575, 31.396868, 0.142506, 44.486787
67571, 0.127219, 35.418442, 0.180298, 50.195750
67572, 0.104263, 36.017738, 0.147769, 51.046817
67573, 0.139021, 39.734718, 0.196782, 56.243986
67574, 0.125248, 39.637184, 0.177382, 56.136269
67575, 0.128841, 43.531311, 0.182376, 61.619171
67576, 0.110294, 36.211796, 0.156093, 51.248585
67577, 0.106940, 31.099154, 0.151368, 44.018976
67578, 0.118031, 33.590302, 0.167045, 47.538920
67579, 0.150232, 43.152603, 0.212665, 61.085898
67580, 0.060989, 26.446941, 0.086251, 37.401040
67581, 0.086599, 34.634720, 0.122340, 48.929029
67582, 0.150078, 30.281685, 0.212022, 42.780442
67583, 0.106410, 37.214027, 0.150227, 52.537789
67584, 0.161005, 41.365547, 0.227421, 58.428912
67585, 0.150686, 32.123779, 0.212557, 45.313687
67586, 0.107946, 35.008396, 0.152309, 49.396058
67587, 0.225682, 42.139641, 0.318099, 59.395730
67588, 0.130005, 44.026413, 0.183168, 62.030208
67589, 0.101230, 27.698629, 0.142617, 39.022925
67590, 0.139039, 39.251518, 0.195849, 55.289425
67591, 0.164104, 43.460064, 0.230945, 61.161715
67592, 0.148312, 36.032379, 0.208635, 50.687947
67593, 0.077700, 29.966579, 0.109229, 42.126108
67594, 0.125655, 35.560768, 0.176718, 50.011518
67595, 0.138640, 39.120628, 0.194889, 54.992843
67596, 0.099556, 33.311954, 0.139831, 46.788131
67597, 0.136710, 31.631695, 0.191762, 44.369620
67598, 0.094423, 33.631298, 0.132492, 47.190429
67599, 0.106300, 37.924599, 0.148881, 53.115924
67600, 0.340985, 42.938221, 0.477806, 60.167270
67601, 0.088358, 34.871452, 0.123703, 48.820784
67602, 0.115622, 37.994087, 0.161661, 53.122981
67603, 0.092974, 32.961803, 0.130243, 46.174605
67604, 0.140295, 37.174259, 0.196517, 52.071582
67605, 0.120450, 41.741333, 0.168694, 58.459745
67606, 0.076737, 31.046038, 0.107442, 43.468372
67607, 0.116440, 32.658413, 0.163126, 45.752725
67608, 0.081001, 26.592731, 0.113406, 37.231280
67609, 0.077706, 20.693138, 0.108705, 28.948271
67610, 0.110231, 30.054848, 0.154239, 42.053498
67611, 0.096420, 26.622301, 0.134864, 37.237197
67612, 0.097848, 27.523682, 0.136742, 38.464232
67613, 0.076038, 26.958288, 0.106236, 37.664394
67614, 0.086250, 33.154858, 0.120526, 46.330477
67615, 0.099583, 33.580437, 0.139182, 46.933616
67616, 0.113851, 37.764767, 0.158971, 52.731139
67617, 0.125438, 46.112724, 0.175158, 64.390698
67618, 0.185068, 51.353626, 0.258220, 71.652039
67619, 0.126606, 46.097961, 0.176613, 64.305712
67620, 0.148567, 37.159904, 0.207084, 51.796356
67621, 0.119752, 40.082951, 0.166879, 55.857129
67622, 0.121530, 40.825027, 0.169303, 56.873177
67623, 0.105403, 42.483109, 0.146776, 59.158727
67624, 0.151962, 36.014839, 0.211599, 50.148617
67625, 0.074441, 35.656410, 0.103652, 49.648566
67626, 0.152033, 39.178314, 0.211609, 54.530937
67627, 0.086508, 31.634308, 0.120350, 44.009810
67628, 0.098553, 36.664818, 0.137027, 50.978736
67629, 0.078612, 35.246292, 0.109281, 48.997141
67630, 0.093848, 39.142025, 0.130500, 54.428949
67631, 0.124002, 40.959911, 0.172388, 56.942634
67632, 0.202472, 50.946560, 0.281292, 70.779258
67633, 0.148275, 51.255665, 0.206055, 71.229361
67634, 0.206649, 46.229374, 0.286918, 64.186246
67635, 0.156255, 59.920345, 0.216875, 83.167038
67636, 0.129800, 37.512932, 0.180202, 52.079530
67637, 0.100318, 45.792362, 0.139241, 63.559309
67638, 0.166374, 44.591537, 0.230844, 61.870867
67639, 0.116333, 37.284492, 0.161202, 51.664769
67640, 0.252770, 50.953129, 0.350436, 70.640578
67641, 0.107679, 41.715576, 0.149184, 57.794631
67642, 0.143754, 42.954834, 0.199112, 59.496348
67643, 0.149040, 38.418346, 0.206399, 53.203822
67644, 0.104498, 37.171001, 0.144706, 51.473349
67645, 0.125422, 32.131111, 0.173548, 44.460039
67646, 0.118017, 34.545525, 0.163191, 47.768584
67647, 0.190970, 46.628860, 0.263981, 64.455916
67648, 0.159632, 48.381359, 0.220737, 66.901068
67649, 0.146254, 40.829876, 0.202248, 56.461664
67650, 0.088167, 35.774338, 0.121907, 49.464632
67651, 0.127093, 42.215195, 0.175571, 58.317621
67652, 0.070757, 35.536415, 0.097716, 49.075971
67653, 0.111423, 40.672333, 0.153821, 56.148932
67654, 0.083203, 33.164043, 0.114807, 45.761231
67655, 0.168533, 42.149364, 0.232532, 58.155227
67656, 0.130663, 41.526741, 0.180355, 57.319607
67657, 0.213550, 42.312866, 0.293654, 58.184860
67658, 0.115349, 38.279709, 0.159003, 52.766659
67659, 0.107891, 38.749825, 0.148686, 53.401923
67660, 0.140281, 34.457043, 0.193302, 47.480708
67661, 0.115985, 40.168678, 0.159801, 55.343186
67662, 0.151367, 40.858582, 0.208433, 56.262616
67663, 0.124989, 41.129940, 0.172022, 56.607134
67664, 0.157788, 58.897091, 0.217254, 81.094095
67665, 0.173504, 49.733200, 0.238805, 68.451151
67666, 0.223535, 57.583019, 0.307504, 79.213527
67667, 0.127513, 46.775352, 0.175319, 64.312023
67668, 0.145114, 54.020340, 0.199605, 74.305401
67669, 0.146132, 48.429008, 0.200878, 66.572014
67670, 0.170867, 47.618107, 0.234792, 65.433099
67671, 0.142748, 48.423161, 0.196145, 66.536776
67672, 0.131299, 40.338722, 0.180403, 55.425001
67673, 0.210935, 62.708504, 0.289692, 86.121693
67674, 0.120417, 47.417915, 0.165382, 65.124414
67675, 0.140900, 40.040504, 0.193387, 54.956053
67676, 0.162201, 53.086720, 0.222567, 72.843702
67677, 0.149828, 51.871742, 0.205569, 71.169795
67678, 0.156941, 42.295986, 0.215374, 58.043984
67679, 0.157433, 52.814743, 0.215987, 72.458384
67680, 0.134825, 43.756519, 0.184961, 60.027631
67681, 0.190835, 45.894680, 0.261517, 62.893150
67682, 0.199507, 53.901173, 0.273217, 73.815383
67683, 0.123505, 46.875050, 0.169123, 64.189050
67684, 0.141133, 42.995163, 0.193249, 58.871876
67685, 0.120063, 42.509300, 0.164431, 58.218246
67686, 0.126733, 42.682571, 0.173380, 58.392829
67687, 0.146411, 44.963551, 0.200051, 61.436560
67688, 0.085831, 38.599808, 0.117235, 52.722542
67689, 0.192209, 48.736847, 0.262461, 66.550121
67690, 0.138021, 47.451168, 0.188226, 64.711357
67691, 0.114747, 48.401901, 0.156430, 65.984590
67692, 0.188661, 59.818546, 0.257259, 81.568717
67693, 0.218532, 51.778400, 0.297873, 70.577291
67694, 0.125007, 48.395710, 0.170301, 65.931377
67695, 0.149488, 54.213478, 0.203492, 73.798562
67696, 0.217536, 58.256413, 0.296150, 79.309292
67697, 0.154930, 56.676678, 0.210637, 77.055394
67698, 0.159329, 54.642311, 0.216773, 74.343162
67699, 0.149964, 55.520737, 0.203824, 75.461298
67700, 0.182701, 58.069118, 0.248325, 78.926817
67701, 0.118457, 54.512154, 0.160942, 74.063451
67702, 0.168899, 57.550751, 0.229465, 78.188157
67703, 0.186195, 66.747330, 0.252925, 90.668445
67704, 0.150797, 58.554684, 0.204746, 79.503145
67705, 0.127375, 53.396030, 0.172884, 72.473167
67706, 0.146460, 53.031368, 0.198740, 71.961164
67707, 0.161258, 61.920757, 0.218812, 84.020656
67708, 0.205232, 73.553246, 0.278250, 99.722116
67709, 0.133659, 49.697586, 0.181160, 67.359998
67710, 0.211411, 62.752762, 0.286586, 85.066931
67711, 0.146114, 55.709721, 0.197952, 75.474121
67712, 0.149204, 54.866650, 0.202129, 74.328451
67713, 0.150829, 62.078472, 0.204283, 84.079460
67714, 0.144422, 54.825169, 0.195636, 74.266998
67715, 0.185107, 64.402519, 0.250477, 87.145960
67716, 0.329125, 57.737968, 0.445348, 78.126838
67717, 0.126032, 52.123272, 0.170455, 70.495406
67718, 0.184049, 52.977497, 0.248896, 71.643191
67719, 0.167813, 60.265583, 0.226291, 81.266230
67720, 0.362730, 58.168938, 0.490392, 78.641369
67721, 0.154906, 52.003040, 0.209179, 70.222723
67722, 0.206513, 57.855503, 0.278975, 78.156059
67723, 0.184051, 60.297131, 0.248427, 81.387332
67724, 0.180661, 74.189095, 0.243922, 100.167393
67725, 0.214033, 62.835228, 0.288928, 84.822998
67726, 0.324203, 68.751221, 0.437445, 92.765618
67727, 0.115757, 51.086792, 0.156041, 68.865291
67728, 0.149832, 48.918629, 0.201901, 65.918803
67729, 0.146502, 56.302505, 0.197277, 75.816055
67730, 0.204290, 62.108086, 0.275151, 83.651253
67731, 0.190949, 51.517380, 0.257050, 69.351246
67732, 0.191252, 58.928631, 0.257516, 79.345730
67733, 0.168485, 55.368519, 0.226695, 74.497983
67734, 0.138948, 45.226364, 0.186989, 60.863264
67735, 0.146660, 53.036423, 0.197317, 71.355169
67736, 0.172589, 69.736534, 0.232083, 93.776047
67737, 0.201160, 58.647388, 0.270294, 78.803335
67738, 0.465907, 62.767956, 0.626149, 84.355963
67739, 0.225741, 59.830894, 0.303101, 80.334413
67740, 0.180173, 58.873989, 0.241894, 79.042196
67741, 0.224093, 48.987503, 0.300764, 65.748044
67742, 0.183279, 60.614399, 0.245975, 81.349217
67743, 0.179944, 66.580040, 0.241298, 89.281409
67744, 0.151530, 52.710499, 0.203141, 70.663670
67745, 0.197838, 51.110432, 0.265091, 68.485017
67746, 0.145982, 51.794857, 0.195045, 69.202391
67747, 0.142566, 63.657494, 0.190968, 85.269442
67748, 0.199874, 61.597530, 0.267729, 82.509274
67749, 0.153639, 55.437778, 0.205660, 74.208886
67750, 0.219636, 63.791477, 0.293815, 85.336440
67751, 0.150040, 61.549236, 0.200630, 82.302359
67752, 0.205574, 69.759804, 0.274832, 93.261917
67753, 0.177555, 67.652451, 0.237304, 90.418084
67754, 0.224709, 70.849449, 0.300247, 94.666426
67755, 0.177619, 66.975853, 0.237307, 89.482652
67756, 0.207264, 69.509171, 0.276797, 92.828171
67757, 0.151406, 57.628792, 0.202282, 76.993532
67758, 0.183314, 61.185646, 0.244675, 81.666693
67759, 0.202159, 78.377853, 0.269778, 104.594114
67760, 0.203891, 53.517563, 0.272088, 71.417840
67761, 0.227237, 67.531540, 0.303061, 90.065246
67762, 0.190820, 59.109760, 0.254558, 78.853727
67763, 0.190090, 65.743660, 0.253384, 87.634129
67764, 0.170982, 60.330570, 0.227832, 80.389977
67765, 0.185612, 64.564995, 0.247424, 86.066032
67766, 0.172172, 55.223961, 0.229273, 73.539011
67767, 0.179888, 52.837486, 0.239673, 70.397866
67768, 0.189765, 58.657784, 0.252707, 78.113707
67769, 0.124302, 52.009823, 0.165518, 69.255100
67770, 0.252296, 63.322914, 0.335650, 84.243718
67771, 0.226529, 59.755756, 0.301123, 79.432725
67772, 0.178208, 60.021812, 0.236810, 79.759529
67773, 0.136908, 56.753757, 0.181994, 75.443734
67774, 0.186809, 66.762581, 0.248272, 88.728383
67775, 0.178401, 62.220467, 0.237013, 82.662236
67776, 0.211548, 42.990437, 0.280948, 57.093847
67777, 0.154717, 52.650585, 0.205343, 69.878741
67778, 0.120892, 56.992672, 0.160517, 75.673115
67779, 0.159661, 53.668121, 0.211710, 71.163898
67780, 0.137271, 50.338017, 0.182067, 66.764710
67781, 0.148570, 59.009758, 0.197031, 78.257788
67782, 0.136896, 50.928116, 0.181356, 67.468210
67783, 0.108862, 43.819233, 0.144191, 58.040131
67784, 0.151631, 54.300655, 0.200836, 71.921220
67785, 0.113999, 45.732315, 0.150842, 60.512227
67786, 0.149512, 45.204491, 0.197940, 59.846474
67787, 0.112897, 47.404354, 0.149229, 62.659759
67788, 0.162606, 51.920177, 0.215091, 68.678654
67789, 0.113616, 49.410763, 0.150278, 65.355031
67790, 0.148244, 47.660580, 0.195996, 63.012992
67791, 0.112629, 47.425274, 0.148787, 62.650702
67792, 0.107909, 45.669132, 0.142499, 60.308257
67793, 0.175838, 52.223751, 0.231624, 68.792268
67794, 0.191250, 45.225368, 0.252480, 59.704708
67795, 0.176229, 45.147976, 0.232484, 59.559930
67796, 0.096033, 33.680149, 0.126651, 44.418206
67797, 0.133093, 44.413315, 0.175470, 58.554529
67798, 0.133185, 40.549728, 0.175519, 53.438931
67799, 0.095467, 37.536732, 0.125839, 49.478549
67800, 0.127118, 39.769127, 0.167504, 52.403835
67801, 0.098843, 40.309547, 0.130081, 53.048875
67802, 0.124289, 37.285316, 0.163570, 49.069187
67803, 0.125208, 39.253838, 0.164827, 51.674883
67804, 0.126917, 41.164108, 0.166953, 54.149237
67805, 0.112139, 33.499760, 0.147450, 44.048423
67806, 0.118932, 34.832478, 0.156263, 45.765597
67807, 0.101319, 29.647139, 0.133186, 38.972061
67808, 0.088260, 37.237408, 0.116071, 48.970958
67809, 0.080260, 35.494984, 0.105464, 46.641427
67810, 0.107502, 36.667191, 0.141334, 48.206809
67811, 0.120971, 45.644821, 0.158852, 59.938227
67812, 0.105597, 35.224873, 0.138685, 46.262651
67813, 0.094767, 35.892300, 0.124304, 47.078958
67814, 0.101201, 38.338581, 0.132718, 50.278339
67815, 0.089817, 30.836546, 0.117823, 40.451546
67816, 0.130556, 34.197582, 0.171143, 44.828943
67817, 0.096626, 32.280609, 0.126530, 42.271096
67818, 0.115071, 39.752850, 0.150662, 52.048020
67819, 0.095970, 38.177174, 0.125516, 49.930872
67820, 0.105497, 35.626297, 0.138060, 46.622797
67821, 0.119226, 31.844059, 0.155974, 41.659079
67822, 0.136281, 49.522350, 0.178077, 64.710454
67823, 0.166319, 43.616089, 0.217396, 57.010701
67824, 0.079644, 33.241085, 0.104009, 43.410055
67825, 0.090346, 35.030281, 0.117967, 45.739753
67826, 0.218031, 37.429008, 0.284646, 48.864859
67827, 0.068292, 30.212595, 0.089067, 39.403206
67828, 0.115390, 43.537769, 0.150499, 56.784567
67829, 0.108749, 31.238501, 0.141835, 40.742711
67830, 0.065957, 28.452314, 0.085941, 37.072841
67831, 0.131252, 36.645218, 0.170958, 47.731027
67832, 0.065932, 30.003014, 0.085912, 39.095231
67833, 0.116551, 34.400578, 0.151743, 44.787631
67834, 0.085083, 23.638477, 0.110776, 30.776912
67835, 0.075057, 27.517185, 0.097756, 35.838915
67836, 0.075088, 27.260942, 0.097719, 35.477037
67837, 0.078297, 31.324930, 0.101831, 40.740067
67838, 0.093333, 26.594450, 0.121376, 34.585139
67839, 0.035245, 23.332657, 0.045838, 30.345824
67840, 0.090475, 24.362928, 0.117668, 31.685337
67841, 0.047314, 21.390360, 0.061518, 27.811889
67842, 0.069928, 27.670103, 0.090926, 35.979229
67843, 0.068333, 28.312901, 0.088846, 36.812248
67844, 0.080221, 30.677999, 0.104299, 39.885845
67845, 0.059778, 23.314953, 0.077685, 30.299057
67846, 0.072546, 27.951914, 0.094288, 36.329164
67847, 0.035047, 22.117062, 0.045559, 28.750904
67848, 0.059123, 22.971363, 0.076817, 29.846212
67849, 0.149243, 22.126539, 0.193936, 28.752645
67850, 0.068476, 21.230301, 0.088945, 27.576520
67851, 0.048509, 20.769035, 0.062999, 26.972754
67852, 0.068073, 26.499023, 0.088436, 34.425436
67853, 0.072524, 26.148380, 0.094125, 33.936669
67854, 0.048223, 20.877106, 0.062590, 27.096688
67855, 0.058428, 20.908688, 0.075770, 27.114857
67856, 0.050107, 23.893440, 0.065023, 31.006072
67857, 0.139686, 26.716625, 0.181079, 34.633571
67858, 0.050921, 16.641989, 0.066044, 21.584369
67859, 0.094358, 21.922325, 0.122404, 28.438274
67860, 0.073041, 25.372435, 0.094690, 32.892702
67861, 0.084836, 25.547867, 0.109979, 33.119528
67862, 0.076307, 20.718119, 0.098956, 26.867779
67863, 0.074358, 29.033491, 0.096386, 37.634314
67864, 0.052962, 24.348969, 0.068667, 31.569205
67865, 0.099042, 27.180201, 0.128403, 35.237670
67866, 0.066875, 27.905478, 0.086713, 36.183203
67867, 0.078822, 26.220692, 0.102144, 33.978995
67868, 0.102554, 34.891853, 0.132974, 45.241608
67869, 0.095899, 33.276966, 0.124289, 43.128232
67870, 0.077264, 34.461239, 0.100104, 44.648185
67871, 0.086597, 32.940487, 0.111972, 42.592809
67872, 0.126301, 29.791098, 0.163513, 38.568431
67873, 0.075973, 30.892807, 0.098385, 40.005996
67874, 0.040968, 27.794411, 0.052976, 35.941165
67875, 0.107758, 34.424908, 0.139287, 44.497184
67876, 0.144269, 47.703411, 0.186430, 61.644323
67877, 0.094867, 32.492752, 0.122655, 42.010428
67878, 0.094041, 33.911304, 0.121528, 43.823415
67879, 0.084522, 32.810112, 0.109192, 42.386755
67880, 0.116099, 32.444065, 0.149916, 41.894268
67881, 0.070930, 24.405325, 0.091556, 31.502107
67882, 0.093454, 27.171375, 0.120245, 34.960883
67883, 0.049109, 24.692289, 0.063306, 31.830823
67884, 0.080901, 30.366957, 0.104329, 39.161121
67885, 0.080319, 30.606316, 0.103507, 39.442261
67886, 0.087132, 26.504045, 0.112278, 34.153109
67887, 0.145821, 27.143297, 0.187854, 34.967318
67888, 0.063992, 16.642258, 0.082350, 21.416404
67889, 0.075503, 24.202076, 0.097110, 31.128188
67890, 0.253224, 25.519325, 0.325573, 32.810447
67891, 0.044040, 18.511114, 0.056667, 23.818609
67892, 0.064167, 20.794775, 0.082324, 26.679241
67893, 0.054062, 19.977566, 0.181764, 67.167892
67894, 0.048329, 23.912619, 0.062065, 30.709145
67895, 0.092987, 20.224321, 0.119402, 25.969634
67896, 0.032086, 16.370497, 0.041167, 21.003561
67897, 0.036835, 18.706411, 0.047249, 23.995108
67898, 0.066305, 17.851109, 0.085029, 22.892169
67899, 0.040601, 16.189056, 0.052058, 20.757335
67900, 0.042362, 16.730019, 0.054335, 21.458496
67901, 0.051986, 18.483931, 0.066626, 23.689177
