data/raw/Flight10/UHSAS_Polar6_20150421_R2_L1.ict
140,1001
Herber, Andreas; Schulz, Hannes
Alfred-Wegener-Institute, Bremerhaven, Germany
UHSAS, POLAR 6
NETCARE Polar 6 Campaign 2015
1,1
2015,04,21, 2017, 05, 08
1
time,s,number of seconds from start of date in UTC
102
1,1,1,1,1,1,1,1,1,1,1,1,1,1,1,1,1,1,1,1,1,1,1,1,1,1,1,1,1,1,1,1,1,1,1,1,1,1,1,1,1,1,1,1,1,1,1,1,1,1,1,1,1,1,1,1,1,1,1,1,1,1,1,1,1,1,1,1,1,1,1,1,1,1,1,1,1,1,1,1,1,1,1,1,1,1,1,1,1,1,1,1,1,1,1,1,1,1,1,1,1,1
-9999,-9999,-9999,-9999,-9999,-9999,-9999,-9999,-9999,-9999,-9999,-9999,-9999,-9999,-9999,-9999,-9999,-9999,-9999,-9999,-9999,-9999,-9999,-9999,-9999,-9999,-9999,-9999,-9999,-9999,-9999,-9999,-9999,-9999,-9999,-9999,-9999,-9999,-9999,-9999,-9999,-9999,-9999,-9999,-9999,-9999,-9999,-9999,-9999,-9999,-9999,-9999,-9999,-9999,-9999,-9999,-9999,-9999,-9999,-9999,-9999,-9999,-9999,-9999,-9999,-9999,-9999,-9999,-9999,-9999,-9999,-9999,-9999,-9999,-9999,-9999,-9999,-9999,-9999,-9999,-9999,-9999,-9999,-9999,-9999,-9999,-9999,-9999,-9999,-9999,-9999,-9999,-9999,-9999,-9999,-9999,-9999,-9999,-9999,-9999,-9999,-9999
flow,sccm,sample flow
pressure,hPa,chamber pressure
total_number_conc,#/sccm,total number of scattering particles (70-1000 nm) per sccm
bin_1,number/volume,dN/dlogD normalised number concentration per 1 sccm of sampled air
bin_2,number/volume,dN/dlogD normalised number concentration per 1 sccm of sampled air
bin_3,number/volume,dN/dlogD normalised number concentration per 1 sccm of sampled air
bin_4,number/volume,dN/dlogD normalised number concentration per 1 sccm of sampled air
bin_5,number/volume,dN/dlogD normalised number concentration per 1 sccm of sampled air
bin_6,number/volume,dN/dlogD normalised number concentration per 1 sccm of sampled air
bin_7,number/volume,dN/dlogD normalised number concentration per 1 sccm of sampled air
bin_8,number/volume,dN/dlogD normalised number concentration per 1 sccm of sampled air
bin_9,number/volume,dN/dlogD normalised number concentration per 1 sccm of sampled air
bin_10,number/volume,dN/dlogD normalised number concentration per 1 sccm of sampled air
bin_11,number/volume,dN/dlogD normalised number concentration per 1 sccm of sampled air
bin_12,number/volume,dN/dlogD normalised number concentration per 1 sccm of sampled air
bin_13,number/volume,dN/dlogD normalised number concentration per 1 sccm of sampled air
bin_14,number/volume,dN/dlogD normalised number concentration per 1 sccm of sampled air
bin_15,number/volume,dN/dlogD normalised number concentration per 1 sccm of sampled air
bin_16,number/volume,dN/dlogD normalised number concentration per 1 sccm of sampled air
bin_17,number/volume,dN/dlogD normalised number concentration per 1 sccm of sampled air
bin_18,number/volume,dN/dlogD normalised number concentration per 1 sccm of sampled air
bin_19,number/volume,dN/dlogD normalised number concentration per 1 sccm of sampled air
bin_20,number/volume,dN/dlogD normalised number concentration per 1 sccm of sampled air
bin_21,number/volume,dN/dlogD normalised number concentration per 1 sccm of sampled air
bin_22,number/volume,dN/dlogD normalised number concentration per 1 sccm of sampled air
bin_23,number/volume,dN/dlogD normalised number concentration per 1 sccm of sampled air
bin_24,number/volume,dN/dlogD normalised number concentration per 1 sccm of sampled air
[...]
UNCERTAINTY: counting efficiency 99%
ULOD_FLAG: -7777
ULOD_VALUE: N/A
LLOD_FLAG: -8888
LLOD_VALUE: N/A
DM_CONTACT_INFO: Hannes Schulz, AWI Bremerhaven; hannes.schulz@awi.de
PROJECT_INFO: Polar 6 NETCARE spring 2015 campaign
STIPULATIONS_ON_USE: N/A
OTHER_COMMENTS: N/A
REVISION: R2
R0: First set of data, uncorrected raw data!
R1: An error in normalisation is fixed. Issues with calibration: kink in distribution around 250 nm. Laser stability: noise counts in bins << 85 nm; partly filtered but those bins should be used with caution!
R2: Bins < 85 nm excluded from total number concentration. Error fixes. Problems mentioned above remain. Zero measurements and spikes masked -9999
time,flow,pressure,total_number_conc,bin_1,bin_2,bin_3,bin_4,bin_5,bin_6,bin_7,bin_8,bin_9,bin_10,bin_11,bin_12,bin_13,bin_14,bin_15,bin_16,bin_17,bin_18,bin_19,bin_20,bin_21,bin_22,bin_23,bin_24,bin_25,bin_26,bin_27,bin_28,bin_29,bin_30,bin_31,bin_32,bin_33,bin_34,bin_35,bin_36,bin_37,bin_38,bin_39,bin_40,bin_41,bin_42,bin_43,bin_44,bin_45,bin_46,bin_47,bin_48,bin_49,bin_50,bin_51,bin_52,bin_53,bin_54,bin_55,bin_56,bin_57,bin_58,bin_59,bin_60,bin_61,bin_62,bin_63,bin_64,bin_65,bin_66,bin_67,bin_68,bin_69,bin_70,bin_71,bin_72,bin_73,bin_74,bin_75,bin_76,bin_77,bin_78,bin_79,bin_80,bin_81,bin_82,bin_83,bin_84,bin_85,bin_86,bin_87,bin_88,bin_89,bin_90,bin_91,bin_92,bin_93,bin_94,bin_95,bin_96,bin_97,bin_98,bin_99
[from data line 1851]
59927.00, 49.93, 894.29, 124.96, 1654.67, 681.29, 97.40, 0.00, 291.73, 97.53, 484.69, 0.00, 97.41, 97.52, 194.55, 97.53, 0.00, 194.92, 292.61, 97.32, 97.19, 97.49, 194.36, 0.00, 388.59, 97.40, 97.42, 292.51, 194.20, 488.11, 388.46, 487.50, 389.70, 291.57, 487.62, 486.07, 389.81, 291.94, 97.26, 97.49, 194.76, 97.35, 97.40, 97.34, 486.81, 97.28, 389.13, 194.72, 195.01, 97.25, 584.37, 291.93, 0.00, 194.75, 194.50, 0.00, 0.00, 97.47, 291.86, 0.00, 194.56, 97.34, 0.00, 0.00, 0.00, 0.00, 97.38, 97.29, 0.00, 0.00, 0.00, 0.00, 0.00, 0.00, 0.00, 0.00, 0.00, 0.00, 0.00, 0.00, 0.00, 0.00, 0.00, 0.00, 0.00, 0.00, 0.00, 0.00, 0.00, 0.00, 97.32, 0.00, 0.00, 0.00, 0.00, 0.00, 0.00, 0.00, 0.00, 0.00, 0.00, 0.00, 0.00
59928.00, 49.97, 894.26, 141.68, 1653.38, 389.01, 194.64, 292.38, 0.00, 0.00, 0.00, 194.60, 194.67, 0.00, 194.40, 97.46, 96.98, 97.38, 194.92, 97.24, 388.46, 194.83, 388.41, 97.54, 679.49, 194.65, 0.00, 389.72, 388.10, 390.18, 291.12, 292.27, 292.05, 194.23, 389.79, 582.83, 584.26, 388.94, 291.55, 97.41, 194.61, 486.38, 291.98, 291.80, 389.14, 194.41, 291.62, 194.57, 194.86, 97.18, 97.32, 0.00, 97.37, 194.60, 0.00, 97.39, 291.49, 0.00, 97.21, 389.38, 0.00, 0.00, 0.00, 194.55, 97.34, 97.28, 0.00, 0.00, 0.00, 0.00, 97.33, 0.00, 97.24, 0.00, 0.00, 0.00, 0.00, 0.00, 0.00, 0.00, 0.00, 0.00, 0.00, 0.00, 0.00, 0.00, 0.00, 0.00, 0.00, 0.00, 0.00, 0.00, 0.00, 0.00, 0.00, 0.00, 0.00, 0.00, 0.00, 0.00, 0.00, 0.00, 0.00
59929.00, 49.96, 894.43, 132.10, 2042.90, 583.65, 389.38, 97.48, 194.38, 97.48, 193.77, 389.29, 194.71, 0.00, 97.22, 97.48, 0.00, 97.41, 194.96, 194.53, 97.14, 97.44, 388.51, 585.37, 388.38, 97.35, 97.36, 194.90, 485.24, 292.71, 194.13, 389.79, 486.87, 291.41, 194.94, 194.32, 584.40, 291.78, 0.00, 292.31, 0.00, 389.20, 389.40, 291.87, 0.00, 97.23, 0.00, 194.61, 0.00, 194.40, 292.03, 389.03, 389.58, 194.64, 583.18, 0.00, 194.37, 292.27, 291.70, 97.37, 0.00, 0.00, 0.00, 97.30, 0.00, 0.00, 0.00, 97.24, 97.32, 0.00, 0.00, 0.00, 0.00, 0.00, 0.00, 0.00, 0.00, 0.00, 0.00, 0.00, 0.00, 0.00, 0.00, 0.00, 0.00, 0.00, 0.00, 0.00, 0.00, 0.00, 0.00, 0.00, 0.00, 0.00, 0.00, 0.00, 0.00, 0.00, 0.00, 0.00, 0.00, 0.00, 0.00
59930.00, 49.99, 894.40, 136.81, 1263.79, 97.21, 194.56, 97.42, 291.37, 194.83, 387.28, 194.51, 97.29, 194.80, 291.47, 97.41, 290.81, 194.68, 97.42, 97.20, 485.36, 194.75, 388.24, 97.50, 97.03, 389.13, 486.49, 97.39, 0.00, 97.50, 581.98, 584.28, 194.61, 388.29, 389.62, 679.67, 97.33, 0.00, 291.42, 0.00, 389.04, 97.23, 291.85, 388.89, 291.73, 97.16, 291.49, 97.24, 97.39, 194.27, 97.28, 97.19, 194.66, 194.51, 97.13, 389.40, 194.24, 194.71, 97.17, 194.61, 0.00, 291.66, 97.24, 0.00, 97.30, 97.24, 97.26, 0.00, 97.25, 0.00, 0.00, 0.00, 0.00, 0.00, 0.00, 0.00, 0.00, 0.00, 0.00, 0.00, 0.00, 0.00, 97.25, 0.00, 0.00, 0.00, 0.00, 0.00, 0.00, 0.00, 0.00, 0.00, 0.00, 0.00, 0.00, 0.00, 0.00, 0.00, 0.00, 0.00, 0.00, 0.00, 0.00
59931.00, 49.97, 894.32, 112.87, 583.58, 194.51, 97.33, 194.93, 97.17, 292.39, 96.87, 194.61, 486.70, 97.45, 194.41, 292.39, 193.97, 0.00, 0.00, 97.25, 194.24, 97.42, 97.11, 195.09, 97.08, 486.66, 97.35, 97.43, 97.03, 585.31, 291.14, 194.86, 194.71, 97.12, 292.36, 291.43, 389.53, 291.73, 485.94, 0.00, 681.16, 97.28, 194.67, 194.54, 291.87, 0.00, 194.43, 389.16, 194.87, 194.36, 97.32, 0.00, 97.38, 194.61, 97.18, 292.20, 97.17, 97.40, 0.00, 194.70, 194.42, 0.00, 0.00, 0.00, 0.00, 97.29, 0.00, 97.22, 0.00, 97.28, 0.00, 97.29, 0.00, 0.00, 0.00, 0.00, 0.00, 97.28, 0.00, 0.00, 0.00, 0.00, 0.00, 0.00, 0.00, 0.00, 0.00, 0.00, 0.00, 0.00, 0.00, 0.00, 0.00, 0.00, 0.00, 0.00, 0.00, 0.00, 0.00, 0.00, 0.00, 0.00, 0.00
59932.00, 50.00, 894.54, 139.19, 583.21, 194.39, 97.26, 194.81, 194.22, 194.80, 0.00, 0.00, 0.00, 292.16, 97.14, 194.80, 96.92, 389.31, 584.41, 97.18, 97.06, 0.00, 97.05, 194.96, 194.03, 97.27, 97.28, 584.23, 290.90, 292.47, 387.93, 194.73, 486.47, 291.18, 194.78, 291.24, 583.92, 97.18, 97.13, 194.72, 97.25, 194.44, 97.27, 583.26, 486.14, 582.89, 97.15, 194.46, 194.75, 291.36, 194.52, 291.53, 97.32, 194.48, 97.12, 194.67, 194.22, 0.00, 194.31, 0.00, 97.15, 97.21, 97.23, 97.22, 97.29, 194.45, 0.00, 97.16, 97.24, 0.00, 0.00, 0.00, 0.00, 0.00, 0.00, 97.21, 97.25, 0.00, 0.00, 0.00, 0.00, 0.00, 0.00, 0.00, 0.00, 0.00, 0.00, 0.00, 0.00, 0.00, 0.00, 0.00, 0.00, 0.00, 0.00, 0.00, 0.00, 0.00, 0.00, 0.00, 0.00, 0.00, 0.00
59933.00, 49.98, 894.40, 133.24, 1361.28, 486.14, 97.30, 97.44, 194.29, 97.43, 193.68, 0.00, 0.00, 97.42, 97.18, 97.43, 290.87, 292.08, 97.44, 194.43, 194.18, 97.39, 194.16, 195.03, 291.14, 291.91, 389.27, 97.41, 388.00, 390.09, 194.03, 292.20, 291.98, 679.64, 292.27, 194.23, 681.47, 486.06, 291.48, 97.39, 97.28, 0.00, 291.91, 97.24, 97.26, 583.09, 194.37, 389.04, 194.81, 97.15, 389.18, 97.21, 97.35, 194.55, 291.45, 0.00, 97.14, 0.00, 97.19, 291.97, 97.18, 0.00, 0.00, 97.25, 97.32, 0.00, 0.00, 0.00, 0.00, 0.00, 0.00, 0.00, 0.00, 0.00, 0.00, 0.00, 0.00, 0.00, 0.00, 0.00, 0.00, 0.00, 0.00, 0.00, 0.00, 0.00, 0.00, 0.00, 0.00, 0.00, 0.00, 0.00, 0.00, 0.00, 0.00, 0.00, 0.00, 0.00, 0.00, 0.00, 0.00, 0.00, 0.00
59934.00, 49.99, 894.24, 140.42, 388.88, 194.43, 194.57, 0.00, 291.39, 389.68, 290.47, 194.52, 194.59, 97.41, 194.32, 584.52, 387.78, 194.70, 97.42, 486.01, 194.15, 292.14, 388.27, 487.51, 97.03, 291.87, 0.00, 389.57, 290.96, 97.51, 194.01, 0.00, 291.94, 291.23, 487.05, 97.10, 389.36, 194.40, 194.29, 194.75, 194.53, 194.48, 389.16, 194.46, 486.24, 291.50, 97.17, 388.99, 194.79, 485.70, 291.85, 291.59, 0.00, 0.00, 291.41, 0.00, 194.25, 97.36, 194.35, 291.93, 0.00, 97.23, 0.00, 194.48, 0.00, 0.00, 97.27, 97.18, 0.00, 97.24, 0.00, 0.00, 97.20, 0.00, 97.27, 0.00, 0.00, 0.00, 0.00, 0.00, 0.00, 0.00, 0.00, 0.00, 0.00, 0.00, 0.00, 0.00, 0.00, 0.00, 0.00, 0.00, 0.00, 0.00, 0.00, 0.00, 0.00, 0.00, 0.00, 0.00, 0.00, 0.00, 0.00
59935.00, 49.98, 894.40, 128.44, 1069.58, 388.91, 97.30, 0.00, 97.14, 194.86, 193.68, 97.27, 291.93, 194.84, 97.18, 389.74, 193.92, 97.36, 194.87, 0.00, 97.09, 97.39, 97.08, 390.06, 97.05, 194.61, 0.00, 97.41, 388.00, 97.52, 776.13, 584.40, 389.31, 291.27, 194.85, 97.11, 194.71, 583.28, 291.48, 97.39, 194.56, 194.51, 291.91, 97.24, 680.83, 485.91, 97.18, 97.26, 194.81, 194.31, 389.18, 97.21, 97.35, 389.10, 0.00, 292.11, 194.28, 97.38, 97.19, 0.00, 194.37, 97.24, 0.00, 0.00, 194.64, 0.00, 0.00, 0.00, 97.27, 97.25, 0.00, 0.00, 0.00, 0.00, 0.00, 0.00, 0.00, 0.00, 0.00, 0.00, 0.00, 0.00, 0.00, 0.00, 0.00, 0.00, 0.00, 0.00, 0.00, 0.00, 0.00, 0.00, 0.00, 0.00, 0.00, 0.00, 0.00, 0.00, 0.00, 0.00, 0.00, 0.00, 0.00
59936.00, 49.97, 894.40, 128.48, 1653.55, 778.09, 291.99, 0.00, 97.18, 97.47, 96.87, 97.31, 292.03, 194.90, 291.63, 0.00, 0.00, 194.79, 97.47, 97.25, 291.37, 97.43, 97.11, 195.10, 194.16, 97.34, 194.70, 0.00, 388.14, 292.67, 679.35, 389.73, 292.08, 97.12, 487.28, 777.18, 97.39, 194.49, 97.19, 194.85, 97.31, 194.57, 292.01, 194.55, 583.77, 388.86, 97.22, 291.88, 0.00, 97.19, 97.33, 291.73, 292.14, 0.00, 97.18, 97.40, 194.35, 0.00, 194.44, 97.36, 194.43, 97.27, 97.29, 97.29, 97.35, 194.59, 0.00, 97.22, 194.61, 0.00, 97.34, 0.00, 97.25, 0.00, 0.00, 0.00, 0.00, 0.00, 0.00, 0.00, 0.00, 0.00, 0.00, 0.00, 0.00, 0.00, 0.00, 0.00, 0.00, 0.00, 0.00, 0.00, 0.00, 0.00, 0.00, 0.00, 0.00, 0.00, 0.00, 0.00, 0.00, 0.00, 0.00
59937.00, 50.03, 894.40, 121.14, 1360.16, 194.30, 486.09, 0.00, 485.32, 194.71, 193.52, 97.19, 0.00, 194.68, 194.19, 389.42, 96.88, 486.41, 194.71, 0.00, 0.00, 97.31, 291.00, 97.44, 0.00, 194.45, 583.42, 97.33, 96.92, 292.33, 387.75, 389.28, 291.74, 291.04, 292.03, 388.14, 97.27, 97.13, 388.32, 291.93, 291.60, 97.17, 291.67, 291.49, 97.18, 97.10, 194.21, 194.36, 486.64, 582.44, 0.00, 291.39, 291.81, 194.39, 291.21, 97.29, 97.06, 97.30, 0.00, 97.24, 97.10, 97.16, 0.00, 0.00, 0.00, 0.00, 0.00, 0.00, 0.00, 97.17, 0.00, 0.00, 0.00, 0.00, 0.00, 0.00, 0.00, 0.00, 0.00, 0.00, 0.00, 0.00, 0.00, 0.00, 0.00, 0.00, 0.00, 0.00, 0.00, 0.00, 0.00, 0.00, 0.00, 0.00, 0.00, 0.00, 0.00, 0.00, 0.00, 0.00, 0.00, 0.00, 0.00
59938.00, 49.96, 894.18, 135.71, 1751.06, 291.82, 194.69, 389.93, 194.38, 194.96, 0.00, 486.61, 292.07, 97.47, 0.00, 292.44, 97.00, 194.82, 194.96, 389.05, 97.14, 97.44, 194.25, 292.69, 0.00, 194.70, 194.73, 97.45, 291.14, 195.14, 582.38, 584.68, 681.61, 582.83, 194.94, 291.48, 584.40, 194.52, 291.62, 292.31, 291.98, 291.90, 97.35, 97.29, 194.62, 194.46, 291.69, 0.00, 194.91, 388.80, 194.68, 0.00, 194.79, 291.97, 194.39, 194.83, 97.19, 97.42, 194.47, 292.11, 0.00, 97.29, 97.31, 0.00, 97.37, 97.31, 0.00, 0.00, 0.00, 0.00, 0.00, 0.00, 0.00, 0.00, 0.00, 0.00, 0.00, 0.00, 0.00, 0.00, 0.00, 0.00, 0.00, 0.00, 0.00, 0.00, 0.00, 0.00, 0.00, 0.00, 0.00, 0.00, 0.00, 0.00, 0.00, 0.00, 0.00, 0.00, 0.00, 0.00, 0.00, 0.00, 0.00
59939.00, 50.01, 894.32, 137.98, 1749.45, 485.93, 680.78, 584.36, 194.20, 194.78, 96.80, 97.23, 291.80, 194.75, 97.13, 194.78, 193.83, 0.00, 292.18, 388.69, 194.10, 292.05, 0.00, 292.42, 388.02, 194.52, 194.55, 97.36, 96.96, 194.96, 96.97, 584.14, 291.85, 97.05, 389.52, 291.22, 194.62, 0.00, 388.47, 194.70, 291.71, 291.63, 97.26, 194.40, 97.22, 194.28, 291.42, 194.44, 486.82, 97.11, 291.76, 583.00, 291.92, 486.16, 97.11, 194.65, 0.00, 194.66, 291.43, 97.28, 194.28, 97.20, 194.44, 97.21, 97.28, 194.44, 97.24, 0.00, 0.00, 0.00, 97.26, 0.00, 0.00, 0.00, 0.00, 0.00, 0.00, 0.00, 0.00, 0.00, 0.00, 0.00, 0.00, 0.00, 0.00, 0.00, 0.00, 0.00, 0.00, 0.00, 0.00, 0.00, 0.00, 0.00, 0.00, 0.00, 0.00, 0.00, 0.00, 0.00, 0.00, 0.00, 0.00
59940.00, 49.92, 894.29, 138.22, 1752.53, 194.71, 292.28, 390.26, 0.00, 195.12, 193.93, 487.02, 194.88, 195.10, 97.30, 97.56, 194.17, 194.98, 195.13, 194.69, 194.44, 97.52, 194.42, 390.58, 97.18, 292.30, 0.00, 97.53, 291.39, 488.26, 194.29, 195.06, 292.37, 680.54, 292.66, 291.73, 487.41, 292.02, 97.29, 195.04, 584.45, 389.53, 194.87, 292.11, 292.17, 97.31, 97.31, 97.39, 97.54, 194.56, 194.85, 486.69, 194.95, 0.00, 486.39, 97.50, 0.00, 0.00, 0.00, 194.90, 97.31, 97.37, 0.00, 292.14, 0.00, 97.39, 194.82, 97.32, 0.00, 97.38, 194.86, 97.39, 0.00, 0.00, 0.00, 0.00, 0.00, 0.00, 0.00, 0.00, 0.00, 0.00, 0.00, 0.00, 0.00, 0.00, 0.00, 0.00, 0.00, 0.00, 0.00, 0.00, 0.00, 0.00, 0.00, 0.00, 0.00, 0.00, 0.00, 0.00, 0.00, 0.00, 0.00
59941.00, 50.06, 894.24, 91.09, 970.87, 291.24, 194.30, 194.58, 97.00, 194.57, 96.69, 0.00, 97.16, 486.36, 485.14, 97.29, 0.00, 0.00, 97.29, 291.21, 96.94, 97.24, 290.80, 194.73, 96.90, 194.31, 291.51, 194.52, 290.56, 292.12, 387.48, 194.50, 291.54, 290.83, 194.55, 290.90, 0.00, 194.13, 291.04, 97.24, 291.40, 0.00, 0.00, 97.10, 0.00, 97.03, 388.14, 97.11, 291.78, 97.01, 97.15, 0.00, 97.20, 194.25, 97.00, 194.44, 0.00, 194.45, 0.00, 0.00, 97.04, 0.00, 0.00, 194.21, 0.00, 0.00, 0.00, 0.00, 97.13, 0.00, 0.00, 0.00, 97.07, 0.00, 0.00, 0.00, 0.00, 0.00, 0.00, 0.00, 0.00, 0.00, 0.00, 0.00, 0.00, 0.00, 0.00, 0.00, 0.00, 0.00, 0.00, 0.00, 0.00, 0.00, 0.00, 0.00, 0.00, 0.00, 0.00, 0.00, 0.00, 0.00, 0.00
59942.00, 49.99, 894.07, 138.01, 972.15, 194.42, 0.00, 194.83, 97.12, 194.83, 0.00, 389.02, 97.29, 292.20, 97.16, 292.24, 96.94, 194.68, 0.00, 194.39, 0.00, 389.49, 485.30, 97.50, 97.03, 291.85, 291.89, 486.93, 387.93, 292.51, 484.99, 194.76, 97.31, 97.07, 389.62, 97.10, 292.00, 485.97, 485.70, 292.11, 291.78, 388.93, 194.57, 194.45, 388.97, 485.81, 291.49, 194.48, 97.39, 291.40, 194.55, 194.38, 291.99, 97.26, 97.13, 0.00, 291.36, 194.71, 194.34, 291.91, 97.16, 97.22, 97.24, 0.00, 0.00, 0.00, 0.00, 0.00, 0.00, 0.00, 0.00, 0.00, 0.00, 0.00, 0.00, 0.00, 0.00, 0.00, 0.00, 0.00, 0.00, 0.00, 0.00, 0.00, 0.00, 0.00, 0.00, 0.00, 0.00, 0.00, 0.00, 0.00, 0.00, 0.00, 0.00, 0.00, 0.00, 0.00, 0.00, 0.00, 0.00, 0.00, 0.00
59943.00, 50.01, 894.05, 121.18, 1846.57, 680.27, 389.00, 486.95, 388.39, 0.00, 193.58, 291.68, 194.53, 97.37, 291.39, 194.77, 193.82, 97.31, 194.78, 97.17, 97.04, 194.69, 291.10, 194.94, 97.00, 486.28, 97.27, 194.72, 193.91, 194.95, 193.94, 194.71, 583.68, 97.04, 389.51, 291.20, 389.22, 583.00, 194.23, 292.03, 583.40, 583.24, 97.26, 97.20, 194.43, 194.27, 194.27, 194.43, 194.72, 97.11, 194.50, 194.33, 0.00, 97.23, 97.10, 0.00, 194.19, 97.33, 0.00, 194.55, 0.00, 97.19, 97.21, 97.21, 0.00, 0.00, 97.23, 0.00, 0.00, 0.00, 0.00, 0.00, 0.00, 0.00, 0.00, 0.00, 0.00, 0.00, 0.00, 0.00, 97.24, 0.00, 0.00, 0.00, 0.00, 0.00, 0.00, 0.00, 0.00, 0.00, 0.00, 0.00, 0.00, 0.00, 0.00, 0.00, 0.00, 0.00, 0.00, 0.00, 0.00, 0.00, 0.00
59944.00, 49.96, 893.94, 121.31, 1459.36, 389.14, 584.12, 194.99, 0.00, 0.00, 484.47, 194.66, 194.73, 97.48, 194.46, 97.49, 194.03, 0.00, 97.49, 0.00, 194.29, 97.45, 194.27, 195.14, 97.10, 486.80, 97.37, 194.92, 0.00, 97.58, 194.15, 292.37, 486.91, 485.74, 779.84, 388.68, 389.64, 389.08, 291.65, 194.90, 292.01, 194.62, 292.08, 97.30, 291.95, 97.24, 291.72, 389.27, 389.85, 194.42, 0.00, 0.00, 194.81, 194.66, 97.21, 97.43, 97.20, 194.86, 97.24, 97.38, 0.00, 0.00, 97.32, 0.00, 97.38, 97.32, 97.34, 0.00, 0.00, 0.00, 0.00, 0.00, 0.00, 0.00, 0.00, 0.00, 0.00, 0.00, 0.00, 0.00, 0.00, 0.00, 0.00, 0.00, 0.00, 0.00, 0.00, 0.00, 0.00, 0.00, 0.00, 0.00, 0.00, 0.00, 0.00, 0.00, 0.00, 0.00, 0.00, 0.00, 0.00, 0.00, 0.00
59945.00, 50.05, 893.72, 117.49, 1650.90, 582.63, 194.35, 291.94, 194.04, 291.93, 96.72, 194.30, 97.19, 291.89, 194.11, 97.31, 0.00, 291.72, 291.94, 388.37, 0.00, 194.54, 290.87, 194.79, 0.00, 194.36, 291.58, 486.41, 290.64, 97.40, 193.79, 389.11, 194.41, 96.97, 583.81, 96.99, 194.46, 291.27, 194.07, 194.54, 0.00, 291.39, 194.36, 194.24, 388.56, 194.12, 485.31, 194.28, 194.57, 194.06, 194.35, 194.18, 97.23, 97.15, 97.03, 0.00, 194.04, 97.25, 194.13, 97.20, 0.00, 97.12, 0.00, 194.26, 0.00, 97.14, 0.00, 0.00, 0.00, 0.00, 0.00, 0.00, 0.00, 0.00, 0.00, 0.00, 0.00, 0.00, 0.00, 0.00, 0.00, 0.00, 0.00, 0.00, 0.00, 0.00, 97.14, 0.00, 0.00, 0.00, 0.00, 0.00, 0.00, 0.00, 0.00, 0.00, 0.00, 0.00, 0.00, 0.00, 0.00, 0.00, 0.00
59946.00, 50.03, 893.78, 143.93, 777.24, 194.30, 194.44, 194.71, 0.00, 97.35, 96.76, 97.19, 97.23, 194.68, 194.19, 194.71, 193.76, 389.13, 292.07, 0.00, 194.02, 291.94, 97.00, 0.00, 387.87, 388.89, 194.47, 291.98, 678.45, 194.89, 290.81, 389.28, 194.49, 873.11, 681.41, 485.17, 291.82, 0.00, 194.16, 97.31, 194.40, 194.35, 388.90, 485.81, 485.91, 194.20, 194.21, 291.54, 0.00, 291.22, 97.22, 291.39, 97.27, 0.00, 97.07, 97.29, 388.24, 97.30, 0.00, 97.24, 0.00, 0.00, 97.18, 0.00, 97.24, 194.36, 0.00, 97.11, 0.00, 97.17, 0.00, 0.00, 0.00, 0.00, 0.00, 0.00, 0.00, 0.00, 0.00, 0.00, 0.00, 0.00, 0.00, 0.00, 0.00, 0.00, 0.00, 0.00, 0.00, 0.00, 0.00, 0.00, 0.00, 0.00, 0.00, 0.00, 0.00, 0.00, 0.00, 0.00, 0.00, 0.00, 0.00
59947.00, 50.01, 893.61, 128.36, 1943.56, 485.86, 194.48, 194.76, 194.18, 0.00, 387.13, 291.65, 194.51, 0.00, 291.36, 194.75, 0.00, 486.52, 97.38, 291.48, 194.07, 486.68, 776.19, 97.46, 193.98, 291.74, 0.00, 194.70, 96.94, 194.93, 581.76, 97.34, 291.81, 485.18, 389.47, 388.23, 97.30, 582.94, 97.10, 389.34, 291.67, 194.39, 0.00, 97.19, 194.41, 194.25, 194.25, 194.41, 97.35, 97.10, 97.24, 291.46, 0.00, 0.00, 388.37, 97.31, 194.17, 291.96, 194.26, 97.27, 97.13, 0.00, 97.20, 97.20, 0.00, 0.00, 97.22, 0.00, 0.00, 0.00, 0.00, 0.00, 0.00, 0.00, 0.00, 0.00, 0.00, 0.00, 0.00, 0.00, 0.00, 0.00, 0.00, 0.00, 0.00, 0.00, 0.00, 0.00, 0.00, 0.00, 0.00, 0.00, 0.00, 0.00, 0.00, 0.00, 0.00, 0.00, 0.00, 0.00, 0.00, 0.00, 0.00
