data/raw/Flight10/UHSAS_Polar6_20150421_R2_L1.ict
140,1001
Herber, Andreas; Schulz, Hannes
Alfred-Wegener-Institute, Bremerhaven, Germany
UHSAS, POLAR 6
NETCARE Polar 6 Campaign 2015
1,1
2015,04,21, 2017, 05, 08
1
time,s,number of seconds from start of date in UTC
102
1,1,1,1,1,1,1,1,1,1,1,1,1,1,1,1,1,1,1,1,1,1,1,1,1,1,1,1,1,1,1,1,1,1,1,1,1,1,1,1,1,1,1,1,1,1,1,1,1,1,1,1,1,1,1,1,1,1,1,1,1,1,1,1,1,1,1,1,1,1,1,1,1,1,1,1,1,1,1,1,1,1,1,1,1,1,1,1,1,1,1,1,1,1,1,1,1,1,1,1,1,1
-9999,-9999,-9999,-9999,-9999,-9999,-9999,-9999,-9999,-9999,-9999,-9999,-9999,-9999,-9999,-9999,-9999,-9999,-9999,-9999,-9999,-9999,-9999,-9999,-9999,-9999,-9999,-9999,-9999,-9999,-9999,-9999,-9999,-9999,-9999,-9999,-9999,-9999,-9999,-9999,-9999,-9999,-9999,-9999,-9999,-9999,-9999,-9999,-9999,-9999,-9999,-9999,-9999,-9999,-9999,-9999,-9999,-9999,-9999,-9999,-9999,-9999,-9999,-9999,-9999,-9999,-9999,-9999,-9999,-9999,-9999,-9999,-9999,-9999,-9999,-9999,-9999,-9999,-9999,-9999,-9999,-9999,-9999,-9999,-9999,-9999,-9999,-9999,-9999,-9999,-9999,-9999,-9999,-9999,-9999,-9999,-9999,-9999,-9999,-9999,-9999,-9999
flow,sccm,sample flow
pressure,hPa,chamber pressure
total_number_conc,#/sccm,total number of scattering particles (70-1000 nm) per sccm
bin_1,number/volume,dN/dlogD normalised number concentration per 1 sccm of sampled air
bin_2,number/volume,dN/dlogD normalised number concentration per 1 sccm of sampled air
bin_3,number/volume,dN/dlogD normalised number concentration per 1 sccm of sampled air
bin_4,number/volume,dN/dlogD normalised number concentration per 1 sccm of sampled air
bin_5,number/volume,dN/dlogD normalised number concentration per 1 sccm of sampled air
bin_6,number/volume,dN/dlogD normalised number concentration per 1 sccm of sampled air
bin_7,number/volume,dN/dlogD normalised number concentration per 1 sccm of sampled air
bin_8,number/volume,dN/dlogD normalised number concentration per 1 sccm of sampled air
bin_9,number/volume,dN/dlogD normalised number concentration per 1 sccm of sampled air
bin_10,number/volume,dN/dlogD normalised number concentration per 1 sccm of sampled air
bin_11,number/volume,dN/dlogD normalised number concentration per 1 sccm of sampled air
bin_12,number/volume,dN/dlogD normalised number concentration per 1 sccm of sampled air
bin_13,number/volume,dN/dlogD normalised number concentration per 1 sccm of sampled air
bin_14,number/volume,dN/dlogD normalised number concentration per 1 sccm of sampled air
bin_15,number/volume,dN/dlogD normalised number concentration per 1 sccm of sampled air
bin_16,number/volume,dN/dlogD normalised number concentration per 1 sccm of sampled air
bin_17,number/volume,dN/dlogD normalised number concentration per 1 sccm of sampled air
bin_18,number/volume,dN/dlogD normalised number concentration per 1 sccm of sampled air
bin_19,number/volume,dN/dlogD normalised number concentration per 1 sccm of sampled air
bin_20,number/volume,dN/dlogD normalised number concentration per 1 sccm of sampled air
bin_21,number/volume,dN/dlogD normalised number concentration per 1 sccm of sampled air
bin_22,number/volume,dN/dlogD normalised number concentration per 1 sccm of sampled air
bin_23,number/volume,dN/dlogD normalised number concentration per 1 sccm of sampled air
bin_24,number/volume,dN/dlogD normalised number concentration per 1 sccm of sampled air
[...]
UNCERTAINTY: counting efficiency 99%
ULOD_FLAG: -7777
ULOD_VALUE: N/A
LLOD_FLAG: -8888
LLOD_VALUE: N/A
DM_CONTACT_INFO: Hannes Schulz, AWI Bremerhaven; hannes.schulz@awi.de
PROJECT_INFO: Polar 6 NETCARE spring 2015 campaign
STIPULATIONS_ON_USE: N/A
OTHER_COMMENTS: N/A
REVISION: R2
R0: First set of data, uncorrected raw data!
R1: An error in normalisation is fixed. Issues with calibration: kink in distribution around 250 nm. Laser stability: noise counts in bins << 85 nm; partly filtered but those bins should be used with caution!
R2: Bins < 85 nm excluded from total number concentration. Error fixes. Problems mentioned above remain. Zero measurements and spikes masked -9999
time,flow,pressure,total_number_conc,bin_1,bin_2,bin_3,bin_4,bin_5,bin_6,bin_7,bin_8,bin_9,bin_10,bin_11,bin_12,bin_13,bin_14,bin_15,bin_16,bin_17,bin_18,bin_19,bin_20,bin_21,bin_22,bin_23,bin_24,bin_25,bin_26,bin_27,bin_28,bin_29,bin_30,bin_31,bin_32,bin_33,bin_34,bin_35,bin_36,bin_37,bin_38,bin_39,bin_40,bin_41,bin_42,bin_43,bin_44,bin_45,bin_46,bin_47,bin_48,bin_49,bin_50,bin_51,bin_52,bin_53,bin_54,bin_55,bin_56,bin_57,bin_58,bin_59,bin_60,bin_61,bin_62,bin_63,bin_64,bin_65,bin_66,bin_67,bin_68,bin_69,bin_70,bin_71,bin_72,bin_73,bin_74,bin_75,bin_76,bin_77,bin_78,bin_79,bin_80,bin_81,bin_82,bin_83,bin_84,bin_85,bin_86,bin_87,bin_88,bin_89,bin_90,bin_91,bin_92,bin_93,bin_94,bin_95,bin_96,bin_97,bin_98,bin_99
[from data line 3755]
61831.00, 49.93, 880.70, 105.76, 4478.06, 876.09, 779.30, 487.76, 1167.11, 487.74, 193.91, 486.95, 876.83, 195.07, 389.16, 487.74, 388.29, 194.95, 195.10, 291.99, 291.62, 195.02, 291.58, 195.26, 388.65, 97.42, 292.30, 0.00, 97.12, 390.55, 194.26, 292.54, 292.32, 291.62, 292.62, 194.46, 0.00, 194.65, 194.55, 195.01, 97.39, 389.47, 97.42, 194.72, 97.38, 389.19, 291.90, 0.00, 0.00, 0.00, 97.41, 0.00, 194.93, 97.39, 291.79, 97.48, 0.00, 97.49, 0.00, 0.00, 194.60, 0.00, 97.38, 97.37, 97.43, 0.00, 97.40, 0.00, 97.39, 0.00, 0.00, 0.00, 0.00, 0.00, 0.00, 0.00, 0.00, 0.00, 0.00, 0.00, 0.00, 0.00, 0.00, 0.00, 0.00, 0.00, 0.00, 0.00, 0.00, 0.00, 0.00, 0.00, 0.00, 0.00, 0.00, 0.00, 0.00, 0.00, 0.00, 0.00, 0.00, 0.00, 0.00
61832.00, 50.00, 880.62, 106.81, 6513.13, 1555.27, 1070.01, 389.65, 485.60, 584.45, 774.52, 680.76, 389.15, 876.56, 388.61, 584.46, 193.87, 97.34, 194.82, 291.58, 291.20, 194.74, 291.17, 97.49, 194.05, 97.28, 97.29, 292.15, 290.93, 195.00, 96.99, 0.00, 389.21, 194.14, 487.00, 194.18, 389.32, 291.57, 97.14, 97.37, 291.77, 486.15, 486.40, 194.44, 194.48, 291.48, 291.48, 0.00, 97.38, 388.52, 0.00, 97.19, 97.33, 0.00, 291.38, 194.69, 0.00, 0.00, 0.00, 97.30, 0.00, 0.00, 0.00, 0.00, 0.00, 0.00, 0.00, 0.00, 0.00, 0.00, 0.00, 97.24, 0.00, 0.00, 0.00, 0.00, 0.00, 0.00, 0.00, 0.00, 0.00, 0.00, 0.00, 0.00, 0.00, 0.00, 0.00, 0.00, 0.00, 0.00, 0.00, 0.00, 0.00, 0.00, 0.00, 0.00, 0.00, 0.00, 0.00, 0.00, 0.00, 0.00, 0.00
61833.00, 49.96, 880.45, 112.88, 7879.45, 1556.33, 1168.08, 1072.28, 583.12, 682.33, 581.29, 486.59, 292.06, 487.31, 583.31, 97.48, 776.00, 292.21, 0.00, 194.52, 291.40, 194.87, 388.49, 292.68, 194.18, 0.00, 389.44, 97.45, 388.17, 195.13, 388.24, 0.00, 97.37, 0.00, 389.87, 291.47, 389.58, 486.28, 0.00, 389.74, 97.32, 194.59, 292.04, 0.00, 194.61, 388.90, 194.45, 194.61, 0.00, 97.20, 97.34, 0.00, 389.57, 97.32, 97.19, 292.24, 97.18, 97.42, 0.00, 0.00, 97.23, 0.00, 0.00, 0.00, 97.36, 0.00, 0.00, 0.00, 0.00, 0.00, 0.00, 0.00, 0.00, 0.00, 0.00, 0.00, 0.00, 0.00, 0.00, 0.00, 0.00, 0.00, 0.00, 0.00, 0.00, 0.00, 0.00, 0.00, 0.00, 0.00, 0.00, 0.00, 0.00, 0.00, 0.00, 0.00, 0.00, 0.00, 0.00, 0.00, 0.00, 0.00, 0.00
61834.00, 49.98, 880.16, 122.45, 8557.48, 2528.18, 973.07, 779.57, 680.08, 584.65, 1065.33, 291.85, 194.64, 389.71, 777.48, 194.89, 387.87, 97.37, 487.23, 194.45, 582.60, 194.80, 291.27, 195.05, 97.06, 97.31, 97.33, 194.83, 485.05, 195.06, 679.18, 194.82, 292.01, 0.00, 97.43, 0.00, 97.36, 97.22, 388.68, 389.60, 486.45, 97.26, 389.25, 97.25, 291.81, 0.00, 194.39, 291.81, 292.25, 194.33, 291.92, 291.66, 194.72, 0.00, 388.64, 97.38, 194.30, 0.00, 0.00, 0.00, 0.00, 0.00, 0.00, 97.26, 0.00, 194.54, 0.00, 0.00, 0.00, 0.00, 0.00, 0.00, 0.00, 0.00, 0.00, 0.00, 0.00, 0.00, 0.00, 0.00, 0.00, 0.00, 0.00, 0.00, 0.00, 0.00, 0.00, 0.00, 0.00, 0.00, 0.00, 0.00, 0.00, 0.00, 0.00, 0.00, 0.00, 0.00, 0.00, 0.00, 0.00, 0.00, 0.00
61835.00, 50.00, 880.02, 111.61, 8165.72, 2041.30, 1070.01, 681.89, 485.60, 876.68, 774.52, 778.01, 486.44, 584.37, 1068.68, 97.41, 290.80, 584.03, 292.24, 388.77, 291.20, 0.00, 388.23, 389.97, 0.00, 0.00, 97.29, 194.76, 0.00, 292.50, 193.99, 292.13, 97.30, 0.00, 97.40, 194.18, 194.66, 388.76, 388.54, 292.10, 291.77, 291.69, 389.12, 194.44, 97.24, 388.63, 388.64, 194.47, 194.77, 97.13, 97.27, 97.19, 194.65, 0.00, 0.00, 97.35, 194.23, 97.35, 97.16, 0.00, 0.00, 0.00, 97.24, 0.00, 0.00, 194.47, 0.00, 0.00, 0.00, 0.00, 0.00, 0.00, 0.00, 0.00, 0.00, 0.00, 0.00, 0.00, 0.00, 0.00, 0.00, 0.00, 0.00, 0.00, 0.00, 0.00, 0.00, 0.00, 0.00, 0.00, 0.00, 0.00, 0.00, 0.00, 0.00, 0.00, 0.00, 0.00, 0.00, 0.00, 0.00, 0.00, 0.00
61836.00, 49.98, 879.59, 100.83, 8362.15, 1652.87, 681.08, 194.87, 582.87, 292.30, 677.87, 291.82, 389.24, 487.09, 485.88, 389.74, 96.96, 778.89, 0.00, 0.00, 194.18, 292.18, 97.08, 97.52, 0.00, 291.91, 291.95, 487.03, 97.00, 195.04, 0.00, 292.20, 194.65, 291.27, 292.27, 194.23, 194.71, 194.43, 485.80, 292.17, 0.00, 194.51, 194.61, 291.73, 0.00, 194.36, 194.37, 97.26, 194.81, 291.46, 97.30, 97.21, 0.00, 0.00, 97.15, 292.11, 97.14, 97.38, 0.00, 0.00, 0.00, 97.24, 0.00, 0.00, 97.32, 97.26, 0.00, 0.00, 0.00, 97.25, 0.00, 0.00, 0.00, 0.00, 0.00, 0.00, 0.00, 0.00, 0.00, 0.00, 0.00, 0.00, 0.00, 0.00, 0.00, 0.00, 0.00, 0.00, 0.00, 0.00, 0.00, 0.00, 0.00, 0.00, 0.00, 0.00, 0.00, 0.00, 0.00, 0.00, 0.00, 0.00, 0.00
61837.00, 49.97, 879.40, 110.47, 4279.77, 1264.39, 778.64, 292.41, 777.42, 194.93, 678.10, 389.23, 292.03, 389.81, 583.25, 389.87, 387.96, 0.00, 194.94, 194.50, 291.37, 487.13, 194.23, 292.65, 388.32, 97.34, 292.05, 389.75, 97.03, 97.56, 388.20, 389.73, 194.72, 194.25, 487.28, 97.15, 292.16, 0.00, 388.77, 389.70, 291.94, 97.29, 194.67, 97.28, 0.00, 194.43, 97.22, 194.59, 0.00, 97.19, 291.99, 291.73, 97.38, 291.92, 0.00, 194.81, 97.17, 0.00, 0.00, 0.00, 0.00, 97.27, 0.00, 0.00, 0.00, 0.00, 0.00, 0.00, 97.31, 0.00, 0.00, 0.00, 0.00, 0.00, 0.00, 0.00, 0.00, 0.00, 0.00, 0.00, 0.00, 0.00, 0.00, 0.00, 0.00, 0.00, 0.00, 0.00, 0.00, 0.00, 0.00, 0.00, 0.00, 0.00, 0.00, 0.00, 0.00, 0.00, 0.00, 0.00, 0.00, 0.00, 0.00
61838.00, 50.00, 878.96, 111.60, 5735.10, 1555.18, 486.34, 974.08, 971.15, 681.82, 387.24, 583.47, 194.56, 486.95, 485.73, 487.02, 387.71, 681.32, 292.22, 194.37, 582.37, 194.73, 291.15, 292.46, 291.05, 194.55, 97.29, 292.13, 96.97, 292.48, 387.95, 292.11, 389.19, 97.06, 0.00, 388.34, 97.32, 291.55, 291.39, 292.09, 97.25, 291.67, 291.82, 194.43, 0.00, 97.15, 194.31, 0.00, 97.38, 194.25, 194.53, 97.18, 97.32, 97.25, 194.24, 97.34, 0.00, 97.35, 0.00, 0.00, 0.00, 0.00, 0.00, 0.00, 0.00, 0.00, 0.00, 0.00, 0.00, 0.00, 0.00, 0.00, 0.00, 0.00, 0.00, 0.00, 0.00, 0.00, 0.00, 0.00, 0.00, 0.00, 0.00, 0.00, 0.00, 0.00, 0.00, 0.00, 0.00, 0.00, 0.00, 0.00, 0.00, 0.00, 0.00, 0.00, 0.00, 0.00, 0.00, 0.00, 0.00, 0.00, 0.00
61839.00, 49.97, 878.80, 114.06, 4279.34, 1069.76, 486.60, 487.30, 777.34, 584.74, 774.89, 0.00, 778.67, 194.88, 97.20, 487.29, 484.90, 779.08, 194.92, 194.48, 194.23, 194.83, 194.21, 97.54, 194.14, 291.98, 97.34, 97.43, 97.02, 390.18, 582.24, 194.85, 0.00, 194.23, 97.45, 485.69, 194.75, 194.47, 291.55, 194.83, 486.52, 97.28, 291.98, 0.00, 194.57, 97.21, 194.41, 97.28, 0.00, 194.35, 194.64, 291.70, 194.74, 194.60, 97.17, 0.00, 0.00, 194.80, 194.42, 0.00, 0.00, 0.00, 0.00, 194.55, 0.00, 0.00, 0.00, 97.21, 0.00, 0.00, 0.00, 0.00, 0.00, 0.00, 0.00, 0.00, 0.00, 0.00, 0.00, 0.00, 0.00, 0.00, 0.00, 0.00, 0.00, 0.00, 0.00, 0.00, 0.00, 0.00, 0.00, 0.00, 0.00, 0.00, 0.00, 0.00, 0.00, 0.00, 0.00, 0.00, 0.00, 0.00, 0.00
61840.00, 50.01, 878.34, 130.77, 2915.45, 1166.11, 777.96, 1265.99, 873.83, 681.66, 483.93, 875.00, 486.29, 486.83, 582.74, 194.76, 290.72, 486.54, 194.77, 680.14, 0.00, 194.68, 194.06, 0.00, 193.99, 291.75, 389.06, 292.06, 290.85, 487.35, 484.82, 292.04, 291.82, 0.00, 97.37, 291.19, 97.30, 388.64, 97.11, 97.34, 194.45, 291.60, 194.50, 388.76, 194.42, 291.39, 194.26, 97.21, 292.06, 485.50, 97.24, 194.31, 0.00, 388.89, 291.29, 0.00, 0.00, 97.32, 194.27, 97.27, 0.00, 97.19, 97.21, 0.00, 97.27, 97.21, 97.23, 0.00, 0.00, 0.00, 0.00, 0.00, 0.00, 0.00, 0.00, 0.00, 0.00, 0.00, 0.00, 0.00, 0.00, 0.00, 0.00, 0.00, 0.00, 0.00, 0.00, 0.00, 0.00, 0.00, 0.00, 0.00, 0.00, 0.00, 0.00, 0.00, 0.00, 0.00, 0.00, 0.00, 0.00, 0.00, 0.00
61841.00, 50.01, 878.07, 105.59, 4082.21, 1943.78, 680.81, 486.99, 873.95, 681.75, 387.20, 777.89, 486.36, 584.28, 679.96, 389.58, 193.84, 291.97, 194.79, 194.35, 194.10, 194.71, 194.08, 389.91, 97.01, 291.79, 291.83, 0.00, 290.89, 97.48, 484.89, 97.36, 0.00, 194.11, 0.00, 97.08, 97.31, 388.69, 291.36, 194.70, 0.00, 291.64, 0.00, 291.61, 194.45, 291.43, 388.58, 583.33, 0.00, 291.34, 0.00, 0.00, 0.00, 97.24, 97.11, 194.66, 97.10, 194.67, 97.15, 97.28, 0.00, 0.00, 97.22, 0.00, 97.28, 97.22, 97.24, 97.15, 0.00, 0.00, 0.00, 0.00, 0.00, 0.00, 0.00, 0.00, 0.00, 0.00, 0.00, 0.00, 0.00, 0.00, 0.00, 0.00, 0.00, 0.00, 0.00, 0.00, 0.00, 0.00, 0.00, 0.00, 0.00, 0.00, 97.22, 0.00, 0.00, 0.00, 0.00, 0.00, 0.00, 0.00, 0.00
61842.00, 50.01, 877.79, 94.78, 6802.73, 1166.11, 388.98, 292.15, 776.73, 486.90, 483.93, 583.33, 194.52, 97.37, 582.74, 292.14, 387.62, 97.31, 292.15, 0.00, 388.15, 97.34, 291.08, 194.93, 0.00, 389.00, 0.00, 389.41, 96.95, 0.00, 193.93, 97.35, 194.55, 97.04, 97.37, 388.25, 486.50, 194.32, 97.11, 194.68, 388.91, 97.20, 194.50, 97.19, 291.63, 97.13, 97.13, 0.00, 97.35, 97.10, 0.00, 97.16, 97.30, 97.22, 194.19, 194.63, 97.09, 194.64, 0.00, 0.00, 97.13, 0.00, 97.21, 194.40, 0.00, 0.00, 0.00, 97.14, 0.00, 0.00, 0.00, 97.21, 0.00, 0.00, 0.00, 0.00, 0.00, 0.00, 0.00, 0.00, 0.00, 0.00, 0.00, 0.00, 0.00, 0.00, 0.00, 0.00, 0.00, 0.00, 0.00, 0.00, 0.00, 0.00, 0.00, 0.00, 0.00, 0.00, 0.00, 0.00, 0.00, 0.00, 0.00
61843.00, 49.98, 877.60, 120.05, 30633.10, 8946.22, 1556.98, 1071.95, 485.79, 487.23, 484.26, 486.44, 291.97, 194.87, 194.38, 389.79, 290.91, 486.87, 292.35, 194.46, 388.42, 389.62, 194.19, 97.53, 388.24, 291.95, 97.33, 0.00, 194.03, 390.14, 291.09, 97.41, 194.68, 291.31, 584.62, 194.26, 292.10, 291.68, 388.69, 97.40, 194.59, 486.33, 291.95, 194.51, 194.55, 0.00, 291.59, 389.10, 97.42, 194.33, 0.00, 97.22, 194.72, 0.00, 0.00, 0.00, 97.15, 0.00, 0.00, 97.34, 194.39, 97.25, 97.28, 0.00, 0.00, 0.00, 0.00, 97.20, 0.00, 0.00, 0.00, 0.00, 0.00, 0.00, 0.00, 0.00, 0.00, 0.00, 0.00, 0.00, 0.00, 0.00, 0.00, 0.00, 0.00, 0.00, 0.00, 0.00, 0.00, 0.00, 0.00, 0.00, 0.00, 0.00, 0.00, 0.00, 0.00, 0.00, 0.00, 0.00, 0.00, 0.00, 0.00
61844.00, 49.95, 877.06, 102.10, 48940.19, 17901.40, 2531.35, 1267.49, 486.03, 974.95, 387.60, 584.02, 194.75, 292.44, 97.24, 877.47, 388.08, 97.42, 389.99, 194.56, 291.46, 194.91, 97.14, 97.58, 291.33, 292.10, 194.76, 194.94, 291.19, 97.58, 291.24, 194.92, 389.56, 194.31, 292.46, 291.53, 194.83, 97.27, 291.66, 194.91, 292.03, 97.32, 292.10, 194.61, 194.65, 0.00, 97.25, 194.65, 97.47, 97.22, 97.36, 0.00, 97.41, 292.01, 194.42, 0.00, 194.41, 97.44, 0.00, 0.00, 0.00, 0.00, 97.32, 0.00, 97.38, 0.00, 0.00, 0.00, 0.00, 0.00, 0.00, 0.00, 0.00, 0.00, 0.00, 0.00, 0.00, 0.00, 0.00, 0.00, 0.00, 0.00, 0.00, 0.00, 0.00, 0.00, 0.00, 0.00, 0.00, 0.00, 0.00, 0.00, 0.00, 0.00, 0.00, 0.00, 0.00, 0.00, 0.00, 0.00, 0.00, 0.00, 0.00
61845.00, 50.01, 876.74, 128.36, 108061.85, 51695.27, 13905.47, 2531.89, 679.62, 292.13, 290.35, 777.75, 486.27, 292.09, 485.60, 292.13, 96.90, 194.61, 389.52, 194.32, 97.03, 389.34, 194.05, 194.92, 387.96, 388.99, 389.04, 292.05, 193.89, 97.47, 290.88, 389.37, 583.62, 291.11, 389.47, 582.35, 389.19, 0.00, 485.51, 97.33, 0.00, 97.20, 0.00, 388.75, 486.03, 97.13, 582.76, 97.20, 292.05, 194.19, 97.24, 388.61, 194.58, 0.00, 194.19, 97.31, 97.08, 0.00, 97.13, 0.00, 0.00, 0.00, 0.00, 0.00, 0.00, 0.00, 0.00, 0.00, 0.00, 0.00, 0.00, 0.00, 0.00, 0.00, 0.00, 0.00, 0.00, 0.00, 0.00, 0.00, 0.00, 0.00, 0.00, 0.00, 0.00, 0.00, 0.00, 0.00, 0.00, 0.00, 0.00, 0.00, 0.00, 0.00, 0.00, 0.00, 0.00, 0.00, 0.00, 0.00, 0.00, 0.00, 0.00
61846.00, 49.95, 876.49, 120.12, 196352.39, 122006.82, 54523.65, 13942.94, 2721.89, 1169.99, 678.33, 486.70, 0.00, 389.94, 486.21, 292.50, 194.05, 97.43, 0.00, 194.56, 485.78, 292.38, 194.29, 292.75, 485.57, 389.48, 486.92, 194.94, 291.20, 195.18, 291.25, 194.93, 292.18, 291.47, 0.00, 485.90, 292.26, 194.56, 97.23, 97.46, 389.38, 0.00, 194.74, 389.24, 194.66, 194.50, 194.50, 97.33, 194.95, 194.44, 0.00, 389.10, 97.41, 194.68, 97.22, 97.44, 291.62, 0.00, 0.00, 0.00, 0.00, 0.00, 0.00, 0.00, 194.77, 97.33, 0.00, 0.00, 0.00, 0.00, 0.00, 97.33, 0.00, 0.00, 0.00, 0.00, 0.00, 0.00, 0.00, 0.00, 0.00, 0.00, 0.00, 0.00, 97.32, 0.00, 0.00, 0.00, 0.00, 0.00, 0.00, 0.00, 0.00, 0.00, 0.00, 0.00, 0.00, 0.00, 0.00, 0.00, 0.00, 0.00, 0.00
61847.00, 50.08, 876.28, 113.82, 166835.37, 90739.29, 41468.85, 8753.02, 1648.38, 778.01, 386.63, 97.09, 388.52, 194.48, 290.99, 97.25, 387.11, 388.72, 0.00, 291.11, 96.91, 291.63, 290.70, 97.33, 0.00, 194.25, 194.27, 291.67, 193.64, 194.68, 290.51, 97.22, 291.44, 484.56, 0.00, 581.61, 291.52, 291.10, 193.96, 291.63, 291.30, 582.44, 194.25, 97.06, 194.16, 291.00, 194.01, 194.16, 291.68, 290.92, 194.23, 0.00, 97.17, 97.09, 96.97, 97.19, 193.92, 0.00, 0.00, 97.14, 0.00, 0.00, 0.00, 0.00, 0.00, 0.00, 0.00, 0.00, 0.00, 0.00, 0.00, 0.00, 0.00, 0.00, 0.00, 0.00, 0.00, 0.00, 0.00, 0.00, 0.00, 0.00, 0.00, 0.00, 0.00, 0.00, 0.00, 0.00, 0.00, 0.00, 0.00, 0.00, 0.00, 0.00, 0.00, 0.00, 0.00, 0.00, 0.00, 0.00, 0.00, 0.00, 0.00
61848.00, 49.96, 875.84, 92.47, 125395.23, 60893.92, 18592.74, 3996.83, 583.15, 292.44, 581.31, 486.61, 389.43, 97.47, 291.67, 584.88, 582.02, 97.41, 97.48, 97.26, 97.14, 97.44, 291.38, 487.81, 582.56, 292.05, 292.09, 194.90, 97.05, 97.57, 97.06, 194.89, 0.00, 291.41, 194.94, 97.16, 0.00, 97.26, 97.21, 97.44, 97.33, 194.60, 0.00, 291.87, 194.62, 388.91, 291.69, 291.92, 487.27, 0.00, 0.00, 97.26, 97.40, 0.00, 194.39, 0.00, 0.00, 97.42, 0.00, 0.00, 0.00, 97.29, 0.00, 97.30, 0.00, 0.00, 0.00, 0.00, 0.00, 0.00, 0.00, 0.00, 0.00, 0.00, 0.00, 0.00, 0.00, 0.00, 0.00, 0.00, 0.00, 0.00, 0.00, 0.00, 0.00, 0.00, 0.00, 0.00, 0.00, 0.00, 0.00, 0.00, 0.00, 0.00, 0.00, 0.00, 0.00, 0.00, 0.00, 0.00, 0.00, 0.00, 0.00
61849.00, 49.93, 875.49, 105.76, 92384.40, 40981.33, 11202.43, 1951.04, 291.78, 487.74, 193.91, 194.78, 584.55, 487.67, 486.45, 0.00, 97.07, 389.91, 292.65, 97.33, 388.82, 0.00, 194.39, 292.89, 194.32, 292.25, 194.86, 292.56, 194.23, 390.55, 0.00, 390.06, 97.44, 0.00, 292.62, 97.23, 194.94, 486.64, 194.55, 292.52, 194.79, 194.74, 194.84, 194.72, 292.13, 291.89, 97.30, 0.00, 390.09, 97.27, 97.41, 97.32, 292.39, 97.39, 291.79, 97.48, 0.00, 0.00, 0.00, 0.00, 0.00, 0.00, 97.38, 0.00, 0.00, 0.00, 0.00, 0.00, 97.39, 0.00, 0.00, 0.00, 0.00, 0.00, 0.00, 0.00, 0.00, 0.00, 0.00, 0.00, 0.00, 0.00, 0.00, 0.00, 0.00, 0.00, 0.00, 0.00, 0.00, 0.00, 0.00, 0.00, 0.00, 0.00, 0.00, 0.00, 0.00, 0.00, 97.36, 0.00, 0.00, 0.00, 0.00
61850.00, 49.96, 875.30, 109.29, 78019.37, 31419.71, 8566.29, 1754.70, 777.53, 584.88, 484.42, 681.25, 97.36, 487.33, 194.44, 487.40, 97.00, 292.22, 779.86, 389.05, 291.41, 292.32, 97.13, 292.69, 194.19, 194.70, 97.36, 97.45, 194.10, 195.14, 97.06, 97.45, 389.49, 194.28, 97.47, 388.64, 194.80, 194.52, 97.21, 194.88, 194.65, 389.20, 292.05, 291.87, 194.62, 194.46, 194.46, 97.31, 194.91, 97.20, 194.68, 97.26, 194.79, 194.64, 97.20, 0.00, 0.00, 194.84, 0.00, 97.37, 0.00, 0.00, 0.00, 0.00, 0.00, 0.00, 0.00, 97.24, 0.00, 0.00, 0.00, 0.00, 0.00, 0.00, 0.00, 0.00, 0.00, 0.00, 0.00, 97.33, 0.00, 0.00, 0.00, 0.00, 0.00, 0.00, 0.00, 0.00, 0.00, 0.00, 0.00, 0.00, 0.00, 0.00, 0.00, 0.00, 0.00, 0.00, 0.00, 0.00, 0.00, 0.00, 0.00
61851.00, 50.01, 874.89, 115.18, 59481.22, 22449.77, 4570.97, 1363.51, 291.30, 389.56, 387.18, 486.16, 486.34, 486.88, 485.66, 584.35, 290.74, 97.32, 389.57, 388.69, 194.10, 389.40, 388.15, 97.47, 485.02, 97.26, 291.82, 97.36, 193.92, 194.96, 387.90, 292.07, 291.85, 388.19, 194.76, 485.36, 97.31, 194.34, 97.12, 389.39, 0.00, 97.21, 0.00, 97.20, 486.09, 0.00, 0.00, 291.65, 97.36, 97.11, 291.76, 97.17, 291.92, 97.23, 388.43, 0.00, 0.00, 97.33, 97.14, 97.28, 0.00, 194.39, 0.00, 0.00, 0.00, 0.00, 0.00, 0.00, 0.00, 0.00, 0.00, 97.22, 0.00, 0.00, 0.00, 0.00, 0.00, 0.00, 0.00, 0.00, 0.00, 0.00, 0.00, 0.00, 0.00, 0.00, 0.00, 0.00, 0.00, 0.00, 0.00, 0.00, 0.00, 0.00, 0.00, 0.00, 0.00, 0.00, 0.00, 0.00, 0.00, 0.00, 0.00
61852.00, 50.00, 874.59, 93.60, 31590.41, 6900.84, 972.64, 974.04, 582.67, 876.59, 290.42, 194.48, 389.11, 681.70, 194.29, 389.60, 96.92, 0.00, 292.21, 97.18, 194.11, 97.36, 291.14, 487.41, 194.03, 291.81, 291.85, 292.12, 0.00, 389.96, 387.93, 486.83, 389.17, 97.06, 194.78, 194.16, 97.32, 0.00, 97.13, 292.07, 291.74, 583.32, 194.54, 97.21, 97.23, 0.00, 194.30, 0.00, 194.75, 97.12, 97.26, 0.00, 97.32, 0.00, 97.12, 0.00, 0.00, 97.34, 0.00, 0.00, 0.00, 0.00, 0.00, 0.00, 194.57, 0.00, 0.00, 0.00, 0.00, 0.00, 0.00, 0.00, 0.00, 0.00, 0.00, 0.00, 0.00, 0.00, 0.00, 0.00, 0.00, 0.00, 0.00, 0.00, 0.00, 0.00, 0.00, 0.00, 0.00, 0.00, 0.00, 0.00, 0.00, 0.00, 0.00, 0.00, 0.00, 0.00, 0.00, 0.00, 0.00, 0.00, 0.00
