data/raw/Flight10/UHSAS_Polar6_20150421_R2_L1.ict
140,1001
Herber, Andreas; Schulz, Hannes
Alfred-Wegener-Institute, Bremerhaven, Germany
UHSAS, POLAR 6
NETCARE Polar 6 Campaign 2015
1,1
2015,04,21, 2017, 05, 08
1
time,s,number of seconds from start of date in UTC
102
1,1,1,1,1,1,1,1,1,1,1,1,1,1,1,1,1,1,1,1,1,1,1,1,1,1,1,1,1,1,1,1,1,1,1,1,1,1,1,1,1,1,1,1,1,1,1,1,1,1,1,1,1,1,1,1,1,1,1,1,1,1,1,1,1,1,1,1,1,1,1,1,1,1,1,1,1,1,1,1,1,1,1,1,1,1,1,1,1,1,1,1,1,1,1,1,1,1,1,1,1,1
-9999,-9999,-9999,-9999,-9999,-9999,-9999,-9999,-9999,-9999,-9999,-9999,-9999,-9999,-9999,-9999,-9999,-9999,-9999,-9999,-9999,-9999,-9999,-9999,-9999,-9999,-9999,-9999,-9999,-9999,-9999,-9999,-9999,-9999,-9999,-9999,-9999,-9999,-9999,-9999,-9999,-9999,-9999,-9999,-9999,-9999,-9999,-9999,-9999,-9999,-9999,-9999,-9999,-9999,-9999,-9999,-9999,-9999,-9999,-9999,-9999,-9999,-9999,-9999,-9999,-9999,-9999,-9999,-9999,-9999,-9999,-9999,-9999,-9999,-9999,-9999,-9999,-9999,-9999,-9999,-9999,-9999,-9999,-9999,-9999,-9999,-9999,-9999,-9999,-9999,-9999,-9999,-9999,-9999,-9999,-9999,-9999,-9999,-9999,-9999,-9999,-9999
flow,sccm,sample flow
pressure,hPa,chamber pressure
total_number_conc,#/sccm,total number of scattering particles (70-1000 nm) per sccm
bin_1,number/volume,dN/dlogD normalised number concentration per 1 sccm of sampled air
bin_2,number/volume,dN/dlogD normalised number concentration per 1 sccm of sampled air
bin_3,number/volume,dN/dlogD normalised number concentration per 1 sccm of sampled air
bin_4,number/volume,dN/dlogD normalised number concentration per 1 sccm of sampled air
bin_5,number/volume,dN/dlogD normalised number concentration per 1 sccm of sampled air
bin_6,number/volume,dN/dlogD normalised number concentration per 1 sccm of sampled air
bin_7,number/volume,dN/dlogD normalised number concentration per 1 sccm of sampled air
bin_8,number/volume,dN/dlogD normalised number concentration per 1 sccm of sampled air
bin_9,number/volume,dN/dlogD normalised number concentration per 1 sccm of sampled air
bin_10,number/volume,dN/dlogD normalised number concentration per 1 sccm of sampled air
bin_11,number/volume,dN/dlogD normalised number concentration per 1 sccm of sampled air
bin_12,number/volume,dN/dlogD normalised number concentration per 1 sccm of sampled air
bin_13,number/volume,dN/dlogD normalised number concentration per 1 sccm of sampled air
bin_14,number/volume,dN/dlogD normalised number concentration per 1 sccm of sampled air
bin_15,number/volume,dN/dlogD normalised number concentration per 1 sccm of sampled air
bin_16,number/volume,dN/dlogD normalised number concentration per 1 sccm of sampled air
bin_17,number/volume,dN/dlogD normalised number concentration per 1 sccm of sampled air
bin_18,number/volume,dN/dlogD normalised number concentration per 1 sccm of sampled air
bin_19,number/volume,dN/dlogD normalised number concentration per 1 sccm of sampled air
bin_20,number/volume,dN/dlogD normalised number concentration per 1 sccm of sampled air
bin_21,number/volume,dN/dlogD normalised number concentration per 1 sccm of sampled air
bin_22,number/volume,dN/dlogD normalised number concentration per 1 sccm of sampled air
bin_23,number/volume,dN/dlogD normalised number concentration per 1 sccm of sampled air
bin_24,number/volume,dN/dlogD normalised number concentration per 1 sccm of sampled air
[...]
UNCERTAINTY: counting efficiency 99%
ULOD_FLAG: -7777
ULOD_VALUE: N/A
LLOD_FLAG: -8888
LLOD_VALUE: N/A
DM_CONTACT_INFO: Hannes Schulz, AWI Bremerhaven; hannes.schulz@awi.de
PROJECT_INFO: Polar 6 NETCARE spring 2015 campaign
STIPULATIONS_ON_USE: N/A
OTHER_COMMENTS: N/A
REVISION: R2
R0: First set of data, uncorrected raw data!
R1: An error in normalisation is fixed. Issues with calibration: kink in distribution around 250 nm. Laser stability: noise counts in bins << 85 nm; partly filtered but those bins should be used with caution!
R2: Bins < 85 nm excluded from total number concentration. Error fixes. Problems mentioned above remain. Zero measurements and spikes masked -9999
time,flow,pressure,total_number_conc,bin_1,bin_2,bin_3,bin_4,bin_5,bin_6,bin_7,bin_8,bin_9,bin_10,bin_11,bin_12,bin_13,bin_14,bin_15,bin_16,bin_17,bin_18,bin_19,bin_20,bin_21,bin_22,bin_23,bin_24,bin_25,bin_26,bin_27,bin_28,bin_29,bin_30,bin_31,bin_32,bin_33,bin_34,bin_35,bin_36,bin_37,bin_38,bin_39,bin_40,bin_41,bin_42,bin_43,bin_44,bin_45,bin_46,bin_47,bin_48,bin_49,bin_50,bin_51,bin_52,bin_53,bin_54,bin_55,bin_56,bin_57,bin_58,bin_59,bin_60,bin_61,bin_62,bin_63,bin_64,bin_65,bin_66,bin_67,bin_68,bin_69,bin_70,bin_71,bin_72,bin_73,bin_74,bin_75,bin_76,bin_77,bin_78,bin_79,bin_80,bin_81,bin_82,bin_83,bin_84,bin_85,bin_86,bin_87,bin_88,bin_89,bin_90,bin_91,bin_92,bin_93,bin_94,bin_95,bin_96,bin_97,bin_98,bin_99
[from data line 1674]
59750.00, 49.98, 895.87, 183.69, 1264.30, 97.25, 389.27, 194.91, 97.16, 292.36, 290.57, 97.29, 194.66, 292.32, 680.37, 97.45, 96.98, 389.52, 487.27, 388.94, 194.22, 194.82, 97.10, 195.07, 194.13, 194.65, 486.68, 194.85, 194.04, 390.17, 388.14, 487.10, 584.08, 582.66, 876.99, 388.54, 194.74, 291.70, 971.79, 97.41, 194.60, 389.09, 97.32, 97.26, 486.41, 486.01, 486.02, 194.56, 194.85, 388.69, 194.63, 583.38, 194.74, 389.18, 485.84, 0.00, 291.48, 194.79, 291.62, 0.00, 291.61, 194.52, 0.00, 0.00, 194.68, 0.00, 0.00, 0.00, 0.00, 0.00, 0.00, 0.00, 0.00, 0.00, 0.00, 0.00, 0.00, 0.00, 0.00, 0.00, 0.00, 0.00, 0.00, 0.00, 0.00, 0.00, 0.00, 0.00, 0.00, 0.00, 0.00, 0.00, 0.00, 0.00, 0.00, 0.00, 0.00, 0.00, 0.00, 0.00, 0.00, 0.00, 0.00
59751.00, 49.95, 895.97, 130.94, 1946.20, 291.91, 292.12, 292.54, 194.44, 97.51, 96.91, 389.40, 97.39, 0.00, 291.75, 97.51, 194.07, 0.00, 292.53, 291.88, 388.67, 97.47, 388.62, 487.96, 97.12, 97.38, 486.97, 389.93, 97.08, 195.20, 194.18, 292.43, 97.40, 680.17, 585.00, 194.38, 97.43, 97.29, 97.24, 97.47, 194.71, 97.33, 97.38, 486.59, 97.34, 291.77, 291.78, 97.34, 194.97, 291.69, 0.00, 194.57, 97.42, 389.40, 291.68, 194.89, 97.22, 292.35, 97.26, 0.00, 97.26, 97.32, 0.00, 97.33, 0.00, 0.00, 97.36, 97.27, 97.35, 97.32, 0.00, 97.34, 0.00, 0.00, 97.36, 0.00, 0.00, 0.00, 0.00, 0.00, 0.00, 0.00, 0.00, 0.00, 0.00, 0.00, 0.00, 0.00, 0.00, 0.00, 0.00, 0.00, 0.00, 0.00, 0.00, 0.00, 0.00, 0.00, 0.00, 0.00, 0.00, 0.00, 0.00
59752.00, 49.90, 895.78, 143.09, 1363.60, 389.57, 0.00, 97.60, 0.00, 97.60, 0.00, 194.88, 194.95, 292.75, 194.68, 292.80, 194.25, 97.53, 292.80, 194.76, 291.77, 487.79, 0.00, 293.04, 0.00, 194.94, 292.45, 292.71, 291.50, 390.75, 485.91, 390.26, 292.48, 389.03, 97.59, 291.84, 292.56, 194.76, 97.32, 97.56, 389.78, 487.09, 292.41, 194.82, 292.28, 194.69, 194.70, 194.85, 487.87, 97.32, 194.92, 486.88, 195.03, 292.32, 0.00, 292.61, 194.61, 97.54, 97.35, 0.00, 97.35, 194.81, 292.28, 0.00, 97.49, 0.00, 0.00, 0.00, 0.00, 0.00, 194.94, 97.43, 0.00, 0.00, 0.00, 0.00, 0.00, 0.00, 0.00, 0.00, 0.00, 0.00, 0.00, 0.00, 0.00, 0.00, 0.00, 0.00, 0.00, 0.00, 0.00, 0.00, 0.00, 0.00, 0.00, 0.00, 0.00, 0.00, 0.00, 0.00, 0.00, 0.00, 0.00
59753.00, 50.01, 895.89, 146.36, 1166.18, 388.70, 194.49, 292.15, 0.00, 194.76, 96.79, 388.89, 194.52, 292.10, 291.37, 292.14, 290.72, 0.00, 0.00, 97.16, 194.08, 292.02, 388.11, 194.93, 96.99, 389.00, 194.53, 584.12, 581.69, 194.94, 387.86, 389.39, 194.55, 388.16, 292.11, 582.37, 486.50, 97.16, 97.11, 389.35, 388.91, 680.40, 97.25, 291.57, 388.84, 0.00, 194.26, 97.21, 389.42, 388.40, 388.97, 291.47, 194.59, 97.22, 97.10, 97.32, 0.00, 194.64, 97.13, 97.27, 0.00, 0.00, 97.21, 0.00, 97.27, 0.00, 97.23, 0.00, 0.00, 0.00, 0.00, 97.21, 97.17, 97.20, 0.00, 0.00, 0.00, 0.00, 0.00, 0.00, 0.00, 0.00, 0.00, 0.00, 0.00, 0.00, 0.00, 0.00, 0.00, 0.00, 0.00, 0.00, 0.00, 0.00, 0.00, 0.00, 0.00, 0.00, 0.00, 0.00, 0.00, 0.00, 0.00
59754.00, 50.01, 895.97, 142.79, 777.56, 194.38, 389.03, 0.00, 0.00, 194.79, 290.40, 194.47, 291.82, 194.76, 97.14, 292.18, 96.92, 97.32, 389.59, 291.53, 194.10, 389.41, 97.04, 97.48, 97.01, 97.26, 194.56, 389.47, 193.92, 389.93, 193.96, 292.08, 291.86, 291.16, 292.15, 582.45, 194.63, 194.35, 388.48, 292.06, 97.24, 486.07, 291.80, 97.20, 486.11, 291.43, 388.58, 194.44, 194.74, 97.11, 97.26, 194.34, 194.62, 194.47, 485.55, 389.32, 97.10, 389.34, 194.30, 0.00, 194.29, 97.20, 97.22, 0.00, 0.00, 0.00, 0.00, 0.00, 97.23, 97.21, 0.00, 0.00, 0.00, 0.00, 0.00, 0.00, 0.00, 0.00, 0.00, 97.25, 0.00, 0.00, 0.00, 0.00, 0.00, 0.00, 0.00, 0.00, 0.00, 0.00, 0.00, 0.00, 0.00, 0.00, 0.00, 0.00, 0.00, 0.00, 0.00, 0.00, 0.00, 0.00, 0.00
59755.00, 49.94, 895.76, 174.20, 778.53, 875.79, 292.14, 0.00, 194.45, 195.03, 96.92, 194.71, 97.39, 97.50, 194.51, 97.52, 388.16, 292.33, 195.03, 97.30, 388.69, 292.42, 97.16, 292.79, 97.13, 292.16, 0.00, 97.49, 582.50, 585.63, 485.49, 292.44, 584.45, 583.04, 292.52, 388.78, 292.30, 389.18, 486.21, 194.95, 194.72, 292.00, 97.39, 389.30, 292.03, 194.53, 194.53, 584.06, 389.96, 194.47, 486.89, 389.17, 487.15, 292.07, 97.23, 0.00, 194.44, 292.37, 97.27, 97.40, 97.26, 194.64, 292.03, 97.33, 97.40, 194.68, 97.36, 0.00, 0.00, 0.00, 97.38, 0.00, 0.00, 0.00, 0.00, 0.00, 0.00, 0.00, 0.00, 0.00, 0.00, 0.00, 0.00, 0.00, 0.00, 0.00, 0.00, 0.00, 0.00, 0.00, 0.00, 0.00, 0.00, 0.00, 0.00, 0.00, 0.00, 0.00, 0.00, 0.00, 0.00, 0.00, 0.00
59756.00, 49.98, 896.03, 147.66, 1944.88, 1069.61, 97.31, 194.89, 97.15, 584.65, 387.39, 97.28, 291.96, 194.86, 97.19, 97.44, 96.97, 389.48, 487.23, 388.90, 97.10, 97.40, 291.27, 195.05, 194.11, 389.25, 194.65, 292.25, 291.03, 390.13, 291.08, 584.46, 389.34, 388.40, 292.30, 291.37, 97.36, 583.33, 97.17, 194.80, 194.58, 291.79, 97.31, 0.00, 875.44, 97.19, 194.39, 97.27, 97.42, 291.49, 0.00, 194.44, 292.07, 194.57, 680.11, 292.14, 97.15, 292.15, 0.00, 97.33, 194.39, 97.25, 0.00, 0.00, 194.66, 0.00, 0.00, 0.00, 97.28, 0.00, 0.00, 0.00, 0.00, 0.00, 0.00, 0.00, 0.00, 0.00, 0.00, 0.00, 0.00, 0.00, 0.00, 0.00, 0.00, 0.00, 0.00, 0.00, 0.00, 0.00, 0.00, 0.00, 0.00, 0.00, 0.00, 0.00, 0.00, 0.00, 0.00, 0.00, 0.00, 0.00, 0.00
59757.00, 49.96, 895.89, 136.91, 1167.37, 194.55, 97.34, 97.48, 97.19, 487.40, 193.77, 97.32, 97.36, 389.86, 194.44, 194.96, 194.01, 97.41, 97.48, 97.26, 194.27, 194.88, 291.38, 195.12, 485.47, 194.70, 97.36, 97.45, 388.19, 487.85, 679.44, 584.68, 681.61, 194.28, 0.00, 388.64, 97.40, 97.26, 194.41, 389.75, 97.33, 291.90, 584.10, 194.58, 486.54, 291.69, 194.46, 97.31, 97.45, 194.40, 97.34, 291.77, 0.00, 389.29, 97.20, 389.66, 194.37, 0.00, 0.00, 194.74, 0.00, 0.00, 97.31, 194.60, 0.00, 0.00, 0.00, 97.24, 0.00, 0.00, 0.00, 0.00, 0.00, 97.30, 0.00, 0.00, 0.00, 0.00, 0.00, 0.00, 0.00, 0.00, 0.00, 0.00, 0.00, 0.00, 0.00, 0.00, 0.00, 0.00, 0.00, 0.00, 0.00, 0.00, 0.00, 0.00, 0.00, 0.00, 0.00, 0.00, 0.00, 0.00, 0.00
59758.00, 49.99, 895.97, 108.02, 1263.87, 291.64, 0.00, 97.42, 97.13, 194.84, 484.12, 194.52, 194.59, 97.41, 97.16, 292.26, 290.83, 0.00, 97.42, 291.61, 291.23, 97.38, 0.00, 97.50, 194.07, 389.16, 97.30, 389.57, 193.97, 195.02, 582.02, 292.16, 291.94, 291.23, 97.41, 0.00, 389.36, 291.60, 388.58, 194.75, 97.27, 291.72, 194.58, 0.00, 97.25, 194.34, 194.34, 194.49, 194.79, 291.42, 0.00, 97.20, 292.00, 291.78, 97.14, 0.00, 97.13, 97.36, 0.00, 97.31, 291.51, 0.00, 0.00, 194.48, 0.00, 0.00, 0.00, 0.00, 0.00, 0.00, 0.00, 0.00, 0.00, 0.00, 0.00, 0.00, 0.00, 0.00, 0.00, 0.00, 0.00, 0.00, 0.00, 0.00, 0.00, 0.00, 0.00, 0.00, 0.00, 0.00, 0.00, 0.00, 0.00, 0.00, 0.00, 0.00, 0.00, 0.00, 0.00, 0.00, 0.00, 0.00, 0.00
59759.00, 49.94, 895.65, 148.97, 1362.43, 194.62, 292.14, 97.52, 97.23, 195.03, 96.92, 97.36, 97.39, 97.50, 194.51, 292.55, 97.04, 97.44, 487.59, 194.60, 0.00, 292.42, 0.00, 292.79, 291.39, 389.54, 487.00, 97.49, 388.33, 97.60, 291.29, 584.89, 0.00, 583.04, 487.53, 291.59, 292.30, 97.29, 291.72, 194.95, 389.45, 292.00, 0.00, 486.62, 97.34, 291.79, 583.59, 194.69, 97.49, 194.47, 292.13, 194.58, 97.43, 486.78, 97.23, 292.35, 97.22, 292.37, 0.00, 194.81, 291.79, 194.64, 292.03, 0.00, 0.00, 0.00, 0.00, 97.27, 0.00, 97.33, 0.00, 0.00, 0.00, 0.00, 0.00, 0.00, 0.00, 0.00, 0.00, 0.00, 0.00, 0.00, 0.00, 0.00, 97.34, 0.00, 0.00, 0.00, 0.00, 0.00, 0.00, 0.00, 0.00, 0.00, 0.00, 0.00, 0.00, 0.00, 0.00, 0.00, 0.00, 0.00, 0.00
59760.00, 50.01, 895.97, 160.78, 874.76, 291.57, 389.03, 292.19, 97.11, 292.18, 193.60, 97.24, 97.27, 97.38, 97.14, 0.00, 290.76, 0.00, 389.59, 194.35, 291.15, 389.41, 194.08, 97.48, 291.03, 389.06, 389.11, 97.37, 193.92, 389.93, 484.89, 584.16, 681.01, 291.16, 292.15, 582.45, 291.94, 485.87, 291.36, 292.06, 194.48, 97.21, 194.53, 194.41, 97.22, 485.71, 291.43, 194.44, 194.74, 194.23, 0.00, 0.00, 389.24, 291.71, 873.99, 0.00, 0.00, 194.67, 291.44, 291.85, 97.14, 97.20, 97.22, 97.21, 0.00, 0.00, 0.00, 97.15, 97.23, 0.00, 0.00, 0.00, 0.00, 0.00, 0.00, 0.00, 0.00, 0.00, 0.00, 0.00, 0.00, 0.00, 97.23, 0.00, 0.00, 0.00, 0.00, 0.00, 0.00, 0.00, 0.00, 0.00, 0.00, 0.00, 0.00, 0.00, 0.00, 0.00, 0.00, 0.00, 0.00, 0.00, 0.00
59761.00, 49.91, 895.70, 132.24, 1558.12, 779.01, 194.89, 195.17, 194.58, 487.90, 387.94, 97.42, 97.46, 390.27, 97.32, 195.16, 291.32, 97.51, 195.17, 194.73, 194.48, 97.54, 97.23, 292.99, 0.00, 194.90, 292.40, 195.11, 388.59, 195.34, 485.82, 682.84, 389.90, 291.72, 292.72, 680.84, 292.50, 292.08, 681.15, 292.62, 97.43, 97.40, 194.90, 389.56, 292.23, 97.33, 97.33, 0.00, 195.11, 97.30, 389.77, 97.36, 194.99, 194.85, 0.00, 97.52, 97.29, 195.05, 97.34, 97.47, 0.00, 194.78, 194.82, 0.00, 97.47, 0.00, 97.43, 0.00, 0.00, 0.00, 0.00, 0.00, 0.00, 0.00, 0.00, 0.00, 0.00, 0.00, 0.00, 0.00, 0.00, 0.00, 0.00, 0.00, 0.00, 0.00, 0.00, 0.00, 0.00, 0.00, 0.00, 0.00, 0.00, 0.00, 0.00, 0.00, 0.00, 0.00, 0.00, 0.00, 0.00, 0.00, 0.00
59762.00, 49.94, 895.81, 141.76, 389.26, 389.24, 194.76, 292.56, 97.23, 97.51, 96.92, 97.36, 194.78, 0.00, 291.77, 0.00, 194.08, 292.33, 195.03, 0.00, 291.52, 97.47, 97.16, 292.79, 97.13, 194.77, 487.00, 194.97, 582.50, 488.02, 291.29, 194.96, 97.41, 194.35, 390.02, 291.59, 292.30, 291.88, 194.48, 0.00, 292.08, 389.34, 97.39, 681.27, 389.37, 389.05, 680.86, 389.37, 194.98, 0.00, 97.38, 486.46, 97.43, 97.36, 194.46, 0.00, 97.22, 194.91, 0.00, 97.40, 0.00, 194.64, 292.03, 97.33, 97.40, 97.34, 0.00, 0.00, 0.00, 0.00, 97.38, 0.00, 0.00, 0.00, 0.00, 0.00, 0.00, 0.00, 0.00, 0.00, 0.00, 0.00, 0.00, 0.00, 0.00, 0.00, 0.00, 0.00, 0.00, 0.00, 0.00, 0.00, 0.00, 0.00, 0.00, 0.00, 0.00, 0.00, 0.00, 0.00, 0.00, 0.00, 0.00
59763.00, 49.98, 895.89, 146.44, 1750.22, 680.60, 194.59, 97.44, 291.43, 194.86, 96.84, 97.27, 0.00, 0.00, 194.35, 97.43, 387.83, 292.08, 389.74, 291.65, 0.00, 0.00, 388.32, 97.52, 194.09, 194.61, 486.59, 292.22, 194.00, 0.00, 485.08, 292.20, 486.63, 485.46, 487.12, 194.23, 0.00, 97.21, 97.16, 97.39, 291.84, 194.51, 97.30, 486.21, 194.52, 194.36, 388.73, 291.78, 194.81, 194.31, 486.48, 388.84, 97.35, 291.83, 485.75, 194.74, 194.28, 194.75, 97.19, 97.32, 194.37, 97.24, 97.26, 97.25, 0.00, 0.00, 97.28, 0.00, 0.00, 97.25, 0.00, 0.00, 0.00, 0.00, 97.29, 0.00, 0.00, 0.00, 0.00, 0.00, 0.00, 0.00, 0.00, 0.00, 0.00, 0.00, 0.00, 0.00, 0.00, 0.00, 0.00, 0.00, 0.00, 0.00, 0.00, 0.00, 0.00, 0.00, 0.00, 0.00, 97.26, 0.00, 0.00
59764.00, 50.02, 895.87, 129.56, 2234.96, 97.17, 0.00, 0.00, 194.16, 194.74, 193.55, 194.42, 388.99, 97.36, 194.23, 194.74, 96.90, 97.30, 194.75, 97.15, 194.06, 389.32, 291.05, 97.45, 290.96, 0.00, 583.53, 194.69, 290.82, 389.84, 484.77, 194.67, 97.26, 291.09, 389.45, 291.16, 194.58, 97.15, 485.49, 97.33, 194.44, 583.15, 291.73, 194.36, 388.80, 291.36, 485.61, 97.20, 97.34, 0.00, 194.47, 291.44, 194.57, 291.64, 291.26, 194.61, 97.08, 97.31, 97.12, 0.00, 0.00, 97.18, 0.00, 97.19, 0.00, 0.00, 0.00, 0.00, 0.00, 0.00, 0.00, 0.00, 0.00, 0.00, 97.22, 0.00, 0.00, 0.00, 0.00, 0.00, 0.00, 0.00, 0.00, 0.00, 0.00, 0.00, 0.00, 0.00, 0.00, 0.00, 0.00, 0.00, 0.00, 0.00, 0.00, 0.00, 0.00, 0.00, 0.00, 0.00, 0.00, 0.00, 0.00
59765.00, 49.94, 895.62, 141.76, 1265.11, 291.93, 0.00, 390.07, 194.45, 195.03, 193.84, 0.00, 194.78, 195.00, 194.51, 390.06, 485.20, 389.77, 0.00, 291.89, 0.00, 97.47, 291.49, 195.19, 291.39, 194.77, 194.80, 292.46, 388.33, 195.21, 388.39, 389.93, 389.63, 194.35, 390.02, 97.20, 194.87, 583.77, 0.00, 97.47, 389.45, 389.34, 292.16, 291.97, 194.69, 291.79, 194.53, 292.03, 194.98, 388.94, 0.00, 194.58, 0.00, 97.36, 388.92, 487.26, 194.44, 194.91, 0.00, 292.21, 0.00, 194.64, 0.00, 97.33, 97.40, 97.34, 0.00, 97.27, 0.00, 0.00, 0.00, 0.00, 0.00, 0.00, 97.37, 0.00, 0.00, 0.00, 0.00, 0.00, 0.00, 0.00, 0.00, 0.00, 0.00, 0.00, 0.00, 0.00, 0.00, 0.00, 0.00, 0.00, 0.00, 0.00, 0.00, 0.00, 0.00, 0.00, 0.00, 0.00, 0.00, 0.00, 0.00
59766.00, 49.90, 895.59, 168.33, 1850.52, 486.95, 0.00, 97.60, 389.22, 97.59, 0.00, 97.44, 0.00, 195.16, 0.00, 195.19, 291.36, 292.57, 390.39, 389.51, 291.76, 292.66, 0.00, 97.68, 194.42, 0.00, 194.96, 487.84, 194.32, 390.74, 194.36, 682.93, 194.98, 389.01, 390.34, 389.10, 292.54, 292.12, 291.96, 390.21, 779.53, 194.83, 194.93, 584.43, 292.27, 292.03, 389.38, 487.11, 487.85, 194.63, 97.46, 389.49, 390.04, 584.62, 194.62, 97.53, 194.60, 195.07, 97.35, 97.48, 0.00, 97.40, 97.42, 0.00, 0.00, 97.42, 97.44, 0.00, 0.00, 0.00, 0.00, 0.00, 0.00, 0.00, 0.00, 0.00, 0.00, 0.00, 0.00, 0.00, 0.00, 0.00, 0.00, 0.00, 0.00, 0.00, 0.00, 0.00, 0.00, 0.00, 0.00, 0.00, 0.00, 0.00, 0.00, 0.00, 0.00, 0.00, 0.00, 0.00, 0.00, 0.00, 0.00
59767.00, 50.02, 895.62, 136.75, 1263.24, 388.66, 97.24, 194.75, 97.08, 389.48, 0.00, 680.49, 97.25, 194.71, 291.34, 292.11, 96.90, 97.30, 292.12, 388.62, 194.06, 194.66, 291.05, 0.00, 193.97, 291.72, 194.51, 292.03, 0.00, 292.38, 193.91, 292.01, 389.06, 679.20, 194.72, 388.21, 291.87, 388.60, 194.19, 291.99, 97.22, 388.76, 194.48, 485.90, 388.80, 194.24, 291.36, 485.99, 389.38, 0.00, 291.70, 194.30, 194.57, 194.43, 97.09, 0.00, 97.08, 0.00, 97.12, 97.26, 194.24, 97.18, 97.20, 0.00, 0.00, 0.00, 97.22, 0.00, 97.21, 97.19, 0.00, 97.20, 0.00, 0.00, 0.00, 0.00, 0.00, 0.00, 0.00, 0.00, 0.00, 0.00, 0.00, 0.00, 0.00, 0.00, 0.00, 0.00, 0.00, 0.00, 0.00, 0.00, 0.00, 0.00, 0.00, 0.00, 0.00, 0.00, 0.00, 0.00, 0.00, 0.00, 0.00
59768.00, 49.97, 895.68, 154.89, 972.63, 583.54, 291.98, 194.93, 194.35, 0.00, 96.87, 0.00, 194.68, 0.00, 194.41, 292.39, 290.96, 97.39, 292.39, 194.49, 291.36, 292.26, 194.22, 97.54, 97.08, 583.99, 97.35, 194.87, 97.03, 292.66, 485.23, 194.86, 194.71, 582.72, 389.81, 97.14, 194.76, 194.48, 485.94, 487.10, 291.93, 97.28, 292.00, 486.36, 389.16, 388.84, 388.85, 291.87, 487.18, 194.36, 291.97, 194.48, 97.38, 97.30, 388.71, 389.59, 194.34, 97.40, 97.22, 292.05, 194.42, 0.00, 97.29, 0.00, 97.35, 97.29, 0.00, 97.22, 0.00, 97.28, 0.00, 0.00, 0.00, 0.00, 0.00, 0.00, 0.00, 0.00, 0.00, 0.00, 0.00, 0.00, 0.00, 0.00, 0.00, 0.00, 0.00, 0.00, 0.00, 0.00, 0.00, 0.00, 0.00, 0.00, 0.00, 0.00, 0.00, 0.00, 0.00, 0.00, 0.00, 0.00, 0.00
59769.00, 49.92, 895.59, 112.99, 1655.24, 584.16, 194.86, 292.71, 97.28, 0.00, 0.00, 97.41, 97.44, 195.10, 194.62, 195.13, 97.09, 194.99, 97.57, 0.00, 0.00, 390.10, 194.42, 390.59, 0.00, 97.44, 389.80, 97.54, 0.00, 683.59, 582.89, 97.53, 194.92, 291.67, 97.56, 0.00, 194.97, 389.38, 389.17, 97.52, 194.82, 194.77, 194.87, 292.13, 584.37, 291.94, 486.58, 97.39, 195.08, 194.57, 97.43, 97.34, 194.96, 0.00, 194.56, 0.00, 97.27, 97.51, 0.00, 0.00, 194.63, 97.37, 0.00, 0.00, 97.45, 97.39, 0.00, 0.00, 97.41, 0.00, 0.00, 0.00, 0.00, 0.00, 0.00, 0.00, 0.00, 0.00, 0.00, 97.42, 0.00, 0.00, 0.00, 0.00, 0.00, 0.00, 0.00, 0.00, 0.00, 0.00, 0.00, 0.00, 0.00, 0.00, 0.00, 0.00, 0.00, 0.00, 0.00, 0.00, 0.00, 0.00, 0.00
59770.00, 49.99, 895.68, 142.81, 1555.44, 388.83, 389.11, 389.67, 97.12, 0.00, 96.82, 97.26, 291.87, 0.00, 0.00, 194.83, 96.94, 292.03, 389.66, 388.79, 97.07, 194.75, 194.12, 389.98, 0.00, 194.57, 291.89, 194.77, 387.93, 195.01, 290.99, 194.76, 97.31, 291.22, 487.02, 776.76, 292.00, 388.77, 0.00, 486.86, 291.78, 388.93, 0.00, 777.79, 291.73, 97.16, 0.00, 194.48, 97.39, 291.40, 97.28, 97.19, 97.33, 389.02, 97.13, 97.35, 291.36, 97.36, 291.50, 0.00, 97.16, 194.44, 97.24, 97.23, 0.00, 97.24, 97.26, 0.00, 0.00, 97.23, 0.00, 0.00, 0.00, 0.00, 0.00, 97.22, 0.00, 0.00, 0.00, 0.00, 97.27, 0.00, 0.00, 0.00, 0.00, 0.00, 0.00, 0.00, 0.00, 0.00, 0.00, 0.00, 0.00, 0.00, 0.00, 0.00, 0.00, 0.00, 0.00, 0.00, 0.00, 0.00, 0.00
