data/raw/Flight10/UHSAS_Polar6_20150421_R2_L1.ict
140,1001
Herber, Andreas; Schulz, Hannes
Alfred-Wegener-Institute, Bremerhaven, Germany
UHSAS, POLAR 6
NETCARE Polar 6 Campaign 2015
1,1
2015,04,21, 2017, 05, 08
1
time,s,number of seconds from start of date in UTC
102
1,1,1,1,1,1,1,1,1,1,1,1,1,1,1,1,1,1,1,1,1,1,1,1,1,1,1,1,1,1,1,1,1,1,1,1,1,1,1,1,1,1,1,1,1,1,1,1,1,1,1,1,1,1,1,1,1,1,1,1,1,1,1,1,1,1,1,1,1,1,1,1,1,1,1,1,1,1,1,1,1,1,1,1,1,1,1,1,1,1,1,1,1,1,1,1,1,1,1,1,1,1
-9999,-9999,-9999,-9999,-9999,-9999,-9999,-9999,-9999,-9999,-9999,-9999,-9999,-9999,-9999,-9999,-9999,-9999,-9999,-9999,-9999,-9999,-9999,-9999,-9999,-9999,-9999,-9999,-9999,-9999,-9999,-9999,-9999,-9999,-9999,-9999,-9999,-9999,-9999,-9999,-9999,-9999,-9999,-9999,-9999,-9999,-9999,-9999,-9999,-9999,-9999,-9999,-9999,-9999,-9999,-9999,-9999,-9999,-9999,-9999,-9999,-9999,-9999,-9999,-9999,-9999,-9999,-9999,-9999,-9999,-9999,-9999,-9999,-9999,-9999,-9999,-9999,-9999,-9999,-9999,-9999,-9999,-9999,-9999,-9999,-9999,-9999,-9999,-9999,-9999,-9999,-9999,-9999,-9999,-9999,-9999,-9999,-9999,-9999,-9999,-9999,-9999
flow,sccm,sample flow
pressure,hPa,chamber pressure
total_number_conc,#/sccm,total number of scattering particles (70-1000 nm) per sccm
bin_1,number/volume,dN/dlogD normalised number concentration per 1 sccm of sampled air
bin_2,number/volume,dN/dlogD normalised number concentration per 1 sccm of sampled air
bin_3,number/volume,dN/dlogD normalised number concentration per 1 sccm of sampled air
bin_4,number/volume,dN/dlogD normalised number concentration per 1 sccm of sampled air
bin_5,number/volume,dN/dlogD normalised number concentration per 1 sccm of sampled air
bin_6,number/volume,dN/dlogD normalised number concentration per 1 sccm of sampled air
bin_7,number/volume,dN/dlogD normalised number concentration per 1 sccm of sampled air
bin_8,number/volume,dN/dlogD normalised number concentration per 1 sccm of sampled air
bin_9,number/volume,dN/dlogD normalised number concentration per 1 sccm of sampled air
bin_10,number/volume,dN/dlogD normalised number concentration per 1 sccm of sampled air
bin_11,number/volume,dN/dlogD normalised number concentration per 1 sccm of sampled air
bin_12,number/volume,dN/dlogD normalised number concentration per 1 sccm of sampled air
bin_13,number/volume,dN/dlogD normalised number concentration per 1 sccm of sampled air
bin_14,number/volume,dN/dlogD normalised number concentration per 1 sccm of sampled air
bin_15,number/volume,dN/dlogD normalised number concentration per 1 sccm of sampled air
bin_16,number/volume,dN/dlogD normalised number concentration per 1 sccm of sampled air
bin_17,number/volume,dN/dlogD normalised number concentration per 1 sccm of sampled air
bin_18,number/volume,dN/dlogD normalised number concentration per 1 sccm of sampled air
bin_19,number/volume,dN/dlogD normalised number concentration per 1 sccm of sampled air
bin_20,number/volume,dN/dlogD normalised number concentration per 1 sccm of sampled air
bin_21,number/volume,dN/dlogD normalised number concentration per 1 sccm of sampled air
bin_22,number/volume,dN/dlogD normalised number concentration per 1 sccm of sampled air
bin_23,number/volume,dN/dlogD normalised number concentration per 1 sccm of sampled air
bin_24,number/volume,dN/dlogD normalised number concentration per 1 sccm of sampled air
[...]
UNCERTAINTY: counting efficiency 99%
ULOD_FLAG: -7777
ULOD_VALUE: N/A
LLOD_FLAG: -8888
LLOD_VALUE: N/A
DM_CONTACT_INFO: Hannes Schulz, AWI Bremerhaven; hannes.schulz@awi.de
PROJECT_INFO: Polar 6 NETCARE spring 2015 campaign
STIPULATIONS_ON_USE: N/A
OTHER_COMMENTS: N/A
REVISION: R2
R0: First set of data, uncorrected raw data!
R1: An error in normalisation is fixed. Issues with calibration: kink in distribution around 250 nm. Laser stability: noise counts in bins << 85 nm; partly filtered but those bins should be used with caution!
R2: Bins < 85 nm excluded from total number concentration. Error fixes. Problems mentioned above remain. Zero measurements and spikes masked -9999
time,flow,pressure,total_number_conc,bin_1,bin_2,bin_3,bin_4,bin_5,bin_6,bin_7,bin_8,bin_9,bin_10,bin_11,bin_12,bin_13,bin_14,bin_15,bin_16,bin_17,bin_18,bin_19,bin_20,bin_21,bin_22,bin_23,bin_24,bin_25,bin_26,bin_27,bin_28,bin_29,bin_30,bin_31,bin_32,bin_33,bin_34,bin_35,bin_36,bin_37,bin_38,bin_39,bin_40,bin_41,bin_42,bin_43,bin_44,bin_45,bin_46,bin_47,bin_48,bin_49,bin_50,bin_51,bin_52,bin_53,bin_54,bin_55,bin_56,bin_57,bin_58,bin_59,bin_60,bin_61,bin_62,bin_63,bin_64,bin_65,bin_66,bin_67,bin_68,bin_69,bin_70,bin_71,bin_72,bin_73,bin_74,bin_75,bin_76,bin_77,bin_78,bin_79,bin_80,bin_81,bin_82,bin_83,bin_84,bin_85,bin_86,bin_87,bin_88,bin_89,bin_90,bin_91,bin_92,bin_93,bin_94,bin_95,bin_96,bin_97,bin_98,bin_99
[from data line 1563]
59639.00, 49.90, 895.57, 146.69, 2434.90, 486.95, 97.46, 0.00, 97.31, 97.59, 97.00, 97.44, 194.94, 195.16, 0.00, 97.60, 97.12, 97.52, 292.79, 194.76, 291.76, 390.22, 97.24, 586.07, 194.42, 97.47, 194.96, 97.57, 291.49, 97.68, 97.18, 390.25, 194.98, 486.26, 487.93, 583.66, 292.54, 292.12, 389.28, 195.11, 194.88, 97.41, 292.40, 487.02, 292.27, 97.34, 194.69, 292.27, 195.14, 389.26, 292.37, 389.49, 97.51, 97.44, 194.62, 97.53, 0.00, 195.07, 292.05, 97.48, 194.69, 0.00, 292.27, 0.00, 194.96, 194.84, 97.44, 0.00, 97.43, 0.00, 0.00, 0.00, 0.00, 0.00, 97.45, 0.00, 0.00, 0.00, 0.00, 0.00, 0.00, 0.00, 0.00, 0.00, 0.00, 0.00, 0.00, 0.00, 0.00, 0.00, 0.00, 0.00, 0.00, 0.00, 0.00, 0.00, 0.00, 0.00, 0.00, 0.00, 0.00, 0.00, 0.00
59640.00, 49.89, 895.57, 144.31, 2435.39, 389.64, 97.48, 292.86, 0.00, 97.61, 97.02, 97.46, 194.98, 0.00, 194.71, 97.62, 97.14, 97.54, 488.09, 0.00, 291.81, 97.57, 486.31, 488.49, 194.46, 194.97, 0.00, 0.00, 485.91, 0.00, 291.59, 975.81, 195.02, 389.09, 292.82, 291.89, 292.60, 389.58, 681.38, 195.15, 97.46, 0.00, 487.43, 0.00, 194.89, 194.73, 292.09, 0.00, 0.00, 292.00, 389.91, 389.56, 487.65, 97.46, 291.99, 0.00, 0.00, 195.11, 194.74, 97.50, 194.73, 97.42, 292.33, 97.43, 292.50, 0.00, 97.46, 0.00, 0.00, 0.00, 0.00, 0.00, 0.00, 0.00, 0.00, 0.00, 0.00, 0.00, 0.00, 0.00, 0.00, 0.00, 0.00, 0.00, 0.00, 0.00, 0.00, 0.00, 0.00, 0.00, 0.00, 0.00, 0.00, 0.00, 0.00, 0.00, 0.00, 0.00, 0.00, 0.00, 0.00, 0.00, 0.00
59641.00, 49.99, 895.57, 156.02, 583.29, 0.00, 97.28, 0.00, 291.37, 0.00, 0.00, 97.26, 389.16, 194.80, 97.16, 0.00, 387.75, 292.03, 389.66, 194.39, 194.14, 194.75, 97.06, 97.50, 291.08, 389.13, 194.60, 486.93, 193.96, 390.01, 193.99, 584.28, 291.92, 485.36, 292.21, 485.48, 0.00, 97.19, 291.42, 389.49, 583.56, 291.70, 97.28, 291.67, 194.48, 485.81, 388.66, 194.48, 0.00, 485.67, 194.55, 194.38, 194.66, 97.26, 291.39, 97.35, 194.24, 97.36, 97.17, 0.00, 194.33, 194.44, 388.97, 0.00, 97.30, 97.24, 0.00, 0.00, 97.25, 97.23, 97.28, 0.00, 0.00, 0.00, 0.00, 0.00, 0.00, 0.00, 0.00, 0.00, 0.00, 0.00, 0.00, 0.00, 0.00, 0.00, 0.00, 0.00, 0.00, 0.00, 0.00, 0.00, 0.00, 0.00, 0.00, 0.00, 0.00, 0.00, 0.00, 0.00, 0.00, 0.00, 0.00
59642.00, 50.01, 895.65, 152.36, 971.78, 0.00, 97.24, 0.00, 291.26, 194.75, 290.35, 194.44, 97.25, 97.36, 291.36, 194.75, 193.80, 0.00, 194.76, 388.64, 97.03, 97.34, 97.02, 389.84, 193.98, 194.49, 291.78, 292.05, 484.72, 194.93, 581.76, 486.72, 389.08, 291.11, 97.37, 0.00, 291.89, 388.62, 388.41, 194.67, 0.00, 97.20, 97.25, 388.75, 388.82, 194.25, 0.00, 97.20, 292.05, 291.29, 486.20, 388.61, 291.88, 194.44, 194.19, 97.31, 388.34, 486.59, 194.26, 194.53, 0.00, 97.18, 97.20, 194.39, 194.53, 0.00, 97.22, 194.27, 97.22, 0.00, 0.00, 97.20, 194.32, 0.00, 0.00, 0.00, 0.00, 0.00, 0.00, 0.00, 0.00, 0.00, 0.00, 97.19, 0.00, 0.00, 0.00, 0.00, 0.00, 0.00, 0.00, 0.00, 0.00, 0.00, 0.00, 0.00, 0.00, 0.00, 0.00, 0.00, 0.00, 0.00, 0.00
59643.00, 49.99, 895.65, 162.03, 1069.47, 388.87, 194.58, 97.43, 97.13, 292.27, 290.49, 291.79, 0.00, 194.82, 194.33, 97.42, 193.90, 292.05, 194.85, 680.44, 194.16, 292.15, 388.28, 390.02, 194.07, 0.00, 486.54, 486.98, 290.97, 390.05, 485.03, 0.00, 194.63, 291.25, 584.48, 291.31, 584.06, 97.20, 97.15, 97.38, 0.00, 291.73, 291.88, 97.23, 97.25, 194.34, 388.70, 291.75, 194.79, 388.57, 291.86, 194.40, 292.02, 0.00, 485.70, 0.00, 97.13, 486.83, 97.18, 291.94, 0.00, 97.23, 0.00, 388.97, 291.93, 194.50, 0.00, 97.18, 97.26, 97.24, 0.00, 97.25, 0.00, 0.00, 0.00, 0.00, 0.00, 97.24, 0.00, 0.00, 0.00, 0.00, 0.00, 0.00, 0.00, 0.00, 0.00, 0.00, 0.00, 0.00, 0.00, 0.00, 0.00, 0.00, 0.00, 0.00, 0.00, 0.00, 0.00, 0.00, 0.00, 0.00, 0.00
59644.00, 50.04, 895.65, 146.28, 971.25, 291.36, 97.19, 97.33, 97.04, 291.97, 193.46, 291.50, 194.40, 194.62, 0.00, 97.32, 193.70, 389.01, 97.33, 0.00, 96.98, 389.13, 193.94, 97.41, 387.75, 194.39, 97.21, 389.19, 290.68, 487.07, 193.82, 194.58, 194.44, 678.88, 389.26, 97.01, 291.73, 291.31, 97.05, 97.28, 388.68, 97.14, 291.59, 679.94, 194.31, 194.15, 194.15, 388.61, 0.00, 388.18, 388.75, 194.20, 194.48, 291.50, 194.08, 291.78, 291.10, 0.00, 485.39, 0.00, 0.00, 194.26, 97.15, 97.14, 97.21, 97.15, 97.17, 97.08, 97.16, 0.00, 0.00, 0.00, 0.00, 0.00, 0.00, 0.00, 0.00, 0.00, 0.00, 0.00, 0.00, 0.00, 0.00, 0.00, 0.00, 0.00, 0.00, 0.00, 0.00, 0.00, 0.00, 0.00, 0.00, 0.00, 0.00, 0.00, 0.00, 0.00, 0.00, 0.00, 0.00, 0.00, 0.00
59645.00, 50.03, 895.57, 147.52, 1457.32, 291.44, 194.44, 97.36, 194.13, 292.06, 0.00, 97.19, 0.00, 97.34, 97.10, 389.42, 96.88, 291.84, 97.36, 0.00, 194.02, 389.25, 388.00, 292.31, 387.87, 194.45, 0.00, 194.65, 484.61, 194.89, 193.87, 291.96, 194.49, 485.06, 389.38, 485.17, 486.36, 194.27, 485.40, 291.93, 194.40, 291.52, 97.22, 194.33, 388.73, 97.10, 388.42, 194.36, 0.00, 679.51, 194.43, 97.13, 486.34, 291.59, 194.14, 0.00, 0.00, 194.59, 194.21, 388.97, 194.21, 0.00, 0.00, 0.00, 0.00, 388.72, 97.20, 0.00, 0.00, 0.00, 0.00, 0.00, 0.00, 0.00, 0.00, 0.00, 0.00, 0.00, 0.00, 0.00, 0.00, 0.00, 0.00, 0.00, 0.00, 0.00, 0.00, 0.00, 0.00, 0.00, 0.00, 0.00, 0.00, 0.00, 0.00, 0.00, 0.00, 0.00, 0.00, 0.00, 0.00, 0.00, 0.00
59646.00, 50.00, 895.59, 141.61, 1555.38, 388.82, 97.27, 194.83, 0.00, 97.41, 290.45, 194.50, 389.15, 292.19, 97.15, 194.82, 193.87, 292.01, 389.65, 0.00, 291.20, 292.11, 194.11, 0.00, 194.05, 97.28, 97.29, 486.91, 581.87, 390.00, 387.97, 389.51, 194.61, 291.20, 194.80, 388.36, 194.66, 194.38, 194.27, 389.47, 194.51, 194.46, 778.24, 388.88, 97.24, 194.32, 194.32, 583.42, 97.38, 291.39, 291.82, 194.37, 97.33, 194.50, 194.25, 194.69, 97.12, 97.35, 97.16, 0.00, 97.16, 0.00, 0.00, 0.00, 97.30, 0.00, 194.52, 97.17, 0.00, 0.00, 0.00, 0.00, 0.00, 0.00, 0.00, 0.00, 0.00, 0.00, 0.00, 97.26, 0.00, 0.00, 0.00, 0.00, 97.23, 0.00, 0.00, 0.00, 0.00, 0.00, 0.00, 0.00, 0.00, 0.00, 0.00, 0.00, 0.00, 0.00, 0.00, 0.00, 0.00, 0.00, 0.00
59647.00, 50.06, 895.38, 161.81, 1359.30, 0.00, 485.78, 194.59, 0.00, 194.58, 290.09, 194.27, 291.51, 194.55, 97.03, 486.46, 96.82, 194.44, 291.88, 194.15, 193.90, 97.25, 96.94, 486.87, 290.72, 194.32, 583.05, 194.53, 290.58, 292.14, 387.50, 680.80, 291.55, 290.85, 291.85, 387.89, 486.05, 388.28, 291.05, 194.50, 194.28, 776.89, 291.49, 194.20, 291.36, 194.08, 194.08, 291.36, 194.53, 97.01, 291.46, 97.07, 388.83, 388.53, 291.02, 0.00, 291.00, 194.47, 194.09, 97.18, 97.04, 194.20, 97.12, 97.11, 0.00, 97.12, 0.00, 194.10, 0.00, 0.00, 0.00, 0.00, 0.00, 0.00, 0.00, 97.10, 0.00, 0.00, 0.00, 0.00, 0.00, 0.00, 0.00, 0.00, 0.00, 0.00, 0.00, 0.00, 0.00, 0.00, 97.08, 0.00, 0.00, 0.00, 0.00, 0.00, 0.00, 0.00, 0.00, 0.00, 0.00, 0.00, 0.00
59648.00, 50.01, 895.73, 136.79, 777.56, 97.19, 486.29, 0.00, 194.21, 194.79, 96.80, 0.00, 0.00, 0.00, 97.14, 0.00, 0.00, 0.00, 97.40, 97.18, 194.10, 389.41, 485.21, 389.91, 97.01, 194.53, 0.00, 389.47, 484.81, 194.97, 290.93, 97.36, 583.72, 485.26, 292.15, 194.15, 97.31, 0.00, 485.60, 194.70, 194.48, 97.21, 97.27, 194.41, 194.45, 388.57, 194.29, 388.89, 194.74, 97.11, 389.03, 291.51, 291.93, 583.42, 485.55, 97.33, 291.31, 0.00, 0.00, 97.28, 97.14, 0.00, 97.22, 97.21, 97.28, 97.22, 0.00, 0.00, 0.00, 97.21, 0.00, 0.00, 97.18, 97.22, 0.00, 0.00, 0.00, 0.00, 0.00, 0.00, 0.00, 0.00, 0.00, 0.00, 0.00, 0.00, 0.00, 0.00, 0.00, 0.00, 0.00, 0.00, 0.00, 0.00, 0.00, 0.00, 0.00, 0.00, 0.00, 0.00, 0.00, 0.00, 0.00
59649.00, 49.96, 895.62, 132.10, 2140.18, 291.82, 292.03, 0.00, 97.19, 97.48, 193.77, 194.64, 0.00, 97.47, 388.89, 97.48, 194.01, 292.22, 292.45, 291.79, 97.14, 97.44, 388.51, 195.12, 97.09, 97.35, 97.36, 292.36, 97.05, 195.14, 388.25, 389.79, 681.61, 388.55, 194.94, 291.48, 487.00, 583.56, 97.21, 194.88, 486.63, 194.60, 292.05, 389.16, 97.31, 291.69, 97.23, 194.61, 194.91, 97.20, 97.34, 0.00, 292.19, 291.97, 291.59, 0.00, 0.00, 194.84, 97.23, 0.00, 97.23, 389.15, 0.00, 97.30, 0.00, 0.00, 97.33, 0.00, 0.00, 0.00, 0.00, 0.00, 0.00, 0.00, 0.00, 0.00, 0.00, 0.00, 0.00, 0.00, 0.00, 0.00, 0.00, 0.00, 0.00, 0.00, 0.00, 0.00, 0.00, 0.00, 0.00, 0.00, 0.00, 0.00, 0.00, 0.00, 0.00, 0.00, 0.00, 0.00, 0.00, 0.00, 0.00
59650.00, 49.98, 895.49, 154.85, 2042.00, 486.16, 97.30, 292.32, 97.15, 389.75, 96.84, 0.00, 97.31, 194.85, 194.36, 97.44, 387.85, 97.37, 97.44, 97.22, 194.19, 292.19, 97.08, 390.08, 388.20, 291.92, 194.64, 487.05, 194.01, 585.16, 291.06, 292.21, 97.33, 194.19, 292.28, 388.47, 194.71, 291.65, 485.82, 0.00, 97.28, 389.03, 389.23, 97.25, 389.06, 485.93, 194.38, 194.53, 779.29, 291.47, 291.90, 388.86, 97.35, 389.12, 0.00, 97.37, 388.58, 194.76, 194.38, 194.65, 291.56, 0.00, 0.00, 291.77, 0.00, 0.00, 0.00, 0.00, 0.00, 0.00, 0.00, 0.00, 0.00, 0.00, 0.00, 0.00, 0.00, 0.00, 0.00, 0.00, 0.00, 0.00, 0.00, 0.00, 0.00, 0.00, 97.27, 0.00, 0.00, 0.00, 0.00, 0.00, 0.00, 0.00, 0.00, 0.00, 0.00, 0.00, 0.00, 0.00, 0.00, 0.00, 0.00
59651.00, 50.02, 895.51, 148.73, 1748.92, 194.31, 97.23, 0.00, 194.14, 0.00, 96.77, 194.41, 0.00, 0.00, 194.21, 97.36, 581.32, 389.16, 97.36, 0.00, 194.04, 291.96, 291.02, 97.44, 0.00, 680.62, 388.98, 389.33, 678.50, 194.90, 193.89, 291.98, 389.02, 97.02, 97.35, 194.09, 194.56, 679.98, 0.00, 194.64, 583.25, 194.36, 291.70, 291.51, 388.76, 97.11, 291.34, 97.19, 292.01, 291.24, 388.89, 97.14, 291.83, 97.20, 291.23, 389.19, 97.07, 194.61, 0.00, 97.25, 97.11, 194.34, 97.19, 194.36, 0.00, 0.00, 0.00, 97.12, 0.00, 0.00, 0.00, 0.00, 0.00, 0.00, 0.00, 0.00, 0.00, 0.00, 0.00, 0.00, 0.00, 0.00, 0.00, 0.00, 0.00, 0.00, 0.00, 0.00, 0.00, 0.00, 0.00, 0.00, 0.00, 0.00, 0.00, 0.00, 0.00, 0.00, 0.00, 0.00, 0.00, 0.00, 0.00
59652.00, 49.99, 895.62, 134.42, 1166.65, 0.00, 0.00, 194.85, 0.00, 0.00, 0.00, 194.52, 194.59, 97.41, 485.81, 97.42, 0.00, 486.74, 389.69, 97.20, 0.00, 0.00, 194.13, 487.51, 97.03, 389.16, 389.21, 389.57, 290.96, 390.04, 388.01, 486.93, 291.94, 194.16, 194.82, 388.40, 194.68, 291.60, 291.44, 194.75, 0.00, 194.48, 291.87, 97.23, 194.50, 291.50, 194.34, 97.25, 97.39, 194.28, 194.56, 194.39, 97.33, 291.78, 194.27, 292.07, 388.51, 97.36, 194.35, 0.00, 97.17, 0.00, 97.25, 194.48, 0.00, 0.00, 0.00, 0.00, 97.26, 0.00, 97.29, 0.00, 0.00, 0.00, 0.00, 0.00, 0.00, 0.00, 0.00, 0.00, 0.00, 0.00, 194.50, 0.00, 0.00, 0.00, 0.00, 0.00, 0.00, 0.00, 0.00, 0.00, 0.00, 0.00, 0.00, 0.00, 0.00, 0.00, 0.00, 0.00, 0.00, 0.00, 0.00
59653.00, 49.97, 895.59, 139.28, 2042.53, 583.54, 97.33, 97.47, 0.00, 97.46, 0.00, 97.30, 0.00, 97.45, 97.20, 292.39, 96.99, 194.78, 292.39, 291.74, 388.48, 292.26, 291.33, 97.54, 194.15, 389.33, 292.04, 584.61, 388.12, 195.10, 291.14, 292.29, 389.42, 97.12, 487.26, 291.43, 292.15, 388.97, 97.19, 97.42, 97.31, 194.56, 389.33, 194.54, 291.87, 194.42, 388.85, 0.00, 97.44, 0.00, 389.30, 194.48, 97.38, 291.91, 0.00, 292.20, 485.85, 97.40, 0.00, 97.35, 97.21, 0.00, 97.29, 0.00, 0.00, 0.00, 0.00, 97.22, 97.30, 0.00, 0.00, 0.00, 0.00, 194.57, 0.00, 0.00, 97.31, 0.00, 0.00, 0.00, 0.00, 0.00, 0.00, 97.28, 0.00, 0.00, 0.00, 0.00, 0.00, 0.00, 0.00, 0.00, 0.00, 0.00, 0.00, 0.00, 0.00, 0.00, 0.00, 0.00, 0.00, 0.00, 0.00
59654.00, 50.03, 895.51, 145.12, 2040.12, 194.28, 0.00, 0.00, 0.00, 194.69, 0.00, 194.38, 97.23, 97.33, 97.09, 194.70, 193.74, 97.28, 194.70, 0.00, 194.01, 194.61, 193.99, 194.86, 290.89, 583.31, 388.93, 194.64, 290.75, 584.62, 0.00, 486.57, 97.24, 97.01, 584.03, 485.15, 291.80, 679.89, 679.52, 194.61, 97.19, 0.00, 388.87, 194.31, 388.70, 485.48, 291.29, 291.53, 291.96, 97.07, 291.63, 97.12, 194.53, 194.38, 97.06, 97.28, 0.00, 97.29, 194.20, 97.24, 0.00, 0.00, 97.18, 194.33, 194.47, 0.00, 0.00, 97.11, 97.19, 0.00, 0.00, 0.00, 0.00, 0.00, 0.00, 0.00, 0.00, 0.00, 0.00, 0.00, 0.00, 0.00, 0.00, 0.00, 0.00, 0.00, 0.00, 0.00, 0.00, 0.00, 0.00, 0.00, 0.00, 0.00, 0.00, 0.00, 0.00, 0.00, 0.00, 0.00, 0.00, 0.00, 0.00
59655.00, 49.97, 895.46, 133.27, 4279.34, 972.51, 291.96, 389.84, 291.50, 0.00, 290.58, 486.49, 0.00, 0.00, 388.80, 194.91, 193.96, 97.38, 97.46, 97.24, 194.23, 0.00, 291.31, 195.08, 97.07, 291.98, 292.02, 97.43, 679.17, 390.18, 582.24, 0.00, 584.10, 388.46, 292.34, 0.00, 292.13, 97.24, 583.10, 487.07, 194.61, 291.83, 291.98, 97.27, 194.57, 388.82, 291.62, 389.14, 0.00, 0.00, 97.32, 388.93, 97.37, 194.60, 97.17, 0.00, 97.16, 97.40, 97.21, 0.00, 194.41, 97.26, 97.28, 97.28, 97.34, 194.57, 97.30, 97.21, 97.30, 0.00, 0.00, 0.00, 0.00, 97.28, 0.00, 0.00, 0.00, 0.00, 0.00, 0.00, 0.00, 0.00, 0.00, 0.00, 0.00, 0.00, 0.00, 0.00, 0.00, 0.00, 0.00, 0.00, 0.00, 0.00, 0.00, 0.00, 0.00, 0.00, 0.00, 0.00, 0.00, 0.00, 0.00
59656.00, 49.99, 895.40, 153.62, 2041.63, 97.21, 291.85, 292.27, 97.13, 0.00, 193.65, 291.78, 97.30, 97.41, 291.49, 97.42, 193.89, 97.35, 292.27, 486.01, 97.08, 194.76, 291.20, 390.01, 582.20, 389.16, 194.61, 0.00, 387.95, 585.05, 194.01, 292.16, 291.94, 485.39, 487.05, 97.10, 681.37, 388.80, 97.15, 486.89, 194.53, 97.24, 97.29, 194.46, 291.74, 388.67, 388.68, 97.25, 97.39, 194.28, 194.56, 291.59, 97.33, 291.78, 97.14, 0.00, 194.25, 194.72, 97.17, 389.23, 194.34, 97.23, 0.00, 0.00, 194.61, 0.00, 97.27, 0.00, 0.00, 194.47, 0.00, 97.25, 0.00, 0.00, 0.00, 0.00, 0.00, 0.00, 0.00, 0.00, 0.00, 0.00, 0.00, 0.00, 0.00, 0.00, 0.00, 0.00, 0.00, 0.00, 0.00, 0.00, 0.00, 0.00, 0.00, 0.00, 0.00, 0.00, 0.00, 0.00, 0.00, 0.00, 0.00
59657.00, 49.94, 895.46, 150.17, 1557.06, 389.24, 194.76, 0.00, 97.23, 97.51, 290.76, 389.43, 389.57, 0.00, 97.26, 292.55, 0.00, 292.33, 195.03, 194.60, 388.69, 292.42, 97.16, 0.00, 291.39, 681.70, 97.40, 389.95, 485.41, 195.21, 291.29, 292.44, 584.45, 583.04, 487.53, 291.59, 487.17, 681.06, 680.69, 194.95, 97.36, 292.00, 194.77, 97.32, 0.00, 389.05, 97.27, 97.34, 97.49, 291.70, 194.75, 583.75, 194.86, 0.00, 0.00, 0.00, 97.22, 292.37, 0.00, 97.40, 194.53, 291.97, 97.34, 0.00, 0.00, 0.00, 0.00, 194.55, 0.00, 97.33, 0.00, 0.00, 0.00, 0.00, 0.00, 0.00, 0.00, 0.00, 0.00, 0.00, 0.00, 0.00, 0.00, 0.00, 0.00, 0.00, 0.00, 0.00, 0.00, 0.00, 0.00, 0.00, 0.00, 0.00, 0.00, 0.00, 0.00, 0.00, 0.00, 0.00, 0.00, 0.00, 0.00
59658.00, 49.96, 895.43, 165.75, 2140.40, 291.85, 389.42, 292.48, 97.20, 97.49, 0.00, 291.99, 194.73, 97.48, 97.23, 292.47, 291.04, 97.42, 194.98, 389.09, 291.44, 194.90, 291.41, 487.86, 194.21, 292.08, 194.75, 97.46, 291.17, 195.16, 582.44, 877.11, 584.30, 388.59, 487.40, 485.85, 194.82, 875.42, 291.65, 389.79, 389.35, 389.24, 194.72, 97.30, 194.64, 0.00, 194.48, 0.00, 97.46, 291.63, 194.70, 194.53, 389.62, 97.33, 291.62, 194.85, 388.79, 97.43, 194.49, 97.38, 194.48, 0.00, 0.00, 0.00, 194.75, 97.32, 194.68, 0.00, 0.00, 0.00, 0.00, 0.00, 0.00, 0.00, 97.34, 0.00, 0.00, 0.00, 0.00, 0.00, 0.00, 0.00, 0.00, 0.00, 0.00, 0.00, 0.00, 0.00, 0.00, 0.00, 0.00, 0.00, 0.00, 0.00, 0.00, 0.00, 0.00, 0.00, 0.00, 0.00, 0.00, 0.00, 0.00
59659.00, 49.97, 895.51, 163.29, 3014.99, 486.26, 486.60, 0.00, 97.17, 97.46, 193.72, 97.30, 194.67, 97.44, 0.00, 97.46, 0.00, 292.15, 389.84, 291.72, 388.46, 97.42, 194.21, 292.62, 194.14, 291.98, 292.02, 292.29, 291.07, 487.73, 582.24, 584.54, 194.70, 582.69, 194.89, 291.41, 389.50, 291.71, 291.55, 194.83, 389.21, 291.83, 486.64, 389.06, 291.86, 0.00, 486.03, 389.14, 487.15, 388.71, 97.32, 0.00, 194.74, 486.49, 97.17, 97.39, 194.33, 194.80, 97.21, 194.69, 97.21, 97.26, 97.28, 0.00, 0.00, 0.00, 0.00, 0.00, 0.00, 0.00, 97.33, 97.28, 97.24, 0.00, 0.00, 0.00, 0.00, 0.00, 0.00, 0.00, 0.00, 0.00, 0.00, 0.00, 0.00, 0.00, 0.00, 0.00, 0.00, 0.00, 0.00, 0.00, 0.00, 0.00, 0.00, 0.00, 0.00, 0.00, 0.00, 0.00, 0.00, 0.00, 0.00
