NETCARE2015/data/raw/Flight3/AIMMS_POLAR6_20150408_R1_V1_NETCARE.ict
57, 1001
Aliabadi, Amir A.
University of Guelph
AIMMS20 - 1 Hz data from the processed output file 04081351.txt
Polar 6 NETCARE
1, 2
2015, 04, 08, 2015, 06, 26
1
TimeWave, seconds
24
1, 1, 1, 1, 1, 1, 1, 1, 1, 1, 1, 1, 1, 1, 1, 1, 1, 1, 1, 1, 1, 1, 1, 1
-9999, -9999, -9999, -9999, -9999, -9999, -9999, -9999, -9999, -9999, -9999, -9999, -9999, -9999, -9999, -9999, -9999, -9999, -9999, -9999, -9999, -9999, -9999, -9999
Time_Hr, hr UTC
Temp, deg C
RH, 0-1
BP, pa
WSN, m/s
WSE, m/s
Lat, deg
Lon, deg
Alt, m
SProbN, m/s
SProbE, m/s
SProbD, m/s
Roll, deg
Pitch, deg
Heading, deg
TAS, m/s
WSD, m/s
SideslipAngle, deg
AOA, deg
SideslipDiff, none
SysStatFlag, none
WS, m/s
WSW, m/s
WD, deg
1
Values for certain parameters near the beginning and end of the data block may be 0 as the instrument may not have been recording during these start and end timestamps
18
PI_CONTACT_INFO: Address: University of Guelph; aliabadi@uoguelph.ca
PLATFORM: Polar 6 - sampling around the aircraft
LOCATION: Location data varies as seen in this file
ASSOCIATED_DATA: 04081351.r??
INSTRUMENT_INFO: AIMMS20, Avantech, www.aventech.com
DATA_INFO: none
UNCERTAINTY: Contact manufacturer, Aventech
ULOD_FLAG: -7777
ULOD_VALUE: N/A
LLOD_FLAG: -8888
LLOD_VALUE: N/A
DM_CONTACT_INFO: Amir A. Aliabadi; University of Guelph; aliabadi@uoguelph.ca
PROJECT_INFO: Polar 6 NETCARE Spring 2015 campaign
STIPULATIONS_ON_USE: N/A
OTHER_COMMENTS: N/A
REVISION: R1
R1: corrected for start/stop times
TimeWave,Time_Hr,Temp,RH,BP,WSN,WSE,Lat,Lon,Alt,SProbN,SProbE,SProbD,Roll,Pitch,Heading,TAS,WSD,SideslipAngle,AOA,SideslipDiff,SysStatFlag,WS,WSW,WD
[from data line 1470]
51349,14.26372,-28.610001,0.51920003,70660,11.77,-2.9300001,81.874252,-62.928768,2496.5,-62.009998,-5.9299998,2.25,0.44,0.52999997,182.19,73.989998,-1.54,0.16,1.21981,-0.45433,0.56278002,12.129213,1.54,166.02104
51350,14.263997,-28.6,0.51929998,70723,11.26,-2.6900001,81.873703,-62.92915,2494.5,-62,-5.7199998,2.3199999,0.49000001,0.46000001,181.84,73.449997,-1.4299999,0.56,1.22882,-0.38,0.55764002,11.57686,1.4299999,166.56393
51351,14.264275,-28.6,0.51929998,70766,11.08,-3.03,81.873138,-62.929508,2492,-62.02,-5.54,2.3800001,0.85000002,0.34999999,181.69,73.269997,-1.3200001,0.33000001,1.23142,-0.41216999,0.55599999,11.486832,1.3200001,164.70551
51352,14.264553,-28.57,0.51959997,70760,11.56,-3.0999999,81.872589,-62.929859,2490,-62.029999,-5.4499998,2.4400001,1.36,0.28999999,181.42,73.779999,-1.65,0.49000001,1.22156,-0.40129,0.56184,11.968442,1.65,164.9884
51353,14.264831,-28.51,0.51779997,70928,9.5600004,-3.6600001,81.872032,-62.93021,2487,-62.07,-5.3899999,2.51,1.5,0.22,181.24001,71.720001,-0.73000002,0.22,1.26863,-0.37630001,0.53421003,10.23666,0.73000002,159.0509
51354,14.265108,-28.549999,0.5205,70854,10.98,-3.1700001,81.871483,-62.930561,2485,-62.110001,-5.3699999,2.5799999,2.1900001,0.19,181.41,73.18,-1.35,0.44,1.23066,-0.39570001,0.55649,11.428442,1.35,163.89621
51355,14.265386,-28.530001,0.52079999,70875,10.88,-3.0599999,81.870918,-62.930908,2482.5,-62.139999,-5.5300002,2.5799999,2.6700001,0.19,181.84,73.110001,-1.3200001,0.25,1.2329299,-0.42208001,0.55510002,11.302124,1.3200001,164.29137
51356,14.265663,-28.51,0.52020001,70892,10.85,-3.0899999,81.870369,-62.931271,2480,-62.169998,-5.8200002,2.6199999,3.3499999,0.25,182.08,73.18,-1.26,0.25,1.2319,-0.42313999,0.5557,11.281427,1.26,164.10344
51357,14.265942,-28.48,0.52039999,70976,10.29,-3.5899999,81.869812,-62.931641,2477.5,-62.189999,-6.1399999,2.5899999,3.52,0.25,182.07001,72.610001,-0.98000002,0.13,1.25256,-0.41284001,0.54360998,10.898266,0.98000002,160.76701
51358,14.266219,-28.469999,0.52149999,70949,10.75,-3.4200001,81.869247,-62.932041,2474.5,-62.200001,-6.4299998,2.6400001,3.5799999,0.23999999,182.14999,73.099998,-1.23,0.41999999,1.2381099,-0.38795999,0.55212998,11.280909,1.23,162.35208
51359,14.266497,-28.450001,0.52219999,70979,10.78,-3.22,81.86869,-62.932461,2472.5,-62.220001,-6.7199998,2.6500001,3.51,0.2,182.37,73.129997,-1.26,0.56999999,1.24253,-0.35749,0.54965001,11.250635,1.26,163.36905
51360,14.266774,-28.42,0.52179998,71043,10.18,-3.6300001,81.868141,-62.932899,2469.5,-62.240002,-7.0100002,2.6400001,3.4300001,0.2,182.8,72.540001,-1.03,0.059999999,1.25121,-0.42585,0.54440999,10.807836,1.03,160.37471
51361,14.267052,-28.440001,0.52310002,70975,11.41,-3.05,81.867577,-62.93335,2467.5,-62.259998,-7.3299999,2.6400001,3.52,0.22,183.14999,73.860001,-1.51,0.38999999,1.22277,-0.41528001,0.56107998,11.810614,1.51,165.03421
51362,14.267329,-28.389999,0.5226,71086,10.44,-3.47,81.86702,-62.93383,2464.5,-62.259998,-7.6900001,2.6600001,3.55,0.25,183.3,72.919998,-1.04,0.22,1.24464,-0.41022,0.54824001,11.001568,1.04,161.61446
51363,14.267608,-28.389999,0.52429998,71064,10.97,-3.3599999,81.86647,-62.934319,2461.5,-62.23,-7.98,2.7,3.4200001,0.34999999,183.34,73.43,-1.1799999,0.46000001,1.2357399,-0.38449001,0.55353999,11.473034,1.1799999,162.9707
51364,14.267885,-28.35,0.52380002,71126,10.46,-3.55,81.865913,-62.93483,2459.5,-62.209999,-8.2399998,2.6199999,3.24,0.47,183.52,72.860001,-0.88,0.36000001,1.24361,-0.38986,0.54888999,11.046,0.88,161.2534
51365,14.268163,-28.370001,0.52509999,71115,10.88,-3.3299999,81.865349,-62.93536,2456.5,-62.169998,-8.4799995,2.55,3.0799999,0.55000001,183.77,73.279999,-1.09,0.44999999,1.23138,-0.39337,0.55607003,11.378194,1.09,162.98242
51366,14.26844,-28.309999,0.52340001,71221,9.9799995,-3.6300001,81.864799,-62.935909,2454.5,-62.119999,-8.6899996,2.5,2.96,0.63,184,72.32,-0.58999997,0.17,1.25109,-0.40838,0.54447001,10.619665,0.58999997,160.01228
51367,14.268718,-28.309999,0.5244,71171,10.91,-3.6199999,81.864243,-62.936459,2452,-62.060001,-8.9099998,2.5,2.9400001,0.68000001,184.21001,73.199997,-0.88,0.11,1.23421,-0.44156,0.55435002,11.49489,0.88,161.64386
51368,14.268996,-28.299999,0.52560002,71196,10.79,-3.5,81.863693,-62.937038,2449.5,-61.98,-9.1400003,2.55,2.97,0.74000001,184.35001,73.059998,-0.73000002,0.25999999,1.23441,-0.41837001,0.55423999,11.343461,0.73000002,162.02826
51369,14.269274,-28.27,0.52460003,71278,10.42,-3.74,81.863129,-62.937618,2447,-61.889999,-9.3500004,2.49,2.8199999,0.88999999,184.45,72.589996,-0.46000001,0.14,1.24169,-0.42706001,0.54996997,11.070863,0.46000001,160.25566
51370,14.269551,-28.26,0.52490002,71268,10.8,-3.3499999,81.862579,-62.938221,2444.5,-61.790001,-9.4700003,2.3800001,2.4100001,1.09,184.59,72.879997,-0.68000001,0.38,1.2255599,-0.41283,0.55944997,11.307631,0.68000001,162.76689
51371,14.269829,-28.23,0.5248,71350,10.22,-3.5799999,81.862022,-62.938831,2442.5,-61.66,-9.54,2.1600001,1.99,1.27,184.73,72.129997,-0.37,0.12,1.24097,-0.43125999,0.55039001,10.828888,0.37,160.69498
51372,14.270106,-28.219999,0.52590001,71312,10.79,-3.47,81.861473,-62.93943,2440.5,-61.52,-9.5600004,1.99,1.95,1.4,184.85001,72.610001,-0.54000002,0.090000004,1.2269,-0.45629001,0.55862999,11.33424,0.54000002,162.17252
51373,14.270385,-28.200001,0.52590001,71352,11.06,-3.1300001,81.860924,-62.940041,2438.5,-61.349998,-9.5900002,1.88,1.83,1.47,184.78999,72.739998,-0.56999999,0.41999999,1.23163,-0.39715999,0.55592,11.494369,0.56999999,164.19839
51374,14.270662,-28.18,0.52609998,71371,10.82,-3.0999999,81.860367,-62.940651,2437,-61.18,-9.5699997,1.89,1.71,1.48,184.87,72.330002,-0.50999999,0.37,1.233,-0.40369999,0.55509001,11.255327,0.50999999,164.01265
51375,14.27094,-28.17,0.52590001,71397,10.73,-3.27,81.859833,-62.941261,2435,-61.02,-9.54,2.01,1.6,1.45,184.88,72.019997,-0.25,0.2,1.23859,-0.42219999,0.55177999,11.21721,0.25,163.05124
51376,14.271217,-28.129999,0.52539998,71434,10.35,-3,81.859283,-62.941872,2433,-60.849998,-9.5299997,2.1300001,1.84,1.41,184.96001,71.529999,-0.22,0.38999999,1.23496,-0.39783001,0.55395001,10.776015,0.22,163.83549
51377,14.271495,-28.129999,0.5255,71466,10.49,-3.0699999,81.858727,-62.942478,2431,-60.709999,-9.5500002,2.23,1.96,1.38,185.08,71.519997,-0.19,0.23,1.23111,-0.42724001,0.55616999,10.930004,0.19,163.68738
51378,14.271773,-28.120001,0.52609998,71474,10.53,-2.8900001,81.858192,-62.943081,2428.5,-60.57,-9.5799999,2.3099999,1.98,1.35,185.23,71.43,-0.27000001,0.25999999,1.22697,-0.42884001,0.55858999,10.919386,0.27000001,164.65283
51379,14.272051,-28.1,0.52609998,71529,10.19,-3.05,81.857651,-62.943699,2426.5,-60.450001,-9.6400003,2.4000001,2.03,1.25,185.39999,70.970001,-0.13,0.050000001,1.23464,-0.45131999,0.55410999,10.636662,0.13,163.33687
51380,14.272328,-28.1,0.52679998,71501,10.83,-2.74,81.857109,-62.944309,2424,-60.349998,-9.7200003,2.5599999,2.1500001,1.12,185.46001,71.589996,-0.34999999,0.28,1.22352,-0.43149,0.56061,11.171235,0.34999999,165.80205
51381,14.272606,-28.059999,0.52469999,71644,9.4799995,-3.3599999,81.856567,-62.944931,2421.5,-60.27,-9.8000002,2.74,2.2,0.98000002,185.48,70.080002,0.2,-0.090000004,1.25179,-0.44854,0.54412001,10.057833,-0.2,160.48413
51382,14.272883,-28.1,0.5273,71548,10.92,-2.73,81.856033,-62.94556,2419,-60.200001,-9.8900003,2.9100001,2.2,0.85000002,185.57001,71.559998,-0.41,0.31,1.21992,-0.43098,0.56273001,11.256079,0.41,165.96376
51383,14.273161,-28.07,0.52700001,71613,10.63,-2.8599999,81.855492,-62.94619,2416,-60.169998,-9.96,3.0699999,2.1800001,0.76999998,185.63,71.239998,-0.30000001,0.23,1.22478,-0.43652001,0.55987,11.008019,0.30000001,164.94118
51384,14.273439,-28.09,0.52819997,71613,10.97,-2.73,81.85495,-62.946819,2413,-60.150002,-10.03,3.1700001,2.1300001,0.70999998,185.67,71.559998,-0.40000001,0.33000001,1.21826,-0.43123001,0.56370002,11.304592,0.40000001,166.02522
51385,14.273717,-28.1,0.52789998,71633,11.34,-2.49,81.854424,-62.94746,2410,-60.150002,-10.09,3.25,2.0599999,0.62,185.75999,71.970001,-0.55000001,0.43000001,1.21172,-0.42379001,0.56756002,11.610155,0.55000001,167.61572
51386,14.273994,-28.030001,0.52630001,71781,9.5799999,-3.1500001,81.853882,-62.948101,2406.5,-60.150002,-10.15,3.3399999,2.02,0.54000002,185.92999,70.160004,0.18000001,-0.090000004,1.24879,-0.4526,0.54587001,10.084587,-0.18000001,161.79861
51387,14.274272,-28.049999,0.52780002,71764,10.19,-2.5599999,81.85334,-62.94875,2403.5,-60.18,-10.19,3.4100001,1.85,0.49000001,185.95,70.879997,-0.15000001,0.34999999,1.23165,-0.40779999,0.55587,10.50665,0.15000001,165.89763
51388,14.274549,-28.059999,0.52789998,71774,10.46,-2.26,81.852798,-62.949402,2400,-60.209999,-10.14,3.49,1.5,0.40000001,185.95,71.190002,-0.28,0.5,1.22939,-0.38817999,0.55726999,10.701365,0.28,167.80801
51389,14.274828,-28.07,0.528,71835,9.9799995,-2.3299999,81.852257,-62.950039,2397,-60.279999,-10.08,3.54,1.49,0.30000001,186.22,70.720001,-0.18000001,0.15000001,1.23296,-0.43709001,0.55506998,10.24838,0.18000001,166.85872
51390,14.275105,-28.09,0.52939999,71832,10.47,-2.1500001,81.851723,-62.95068,2393,-60.360001,-10.11,3.6600001,1.75,0.20999999,186.47,71.360001,-0.33000001,0.050000001,1.22333,-0.46799001,0.56072998,10.688471,0.33000001,168.39571
51391,14.275383,-28.110001,0.5298,71833,10.63,-1.99,81.851181,-62.951321,2389.5,-60.419998,-10.2,3.6900001,1.9400001,0.20999999,186.49001,71.68,-0.5,0.23,1.2145801,-0.45223001,0.56582999,10.814666,0.5,169.39662
51392,14.275661,-28.110001,0.52999997,71887,10.54,-2.0899999,81.850639,-62.951969,2386,-60.5,-10.25,3.5599999,1.91,0.23999999,186.28,71.660004,-0.62,0.38999999,1.21666,-0.4233,0.56466001,10.745217,0.62,168.78418
51393,14.275938,-28.110001,0.53079998,71888,11.01,-1.92,81.850098,-62.952629,2382,-60.580002,-10.25,3.47,1.76,0.23,186.28,72.190002,-0.92000002,0.47,1.20744,-0.42423999,0.57007998,11.176158,0.92000002,170.10785
51394,14.276217,-28.1,0.53070003,71961,10.63,-2.0799999,81.849548,-62.953281,2379,-60.66,-10.26,3.3699999,1.7,0.19,186.46001,71.870003,-0.75999999,0.19,1.2204,-0.44926,0.56243002,10.831588,0.75999999,168.92867
51395,14.276494,-28.07,0.5309,71982,10.54,-2.02,81.849007,-62.95393,2376,-60.720001,-10.33,3.3699999,1.9,0.090000004,186.62,71.830002,-0.77999997,0.14,1.22518,-0.44973999,0.55962998,10.731822,0.77999997,169.15077
51396,14.276772,-28.07,0.53119999,72031,10.35,-2.24,81.848473,-62.95459,2372,-60.830002,-10.45,3.4400001,2.1800001,-0.039999999,186.69,71.760002,-0.73000002,0.01,1.23446,-0.45800999,0.55422002,10.589622,0.73000002,167.7881
51397,14.277049,-28.040001,0.53060001,72073,10.03,-2.1900001,81.847923,-62.955261,2369,-60.990002,-10.61,3.4400001,2.4000001,-0.029999999,186.75,71.650002,-0.69999999,0.14,1.23496,-0.43597001,0.55391002,10.266304,0.69999999,167.68306
51398,14.277327,-28,0.53049999,72149,9.4300003,-2.48,81.847382,-62.955929,2366,-61.18,-10.77,3.24,2.28,0.23999999,186.64999,71.209999,-0.50999999,0.18000001,1.24209,-0.42003,0.54974002,9.7506571,0.50999999,165.26541
51399,14.277605,-28.01,0.53170002,72140,9.9799995,-2.29,81.846832,-62.956619,2363,-61.349998,-10.84,2.98,2.0599999,0.30000001,186.64999,71.919998,-0.80000001,0.30000001,1.23799,-0.40658,0.55215001,10.23936,0.80000001,167.07668
51400,14.277883,-28.02,0.53240001,72141,10.08,-2.1700001,81.846283,-62.95731,2360,-61.5,-10.91,3.02,2,0.25,186.85001,72.18,-0.69999999,0.22,1.2421,-0.41382,0.54973,10.310931,0.69999999,167.85091
51401,14.27816,-28.030001,0.53289998,72113,10.64,-1.9299999,81.845734,-62.958,2357,-61.639999,-11.02,2.9400001,2.1199999,0.34,187.03,72.940002,-0.97000003,0.25999999,1.22522,-0.4314,0.55961001,10.813626,0.97000003,169.71886
51402,14.278438,-27.98,0.5334,72187,10.07,-2.1800001,81.845177,-62.95871,2354,-61.759998,-11.16,2.8199999,2.27,0.44999999,187.13,72.480003,-0.69,0.12,1.2397799,-0.43268001,0.55109,10.303267,0.69,167.78484
51403,14.278715,-27.969999,0.53359997,72227,10,-2.1500001,81.84462,-62.959419,2351.5,-61.849998,-11.3,2.6700001,2.25,0.56,187.14,72.529999,-0.69,0.25,1.2424001,-0.40876001,0.54956001,10.228514,0.69,167.86612
51404,14.278993,-27.93,0.53289998,72277,9.6700001,-2.01,81.84407,-62.96014,2349,-61.939999,-11.37,2.5899999,1.9299999,0.63,186.98,72.300003,-0.54000002,0.56999999,1.25342,-0.34175,0.54329002,9.8766899,0.54000002,168.25774
51405,14.279271,-27.93,0.53289998,72314,9.54,-2.1400001,81.843521,-62.960861,2346.5,-62.02,-11.33,2.4400001,1.5599999,0.72000003,187.02,72.18,-0.49000001,0.38999999,1.2533,-0.37127,0.54323,9.7770748,0.49000001,167.35678
51406,14.279549,-27.99,0.53600001,72191,11.11,-1.42,81.842957,-62.961578,2344,-62.09,-11.3,2.2,1.5,0.87,187.3,73.889999,-1.29,0.47999999,1.2154599,-0.41119,0.5654,11.200379,1.29,172.71635
51407,14.279826,-27.92,0.53420001,72337,9.6700001,-2.03,81.8424,-62.962299,2342,-62.139999,-11.32,2.04,1.62,0.85000002,187.49001,72.440002,-0.73000002,-0.029999999,1.2503901,-0.44051,0.54491001,9.8807793,0.73000002,168.1442
51408,14.280104,-27.9,0.53399998,72341,9.6999998,-1.87,81.84185,-62.96302,2340,-62.169998,-11.38,2.0599999,1.75,0.75999999,187.44,72.580002,-0.75,0.19,1.25787,-0.39572999,0.54049999,9.8786077,0.75,169.08818
51409,14.280381,-27.92,0.5359,72291,10.61,-1.38,81.841293,-62.963741,2338,-62.200001,-11.41,2.0699999,1.6900001,0.75,187.28999,73.589996,-1.14,0.64999998,1.24145,-0.34793001,0.55032998,10.699368,1.14,172.58937
51410,14.28066,-27.85,0.53359997,72455,8.7799997,-2.27,81.840729,-62.964458,2336,-62.240002,-11.38,2.0599999,1.45,0.80000001,187.32001,71.610001,-0.28,0.07,1.28175,-0.38082001,0.52653003,9.0686989,0.28,165.50406
51411,14.280937,-27.84,0.53579998,72384,9.96,-1.8200001,81.840179,-62.965191,2334,-62.27,-11.36,1.98,1.45,0.87,187.64,72.849998,-0.75999999,-0.039999999,1.25133,-0.44172999,0.54437,10.12492,0.75999999,169.64453
51412,14.281215,-27.84,0.53549999,72407,9.8999996,-1.78,81.839622,-62.965912,2332.5,-62.279999,-11.44,1.89,1.78,0.88,187.91,72.849998,-0.81999999,-0.19,1.25271,-0.46270999,0.54364002,10.058747,0.81999999,169.80724
51413,14.281492,-27.799999,0.53530002,72436,9.5600004,-1.91,81.839058,-62.96664,2330.5,-62.279999,-11.58,1.88,2.05,0.88,187.94,72.57,-0.69,-0.17,1.26099,-0.44729,0.53877997,9.7489338,0.69,168.7016
51414,14.28177,-27.799999,0.53560001,72461,9.5,-1.89,81.838501,-62.967381,2328.5,-62.279999,-11.71,1.92,2.1300001,0.91000003,187.87,72.529999,-0.64999998,0.029999999,1.2606,-0.41663,0.53891999,9.6861811,0.64999998,168.74808
51415,14.282048,-27.790001,0.53729999,72438,10.12,-1.5700001,81.837952,-62.968128,2327,-62.27,-11.8,1.85,2.02,1.01,187.81,73.160004,-0.99000001,0.34,1.24123,-0.39555001,0.55027002,10.241059,0.99000001,171.18153
51416,14.282326,-27.780001,0.53659999,72467,10.03,-1.6900001,81.837387,-62.968868,2325.5,-62.25,-11.86,1.77,1.87,1.0700001,187.95,73.019997,-0.87,0.16,1.24681,-0.41580001,0.54697001,10.171381,0.87,170.43581
51417,14.282603,-27.75,0.53729999,72474,10.07,-1.71,81.83683,-62.969631,2323.5,-62.220001,-11.95,1.6799999,1.92,1.2,188.12,73.029999,-0.81,0.050000001,1.24549,-0.43518999,0.54776001,10.214156,0.81,170.36246
51418,14.282881,-27.709999,0.5377,72539,9.6499996,-1.77,81.836281,-62.97039,2322,-62.150002,-12.04,1.53,1.95,1.35,188.14999,72.580002,-0.60000002,0.090000004,1.25383,-0.41756999,0.54286999,9.8109837,0.60000002,169.60635
51419,14.283158,-27.709999,0.53909999,72514,10.3,-1.75,81.835716,-62.971161,2320.5,-62.060001,-12.13,1.33,1.95,1.5,188.07001,73.169998,-0.87,0.20999999,1.24309,-0.41367,0.54914999,10.447608,0.87,170.35736
51420,14.283436,-27.67,0.53869998,72542,10.09,-1.83,81.835167,-62.971931,2319.5,-61.959999,-12.18,1.21,1.8,1.62,187.97,72.830002,-0.70999998,0.31,1.249,-0.38956001,0.54571998,10.254609,0.70999998,169.72014
51421,14.283714,-27.620001,0.53750002,72612,9.3999996,-1.99,81.83461,-62.972698,2318.5,-61.84,-12.18,1.13,1.5599999,1.72,187.96001,71.989998,-0.38999999,0.25999999,1.26436,-0.37555,0.53671002,9.6083345,0.38999999,168.04684
51422,14.283992,-27.610001,0.53920001,72552,10.22,-1.64,81.834061,-62.97348,2317.5,-61.709999,-12.14,1.0599999,1.41,1.77,188.09,72.690002,-0.67000002,0.28999999,1.25001,-0.39072001,0.54512,10.350749,0.67000002,170.88348
