NETCARE2015/data/raw/Flight3/AIMMS_POLAR6_20150408_R1_V1_NETCARE.ict
57, 1001
Aliabadi, Amir A.
University of Guelph
AIMMS20 - 1 Hz data from the processed output file 04081351.txt
Polar 6 NETCARE
1, 2
2015, 04, 08, 2015, 06, 26
1
TimeWave, seconds
24
1, 1, 1, 1, 1, 1, 1, 1, 1, 1, 1, 1, 1, 1, 1, 1, 1, 1, 1, 1, 1, 1, 1, 1
-9999, -9999, -9999, -9999, -9999, -9999, -9999, -9999, -9999, -9999, -9999, -9999, -9999, -9999, -9999, -9999, -9999, -9999, -9999, -9999, -9999, -9999, -9999, -9999
Time_Hr, hr UTC
Temp, deg C
RH, 0-1
BP, pa
WSN, m/s
WSE, m/s
Lat, deg
Lon, deg
Alt, m
SProbN, m/s
SProbE, m/s
SProbD, m/s
Roll, deg
Pitch, deg
Heading, deg
TAS, m/s
WSD, m/s
SideslipAngle, deg
AOA, deg
SideslipDiff, none
SysStatFlag, none
WS, m/s
WSW, m/s
WD, deg
1
Values for certain parameters near the beginning and end of the data block may be 0 as the instrument may not have been recording during these start and end timestamps
18
PI_CONTACT_INFO: Address: University of Guelph; aliabadi@uoguelph.ca
PLATFORM: Polar 6 - sampling around the aircraft
LOCATION: Location data varies as seen in this file
ASSOCIATED_DATA: 04081351.r??
INSTRUMENT_INFO: AIMMS20, Avantech, www.aventech.com
DATA_INFO: none
UNCERTAINTY: Contact manufacturer, Aventech
ULOD_FLAG: -7777
ULOD_VALUE: N/A
LLOD_FLAG: -8888
LLOD_VALUE: N/A
DM_CONTACT_INFO: Amir A. Aliabadi; University of Guelph; aliabadi@uoguelph.ca
PROJECT_INFO: Polar 6 NETCARE Spring 2015 campaign
STIPULATIONS_ON_USE: N/A
OTHER_COMMENTS: N/A
REVISION: R1
R1: corrected for start/stop times
TimeWave,Time_Hr,Temp,RH,BP,WSN,WSE,Lat,Lon,Alt,SProbN,SProbE,SProbD,Roll,Pitch,Heading,TAS,WSD,SideslipAngle,AOA,SideslipDiff,SysStatFlag,WS,WSW,WD
[from data line 6109]
55988,15.552248,-39.029999,0.21349999,47040,0.5,-20.559999,81.357903,-63.32481,5233,89.769997,16.26,-2.1099999,-3.8099999,5.0599999,19.85,96.68,-1.15,2.26,1.128,-0.25703001,0.61909002,20.566078,1.15,91.393105
55989,15.552526,-39.02,0.2128,47058,0.70999998,-20.209999,81.358704,-63.323849,5236,89.849998,15.25,-3.6900001,-2.55,5.9000001,19.559999,95.989998,-1.03,1.9400001,1.14088,-0.28878999,0.61091,20.222467,1.03,92.012039
55990,15.552803,-38.990002,0.2097,47030,0.93000001,-20.17,81.359497,-63.322941,5240.5,89.720001,14.63,-4.5,-0.69999999,5.6700001,19.620001,95.459999,-1.21,1.74,1.18766,-0.25338,0.58341002,20.191429,1.21,92.639931
55991,15.553081,-39.060001,0.2095,47005,0.63,-20.17,81.360298,-63.32206,5244.5,89.610001,14.47,-3.76,1.4,4.52,19.559999,95.519997,-1.8200001,1.79,1.22278,-0.19498,0.56329,20.179836,1.8200001,91.789024
55992,15.553358,-38.990002,0.2114,47024,1.54,-19.58,81.361099,-63.32119,5248,89.550003,14.48,-2.9000001,1.36,4.1999998,19.620001,94.339996,-1.63,1.62,1.22957,-0.21280999,0.55892998,19.640469,1.63,94.497154
55993,15.553637,-39.049999,0.2113,47002,1.24,-19.83,81.3619,-63.32032,5251,89.510002,14.44,-2.76,0.99000001,4.5100002,19.93,94.629997,-1.86,1.37,1.18863,-0.31068,0.58209002,19.868732,1.86,93.578133
55994,15.553914,-39.049999,0.20829999,46936,0.77999997,-20.059999,81.362709,-63.31945,5254,89.389999,14.41,-3.3,1.04,4.9499998,20.040001,95.099998,-1.9400001,1.29,1.1707,-0.34796,0.59237999,20.075159,1.9400001,92.22673
55995,15.554192,-39.02,0.2079,47030,1.86,-18.74,81.36351,-63.318569,5257.5,89.169998,14.49,-3.8699999,2.3800001,5.3400002,19.690001,93.57,-1.37,1.3099999,1.1864901,-0.32317001,0.58323002,18.832079,1.37,95.668213
55996,15.554469,-39.09,0.21070001,46903,0.31999999,-19.42,81.364304,-63.317699,5261.5,88.870003,14.63,-4.2600002,3.3099999,5.4000001,19.139999,94.940002,-1.97,2.1199999,1.18604,-0.19586,0.58530003,19.422636,1.97,90.944023
55997,15.554747,-39.07,0.20999999,46890,0.50999999,-19.389999,81.365097,-63.316811,5265.5,88.620003,14.76,-4.0500002,3.52,5.0999999,19.35,94.389999,-1.92,2.0599999,1.2037801,-0.17955001,0.57494998,19.396706,1.92,91.50666
55998,15.555024,-39.049999,0.20640001,46959,1.98,-18.84,81.365891,-63.315922,5269.5,88.389999,14.99,-3.6700001,2.8499999,4.9699998,20.25,92.639999,-1.55,1.3099999,1.22052,-0.27313,0.56349999,18.94376,1.55,95.999504
55999,15.555303,-39.119999,0.20739999,46847,1,-20.030001,81.366676,-63.31501,5273.5,88.160004,15.17,-3.5999999,1.96,5.1999998,20.889999,93.989998,-1.79,1.25,1.18364,-0.33651,0.58478999,20.054947,1.79,92.858124
56000,15.55558,-39.139999,0.2087,46842,1.0599999,-19.690001,81.36747,-63.314098,5277,87.919998,15.23,-3.75,1.25,5.5100002,20.76,93.699997,-1.5700001,1.24,1.18014,-0.34347999,0.58679998,19.718512,1.5700001,93.081512
56001,15.555858,-39.189999,0.2084,46797,0.52999997,-19.75,81.368248,-63.31319,5281,87.699997,15.05,-4.0900002,0.68000001,5.9400001,20.219999,93.980003,-1.37,1.59,1.16687,-0.30684,0.59513003,19.757111,1.37,91.537186
56002,15.556135,-39.18,0.2049,46851,1.46,-19.360001,81.369041,-63.312279,5285,87.5,14.72,-4.2800002,0.47999999,5.9499998,19.82,92.650002,-0.94,1.83,1.1928,-0.23263,0.58064002,19.414974,0.94,94.312698
56003,15.556413,-39.209999,0.20479999,46816,1.38,-19.5,81.36982,-63.311409,5289,87.339996,14.38,-4.04,0.34,6.0900002,19.709999,92.459999,-0.73000002,1.84,1.18039,-0.24879999,0.58783001,19.548769,0.73000002,94.048027
56004,15.556691,-39.200001,0.2067,46738,0.51999998,-20.209999,81.370598,-63.310539,5294,87.080002,14,-4.4899998,0.34,6.8099999,19.790001,93.120003,-0.81999999,1.8099999,1.14375,-0.30614999,0.60895997,20.216688,0.81999999,91.473885
56005,15.556969,-39.240002,0.2067,46714,0.18000001,-20.620001,81.371384,-63.309711,5298,86.690002,13.63,-5,0.50999999,7.1700001,19.91,93.150002,-0.79000002,1.74,1.1413,-0.32001999,0.61025,20.620787,0.79000002,90.500145
56006,15.557246,-39.220001,0.2034,46722,0.92000002,-20.059999,81.372147,-63.308899,5303,86.269997,13.32,-5.1900001,0.69999999,6.9699998,19.780001,91.800003,-0.56,1.63,1.17779,-0.28446999,0.58889002,20.081085,0.56,92.625885
56007,15.557524,-39.200001,0.2034,46719,0.63,-20.01,81.372917,-63.308102,5308,86.050003,13.07,-4.0100002,0.66000003,5.5999999,19.41,91.739998,-0.68000001,1.8,1.21901,-0.19868,0.56549001,20.019915,0.68000001,91.803322
56008,15.557801,-39.209999,0.20370001,46665,0.68000001,-19.780001,81.373688,-63.30732,5312,85.949997,12.83,-2.6800001,0.69,5.2199998,19.110001,91.349998,-0.43000001,1.86,1.196,-0.22222,0.57889003,19.791685,0.43000001,91.968948
56009,15.55808,-39.25,0.2049,46623,-0.079999998,-20.18,81.374458,-63.306549,5314.5,85.82,12.59,-2.29,0.81,5.4299998,18.92,91.989998,-0.57999998,2.03,1.15561,-0.25475001,0.60258001,20.180159,0.57999998,89.772865
56010,15.558357,-39.23,0.20200001,46655,0.25999999,-19.690001,81.375229,-63.30579,5317,85.709999,12.37,-2.1300001,0.95999998,5.21,18.780001,91.290001,-0.51999998,1.86,1.16795,-0.26291001,0.59508002,19.691717,0.51999998,90.756531
56011,15.558635,-39.209999,0.2027,46624,-0.029999999,-19.74,81.375992,-63.30505,5319,85.660004,12.24,-1.5,1.24,4.6900001,18.6,91.510002,-0.60000002,1.96,1.173,-0.24021,0.59239,19.740023,0.60000002,89.912926
56012,15.558912,-39.259998,0.2036,46584,-0.74000001,-19.780001,81.376747,-63.30431,5320.5,85.580002,12.17,-1.29,2.1500001,4.98,18.389999,92.089996,-0.62,2.0999999,1.13888,-0.26745,0.61242002,19.793839,0.62,87.857475
56013,15.55919,-39.34,0.2045,46474,-2.5999999,-20.440001,81.377533,-63.303581,5321.5,85.379997,12.23,-1.86,3.1300001,5.6199999,18.27,93.860001,-1.14,2.3900001,1.10223,-0.27410001,0.63427001,20.604698,1.14,82.750816
56014,15.559467,-39.259998,0.20190001,46571,-1.08,-19.719999,81.378288,-63.302841,5324,85.080002,12.41,-2.24,4.1399999,5.5300002,18.43,91.919998,-0.75999999,2.3499999,1.1403,-0.22616,0.61220998,19.749552,0.75999999,86.865227
56015,15.559746,-39.240002,0.2022,46574,-0.74000001,-19.42,81.379044,-63.302078,5326,84.82,12.72,-1.95,4.4400001,5.0799999,18.969999,91.279999,-0.92000002,1.97,1.16239,-0.25393,0.59854001,19.434093,0.92000002,87.817795
56016,15.560023,-39.23,0.20190001,46547,-0.81,-19.639999,81.379799,-63.301311,5328,84.57,13.1,-1.4299999,4.1900001,4.6900001,19.610001,91.330002,-1.08,1.6900001,1.15949,-0.30109999,0.59960997,19.656696,1.08,87.638329
56017,15.560301,-39.23,0.20190001,46552,-0.61000001,-19.91,81.380562,-63.30051,5329,84.410004,13.48,-0.82999998,3.78,4.1900001,19.959999,91.309998,-1.16,1.77,1.16309,-0.28397,0.59768999,19.919342,1.16,88.245125
56018,15.560578,-39.200001,0.2017,46541,-0.64999998,-20.17,81.38131,-63.299702,5330,84.32,13.76,-0.47999999,3.29,4.21,20.129999,91.440002,-1.33,1.91,1.1417,-0.29317999,0.61036003,20.180471,1.33,88.154221
56019,15.560856,-39.240002,0.2022,46478,-1.1900001,-20.75,81.382072,-63.29887,5330.5,84.279999,13.93,-0.47,2.6099999,4.3200002,20.33,92.209999,-1.55,1.99,1.12239,-0.30836001,0.62171,20.784096,1.55,86.71772
56020,15.561134,-39.240002,0.2027,46441,-1.72,-21.290001,81.38282,-63.298031,5331.5,84.220001,14.01,-0.88999999,2.1500001,4.8600001,20.6,92.860001,-1.7,1.9400001,1.09158,-0.36068001,0.63946003,21.359367,1.7,85.381157
56021,15.561412,-39.23,0.2027,46456,-1.29,-21.219999,81.383583,-63.297192,5332.5,84.150002,14.01,-1.48,1.8,5.23,20.700001,92.400002,-1.59,1.88,1.09565,-0.3635,0.63700002,21.259174,1.59,86.521172
56022,15.561689,-39.25,0.20100001,46438,-1.45,-21.610001,81.384331,-63.296341,5334,84.059998,13.92,-1.9400001,1.3200001,5.4499998,20.6,92.610001,-1.7,2.0899999,1.0969,-0.32872999,0.63668001,21.658592,1.7,86.161293
56023,15.561967,-39.189999,0.20029999,46521,0.050000001,-20.92,81.385078,-63.295509,5336,84.019997,13.72,-2.0699999,0.69,5.1399999,20.52,90.830002,-1.27,1.96,1.141,-0.28635001,0.61087,20.920059,1.27,90.13694
56024,15.562244,-39.200001,0.20110001,46486,-0.20999999,-21.35,81.385834,-63.294689,5338,84.089996,13.46,-1.6,0.12,4.5500002,20.559999,91.209999,-1.49,1.9,1.15,-0.28327,0.60553002,21.351032,1.49,89.436455
56025,15.562523,-39.209999,0.2015,46439,-0.86000001,-21.559999,81.386589,-63.293892,5339.5,84.239998,13.21,-1.3099999,0.23,4.6799998,20.5,91.949997,-1.6,1.75,1.11938,-0.34973001,0.62298,21.577145,1.6,87.715759
56026,15.5628,-39.220001,0.20119999,46420,-1.16,-21.67,81.387337,-63.293098,5341,84.269997,12.94,-1.74,0.47,5.23,20.17,92.279999,-1.6,1.9299999,1.10016,-0.34911999,0.63448,21.701025,1.6,86.935867
56027,15.563078,-39.279999,0.2024,46309,-2.77,-22.99,81.388092,-63.29232,5343,84.300003,12.6,-2.22,0.22,5.3800001,19.809999,94.099998,-2.1600001,2.46,1.08685,-0.28584,0.64331001,23.156273,2.1600001,83.129715
56028,15.563355,-39.16,0.2013,46410,-1.02,-22,81.38884,-63.291569,5345,84.339996,12.21,-2.3599999,-0.050000001,5.23,19.73,91.93,-1.71,2.1099999,1.12527,-0.28476,0.62031001,22.023632,1.71,87.345459
56029,15.563633,-39.200001,0.2009,46375,-1.17,-22.23,81.389603,-63.29084,5348,84.400002,11.86,-2.21,-0.12,5.04,19.790001,92.120003,-1.77,1.92,1.12569,-0.31468001,0.61965001,22.260767,1.77,86.987213
56030,15.563911,-39.18,0.20100001,46342,-1.4299999,-22.209999,81.39035,-63.290138,5350,84.5,11.58,-1.98,0.20999999,4.7800002,19.66,92.410004,-1.89,1.8200001,1.12668,-0.32811999,0.61887997,22.255987,1.89,86.316071
56031,15.564189,-39.130001,0.20039999,46399,-0.61000001,-21.49,81.391113,-63.28944,5352,84.610001,11.36,-1.8099999,0.56,4.7199998,19.24,91.43,-1.64,1.89,1.1365401,-0.30361,0.61330998,21.498655,1.64,88.374077
56032,15.564466,-39.119999,0.20110001,46357,-1.09,-21.799999,81.391869,-63.288761,5354,84.739998,11.13,-1.8,0.63,4.8200002,18.76,91.989998,-1.91,2.29,1.1209,-0.26267001,0.62326002,21.827232,1.91,87.137596
56033,15.564744,-39.099998,0.2009,46348,-0.95999998,-21.83,81.392616,-63.288101,5356,84.870003,10.83,-1.95,0.61000001,5.02,18.559999,91.849998,-1.92,2.3399999,1.1109999,-0.26989001,0.62908,21.851099,1.92,87.481972
56034,15.565022,-39.049999,0.2009,46339,-0.58999997,-21.629999,81.393387,-63.287449,5357.5,84.970001,10.6,-2.0899999,1.1,5.0300002,18.610001,91.419998,-1.9,2.1400001,1.11658,-0.29337999,0.62538999,21.638044,1.9,88.437538
56035,15.565299,-39.060001,0.2015,46289,-1.17,-22.040001,81.394142,-63.286812,5359.5,85.019997,10.51,-2.0999999,1.89,4.96,18.639999,92.169998,-2.0899999,2.21,1.10725,-0.29475999,0.63095999,22.071033,2.0899999,86.961288
56036,15.565578,-39.040001,0.2013,46300,-0.94,-21.620001,81.394913,-63.286171,5362,85.059998,10.59,-1.92,2.8900001,4.7800002,18.5,91.849998,-2.1199999,2.29,1.12026,-0.26482999,0.62361002,21.640427,2.1199999,87.510445
56037,15.565855,-39.029999,0.2001,46320,-0.28,-21.26,81.395668,-63.28553,5364,85.089996,10.73,-1.65,3.27,4.5700002,18.43,91.160004,-2.05,2.3900001,1.13352,-0.22917999,0.61623001,21.261845,2.05,89.245445
56038,15.566133,-39.02,0.2006,46311,-0.23,-21.309999,81.396423,-63.284882,5365.5,85.18,10.86,-1.34,2.78,4.4000001,18.709999,91.169998,-1.98,2.1700001,1.13366,-0.26365,0.61559999,21.311241,1.98,89.38163
56039,15.56641,-39.049999,0.20039999,46255,-0.73000002,-21.870001,81.397186,-63.284229,5366.5,85.260002,10.99,-1.26,2.53,4.5100002,19.219999,91.970001,-2.2,1.9299999,1.1108299,-0.33453,0.62827998,21.882181,2.2,88.088234
56040,15.566688,-39.080002,0.2,46234,-0.72000003,-21.92,81.397949,-63.283562,5368.5,85.309998,11.16,-1.42,2.51,4.8099999,19.43,92.18,-2.0999999,1.84,1.10027,-0.36386001,0.63423002,21.931822,2.0999999,88.118698
56041,15.566966,-39.040001,0.2008,46240,-0.61000001,-21.74,81.398712,-63.282879,5369.5,85.309998,11.28,-1.75,2.48,5.02,19.290001,92.080002,-1.97,1.96,1.1043,-0.33917001,0.63212001,21.748556,1.97,88.392769
56042,15.567244,-39,0.19939999,46301,0.62,-21.01,81.399483,-63.2822,5371.5,85.379997,11.35,-1.6,2.4000001,4.5799999,19.040001,90.739998,-1.5700001,2.0599999,1.1479501,-0.26118001,0.60707998,21.019146,1.5700001,91.690292
56043,15.567521,-39,0.19859999,46335,1.4299999,-20.57,81.400238,-63.281509,5373,85.529999,11.4,-0.98000002,2.1800001,4.1500001,18.959999,89.949997,-1.23,2.02,1.1675299,-0.23826,0.59570003,20.619646,1.23,93.97673
56044,15.567799,-39.02,0.1998,46246,0.37,-21.41,81.401009,-63.280819,5373.5,85.720001,11.43,-0.54000002,2.02,4.25,19.08,91.419998,-1.35,2.1400001,1.13219,-0.27039999,0.61637998,21.413197,1.35,90.990067
56045,15.568076,-39.040001,0.19949999,46232,0.15000001,-21.5,81.401772,-63.280128,5374.5,85.82,11.49,-0.82999998,2.3699999,4.9000001,19.280001,91.800003,-1.22,2,1.10197,-0.33607,0.63354999,21.500523,1.22,90.399734
56046,15.568355,-39.040001,0.19859999,46251,0.64999998,-21,81.402542,-63.27943,5375.5,85.849998,11.64,-1.11,2.76,4.9299998,19.280001,91.25,-1.04,1.92,1.1236,-0.31716999,0.62086999,21.010057,1.04,91.772873
56047,15.568632,-39.080002,0.19949999,46179,-0.16,-21.389999,81.403313,-63.278728,5376.5,85.889999,11.8,-0.87,2.96,4.71,19.120001,92.269997,-1.23,2.22,1.12195,-0.27223,0.62247998,21.390598,1.23,89.571426
56048,15.56891,-39.029999,0.1991,46221,0.37,-20.9,81.404083,-63.278011,5377.5,85.959999,11.97,-0.63,3.23,4.73,19.059999,91.68,-0.80000001,2.23,1.12734,-0.26313999,0.61939001,20.903275,0.80000001,91.014221
56049,15.569187,-39,0.2001,46209,-0.079999998,-20.809999,81.404846,-63.27729,5378,85.970001,12.19,-0.70999998,3.6099999,4.9499998,19.16,92.129997,-0.66000003,2.1400001,1.12323,-0.28343999,0.62155002,20.810154,0.66000003,89.779739
56050,15.569465,-38.939999,0.1991,46287,1.3,-20.280001,81.405617,-63.27655,5379,85.949997,12.42,-0.94,3.6700001,4.9899998,19.469999,90.68,-0.23999999,1.95,1.15192,-0.27234,0.60452998,20.321625,0.23999999,93.667786
56051,15.569743,-38.919998,0.20119999,46206,0.28999999,-21.219999,81.40638,-63.275791,5380,85.93,12.7,-0.92000002,3.8199999,4.8099999,20.030001,92,-0.80000001,1.9,1.13679,-0.30081001,0.61319,21.221981,0.80000001,90.782974
56052,15.570021,-38.93,0.2,46190,0.47999999,-21.33,81.40715,-63.275021,5381,85.910004,13.06,-0.82999998,3.79,4.6100001,20.459999,92.050003,-0.64999998,1.77,1.15584,-0.29466999,0.60188001,21.3354,0.64999998,91.289139
56053,15.570298,-38.869999,0.1999,46179,0.62,-21.33,81.407921,-63.274231,5381.5,85.940002,13.35,-0.47,3.1800001,4.48,20.68,92.059998,-0.58999997,1.7,1.1539299,-0.30902001,0.60284001,21.339008,0.58999997,91.664948
56054,15.570576,-38.849998,0.19939999,46190,0.95999998,-21.209999,81.408691,-63.273418,5382,85.989998,13.55,-0.46000001,2.5699999,4.8600001,20.68,91.870003,-0.51999998,1.77,1.12941,-0.33199,0.61720002,21.231714,0.51999998,92.591537
56055,15.570853,-38.810001,0.1992,46173,0.82999998,-21.450001,81.409462,-63.272598,5382.5,86.029999,13.57,-1.02,1.91,5.1799998,20.610001,92.129997,-0.64999998,1.91,1.12309,-0.31941,0.62114,21.466053,0.64999998,92.215935
56056,15.571131,-38.77,0.1997,46163,0.81,-21.5,81.410233,-63.271778,5383.5,86.120003,13.51,-1.37,1.42,5.0999999,20.52,92.230003,-0.88999999,1.91,1.13027,-0.30906001,0.61698002,21.515253,0.88999999,92.157562
56057,15.571409,-38.790001,0.20100001,46130,0.5,-21.91,81.411003,-63.270969,5385.5,86.260002,13.39,-1.53,1.13,4.9699998,20.48,92.760002,-1.47,2,1.11984,-0.31011999,0.62321001,21.915705,1.47,91.307297
56058,15.571687,-38.779999,0.2013,46068,-0.07,-22.059999,81.411774,-63.270168,5387.5,86.419998,13.28,-1.5700001,1.1900001,4.6799998,20.360001,93.449997,-1.61,1.97,1.13355,-0.29475001,0.61521,22.06011,1.61,89.818192
56059,15.571964,-38.75,0.2005,46117,0.81999999,-21.4,81.412537,-63.269371,5388.5,86.580002,13.2,-1.48,1.45,4.6700001,20.120001,92.529999,-1.41,1.97,1.13841,-0.28876001,0.61238998,21.415705,1.41,92.194374
56060,15.572242,-38.740002,0.2007,46103,0.60000002,-21.370001,81.413322,-63.26857,5390.5,86.730003,13.1,-1.7,1.55,4.8299999,19.889999,92.790001,-1.58,2.05,1.13118,-0.28606001,0.61675,21.378422,1.58,91.608253
56061,15.572519,-38.759998,0.2007,46071,0.02,-21.67,81.414101,-63.267792,5392.5,86.82,13.01,-2.23,1.7,5.2199998,19.790001,93.480003,-1.71,2.1400001,1.1207,-0.28633001,0.62301999,21.67001,1.71,90.052879
