NETCARE2015/data/raw/Flight3/AIMMS_POLAR6_20150408_R1_V1_NETCARE.ict
57, 1001
Aliabadi, Amir A.
University of Guelph
AIMMS20 - 1 Hz data from the processed output file 04081351.txt
Polar 6 NETCARE
1, 2
2015, 04, 08, 2015, 06, 26
1
TimeWave, seconds
24
1, 1, 1, 1, 1, 1, 1, 1, 1, 1, 1, 1, 1, 1, 1, 1, 1, 1, 1, 1, 1, 1, 1, 1
-9999, -9999, -9999, -9999, -9999, -9999, -9999, -9999, -9999, -9999, -9999, -9999, -9999, -9999, -9999, -9999, -9999, -9999, -9999, -9999, -9999, -9999, -9999, -9999
Time_Hr, hr UTC
Temp, deg C
RH, 0-1
BP, pa
WSN, m/s
WSE, m/s
Lat, deg
Lon, deg
Alt, m
SProbN, m/s
SProbE, m/s
SProbD, m/s
Roll, deg
Pitch, deg
Heading, deg
TAS, m/s
WSD, m/s
SideslipAngle, deg
AOA, deg
SideslipDiff, none
SysStatFlag, none
WS, m/s
WSW, m/s
WD, deg
1
Values for certain parameters near the beginning and end of the data block may be 0 as the instrument may not have been recording during these start and end timestamps
18
PI_CONTACT_INFO: Address: University of Guelph; aliabadi@uoguelph.ca
PLATFORM: Polar 6 - sampling around the aircraft
LOCATION: Location data varies as seen in this file
ASSOCIATED_DATA: 04081351.r??
INSTRUMENT_INFO: AIMMS20, Avantech, www.aventech.com
DATA_INFO: none
UNCERTAINTY: Contact manufacturer, Aventech
ULOD_FLAG: -7777
ULOD_VALUE: N/A
LLOD_FLAG: -8888
LLOD_VALUE: N/A
DM_CONTACT_INFO: Amir A. Aliabadi; University of Guelph; aliabadi@uoguelph.ca
PROJECT_INFO: Polar 6 NETCARE Spring 2015 campaign
STIPULATIONS_ON_USE: N/A
OTHER_COMMENTS: N/A
REVISION: R1
R1: corrected for start/stop times
TimeWave,Time_Hr,Temp,RH,BP,WSN,WSE,Lat,Lon,Alt,SProbN,SProbE,SProbD,Roll,Pitch,Heading,TAS,WSD,SideslipAngle,AOA,SideslipDiff,SysStatFlag,WS,WSW,WD
[from data line 9246]
59125,16.42367,-26.040001,0.74849999,98949,3.71,0.44,82.620941,-60.963379,105,39.830002,47.790001,1.72,1.28,0.79000002,52.599998,59.450001,0.15000001,0.11,1.31286,-0.32918999,0.50831997,3.7360005,-0.15000001,186.7636
59126,16.423948,-26.110001,0.74849999,98898,2.8199999,-0.13,82.6213,-60.960049,103.5,39.77,47.75,1.74,1.41,0.72000003,53.580002,60.330002,0.17,-1.1900001,1.3038,-0.54553002,0.51581001,2.8229947,-0.17,177.36058
59127,16.424225,-26.209999,0.74730003,98919,2.98,-0.050000001,82.621658,-60.956718,101.5,39.470001,47.889999,1.66,2.1800001,0.69,54.040001,60.330002,0.02,-1.23,1.3046,-0.55154002,0.51550001,2.9804194,-0.02,179.03876
59128,16.424503,-26.280001,0.74659997,98947,2.3199999,-0.34999999,82.622009,-60.953369,99.5,39.189999,47.990002,1.71,2.3900001,0.77999997,53.599998,60.900002,-0.07,-0.82999998,1.30288,-0.49109,0.51534998,2.3462522,0.07,171.42093
59129,16.424782,-26.290001,0.74440002,99023,3.0899999,-0.13,82.62236,-60.95002,98.5,39.139999,47.950001,1.55,1.66,0.85000002,53.32,60.049999,0.02,-0.11,1.3156199,-0.35986,0.50678003,3.0927334,-0.02,177.59091
59130,16.425058,-26.35,0.74370003,99012,3.04,-0.19,82.622711,-60.946678,96.5,39.080002,47.889999,1.64,1.38,0.77999997,53.959999,59.970001,0.059999999,-0.75,1.30822,-0.47156,0.51207,3.0459316,-0.059999999,176.42366
59131,16.425337,-26.459999,0.7403,99025,3.05,-0.11,82.623047,-60.943329,95,38.880001,47.950001,1.73,1.88,0.81,54.5,59.93,0.27000001,-1.13,1.3041,-0.53658003,0.51547003,3.0519829,-0.27000001,177.93449
59132,16.425613,-26.530001,0.73970002,99085,2.99,0.090000004,82.623413,-60.939991,93.5,38.610001,48.040001,1.74,2.29,0.99000001,54.169998,59.84,0.51999998,-0.69,1.31657,-0.44983,0.50708002,2.9913542,-0.51999998,181.72411
59133,16.425892,-26.51,0.74089998,99119,2.78,0.16,82.623749,-60.936642,91.5,38.509998,47.950001,1.55,1.58,1.27,53.599998,59.73,0.22,-0.31,1.29158,-0.42559001,0.52100998,2.7846005,-0.22,183.29396
59134,16.42617,-26.48,0.74199998,99194,3.0899999,0.51999998,82.624092,-60.9333,90,38.48,47.82,1.33,1.61,1.33,53.470001,59.07,0.40000001,-0.20999999,1.31226,-0.38058999,0.50883001,3.1334486,-0.40000001,189.55251
59135,16.426447,-26.52,0.74180001,99175,2.6600001,0.22,82.624443,-60.929958,88.5,38.400002,47.73,1.23,1.74,1.3,53.689999,59.43,0.13,-0.57999998,1.29945,-0.45713001,0.51682001,2.6690824,-0.13,184.72798
59136,16.426725,-26.66,0.73479998,99264,2.8099999,1.2,82.624779,-60.926628,87.5,38.189999,47.700001,1.3,1.9400001,1.37,53.849998,58.419998,0.70999998,-1.05,1.3264101,-0.49197,0.50237,3.0555031,-0.70999998,203.12473
59137,16.427002,-26.76,0.73449999,99194,2.3699999,0.12,82.625122,-60.923302,86.5,37.959999,47.689999,1.0700001,2.24,1.71,53.68,59.470001,0.059999999,-0.37,1.27837,-0.45464,0.52881002,2.3730359,-0.059999999,182.89857
59138,16.42728,-26.799999,0.73559999,99197,1.95,-0.02,82.625458,-60.919979,85.5,37.740002,47.59,0.69999999,2.1900001,2.0599999,53.490002,59.560001,0.079999998,-0.31999999,1.2843,-0.43812999,0.52529001,1.9501026,-0.079999998,179.41237
59139,16.427559,-26.870001,0.73519999,99244,2.28,-0.31,82.625793,-60.91666,84.5,37.52,47.43,0.38,1.85,2.3900001,53.610001,59.32,-0.16,0.050000001,1.27363,-0.39471,0.53128999,2.3009779,0.16,172.25726
59140,16.427835,-26.82,0.73549998,99278,2.52,0.01,82.626129,-60.913361,84.5,37.369999,47.18,0.23,1.29,2.6500001,53.709999,58.599998,0.27000001,-0.11,1.2951,-0.38969001,0.51879001,2.5200198,-0.27000001,180.22736
59141,16.428114,-26.889999,0.7374,99181,1.8200001,-0.63999999,82.626457,-60.91008,84.5,37.23,46.869999,0.13,1.6799999,2.8699999,54.07,59.189999,0.059999999,-0.68000001,1.23926,-0.55852997,0.55207998,1.9292486,-0.059999999,160.62585
59142,16.428391,-26.91,0.73790002,99211,1.46,0.17,82.626793,-60.906811,84.5,36.900002,46.689999,-0.059999999,2,3.0599999,54.380001,58.41,-0.12,-1.58,1.24888,-0.68563002,0.54866999,1.469864,0.12,186.64153
59143,16.428669,-26.889999,0.73879999,99300,2.5599999,0.17,82.627121,-60.903561,84.5,36.580002,46.48,-0.059999999,1.61,3.1600001,54.369999,57.48,0.30000001,-0.60000002,1.27459,-0.49531001,0.53134,2.5656383,-0.30000001,183.79922
59144,16.428946,-26.889999,0.74150002,99262,1.63,-0.19,82.627449,-60.900318,84.5,36.32,46.23,-0.029999999,1.61,3.26,54.290001,57.959999,0.20999999,-0.98000002,1.25805,-0.57852,0.54171997,1.6410363,-0.20999999,173.35135
59145,16.429224,-26.91,0.74190003,99274,2.3199999,-0.81,82.627777,-60.89711,84.5,36.060001,45.93,-0.33000001,1.99,3.73,54.25,57.630001,0.28,0.039999999,1.2333,-0.45493001,0.55489999,2.4573359,-0.28,160.75397
59146,16.429502,-26.92,0.74260002,99257,1.54,-0.44,82.628098,-60.893909,85,35.669998,45.709999,-0.62,2.76,3.97,54.470001,57.349998,0.039999999,-0.80000001,1.22226,-0.60189998,0.56220001,1.6016241,-0.039999999,164.05461
59147,16.429779,-26.950001,0.74349999,99217,1.27,-0.93000001,82.62841,-60.89072,85.5,35.369999,45.560001,-0.60000002,2.27,3.8099999,54.529999,57.59,-0.52999997,-0.63999999,1.2165,-0.58494997,0.56529999,1.5741029,0.52999997,143.78529
59148,16.430058,-26.93,0.74309999,99293,2.8199999,-0.82999998,82.628731,-60.887539,86.5,35.23,45.41,-0.44999999,1.66,3.75,54.869999,56.41,0.18000001,0.2,1.24428,-0.41437,0.54844999,2.9396088,-0.18000001,163.59946
59149,16.430334,-26.9,0.7457,99252,2.3800001,-0.67000002,82.629044,-60.884369,86.5,35.060001,45.369999,-0.55000001,1.9,3.8800001,55.25,56.43,-0.13,-0.5,1.22569,-0.55044001,0.55975997,2.4725089,0.13,164.27742
59150,16.430613,-26.879999,0.74650002,99268,3.23,-0.62,82.629356,-60.881199,87.5,34.970001,45.330002,-0.40000001,1.75,3.55,55.349998,55.84,-0.050000001,0.12,1.2428401,-0.42756999,0.54930001,3.2889664,0.050000001,169.13422
59151,16.430891,-26.85,0.74900001,99256,2.5699999,-0.5,82.629669,-60.87804,87.5,34.93,45.349998,0.02,1.6,3.1300001,55.599998,56.09,-0.14,-0.73000002,1.2305599,-0.57845002,0.55723,2.6181862,0.14,168.99049
59152,16.431168,-26.84,0.7518,99212,2.26,-0.81999999,82.629982,-60.87487,87.5,34.869999,45.439999,0.12,1.97,3.27,55.720001,56.59,-0.41,-0.77999997,1.19935,-0.63240999,0.57554001,2.4041631,0.41,160.05762
59153,16.431446,-26.85,0.75330001,99172,2.1700001,-1.23,82.630287,-60.8717,87.5,34.790001,45.509998,0,1.79,3.3199999,55.669998,57.029999,-0.44,-0.46000001,1.20393,-0.57586002,0.57243001,2.4943538,0.44,150.45456
59154,16.431723,-26.83,0.75419998,99212,2.53,-0.75999999,82.6306,-60.868519,87,34.77,45.560001,0.01,1.29,3.2,55.259998,56.52,-0.16,-0.02,1.23189,-0.46654999,0.55574,2.641685,0.16,163.27998
59155,16.432001,-26.82,0.75669998,99152,1.51,-1.17,82.63092,-60.865341,87,34.860001,45.529999,0.20999999,1.24,3.03,54.860001,57.400002,-0.5,-0.31999999,1.21777,-0.53329998,0.56418997,1.9102355,0.5,142.23024
59156,16.43228,-26.85,0.7568,99174,1.6900001,-1.53,82.631233,-60.86216,87,35.049999,45.470001,0.38999999,0.49000001,3.03,54.66,57.689999,-0.47,0.01,1.19514,-0.51419997,0.57723999,2.2796929,0.47,137.84465
59157,16.432556,-27.030001,0.75120002,99153,1.98,-1.45,82.631538,-60.858978,86.5,35.18,45.450001,0.31,1.37,3.1400001,54.950001,57.43,-0.55000001,-0.15000001,1.17015,-0.57505,0.59193999,2.4541597,0.55000001,143.78381
59158,16.432835,-27.07,0.75139999,99193,2.28,-1.48,82.631859,-60.855808,86.5,35.110001,45.529999,0.059999999,2.1800001,3.4400001,55.209999,57.330002,-0.22,0.01,1.20004,-0.50714999,0.57437003,2.7182348,0.22,147.01147
59159,16.433111,-27.059999,0.75129998,99232,3,-0.38,82.632172,-60.852619,86.5,34.990002,45.599998,0.02,1.9,3.6600001,55.27,56.049999,0.17,0.02,1.2280101,-0.46564999,0.55800003,3.0239708,-0.17,172.78098
59160,16.43339,-27.02,0.75590003,99156,2.1400001,-1.4,82.632477,-60.849442,86.5,34.959999,45.59,-0.27000001,1.98,3.96,55.400002,57.299999,-0.38999999,-0.2,1.17489,-0.57534999,0.58920002,2.5572643,0.38999999,146.80707
59161,16.433668,-27,0.75599998,99159,2.7,-0.91000003,82.632797,-60.846249,86.5,34.93,45.709999,-0.58999997,2.23,4.1900001,55.639999,56.619999,-0.25,-0.15000001,1.19292,-0.54273999,0.57861,2.8492279,0.25,161.37428
59162,16.433945,-27.059999,0.7568,99135,2.1900001,-1.14,82.63311,-60.84306,87.5,34.869999,45.880001,-0.73000002,2.47,4.1199999,55.889999,57.18,-0.72000003,-0.51999998,1.18788,-0.60698003,0.58187002,2.4689472,0.72000003,152.50087
59163,16.434223,-26.99,0.75950003,99198,3.1400001,-0.64999998,82.633423,-60.839851,88,34.759998,46.040001,-0.80000001,2.8299999,3.9100001,56.150002,56.34,-0.23,-0.1,1.2313,-0.47915,0.55611998,3.2065716,0.23,168.3046
59164,16.4345,-27.01,0.75989997,99168,2.55,0.050000001,82.633728,-60.83662,88.5,34.59,46.279999,-0.36000001,2.8099999,3.4200001,56.439999,56.23,0.059999999,-1.02,1.24796,-0.59906,0.54767001,2.5504901,-0.059999999,181.12331
59165,16.434778,-27.049999,0.75989997,99206,3.0699999,-0.69999999,82.634041,-60.833382,89,34.419998,46.57,-0.050000001,3.0899999,3.3599999,56.310001,56.799999,0.01,0.31,1.23317,-0.41281,0.55497003,3.1487935,-0.01,167.15541
59166,16.435057,-27.040001,0.7608,99188,2.8299999,-0.25999999,82.634354,-60.83012,89,34.369999,46.779999,-0.2,2.46,3.52,55.959999,56.66,-0.20999999,0.34999999,1.22846,-0.41304001,0.55773997,2.8419182,0.20999999,174.75081
59167,16.435333,-27.17,0.75880003,99121,1.88,-0.18000001,82.634651,-60.826851,89.5,34.389999,46.91,-0.33000001,1.83,3.52,55.759998,57.209999,-0.57999998,-0.25999999,1.20892,-0.53732997,0.56932002,1.8885974,0.57999998,174.5309
59168,16.435612,-27.17,0.75980002,99145,2.3399999,-0.34,82.634956,-60.82357,89.5,34.5,46.939999,-0.46000001,1.54,3.5,55.75,57.139999,0.090000004,0.1,1.25295,-0.41692001,0.54338002,2.3645718,-0.090000004,171.73283
59169,16.435888,-27.190001,0.75889999,99190,2.8,0.56,82.635269,-60.82029,90.5,34.57,47.02,-0.37,1.53,3.1199999,55.779999,56.32,0.46000001,-0.079999998,1.29521,-0.38385999,0.5187,2.8554509,-0.46000001,191.30994
59170,16.436167,-27.23,0.76029998,99110,1.1,-0.079999998,82.635582,-60.817001,90.5,34.610001,47.189999,0.059999999,2.2,2.8900001,55.610001,57.939999,-0.31,-0.81999999,1.25298,-0.56128001,0.54434001,1.1029053,0.31,175.84036
59171,16.436445,-27.379999,0.75660002,99181,2.3699999,0.60000002,82.635887,-60.81369,90.5,34.68,47.349998,0.18000001,1.63,2.6900001,55.490002,56.889999,0.22,-0.059999999,1.27955,-0.40425,0.52785999,2.4447699,-0.22,194.20677
59172,16.436722,-27.5,0.75550002,99133,2.1199999,0.44999999,82.6362,-60.810379,89.5,34.799999,47.52,0.40000001,1.4400001,2.6400001,55.41,57.310001,0.11,-0.11,1.2663701,-0.42996001,0.53558999,2.1672332,-0.11,191.98396
59173,16.437,-27.58,0.75559998,99114,2.0999999,0.30000001,82.636513,-60.807049,89.5,34.98,47.619999,0.079999998,1.11,2.99,55.240002,57.650002,0.12,0.02,1.26039,-0.41874,0.53904003,2.1213202,-0.12,188.1301
59174,16.437277,-27.57,0.75880003,99106,2.48,-0.49000001,82.636833,-60.803719,89.5,35.080002,47.68,0.059999999,1.62,3.28,55.150002,58.220001,0.01,0.85000002,1.2325,-0.32843,0.55577999,2.5279438,-0.01,168.82341
59175,16.437555,-27.530001,0.76099998,99105,2.5,-0.81999999,82.637138,-60.800388,89.5,35.23,47.66,0.090000004,1.51,3.5,55.299999,58.419998,0.43000001,0.75999999,1.2487,-0.31983,0.54623002,2.6310453,-0.43000001,161.84052
59176,16.437834,-27.459999,0.76499999,99137,2.45,-0.16,82.637451,-60.797058,89.5,35.209999,47.759998,-0.38,1.1799999,3.79,55.73,58.080002,0.17,-0.02,1.23018,-0.46904001,0.55673999,2.455219,-0.17,176.26353
59177,16.43811,-27.41,0.76999998,99037,0.83999997,0,82.637772,-60.79372,90,35.310001,47.740002,-0.51999998,-0.30000001,3.74,55.27,58.950001,-0.69,-1.12,1.22653,-0.64684999,0.56037003,0.83999997,0.69,180
59178,16.438389,-27.33,0.77160001,99112,2.1900001,-0.01,82.638092,-60.79039,91,35.48,47.639999,-0.72000003,0.49000001,3.4400001,54.459999,58.27,0.01,0.61000001,1.2941999,-0.27731001,0.51954001,2.1900229,-0.01,179.73837
59179,16.438665,-27.26,0.7744,99095,2.3099999,0.16,82.638397,-60.78706,91,35.93,47.41,-0.12,-0.25,3.0999999,53.580002,58.040001,0.18000001,0.98000002,1.27969,-0.24115001,0.52854002,2.3155344,-0.18000001,183.9622
59180,16.438944,-27.17,0.77499998,99192,2.79,1.61,82.638733,-60.78376,91,36.400002,47.200001,0.12,-0.25999999,3.1400001,53.990002,56.48,0.56999999,-0.40000001,1.26667,-0.4761,0.53568,3.221211,-0.56999999,209.98756
59181,16.439222,-27.309999,0.77579999,99062,0.58999997,0.44999999,82.639061,-60.780449,91.5,36.439999,47.27,0.07,1.35,3.0999999,54.810001,58.91,0.5,-2.1800001,1.26042,-0.76372999,0.54425001,0.74202424,-0.5,217.33319
59182,16.439499,-27.709999,0.7665,99051,0.73000002,-0.14,82.639381,-60.777142,91.5,36.169998,47.630001,-0.62,2.3900001,3.1500001,54.279999,59.759998,-0.69,-0.70999998,1.24107,-0.56124002,0.55107999,0.74330348,0.69,169.14359
59183,16.439777,-27.709999,0.76380002,99166,2.1800001,1.6900001,82.639709,-60.7738,92,36.220001,47.709999,-0.27000001,2.25,2.8,52.82,57.41,0.38999999,0.76999998,1.33541,-0.19369,0.49586001,2.7583511,-0.38999999,217.78389
59184,16.440054,-27.77,0.76349998,99147,2.04,0.93000001,82.64003,-60.77047,92,36.599998,47.59,0.15000001,0.34,2.4400001,52.689999,57.919998,0.37,0.80000001,1.32083,-0.20913,0.50436997,2.2419858,-0.37,204.5074
59185,16.440332,-27.83,0.76380002,99061,0.83999997,0.75,82.640358,-60.767139,91.5,36.869999,47.619999,0.23999999,0,2.48,53.84,58.939999,0.28,-1.39,1.28522,-0.60483003,0.52717,1.1260995,-0.28,221.7603
59186,16.440609,-27.879999,0.76620001,99082,0.77999997,0.98000002,82.640694,-60.763809,91.5,36.93,47.75,0.01,0.89999998,2.74,54.130001,59.200001,0.20999999,-1.78,1.27625,-0.67855,0.53368002,1.2525175,-0.20999999,231.48308
59187,16.440887,-27.93,0.7694,99036,1.12,0.38,82.641022,-60.76046,91.5,36.939999,47.849998,-0.49000001,1.37,3.05,53.349998,59.619999,-0.18000001,-0.31999999,1.27218,-0.45506999,0.53236997,1.1827087,0.18000001,198.74133
59188,16.441166,-27.950001,0.76980001,99073,0.64999998,0.69,82.64135,-60.757111,92.5,37.049999,47.810001,-0.56,0.85000002,2.9300001,52.91,59.57,0.079999998,-0.56,1.30462,-0.44637001,0.51376998,0.94794512,-0.079999998,226.70981
59189,16.441442,-27.940001,0.76959997,99089,0.86000001,0.87,82.641678,-60.753769,92.5,37.240002,47.790001,-0.17,0.69999999,2.51,52.650002,59.41,0.34,-0.41,1.32783,-0.38942999,0.49998,1.2233152,-0.34,225.33119
59190,16.441721,-27.93,0.76959997,99092,1.41,1.14,82.642014,-60.750431,92.5,37.41,47.790001,0.23,0.89999998,2.46,52.650002,58.919998,0.68000001,-0.28,1.32208,-0.3775,0.50316,1.8132015,-0.68000001,218.9559
59191,16.441998,-28.049999,0.77149999,99071,0.75,0.79000002,82.642349,-60.747082,92.5,37.549999,47.82,0.050000001,0.81,2.5599999,52.779999,59.709999,0.46000001,-0.77999997,1.31747,-0.46222001,0.50676,1.0893117,-0.46000001,226.48787
59192,16.442276,-28.129999,0.7737,98996,0.62,0.079999998,82.642677,-60.743729,92.5,37.610001,47.91,-0.050000001,0.94,2.5999999,52.799999,60.48,-0.039999999,-0.49000001,1.2879,-0.4587,0.52340001,0.62514001,0.039999999,187.35239
59193,16.442554,-28.16,0.77399999,98973,0.57999998,-0.079999998,82.643021,-60.740379,92.5,37.700001,47.959999,-0.01,0.97000003,2.46,52.669998,60.740002,0.050000001,-0.31999999,1.31278,-0.39726001,0.50863999,0.58549124,-0.050000001,172.14668
59194,16.442831,-28.120001,0.7744,99048,0.89999998,0.82999998,82.643356,-60.737019,92.5,37.830002,47.990002,0.13,1.04,2.3099999,52.450001,59.950001,0.34,-0.47,1.3138,-0.41940001,0.50827003,1.2242957,-0.34,222.68294
59195,16.44311,-28.17,0.77740002,99040,0.85000002,0.47999999,82.6437,-60.733662,92.5,37.919998,48.080002,0.23,1.15,2.23,52.220001,60.380001,0.25,-0.079999998,1.3090301,-0.36517,0.51062,0.97616601,-0.25,209.45367
59196,16.443386,-28.16,0.778,99074,1.65,0.67000002,82.644043,-60.730289,91.5,38.080002,48.119999,0.41999999,1.22,2.1400001,51.939999,59.849998,0.58999997,0.58999997,1.32028,-0.24354,0.50432998,1.7808424,-0.58999997,202.10013
59197,16.443665,-28.15,0.77829999,99105,1.48,0.69999999,82.644379,-60.726921,91.5,38.279999,48.150002,0.23999999,1.12,2.1400001,52.130001,59.93,0.44999999,0.12,1.32766,-0.30689001,0.49967,1.6371927,-0.44999999,205.31288
