NETCARE2015/data/raw/Flight3/AIMMS_POLAR6_20150408_R1_V1_NETCARE.ict
57, 1001
Aliabadi, Amir A.
University of Guelph
AIMMS20 - 1 Hz data from the processed output file 04081351.txt
Polar 6 NETCARE
1, 2
2015, 04, 08, 2015, 06, 26
1
TimeWave, seconds
24
1, 1, 1, 1, 1, 1, 1, 1, 1, 1, 1, 1, 1, 1, 1, 1, 1, 1, 1, 1, 1, 1, 1, 1
-9999, -9999, -9999, -9999, -9999, -9999, -9999, -9999, -9999, -9999, -9999, -9999, -9999, -9999, -9999, -9999, -9999, -9999, -9999, -9999, -9999, -9999, -9999, -9999
Time_Hr, hr UTC
Temp, deg C
RH, 0-1
BP, pa
WSN, m/s
WSE, m/s
Lat, deg
Lon, deg
Alt, m
SProbN, m/s
SProbE, m/s
SProbD, m/s
Roll, deg
Pitch, deg
Heading, deg
TAS, m/s
WSD, m/s
SideslipAngle, deg
AOA, deg
SideslipDiff, none
SysStatFlag, none
WS, m/s
WSW, m/s
WD, deg
1
Values for certain parameters near the beginning and end of the data block may be 0 as the instrument may not have been recording during these start and end timestamps
18
PI_CONTACT_INFO: Address: University of Guelph; aliabadi@uoguelph.ca
PLATFORM: Polar 6 - sampling around the aircraft
LOCATION: Location data varies as seen in this file
ASSOCIATED_DATA: 04081351.r??
INSTRUMENT_INFO: AIMMS20, Avantech, www.aventech.com
DATA_INFO: none
UNCERTAINTY: Contact manufacturer, Aventech
ULOD_FLAG: -7777
ULOD_VALUE: N/A
LLOD_FLAG: -8888
LLOD_VALUE: N/A
DM_CONTACT_INFO: Amir A. Aliabadi; University of Guelph; aliabadi@uoguelph.ca
PROJECT_INFO: Polar 6 NETCARE Spring 2015 campaign
STIPULATIONS_ON_USE: N/A
OTHER_COMMENTS: N/A
REVISION: R1
R1: corrected for start/stop times
TimeWave,Time_Hr,Temp,RH,BP,WSN,WSE,Lat,Lon,Alt,SProbN,SProbE,SProbD,Roll,Pitch,Heading,TAS,WSD,SideslipAngle,AOA,SideslipDiff,SysStatFlag,WS,WSW,WD
[from data line 5661]
55540,15.427838,-34.830002,0.33629999,54113,3.8900001,-14.36,81.371246,-63.394691,4328,85.169998,13.79,-2.49,1.5700001,3.71,18.139999,86.029999,-1.47,1.05,1.25035,-0.27197,0.54570001,14.877557,1.47,105.15717
55541,15.428116,-34.849998,0.33809999,54072,3.6199999,-14.42,81.372017,-63.39386,4330,85.230003,13.87,-2.5999999,2.23,3.78,18.08,86.400002,-1.74,1.17,1.2407399,-0.26631001,0.55150002,14.867441,1.74,104.09232
55542,15.428393,-34.720001,0.3348,54329,7.3600001,-11.88,81.37278,-63.393021,4333,85.290001,13.95,-2.6700001,2.04,3.6800001,17.98,82.139999,-0.19,0.43000001,1.33485,-0.24717,0.49564999,13.975121,0.19,121.7794
55543,15.428671,-35,0.33970001,53802,0.86000001,-16.02,81.373543,-63.392189,4335.5,85.379997,14.01,-2.5,1.87,3.45,18.040001,89.669998,-2.8599999,1.64,1.20899,-0.23883,0.57085001,16.043068,2.8599999,93.072853
55544,15.428948,-34.790001,0.3351,54235,6.7800002,-12.2,81.374313,-63.391338,4338,85.5,14.08,-2.22,1.9299999,3.3599999,18.09,83.040001,-0.38999999,0.44,1.32214,-0.26471999,0.50305998,13.957378,0.38999999,119.06258
55545,15.429227,-34.73,0.331,54411,9.1800003,-10.53,81.375069,-63.390491,4340.5,85.580002,14.15,-2.4000001,1.85,3.75,18.01,80.360001,0.67000002,-0.050000001,1.36036,-0.28591999,0.48056999,13.969728,-0.67000002,131.08176
55546,15.429504,-34.950001,0.3362,54030,4.4400001,-13.51,81.375839,-63.389641,4343,85.610001,14.15,-2.9300001,1.76,4.1999998,17.860001,85.800003,-1.37,1.0599999,1.24739,-0.27487001,0.54742998,14.22089,1.37,108.19287
55547,15.429782,-35.07,0.33660001,53818,2.21,-14.82,81.376602,-63.38879,4346,85.620003,14.12,-3.29,1.73,4.2199998,17.75,88.300003,-2.25,1.49,1.21998,-0.24639,0.56417,14.983874,2.25,98.481606
55548,15.430059,-34.970001,0.3321,54024,5.3200002,-12.9,81.377373,-63.387939,4349.5,85.660004,14.08,-2.99,1.84,3.72,17.77,84.769997,-0.87,0.87,1.30355,-0.22421999,0.51450998,13.953938,0.87,112.41141
55549,15.430337,-34.790001,0.3265,54407,11.22,-9.25,81.378143,-63.3871,4352,85.760002,14.13,-2.29,2.0699999,3.3499999,17.84,78.209999,1.6799999,-0.41,1.43933,-0.22888,0.43547001,14.541351,-1.6799999,140.49713
55550,15.430615,-34.93,0.3301,54157,7.77,-11.43,81.378899,-63.38625,4354.5,85.860001,14.2,-2.0899999,2.01,3.5599999,17.9,82.209999,0.01,0.34,1.3228,-0.27908,0.50259,13.820919,-0.01,124.20747
55551,15.430893,-35.150002,0.33320001,53809,3.6300001,-14.14,81.379669,-63.385391,4357,85.940002,14.25,-2.3199999,1.91,3.8699999,17.889999,87.089996,-1.6799999,1.26,1.22316,-0.27785999,0.56186002,14.598511,1.6799999,104.39796
55552,15.43117,-35.049999,0.32780001,54046,7.1199999,-12.07,81.38044,-63.384529,4359,85.959999,14.26,-2.74,1.92,4.2600002,17.799999,83.190002,-0.46000001,0.75,1.27978,-0.27581,0.52812999,14.013539,0.46000001,120.53603
55553,15.431448,-35.52,0.33840001,53294,-2,-17.610001,81.38121,-63.383678,4362,85.980003,14.19,-2.96,1.46,4.2600002,17.74,93.529999,-3.8900001,2.26,1.13047,-0.25345001,0.61765999,17.723209,3.8900001,83.520576
55554,15.431726,-34.84,0.3222,54540,14.82,-6.8000002,81.381981,-63.382832,4365,86.050003,14.09,-2.74,1.42,3.96,17.799999,74.470001,3.5,-1.47,1.53131,-0.26396,0.39684001,16.305593,-3.5,155.35248
55555,15.432003,-35.27,0.3294,53814,5.3299999,-13.49,81.382751,-63.381989,4368,86.129997,14.04,-2.3900001,1.67,3.99,17.84,85.379997,-1.1,1.0700001,1.24665,-0.27401999,0.54787999,14.504792,1.1,111.55935
55556,15.432281,-35.310001,0.32800001,53802,5.3400002,-13.51,81.383522,-63.381142,4370,86.150002,14.04,-2.5899999,2.1199999,4.5300002,17.75,85.43,-1.03,1.21,1.22047,-0.2888,0.56332999,14.527068,1.03,111.56704
55557,15.432559,-35.110001,0.322,54174,10.71,-10.22,81.384293,-63.380299,4373,86.089996,14.01,-3.1300001,1.98,4.9200001,17.639999,79.290001,1.05,0.25,1.33828,-0.27133,0.49349001,14.803801,-1.05,136.34113
55558,15.432837,-35.369999,0.32710001,53715,5.04,-13.69,81.385063,-63.379459,4376,86.050003,13.95,-3.1300001,1.84,4.6100001,17.73,85.589996,-1.1,1.22,1.24006,-0.26052999,0.55198002,14.588272,1.1,110.21128
55559,15.433114,-35.41,0.32749999,53674,5.1500001,-13.79,81.385834,-63.37862,4379,86.059998,13.92,-2.5999999,1.86,4.21,17.83,85.540001,-1.05,1.1799999,1.24509,-0.2586,0.54899001,14.720279,1.05,110.4786
55560,15.433392,-35.48,0.32769999,53531,3.48,-14.83,81.386597,-63.377789,4382,86.110001,13.89,-2.21,1.5,4.1500001,17.82,87.480003,-1.63,1.4400001,1.20535,-0.27471,0.57253999,15.232836,1.63,103.20606
55561,15.43367,-36.060001,0.34450001,52436,-9.5299997,-22.43,81.387367,-63.376961,4384,86.169998,13.79,-2.22,1.22,4.3800001,17.77,102.41,-6.0300002,3.1099999,1.0055799,-0.29989001,0.69182003,24.370594,6.0300002,66.980461
55562,15.433948,-35.220001,0.32069999,53989,10.21,-10.96,81.388138,-63.376129,4386.5,86.230003,13.66,-2.3,1.33,4.29,17.66,80.019997,0.94,0.33000001,1.32798,-0.27364999,0.49956,14.978842,-0.94,132.97101
55563,15.434225,-35.349998,0.32350001,53729,6.7399998,-13.1,81.388924,-63.375309,4389,86.330002,13.55,-2.02,1.35,4.02,17.530001,83.959999,-0.47,1.0599999,1.26064,-0.25549001,0.53974998,14.732196,0.47,117.22599
55564,15.434503,-35.52,0.32539999,53494,4.1100001,-14.73,81.389687,-63.3745,4391,86.440002,13.41,-1.85,1.24,4.1199999,17.469999,87,-1.51,1.49,1.1919301,-0.28729999,0.58039999,15.292645,1.51,105.59029
55565,15.43478,-35.080002,0.3154,54292,15.61,-7.75,81.390457,-63.373699,4392.5,86.540001,13.29,-2.01,1.24,4.3099999,17.48,74.169998,3.1500001,-0.94999999,1.44723,-0.3026,0.43421,17.427982,-3.1500001,153.59668
55566,15.435059,-34.610001,0.30329999,55203,35.049999,-7.5799999,81.391243,-63.37291,4395,86.629997,13.17,-2.0699999,1.4299999,4.21,17.370001,55.799999,-6.6500001,4.8099999,0.83091003,-0.28514001,0,35.860268,6.6500001,167.797
55567,15.435336,-35.41,0.32139999,53729,8.2200003,-12.48,81.392014,-63.372108,4397,86.739998,13.07,-1.85,1.42,4.0100002,17.219999,82.610001,-0.15000001,0.88,1.2694499,-0.27162001,0.53430998,14.943854,0.15000001,123.37106
55568,15.435614,-35.529999,0.32300001,53487,5.1900001,-14.42,81.392776,-63.37133,4399,86.860001,12.98,-1.77,1.76,4.0799999,17.17,86.150002,-1.35,1.49,1.19304,-0.28490999,0.57976002,15.325551,1.35,109.79465
55569,15.435891,-35.02,0.3098,54495,20.309999,-4.6300001,81.393562,-63.370548,4400.5,86.949997,12.99,-1.8,2.4400001,4.1700001,17.190001,69.349998,5.9499998,-2.46,1.623,-0.2863,0.36131001,20.831059,-5.9499998,167.15794
55570,15.436169,-35.77,0.32870001,53117,1.09,-16.950001,81.394341,-63.36977,4402.5,87,13.09,-1.92,2.8299999,4.1700001,17.26,91,-3.1700001,2.26,1.1187201,-0.27028,0.62445003,16.985012,3.1700001,93.679443
55571,15.436447,-35.580002,0.32190001,53492,6.46,-13.78,81.395119,-63.36898,4404.5,87.050003,13.24,-1.74,3.04,3.9000001,17.370001,84.970001,-1.1900001,1.35,1.21977,-0.26822999,0.56400001,15.219067,1.1900001,115.11697
55572,15.436725,-35.599998,0.32210001,53494,6.6500001,-13.65,81.395897,-63.368179,4405.5,87.129997,13.46,-1.4,3.4400001,3.6400001,17.5,84.889999,-1.1900001,1.33,1.22241,-0.26864001,0.56242001,15.183708,1.1900001,115.9744
55573,15.437002,-35.639999,0.32170001,53426,6.1700001,-13.9,81.396683,-63.367359,4407.5,87.239998,13.71,-1.0700001,3.4000001,3.4300001,17.67,85.620003,-1.48,1.36,1.21035,-0.28049001,0.56948,15.207856,1.48,113.93571
55574,15.43728,-34.759998,0.29980001,55107,36.580002,-7.4200001,81.397461,-63.366531,4408.5,87.389999,13.95,-0.88999999,3.05,3.3900001,17.9,55.439999,-7.5799999,5.5,0.74712998,-0.29668999,0,37.324963,7.5799999,168.53352
55575,15.437557,-35.66,0.32089999,53462,7.1199999,-13.62,81.398239,-63.365688,4409.5,87.519997,14.14,-0.94999999,2.8099999,3.53,18.17,85.040001,-1.1900001,1.0599999,1.20508,-0.33570001,0.57203001,15.36876,1.1900001,117.5988
55576,15.437835,-35.66,0.32069999,53463,7.3699999,-13.53,81.399017,-63.36483,4410.5,87.610001,14.42,-1.09,3.3599999,3.6099999,18.25,84.970001,-1.23,1.17,1.2082601,-0.31314999,0.57034999,15.407069,1.23,118.57781
55577,15.438113,-35.330002,0.31220001,54138,17.35,-7.1900001,81.399811,-63.36396,4411.5,87.720001,14.65,-1.09,3.1199999,3.55,18.23,73.790001,3.3399999,-0.97000003,1.46585,-0.27961999,0.42475,18.780804,-3.3399999,157.49043
55578,15.438391,-35.869999,0.32409999,53171,4.1700001,-15.54,81.400597,-63.363079,4412.5,87.830002,14.82,-1.02,2.6800001,3.5599999,18.379999,88.980003,-2.3800001,1.77,1.15865,-0.29034001,0.60026002,16.089764,2.3800001,105.02087
55579,15.438668,-35.73,0.31990001,53423,7.5700002,-13.55,81.401382,-63.362179,4413.5,87.940002,14.94,-1.15,2.49,3.76,18.6,85.230003,-1.01,1.09,1.21165,-0.32126999,0.56825,15.521193,1.01,119.19085
55580,15.438946,-35.75,0.32120001,53402,7.4299998,-13.78,81.402168,-63.361279,4415,88.019997,15.07,-1.3099999,2.3800001,3.9100001,18.700001,85.599998,-1.0599999,1.15,1.20717,-0.31808999,0.57094997,15.655456,1.0599999,118.33298
55581,15.439223,-35.349998,0.30970001,54190,18.77,-6.0599999,81.402946,-63.360371,4416.5,88.07,15.15,-1.55,2.1600001,4.0999999,18.629999,72.75,4.3200002,-1.63,1.50981,-0.31927001,0.40768999,19.724009,-4.3200002,162.10704
55582,15.439502,-35.439999,0.3116,53997,16.15,-8.2600002,81.40374,-63.359459,4418,88.129997,15.15,-1.74,1.9299999,4.1300001,18.59,75.82,2.77,-0.55000001,1.4205101,-0.27831,0.44672,18.139738,-2.77,152.91229
55583,15.439779,-35.830002,0.31999999,53331,7.2600002,-13.87,81.404533,-63.358551,4420,88.190002,15.14,-1.76,1.92,4.0300002,18.639999,85.959999,-0.99000001,1.2,1.22167,-0.28931001,0.56260997,15.655175,0.99000001,117.629
55584,15.440057,-35.82,0.31979999,53349,7.3600001,-13.94,81.405319,-63.357639,4421.5,88.260002,15.16,-1.51,1.89,3.76,18.700001,85.959999,-0.92000002,1.1900001,1.2312599,-0.27658999,0.55703998,15.763667,0.92000002,117.83302
55585,15.440334,-35.880001,0.32260001,53305,7.1999998,-14.15,81.406113,-63.35672,4423,88.379997,15.18,-1.1900001,1.85,3.6300001,18.709999,86.330002,-0.98000002,1.27,1.22149,-0.27869001,0.56285,15.876476,0.98000002,116.96854
55586,15.440612,-34.990002,0.29840001,54983,36.73,-6.4299998,81.406898,-63.355808,4424.5,88.489998,15.21,-1.12,1.8,3.75,18.66,56.32,-5.6799998,4.3200002,0.87305999,-0.30063,0,37.288574,5.6799998,170.07034
55587,15.44089,-35.959999,0.32190001,53156,5.5999999,-14.87,81.407692,-63.354889,4425.5,88.580002,15.19,-1.25,1.74,3.96,18.549999,88.279999,-1.42,1.49,1.1806999,-0.30294999,0.58692002,15.889522,1.42,110.63623
55588,15.441168,-35.990002,0.3211,53169,5.8200002,-14.89,81.408493,-63.353981,4427,88.629997,15.13,-1.55,1.64,4.27,18.450001,88.099998,-1.28,1.6,1.17989,-0.28701001,0.58759999,15.987011,1.28,111.34885
55589,15.441445,-35.84,0.31850001,53418,9.1599998,-12.95,81.409279,-63.353069,4428.5,88.650002,15.03,-1.92,1.45,4.5500002,18.450001,84.269997,0.02,1.03,1.2437299,-0.28485999,0.54949999,15.862159,-0.02,125.27314
55590,15.441723,-35.700001,0.31330001,53725,13.6,-10.09,81.410072,-63.352169,4431,88.650002,14.87,-2.1400001,1.04,4.6500001,18.52,79.18,1.83,-0.090000004,1.34733,-0.31132999,0.48820999,16.934229,-1.83,143.42784
55591,15.442,-35.939999,0.31850001,53228,7.6100001,-14.33,81.410873,-63.35128,4433,88.650002,14.73,-2.1900001,1.14,4.6799998,18.59,86.139999,-0.41,1.21,1.2174,-0.29462999,0.56510001,16.225319,0.41,117.9707
55592,15.442279,-36.009998,0.32069999,53123,6.1799998,-15.4,81.411659,-63.350399,4435.5,88.650002,14.57,-2.1400001,1.21,4.6199999,18.58,87.75,-1.02,1.48,1.1926,-0.28738999,0.57999998,16.593746,1.02,111.86552
55593,15.442556,-36.119999,0.3238,52886,3.6199999,-17.51,81.412453,-63.349522,4437.5,88.669998,14.41,-2.01,1.04,4.54,18.68,90.800003,-1.97,1.98,1.14853,-0.27153999,0.60658002,17.880283,1.97,101.68071
55594,15.442834,-35.810001,0.3145,53438,11.11,-13.05,81.413254,-63.34866,4439.5,88.709999,14.24,-1.9,0.94,4.4899998,18.860001,82.269997,0.85000002,0.56999999,1.28475,-0.29815999,0.52499998,17.138687,-0.85000002,130.40912
55595,15.443111,-35.91,0.31760001,53213,8.3999996,-15.01,81.41404,-63.347801,4441.5,88.739998,14.12,-1.83,0.98000002,4.4200001,18.940001,85.470001,-0.34,1.05,1.22575,-0.30713001,0.55998999,17.200584,0.34,119.23255
55596,15.443389,-35.939999,0.31650001,53240,8.8800001,-14.98,81.414833,-63.346958,4443.5,88.790001,13.99,-1.72,1.22,4.3299999,18.879999,85.040001,-0.16,1.12,1.23435,-0.2841,0.55510998,17.414213,0.16,120.65906
55597,15.443666,-35.470001,0.3057,54030,20.51,-6.5700002,81.415627,-63.346111,4445,88.839996,13.94,-1.61,1.54,4.1599998,18.76,71.75,5.6399999,-2.0799999,1.58672,-0.27992001,0.37538001,21.536596,-5.6399999,162.2381
55598,15.443945,-35.91,0.31690001,53153,7.8099999,-15.27,81.41642,-63.345268,4446.5,88.910004,13.9,-1.51,1.67,4.0100002,18.58,86.199997,-0.69999999,1.3099999,1.22357,-0.26965001,0.56171,17.151356,0.69999999,117.08794
55599,15.444222,-35.84,0.31659999,53194,8.3199997,-14.87,81.417213,-63.344429,4448.5,88.980003,13.85,-1.5599999,1.42,3.99,18.450001,85.620003,-0.63,1.23,1.2355601,-0.26416001,0.55462003,17.039345,0.63,119.2277
55600,15.4445,-35.880001,0.31760001,53130,7.6300001,-15.34,81.418007,-63.343601,4450,89.059998,13.73,-1.71,1.2,3.97,18.51,86.459999,-0.99000001,1.21,1.22084,-0.28874001,0.56310999,17.13279,0.99000001,116.4454
55601,15.444777,-35.869999,0.3177,53037,6.75,-15.84,81.418808,-63.342781,4451.5,89.139999,13.67,-1.79,1.35,3.8800001,18.540001,87.550003,-1.5,1.25,1.20588,-0.30386999,0.57187003,17.218248,1.5,113.08062
55602,15.445055,-35.869999,0.3168,53020,6.6900001,-15.93,81.419609,-63.341949,4453.5,89.230003,13.66,-1.83,1.7,3.75,18.370001,87.709999,-1.7,1.46,1.20778,-0.26903999,0.57116002,17.277761,1.7,112.78057
55603,15.445333,-35.790001,0.3186,53124,8.29,-14.97,81.42041,-63.341129,4455.5,89.32,13.63,-1.84,1.79,3.71,18.23,85.949997,-1.12,1.3200001,1.2402101,-0.24463999,0.55208999,17.112131,1.12,118.97655
55604,15.445611,-35.810001,0.3159,53073,7.8099999,-15.19,81.421204,-63.340302,4457.5,89.410004,13.62,-1.9400001,1.74,3.73,18.32,86.540001,-1.38,1.23,1.23005,-0.27307999,0.55779999,17.08017,1.38,117.21014
55605,15.445889,-35.880001,0.3163,52973,6.7199998,-15.75,81.421997,-63.339481,4459.5,89.480003,13.66,-2.03,1.8200001,3.6900001,18.41,87.82,-2.03,1.27,1.21033,-0.29501,0.56932002,17.123693,2.03,113.10632
55606,15.446166,-35.830002,0.31569999,53027,7.54,-15.29,81.422813,-63.33865,4461.5,89.57,13.67,-2.1199999,1.54,3.6600001,18.309999,87.029999,-1.8200001,1.24,1.22632,-0.27682999,0.55997998,17.04804,1.8200001,116.24942
55607,15.446444,-35.82,0.3154,53011,7.5,-15.28,81.423607,-63.33783,4463.5,89.669998,13.6,-2.3299999,1.3099999,3.6900001,18.15,87.110001,-1.9,1.3,1.22732,-0.26528999,0.55953002,17.02141,1.9,116.14355
55608,15.446722,-35.77,0.3136,53109,9.1199999,-14.21,81.424408,-63.337009,4466.5,89.769997,13.53,-2.49,1.64,3.6700001,18.07,85.279999,-1.3,0.99000001,1.26495,-0.25937,0.53713,16.884861,1.3,122.69241
55609,15.447,-35.950001,0.31760001,52801,5.3299999,-16.43,81.425209,-63.336189,4468.5,89.849998,13.53,-2.51,1.91,3.6099999,18.209999,89.620003,-2.79,1.4400001,1.19994,-0.28343001,0.57565999,17.272921,2.79,107.9734
55610,15.447277,-35.689999,0.3096,53324,12.53,-11.91,81.426018,-63.335369,4471.5,89.889999,13.61,-2.5799999,1.72,3.6500001,18.35,81.510002,0,-0.050000001,1.34533,-0.30721,0.48936,17.287249,0,136.45319
55611,15.447555,-35.93,0.31600001,52909,7.3200002,-15.28,81.426819,-63.334549,4474,89.970001,13.55,-2.78,0.63,3.8499999,18.18,87.589996,-2.21,1.09,1.23304,-0.28986999,0.55583,16.942869,2.21,115.59711
55612,15.447832,-35.900002,0.3141,52971,8.5100002,-14.52,81.427628,-63.33374,4477,90.080002,13.22,-3.0899999,-1.03,4.0900002,17.799999,86.239998,-1.85,0.92000002,1.25371,-0.28736001,0.54352999,16.830048,1.85,120.37406
55613,15.44811,-36.080002,0.31810001,52654,4.73,-17,81.428429,-63.332958,4480.5,90.239998,12.53,-3.5999999,-2.9100001,4.4899998,17.290001,90.540001,-3.1400001,1.55,1.1748101,-0.30230001,0.59043998,17.645761,3.1400001,105.54845
55614,15.448388,-36.07,0.31659999,52701,5.6199999,-16.450001,81.429237,-63.332218,4484,90.440002,11.53,-4.0599999,-4.4200001,4.73,16.67,89.440002,-2.6900001,1.29,1.19319,-0.31591001,0.57931,17.383524,2.6900001,108.86229
