NETCARE2015/data/raw/Flight3/CO2_POLAR6_20150408_R1_L1_NETCARE.ict
34, 1001
Bozem, Heiko; Hoor, Peter
Institute for Atmospheric Physics, Johannes Gutenberg University, Mainz, Germany
CO2 mixing ratio from LI7200 CO2 analyzer
NETCARE Polar 6 Campaign 2015
1, 1
2015, 04, 08, 2015, 08, 12
1
Time_UTC, seconds
1
1
-9999.99
CO2_ppmv, ppmv
0
19
PI_CONTACT_INFO: Address: Johann-Joachim-Becherweg 21, 55128 Mainz, email: bozemh@uni-mainz.de; hoor@uni-mainz.de
PLATFORM: Polar 6
LOCATION: GPS location and altitude available at 1 Hz resolution in separate file (See AIMMS files under Aircraft data and meteorology)
ASSOCIATED_DATA: N/A
INSTRUMENT_INFO: CO2 measurements based on non-dispersive infrared absorption spectroscopy
DATA_INFO: Units are ppmv
UNCERTAINTY: UNCERTAINTY RELATIVE TO STANDARD: 1.71 ppmv at 1 sigma confidence (before drift correction is applied)
ULOD_FLAG: -7777
ULOD_VALUE: 3000
LLOD_FLAG: -8888
LLOD_VALUE: N/A 
DM_CONTACT_INFO: N/A
PROJECT_INFO: NETCARE Polar 6 aircraft campaign in April 2015; Alert
STIPULATIONS_ON_USE: N/A
OTHER_COMMENTS: N/A
REVISION: R1
R0: Preliminary data, corrected for instrument drift
R1: Final data, corrected for instrument drift
Time_UTC,CO2_ppmv
[from data line 6066]
55945,403.46
55946,403.47
55947,403.55
55948,403.65
55949,403.54
55950,403.64
55951,403.67
55952,403.65
55953,403.59
55954,403.56
55955,403.60
55956,403.57
55957,403.62
55958,403.60
55959,403.66
55960,403.49
55961,403.77
55962,403.72
55963,403.70
55964,403.65
55965,403.69
55966,403.75
55967,403.82
55968,403.73
55969,403.63
55970,403.60
55971,403.70
55972,403.79
55973,403.71
55974,403.76
55975,403.69
55976,403.73
55977,403.68
55978,403.62
55979,403.62
55980,403.66
55981,403.51
55982,403.52
55983,403.57
55984,403.41
55985,403.44
55986,403.43
55987,403.69
55988,403.95
55989,403.70
55990,403.75
55991,403.70
55992,403.83
55993,403.97
55994,403.92
55995,403.68
55996,403.81
55997,403.71
55998,403.75
55999,403.72
56000,403.81
56001,403.66
56002,403.82
56003,403.76
56004,403.91
56005,404.03
56006,404.16
56007,404.06
56008,404.11
56009,404.01
56010,404.02
56011,403.99
56012,404.14
56013,404.10
56014,404.14
56015,403.95
56016,404.13
56017,404.09
56018,404.12
56019,404.11
56020,404.02
56021,404.00
56022,403.86
56023,403.83
56024,403.80
56025,403.73
56026,403.74
56027,403.91
56028,403.70
56029,403.79
56030,403.83
56031,403.77
56032,403.80
56033,403.78
56034,403.69
56035,403.80
56036,403.70
56037,403.87
56038,403.78
56039,403.79
56040,403.87
56041,403.75
56042,403.66
56043,403.66
56044,403.68
56045,403.78
56046,403.73
56047,403.60
56048,403.69
56049,403.68
56050,403.71
56051,403.70
56052,403.71
56053,403.67
56054,403.67
56055,403.69
56056,403.76
56057,403.74
56058,403.86
56059,403.72
56060,403.87
56061,403.82
56062,403.77
56063,403.79
56064,403.76
56065,403.79
56066,403.86
56067,403.92
56068,403.82
56069,403.93
56070,403.90
56071,403.93
56072,404.02
56073,403.97
56074,404.02
56075,404.19
56076,404.18
56077,404.19
56078,404.34
56079,404.34
56080,404.33
56081,404.37
56082,404.51
56083,404.48
56084,404.48
56085,404.40
56086,404.49
56087,404.31
56088,404.27
56089,403.97
56090,404.00
56091,404.03
56092,404.10
56093,404.11
56094,404.04
56095,404.09
56096,404.19
56097,404.07
56098,404.17
56099,404.03
56100,404.08
56101,404.17
56102,404.18
56103,404.12
56104,404.03
56105,404.16
56106,404.22
56107,404.28
56108,404.27
56109,404.40
56110,404.35
56111,404.42
56112,404.46
56113,404.47
56114,404.34
56115,404.00
56116,403.98
56117,403.88
56118,403.98
56119,403.93
56120,404.06
56121,403.94
56122,403.75
56123,403.89
56124,403.78
56125,403.86
56126,403.90
56127,404.03
56128,404.06
56129,403.88
56130,403.87
56131,403.82
56132,403.89
56133,404.08
56134,404.06
56135,404.09
56136,403.87
56137,403.83
56138,-9999.99
56139,-9999.99
56140,-9999.99
56141,-9999.99
56142,-9999.99
56143,403.96
56144,403.94
56145,404.07
56146,404.03
56147,404.15
56148,404.34
56149,404.24
56150,403.96
56151,404.14
56152,404.44
56153,404.45
56154,404.38
56155,404.54
56156,404.54
56157,404.60
56158,404.47
56159,404.47
56160,404.99
56161,404.81
56162,404.56
56163,404.53
56164,404.64
56165,404.08
56166,404.25
56167,403.94
56168,403.90
56169,403.98
56170,404.30
56171,404.22
56172,403.91
56173,404.18
56174,404.13
56175,403.93
56176,403.97
56177,403.99
56178,404.25
56179,404.10
56180,403.92
56181,404.01
56182,403.76
56183,404.13
56184,404.04
56185,404.08
56186,403.88
56187,403.86
56188,403.72
56189,403.58
56190,403.77
56191,404.02
56192,404.03
56193,403.78
56194,403.97
56195,403.85
56196,404.39
56197,-9999.99
56198,-9999.99
56199,-9999.99
56200,-9999.99
56201,-9999.99
56202,-9999.99
56203,-9999.99
56204,-9999.99
56205,-9999.99
56206,-9999.99
56207,-9999.99
56208,-9999.99
56209,-9999.99
56210,-9999.99
56211,-9999.99
56212,-9999.99
56213,-9999.99
56214,-9999.99
56215,-9999.99
56216,-9999.99
56217,-9999.99
56218,-9999.99
56219,-9999.99
56220,-9999.99
56221,-9999.99
56222,-9999.99
56223,-9999.99
56224,-9999.99
56225,-9999.99
56226,-9999.99
56227,-9999.99
56228,-9999.99
56229,-9999.99
56230,-9999.99
56231,-9999.99
56232,-9999.99
56233,-9999.99
56234,-9999.99
56235,-9999.99
56236,-9999.99
56237,-9999.99
56238,-9999.99
56239,-9999.99
56240,-9999.99
56241,-9999.99
56242,-9999.99
56243,-9999.99
56244,-9999.99
56245,-9999.99
56246,-9999.99
56247,-9999.99
56248,-9999.99
56249,-9999.99
56250,-9999.99
56251,-9999.99
56252,-9999.99
56253,-9999.99
56254,-9999.99
56255,-9999.99
56256,-9999.99
56257,-9999.99
56258,-9999.99
56259,-9999.99
56260,-9999.99
56261,-9999.99
56262,-9999.99
56263,-9999.99
56264,-9999.99
56265,-9999.99
56266,-9999.99
56267,-9999.99
56268,-9999.99
56269,-9999.99
56270,-9999.99
56271,-9999.99
56272,-9999.99
56273,-9999.99
56274,-9999.99
56275,-9999.99
56276,-9999.99
56277,-9999.99
56278,-9999.99
56279,-9999.99
56280,-9999.99
56281,-9999.99
56282,-9999.99
56283,-9999.99
56284,-9999.99
56285,-9999.99
56286,-9999.99
56287,-9999.99
56288,-9999.99
56289,-9999.99
56290,-9999.99
56291,-9999.99
56292,-9999.99
56293,-9999.99
56294,-9999.99
56295,-9999.99
56296,-9999.99
56297,-9999.99
56298,-9999.99
56299,-9999.99
56300,-9999.99
56301,-9999.99
56302,-9999.99
56303,-9999.99
56304,-9999.99
56305,-9999.99
56306,-9999.99
56307,-9999.99
56308,-9999.99
56309,-9999.99
56310,-9999.99
56311,-9999.99
56312,-9999.99
56313,-9999.99
56314,-9999.99
56315,-9999.99
56316,-9999.99
56317,-9999.99
56318,-9999.99
56319,-9999.99
56320,-9999.99
56321,-9999.99
56322,-9999.99
56323,-9999.99
56324,-9999.99
56325,-9999.99
56326,-9999.99
56327,-9999.99
56328,-9999.99
56329,-9999.99
56330,-9999.99
56331,-9999.99
56332,-9999.99
56333,-9999.99
56334,-9999.99
56335,-9999.99
56336,-9999.99
56337,-9999.99
56338,-9999.99
56339,-9999.99
56340,-9999.99
56341,-9999.99
56342,-9999.99
56343,-9999.99
56344,-9999.99
56345,-9999.99
56346,-9999.99
56347,-9999.99
56348,-9999.99
56349,-9999.99
56350,-9999.99
56351,-9999.99
56352,-9999.99
56353,-9999.99
56354,-9999.99
56355,-9999.99
56356,-9999.99
56357,-9999.99
56358,-9999.99
56359,-9999.99
56360,-9999.99
56361,-9999.99
56362,-9999.99
56363,-9999.99
56364,-9999.99
56365,-9999.99
56366,403.05
56367,403.83
56368,404.01
56369,404.08
56370,404.22
56371,404.34
56372,404.23
56373,404.04
56374,403.80
56375,403.72
56376,403.68
56377,403.70
56378,403.68
56379,403.75
56380,403.80
56381,403.67
56382,403.73
56383,403.71
56384,403.66
56385,403.66
56386,403.66
56387,403.70
56388,403.56
56389,403.51
56390,403.55
56391,403.71
56392,403.80
56393,403.67
56394,403.78
56395,403.79
56396,403.69
56397,403.84
56398,403.92
56399,403.79
56400,403.83
56401,403.79
56402,403.86
56403,403.76
56404,403.85
56405,403.96
56406,403.91
56407,403.79
56408,403.81
56409,403.96
56410,403.81
56411,403.90
56412,403.98
56413,403.99
56414,404.00
56415,404.14
56416,404.05
56417,404.14
56418,404.06
56419,404.06
56420,404.12
56421,404.40
56422,404.34
56423,404.34
56424,404.36
56425,404.33
56426,404.34
56427,404.47
56428,404.42
56429,404.42
56430,404.33
56431,404.38
56432,404.48
56433,404.45
56434,404.57
56435,404.52
56436,404.40
56437,404.44
56438,404.52
56439,404.40
56440,404.54
56441,404.57
56442,404.48
56443,404.38
56444,404.50
56445,404.56
56446,404.45
56447,-9999.99
56448,-9999.99
56449,-9999.99
56450,-9999.99
56451,404.47
56452,404.48
56453,404.32
56454,404.33
56455,404.38
56456,404.34
56457,404.49
56458,404.62
56459,404.56
56460,404.65
56461,404.56
56462,404.73
56463,404.67
56464,404.57
56465,404.60
56466,404.65
56467,404.60
56468,404.47
56469,404.52
56470,404.37
56471,404.29
56472,404.26
56473,404.20
56474,404.22
56475,404.16
56476,404.30
56477,404.29
56478,404.32
56479,404.43
56480,404.66
56481,404.66
56482,404.76
56483,404.82
56484,404.72
56485,404.67
56486,404.63
56487,404.68
56488,404.74
56489,404.71
56490,404.73
56491,404.73
56492,404.75
56493,404.83
56494,404.72
56495,404.70
56496,404.80
56497,404.76
56498,404.74
56499,404.71
56500,404.64
56501,404.68
56502,404.70
56503,404.79
56504,404.72
56505,404.56
56506,404.62
56507,404.61
56508,404.52
56509,404.47
56510,404.25
56511,404.27
56512,404.05
56513,403.81
56514,403.70
56515,403.82
56516,403.83
56517,404.01
56518,403.88
56519,403.87
56520,403.93
56521,403.95
56522,404.00
56523,404.01
56524,404.09
56525,404.18
56526,404.05
56527,404.10
56528,404.01
56529,404.11
56530,404.06
56531,403.99
56532,403.82
56533,403.83
56534,403.59
56535,403.72
56536,403.68
56537,403.72
56538,403.85
56539,403.90
56540,403.88
56541,403.76
56542,403.82
56543,403.81
56544,403.91
56545,403.99
56546,404.13
56547,404.05
56548,404.15
56549,404.12
56550,404.14
56551,404.19
56552,404.17
56553,404.11
56554,404.01
56555,404.08
56556,404.06
56557,404.19
56558,404.13
56559,404.13
56560,404.15
56561,404.05
56562,404.07
56563,404.16
56564,404.14
56565,404.01
56566,404.04
56567,404.07
56568,404.00
56569,404.07
56570,403.96
56571,404.01
56572,404.12
56573,404.33
56574,404.32
56575,404.36
56576,404.46
56577,404.29
56578,404.26
56579,404.37
56580,404.17
56581,404.22
56582,404.41
56583,404.50
56584,404.37
56585,404.20
56586,404.11
56587,403.97
56588,404.01
56589,403.94
56590,404.01
56591,403.91
56592,403.95
56593,403.95
56594,403.99
56595,403.94
56596,403.92
56597,403.85
56598,403.92
56599,403.97
56600,404.06
56601,404.16
56602,404.24
56603,404.24
56604,404.26
56605,404.23
56606,404.18
56607,404.29
56608,404.20
56609,404.29
56610,404.26
56611,404.22
56612,404.20
56613,404.21
56614,404.11
56615,404.09
56616,404.06
56617,404.14
56618,404.14
56619,403.94
56620,404.02
56621,403.85
56622,403.72
56623,403.86
56624,403.77
56625,403.73
56626,403.77
56627,403.78
56628,403.82
56629,403.71
56630,403.73
56631,403.74
56632,403.84
56633,403.79
56634,403.74
56635,403.90
56636,403.76
56637,403.82
56638,403.78
56639,403.80
56640,403.78
56641,403.75
56642,403.71
56643,403.84
56644,403.91
56645,403.72
56646,403.81
56647,403.92
56648,403.94
56649,404.00
56650,403.98
56651,404.05
56652,403.97
56653,403.99
56654,403.95
56655,404.04
56656,403.99
56657,403.91
56658,403.93
56659,403.93
56660,403.93
56661,403.89
56662,404.00
56663,403.96
56664,403.95
56665,403.87
56666,403.90
56667,403.77
56668,403.90
56669,403.72
56670,403.81
56671,403.83
56672,403.88
56673,403.85
56674,403.74
56675,403.70
56676,403.68
56677,403.67
56678,403.65
56679,403.59
56680,403.58
56681,403.58
56682,403.67
56683,403.54
56684,403.63
56685,403.71
56686,403.70
56687,403.69
56688,403.63
56689,403.60
56690,403.62
56691,403.56
56692,403.59
56693,403.62
56694,403.68
56695,403.63
56696,403.71
56697,403.54
56698,403.61
56699,403.62
56700,403.61
56701,403.73
56702,403.57
56703,403.55
56704,403.65
56705,403.68
56706,403.63
56707,403.58
56708,403.59
56709,403.61
56710,403.55
56711,403.62
56712,403.62
56713,403.72
56714,403.84
56715,403.82
56716,403.89
56717,403.87
56718,403.84
56719,403.98
56720,403.95
56721,403.88
56722,403.80
56723,403.99
56724,404.03
56725,403.97
56726,404.08
56727,404.09
56728,404.11
56729,404.27
56730,404.18
56731,404.16
56732,404.18
56733,404.20
56734,404.24
56735,404.03
56736,404.18
56737,404.19
56738,404.06
56739,403.84
56740,403.90
56741,404.04
56742,404.04
56743,403.93
56744,403.98
56745,403.94
56746,404.01
56747,403.91
56748,404.06
56749,404.07
56750,404.08
56751,404.11
56752,404.10
56753,404.00
56754,404.04
56755,403.98
56756,403.89
56757,403.90
56758,403.84
56759,403.80
56760,403.78
56761,403.64
56762,403.66
56763,403.66
56764,403.67
56765,403.56
56766,403.66
56767,403.75
56768,403.64
56769,403.73
56770,403.70
56771,403.71
56772,403.68
56773,403.80
56774,403.86
56775,403.86
56776,403.81
56777,403.77
56778,403.92
56779,403.90
56780,403.95
56781,403.93
56782,403.97
56783,403.95
56784,403.89
56785,403.91
56786,403.88
56787,403.85
56788,403.96
56789,403.90
56790,403.85
56791,403.86
56792,403.78
56793,403.83
56794,403.87
56795,403.81
56796,403.81
56797,403.83
56798,403.79
56799,403.76
56800,403.89
56801,403.88
56802,403.76
56803,403.84
56804,403.71
56805,403.74
56806,403.81
56807,403.79
56808,403.75
56809,403.72
56810,403.79
56811,403.69
56812,403.71
56813,403.73
56814,403.84
56815,403.86
56816,403.86
56817,403.78
56818,403.88
56819,403.85
56820,403.85
56821,403.77
56822,403.70
56823,403.76
56824,403.74
56825,403.59
56826,403.57
56827,403.62
56828,403.66
56829,403.75
56830,403.71
56831,403.70
56832,403.77
56833,403.68
56834,403.73
56835,403.71
56836,403.67
56837,403.63
56838,403.66
56839,403.70
56840,403.69
56841,403.65
56842,403.64
56843,403.70
56844,403.56
56845,403.60
56846,403.49
56847,403.54
56848,403.58
56849,403.66
56850,403.53
56851,403.64
56852,403.59
56853,403.51
56854,403.47
56855,403.50
56856,403.50
56857,403.56
56858,403.61
56859,403.70
56860,403.56
56861,403.63
56862,403.66
56863,403.81
56864,403.80
56865,403.72
56866,403.66
56867,403.70
56868,403.78
56869,403.58
56870,403.73
56871,403.63
56872,403.69
56873,403.66
56874,403.61
56875,403.64
56876,403.76
56877,403.63
56878,403.55
56879,403.55
56880,403.73
56881,403.63
56882,403.66
56883,403.62
56884,403.59
56885,403.78
56886,403.68
56887,403.64
56888,403.57
56889,403.43
56890,403.56
56891,403.73
56892,403.65
56893,403.60
56894,403.66
56895,403.57
56896,403.63
56897,403.70
56898,403.66
56899,403.56
56900,403.54
56901,403.52
56902,403.65
56903,403.53
56904,403.52
56905,403.63
56906,403.52
56907,403.52
56908,403.49
56909,403.64
56910,403.64
56911,403.59
56912,403.62
56913,403.57
56914,403.51
56915,403.54
56916,403.60
56917,403.57
56918,403.50
56919,403.49
56920,403.40
56921,403.55
56922,403.59
56923,403.52
56924,403.54
56925,403.51
56926,403.41
56927,403.48
56928,403.56
56929,403.47
56930,403.41
56931,403.57
56932,403.47
56933,403.56
56934,403.48
56935,403.51
56936,403.44
56937,403.59
56938,403.46
56939,403.55
56940,403.49
56941,403.48
56942,403.44
56943,403.46
56944,403.57
56945,403.52
56946,403.54
56947,403.44
56948,403.48
56949,403.54
56950,403.60
56951,403.57
56952,403.64
56953,403.50
56954,403.66
56955,403.68
56956,403.71
56957,403.75
56958,403.70
56959,403.69
56960,403.65
56961,403.63
56962,403.60
56963,403.52
56964,403.67
56965,403.68
56966,403.81
56967,403.68
56968,403.66
56969,403.67
56970,403.68
56971,403.68
56972,403.74
56973,403.71
56974,403.80
56975,403.72
56976,403.72
56977,403.69
56978,403.83
56979,403.64
56980,403.71
56981,403.65
56982,403.67
56983,403.66
56984,403.66
56985,403.75
56986,403.76
56987,403.70
56988,403.80
56989,403.78
56990,403.76
56991,403.68
56992,403.70
56993,403.78
56994,403.65
56995,403.72
56996,403.64
56997,403.62
56998,403.64
56999,403.70
57000,403.55
57001,403.55
57002,403.68
57003,403.69
57004,403.69
57005,403.62
57006,403.72
57007,403.77
57008,403.73
57009,403.68
57010,403.73
57011,403.65
57012,403.67
57013,403.67
57014,403.69
57015,403.56
57016,403.74
57017,403.72
57018,403.57
57019,403.64
57020,403.59
57021,403.58
57022,403.66
57023,403.63
57024,403.64
57025,403.69
57026,403.64
57027,403.51
57028,403.54
57029,403.57
57030,403.69
57031,403.54
57032,403.58
57033,403.62
57034,403.63
57035,403.53
57036,403.48
57037,403.53
57038,403.49
57039,403.62
57040,403.59
57041,403.66
57042,403.65
57043,403.60
57044,403.62
57045,403.67
57046,403.60
57047,403.57
57048,403.56
57049,403.50
57050,403.62
57051,403.57
57052,403.55
57053,403.55
57054,403.59
57055,403.57
57056,403.53
57057,403.55
57058,403.57
57059,403.50
57060,403.60
57061,403.58
57062,403.51
57063,403.51
57064,403.60
57065,403.60
57066,403.55
57067,403.51
57068,403.60
57069,403.55
57070,403.50
57071,403.58
57072,403.58
57073,403.61
57074,403.66
57075,403.56
57076,403.52
57077,403.56
57078,403.62
57079,403.58
57080,403.58
57081,403.61
57082,403.55
57083,403.58
57084,403.54
57085,403.58
57086,403.61
57087,403.61
57088,403.66
57089,403.68
57090,403.76
57091,403.79
57092,403.94
57093,403.99
57094,404.07
57095,404.26
57096,404.19
57097,404.14
57098,404.18
57099,404.23
57100,404.23
57101,404.22
57102,404.22
57103,404.24
57104,404.20
57105,404.13
57106,404.18
57107,404.20
57108,404.19
57109,404.25
57110,404.22
57111,404.05
57112,404.17
57113,404.05
57114,404.03
57115,404.16
57116,404.18
57117,404.16
57118,404.18
57119,404.20
57120,404.10
57121,404.12
57122,404.28
57123,404.29
57124,404.31
57125,404.37
57126,404.31
57127,404.36
57128,404.40
57129,404.32
57130,404.52
57131,404.45
57132,404.50
57133,404.43
57134,404.44
57135,404.42
57136,404.45
57137,404.54
57138,404.53
57139,404.60
57140,404.53
57141,404.46
57142,404.44
57143,404.45
57144,404.42
57145,404.55
57146,404.57
57147,404.50
