NETCARE2015/data/raw/Flight3/CO2_POLAR6_20150408_R1_L1_NETCARE.ict
34, 1001
Bozem, Heiko; Hoor, Peter
Institute for Atmospheric Physics, Johannes Gutenberg University, Mainz, Germany
CO2 mixing ratio from LI7200 CO2 analyzer
NETCARE Polar 6 Campaign 2015
1, 1
2015, 04, 08, 2015, 08, 12
1
Time_UTC, seconds
1
1
-9999.99
CO2_ppmv, ppmv
0
19
PI_CONTACT_INFO: Address: Johann-Joachim-Becherweg 21, 55128 Mainz, email: bozemh@uni-mainz.de; hoor@uni-mainz.de
PLATFORM: Polar 6
LOCATION: GPS location and altitude available at 1 Hz resolution in separate file (See AIMMS files under Aircraft data and meteorology)
ASSOCIATED_DATA: N/A
INSTRUMENT_INFO: CO2 measurements based on non-dispersive infrared absorption spectroscopy
DATA_INFO: Units are ppmv
UNCERTAINTY: UNCERTAINTY RELATIVE TO STANDARD: 1.71 ppmv at 1 sigma confidence (before drift correction is applied)
ULOD_FLAG: -7777
ULOD_VALUE: 3000
LLOD_FLAG: -8888
LLOD_VALUE: N/A 
DM_CONTACT_INFO: N/A
PROJECT_INFO: NETCARE Polar 6 aircraft campaign in April 2015; Alert
STIPULATIONS_ON_USE: N/A
OTHER_COMMENTS: N/A
REVISION: R1
R0: Preliminary data, corrected for instrument drift
R1: Final data, corrected for instrument drift
Time_UTC,CO2_ppmv
[from data line 3631]
53510,405.77
53511,405.80
53512,405.82
53513,405.78
53514,405.89
53515,405.70
53516,405.82
53517,405.77
53518,405.76
53519,405.74
53520,405.77
53521,405.74
53522,405.79
53523,405.81
53524,405.81
53525,405.80
53526,405.80
53527,405.87
53528,405.80
53529,405.81
53530,405.87
53531,405.74
53532,405.85
53533,405.83
53534,405.73
53535,405.83
53536,405.85
53537,405.81
53538,405.87
53539,405.86
53540,405.84
53541,405.78
53542,405.81
53543,405.84
53544,405.84
53545,405.83
53546,405.82
53547,405.86
53548,405.91
53549,405.82
53550,405.87
53551,405.84
53552,405.78
53553,405.85
53554,405.88
53555,405.89
53556,405.81
53557,405.84
53558,405.82
53559,405.76
53560,405.80
53561,405.83
53562,405.83
53563,405.87
53564,405.86
53565,405.85
53566,405.80
53567,405.74
53568,405.76
53569,405.73
53570,405.78
53571,405.73
53572,405.78
53573,405.77
53574,405.76
53575,405.71
53576,405.80
53577,405.74
53578,405.77
53579,405.76
53580,405.74
53581,405.74
53582,405.79
53583,405.83
53584,405.82
53585,405.82
53586,405.79
53587,405.75
53588,405.79
53589,405.80
53590,405.78
53591,405.82
53592,405.74
53593,405.74
53594,405.77
53595,405.72
53596,405.82
53597,405.63
53598,405.65
53599,405.53
53600,405.71
53601,405.71
53602,405.64
53603,405.54
53604,405.68
53605,405.64
53606,405.67
53607,405.66
53608,405.67
53609,405.64
53610,405.59
53611,405.64
53612,405.71
53613,405.67
53614,405.63
53615,405.64
53616,405.66
53617,405.60
53618,405.70
53619,405.64
53620,405.59
53621,405.55
53622,405.63
53623,405.73
53624,405.58
53625,405.61
53626,405.63
53627,405.67
53628,405.58
53629,405.56
53630,405.66
53631,405.63
53632,405.63
53633,405.67
53634,405.66
53635,405.62
53636,405.70
53637,405.58
53638,405.62
53639,405.64
53640,405.67
53641,405.67
53642,405.65
53643,405.65
53644,405.64
53645,405.64
53646,405.59
53647,405.61
53648,405.65
53649,405.67
53650,405.65
53651,405.70
53652,405.64
53653,405.73
53654,405.64
53655,405.57
53656,405.67
53657,405.64
53658,405.66
53659,405.58
53660,405.65
53661,405.55
53662,405.60
53663,405.64
53664,405.70
53665,405.70
53666,405.64
53667,405.63
53668,405.69
53669,405.72
53670,405.61
53671,405.65
53672,405.77
53673,405.69
53674,405.66
53675,405.58
53676,405.69
53677,405.71
53678,405.68
53679,405.60
53680,405.63
53681,405.64
53682,405.69
53683,405.73
53684,405.67
53685,405.65
53686,405.64
53687,405.70
53688,405.71
53689,405.61
53690,405.68
53691,405.76
53692,405.64
53693,405.69
53694,405.71
53695,405.77
53696,405.70
53697,405.67
53698,405.80
53699,405.73
53700,405.68
53701,405.72
53702,405.77
53703,405.74
53704,405.72
53705,405.66
53706,405.82
53707,405.84
53708,405.78
53709,405.79
53710,405.77
53711,405.79
53712,405.85
53713,405.78
53714,405.70
53715,405.77
53716,405.69
53717,405.85
53718,405.82
53719,405.79
53720,405.67
53721,405.65
53722,405.63
53723,405.75
53724,405.71
53725,405.73
53726,405.72
53727,405.76
53728,405.72
53729,405.72
53730,405.68
53731,405.65
53732,405.70
53733,405.70
53734,405.59
53735,405.72
53736,405.82
53737,405.75
53738,405.79
53739,405.83
53740,405.83
53741,405.82
53742,405.65
53743,405.70
53744,405.89
53745,405.80
53746,405.72
53747,405.65
53748,405.90
53749,405.73
53750,405.73
53751,405.74
53752,405.82
53753,405.73
53754,405.66
53755,405.80
53756,405.70
53757,405.68
53758,405.77
53759,405.78
53760,405.81
53761,405.83
53762,405.82
53763,406.05
53764,406.25
53765,406.31
53766,406.28
53767,406.14
53768,406.24
53769,406.45
53770,406.39
53771,406.35
53772,406.35
53773,406.30
53774,406.34
53775,406.46
53776,406.36
53777,406.43
53778,406.31
53779,406.40
53780,406.39
53781,406.27
53782,406.40
53783,406.39
53784,406.32
53785,406.32
53786,406.36
53787,406.30
53788,406.37
53789,406.27
53790,406.16
53791,406.25
53792,406.09
53793,406.24
53794,406.19
53795,406.24
53796,406.14
53797,406.11
53798,406.18
53799,406.19
53800,406.23
53801,405.99
53802,406.16
53803,406.13
53804,406.21
53805,406.13
53806,406.12
53807,406.10
53808,406.18
53809,406.11
53810,406.08
53811,406.18
53812,406.12
53813,406.12
53814,406.14
53815,406.25
53816,406.05
53817,406.17
53818,406.01
53819,406.06
53820,406.12
53821,406.16
53822,406.11
53823,406.07
53824,406.24
53825,406.26
53826,406.16
53827,406.21
53828,406.17
53829,406.24
53830,406.25
53831,406.29
53832,406.22
53833,406.23
53834,406.28
53835,406.26
53836,406.25
53837,406.23
53838,406.22
53839,406.24
53840,406.23
53841,406.28
53842,406.28
53843,406.23
53844,406.27
53845,406.31
53846,406.25
53847,406.33
53848,406.30
53849,406.24
53850,406.29
53851,406.22
53852,406.24
53853,406.28
53854,406.33
53855,406.25
53856,406.23
53857,406.34
53858,406.33
53859,406.33
53860,406.24
53861,406.25
53862,406.24
53863,406.33
53864,406.32
53865,406.27
53866,406.28
53867,406.32
53868,406.30
53869,406.36
53870,406.33
53871,406.27
53872,406.24
53873,406.26
53874,406.30
53875,406.28
53876,406.25
53877,406.38
53878,406.26
53879,406.32
53880,406.28
53881,406.23
53882,406.37
53883,406.32
53884,406.23
53885,406.33
53886,406.38
53887,406.43
53888,406.42
53889,406.30
53890,406.37
53891,406.22
53892,406.33
53893,406.36
53894,406.27
53895,406.43
53896,406.32
53897,406.44
53898,406.28
53899,406.33
53900,406.41
53901,406.49
53902,406.45
53903,406.36
53904,406.42
53905,406.42
53906,406.40
53907,406.48
53908,406.47
53909,406.44
53910,406.52
53911,406.47
53912,406.61
53913,406.49
53914,406.38
53915,406.52
53916,406.55
53917,406.56
53918,406.52
53919,406.50
53920,406.51
53921,406.54
53922,406.49
53923,406.51
53924,406.52
53925,406.56
53926,406.53
53927,406.57
53928,406.64
53929,406.59
53930,406.85
53931,406.81
53932,406.75
53933,406.82
53934,406.77
53935,406.90
53936,406.83
53937,406.83
53938,406.82
53939,406.79
53940,406.68
53941,406.68
53942,406.47
53943,406.52
53944,406.57
53945,406.71
53946,406.77
53947,406.79
53948,406.92
53949,406.97
53950,406.98
53951,406.93
53952,406.89
53953,406.78
53954,406.93
53955,406.96
53956,407.04
53957,407.04
53958,407.27
53959,407.21
53960,407.27
53961,407.26
53962,407.49
53963,407.83
53964,407.90
53965,407.80
53966,407.67
53967,407.59
53968,407.49
53969,407.30
53970,407.25
53971,407.53
53972,407.46
53973,407.09
53974,406.91
53975,406.87
53976,407.01
53977,407.21
53978,407.35
53979,407.43
53980,407.55
53981,407.67
53982,407.63
53983,407.63
53984,407.47
53985,407.50
53986,407.53
53987,407.52
53988,407.54
53989,407.49
53990,407.46
53991,407.38
53992,407.45
53993,407.51
53994,407.53
53995,407.48
53996,407.55
53997,407.57
53998,407.60
53999,407.52
54000,407.52
54001,407.58
54002,407.53
54003,407.53
54004,407.52
54005,407.62
54006,407.87
54007,407.88
54008,407.96
54009,407.74
54010,407.76
54011,407.83
54012,407.78
54013,407.77
54014,407.58
54015,407.67
54016,407.62
54017,407.55
54018,407.49
54019,407.44
54020,407.42
54021,407.49
54022,407.61
54023,407.72
54024,407.80
54025,407.79
54026,407.79
54027,407.84
54028,407.99
54029,407.94
54030,408.18
54031,408.16
54032,408.10
54033,408.14
54034,408.15
54035,407.93
54036,407.84
54037,407.78
54038,407.61
54039,407.49
54040,407.49
54041,407.50
54042,407.44
54043,407.41
54044,407.50
54045,407.45
54046,407.67
54047,407.67
54048,407.80
54049,407.76
54050,407.71
54051,407.64
54052,407.55
54053,407.50
54054,407.54
54055,407.85
54056,407.88
54057,407.85
54058,407.88
54059,407.89
54060,408.03
54061,408.18
54062,408.46
54063,408.46
54064,408.52
54065,408.45
54066,408.48
54067,408.40
54068,408.42
54069,408.45
54070,408.45
54071,408.43
54072,408.40
54073,408.41
54074,408.50
54075,408.48
54076,408.38
54077,408.42
54078,408.50
54079,408.52
54080,408.46
54081,408.39
54082,408.40
54083,408.43
54084,408.43
54085,408.30
54086,408.41
54087,408.32
54088,408.47
54089,408.41
54090,408.48
54091,408.40
54092,408.43
54093,408.41
54094,408.42
54095,408.58
54096,408.43
54097,408.46
54098,408.52
54099,408.44
54100,408.47
54101,408.40
54102,408.33
54103,408.47
54104,408.32
54105,408.37
54106,408.42
54107,408.45
54108,408.39
54109,408.42
54110,408.40
54111,408.41
54112,408.49
54113,408.45
54114,408.42
54115,408.42
54116,408.41
54117,408.47
54118,408.43
54119,408.41
54120,408.48
54121,408.45
54122,408.42
54123,408.42
54124,408.40
54125,408.36
54126,408.40
54127,408.38
54128,408.31
54129,408.41
54130,408.34
54131,408.36
54132,408.39
54133,408.38
54134,408.36
54135,408.37
54136,408.36
54137,408.45
54138,408.39
54139,408.32
54140,408.36
54141,408.40
54142,408.38
54143,408.34
54144,408.36
54145,408.35
54146,408.30
54147,408.34
54148,408.38
54149,408.24
54150,408.38
54151,408.39
54152,408.38
54153,408.40
54154,408.29
54155,408.28
54156,408.26
54157,408.23
54158,408.32
54159,408.24
54160,408.31
54161,408.31
54162,408.29
54163,408.24
54164,408.21
54165,408.31
54166,408.24
54167,408.29
54168,408.36
54169,408.33
54170,408.40
54171,408.34
54172,408.40
54173,408.35
54174,408.40
54175,408.31
54176,408.39
54177,408.38
54178,408.30
54179,408.38
54180,408.26
54181,408.21
54182,408.30
54183,408.40
54184,408.27
54185,408.21
54186,408.24
54187,408.27
54188,408.23
54189,408.34
54190,408.45
54191,408.32
54192,408.42
54193,408.48
54194,408.31
54195,408.26
54196,408.40
54197,408.45
54198,408.43
54199,408.30
54200,408.17
54201,408.19
54202,408.22
54203,408.14
54204,408.30
54205,408.09
54206,408.11
54207,408.23
54208,408.20
54209,408.10
54210,408.08
54211,408.09
54212,408.02
54213,407.63
54214,407.52
54215,407.46
54216,407.51
54217,407.57
54218,407.56
54219,407.62
54220,407.55
54221,407.41
54222,407.33
54223,407.34
54224,407.33
54225,407.30
54226,407.20
54227,407.27
54228,407.30
54229,407.38
54230,407.55
54231,407.54
54232,407.55
54233,407.55
54234,407.45
54235,407.44
54236,407.57
54237,407.50
54238,407.68
54239,407.67
54240,407.72
54241,407.79
54242,407.81
54243,407.83
54244,407.88
54245,407.87
54246,407.77
54247,407.96
54248,407.94
54249,407.95
54250,408.04
54251,408.03
54252,408.10
54253,408.11
54254,408.14
54255,408.19
54256,408.03
54257,-9999.99
54258,-9999.99
54259,-9999.99
54260,-9999.99
54261,-9999.99
54262,-9999.99
54263,-9999.99
54264,-9999.99
54265,-9999.99
54266,-9999.99
54267,-9999.99
54268,-9999.99
54269,-9999.99
54270,-9999.99
54271,-9999.99
54272,-9999.99
54273,-9999.99
54274,-9999.99
54275,-9999.99
54276,-9999.99
54277,-9999.99
54278,-9999.99
54279,-9999.99
54280,-9999.99
54281,-9999.99
54282,-9999.99
54283,-9999.99
54284,-9999.99
54285,-9999.99
54286,-9999.99
54287,-9999.99
54288,-9999.99
54289,-9999.99
54290,-9999.99
54291,-9999.99
54292,-9999.99
54293,-9999.99
54294,-9999.99
54295,-9999.99
54296,-9999.99
54297,-9999.99
54298,-9999.99
54299,-9999.99
54300,-9999.99
54301,-9999.99
54302,-9999.99
54303,-9999.99
54304,-9999.99
54305,-9999.99
54306,-9999.99
54307,-9999.99
54308,-9999.99
54309,-9999.99
54310,-9999.99
54311,-9999.99
54312,-9999.99
54313,-9999.99
54314,-9999.99
54315,-9999.99
54316,-9999.99
54317,-9999.99
54318,-9999.99
54319,-9999.99
54320,-9999.99
54321,-9999.99
54322,-9999.99
54323,-9999.99
54324,-9999.99
54325,-9999.99
54326,-9999.99
54327,-9999.99
54328,-9999.99
54329,-9999.99
54330,-9999.99
54331,-9999.99
54332,-9999.99
54333,-9999.99
54334,-9999.99
54335,-9999.99
54336,-9999.99
54337,-9999.99
54338,-9999.99
54339,-9999.99
54340,-9999.99
54341,-9999.99
54342,-9999.99
54343,-9999.99
54344,-9999.99
54345,-9999.99
54346,-9999.99
54347,-9999.99
54348,-9999.99
54349,-9999.99
54350,-9999.99
54351,-9999.99
54352,-9999.99
54353,-9999.99
54354,-9999.99
54355,-9999.99
54356,-9999.99
54357,-9999.99
54358,-9999.99
54359,-9999.99
54360,-9999.99
54361,-9999.99
54362,-9999.99
54363,-9999.99
54364,-9999.99
54365,-9999.99
54366,-9999.99
54367,-9999.99
54368,-9999.99
54369,-9999.99
54370,-9999.99
54371,-9999.99
54372,-9999.99
54373,-9999.99
54374,-9999.99
54375,-9999.99
54376,-9999.99
54377,-9999.99
54378,-9999.99
54379,-9999.99
54380,-9999.99
54381,-9999.99
54382,-9999.99
54383,-9999.99
54384,-9999.99
54385,-9999.99
54386,-9999.99
54387,-9999.99
54388,-9999.99
54389,-9999.99
54390,-9999.99
54391,-9999.99
54392,-9999.99
54393,-9999.99
54394,-9999.99
54395,-9999.99
54396,-9999.99
54397,-9999.99
54398,-9999.99
54399,-9999.99
54400,-9999.99
54401,-9999.99
54402,-9999.99
54403,-9999.99
54404,-9999.99
54405,-9999.99
54406,-9999.99
54407,-9999.99
54408,-9999.99
54409,-9999.99
54410,-9999.99
54411,-9999.99
54412,-9999.99
54413,-9999.99
54414,-9999.99
54415,-9999.99
54416,-9999.99
54417,-9999.99
54418,-9999.99
54419,-9999.99
54420,-9999.99
54421,-9999.99
54422,-9999.99
54423,-9999.99
54424,-9999.99
54425,-9999.99
54426,405.74
54427,405.75
54428,405.81
54429,405.80
54430,406.03
54431,406.02
54432,406.10
54433,406.07
54434,406.05
54435,406.09
54436,405.76
54437,405.60
54438,405.59
54439,405.78
54440,405.93
54441,405.63
54442,405.69
54443,405.67
54444,406.13
54445,406.30
54446,406.47
54447,406.66
54448,406.72
54449,406.60
54450,406.54
54451,406.69
54452,406.66
54453,406.63
54454,406.57
54455,406.52
54456,406.52
54457,406.39
54458,406.13
54459,405.98
54460,405.91
54461,405.70
54462,405.54
54463,405.61
54464,405.60
54465,405.65
54466,405.62
54467,405.74
54468,405.73
54469,405.79
54470,405.95
54471,406.06
54472,406.48
54473,406.48
54474,406.69
54475,406.77
54476,406.64
54477,406.76
54478,406.86
54479,406.87
54480,406.77
54481,406.76
54482,406.94
54483,407.00
54484,406.95
54485,407.10
54486,407.04
54487,407.00
54488,407.03
54489,406.87
54490,407.00
54491,406.82
54492,406.73
54493,406.80
54494,406.79
54495,406.68
54496,406.51
54497,406.37
54498,406.50
54499,406.41
54500,406.29
54501,406.31
54502,406.35
54503,406.31
54504,406.34
54505,406.34
54506,406.27
54507,406.27
54508,406.32
54509,406.26
54510,406.30
54511,406.28
54512,406.18
54513,406.23
54514,406.32
54515,406.35
54516,406.30
54517,406.25
54518,406.30
54519,406.31
54520,406.46
54521,406.67
54522,406.75
54523,406.96
54524,407.19
54525,407.34
54526,407.54
54527,407.47
54528,407.40
54529,407.49
54530,407.43
54531,407.47
54532,407.42
54533,407.34
54534,407.34
54535,407.32
54536,407.32
54537,407.36
54538,407.35
54539,407.33
54540,407.48
54541,407.36
54542,407.42
54543,407.33
54544,407.45
54545,407.34
54546,407.41
54547,407.34
54548,407.31
54549,407.24
54550,407.30
54551,407.28
54552,407.23
54553,407.33
54554,407.24
54555,407.22
54556,407.24
54557,407.19
54558,407.31
54559,407.29
54560,407.34
54561,407.25
54562,407.39
54563,407.33
54564,407.27
54565,407.23
54566,407.26
54567,407.29
54568,407.20
54569,407.25
54570,407.25
54571,407.13
54572,407.27
54573,407.21
54574,407.25
54575,407.30
54576,407.21
54577,407.14
54578,407.12
54579,407.12
54580,407.16
54581,407.17
54582,407.09
54583,407.06
54584,407.13
54585,407.13
54586,407.14
54587,407.17
54588,407.07
54589,407.13
54590,407.08
54591,407.07
54592,407.15
54593,407.11
54594,406.95
54595,407.01
54596,407.01
54597,407.04
54598,407.02
54599,406.99
54600,406.95
54601,406.93
54602,407.08
54603,407.11
54604,407.12
54605,407.01
54606,406.92
54607,407.03
54608,407.04
54609,407.07
54610,407.09
54611,406.98
54612,407.07
54613,407.04
54614,407.06
54615,407.06
54616,407.13
54617,407.11
54618,407.09
54619,407.12
54620,407.13
54621,407.14
54622,407.09
54623,407.11
54624,407.06
54625,407.06
54626,407.12
54627,407.09
54628,406.97
54629,407.13
54630,407.09
54631,407.13
54632,407.15
54633,407.12
54634,407.10
54635,407.05
54636,407.19
54637,407.05
54638,407.09
54639,407.16
54640,407.25
54641,407.23
54642,407.14
54643,407.25
54644,407.20
54645,407.12
54646,407.21
54647,407.24
54648,407.11
54649,407.15
54650,407.15
54651,407.23
54652,407.13
54653,407.11
54654,407.08
54655,407.06
54656,407.06
54657,407.18
54658,407.03
54659,407.01
54660,407.04
54661,407.12
54662,407.15
54663,407.15
54664,407.18
54665,407.24
54666,407.10
54667,407.14
54668,406.99
54669,406.42
54670,406.11
54671,405.93
54672,405.98
54673,405.98
54674,406.08
54675,406.16
54676,406.30
54677,406.37
54678,406.36
54679,406.23
54680,406.29
54681,406.23
54682,406.30
54683,406.17
54684,406.11
54685,406.07
54686,406.02
54687,406.40
54688,407.05
54689,406.99
54690,407.04
54691,406.98
54692,407.07
54693,407.01
54694,407.09
54695,406.98
54696,407.07
54697,406.92
54698,407.04
54699,406.96
54700,406.98
54701,407.04
54702,406.95
54703,406.93
54704,406.94
54705,406.96
54706,407.05
54707,406.90
54708,406.95
54709,406.96
54710,407.03
54711,407.13
54712,407.09
54713,407.14
