NETCARE2015/data/raw/Flight3/CO2_POLAR6_20150408_R1_L1_NETCARE.ict
34, 1001
Bozem, Heiko; Hoor, Peter
Institute for Atmospheric Physics, Johannes Gutenberg University, Mainz, Germany
CO2 mixing ratio from LI7200 CO2 analyzer
NETCARE Polar 6 Campaign 2015
1, 1
2015, 04, 08, 2015, 08, 12
1
Time_UTC, seconds
1
1
-9999.99
CO2_ppmv, ppmv
0
19
PI_CONTACT_INFO: Address: Johann-Joachim-Becherweg 21, 55128 Mainz, email: bozemh@uni-mainz.de; hoor@uni-mainz.de
PLATFORM: Polar 6
LOCATION: GPS location and altitude available at 1 Hz resolution in separate file (See AIMMS files under Aircraft data and meteorology)
ASSOCIATED_DATA: N/A
INSTRUMENT_INFO: CO2 measurements based on non-dispersive infrared absorption spectroscopy
DATA_INFO: Units are ppmv
UNCERTAINTY: UNCERTAINTY RELATIVE TO STANDARD: 1.71 ppmv at 1 sigma confidence (before drift correction is applied)
ULOD_FLAG: -7777
ULOD_VALUE: 3000
LLOD_FLAG: -8888
LLOD_VALUE: N/A 
DM_CONTACT_INFO: N/A
PROJECT_INFO: NETCARE Polar 6 aircraft campaign in April 2015; Alert
STIPULATIONS_ON_USE: N/A
OTHER_COMMENTS: N/A
REVISION: R1
R0: Preliminary data, corrected for instrument drift
R1: Final data, corrected for instrument drift
Time_UTC,CO2_ppmv
[from data line 8475]
58354,407.68
58355,407.59
58356,407.59
58357,407.64
58358,407.62
58359,407.61
58360,407.60
58361,407.53
58362,407.23
58363,407.12
58364,407.08
58365,406.82
58366,406.83
58367,406.72
58368,406.61
58369,406.55
58370,406.52
58371,406.55
58372,406.57
58373,406.52
58374,406.57
58375,406.51
58376,406.49
58377,406.49
58378,406.60
58379,406.66
58380,406.85
58381,407.02
58382,407.19
58383,407.25
58384,407.23
58385,407.16
58386,407.01
58387,406.89
58388,406.57
58389,406.59
58390,406.55
58391,406.44
58392,406.44
58393,406.40
58394,406.45
58395,406.36
58396,406.38
58397,406.40
58398,406.37
58399,406.34
58400,406.26
58401,406.26
58402,406.34
58403,406.24
58404,406.21
58405,406.21
58406,406.22
58407,406.27
58408,406.18
58409,406.21
58410,406.13
58411,406.17
58412,406.22
58413,406.12
58414,406.10
58415,406.25
58416,406.20
58417,406.09
58418,405.93
58419,406.01
58420,406.04
58421,406.07
58422,405.94
58423,406.03
58424,406.02
58425,406.01
58426,406.00
58427,406.00
58428,406.02
58429,405.95
58430,406.08
58431,406.05
58432,405.95
58433,405.94
58434,405.88
58435,406.02
58436,405.94
58437,405.95
58438,405.91
58439,405.88
58440,405.96
58441,405.93
58442,405.94
58443,405.92
58444,405.93
58445,405.86
58446,405.85
58447,405.92
58448,405.90
58449,405.86
58450,405.79
58451,405.82
58452,405.80
58453,405.83
58454,405.77
58455,405.77
58456,405.85
58457,405.78
58458,405.86
58459,405.81
58460,405.80
58461,405.77
58462,405.77
58463,405.78
58464,405.63
58465,405.62
58466,405.71
58467,405.64
58468,405.62
58469,405.69
58470,405.73
58471,405.80
58472,405.69
58473,405.77
58474,405.76
58475,405.73
58476,405.80
58477,405.76
58478,405.84
58479,405.77
58480,405.81
58481,405.75
58482,405.78
58483,405.75
58484,405.73
58485,405.76
58486,405.80
58487,405.75
58488,405.78
58489,405.70
58490,405.70
58491,405.70
58492,405.67
58493,405.62
58494,405.63
58495,405.69
58496,405.63
58497,405.64
58498,405.62
58499,405.60
58500,405.64
58501,405.60
58502,405.67
58503,405.61
58504,405.59
58505,405.67
58506,405.61
58507,405.55
58508,405.55
58509,405.57
58510,405.65
58511,405.64
58512,405.58
58513,405.62
58514,405.65
58515,405.60
58516,405.59
58517,405.64
58518,405.61
58519,405.58
58520,405.59
58521,405.59
58522,405.54
58523,405.59
58524,405.59
58525,405.67
58526,405.55
58527,405.60
58528,405.68
58529,405.66
58530,405.68
58531,405.60
58532,405.70
58533,405.57
58534,405.58
58535,405.61
58536,405.64
58537,405.64
58538,405.64
58539,405.58
58540,405.59
58541,405.58
58542,405.57
58543,405.58
58544,405.70
58545,405.58
58546,405.58
58547,405.54
58548,405.67
58549,405.59
58550,405.55
58551,405.61
58552,405.50
58553,405.55
58554,405.55
58555,405.57
58556,405.54
58557,405.54
58558,405.63
58559,405.56
58560,405.50
58561,405.58
58562,405.58
58563,405.53
58564,405.60
58565,405.48
58566,405.54
58567,405.60
58568,405.68
58569,405.57
58570,405.64
58571,405.55
58572,405.61
58573,405.60
58574,405.56
58575,405.56
58576,405.58
58577,405.55
58578,405.56
58579,405.58
58580,405.53
58581,405.47
58582,405.54
58583,405.57
58584,405.57
58585,405.56
58586,405.60
58587,405.59
58588,405.58
58589,405.57
58590,405.52
58591,405.62
58592,405.51
58593,405.54
58594,405.72
58595,405.60
58596,405.56
58597,405.59
58598,405.51
58599,405.64
58600,405.58
58601,405.60
58602,405.60
58603,405.69
58604,405.58
58605,405.60
58606,405.65
58607,405.61
58608,405.59
58609,405.61
58610,405.59
58611,405.51
58612,405.56
58613,405.59
58614,405.55
58615,405.63
58616,405.60
58617,405.61
58618,405.61
58619,405.71
58620,405.64
58621,405.68
58622,405.65
58623,405.53
58624,405.70
58625,405.67
58626,405.59
58627,405.62
58628,405.67
58629,405.61
58630,405.66
58631,405.65
58632,405.67
58633,405.61
58634,405.59
58635,405.70
58636,405.64
58637,405.57
58638,405.66
58639,405.57
58640,405.68
58641,405.58
58642,405.66
58643,405.62
58644,405.69
58645,405.61
58646,405.67
58647,405.70
58648,405.63
58649,405.65
58650,405.66
58651,405.71
58652,405.59
58653,405.63
58654,405.55
58655,405.68
58656,405.78
58657,405.77
58658,405.60
58659,405.66
58660,405.66
58661,405.61
58662,405.72
58663,405.76
58664,405.64
58665,405.75
58666,405.65
58667,405.57
58668,405.74
58669,405.72
58670,405.65
58671,405.71
58672,405.72
58673,405.65
58674,405.70
58675,405.72
58676,405.79
58677,405.81
58678,405.75
58679,405.80
58680,405.71
58681,405.84
58682,405.65
58683,405.73
58684,405.75
58685,405.70
58686,405.73
58687,405.70
58688,405.74
58689,405.69
58690,405.69
58691,405.72
58692,405.73
58693,405.72
58694,405.75
58695,405.86
58696,405.85
58697,405.72
58698,405.76
58699,405.84
58700,405.82
58701,405.83
58702,405.78
58703,405.81
58704,405.76
58705,405.80
58706,405.82
58707,405.84
58708,405.73
58709,405.79
58710,405.80
58711,405.84
58712,405.80
58713,405.89
58714,405.86
58715,405.82
58716,405.94
58717,405.90
58718,405.87
58719,405.90
58720,405.89
58721,405.91
58722,405.89
58723,405.88
58724,405.92
58725,405.87
58726,405.90
58727,405.81
58728,405.88
58729,405.85
58730,405.85
58731,405.87
58732,405.78
58733,405.78
58734,405.80
58735,405.87
58736,405.77
58737,405.93
58738,405.80
58739,405.79
58740,405.79
58741,405.83
58742,405.88
58743,405.88
58744,405.82
58745,405.80
58746,405.88
58747,405.90
58748,405.93
58749,405.82
58750,405.86
58751,405.75
58752,405.82
58753,405.88
58754,405.84
58755,405.75
58756,405.89
58757,405.82
58758,405.77
58759,405.78
58760,405.82
58761,405.95
58762,405.83
58763,405.82
58764,405.88
58765,405.86
58766,405.83
58767,405.81
58768,405.87
58769,405.94
58770,405.79
58771,405.86
58772,405.84
58773,405.89
58774,405.96
58775,405.90
58776,405.86
58777,405.87
58778,405.83
58779,405.88
58780,405.82
58781,405.85
58782,405.80
58783,405.81
58784,405.77
58785,405.72
58786,405.89
58787,405.72
58788,405.77
58789,405.77
58790,405.83
58791,405.91
58792,405.82
58793,405.78
58794,405.78
58795,405.77
58796,405.89
58797,405.76
58798,405.84
58799,405.83
58800,405.84
58801,405.88
58802,405.84
58803,405.84
58804,405.86
58805,405.82
58806,405.82
58807,405.80
58808,405.90
58809,405.83
58810,405.80
58811,405.88
58812,405.82
58813,405.85
58814,405.91
58815,405.87
58816,405.84
58817,405.82
58818,405.87
58819,405.83
58820,405.83
58821,405.87
58822,405.88
58823,405.88
58824,405.82
58825,405.84
58826,405.86
58827,405.87
58828,405.80
58829,405.80
58830,405.79
58831,405.82
58832,405.85
58833,405.86
58834,405.78
58835,405.84
58836,405.81
58837,405.88
58838,405.79
58839,405.84
58840,405.77
58841,405.81
58842,405.84
58843,405.82
58844,405.83
58845,405.90
58846,405.83
58847,405.86
58848,405.86
58849,405.80
58850,405.81
58851,405.82
58852,405.78
58853,405.90
58854,405.78
58855,405.82
58856,405.80
58857,405.88
58858,405.78
58859,405.75
58860,405.87
58861,405.80
58862,405.87
58863,405.89
58864,405.83
58865,405.88
58866,405.81
58867,405.87
58868,405.82
58869,405.82
58870,405.86
58871,405.90
58872,405.87
58873,405.84
58874,405.69
58875,405.83
58876,405.84
58877,405.95
58878,405.77
58879,405.85
58880,405.88
58881,405.83
58882,405.81
58883,405.86
58884,405.88
58885,405.89
58886,405.81
58887,405.84
58888,405.75
58889,405.88
58890,405.83
58891,405.84
58892,405.86
58893,405.87
58894,405.83
58895,405.81
58896,405.80
58897,405.86
58898,405.86
58899,405.84
58900,405.85
58901,405.83
58902,405.79
58903,405.81
58904,405.85
58905,405.87
58906,405.78
58907,405.81
58908,405.73
58909,405.93
58910,405.89
58911,405.79
58912,405.79
58913,405.80
58914,405.79
58915,405.84
58916,405.86
58917,405.83
58918,405.71
58919,405.76
58920,405.88
58921,405.85
58922,405.83
58923,405.79
58924,405.73
58925,405.83
58926,405.91
58927,405.86
58928,405.74
58929,405.77
58930,405.80
58931,405.86
58932,405.82
58933,405.77
58934,405.83
58935,405.83
58936,405.89
58937,405.82
58938,405.76
58939,405.90
58940,405.83
58941,405.75
58942,405.91
58943,405.86
58944,405.97
58945,405.70
58946,405.75
58947,405.98
58948,405.89
58949,405.70
58950,405.91
58951,405.84
58952,405.73
58953,405.89
58954,405.79
58955,405.87
58956,405.96
58957,405.91
58958,405.64
58959,405.89
58960,405.84
58961,405.76
58962,405.78
58963,405.91
58964,405.79
58965,405.92
58966,405.59
58967,406.07
58968,405.69
58969,406.01
58970,405.77
58971,405.82
58972,405.92
58973,405.71
58974,405.89
58975,405.89
58976,405.78
58977,405.80
58978,405.76
58979,405.85
58980,405.75
58981,405.92
58982,405.84
58983,405.89
58984,405.78
58985,405.72
58986,405.96
58987,405.93
58988,405.75
58989,405.92
58990,405.83
58991,405.81
58992,405.88
58993,405.73
58994,405.81
58995,405.76
58996,405.87
58997,405.78
58998,405.69
58999,405.79
59000,405.87
59001,405.71
59002,405.82
59003,405.73
59004,405.76
59005,405.81
59006,405.86
59007,405.69
59008,405.85
59009,405.71
59010,405.79
59011,405.86
59012,405.71
59013,405.84
59014,405.84
59015,405.75
59016,405.84
59017,405.72
59018,405.87
59019,405.93
59020,405.63
59021,405.71
59022,405.81
59023,405.78
59024,405.87
59025,405.80
59026,405.60
59027,405.81
59028,405.78
59029,405.83
59030,405.82
59031,405.77
59032,405.70
59033,405.79
59034,405.81
59035,405.82
59036,405.83
59037,405.71
59038,405.79
59039,405.80
59040,405.85
59041,405.88
59042,405.81
59043,405.78
59044,405.81
59045,405.79
59046,405.85
59047,405.81
59048,405.78
59049,405.83
59050,405.83
59051,405.83
59052,405.84
59053,405.82
59054,405.82
59055,405.88
59056,405.88
59057,405.77
59058,405.87
59059,405.86
59060,405.86
59061,405.81
59062,405.87
59063,405.87
59064,405.82
59065,405.86
59066,405.84
59067,405.91
59068,405.89
59069,405.90
59070,405.80
59071,405.84
59072,405.82
59073,405.86
59074,405.75
59075,405.91
59076,405.90
59077,405.92
59078,405.85
59079,405.78
59080,405.81
59081,405.88
59082,405.79
59083,405.77
59084,405.79
59085,405.90
59086,405.87
59087,405.81
59088,405.81
59089,405.83
59090,405.81
59091,405.84
59092,405.92
59093,405.80
59094,405.83
59095,405.88
59096,405.80
59097,405.87
59098,405.83
59099,405.84
59100,405.78
59101,405.86
59102,405.89
59103,405.83
59104,405.85
59105,405.82
59106,405.87
59107,405.87
59108,405.83
59109,405.84
59110,405.85
59111,405.85
59112,405.90
59113,405.90
59114,405.76
59115,405.88
59116,405.88
59117,405.88
59118,405.81
59119,405.88
59120,405.83
59121,405.89
59122,406.00
59123,405.78
59124,405.74
59125,405.85
59126,406.00
59127,405.83
59128,405.82
59129,405.85
59130,405.94
59131,405.91
59132,405.77
59133,405.81
59134,405.85
59135,405.94
59136,405.85
59137,405.89
59138,405.89
59139,405.87
59140,405.90
59141,405.85
59142,405.87
59143,405.88
59144,405.77
59145,405.79
59146,405.87
59147,405.76
59148,405.86
59149,-9999.99
59150,-9999.99
59151,-9999.99
59152,-9999.99
59153,-9999.99
59154,-9999.99
59155,-9999.99
59156,-9999.99
59157,-9999.99
59158,-9999.99
59159,-9999.99
59160,-9999.99
59161,-9999.99
59162,-9999.99
59163,-9999.99
59164,-9999.99
59165,-9999.99
59166,-9999.99
59167,-9999.99
59168,-9999.99
59169,-9999.99
59170,-9999.99
59171,-9999.99
59172,-9999.99
59173,-9999.99
59174,-9999.99
59175,-9999.99
59176,-9999.99
59177,-9999.99
59178,-9999.99
59179,-9999.99
59180,-9999.99
59181,-9999.99
59182,-9999.99
59183,-9999.99
59184,-9999.99
59185,-9999.99
59186,-9999.99
59187,-9999.99
59188,-9999.99
59189,-9999.99
59190,-9999.99
59191,-9999.99
59192,-9999.99
59193,-9999.99
59194,-9999.99
59195,-9999.99
59196,-9999.99
59197,-9999.99
59198,-9999.99
59199,-9999.99
59200,-9999.99
59201,-9999.99
59202,-9999.99
59203,-9999.99
59204,-9999.99
59205,-9999.99
59206,-9999.99
59207,-9999.99
59208,-9999.99
59209,-9999.99
59210,-9999.99
59211,-9999.99
59212,-9999.99
59213,-9999.99
59214,-9999.99
59215,-9999.99
59216,-9999.99
59217,-9999.99
59218,-9999.99
59219,-9999.99
59220,-9999.99
59221,-9999.99
59222,-9999.99
59223,-9999.99
59224,-9999.99
59225,-9999.99
59226,-9999.99
59227,-9999.99
59228,-9999.99
59229,-9999.99
59230,-9999.99
59231,-9999.99
59232,-9999.99
59233,-9999.99
59234,-9999.99
59235,-9999.99
59236,-9999.99
59237,-9999.99
59238,-9999.99
59239,-9999.99
59240,-9999.99
59241,-9999.99
59242,-9999.99
59243,-9999.99
59244,-9999.99
59245,-9999.99
59246,-9999.99
59247,-9999.99
59248,-9999.99
59249,-9999.99
59250,-9999.99
59251,-9999.99
59252,-9999.99
59253,-9999.99
59254,-9999.99
59255,-9999.99
59256,-9999.99
59257,-9999.99
59258,-9999.99
59259,-9999.99
59260,-9999.99
59261,-9999.99
59262,-9999.99
59263,-9999.99
59264,-9999.99
59265,-9999.99
59266,-9999.99
59267,-9999.99
59268,-9999.99
59269,-9999.99
59270,-9999.99
59271,-9999.99
59272,-9999.99
59273,-9999.99
59274,-9999.99
59275,-9999.99
59276,-9999.99
59277,-9999.99
59278,-9999.99
59279,-9999.99
59280,-9999.99
59281,-9999.99
59282,-9999.99
59283,-9999.99
59284,-9999.99
59285,-9999.99
59286,-9999.99
59287,-9999.99
59288,-9999.99
59289,-9999.99
59290,-9999.99
59291,-9999.99
59292,-9999.99
59293,-9999.99
59294,-9999.99
59295,-9999.99
59296,-9999.99
59297,-9999.99
59298,-9999.99
59299,-9999.99
59300,-9999.99
59301,-9999.99
59302,-9999.99
59303,-9999.99
59304,-9999.99
59305,-9999.99
59306,-9999.99
59307,-9999.99
59308,-9999.99
59309,-9999.99
59310,-9999.99
59311,-9999.99
59312,-9999.99
59313,-9999.99
59314,-9999.99
59315,-9999.99
59316,-9999.99
59317,-9999.99
59318,405.95
59319,406.02
59320,406.03
59321,406.02
59322,406.00
59323,406.01
59324,405.91
59325,406.03
59326,406.00
59327,406.06
59328,405.94
59329,405.89
59330,405.99
59331,406.07
59332,405.97
59333,405.90
59334,406.13
59335,405.93
59336,405.88
59337,406.12
59338,406.13
59339,405.94
59340,406.00
59341,405.89
59342,406.11
59343,405.99
59344,406.06
59345,406.03
59346,405.95
59347,406.07
59348,405.99
59349,406.06
59350,405.99
59351,405.92
59352,405.95
59353,406.08
59354,406.08
59355,405.92
59356,406.03
59357,405.99
59358,406.02
59359,405.97
59360,406.00
59361,406.04
59362,405.98
59363,406.03
59364,405.99
59365,406.07
59366,406.07
59367,406.04
59368,406.04
59369,405.99
59370,406.06
59371,406.09
59372,406.02
59373,405.98
59374,406.07
59375,406.05
59376,406.03
59377,406.05
59378,406.04
59379,405.98
59380,406.01
59381,406.15
59382,405.99
59383,406.13
59384,406.01
59385,406.01
59386,406.06
59387,406.03
59388,406.10
59389,406.02
59390,405.95
59391,406.08
59392,406.15
59393,406.12
59394,405.97
59395,405.99
59396,406.03
59397,406.04
59398,406.07
59399,406.04
59400,406.06
59401,406.07
59402,406.05
59403,406.06
59404,406.03
59405,406.04
59406,406.04
59407,406.11
59408,406.03
59409,406.10
59410,406.08
59411,406.03
59412,406.00
59413,406.06
59414,406.19
59415,405.91
59416,406.08
59417,405.89
59418,406.07
59419,406.11
59420,405.91
59421,405.96
59422,406.18
59423,406.09
59424,405.98
59425,406.13
59426,406.04
59427,405.92
59428,406.02
59429,406.19
59430,406.08
59431,405.97
59432,405.97
59433,406.03
59434,405.91
59435,406.05
59436,406.00
59437,406.04
59438,405.97
59439,406.04
59440,406.08
59441,406.02
59442,406.03
59443,405.99
59444,406.07
59445,406.04
59446,405.92
59447,406.11
59448,406.06
59449,406.08
59450,406.17
59451,406.00
59452,406.05
59453,406.01
59454,405.98
59455,406.07
59456,406.03
59457,406.03
59458,405.95
59459,406.02
59460,406.13
59461,405.89
59462,405.96
59463,406.00
59464,405.93
59465,406.00
59466,405.86
59467,406.01
59468,405.88
59469,405.92
59470,405.97
59471,405.91
59472,405.91
59473,405.98
59474,405.96
59475,405.89
59476,405.91
59477,406.00
59478,405.77
59479,406.06
59480,406.07
59481,406.14
59482,406.03
59483,405.98
59484,406.03
59485,405.92
59486,406.00
59487,406.04
59488,406.04
59489,406.00
59490,405.98
59491,406.02
59492,406.00
59493,406.16
59494,405.92
59495,405.95
59496,406.14
59497,406.10
59498,406.05
59499,406.03
59500,406.06
59501,406.05
59502,406.09
59503,406.05
59504,406.07
59505,406.10
59506,406.03
59507,406.05
59508,406.17
59509,406.14
59510,406.12
59511,406.08
59512,406.12
59513,406.14
59514,406.14
59515,406.07
59516,406.11
59517,406.15
59518,406.13
59519,406.13
59520,406.13
59521,406.15
59522,406.15
59523,406.15
59524,406.13
59525,406.13
59526,406.14
59527,406.09
59528,406.14
59529,406.20
59530,406.12
59531,406.12
59532,406.10
59533,406.09
59534,406.22
59535,406.17
59536,406.15
59537,406.06
59538,406.18
59539,406.13
59540,406.13
59541,406.22
59542,406.22
59543,406.16
59544,406.16
59545,406.22
59546,406.16
59547,406.24
59548,406.25
59549,406.20
59550,406.17
59551,406.15
59552,406.19
59553,406.23
59554,406.19
59555,406.09
59556,406.18
