NETCARE2015/data/raw/Flight3/CO2_POLAR6_20150408_R1_L1_NETCARE.ict
34, 1001
Bozem, Heiko; Hoor, Peter
Institute for Atmospheric Physics, Johannes Gutenberg University, Mainz, Germany
CO2 mixing ratio from LI7200 CO2 analyzer
NETCARE Polar 6 Campaign 2015
1, 1
2015, 04, 08, 2015, 08, 12
1
Time_UTC, seconds
1
1
-9999.99
CO2_ppmv, ppmv
0
19
PI_CONTACT_INFO: Address: Johann-Joachim-Becherweg 21, 55128 Mainz, email: bozemh@uni-mainz.de; hoor@uni-mainz.de
PLATFORM: Polar 6
LOCATION: GPS location and altitude available at 1 Hz resolution in separate file (See AIMMS files under Aircraft data and meteorology)
ASSOCIATED_DATA: N/A
INSTRUMENT_INFO: CO2 measurements based on non-dispersive infrared absorption spectroscopy
DATA_INFO: Units are ppmv
UNCERTAINTY: UNCERTAINTY RELATIVE TO STANDARD: 1.71 ppmv at 1 sigma confidence (before drift correction is applied)
ULOD_FLAG: -7777
ULOD_VALUE: 3000
LLOD_FLAG: -8888
LLOD_VALUE: N/A 
DM_CONTACT_INFO: N/A
PROJECT_INFO: NETCARE Polar 6 aircraft campaign in April 2015; Alert
STIPULATIONS_ON_USE: N/A
OTHER_COMMENTS: N/A
REVISION: R1
R0: Preliminary data, corrected for instrument drift
R1: Final data, corrected for instrument drift
Time_UTC,CO2_ppmv
49879,405.47
49880,405.44
49881,405.55
49882,405.48
49883,405.54
49884,405.48
49885,405.54
49886,405.53
49887,405.54
49888,405.51
49889,405.59
49890,405.61
49891,405.58
49892,405.59
49893,405.59
49894,405.61
49895,405.57
49896,405.59
49897,405.71
49898,405.62
49899,405.65
49900,405.67
49901,405.65
49902,405.57
49903,405.67
49904,405.61
49905,405.53
49906,405.64
49907,405.67
49908,405.53
49909,405.53
49910,405.59
49911,405.65
49912,405.53
49913,405.58
49914,405.62
49915,405.51
49916,405.60
49917,405.46
49918,405.62
49919,405.53
49920,405.53
49921,405.60
49922,405.44
49923,405.66
49924,405.61
49925,405.60
49926,405.67
49927,405.64
49928,405.76
49929,405.71
49930,405.65
49931,405.54
49932,405.52
49933,405.70
49934,405.52
49935,405.43
49936,405.59
49937,405.47
49938,405.50
49939,405.54
49940,405.51
49941,405.36
49942,405.52
49943,405.53
49944,405.55
49945,405.54
49946,405.47
49947,405.42
49948,405.52
49949,405.63
49950,405.54
49951,405.53
49952,405.52
49953,405.48
49954,405.53
49955,405.46
49956,405.72
49957,405.59
49958,405.69
49959,405.64
49960,405.60
49961,405.72
49962,405.61
49963,405.72
49964,405.53
49965,405.66
49966,405.64
49967,405.59
49968,405.60
49969,405.54
49970,405.68
49971,405.58
49972,405.61
49973,405.73
49974,405.57
49975,405.57
49976,405.59
49977,405.60
49978,405.66
49979,405.53
49980,405.59
49981,405.62
49982,405.65
49983,405.60
49984,405.59
49985,405.58
49986,405.74
49987,405.57
49988,405.54
49989,405.64
49990,405.62
49991,405.67
49992,405.61
49993,405.56
49994,405.66
49995,405.66
49996,405.65
49997,405.60
49998,405.65
49999,405.66
50000,405.66
50001,405.72
50002,405.63
50003,405.58
50004,405.64
50005,405.66
50006,405.74
50007,405.67
50008,405.59
50009,405.69
50010,405.61
50011,405.64
50012,405.71
50013,405.62
50014,405.70
50015,405.72
50016,405.62
50017,405.61
50018,405.75
50019,405.66
50020,405.68
50021,405.66
50022,405.71
50023,405.62
50024,405.70
50025,405.70
50026,405.66
50027,405.72
50028,405.66
50029,405.66
50030,405.73
50031,405.77
50032,405.71
50033,405.65
50034,405.66
50035,405.72
50036,405.71
50037,405.81
50038,405.62
50039,405.71
50040,405.69
50041,405.74
50042,405.73
50043,405.73
50044,405.77
50045,405.69
50046,405.70
50047,405.71
50048,405.73
50049,405.79
50050,405.77
50051,405.73
50052,405.61
50053,405.77
50054,405.81
50055,405.70
50056,405.76
50057,405.79
50058,405.65
50059,405.74
50060,405.74
50061,405.76
50062,405.66
50063,405.78
50064,405.74
50065,405.62
50066,405.84
50067,405.73
50068,405.70
50069,405.71
50070,405.80
50071,405.73
50072,405.75
50073,405.74
50074,405.80
50075,405.79
50076,405.68
50077,405.81
50078,405.75
50079,405.69
50080,405.76
50081,405.79
50082,405.72
50083,405.76
50084,405.75
50085,405.70
50086,405.84
50087,405.77
50088,405.70
50089,405.80
50090,405.80
50091,405.79
50092,405.76
50093,405.81
50094,405.76
50095,405.76
50096,405.87
50097,405.76
50098,405.87
50099,405.82
50100,405.79
50101,405.74
50102,405.83
50103,405.84
50104,405.72
50105,405.86
50106,405.78
50107,405.85
50108,405.80
50109,405.79
50110,405.81
50111,405.80
50112,405.86
50113,405.82
50114,405.81
50115,405.84
50116,405.83
50117,405.87
50118,405.78
50119,405.76
50120,405.85
50121,405.84
50122,405.79
50123,405.83
50124,405.81
50125,405.76
50126,405.86
50127,405.82
50128,405.83
50129,405.81
50130,405.84
50131,405.87
50132,405.77
50133,405.79
50134,405.89
50135,405.88
50136,405.88
50137,405.90
50138,405.80
50139,405.84
50140,405.85
50141,405.86
50142,405.82
50143,405.90
50144,405.86
50145,405.77
50146,405.89
50147,405.87
50148,405.86
50149,405.88
50150,405.88
50151,405.81
50152,405.89
50153,405.86
50154,405.86
50155,405.90
50156,405.94
50157,405.86
50158,405.94
50159,405.88
50160,405.83
50161,405.90
50162,405.84
50163,405.94
50164,405.82
50165,405.95
50166,405.92
50167,405.90
50168,405.92
50169,405.92
50170,405.90
50171,405.89
50172,405.86
50173,406.05
50174,406.00
50175,405.84
50176,405.85
50177,405.86
50178,406.02
50179,405.99
50180,405.95
50181,405.79
50182,405.97
50183,405.89
50184,405.97
50185,405.85
50186,405.79
50187,405.78
50188,405.76
50189,405.67
50190,405.68
50191,405.69
50192,405.53
50193,405.49
50194,405.56
50195,405.62
50196,405.59
50197,405.51
50198,405.57
50199,405.52
50200,405.56
50201,405.54
50202,405.53
50203,405.53
50204,405.48
50205,405.53
50206,405.59
50207,405.56
50208,405.54
50209,405.56
50210,405.54
50211,405.52
50212,405.62
50213,405.55
50214,405.59
50215,405.58
50216,405.63
50217,405.58
50218,405.66
50219,405.70
50220,405.51
50221,405.55
50222,405.51
50223,405.54
50224,405.71
50225,405.97
50226,405.75
50227,405.53
50228,405.75
50229,405.48
50230,405.45
50231,405.47
50232,405.53
50233,405.54
50234,405.61
50235,405.39
50236,405.56
50237,405.61
50238,405.55
50239,405.44
50240,405.44
50241,405.60
50242,405.37
50243,405.59
50244,405.48
50245,405.53
50246,405.61
50247,405.56
50248,405.50
50249,405.45
50250,405.51
50251,405.75
50252,405.53
50253,405.52
50254,405.63
50255,405.41
50256,405.69
50257,405.46
50258,405.54
50259,405.60
50260,405.46
50261,405.55
50262,405.51
50263,405.63
50264,405.68
50265,405.45
50266,405.50
50267,405.73
50268,405.41
50269,405.78
50270,405.46
50271,405.47
50272,405.62
50273,405.57
50274,405.70
50275,405.59
50276,405.51
50277,405.54
50278,405.49
50279,405.65
50280,405.61
50281,405.61
50282,405.53
50283,405.54
50284,405.52
50285,405.67
50286,405.52
50287,405.52
50288,405.64
50289,405.49
50290,405.69
50291,405.51
50292,405.82
50293,405.55
50294,405.61
50295,405.56
50296,405.55
50297,405.48
50298,405.70
50299,405.67
50300,405.59
50301,405.66
50302,405.59
50303,405.53
50304,405.55
50305,405.71
50306,405.58
50307,405.60
50308,405.58
50309,405.66
50310,405.66
50311,405.74
50312,405.58
50313,405.89
50314,405.47
50315,405.61
50316,405.60
50317,405.52
50318,405.79
50319,405.75
50320,405.65
50321,405.54
50322,405.81
50323,405.38
50324,405.69
50325,405.76
50326,405.67
50327,405.59
50328,405.78
50329,405.57
50330,405.83
50331,405.41
50332,405.78
50333,405.64
50334,405.77
50335,405.62
50336,405.51
50337,405.75
50338,405.63
50339,405.59
50340,405.70
50341,405.51
50342,405.71
50343,405.59
50344,405.69
50345,405.74
50346,405.72
50347,405.85
50348,405.60
50349,405.85
50350,405.65
50351,405.72
50352,405.82
50353,405.59
50354,405.73
50355,405.66
50356,405.79
50357,405.81
50358,405.66
50359,405.74
50360,405.78
50361,405.72
50362,405.74
50363,405.65
50364,405.74
50365,405.53
50366,405.78
50367,405.66
50368,405.81
50369,405.69
50370,405.55
50371,405.73
50372,405.71
50373,405.78
50374,405.73
50375,405.95
50376,405.70
50377,405.70
50378,405.52
50379,405.87
50380,405.78
50381,405.71
50382,405.84
50383,405.80
50384,405.76
50385,405.76
50386,405.74
50387,405.67
50388,405.85
50389,405.87
50390,405.67
50391,405.88
50392,405.91
50393,405.81
50394,405.85
50395,405.83
50396,405.78
50397,405.90
50398,405.76
50399,405.87
50400,405.80
50401,405.80
50402,405.79
50403,405.86
50404,405.80
50405,405.80
50406,405.64
50407,405.94
50408,405.78
50409,405.87
50410,405.95
50411,405.82
50412,405.90
50413,405.81
50414,405.86
50415,405.94
50416,405.97
50417,405.93
50418,405.83
50419,405.80
50420,405.86
50421,405.87
50422,405.91
50423,405.90
50424,405.96
50425,405.81
50426,406.04
50427,405.80
50428,405.99
50429,405.97
50430,405.91
50431,405.86
50432,406.02
50433,405.95
50434,405.92
50435,405.89
50436,405.95
50437,406.12
50438,406.02
50439,406.22
50440,406.35
50441,406.55
50442,406.61
50443,406.62
50444,406.69
50445,406.62
50446,406.57
50447,406.61
50448,406.62
50449,406.55
50450,406.71
50451,407.04
50452,407.01
50453,407.15
50454,407.25
50455,406.92
50456,407.14
50457,407.10
50458,407.04
50459,407.17
50460,407.31
50461,407.47
50462,407.36
50463,407.32
50464,407.52
50465,407.38
50466,407.47
50467,406.84
50468,406.47
50469,406.42
50470,406.35
50471,406.32
50472,406.36
50473,406.33
50474,406.12
50475,406.05
50476,406.04
50477,405.99
50478,405.90
50479,405.80
50480,405.78
50481,405.67
50482,405.79
50483,405.92
50484,405.82
50485,405.77
50486,405.72
50487,405.70
50488,406.00
50489,405.67
50490,405.85
50491,405.88
50492,405.96
50493,405.79
50494,406.04
50495,405.72
50496,406.04
50497,405.85
50498,405.71
50499,405.94
50500,405.92
50501,405.98
50502,405.91
50503,405.81
50504,405.78
50505,405.86
50506,406.24
50507,406.36
50508,406.76
50509,407.07
50510,407.20
50511,407.27
50512,407.37
50513,407.32
50514,407.33
50515,407.47
50516,407.57
50517,407.82
50518,407.81
50519,407.78
50520,407.91
50521,407.67
50522,407.61
50523,407.75
50524,407.89
50525,407.72
50526,407.57
50527,407.50
50528,407.44
50529,407.47
50530,407.38
50531,407.19
50532,407.00
50533,406.90
50534,406.69
50535,406.67
50536,406.46
50537,406.35
50538,406.12
50539,405.99
50540,405.96
50541,405.85
50542,405.95
50543,405.92
50544,405.95
50545,405.94
50546,405.96
50547,405.95
50548,405.95
50549,405.88
50550,405.90
50551,405.91
50552,406.03
50553,405.89
50554,405.89
50555,405.91
50556,405.93
50557,406.02
50558,405.92
50559,405.91
50560,405.97
50561,405.94
50562,405.92
50563,406.18
50564,406.05
50565,406.15
50566,406.19
50567,406.18
50568,406.24
50569,406.63
50570,406.76
50571,406.90
50572,407.34
50573,407.58
50574,407.63
50575,407.78
50576,407.89
50577,407.95
50578,407.91
50579,407.94
50580,407.96
50581,408.02
50582,408.07
50583,408.15
50584,408.11
50585,408.17
50586,408.30
50587,408.26
50588,408.26
50589,408.24
50590,408.31
50591,408.31
50592,408.39
50593,408.25
50594,408.36
50595,408.29
50596,408.30
50597,408.23
50598,408.27
50599,408.10
50600,408.15
50601,408.08
50602,408.08
50603,408.01
50604,407.94
50605,408.13
50606,408.13
50607,408.08
50608,408.14
50609,408.10
50610,408.21
50611,408.19
50612,408.08
50613,408.25
50614,408.24
50615,408.37
50616,408.26
50617,408.30
50618,408.37
50619,408.37
50620,408.22
50621,408.41
50622,408.36
50623,408.36
50624,408.46
50625,408.25
50626,408.25
50627,408.26
50628,408.37
50629,408.38
50630,408.32
50631,408.36
50632,408.34
50633,408.23
50634,408.35
50635,408.37
50636,408.27
50637,408.24
50638,408.31
50639,408.44
50640,408.39
50641,408.46
50642,408.48
50643,408.48
50644,408.49
50645,408.41
50646,408.49
50647,408.46
50648,408.51
50649,408.61
50650,408.52
50651,408.51
50652,408.51
50653,408.67
50654,408.67
50655,408.84
50656,408.70
50657,408.82
50658,408.78
50659,408.75
50660,408.79
50661,408.78
50662,408.71
50663,408.75
50664,408.70
50665,408.78
50666,408.66
50667,408.60
50668,408.65
50669,408.60
50670,408.62
50671,408.67
50672,408.67
50673,408.72
50674,408.73
50675,408.67
50676,408.77
50677,408.72
50678,408.73
50679,408.67
50680,408.74
50681,408.81
50682,408.80
50683,408.72
50684,408.76
50685,408.71
50686,408.86
50687,408.78
50688,408.71
50689,408.75
50690,408.82
50691,408.70
50692,408.74
50693,408.84
50694,408.75
50695,408.75
50696,408.75
50697,408.91
50698,408.72
50699,408.80
50700,408.73
50701,408.76
50702,408.69
50703,408.70
50704,408.63
50705,408.60
50706,408.55
50707,408.55
50708,408.57
50709,408.64
50710,408.60
50711,408.65
50712,408.58
50713,408.55
50714,408.55
50715,408.49
50716,408.30
50717,408.02
50718,408.07
50719,408.18
50720,408.24
50721,408.37
50722,408.21
50723,408.14
50724,408.25
50725,408.30
50726,408.36
50727,408.36
50728,408.43
50729,408.28
50730,408.39
50731,408.43
50732,408.41
50733,408.45
50734,408.28
50735,408.17
50736,408.12
50737,408.20
50738,408.27
50739,408.41
50740,408.28
50741,408.11
50742,408.27
50743,408.53
50744,408.63
50745,408.67
50746,408.69
50747,408.65
50748,408.64
50749,408.69
50750,408.68
50751,408.76
50752,408.90
50753,408.85
50754,408.84
50755,408.87
50756,408.90
50757,408.90
50758,408.93
50759,408.99
50760,409.01
50761,409.02
50762,409.04
50763,408.96
50764,409.00
50765,408.99
50766,409.06
50767,409.17
50768,409.05
50769,409.07
50770,409.04
50771,409.01
50772,409.06
50773,409.06
50774,408.97
50775,408.93
50776,408.97
50777,409.04
50778,409.00
50779,408.92
50780,409.02
50781,409.04
50782,409.03
50783,408.99
50784,409.10
50785,409.04
50786,409.08
50787,409.09
50788,409.19
50789,409.07
50790,409.04
50791,409.00
50792,409.14
50793,409.03
50794,409.09
50795,409.06
50796,409.11
50797,409.11
50798,409.04
50799,409.10
50800,409.07
50801,408.95
50802,408.98
50803,409.05
50804,408.98
50805,409.03
50806,408.96
50807,409.02
50808,408.89
50809,408.93
50810,409.12
50811,408.94
50812,409.07
50813,409.05
50814,408.93
50815,408.93
50816,409.08
50817,409.07
50818,408.96
50819,408.99
50820,408.90
50821,409.04
50822,408.90
50823,408.99
50824,408.97
50825,408.90
50826,409.01
50827,408.99
50828,408.94
50829,408.96
50830,408.90
50831,409.00
50832,409.00
50833,408.96
50834,409.01
50835,408.86
50836,408.91
50837,408.96
50838,409.04
50839,409.00
50840,408.98
50841,408.97
50842,409.01
50843,408.93
50844,409.06
50845,409.06
50846,409.06
50847,408.97
50848,409.01
50849,409.04
50850,408.97
50851,409.02
50852,408.99
50853,409.02
50854,408.95
50855,409.01
50856,409.14
50857,409.04
50858,409.00
50859,408.89
50860,409.04
50861,408.95
50862,409.02
50863,409.00
50864,408.97
50865,409.10
50866,408.91
50867,408.96
50868,408.88
50869,408.93
50870,408.91
50871,408.98
50872,408.96
50873,408.84
50874,408.57
50875,408.41
50876,408.32
50877,408.11
50878,408.04
50879,408.02
50880,407.92
50881,407.91
50882,407.95
50883,407.95
50884,408.00
50885,408.05
50886,408.08
50887,408.16
50888,408.09
50889,408.09
50890,408.03
50891,408.11
50892,408.02
50893,408.02
50894,407.98
50895,407.84
50896,408.02
50897,408.08
50898,408.09
50899,408.13
50900,408.15
50901,408.39
50902,408.41
50903,408.30
50904,408.34
50905,408.47
50906,408.72
50907,408.93
50908,408.99
50909,408.95
50910,408.99
50911,408.99
50912,408.93
50913,409.04
50914,409.02
50915,409.04
50916,409.10
50917,409.02
50918,409.02
50919,409.08
50920,409.10
50921,409.00
50922,409.08
50923,409.09
50924,409.08
50925,409.04
50926,408.95
50927,409.06
50928,409.10
50929,409.08
50930,409.09
50931,409.10
50932,408.98
50933,409.02
50934,409.19
50935,408.90
50936,409.11
50937,409.03
50938,409.07
50939,409.14
50940,409.11
50941,409.08
50942,409.03
50943,409.08
50944,409.10
50945,409.15
50946,409.05
50947,408.96
50948,409.02
50949,408.87
50950,408.98
50951,408.98
50952,408.99
50953,409.06
50954,409.04
50955,409.03
50956,409.00
50957,409.12
50958,409.11
50959,409.14
50960,409.10
50961,409.06
50962,409.00
50963,409.13
50964,409.19
50965,409.13
50966,409.10
50967,409.07
50968,409.13
50969,409.11
50970,409.12
50971,409.15
50972,409.07
50973,409.01
50974,409.00
50975,408.97
50976,408.91
50977,408.94
50978,408.96
50979,408.94
50980,408.84
50981,408.87
50982,408.82
50983,408.76
50984,408.78
50985,408.69
50986,408.61
50987,408.69
50988,408.62
50989,408.67
50990,408.66
50991,408.48
50992,408.01
50993,407.87
50994,407.91
50995,408.01
50996,408.07
50997,408.18
50998,408.14
50999,408.22
51000,408.19
51001,408.28
51002,408.19
51003,408.04
51004,407.73
51005,407.76
51006,407.83
51007,407.66
51008,407.67
51009,407.32
51010,406.98
51011,406.85
51012,406.83
51013,406.83
51014,406.78
51015,406.93
51016,406.65
51017,406.44
51018,406.73
51019,407.02
51020,407.39
51021,407.46
51022,407.46
51023,407.64
51024,407.66
51025,407.37
51026,407.34
51027,407.38
51028,407.28
51029,407.31
51030,407.44
51031,407.89
51032,407.81
51033,407.87
51034,407.90
51035,407.81
51036,407.82
51037,407.98
51038,408.12
51039,408.13
51040,408.13
51041,408.12
51042,408.15
51043,408.09
51044,407.99
51045,407.89
51046,407.98
51047,407.96
51048,408.01
51049,407.96
51050,407.98
51051,408.02
51052,407.92
51053,408.07
51054,408.06
51055,408.16
51056,408.23
51057,408.27
51058,408.37
51059,408.55
51060,408.71
51061,408.65
51062,408.49
51063,408.58
51064,408.73
51065,408.76
51066,408.76
51067,408.61
51068,408.81
51069,408.83
51070,408.90
51071,408.86
51072,409.07
51073,409.09
51074,409.01
51075,408.89
51076,408.84
51077,408.75
51078,408.86
51079,408.91
51080,409.27
51081,409.27
51082,409.25
51083,409.20
51084,409.25
51085,409.20
51086,409.21
51087,409.28
51088,409.18
51089,409.18
51090,409.23
51091,409.20
51092,409.28
51093,409.26
51094,409.31
51095,409.25
51096,409.32
51097,409.21
51098,409.28
51099,409.24
51100,409.25
51101,409.16
51102,409.15
51103,409.22
51104,409.29
51105,409.23
51106,409.19
51107,409.15
51108,409.11
