NETCARE2015/data/raw/Flight3/CPC3772_POLAR6_20150408_r2_L1_NETCARE.ict
35,1001
Abbatt,Jon
University of Toronto
Polar 6
NETCARE
1,1
2015,4,8,2017,8,16
1
time,seconds,seconds from start in UTC
1
1
-99999
conc,number of particles per cm3
0
20
PI_CONTACT_INFO: 80 St. George Street; Toronto; ON M5S 3H6 CANADA; email: jabbatt@chem.utoronto.ca
PLATFORM: Polar 6 aircraft
LOCATION: Canadian Arctic near Alert
ASSOCIATED_DATA: none
INSTRUMENT_INFO: Condensation Particle Counter Model 3772 is an instrument that detects airborne particles down to 10 nm at an aerosol flow rate of 1.0 L/min, over a concentration range from 0 to 10^4 particles/cm^3 
DATA_INFO: all relevant information is given above
UNCERTAINTY:  ±10% of measured value
ULOD_FLAG: -7777
ULOD_VALUE: N/As
LLOD_FLAG: -8888
LLOD_VALUE: N/A
DM_CONTACT_INFO: Data collected by Julia Burkart. Please direct all correspondence to Jon Abbatt: jabbatt@chem.utoronto.ca
PROJECT_INFO: Polar 6 NETCARE Spring 2015 campaign
STIPULATIONS_ON_USE: N/A
OTHER_COMMENTS: N/A
REVISION: R2, R1, R0
R2: zero and filter measurements are removed
R1: uncorrected raw data
R0: raw data
time,conc
[from data line 4800]
54679,321
54680,312
54681,320
54682,304
54683,302
54684,306
54685,334
54686,366
54687,399
54688,408
54689,414
54690,417
54691,418
54692,430
54693,422
54694,431
54695,427
54696,427
54697,424
54698,428
54699,425
54700,429
54701,428
54702,435
54703,421
54704,424
54705,432
54706,413
54707,414
54708,416
54709,432
54710,423
54711,417
54712,415
54713,418
54714,393
54715,364
54716,342
54717,343
54718,332
54719,326
54720,326
54721,332
54722,317
54723,314
54724,310
54725,318
54726,316
54727,324
54728,326
54729,324
54730,320
54731,315
54732,315
54733,318
54734,317
54735,321
54736,315
54737,316
54738,323
54739,324
54740,327
54741,326
54742,331
54743,330
54744,337
54745,321
54746,326
54747,329
54748,329
54749,327
54750,323
54751,322
54752,318
54753,310
54754,324
54755,327
54756,325
54757,334
54758,335
54759,327
54760,337
54761,330
54762,333
54763,325
54764,324
54765,-99999
54766,-99999
54767,-99999
54768,353
54769,328
54770,333
54771,331
54772,325
54773,322
54774,327
54775,322
54776,319
54777,328
54778,338
54779,338
54780,338
54781,334
54782,337
54783,349
54784,347
54785,344
54786,341
54787,347
54788,345
54789,329
54790,336
54791,329
54792,324
54793,323
54794,323
54795,325
54796,322
54797,318
54798,320
54799,314
54800,317
54801,315
54802,307
54803,307
54804,307
54805,310
54806,309
54807,313
54808,320
54809,308
54810,313
54811,311
54812,313
54813,310
54814,314
54815,306
54816,304
54817,309
54818,311
54819,305
54820,301
54821,304
54822,302
54823,300
54824,301
54825,295
54826,309
54827,293
54828,296
54829,289
54830,292
54831,294
54832,287
54833,286
54834,286
54835,280
54836,275
54837,284
54838,279
54839,288
54840,282
54841,285
54842,284
54843,273
54844,265
54845,265
54846,265
54847,263
54848,256
54849,261
54850,264
54851,265
54852,265
54853,261
54854,265
54855,267
54856,260
54857,256
54858,250
54859,259
54860,261
54861,256
54862,256
54863,253
54864,249
54865,250
54866,247
54867,257
54868,265
54869,266
54870,262
54871,266
54872,254
54873,256
54874,253
54875,253
54876,256
54877,263
54878,262
54879,251
54880,260
54881,259
54882,264
54883,258
54884,267
54885,259
54886,256
54887,271
54888,272
54889,261
54890,268
54891,262
54892,262
54893,264
54894,266
54895,283
54896,284
54897,274
54898,265
54899,271
54900,263
54901,265
54902,260
54903,252
54904,258
54905,257
54906,256
54907,249
54908,251
54909,233
54910,235
54911,239
54912,233
54913,242
54914,244
54915,243
54916,249
54917,244
54918,248
54919,239
54920,254
54921,258
54922,252
54923,258
54924,255
54925,254
54926,249
54927,238
54928,244
54929,246
54930,248
54931,241
54932,236
54933,237
54934,245
54935,232
54936,234
54937,235
54938,237
54939,240
54940,243
54941,242
54942,244
54943,237
54944,243
54945,232
54946,229
54947,235
54948,225
54949,231
54950,240
54951,228
54952,239
54953,250
54954,239
54955,245
54956,235
54957,237
54958,243
54959,237
54960,241
54961,245
54962,238
54963,239
54964,238
54965,241
54966,241
54967,244
54968,241
54969,246
54970,243
54971,248
54972,249
54973,243
54974,242
54975,241
54976,239
54977,243
54978,243
54979,246
54980,241
54981,242
54982,232
54983,238
54984,245
54985,240
54986,234
54987,236
54988,233
54989,238
54990,232
54991,226
54992,220
54993,221
54994,226
54995,233
54996,221
54997,222
54998,208
54999,201
55000,197
55001,194
55002,191
55003,194
55004,189
55005,190
55006,190
55007,188
55008,186
55009,185
55010,186
55011,188
55012,185
55013,188
55014,195
55015,190
55016,196
55017,193
55018,199
55019,194
55020,197
55021,204
55022,213
55023,211
55024,211
55025,208
55026,215
55027,207
55028,209
55029,208
55030,215
55031,212
55032,210
55033,213
55034,215
55035,211
55036,214
55037,212
55038,214
55039,217
55040,208
55041,212
55042,203
55043,207
55044,210
55045,212
55046,212
55047,210
55048,217
55049,213
55050,212
55051,212
55052,210
55053,213
55054,214
55055,217
55056,207
55057,219
55058,215
55059,214
55060,227
55061,220
55062,215
55063,220
55064,220
55065,212
55066,216
55067,211
55068,208
55069,203
55070,204
55071,216
55072,204
55073,213
55074,205
55075,202
55076,203
55077,207
55078,210
55079,208
55080,221
55081,205
55082,212
55083,204
55084,206
55085,206
55086,213
55087,212
55088,216
55089,215
55090,220
55091,221
55092,211
55093,219
55094,218
55095,223
55096,220
55097,223
55098,222
55099,220
55100,222
55101,226
55102,219
55103,214
55104,227
55105,214
55106,209
55107,218
55108,215
55109,219
55110,214
55111,216
55112,207
55113,218
55114,223
55115,218
55116,213
55117,207
55118,200
55119,200
55120,201
55121,196
55122,204
55123,204
55124,198
55125,202
55126,206
55127,206
55128,196
55129,204
55130,206
55131,201
55132,199
55133,206
55134,206
55135,202
55136,203
55137,201
55138,204
55139,197
55140,202
55141,206
55142,202
55143,203
55144,199
55145,206
55146,196
55147,201
55148,205
55149,205
55150,203
55151,199
55152,203
55153,202
55154,201
55155,197
55156,205
55157,202
55158,205
55159,200
55160,203
55161,205
55162,208
55163,207
55164,206
55165,201
55166,208
55167,203
55168,205
55169,199
55170,203
55171,202
55172,202
55173,206
55174,206
55175,211
55176,200
55177,199
55178,205
55179,202
55180,198
55181,200
55182,201
55183,199
55184,196
55185,202
55186,198
55187,200
55188,198
55189,197
55190,201
55191,198
55192,195
55193,193
55194,199
55195,196
55196,204
55197,198
55198,199
55199,200
55200,203
55201,201
55202,195
55203,193
55204,196
55205,191
55206,197
55207,201
55208,196
55209,200
55210,199
55211,208
55212,194
55213,198
55214,192
55215,193
55216,190
55217,199
55218,199
55219,200
55220,199
55221,207
55222,209
55223,209
55224,214
55225,213
55226,216
55227,214
55228,210
55229,204
55230,209
55231,216
55232,232
55233,242
55234,240
55235,234
55236,249
55237,239
55238,241
55239,237
55240,230
55241,235
55242,234
55243,228
55244,233
55245,226
55246,228
55247,232
55248,233
55249,234
55250,230
55251,232
55252,234
55253,236
55254,234
55255,238
55256,236
55257,241
55258,235
55259,240
55260,245
55261,235
55262,235
55263,224
55264,232
55265,233
55266,234
55267,227
55268,230
55269,226
55270,219
55271,206
55272,217
55273,215
55274,207
55275,205
55276,208
55277,204
55278,198
55279,206
55280,209
55281,204
55282,209
55283,206
55284,201
55285,212
55286,217
55287,214
55288,222
55289,224
55290,224
55291,216
55292,222
55293,221
55294,215
55295,215
55296,219
55297,217
55298,210
55299,206
55300,206
55301,211
55302,207
55303,206
55304,205
55305,204
55306,210
55307,197
55308,209
55309,208
55310,216
55311,212
55312,204
55313,215
55314,208
55315,212
55316,217
55317,213
55318,220
55319,217
55320,210
55321,215
55322,221
55323,215
55324,218
55325,218
55326,226
55327,221
55328,229
55329,215
55330,221
55331,218
55332,220
55333,218
55334,222
55335,221
55336,232
55337,225
55338,229
55339,243
55340,233
55341,226
55342,232
55343,234
55344,241
55345,228
55346,224
55347,221
55348,223
55349,227
55350,218
55351,227
55352,223
55353,221
55354,223
55355,215
55356,220
55357,218
55358,218
55359,218
55360,215
55361,214
55362,222
55363,212
55364,216
55365,220
55366,219
55367,218
55368,220
55369,223
55370,214
55371,211
55372,210
55373,211
55374,218
55375,213
55376,212
55377,218
55378,222
55379,212
55380,220
55381,228
55382,240
55383,247
55384,242
55385,255
55386,264
55387,267
55388,279
55389,295
55390,319
55391,348
55392,326
55393,432
55394,446
55395,417
55396,327
55397,292
55398,276
55399,265
55400,260
55401,258
55402,254
55403,245
55404,238
55405,242
55406,238
55407,244
55408,239
55409,237
55410,242
55411,234
55412,241
55413,253
55414,244
55415,245
55416,238
55417,242
55418,239
55419,241
55420,235
55421,228
55422,234
55423,230
55424,233
55425,236
55426,233
55427,238
55428,240
55429,240
55430,245
55431,237
55432,249
55433,232
55434,259
55435,297
55436,329
55437,319
55438,323
55439,317
55440,312
55441,303
55442,314
55443,315
55444,311
55445,316
55446,303
55447,296
55448,294
55449,291
55450,289
55451,279
55452,270
55453,262
55454,279
55455,282
55456,286
55457,281
55458,274
55459,280
55460,262
55461,260
55462,269
55463,281
55464,291
55465,269
55466,279
55467,286
55468,285
55469,308
55470,309
55471,311
55472,315
55473,306
55474,309
55475,316
55476,320
55477,311
55478,311
55479,294
55480,293
55481,273
55482,235
55483,230
55484,227
55485,227
55486,225
55487,228
55488,225
55489,234
55490,234
55491,229
55492,231
55493,238
55494,227
55495,233
55496,230
55497,231
55498,233
55499,220
55500,231
55501,219
55502,201
55503,201
55504,199
55505,206
55506,208
55507,193
55508,206
55509,199
55510,193
55511,200
55512,196
55513,192
55514,192
55515,187
55516,188
55517,186
55518,185
55519,187
55520,187
55521,187
55522,180
55523,181
55524,185
55525,189
55526,187
55527,183
55528,186
55529,189
55530,185
55531,187
55532,179
55533,188
55534,182
55535,187
55536,180
55537,183
55538,175
55539,184
55540,185
55541,181
55542,181
55543,185
55544,188
55545,190
55546,191
55547,183
55548,187
55549,183
55550,181
55551,188
55552,191
55553,193
55554,190
55555,195
55556,191
55557,193
55558,193
55559,187
55560,189
55561,189
55562,186
55563,187
55564,182
55565,182
55566,185
55567,187
55568,188
55569,188
55570,180
55571,189
55572,186
55573,185
55574,186
55575,184
55576,186
55577,181
55578,179
55579,190
55580,187
55581,193
55582,183
55583,188
55584,187
55585,190
55586,180
55587,182
55588,187
55589,183
55590,182
55591,182
55592,179
55593,177
55594,180
55595,181
55596,178
55597,184
55598,173
55599,164
55600,163
55601,165
55602,166
55603,160
55604,157
55605,159
55606,156
55607,160
55608,169
55609,170
55610,167
55611,178
55612,179
55613,176
55614,174
55615,177
55616,175
55617,175
55618,174
55619,182
55620,173
55621,171
55622,175
55623,174
55624,174
55625,172
55626,170
55627,175
55628,171
55629,174
55630,165
55631,158
55632,149
55633,153
55634,151
55635,161
55636,171
55637,168
55638,168
55639,170
55640,172
55641,170
55642,169
55643,168
55644,165
55645,163
55646,169
55647,165
55648,162
55649,157
55650,160
55651,157
55652,161
55653,164
55654,156
55655,160
55656,151
55657,146
55658,150
55659,152
55660,155
55661,149
55662,149
55663,155
55664,148
55665,160
55666,156
55667,149
55668,155
55669,160
55670,158
55671,148
55672,157
55673,156
55674,150
55675,152
55676,153
55677,155
55678,148
55679,156
55680,151
55681,153
55682,154
55683,158
55684,156
55685,154
55686,155
55687,151
55688,148
55689,149
55690,153
55691,154
55692,147
55693,148
55694,150
55695,154
55696,151
55697,155
55698,152
55699,153
55700,154
55701,158
55702,167
55703,157
55704,160
55705,162
55706,157
55707,162
55708,163
55709,160
55710,169
55711,171
55712,164
55713,155
55714,156
55715,152
55716,155
55717,156
55718,151
55719,153
55720,154
55721,152
55722,139
55723,149
55724,145
55725,147
55726,149
55727,146
55728,145
55729,142
55730,148
55731,149
55732,154
55733,149
55734,154
55735,151
55736,154
55737,159
55738,154
55739,152
55740,155
55741,153
55742,153
55743,154
55744,156
55745,152
55746,156
55747,155
55748,151
55749,151
55750,155
55751,153
55752,152
55753,152
55754,150
55755,148
55756,139
55757,143
55758,142
55759,136
55760,142
55761,143
55762,148
55763,143
55764,143
55765,151
55766,152
55767,155
55768,153
55769,148
55770,147
55771,148
55772,144
55773,150
55774,141
55775,141
55776,145
55777,146
55778,148
55779,149
55780,141
55781,146
55782,143
55783,141
55784,142
55785,141
55786,145
55787,142
55788,142
55789,140
55790,141
55791,145
55792,144
55793,140
55794,149
55795,139
55796,146
55797,148
55798,144
55799,138
55800,140
55801,136
55802,137
55803,141
55804,135
55805,141
55806,140
55807,140
55808,137
55809,140
55810,143
55811,138
55812,147
55813,142
55814,147
55815,141
55816,150
55817,143
55818,147
55819,145
55820,153
55821,154
55822,154
55823,151
55824,147
55825,134
55826,136
55827,134
55828,134
55829,136
55830,136
55831,138
55832,135
55833,139
55834,141
55835,137
55836,139
55837,140
55838,139
55839,140
55840,135
55841,147
55842,139
55843,146
55844,138
55845,139
55846,142
55847,140
55848,135
55849,140
55850,140
55851,134
55852,138
55853,138
55854,138
55855,135
55856,136
55857,135
55858,143
55859,137
55860,142
55861,138
55862,135
55863,144
55864,143
55865,135
55866,141
55867,142
55868,136
55869,140
55870,137
55871,142
55872,145
55873,146
55874,150
55875,146
55876,149
55877,159
55878,151
55879,147
55880,147
55881,149
55882,147
55883,140
55884,141
55885,144
55886,137
55887,136
55888,144
55889,139
55890,139
55891,143
55892,138
55893,140
55894,144
55895,140
55896,144
55897,140
55898,141
55899,141
55900,139
55901,145
55902,155
55903,139
55904,139
55905,141
55906,136
55907,136
55908,138
55909,137
55910,136
55911,141
55912,138
55913,143
55914,136
55915,135
55916,136
55917,138
55918,140
55919,141
55920,133
55921,135
55922,140
55923,141
55924,143
55925,136
55926,135
55927,139
55928,141
55929,142
55930,138
55931,141
55932,138
55933,136
55934,143
55935,149
55936,154
55937,168
55938,167
55939,168
55940,171
55941,171
55942,167
55943,174
55944,168
55945,173
55946,170
55947,165
55948,162
55949,163
55950,164
55951,170
55952,171
55953,154
55954,149
55955,153
55956,149
55957,147
55958,139
55959,140
55960,138
55961,134
55962,144
55963,141
55964,139
55965,139
55966,137
55967,135
55968,144
55969,148
55970,153
55971,151
55972,163
55973,161
55974,156
55975,157
55976,166
55977,166
55978,154
55979,153
55980,148
55981,140
55982,145
55983,146
55984,144
55985,158
55986,170
55987,176
55988,185
55989,182
55990,192
55991,189
55992,185
55993,172
55994,172
55995,168
55996,161
55997,161
55998,165
55999,167
56000,166
56001,172
56002,172
56003,185
56004,195
56005,192
56006,202
56007,206
56008,200
56009,207
56010,202
56011,203
56012,204
56013,203
56014,200
56015,198
56016,192
56017,204
56018,220
56019,235
56020,248
56021,223
56022,182
56023,160
56024,144
56025,148
56026,152
56027,155
56028,162
56029,170
56030,172
56031,167
56032,174
56033,173
56034,172
56035,179
56036,165
56037,175
56038,163
56039,171
56040,166
56041,168
56042,169
56043,174
56044,170
56045,167
56046,169
56047,166
56048,170
56049,171
56050,172
56051,181
56052,199
56053,195
56054,191
56055,205
56056,209
56057,197
56058,191
56059,192
56060,198
56061,196
56062,198
56063,201
56064,206
56065,204
56066,205
56067,203
56068,208
56069,205
56070,210
56071,203
56072,208
56073,212
56074,212
56075,220
56076,228
56077,243
56078,247
56079,282
56080,306
56081,313
56082,348
56083,327
56084,274
56085,234
56086,221
56087,211
56088,220
56089,188
56090,188
56091,197
56092,199
56093,200
56094,200
56095,207
56096,203
56097,211
56098,214
56099,214
56100,233
56101,246
56102,254
56103,259
56104,273
56105,275
56106,280
56107,267
56108,283
56109,280
56110,320
56111,370
56112,366
56113,259
56114,209
56115,220
56116,195
56117,178
56118,164
56119,171
56120,180
56121,174
56122,184
56123,173
56124,174
56125,184
56126,204
56127,175
56128,169
56129,160
56130,169
56131,196
56132,242
56133,240
56134,207
56135,163
56136,190
56137,262
56138,329
56139,326
56140,312
56141,186
56142,198
56143,220
56144,260
56145,268
56146,288
56147,268
56148,218
56149,215
56150,265
56151,272
56152,254
56153,275
56154,272
56155,287
56156,264
56157,264
56158,323
56159,313
56160,296
56161,278
56162,289
56163,253
56164,245
56165,218
56166,207
56167,214
56168,247
56169,232
56170,218
56171,213
56172,234
56173,228
56174,216
56175,224
56176,233
56177,216
56178,216
56179,210
56180,203
56181,213
56182,239
56183,228
56184,206
56185,195
56186,186
56187,178
56188,182
56189,203
56190,210
56191,197
56192,194
56193,186
56194,218
56195,229
56196,252
56197,249
56198,243
56199,254
56200,287
56201,293
56202,280
56203,296
56204,318
56205,313
56206,309
56207,313
56208,308
56209,302
56210,311
56211,301
56212,299
56213,312
56214,302
56215,305
56216,312
56217,309
56218,276
56219,252
56220,225
56221,223
56222,208
56223,245
56224,237
56225,239
56226,242
56227,260
56228,328
56229,299
56230,248
56231,288
56232,260
56233,276
56234,278
56235,281
56236,231
56237,230
56238,262
56239,260
56240,258
56241,243
56242,220
56243,232
56244,192
56245,214
56246,224
56247,220
56248,218
56249,211
56250,214
56251,237
56252,231
56253,198
56254,174
56255,157
56256,182
56257,206
56258,226
56259,218
56260,171
56261,152
56262,183
56263,244
56264,286
56265,285
56266,257
56267,238
56268,236
56269,231
56270,201
56271,170
56272,161
56273,163
56274,165
56275,165
56276,170
