NETCARE2015/data/raw/Flight3/CPC3772_POLAR6_20150408_r2_L1_NETCARE.ict
35,1001
Abbatt,Jon
University of Toronto
Polar 6
NETCARE
1,1
2015,4,8,2017,8,16
1
time,seconds,seconds from start in UTC
1
1
-99999
conc,number of particles per cm3
0
20
PI_CONTACT_INFO: 80 St. George Street; Toronto; ON M5S 3H6 CANADA; email: jabbatt@chem.utoronto.ca
PLATFORM: Polar 6 aircraft
LOCATION: Canadian Arctic near Alert
ASSOCIATED_DATA: none
INSTRUMENT_INFO: Condensation Particle Counter Model 3772 is an instrument that detects airborne particles down to 10 nm at an aerosol flow rate of 1.0 L/min, over a concentration range from 0 to 10^4 particles/cm^3 
DATA_INFO: all relevant information is given above
UNCERTAINTY:  ±10% of measured value
ULOD_FLAG: -7777
ULOD_VALUE: N/As
LLOD_FLAG: -8888
LLOD_VALUE: N/A
DM_CONTACT_INFO: Data collected by Julia Burkart. Please direct all correspondence to Jon Abbatt: jabbatt@chem.utoronto.ca
PROJECT_INFO: Polar 6 NETCARE Spring 2015 campaign
STIPULATIONS_ON_USE: N/A
OTHER_COMMENTS: N/A
REVISION: R2, R1, R0
R2: zero and filter measurements are removed
R1: uncorrected raw data
R0: raw data
time,conc
[from data line 9598]
59477,219
59478,213
59479,212
59480,210
59481,213
59482,215
59483,213
59484,215
59485,211
59486,214
59487,216
59488,212
59489,213
59490,215
59491,214
59492,209
59493,216
59494,211
59495,213
59496,212
59497,217
59498,210
59499,216
59500,219
59501,211
59502,219
59503,219
59504,211
59505,214
59506,216
59507,218
59508,218
59509,210
59510,212
59511,212
59512,211
59513,216
59514,215
59515,219
59516,211
59517,216
59518,209
59519,216
59520,210
59521,218
59522,212
59523,225
59524,212
59525,212
59526,216
59527,213
59528,215
59529,218
59530,219
59531,216
59532,212
59533,210
59534,214
59535,209
59536,207
59537,212
59538,212
59539,217
59540,209
59541,214
59542,214
59543,218
59544,215
59545,217
59546,219
59547,219
59548,223
59549,219
59550,222
59551,218
59552,217
59553,215
59554,218
59555,216
59556,211
59557,223
59558,218
59559,216
59560,219
59561,221
59562,218
59563,221
59564,218
59565,222
59566,215
59567,213
59568,217
59569,220
59570,224
59571,220
59572,224
59573,218
59574,219
59575,210
59576,219
59577,215
59578,218
59579,217
59580,220
59581,216
59582,220
59583,221
59584,219
59585,215
59586,224
59587,223
59588,223
59589,223
59590,223
59591,226
59592,226
59593,226
59594,212
59595,208
59596,219
59597,215
59598,221
59599,222
59600,220
59601,225
59602,221
59603,223
59604,219
59605,214
59606,214
59607,218
59608,213
59609,216
59610,213
59611,219
59612,216
59613,219
59614,214
59615,214
59616,220
59617,215
59618,217
59619,216
59620,212
59621,217
59622,213
59623,207
59624,217
59625,218
59626,215
59627,218
59628,217
59629,215
59630,215
59631,215
59632,213
59633,218
59634,215
59635,213
59636,211
59637,218
59638,215
59639,213
59640,216
59641,211
59642,219
59643,215
59644,219
59645,212
59646,212
59647,216
59648,215
59649,211
59650,210
59651,215
59652,217
59653,216
59654,220
59655,219
59656,213
59657,213
59658,215
59659,213
59660,222
59661,213
59662,212
59663,220
59664,211
59665,213
59666,214
59667,219
59668,218
59669,219
59670,217
59671,213
59672,215
59673,220
59674,221
59675,222
59676,217
59677,213
59678,219
59679,221
59680,221
59681,218
59682,222
59683,218
59684,219
59685,223
59686,213
59687,224
59688,225
59689,227
59690,225
59691,224
59692,220
59693,232
59694,226
59695,222
59696,227
59697,222
59698,217
59699,226
59700,226
59701,228
59702,221
59703,223
59704,226
59705,228
59706,229
59707,225
59708,227
59709,226
59710,223
59711,219
59712,234
59713,227
59714,223
59715,221
59716,222
59717,228
59718,232
59719,223
59720,227
59721,223
59722,223
59723,234
59724,221
59725,223
59726,228
59727,230
59728,221
59729,235
59730,222
59731,229
59732,224
59733,224
59734,224
59735,226
59736,228
59737,226
59738,231
59739,225
59740,223
59741,224
59742,227
59743,234
59744,230
59745,223
59746,225
59747,225
59748,216
59749,221
59750,227
59751,229
59752,222
59753,224
59754,220
59755,220
59756,227
59757,225
59758,231
59759,223
59760,225
59761,230
59762,224
59763,228
59764,226
59765,226
59766,224
59767,225
59768,229
59769,226
59770,228
59771,227
59772,229
59773,226
59774,228
59775,223
59776,227
59777,232
59778,232
59779,225
59780,225
59781,230
59782,235
59783,227
59784,224
59785,230
59786,225
59787,231
59788,235
59789,228
59790,226
59791,228
59792,236
59793,230
59794,237
59795,224
59796,224
59797,232
59798,232
59799,230
59800,224
59801,232
59802,224
59803,224
59804,228
59805,227
59806,235
59807,228
59808,230
59809,230
59810,223
59811,227
59812,222
59813,229
59814,227
59815,234
59816,232
59817,232
59818,233
59819,224
59820,230
59821,231
59822,234
59823,227
59824,226
59825,234
59826,229
59827,236
59828,234
59829,232
59830,228
59831,238
59832,229
59833,-99999
59834,-99999
59835,-99999
59836,-99999
59837,-99999
59838,-99999
59839,-99999
59840,-99999
59841,-99999
59842,236
59843,232
59844,228
59845,231
59846,235
59847,229
59848,226
59849,226
59850,233
59851,231
59852,234
59853,231
59854,229
59855,230
59856,235
59857,232
59858,232
59859,236
59860,230
59861,234
59862,236
59863,235
59864,230
59865,234
59866,230
59867,237
59868,232
59869,237
59870,236
59871,234
59872,233
59873,227
59874,235
59875,239
59876,230
59877,240
59878,226
59879,236
59880,231
59881,231
59882,234
59883,234
59884,237
59885,230
59886,233
59887,235
59888,233
59889,233
59890,232
59891,235
59892,245
59893,242
59894,236
59895,248
59896,257
59897,238
59898,252
59899,245
59900,243
59901,229
59902,241
59903,243
59904,251
59905,270
59906,279
59907,288
59908,291
59909,291
59910,297
59911,296
59912,295
59913,280
59914,293
59915,296
59916,297
59917,299
59918,301
59919,308
59920,306
59921,303
59922,312
59923,300
59924,305
59925,307
59926,309
59927,305
59928,310
59929,305
59930,308
59931,313
59932,311
59933,312
59934,313
59935,302
59936,311
59937,311
59938,311
59939,313
59940,311
59941,315
59942,314
59943,311
59944,311
59945,310
59946,312
59947,315
59948,311
59949,310
59950,309
59951,320
59952,312
59953,316
59954,312
59955,322
59956,312
59957,315
59958,310
59959,305
59960,306
59961,317
59962,314
59963,314
59964,322
59965,320
59966,321
59967,319
59968,323
59969,323
59970,323
59971,313
59972,323
59973,322
59974,311
59975,325
59976,327
59977,324
59978,334
59979,328
59980,321
59981,306
59982,318
59983,324
59984,328
59985,333
59986,334
59987,331
59988,324
59989,317
59990,314
59991,315
59992,323
59993,304
59994,304
59995,308
59996,298
59997,297
59998,298
59999,294
60000,301
60001,300
60002,310
60003,298
60004,303
60005,313
60006,301
60007,309
60008,307
60009,300
60010,303
60011,310
60012,306
60013,306
60014,315
60015,308
60016,300
60017,305
60018,311
60019,318
60020,318
60021,302
60022,334
60023,325
60024,298
60025,311
60026,304
60027,296
60028,311
60029,319
60030,305
60031,309
60032,293
60033,288
60034,304
60035,310
60036,312
60037,294
60038,265
60039,276
60040,262
60041,255
60042,274
60043,278
60044,288
60045,299
60046,320
60047,324
60048,297
60049,310
60050,326
60051,295
60052,321
60053,295
60054,281
60055,292
60056,304
60057,289
60058,292
60059,285
60060,283
60061,286
60062,283
60063,290
60064,290
60065,276
60066,267
60067,266
60068,273
60069,272
60070,267
60071,259
60072,259
60073,253
60074,247
60075,244
60076,246
60077,247
60078,257
60079,254
60080,252
60081,259
60082,261
60083,264
60084,258
60085,264
60086,261
60087,272
60088,271
60089,258
60090,261
60091,265
60092,269
60093,287
60094,293
60095,288
60096,283
60097,263
60098,256
60099,256
60100,255
60101,258
60102,271
60103,270
60104,266
60105,258
60106,263
60107,249
60108,261
60109,249
60110,261
60111,257
60112,263
60113,257
60114,258
60115,266
60116,265
60117,257
60118,262
60119,279
60120,261
60121,251
60122,259
60123,267
60124,267
60125,266
60126,264
60127,263
60128,278
60129,261
60130,270
60131,274
60132,270
60133,266
60134,265
60135,265
60136,262
60137,252
60138,273
60139,276
60140,272
60141,268
60142,274
60143,277
60144,276
60145,262
60146,252
60147,239
60148,240
60149,244
60150,248
60151,249
60152,263
60153,268
60154,263
60155,238
60156,231
60157,222
60158,217
60159,220
60160,215
60161,219
60162,219
60163,216
60164,212
60165,216
60166,230
60167,221
60168,211
60169,220
60170,218
60171,219
60172,214
60173,220
60174,217
60175,220
60176,218
60177,229
60178,235
60179,231
60180,224
60181,228
60182,233
60183,219
60184,233
60185,234
60186,221
60187,229
60188,232
60189,219
60190,224
60191,227
60192,229
60193,228
60194,224
60195,225
60196,220
60197,223
60198,225
60199,224
60200,227
60201,220
60202,227
60203,228
60204,227
60205,226
60206,230
60207,232
60208,235
60209,233
60210,245
60211,243
60212,241
60213,253
60214,264
60215,276
60216,276
60217,-99999
60218,-99999
60219,-99999
60220,-99999
60221,-99999
60222,-99999
60223,-99999
60224,-99999
