NETCARE2015/data/raw/Flight3/CPC3772_POLAR6_20150408_r2_L1_NETCARE.ict
35,1001
Abbatt,Jon
University of Toronto
Polar 6
NETCARE
1,1
2015,4,8,2017,8,16
1
time,seconds,seconds from start in UTC
1
1
-99999
conc,number of particles per cm3
0
20
PI_CONTACT_INFO: 80 St. George Street; Toronto; ON M5S 3H6 CANADA; email: jabbatt@chem.utoronto.ca
PLATFORM: Polar 6 aircraft
LOCATION: Canadian Arctic near Alert
ASSOCIATED_DATA: none
INSTRUMENT_INFO: Condensation Particle Counter Model 3772 is an instrument that detects airborne particles down to 10 nm at an aerosol flow rate of 1.0 L/min, over a concentration range from 0 to 10^4 particles/cm^3 
DATA_INFO: all relevant information is given above
UNCERTAINTY:  ±10% of measured value
ULOD_FLAG: -7777
ULOD_VALUE: N/As
LLOD_FLAG: -8888
LLOD_VALUE: N/A
DM_CONTACT_INFO: Data collected by Julia Burkart. Please direct all correspondence to Jon Abbatt: jabbatt@chem.utoronto.ca
PROJECT_INFO: Polar 6 NETCARE Spring 2015 campaign
STIPULATIONS_ON_USE: N/A
OTHER_COMMENTS: N/A
REVISION: R2, R1, R0
R2: zero and filter measurements are removed
R1: uncorrected raw data
R0: raw data
time,conc
[from data line 6399]
56278,173
56279,171
56280,172
56281,178
56282,208
56283,239
56284,289
56285,306
56286,305
56287,335
56288,352
56289,352
56290,347
56291,341
56292,352
56293,343
56294,363
56295,373
56296,375
56297,356
56298,352
56299,387
56300,348
56301,331
56302,356
56303,387
56304,416
56305,435
56306,456
56307,456
56308,441
56309,411
56310,379
56311,331
56312,303
56313,274
56314,250
56315,236
56316,228
56317,216
56318,202
56319,189
56320,180
56321,176
56322,171
56323,184
56324,176
56325,182
56326,183
56327,189
56328,208
56329,215
56330,213
56331,212
56332,198
56333,197
56334,243
56335,197
56336,194
56337,-99999
56338,-99999
56339,-99999
56340,-99999
56341,199
56342,189
56343,191
56344,198
56345,224
56346,248
56347,308
56348,337
56349,350
56350,382
56351,364
56352,387
56353,365
56354,395
56355,387
56356,352
56357,314
56358,270
56359,219
56360,198
56361,211
56362,218
56363,209
56364,209
56365,262
56366,315
56367,328
56368,317
56369,270
56370,234
56371,194
56372,174
56373,176
56374,178
56375,171
56376,172
56377,173
56378,176
56379,169
56380,169
56381,173
56382,166
56383,167
56384,165
56385,170
56386,165
56387,163
56388,157
56389,170
56390,166
56391,174
56392,177
56393,186
56394,179
56395,178
56396,180
56397,179
56398,177
56399,183
56400,189
56401,185
56402,188
56403,192
56404,184
56405,188
56406,187
56407,193
56408,195
56409,203
56410,205
56411,206
56412,211
56413,209
56414,212
56415,219
56416,223
56417,228
56418,226
56419,227
56420,226
56421,219
56422,229
56423,225
56424,228
56425,221
56426,219
56427,208
56428,207
56429,199
56430,203
56431,202
56432,198
56433,207
56434,202
56435,209
56436,210
56437,209
56438,201
56439,205
56440,207
56441,204
56442,196
56443,201
56444,195
56445,199
56446,196
56447,199
56448,194
56449,196
56450,194
56451,188
56452,191
56453,195
56454,208
56455,202
56456,199
56457,206
56458,209
56459,208
56460,208
56461,205
56462,208
56463,206
56464,198
56465,207
56466,200
56467,201
56468,189
56469,186
56470,180
56471,176
56472,171
56473,176
56474,171
56475,188
56476,186
56477,195
56478,204
56479,207
56480,213
56481,210
56482,206
56483,208
56484,201
56485,210
56486,207
56487,205
56488,205
56489,205
56490,206
56491,205
56492,206
56493,201
56494,205
56495,208
56496,205
56497,208
56498,209
56499,199
56500,201
56501,206
56502,205
56503,205
56504,204
56505,208
56506,194
56507,189
56508,182
56509,172
56510,157
56511,144
56512,134
56513,132
56514,139
56515,137
56516,144
56517,144
56518,149
56519,143
56520,143
56521,150
56522,160
56523,158
56524,163
56525,160
56526,157
56527,162
56528,152
56529,147
56530,139
56531,131
56532,125
56533,131
56534,125
56535,133
56536,136
56537,137
56538,130
56539,129
56540,133
56541,136
56542,138
56543,134
56544,146
56545,155
56546,159
56547,161
56548,170
56549,178
56550,174
56551,175
56552,167
56553,169
56554,155
56555,160
56556,158
56557,161
56558,154
56559,149
56560,164
56561,162
56562,157
56563,152
56564,149
56565,154
56566,153
56567,154
56568,147
56569,156
56570,162
56571,184
56572,193
56573,196
56574,196
56575,203
56576,197
56577,200
56578,196
56579,194
56580,210
56581,207
56582,222
56583,234
56584,219
56585,186
56586,176
56587,176
56588,176
56589,169
56590,166
56591,166
56592,163
56593,163
56594,165
56595,160
56596,166
56597,195
56598,233
56599,226
56600,220
56601,202
56602,218
56603,211
56604,209
56605,205
56606,208
56607,210
56608,205
56609,208
56610,206
56611,204
56612,206
56613,207
56614,203
56615,210
56616,224
56617,245
56618,242
56619,229
56620,213
56621,197
56622,185
56623,175
56624,176
56625,183
56626,191
56627,197
56628,192
56629,198
56630,201
56631,208
56632,221
56633,218
56634,223
56635,221
56636,224
56637,217
56638,211
56639,208
56640,209
56641,222
56642,227
56643,225
56644,240
56645,251
56646,252
56647,228
56648,211
56649,208
56650,215
56651,204
56652,202
56653,200
56654,204
56655,196
56656,196
56657,193
56658,196
56659,192
56660,196
56661,197
56662,201
56663,194
56664,202
56665,197
56666,199
56667,205
56668,213
56669,222
56670,218
56671,232
56672,236
56673,227
56674,222
56675,212
56676,200
56677,194
56678,178
56679,171
56680,168
56681,176
56682,173
56683,178
56684,172
56685,168
56686,167
56687,161
56688,161
56689,176
56690,194
56691,208
56692,200
56693,194
56694,201
56695,190
56696,190
56697,188
56698,190
56699,182
56700,187
56701,189
56702,185
56703,180
56704,183
56705,180
56706,179
56707,171
56708,163
56709,160
56710,165
56711,174
56712,204
56713,205
56714,204
56715,212
56716,219
56717,204
56718,198
56719,207
56720,211
56721,208
56722,213
56723,215
56724,206
56725,207
56726,200
56727,205
56728,196
56729,207
56730,199
56731,191
56732,186
56733,184
56734,190
56735,182
56736,169
56737,158
56738,161
56739,160
56740,166
56741,172
56742,167
56743,168
56744,161
56745,169
56746,182
56747,191
56748,193
56749,190
56750,194
56751,195
56752,199
56753,194
56754,197
56755,202
56756,192
56757,185
56758,181
56759,184
56760,191
56761,193
56762,192
56763,202
56764,203
56765,189
56766,189
56767,187
56768,192
56769,197
56770,195
56771,205
56772,199
56773,201
56774,196
56775,194
56776,188
56777,193
56778,191
56779,193
56780,185
56781,189
56782,187
56783,184
56784,190
56785,190
56786,196
56787,190
56788,191
56789,186
56790,185
56791,186
56792,189
56793,183
56794,179
56795,182
56796,184
56797,182
56798,176
56799,179
56800,184
56801,181
56802,174
56803,180
56804,179
56805,180
56806,182
56807,178
56808,180
56809,176
56810,181
56811,185
56812,174
56813,182
56814,186
56815,181
56816,165
56817,171
56818,173
56819,167
56820,161
56821,163
56822,160
56823,153
56824,151
56825,149
56826,150
56827,159
56828,152
56829,155
56830,158
56831,157
56832,158
56833,158
56834,153
56835,157
56836,155
56837,153
56838,156
56839,155
56840,158
56841,155
56842,149
56843,152
56844,148
56845,155
56846,153
56847,157
56848,155
56849,154
56850,153
56851,148
56852,157
56853,152
56854,158
56855,151
56856,157
56857,163
56858,166
56859,166
56860,165
56861,180
56862,176
56863,170
56864,176
56865,172
56866,174
56867,164
56868,167
56869,165
56870,167
56871,167
56872,166
56873,173
56874,167
56875,163
56876,168
56877,167
56878,171
56879,175
56880,172
56881,173
56882,170
56883,169
56884,171
56885,165
56886,164
56887,154
56888,169
56889,173
56890,172
56891,169
56892,176
56893,175
56894,175
56895,167
56896,168
56897,172
56898,171
56899,167
56900,167
56901,169
56902,171
56903,176
56904,166
56905,172
56906,170
56907,172
56908,169
56909,173
56910,174
56911,177
56912,177
56913,178
56914,171
56915,174
56916,178
56917,171
56918,177
56919,170
56920,175
56921,176
56922,170
56923,176
56924,175
56925,167
56926,170
56927,168
56928,168
56929,170
56930,171
56931,168
56932,173
56933,174
56934,168
56935,173
56936,171
56937,169
56938,174
56939,172
56940,173
56941,173
56942,180
56943,176
56944,176
56945,178
56946,176
56947,181
56948,178
56949,177
56950,181
56951,172
56952,183
56953,182
56954,185
56955,178
56956,186
56957,189
56958,191
56959,186
56960,190
56961,192
56962,186
56963,186
56964,191
56965,187
56966,188
56967,194
56968,196
56969,203
56970,199
56971,214
56972,235
56973,235
56974,235
56975,233
56976,236
56977,236
56978,235
56979,232
56980,244
56981,241
56982,241
56983,242
56984,243
56985,247
56986,230
56987,240
56988,252
56989,256
56990,254
56991,252
56992,246
56993,254
56994,259
56995,247
56996,252
56997,236
56998,240
56999,244
57000,257
57001,259
57002,261
57003,261
57004,247
57005,230
57006,226
57007,222
57008,222
57009,209
57010,201
57011,204
57012,213
57013,208
57014,220
57015,245
57016,254
57017,252
57018,253
57019,257
57020,260
57021,256
57022,270
57023,259
57024,269
57025,260
57026,247
57027,254
57028,258
57029,247
57030,254
57031,246
57032,254
57033,253
57034,252
57035,250
57036,257
57037,251
57038,262
57039,257
57040,256
57041,261
57042,262
57043,257
57044,261
57045,257
57046,264
57047,253
57048,253
57049,259
57050,255
57051,250
57052,247
57053,250
57054,251
57055,249
57056,245
57057,246
57058,253
57059,259
57060,245
57061,247
57062,256
57063,251
57064,248
57065,238
57066,224
57067,224
57068,229
57069,237
57070,223
57071,236
57072,227
57073,229
57074,232
57075,232
57076,225
57077,234
57078,225
57079,219
57080,222
57081,219
57082,220
57083,215
57084,224
57085,214
57086,209
57087,207
57088,201
57089,199
57090,196
57091,202
57092,201
57093,209
57094,200
57095,202
57096,201
57097,204
57098,208
57099,204
57100,207
57101,207
57102,205
57103,209
57104,200
57105,211
57106,205
57107,206
57108,207
57109,201
57110,209
57111,203
57112,211
57113,209
57114,210
57115,216
57116,213
57117,210
57118,207
57119,211
57120,211
57121,212
57122,214
57123,209
57124,212
57125,219
57126,210
57127,207
57128,212
57129,220
57130,210
57131,215
57132,213
57133,209
57134,216
57135,215
57136,210
57137,217
57138,214
57139,218
57140,220
57141,213
57142,211
57143,207
57144,216
57145,221
57146,222
57147,216
57148,218
57149,211
57150,218
57151,217
57152,217
57153,213
57154,219
57155,222
57156,221
57157,218
57158,213
57159,206
57160,211
57161,212
57162,216
57163,219
57164,227
57165,223
57166,219
57167,221
57168,224
57169,216
57170,219
57171,226
57172,225
57173,228
57174,223
57175,225
57176,222
57177,218
57178,221
57179,217
57180,212
57181,203
57182,204
57183,198
57184,195
57185,193
57186,199
57187,195
57188,206
57189,201
57190,201
57191,204
57192,204
57193,210
57194,212
57195,211
57196,217
57197,212
57198,223
57199,207
57200,216
57201,208
57202,212
57203,204
57204,209
57205,207
57206,210
57207,207
57208,209
57209,206
57210,208
57211,214
57212,216
57213,202
57214,203
57215,204
57216,206
57217,208
57218,208
57219,202
57220,206
57221,208
57222,208
57223,204
57224,204
57225,201
57226,198
57227,193
57228,199
57229,200
57230,201
57231,200
57232,202
57233,198
57234,194
57235,194
57236,187
57237,200
57238,191
57239,204
57240,186
57241,187
57242,187
57243,186
57244,190
57245,186
57246,189
57247,185
57248,189
57249,190
57250,185
57251,197
57252,191
57253,187
57254,193
57255,192
57256,187
57257,191
57258,190
57259,190
57260,190
57261,184
57262,196
57263,188
57264,192
57265,187
57266,193
57267,195
57268,191
57269,189
57270,185
57271,190
57272,190
57273,192
57274,185
57275,185
57276,198
57277,195
57278,204
57279,207
57280,214
57281,209
57282,205
57283,205
57284,204
57285,198
57286,198
57287,198
57288,197
57289,192
57290,198
57291,207
57292,216
57293,224
57294,224
57295,220
57296,214
57297,218
57298,222
57299,224
57300,233
57301,229
57302,244
57303,262
57304,269
57305,277
57306,252
57307,258
57308,260
57309,247
57310,250
57311,248
57312,256
57313,274
57314,287
57315,285
57316,291
57317,291
57318,280
57319,284
57320,287
57321,277
57322,278
57323,261
57324,262
57325,270
57326,271
57327,265
57328,278
57329,285
57330,278
57331,278
57332,268
57333,260
57334,260
57335,255
57336,257
57337,256
57338,241
57339,243
57340,242
57341,248
57342,241
57343,246
57344,241
57345,237
57346,242
57347,229
57348,225
57349,224
57350,219
57351,218
57352,218
57353,212
57354,215
57355,219
57356,223
57357,222
57358,231
57359,236
57360,236
57361,243
57362,249
57363,242
57364,236
57365,237
57366,243
57367,241
57368,241
57369,246
57370,239
57371,241
57372,246
57373,248
57374,245
57375,241
57376,246
57377,248
57378,250
57379,248
57380,238
57381,243
57382,239
57383,243
57384,243
57385,234
57386,227
57387,220
57388,225
57389,220
57390,216
57391,222
57392,216
57393,223
57394,222
57395,222
57396,221
57397,221
57398,217
57399,226
57400,215
57401,219
57402,221
57403,217
57404,225
57405,223
57406,222
57407,224
57408,216
57409,223
57410,218
57411,225
57412,225
57413,229
57414,216
57415,229
57416,226
57417,229
57418,228
57419,229
57420,227
57421,237
57422,237
57423,235
57424,233
57425,231
57426,238
57427,224
57428,228
57429,230
57430,231
57431,230
57432,228
57433,232
57434,226
57435,223
57436,226
57437,227
57438,237
57439,224
57440,216
57441,218
57442,218
57443,203
57444,202
57445,204
57446,202
57447,197
57448,203
57449,205
57450,205
57451,206
57452,203
57453,204
57454,212
57455,209
57456,209
57457,215
57458,215
57459,210
57460,215
57461,213
57462,218
57463,217
57464,222
57465,225
57466,230
57467,228
57468,235
57469,228
57470,225
57471,226
57472,233
57473,237
57474,232
57475,232
57476,224
57477,228
57478,236
57479,231
57480,232
57481,235
57482,236
57483,236
57484,230
57485,242
57486,241
57487,244
57488,240
57489,236
57490,241
57491,233
57492,234
57493,236
57494,239
57495,235
57496,240
57497,232
57498,234
57499,242
57500,230
57501,240
57502,241
57503,237
57504,233
57505,242
57506,240
57507,237
57508,237
57509,235
57510,237
57511,237
57512,228
57513,235
57514,232
57515,235
57516,240
57517,247
57518,244
57519,247
57520,243
57521,246
57522,243
57523,257
57524,246
57525,247
57526,245
57527,250
57528,242
57529,239
57530,249
57531,239
57532,247
57533,246
57534,254
57535,248
57536,250
57537,243
57538,248
57539,252
57540,245
57541,248
57542,250
57543,262
57544,269
57545,261
57546,268
57547,276
57548,278
57549,277
57550,293
57551,298
57552,305
57553,310
57554,304
57555,314
57556,316
57557,325
57558,347
57559,348
57560,339
57561,346
57562,350
57563,361
57564,342
57565,351
57566,354
57567,353
57568,331
57569,323
57570,309
57571,315
57572,312
57573,304
57574,303
57575,297
57576,294
57577,292
57578,300
57579,281
57580,280
57581,270
57582,265
57583,262
57584,263
57585,249
57586,244
57587,247
57588,242
57589,248
57590,242
57591,242
57592,236
57593,240
57594,239
57595,241
57596,238
57597,238
57598,240
57599,246
57600,250
57601,253
57602,267
57603,267
57604,270
57605,285
57606,296
57607,298
57608,316
57609,316
57610,336
57611,344
57612,354
57613,359
57614,368
57615,375
57616,390
57617,382
57618,389
57619,387
57620,386
57621,388
57622,389
57623,392
57624,393
57625,388
57626,384
57627,369
57628,348
57629,327
57630,311
57631,311
57632,307
57633,297
57634,282
57635,257
57636,255
57637,249
57638,247
57639,239
57640,241
57641,236
57642,244
57643,240
57644,243
57645,239
57646,239
57647,241
57648,242
57649,245
57650,239
57651,249
57652,245
57653,245
57654,249
57655,250
57656,243
57657,246
57658,246
57659,251
57660,251
57661,269
57662,254
57663,249
57664,261
57665,272
57666,292
57667,303
57668,293
57669,278
57670,253
57671,256
57672,263
57673,288
57674,276
57675,259
57676,279
57677,277
57678,261
57679,257
57680,246
57681,263
57682,277
57683,294
57684,281
57685,297
57686,296
57687,298
57688,297
57689,299
57690,295
57691,287
57692,294
57693,304
57694,297
57695,289
57696,283
57697,275
57698,277
57699,274
57700,286
57701,285
57702,292
57703,291
57704,297
57705,289
57706,291
57707,289
57708,295
57709,301
57710,296
57711,298
57712,291
57713,292
57714,294
57715,299
57716,295
57717,296
57718,299
57719,300
57720,288
57721,292
57722,275
57723,267
57724,252
57725,248
57726,258
57727,259
57728,262
57729,260
57730,270
57731,271
57732,273
57733,276
57734,271
57735,284
57736,290
57737,287
57738,281
57739,278
57740,284
57741,286
57742,304
57743,330
57744,341
57745,354
57746,360
57747,366
57748,367
57749,371
57750,362
57751,361
57752,367
57753,373
57754,369
57755,365
57756,373
57757,381
57758,389
57759,379
57760,390
57761,396
57762,398
57763,382
57764,385
57765,391
57766,387
57767,397
57768,388
57769,394
57770,389
57771,395
57772,391
57773,373
57774,389
57775,380
57776,379
57777,373
57778,376
57779,380
57780,391
57781,382
57782,377
57783,369
57784,384
57785,381
57786,373
57787,375
57788,365
57789,362
57790,373
57791,366
57792,353
57793,364
57794,358
57795,346
57796,331
57797,331
57798,313
57799,308
57800,319
57801,305
57802,307
57803,313
57804,305
57805,303
57806,310
57807,301
57808,305
57809,311
57810,313
57811,310
57812,311
57813,311
57814,315
57815,310
57816,313
57817,316
57818,314
57819,318
57820,325
57821,313
57822,318
57823,312
57824,315
57825,312
57826,309
57827,320
57828,314
57829,321
57830,311
57831,311
57832,314
57833,303
57834,309
57835,313
57836,303
57837,310
57838,313
57839,323
57840,320
57841,319
57842,323
57843,332
57844,341
57845,337
57846,342
57847,357
57848,364
57849,359
57850,353
57851,357
57852,357
57853,360
57854,356
57855,365
57856,380
57857,382
57858,400
57859,398
57860,412
57861,409
57862,415
57863,409
57864,419
57865,428
57866,432
57867,439
57868,443
57869,447
57870,466
57871,449
57872,465
57873,482
57874,469
57875,458
