NETCARE2015/data/raw/Flight3/CPC3776_POLAR6_20150408_r2_L1_NETCARE.ict
35,1001
Abbatt,Jon
University of Toronto
Polar 6
NETCARE
1,1
2015,4,8,2017,8,16
1
time,seconds,seconds from start in UTC
1
1
-99999
conc,number of particles per cm3
0
20
PI_CONTACT_INFO: 80 St. George Street; Toronto; ON M5S 3H6 CANADA; email: jabbatt@chem.utoronto.ca
PLATFORM: Polar 6 aircraft
LOCATION: Canadian Arctic near Alert
ASSOCIATED_DATA: none
INSTRUMENT_INFO: The Ultrafine Condensation Particle Counter 3776 is a continuous-flow instrument that detects particles down to 2.5 nm. It operates at an aerosol flow rate of 50 cm^3/min and detects concentrations from 0 to 300 000 particles/cm^3 with coincidence correction.
DATA_INFO: all relevant information is given above
UNCERTAINTY:  ±10% of measured value
ULOD_FLAG: -7777
ULOD_VALUE: N/As
LLOD_FLAG: -8888
LLOD_VALUE: N/A
DM_CONTACT_INFO: Data collected by Julia Burkart. Please direct all correspondence to Jon Abbatt: jabbatt@chem.utoronto.ca
PROJECT_INFO: Polar 6 NETCARE Spring 2015 campaign
STIPULATIONS_ON_USE: N/A
OTHER_COMMENTS: N/A
REVISION: R2, R1, R0
R2: zero and filter measurements are removed
R1: uncorrected raw data
R0: raw data
time,conc
[from data line 9585]
59464,220
59465,229
59466,203
59467,223
59468,211
59469,258
59470,211
59471,209
59472,209
59473,203
59474,198
59475,225
59476,213
59477,235
59478,212
59479,223
59480,173
59481,228
59482,215
59483,248
59484,219
59485,220
59486,203
59487,219
59488,198
59489,188
59490,180
59491,187
59492,208
59493,219
59494,221
59495,205
59496,206
59497,215
59498,216
59499,210
59500,211
59501,190
59502,219
59503,218
59504,187
59505,233
59506,191
59507,207
59508,214
59509,195
59510,205
59511,219
59512,197
59513,202
59514,210
59515,204
59516,200
59517,220
59518,201
59519,211
59520,201
59521,193
59522,221
59523,188
59524,204
59525,198
59526,201
59527,201
59528,216
59529,198
59530,213
59531,215
59532,208
59533,173
59534,204
59535,198
59536,213
59537,182
59538,200
59539,224
59540,207
59541,206
59542,217
59543,224
59544,188
59545,227
59546,184
59547,193
59548,211
59549,232
59550,192
59551,238
59552,222
59553,213
59554,196
59555,220
59556,201
59557,212
59558,224
59559,225
59560,216
59561,211
59562,217
59563,217
59564,213
59565,245
59566,213
59567,198
59568,220
59569,205
59570,228
59571,173
59572,223
59573,214
59574,200
59575,208
59576,230
59577,205
59578,199
59579,213
59580,196
59581,207
59582,239
59583,196
59584,201
59585,221
59586,223
59587,208
59588,219
59589,204
59590,196
59591,227
59592,197
59593,220
59594,230
59595,252
59596,215
59597,219
59598,180
59599,212
59600,208
59601,247
59602,214
59603,218
59604,205
59605,202
59606,211
59607,217
59608,208
59609,205
59610,226
59611,214
59612,189
59613,203
59614,202
59615,221
59616,185
59617,220
59618,200
59619,199
59620,202
59621,199
59622,236
59623,214
59624,203
59625,210
59626,230
59627,203
59628,210
59629,194
59630,201
59631,216
59632,216
59633,189
59634,197
59635,225
59636,212
59637,245
59638,217
59639,209
59640,195
59641,193
59642,202
59643,228
59644,207
59645,213
59646,221
59647,179
59648,218
59649,200
59650,181
59651,197
59652,211
59653,214
59654,217
59655,207
59656,217
59657,194
59658,204
59659,197
59660,203
59661,188
59662,184
59663,227
59664,217
59665,221
59666,203
59667,212
59668,182
59669,235
59670,236
59671,224
59672,206
59673,214
59674,209
59675,211
59676,186
59677,211
59678,195
59679,207
59680,194
59681,213
59682,211
59683,209
59684,229
59685,211
59686,239
59687,223
59688,199
59689,192
59690,216
59691,240
59692,211
59693,224
59694,223
59695,214
59696,212
59697,186
59698,221
59699,240
59700,237
59701,225
59702,224
59703,220
59704,196
59705,235
59706,238
59707,193
59708,209
59709,205
59710,222
59711,215
59712,210
59713,256
59714,205
59715,207
59716,209
59717,200
59718,220
59719,221
59720,220
59721,228
59722,232
59723,206
59724,228
59725,191
59726,207
59727,192
59728,233
59729,220
59730,207
59731,225
59732,221
59733,205
59734,217
59735,215
59736,238
59737,239
59738,203
59739,234
59740,219
59741,237
59742,240
59743,214
59744,225
59745,209
59746,223
59747,181
59748,223
59749,202
59750,189
59751,206
59752,211
59753,239
59754,204
59755,227
59756,212
59757,221
59758,214
59759,239
59760,224
59761,226
59762,195
59763,228
59764,237
59765,254
59766,211
59767,247
59768,204
59769,226
59770,212
59771,220
59772,213
59773,220
59774,214
59775,245
59776,225
59777,205
59778,240
59779,229
59780,233
59781,227
59782,216
59783,202
59784,233
59785,228
59786,241
59787,219
59788,221
59789,217
59790,223
59791,189
59792,248
59793,224
59794,208
59795,211
59796,200
59797,208
59798,227
59799,220
59800,239
59801,234
59802,206
59803,210
59804,230
59805,221
59806,224
59807,205
59808,202
59809,250
59810,218
59811,219
59812,214
59813,206
59814,203
59815,231
59816,236
59817,223
59818,226
59819,217
59820,241
59821,224
59822,261
59823,198
59824,216
59825,231
59826,250
59827,245
59828,190
59829,228
59830,225
59831,221
59832,212
59833,396
59834,-99999
59835,-99999
59836,-99999
59837,-99999
59838,-99999
59839,-99999
59840,333
59841,229
59842,213
59843,214
59844,226
59845,235
59846,232
59847,218
59848,232
59849,234
59850,253
59851,245
59852,229
59853,208
59854,198
59855,213
59856,208
59857,217
59858,236
59859,226
59860,248
59861,256
59862,230
59863,230
59864,205
59865,223
59866,228
59867,207
59868,232
59869,230
59870,196
59871,211
59872,234
59873,217
59874,205
59875,208
59876,241
59877,242
59878,215
59879,240
59880,226
59881,234
59882,236
59883,215
59884,197
59885,216
59886,231
59887,227
59888,208
59889,231
59890,245
59891,246
59892,222
59893,218
59894,245
59895,252
59896,249
59897,247
59898,249
59899,245
59900,234
59901,223
59902,254
59903,246
59904,285
59905,299
59906,297
59907,295
59908,311
59909,293
59910,320
59911,313
59912,288
59913,271
59914,297
59915,285
59916,299
59917,306
59918,332
59919,308
59920,333
59921,367
59922,339
59923,319
59924,344
59925,316
59926,293
59927,333
59928,320
59929,310
59930,292
59931,320
59932,345
59933,329
59934,318
59935,305
59936,324
59937,336
59938,317
59939,342
59940,307
59941,342
59942,346
59943,308
59944,349
59945,351
59946,300
59947,309
59948,323
59949,352
59950,319
59951,334
59952,330
59953,325
59954,353
59955,321
59956,339
59957,306
59958,324
59959,323
59960,353
59961,318
59962,336
59963,291
59964,327
59965,345
59966,348
59967,321
59968,351
59969,330
59970,332
59971,368
59972,355
59973,341
59974,348
59975,354
59976,327
59977,346
59978,364
59979,308
59980,349
59981,315
59982,319
59983,364
59984,334
59985,357
59986,341
59987,377
59988,350
59989,351
59990,300
59991,371
59992,287
59993,328
59994,318
59995,328
59996,298
59997,345
59998,323
59999,343
60000,317
60001,349
60002,326
60003,309
60004,322
60005,335
60006,329
60007,326
60008,353
60009,318
60010,329
60011,349
60012,327
60013,337
60014,351
60015,324
60016,342
60017,335
60018,322
60019,357
60020,343
60021,393
60022,382
60023,315
60024,311
60025,293
60026,284
60027,304
60028,373
60029,299
60030,329
60031,317
60032,322
60033,295
60034,344
60035,363
60036,295
60037,268
60038,266
60039,307
60040,221
60041,249
60042,302
60043,289
60044,315
60045,332
60046,386
60047,284
60048,309
60049,349
60050,321
60051,322
60052,344
60053,262
60054,307
60055,292
60056,308
60057,305
60058,294
60059,300
60060,285
60061,325
60062,295
60063,323
60064,270
60065,268
60066,248
60067,279
60068,290
60069,292
60070,302
60071,278
60072,264
60073,264
60074,241
60075,256
60076,242
60077,256
60078,277
60079,220
60080,216
60081,246
60082,251
60083,289
60084,230
60085,249
60086,267
60087,312
60088,272
60089,276
60090,262
60091,260
60092,271
60093,282
60094,291
60095,326
60096,296
60097,263
60098,281
60099,269
60100,270
60101,276
60102,290
60103,260
60104,298
60105,281
60106,273
60107,287
60108,243
60109,243
60110,245
60111,231
60112,261
60113,269
60114,288
60115,289
60116,261
60117,274
60118,306
60119,256
60120,276
60121,274
60122,283
60123,302
60124,258
60125,286
60126,286
60127,269
60128,278
60129,247
60130,291
60131,247
60132,261
60133,226
60134,277
60135,247
60136,250
60137,289
60138,304
60139,270
60140,311
60141,299
60142,275
60143,287
60144,248
60145,258
60146,244
60147,240
60148,209
60149,259
60150,279
60151,259
60152,299
60153,263
60154,215
60155,211
60156,196
60157,189
60158,214
60159,212
60160,196
60161,233
60162,219
60163,197
60164,193
60165,229
60166,221
60167,211
60168,207
60169,231
60170,196
60171,197
60172,217
60173,212
60174,214
60175,208
60176,200
60177,211
60178,236
60179,234
60180,230
60181,227
60182,231
60183,222
60184,235
60185,245
60186,231
60187,204
60188,173
60189,230
60190,232
60191,201
60192,233
60193,216
60194,234
60195,223
60196,217
60197,255
60198,207
60199,213
60200,225
60201,221
60202,206
60203,211
60204,223
60205,237
60206,237
60207,239
60208,234
60209,236
60210,274
60211,266
60212,276
60213,273
60214,303
60215,308
60216,338
60217,339
60218,-99999
60219,-99999
60220,-99999
60221,-99999
60222,-99999
60223,-99999
60224,-99999
