NETCARE2015/data/raw/Flight3/CPC3776_POLAR6_20150408_r2_L1_NETCARE.ict
35,1001
Abbatt,Jon
University of Toronto
Polar 6
NETCARE
1,1
2015,4,8,2017,8,16
1
time,seconds,seconds from start in UTC
1
1
-99999
conc,number of particles per cm3
0
20
PI_CONTACT_INFO: 80 St. George Street; Toronto; ON M5S 3H6 CANADA; email: jabbatt@chem.utoronto.ca
PLATFORM: Polar 6 aircraft
LOCATION: Canadian Arctic near Alert
ASSOCIATED_DATA: none
INSTRUMENT_INFO: The Ultrafine Condensation Particle Counter 3776 is a continuous-flow instrument that detects particles down to 2.5 nm. It operates at an aerosol flow rate of 50 cm^3/min and detects concentrations from 0 to 300 000 particles/cm^3 with coincidence correction.
DATA_INFO: all relevant information is given above
UNCERTAINTY:  ±10% of measured value
ULOD_FLAG: -7777
ULOD_VALUE: N/As
LLOD_FLAG: -8888
LLOD_VALUE: N/A
DM_CONTACT_INFO: Data collected by Julia Burkart. Please direct all correspondence to Jon Abbatt: jabbatt@chem.utoronto.ca
PROJECT_INFO: Polar 6 NETCARE Spring 2015 campaign
STIPULATIONS_ON_USE: N/A
OTHER_COMMENTS: N/A
REVISION: R2, R1, R0
R2: zero and filter measurements are removed
R1: uncorrected raw data
R0: raw data
time,conc
[from data line 1587]
51466,398
51467,401
51468,385
51469,387
51470,392
51471,385
51472,393
51473,405
51474,369
51475,360
51476,333
51477,323
51478,276
51479,306
51480,271
51481,272
51482,244
51483,242
51484,241
51485,294
51486,276
51487,247
51488,252
51489,243
51490,237
51491,249
51492,202
51493,235
51494,222
51495,236
51496,258
51497,210
51498,242
51499,234
51500,305
51501,286
51502,260
51503,302
51504,326
51505,347
51506,320
51507,345
51508,372
51509,370
51510,373
51511,382
51512,411
51513,376
51514,415
51515,377
51516,408
51517,364
51518,392
51519,394
51520,375
51521,393
51522,418
51523,407
51524,372
51525,401
51526,419
51527,380
51528,384
51529,397
51530,386
51531,391
51532,372
51533,407
51534,366
51535,361
51536,343
51537,302
51538,263
51539,293
51540,294
51541,341
51542,279
51543,327
51544,316
51545,347
51546,351
51547,342
51548,319
51549,354
51550,295
51551,355
51552,373
51553,433
51554,383
51555,333
51556,382
51557,367
51558,403
51559,392
51560,397
51561,434
51562,374
51563,419
51564,378
51565,367
51566,382
51567,375
51568,399
51569,373
51570,396
51571,359
51572,386
51573,379
51574,379
51575,403
51576,377
51577,396
51578,387
51579,374
51580,368
51581,418
51582,397
51583,360
51584,373
51585,369
51586,359
51587,400
51588,370
51589,382
51590,364
51591,364
51592,325
51593,305
51594,249
51595,285
51596,304
51597,290
51598,371
51599,323
51600,232
51601,234
51602,212
51603,239
51604,213
51605,201
51606,213
51607,212
51608,265
51609,207
51610,232
51611,196
51612,206
51613,210
51614,232
51615,215
51616,197
51617,210
51618,224
51619,212
51620,235
51621,214
51622,189
51623,197
51624,205
51625,203
51626,204
51627,227
51628,209
51629,228
51630,221
51631,224
51632,247
51633,247
51634,218
51635,232
51636,240
51637,231
51638,220
51639,212
51640,246
51641,198
51642,209
51643,177
51644,225
51645,207
51646,232
51647,228
51648,184
51649,200
51650,222
51651,223
51652,232
51653,189
51654,190
51655,191
51656,196
51657,198
51658,236
51659,206
51660,203
51661,189
51662,197
51663,210
51664,202
51665,221
51666,201
51667,227
51668,178
51669,189
51670,194
51671,225
51672,206
51673,223
51674,218
51675,201
51676,228
51677,238
51678,205
51679,184
51680,198
51681,223
51682,197
51683,170
51684,204
51685,230
51686,205
51687,197
51688,244
51689,205
51690,204
51691,209
51692,213
51693,221
51694,228
51695,207
51696,218
51697,222
51698,184
51699,214
51700,207
51701,192
51702,221
51703,194
51704,205
51705,201
51706,192
51707,195
51708,241
51709,189
51710,204
51711,208
51712,222
51713,203
51714,200
51715,195
51716,212
51717,223
51718,203
51719,211
51720,205
51721,193
51722,228
51723,206
51724,237
51725,235
51726,209
51727,235
51728,217
51729,218
51730,200
51731,232
51732,226
51733,226
51734,236
51735,224
51736,225
51737,238
51738,227
51739,223
51740,228
51741,223
51742,207
51743,221
51744,210
51745,206
51746,252
51747,246
51748,230
51749,233
51750,206
51751,236
51752,236
51753,246
51754,264
51755,229
51756,239
51757,261
51758,265
51759,252
51760,248
51761,257
51762,266
51763,251
51764,253
51765,249
51766,234
51767,237
51768,207
51769,250
51770,275
51771,290
51772,264
51773,251
51774,320
51775,289
51776,321
51777,265
51778,294
51779,231
51780,264
51781,246
51782,275
51783,248
51784,249
51785,233
51786,275
51787,280
51788,281
51789,246
51790,236
51791,243
51792,271
51793,292
51794,256
51795,277
51796,285
51797,284
51798,278
51799,266
51800,257
51801,267
51802,273
51803,310
51804,314
51805,248
51806,262
51807,286
51808,285
51809,266
51810,251
51811,278
51812,283
51813,269
51814,250
51815,262
51816,257
51817,280
51818,271
51819,245
51820,256
51821,290
51822,239
51823,271
51824,253
51825,293
51826,295
51827,260
51828,277
51829,275
51830,286
51831,262
51832,257
51833,270
51834,269
51835,301
51836,254
51837,260
51838,287
51839,240
51840,246
51841,263
51842,228
51843,231
51844,212
51845,209
51846,215
51847,218
51848,201
51849,221
51850,192
51851,205
51852,190
51853,204
51854,186
51855,205
51856,188
51857,187
51858,184
51859,200
51860,207
51861,185
51862,173
51863,196
51864,211
51865,190
51866,207
51867,216
51868,175
51869,153
51870,167
51871,185
51872,214
51873,194
51874,183
51875,180
51876,187
51877,192
51878,185
51879,223
51880,176
51881,178
51882,211
51883,171
51884,185
51885,198
51886,181
51887,216
51888,220
51889,217
51890,223
51891,170
51892,201
51893,199
51894,199
51895,228
51896,184
51897,196
51898,178
51899,184
51900,185
51901,176
51902,198
51903,181
51904,187
51905,180
51906,176
51907,193
51908,201
51909,184
51910,194
51911,203
51912,184
51913,207
51914,201
51915,191
51916,203
51917,218
51918,184
51919,196
51920,208
51921,191
51922,187
51923,192
51924,217
51925,202
51926,169
51927,201
51928,203
51929,195
51930,190
51931,181
51932,200
51933,202
51934,204
51935,180
51936,181
51937,196
51938,183
51939,215
51940,207
51941,189
51942,197
51943,231
51944,205
51945,187
51946,188
51947,207
51948,210
51949,152
51950,182
51951,218
51952,196
51953,196
51954,197
51955,210
51956,204
51957,209
51958,196
51959,179
51960,212
51961,191
51962,205
51963,186
51964,226
51965,200
51966,181
51967,178
51968,178
51969,195
51970,182
51971,195
51972,214
51973,183
51974,201
51975,216
51976,201
51977,194
51978,208
51979,233
51980,215
51981,231
51982,178
51983,194
51984,202
51985,199
51986,203
51987,198
51988,191
51989,209
51990,172
51991,180
51992,193
51993,191
51994,209
51995,188
51996,186
51997,211
51998,195
51999,176
52000,204
52001,195
52002,233
52003,232
52004,211
52005,193
52006,185
52007,211
52008,209
52009,193
52010,204
52011,219
52012,212
52013,199
52014,224
52015,184
52016,187
52017,222
52018,226
52019,176
52020,197
52021,219
52022,221
52023,217
52024,195
52025,222
52026,173
52027,217
52028,193
52029,213
52030,216
52031,207
52032,202
52033,194
52034,211
52035,184
52036,240
52037,197
52038,212
52039,218
52040,214
52041,208
52042,225
52043,224
52044,206
52045,207
52046,240
52047,194
52048,231
52049,218
52050,194
52051,197
52052,202
52053,206
52054,187
52055,226
52056,213
52057,202
52058,219
52059,219
52060,216
52061,202
52062,207
52063,220
52064,197
52065,184
52066,223
52067,212
52068,206
52069,236
52070,223
52071,210
52072,204
52073,224
52074,182
52075,203
52076,216
52077,242
52078,243
52079,213
52080,201
52081,193
52082,178
52083,201
52084,229
52085,241
52086,188
52087,215
52088,214
52089,222
52090,204
52091,218
52092,233
52093,204
52094,211
52095,215
52096,235
52097,229
52098,203
52099,195
52100,216
52101,225
52102,197
52103,202
52104,237
52105,215
52106,190
52107,206
52108,183
52109,213
52110,220
52111,194
52112,209
52113,196
52114,193
52115,217
52116,228
52117,235
52118,234
52119,213
52120,223
52121,217
52122,215
52123,207
52124,206
52125,217
52126,204
52127,203
52128,205
52129,232
52130,228
52131,237
52132,212
52133,239
52134,209
52135,198
52136,225
52137,216
52138,223
52139,219
52140,235
52141,220
52142,228
52143,208
52144,228
52145,214
52146,219
52147,235
52148,210
52149,219
52150,190
52151,250
52152,238
52153,190
52154,212
52155,231
52156,202
52157,222
52158,208
52159,217
52160,219
52161,205
52162,208
52163,211
52164,209
52165,212
52166,201
52167,208
52168,240
52169,241
52170,238
52171,221
52172,219
52173,241
52174,224
52175,228
52176,210
52177,224
52178,223
52179,232
52180,234
52181,224
52182,201
52183,229
52184,211
52185,200
52186,201
52187,217
52188,175
52189,210
52190,216
52191,234
52192,233
52193,192
52194,229
52195,220
52196,226
52197,219
52198,199
52199,189
52200,236
52201,195
52202,206
52203,222
52204,201
52205,213
52206,205
52207,224
52208,231
52209,225
52210,208
52211,238
52212,241
52213,245
52214,213
52215,205
52216,204
52217,228
52218,220
52219,240
52220,214
52221,192
52222,202
52223,201
52224,213
52225,240
52226,177
52227,238
52228,199
52229,200
52230,221
52231,215
52232,221
52233,192
52234,198
52235,174
52236,190
52237,201
52238,224
52239,206
52240,188
52241,187
52242,203
52243,196
52244,198
52245,198
52246,183
52247,196
52248,223
52249,212
52250,193
52251,184
52252,187
52253,196
52254,187
52255,202
52256,186
52257,184
52258,176
52259,209
52260,207
52261,185
52262,184
52263,207
52264,186
52265,166
52266,186
52267,207
52268,193
52269,202
52270,212
52271,197
52272,235
52273,222
52274,208
52275,220
52276,193
52277,164
52278,219
52279,190
52280,233
52281,184
52282,225
52283,216
52284,192
52285,212
52286,196
52287,219
52288,179
52289,198
52290,199
52291,190
52292,182
52293,184
52294,217
52295,172
52296,187
52297,217
52298,215
52299,213
52300,178
52301,222
52302,180
52303,203
52304,220
52305,181
52306,193
52307,205
52308,211
52309,183
52310,191
52311,209
52312,208
52313,163
52314,237
52315,216
52316,205
52317,174
52318,222
52319,188
52320,187
52321,202
52322,217
52323,192
52324,212
52325,219
52326,202
52327,185
52328,193
52329,197
52330,196
52331,188
52332,177
52333,191
52334,200
52335,185
52336,229
52337,197
52338,183
52339,198
52340,184
52341,199
52342,173
52343,201
52344,210
52345,207
52346,184
52347,198
52348,187
52349,185
52350,194
52351,193
52352,220
52353,192
52354,218
52355,207
52356,219
52357,213
52358,200
52359,201
52360,208
52361,229
52362,220
52363,242
52364,199
52365,209
52366,202
52367,210
52368,197
52369,201
52370,209
52371,176
52372,192
52373,228
52374,208
52375,207
52376,221
52377,214
52378,227
52379,187
52380,210
52381,192
52382,191
52383,194
52384,200
52385,212
52386,192
52387,201
52388,213
52389,206
52390,207
52391,221
52392,195
52393,195
52394,238
52395,219
52396,177
52397,196
52398,175
52399,215
52400,207
52401,206
52402,199
52403,194
52404,229
52405,198
52406,219
52407,219
52408,201
52409,204
52410,201
52411,203
52412,224
52413,223
52414,216
52415,209
52416,222
52417,185
52418,213
52419,222
52420,227
52421,220
52422,191
52423,186
52424,224
52425,218
52426,210
52427,191
52428,205
52429,195
52430,210
52431,219
52432,209
52433,224
52434,213
52435,191
52436,193
52437,200
52438,198
52439,219
52440,173
52441,230
52442,212
52443,214
52444,202
52445,226
52446,195
52447,219
52448,221
52449,210
52450,213
52451,236
52452,195
52453,216
52454,216
52455,236
52456,223
52457,227
52458,203
52459,221
52460,218
52461,215
52462,202
52463,232
52464,183
52465,216
52466,252
52467,213
52468,216
52469,216
52470,204
52471,207
52472,181
52473,214
52474,227
52475,199
52476,214
52477,200
52478,192
52479,181
52480,217
52481,217
52482,210
52483,190
52484,195
52485,212
52486,191
52487,231
52488,228
52489,195
52490,222
52491,228
52492,222
52493,225
52494,227
52495,231
52496,206
52497,226
52498,233
52499,233
52500,224
52501,207
52502,207
52503,223
52504,236
52505,183
52506,213
52507,216
52508,233
52509,238
52510,251
52511,203
52512,245
52513,224
52514,230
52515,202
52516,202
52517,212
52518,250
52519,200
52520,226
52521,209
52522,217
52523,256
52524,243
52525,207
52526,224
52527,202
52528,220
52529,226
52530,212
52531,206
52532,209
52533,214
52534,229
52535,202
52536,218
52537,259
52538,226
52539,254
52540,225
52541,230
52542,234
52543,220
52544,243
52545,228
52546,232
52547,239
52548,220
52549,262
52550,226
52551,243
52552,231
52553,227
52554,205
52555,227
52556,232
52557,206
52558,244
52559,235
52560,236
52561,240
52562,231
52563,208
52564,226
52565,237
52566,221
52567,208
52568,209
52569,244
52570,195
52571,196
52572,183
52573,240
52574,202
52575,227
52576,221
52577,223
52578,241
52579,216
52580,226
52581,198
52582,219
52583,213
52584,238
52585,211
52586,216
52587,225
52588,216
52589,213
52590,223
52591,211
52592,225
52593,234
52594,223
52595,197
52596,248
52597,221
52598,214
52599,268
52600,231
52601,240
52602,227
52603,224
52604,206
52605,206
52606,207
52607,243
52608,220
52609,218
52610,190
52611,229
52612,207
52613,217
52614,194
52615,209
52616,196
52617,217
52618,218
52619,216
52620,222
52621,217
52622,198
52623,231
52624,225
52625,240
52626,209
52627,222
52628,224
52629,234
52630,212
52631,247
52632,227
52633,222
52634,230
52635,218
52636,197
52637,219
52638,238
52639,228
52640,221
52641,222
52642,276
52643,226
52644,231
52645,249
52646,203
52647,222
52648,209
52649,210
52650,229
52651,203
52652,192
52653,206
52654,243
52655,210
52656,216
52657,232
52658,210
52659,193
52660,236
52661,216
52662,235
52663,193
52664,234
52665,236
52666,227
52667,206
52668,214
52669,210
52670,219
52671,216
52672,221
52673,223
52674,184
52675,230
52676,201
52677,206
52678,239
52679,190
52680,215
52681,191
52682,223
52683,202
52684,197
52685,210
52686,195
52687,230
52688,230
52689,206
52690,215
52691,216
52692,212
52693,204
52694,223
52695,218
52696,213
52697,254
52698,189
52699,208
52700,218
52701,226
52702,213
52703,226
52704,208
52705,219
52706,197
52707,208
52708,217
52709,216
52710,207
52711,189
52712,187
52713,204
52714,228
52715,239
52716,214
52717,215
52718,228
52719,209
52720,206
52721,192
52722,221
52723,200
52724,224
52725,224
52726,237
52727,212
52728,214
52729,247
52730,207
52731,224
52732,191
52733,209
52734,229
52735,232
52736,220
52737,215
52738,205
52739,221
52740,221
52741,202
52742,215
52743,214
52744,241
52745,223
52746,200
52747,203
52748,218
52749,201
52750,214
52751,199
52752,225
52753,224
52754,211
52755,205
52756,222
52757,224
52758,234
52759,201
52760,207
52761,212
52762,236
52763,227
52764,237
52765,237
52766,218
52767,180
52768,197
52769,189
52770,226
52771,201
52772,239
52773,226
52774,210
52775,234
52776,235
52777,234
52778,211
52779,239
52780,218
52781,222
52782,213
52783,203
52784,218
52785,214
52786,214
52787,237
52788,222
52789,220
52790,240
52791,231
52792,217
52793,211
52794,212
52795,205
52796,230
52797,238
52798,216
52799,213
52800,232
52801,207
52802,241
52803,209
52804,203
52805,235
52806,236
52807,223
52808,222
52809,196
52810,218
52811,236
52812,202
52813,233
52814,233
52815,210
52816,212
52817,224
52818,223
52819,235
52820,248
52821,240
52822,238
52823,203
52824,253
52825,222
52826,239
52827,227
52828,184
52829,208
52830,241
52831,224
52832,234
52833,220
52834,228
52835,237
52836,211
52837,193
52838,214
52839,213
52840,244
52841,217
52842,203
52843,221
52844,214
52845,232
52846,228
52847,211
52848,241
52849,233
52850,216
52851,234
52852,243
52853,233
52854,229
52855,209
52856,211
52857,216
52858,211
52859,210
52860,202
52861,241
52862,212
52863,243
52864,205
52865,221
52866,209
52867,249
52868,215
52869,224
52870,200
52871,227
52872,237
52873,226
52874,212
52875,223
52876,205
52877,247
52878,217
52879,244
52880,225
52881,214
52882,219
52883,202
52884,219
52885,206
52886,236
52887,219
52888,212
52889,212
52890,221
52891,220
52892,185
52893,211
52894,217
52895,217
52896,236
52897,233
52898,219
52899,252
52900,230
52901,245
52902,237
52903,199
52904,208
52905,229
52906,213
52907,248
52908,235
52909,198
52910,218
52911,202
52912,206
52913,221
52914,242
52915,222
52916,242
52917,242
52918,247
52919,186
52920,228
52921,203
52922,254
52923,191
52924,196
52925,195
52926,215
52927,184
52928,219
52929,250
52930,240
52931,227
52932,211
52933,246
52934,218
52935,226
52936,207
52937,237
52938,200
52939,213
52940,227
52941,214
52942,222
52943,216
52944,225
52945,210
52946,222
52947,214
52948,208
52949,226
52950,216
52951,225
52952,241
52953,229
52954,201
52955,221
52956,215
52957,210
52958,225
52959,194
52960,190
52961,223
52962,233
52963,228
52964,235
52965,226
52966,218
52967,193
52968,224
52969,223
52970,215
52971,215
52972,226
52973,233
52974,234
52975,242
52976,216
52977,245
52978,240
52979,213
52980,214
52981,209
52982,212
52983,195
52984,228
52985,221
52986,205
52987,216
52988,226
52989,230
52990,200
52991,230
52992,210
52993,196
52994,216
52995,207
52996,206
52997,192
52998,215
52999,244
53000,201
53001,225
53002,197
53003,192
53004,214
53005,189
53006,219
53007,197
53008,238
53009,239
53010,206
53011,193
53012,208
53013,208
53014,210
53015,234
53016,236
53017,195
53018,235
53019,243
53020,219
53021,206
53022,210
53023,246
53024,230
53025,205
53026,233
53027,217
53028,217
53029,211
53030,221
53031,243
53032,237
53033,226
53034,216
53035,188
53036,235
53037,209
53038,198
53039,222
53040,213
53041,214
53042,250
53043,216
53044,242
53045,223
53046,229
53047,208
53048,216
53049,222
53050,237
53051,218
53052,235
53053,223
53054,227
53055,219
53056,217
53057,213
53058,229
53059,233
53060,208
53061,224
53062,226
53063,235
53064,225
