NETCARE2015/data/raw/Flight3/CPC3772_POLAR6_20150408_r2_L1_NETCARE.ict
35,1001
Abbatt,Jon
University of Toronto
Polar 6
NETCARE
1,1
2015,4,8,2017,8,16
1
time,seconds,seconds from start in UTC
1
1
-99999
conc,number of particles per cm3
0
20
PI_CONTACT_INFO: 80 St. George Street; Toronto; ON M5S 3H6 CANADA; email: jabbatt@chem.utoronto.ca
PLATFORM: Polar 6 aircraft
LOCATION: Canadian Arctic near Alert
ASSOCIATED_DATA: none
INSTRUMENT_INFO: Condensation Particle Counter Model 3772 is an instrument that detects airborne particles down to 10 nm at an aerosol flow rate of 1.0 L/min, over a concentration range from 0 to 10^4 particles/cm^3 
DATA_INFO: all relevant information is given above
UNCERTAINTY:  ±10% of measured value
ULOD_FLAG: -7777
ULOD_VALUE: N/As
LLOD_FLAG: -8888
LLOD_VALUE: N/A
DM_CONTACT_INFO: Data collected by Julia Burkart. Please direct all correspondence to Jon Abbatt: jabbatt@chem.utoronto.ca
PROJECT_INFO: Polar 6 NETCARE Spring 2015 campaign
STIPULATIONS_ON_USE: N/A
OTHER_COMMENTS: N/A
REVISION: R2, R1, R0
R2: zero and filter measurements are removed
R1: uncorrected raw data
R0: raw data
time,conc
[from data line 3200]
53079,213
53080,220
53081,225
53082,224
53083,221
53084,222
53085,227
53086,224
53087,219
53088,227
53089,220
53090,234
53091,222
53092,231
53093,233
53094,227
53095,223
53096,229
53097,221
53098,226
53099,225
53100,220
53101,217
53102,220
53103,229
53104,224
53105,226
53106,224
53107,232
53108,218
53109,226
53110,224
53111,232
53112,226
53113,224
53114,220
53115,227
53116,220
53117,227
53118,217
53119,226
53120,219
53121,217
53122,223
53123,222
53124,219
53125,220
53126,223
53127,224
53128,218
53129,221
53130,223
53131,219
53132,221
53133,221
53134,213
53135,218
53136,223
53137,217
53138,213
53139,217
53140,213
53141,216
53142,214
53143,214
53144,207
53145,208
53146,210
53147,215
53148,214
53149,212
53150,213
53151,211
53152,212
53153,214
53154,217
53155,215
53156,210
53157,212
53158,212
53159,216
53160,210
53161,212
53162,206
53163,208
53164,210
53165,206
53166,213
53167,208
53168,211
53169,208
53170,214
53171,217
53172,209
53173,219
53174,215
53175,208
53176,213
53177,207
53178,205
53179,211
53180,213
53181,214
53182,210
53183,221
53184,214
53185,207
53186,209
53187,206
53188,213
53189,214
53190,210
53191,212
53192,206
53193,211
53194,216
53195,216
53196,210
53197,208
53198,210
53199,214
53200,213
53201,205
53202,209
53203,212
53204,210
53205,211
53206,214
53207,211
53208,214
53209,209
53210,211
53211,209
53212,215
53213,212
53214,214
53215,210
53216,208
53217,210
53218,210
53219,211
53220,208
53221,210
53222,214
53223,212
53224,212
53225,206
53226,209
53227,206
53228,208
53229,210
53230,203
53231,207
53232,211
53233,206
53234,206
53235,213
53236,210
53237,200
53238,212
53239,210
53240,209
53241,208
53242,214
53243,209
53244,204
53245,207
53246,210
53247,205
53248,207
53249,207
53250,205
53251,213
53252,207
53253,207
53254,207
53255,199
53256,213
53257,200
53258,207
53259,203
53260,210
53261,211
53262,210
53263,204
53264,200
53265,212
53266,216
53267,207
53268,209
53269,214
53270,208
53271,208
53272,213
53273,214
53274,207
53275,216
53276,210
53277,218
53278,206
53279,207
53280,207
53281,213
53282,211
53283,203
53284,210
53285,213
53286,210
53287,216
53288,210
53289,211
53290,207
53291,216
53292,213
53293,214
53294,210
53295,204
53296,212
53297,213
53298,207
53299,210
53300,213
53301,204
53302,215
53303,205
53304,213
53305,214
53306,214
53307,208
53308,211
53309,207
53310,210
53311,210
53312,210
53313,209
53314,207
53315,210
53316,219
53317,207
53318,218
53319,212
53320,207
53321,206
53322,213
53323,204
53324,211
53325,210
53326,206
53327,200
53328,207
53329,209
53330,207
53331,205
53332,211
53333,207
53334,209
53335,207
53336,209
53337,204
53338,209
53339,207
53340,213
53341,205
53342,206
53343,205
53344,211
53345,208
53346,204
53347,202
53348,214
53349,201
53350,205
53351,211
53352,206
53353,203
53354,201
53355,209
53356,209
53357,202
53358,202
53359,210
53360,201
53361,204
53362,207
53363,216
53364,210
53365,201
53366,208
53367,208
53368,205
53369,210
53370,205
53371,204
53372,201
53373,205
53374,205
53375,199
53376,203
53377,208
53378,205
53379,207
53380,203
53381,202
53382,202
53383,206
53384,203
53385,204
53386,204
53387,207
53388,204
53389,204
53390,207
53391,201
53392,203
53393,207
53394,203
53395,199
53396,205
53397,202
53398,199
53399,196
53400,200
53401,199
53402,199
53403,203
53404,194
53405,198
53406,199
53407,205
53408,200
53409,199
53410,194
53411,200
53412,204
53413,198
53414,210
53415,204
53416,198
53417,195
53418,193
53419,204
53420,203
53421,198
53422,191
53423,193
53424,204
53425,194
53426,193
53427,189
53428,192
53429,200
53430,196
53431,193
53432,196
53433,196
53434,193
53435,193
53436,194
53437,193
53438,190
53439,190
53440,189
53441,186
53442,195
53443,192
53444,191
53445,188
53446,194
53447,200
53448,195
53449,198
53450,191
53451,202
53452,192
53453,193
53454,192
53455,198
53456,199
53457,198
53458,195
53459,191
53460,195
53461,191
53462,193
53463,194
53464,190
53465,201
53466,196
53467,198
53468,195
53469,193
53470,195
53471,200
53472,195
53473,194
53474,195
53475,191
53476,197
53477,195
53478,196
53479,191
53480,192
53481,193
53482,189
53483,198
53484,194
53485,193
53486,196
53487,198
53488,194
53489,202
53490,199
53491,211
53492,213
53493,221
53494,215
53495,213
53496,210
53497,206
53498,219
53499,214
53500,217
53501,205
53502,203
53503,206
53504,206
53505,203
53506,205
53507,206
53508,207
53509,207
53510,205
53511,211
53512,202
53513,210
53514,209
53515,206
53516,212
53517,204
53518,213
53519,211
53520,210
53521,211
53522,208
53523,213
53524,206
53525,209
53526,208
53527,211
53528,212
53529,209
53530,208
53531,213
53532,209
53533,212
53534,212
53535,204
53536,209
53537,207
53538,203
53539,208
53540,210
53541,208
53542,206
53543,208
53544,213
53545,206
53546,205
53547,206
53548,205
53549,209
53550,209
53551,209
53552,212
53553,209
53554,206
53555,215
53556,202
53557,209
53558,204
53559,212
53560,209
53561,217
53562,210
53563,207
53564,206
53565,206
53566,209
53567,201
53568,212
53569,210
53570,202
53571,206
53572,216
53573,211
53574,208
53575,208
53576,208
53577,214
53578,203
53579,211
53580,206
53581,208
53582,204
53583,210
53584,203
53585,211
53586,207
53587,210
53588,200
53589,208
53590,199
53591,207
53592,207
53593,207
53594,205
53595,205
53596,208
53597,203
53598,207
53599,209
53600,206
53601,204
53602,201
53603,205
53604,208
53605,205
53606,206
53607,200
53608,212
53609,209
53610,208
53611,207
53612,212
53613,209
53614,206
53615,204
53616,201
53617,202
53618,206
53619,210
53620,206
53621,201
53622,208
53623,201
53624,206
53625,201
53626,205
53627,204
53628,207
53629,202
53630,210
53631,208
53632,212
53633,210
53634,202
53635,206
53636,201
53637,208
53638,206
53639,208
53640,204
53641,201
53642,208
53643,211
53644,209
53645,207
53646,211
53647,215
53648,208
53649,208
53650,219
53651,207
53652,210
53653,203
53654,203
53655,205
53656,205
53657,207
53658,203
53659,200
53660,201
53661,204
53662,203
53663,209
53664,204
53665,200
53666,203
53667,205
53668,204
53669,201
53670,204
53671,203
53672,205
53673,202
53674,203
53675,204
53676,203
53677,206
53678,203
53679,216
53680,211
53681,207
53682,202
53683,206
53684,210
53685,204
53686,204
53687,202
53688,206
53689,206
53690,204
53691,208
53692,205
53693,206
53694,200
53695,203
53696,205
53697,205
53698,208
53699,213
53700,209
53701,213
53702,203
53703,208
53704,215
53705,217
53706,218
53707,209
53708,214
53709,211
53710,212
53711,213
53712,210
53713,208
53714,203
53715,210
53716,210
53717,213
53718,205
53719,203
53720,202
53721,208
53722,205
53723,202
53724,199
53725,204
53726,203
53727,207
53728,203
53729,201
53730,208
53731,201
53732,205
53733,205
53734,217
53735,215
53736,211
53737,213
53738,216
53739,220
53740,211
53741,210
53742,210
53743,215
53744,206
53745,211
53746,201
53747,201
53748,203
53749,205
53750,205
53751,209
53752,201
53753,202
53754,204
53755,200
53756,200
53757,207
53758,202
53759,216
53760,214
53761,230
53762,255
53763,262
53764,264
53765,256
53766,266
53767,272
53768,270
53769,272
53770,268
53771,273
53772,278
53773,282
53774,288
53775,290
53776,285
53777,277
53778,276
53779,277
53780,273
53781,271
53782,274
53783,268
53784,274
53785,270
53786,265
53787,259
53788,259
53789,255
53790,248
53791,246
53792,244
53793,235
53794,241
53795,246
53796,243
53797,246
53798,248
53799,239
53800,245
53801,243
53802,241
53803,242
53804,246
53805,241
53806,242
53807,242
53808,237
53809,231
53810,246
53811,236
53812,241
53813,241
53814,232
53815,235
53816,235
53817,229
53818,231
53819,244
53820,234
53821,236
53822,237
53823,242
53824,244
53825,242
53826,240
53827,249
53828,243
53829,243
53830,245
53831,249
53832,243
53833,245
53834,238
53835,241
53836,244
53837,242
53838,242
53839,239
53840,237
53841,243
53842,244
53843,242
53844,250
53845,246
53846,245
53847,256
53848,242
53849,246
53850,255
53851,247
53852,252
53853,249
53854,256
53855,254
53856,254
53857,249
53858,252
53859,248
53860,255
53861,243
53862,240
53863,244
53864,244
53865,243
53866,245
53867,249
53868,248
53869,246
53870,238
53871,247
53872,246
53873,241
53874,240
53875,258
53876,252
53877,245
53878,250
53879,255
53880,250
53881,248
53882,257
53883,248
53884,249
53885,251
53886,250
53887,251
53888,254
53889,246
53890,251
53891,247
53892,253
53893,256
53894,247
53895,257
53896,254
53897,252
53898,256
53899,264
53900,261
53901,263
53902,269
53903,258
53904,260
53905,270
53906,262
53907,271
53908,275
53909,288
53910,279
53911,280
53912,274
53913,280
53914,277
53915,277
53916,279
53917,277
53918,276
53919,273
53920,280
53921,272
53922,278
53923,277
53924,278
53925,279
53926,278
53927,289
53928,313
53929,312
53930,297
53931,305
53932,299
53933,303
53934,296
53935,294
53936,294
53937,297
53938,295
53939,284
53940,277
53941,286
53942,290
53943,318
53944,306
53945,325
53946,330
53947,331
53948,330
53949,337
53950,336
53951,319
53952,332
53953,339
53954,336
53955,352
53956,354
53957,360
53958,358
53959,361
53960,380
53961,416
53962,432
53963,408
53964,395
53965,391
53966,383
53967,363
53968,365
53969,371
53970,373
53971,341
53972,321
53973,319
53974,325
53975,346
53976,356
53977,376
53978,381
53979,377
53980,391
53981,385
53982,378
53983,389
53984,382
53985,382
53986,380
53987,380
53988,375
53989,371
53990,361
53991,372
53992,373
53993,374
53994,376
53995,394
53996,381
53997,381
53998,375
53999,366
54000,378
54001,376
54002,376
54003,380
54004,398
54005,409
54006,407
54007,398
54008,399
54009,393
54010,391
54011,384
54012,383
54013,383
54014,386
54015,370
54016,371
54017,367
54018,366
54019,366
54020,379
54021,395
54022,396
54023,389
54024,407
54025,402
54026,413
54027,424
54028,435
54029,447
54030,445
54031,444
54032,446
54033,410
54034,407
54035,399
54036,383
54037,371
54038,357
54039,360
54040,362
54041,359
54042,348
54043,360
54044,369
54045,368
54046,377
54047,375
54048,376
54049,374
54050,359
54051,354
54052,366
54053,405
54054,393
54055,394
54056,400
54057,401
54058,422
54059,437
54060,453
54061,454
54062,472
54063,467
54064,458
54065,462
54066,464
54067,456
54068,458
54069,459
54070,452
54071,466
54072,466
54073,468
54074,458
54075,461
54076,464
54077,468
54078,457
54079,457
54080,454
54081,463
54082,456
54083,459
54084,447
54085,460
54086,462
54087,455
54088,456
54089,450
54090,462
54091,452
54092,466
54093,462
54094,457
54095,458
54096,456
54097,455
54098,456
54099,450
54100,447
54101,443
54102,448
54103,452
54104,456
54105,453
54106,441
54107,446
54108,444
54109,447
54110,443
54111,439
54112,443
54113,443
54114,453
54115,440
54116,434
54117,443
54118,432
54119,441
54120,435
54121,437
54122,439
54123,441
54124,434
54125,432
54126,439
54127,432
54128,439
54129,434
54130,436
54131,436
54132,436
54133,430
54134,441
54135,434
54136,440
54137,434
54138,439
54139,430
54140,427
54141,425
54142,428
54143,431
54144,427
54145,429
54146,431
54147,434
54148,427
54149,433
54150,429
54151,427
54152,431
54153,435
54154,426
54155,436
54156,420
54157,432
54158,430
54159,431
54160,439
54161,436
54162,434
54163,426
54164,430
54165,425
54166,422
54167,433
54168,426
54169,435
54170,429
54171,430
54172,428
54173,431
54174,429
54175,434
54176,426
54177,437
54178,428
54179,427
54180,435
54181,433
54182,427
54183,415
54184,427
54185,423
54186,428
54187,425
54188,426
54189,434
54190,418
54191,425
54192,424
54193,424
54194,426
54195,429
54196,425
54197,428
54198,431
54199,439
54200,448
54201,431
54202,440
54203,439
54204,424
54205,432
54206,435
54207,428
54208,423
54209,407
54210,396
54211,366
54212,352
54213,343
54214,340
54215,339
54216,328
54217,324
54218,316
54219,315
54220,314
54221,304
54222,306
54223,309
54224,298
54225,302
54226,302
54227,318
54228,331
54229,334
54230,338
54231,353
54232,332
54233,341
54234,341
54235,345
54236,362
54237,371
54238,373
54239,378
54240,393
54241,372
54242,372
54243,393
54244,392
54245,393
54246,400
54247,396
54248,400
54249,407
54250,412
54251,409
54252,412
54253,417
54254,406
54255,418
54256,401
54257,413
54258,406
54259,419
54260,417
54261,408
54262,406
54263,409
54264,405
54265,396
54266,414
54267,403
54268,412
54269,399
54270,401
54271,395
54272,369
54273,340
54274,327
54275,354
54276,362
54277,360
54278,374
54279,382
54280,389
54281,400
54282,396
54283,393
54284,404
54285,392
54286,400
54287,403
54288,400
54289,402
54290,393
54291,411
54292,405
54293,396
54294,405
54295,399
54296,392
54297,375
54298,368
54299,358
54300,356
54301,354
54302,343
54303,356
54304,353
54305,349
54306,334
54307,311
54308,293
54309,293
54310,300
54311,310
54312,316
54313,316
54314,321
54315,321
54316,322
54317,326
54318,329
54319,331
54320,338
54321,344
54322,338
54323,331
54324,341
54325,336
54326,338
54327,324
54328,322
54329,322
54330,322
54331,307
54332,317
54333,310
54334,307
54335,309
54336,274
54337,284
54338,275
54339,288
54340,295
54341,289
54342,290
54343,301
54344,303
54345,308
54346,307
54347,308
54348,319
54349,319
54350,324
54351,321
54352,312
54353,295
54354,304
54355,309
54356,304
54357,305
54358,301
54359,303
54360,302
54361,306
54362,306
54363,311
54364,315
54365,305
54366,312
54367,313
54368,316
54369,319
54370,313
54371,318
54372,315
54373,309
54374,315
54375,320
54376,317
54377,317
54378,313
54379,319
54380,315
54381,310
54382,314
54383,305
54384,304
54385,288
54386,296
54387,292
54388,284
54389,302
54390,315
54391,303
54392,291
54393,287
54394,261
54395,263
54396,251
54397,269
54398,263
54399,258
54400,256
54401,251
54402,252
54403,263
54404,251
54405,264
54406,268
54407,273
54408,262
54409,240
54410,226
54411,238
54412,259
54413,269
54414,272
54415,272
54416,274
54417,308
54418,287
54419,280
54420,247
54421,239
54422,239
54423,253
54424,233
54425,238
54426,239
54427,239
54428,259
54429,269
54430,283
54431,274
54432,268
54433,273
54434,250
54435,234
54436,225
54437,237
54438,240
54439,234
54440,227
54441,227
54442,261
54443,286
54444,300
54445,301
54446,314
54447,295
54448,295
54449,309
54450,310
54451,302
54452,295
54453,291
54454,292
54455,282
54456,268
54457,246
54458,235
54459,232
54460,213
54461,217
54462,223
54463,222
54464,209
54465,226
54466,242
54467,239
54468,243
54469,260
54470,287
54471,294
54472,306
54473,313
54474,319
54475,316
54476,332
54477,326
54478,324
54479,317
54480,328
54481,334
54482,323
54483,329
54484,335
54485,335
54486,334
54487,324
54488,329
54489,324
54490,312
54491,316
54492,317
54493,314
54494,301
54495,289
54496,289
54497,291
54498,288
54499,289
54500,285
54501,287
54502,280
54503,282
54504,287
54505,277
54506,287
54507,287
54508,289
54509,285
54510,282
54511,287
54512,289
54513,292
54514,285
54515,280
54516,282
54517,291
54518,304
54519,316
54520,328
54521,335
54522,352
54523,371
54524,399
54525,399
54526,400
54527,408
54528,397
54529,407
54530,409
54531,397
54532,403
54533,412
54534,403
54535,400
54536,404
54537,399
54538,400
54539,404
54540,398
54541,401
54542,402
54543,401
54544,400
54545,395
54546,404
54547,404
54548,400
54549,402
54550,400
54551,400
54552,402
54553,391
54554,409
54555,399
54556,413
54557,420
54558,413
54559,414
54560,421
54561,409
54562,411
54563,414
54564,418
54565,416
54566,414
54567,407
54568,416
54569,416
54570,420
54571,406
54572,418
54573,410
54574,414
54575,414
54576,409
54577,407
54578,402
54579,412
54580,414
54581,409
54582,417
54583,399
54584,412
54585,414
54586,408
54587,409
54588,411
54589,409
54590,414
54591,407
54592,407
54593,412
54594,414
54595,412
54596,414
54597,402
54598,404
54599,409
54600,417
54601,413
54602,404
54603,399
54604,401
54605,405
54606,409
54607,409
54608,410
54609,395
54610,402
54611,419
54612,408
54613,425
54614,414
54615,416
54616,414
54617,418
54618,425
54619,412
54620,408
54621,417
54622,421
54623,414
54624,418
54625,408
54626,411
54627,411
54628,418
54629,415
54630,423
54631,424
54632,408
54633,419
54634,422
54635,415
54636,421
54637,413
54638,413
54639,425
54640,425
54641,422
54642,424
54643,423
54644,436
54645,417
54646,426
54647,421
54648,427
54649,429
54650,412
54651,424
54652,420
54653,417
54654,423
54655,420
54656,416
54657,410
54658,401
54659,407
54660,404
54661,410
54662,413
54663,422
54664,413
54665,397
54666,375
54667,336
54668,302
54669,295
54670,292
54671,295
54672,309
54673,302
54674,321
54675,326
54676,318
54677,321
