NETCARE2015/data/raw/Flight3/CPC3776_POLAR6_20150408_r2_L1_NETCARE.ict
35,1001
Abbatt,Jon
University of Toronto
Polar 6
NETCARE
1,1
2015,4,8,2017,8,16
1
time,seconds,seconds from start in UTC
1
1
-99999
conc,number of particles per cm3
0
20
PI_CONTACT_INFO: 80 St. George Street; Toronto; ON M5S 3H6 CANADA; email: jabbatt@chem.utoronto.ca
PLATFORM: Polar 6 aircraft
LOCATION: Canadian Arctic near Alert
ASSOCIATED_DATA: none
INSTRUMENT_INFO: The Ultrafine Condensation Particle Counter 3776 is a continuous-flow instrument that detects particles down to 2.5 nm. It operates at an aerosol flow rate of 50 cm^3/min and detects concentrations from 0 to 300 000 particles/cm^3 with coincidence correction.
DATA_INFO: all relevant information is given above
UNCERTAINTY:  ±10% of measured value
ULOD_FLAG: -7777
ULOD_VALUE: N/As
LLOD_FLAG: -8888
LLOD_VALUE: N/A
DM_CONTACT_INFO: Data collected by Julia Burkart. Please direct all correspondence to Jon Abbatt: jabbatt@chem.utoronto.ca
PROJECT_INFO: Polar 6 NETCARE Spring 2015 campaign
STIPULATIONS_ON_USE: N/A
OTHER_COMMENTS: N/A
REVISION: R2, R1, R0
R2: zero and filter measurements are removed
R1: uncorrected raw data
R0: raw data
time,conc
[from data line 7985]
57864,386
57865,439
57866,415
57867,431
57868,453
57869,461
57870,483
57871,508
57872,451
57873,525
57874,463
57875,435
57876,442
57877,500
57878,445
57879,459
57880,465
57881,465
57882,387
57883,457
57884,441
57885,388
57886,369
57887,388
57888,350
57889,340
57890,334
57891,309
57892,321
57893,322
57894,287
57895,322
57896,362
57897,342
57898,351
57899,345
57900,331
57901,339
57902,342
57903,376
57904,328
57905,361
57906,328
57907,323
57908,326
57909,316
57910,357
57911,319
57912,350
57913,348
57914,372
57915,365
57916,343
57917,322
57918,359
57919,307
57920,352
57921,353
57922,342
57923,378
57924,334
57925,353
57926,354
57927,385
57928,421
57929,355
57930,398
57931,452
57932,447
57933,417
57934,448
57935,438
57936,490
57937,446
57938,436
57939,442
57940,448
57941,464
57942,426
57943,423
57944,427
57945,464
57946,422
57947,459
57948,458
57949,445
57950,421
57951,418
57952,470
57953,433
57954,391
57955,367
57956,386
57957,358
57958,353
57959,342
57960,329
57961,331
57962,377
57963,360
57964,347
57965,366
57966,374
57967,346
57968,365
57969,346
57970,363
57971,278
57972,362
57973,338
57974,318
57975,366
57976,347
57977,378
57978,337
57979,333
57980,342
57981,366
57982,325
57983,351
57984,337
57985,300
57986,341
57987,368
57988,373
57989,402
57990,416
57991,415
57992,408
57993,407
57994,426
57995,412
57996,384
57997,448
57998,449
57999,412
58000,434
58001,464
58002,463
58003,420
58004,423
58005,388
58006,375
58007,395
58008,433
58009,430
58010,423
58011,421
58012,360
58013,363
58014,348
58015,299
58016,337
58017,336
58018,311
58019,323
58020,360
58021,360
58022,352
58023,321
58024,343
58025,365
58026,359
58027,327
58028,324
58029,330
58030,354
58031,359
58032,311
58033,364
58034,359
58035,310
58036,329
58037,327
58038,285
58039,317
58040,316
58041,307
58042,339
58043,297
58044,253
58045,292
58046,325
58047,322
58048,310
58049,310
58050,329
58051,283
58052,337
58053,301
58054,321
58055,312
58056,318
58057,288
58058,313
58059,308
58060,297
58061,301
58062,325
58063,324
58064,343
58065,343
58066,322
58067,312
58068,300
58069,317
58070,353
58071,319
58072,329
58073,318
58074,323
58075,323
58076,327
58077,302
58078,349
58079,298
58080,286
58081,301
58082,352
58083,308
58084,300
58085,336
58086,325
58087,272
58088,300
58089,328
58090,253
58091,280
58092,268
58093,284
58094,314
58095,274
58096,241
58097,265
58098,286
58099,278
58100,286
58101,285
58102,259
58103,292
58104,320
58105,254
58106,284
58107,257
58108,291
58109,260
58110,284
58111,279
58112,281
58113,299
58114,285
58115,270
58116,274
58117,310
58118,288
58119,267
58120,295
58121,278
58122,310
58123,282
58124,302
58125,329
58126,362
58127,371
58128,390
58129,348
58130,380
58131,433
58132,444
58133,410
58134,478
58135,448
58136,465
58137,425
58138,488
58139,478
58140,427
58141,417
58142,407
58143,459
58144,457
58145,478
58146,397
58147,478
58148,457
58149,420
58150,437
58151,422
58152,433
58153,472
58154,461
58155,484
58156,480
58157,485
58158,450
58159,506
58160,474
58161,468
58162,479
58163,496
58164,499
58165,484
58166,503
58167,485
58168,505
58169,494
58170,466
58171,494
58172,534
58173,476
58174,514
58175,497
58176,482
58177,500
58178,467
58179,483
58180,534
58181,511
58182,475
58183,513
58184,512
58185,450
58186,484
58187,494
58188,477
58189,531
58190,497
58191,520
58192,488
58193,553
58194,470
58195,509
58196,502
58197,505
58198,494
58199,520
58200,520
58201,511
58202,579
58203,512
58204,508
58205,525
58206,513
58207,507
58208,470
58209,512
58210,498
58211,503
58212,516
58213,484
58214,498
58215,517
58216,544
58217,558
58218,491
58219,502
58220,474
58221,491
58222,456
58223,469
58224,509
58225,530
58226,478
58227,520
58228,491
58229,503
58230,527
58231,550
58232,530
58233,492
58234,535
58235,474
58236,512
58237,494
58238,539
58239,501
58240,544
58241,508
58242,534
58243,513
58244,485
58245,525
58246,528
58247,478
58248,495
58249,468
58250,515
58251,499
58252,507
58253,508
58254,524
58255,534
58256,513
58257,477
58258,491
58259,527
58260,487
58261,490
58262,508
58263,510
58264,496
58265,514
58266,494
58267,502
58268,515
58269,494
58270,488
58271,513
58272,483
58273,500
58274,516
58275,527
58276,492
58277,524
58278,542
58279,523
58280,558
58281,498
58282,465
58283,499
58284,557
58285,536
58286,497
58287,485
58288,512
58289,502
58290,489
58291,444
58292,471
58293,464
58294,456
58295,460
58296,492
58297,487
58298,428
58299,480
58300,434
58301,389
58302,493
58303,416
58304,464
58305,445
58306,472
58307,445
58308,465
58309,429
58310,435
58311,463
58312,443
58313,426
58314,403
58315,391
58316,394
58317,401
58318,447
58319,426
58320,422
58321,432
58322,401
58323,397
58324,436
58325,440
58326,424
58327,460
58328,423
58329,421
58330,408
58331,369
58332,395
58333,424
58334,438
58335,409
58336,399
58337,399
58338,421
58339,394
58340,412
58341,447
58342,413
58343,450
58344,396
58345,360
58346,403
58347,392
58348,406
58349,396
58350,417
58351,387
58352,399
58353,406
58354,419
58355,374
58356,428
58357,387
58358,411
58359,338
58360,304
58361,343
58362,336
58363,288
58364,263
58365,291
58366,262
58367,299
58368,323
58369,284
58370,304
58371,291
58372,306
58373,296
58374,313
58375,306
58376,301
58377,343
58378,351
58379,375
58380,334
58381,346
58382,361
58383,325
58384,290
58385,296
58386,279
58387,273
58388,270
58389,241
58390,263
58391,262
58392,269
58393,273
58394,254
58395,244
58396,290
58397,224
58398,244
58399,274
58400,243
58401,234
58402,251
58403,252
58404,259
58405,232
58406,278
58407,255
58408,243
58409,278
58410,245
58411,257
58412,264
58413,276
58414,205
58415,256
58416,266
58417,222
58418,251
58419,255
58420,242
58421,227
58422,252
58423,234
58424,212
58425,240
58426,213
58427,244
58428,245
58429,230
58430,246
58431,255
58432,230
58433,231
58434,235
58435,229
58436,231
58437,208
58438,201
58439,222
58440,229
58441,247
58442,231
58443,234
58444,221
58445,235
58446,218
58447,222
58448,231
58449,213
58450,230
58451,212
58452,212
58453,223
58454,221
58455,250
58456,243
58457,214
58458,212
58459,253
58460,237
58461,217
58462,209
58463,203
58464,251
58465,225
58466,216
58467,209
58468,215
58469,223
58470,218
58471,237
58472,238
58473,232
58474,229
58475,233
58476,217
58477,230
58478,197
58479,218
58480,219
58481,235
58482,219
58483,219
58484,249
58485,215
58486,237
58487,241
58488,214
58489,229
58490,215
58491,224
58492,213
58493,219
58494,217
58495,208
58496,222
58497,219
58498,223
58499,210
58500,226
58501,218
58502,209
58503,212
58504,198
58505,204
58506,209
58507,203
58508,228
58509,214
58510,239
58511,200
58512,216
58513,215
58514,210
58515,195
58516,198
58517,180
58518,222
58519,204
58520,207
58521,235
58522,200
58523,221
58524,201
58525,191
58526,195
58527,198
58528,215
58529,196
58530,230
58531,193
58532,198
58533,197
58534,214
58535,193
58536,203
58537,210
58538,185
58539,212
58540,220
58541,198
58542,217
58543,195
58544,194
58545,194
58546,204
58547,228
58548,187
58549,195
58550,216
58551,197
58552,199
58553,239
58554,194
58555,203
58556,227
58557,199
58558,192
58559,202
58560,229
58561,233
58562,209
58563,224
58564,200
58565,181
58566,214
58567,201
58568,185
58569,213
58570,199
58571,224
58572,214
58573,211
58574,214
58575,206
58576,173
58577,215
58578,196
58579,210
58580,195
58581,195
58582,201
58583,198
58584,218
58585,206
58586,187
58587,199
58588,215
58589,220
58590,211
58591,204
58592,185
58593,221
58594,215
58595,218
58596,189
58597,213
58598,209
58599,191
58600,213
58601,207
58602,216
58603,224
58604,207
58605,216
58606,209
58607,177
58608,219
58609,183
58610,184
58611,219
58612,180
58613,209
58614,211
58615,228
58616,208
58617,180
58618,204
58619,231
58620,245
58621,216
58622,176
58623,205
58624,218
58625,226
58626,206
58627,204
58628,190
58629,190
58630,227
58631,206
58632,200
58633,187
58634,215
58635,229
58636,229
58637,202
58638,216
58639,234
58640,212
58641,220
58642,184
58643,221
58644,238
58645,215
58646,213
58647,193
58648,253
58649,216
58650,201
58651,208
58652,230
58653,213
58654,226
58655,212
58656,207
58657,213
58658,202
58659,196
58660,231
58661,243
58662,239
58663,227
58664,201
58665,228
58666,241
58667,244
58668,222
58669,220
58670,229
58671,247
58672,211
58673,197
58674,250
58675,224
58676,193
58677,233
58678,202
58679,231
58680,210
58681,219
58682,234
58683,194
58684,238
58685,221
58686,228
58687,239
58688,221
58689,218
58690,211
58691,222
58692,248
58693,231
58694,246
58695,242
58696,222
58697,223
58698,244
58699,230
58700,235
58701,243
58702,258
58703,237
58704,271
58705,240
58706,232
58707,253
58708,263
58709,264
58710,267
58711,238
58712,267
58713,265
58714,267
58715,294
58716,260
58717,271
58718,257
58719,268
58720,244
58721,266
58722,241
58723,265
58724,221
58725,269
58726,256
58727,265
58728,243
58729,253
58730,253
58731,272
58732,254
58733,263
58734,247
58735,248
58736,238
58737,235
58738,232
58739,249
58740,240
58741,271
58742,239
58743,249
58744,215
58745,239
58746,222
58747,231
58748,239
58749,254
58750,248
58751,260
58752,257
58753,253
58754,251
58755,221
58756,231
58757,240
58758,241
58759,242
58760,262
58761,243
58762,244
58763,247
58764,286
58765,269
58766,247
58767,225
58768,246
58769,272
58770,246
58771,276
58772,251
58773,219
58774,214
58775,267
58776,259
58777,265
58778,264
58779,241
58780,266
58781,253
58782,267
58783,251
58784,251
58785,281
58786,234
58787,234
58788,229
58789,223
58790,261
58791,228
58792,261
58793,212
58794,255
58795,235
58796,241
58797,234
58798,229
58799,252
58800,230
58801,221
58802,243
58803,232
58804,211
58805,230
58806,225
58807,238
58808,225
58809,192
58810,206
58811,217
58812,218
58813,237
58814,218
58815,227
58816,205
58817,196
58818,232
58819,231
58820,207
58821,218
58822,211
58823,220
58824,213
58825,213
58826,218
58827,241
58828,210
58829,198
58830,191
58831,245
58832,228
58833,217
58834,187
58835,214
58836,206
58837,229
58838,205
58839,203
58840,218
58841,209
58842,235
58843,218
58844,218
58845,219
58846,205
58847,228
58848,182
58849,234
58850,190
58851,218
58852,225
58853,207
58854,216
58855,205
58856,229
58857,222
58858,201
58859,170
58860,209
58861,188
58862,202
58863,212
58864,205
58865,201
58866,210
58867,207
58868,222
58869,203
58870,209
58871,208
58872,203
58873,214
58874,192
58875,212
58876,203
58877,232
58878,217
58879,200
58880,218
58881,209
58882,227
58883,238
58884,182
58885,233
58886,202
58887,211
58888,183
58889,193
58890,213
58891,222
58892,213
58893,190
58894,184
58895,238
58896,228
58897,231
58898,197
58899,202
58900,197
58901,219
58902,226
58903,224
58904,208
58905,210
58906,211
58907,214
58908,212
58909,239
58910,213
58911,218
58912,197
58913,208
58914,201
58915,222
58916,230
58917,225
58918,252
58919,222
58920,220
58921,235
58922,198
58923,232
58924,210
58925,249
58926,241
58927,223
58928,227
58929,196
58930,231
58931,239
58932,198
58933,222
58934,256
58935,203
58936,236
58937,261
58938,254
58939,265
58940,269
58941,259
58942,290
58943,295
58944,278
58945,305
58946,283
58947,271
58948,287
58949,331
58950,256
58951,268
58952,307
58953,229
58954,275
58955,283
58956,319
58957,287
58958,277
58959,279
58960,286
58961,279
58962,285
58963,299
58964,246
58965,261
58966,260
58967,254
58968,248
58969,271
58970,251
58971,246
58972,275
58973,261
58974,266
58975,273
58976,268
58977,270
58978,276
58979,261
58980,279
58981,291
58982,252
58983,287
58984,275
58985,283
58986,293
58987,265
58988,269
58989,268
58990,267
58991,285
58992,301
58993,254
58994,272
58995,261
58996,256
58997,264
58998,259
58999,253
59000,267
59001,255
59002,276
59003,265
59004,267
59005,260
59006,252
59007,283
59008,273
59009,246
59010,266
59011,248
59012,264
59013,276
59014,247
59015,263
59016,272
59017,281
59018,251
59019,295
59020,244
59021,257
59022,245
59023,269
59024,289
59025,258
59026,271
59027,264
59028,293
59029,263
59030,291
59031,248
59032,264
59033,265
59034,267
59035,267
59036,299
59037,258
59038,285
59039,269
59040,243
59041,243
59042,258
59043,281
59044,283
59045,261
59046,272
59047,241
59048,241
59049,245
59050,232
59051,239
59052,248
59053,232
59054,219
59055,243
59056,236
59057,241
59058,219
59059,231
59060,216
59061,213
59062,203
59063,209
59064,224
59065,229
59066,248
59067,210
59068,240
59069,212
59070,206
59071,222
59072,251
59073,219
59074,232
59075,224
59076,234
59077,197
59078,214
59079,233
59080,186
59081,203
59082,201
59083,228
59084,241
59085,226
59086,215
59087,218
59088,223
59089,223
59090,218
59091,251
59092,228
59093,220
59094,215
59095,221
59096,206
59097,223
59098,255
59099,218
59100,199
59101,227
59102,201
59103,201
59104,214
59105,254
59106,218
59107,219
59108,211
59109,223
59110,224
59111,191
59112,219
59113,220
59114,197
59115,237
59116,205
59117,216
59118,202
59119,206
59120,206
59121,233
59122,219
59123,225
59124,217
59125,248
59126,196
59127,213
59128,252
59129,250
59130,243
59131,227
59132,225
59133,203
59134,223
59135,220
59136,209
59137,221
59138,230
59139,218
59140,241
59141,213
59142,213
59143,248
59144,252
59145,255
59146,225
59147,215
59148,226
59149,227
59150,210
59151,214
59152,207
59153,208
59154,223
59155,218
59156,176
59157,230
59158,239
59159,206
59160,250
59161,208
59162,217
59163,209
59164,209
59165,196
59166,220
59167,207
59168,230
59169,222
59170,215
59171,230
59172,226
59173,208
59174,232
59175,203
59176,226
59177,216
59178,204
59179,205
59180,205
59181,213
59182,226
59183,197
59184,214
59185,204
59186,220
59187,213
59188,208
59189,224
59190,196
59191,197
59192,220
59193,185
59194,237
59195,216
59196,223
59197,229
59198,215
59199,245
59200,227
59201,208
59202,203
59203,221
59204,228
59205,210
59206,203
59207,243
59208,199
59209,206
59210,205
59211,200
59212,226
59213,212
59214,219
59215,203
59216,220
59217,240
59218,188
59219,218
59220,202
59221,230
59222,209
59223,225
59224,230
59225,237
59226,184
59227,202
59228,209
59229,218
59230,212
59231,214
59232,190
59233,215
59234,212
59235,188
59236,211
59237,203
59238,223
59239,193
59240,203
59241,192
59242,219
59243,190
59244,243
59245,210
59246,181
59247,231
59248,212
59249,212
59250,210
59251,206
59252,226
59253,222
59254,228
59255,217
59256,219
59257,210
59258,205
59259,205
59260,199
59261,212
59262,236
59263,211
59264,218
59265,206
59266,213
59267,214
59268,216
59269,211
59270,205
59271,229
59272,205
59273,225
59274,210
59275,200
59276,225
59277,187
59278,205
59279,177
59280,241
59281,209
59282,224
59283,221
59284,193
59285,206
59286,214
59287,205
59288,205
59289,213
59290,206
59291,201
59292,202
59293,199
59294,222
59295,220
59296,190
59297,206
59298,195
59299,176
59300,183
59301,222
59302,213
59303,221
59304,197
59305,204
59306,223
59307,212
59308,216
59309,190
59310,206
59311,216
59312,226
59313,198
59314,212
59315,215
59316,212
59317,213
59318,224
59319,176
59320,196
59321,216
59322,241
59323,217
59324,207
59325,208
59326,210
59327,217
59328,197
59329,189
59330,185
59331,207
59332,217
59333,248
59334,217
59335,200
59336,217
59337,164
59338,202
59339,228
59340,222
59341,196
59342,200
59343,220
59344,223
59345,212
59346,216
59347,214
59348,213
59349,208
59350,203
59351,215
59352,229
59353,224
59354,216
59355,198
59356,207
59357,211
59358,230
59359,208
59360,212
59361,206
59362,198
59363,219
59364,230
59365,184
59366,170
59367,213
59368,205
59369,188
59370,221
59371,210
59372,191
59373,214
59374,199
59375,225
59376,191
59377,178
59378,212
59379,210
59380,175
59381,204
59382,222
59383,213
59384,222
59385,208
59386,199
59387,211
59388,220
59389,210
59390,205
59391,194
59392,191
59393,195
59394,198
59395,211
59396,213
59397,184
59398,203
59399,212
59400,212
59401,202
59402,210
59403,210
59404,217
59405,208
59406,206
59407,206
59408,214
59409,234
59410,191
59411,193
59412,218
59413,208
59414,203
59415,210
59416,228
59417,205
59418,212
59419,230
59420,220
59421,199
59422,221
59423,209
59424,201
59425,197
59426,196
59427,204
59428,190
59429,231
59430,223
59431,226
59432,201
59433,218
59434,179
59435,236
59436,217
59437,191
59438,243
59439,205
59440,192
59441,210
59442,210
59443,237
59444,215
59445,199
59446,218
59447,209
59448,199
59449,200
59450,174
59451,227
59452,206
59453,234
59454,248
59455,187
59456,227
59457,206
59458,193
59459,219
59460,233
59461,217
59462,181
