NETCARE2015/data/raw/Flight3/CPC3776_POLAR6_20150408_r2_L1_NETCARE.ict
35,1001
Abbatt,Jon
University of Toronto
Polar 6
NETCARE
1,1
2015,4,8,2017,8,16
1
time,seconds,seconds from start in UTC
1
1
-99999
conc,number of particles per cm3
0
20
PI_CONTACT_INFO: 80 St. George Street; Toronto; ON M5S 3H6 CANADA; email: jabbatt@chem.utoronto.ca
PLATFORM: Polar 6 aircraft
LOCATION: Canadian Arctic near Alert
ASSOCIATED_DATA: none
INSTRUMENT_INFO: The Ultrafine Condensation Particle Counter 3776 is a continuous-flow instrument that detects particles down to 2.5 nm. It operates at an aerosol flow rate of 50 cm^3/min and detects concentrations from 0 to 300 000 particles/cm^3 with coincidence correction.
DATA_INFO: all relevant information is given above
UNCERTAINTY:  ±10% of measured value
ULOD_FLAG: -7777
ULOD_VALUE: N/As
LLOD_FLAG: -8888
LLOD_VALUE: N/A
DM_CONTACT_INFO: Data collected by Julia Burkart. Please direct all correspondence to Jon Abbatt: jabbatt@chem.utoronto.ca
PROJECT_INFO: Polar 6 NETCARE Spring 2015 campaign
STIPULATIONS_ON_USE: N/A
OTHER_COMMENTS: N/A
REVISION: R2, R1, R0
R2: zero and filter measurements are removed
R1: uncorrected raw data
R0: raw data
time,conc
49879,388
49880,503
49881,500
49882,517
49883,310
49884,253
49885,251
49886,259
49887,227
49888,222
49889,256
49890,216
49891,213
49892,233
49893,222
49894,231
49895,194
49896,233
49897,215
49898,234
49899,230
49900,288
49901,243
49902,250
49903,236
49904,230
49905,226
49906,233
49907,214
49908,231
49909,225
49910,238
49911,243
49912,253
49913,243
49914,248
49915,233
49916,241
49917,535
49918,-99999
49919,-99999
49920,-99999
49921,-99999
49922,-99999
49923,-99999
49924,-99999
49925,-99999
49926,-99999
49927,-99999
49928,-99999
49929,-99999
49930,-99999
49931,-99999
49932,-99999
49933,-99999
49934,-99999
49935,-99999
49936,-99999
49937,-99999
49938,-99999
49939,-99999
49940,-99999
49941,-99999
49942,-99999
49943,-99999
49944,-99999
49945,-99999
49946,-99999
49947,-99999
49948,-99999
49949,-99999
49950,-99999
49951,-99999
49952,-99999
49953,-99999
49954,-99999
49955,-99999
49956,-99999
49957,-99999
49958,-99999
49959,-99999
49960,-99999
49961,-99999
49962,280
49963,245
49964,318
49965,300
49966,438
49967,496
49968,574
49969,327
49970,298
49971,280
49972,248
49973,240
49974,287
49975,242
49976,246
49977,245
49978,239
49979,272
49980,242
49981,247
49982,273
49983,236
49984,239
49985,251
49986,230
49987,222
49988,241
49989,286
49990,234
49991,247
49992,232
49993,268
49994,227
49995,231
49996,214
49997,237
49998,292
49999,239
50000,251
50001,237
50002,218
50003,257
50004,262
50005,236
50006,261
50007,263
50008,241
50009,238
50010,225
50011,226
50012,234
50013,256
50014,252
50015,248
50016,225
50017,240
50018,250
50019,230
50020,268
50021,231
50022,239
50023,228
50024,237
50025,230
50026,250
50027,265
50028,229
50029,251
50030,250
50031,226
50032,235
50033,226
50034,255
50035,235
50036,258
50037,206
50038,226
50039,271
50040,226
50041,200
50042,213
50043,243
50044,229
50045,258
50046,227
50047,232
50048,200
50049,254
50050,262
50051,222
50052,231
50053,262
50054,239
50055,233
50056,232
50057,257
50058,224
50059,242
50060,281
50061,271
50062,228
50063,282
50064,248
50065,251
50066,243
50067,219
50068,245
50069,220
50070,248
50071,253
50072,247
50073,227
50074,249
50075,246
50076,279
50077,230
50078,244
50079,238
50080,236
50081,248
50082,267
50083,234
50084,252
50085,251
50086,241
50087,274
50088,204
50089,213
50090,253
50091,277
50092,251
50093,225
50094,259
50095,227
50096,258
50097,222
50098,231
50099,247
50100,233
50101,226
50102,219
50103,226
50104,211
50105,240
50106,234
50107,259
50108,239
50109,205
50110,268
50111,256
50112,219
50113,221
50114,232
50115,220
50116,225
50117,227
50118,251
50119,227
50120,242
50121,255
50122,262
50123,236
50124,226
50125,266
50126,220
50127,227
50128,230
50129,244
50130,239
50131,248
50132,250
50133,219
50134,230
50135,239
50136,221
50137,234
50138,240
50139,241
50140,219
50141,239
50142,243
50143,206
50144,244
50145,244
50146,224
50147,232
50148,234
50149,252
50150,245
50151,237
50152,256
50153,268
50154,226
50155,246
50156,258
50157,241
50158,239
50159,228
50160,256
50161,246
50162,226
50163,247
50164,208
50165,237
50166,218
50167,235
50168,244
50169,257
50170,244
50171,256
50172,273
50173,240
50174,260
50175,241
50176,256
50177,230
50178,273
50179,246
50180,250
50181,249
50182,259
50183,212
50184,213
50185,225
50186,221
50187,228
50188,223
50189,217
50190,241
50191,207
50192,251
50193,228
50194,233
50195,233
50196,264
50197,263
50198,233
50199,250
50200,220
50201,234
50202,204
50203,221
50204,215
50205,181
50206,233
50207,214
50208,230
50209,215
50210,196
50211,259
50212,242
50213,218
50214,259
50215,227
50216,247
50217,229
50218,234
50219,222
50220,232
50221,239
50222,242
50223,248
50224,222
50225,218
50226,216
50227,216
50228,253
50229,215
50230,220
50231,208
50232,243
50233,246
50234,233
50235,193
50236,204
50237,210
50238,239
50239,205
50240,208
50241,227
50242,221
50243,231
50244,209
50245,231
50246,172
50247,219
50248,236
50249,230
50250,211
50251,195
50252,206
50253,211
50254,237
50255,244
50256,250
50257,220
50258,216
50259,228
50260,204
50261,263
50262,253
50263,248
50264,243
50265,221
50266,218
50267,264
50268,218
50269,246
50270,225
50271,226
50272,221
50273,224
50274,196
50275,229
50276,244
50277,225
50278,219
50279,243
50280,227
50281,248
50282,241
50283,199
50284,218
50285,191
50286,235
50287,226
50288,247
50289,253
50290,216
50291,236
50292,213
50293,209
50294,225
50295,225
50296,237
50297,215
50298,227
50299,239
50300,231
50301,234
50302,205
50303,226
50304,203
50305,209
50306,219
50307,233
50308,254
50309,239
50310,221
50311,223
50312,235
50313,260
50314,247
50315,273
50316,221
50317,235
50318,248
50319,240
50320,230
50321,247
50322,243
50323,229
50324,239
50325,221
50326,182
50327,200
50328,224
50329,241
50330,232
50331,265
50332,213
50333,215
50334,216
50335,209
50336,227
50337,230
50338,203
50339,196
50340,206
50341,243
50342,220
50343,227
50344,221
50345,211
50346,254
50347,203
50348,241
50349,202
50350,180
50351,229
50352,213
50353,252
50354,280
50355,186
50356,245
50357,224
50358,239
50359,205
50360,233
50361,239
50362,239
50363,233
50364,207
50365,199
50366,226
50367,211
50368,242
50369,230
50370,208
50371,232
50372,217
50373,225
50374,249
50375,257
50376,242
50377,239
50378,249
50379,226
50380,243
50381,228
50382,197
50383,227
50384,219
50385,266
50386,226
50387,240
50388,221
50389,226
50390,241
50391,239
50392,294
50393,242
50394,227
50395,246
50396,254
50397,229
50398,189
50399,200
50400,245
50401,249
50402,220
50403,247
50404,215
50405,239
50406,259
50407,230
50408,246
50409,230
50410,249
50411,260
50412,229
50413,241
50414,251
50415,240
50416,236
50417,247
50418,247
50419,257
50420,227
50421,241
50422,226
50423,261
50424,276
50425,227
50426,253
50427,270
50428,232
50429,229
50430,243
50431,207
50432,228
50433,225
50434,235
50435,230
50436,206
50437,276
50438,306
50439,282
50440,319
50441,290
50442,281
50443,317
50444,283
50445,273
50446,325
50447,274
50448,339
50449,361
50450,419
50451,352
50452,401
50453,348
50454,373
50455,366
50456,363
50457,397
50458,379
50459,385
50460,421
50461,394
50462,408
50463,411
50464,371
50465,272
50466,280
50467,264
50468,308
50469,274
50470,243
50471,254
50472,237
50473,249
50474,245
50475,226
50476,219
50477,222
50478,212
50479,253
50480,228
50481,209
50482,245
50483,185
50484,202
50485,231
50486,210
50487,209
50488,219
50489,217
50490,211
50491,230
50492,220
50493,207
50494,215
50495,224
50496,220
50497,236
50498,198
50499,209
50500,241
50501,214
50502,183
50503,228
50504,251
50505,312
50506,372
50507,346
50508,356
50509,423
50510,390
50511,382
50512,445
50513,447
50514,404
50515,416
50516,430
50517,391
50518,449
50519,424
50520,402
50521,435
50522,438
50523,437
50524,395
50525,352
50526,359
50527,403
50528,295
50529,368
50530,339
50531,285
50532,270
50533,256
50534,260
50535,227
50536,219
50537,233
50538,218
50539,244
50540,200
50541,221
50542,214
50543,213
50544,234
50545,205
50546,210
50547,225
50548,202
50549,219
50550,217
50551,196
50552,189
50553,208
50554,200
50555,176
50556,206
50557,201
50558,226
50559,242
50560,236
50561,196
50562,220
50563,243
50564,220
50565,207
50566,297
50567,294
50568,289
50569,303
50570,359
50571,357
50572,392
50573,408
50574,434
50575,404
50576,413
50577,416
50578,406
50579,404
50580,483
50581,421
50582,470
50583,443
50584,455
50585,467
50586,490
50587,488
50588,476
50589,422
50590,486
50591,493
50592,486
50593,417
50594,487
50595,509
50596,447
50597,459
50598,451
50599,398
50600,397
50601,417
50602,393
50603,451
50604,432
50605,434
50606,430
50607,471
50608,-99999
50609,418
50610,431
50611,445
50612,504
50613,437
50614,472
50615,459
50616,447
50617,465
50618,501
50619,488
50620,507
50621,494
50622,496
50623,530
50624,499
50625,540
50626,467
50627,507
50628,511
50629,496
50630,491
50631,493
50632,471
50633,491
50634,523
50635,518
50636,517
50637,541
50638,508
50639,509
50640,532
50641,496
50642,436
50643,514
50644,540
50645,492
50646,500
50647,533
50648,491
50649,574
50650,488
50651,516
50652,553
50653,569
50654,533
50655,496
50656,481
50657,473
50658,504
50659,484
50660,545
50661,513
50662,547
50663,500
50664,517
50665,595
50666,509
50667,532
50668,557
50669,488
50670,519
50671,562
50672,567
50673,512
50674,521
50675,510
50676,521
50677,489
50678,516
50679,490
50680,537
50681,492
50682,542
50683,513
50684,548
50685,510
50686,545
50687,532
50688,547
50689,494
50690,476
50691,495
50692,531
50693,496
50694,501
50695,481
50696,542
50697,500
50698,482
50699,547
50700,559
50701,464
50702,505
50703,546
50704,529
50705,476
50706,480
50707,478
50708,501
50709,500
50710,487
50711,526
50712,502
50713,494
50714,434
50715,462
50716,442
50717,397
50718,480
50719,498
50720,431
50721,476
50722,476
50723,466
50724,461
50725,492
50726,491
50727,478
50728,481
50729,527
50730,481
50731,503
50732,448
50733,429
50734,437
50735,475
50736,531
50737,465
50738,472
50739,493
50740,504
50741,503
50742,452
50743,529
50744,515
50745,531
50746,484
50747,526
50748,489
50749,500
50750,532
50751,507
50752,492
50753,540
50754,454
50755,512
50756,470
50757,445
50758,424
50759,413
50760,410
50761,422
50762,418
50763,414
50764,407
50765,422
50766,405
50767,425
50768,465
50769,471
50770,392
50771,410
50772,421
50773,431
50774,475
50775,472
50776,465
50777,508
50778,434
50779,452
50780,459
50781,434
50782,448
50783,401
50784,402
50785,401
50786,413
50787,435
50788,408
50789,432
50790,420
50791,424
50792,432
50793,454
50794,424
50795,401
50796,437
50797,465
50798,448
50799,478
50800,471
50801,482
50802,516
50803,485
50804,446
50805,504
50806,414
50807,503
50808,467
50809,501
50810,460
50811,479
50812,461
50813,515
50814,518
50815,498
50816,465
50817,536
50818,510
50819,505
50820,513
50821,536
50822,498
50823,487
50824,521
50825,511
50826,493
50827,528
50828,516
50829,479
50830,544
50831,542
50832,516
50833,494
50834,520
50835,482
50836,526
50837,468
50838,540
50839,493
50840,445
50841,511
50842,542
50843,463
50844,538
50845,484
50846,515
50847,514
50848,486
50849,544
50850,523
50851,528
50852,515
50853,496
50854,554
50855,497
50856,528
50857,522
50858,512
50859,498
50860,555
50861,511
50862,498
50863,542
50864,452
50865,518
50866,510
50867,484
50868,477
50869,532
50870,549
50871,463
50872,463
50873,430
50874,443
50875,400
50876,384
50877,379
50878,396
50879,360
50880,422
50881,364
50882,387
50883,380
50884,356
50885,383
50886,396
50887,342
50888,374
50889,393
50890,408
50891,372
50892,350
50893,389
50894,342
50895,399
50896,387
50897,368
50898,453
50899,459
50900,401
50901,410
50902,472
50903,470
50904,513
50905,528
50906,600
50907,572
50908,487
50909,545
50910,487
50911,503
50912,530
50913,540
50914,548
50915,470
50916,543
50917,475
50918,486
50919,445
50920,542
50921,491
50922,530
50923,494
50924,480
50925,493
50926,452
50927,474
50928,522
50929,488
50930,479
50931,511
50932,529
50933,511
50934,512
50935,505
50936,497
50937,491
50938,515
50939,522
50940,495
50941,400
50942,439
50943,417
50944,411
50945,436
50946,438
50947,392
50948,407
50949,450
50950,456
50951,435
50952,434
50953,448
50954,427
50955,427
50956,466
50957,400
50958,443
50959,469
50960,424
50961,430
50962,476
50963,447
50964,437
50965,480
50966,472
50967,405
50968,450
50969,467
50970,466
50971,419
50972,434
50973,453
50974,424
50975,403
50976,425
50977,437
50978,428
50979,420
50980,394
50981,431
50982,399
50983,367
50984,385
50985,404
50986,456
50987,435
50988,396
50989,372
50990,359
50991,348
50992,300
50993,366
50994,359
50995,336
50996,384
50997,376
50998,356
50999,344
51000,370
51001,350
51002,342
51003,311
51004,319
51005,364
51006,327
51007,284
51008,297
51009,262
51010,263
51011,243
51012,257
51013,262
51014,255
51015,248
51016,230
51017,276
51018,285
51019,263
51020,303
51021,295
51022,297
51023,283
51024,272
51025,228
51026,292
51027,299
51028,298
51029,305
51030,304
51031,298
51032,307
51033,295
51034,311
51035,282
51036,327
51037,278
51038,311
51039,327
51040,315
51041,305
51042,327
51043,295
51044,284
51045,334
51046,318
51047,309
51048,309
51049,323
51050,284
51051,294
51052,320
51053,326
51054,308
51055,336
51056,330
51057,352
51058,361
51059,330
51060,289
51061,307
51062,317
51063,353
51064,312
51065,351
51066,304
51067,344
51068,347
51069,349
51070,324
51071,331
51072,304
51073,354
51074,337
51075,328
51076,385
51077,352
51078,347
51079,347
51080,366
51081,355
51082,395
51083,347
51084,326
51085,361
51086,372
51087,385
51088,393
51089,339
51090,386
51091,330
51092,336
51093,362
51094,350
51095,344
51096,405
51097,382
51098,332
51099,365
51100,316
51101,394
51102,342
51103,403
51104,344
51105,335
51106,333
51107,339
51108,357
51109,353
51110,333
51111,368
51112,365
51113,356
51114,362
51115,337
51116,336
51117,333
51118,324
51119,323
51120,365
51121,346
51122,307
51123,312
51124,356
51125,326
51126,402
51127,332
51128,357
51129,330
51130,314
51131,333
51132,346
51133,334
51134,305
51135,311
51136,328
51137,320
51138,326
51139,293
51140,376
51141,326
51142,277
51143,313
51144,283
51145,300
51146,303
51147,312
51148,286
51149,328
51150,292
51151,314
51152,300
51153,359
51154,295
51155,320
51156,312
51157,335
51158,300
51159,312
51160,329
51161,266
51162,308
51163,282
51164,307
51165,286
51166,259
51167,279
51168,239
51169,289
51170,304
51171,285
51172,275
51173,284
51174,242
51175,304
51176,256
51177,320
51178,268
51179,300
51180,260
51181,276
51182,294
51183,271
51184,267
51185,247
51186,296
51187,275
51188,269
51189,294
51190,274
51191,308
51192,266
51193,303
51194,312
51195,329
51196,280
51197,280
51198,355
51199,362
51200,311
51201,323
51202,303
51203,291
51204,335
51205,308
51206,294
51207,293
51208,305
51209,346
51210,272
51211,295
51212,290
51213,307
51214,325
51215,331
51216,322
51217,359
51218,371
51219,306
51220,348
51221,316
51222,345
51223,326
51224,315
51225,329
51226,347
51227,308
51228,304
51229,334
51230,308
51231,322
51232,353
51233,352
51234,350
51235,344
51236,355
51237,334
51238,371
51239,348
51240,400
51241,385
51242,367
51243,397
51244,412
51245,363
51246,379
51247,370
51248,399
51249,365
51250,377
51251,358
51252,343
51253,323
51254,375
51255,407
51256,328
51257,351
51258,371
51259,433
51260,353
51261,399
51262,365
51263,386
51264,393
51265,354
51266,356
51267,369
51268,372
51269,405
51270,357
51271,413
51272,408
51273,401
51274,443
51275,416
51276,442
51277,450
51278,454
51279,422
51280,397
51281,424
51282,461
51283,423
51284,478
51285,529
51286,516
51287,487
51288,497
51289,480
51290,466
51291,478
51292,478
51293,407
51294,377
51295,442
51296,449
51297,369
51298,441
51299,382
51300,417
51301,391
51302,378
51303,393
51304,289
51305,359
51306,345
51307,425
51308,488
51309,481
51310,513
51311,504
51312,548
51313,453
51314,496
51315,476
51316,430
51317,380
51318,324
51319,318
51320,317
51321,346
51322,303
51323,315
51324,277
51325,258
51326,303
51327,353
51328,355
51329,447
51330,459
51331,447
51332,397
51333,270
51334,226
51335,262
51336,213
51337,227
51338,203
51339,208
51340,223
51341,226
51342,218
51343,203
51344,230
51345,220
51346,208
51347,214
51348,209
51349,208
51350,191
51351,207
51352,222
51353,199
51354,203
51355,236
51356,248
51357,267
51358,236
51359,222
51360,221
51361,237
51362,208
51363,244
51364,203
51365,189
51366,248
51367,228
51368,217
51369,188
51370,225
51371,254
51372,205
51373,234
51374,192
51375,202
51376,224
51377,230
51378,205
51379,207
51380,215
51381,214
51382,217
51383,199
51384,199
51385,217
51386,198
51387,226
51388,191
51389,196
51390,223
51391,218
51392,215
51393,188
51394,223
51395,217
51396,231
51397,229
51398,222
51399,189
51400,191
51401,216
51402,232
51403,230
51404,186
51405,185
51406,233
51407,225
51408,246
51409,230
51410,219
51411,253
51412,223
51413,236
51414,233
51415,269
51416,244
51417,206
51418,242
51419,230
51420,218
51421,225
51422,225
51423,233
51424,224
51425,242
51426,221
51427,191
51428,229
51429,218
51430,194
51431,223
51432,209
51433,195
51434,222
51435,246
51436,212
51437,216
51438,221
51439,189
51440,220
51441,224
51442,190
51443,229
51444,235
51445,224
51446,232
51447,243
51448,222
51449,261
51450,246
51451,273
51452,283
51453,235
51454,273
51455,262
51456,285
51457,269
51458,224
51459,295
51460,283
51461,366
51462,352
51463,306
51464,421
