NETCARE2015/data/raw/Flight3/H2O_POLAR6_20150408_R1_L1_NETCARE.ict
34, 1001
Bozem, Heiko; Hoor, Peter
Institute for Atmospheric Physics, Johannes Gutenberg University, Mainz, Germany
H2O mixing ratio from LI7200 CO2/H2O analyzer
NETCARE Polar 6 Campaign 2015
1, 1
2015, 04, 08, 2016, 01, 22
1
Time_UTC, seconds
1
1
-9999.9
H2O_ppmv, ppmv
0
19
PI_CONTACT_INFO: Address: Johann-Joachim-Becherweg 21, 55128 Mainz, email: bozemh@uni-mainz.de; hoor@uni-mainz.de
PLATFORM: Polar 6
LOCATION: GPS location and altitude available at 1 Hz resolution in separate file (See AIMMS files under Aircraft data and meteorology)
ASSOCIATED_DATA: N/A
INSTRUMENT_INFO: H2O measurements based on non-dispersive infrared absorption spectroscopy
DATA_INFO: Units are ppmv
UNCERTAINTY RELATIVE TO STANDARD: 18.5 ppmv or 2.5 %, whichever is greater, at 1 sigma confidence (before drift correction is applied)
ULOD_FLAG: -7777
ULOD_VALUE: N/A
LLOD_FLAG: -8888
LLOD_VALUE: N/A 
DM_CONTACT_INFO: N/A
PROJECT_INFO: NETCARE Polar 6 aircraft campaign in April 2015; Alert
STIPULATIONS_ON_USE: N/A
OTHER_COMMENTS: N/A
REVISION: R1
R0: Preliminary data, corrected for instrument drift
R1: Final data, corrected for instrument drift
Time_UTC,H2O_ppmv
[from data line 1334]
51213,292.5
51214,292.1
51215,297.1
51216,299.3
51217,299.8
51218,301.4
51219,304.8
51220,304.9
51221,304.8
51222,305.6
51223,305.7
51224,305.7
51225,307.4
51226,309.6
51227,311.1
51228,313.2
51229,315.2
51230,317.7
51231,316.9
51232,319.3
51233,325.0
51234,330.3
51235,334.6
51236,337.0
51237,340.3
51238,342.4
51239,342.9
51240,344.6
51241,347.3
51242,348.2
51243,351.4
51244,353.3
51245,356.2
51246,358.9
51247,362.9
51248,365.3
51249,362.2
51250,361.8
51251,362.9
51252,366.0
51253,368.5
51254,362.4
51255,351.4
51256,347.4
51257,345.6
51258,351.2
51259,368.0
51260,379.8
51261,388.0
51262,392.5
51263,391.5
51264,386.3
51265,381.5
51266,377.2
51267,377.4
51268,375.9
51269,365.4
51270,361.0
51271,362.3
51272,370.6
51273,375.8
51274,374.9
51275,368.9
51276,354.2
51277,351.6
51278,355.3
51279,361.2
51280,363.5
51281,360.9
51282,358.3
51283,359.1
51284,359.8
51285,361.2
51286,365.4
51287,373.0
51288,373.2
51289,373.3
51290,372.3
51291,373.1
51292,376.0
51293,368.2
51294,366.3
51295,361.5
51296,356.9
51297,357.3
51298,357.7
51299,357.9
51300,357.4
51301,356.8
51302,357.7
51303,357.7
51304,357.8
51305,356.3
51306,348.0
51307,340.8
51308,348.4
51309,357.8
51310,359.8
51311,374.2
51312,373.9
51313,378.0
51314,378.7
51315,374.6
51316,376.6
51317,376.9
51318,366.7
51319,360.9
51320,358.1
51321,359.2
51322,360.0
51323,353.7
51324,348.7
51325,355.9
51326,360.7
51327,362.3
51328,362.7
51329,362.1
51330,360.7
51331,361.2
51332,365.8
51333,371.5
51334,379.1
51335,378.4
51336,378.2
51337,376.9
51338,373.6
51339,372.0
51340,368.7
51341,368.6
51342,367.9
51343,367.0
51344,369.8
51345,369.8
51346,370.2
51347,371.2
51348,367.3
51349,366.8
51350,369.0
51351,370.6
51352,368.5
51353,370.1
51354,370.9
51355,371.9
51356,373.6
51357,374.4
51358,373.1
51359,375.0
51360,373.7
51361,371.1
51362,371.2
51363,372.2
51364,371.2
51365,369.7
51366,369.0
51367,365.9
51368,365.4
51369,365.3
51370,364.1
51371,364.7
51372,365.1
51373,362.8
51374,364.1
51375,365.7
51376,363.0
51377,364.1
51378,364.4
51379,364.0
51380,364.2
51381,364.5
51382,365.5
51383,364.3
51384,364.3
51385,365.3
51386,364.4
51387,365.2
51388,365.9
51389,363.2
51390,366.9
51391,368.3
51392,368.4
51393,359.1
51394,358.0
51395,358.7
51396,363.2
51397,367.2
51398,365.5
51399,367.8
51400,368.8
51401,369.7
51402,369.4
51403,369.8
51404,369.1
51405,366.0
51406,363.7
51407,360.0
51408,364.0
51409,369.2
51410,373.8
51411,376.9
51412,377.8
51413,376.8
51414,377.2
51415,376.9
51416,378.4
51417,378.8
51418,382.2
51419,382.8
51420,377.3
51421,369.4
51422,366.8
51423,368.8
51424,372.1
51425,372.1
51426,380.8
51427,377.1
51428,373.3
51429,371.6
51430,372.4
51431,371.0
51432,369.1
51433,370.0
51434,369.8
51435,368.5
51436,367.9
51437,370.3
51438,380.4
51439,384.3
51440,384.6
51441,382.1
51442,379.8
51443,378.5
51444,376.9
51445,375.4
51446,372.6
51447,373.4
51448,379.6
51449,378.6
51450,377.9
51451,376.6
51452,376.1
51453,376.4
51454,375.9
51455,375.6
51456,375.8
51457,377.7
51458,377.8
51459,379.1
51460,377.9
51461,378.1
51462,379.8
51463,380.6
51464,380.6
51465,381.0
51466,381.6
51467,383.6
51468,384.4
51469,384.8
51470,384.4
51471,384.1
51472,384.8
51473,383.9
51474,384.1
51475,384.0
51476,383.6
51477,383.1
51478,383.4
51479,383.1
51480,380.6
51481,380.3
51482,376.9
51483,376.3
51484,374.7
51485,375.4
51486,374.5
51487,374.6
51488,375.2
51489,373.6
51490,373.6
51491,372.9
51492,372.9
51493,372.8
51494,370.8
51495,371.6
51496,370.9
51497,371.1
51498,372.1
51499,370.6
51500,370.5
51501,372.1
51502,373.1
51503,372.7
51504,374.0
51505,375.7
51506,378.4
51507,379.7
51508,380.6
51509,381.8
51510,382.6
51511,382.6
51512,381.8
51513,381.9
51514,381.8
51515,383.0
51516,381.8
51517,380.9
51518,379.9
51519,379.8
51520,380.4
51521,379.7
51522,378.4
51523,377.3
51524,378.3
51525,377.6
51526,377.8
51527,378.0
51528,376.2
51529,374.5
51530,375.2
51531,377.4
51532,379.9
51533,382.2
51534,383.0
51535,382.7
51536,383.1
51537,382.8
51538,380.9
51539,380.3
51540,379.7
51541,379.5
51542,380.1
51543,379.4
51544,380.5
51545,380.4
51546,381.2
51547,381.7
51548,382.6
51549,383.2
51550,383.2
51551,382.0
51552,381.9
51553,383.6
51554,383.4
51555,383.0
51556,377.6
51557,373.5
51558,371.7
51559,370.8
51560,369.7
51561,370.5
51562,371.6
51563,371.8
51564,371.0
51565,370.5
51566,370.0
51567,372.5
51568,372.1
51569,371.4
51570,371.7
51571,370.7
51572,371.6
51573,370.8
51574,372.3
51575,372.9
51576,371.7
51577,370.2
51578,371.4
51579,371.7
51580,372.6
51581,373.8
51582,372.6
51583,373.3
51584,372.8
51585,373.0
51586,372.0
51587,373.3
51588,373.3
51589,374.7
51590,376.9
51591,378.2
51592,376.0
51593,376.5
51594,376.0
51595,380.9
51596,382.4
51597,383.0
51598,380.9
51599,380.8
51600,380.0
51601,378.6
51602,382.7
51603,385.3
51604,385.4
51605,384.6
51606,386.1
51607,386.2
51608,387.6
51609,387.2
51610,389.6
51611,389.8
51612,388.0
51613,389.1
51614,392.0
51615,395.1
51616,392.3
51617,391.2
51618,395.2
51619,395.4
51620,394.1
51621,396.3
51622,396.6
51623,397.4
51624,396.3
51625,398.2
51626,400.2
51627,401.0
51628,399.0
51629,396.9
51630,395.7
51631,397.4
51632,400.1
51633,396.3
51634,397.0
51635,397.8
51636,399.6
51637,399.3
51638,397.6
51639,399.1
51640,399.0
51641,398.2
51642,400.3
51643,400.9
51644,400.0
51645,400.1
51646,400.1
51647,400.9
51648,398.9
51649,-9999.9
51650,-9999.9
51651,-9999.9
51652,-9999.9
51653,-9999.9
51654,-9999.9
51655,-9999.9
51656,-9999.9
51657,-9999.9
51658,-9999.9
51659,-9999.9
51660,-9999.9
51661,-9999.9
51662,-9999.9
51663,-9999.9
51664,-9999.9
51665,-9999.9
51666,-9999.9
51667,-9999.9
51668,-9999.9
51669,-9999.9
51670,-9999.9
51671,-9999.9
51672,-9999.9
51673,-9999.9
51674,-9999.9
51675,-9999.9
51676,-9999.9
51677,-9999.9
51678,-9999.9
51679,-9999.9
51680,-9999.9
51681,-9999.9
51682,-9999.9
51683,-9999.9
51684,-9999.9
51685,-9999.9
51686,-9999.9
51687,-9999.9
51688,-9999.9
51689,-9999.9
51690,-9999.9
51691,-9999.9
51692,-9999.9
51693,-9999.9
51694,-9999.9
51695,-9999.9
51696,-9999.9
51697,-9999.9
51698,-9999.9
51699,-9999.9
51700,-9999.9
51701,-9999.9
51702,-9999.9
51703,-9999.9
51704,-9999.9
51705,-9999.9
51706,-9999.9
51707,-9999.9
51708,-9999.9
51709,-9999.9
51710,-9999.9
51711,-9999.9
51712,-9999.9
51713,-9999.9
51714,-9999.9
51715,-9999.9
51716,-9999.9
51717,-9999.9
51718,-9999.9
51719,-9999.9
51720,-9999.9
51721,-9999.9
51722,-9999.9
51723,-9999.9
51724,-9999.9
51725,-9999.9
51726,-9999.9
51727,-9999.9
51728,-9999.9
51729,-9999.9
51730,-9999.9
51731,-9999.9
51732,-9999.9
51733,-9999.9
51734,-9999.9
51735,-9999.9
51736,-9999.9
51737,-9999.9
51738,-9999.9
51739,-9999.9
51740,-9999.9
51741,-9999.9
51742,-9999.9
51743,-9999.9
51744,-9999.9
51745,-9999.9
51746,-9999.9
51747,-9999.9
51748,-9999.9
51749,-9999.9
51750,-9999.9
51751,-9999.9
51752,-9999.9
51753,-9999.9
51754,-9999.9
51755,-9999.9
51756,-9999.9
51757,-9999.9
51758,-9999.9
51759,-9999.9
51760,-9999.9
51761,-9999.9
51762,-9999.9
51763,-9999.9
51764,-9999.9
51765,-9999.9
51766,-9999.9
51767,-9999.9
51768,-9999.9
51769,-9999.9
51770,-9999.9
51771,-9999.9
51772,-9999.9
51773,-9999.9
51774,-9999.9
51775,-9999.9
51776,-9999.9
51777,-9999.9
51778,-9999.9
51779,-9999.9
51780,-9999.9
51781,-9999.9
51782,-9999.9
51783,-9999.9
51784,-9999.9
51785,-9999.9
51786,-9999.9
51787,-9999.9
51788,-9999.9
51789,-9999.9
51790,-9999.9
51791,-9999.9
51792,-9999.9
51793,-9999.9
51794,-9999.9
51795,-9999.9
51796,-9999.9
51797,-9999.9
51798,-9999.9
51799,-9999.9
51800,-9999.9
51801,-9999.9
51802,-9999.9
51803,-9999.9
51804,-9999.9
51805,-9999.9
51806,-9999.9
51807,-9999.9
51808,-9999.9
51809,-9999.9
51810,-9999.9
51811,-9999.9
51812,-9999.9
51813,-9999.9
51814,-9999.9
51815,-9999.9
51816,-9999.9
51817,-9999.9
51818,-9999.9
51819,-9999.9
51820,-9999.9
51821,-9999.9
51822,-9999.9
51823,-9999.9
51824,-9999.9
51825,-9999.9
51826,-9999.9
51827,-9999.9
51828,-9999.9
51829,-9999.9
51830,-9999.9
51831,-9999.9
51832,-9999.9
51833,-9999.9
51834,-9999.9
51835,-9999.9
51836,-9999.9
51837,-9999.9
51838,-9999.9
51839,-9999.9
51840,-9999.9
51841,-9999.9
51842,-9999.9
51843,-9999.9
51844,-9999.9
51845,-9999.9
51846,-9999.9
51847,-9999.9
51848,-9999.9
51849,-9999.9
51850,-9999.9
51851,-9999.9
51852,-9999.9
51853,-9999.9
51854,-9999.9
51855,-9999.9
51856,-9999.9
51857,-9999.9
51858,-9999.9
51859,-9999.9
51860,307.8
51861,308.6
51862,308.7
51863,308.7
51864,308.8
51865,308.6
51866,310.3
51867,309.3
51868,308.9
51869,308.5
51870,308.7
51871,309.3
51872,309.8
51873,310.4
51874,310.6
51875,311.6
51876,311.1
51877,311.3
51878,310.3
51879,311.0
51880,311.8
51881,311.0
51882,311.6
51883,312.6
51884,311.0
51885,310.8
51886,310.6
51887,309.3
51888,309.4
51889,309.0
51890,308.3
51891,307.0
51892,308.0
51893,307.2
51894,308.7
51895,308.2
51896,309.0
51897,309.3
51898,309.5
51899,308.6
51900,309.1
51901,308.2
51902,307.8
51903,308.0
51904,308.2
51905,307.3
51906,307.8
51907,308.5
51908,308.9
51909,309.2
51910,308.0
51911,308.2
51912,308.9
51913,307.7
51914,307.2
51915,307.2
51916,306.6
51917,307.3
51918,306.3
51919,306.1
51920,307.4
51921,306.7
51922,307.3
51923,306.8
51924,307.4
51925,309.3
51926,310.6
51927,310.1
51928,308.7
51929,310.9
51930,310.0
51931,309.8
51932,310.0
51933,310.7
51934,310.7
51935,310.5
51936,310.8
51937,309.9
51938,312.2
51939,309.7
51940,309.8
51941,310.3
51942,310.2
51943,309.1
51944,309.4
51945,309.3
51946,310.1
51947,309.2
51948,310.3
51949,310.3
51950,310.6
51951,309.9
51952,309.9
51953,310.6
51954,309.3
51955,310.3
51956,310.6
51957,312.0
51958,311.9
51959,312.3
51960,310.8
51961,312.6
51962,312.4
51963,312.3
51964,312.8
51965,312.5
51966,311.3
51967,310.9
51968,311.6
51969,310.6
51970,310.6
51971,311.1
51972,310.8
51973,310.8
51974,310.7
51975,311.2
51976,311.3
51977,311.6
51978,311.3
51979,311.5
51980,311.2
51981,311.5
51982,311.4
51983,312.3
51984,312.0
51985,312.4
51986,313.3
51987,312.6
51988,311.9
51989,312.1
51990,-9999.9
51991,-9999.9
51992,-9999.9
51993,-9999.9
51994,-9999.9
51995,316.6
51996,313.1
51997,311.4
51998,310.7
51999,310.0
52000,309.5
52001,308.9
52002,308.9
52003,309.1
52004,308.9
52005,309.2
52006,309.4
52007,308.4
52008,308.1
52009,308.4
52010,308.9
52011,308.6
52012,310.5
52013,309.2
52014,307.2
52015,310.6
52016,325.9
52017,332.6
52018,335.7
52019,339.8
52020,340.2
52021,343.1
52022,350.6
52023,356.2
52024,365.2
52025,374.2
52026,378.9
52027,382.9
52028,385.0
52029,386.9
52030,388.2
52031,388.2
52032,386.3
52033,382.0
52034,382.5
52035,383.4
52036,383.4
52037,381.6
52038,380.6
52039,381.3
52040,381.7
52041,380.1
52042,381.1
52043,380.6
52044,380.8
52045,383.5
52046,383.2
52047,386.8
52048,390.0
52049,390.2
52050,391.7
52051,390.8
52052,389.4
52053,387.5
52054,387.1
52055,384.8
52056,383.1
52057,383.1
52058,382.1
52059,380.0
52060,379.6
52061,378.4
52062,375.8
52063,374.0
52064,372.1
52065,375.0
52066,376.9
52067,377.5
52068,379.0
52069,378.0
52070,377.8
52071,380.2
52072,383.0
52073,386.5
52074,388.1
52075,391.4
52076,392.5
52077,392.6
52078,391.2
52079,390.8
52080,390.5
52081,389.6
52082,389.1
52083,387.2
52084,386.7
52085,384.7
52086,381.7
52087,377.8
52088,379.3
52089,380.5
52090,380.2
52091,380.4
52092,377.6
52093,376.7
52094,377.8
52095,375.9
52096,373.9
52097,373.9
52098,375.1
52099,374.7
52100,372.0
52101,369.0
52102,371.3
52103,370.1
52104,369.7
52105,369.3
52106,370.6
52107,372.5
52108,371.3
52109,370.9
52110,373.1
52111,372.1
52112,374.6
52113,372.8
52114,372.7
52115,372.2
52116,369.4
52117,371.4
52118,372.8
52119,371.4
52120,370.9
52121,369.7
52122,369.2
52123,371.4
52124,371.1
52125,370.5
52126,369.6
52127,369.4
52128,369.0
52129,370.3
52130,369.4
52131,368.5
52132,366.4
52133,367.2
52134,365.6
52135,367.0
52136,366.5
52137,367.2
52138,367.0
52139,366.1
52140,366.2
52141,368.5
52142,368.4
52143,368.8
52144,370.7
52145,370.4
52146,368.9
52147,368.9
52148,370.1
52149,370.5
52150,369.5
52151,368.5
52152,368.9
52153,368.9
52154,367.6
52155,366.8
52156,367.7
52157,367.0
52158,367.3
52159,367.5
52160,367.4
52161,366.2
52162,366.5
52163,366.4
52164,369.1
52165,367.7
52166,368.0
52167,369.5
52168,370.1
52169,368.4
52170,369.0
52171,367.8
52172,367.0
52173,366.7
52174,367.6
52175,367.9
52176,368.2
52177,370.3
52178,368.5
52179,368.9
52180,369.7
52181,370.8
52182,372.8
52183,373.2
52184,372.8
52185,374.7
52186,376.2
52187,377.0
52188,375.3
52189,376.4
52190,377.3
52191,376.7
52192,377.8
52193,378.3
52194,376.8
52195,375.8
52196,374.4
52197,374.4
52198,376.1
52199,376.6
52200,376.2
52201,377.2
52202,376.4
52203,376.4
52204,376.4
52205,375.7
52206,375.6
52207,374.8
52208,375.9
52209,377.0
52210,376.9
52211,376.4
52212,375.0
52213,377.8
52214,377.1
52215,376.8
52216,377.0
52217,377.6
52218,379.2
52219,378.8
52220,378.8
52221,378.9
52222,377.2
52223,376.0
52224,375.7
52225,376.4
52226,376.9
52227,377.4
52228,378.4
52229,380.8
52230,380.6
52231,382.6
52232,386.0
52233,384.2
52234,385.1
52235,390.4
52236,395.8
52237,399.6
52238,404.5
52239,407.8
52240,410.1
52241,409.6
52242,411.6
52243,412.2
52244,413.7
52245,415.1
52246,414.7
52247,416.6
52248,420.5
52249,419.5
52250,420.8
52251,422.3
52252,423.3
52253,423.5
52254,423.2
52255,422.6
52256,424.0
52257,424.7
52258,426.4
52259,430.5
52260,438.9
52261,439.6
52262,440.2
52263,445.4
52264,449.1
52265,454.1
52266,458.2
52267,461.7
52268,464.2
52269,467.2
52270,472.7
52271,478.2
52272,480.3
52273,481.1
52274,480.7
52275,481.7
52276,481.2
52277,481.3
52278,483.7
52279,484.6
52280,484.9
52281,491.3
52282,492.1
52283,492.7
52284,492.2
52285,492.4
52286,492.1
52287,491.6
52288,489.9
52289,491.1
52290,490.9
52291,490.6
52292,492.3
52293,492.5
52294,491.3
52295,491.4
52296,491.6
52297,490.9
52298,491.3
52299,491.4
52300,490.9
52301,492.2
52302,492.8
52303,493.5
52304,494.1
52305,494.1
52306,493.4
52307,493.4
52308,491.0
52309,491.1
52310,491.3
52311,493.1
52312,494.0
52313,496.5
52314,500.5
52315,502.6
52316,502.8
52317,504.8
52318,507.8
52319,510.7
52320,513.6
52321,514.6
52322,515.6
52323,516.0
52324,515.0
52325,515.5
52326,511.8
52327,507.6
52328,501.2
52329,499.5
52330,501.7
52331,506.1
52332,507.9
52333,509.4
52334,509.0
52335,510.3
52336,513.6
52337,516.6
52338,519.3
52339,519.7
52340,521.2
52341,522.6
52342,521.9
52343,523.4
52344,524.1
52345,524.7
52346,531.0
52347,536.0
52348,541.7
52349,545.0
52350,565.1
52351,588.7
52352,591.6
52353,592.7
52354,601.3
52355,605.9
52356,605.4
52357,602.7
52358,602.4
52359,601.6
52360,601.4
52361,602.9
52362,604.3
52363,603.1
52364,602.6
52365,603.9
52366,604.6
52367,605.6
52368,604.9
52369,603.5
52370,604.7
52371,605.2
52372,604.1
52373,601.0
52374,603.2
52375,603.4
52376,601.8
52377,602.2
52378,602.7
52379,602.7
52380,602.1
52381,601.9
52382,600.2
52383,598.9
52384,597.2
52385,600.9
52386,604.0
52387,605.4
52388,605.7
52389,606.9
52390,607.2
52391,608.8
52392,609.4
52393,610.1
52394,608.4
52395,610.7
52396,615.1
52397,613.6
52398,613.3
52399,613.0
52400,611.8
52401,608.7
52402,607.6
52403,608.5
52404,608.3
52405,608.2
52406,606.8
52407,603.9
52408,595.9
52409,594.8
52410,596.9
52411,600.1
52412,606.1
52413,599.9
52414,605.0
52415,599.5
52416,598.1
52417,599.4
52418,600.1
52419,599.9
52420,598.5
52421,599.4
52422,600.9
52423,601.4
52424,597.8
52425,594.7
52426,594.6
52427,593.6
52428,595.3
52429,595.1
52430,597.3
52431,596.5
52432,593.6
52433,589.8
52434,589.8
52435,589.4
52436,585.1
52437,582.3
52438,582.9
52439,577.7
52440,572.9
52441,572.0
52442,572.4
52443,574.6
52444,575.0
52445,578.0
52446,580.0
52447,569.2
52448,562.0
52449,558.7
52450,558.1
52451,561.7
52452,561.6
52453,570.7
52454,553.1
52455,552.6
52456,548.5
52457,541.9
52458,533.0
52459,527.0
52460,525.2
52461,522.2
52462,522.3
52463,531.2
52464,535.7
52465,532.5
52466,530.4
52467,530.8
52468,528.4
52469,528.8
52470,530.8
52471,529.1
52472,530.6
52473,530.8
52474,528.0
52475,528.2
52476,525.9
52477,526.8
52478,526.1
52479,524.9
52480,526.9
52481,528.9
52482,525.1
52483,523.7
52484,523.9
52485,523.0
52486,522.2
52487,519.3
52488,518.5
52489,512.7
52490,508.1
52491,510.1
52492,507.9
52493,500.7
52494,500.6
52495,501.8
52496,500.6
52497,502.1
52498,501.1
52499,501.9
52500,500.1
52501,498.4
52502,498.3
52503,496.4
52504,498.1
52505,499.3
52506,492.0
52507,490.9
52508,486.9
