NETCARE2015/data/raw/Flight3/H2O_POLAR6_20150408_R1_L1_NETCARE.ict
34, 1001
Bozem, Heiko; Hoor, Peter
Institute for Atmospheric Physics, Johannes Gutenberg University, Mainz, Germany
H2O mixing ratio from LI7200 CO2/H2O analyzer
NETCARE Polar 6 Campaign 2015
1, 1
2015, 04, 08, 2016, 01, 22
1
Time_UTC, seconds
1
1
-9999.9
H2O_ppmv, ppmv
0
19
PI_CONTACT_INFO: Address: Johann-Joachim-Becherweg 21, 55128 Mainz, email: bozemh@uni-mainz.de; hoor@uni-mainz.de
PLATFORM: Polar 6
LOCATION: GPS location and altitude available at 1 Hz resolution in separate file (See AIMMS files under Aircraft data and meteorology)
ASSOCIATED_DATA: N/A
INSTRUMENT_INFO: H2O measurements based on non-dispersive infrared absorption spectroscopy
DATA_INFO: Units are ppmv
UNCERTAINTY RELATIVE TO STANDARD: 18.5 ppmv or 2.5 %, whichever is greater, at 1 sigma confidence (before drift correction is applied)
ULOD_FLAG: -7777
ULOD_VALUE: N/A
LLOD_FLAG: -8888
LLOD_VALUE: N/A 
DM_CONTACT_INFO: N/A
PROJECT_INFO: NETCARE Polar 6 aircraft campaign in April 2015; Alert
STIPULATIONS_ON_USE: N/A
OTHER_COMMENTS: N/A
REVISION: R1
R0: Preliminary data, corrected for instrument drift
R1: Final data, corrected for instrument drift
Time_UTC,H2O_ppmv
[from data line 2631]
52510,489.5
52511,494.1
52512,498.0
52513,499.8
52514,495.1
52515,490.4
52516,488.3
52517,488.5
52518,491.4
52519,495.4
52520,488.1
52521,490.1
52522,487.3
52523,485.3
52524,482.3
52525,486.6
52526,479.1
52527,474.1
52528,487.3
52529,493.8
52530,494.4
52531,487.7
52532,485.1
52533,488.3
52534,480.4
52535,477.0
52536,476.7
52537,475.7
52538,481.7
52539,480.0
52540,478.0
52541,482.8
52542,482.7
52543,485.3
52544,479.7
52545,483.7
52546,483.6
52547,482.8
52548,480.2
52549,477.0
52550,476.5
52551,473.5
52552,467.2
52553,462.0
52554,460.5
52555,457.6
52556,454.4
52557,454.6
52558,453.2
52559,450.6
52560,455.8
52561,451.1
52562,448.6
52563,448.7
52564,447.8
52565,448.6
52566,450.3
52567,452.1
52568,455.5
52569,456.8
52570,461.9
52571,461.4
52572,460.5
52573,461.2
52574,466.3
52575,468.1
52576,467.4
52577,467.4
52578,471.8
52579,471.1
52580,468.7
52581,470.5
52582,468.1
52583,472.6
52584,472.2
52585,472.2
52586,473.8
52587,473.7
52588,475.5
52589,478.5
52590,481.7
52591,482.2
52592,482.0
52593,480.1
52594,483.9
52595,479.7
52596,482.5
52597,488.6
52598,483.0
52599,483.9
52600,484.5
52601,483.3
52602,490.6
52603,505.4
52604,515.9
52605,517.4
52606,513.3
52607,506.7
52608,509.6
52609,507.6
52610,505.9
52611,506.4
52612,507.8
52613,503.7
52614,502.2
52615,504.5
52616,507.3
52617,488.0
52618,485.4
52619,497.8
52620,505.3
52621,506.8
52622,510.7
52623,495.5
52624,494.3
52625,501.4
52626,510.7
52627,512.6
52628,512.4
52629,513.0
52630,511.5
52631,510.9
52632,509.9
52633,511.4
52634,514.3
52635,515.1
52636,511.9
52637,490.7
52638,482.6
52639,479.6
52640,480.6
52641,485.6
52642,487.9
52643,487.1
52644,483.5
52645,479.2
52646,478.8
52647,478.3
52648,477.8
52649,479.9
52650,479.1
52651,479.8
52652,480.1
52653,480.8
52654,476.7
52655,474.5
52656,476.6
52657,478.8
52658,475.6
52659,475.1
52660,479.5
52661,480.6
52662,476.8
52663,476.1
52664,473.6
52665,471.8
52666,470.4
52667,469.8
52668,470.0
52669,470.7
52670,468.3
52671,465.9
52672,464.5
52673,463.5
52674,462.8
52675,462.2
52676,464.6
52677,464.1
52678,464.2
52679,464.7
52680,463.6
52681,462.1
52682,460.9
52683,459.7
52684,459.1
52685,458.9
52686,460.3
52687,460.5
52688,459.6
52689,458.4
52690,458.2
52691,458.4
52692,458.8
52693,457.0
52694,457.3
52695,455.6
52696,456.2
52697,455.3
52698,454.9
52699,455.7
52700,456.7
52701,455.9
52702,457.4
52703,460.4
52704,454.4
52705,453.8
52706,452.5
52707,452.9
52708,452.8
52709,454.5
52710,453.7
52711,453.4
52712,451.4
52713,453.2
52714,457.8
52715,454.1
52716,453.2
52717,453.3
52718,453.0
52719,451.9
52720,452.1
52721,451.4
52722,452.7
52723,452.3
52724,452.2
52725,-9999.9
52726,-9999.9
52727,-9999.9
52728,-9999.9
52729,-9999.9
52730,-9999.9
52731,-9999.9
52732,-9999.9
52733,-9999.9
52734,-9999.9
52735,-9999.9
52736,-9999.9
52737,-9999.9
52738,-9999.9
52739,-9999.9
52740,-9999.9
52741,-9999.9
52742,-9999.9
52743,-9999.9
52744,-9999.9
52745,-9999.9
52746,-9999.9
52747,-9999.9
52748,-9999.9
52749,-9999.9
52750,-9999.9
52751,-9999.9
52752,-9999.9
52753,-9999.9
52754,-9999.9
52755,-9999.9
52756,-9999.9
52757,-9999.9
52758,-9999.9
52759,-9999.9
52760,-9999.9
52761,-9999.9
52762,-9999.9
52763,-9999.9
52764,-9999.9
52765,-9999.9
52766,-9999.9
52767,-9999.9
52768,-9999.9
52769,-9999.9
52770,-9999.9
52771,-9999.9
52772,-9999.9
52773,-9999.9
52774,-9999.9
52775,-9999.9
52776,-9999.9
52777,-9999.9
52778,-9999.9
52779,-9999.9
52780,-9999.9
52781,-9999.9
52782,-9999.9
52783,-9999.9
52784,-9999.9
52785,-9999.9
52786,-9999.9
52787,-9999.9
52788,-9999.9
52789,-9999.9
52790,-9999.9
52791,-9999.9
52792,-9999.9
52793,-9999.9
52794,-9999.9
52795,-9999.9
52796,-9999.9
52797,-9999.9
52798,-9999.9
52799,-9999.9
52800,-9999.9
52801,-9999.9
52802,-9999.9
52803,-9999.9
52804,-9999.9
52805,-9999.9
52806,-9999.9
52807,-9999.9
52808,-9999.9
52809,-9999.9
52810,-9999.9
52811,-9999.9
52812,-9999.9
52813,-9999.9
52814,-9999.9
52815,-9999.9
52816,-9999.9
52817,-9999.9
52818,-9999.9
52819,-9999.9
52820,-9999.9
52821,-9999.9
52822,-9999.9
52823,-9999.9
52824,-9999.9
52825,-9999.9
52826,-9999.9
52827,-9999.9
52828,-9999.9
52829,-9999.9
52830,-9999.9
52831,-9999.9
52832,-9999.9
52833,-9999.9
52834,-9999.9
52835,-9999.9
52836,-9999.9
52837,-9999.9
52838,-9999.9
52839,-9999.9
52840,-9999.9
52841,-9999.9
52842,-9999.9
52843,-9999.9
52844,-9999.9
52845,-9999.9
52846,-9999.9
52847,-9999.9
52848,-9999.9
52849,-9999.9
52850,-9999.9
52851,-9999.9
52852,-9999.9
52853,-9999.9
52854,-9999.9
52855,-9999.9
52856,-9999.9
52857,-9999.9
52858,-9999.9
52859,-9999.9
52860,-9999.9
52861,-9999.9
52862,-9999.9
52863,-9999.9
52864,-9999.9
52865,-9999.9
52866,-9999.9
52867,-9999.9
52868,-9999.9
52869,-9999.9
52870,-9999.9
52871,-9999.9
52872,-9999.9
52873,-9999.9
52874,-9999.9
52875,-9999.9
52876,-9999.9
52877,-9999.9
52878,-9999.9
52879,-9999.9
52880,-9999.9
52881,-9999.9
52882,-9999.9
52883,-9999.9
52884,-9999.9
52885,-9999.9
52886,-9999.9
52887,-9999.9
52888,-9999.9
52889,-9999.9
52890,-9999.9
52891,-9999.9
52892,-9999.9
52893,-9999.9
52894,-9999.9
52895,-9999.9
52896,-9999.9
52897,-9999.9
52898,-9999.9
52899,-9999.9
52900,-9999.9
52901,-9999.9
52902,-9999.9
52903,-9999.9
52904,-9999.9
52905,-9999.9
52906,-9999.9
52907,-9999.9
52908,-9999.9
52909,-9999.9
52910,-9999.9
52911,-9999.9
52912,-9999.9
52913,-9999.9
52914,-9999.9
52915,-9999.9
52916,-9999.9
52917,-9999.9
52918,-9999.9
52919,-9999.9
52920,-9999.9
52921,-9999.9
52922,-9999.9
52923,-9999.9
52924,-9999.9
52925,-9999.9
52926,-9999.9
52927,-9999.9
52928,-9999.9
52929,-9999.9
52930,-9999.9
52931,-9999.9
52932,-9999.9
52933,-9999.9
52934,-9999.9
52935,-9999.9
52936,481.7
52937,492.5
52938,489.3
52939,480.8
52940,483.6
52941,497.4
52942,502.5
52943,500.9
52944,500.7
52945,496.8
52946,494.4
52947,494.0
52948,493.8
52949,493.1
52950,492.4
52951,490.6
52952,492.0
52953,492.7
52954,494.4
52955,494.2
52956,495.0
52957,495.8
52958,496.4
52959,496.3
52960,492.0
52961,491.7
52962,490.3
52963,491.3
52964,490.4
52965,492.7
52966,493.7
52967,493.4
52968,494.1
52969,495.3
52970,496.2
52971,496.2
52972,496.9
52973,496.3
52974,494.3
52975,493.8
52976,494.6
52977,493.9
52978,493.5
52979,493.9
52980,494.1
52981,493.7
52982,493.4
52983,493.0
52984,491.6
52985,490.1
52986,487.8
52987,482.7
52988,479.7
52989,478.3
52990,479.0
52991,482.4
52992,483.7
52993,475.5
52994,479.6
52995,483.3
52996,481.6
52997,471.9
52998,477.7
52999,483.0
53000,460.3
53001,466.7
53002,475.7
53003,478.4
53004,455.6
53005,454.2
53006,451.7
53007,468.6
53008,470.7
53009,471.1
53010,471.6
53011,467.6
53012,469.8
53013,478.6
53014,474.6
53015,466.8
53016,459.3
53017,466.5
53018,468.9
53019,466.0
53020,467.6
53021,475.9
53022,507.5
53023,513.3
53024,487.7
53025,478.5
53026,474.5
53027,472.2
53028,468.6
53029,472.5
53030,469.3
53031,466.9
53032,473.0
53033,484.0
53034,499.5
53035,504.7
53036,504.1
53037,502.2
53038,503.7
53039,506.6
53040,507.4
53041,497.9
53042,502.3
53043,508.3
53044,504.0
53045,502.9
53046,503.2
53047,500.8
53048,502.8
53049,496.6
53050,499.0
53051,501.0
53052,502.0
53053,504.1
53054,504.0
53055,507.6
53056,504.2
53057,495.2
53058,488.3
53059,488.7
53060,490.3
53061,488.6
53062,492.1
53063,494.0
53064,495.0
53065,493.7
53066,493.2
53067,491.0
53068,489.1
53069,491.7
53070,493.5
53071,491.4
53072,490.9
53073,493.1
53074,493.8
53075,493.8
53076,493.2
53077,490.4
53078,491.5
53079,489.0
53080,486.9
53081,483.5
53082,482.5
53083,481.4
53084,481.4
53085,481.5
53086,480.2
53087,480.5
53088,475.6
53089,468.4
53090,465.9
53091,463.7
53092,464.0
53093,463.2
53094,458.9
53095,461.2
53096,460.7
53097,460.9
53098,460.3
53099,467.9
53100,472.3
53101,477.9
53102,482.1
53103,482.7
53104,482.3
53105,481.8
53106,480.1
53107,474.6
53108,470.8
53109,469.0
53110,472.1
53111,476.7
53112,474.6
53113,468.1
53114,471.8
53115,479.5
53116,482.7
53117,485.9
53118,488.6
53119,485.5
53120,483.6
53121,486.2
53122,485.9
53123,484.8
53124,489.6
53125,491.6
53126,492.7
53127,490.6
53128,492.2
53129,493.9
53130,495.7
53131,495.7
53132,492.8
53133,482.3
53134,492.2
53135,496.6
53136,502.3
53137,507.6
53138,516.8
53139,526.6
53140,556.4
53141,559.8
53142,559.4
53143,552.5
53144,556.5
53145,554.0
53146,558.7
53147,557.8
53148,559.2
53149,555.9
53150,547.9
53151,554.9
53152,571.4
53153,561.1
53154,569.9
53155,579.1
53156,578.0
53157,574.3
53158,572.6
53159,566.8
53160,572.4
53161,574.3
53162,570.5
53163,568.2
53164,576.7
53165,580.0
53166,585.2
53167,578.4
53168,577.2
53169,572.0
53170,570.6
53171,569.2
53172,573.1
53173,573.4
53174,575.7
53175,576.7
53176,581.5
53177,586.8
53178,587.3
53179,592.3
53180,590.6
53181,584.3
53182,578.1
53183,583.6
53184,586.8
53185,587.1
53186,588.0
53187,585.3
53188,582.4
53189,577.5
53190,590.1
53191,597.9
53192,593.2
53193,589.7
53194,597.5
53195,598.1
53196,597.2
53197,594.2
53198,597.0
53199,598.1
53200,600.5
53201,601.3
53202,600.8
53203,600.6
53204,600.1
53205,599.3
53206,598.3
53207,597.9
53208,594.3
53209,596.7
53210,598.8
53211,601.7
53212,603.5
53213,604.9
53214,604.8
53215,604.9
53216,604.8
53217,605.7
53218,604.6
53219,595.4
53220,594.5
53221,603.9
53222,608.4
53223,609.6
53224,607.1
53225,607.4
53226,609.7
53227,608.4
53228,607.5
53229,605.9
53230,604.6
53231,603.5
53232,603.9
53233,603.9
53234,602.9
53235,601.4
53236,601.4
53237,601.5
53238,601.4
53239,600.8
53240,600.6
53241,600.3
53242,599.8
53243,599.6
53244,599.2
53245,605.8
53246,599.0
53247,597.6
53248,597.2
53249,596.8
53250,596.0
53251,595.7
53252,598.2
53253,597.1
53254,597.1
53255,604.7
53256,610.0
53257,606.0
53258,609.4
53259,610.1
53260,605.1
53261,602.8
53262,606.6
53263,616.4
53264,616.9
53265,614.9
53266,613.5
53267,609.9
53268,608.3
53269,612.4
53270,621.6
53271,622.9
53272,619.9
53273,618.4
53274,616.5
53275,618.7
53276,618.0
53277,620.7
53278,623.9
53279,630.8
53280,632.7
53281,635.2
53282,634.5
53283,634.2
53284,633.4
53285,632.7
53286,627.7
53287,620.8
53288,622.8
53289,621.4
53290,625.3
53291,626.6
53292,627.5
53293,627.9
53294,628.4
53295,627.2
53296,627.2
53297,625.5
53298,626.0
53299,628.0
53300,625.2
53301,622.4
53302,624.7
53303,625.8
53304,626.1
53305,626.3
53306,624.6
53307,623.8
53308,625.6
53309,626.1
53310,627.9
53311,628.0
53312,626.5
53313,625.7
53314,626.7
53315,626.6
53316,627.7
53317,627.3
53318,626.1
53319,625.8
53320,625.4
53321,625.6
53322,624.7
53323,624.1
53324,624.2
53325,625.2
53326,624.8
53327,624.1
53328,622.8
53329,622.1
53330,621.6
53331,621.9
53332,621.8
53333,624.6
53334,624.6
53335,623.5
53336,620.9
53337,618.3
53338,623.5
53339,625.5
53340,624.4
53341,623.3
53342,626.5
53343,623.3
53344,618.4
53345,610.7
53346,603.3
53347,604.8
53348,609.6
53349,606.6
53350,601.6
53351,600.7
53352,597.9
53353,595.6
53354,592.7
53355,593.2
53356,596.6
53357,608.0
53358,614.1
53359,614.6
53360,614.4
53361,614.0
53362,614.0
53363,613.6
53364,611.8
53365,614.4
53366,611.3
53367,605.7
53368,608.1
53369,609.9
53370,613.4
53371,611.5
53372,610.3
53373,611.1
53374,611.5
53375,611.2
53376,612.4
53377,612.4
53378,612.9
53379,612.5
53380,608.0
53381,609.7
53382,610.1
53383,605.6
53384,607.1
53385,605.2
53386,605.4
53387,605.8
53388,604.4
53389,609.0
53390,608.7
53391,609.4
53392,610.4
53393,610.4
53394,609.9
53395,605.1
53396,605.0
53397,603.9
53398,601.3
53399,600.8
53400,599.9
53401,599.3
53402,598.4
53403,597.5
53404,598.1
53405,598.8
53406,597.7
53407,596.0
53408,595.4
53409,592.5
53410,589.9
53411,586.5
53412,591.7
53413,592.5
53414,589.3
53415,589.7
53416,589.8
53417,591.5
53418,585.6
53419,572.7
53420,574.9
53421,574.1
53422,576.4
53423,575.1
53424,578.2
53425,563.1
53426,554.2
53427,546.2
53428,544.2
53429,520.4
53430,510.9
53431,508.1
53432,512.4
53433,510.4
53434,509.8
53435,508.4
53436,504.1
53437,494.6
53438,494.9
53439,494.0
53440,490.5
53441,488.2
53442,487.3
53443,486.8
53444,486.3
53445,485.5
53446,485.8
53447,486.1
53448,487.2
53449,488.8
53450,489.5
53451,490.3
53452,492.7
53453,492.8
53454,491.0
53455,493.1
53456,492.4
53457,493.3
53458,495.5
53459,494.9
53460,493.6
53461,492.8
53462,492.5
53463,491.5
53464,489.5
53465,490.5
53466,489.7
53467,491.9
53468,493.3
53469,495.2
53470,494.9
53471,495.0
53472,493.6
53473,492.0
53474,491.2
53475,491.0
53476,490.3
53477,488.9
53478,489.2
53479,488.4
53480,488.1
53481,484.4
53482,484.6
53483,487.1
53484,488.2
53485,484.7
53486,484.1
53487,485.4
53488,484.4
53489,480.2
53490,475.3
53491,462.7
53492,443.9
53493,411.6
53494,372.3
53495,360.4
53496,360.6
53497,370.2
53498,375.4
53499,376.7
53500,378.8
53501,379.2
53502,381.6
53503,385.2
53504,386.3
53505,387.8
53506,388.6
53507,392.2
53508,393.9
53509,394.7
53510,395.1
53511,394.9
53512,395.8
53513,396.7
53514,395.4
53515,395.0
53516,394.8
53517,395.2
53518,395.6
53519,397.2
53520,397.0
53521,397.0
53522,396.1
53523,397.2
53524,395.9
53525,396.8
53526,395.5
53527,396.7
53528,396.8
53529,396.1
53530,396.2
53531,395.9
53532,395.1
53533,396.5
53534,395.0
53535,394.5
53536,394.7
53537,394.1
53538,394.9
53539,395.6
53540,394.9
53541,394.5
53542,393.9
53543,394.4
53544,395.4
53545,394.5
53546,393.6
53547,392.6
53548,393.1
53549,394.1
53550,392.9
53551,392.6
53552,390.4
53553,389.6
53554,389.2
53555,389.9
53556,390.5
53557,388.6
53558,389.1
53559,388.8
53560,388.9
53561,389.2
53562,389.1
53563,386.5
53564,384.9
53565,383.7
53566,375.3
53567,369.8
53568,350.7
53569,340.0
53570,334.7
53571,334.0
53572,334.5
53573,334.7
53574,333.8
53575,333.7
53576,334.5
53577,334.2
53578,332.2
53579,334.8
53580,335.8
53581,338.8
53582,344.4
53583,362.2
53584,378.6
53585,376.1
53586,373.7
53587,369.6
53588,356.9
53589,355.0
53590,349.1
53591,340.9
53592,336.6
53593,333.1
53594,331.0
53595,328.4
53596,327.5
53597,323.8
53598,320.9
53599,316.0
53600,314.9
53601,315.5
53602,315.0
53603,314.0
53604,314.1
53605,313.1
53606,313.6
53607,312.4
53608,311.4
53609,312.4
53610,311.2
53611,311.0
53612,311.6
53613,312.0
53614,310.8
53615,311.3
53616,311.2
53617,311.5
53618,310.8
53619,310.5
53620,309.7
53621,309.0
53622,309.7
53623,310.1
53624,309.5
53625,309.7
53626,309.7
53627,310.0
53628,309.5
53629,310.4
53630,309.5
53631,309.8
53632,308.5
53633,309.8
53634,309.0
53635,309.8
53636,309.3
53637,309.0
53638,309.8
53639,309.0
53640,309.3
53641,308.3
53642,308.7
53643,308.5
53644,308.0
53645,309.0
53646,310.8
53647,310.0
53648,310.8
53649,312.0
53650,312.2
53651,311.7
53652,310.5
53653,308.9
53654,308.1
53655,308.0
53656,307.6
53657,307.1
53658,307.0
53659,307.6
53660,307.6
53661,307.9
53662,307.9
53663,307.7
53664,310.1
53665,310.5
53666,311.0
53667,311.0
53668,310.5
53669,312.0
53670,310.9
53671,309.7
53672,308.1
53673,309.0
53674,306.7
53675,306.0
53676,307.3
53677,308.7
53678,308.3
53679,307.1
53680,307.7
53681,307.7
53682,308.5
53683,309.1
53684,308.7
53685,308.1
53686,308.5
53687,307.7
53688,308.5
53689,307.5
53690,307.3
53691,308.4
53692,306.7
53693,308.2
53694,307.9
53695,308.3
53696,309.4
53697,308.3
53698,308.2
53699,307.1
53700,308.3
53701,308.1
53702,309.6
53703,309.0
53704,309.0
53705,308.7
53706,309.4
53707,312.8
53708,313.7
53709,312.3
53710,312.3
53711,316.0
53712,318.2
53713,317.7
53714,314.5
53715,313.8
53716,313.5
53717,312.7
53718,313.7
53719,315.2
53720,314.1
53721,313.2
53722,313.2
53723,313.4
53724,314.3
53725,314.5
53726,313.8
53727,313.7
53728,315.3
53729,313.8
53730,312.1
53731,312.8
53732,314.8
53733,315.6
53734,314.7
53735,315.5
53736,317.0
53737,316.7
53738,317.5
53739,317.3
53740,316.3
53741,316.9
53742,315.5
53743,313.2
53744,316.0
53745,316.2
53746,315.5
53747,315.3
53748,314.4
53749,315.1
53750,312.8
53751,312.0
53752,312.4
53753,314.4
53754,312.8
53755,313.9
53756,312.9
53757,315.0
53758,312.4
53759,311.9
53760,312.5
53761,312.9
53762,312.3
53763,311.0
53764,299.3
53765,295.6
53766,292.5
53767,290.7
53768,292.0
53769,297.8
53770,301.6
53771,301.3
53772,299.1
53773,301.4
53774,304.8
53775,306.8
53776,311.2
53777,310.5
53778,308.3
53779,302.0
53780,306.5
53781,305.0
53782,301.2
53783,301.1
53784,299.4
53785,305.5
53786,302.9
53787,294.9
53788,293.9
53789,293.4
53790,295.8
53791,295.3
53792,298.3
53793,300.8
53794,300.3
53795,302.6
53796,302.6
53797,302.8
53798,305.1
53799,305.5
53800,302.0
53801,305.8
53802,302.5
53803,303.7
53804,305.2
53805,304.7
53806,303.1
