NETCARE2015/data/raw/Flight3/H2O_POLAR6_20150408_R1_L1_NETCARE.ict
34, 1001
Bozem, Heiko; Hoor, Peter
Institute for Atmospheric Physics, Johannes Gutenberg University, Mainz, Germany
H2O mixing ratio from LI7200 CO2/H2O analyzer
NETCARE Polar 6 Campaign 2015
1, 1
2015, 04, 08, 2016, 01, 22
1
Time_UTC, seconds
1
1
-9999.9
H2O_ppmv, ppmv
0
19
PI_CONTACT_INFO: Address: Johann-Joachim-Becherweg 21, 55128 Mainz, email: bozemh@uni-mainz.de; hoor@uni-mainz.de
PLATFORM: Polar 6
LOCATION: GPS location and altitude available at 1 Hz resolution in separate file (See AIMMS files under Aircraft data and meteorology)
ASSOCIATED_DATA: N/A
INSTRUMENT_INFO: H2O measurements based on non-dispersive infrared absorption spectroscopy
DATA_INFO: Units are ppmv
UNCERTAINTY RELATIVE TO STANDARD: 18.5 ppmv or 2.5 %, whichever is greater, at 1 sigma confidence (before drift correction is applied)
ULOD_FLAG: -7777
ULOD_VALUE: N/A
LLOD_FLAG: -8888
LLOD_VALUE: N/A 
DM_CONTACT_INFO: N/A
PROJECT_INFO: NETCARE Polar 6 aircraft campaign in April 2015; Alert
STIPULATIONS_ON_USE: N/A
OTHER_COMMENTS: N/A
REVISION: R1
R0: Preliminary data, corrected for instrument drift
R1: Final data, corrected for instrument drift
Time_UTC,H2O_ppmv
[from data line 3929]
53808,302.7
53809,302.0
53810,302.1
53811,302.9
53812,302.9
53813,302.2
53814,300.5
53815,301.8
53816,301.4
53817,302.8
53818,302.4
53819,303.1
53820,303.1
53821,301.3
53822,300.2
53823,300.1
53824,298.9
53825,298.6
53826,297.1
53827,295.4
53828,296.3
53829,296.4
53830,295.5
53831,294.8
53832,292.2
53833,291.4
53834,292.0
53835,291.8
53836,291.7
53837,291.3
53838,290.4
53839,290.9
53840,289.4
53841,289.5
53842,289.3
53843,286.8
53844,285.5
53845,284.4
53846,284.4
53847,284.2
53848,282.1
53849,282.7
53850,281.1
53851,279.3
53852,282.8
53853,283.5
53854,284.7
53855,285.0
53856,285.2
53857,284.4
53858,282.0
53859,282.0
53860,283.0
53861,282.2
53862,280.1
53863,278.8
53864,279.5
53865,278.7
53866,279.1
53867,277.1
53868,278.3
53869,280.1
53870,279.4
53871,277.7
53872,277.1
53873,275.5
53874,276.5
53875,274.6
53876,276.9
53877,279.3
53878,278.2
53879,278.4
53880,279.7
53881,276.2
53882,280.7
53883,278.5
53884,280.7
53885,282.3
53886,281.8
53887,282.8
53888,283.2
53889,281.7
53890,279.1
53891,280.5
53892,280.3
53893,282.1
53894,283.1
53895,282.2
53896,282.3
53897,282.8
53898,283.8
53899,291.1
53900,290.4
53901,293.8
53902,296.2
53903,300.2
53904,300.3
53905,297.1
53906,297.7
53907,300.2
53908,299.3
53909,303.1
53910,309.6
53911,314.5
53912,320.1
53913,321.7
53914,322.9
53915,322.8
53916,324.5
53917,324.2
53918,323.9
53919,325.1
53920,323.9
53921,324.3
53922,324.0
53923,323.6
53924,323.2
53925,323.0
53926,324.0
53927,323.8
53928,324.2
53929,323.7
53930,326.4
53931,325.9
53932,325.0
53933,324.4
53934,322.5
53935,321.9
53936,323.0
53937,321.3
53938,320.9
53939,319.1
53940,323.1
53941,324.1
53942,324.4
53943,325.8
53944,325.0
53945,326.3
53946,326.6
53947,324.5
53948,321.6
53949,319.2
53950,317.7
53951,317.8
53952,322.2
53953,324.3
53954,322.2
53955,320.0
53956,324.0
53957,323.2
53958,328.7
53959,328.2
53960,330.3
53961,333.8
53962,342.7
53963,347.4
53964,347.0
53965,343.1
53966,345.0
53967,347.7
53968,354.3
53969,364.5
53970,372.0
53971,364.9
53972,360.6
53973,377.4
53974,389.3
53975,389.5
53976,379.6
53977,374.5
53978,368.2
53979,362.9
53980,362.0
53981,359.1
53982,359.2
53983,359.3
53984,358.8
53985,358.6
53986,359.2
53987,359.8
53988,361.5
53989,362.0
53990,363.4
53991,364.3
53992,365.5
53993,366.0
53994,365.7
53995,365.4
53996,363.3
53997,364.3
53998,364.2
53999,365.1
54000,365.8
54001,366.7
54002,366.6
54003,367.0
54004,361.2
54005,359.9
54006,351.7
54007,347.1
54008,343.6
54009,336.6
54010,336.4
54011,336.4
54012,334.6
54013,328.5
54014,324.8
54015,321.9
54016,322.3
54017,317.3
54018,314.2
54019,310.1
54020,309.9
54021,315.0
54022,325.8
54023,339.2
54024,342.6
54025,341.6
54026,344.2
54027,344.0
54028,347.7
54029,349.6
54030,360.7
54031,365.5
54032,363.5
54033,363.3
54034,362.2
54035,346.4
54036,347.6
54037,346.5
54038,323.7
54039,311.4
54040,308.9
54041,308.2
54042,308.2
54043,307.1
54044,305.8
54045,305.8
54046,314.0
54047,319.7
54048,325.3
54049,324.4
54050,318.2
54051,315.4
54052,311.6
54053,306.9
54054,315.0
54055,344.8
54056,339.5
54057,336.3
54058,337.1
54059,345.1
54060,354.6
54061,364.8
54062,382.1
54063,382.6
54064,381.3
54065,381.0
54066,380.9
54067,381.2
54068,382.7
54069,382.2
54070,382.3
54071,383.2
54072,383.6
54073,383.1
54074,383.9
54075,382.9
54076,383.9
54077,383.6
54078,381.2
54079,380.4
54080,379.8
54081,374.8
54082,374.0
54083,373.8
54084,372.5
54085,372.7
54086,372.4
54087,373.3
54088,373.5
54089,372.4
54090,372.8
54091,374.8
54092,375.2
54093,375.0
54094,374.7
54095,374.5
54096,376.2
54097,376.6
54098,375.6
54099,377.2
54100,378.7
54101,380.4
54102,380.6
54103,381.6
54104,380.7
54105,380.7
54106,381.5
54107,384.6
54108,383.2
54109,384.7
54110,383.2
54111,383.7
54112,383.7
54113,384.1
54114,383.3
54115,380.8
54116,380.7
54117,382.6
54118,384.0
54119,383.3
54120,383.7
54121,384.3
54122,382.7
54123,381.8
54124,382.9
54125,383.5
54126,383.8
54127,383.7
54128,384.4
54129,383.6
54130,383.3
54131,384.5
54132,384.2
54133,384.8
54134,383.5
54135,382.9
54136,383.7
54137,386.2
54138,387.7
54139,391.3
54140,391.0
54141,388.2
54142,386.0
54143,386.5
54144,384.5
54145,386.9
54146,390.8
54147,393.9
54148,391.5
54149,390.2
54150,391.3
54151,389.6
54152,388.4
54153,387.2
54154,384.5
54155,383.6
54156,383.2
54157,381.5
54158,376.9
54159,371.6
54160,370.3
54161,370.5
54162,368.1
54163,365.8
54164,363.4
54165,361.8
54166,361.1
54167,362.1
54168,373.4
54169,383.1
54170,381.5
54171,380.2
54172,379.5
54173,378.8
54174,376.5
54175,373.7
54176,371.2
54177,370.4
54178,371.4
54179,369.7
54180,367.9
54181,366.6
54182,363.4
54183,361.6
54184,358.3
54185,356.3
54186,355.6
54187,355.2
54188,355.0
54189,359.6
54190,363.3
54191,364.2
54192,364.4
54193,367.9
54194,368.9
54195,367.7
54196,369.5
54197,372.7
54198,372.7
54199,364.7
54200,349.1
54201,346.4
54202,345.1
54203,344.5
54204,345.0
54205,343.9
54206,341.1
54207,341.5
54208,340.2
54209,339.8
54210,335.8
54211,334.8
54212,336.1
54213,331.3
54214,329.6
54215,-9999.9
54216,-9999.9
54217,-9999.9
54218,-9999.9
54219,-9999.9
54220,-9999.9
54221,-9999.9
54222,-9999.9
54223,-9999.9
54224,-9999.9
54225,-9999.9
54226,-9999.9
54227,-9999.9
54228,-9999.9
54229,-9999.9
54230,-9999.9
54231,-9999.9
54232,-9999.9
54233,-9999.9
54234,-9999.9
54235,-9999.9
54236,-9999.9
54237,-9999.9
54238,-9999.9
54239,-9999.9
54240,-9999.9
54241,-9999.9
54242,-9999.9
54243,-9999.9
54244,-9999.9
54245,-9999.9
54246,-9999.9
54247,-9999.9
54248,-9999.9
54249,-9999.9
54250,-9999.9
54251,-9999.9
54252,-9999.9
54253,-9999.9
54254,-9999.9
54255,-9999.9
54256,-9999.9
54257,-9999.9
54258,-9999.9
54259,-9999.9
54260,-9999.9
54261,-9999.9
54262,-9999.9
54263,-9999.9
54264,-9999.9
54265,-9999.9
54266,-9999.9
54267,-9999.9
54268,-9999.9
54269,-9999.9
54270,-9999.9
54271,-9999.9
54272,-9999.9
54273,-9999.9
54274,-9999.9
54275,-9999.9
54276,-9999.9
54277,-9999.9
54278,-9999.9
54279,-9999.9
54280,-9999.9
54281,-9999.9
54282,-9999.9
54283,-9999.9
54284,-9999.9
54285,-9999.9
54286,-9999.9
54287,-9999.9
54288,-9999.9
54289,-9999.9
54290,-9999.9
54291,-9999.9
54292,-9999.9
54293,-9999.9
54294,-9999.9
54295,-9999.9
54296,-9999.9
54297,-9999.9
54298,-9999.9
54299,-9999.9
54300,-9999.9
54301,-9999.9
54302,-9999.9
54303,-9999.9
54304,-9999.9
54305,-9999.9
54306,-9999.9
54307,-9999.9
54308,-9999.9
54309,-9999.9
54310,-9999.9
54311,-9999.9
54312,-9999.9
54313,-9999.9
54314,-9999.9
54315,-9999.9
54316,-9999.9
54317,-9999.9
54318,-9999.9
54319,-9999.9
54320,-9999.9
54321,-9999.9
54322,-9999.9
54323,-9999.9
54324,-9999.9
54325,-9999.9
54326,-9999.9
54327,-9999.9
54328,-9999.9
54329,-9999.9
54330,-9999.9
54331,-9999.9
54332,-9999.9
54333,-9999.9
54334,-9999.9
54335,-9999.9
54336,-9999.9
54337,-9999.9
54338,-9999.9
54339,-9999.9
54340,-9999.9
54341,-9999.9
54342,-9999.9
54343,-9999.9
54344,-9999.9
54345,-9999.9
54346,-9999.9
54347,-9999.9
54348,-9999.9
54349,-9999.9
54350,-9999.9
54351,-9999.9
54352,-9999.9
54353,-9999.9
54354,-9999.9
54355,-9999.9
54356,-9999.9
54357,-9999.9
54358,-9999.9
54359,-9999.9
54360,-9999.9
54361,-9999.9
54362,-9999.9
54363,-9999.9
54364,-9999.9
54365,-9999.9
54366,-9999.9
54367,-9999.9
54368,-9999.9
54369,-9999.9
54370,-9999.9
54371,-9999.9
54372,-9999.9
54373,-9999.9
54374,-9999.9
54375,-9999.9
54376,-9999.9
54377,-9999.9
54378,-9999.9
54379,-9999.9
54380,-9999.9
54381,-9999.9
54382,-9999.9
54383,-9999.9
54384,-9999.9
54385,-9999.9
54386,-9999.9
54387,-9999.9
54388,-9999.9
54389,-9999.9
54390,-9999.9
54391,-9999.9
54392,-9999.9
54393,-9999.9
54394,-9999.9
54395,-9999.9
54396,-9999.9
54397,-9999.9
54398,-9999.9
54399,-9999.9
54400,-9999.9
54401,-9999.9
54402,-9999.9
54403,-9999.9
54404,-9999.9
54405,-9999.9
54406,-9999.9
54407,-9999.9
54408,-9999.9
54409,-9999.9
54410,-9999.9
54411,-9999.9
54412,-9999.9
54413,-9999.9
54414,-9999.9
54415,-9999.9
54416,-9999.9
54417,-9999.9
54418,-9999.9
54419,-9999.9
54420,-9999.9
54421,-9999.9
54422,-9999.9
54423,-9999.9
54424,-9999.9
54425,-9999.9
54426,220.2
54427,225.1
54428,226.3
54429,220.7
54430,238.2
54431,241.5
54432,243.2
54433,244.0
54434,237.0
54435,244.6
54436,224.9
54437,209.8
54438,207.4
54439,225.2
54440,238.3
54441,218.7
54442,215.6
54443,211.7
54444,253.6
54445,268.7
54446,277.1
54447,284.7
54448,290.3
54449,280.4
54450,278.7
54451,286.2
54452,287.5
54453,286.1
54454,278.0
54455,278.8
54456,277.8
54457,269.5
54458,255.8
54459,236.1
54460,226.8
54461,215.6
54462,205.2
54463,208.1
54464,214.4
54465,214.4
54466,210.7
54467,221.0
54468,232.8
54469,228.9
54470,237.0
54471,249.0
54472,273.3
54473,275.4
54474,284.5
54475,293.1
54476,292.6
54477,292.0
54478,303.2
54479,300.9
54480,293.4
54481,289.8
54482,304.4
54483,305.2
54484,305.2
54485,306.1
54486,306.9
54487,307.5
54488,306.4
54489,305.7
54490,305.2
54491,301.4
54492,293.2
54493,294.8
54494,296.1
54495,292.5
54496,282.7
54497,276.1
54498,276.0
54499,278.5
54500,272.6
54501,270.1
54502,273.3
54503,272.1
54504,272.7
54505,271.5
54506,272.5
54507,270.9
54508,272.1
54509,271.7
54510,274.9
54511,273.5
54512,270.9
54513,272.1
54514,273.1
54515,275.4
54516,273.6
54517,272.7
54518,276.4
54519,279.3
54520,285.0
54521,293.3
54522,303.6
54523,313.0
54524,320.3
54525,334.9
54526,345.2
54527,347.0
54528,348.3
54529,348.9
54530,349.5
54531,349.5
54532,350.3
54533,352.2
54534,351.3
54535,351.4
54536,350.7
54537,351.2
54538,351.8
54539,350.6
54540,351.3
54541,352.9
54542,351.5
54543,351.7
54544,351.5
54545,352.8
54546,353.0
54547,352.8
54548,351.1
54549,351.5
54550,351.9
54551,351.4
54552,351.6
54553,351.3
54554,351.0
54555,351.4
54556,352.2
54557,352.6
54558,353.1
54559,354.8
54560,354.1
54561,355.3
54562,355.1
54563,355.7
54564,354.6
54565,354.0
54566,354.7
54567,354.0
54568,356.0
54569,354.2
54570,353.9
54571,354.3
54572,354.9
54573,355.1
54574,355.1
54575,356.0
54576,354.8
54577,353.9
54578,354.2
54579,351.8
54580,353.9
54581,353.9
54582,352.9
54583,352.7
54584,353.4
54585,353.2
54586,353.2
54587,353.4
54588,354.0
54589,353.8
54590,352.9
54591,352.9
54592,353.7
54593,351.5
54594,351.7
54595,351.1
54596,352.3
54597,352.4
54598,351.7
54599,350.6
54600,350.7
54601,349.7
54602,350.6
54603,349.9
54604,349.6
54605,348.6
54606,347.9
54607,347.9
54608,349.1
54609,349.6
54610,349.5
54611,349.8
54612,351.3
54613,351.3
54614,352.2
54615,352.1
54616,352.7
54617,352.3
54618,352.1
54619,352.8
54620,352.4
54621,353.7
54622,353.7
54623,352.9
54624,352.8
54625,353.4
54626,352.8
54627,352.2
54628,353.2
54629,353.2
54630,354.1
54631,354.4
54632,355.0
54633,354.3
54634,354.8
54635,354.9
54636,354.4
54637,355.7
54638,354.9
54639,357.7
54640,357.4
54641,358.2
54642,359.4
54643,358.7
54644,357.5
54645,359.0
54646,358.2
54647,357.3
54648,357.3
54649,357.1
54650,357.3
54651,358.6
54652,358.0
54653,356.6
54654,357.5
54655,356.6
54656,354.9
54657,355.3
54658,354.4
54659,352.2
54660,353.1
54661,354.0
54662,355.2
54663,356.2
54664,356.6
54665,356.8
54666,356.4
54667,353.5
54668,340.8
54669,312.5
54670,290.8
54671,284.1
54672,289.9
54673,290.5
54674,293.0
54675,296.9
54676,305.2
54677,308.4
54678,307.9
54679,305.6
54680,307.7
54681,305.8
54682,306.3
54683,302.9
54684,295.8
54685,296.8
54686,298.3
54687,311.9
54688,344.7
54689,354.2
54690,358.1
54691,360.4
54692,361.3
54693,360.9
54694,362.2
54695,361.6
54696,361.7
54697,360.9
54698,362.1
54699,362.4
54700,361.9
54701,362.6
54702,363.7
54703,362.4
54704,362.6
54705,363.1
54706,363.1
54707,362.1
54708,362.3
54709,363.4
54710,367.0
54711,368.5
54712,369.7
54713,370.3
54714,369.9
54715,365.1
54716,356.4
54717,341.8
54718,330.5
54719,328.6
54720,324.4
54721,320.5
54722,317.8
54723,315.5
54724,312.0
54725,309.4
54726,310.6
54727,311.6
54728,313.4
54729,313.5
54730,314.6
54731,313.6
54732,313.4
54733,312.4
54734,313.2
54735,313.8
54736,313.8
54737,313.8
54738,314.3
54739,315.3
54740,318.7
54741,323.2
54742,324.4
54743,323.0
54744,323.2
54745,324.6
54746,323.7
54747,324.6
54748,324.6
54749,324.6
54750,324.4
54751,323.4
54752,320.3
54753,317.1
54754,315.9
54755,317.9
54756,318.3
54757,320.0
54758,320.3
54759,323.6
54760,325.0
54761,325.7
54762,325.0
54763,325.4
54764,323.2
54765,317.6
54766,316.8
54767,317.0
54768,316.8
54769,318.9
54770,321.2
54771,321.0
54772,322.8
54773,321.0
54774,321.5
54775,322.2
54776,324.9
54777,324.0
54778,325.0
54779,325.7
54780,327.3
54781,328.2
54782,328.9
54783,329.6
54784,330.9
54785,330.7
54786,329.0
54787,329.4
54788,326.2
54789,325.0
54790,318.3
54791,316.6
54792,314.1
54793,313.1
54794,309.4
54795,307.1
54796,299.0
54797,297.7
54798,296.5
54799,297.0
54800,292.9
54801,289.6
54802,287.7
54803,281.1
54804,275.1
54805,274.6
54806,272.8
54807,273.1
54808,275.4
54809,284.5
54810,283.5
54811,279.6
54812,276.0
54813,277.9
54814,277.6
54815,275.1
54816,275.4
54817,270.9
54818,266.1
54819,269.0
54820,269.3
54821,268.1
54822,267.1
54823,266.3
54824,266.0
54825,265.2
54826,262.8
54827,263.2
54828,264.4
54829,263.2
54830,261.4
54831,259.9
54832,259.8
54833,258.8
54834,255.8
54835,252.1
54836,249.7
54837,248.7
54838,244.8
54839,242.1
54840,244.7
54841,244.7
54842,242.6
54843,243.3
54844,242.3
54845,240.8
54846,234.6
54847,231.6
54848,231.5
54849,230.4
54850,230.4
54851,228.5
54852,230.1
54853,231.0
54854,229.7
54855,229.5
54856,228.9
54857,229.6
54858,227.0
54859,223.5
54860,220.8
54861,222.4
54862,220.2
54863,216.5
54864,207.4
54865,203.3
54866,200.8
54867,199.6
54868,200.9
54869,204.4
54870,205.6
54871,205.6
54872,206.5
54873,205.9
54874,204.3
54875,198.8
54876,194.4
54877,193.4
54878,190.3
54879,190.8
54880,187.5
54881,188.4
54882,192.0
54883,199.5
54884,198.4
54885,197.4
54886,197.5
54887,196.1
54888,196.6
54889,194.7
54890,191.5
54891,190.8
54892,191.4
54893,190.3
54894,192.2
54895,205.3
54896,246.1
54897,274.1
54898,280.1
54899,273.9
54900,270.6
54901,269.7
54902,267.4
54903,258.2
54904,252.1
54905,252.5
54906,252.5
54907,251.4
54908,251.5
54909,257.6
54910,290.1
54911,301.8
54912,301.5
54913,272.8
54914,282.6
54915,295.4
54916,294.7
54917,259.2
54918,259.4
54919,273.2
54920,272.0
54921,275.9
54922,250.6
54923,246.5
54924,248.8
54925,246.8
54926,250.0
54927,248.5
54928,247.1
54929,241.6
54930,236.3
54931,236.7
54932,234.2
54933,240.5
54934,278.3
54935,260.2
54936,251.4
54937,277.1
54938,273.3
54939,267.5
54940,248.0
54941,230.4
54942,226.8
54943,226.1
54944,226.8
54945,227.9
54946,237.2
54947,246.4
54948,272.1
54949,271.6
54950,278.6
54951,277.2
54952,276.0
54953,270.7
54954,253.7
54955,248.3
54956,253.1
54957,256.9
54958,265.9
54959,262.1
54960,253.2
54961,254.3
54962,247.0
54963,242.4
54964,246.4
54965,246.8
54966,246.7
54967,248.1
54968,244.3
54969,242.4
54970,247.0
54971,243.0
54972,242.2
54973,242.3
54974,243.1
54975,253.1
54976,257.3
54977,252.0
54978,254.1
54979,255.4
54980,247.7
54981,244.6
54982,244.8
54983,244.3
54984,243.3
54985,244.9
54986,246.7
54987,257.8
54988,267.6
54989,268.8
54990,263.5
54991,261.9
54992,264.7
54993,250.0
54994,237.2
54995,240.2
54996,257.8
54997,257.7
54998,252.8
54999,230.7
55000,223.0
55001,220.0
55002,219.5
55003,220.7
55004,222.6
55005,226.7
55006,228.0
55007,228.3
55008,229.0
55009,228.1
55010,227.7
55011,228.5
55012,230.4
55013,230.3
55014,230.6
55015,230.8
55016,227.4
55017,227.3
55018,225.7
55019,224.3
55020,225.1
55021,224.6
55022,224.1
55023,224.5
55024,225.2
55025,225.6
55026,225.7
55027,225.2
55028,226.2
55029,227.1
55030,227.1
55031,227.7
55032,228.5
55033,228.0
55034,229.8
55035,230.3
55036,233.6
55037,232.0
55038,233.0
55039,232.4
55040,233.2
55041,235.3
55042,232.7
55043,232.7
55044,234.5
55045,236.2
55046,236.8
55047,239.2
55048,237.1
55049,237.2
55050,236.8
55051,234.1
55052,233.7
55053,235.2
55054,233.9
55055,235.0
55056,236.6
55057,237.2
55058,237.5
55059,240.7
55060,242.2
55061,246.1
55062,247.7
55063,249.6
55064,249.9
55065,247.8
55066,249.2
55067,244.8
55068,240.8
55069,236.0
55070,229.9
55071,227.2
55072,226.2
55073,226.5
55074,227.2
55075,228.1
55076,226.5
55077,225.1
55078,226.0
55079,225.8
55080,227.3
55081,226.8
55082,227.5
55083,227.9
55084,226.5
55085,227.3
55086,228.7
55087,228.9
55088,228.1
55089,236.0
55090,258.8
55091,269.4
55092,273.2
55093,277.1
55094,279.4
55095,267.9
55096,250.6
55097,247.9
55098,243.4
55099,251.3
55100,252.6
55101,248.1
55102,239.9
55103,244.4
55104,253.5
55105,257.2
