NETCARE2015/data/raw/Flight3/H2O_POLAR6_20150408_R1_L1_NETCARE.ict
34, 1001
Bozem, Heiko; Hoor, Peter
Institute for Atmospheric Physics, Johannes Gutenberg University, Mainz, Germany
H2O mixing ratio from LI7200 CO2/H2O analyzer
NETCARE Polar 6 Campaign 2015
1, 1
2015, 04, 08, 2016, 01, 22
1
Time_UTC, seconds
1
1
-9999.9
H2O_ppmv, ppmv
0
19
PI_CONTACT_INFO: Address: Johann-Joachim-Becherweg 21, 55128 Mainz, email: bozemh@uni-mainz.de; hoor@uni-mainz.de
PLATFORM: Polar 6
LOCATION: GPS location and altitude available at 1 Hz resolution in separate file (See AIMMS files under Aircraft data and meteorology)
ASSOCIATED_DATA: N/A
INSTRUMENT_INFO: H2O measurements based on non-dispersive infrared absorption spectroscopy
DATA_INFO: Units are ppmv
UNCERTAINTY RELATIVE TO STANDARD: 18.5 ppmv or 2.5 %, whichever is greater, at 1 sigma confidence (before drift correction is applied)
ULOD_FLAG: -7777
ULOD_VALUE: N/A
LLOD_FLAG: -8888
LLOD_VALUE: N/A 
DM_CONTACT_INFO: N/A
PROJECT_INFO: NETCARE Polar 6 aircraft campaign in April 2015; Alert
STIPULATIONS_ON_USE: N/A
OTHER_COMMENTS: N/A
REVISION: R1
R0: Preliminary data, corrected for instrument drift
R1: Final data, corrected for instrument drift
Time_UTC,H2O_ppmv
49879,458.2
49880,458.1
49881,459.0
49882,458.5
49883,459.6
49884,462.4
49885,464.2
49886,468.9
49887,481.7
49888,488.9
49889,493.0
49890,494.6
49891,496.2
49892,498.9
49893,499.8
49894,500.2
49895,501.4
49896,502.6
49897,503.1
49898,502.5
49899,503.3
49900,503.9
49901,504.2
49902,503.6
49903,504.1
49904,505.8
49905,505.2
49906,505.7
49907,506.8
49908,507.0
49909,506.4
49910,507.5
49911,508.1
49912,508.6
49913,509.2
49914,508.0
49915,510.2
49916,512.1
49917,513.2
49918,512.7
49919,514.5
49920,516.0
49921,518.9
49922,517.1
49923,513.5
49924,517.0
49925,516.1
49926,517.2
49927,516.7
49928,515.6
49929,519.5
49930,518.0
49931,521.0
49932,523.4
49933,526.7
49934,529.9
49935,530.4
49936,529.2
49937,533.3
49938,535.0
49939,534.7
49940,536.0
49941,536.5
49942,536.5
49943,536.6
49944,536.2
49945,536.4
49946,535.0
49947,531.7
49948,531.5
49949,532.4
49950,534.7
49951,535.4
49952,535.3
49953,535.8
49954,536.0
49955,535.4
49956,535.7
49957,536.9
49958,533.7
49959,533.9
49960,533.6
49961,533.4
49962,533.7
49963,534.3
49964,533.6
49965,531.4
49966,527.6
49967,523.9
49968,526.6
49969,530.3
49970,532.6
49971,533.3
49972,533.2
49973,532.5
49974,529.3
49975,524.8
49976,521.6
49977,520.6
49978,521.1
49979,521.3
49980,521.9
49981,524.7
49982,523.5
49983,521.0
49984,521.7
49985,523.6
49986,538.1
49987,533.2
49988,535.0
49989,531.5
49990,530.8
49991,535.3
49992,539.8
49993,537.4
49994,539.7
49995,543.7
49996,541.0
49997,544.0
49998,545.8
49999,546.5
50000,546.2
50001,545.3
50002,546.2
50003,546.7
50004,546.1
50005,546.0
50006,544.1
50007,542.8
50008,542.5
50009,540.3
50010,540.4
50011,538.6
50012,538.1
50013,537.5
50014,536.0
50015,536.9
50016,536.1
50017,531.2
50018,527.7
50019,530.4
50020,532.8
50021,532.4
50022,532.9
50023,532.8
50024,529.7
50025,530.5
50026,529.2
50027,532.4
50028,532.7
50029,531.3
50030,528.7
50031,526.1
50032,523.8
50033,522.3
50034,518.4
50035,516.4
50036,515.7
50037,515.6
50038,514.2
50039,514.5
50040,513.1
50041,513.3
50042,512.6
50043,511.8
50044,504.1
50045,501.4
50046,505.2
50047,493.2
50048,484.7
50049,486.7
50050,488.0
50051,488.2
50052,483.4
50053,485.9
50054,491.8
50055,492.0
50056,480.3
50057,479.6
50058,479.7
50059,477.2
50060,480.7
50061,480.4
50062,481.2
50063,482.9
50064,484.0
50065,484.1
50066,492.5
50067,490.1
50068,488.4
50069,493.0
50070,493.4
50071,491.4
50072,486.9
50073,487.0
50074,491.0
50075,491.4
50076,491.9
50077,493.7
50078,491.7
50079,490.8
50080,490.7
50081,491.3
50082,492.0
50083,493.8
50084,494.8
50085,496.0
50086,493.6
50087,492.0
50088,491.2
50089,492.0
50090,491.5
50091,489.7
50092,490.7
50093,490.5
50094,487.6
50095,486.3
50096,481.6
50097,472.8
50098,462.1
50099,452.0
50100,446.2
50101,443.8
50102,441.8
50103,441.6
50104,441.3
50105,442.3
50106,442.1
50107,444.5
50108,445.3
50109,447.4
50110,447.3
50111,449.3
50112,449.4
50113,448.4
50114,446.4
50115,450.0
50116,452.0
50117,448.9
50118,447.7
50119,449.1
50120,456.2
50121,458.2
50122,463.4
50123,464.5
50124,463.5
50125,464.3
50126,451.6
50127,438.6
50128,437.9
50129,439.0
50130,437.2
50131,438.1
50132,438.5
50133,437.4
50134,438.6
50135,438.4
50136,439.3
50137,439.6
50138,441.6
50139,443.7
50140,442.6
50141,443.1
50142,441.7
50143,444.3
50144,443.7
50145,444.8
50146,446.0
50147,446.5
50148,447.0
50149,446.7
50150,448.9
50151,447.9
50152,447.6
50153,447.0
50154,440.0
50155,441.6
50156,444.6
50157,442.7
50158,445.7
50159,442.8
50160,442.3
50161,447.5
50162,433.2
50163,429.6
50164,431.9
50165,427.5
50166,428.5
50167,429.9
50168,427.2
50169,434.2
50170,433.1
50171,416.7
50172,397.3
50173,383.2
50174,371.7
50175,365.8
50176,358.3
50177,356.9
50178,361.8
50179,362.9
50180,354.4
50181,352.9
50182,351.3
50183,352.5
50184,352.6
50185,351.4
50186,345.5
50187,339.1
50188,335.3
50189,329.6
50190,326.8
50191,319.7
50192,316.6
50193,318.8
50194,317.2
50195,316.8
50196,315.4
50197,315.7
50198,315.4
50199,313.8
50200,314.2
50201,313.4
50202,310.9
50203,311.1
50204,309.9
50205,309.3
50206,307.8
50207,306.2
50208,310.9
50209,311.4
50210,305.5
50211,306.3
50212,310.2
50213,310.2
50214,312.2
50215,317.9
50216,319.6
50217,317.4
50218,319.3
50219,315.8
50220,313.2
50221,318.5
50222,317.7
50223,314.8
50224,331.2
50225,339.1
50226,337.2
50227,328.5
50228,321.2
50229,315.9
50230,312.4
50231,309.1
50232,308.2
50233,312.1
50234,315.5
50235,315.9
50236,316.8
50237,313.8
50238,315.6
50239,316.7
50240,310.9
50241,309.5
50242,309.9
50243,311.3
50244,315.1
50245,316.9
50246,316.6
50247,315.3
50248,315.2
50249,316.3
50250,316.6
50251,317.9
50252,320.3
50253,322.2
50254,321.7
50255,324.0
50256,319.8
50257,320.6
50258,322.6
50259,319.6
50260,319.4
50261,319.6
50262,320.2
50263,316.7
50264,317.7
50265,321.6
50266,325.4
50267,326.1
50268,316.0
50269,312.6
50270,311.4
50271,309.8
50272,310.1
50273,311.8
50274,313.2
50275,312.6
50276,310.8
50277,307.3
50278,306.9
50279,308.2
50280,306.8
50281,308.4
50282,306.3
50283,305.7
50284,305.9
50285,306.5
50286,307.4
50287,306.9
50288,309.1
50289,314.7
50290,312.0
50291,317.5
50292,320.0
50293,322.9
50294,319.7
50295,321.0
50296,324.4
50297,323.6
50298,325.1
50299,323.8
50300,323.8
50301,325.2
50302,325.1
50303,322.0
50304,321.9
50305,324.9
50306,326.0
50307,329.0
50308,328.1
50309,327.9
50310,329.6
50311,332.4
50312,331.0
50313,333.3
50314,332.3
50315,329.4
50316,330.8
50317,331.6
50318,331.2
50319,331.5
50320,332.0
50321,331.2
50322,333.6
50323,333.9
50324,333.1
50325,333.4
50326,340.5
50327,335.3
50328,333.3
50329,333.4
50330,333.5
50331,333.6
50332,332.9
50333,332.8
50334,333.6
50335,338.9
50336,335.7
50337,333.0
50338,335.2
50339,335.9
50340,334.6
50341,334.4
50342,333.6
50343,334.2
50344,335.5
50345,334.9
50346,335.9
50347,337.4
50348,336.9
50349,337.0
50350,339.3
50351,335.7
50352,336.1
50353,337.0
50354,337.1
50355,340.8
50356,340.8
50357,338.8
50358,337.8
50359,334.3
50360,326.8
50361,322.0
50362,317.8
50363,315.5
50364,316.3
50365,322.7
50366,327.0
50367,332.7
50368,335.8
50369,335.2
50370,336.2
50371,338.8
50372,338.6
50373,339.9
50374,341.0
50375,344.6
50376,345.1
50377,345.4
50378,346.4
50379,348.2
50380,350.8
50381,357.2
50382,366.3
50383,373.5
50384,359.9
50385,346.8
50386,347.2
50387,357.8
50388,362.5
50389,361.1
50390,363.3
50391,364.1
50392,372.6
50393,376.7
50394,375.0
50395,374.0
50396,370.3
50397,351.6
50398,349.5
50399,351.4
50400,351.1
50401,352.1
50402,351.2
50403,351.0
50404,354.0
50405,359.1
50406,364.7
50407,368.6
50408,363.9
50409,365.0
50410,371.7
50411,370.9
50412,371.2
50413,367.5
50414,365.2
50415,363.6
50416,362.9
50417,361.2
50418,357.9
50419,355.9
50420,357.5
50421,355.1
50422,357.3
50423,356.0
50424,353.6
50425,354.5
50426,358.2
50427,358.0
50428,357.7
50429,359.5
50430,370.3
50431,380.5
50432,380.9
50433,382.9
50434,387.8
50435,391.3
50436,399.4
50437,402.1
50438,404.4
50439,414.9
50440,422.3
50441,425.2
50442,426.8
50443,428.2
50444,429.5
50445,428.7
50446,427.7
50447,427.6
50448,427.9
50449,426.3
50450,427.2
50451,428.4
50452,428.2
50453,427.7
50454,428.8
50455,427.4
50456,428.1
50457,432.1
50458,433.2
50459,434.3
50460,429.0
50461,427.5
50462,433.6
50463,424.9
50464,425.2
50465,427.0
50466,425.1
50467,429.9
50468,424.9
50469,423.4
50470,423.7
50471,423.4
50472,421.3
50473,421.4
50474,418.5
50475,413.9
50476,412.9
50477,414.5
50478,410.0
50479,400.8
50480,398.1
50481,390.6
50482,389.9
50483,388.1
50484,381.8
50485,374.9
50486,374.0
50487,370.4
50488,372.2
50489,370.8
50490,361.4
50491,365.5
50492,370.7
50493,362.7
50494,360.2
50495,361.4
50496,358.1
50497,358.9
50498,353.0
50499,352.1
50500,356.0
50501,355.0
50502,362.8
50503,373.4
50504,381.4
50505,391.8
50506,413.5
50507,421.1
50508,429.5
50509,429.8
50510,432.5
50511,433.4
50512,432.2
50513,431.8
50514,431.6
50515,431.6
50516,430.1
50517,427.4
50518,426.1
50519,425.6
50520,426.3
50521,427.4
50522,428.4
50523,425.9
50524,425.5
50525,427.7
50526,428.1
50527,429.5
50528,430.0
50529,430.5
50530,431.6
50531,430.9
50532,429.5
50533,428.2
50534,425.1
50535,424.6
50536,421.8
50537,420.0
50538,412.1
50539,406.6
50540,404.7
50541,403.7
50542,389.5
50543,394.3
50544,382.7
50545,381.0
50546,393.1
50547,393.1
50548,392.3
50549,389.8
50550,374.5
50551,369.3
50552,368.2
50553,370.8
50554,372.0
50555,372.1
50556,377.0
50557,389.1
50558,390.4
50559,392.4
50560,393.1
50561,390.9
50562,395.7
50563,402.6
50564,404.6
50565,407.7
50566,408.1
50567,406.8
50568,417.1
50569,422.4
50570,424.2
50571,427.5
50572,430.6
50573,429.0
50574,425.5
50575,422.7
50576,422.3
50577,422.0
50578,421.7
50579,422.1
50580,414.7
50581,411.1
50582,407.8
50583,409.2
50584,414.1
50585,418.2
50586,422.1
50587,423.5
50588,423.2
50589,424.3
50590,426.3
50591,426.5
50592,428.5
50593,428.2
50594,426.0
50595,423.8
50596,423.6
50597,421.2
50598,420.0
50599,409.8
50600,407.7
50601,406.0
50602,405.8
50603,406.3
50604,407.0
50605,407.1
50606,405.6
50607,405.6
50608,407.0
50609,410.2
50610,411.0
50611,412.4
50612,412.2
50613,414.9
50614,416.3
50615,419.0
50616,421.7
50617,421.7
50618,420.8
50619,421.6
50620,424.7
50621,425.1
50622,426.6
50623,425.0
50624,425.7
50625,425.7
50626,426.1
50627,426.0
50628,426.4
50629,426.9
50630,426.9
50631,426.8
50632,425.2
50633,425.2
50634,424.5
50635,425.9
50636,425.9
50637,426.6
50638,427.6
50639,427.7
50640,428.3
50641,422.6
50642,419.1
50643,416.4
50644,421.0
50645,424.3
50646,425.6
50647,423.6
50648,417.9
50649,410.4
50650,407.6
50651,405.4
50652,406.3
50653,411.2
50654,415.7
50655,421.6
50656,425.0
50657,424.2
50658,423.9
50659,422.7
50660,423.7
50661,422.5
50662,418.5
50663,421.5
50664,418.3
50665,417.5
50666,413.3
50667,410.3
50668,407.9
50669,408.2
50670,407.3
50671,408.5
50672,409.1
50673,410.8
50674,411.6
50675,411.7
50676,412.3
50677,412.7
50678,412.6
50679,411.9
50680,412.7
50681,413.5
50682,413.0
50683,411.9
50684,412.9
50685,412.0
50686,411.8
50687,412.0
50688,412.8
50689,412.4
50690,412.1
50691,411.1
50692,411.5
50693,412.2
50694,412.6
50695,414.3
50696,413.0
50697,412.4
50698,409.8
50699,409.8
50700,409.5
50701,407.4
50702,404.0
50703,400.3
50704,398.5
50705,397.3
50706,396.5
50707,394.8
50708,392.7
50709,392.6
50710,392.4
50711,391.2
50712,391.6
50713,392.3
50714,396.0
50715,399.0
50716,408.2
50717,422.1
50718,426.6
50719,425.8
50720,423.8
50721,421.9
50722,420.8
50723,419.3
50724,419.7
50725,421.5
50726,423.9
50727,423.7
50728,423.8
50729,423.4
50730,422.9
50731,424.2
50732,423.7
50733,423.8
50734,422.2
50735,416.0
50736,411.3
50737,415.0
50738,417.1
50739,423.9
50740,420.5
50741,421.3
50742,408.1
50743,396.7
50744,392.0
50745,391.5
50746,389.3
50747,390.0
50748,389.5
50749,389.2
50750,389.8
50751,390.1
50752,390.5
50753,389.7
50754,389.0
50755,389.4
50756,398.8
50757,402.4
50758,400.6
50759,402.9
50760,400.8
50761,398.6
50762,400.2
50763,398.3
50764,397.4
50765,397.2
50766,397.1
50767,399.8
50768,402.1
50769,402.8
50770,403.8
50771,405.0
50772,408.8
50773,406.5
50774,396.8
50775,394.7
50776,393.9
50777,394.0
50778,396.5
50779,394.7
50780,396.5
50781,397.3
50782,396.3
50783,396.1
50784,398.2
50785,398.3
50786,402.8
50787,404.6
50788,402.0
50789,396.9
50790,396.0
50791,396.6
50792,396.7
50793,396.3
50794,395.7
50795,395.9
50796,396.2
50797,397.8
50798,400.4
50799,398.0
50800,394.4
50801,394.9
50802,391.5
50803,391.9
50804,390.5
50805,390.5
50806,390.4
50807,391.6
50808,391.8
50809,391.7
50810,393.2
50811,392.6
50812,392.0
50813,391.8
50814,389.5
50815,388.1
50816,383.5
50817,386.5
50818,386.5
50819,387.9
50820,387.9
50821,386.0
50822,385.5
50823,385.0
50824,383.9
50825,384.8
50826,386.2
50827,387.4
50828,386.7
50829,385.7
50830,386.4
50831,386.6
50832,386.9
50833,387.3
50834,386.2
50835,385.8
50836,384.8
50837,385.6
50838,387.2
50839,385.1
50840,385.9
50841,386.2
50842,385.3
50843,384.6
50844,384.6
50845,383.0
50846,384.2
50847,384.4
50848,384.8
50849,389.1
50850,385.5
50851,383.0
50852,385.3
50853,384.6
50854,381.2
50855,381.3
50856,382.8
50857,381.9
50858,380.9
50859,381.0
50860,380.1
50861,378.6
50862,378.7
50863,378.9
50864,378.5
50865,378.0
50866,377.8
50867,376.5
50868,377.5
50869,376.5
50870,375.6
50871,373.3
50872,371.4
50873,374.9
50874,379.7
50875,384.5
50876,391.6
50877,394.5
50878,394.0
50879,392.7
50880,392.9
50881,393.4
50882,394.6
50883,395.0
50884,395.6
50885,395.4
50886,394.5
50887,394.5
50888,395.1
50889,393.0
50890,392.9
50891,392.9
50892,393.5
50893,394.6
50894,394.9
50895,392.6
50896,392.3
50897,393.2
50898,394.7
50899,394.4
50900,394.6
50901,393.6
50902,390.0
50903,388.1
50904,383.9
50905,381.7
50906,375.1
50907,371.3
50908,374.2
50909,375.0
50910,377.8
50911,377.7
50912,379.2
50913,378.8
50914,380.3
50915,384.9
50916,386.2
50917,383.4
50918,389.4
50919,399.4
50920,390.4
50921,395.3
50922,402.1
50923,388.8
50924,388.9
50925,387.5
50926,390.9
50927,389.0
50928,383.7
50929,384.5
50930,381.7
50931,380.7
50932,380.0
50933,378.8
50934,378.8
50935,380.6
50936,376.4
50937,375.3
50938,372.3
50939,372.1
50940,371.7
50941,371.4
50942,370.5
50943,371.1
50944,374.4
50945,376.5
50946,384.1
50947,386.6
50948,387.5
50949,386.3
50950,385.7
50951,385.0
50952,383.3
50953,382.2
50954,377.8
50955,375.4
50956,373.3
50957,374.6
50958,373.5
50959,375.7
50960,375.3
50961,366.6
50962,370.0
50963,370.1
50964,363.5
50965,367.4
50966,368.2
50967,367.8
50968,366.6
50969,368.4
50970,372.5
50971,379.2
50972,378.5
50973,382.2
50974,381.3
50975,381.5
50976,382.5
50977,384.7
50978,386.6
50979,389.3
50980,391.4
50981,394.3
50982,396.5
50983,398.3
50984,398.2
50985,397.6
50986,394.0
50987,394.2
50988,392.8
50989,393.1
50990,392.3
50991,385.3
50992,375.1
50993,368.7
50994,368.5
50995,371.5
50996,372.9
50997,374.0
50998,378.3
50999,379.5
51000,379.3
51001,379.6
51002,376.7
51003,370.9
51004,365.7
51005,358.3
51006,351.4
51007,349.9
51008,350.6
51009,336.1
51010,319.8
51011,307.2
51012,301.4
51013,296.6
51014,292.6
51015,289.9
51016,281.3
51017,271.1
51018,269.6
51019,273.0
51020,281.3
51021,283.9
51022,284.0
51023,288.4
51024,289.1
51025,288.1
51026,287.4
51027,288.8
51028,286.5
51029,288.7
51030,290.0
51031,296.7
51032,296.6
51033,293.0
51034,288.8
51035,287.4
51036,287.6
51037,289.0
51038,289.5
51039,290.8
51040,291.1
51041,289.8
51042,290.1
51043,287.2
51044,282.8
51045,280.4
51046,279.9
51047,280.5
51048,279.7
51049,278.3
51050,279.3
51051,280.2
51052,280.5
51053,280.5
51054,285.3
51055,288.7
51056,296.6
51057,296.0
51058,300.6
51059,305.3
51060,310.1
51061,310.1
51062,307.0
51063,306.9
51064,310.3
51065,313.0
51066,310.6
51067,312.8
51068,316.6
51069,318.6
51070,319.9
51071,322.7
51072,332.3
51073,334.8
51074,331.4
51075,326.3
51076,320.7
51077,312.0
51078,320.9
51079,323.0
51080,341.1
51081,349.4
51082,348.4
51083,345.8
51084,346.0
51085,344.6
51086,343.7
51087,342.5
51088,338.8
51089,337.9
51090,338.3
51091,341.7
51092,346.8
51093,345.0
51094,344.8
51095,345.8
51096,343.4
51097,342.1
51098,340.4
51099,339.6
51100,341.5
51101,338.8
51102,338.0
51103,336.8
51104,337.7
51105,336.3
51106,335.2
51107,335.5
51108,333.6
51109,332.9
51110,334.0
51111,332.5
51112,330.8
51113,328.6
51114,335.1
51115,338.1
51116,337.8
51117,338.9
51118,335.7
51119,329.6
51120,326.6
51121,325.9
51122,324.7
51123,316.4
51124,309.7
51125,307.6
51126,311.0
51127,329.2
51128,336.4
51129,330.2
51130,327.6
51131,326.9
51132,322.5
51133,320.7
51134,320.8
51135,319.0
51136,315.4
51137,314.0
51138,315.4
51139,314.5
51140,310.5
51141,309.1
51142,309.5
51143,305.5
51144,301.2
51145,298.9
51146,295.9
51147,294.1
51148,292.4
51149,293.0
51150,290.4
51151,292.5
51152,291.6
51153,290.6
51154,289.6
51155,289.7
51156,286.5
51157,288.4
51158,288.6
51159,287.2
51160,285.2
51161,279.7
51162,275.8
51163,269.4
51164,265.3
51165,260.7
51166,257.0
51167,250.3
51168,236.5
51169,243.6
51170,232.0
51171,230.7
51172,216.7
51173,219.3
51174,217.0
51175,204.6
51176,198.6
51177,179.5
51178,178.2
51179,180.6
51180,190.2
51181,191.0
51182,192.1
51183,186.7
51184,181.4
51185,178.2
51186,174.7
51187,171.5
51188,173.1
51189,175.5
51190,189.1
51191,216.3
51192,235.4
51193,243.0
51194,259.7
51195,255.8
51196,266.0
51197,274.0
51198,277.3
51199,278.9
51200,287.4
51201,293.1
51202,293.7
51203,294.8
51204,292.2
51205,291.7
51206,291.1
51207,288.9
51208,286.3
51209,287.8
51210,285.1
51211,283.2
