NETCARE2015/data/raw/Flight3/SP2_Polar6_20150408_R2_L1.ict
38, 1001
Herber, Andreas; Schulz, Hannes
Alfred Wegener Institute (AWI), Bremerhaven, Germany
rBC mass concentration from SP2 (single particle soot photometer), combined high and low gain channel, size range 75 to 700 nm
NETCARE Polar 6 Campaign 2015
1, 1
2015,04,08, 2017, 09, 07
1
Time_UTC, seconds
4
1, 1, 1, 1, 1
-9999, -9999, -9999, -9999, -9999
BC_mass_concVOL, ug/m3
BC_numb_concVOL, 1/vccm
BC_mass_concSTP, ug/m3STP
BC_numb_concSTP, 1/sccm
0
20
PI_CONTACT_INFO: Address: AWI, Am Handelshafen 12, D-27570 Bremerhaven, email: andreas.herber@awi.de; hannes.schulz@awi.de
PLATFORM: Polar 6
LOCATION: GPS location and altitude available at 1 Hz resolution in separate file
ASSOCIATED_DATA: N/A
INSTRUMENT_INFO: Refractory black carbon aerosol measurements based on laser induced incandescence
DATA_INFO: Units are ug/m3 (volumetric) or ug/m3 STP (NIST standard NTP 20C, 1013.25 hPa; corrected with chamber temperature and pressure)
UNCERTAINTY: +/- 10%, typical intra-model variability of SP2 derived BC mass concentration [Laborde et al., 2012]
ULOD_FLAG: -7777
ULOD_VALUE: N/A
LLOD_FLAG: not masked
LLOD_VALUE: zero ug/m3 (e.g. no particle or particles <0.3 fg per single particle detection)
DM_CONTACT_INFO: Hannes Schulz, see above
PROJECT_INFO: NETCARE Polar 6 aircraft campaign in April 2015
STIPULATIONS_ON_USE: Preliminary data! Use of these data requires prior approval from PI
OTHER_COMMENTS: N/A
REVISION: R2
R2: Preliminary data; calibration: Fullerene Soot, DLR lab 2015/01/20; bad data and zero filter masked as -9999
R1: Preliminary data, updated header information, corrected mass concentration
R0: Preliminary data, initial release
Time_UTC, BC_mass_concVOL, BC_numb_concVOL, BC_mass_concSTP, BC_numb_concSTP
[from data line 8204]
58083, 0.042198, 14.612484, 0.061604, 21.332610
58084, 0.068906, 20.286928, 0.100522, 29.595292
58085, 0.030230, 16.139290, 0.044092, 23.539549
58086, 0.055546, 20.156576, 0.081051, 29.412039
58087, 0.061866, 17.461164, 0.090170, 25.449745
58088, 0.038061, 17.086195, 0.055445, 24.890496
58089, 0.048739, 17.495533, 0.070939, 25.464227
58090, 0.055208, 18.465984, 0.080349, 26.875280
58091, 0.035992, 11.526606, 0.052324, 16.757096
58092, 0.054525, 18.641365, 0.079230, 27.087642
58093, 0.054255, 20.410400, 0.078783, 29.637565
58094, 0.027996, 12.067717, 0.040671, 17.531220
58095, 0.037687, 15.034200, 0.054729, 21.832358
58096, 0.038118, 15.538022, 0.055329, 22.553791
58097, 0.035409, 11.761898, 0.051407, 17.076038
58098, 0.029873, 13.630700, 0.043327, 19.769542
58099, 0.050615, 15.206499, 0.073407, 22.054213
58100, 0.027054, 13.209346, 0.039224, 19.151087
58101, 0.055947, 16.439383, 0.081097, 23.829170
58102, 0.050602, 15.419665, 0.073266, 22.325802
58103, 0.045391, 14.831177, 0.065748, 21.482741
58104, 0.047002, 13.656129, 0.068059, 19.774101
58105, 0.051784, 16.222475, 0.074892, 23.461553
58106, 0.032394, 13.447512, 0.046855, 19.450224
58107, 0.039649, 14.155222, 0.057312, 20.460786
58108, 0.031938, 11.078187, 0.046175, 16.016481
58109, 0.078198, 17.810114, 0.112998, 25.736221
58110, 0.067967, 16.785608, 0.098145, 24.238495
58111, 0.055718, 16.745655, 0.080446, 24.177447
58112, 0.048672, 14.392180, 0.070265, 20.776960
58113, 0.052632, 10.702270, 0.075911, 15.435896
58114, 0.056748, 18.037510, 0.081868, 26.021780
58115, 0.058808, 15.132035, 0.084811, 21.822826
58116, 0.054862, 16.110003, 0.079065, 23.216886
58117, 0.084016, 14.486004, 0.121048, 20.870940
58118, 0.047657, 16.805267, 0.068640, 24.204425
58119, 0.057730, 18.115309, 0.083117, 26.081757
58120, 0.042725, 16.005569, 0.061430, 23.012798
58121, 0.039118, 10.844313, 0.056272, 15.599904
58122, 0.019916, 11.560739, 0.028645, 16.627525
58123, 0.037368, 15.181760, 0.053590, 21.772322
58124, 0.037548, 17.097853, 0.053880, 24.534619
58125, 0.062241, 14.864021, 0.089209, 21.304182
58126, 0.032088, 9.958673, 0.045965, 14.265490
58127, 0.028094, 12.648197, 0.040235, 18.114306
58128, 0.037834, 17.320404, 0.054158, 24.793882
58129, 0.073915, 16.033390, 0.105701, 22.928385
58130, 0.065873, 28.341784, 0.094167, 40.515030
58131, 0.059680, 17.413143, 0.085240, 24.870949
58132, 0.067195, 23.458885, 0.095888, 33.476304
58133, 0.043293, 21.680302, 0.061809, 30.952954
58134, 0.079211, 23.466537, 0.113074, 33.498796
58135, 0.074209, 23.820299, 0.105927, 34.001680
58136, 0.079158, 26.532799, 0.112614, 37.746985
58137, 0.084259, 20.982838, 0.120197, 29.932462
58138, 0.047825, 14.444037, 0.068162, 20.586220
58139, 0.047345, 15.680755, 0.067488, 22.352434
58140, 0.094003, 18.049189, 0.133972, 25.723474
58141, 0.105248, 27.294779, 0.149975, 38.894301
58142, 0.105944, 30.809504, 0.150846, 43.867614
58143, 0.069961, 25.217558, 0.099613, 35.905888
58144, 0.074044, 25.214134, 0.105347, 35.873332
58145, 0.064162, 18.248522, 0.091252, 25.953347
58146, 0.053499, 22.583935, 0.076087, 32.118926
58147, 0.046383, 26.190525, 0.065902, 37.212567
58148, 0.094361, 22.162693, 0.134089, 31.493432
58149, 0.096335, 24.524416, 0.136766, 34.816929
58150, 0.093719, 27.558252, 0.132981, 39.103293
58151, 0.044451, 19.637806, 0.063076, 27.866177
58152, 0.076313, 16.574196, 0.108236, 23.507332
58153, 0.052782, 23.007418, 0.074836, 32.620394
58154, 0.083159, 29.275797, 0.117892, 41.503478
58155, 0.126539, 32.406120, 0.179217, 45.896731
58156, 0.091460, 26.318762, 0.129538, 37.276259
58157, 0.069935, 25.181004, 0.098985, 35.640537
58158, 0.069055, 22.163559, 0.097769, 31.379475
58159, 0.070067, 26.069122, 0.099172, 36.898093
58160, 0.104339, 22.389587, 0.147684, 31.690721
58161, 0.110578, 36.152740, 0.156505, 51.168211
58162, 0.074388, 26.340950, 0.105178, 37.243554
58163, 0.058422, 24.487843, 0.082672, 34.652367
58164, 0.080085, 25.875570, 0.113259, 36.593968
58165, 0.072630, 22.646128, 0.102675, 32.014251
58166, 0.091284, 24.089821, 0.129066, 34.060676
58167, 0.088539, 22.717361, 0.125168, 32.115582
58168, 0.085983, 26.922539, 0.121528, 38.052301
58169, 0.101465, 30.857115, 0.143326, 43.587454
58170, 0.067442, 24.105549, 0.095241, 34.041297
58171, 0.103875, 32.620262, 0.146655, 46.054605
58172, 0.236564, 34.675465, 0.334013, 48.959487
58173, 0.070126, 24.071190, 0.098921, 33.955310
58174, 0.125134, 27.693449, 0.176591, 39.081443
58175, 0.070064, 28.260946, 0.098544, 39.748707
58176, 0.106508, 34.475567, 0.150080, 48.579507
58177, 0.072138, 23.601437, 0.101675, 33.265011
58178, 0.075140, 26.876095, 0.105840, 37.857227
58179, 0.074824, 27.314306, 0.105370, 38.465017
58180, 0.098043, 28.154810, 0.137989, 39.625892
58181, 0.093641, 27.679548, 0.131851, 38.974190
58182, 0.116663, 28.207823, 0.164121, 39.682626
58183, 0.069091, 27.660225, 0.097250, 38.933879
58184, 0.097906, 28.827435, 0.137737, 40.555090
58185, 0.078236, 22.748606, 0.110001, 31.985035
58186, 0.064016, 24.063879, 0.090016, 33.837220
58187, 0.077661, 29.000490, 0.109149, 40.758579
58188, 0.102776, 25.754370, 0.144484, 36.205750
58189, 0.099304, 28.894180, 0.139635, 40.629306
58190, 0.104298, 23.944027, 0.146649, 33.666926
58191, 0.044063, 18.565826, 0.061904, 26.082870
58192, 0.083197, 24.097956, 0.116898, 33.859182
58193, 0.156408, 29.428200, 0.219530, 41.304679
58194, 0.070577, 24.717758, 0.099094, 34.705074
58195, 0.096724, 28.663649, 0.135766, 40.233683
58196, 0.116093, 35.394928, 0.162767, 49.625060
58197, 0.082628, 29.152145, 0.115740, 40.834663
58198, 0.103431, 27.887423, 0.144818, 39.046323
58199, 0.065698, 26.291241, 0.091901, 36.777231
58200, 0.060062, 28.658321, 0.083999, 40.079386
58201, 0.078935, 27.657728, 0.110375, 38.673823
58202, 0.072493, 27.685972, 0.101325, 38.697093
58203, 0.079591, 24.247164, 0.111219, 33.882344
58204, 0.089923, 26.148111, 0.125597, 36.521460
58205, 0.135011, 23.637543, 0.188522, 33.006055
58206, 0.117122, 29.685183, 0.163465, 41.431154
58207, 0.110153, 26.646744, 0.153616, 37.160733
58208, 0.067931, 26.272799, 0.094711, 36.630158
58209, 0.115525, 31.627800, 0.161018, 44.082597
58210, 0.122671, 28.202646, 0.170897, 39.290168
58211, 0.061284, 27.745745, 0.085358, 38.644942
58212, 0.080933, 26.851704, 0.112751, 37.408120
58213, 0.058840, 21.249680, 0.082023, 29.622392
58214, 0.090879, 31.590744, 0.126637, 44.020601
58215, 0.112275, 30.784891, 0.156402, 42.883957
58216, 0.104449, 30.077778, 0.145475, 41.891818
58217, 0.137537, 32.378071, 0.191518, 45.086003
58218, 0.125974, 32.951176, 0.175333, 45.862025
58219, 0.057031, 23.370300, 0.079325, 32.505728
58220, 0.121721, 25.463839, 0.169213, 35.399120
58221, 0.129449, 29.549583, 0.179808, 41.045077
58222, 0.057215, 20.064787, 0.079498, 27.879303
58223, 0.093630, 30.696787, 0.129953, 42.605364
58224, 0.101915, 27.632614, 0.141364, 38.328532
58225, 0.065742, 24.979523, 0.091022, 34.584872
58226, 0.096221, 28.968264, 0.133522, 40.198181
58227, 0.125852, 26.703205, 0.174694, 37.066430
58228, 0.081583, 24.843422, 0.113206, 34.473163
58229, 0.162157, 24.701376, 0.224864, 34.253510
58230, 0.062844, 20.668804, 0.087169, 28.669200
58231, 0.050607, 19.166208, 0.070204, 26.588095
58232, 0.053342, 20.539183, 0.073995, 28.491458
58233, 0.057442, 22.861382, 0.079619, 31.687544
58234, 0.066727, 23.455244, 0.092487, 32.510041
58235, 0.167684, 28.034668, 0.232328, 38.842442
58236, 0.153306, 24.170275, 0.212401, 33.487172
58237, 0.162957, 26.864101, 0.225707, 37.208741
58238, 0.084405, 25.429502, 0.116921, 35.226177
58239, 0.057141, 24.126884, 0.079160, 33.424209
58240, 0.118879, 31.842615, 0.164447, 44.048300
58241, 0.074118, 28.411627, 0.102557, 39.312964
58242, 0.181134, 33.164993, 0.250554, 45.875642
58243, 0.070624, 29.936666, 0.097640, 41.388528
58244, 0.076178, 29.844156, 0.105283, 41.246796
58245, 0.083980, 30.310658, 0.115980, 41.860400
58246, 0.244322, 24.739296, 0.337348, 34.158854
58247, 0.093356, 24.337036, 0.128952, 33.616562
58248, 0.066309, 24.473536, 0.091500, 33.771247
58249, 0.097951, 22.257145, 0.135134, 30.706025
58250, 0.081131, 25.741417, 0.111876, 35.496359
58251, 0.096821, 28.320681, 0.133528, 39.057664
58252, 0.104693, 23.630852, 0.144271, 32.564364
58253, 0.109477, 27.206842, 0.150766, 37.467820
58254, 0.066741, 31.391981, 0.091942, 43.245456
58255, 0.104340, 23.638979, 0.143614, 32.536782
58256, 0.076812, 27.704943, 0.105690, 38.120715
58257, 0.054854, 23.379454, 0.075512, 32.183938
58258, 0.069547, 23.134094, 0.095640, 31.813754
58259, 0.069312, 22.942894, 0.095292, 31.542530
58260, 0.170561, 31.520983, 0.234489, 43.335413
58261, 0.073775, 25.892076, 0.101401, 35.587776
58262, 0.074709, 22.098946, 0.102634, 30.359178
58263, 0.083550, 24.451801, 0.114656, 33.555121
58264, 0.096229, 29.161707, 0.132078, 40.025678
58265, 0.102565, 32.782387, 0.140766, 44.992361
58266, 0.100444, 30.498419, 0.137819, 41.846753
58267, 0.080730, 27.250919, 0.110795, 37.399566
58268, 0.078542, 28.408855, 0.107589, 38.915494
58269, 0.081412, 28.476151, 0.111610, 39.038815
58270, 0.063758, 26.696241, 0.087394, 36.593304
58271, 0.067081, 30.588333, 0.091835, 41.876032
58272, 0.088815, 28.079031, 0.121674, 38.467342
58273, 0.089298, 29.206776, 0.122189, 39.964495
58274, 0.099230, 37.859512, 0.135751, 51.793591
58275, 0.097337, 31.388771, 0.133154, 42.938610
58276, 0.092653, 27.304779, 0.126706, 37.340100
58277, 0.107925, 24.509249, 0.147464, 33.488336
58278, 0.104530, 25.089516, 0.142771, 34.268376
58279, 0.085182, 26.497192, 0.116252, 36.161932
58280, 0.071861, 26.003361, 0.098063, 35.484593
58281, 0.082425, 24.085333, 0.112373, 32.836389
58282, 0.088896, 31.839136, 0.121200, 43.409272
58283, 0.169666, 29.823061, 0.231099, 40.621528
58284, 0.062921, 24.735973, 0.085667, 33.678003
58285, 0.047123, 23.265963, 0.064142, 31.669046
58286, 0.071281, 22.478376, 0.097025, 30.596995
58287, 0.045713, 19.184380, 0.062170, 26.090997
58288, 0.061734, 23.092634, 0.083886, 31.378858
58289, 0.099424, 28.552481, 0.135043, 38.781336
58290, 0.046439, 24.756104, 0.063022, 33.595818
58291, 0.071132, 24.828985, 0.096465, 33.671312
58292, 0.067667, 20.876417, 0.091780, 28.315570
58293, 0.187087, 33.367931, 0.253490, 45.211403
58294, 0.064879, 21.832758, 0.087910, 29.583244
58295, 0.097558, 27.866343, 0.132122, 37.739039
58296, 0.075555, 22.024750, 0.102260, 29.809550
58297, 0.052445, 23.285198, 0.070940, 31.496667
58298, 0.135859, 22.067822, 0.183666, 29.833302
58299, 0.067348, 25.921276, 0.091015, 35.030451
58300, 0.068872, 24.954504, 0.093022, 33.704424
58301, 0.072343, 26.108437, 0.097739, 35.274004
58302, 0.070524, 20.039108, 0.095223, 27.057159
58303, 0.042347, 21.636641, 0.057147, 29.198167
58304, 0.093494, 24.448416, 0.126208, 33.003214
58305, 0.092259, 18.723654, 0.124195, 25.204979
58306, 0.083021, 28.731363, 0.112010, 38.763896
58307, 0.080695, 23.975887, 0.108857, 32.343249
58308, 0.051211, 22.216093, 0.069055, 29.957449
58309, 0.105404, 24.346884, 0.142125, 32.829147
58310, 0.049208, 16.833878, 0.066345, 22.696312
58311, 0.055782, 22.159103, 0.075175, 29.863103
58312, 0.058362, 26.329401, 0.078670, 35.490950
58313, 0.072472, 27.363298, 0.097585, 36.845432
58314, 0.048671, 18.314289, 0.065528, 24.657167
58315, 0.075758, 22.992615, 0.101952, 30.942315
58316, 0.067917, 25.479506, 0.091380, 34.281802
58317, 0.148916, 27.699276, 0.200192, 37.236950
58318, 0.052739, 17.514177, 0.070887, 23.540921
58319, 0.042081, 17.414610, 0.056556, 23.404669
58320, 0.038974, 17.301313, 0.052394, 23.258693
58321, 0.031928, 17.669127, 0.042897, 23.739671
58322, 0.115603, 20.371271, 0.155306, 27.367656
58323, 0.087736, 30.001623, 0.117824, 40.290482
58324, 0.037025, 15.514076, 0.049705, 20.827245
58325, 0.065567, 22.274609, 0.088008, 29.898134
58326, 0.048870, 17.690235, 0.065570, 23.735512
58327, 0.033477, 16.846518, 0.044931, 22.610701
58328, 0.073890, 17.083666, 0.099080, 22.907640
58329, 0.078311, 26.823795, 0.104996, 35.964200
58330, 0.074799, 18.903669, 0.100239, 25.332905
58331, 0.077423, 20.928047, 0.103734, 28.040309
58332, 0.053256, 20.718340, 0.071388, 27.772216
58333, 0.092695, 17.892412, 0.124145, 23.963225
58334, 0.064635, 20.797321, 0.086548, 27.848103
58335, 0.055622, 18.550947, 0.074432, 24.824303
58336, 0.080608, 21.451738, 0.107936, 28.724383
58337, 0.046083, 16.522451, 0.061662, 22.108279
58338, 0.059140, 21.047523, 0.079088, 28.146767
58339, 0.083347, 22.697685, 0.111394, 30.335761
58340, 0.068439, 18.984133, 0.091473, 25.373379
58341, 0.098922, 23.318626, 0.132106, 31.141127
58342, 0.060210, 21.283939, 0.080416, 28.426301
58343, 0.044110, 19.034767, 0.058877, 25.406974
58344, 0.077552, 27.711370, 0.103436, 36.960353
58345, 0.067527, 23.012333, 0.090052, 30.688503
58346, 0.069983, 20.513914, 0.093304, 27.350038
58347, 0.039003, 20.155024, 0.051995, 26.868854
58348, 0.048082, 17.750437, 0.064061, 23.649239
58349, 0.069228, 26.334419, 0.092195, 35.070883
58350, 0.022661, 9.326710, 0.030159, 12.412720
58351, 0.073800, 23.528608, 0.098245, 31.322088
58352, 0.050765, 17.699062, 0.067559, 23.553898
58353, 0.046663, 17.577124, 0.062068, 23.380161
58354, 0.055131, 14.036931, 0.073324, 18.669090
58355, 0.080178, 24.200106, 0.106595, 32.173660
58356, 0.081414, 17.655993, 0.108168, 23.458156
58357, 0.057715, 20.019402, 0.076709, 26.607699
58358, 0.063946, 20.476961, 0.084917, 27.192316
58359, 0.069599, 17.679293, 0.092383, 23.467047
58360, 0.078456, 19.279245, 0.104128, 25.587738
58361, 0.039723, 20.458797, 0.052697, 27.140951
58362, 0.108789, 14.670110, 0.144317, 19.460953
58363, 0.053876, 14.999350, 0.071456, 19.893720
58364, 0.046622, 18.587017, 0.061794, 24.635341
58365, 0.032737, 15.931529, 0.043416, 21.128335
58366, 0.026058, 10.822632, 0.034532, 14.342197
58367, 0.054299, 18.044802, 0.071933, 23.905130
58368, 0.049152, 12.964414, 0.065089, 17.167832
58369, 0.043460, 12.418384, 0.057526, 16.437820
58370, 0.044356, 13.211720, 0.058715, 17.488387
58371, 0.037505, 10.667951, 0.049619, 14.113829
58372, 0.078311, 13.846765, 0.103577, 18.314394
58373, 0.039214, 9.722910, 0.051787, 12.840222
58374, 0.030122, 11.309290, 0.039798, 14.942364
58375, 0.046908, 15.967201, 0.061995, 21.102629
58376, 0.209999, 15.836337, 0.277443, 20.922410
58377, 0.024679, 9.124705, 0.032592, 12.050106
58378, 0.020653, 8.136675, 0.027287, 10.749923
58379, 0.039064, 14.481856, 0.051588, 19.124770
58380, 0.053507, 13.327225, 0.070665, 17.600827
58381, 0.043411, 14.125065, 0.057286, 18.639696
58382, 0.042276, 13.429572, 0.055826, 17.733808
58383, 0.047899, 15.892022, 0.063159, 20.954904
58384, 0.068307, 16.041662, 0.090051, 21.148164
58385, 0.038955, 17.960564, 0.051367, 23.683141
58386, 0.058127, 16.563229, 0.076649, 21.841228
58387, 0.036523, 11.543368, 0.048147, 15.217292
58388, 0.062925, 13.738317, 0.082941, 18.108284
58389, 0.042286, 14.843547, 0.055684, 19.546761
58390, 0.025862, 10.222283, 0.034029, 13.450669
58391, 0.036177, 13.051996, 0.047581, 17.166270
58392, 0.035699, 14.124440, 0.046950, 18.576075
58393, 0.037787, 15.698328, 0.049688, 20.642512
58394, 0.044894, 15.812475, 0.058970, 20.770210
58395, 0.047064, 11.445889, 0.061806, 15.031266
58396, 0.030587, 9.668473, 0.040164, 12.695643
58397, 0.043020, 14.200777, 0.056482, 18.644528
58398, 0.052045, 14.377833, 0.068300, 18.868338
58399, 0.046916, 14.626810, 0.061488, 19.170080
58400, 0.052440, 13.702058, 0.068788, 17.973604
58401, 0.037090, 10.532811, 0.048612, 13.805078
58402, 0.082174, 14.283017, 0.107555, 18.694443
58403, 0.108443, 14.955820, 0.142126, 19.601061
58404, 0.031545, 11.606163, 0.041367, 15.219896
58405, 0.048364, 16.884357, 0.063374, 22.124557
58406, 0.031560, 12.255377, 0.041342, 16.053930
58407, 0.047001, 16.287472, 0.061609, 21.349500
58408, 0.029056, 11.802392, 0.038073, 15.465274
58409, 0.067000, 19.310415, 0.087717, 25.281497
58410, 0.029214, 10.903435, 0.038249, 14.275836
58411, 0.018235, 8.130181, 0.023878, 10.646058
58412, 0.030021, 8.752394, 0.039292, 11.455154
58413, 0.034861, 14.609923, 0.045600, 19.110499
58414, 0.076936, 11.104026, 0.100583, 14.517055
