NETCARE2015/data/raw/Flight3/SP2_Polar6_20150408_R2_L1.ict
38, 1001
Herber, Andreas; Schulz, Hannes
Alfred Wegener Institute (AWI), Bremerhaven, Germany
rBC mass concentration from SP2 (single particle soot photometer), combined high and low gain channel, size range 75 to 700 nm
NETCARE Polar 6 Campaign 2015
1, 1
2015,04,08, 2017, 09, 07
1
Time_UTC, seconds
4
1, 1, 1, 1, 1
-9999, -9999, -9999, -9999, -9999
BC_mass_concVOL, ug/m3
BC_numb_concVOL, 1/vccm
BC_mass_concSTP, ug/m3STP
BC_numb_concSTP, 1/sccm
0
20
PI_CONTACT_INFO: Address: AWI, Am Handelshafen 12, D-27570 Bremerhaven, email: andreas.herber@awi.de; hannes.schulz@awi.de
PLATFORM: Polar 6
LOCATION: GPS location and altitude available at 1 Hz resolution in separate file
ASSOCIATED_DATA: N/A
INSTRUMENT_INFO: Refractory black carbon aerosol measurements based on laser induced incandescence
DATA_INFO: Units are ug/m3 (volumetric) or ug/m3 STP (NIST standard NTP 20C, 1013.25 hPa; corrected with chamber temperature and pressure)
UNCERTAINTY: +/- 10%, typical intra-model variability of SP2 derived BC mass concentration [Laborde et al., 2012]
ULOD_FLAG: -7777
ULOD_VALUE: N/A
LLOD_FLAG: not masked
LLOD_VALUE: zero ug/m3 (e.g. no particle or particles <0.3 fg per single particle detection)
DM_CONTACT_INFO: Hannes Schulz, see above
PROJECT_INFO: NETCARE Polar 6 aircraft campaign in April 2015
STIPULATIONS_ON_USE: Preliminary data! Use of these data requires prior approval from PI
OTHER_COMMENTS: N/A
REVISION: R2
R2: Preliminary data; calibration: Fullerene Soot, DLR lab 2015/01/20; bad data and zero filter masked as -9999
R1: Preliminary data, updated header information, corrected mass concentration
R0: Preliminary data, initial release
Time_UTC, BC_mass_concVOL, BC_numb_concVOL, BC_mass_concSTP, BC_numb_concSTP
[from data line 3388]
53267, 0.016913, 8.277455, 0.018972, 9.284988
53268, 0.025730, 9.248656, 0.028867, 10.376207
53269, 0.018040, 7.039291, 0.020248, 7.901223
53270, 0.010990, 4.945632, 0.012329, 5.547987
53271, 0.018627, 6.901472, 0.020909, 7.746971
53272, 0.032049, 6.025590, 0.035987, 6.766044
53273, 0.015175, 5.104714, 0.017040, 5.732121
53274, 0.023035, 8.669501, 0.025866, 9.734755
53275, 0.022530, 6.281959, 0.025298, 7.053892
53276, 0.007788, 4.121113, 0.008745, 4.627916
53277, 0.013232, 3.573455, 0.014871, 4.016050
53278, 0.049965, 7.201726, 0.056179, 8.097403
53279, 0.017620, 8.193737, 0.019821, 9.217500
53280, 0.014070, 5.096136, 0.015828, 5.732678
53281, 0.017757, 7.051663, 0.019986, 7.936661
53282, 0.017534, 3.981206, 0.019744, 4.482906
53283, 0.013939, 5.143323, 0.015707, 5.795891
53284, 0.053315, 8.837333, 0.060075, 9.957883
53285, 0.008101, 3.136361, 0.009128, 3.534161
53286, 0.013866, 7.831816, 0.015630, 8.828204
53287, 0.031050, 7.836136, 0.035005, 8.834168
53288, 0.014814, 4.880047, 0.016717, 5.506953
53289, 0.018803, 5.525678, 0.021227, 6.238068
53290, 0.074105, 7.328724, 0.083698, 8.277464
53291, 0.019604, 4.912960, 0.022136, 5.547493
53292, 0.021227, 4.564690, 0.023994, 5.159764
53293, 0.011855, 3.853601, 0.013403, 4.356996
53294, 0.018786, 5.386118, 0.021230, 6.086929
53295, 0.027705, 3.768997, 0.031329, 4.261911
53296, 0.021072, 3.337587, 0.023829, 3.774285
53297, 0.013262, 4.252188, 0.014998, 4.808653
53298, 0.030859, 6.679321, 0.034919, 7.558136
53299, 0.041351, 5.465169, 0.046790, 6.184046
53300, 0.045212, 8.072243, 0.051186, 9.138840
53301, 0.005365, 4.454507, 0.006075, 5.044003
53302, 0.025753, 5.717369, 0.029159, 6.473637
53303, 0.033988, 7.197021, 0.038503, 8.153074
53304, 0.036016, 5.262750, 0.040811, 5.963353
53305, 0.030667, 5.457042, 0.034776, 6.188133
53306, 0.014815, 4.862456, 0.016799, 5.513427
53307, 0.014535, 6.741510, 0.016480, 7.643861
53308, 0.017790, 3.992057, 0.020182, 4.528608
53309, 0.033212, 6.323216, 0.037696, 7.176900
53310, 0.024139, 5.889741, 0.027397, 6.684679
53311, 0.033232, 8.538992, 0.037732, 9.695093
53312, 0.012727, 6.334315, 0.014455, 7.193884
53313, 0.056126, 5.822703, 0.063731, 6.611624
53314, 0.003674, 2.097729, 0.004176, 2.384103
53315, 0.020627, 7.430425, 0.023432, 8.440955
53316, 0.049725, 6.323292, 0.056499, 7.184716
53317, 0.043555, 5.642971, 0.049503, 6.413624
53318, 0.025718, 6.340364, 0.029235, 7.207486
53319, 0.013374, 8.044266, 0.015198, 9.141942
53320, 0.014259, 7.441943, 0.016217, 8.463718
53321, 0.038753, 6.765779, 0.044053, 7.691100
53322, 0.015313, 3.550017, 0.017412, 4.036766
53323, 0.025091, 5.717485, 0.028525, 6.500161
53324, 0.027356, 7.371393, 0.031112, 8.383650
53325, 0.015225, 4.882828, 0.017324, 5.555826
53326, 0.026989, 8.255323, 0.030714, 9.394701
53327, 0.006407, 3.344036, 0.007291, 3.805481
53328, 0.006245, 2.887326, 0.007108, 3.286105
53329, 0.023622, 5.766089, 0.026887, 6.563175
53330, 0.012998, 4.053508, 0.014799, 4.615057
53331, 0.023903, 7.104480, 0.027224, 8.091572
53332, 0.023570, 3.528679, 0.026842, 4.018588
53333, 0.012126, 6.123587, 0.013809, 6.973779
53334, 0.018245, 5.528015, 0.020783, 6.296798
53335, 0.009975, 5.397065, 0.011368, 6.150657
53336, 0.013306, 4.006169, 0.015174, 4.568795
53337, 0.013570, 5.208014, 0.015471, 5.937675
53338, 0.014669, 4.247448, 0.016726, 4.842845
53339, 0.014515, 5.394258, 0.016557, 6.153036
53340, 0.017428, 4.676578, 0.019880, 5.334584
53341, 0.025882, 6.648824, 0.029568, 7.595788
53342, 0.029475, 5.190043, 0.033669, 5.928584
53343, 0.030958, 10.765465, 0.035368, 12.299132
53344, 0.014638, 6.636491, 0.016728, 7.583992
53345, 0.208826, 7.398824, 0.238637, 8.455063
53346, 0.042403, 8.089496, 0.048474, 9.247593
53347, 0.031552, 5.080539, 0.036063, 5.806980
53348, 0.013202, 6.025265, 0.015102, 6.892432
53349, 0.050505, 10.043810, 0.057791, 11.492837
53350, 0.035251, 9.378850, 0.040360, 10.738121
53351, 0.091733, 5.667620, 0.105005, 6.487657
53352, 0.013092, 4.820503, 0.014988, 5.518647
53353, 0.017556, 4.454666, 0.020137, 5.109552
53354, 0.007784, 3.952088, 0.008936, 4.536871
53355, 0.019703, 6.609807, 0.022627, 7.590787
53356, 0.024113, 7.532293, 0.027692, 8.650270
53357, 0.016028, 3.889889, 0.018417, 4.469699
53358, 0.018628, 7.434312, 0.021416, 8.546862
53359, 0.021985, 8.846853, 0.025292, 10.177376
53360, 0.023977, 8.276676, 0.027602, 9.527870
53361, 0.031986, 3.871562, 0.036741, 4.447072
53362, 0.032606, 3.498741, 0.037561, 4.030386
53363, 0.042256, 4.419674, 0.048682, 5.091832
53364, 0.009416, 5.738399, 0.010860, 6.618549
53365, 0.018744, 5.040776, 0.021630, 5.816816
53366, 0.026899, 7.147664, 0.031080, 8.258638
53367, 0.014948, 3.988965, 0.017267, 4.607747
53368, 0.016437, 5.512990, 0.018992, 6.370079
53369, 0.008778, 1.997996, 0.010152, 2.310765
53370, 0.041034, 5.568292, 0.047459, 6.440110
53371, 0.031912, 9.664454, 0.036905, 11.176375
53372, 0.007882, 3.970724, 0.009121, 4.594741
53373, 0.009085, 3.547578, 0.010516, 4.106462
53374, 0.024181, 6.321063, 0.028008, 7.321496
53375, 0.038528, 8.684726, 0.044642, 10.063055
53376, 0.025166, 7.404731, 0.029172, 8.583642
53377, 0.036137, 8.013630, 0.041875, 9.286084
53378, 0.012825, 4.695658, 0.014871, 5.444873
53379, 0.018248, 5.257459, 0.021138, 6.090113
53380, 0.023844, 7.142301, 0.027662, 8.285857
53381, 0.020112, 6.929212, 0.023348, 8.044165
53382, 0.023774, 4.438724, 0.027605, 5.154039
53383, 0.011207, 3.531017, 0.013017, 4.101416
53384, 0.018859, 8.629762, 0.021913, 10.027358
53385, 0.022127, 6.265301, 0.025733, 7.286141
53386, 0.025856, 7.632339, 0.030069, 8.876094
53387, 0.270831, 8.955432, 0.315233, 10.423617
53388, 0.039932, 5.245133, 0.046490, 6.106591
53389, 0.009754, 4.782785, 0.011352, 5.566527
53390, 0.040014, 9.888310, 0.046636, 11.524680
53391, 0.023603, 6.127471, 0.027515, 7.143009
53392, 0.024464, 6.324840, 0.028539, 7.378341
53393, 0.027770, 6.041100, 0.032419, 7.052531
53394, 0.059850, 5.020253, 0.069899, 5.863181
53395, 0.013780, 4.486035, 0.016103, 5.242143
53396, 0.013162, 4.041728, 0.015382, 4.723631
53397, 0.017458, 4.993783, 0.020407, 5.837429
53398, 0.018270, 5.459778, 0.021372, 6.386859
53399, 0.056385, 5.950666, 0.065940, 6.959066
53400, 0.027813, 4.305137, 0.032535, 5.036037
53401, 0.012712, 2.860330, 0.014875, 3.347252
53402, 0.012223, 5.812448, 0.014306, 6.803197
53403, 0.003416, 2.338019, 0.003997, 2.735598
53404, 0.045923, 6.686348, 0.053705, 7.819417
53405, 0.050892, 6.597422, 0.059563, 7.721553
53406, 0.023702, 11.107744, 0.027746, 13.003138
53407, 0.018137, 7.264310, 0.021219, 8.498657
53408, 0.016863, 9.220743, 0.019740, 10.793892
53409, 0.011802, 3.937041, 0.013827, 4.612562
53410, 0.010407, 3.918225, 0.012200, 4.593031
53411, 0.035363, 4.484877, 0.041447, 5.256571
53412, 0.027743, 8.976870, 0.032520, 10.522640
53413, 0.008055, 5.681477, 0.009444, 6.661365
53414, 0.032670, 5.079774, 0.038314, 5.957373
53415, 0.030059, 5.244351, 0.035261, 6.152035
53416, 0.028694, 3.662420, 0.033679, 4.298808
53417, 0.046409, 8.871989, 0.054451, 10.409392
53418, 0.016645, 4.635586, 0.019543, 5.442896
53419, 0.011650, 4.150269, 0.013676, 4.871806
53420, 0.033512, 3.779031, 0.039352, 4.437620
53421, 0.018581, 6.606103, 0.021826, 7.759812
53422, 0.026721, 4.401225, 0.031397, 5.171431
53423, 0.017770, 4.144434, 0.020873, 4.868018
53424, 0.017760, 7.310328, 0.020878, 8.593676
53425, 0.031735, 3.826227, 0.037297, 4.496829
53426, 0.032377, 6.046662, 0.038081, 7.112001
53427, 0.033941, 7.912321, 0.039920, 9.306362
53428, 0.018150, 5.504376, 0.021360, 6.477884
53429, 0.020551, 5.511873, 0.024189, 6.487576
53430, 0.006522, 2.543153, 0.007675, 2.992835
53431, 0.025870, 6.124338, 0.030452, 7.209196
53432, 0.030889, 8.841921, 0.036384, 10.414992
53433, 0.019216, 8.057295, 0.022637, 9.491810
53434, 0.037722, 8.978762, 0.044392, 10.566389
53435, 0.013547, 9.325931, 0.015950, 10.980399
53436, 0.036353, 8.451779, 0.042815, 9.954285
53437, 0.013066, 5.050074, 0.015402, 5.952722
53438, 0.023374, 5.543882, 0.027562, 6.537375
53439, 0.019097, 5.881289, 0.022530, 6.938227
53440, 0.037535, 6.089813, 0.044296, 7.186810
53441, 0.014984, 5.084891, 0.017681, 6.000404
53442, 0.014838, 4.172970, 0.017514, 4.925405
53443, 0.044489, 7.787425, 0.052540, 9.196663
53444, 0.036954, 5.204146, 0.043671, 6.150063
53445, 0.027129, 7.221642, 0.032077, 8.538586
53446, 0.004402, 2.104321, 0.005210, 2.490828
53447, 0.013828, 6.296273, 0.016376, 7.456433
53448, 0.024805, 4.646786, 0.029381, 5.504068
53449, 0.008946, 1.556848, 0.010609, 1.846155
53450, 0.001141, 0.140882, 0.001354, 0.167127
53451, -9999.000000, -9999.000000, -9999.000000, -9999.000000
53452, -9999.000000, -9999.000000, -9999.000000, -9999.000000
53453, -9999.000000, -9999.000000, -9999.000000, -9999.000000
53454, -9999.000000, -9999.000000, -9999.000000, -9999.000000
53455, -9999.000000, -9999.000000, -9999.000000, -9999.000000
53456, -9999.000000, -9999.000000, -9999.000000, -9999.000000
53457, -9999.000000, -9999.000000, -9999.000000, -9999.000000
53458, -9999.000000, -9999.000000, -9999.000000, -9999.000000
53459, -9999.000000, -9999.000000, -9999.000000, -9999.000000
53460, -9999.000000, -9999.000000, -9999.000000, -9999.000000
53461, -9999.000000, -9999.000000, -9999.000000, -9999.000000
53462, -9999.000000, -9999.000000, -9999.000000, -9999.000000
53463, -9999.000000, -9999.000000, -9999.000000, -9999.000000
53464, -9999.000000, -9999.000000, -9999.000000, -9999.000000
53465, -9999.000000, -9999.000000, -9999.000000, -9999.000000
53466, -9999.000000, -9999.000000, -9999.000000, -9999.000000
53467, -9999.000000, -9999.000000, -9999.000000, -9999.000000
53468, -9999.000000, -9999.000000, -9999.000000, -9999.000000
53469, -9999.000000, -9999.000000, -9999.000000, -9999.000000
53470, -9999.000000, -9999.000000, -9999.000000, -9999.000000
53471, -9999.000000, -9999.000000, -9999.000000, -9999.000000
53472, -9999.000000, -9999.000000, -9999.000000, -9999.000000
53473, -9999.000000, -9999.000000, -9999.000000, -9999.000000
53474, -9999.000000, -9999.000000, -9999.000000, -9999.000000
53475, 0.011427, 4.706990, 0.013676, 5.633281
53476, 0.014396, 5.020402, 0.017248, 6.015294
53477, 0.018954, 6.087196, 0.022708, 7.292668
53478, 0.015491, 3.459016, 0.018570, 4.146518
53479, 0.014358, 5.921599, 0.017220, 7.101810
53480, 0.048430, 9.705865, 0.058097, 11.643152
53481, 0.018245, 5.494881, 0.021890, 6.592558
53482, 0.013992, 4.635158, 0.016793, 5.563173
53483, 0.016300, 7.006862, 0.019555, 8.405906
53484, 0.020646, 4.873948, 0.024765, 5.846230
53485, 0.032906, 4.654819, 0.039516, 5.589854
53486, 0.016313, 8.612459, 0.019583, 10.339121
53487, 0.033846, 4.082754, 0.040628, 4.900790
53488, 0.016206, 8.463888, 0.019459, 10.162513
53489, 0.032770, 10.993561, 0.039350, 13.200790
53490, 0.032329, 6.234100, 0.038818, 7.485402
53491, 0.029071, 4.906863, 0.034929, 5.895556
53492, 0.030730, 6.927336, 0.036930, 8.325018
53493, 0.013410, 5.700722, 0.016125, 6.854853
53494, 0.012228, 4.788298, 0.014707, 5.758813
53495, 0.044121, 6.613300, 0.053092, 7.957913
53496, 0.007714, 4.360938, 0.009278, 5.245079
53497, 0.033947, 6.057915, 0.040817, 7.283973
53498, 0.025104, 4.747643, 0.030222, 5.715522
53499, 0.032293, 8.087008, 0.038877, 9.735829
53500, 0.007455, 5.067183, 0.008979, 6.103061
53501, 0.005444, 4.048916, 0.006562, 4.879920
53502, 0.017775, 5.548684, 0.021432, 6.690360
53503, 0.018793, 4.426752, 0.022650, 5.335249
53504, 0.029619, 7.378345, 0.035706, 8.894671
53505, 0.011595, 4.685179, 0.013989, 5.652507
53506, 0.022807, 6.597196, 0.027541, 7.966695
53507, 0.018206, 7.103702, 0.021996, 8.582720
53508, 0.015484, 5.017415, 0.018708, 6.062201
53509, 0.018409, 6.626180, 0.022243, 8.006123
53510, 0.066606, 8.545120, 0.080540, 10.332790
53511, 0.033094, 7.698756, 0.040011, 9.307831
53512, 0.021411, 7.324460, 0.025899, 8.859695
53513, 0.015629, 5.397903, 0.018917, 6.533576
53514, 0.017016, 6.346676, 0.020603, 7.684363
53515, 0.011566, 4.409893, 0.014006, 5.340424
53516, 0.019636, 6.726545, 0.023793, 8.150694
53517, 0.017585, 7.097827, 0.021315, 8.603351
53518, 0.017153, 4.465003, 0.020789, 5.411498
53519, 0.022194, 5.750040, 0.026904, 6.970481
53520, 0.004610, 2.323264, 0.005588, 2.816457
53521, 0.026628, 5.569210, 0.032293, 6.753953
53522, 0.021203, 4.793917, 0.025710, 5.812906
53523, 0.020351, 3.909847, 0.024688, 4.742926
53524, 0.024987, 6.346155, 0.030332, 7.703493
53525, 0.054166, 9.558538, 0.065696, 11.593144
53526, 0.023615, 7.582828, 0.028652, 9.200213
53527, 0.017648, 4.289498, 0.021400, 5.201425
53528, 0.010087, 5.835902, 0.012236, 7.079441
53529, 0.018294, 5.910045, 0.022194, 7.169862
53530, 0.017735, 8.086559, 0.021514, 9.809817
53531, 0.006492, 3.843187, 0.007873, 4.660429
53532, 0.013111, 3.812655, 0.015909, 4.626219
53533, 0.016024, 6.748293, 0.019439, 8.186379
53534, 0.013896, 4.517648, 0.016856, 5.480082
53535, 0.011489, 6.036213, 0.013946, 7.327228
53536, 0.019688, 9.750813, 0.023898, 11.835510
53537, 0.020717, 6.924638, 0.025093, 8.387426
53538, 0.021327, 8.245162, 0.025888, 10.008114
53539, 0.015170, 5.747816, 0.018419, 6.978607
53540, 0.025094, 3.915698, 0.030465, 4.753698
53541, 0.036511, 7.939582, 0.044323, 9.638371
53542, 0.022895, 8.986399, 0.027808, 10.914601
53543, 0.042791, 4.743769, 0.051986, 5.763031
53544, 0.025304, 4.295877, 0.030765, 5.222973
53545, 0.016087, 3.871954, 0.019564, 4.708857
53546, 0.019858, 6.697318, 0.024173, 8.152801
53547, 0.037994, 6.407851, 0.046248, 7.799905
53548, 0.030893, 7.166683, 0.037643, 8.732545
53549, 0.032561, 6.062448, 0.039703, 7.392039
53550, 0.018300, 4.654504, 0.022327, 5.678830
53551, 0.045123, 8.786193, 0.055065, 10.722020
53552, 0.015470, 3.449284, 0.018888, 4.211619
53553, 0.021921, 5.970684, 0.026771, 7.291679
53554, 0.025750, 6.863943, 0.031461, 8.386372
53555, 0.027685, 7.482757, 0.033820, 9.140868
53556, 0.021801, 6.217805, 0.026655, 7.602173
53557, 0.038544, 5.300162, 0.047104, 6.477214
53558, 0.008978, 4.288392, 0.010971, 5.240507
53559, 0.023277, 7.139420, 0.028469, 8.731972
53560, 0.021904, 6.364564, 0.026791, 7.784468
53561, 0.021617, 7.710971, 0.026451, 9.435081
53562, 0.016094, 4.741135, 0.019692, 5.801184
53563, 0.022908, 7.252297, 0.028039, 8.876653
53564, 0.006662, 5.460800, 0.008135, 6.668194
53565, 0.021766, 7.380481, 0.026657, 9.038851
53566, 0.013785, 4.495370, 0.016886, 5.506496
53567, 0.021075, 4.056779, 0.025826, 4.971228
53568, 0.020669, 6.065022, 0.025311, 7.427030
53569, 0.009805, 4.958463, 0.012008, 6.072674
53570, 0.027656, 5.077675, 0.033907, 6.225361
53571, 0.025764, 7.917687, 0.031595, 9.709759
53572, 0.013413, 5.838385, 0.016446, 7.158560
53573, 0.008804, 5.044305, 0.010805, 6.190522
53574, 0.029701, 7.365801, 0.036413, 9.030506
53575, 0.023125, 9.530044, 0.028389, 11.699429
53576, 0.040187, 7.504763, 0.049356, 9.217050
53577, 0.010877, 4.436914, 0.013354, 5.447311
53578, 0.008749, 4.286430, 0.010749, 5.266390
53579, 0.005718, 2.548848, 0.007031, 3.134030
53580, 0.015804, 6.576789, 0.019420, 8.081340
53581, 0.029153, 7.403151, 0.035836, 9.100023
53582, 0.015047, 2.882692, 0.018500, 3.544178
53583, 0.016577, 5.873717, 0.020378, 7.220752
53584, 0.032344, 8.497475, 0.039795, 10.455050
53585, 0.012803, 5.399745, 0.015763, 6.648059
53586, 0.017940, 5.609177, 0.022066, 6.899020
53587, 0.010566, 6.829915, 0.013012, 8.411161
53588, 0.063586, 11.064699, 0.078372, 13.637784
53589, 0.008585, 6.245183, 0.010589, 7.702381
53590, 0.006827, 5.744290, 0.008426, 7.089868
53591, 0.027284, 6.446002, 0.033686, 7.958592
53592, 0.012272, 4.368159, 0.015162, 5.396815
53593, 0.011026, 4.292259, 0.013634, 5.307265
53594, 0.009525, 4.272768, 0.011782, 5.285090
53595, 0.009964, 6.514046, 0.012333, 8.062555
53596, 0.010101, 4.228399, 0.012503, 5.233776
53597, 0.024754, 10.741935, 0.030665, 13.306869
53598, 0.047832, 9.351478, 0.059279, 11.589265
53599, 0.015725, 5.447880, 0.019504, 6.757206
53600, 0.042123, 8.032132, 0.052251, 9.963178
53601, 0.106992, 9.413742, 0.132810, 11.685265
53602, 0.021787, 7.683975, 0.027044, 9.538045
53603, 0.018285, 6.276752, 0.022693, 7.789610
53604, 0.014879, 5.775670, 0.018456, 7.164181
