NETCARE2015/data/raw/Flight3/SP2_Polar6_20150408_R2_L1.ict
38, 1001
Herber, Andreas; Schulz, Hannes
Alfred Wegener Institute (AWI), Bremerhaven, Germany
rBC mass concentration from SP2 (single particle soot photometer), combined high and low gain channel, size range 75 to 700 nm
NETCARE Polar 6 Campaign 2015
1, 1
2015,04,08, 2017, 09, 07
1
Time_UTC, seconds
4
1, 1, 1, 1, 1
-9999, -9999, -9999, -9999, -9999
BC_mass_concVOL, ug/m3
BC_numb_concVOL, 1/vccm
BC_mass_concSTP, ug/m3STP
BC_numb_concSTP, 1/sccm
0
20
PI_CONTACT_INFO: Address: AWI, Am Handelshafen 12, D-27570 Bremerhaven, email: andreas.herber@awi.de; hannes.schulz@awi.de
PLATFORM: Polar 6
LOCATION: GPS location and altitude available at 1 Hz resolution in separate file
ASSOCIATED_DATA: N/A
INSTRUMENT_INFO: Refractory black carbon aerosol measurements based on laser induced incandescence
DATA_INFO: Units are ug/m3 (volumetric) or ug/m3 STP (NIST standard NTP 20C, 1013.25 hPa; corrected with chamber temperature and pressure)
UNCERTAINTY: +/- 10%, typical intra-model variability of SP2 derived BC mass concentration [Laborde et al., 2012]
ULOD_FLAG: -7777
ULOD_VALUE: N/A
LLOD_FLAG: not masked
LLOD_VALUE: zero ug/m3 (e.g. no particle or particles <0.3 fg per single particle detection)
DM_CONTACT_INFO: Hannes Schulz, see above
PROJECT_INFO: NETCARE Polar 6 aircraft campaign in April 2015
STIPULATIONS_ON_USE: Preliminary data! Use of these data requires prior approval from PI
OTHER_COMMENTS: N/A
REVISION: R2
R2: Preliminary data; calibration: Fullerene Soot, DLR lab 2015/01/20; bad data and zero filter masked as -9999
R1: Preliminary data, updated header information, corrected mass concentration
R0: Preliminary data, initial release
Time_UTC, BC_mass_concVOL, BC_numb_concVOL, BC_mass_concSTP, BC_numb_concSTP
[from data line 1336]
51215, 0.065684, 22.619518, 0.095429, 32.862806
51216, 0.034191, 15.407474, 0.049648, 22.373325
51217, 0.042945, 15.575249, 0.062334, 22.607167
51218, 0.063966, 18.628750, 0.092780, 27.020222
51219, 0.042892, 18.428251, 0.062253, 26.746742
51220, 0.062481, 16.787928, 0.090652, 24.357282
51221, 0.058504, 23.177370, 0.084879, 33.626223
51222, 0.069606, 17.355242, 0.100838, 25.142748
51223, 0.065216, 19.827160, 0.094469, 28.720861
51224, 0.024215, 10.834757, 0.035089, 15.700174
51225, 0.051377, 20.526953, 0.074394, 29.723060
51226, 0.034098, 16.824017, 0.049351, 24.349545
51227, 0.100177, 22.054762, 0.144926, 31.906518
51228, 0.057947, 20.072960, 0.083870, 29.052738
51229, 0.126389, 17.255680, 0.182792, 24.956369
51230, 0.054909, 18.249601, 0.079348, 26.372211
51231, 0.048191, 20.069740, 0.069657, 29.009292
51232, 0.041995, 16.265694, 0.060686, 23.505299
51233, 0.076925, 19.539883, 0.111123, 28.226474
51234, 0.032981, 16.416565, 0.047654, 23.720617
51235, 0.039617, 19.189259, 0.057247, 27.728363
51236, 0.048961, 23.531527, 0.070678, 33.969109
51237, 0.078671, 26.530521, 0.113522, 38.283221
51238, 0.061979, 22.385435, 0.089412, 32.293559
51239, 0.071320, 22.087122, 0.102912, 31.870996
51240, 0.053886, 17.960310, 0.077724, 25.905633
51241, 0.065307, 15.896441, 0.094170, 22.922030
51242, 0.061259, 27.913334, 0.088331, 40.248804
51243, 0.067976, 18.722843, 0.097967, 26.983415
51244, 0.079351, 16.704540, 0.114409, 24.084823
51245, 0.047100, 17.631811, 0.067872, 25.407785
51246, 0.050722, 18.289652, 0.073061, 26.344835
51247, 0.058842, 21.243444, 0.084768, 30.603310
51248, 0.044765, 21.194550, 0.064460, 30.519348
51249, 0.065329, 23.705305, 0.094005, 34.110534
51250, 0.066015, 22.181768, 0.094956, 31.906421
51251, 0.084804, 25.092607, 0.121933, 36.078714
51252, 0.104045, 34.733891, 0.149446, 49.890584
51253, 0.071058, 20.771399, 0.101958, 29.803711
51254, 0.058717, 18.633389, 0.084227, 26.728504
51255, 0.116484, 22.920444, 0.167046, 32.869306
51256, 0.032755, 14.622140, 0.046919, 20.944988
51257, 0.055846, 16.477030, 0.080009, 23.606080
51258, 0.053209, 16.386274, 0.076227, 23.474859
51259, 0.052040, 19.773617, 0.074484, 28.301548
51260, 0.057749, 26.466780, 0.082670, 37.888451
51261, 0.067092, 19.556808, 0.095985, 27.978742
51262, 0.055049, 22.118530, 0.078764, 31.647222
51263, 0.109794, 22.476265, 0.156991, 32.138056
51264, 0.077790, 19.969620, 0.111193, 28.544531
51265, 0.075360, 21.046198, 0.107680, 30.072360
51266, 0.050334, 22.500641, 0.071849, 32.118220
51267, 0.050212, 22.061253, 0.071749, 31.523525
51268, 0.046851, 22.440853, 0.066890, 32.039328
51269, 0.039475, 20.712923, 0.056356, 29.570497
51270, 0.067607, 25.092783, 0.096564, 35.840399
51271, 0.081883, 23.430355, 0.116799, 33.421404
51272, 0.071417, 24.202217, 0.101800, 34.498441
51273, 0.061607, 20.506615, 0.087819, 29.231412
51274, 0.050207, 19.453732, 0.071514, 27.709405
51275, 0.055841, 22.297173, 0.079488, 31.739483
51276, 0.109970, 35.632843, 0.156558, 50.728278
51277, 0.131934, 25.701811, 0.187705, 36.566629
51278, 0.080514, 25.758575, 0.114452, 36.616246
51279, 0.084498, 27.509972, 0.119965, 39.056930
51280, 0.054471, 22.537764, 0.077355, 32.006157
51281, 0.065630, 27.661121, 0.093185, 39.274960
51282, 0.082735, 25.986286, 0.117448, 36.889578
51283, 0.107274, 28.482180, 0.152305, 40.438318
51284, 0.081138, 31.237976, 0.115132, 44.325833
51285, 0.081877, 22.520605, 0.116140, 31.944550
51286, 0.075150, 26.099522, 0.106497, 36.986085
51287, 0.098780, 32.212704, 0.140004, 45.655984
51288, 0.133283, 30.322433, 0.188745, 42.940352
51289, 0.075007, 34.864365, 0.106211, 49.368666
51290, 0.104140, 30.213064, 0.147370, 42.755093
51291, 0.099074, 30.586327, 0.140232, 43.292951
51292, 0.107766, 32.699665, 0.152523, 46.280272
51293, 0.107857, 33.351612, 0.152590, 47.184087
51294, 0.091147, 28.565540, 0.128866, 40.386418
51295, 0.114027, 31.783901, 0.161319, 44.966261
51296, 0.062848, 29.208796, 0.088813, 41.276264
51297, 0.077930, 27.739305, 0.110086, 39.185598
51298, 0.068508, 23.540171, 0.096790, 33.258228
51299, 0.071349, 24.256258, 0.100650, 34.217518
51300, 0.078912, 26.413803, 0.111239, 37.234368
51301, 0.049775, 19.224379, 0.070167, 27.100379
51302, 0.116181, 29.479591, 0.163704, 41.538035
51303, 0.072213, 22.578022, 0.101725, 31.805517
51304, 0.092327, 25.657936, 0.129994, 36.125739
51305, 0.075579, 26.167698, 0.106410, 36.842588
51306, 0.084180, 26.139067, 0.118349, 36.748981
51307, 0.090671, 25.165220, 0.127564, 35.404805
51308, 0.072866, 24.329258, 0.102503, 34.224913
51309, 0.043647, 20.823664, 0.061383, 29.285391
51310, 0.082665, 22.101809, 0.116153, 31.055248
51311, 0.072428, 27.506603, 0.101779, 38.653386
51312, 0.075585, 29.822474, 0.106173, 41.891136
51313, 0.051058, 23.539972, 0.071657, 33.037173
51314, 0.049475, 21.016844, 0.069451, 29.502266
51315, 0.123892, 38.555126, 0.173816, 54.091399
51316, 0.093775, 27.498764, 0.131574, 38.583172
51317, 0.170225, 39.456215, 0.238678, 55.322944
51318, 0.085758, 29.213879, 0.120189, 40.943154
51319, 0.114101, 29.666519, 0.159847, 41.560564
51320, 0.072042, 22.904993, 0.100986, 32.107559
51321, 0.077526, 26.021667, 0.108530, 36.427820
51322, 0.038156, 18.409521, 0.053338, 25.734821
51323, 0.069437, 16.195711, 0.096897, 22.600642
51324, 0.055019, 19.161053, 0.077009, 26.819663
51325, 0.078949, 18.697832, 0.110443, 26.156534
51326, 0.091423, 24.980095, 0.127914, 34.950830
51327, 0.044875, 19.694008, 0.062767, 27.546316
51328, 0.034220, 15.008316, 0.047864, 20.992366
51329, 0.030634, 12.505984, 0.042824, 17.482457
51330, 0.066409, 13.041903, 0.092849, 18.234318
51331, 0.055656, 15.716104, 0.077821, 21.975089
51332, 0.052491, 11.020709, 0.073368, 15.404040
51333, 0.081668, 23.035973, 0.114088, 32.180410
51334, 0.101537, 20.415621, 0.141762, 28.503689
51335, 0.062614, 25.022444, 0.087485, 34.961897
51336, 0.060658, 23.558752, 0.084441, 32.795791
51337, 0.051529, 20.439157, 0.071950, 28.539373
51338, 0.035556, 16.181448, 0.049604, 22.574339
51339, 0.043234, 17.529510, 0.060310, 24.453487
51340, 0.013116, 4.479179, 0.018289, 6.245493
51341, 0.014634, 8.868272, 0.020389, 12.355395
51342, 0.023928, 5.637400, 0.033332, 7.853030
51343, 0.011467, 6.497424, 0.015963, 9.044757
51344, 0.019871, 6.671521, 0.027678, 9.292447
51345, 0.016602, 8.772942, 0.023107, 12.210726
51346, 0.004694, 3.960919, 0.006533, 5.512115
51347, 0.018895, 6.876308, 0.026300, 9.571008
51348, 0.013625, 5.991580, 0.018955, 8.335681
51349, 0.025973, 7.048762, 0.036136, 9.806836
51350, 0.006455, 4.952137, 0.008976, 6.886559
51351, 0.037084, 3.588800, 0.051566, 4.990363
51352, 0.006967, 3.515287, 0.009682, 4.885086
51353, 0.024321, 5.405872, 0.033797, 7.512277
51354, 0.019730, 6.319664, 0.027388, 8.772584
51355, 0.025345, 9.761121, 0.035183, 13.549810
51356, 0.011767, 5.290310, 0.016320, 7.337253
51357, 0.011043, 6.177348, 0.015320, 8.569600
51358, 0.023787, 5.725423, 0.032910, 7.921279
51359, 0.053075, 13.569011, 0.073573, 18.809313
51360, 0.026510, 11.209366, 0.036720, 15.526611
51361, 0.042357, 12.820725, 0.058634, 17.747365
51362, 0.025958, 7.253331, 0.035946, 10.044371
51363, 0.029075, 7.855993, 0.040250, 10.875349
51364, 0.028850, 7.923422, 0.039915, 10.962173
51365, 0.018315, 8.819870, 0.025339, 12.202547
51366, 0.031499, 13.124281, 0.043568, 18.153210
51367, 0.031687, 11.534603, 0.043812, 15.948375
51368, 0.020477, 5.993486, 0.028293, 8.281265
51369, 0.165140, 9.091510, 0.228174, 12.561709
51370, 0.024678, 6.358904, 0.034091, 8.784371
51371, 0.072221, 7.237679, 0.099744, 9.995901
51372, 0.024909, 8.769381, 0.034399, 12.110324
51373, 0.013251, 3.587047, 0.018297, 4.952964
51374, 0.005992, 2.635860, 0.008270, 3.637907
51375, 0.018076, 5.918728, 0.024937, 8.165572
51376, 0.016419, 5.811983, 0.022658, 8.020488
51377, 0.006017, 3.169863, 0.008304, 4.374481
51378, 0.014774, 7.045815, 0.020385, 9.721484
51379, 0.008201, 3.516659, 0.011313, 4.851008
51380, 0.003232, 2.026441, 0.004449, 2.790162
51381, 0.041050, 6.011320, 0.056641, 8.294562
51382, 0.007570, 2.059022, 0.010435, 2.838122
51383, 0.003059, 2.867809, 0.004214, 3.950358
51384, 0.012538, 3.692489, 0.017251, 5.080537
51385, 0.007769, 3.859906, 0.010699, 5.315475
51386, 0.017425, 5.213123, 0.023979, 7.173888
51387, 0.019782, 5.602411, 0.027205, 7.704727
51388, 0.030459, 4.758742, 0.041850, 6.538530
51389, 0.013239, 4.449276, 0.018192, 6.113866
51390, 0.010108, 4.331897, 0.013886, 5.950969
51391, 0.042384, 7.275166, 0.058169, 9.984786
51392, 0.017187, 7.047935, 0.023572, 9.666607
51393, 0.018270, 4.920401, 0.025001, 6.732986
51394, 0.079094, 4.939574, 0.108407, 6.770231
51395, 0.031935, 8.367475, 0.043748, 11.462505
51396, 0.010805, 5.575174, 0.014794, 7.633394
51397, 0.013915, 5.480269, 0.019037, 7.497491
51398, 0.015753, 4.112000, 0.021539, 5.622142
51399, 0.016269, 7.856848, 0.022235, 10.738156
51400, 0.012813, 5.811229, 0.017505, 7.939201
51401, 0.012724, 6.038454, 0.017389, 8.252312
51402, 0.012924, 6.770259, 0.017641, 9.241317
51403, 0.025629, 6.944828, 0.034955, 9.471773
51404, 0.012291, 4.432339, 0.016762, 6.044672
51405, 0.012456, 4.505928, 0.016977, 6.141239
51406, 0.014204, 7.363971, 0.019352, 10.033281
51407, 0.011939, 7.182321, 0.016263, 9.783603
51408, 0.027778, 5.630831, 0.037838, 7.670197
51409, 0.018603, 8.425110, 0.025337, 11.474538
51410, 0.013371, 5.011045, 0.018203, 6.821761
51411, 0.010544, 3.622215, 0.014346, 4.928205
51412, 0.007501, 2.957234, 0.010206, 4.023657
51413, 0.017024, 4.995461, 0.023167, 6.798053
51414, 0.007137, 3.549673, 0.009708, 4.828251
51415, 0.015013, 4.559344, 0.020416, 6.200115
51416, 0.009361, 1.568872, 0.012726, 2.132925
51417, 0.024150, 5.594895, 0.032800, 7.598706
51418, 0.017893, 5.590985, 0.024311, 7.596447
51419, 0.021970, 7.721995, 0.029839, 10.487627
51420, 0.016119, 4.581259, 0.021896, 6.223282
51421, 0.010756, 6.555551, 0.014608, 8.903665
51422, 0.007983, 3.641822, 0.010845, 4.947436
51423, 0.005979, 4.611950, 0.008120, 6.263034
51424, 0.027467, 6.571058, 0.037297, 8.922530
51425, 0.023193, 6.094843, 0.031501, 8.278077
51426, 0.031252, 9.859227, 0.042459, 13.394639
51427, 0.016468, 5.138469, 0.022344, 6.971841
51428, 0.018333, 6.599213, 0.024888, 8.958589
51429, 0.012726, 3.909829, 0.017275, 5.307487
51430, 0.024018, 6.079319, 0.032591, 8.249395
51431, 0.030109, 6.339440, 0.040860, 8.602868
51432, 0.019615, 10.371555, 0.026611, 14.070572
51433, 0.007765, 2.909416, 0.010522, 3.942585
51434, 0.035258, 9.442052, 0.047791, 12.798444
51435, 0.019782, 5.813798, 0.026804, 7.877447
51436, 0.035358, 7.666859, 0.047878, 10.381642
51437, 0.052183, 7.335897, 0.070650, 9.932022
51438, 0.011050, 3.978825, 0.014950, 5.383417
51439, 0.016353, 7.408674, 0.022114, 10.018244
51440, 0.020806, 8.804596, 0.028140, 11.908460
51441, 0.021966, 6.257373, 0.029691, 8.457958
51442, 0.015158, 6.009374, 0.020480, 8.119233
51443, 0.023438, 5.709651, 0.031659, 7.712340
51444, 0.056838, 11.604221, 0.076783, 15.676227
51445, 0.035098, 4.424214, 0.047380, 5.972450
51446, 0.022930, 5.357296, 0.030944, 7.229566
51447, 0.025239, 7.820048, 0.034066, 10.554892
51448, 0.021130, 5.226580, 0.028502, 7.050010
51449, 0.029493, 7.226883, 0.039781, 9.747805
51450, 0.022438, 9.514978, 0.030259, 12.831189
51451, 0.030243, 11.560605, 0.040805, 15.597906
51452, 0.028980, 12.114637, 0.039073, 16.333804
51453, 0.021977, 6.296793, 0.029627, 8.488569
51454, 0.051183, 13.143860, 0.068997, 17.718542
51455, 0.081840, 9.931393, 0.110332, 13.388933
51456, 0.036047, 10.806418, 0.048584, 14.564935
51457, 0.027754, 10.013442, 0.037404, 13.495065
51458, 0.030690, 11.172982, 0.041355, 15.055986
51459, 0.029033, 9.681966, 0.039120, 13.045986
51460, 0.173131, 12.957578, 0.233060, 17.442875
51461, 0.036757, 10.359935, 0.049336, 13.905043
51462, 0.044946, 15.048663, 0.060440, 20.236243
51463, 0.046154, 15.265987, 0.062119, 20.546556
51464, 0.032673, 13.871654, 0.043963, 18.664706
51465, 0.082996, 17.216166, 0.111587, 23.146875
51466, 0.040187, 12.783278, 0.054065, 17.197743
51467, 0.028676, 10.865826, 0.038537, 14.602595
51468, 0.027765, 14.664489, 0.037312, 19.707353
51469, 0.097587, 15.829093, 0.131181, 21.278350
51470, 0.061849, 19.105673, 0.083084, 25.665345
51471, 0.076673, 18.368105, 0.102996, 24.673953
51472, 0.049218, 20.860807, 0.066115, 28.022697
51473, 0.083404, 22.691002, 0.112020, 30.476483
51474, 0.054601, 13.541495, 0.073327, 18.185711
51475, 0.043973, 15.056190, 0.058998, 20.200667
51476, 0.119450, 16.718021, 0.160269, 22.430934
51477, 0.053254, 18.365976, 0.071433, 24.635289
51478, 0.042400, 18.426365, 0.056841, 24.701926
51479, 0.070495, 10.368423, 0.094453, 13.892211
51480, 0.083956, 16.373781, 0.112374, 21.916020
51481, 0.056258, 17.960602, 0.075361, 24.059255
51482, 0.058070, 18.418249, 0.077770, 24.666357
51483, 0.084439, 15.205635, 0.113003, 20.349315
51484, 0.035556, 11.094862, 0.047553, 14.838499
51485, 0.091810, 13.088175, 0.122781, 17.503321
51486, 0.027013, 12.251698, 0.036133, 16.388084
51487, 0.035319, 13.168612, 0.047258, 17.620028
51488, 0.045657, 8.032146, 0.061033, 10.737231
51489, 0.035371, 12.064537, 0.047258, 16.119327
51490, 0.046241, 13.141575, 0.061761, 17.552158
51491, 0.049885, 13.942568, 0.066640, 18.625659
51492, 0.025928, 11.599599, 0.034662, 15.507251
51493, 0.008472, 5.130415, 0.011286, 6.834336
51494, 0.028659, 10.015254, 0.038287, 13.379724
51495, 0.015545, 8.143189, 0.020751, 10.870767
51496, 0.022996, 8.296123, 0.030703, 11.076681
51497, 0.023770, 8.227194, 0.031752, 10.989723
51498, 0.031828, 9.255350, 0.042491, 12.356141
51499, 0.019185, 9.336036, 0.025625, 12.469896
51500, 0.029998, 9.981422, 0.040080, 13.336059
51501, 0.035324, 7.403497, 0.047147, 9.881331
51502, 0.026303, 8.338757, 0.035106, 11.129699
51503, 0.027023, 8.840284, 0.036042, 11.790859
51504, 0.049768, 15.154314, 0.066422, 20.225577
51505, 0.040589, 12.993700, 0.054169, 17.340924
51506, 0.049722, 11.455026, 0.066382, 15.292969
51507, 0.062278, 20.409838, 0.083100, 27.233643
51508, 0.048970, 13.378499, 0.065345, 17.852104
51509, 0.060240, 16.097105, 0.080349, 21.470386
51510, 0.023211, 11.025827, 0.030963, 14.708288
51511, 0.026917, 11.906447, 0.035922, 15.889822
51512, 0.082735, 16.263727, 0.110319, 21.686080
51513, 0.025040, 11.265728, 0.033392, 15.023468
51514, 0.036009, 14.318261, 0.048009, 19.089996
51515, 0.087077, 25.229698, 0.116129, 33.647258
51516, 0.065176, 17.135262, 0.086910, 22.849227
51517, 0.047475, 15.317299, 0.063317, 20.428368
51518, 0.103741, 20.422791, 0.138219, 27.210285
51519, 0.061593, 14.428306, 0.082119, 19.236580
51520, 0.070607, 21.213894, 0.094127, 28.280530
51521, 0.034726, 15.229169, 0.046316, 20.311802
51522, 0.036888, 15.644576, 0.049178, 20.856874
51523, 0.072372, 16.905422, 0.096492, 22.539591
51524, 0.082855, 17.062935, 0.110469, 22.749497
51525, 0.056242, 18.930195, 0.075022, 25.251588
51526, 0.067850, 15.172116, 0.090520, 20.241380
51527, 0.100017, 23.031347, 0.133433, 30.726022
51528, 0.060857, 14.750396, 0.081303, 19.706130
51529, 0.048388, 18.339855, 0.064609, 24.487783
51530, 0.059731, 20.145781, 0.079743, 26.895295
51531, 0.048345, 17.533323, 0.064602, 23.429309
51532, 0.055831, 15.213535, 0.074590, 20.325260
51533, 0.066304, 17.295700, 0.088607, 23.113248
51534, 0.067142, 19.264418, 0.089683, 25.732136
51535, 0.044052, 15.692036, 0.058848, 20.962632
51536, 0.035033, 13.544888, 0.046835, 18.107785
51537, 0.056176, 16.221289, 0.075093, 21.683761
51538, 0.085548, 17.185341, 0.114304, 22.962161
51539, 0.044776, 14.399173, 0.059859, 19.249658
51540, 0.043072, 12.939052, 0.057616, 17.308101
51541, 0.054164, 13.030523, 0.072426, 17.423802
51542, 0.015267, 10.263289, 0.020426, 13.731076
51543, 0.028489, 10.587592, 0.038124, 14.168170
51544, 0.019666, 8.382025, 0.026325, 11.220234
51545, 0.028376, 14.018874, 0.037998, 18.772641
51546, 0.036319, 9.582048, 0.048583, 12.817734
51547, 0.044635, 11.650554, 0.059764, 15.599471
51548, 0.048863, 14.062414, 0.065462, 18.839535
51549, 0.038729, 15.690954, 0.051901, 21.027262
51550, 0.046809, 13.642148, 0.062704, 18.274467
51551, 0.069063, 18.478453, 0.092320, 24.701153
