NETCARE2015/data/raw/Flight3/SP2_Polar6_20150408_R2_L1.ict
38, 1001
Herber, Andreas; Schulz, Hannes
Alfred Wegener Institute (AWI), Bremerhaven, Germany
rBC mass concentration from SP2 (single particle soot photometer), combined high and low gain channel, size range 75 to 700 nm
NETCARE Polar 6 Campaign 2015
1, 1
2015,04,08, 2017, 09, 07
1
Time_UTC, seconds
4
1, 1, 1, 1, 1
-9999, -9999, -9999, -9999, -9999
BC_mass_concVOL, ug/m3
BC_numb_concVOL, 1/vccm
BC_mass_concSTP, ug/m3STP
BC_numb_concSTP, 1/sccm
0
20
PI_CONTACT_INFO: Address: AWI, Am Handelshafen 12, D-27570 Bremerhaven, email: andreas.herber@awi.de; hannes.schulz@awi.de
PLATFORM: Polar 6
LOCATION: GPS location and altitude available at 1 Hz resolution in separate file
ASSOCIATED_DATA: N/A
INSTRUMENT_INFO: Refractory black carbon aerosol measurements based on laser induced incandescence
DATA_INFO: Units are ug/m3 (volumetric) or ug/m3 STP (NIST standard NTP 20C, 1013.25 hPa; corrected with chamber temperature and pressure)
UNCERTAINTY: +/- 10%, typical intra-model variability of SP2 derived BC mass concentration [Laborde et al., 2012]
ULOD_FLAG: -7777
ULOD_VALUE: N/A
LLOD_FLAG: not masked
LLOD_VALUE: zero ug/m3 (e.g. no particle or particles <0.3 fg per single particle detection)
DM_CONTACT_INFO: Hannes Schulz, see above
PROJECT_INFO: NETCARE Polar 6 aircraft campaign in April 2015
STIPULATIONS_ON_USE: Preliminary data! Use of these data requires prior approval from PI
OTHER_COMMENTS: N/A
REVISION: R2
R2: Preliminary data; calibration: Fullerene Soot, DLR lab 2015/01/20; bad data and zero filter masked as -9999
R1: Preliminary data, updated header information, corrected mass concentration
R0: Preliminary data, initial release
Time_UTC, BC_mass_concVOL, BC_numb_concVOL, BC_mass_concSTP, BC_numb_concSTP
[from data line 2010]
51889, 0.037297, 11.436473, 0.046885, 14.376563
51890, 0.029617, 10.822206, 0.037227, 13.603128
51891, 0.041678, 7.217598, 0.052340, 9.064009
51892, 0.024901, 9.950066, 0.031277, 12.497749
51893, 0.032692, 9.383521, 0.041086, 11.793068
51894, 0.014874, 3.493559, 0.018685, 4.388771
51895, 0.031307, 6.967295, 0.039330, 8.752847
51896, 0.011565, 3.906849, 0.014532, 4.909038
51897, 0.017137, 7.647109, 0.021522, 9.603713
51898, 0.008090, 4.492685, 0.010164, 5.644316
51899, 0.014039, 7.495938, 0.017634, 9.415795
51900, 0.040655, 9.803297, 0.051042, 12.308115
51901, 0.012115, 4.552378, 0.015206, 5.713940
51902, 0.035629, 9.695719, 0.044716, 12.168637
51903, 0.018574, 9.027137, 0.023292, 11.320404
51904, 0.146282, 10.156985, 0.183182, 12.719107
51905, 0.061516, 10.871059, 0.077161, 13.635753
51906, 0.034577, 7.455042, 0.043335, 9.343465
51907, 0.016276, 7.945735, 0.020412, 9.965093
51908, 0.017448, 7.551563, 0.021871, 9.466150
51909, 0.022366, 8.384395, 0.027995, 10.494637
51910, 0.015318, 8.403580, 0.019206, 10.536580
51911, 0.018917, 9.394849, 0.023726, 11.783040
51912, 0.026461, 6.328589, 0.033153, 7.929243
51913, 0.028156, 6.343115, 0.035277, 7.947336
51914, 0.023231, 7.368050, 0.029110, 9.232583
51915, 0.029582, 10.363770, 0.037072, 12.987626
51916, 0.042716, 10.256336, 0.053473, 12.839166
51917, 0.017418, 6.883289, 0.021800, 8.615020
51918, 0.041509, 10.360862, 0.051833, 12.937598
51919, 0.038446, 10.449870, 0.048144, 13.086117
51920, 0.024191, 6.456621, 0.030266, 8.077924
51921, 0.048745, 11.327516, 0.060974, 14.169382
51922, 0.054774, 7.455995, 0.068480, 9.321698
51923, 0.016829, 6.326328, 0.021026, 7.904101
51924, 0.006003, 5.014041, 0.007506, 6.269890
51925, 0.025271, 6.604409, 0.031574, 8.251698
51926, 0.012231, 6.253922, 0.015283, 7.814164
51927, 0.016496, 6.973100, 0.020611, 8.712877
51928, 0.025530, 8.551259, 0.031889, 10.681389
51929, 0.029600, 10.291884, 0.036966, 12.852819
51930, 0.034832, 10.047809, 0.043489, 12.545020
51931, 0.029864, 8.870107, 0.037288, 11.075254
51932, 0.031948, 7.009629, 0.039866, 8.746857
51933, 0.022770, 7.317757, 0.028330, 9.104759
51934, 0.015370, 6.769741, 0.019179, 8.447603
51935, 0.015555, 6.578847, 0.019398, 8.204028
51936, 0.024549, 9.927674, 0.030605, 12.376839
51937, 0.045336, 12.721353, 0.056542, 15.865859
51938, 0.019206, 6.525567, 0.023934, 8.131961
51939, 0.036965, 6.502557, 0.046044, 8.099681
51940, 0.023640, 11.740053, 0.029448, 14.624478
51941, 0.225744, 8.087225, 0.280850, 10.061379
51942, 0.011764, 6.994342, 0.014633, 8.699948
51943, 0.016416, 6.486638, 0.020418, 8.068136
51944, 0.025419, 6.530529, 0.031589, 8.115865
51945, 0.033473, 10.085983, 0.041601, 12.535200
51946, 0.025650, 9.224224, 0.031859, 11.457105
51947, 0.060099, 10.645781, 0.074566, 13.208300
51948, 0.021125, 7.646635, 0.026215, 9.489071
51949, 0.022845, 7.162397, 0.028340, 8.885054
51950, 0.017727, 8.336123, 0.021971, 10.332085
51951, 0.042193, 10.311584, 0.052283, 12.777487
51952, 0.037236, 9.905900, 0.046132, 12.272420
51953, 0.069469, 7.998216, 0.086043, 9.906371
51954, 0.038020, 9.837403, 0.047066, 12.177750
51955, 0.026411, 4.593618, 0.032686, 5.685015
51956, 0.017584, 8.366423, 0.021747, 10.347373
51957, 0.026542, 6.882404, 0.032824, 8.511351
51958, 0.025598, 9.834739, 0.031658, 12.163031
51959, 0.026953, 9.227692, 0.033281, 11.394079
51960, 0.030711, 7.747400, 0.037924, 9.566967
51961, 0.033011, 7.000346, 0.040741, 8.639574
51962, 0.065195, 10.830628, 0.080447, 13.364408
51963, 0.028445, 7.593502, 0.035071, 9.362565
51964, 0.067468, 11.444303, 0.083176, 14.108769
51965, 0.028712, 6.694888, 0.035372, 8.247969
51966, 0.038948, 7.461371, 0.047970, 9.189844
51967, 0.036674, 6.450756, 0.045185, 7.947879
51968, 0.020593, 8.574246, 0.025365, 10.560774
51969, 0.034086, 9.325165, 0.041961, 11.479784
51970, 0.029065, 12.612973, 0.035763, 15.519445
51971, 0.023045, 13.144164, 0.028361, 16.175936
51972, 0.021061, 7.448244, 0.025902, 9.159994
51973, 0.049569, 7.918656, 0.060957, 9.737833
51974, 0.014857, 4.434097, 0.018272, 5.453330
51975, 0.065074, 6.014515, 0.080019, 7.395804
51976, 0.023558, 6.161676, 0.028973, 7.577929
51977, 0.018775, 4.223711, 0.023070, 5.190071
51978, 0.008332, 4.062845, 0.010234, 4.990791
51979, 0.029604, 10.112020, 0.036349, 12.415827
51980, 0.021007, 5.864202, 0.025792, 7.199886
51981, 0.011325, 6.158359, 0.013892, 7.554190
51982, 0.009821, 4.571483, 0.012048, 5.608441
51983, 0.043769, 8.430638, 0.053621, 10.328365
51984, 0.051505, 12.103097, 0.063177, 14.845814
51985, 0.024550, 5.004710, 0.030091, 6.134397
51986, 0.026336, 6.530898, 0.032270, 8.002417
51987, 0.043541, 9.913235, 0.053296, 12.134141
51988, 0.019563, 7.374590, 0.023962, 9.033081
51989, 0.052923, 8.028752, 0.064756, 9.823981
51990, 0.042873, 9.694323, 0.052459, 11.861833
51991, 0.026667, 7.487197, 0.032599, 9.152624
51992, 0.021986, 5.901269, 0.026876, 7.213854
51993, 0.007934, 4.122614, 0.009704, 5.041970
51994, 0.026422, 8.012874, 0.032291, 9.792700
51995, 0.092171, 11.088964, 0.112622, 13.549296
51996, 0.044147, 6.604692, 0.053913, 8.065778
51997, 0.028098, 10.291801, 0.034307, 12.566033
51998, 0.058730, 7.337850, 0.071662, 8.953499
51999, 0.015678, 6.241572, 0.019123, 7.613225
52000, 0.079200, 6.572427, 0.096597, 8.016122
52001, 0.018636, 8.903756, 0.022720, 10.854934
52002, 0.065651, 11.888345, 0.080032, 14.492527
52003, 0.026583, 10.102112, 0.032386, 12.307482
52004, 0.032571, 6.809350, 0.039667, 8.292914
52005, 0.014586, 5.961962, 0.017770, 7.263397
52006, 0.058159, 7.077756, 0.070833, 8.620129
52007, 0.040084, 8.791483, 0.048777, 10.698064
52008, 0.038695, 8.040386, 0.047069, 9.780492
52009, 0.029512, 8.926388, 0.035887, 10.854410
52010, 0.012704, 5.948352, 0.015448, 7.233660
52011, 0.040200, 10.263958, 0.048847, 12.471617
52012, 0.011310, 4.243359, 0.013735, 5.152838
52013, 0.011961, 6.386215, 0.014510, 7.747408
52014, 0.018502, 4.881599, 0.022454, 5.924111
52015, 0.022752, 6.934585, 0.027611, 8.415524
52016, 0.012815, 8.091538, 0.015544, 9.814702
52017, 0.051833, 6.551791, 0.062827, 7.941442
52018, 0.007155, 3.994182, 0.008674, 4.842391
52019, 0.055091, 12.542521, 0.066711, 15.188022
52020, 0.026874, 6.236936, 0.032584, 7.561958
52021, 0.019334, 8.769187, 0.023428, 10.626055
52022, 0.030461, 9.674031, 0.036885, 11.714106
52023, 0.033988, 9.987495, 0.041171, 12.098083
52024, 0.040803, 7.097831, 0.049400, 8.593222
52025, 0.022751, 5.148676, 0.027557, 6.236265
52026, 0.040540, 8.245675, 0.049056, 9.977866
52027, 0.025537, 8.254213, 0.030879, 9.980926
52028, 0.046790, 8.309895, 0.056566, 10.045996
52029, 0.010026, 5.527864, 0.012121, 6.683152
52030, 0.033947, 4.032880, 0.041048, 4.876537
52031, 0.029872, 8.508944, 0.036094, 10.281131
52032, 0.007208, 5.143973, 0.008704, 6.211758
52033, 0.020760, 6.597211, 0.025037, 7.956482
52034, 0.020412, 7.773421, 0.024641, 9.383956
52035, 0.003352, 2.657532, 0.004046, 3.207111
52036, 0.013598, 3.931006, 0.016401, 4.741116
52037, 0.022160, 6.429961, 0.026738, 7.758332
52038, 0.013240, 7.730576, 0.015969, 9.324026
52039, 0.032829, 7.670558, 0.039568, 9.245141
52040, 0.039194, 5.951766, 0.047255, 7.175790
52041, 0.019926, 8.107423, 0.024008, 9.768509
52042, 0.018812, 5.553984, 0.022657, 6.689023
52043, 0.074132, 4.560767, 0.089071, 5.479840
52044, 0.018414, 3.991043, 0.022150, 4.800619
52045, 0.040618, 10.094404, 0.048864, 12.143726
52046, 0.025239, 9.331116, 0.030381, 11.232055
52047, 0.012076, 6.025972, 0.014536, 7.253931
52048, 0.021811, 6.641302, 0.026260, 7.995953
52049, 0.035318, 8.337209, 0.042486, 10.029112
52050, 0.024833, 5.215298, 0.029888, 6.276895
52051, 0.047963, 4.711437, 0.057712, 5.669144
52052, 0.007731, 4.079021, 0.009304, 4.909141
52053, 0.016358, 6.672272, 0.019685, 8.029561
52054, 0.028564, 7.728957, 0.034388, 9.304704
52055, 0.007129, 4.171670, 0.008580, 5.020645
52056, 0.008136, 2.594904, 0.009789, 3.122377
52057, 0.010990, 5.571601, 0.013213, 6.698439
52058, 0.005788, 3.095199, 0.006959, 3.721155
52059, 0.038923, 5.404842, 0.046803, 6.499098
52060, 0.024943, 7.761803, 0.029985, 9.330842
52061, 0.038875, 11.165753, 0.046729, 13.421667
52062, 0.027352, 7.627802, 0.032865, 9.165291
52063, 0.136762, 6.349209, 0.164240, 7.624876
52064, 0.028171, 5.695270, 0.033835, 6.840428
52065, 0.027864, 8.332694, 0.033466, 10.008165
52066, 0.016116, 6.308073, 0.019340, 7.570023
52067, 0.012528, 6.276583, 0.015033, 7.532069
52068, 0.018326, 5.175116, 0.021984, 6.208240
52069, 0.009523, 5.862867, 0.011421, 7.031742
52070, 0.046059, 6.856127, 0.055185, 8.214473
52071, 0.020450, 6.304705, 0.024509, 7.555808
52072, 0.013314, 4.446189, 0.015951, 5.326674
52073, 0.017734, 7.854064, 0.021241, 9.407356
52074, 0.027253, 7.767136, 0.032636, 9.301195
52075, 0.022978, 8.320383, 0.027505, 9.959792
52076, 0.020579, 6.862040, 0.024630, 8.212660
52077, 0.077993, 6.954482, 0.093328, 8.321872
52078, 0.014309, 7.284423, 0.017118, 8.714259
52079, 0.017487, 8.356911, 0.020913, 9.994121
52080, 0.034022, 6.163638, 0.040682, 7.370222
52081, 0.033779, 9.570040, 0.040357, 11.433750
52082, 0.029837, 5.609357, 0.035650, 6.702162
52083, 0.017322, 5.557252, 0.020698, 6.640058
52084, 0.018747, 6.023758, 0.022389, 7.193788
52085, 0.050655, 10.898657, 0.060472, 13.010782
52086, 0.013010, 4.629561, 0.015529, 5.525911
52087, 0.041248, 6.726682, 0.049222, 8.027127
52088, 0.023217, 6.514050, 0.027706, 7.773500
52089, 0.012340, 4.686353, 0.014729, 5.593463
52090, 0.037641, 6.770753, 0.044848, 8.067048
52091, 0.044438, 8.181585, 0.052922, 9.743583
52092, 0.008336, 6.119677, 0.009929, 7.288954
52093, 0.051347, 7.213965, 0.061116, 8.586403
52094, 0.195339, 5.441204, 0.232571, 6.478304
52095, 0.028431, 5.484414, 0.033836, 6.526968
52096, 0.027566, 8.464191, 0.032800, 10.071251
52097, 0.019854, 4.501794, 0.023619, 5.355417
52098, 0.029929, 7.912950, 0.035566, 9.403502
52099, 0.025976, 5.983866, 0.030867, 7.110576
52100, 0.017228, 5.002330, 0.020477, 5.945707
52101, 0.016902, 5.442820, 0.020081, 6.466379
52102, 0.033437, 7.848193, 0.039699, 9.318088
52103, 0.038436, 7.045570, 0.045633, 8.364857
52104, 0.015568, 6.384353, 0.018459, 7.570065
52105, 0.020376, 3.898863, 0.024120, 4.615180
52106, 0.013094, 6.617168, 0.015530, 7.847934
52107, 0.022118, 7.672321, 0.026207, 9.090749
52108, 0.017441, 7.592792, 0.020652, 8.990670
52109, 0.098133, 8.440730, 0.116268, 10.000573
52110, 0.013192, 5.250182, 0.015625, 6.218483
52111, 0.039766, 7.064902, 0.047098, 8.367512
52112, 0.266867, 6.062536, 0.316075, 7.180417
52113, 0.013189, 2.985394, 0.015607, 3.532675
52114, 0.017664, 7.726818, 0.020893, 9.139203
52115, 0.020797, 4.475388, 0.024603, 5.294314
52116, 0.021121, 4.977745, 0.024987, 5.888972
52117, 0.039460, 7.957071, 0.046671, 9.411243
52118, 0.022257, 7.703432, 0.026306, 9.104678
52119, 0.028752, 9.241045, 0.033969, 10.917836
52120, 0.019600, 7.987576, 0.023149, 9.433927
52121, 0.014398, 5.610940, 0.017003, 6.625980
52122, 0.017624, 5.298078, 0.020806, 6.254706
52123, 0.187225, 7.408734, 0.220803, 8.737469
52124, 0.021343, 4.452940, 0.025177, 5.252935
52125, 0.032766, 6.741966, 0.038610, 7.944519
52126, 0.047268, 6.528247, 0.055684, 7.690575
52127, 0.049621, 7.481587, 0.058434, 8.810337
52128, 0.041447, 6.296369, 0.048803, 7.413759
52129, 0.046723, 9.117589, 0.054973, 10.727576
52130, 0.014210, 3.505954, 0.016705, 4.121653
52131, 0.028078, 6.188763, 0.033024, 7.278841
52132, 0.033887, 10.952106, 0.039848, 12.878644
52133, 0.019582, 8.207069, 0.023013, 9.645095
52134, 0.007491, 4.333067, 0.008805, 5.092942
52135, 0.023725, 7.794202, 0.027885, 9.161044
52136, 0.030154, 7.358507, 0.035410, 8.641242
52137, 0.020326, 7.737278, 0.023888, 9.093103
52138, 0.053927, 8.576347, 0.063294, 10.066041
52139, 0.014301, 4.361039, 0.016784, 5.118178
52140, 0.006385, 3.783868, 0.007494, 4.440862
52141, 0.013661, 5.926223, 0.016033, 6.955525
52142, 0.066781, 11.250439, 0.078329, 13.195758
52143, 0.010419, 6.237819, 0.012222, 7.316771
52144, 0.062233, 10.015021, 0.073013, 11.749674
52145, 0.014295, 5.744962, 0.016764, 6.737175
52146, 0.019809, 5.257310, 0.023227, 6.164477
52147, 0.201266, 7.158754, 0.235988, 8.393737
52148, 0.015620, 6.688601, 0.018306, 7.839090
52149, 0.008848, 4.167595, 0.010372, 4.885612
52150, 0.019428, 7.781767, 0.022764, 9.118016
52151, 0.031228, 7.778750, 0.036610, 9.119386
52152, 0.030315, 6.341808, 0.035510, 7.428745
52153, 0.062874, 8.217932, 0.073623, 9.622883
52154, 0.014755, 5.471077, 0.017261, 6.400541
52155, 0.019301, 3.665732, 0.022588, 4.289895
52156, 0.022258, 8.037545, 0.026029, 9.399412
52157, 0.012427, 6.261409, 0.014531, 7.321658
52158, 0.019958, 4.860951, 0.023338, 5.683924
52159, 0.018799, 6.775219, 0.021975, 7.919730
52160, 0.024665, 8.165804, 0.028772, 9.525450
52161, 0.023809, 8.273236, 0.027795, 9.658232
52162, 0.008587, 3.335715, 0.010018, 3.891616
52163, 0.008198, 5.638617, 0.009559, 6.574714
52164, 0.013266, 7.176014, 0.015453, 8.359412
52165, 0.028610, 6.378471, 0.033333, 7.431379
52166, 0.009925, 4.329779, 0.011561, 5.043565
52167, 0.028785, 5.796448, 0.033490, 6.743854
52168, 0.042561, 6.012105, 0.049523, 6.995494
52169, 0.011432, 6.212466, 0.013301, 7.228603
52170, 0.029560, 9.757292, 0.034366, 11.343418
52171, 0.016458, 6.922452, 0.019142, 8.051393
52172, 0.033660, 10.972794, 0.039141, 12.759774
52173, 0.044071, 9.600543, 0.051186, 11.150602
52174, 0.047861, 9.983271, 0.055476, 11.571510
52175, 0.058342, 6.522876, 0.067759, 7.575752
52176, 0.033195, 6.412750, 0.038554, 7.448063
52177, 0.016313, 6.024256, 0.018935, 6.992403
52178, 0.053850, 10.098039, 0.062527, 11.725115
52179, 0.028994, 7.518490, 0.033626, 8.719806
52180, 0.014158, 5.967384, 0.016424, 6.922565
52181, 0.029298, 7.624567, 0.033930, 8.829866
52182, 0.021904, 7.588244, 0.025412, 8.803587
52183, 0.026515, 7.821373, 0.030748, 9.070027
52184, 0.024203, 6.448690, 0.028047, 7.473131
52185, 0.011831, 7.183192, 0.013717, 8.328079
52186, 0.145708, 10.646147, 0.168884, 12.339522
52187, 0.016184, 5.059129, 0.018762, 5.864764
52188, 0.056785, 5.293816, 0.065811, 6.135292
52189, 0.048886, 10.634136, 0.056638, 12.320386
52190, 0.017028, 4.986187, 0.019731, 5.777625
52191, 0.033386, 10.082003, 0.038677, 11.679989
52192, 0.017113, 6.328842, 0.019826, 7.332259
52193, 0.007323, 4.535136, 0.008489, 5.257257
52194, 0.011599, 4.622294, 0.013443, 5.357516
52195, 0.015128, 8.458372, 0.017528, 9.800238
52196, 0.056079, 10.357070, 0.064927, 11.991321
52197, 0.045891, 9.648212, 0.053126, 11.169415
52198, 0.016851, 8.452192, 0.019509, 9.785751
52199, 0.010324, 5.447247, 0.011951, 6.305734
52200, 0.018244, 6.386642, 0.021104, 7.387512
52201, 0.019189, 3.434600, 0.022186, 3.971052
52202, 0.014371, 7.389908, 0.016631, 8.552099
52203, 0.017110, 4.317565, 0.019751, 4.984082
52204, 0.023999, 5.968273, 0.027749, 6.900953
52205, 0.041987, 7.701689, 0.048524, 8.900780
52206, 0.013679, 3.933843, 0.015810, 4.546939
52207, 0.041887, 7.039815, 0.048388, 8.132504
52208, 0.021614, 7.675379, 0.024964, 8.864849
52209, 0.022785, 8.636059, 0.026306, 9.970916
52210, 0.019419, 6.459895, 0.022411, 7.455174
52211, 0.014619, 4.359261, 0.016874, 5.031640
52212, 0.023419, 6.760293, 0.027028, 7.802145
52213, 0.055109, 7.234426, 0.063573, 8.345488
52214, 0.016389, 7.118112, 0.018919, 8.216799
52215, 0.028641, 7.962062, 0.033030, 9.182226
52216, 0.023948, 4.883793, 0.027623, 5.633323
52217, 0.034838, 6.495925, 0.040172, 7.490695
52218, 0.004945, 3.947842, 0.005698, 4.548426
52219, 0.039219, 7.206009, 0.045184, 8.301854
52220, 0.016208, 6.214393, 0.018665, 7.156401
52221, 0.019046, 5.770589, 0.021938, 6.646614
52222, 0.039836, 8.049208, 0.045876, 9.269638
52223, 0.010732, 3.433243, 0.012351, 3.951102
52224, 0.008577, 3.893309, 0.009866, 4.478617
52225, 0.014749, 9.648388, 0.016970, 11.101064
52226, 0.019586, 8.769143, 0.022537, 10.090496
52227, 0.011586, 6.182516, 0.013327, 7.111465
52228, 0.019464, 5.797935, 0.022372, 6.664268
52229, 0.013822, 6.207426, 0.015889, 7.135830
52230, 0.011870, 4.934975, 0.013642, 5.671303
52231, 0.030584, 6.882128, 0.035146, 7.908843
52232, 0.046895, 11.444201, 0.053850, 13.141613
