NETCARE2015/data/raw/Flight4/AIMMS_POLAR6_20150408_R1_V2_NETCARE.ict
57, 1001
Aliabadi, Amir A.
University of Guelph
AIMMS20 - 1 Hz data from the processed output file 04081752.txt
Polar 6 NETCARE
2, 2
2015, 04, 08, 2015, 06, 26
1
TimeWave, seconds
24
1, 1, 1, 1, 1, 1, 1, 1, 1, 1, 1, 1, 1, 1, 1, 1, 1, 1, 1, 1, 1, 1, 1, 1
-9999, -9999, -9999, -9999, -9999, -9999, -9999, -9999, -9999, -9999, -9999, -9999, -9999, -9999, -9999, -9999, -9999, -9999, -9999, -9999, -9999, -9999, -9999, -9999
Time_Hr, hr UTC
Temp, deg C
RH, 0-1
BP, pa
WSN, m/s
WSE, m/s
Lat, deg
Lon, deg
Alt, m
SProbN, m/s
SProbE, m/s
SProbD, m/s
Roll, deg
Pitch, deg
Heading, deg
TAS, m/s
WSD, m/s
SideslipAngle, deg
AOA, deg
SideslipDiff, none
SysStatFlag, none
WS, m/s
WSW, m/s
WD, deg
1
Values for certain parameters near the beginning and end of the data block may be 0 as the instrument may not have been recording during these start and end timestamps
18
PI_CONTACT_INFO: Address: University of Guelph; aliabadi@uoguelph.ca
PLATFORM: Polar 6 - sampling around the aircraft
LOCATION: Location data varies as seen in this file
ASSOCIATED_DATA: 04081752.r??
INSTRUMENT_INFO: AIMMS20, Avantech, www.aventech.com
DATA_INFO: none
UNCERTAINTY: Contact manufacturer, Aventech
ULOD_FLAG: -7777
ULOD_VALUE: N/A
LLOD_FLAG: -8888
LLOD_VALUE: N/A
DM_CONTACT_INFO: Amir A. Aliabadi; University of Guelph; aliabadi@uoguelph.ca
PROJECT_INFO: Polar 6 NETCARE Spring 2015 campaign
STIPULATIONS_ON_USE: N/A
OTHER_COMMENTS: N/A
REVISION: R1
R1: corrected for start/stop times
TimeWave,Time_Hr,Temp,RH,BP,WSN,WSE,Lat,Lon,Alt,SProbN,SProbE,SProbD,Roll,Pitch,Heading,TAS,WSD,SideslipAngle,AOA,SideslipDiff,SysStatFlag,WS,WSW,WD
[from data line 2323]
66707,18.529819,-24.35,0.45750001,75161,3.54,-4.23,83.09581,-72.732132,2049,26.02,-74.129997,2.3,3.78,0.62,287.54001,73.449997,-0.56,0.47999999,1.27421,-0.32728001,0.53106999,5.515841,0.56,129.92526
66708,18.530096,-24.35,0.45699999,75176,3.24,-4.0700002,83.096046,-72.73764,2046.5,26.23,-74.029999,2.4100001,3.3,0.38999999,287.81,73.639999,-0.67000002,0.54000002,1.27867,-0.31145,0.52851999,5.2021632,0.67000002,128.5222
66709,18.530375,-24.299999,0.45609999,75261,3.9000001,-5.1399999,83.096283,-72.743156,2044,26.43,-73.959999,2.6099999,3.0899999,0.25,288.04999,72.440002,-0.079999998,0.20999999,1.3011,-0.33103001,0.51520997,6.4521003,0.079999998,127.18959
66710,18.530653,-24.33,0.4578,75186,3.3199999,-3.8599999,83.096519,-72.748657,2041.5,26.6,-73.900002,2.6199999,2.8399999,0.36000001,288.12,73.879997,-0.62,0.41,1.26948,-0.34380999,0.53378999,5.0913653,0.62,130.69894
66711,18.53093,-24.32,0.45770001,75240,3.52,-4.1500001,83.096741,-72.753609,2039,26.700001,-73.849998,2.3900001,2.4200001,0.64999998,288.14999,73.519997,-0.54000002,0.37,1.2655801,-0.35714,0.53604001,5.4417739,0.54000002,130.30437
66712,18.531208,-24.290001,0.45750001,75296,3.51,-4.2199998,83.097,-72.759659,2036.5,26.709999,-73.769997,1.92,2.22,1.15,288.14999,73.370003,-0.47,0.41,1.25684,-0.36219001,0.54118001,5.4889431,0.47,129.75211
66713,18.531485,-24.290001,0.4576,75304,3.4400001,-4.0100002,83.097214,-72.764603,2035,26.68,-73.639999,1.35,2.0599999,1.62,288.14001,73.449997,-0.51999998,0.41999999,1.25361,-0.36519,0.54307002,5.2833419,0.51999998,130.62482
66714,18.531763,-24.25,0.45660001,75355,3.3499999,-4.3299999,83.097504,-72.771179,2034.5,26.58,-73.419998,0.92000002,1.8,1.91,288.20001,72.900002,-0.36000001,0.47999999,1.26569,-0.33965999,0.53605002,5.4746141,0.36000001,127.72812
66715,18.532042,-24.24,0.45660001,75336,3.3199999,-4.0100002,83.09774,-72.776642,2033.5,26.469999,-73.18,0.81,1.72,1.87,288.26999,72.940002,-0.46000001,0.31999999,1.26546,-0.36465999,0.53609002,5.2060061,0.46000001,129.62238
66716,18.532318,-24.23,0.45629999,75361,3.3900001,-4.0799999,83.097969,-72.782082,2033,26.360001,-72.970001,0.97000003,1.79,1.6799999,288.23999,72.639999,-0.31,0.28,1.28001,-0.34946999,0.52757001,5.3045735,0.31,129.7226
66717,18.532597,-24.200001,0.45539999,75410,3.52,-4.4899998,83.098213,-72.787514,2031.5,26.24,-72.790001,1.28,1.52,1.41,288.14999,72.010002,-0.12,0.31,1.2931499,-0.32602999,0.51990002,5.7053041,0.12,128.09518
66718,18.532873,-24.18,0.45559999,75392,3.49,-4.1900001,83.09845,-72.792931,2030,26.09,-72.669998,1.66,1.25,1.11,288.04999,72.150002,-0.27000001,0.27000001,1.2851501,-0.34424999,0.52455997,5.4530911,0.27000001,129.79211
66719,18.533152,-24.190001,0.45539999,75421,3.5,-4.1900001,83.098679,-72.798332,2028.5,25.9,-72.599998,1.9400001,0.89999998,0.99000001,287.88,72.040001,-0.27000001,0.28999999,1.27842,-0.35021999,0.52850002,5.4594965,0.27000001,129.87276
66720,18.53343,-24.200001,0.45570001,75415,3.28,-3.74,83.098907,-72.803741,2026.5,25.68,-72.559998,1.98,0.62,1.0700001,287.76001,72.449997,-0.37,0.30000001,1.26296,-0.37090999,0.53754997,4.974535,0.37,131.25093
66721,18.533707,-24.190001,0.45609999,75448,3.4100001,-3.8199999,83.099136,-72.809151,2024.5,25.450001,-72.519997,1.96,0.50999999,1.05,287.54001,72.230003,-0.28999999,0.28,1.2685601,-0.36680001,0.53425997,5.1205955,0.28999999,131.75433
66722,18.533985,-24.190001,0.456,75434,3.4400001,-3.47,83.099373,-72.814537,2022.5,25.190001,-72.5,2.03,0.47,1,287.20001,72.489998,-0.44999999,0.31,1.2602299,-0.37316,0.53915,4.8861542,0.44999999,134.75125
66723,18.534262,-24.190001,0.45570001,75499,3.6500001,-3.6900001,83.099571,-72.819397,2020.5,24.91,-72.5,2.0799999,0.41,0.88999999,286.81,72.099998,-0.31999999,0.38,1.27088,-0.34713,0.53294998,5.1902409,0.31999999,134.68776
66724,18.53454,-24.190001,0.45480001,75508,3.8399999,-3.6600001,83.099792,-72.824806,2018.5,24.620001,-72.510002,2.1900001,0.20999999,0.79000002,286.5,72.019997,-0.40000001,0.30000001,1.27131,-0.35942,0.53266001,5.3048282,0.40000001,136.37483
66725,18.534819,-24.200001,0.45559999,75502,3.6800001,-3.23,83.100014,-72.830208,2016.5,24.33,-72.550003,2.29,0.01,0.81,286.23999,72.459999,-0.51999998,0.34999999,1.25432,-0.37555999,0.54262,4.8964581,0.51999998,138.72601
66726,18.535095,-24.200001,0.45559999,75514,3.8499999,-3.1800001,83.100227,-72.835617,2014.5,24.040001,-72.589996,2.25,0.039999999,0.89999998,285.82001,72.410004,-0.63999999,0.38999999,1.24418,-0.38374001,0.54856002,4.9934859,0.63999999,140.44418
66727,18.535374,-24.18,0.45390001,75610,4.1599998,-3.9000001,83.100441,-72.841026,2012.5,23.67,-72.629997,2.1900001,-0.039999999,0.89999998,285.35001,71.57,-0.30000001,0.5,1.26421,-0.33845001,0.53692001,5.7022452,0.30000001,136.84761
66728,18.53565,-24.16,0.454,75658,4.3800001,-4.1399999,83.100647,-72.846443,2010,23.290001,-72.690002,2.3599999,-0.18000001,0.66000003,285.01999,71.209999,-0.13,0.38999999,1.27777,-0.33559999,0.52893001,6.0269394,0.13,136.61354
66729,18.535929,-24.18,0.45390001,75609,4.02,-3.3699999,83.100861,-72.85186,2007.5,22.940001,-72.769997,2.5899999,-0.15000001,0.49000001,284.79999,72.019997,-0.49000001,0.44999999,1.26007,-0.35251999,0.53930998,5.2456932,0.49000001,140.02661
66730,18.536205,-24.18,0.454,75639,4.1900001,-3.55,83.101044,-72.856743,2005.5,22.59,-72.870003,2.71,-0.33000001,0.5,284.54001,71.849998,-0.44,0.31,1.2575099,-0.37687999,0.54074001,5.4916844,0.44,139.72688
66731,18.536484,-24.17,0.45410001,75656,4.1700001,-3.48,83.10125,-72.862167,2002.5,22.25,-72.970001,2.72,-0.27000001,0.54000002,284.17999,71.940002,-0.41999999,0.38,1.2523299,-0.37373999,0.5438,5.4313259,0.41999999,140.15392
66732,18.536762,-24.16,0.45300001,75736,4.3400002,-3.8099999,83.101463,-72.868156,2000,21.879999,-73.07,2.6099999,-0.23,0.69999999,283.76001,71.580002,-0.27000001,0.44,1.25612,-0.35914001,0.54161,5.7750931,0.27000001,138.72075
66733,18.537039,-24.15,0.45289999,75759,4.4499998,-3.8900001,83.101639,-72.873062,1997.5,21.48,-73.160004,2.49,-0.28,0.81,283.37,71.440002,-0.25,0.41999999,1.2552,-0.36311001,0.54214001,5.9105496,0.25,138.84143
66734,18.537317,-24.18,0.45339999,75712,3.9100001,-3,83.10183,-72.87851,1995.5,21.08,-73.239998,2.4100001,-0.25,0.87,283.07001,72.389999,-0.61000001,0.64999998,1.23421,-0.35749,0.55456001,4.9282961,0.61000001,142.50229
66735,18.537594,-24.139999,0.45269999,75807,4.48,-3.9200001,83.10202,-72.883972,1993,20.77,-73.279999,2.3699999,0.30000001,0.89999998,282.82001,71.330002,-0.18000001,0.41,1.25351,-0.36715999,0.54312003,5.9528818,0.18000001,138.81407
66736,18.537872,-24.120001,0.4515,75846,4.71,-4.0900002,83.102203,-72.889427,1990.5,20.540001,-73.290001,2.3599999,0.87,0.91000003,282.57001,71.059998,-0.15000001,0.36000001,1.2583801,-0.36803001,0.54025,6.2379646,0.15000001,139.03009
66737,18.538151,-24.110001,0.45179999,75874,4.8099999,-4.29,83.102386,-72.89489,1988.5,20.379999,-73.300003,2.4000001,1.13,0.88999999,282.44,70.790001,-0.07,0.33000001,1.2635,-0.36623001,0.53724003,6.4451685,0.07,138.27049
66738,18.538427,-24.110001,0.4517,75892,4.6700001,-4.04,83.10257,-72.90036,1986,20.24,-73.290001,2.48,1.2,0.85000002,282.41,71.040001,-0.13,0.31999999,1.25956,-0.37237,0.53955001,6.1749897,0.13,139.13704
66739,18.538706,-24.110001,0.45249999,75876,4.4699998,-3.77,83.102753,-72.905823,1983.5,20.129999,-73.290001,2.51,1.33,0.93000001,282.38,71.339996,-0.27000001,0.38999999,1.24509,-0.38246,0.54803002,5.8475461,0.27000001,139.8557
66740,18.538982,-24.09,0.45100001,75957,4.6100001,-4.0700002,83.102928,-72.911278,1981.5,20.059999,-73.279999,2.4200001,1.49,0.98000002,282.34,70.959999,-0.1,0.31999999,1.25319,-0.38196,0.54326999,6.1495528,0.1,138.55989
66741,18.539261,-24.07,0.45089999,75958,4.5999999,-3.8900001,83.103111,-72.91674,1979,20.01,-73.25,2.3800001,1.76,0.94999999,282.29001,71.120003,-0.17,0.34,1.25344,-0.37891999,0.54312998,6.0242925,0.17,139.7804
66742,18.539539,-24.07,0.45050001,76008,4.8800001,-4.1999998,83.103287,-72.922203,1977,20.02,-73.209999,2.4200001,2.02,0.88,282.20001,70.709999,-0.039999999,0.28,1.26473,-0.37228999,0.53649998,6.438509,0.039999999,139.28288
66743,18.539816,-24.049999,0.45039999,76046,4.8000002,-4.1399999,83.10347,-72.927658,1974.5,20.01,-73.18,2.46,2.02,0.87,282.23001,70.690002,-0.11,0.30000001,1.26345,-0.37105,0.53726,6.338738,0.11,139.22223
66744,18.540094,-24.049999,0.45030001,76036,4.8299999,-4.0599999,83.103653,-72.933113,1972,20.01,-73.160004,2.45,1.86,0.82999998,282.42999,70.769997,-0.18000001,0.050000001,1.2599601,-0.41497999,0.53929001,6.3097148,0.18000001,139.95027
66745,18.540371,-24.049999,0.4501,76033,4.5999999,-3.76,83.103828,-72.938568,1969.5,20.049999,-73.139999,2.6099999,2.0799999,0.70999998,282.54001,71.139999,-0.23999999,0.12,1.25301,-0.41305,0.54334003,5.9411783,0.23999999,140.73773
66746,18.540649,-24.049999,0.45100001,76063,4.6500001,-3.5899999,83.104012,-72.944023,1967,20.15,-73.120003,2.6500001,2.29,0.66000003,282.47,71.32,-0.37,0.22,1.2498699,-0.40261999,0.54518002,5.8745723,0.37,142.33032
66747,18.540928,-24.02,0.4499,76130,4.8899999,-4.0599999,83.104187,-72.949471,1964.5,20.23,-73.110001,2.71,2.3199999,0.61000001,282.34,70.809998,-0.1,0.31,1.2643501,-0.36787,0.53674001,6.3557611,0.1,140.29831
66748,18.541204,-24.02,0.4501,76137,4.75,-3.78,83.10437,-72.954918,1962,20.27,-73.120003,2.74,2.28,0.60000002,282.32999,71.110001,-0.27000001,0.40000001,1.25357,-0.36908001,0.54307997,6.0704942,0.27000001,141.48759
66749,18.541483,-24.030001,0.44949999,76139,4.6300001,-3.53,83.104553,-72.960373,1959,20.32,-73.129997,2.6900001,2.1600001,0.62,282.48001,71.370003,-0.38999999,0.34999999,1.25335,-0.37722999,0.54319,5.8221817,0.38999999,142.67741
66750,18.541759,-24.01,0.44999999,76214,4.8299999,-3.95,83.104736,-72.96582,1956.5,20.379999,-73.129997,2.6099999,2.1199999,0.68000001,282.60001,70.940002,-0.2,0.17,1.2615401,-0.39286,0.53834999,6.2395034,0.2,140.72351
66751,18.542038,-24,0.44980001,76249,4.9899998,-4.1300001,83.104919,-72.971283,1954,20.440001,-73.099998,2.51,2.22,0.81,282.64001,70.730003,-0.07,0.090000004,1.2626801,-0.40456,0.53768998,6.4774222,0.07,140.38696
66752,18.542316,-24.01,0.4499,76259,4.8600001,-3.6900001,83.105103,-72.976723,1951.5,20.5,-73.059998,2.3199999,2.26,0.92000002,282.62,71.150002,-0.28,0.2,1.25521,-0.39732999,0.54206002,6.1021066,0.28,142.79208
66753,18.542593,-23.99,0.449,76283,5.02,-3.97,83.105293,-72.98217,1949.5,20.540001,-73.010002,2.24,2.2,0.93000001,282.60001,70.82,-0.17,0.19,1.2654999,-0.38554001,0.53604001,6.4001017,0.17,141.66176
66754,18.542871,-23.99,0.4492,76276,4.8600001,-3.6500001,83.105469,-72.98761,1947.5,20.549999,-72.949997,2.23,2.0999999,0.93000001,282.63,71.089996,-0.23999999,0.23,1.26186,-0.38428,0.53816998,6.0780015,0.23999999,143.09239
66755,18.543148,-24,0.4488,76327,4.9499998,-3.75,83.105659,-72.99305,1945,20.58,-72.900002,2.23,2.1099999,0.94,282.63,70.93,-0.22,0.20999999,1.26144,-0.38734001,0.53841001,6.2100725,0.22,142.85332
66756,18.543427,-23.99,0.44769999,76312,4.8699999,-3.4000001,83.105843,-72.998482,1942.5,20.59,-72.849998,2.21,2.01,0.97000003,282.60999,71.269997,-0.44,0.25999999,1.25139,-0.39458001,0.54430002,5.939436,0.44,145.0791
66757,18.543705,-23.99,0.44800001,76366,4.9499998,-3.7,83.106033,-73.003906,1940.5,20.59,-72.800003,2.1600001,2,0.97000003,282.57999,70.879997,-0.27000001,0.28,1.26343,-0.37393001,0.53727001,6.1800079,0.27000001,143.22281
66758,18.543982,-24,0.44870001,76368,4.6500001,-3.53,83.106209,-73.009338,1938.5,20.57,-72.75,2.1700001,1.89,0.94999999,282.54999,71.07,-0.38999999,0.5,1.2576801,-0.34801,0.54074001,5.838099,0.38999999,142.79642
66759,18.54426,-23.99,0.4483,76392,4.6500001,-3.47,83.106392,-73.014763,1936.5,20.49,-72.720001,2.1700001,1.76,0.92000002,282.60001,71.050003,-0.41999999,0.38,1.25822,-0.36616999,0.54035002,5.8020172,0.41999999,143.26836
66760,18.544537,-23.98,0.44819999,76408,4.3600001,-3.3800001,83.106583,-73.020187,1934.5,20.43,-72.699997,2.22,1.8200001,0.88,282.70001,71.190002,-0.44,0.44999999,1.2535501,-0.36192,0.54312003,5.5167022,0.44,142.21611
66761,18.544815,-23.969999,0.44749999,76462,4.4200001,-3.6900001,83.106758,-73.025612,1932.5,20.4,-72.650002,2.28,2.04,0.87,282.75,70.839996,-0.25,0.40000001,1.26205,-0.35718,0.53811997,5.7578211,0.25,140.14346
66762,18.545094,-23.99,0.4483,76430,4.0900002,-2.9000001,83.106941,-73.031021,1929.5,20.41,-72.610001,2.3099999,2.23,0.81999999,282.73999,71.650002,-0.50999999,0.56,1.25234,-0.34577,0.54390001,5.0137911,0.50999999,144.66159
66763,18.54537,-23.959999,0.44769999,76512,4.5,-3.75,83.107117,-73.036438,1927.5,20.41,-72.589996,2.4200001,2.0999999,0.76999998,282.82999,70.669998,-0.19,0.28999999,1.26696,-0.36671001,0.53521001,5.8576875,0.19,140.19443
66764,18.545649,-23.959999,0.4472,76518,4.1100001,-3.3499999,83.107307,-73.041847,1925.5,20.379999,-72.57,2.3699999,1.9400001,0.81,283,71.139999,-0.34999999,0.33000001,1.25691,-0.37509,0.54109001,5.3023205,0.34999999,140.81703
66765,18.545925,-23.92,0.44580001,76584,4.3600001,-4,83.107491,-73.047256,1922.5,20.370001,-72.529999,2.3900001,2,0.75,283.09,70.419998,-0.059999999,0.15000001,1.27391,-0.37852001,0.53112,5.9168911,0.059999999,137.46576
66766,18.546204,-23.92,0.44679999,76582,4.23,-3.77,83.107674,-73.052673,1920.5,20.379999,-72.519997,2.3900001,2.05,0.69999999,283.03,70.690002,-0.27000001,0.30000001,1.26864,-0.36363,0.53422999,5.6661983,0.27000001,138.29088
66767,18.54648,-23.93,0.4474,76557,3.8199999,-3.1099999,83.107849,-73.058083,1918.5,20.35,-72.519997,2.4400001,1.84,0.63,282.94,71.419998,-0.54000002,0.55000001,1.25752,-0.33987999,0.54088002,4.9259009,0.54000002,140.84972
66768,18.546759,-23.9,0.44549999,76637,4.1100001,-3.9100001,83.10804,-73.063492,1915.5,20.290001,-72.519997,2.46,1.8099999,0.66000003,283.01999,70.519997,-0.23999999,0.34,1.26587,-0.36019,0.53586,5.6727595,0.23999999,136.42853
66769,18.547037,-23.91,0.44659999,76618,3.72,-3.1300001,83.108223,-73.068901,1913.5,20.25,-72.519997,2.46,2.01,0.70999998,283.13,71.379997,-0.51999998,0.38,1.25017,-0.37739,0.54505002,4.8616152,0.51999998,139.92282
66770,18.547314,-23.889999,0.44580001,76648,3.7,-3.46,83.108398,-73.07431,1911,20.25,-72.489998,2.4100001,2.21,0.79000002,283.14001,71.050003,-0.47,0.44999999,1.25024,-0.36515,0.54505002,5.0657282,0.47,136.91982
66771,18.547592,-23.870001,0.44620001,76696,3.9000001,-3.79,83.108582,-73.07972,1909,20.26,-72.449997,2.4000001,2.22,0.76999998,283.17999,70.620003,-0.16,0.31999999,1.26478,-0.36469999,0.53649002,5.4382076,0.16,135.81952
66772,18.547869,-23.860001,0.4461,76708,3.71,-3.6500001,83.108757,-73.085121,1906,20.290001,-72.419998,2.46,2.4000001,0.79000002,283.26999,70.769997,-0.28999999,0.41,1.25326,-0.36851001,0.54325998,5.2044787,0.28999999,135.46707
66773,18.548147,-23.84,0.44530001,76773,3.8299999,-3.95,83.10894,-73.090523,1904,20.34,-72.360001,2.3900001,2.29,0.92000002,283.39001,70.419998,-0.18000001,0.30000001,1.25797,-0.37887999,0.54045999,5.501945,0.18000001,134.11633
66774,18.548426,-23.84,0.4445,76804,3.9100001,-4.0500002,83.109131,-73.095909,1902,20.370001,-72.300003,2.27,2.22,0.98000002,283.45999,70.239998,-0.079999998,0.20999999,1.26305,-0.38510001,0.53746998,5.6294408,0.079999998,133.99239
66775,18.548702,-23.860001,0.4456,76755,3.51,-3.1700001,83.109306,-73.101303,1899,20.389999,-72.230003,2.1300001,2.3499999,1.17,283.44,71.160004,-0.38999999,0.41999999,1.2403899,-0.38462001,0.55079001,4.7295876,0.38999999,137.91374
66776,18.548981,-23.83,0.4456,76828,3.6800001,-3.52,83.109489,-73.106689,1897,20.42,-72.110001,1.9,2.3499999,1.39,283.39999,70.650002,-0.27000001,0.44999999,1.24668,-0.37132001,0.54712999,5.0924258,0.27000001,136.27303
66777,18.549257,-23.83,0.44499999,76826,3.53,-3.2,83.10968,-73.112061,1896,20.41,-71.980003,1.75,2.26,1.46,283.45001,70.839996,-0.38,0.46000001,1.24648,-0.36932001,0.54725999,4.7645464,0.38,137.80721
