NETCARE2015/data/raw/Flight4/AIMMS_POLAR6_20150408_R1_V2_NETCARE.ict
57, 1001
Aliabadi, Amir A.
University of Guelph
AIMMS20 - 1 Hz data from the processed output file 04081752.txt
Polar 6 NETCARE
2, 2
2015, 04, 08, 2015, 06, 26
1
TimeWave, seconds
24
1, 1, 1, 1, 1, 1, 1, 1, 1, 1, 1, 1, 1, 1, 1, 1, 1, 1, 1, 1, 1, 1, 1, 1
-9999, -9999, -9999, -9999, -9999, -9999, -9999, -9999, -9999, -9999, -9999, -9999, -9999, -9999, -9999, -9999, -9999, -9999, -9999, -9999, -9999, -9999, -9999, -9999
Time_Hr, hr UTC
Temp, deg C
RH, 0-1
BP, pa
WSN, m/s
WSE, m/s
Lat, deg
Lon, deg
Alt, m
SProbN, m/s
SProbE, m/s
SProbD, m/s
Roll, deg
Pitch, deg
Heading, deg
TAS, m/s
WSD, m/s
SideslipAngle, deg
AOA, deg
SideslipDiff, none
SysStatFlag, none
WS, m/s
WSW, m/s
WD, deg
1
Values for certain parameters near the beginning and end of the data block may be 0 as the instrument may not have been recording during these start and end timestamps
18
PI_CONTACT_INFO: Address: University of Guelph; aliabadi@uoguelph.ca
PLATFORM: Polar 6 - sampling around the aircraft
LOCATION: Location data varies as seen in this file
ASSOCIATED_DATA: 04081752.r??
INSTRUMENT_INFO: AIMMS20, Avantech, www.aventech.com
DATA_INFO: none
UNCERTAINTY: Contact manufacturer, Aventech
ULOD_FLAG: -7777
ULOD_VALUE: N/A
LLOD_FLAG: -8888
LLOD_VALUE: N/A
DM_CONTACT_INFO: Amir A. Aliabadi; University of Guelph; aliabadi@uoguelph.ca
PROJECT_INFO: Polar 6 NETCARE Spring 2015 campaign
STIPULATIONS_ON_USE: N/A
OTHER_COMMENTS: N/A
REVISION: R1
R1: corrected for start/stop times
TimeWave,Time_Hr,Temp,RH,BP,WSN,WSE,Lat,Lon,Alt,SProbN,SProbE,SProbD,Roll,Pitch,Heading,TAS,WSD,SideslipAngle,AOA,SideslipDiff,SysStatFlag,WS,WSW,WD
[from data line 11045]
75429,20.952475,-24.43,0.3475,83253,10.93,1.63,82.574799,-63.038429,1334,-31.190001,53.349998,2.3099999,1.54,0.17,129.27,66.690002,-0.89999998,-0.029999999,1.2687401,-0.41494,0.53416997,11.050874,0.89999998,188.48206
75430,20.952751,-24.42,0.3475,83286,10.79,1.65,82.574516,-63.034729,1332,-31.34,53.459999,2.5799999,0.69999999,-0.25,130.03,66.75,-1.04,-0.88,1.27266,-0.54216999,0.53301001,10.915429,1.04,188.69427
75431,20.95303,-24.459999,0.347,83284,11.09,1.98,82.574242,-63.031029,1329,-31.540001,53.59,2.6500001,0.36000001,-0.23,130.39,67.080002,-1.12,-0.81999999,1.25525,-0.55742002,0.54301,11.265368,1.12,190.12288
75432,20.953306,-24.469999,0.34760001,83321,11.11,1.8,82.573952,-63.027321,1327,-31.690001,53.740002,2.6300001,0.54000002,-0.15000001,130.08,67.480003,-1.09,-0.56,1.25529,-0.51714998,0.54254001,11.254869,1.09,189.20288
75433,20.953585,-24.49,0.34810001,83325,11.25,1.62,82.573669,-63.023602,1324,-31.77,53.91,2.5799999,0.55000001,-0.090000004,129.55,67.900002,-1.22,-0.07,1.24896,-0.44999,0.54576999,11.366041,1.22,188.19426
75434,20.953863,-24.469999,0.3468,83382,10.49,1.9400001,82.57338,-63.019859,1322,-31.84,54.09,2.49,0.81999999,-0.029999999,129.28999,67.300003,-0.95999998,-0.18000001,1.26063,-0.44986999,0.53899997,10.667881,0.95999998,190.47778
75435,20.95414,-24.459999,0.347,83359,10.67,1.33,82.573097,-63.016121,1319,-31.950001,54.200001,2.6500001,1.12,-0.11,129.24001,67.970001,-0.82999998,-0.31999999,1.26924,-0.45857,0.53408003,10.752572,0.82999998,187.10519
75436,20.954418,-24.43,0.3475,83390,10.81,1.04,82.572807,-63.01236,1316,-32.110001,54.259998,2.76,0.86000001,-0.039999999,129.38,68.419998,-0.88,-0.44999999,1.25723,-0.49753001,0.54126,10.859913,0.88,185.49536
75437,20.954695,-24.379999,0.34720001,83424,10.68,1.03,82.572517,-63.00861,1313.5,-32.220001,54.34,2.6600001,0.62,0.02,129.42999,68.510002,-0.69999999,-0.57999998,1.2753299,-0.49061999,0.53087002,10.729553,0.69999999,185.50868
75438,20.954973,-24.34,0.34720001,83454,10.55,1.13,82.572227,-63.004841,1311,-32.27,54.450001,2.54,-0.14,0.17,129.39,68.470001,-0.66000003,-0.63,1.27475,-0.49939999,0.53128999,10.610344,0.66000003,186.11359
75439,20.955252,-24.35,0.34670001,83478,10.69,0.98000002,82.571953,-63.001068,1308.5,-32.189999,54.619999,2.6300001,-0.80000001,0.22,129.14999,68.779999,-0.44,-0.55000001,1.27931,-0.48120999,0.52850997,10.734826,0.44,185.23792
75440,20.955528,-24.34,0.34779999,83481,11.18,0.38,82.571663,-62.997292,1305.5,-32.040001,54.799999,2.5799999,-0.72000003,0.34,128.87,69.620003,-0.16,-0.44,1.28557,-0.45517999,0.52468997,11.186457,0.16,181.94669
75441,20.955807,-24.32,0.3466,83474,11.36,0.46000001,82.571373,-62.993488,1303.5,-31.9,54.950001,2.54,-0.51999998,0.49000001,128.50999,69.68,-0.20999999,-0.090000004,1.27494,-0.41571,0.53056997,11.369309,0.20999999,182.3188
75442,20.956083,-24.309999,0.34639999,83543,10.88,0.88,82.571083,-62.989689,1300.5,-31.639999,55.18,2.55,-1.29,0.54000002,128.3,69,-0.01,-0.30000001,1.28221,-0.43737,0.52648002,10.91553,0.01,184.62415
75443,20.956362,-24.299999,0.347,83511,11.31,0.19,82.570801,-62.985859,1298.5,-31.389999,55.34,2.46,-1.15,0.61000001,128.25999,69.82,-0.23,-0.56999999,1.27099,-0.49524999,0.53337997,11.311596,0.23,180.96243
75444,20.95664,-24.27,0.34599999,83624,10.96,1.17,82.570518,-62.982029,1295.5,-31.16,55.5,2.27,-1.08,0.80000001,127.86,68.860001,0.02,-0.13,1.2816,-0.41159999,0.52670002,11.022273,-0.02,186.09335
75445,20.956917,-24.25,0.34619999,83641,11.29,1.1900001,82.570236,-62.978191,1293.5,-30.799999,55.700001,2.3099999,-1.1900001,0.85000002,127.58,68.900002,0.059999999,0.039999999,1.2808,-0.38677999,0.52709001,11.352542,-0.059999999,186.01694
75446,20.957195,-24.280001,0.3459,83609,11.92,0.81,82.569969,-62.974331,1291.5,-30.43,55.91,2.26,-1.8099999,0.88,127.81,69.459999,0.11,-0.34999999,1.2879601,-0.43663999,0.52316999,11.94749,-0.11,183.88745
75447,20.957472,-24.280001,0.34580001,83629,11.96,0.94,82.569687,-62.970451,1289,-30.110001,56.099998,2.1800001,-2.24,0.83999997,128.00999,69.440002,-0.22,-0.79000002,1.27377,-0.52722001,0.53218001,11.996883,0.22,184.49394
75448,20.95775,-24.299999,0.34599999,83661,11.91,1.25,82.569427,-62.966572,1287,-29.709999,56.34,2.3099999,-3.1500001,0.81,127.53,69.209999,-0.20999999,-0.61000001,1.27926,-0.49074,0.52863997,11.975416,0.20999999,185.99147
75449,20.958029,-24.35,0.34509999,83682,12.05,1.42,82.56916,-62.962662,1284.5,-29.1,56.779999,2.3800001,-4.3099999,0.81,126.76,69.150002,-0.18000001,-0.36000001,1.27143,-0.4619,0.53285003,12.13338,0.18000001,186.72087
75450,20.958305,-24.379999,0.3452,83724,12,1.63,82.568901,-62.95871,1282.5,-28.370001,57.290001,2.52,-4.6900001,0.63999999,125.96,68.970001,-0.1,-0.23999999,1.27152,-0.44352001,0.53267998,12.110198,0.1,187.73534
75451,20.958584,-24.4,0.3452,83751,12,1.55,82.568649,-62.954731,1279.5,-27.629999,57.849998,2.74,-4.5999999,0.47999999,125.06,69.07,-0.050000001,-0.15000001,1.26818,-0.43445,0.53456998,12.09969,0.050000001,187.35995
75452,20.95886,-24.4,0.34459999,83808,11.76,1.78,82.568413,-62.95071,1277,-26.870001,58.419998,2.8499999,-4.8099999,0.47,124.18,68.760002,0.14,-0.11,1.28359,-0.40597001,0.52552003,11.893949,-0.14,188.60699
75453,20.959139,-24.42,0.34400001,83853,11.76,1.91,82.568169,-62.946651,1274,-26.01,59.029999,2.97,-5.5300002,0.46000001,123.53,68.620003,0.31,-0.31999999,1.28843,-0.4316,0.52287,11.914097,-0.31,189.22514
75454,20.959417,-24.43,0.3443,83855,11.92,1.73,82.56794,-62.942551,1271,-25.15,59.639999,3.0699999,-5.4699998,0.51999998,122.98,68.940002,0.28,-0.62,1.26408,-0.51375997,0.53750998,12.044887,-0.28,188.25792
75455,20.959694,-24.450001,0.34400001,83887,11.96,1.72,82.567719,-62.938412,1268,-24.370001,60.189999,2.8699999,-4.8000002,0.67000002,122.01,69.089996,0.1,-0.41,1.2567199,-0.49078,0.54149997,12.083046,-0.1,188.18375
75456,20.959972,-24.450001,0.34450001,83936,12.03,1.65,82.567497,-62.934231,1265,-23.549999,60.720001,2.6199999,-4.5500002,0.76999998,120.88,69.190002,-0.090000004,-0.059999999,1.25583,-0.43751001,0.54174,12.142627,0.090000004,187.8098
75457,20.960249,-24.42,0.3432,84040,11.24,2.6500001,82.567299,-62.930012,1262.5,-22.68,61.240002,2.5599999,-5.0300002,0.73000002,120.05,67.839996,0.46000001,-0.2,1.29962,-0.39682001,0.51621002,11.548164,-0.46000001,193.26608
75458,20.960527,-24.469999,0.34349999,84025,11.72,2.3099999,82.567101,-62.925758,1260,-21.75,61.77,2.6300001,-5.6700001,0.80000001,119.61,68.349998,0.16,-0.51999998,1.27268,-0.48525,0.53232998,11.94548,-0.16,191.15002
75459,20.960804,-24.52,0.34380001,84029,12.04,2.24,82.56691,-62.921471,1257,-20.84,62.299999,2.5599999,-5.4299998,0.91000003,119.1,68.629997,0.050000001,-0.68000001,1.2553,-0.53618002,0.54272997,12.246599,-0.050000001,190.53918
75460,20.961082,-24.57,0.34380001,84039,12.61,2.3399999,82.566719,-62.917141,1255,-20,62.740002,2.3499999,-4.8600001,1.05,118.14,68.879997,-0.13,-0.039999999,1.24597,-0.44846001,0.54750001,12.825275,0.13,190.51263
75461,20.961361,-24.59,0.34259999,84117,12.07,2.76,82.566551,-62.912788,1253,-19.07,63.200001,1.97,-4.79,1.37,116.98,68.199997,-0.02,0.02,1.25565,-0.42544001,0.54181999,12.381538,0.02,192.88016
75462,20.961637,-24.6,0.34310001,84119,12.26,2.45,82.566383,-62.908401,1251,-18.08,63.619999,1.86,-4.8400002,1.54,116.08,68.379997,0.36000001,0.059999999,1.26108,-0.41126999,0.53863001,12.502404,-0.36000001,191.30095
75463,20.961916,-24.629999,0.34240001,84129,12,2.3299999,82.566223,-62.903999,1249,-17.219999,63.91,1.74,-4.1399999,1.6900001,115.5,68.279999,0.41,-0.31,1.25967,-0.47214001,0.53968,12.224112,-0.41,190.9882
75464,20.962193,-24.629999,0.34240001,84197,11.82,2.73,82.566071,-62.89957,1247.5,-16.440001,64.150002,1.6,-3.79,1.8099999,114.77,67.75,0.25999999,-0.25,1.26491,-0.45396999,0.53654999,12.13117,-0.25999999,193.00523
75465,20.962471,-24.65,0.34209999,84208,12.14,2.73,82.565933,-62.895119,1246,-15.58,64.400002,1.49,-4.73,1.96,114.15,67.690002,0.02,-0.22,1.25827,-0.45923001,0.54040998,12.443172,-0.02,192.67365
75466,20.962749,-24.66,0.34169999,84239,12.25,2.9300001,82.565788,-62.890659,1244.5,-14.53,64.699997,1.33,-5.8699999,2.0999999,113.86,67.370003,0.16,-0.74000001,1.26357,-0.53306001,0.53801,12.595531,-0.16,193.45151
75467,20.963026,-24.700001,0.3427,84177,12.77,2.3399999,82.565659,-62.886181,1243,-13.53,64.970001,1.34,-5.7399998,2.01,113.22,68.129997,-0.15000001,-0.75999999,1.24191,-0.5679,0.55067998,12.982623,0.15000001,190.38379
75468,20.963305,-24.700001,0.34259999,84250,12.32,2.8599999,82.565536,-62.881672,1241.5,-12.52,65.239998,1.47,-6.2199998,1.87,111.86,67.410004,-0.11,-0.49000001,1.2636499,-0.49401,0.53755999,12.647608,0.11,193.06932
75469,20.963581,-24.68,0.34150001,84301,12,3.03,82.565437,-62.877151,1240.5,-11.32,65.599998,1.55,-6.5599999,1.63,110.37,67.029999,-0.02,-0.27000001,1.26074,-0.46404001,0.53900999,12.376627,0.02,194.17097
75470,20.96386,-24.68,0.3409,84329,11.88,2.8900001,82.565338,-62.872601,1238.5,-10,66.010002,1.77,-7.52,1.26,109.12,67.019997,-0.07,-0.37,1.27224,-0.46269,0.53239,12.226467,0.07,193.67253
75471,20.964138,-24.690001,0.34200001,84296,11.95,2.22,82.565247,-62.868019,1237,-8.7399998,66.419998,2.1199999,-7.2800002,1.02,108.05,67.699997,-0.18000001,-0.56999999,1.26132,-0.50950003,0.53903002,12.15446,0.18000001,190.52409
75472,20.964415,-24.700001,0.34209999,84356,11.99,2.6900001,82.565178,-62.863411,1234.5,-7.48,66.839996,2.3900001,-7.23,0.83999997,106.76,67.309998,-0.059999999,-0.23999999,1.26206,-0.45741001,0.53820997,12.288051,0.059999999,192.64513
75473,20.964693,-24.690001,0.34130001,84358,11.96,2.46,82.565117,-62.85878,1232,-6.1199999,67.290001,2.6099999,-7.77,0.55000001,105.5,67.57,0.029999999,-0.28999999,1.2774,-0.44288,0.52929002,12.210373,-0.029999999,191.62282
75474,20.96497,-24.690001,0.34110001,84382,12.07,2.5999999,82.565071,-62.854111,1229.5,-4.6999998,67.75,2.73,-8.1300001,0.70999998,104.21,67.540001,-0.12,-0.22,1.2502199,-0.47132999,0.54512,12.346858,0.12,192.15634
75475,20.965248,-24.700001,0.34189999,84427,12.28,2.49,82.565041,-62.849411,1227,-3.1400001,68.199997,2.3099999,-8.2299995,0.95999998,102.95,67.769997,-0.34999999,-0.2,1.24189,-0.48004001,0.54997998,12.529904,0.34999999,191.46239
75476,20.965527,-24.719999,0.34279999,84423,12.61,2.3,82.56501,-62.844681,1225,-1.5700001,68.57,2.3,-8.8000002,0.87,101.71,68.010002,-0.51999998,-0.13,1.25419,-0.45164999,0.54273999,12.818038,0.51999998,190.33684
75477,20.965803,-24.719999,0.3425,84457,12.43,2.3299999,82.56501,-62.83992,1223,0.16,68.93,1.97,-9.3500004,1.08,100.53,68,-0.49000001,-0.60000002,1.24712,-0.53546,0.54737002,12.646494,0.49000001,190.61687
75478,20.966082,-24.75,0.34189999,84488,12.28,2.4400001,82.56501,-62.835152,1221,1.8099999,69.230003,1.78,-8.7700005,0.89999998,98.940002,67.940002,-0.61000001,-0.47999999,1.26184,-0.49495,0.53860003,12.520063,0.61000001,191.23813
75479,20.966358,-24.780001,0.34259999,84503,12.58,2.3699999,82.565041,-62.830349,1219,3.47,69.489998,1.9,-9.0500002,0.69,97.18,68.040001,-0.74000001,0.079999998,1.26922,-0.39621001,0.53386003,12.801301,0.74000001,190.66914
75480,20.966637,-24.780001,0.3427,84536,12.45,2.5699999,82.565071,-62.825531,1217,5.23,69.760002,2.0599999,-9.4300003,0.56999999,95.809998,67.830002,-0.69,-0.15000001,1.2649699,-0.43924001,0.53644001,12.71249,0.69,191.6635
75481,20.966915,-24.799999,0.34299999,84521,12.68,2.4200001,82.565132,-62.820702,1215,6.9000001,69.980003,2.24,-8.9899998,0.5,94.57,68.07,-0.60000002,-0.14,1.25545,-0.45076001,0.54201001,12.908866,0.60000002,190.80505
75482,20.967192,-24.780001,0.34200001,84615,12.16,3.1400001,82.565193,-62.815861,1213,8.4499998,70.18,2.3099999,-8.1700001,0.44999999,93.120003,67.489998,-0.55000001,-0.36000001,1.26388,-0.47354999,0.53727001,12.558869,0.55000001,194.47885
75483,20.96747,-24.809999,0.3439,84637,11.91,2.8699999,82.565277,-62.810989,1210.5,9.9799995,70.349998,2.1700001,-7.8499999,0.63,91.489998,67.839996,-0.58999997,-0.25999999,1.25375,-0.47222999,0.54308999,12.250918,0.58999997,193.54849
75484,20.967747,-24.83,0.34400001,84627,12.15,2.4400001,82.565369,-62.806122,1208.5,11.38,70.449997,1.9299999,-5.5599999,0.52999997,89.940002,68.309998,-0.56,0.44999999,1.2508,-0.36576,0.54473001,12.392582,0.56,191.35527
75485,20.968025,-24.799999,0.34279999,84682,11.89,2.8099999,82.565483,-62.801239,1206.5,12.36,70.529999,2.1600001,-3.53,0.43000001,88.769997,67.919998,-0.49000001,0.67000002,1.26524,-0.30952999,0.53649002,12.217537,0.49000001,193.29691
75486,20.968304,-24.82,0.34380001,84666,11.89,2.26,82.56559,-62.79636,1204.5,13.08,70.599998,2.0799999,-2.0599999,0.49000001,88.449997,68.410004,-0.66000003,0.44999999,1.2533799,-0.36203,0.54321998,12.10288,0.66000003,190.76215
75487,20.96858,-24.799999,0.34349999,84752,11.97,3.0699999,82.565697,-62.79147,1202,13.43,70.690002,1.9400001,-0.38,0.58999997,88.610001,67.650002,-0.58999997,0.13,1.26123,-0.39972001,0.53854001,12.357419,0.58999997,194.38484
75488,20.968859,-24.83,0.34369999,84728,11.68,2.4300001,82.565826,-62.786579,1200.5,13.45,70.75,1.76,0.94999999,0.74000001,88.699997,68.410004,-0.75,-0.14,1.25459,-0.45181,0.54250997,11.9301,0.75,191.75261
75489,20.969135,-24.83,0.3443,84717,11.61,1.99,82.565941,-62.781681,1198.5,13.26,70.790001,1.58,1.9400001,0.83999997,88.400002,68.949997,-1.01,0.33000001,1.25096,-0.38446999,0.54457003,11.779312,1.01,189.72621
75490,20.969414,-24.809999,0.34369999,84790,11.3,2.5999999,82.566063,-62.776779,1197.5,13.11,70.809998,1.4299999,2.1500001,0.92000002,88.230003,68.239998,-0.69999999,0.36000001,1.2761199,-0.34334999,0.52987999,11.595258,0.69999999,192.95758
75491,20.969692,-24.82,0.3436,84827,11.48,2.8199999,82.566177,-62.771881,1195.5,12.92,70.82,1.39,2.45,1.02,88.559998,67.959999,-0.68000001,0.34999999,1.27057,-0.35293999,0.53311998,11.821285,0.68000001,193.80113
75492,20.969969,-24.84,0.34419999,84816,11.53,2.6600001,82.566292,-62.766979,1194.5,12.68,70.82,1.3,2.3299999,1.04,89.199997,68.07,-0.75999999,-0.050000001,1.2726901,-0.41189,0.53187001,11.832856,0.75999999,192.99098
75493,20.970247,-24.870001,0.3452,84806,11.76,2.21,82.566399,-62.762081,1193.5,12.35,70.800003,1.28,2.5799999,1.09,89.870003,68.519997,-0.79000002,-0.23,1.26667,-0.44957,0.53551,11.965856,0.79000002,190.64319
75494,20.970524,-24.879999,0.34439999,84832,11.55,2.4300001,82.566513,-62.757179,1191.5,11.95,70.769997,1.3099999,2.6400001,1.08,90.160004,68.349998,-0.58999997,-0.38,1.27941,-0.45469001,0.52820998,11.802855,0.58999997,191.88116
75495,20.970802,-24.9,0.34549999,84825,11.49,2.1800001,82.566612,-62.752281,1190.5,11.6,70.739998,1.4,2.6099999,1.0599999,90.209999,68.580002,-0.55000001,-0.18000001,1.27798,-0.42449,0.52885002,11.694978,0.55000001,190.74304
75496,20.971081,-24.91,0.34540001,84847,11.38,2.3199999,82.566711,-62.747391,1189.5,11.27,70.699997,1.46,2.72,1.17,90.269997,68.379997,-0.56,-0.039999999,1.26604,-0.41975999,0.53575999,11.614078,0.56,191.52278
75497,20.971357,-24.889999,0.3459,84873,11.5,2.23,82.566811,-62.7425,1187.5,10.98,70.650002,1.45,2.6500001,1.22,90.480003,68.389999,-0.41,0.079999998,1.27033,-0.39458001,0.53320998,11.714218,0.41,190.9742
75498,20.971636,-24.889999,0.34490001,84917,11.59,2.6300001,82.56691,-62.73761,1186.5,10.71,70.610001,1.51,2.5899999,1.0599999,90.93,67.940002,-0.43000001,-0.059999999,1.27852,-0.40597001,0.52846003,11.884654,0.43000001,192.78503
75499,20.971912,-24.889999,0.34560001,84918,11.4,2.45,82.567001,-62.732719,1184.5,10.36,70.589996,1.55,2.8099999,0.98000002,91.449997,68.110001,-0.47999999,-0.44999999,1.27518,-0.47060001,0.53077,11.660295,0.47999999,192.12907
75500,20.972191,-24.889999,0.3457,84909,11.39,2.22,82.567093,-62.72784,1183.5,9.9399996,70.559998,1.6799999,2.9200001,0.88,91.769997,68.379997,-0.61000001,-0.41,1.27196,-0.47013,0.53259999,11.604331,0.61000001,191.02911
75501,20.972467,-24.84,0.34580001,84956,11.26,2.6400001,82.567177,-62.72295,1181.5,9.5900002,70.559998,1.95,2.6500001,0.73000002,91.889999,67.970001,-0.36000001,-0.36000001,1.2795399,-0.45087001,0.52811003,11.565345,0.36000001,193.19513
