NETCARE2015/data/raw/Flight4/AIMMS_POLAR6_20150408_R1_V2_NETCARE.ict
57, 1001
Aliabadi, Amir A.
University of Guelph
AIMMS20 - 1 Hz data from the processed output file 04081752.txt
Polar 6 NETCARE
2, 2
2015, 04, 08, 2015, 06, 26
1
TimeWave, seconds
24
1, 1, 1, 1, 1, 1, 1, 1, 1, 1, 1, 1, 1, 1, 1, 1, 1, 1, 1, 1, 1, 1, 1, 1
-9999, -9999, -9999, -9999, -9999, -9999, -9999, -9999, -9999, -9999, -9999, -9999, -9999, -9999, -9999, -9999, -9999, -9999, -9999, -9999, -9999, -9999, -9999, -9999
Time_Hr, hr UTC
Temp, deg C
RH, 0-1
BP, pa
WSN, m/s
WSE, m/s
Lat, deg
Lon, deg
Alt, m
SProbN, m/s
SProbE, m/s
SProbD, m/s
Roll, deg
Pitch, deg
Heading, deg
TAS, m/s
WSD, m/s
SideslipAngle, deg
AOA, deg
SideslipDiff, none
SysStatFlag, none
WS, m/s
WSW, m/s
WD, deg
1
Values for certain parameters near the beginning and end of the data block may be 0 as the instrument may not have been recording during these start and end timestamps
18
PI_CONTACT_INFO: Address: University of Guelph; aliabadi@uoguelph.ca
PLATFORM: Polar 6 - sampling around the aircraft
LOCATION: Location data varies as seen in this file
ASSOCIATED_DATA: 04081752.r??
INSTRUMENT_INFO: AIMMS20, Avantech, www.aventech.com
DATA_INFO: none
UNCERTAINTY: Contact manufacturer, Aventech
ULOD_FLAG: -7777
ULOD_VALUE: N/A
LLOD_FLAG: -8888
LLOD_VALUE: N/A
DM_CONTACT_INFO: Amir A. Aliabadi; University of Guelph; aliabadi@uoguelph.ca
PROJECT_INFO: Polar 6 NETCARE Spring 2015 campaign
STIPULATIONS_ON_USE: N/A
OTHER_COMMENTS: N/A
REVISION: R1
R1: corrected for start/stop times
TimeWave,Time_Hr,Temp,RH,BP,WSN,WSE,Lat,Lon,Alt,SProbN,SProbE,SProbD,Roll,Pitch,Heading,TAS,WSD,SideslipAngle,AOA,SideslipDiff,SysStatFlag,WS,WSW,WD
[from data line 2469]
66853,18.570364,-23.440001,0.42460001,78648,2.45,-1.9299999,83.123741,-73.513817,1722.5,21.26,-69.260002,1.8099999,1.91,1.1799999,285.09,69.970001,-0.44999999,0.62,1.25397,-0.33419999,0.54299998,3.1188781,0.44999999,141.77055
66854,18.570641,-23.43,0.42309999,78670,2.51,-2.0899999,83.12394,-73.51899,1721,21.17,-69.220001,2.04,1.88,1.03,285.06,69.699997,-0.41,0.57999998,1.25528,-0.33825999,0.54220998,3.266221,0.41,140.21689
66855,18.570919,-23.41,0.42210001,78724,2.6600001,-2.3599999,83.12413,-73.52417,1718.5,21.09,-69.199997,2.23,1.9,0.95999998,285.19,69.360001,-0.15000001,0.31999999,1.2598799,-0.37261999,0.53934997,3.5560091,0.15000001,138.41998
66856,18.571196,-23.41,0.42309999,78739,2.54,-2.1300001,83.124313,-73.529343,1716.5,21.08,-69.18,2.3499999,1.99,0.93000001,285.25,69.629997,-0.28999999,0.31,1.24774,-0.39155999,0.54645002,3.3148906,0.28999999,140.01738
66857,18.571474,-23.41,0.4228,78767,2.6500001,-2.1900001,83.124496,-73.534508,1714,21.049999,-69.169998,2.4000001,2.0899999,0.89999998,285.12,69.559998,-0.25,0.34999999,1.25049,-0.38053,0.54486001,3.4378192,0.25,140.42915
66858,18.571753,-23.389999,0.42230001,78798,2.77,-2.21,83.124687,-73.539688,1712,21.030001,-69.18,2.47,2.1500001,0.80000001,284.91,69.489998,-0.2,0.44999999,1.25701,-0.35692,0.54109001,3.5435858,0.2,141.41594
66859,18.572029,-23.389999,0.4215,78777,2.47,-1.89,83.124878,-73.544861,1709.5,20.98,-69.190002,2.6099999,2.04,0.69999999,284.82001,69.879997,-0.40000001,0.67000002,1.24663,-0.33654001,0.54733998,3.1101446,0.40000001,142.57742
66860,18.572308,-23.370001,0.42160001,78889,3,-2.6500001,83.125061,-73.550034,1706.5,20.950001,-69.239998,2.6800001,1.95,0.62,284.89001,69.019997,-0.090000004,0.30000001,1.2617,-0.37367001,0.53828001,4.0028114,0.090000004,138.54477
66861,18.572584,-23.34,0.4215,78928,2.98,-2.96,83.125259,-73.555206,1704,20.92,-69.290001,2.74,2.05,0.60000002,284.94,68.75,0.039999999,0.30000001,1.26547,-0.36757001,0.53608,4.2002382,-0.039999999,135.19292
66862,18.572863,-23.35,0.42019999,78924,2.76,-2.6099999,83.125443,-73.560402,1701.5,20.92,-69.339996,2.74,2.1199999,0.60000002,284.92999,69.239998,-0.19,0.40000001,1.25464,-0.36669999,0.54246002,3.7986443,0.19,136.60002
66863,18.573141,-23.34,0.4197,78960,3.02,-2.76,83.125633,-73.565582,1698.5,20.889999,-69.389999,2.6500001,2.05,0.77999997,284.88,69.040001,-0.1,0.25,1.25304,-0.3933,0.54334003,4.0912099,0.1,137.57558
66864,18.573418,-23.32,0.4208,78986,2.9200001,-2.5999999,83.125809,-73.57077,1696,20.870001,-69.419998,2.4100001,2.01,0.94999999,284.79001,69.269997,-0.2,0.34,1.25024,-0.38264999,0.54500002,3.9097826,0.2,138.31778
66865,18.573696,-23.33,0.42039999,78989,2.9100001,-2.3699999,83.125999,-73.575974,1693.5,20.83,-69.419998,2.25,1.97,1.03,284.67001,69.480003,-0.34,0.40000001,1.24533,-0.38016999,0.54790002,3.7529988,0.34,140.83949
66866,18.573973,-23.290001,0.41890001,79094,3.4100001,-3.0799999,83.12619,-73.581161,1691.5,20.75,-69.400002,2.24,1.9299999,1.01,284.54999,68.580002,0.07,0.2,1.27112,-0.37584999,0.53275001,4.5950518,-0.07,137.91084
66867,18.574251,-23.32,0.41949999,79011,2.77,-2.01,83.126373,-73.586349,1689.5,20.68,-69.400002,2.3099999,1.73,0.94,284.53,69.760002,-0.41,0.46000001,1.24577,-0.37134001,0.54767001,3.422426,0.41,144.03416
66868,18.57453,-23.280001,0.41980001,79077,2.8900001,-2.6099999,83.126556,-73.591537,1687,20.58,-69.410004,2.3699999,1.64,0.93000001,284.56,69.139999,-0.19,0.34999999,1.25454,-0.37463,0.54249001,3.8941238,0.19,137.91437
66869,18.574806,-23.27,0.41940001,79090,2.97,-2.5699999,83.12674,-73.596733,1684.5,20.48,-69.419998,2.27,1.52,1.11,284.54999,69.150002,-0.23,0.20999999,1.24493,-0.41049999,0.54807001,3.9275692,0.23,139.12971
66870,18.575085,-23.25,0.4179,79140,3.1500001,-2.6500001,83.12693,-73.601921,1682.5,20.379999,-69.389999,2.05,1.49,1.34,284.35001,69.010002,-0.15000001,0.20999999,1.24631,-0.40988001,0.54727,4.1164308,0.15000001,139.92711
66871,18.575361,-23.24,0.41800001,79132,3,-2.3299999,83.127113,-73.607109,1680.5,20.24,-69.360001,1.77,1.41,1.51,284.09,69.300003,-0.36000001,0.41,1.23859,-0.38881001,0.55184001,3.7985392,0.36000001,142.1647
66872,18.57564,-23.24,0.41839999,79141,3,-2.1800001,83.127289,-73.612297,1679,20.049999,-69.279999,1.67,1.24,1.58,283.84,69.309998,-0.37,0.49000001,1.24051,-0.37415001,0.55075997,3.7084229,0.37,143.99535
66873,18.575918,-23.200001,0.41710001,79237,3.3699999,-3.05,83.127472,-73.617477,1677.5,19.82,-69.239998,1.73,1,1.38,283.72,68.220001,0.07,0.28999999,1.27368,-0.35765001,0.53127003,4.5452614,-0.07,137.8535
66874,18.576195,-23.200001,0.417,79220,3.26,-2.6800001,83.12764,-73.622658,1675.5,19.620001,-69.239998,2.02,0.91000003,1.0599999,283.67999,68.57,-0.090000004,0.18000001,1.26995,-0.38047001,0.53342998,4.2201896,0.090000004,140.57686
66875,18.576473,-23.200001,0.41679999,79202,3.0699999,-2.3800001,83.127823,-73.627838,1673.5,19.41,-69.269997,2.29,0.88999999,0.91000003,283.56,68.940002,-0.27000001,0.22,1.255,-0.39535999,0.54218,3.8844948,0.27000001,142.21558
66876,18.57675,-23.190001,0.41749999,79244,3.0699999,-2.46,83.127991,-73.633034,1671.5,19.23,-69.32,2.4300001,0.88999999,0.82999998,283.29001,68.900002,-0.28999999,0.34999999,1.2522399,-0.37924999,0.54382998,3.9340184,0.28999999,141.29469
66877,18.577028,-23.17,0.41690001,79305,3.4000001,-2.96,83.128159,-73.638206,1668.5,19,-69.400002,2.55,0.69,0.72000003,283.03,68.32,-0.01,0.22,1.26691,-0.37871999,0.53522003,4.5079484,0.01,138.95755
66878,18.577307,-23.18,0.41639999,79283,2.98,-2.27,83.128326,-73.64341,1666.5,18.77,-69.489998,2.6800001,0.79000002,0.61000001,282.79001,69.150002,-0.28,0.47,1.24929,-0.36477,0.54562002,3.7461047,0.28,142.70184
66879,18.577583,-23.17,0.4154,79318,3.26,-2.51,83.128502,-73.648613,1663.5,18.559999,-69.599998,2.8199999,0.85000002,0.5,282.57001,68.910004,-0.15000001,0.31999999,1.25779,-0.37575001,0.54057997,4.1143284,0.15000001,142.40593
66880,18.577862,-23.17,0.4172,79306,3.0999999,-2.0799999,83.12867,-73.653816,1660.5,18.35,-69.709999,2.8699999,0.86000001,0.49000001,282.37,69.470001,-0.40000001,0.38,1.24289,-0.38701001,0.54931003,3.7331486,0.40000001,146.13966
66881,18.578138,-23.15,0.4165,79399,3.4400001,-2.8,83.12883,-73.659042,1657.5,18.15,-69.830002,2.8199999,0.81999999,0.54000002,282.17999,68.730003,-0.11,0.23999999,1.25807,-0.38714001,0.54039001,4.435493,0.11,140.85602
66882,18.578417,-23.190001,0.41639999,79349,3.02,-1.73,83.12899,-73.664261,1655.5,17.98,-69.919998,2.74,1.08,0.66000003,281.97,69.949997,-0.54000002,0.47,1.23057,-0.39059001,0.55655998,3.4804165,0.54000002,150.19386
66883,18.578693,-23.15,0.41600001,79416,3.3800001,-2.3199999,83.12915,-73.669502,1652.5,17.82,-69.970001,2.6500001,1.24,0.76999998,281.72,69.260002,-0.23999999,0.38999999,1.24646,-0.38025001,0.54723001,4.0996099,0.23999999,145.53467
66884,18.578972,-23.15,0.41620001,79488,3.3900001,-2.4000001,83.129311,-73.674744,1650.5,17.65,-70.019997,2.5599999,1.0599999,0.83999997,281.57001,69.18,-0.15000001,0.40000001,1.25349,-0.36967,0.54312003,4.1535649,0.15000001,144.70285
66885,18.57925,-23.16,0.4161,79484,3.3,-2.1199999,83.129471,-73.679977,1647.5,17.459999,-70.07,2.5,0.91000003,0.89999998,281.48999,69.5,-0.25,0.33000001,1.2456,-0.39072001,0.54771,3.9222951,0.25,147.28233
66886,18.579527,-23.129999,0.4154,79483,3.3,-2.01,83.129631,-73.685219,1645.5,17.26,-70.089996,2.4000001,1,1.03,281.32999,69.589996,-0.17,0.31999999,1.24086,-0.40037,0.55046999,3.8639488,0.17,148.65479
66887,18.579805,-23.110001,0.4145,79572,3.48,-2.26,83.129784,-73.690468,1642.5,17.120001,-70.080002,2.24,1.42,1.23,281.07999,69.239998,-0.07,0.37,1.24357,-0.38756999,0.54891998,4.1494579,0.07,146.99928
66888,18.580082,-23.1,0.41479999,79592,3.5699999,-2.3,83.129929,-73.695709,1640.5,16.99,-70.040001,2,1.5700001,1.45,280.92001,69.110001,-0.1,0.38,1.24424,-0.38613999,0.54852003,4.2467518,0.1,147.20802
66889,18.58036,-23.08,0.4145,79647,3.77,-2.71,83.130081,-73.700951,1638.5,16.879999,-69.949997,1.78,1.64,1.62,280.95001,68.5,0.1,0.17,1.25308,-0.40582001,0.54329997,4.6429515,-0.1,144.29018
66890,18.580639,-23.08,0.41440001,79607,3.45,-1.92,83.130241,-73.706177,1637.5,16.809999,-69.849998,1.59,1.8200001,1.71,281.03,69.239998,-0.25,0.2,1.23892,-0.42106,0.55159003,3.9482782,0.25,150.90311
66891,18.580915,-23.07,0.41370001,79622,3.6900001,-2.0799999,83.130386,-73.711411,1635.5,16.780001,-69.720001,1.5700001,1.97,1.6799999,281,68.93,-0.15000001,0.059999999,1.24718,-0.43134999,0.54676002,4.2358589,0.15000001,150.59067
66892,18.581194,-23.040001,0.4138,79658,3.72,-2.1500001,83.130539,-73.716629,1634.5,16.76,-69.610001,1.6,1.98,1.61,280.88,68.75,-0.17,0.17,1.2517999,-0.40814999,0.54404998,4.2966151,0.17,149.97394
66893,18.58147,-23.059999,0.41479999,79627,3.52,-1.45,83.130692,-73.721832,1632.5,16.719999,-69.510002,1.66,2.01,1.59,280.73999,69.379997,-0.34,0.34999999,1.23798,-0.39923999,0.55216998,3.8069541,0.34,157.61168
66894,18.581749,-23.02,0.41330001,79705,3.98,-2.02,83.130836,-73.727043,1631.5,16.719999,-69.400002,1.6799999,2.1500001,1.6,280.67001,68.620003,-0.11,0.15000001,1.2496001,-0.41420001,0.54534,4.4632726,0.11,153.09048
66895,18.582027,-23.02,0.41409999,79733,3.9400001,-1.92,83.130989,-73.732224,1629.5,16.719999,-69.290001,1.66,2.24,1.66,280.57001,68.599998,-0.16,0.30000001,1.24413,-0.39877,0.54856002,4.3829212,0.16,154.01958
66896,18.582304,-23.030001,0.41330001,79726,3.8900001,-1.9,83.131142,-73.737411,1628,16.709999,-69.18,1.61,2.3,1.67,280.56,68.5,-0.22,0.37,1.24068,-0.39285001,0.55059999,4.3292146,0.22,153.96764
66897,18.582582,-23.02,0.41319999,79791,4.02,-2.05,83.131287,-73.742577,1626.5,16.709999,-69.089996,1.64,2.4000001,1.62,280.64001,68.230003,-0.19,0.20999999,1.24514,-0.41038999,0.54795003,4.512527,0.19,152.98068
66898,18.582859,-23.030001,0.41280001,79773,3.8099999,-1.79,83.131439,-73.747749,1624.5,16.76,-69.010002,1.72,2.6099999,1.5700001,280.79001,68.459999,-0.28,0.25999999,1.23733,-0.41402,0.55252999,4.2095366,0.28,154.8351
66899,18.583138,-23.030001,0.41260001,79820,4.1399999,-2.01,83.131592,-73.752922,1623,16.889999,-68.989998,1.63,2.8299999,1.61,280.95999,68.199997,-0.16,-0.02,1.24527,-0.44685999,0.54790998,4.6021409,0.16,154.10309
66900,18.583416,-23.059999,0.41280001,79806,4.1799998,-1.79,83.131737,-73.75808,1621.5,17.08,-69,1.49,3.04,1.79,280.98001,68.480003,-0.34,0.059999999,1.23355,-0.45089,0.55474001,4.5471416,0.34,156.81795
66901,18.583693,-23.1,0.41319999,79819,4.04,-1.47,83.131889,-73.763252,1620,17.25,-69,1.1799999,3.0799999,2.0599999,280.85999,68.839996,-0.43000001,0.38999999,1.22974,-0.40542999,0.55700999,4.2991276,0.43000001,160.00551
66902,18.583971,-23.08,0.4122,79892,4.5100002,-2.1400001,83.13205,-73.76841,1619,17.370001,-69.019997,1.01,2.98,2.0899999,280.85001,68.120003,0.039999999,0.18000001,1.26524,-0.38635001,0.53618997,4.9919639,-0.039999999,154.61562
66903,18.584248,-23.120001,0.41249999,79838,4.29,-1.46,83.132202,-73.773582,1618,17.5,-69.099998,0.88999999,3.01,2.1800001,280.92999,68.900002,-0.25,0.28,1.24888,-0.39375001,0.54578,4.5316334,0.25,161.2052
66904,18.584526,-23.139999,0.41260001,79873,4.46,-1.74,83.132362,-73.778763,1617.5,17.65,-69.209999,0.61000001,3.0599999,2.4200001,281.06,68.730003,-0.11,0.16,1.25709,-0.40092,0.54096001,4.7874002,0.11,158.68753
66905,18.584805,-23.18,0.41350001,79840,4.0999999,-1.34,83.132523,-73.783951,1617,17.83,-69.370003,0.43000001,3.1900001,2.3499999,281.17999,69.389999,-0.43000001,0.40000001,1.25082,-0.37325999,0.54468,4.3134208,0.43000001,161.90109
66906,18.585081,-23.190001,0.41249999,79859,4.21,-1.49,83.132683,-73.789139,1616.5,18.030001,-69.540001,0.68000001,3.3499999,1.92,281.32999,69.410004,-0.18000001,0.30000001,1.28251,-0.34237999,0.52612001,4.4658928,0.18000001,160.51015
66907,18.58536,-23.219999,0.4136,79819,4.0300002,-1.4299999,83.132843,-73.794357,1616,18.26,-69.760002,1.1,3.48,1.53,281.54999,69.779999,-0.25999999,0.38,1.2832,-0.32883,0.52575999,4.2761903,0.25999999,160.46335
66908,18.585636,-23.200001,0.41350001,79853,4.4499998,-1.86,83.133003,-73.799591,1614.5,18.52,-70.010002,1.47,3.54,1.37,281.73999,69.580002,-0.07,0.079999998,1.28184,-0.37823001,0.52648002,4.8230796,0.07,157.31616
66909,18.585915,-23.200001,0.4131,79897,4.6999998,-2.28,83.133171,-73.80484,1613,18.780001,-70.25,1.21,3.3599999,1.91,281.92001,69.379997,0.11,-0.059999999,1.27115,-0.41554999,0.53277999,5.2238297,-0.11,154.12167
66910,18.586193,-23.190001,0.41330001,79931,4.4899998,-1.99,83.133339,-73.810097,1612.5,19.01,-70.389999,0.46000001,3.24,2.4400001,282.10999,69.900002,-0.090000004,0.039999999,1.2647099,-0.40937001,0.53650999,4.911232,0.090000004,156.09674
66911,18.58647,-23.209999,0.41229999,79847,4.1900001,-1.49,83.133507,-73.815376,1612,19.209999,-70.489998,0.25999999,3.22,2.45,282.22,70.610001,-0.18000001,0.22,1.26958,-0.37382999,0.53364998,4.4470439,0.18000001,160.42418
66912,18.586748,-23.200001,0.41370001,79874,4.3299999,-1.79,83.133682,-73.820648,1612,19.4,-70.529999,-0.17,3.3,3.0599999,282.31,70.339996,-0.13,0.23,1.2561899,-0.3917,0.54149002,4.6854029,0.13,157.54005
66913,18.587025,-23.209999,0.41409999,79815,3.95,-0.91000003,83.133858,-73.825943,1612.5,19.549999,-70.489998,-0.80000001,3.1700001,3.3299999,282.44,71.290001,-0.56,0.38,1.25125,-0.37613001,0.54442,4.0534678,0.56,167.02657
66914,18.587303,-23.209999,0.41339999,79821,3.8800001,-1.16,83.134033,-73.831207,1613.5,19.65,-70.470001,-0.68000001,2.9400001,2.9100001,282.53,71.059998,-0.43000001,0.43000001,1.28152,-0.32453999,0.52675998,4.0496917,0.43000001,163.35497
66915,18.587582,-23.190001,0.41330001,79828,4.1700001,-1.5700001,83.134209,-73.836487,1613.5,19.74,-70.489998,-0.30000001,2.8599999,2.6400001,282.64999,70.620003,-0.23,0.20999999,1.28668,-0.35097,0.52364999,4.4557605,0.23,159.3687
66916,18.587858,-23.190001,0.414,79828,4.3099999,-1.72,83.134377,-73.841766,1614,19.84,-70.559998,-0.07,2.6500001,2.48,282.78,70.559998,-0.13,0.050000001,1.29195,-0.36829001,0.52056003,4.6405277,0.13,158.24445
66917,18.588137,-23.200001,0.41350001,79846,4.46,-1.8200001,83.13456,-73.847061,1614,19.93,-70.629997,0.01,2.3699999,2.55,282.82001,70.540001,-0.07,-0.039999999,1.2867301,-0.39085001,0.52364999,4.8170533,0.07,157.80101
66918,18.588413,-23.200001,0.4127,79804,4.29,-1.45,83.134743,-73.852341,1614.5,19.969999,-70.699997,-0.23,2.29,2.8,282.76001,71.010002,-0.33000001,0.12,1.26493,-0.39642,0.53636998,4.5284214,0.33000001,161.32498
66919,18.588692,-23.18,0.41280001,79826,4.54,-1.62,83.134918,-73.857643,1614.5,19.98,-70.739998,-0.49000001,2.25,2.8499999,282.60001,70.860001,-0.23,0.090000004,1.2828701,-0.37542,0.52587998,4.8203735,0.23,160.36217
66920,18.588968,-23.209999,0.41350001,79790,4.54,-1.22,83.135101,-73.862938,1615,19.969999,-70.769997,-0.52999997,2.23,2.79,282.5,71.25,-0.31,0.1,1.28275,-0.37380001,0.52594,4.7010636,0.31,164.95866
66921,18.589247,-23.24,0.414,79762,4.5,-0.64999998,83.135277,-73.86824,1615.5,19.950001,-70.68,-0.47999999,2.3199999,2.6700001,282.48001,71.75,-0.34999999,0.07,1.2861201,-0.37362999,0.52397001,4.5467019,0.34999999,171.78079
66922,18.589525,-23.290001,0.41339999,79726,4.4699998,-0.44,83.13546,-73.873528,1616,19.969999,-70.57,-0.20999999,2.3800001,2.4200001,282.45001,71.82,-0.41999999,0.12,1.2868299,-0.36546001,0.52354997,4.4916029,0.41999999,174.37825
66923,18.589802,-23.33,0.4136,79716,4.4099998,-0.5,83.135628,-73.878807,1616,20,-70.480003,-0.039999999,2.3800001,2.4100001,282.37,71.720001,-0.30000001,0.30000001,1.28485,-0.33919001,0.52474999,4.4382539,0.30000001,173.53151
66924,18.59008,-23.33,0.41409999,79779,4.6700001,-0.82999998,83.135811,-73.884087,1616,19.99,-70.389999,-0.14,2.29,2.55,282.20999,71.230003,-0.41,0.31999999,1.27503,-0.34994,0.53049999,4.7431846,0.41,169.92204
66925,18.590357,-23.35,0.41370001,79724,4.2199998,-0.23,83.135986,-73.889359,1616,19.91,-70.309998,-0.13,2.1700001,2.49,282.20001,71.809998,-0.47,0.52999997,1.27284,-0.32093999,0.53191,4.226263,0.47,176.88033
