NETCARE2015/data/raw/Flight4/AIMMS_POLAR6_20150408_R1_V2_NETCARE.ict
57, 1001
Aliabadi, Amir A.
University of Guelph
AIMMS20 - 1 Hz data from the processed output file 04081752.txt
Polar 6 NETCARE
2, 2
2015, 04, 08, 2015, 06, 26
1
TimeWave, seconds
24
1, 1, 1, 1, 1, 1, 1, 1, 1, 1, 1, 1, 1, 1, 1, 1, 1, 1, 1, 1, 1, 1, 1, 1
-9999, -9999, -9999, -9999, -9999, -9999, -9999, -9999, -9999, -9999, -9999, -9999, -9999, -9999, -9999, -9999, -9999, -9999, -9999, -9999, -9999, -9999, -9999, -9999
Time_Hr, hr UTC
Temp, deg C
RH, 0-1
BP, pa
WSN, m/s
WSE, m/s
Lat, deg
Lon, deg
Alt, m
SProbN, m/s
SProbE, m/s
SProbD, m/s
Roll, deg
Pitch, deg
Heading, deg
TAS, m/s
WSD, m/s
SideslipAngle, deg
AOA, deg
SideslipDiff, none
SysStatFlag, none
WS, m/s
WSW, m/s
WD, deg
1
Values for certain parameters near the beginning and end of the data block may be 0 as the instrument may not have been recording during these start and end timestamps
18
PI_CONTACT_INFO: Address: University of Guelph; aliabadi@uoguelph.ca
PLATFORM: Polar 6 - sampling around the aircraft
LOCATION: Location data varies as seen in this file
ASSOCIATED_DATA: 04081752.r??
INSTRUMENT_INFO: AIMMS20, Avantech, www.aventech.com
DATA_INFO: none
UNCERTAINTY: Contact manufacturer, Aventech
ULOD_FLAG: -7777
ULOD_VALUE: N/A
LLOD_FLAG: -8888
LLOD_VALUE: N/A
DM_CONTACT_INFO: Amir A. Aliabadi; University of Guelph; aliabadi@uoguelph.ca
PROJECT_INFO: Polar 6 NETCARE Spring 2015 campaign
STIPULATIONS_ON_USE: N/A
OTHER_COMMENTS: N/A
REVISION: R1
R1: corrected for start/stop times
TimeWave,Time_Hr,Temp,RH,BP,WSN,WSE,Lat,Lon,Alt,SProbN,SProbE,SProbD,Roll,Pitch,Heading,TAS,WSD,SideslipAngle,AOA,SideslipDiff,SysStatFlag,WS,WSW,WD
[from data line 6587]
70971,19.714211,-23.450001,0.52090001,76730,4.46,-4.75,83.287041,-79.3862,1920.5,46.389999,-55.490002,-3.26,8.9099998,5.6700001,309.98001,65.769997,0.30000001,0,1.28942,-0.37996,0.52205998,6.5156813,-0.30000001,133.19649
70972,19.714487,-23.450001,0.52149999,76635,3.99,-4.3600001,83.28746,-79.390419,1923.5,47.18,-54.740002,-2.78,8.46,5.1900001,310.92001,66.239998,-0.02,0.1,1.27702,-0.38176,0.52929997,5.9101353,0.02,132.4628
70973,19.714766,-23.43,0.52029997,76659,4.54,-4.8499999,83.28788,-79.394577,1926.5,47.939999,-54.07,-2.26,8.0699997,4.7800002,311.94,65.470001,0.28999999,-0.18000001,1.2885799,-0.40989,0.52265,6.6433501,-0.28999999,133.10913
70974,19.715042,-23.4,0.51889998,76647,4.8400002,-5.0799999,83.288307,-79.398712,1928.5,48.740002,-53.450001,-1.8099999,7.79,4.48,312.97,65.190002,0.36000001,-0.38999999,1.28657,-0.44576001,0.52403998,7.016552,-0.36000001,133.61409
70975,19.715321,-23.41,0.5187,76581,4.4299998,-4.8000002,83.28875,-79.402779,1930.5,49.560001,-52.84,-1.5599999,7.5700002,4.3499999,313.89001,65.790001,0.17,-0.30000001,1.26491,-0.46219,0.53659999,6.5318375,-0.17,132.70442
70976,19.715599,-23.379999,0.51770002,76599,4.9400001,-5.21,83.2892,-79.406807,1932,50.34,-52.27,-1.38,7.3699999,4.2800002,314.67999,65.300003,0.30000001,-0.34,1.2693599,-0.46180001,0.53403997,7.1796727,-0.30000001,133.47624
70977,19.715876,-23.360001,0.51730001,76565,4.7399998,-5.0599999,83.28965,-79.410789,1933.5,51.099998,-51.709999,-1.37,7.1199999,4.29,315.39999,65.660004,0.15000001,-0.2,1.25929,-0.45550999,0.53979999,6.9333396,-0.15000001,133.12978
70978,19.716154,-23.34,0.51700002,76564,5,-5.2600002,83.290108,-79.414742,1935,51.810001,-51.169998,-1.37,6.8400002,4.3600001,316.10001,65.489998,0.22,-0.19,1.2591799,-0.4533,0.53986001,7.2572446,-0.22,133.54837
70979,19.716431,-23.309999,0.51459998,76565,5.1700001,-5.4699998,83.290581,-79.41864,1936,52.470001,-50.650002,-1.54,6.5599999,4.4499998,316.85001,65.279999,0.19,-0.2,1.26367,-0.44887999,0.53724003,7.5266061,-0.19,133.38495
70980,19.716709,-23.33,0.51639998,76470,4.3000002,-4.9400001,83.291054,-79.422501,1938,53.080002,-50.119999,-1.6900001,6.27,4.6900001,317.67999,66.379997,-0.16,-0.12,1.23141,-0.48168001,0.55606002,6.5493207,0.16,131.0378
70981,19.716986,-23.32,0.51459998,76431,4.1100001,-4.77,83.291527,-79.426323,1940,53.630001,-49.529999,-2.1900001,6.1300001,5.3000002,318.5,66.669998,-0.20999999,-0.22,1.21152,-0.52651,0.56777,6.2964277,0.20999999,130.74934
70982,19.717264,-23.290001,0.51300001,76474,4.7399998,-5.1900001,83.292007,-79.430092,1942,54.09,-48.860001,-2.8099999,6.0300002,5.9000001,319.16,65.849998,0.029999999,-0.30000001,1.2244101,-0.52065998,0.56028998,7.0287766,-0.029999999,132.40529
70983,19.717543,-23.27,0.51059997,76470,4.8899999,-5.5799999,83.292503,-79.433807,1945,54.459999,-48.16,-3.3,5.9099998,6.21,319.73001,65.339996,0.13,-0.059999999,1.24246,-0.45640001,0.54956001,7.4194674,-0.13,131.22951
70984,19.717819,-23.309999,0.51190001,76330,3.3499999,-4.8200002,83.292976,-79.437477,1949,54.77,-47.52,-3.3800001,5.7399998,6.1199999,320.31,66.800003,-0.34999999,0.34,1.22245,-0.42374,0.56124997,5.8698297,0.34999999,124.8001
70985,19.718098,-23.27,0.50889999,76334,4.0500002,-5.0999999,83.293472,-79.441101,1952,55.080002,-46.939999,-3.1199999,5.5700002,5.8200002,320.87,65.980003,0.01,0.090000004,1.24984,-0.42335999,0.54519999,6.5124879,-0.01,128.4537
70986,19.718374,-23.24,0.50770003,76353,4.6700001,-5.4000001,83.293968,-79.444679,1955,55.419998,-46.400002,-2.76,5.46,5.52,321.38,65.209999,0.25999999,-0.039999999,1.26635,-0.41883999,0.53557003,7.1392508,-0.25999999,130.85373
70987,19.718653,-23.26,0.50620002,76254,3.8399999,-4.7399998,83.294456,-79.448219,1958,55.790001,-45.889999,-2.4000001,5.3800001,5.1799998,321.81,66.239998,-0.079999998,0.11,1.24816,-0.42245001,0.54619002,6.1002622,0.079999998,129.01186
70988,19.718931,-23.24,0.50559998,76270,4.23,-5,83.294968,-79.451721,1960,56.169998,-45.450001,-2.05,5.2199998,4.9099998,322.26001,65.790001,0.12,0.1,1.25569,-0.41233,0.54177999,6.5492673,-0.12,130.23122
70989,19.719208,-23.24,0.5036,76274,4.7199998,-5.1399999,83.295471,-79.455193,1962,56.57,-45.049999,-1.6900001,5.1700001,4.5300002,322.79001,65.339996,0.25,-0.12,1.2682,-0.42984,0.53452998,6.978395,-0.25,132.56088
70990,19.719486,-23.24,0.50389999,76195,4.1500001,-4.9200001,83.295982,-79.458633,1964,57.040001,-44.66,-1.24,5.2399998,4.1100001,323.41,66.050003,0.16,-0.07,1.2619801,-0.43125001,0.53815001,6.4365287,-0.16,130.14749
70991,19.719763,-23.219999,0.50099999,76173,4.1999998,-4.8600001,83.296494,-79.462029,1965,57.580002,-44.240002,-0.88999999,5.4499998,3.8900001,324.01999,66.230003,0.17,-0.16,1.25731,-0.45087001,0.54092997,6.4233637,-0.17,130.8335
70992,19.720041,-23.200001,0.50029999,76191,4.52,-4.96,83.297012,-79.465408,1966,58.130001,-43.779999,-0.83999997,5.6399999,4,324.54999,66.120003,0.33000001,-0.17,1.2543401,-0.45655999,0.54267001,6.7105885,-0.33000001,132.34261
70993,19.72032,-23.200001,0.49900001,76164,3.8499999,-4.6799998,83.297531,-79.46875,1967,58.669998,-43.279999,-0.99000001,5.73,4.1399999,325.07999,66.949997,0.050000001,0.1,1.23849,-0.43836999,0.55184001,6.0601072,-0.050000001,129.44241
70994,19.720596,-23.209999,0.49970001,76102,3.54,-4.5599999,83.298058,-79.472054,1968,59.189999,-42.77,-1.17,5.7800002,4.3099999,325.73001,67.400002,0,0.14,1.23031,-0.44376999,0.55663002,5.7727981,0,127.82275
70995,19.720875,-23.17,0.49559999,76171,4.4699998,-4.98,83.298592,-79.475304,1969,59.68,-42.169998,-1.46,5.9299998,4.5599999,326.48999,66.459999,0.38,-0.14,1.25374,-0.45346999,0.54301,6.6918831,-0.38,131.91084
70996,19.721151,-23.16,0.4957,76128,4.0100002,-4.71,83.299133,-79.478508,1971,60.16,-41.52,-1.72,6.0799999,4.8000002,327.20999,67.029999,0.23,-0.13,1.24501,-0.46410999,0.54811001,6.1858063,-0.23,130.41042
70997,19.72143,-23.16,0.495,76058,3.5699999,-4.48,83.299667,-79.481667,1973,60.599998,-40.810001,-2.03,6.2199998,5,327.89001,67.529999,0.01,-0.029999999,1.23803,-0.45947,0.55215001,5.7284641,-0.01,128.55046
70998,19.721708,-23.129999,0.4932,76074,4.0300002,-4.6900001,83.300209,-79.484779,1975,61.009998,-40.080002,-2.22,6.27,5.2199998,328.59,67,0.33000001,-0.090000004,1.25115,-0.44966,0.54449999,6.1836076,-0.33000001,130.67165
70999,19.721985,-23.120001,0.4921,76064,4.0599999,-4.71,83.300758,-79.487823,1977.5,61.380001,-39.310001,-2.47,6.3200002,5.4699998,329.32999,66.900002,0.41,-0.12,1.25099,-0.45414001,0.54460001,6.2183356,-0.41,130.7612
71000,19.722263,-23.1,0.49000001,76076,4.6100001,-4.9699998,83.301308,-79.490807,1980,61.709999,-38.5,-2.77,6.46,5.6799998,330.09,66.169998,0.46000001,-0.18000001,1.2621,-0.44822001,0.53814,6.7788644,-0.46000001,132.84793
71001,19.72254,-23.120001,0.48859999,76016,3.8299999,-4.6700001,83.301857,-79.493729,1983,62.029999,-37.669998,-2.98,6.5599999,5.8200002,330.84,66.860001,0.2,-0.039999999,1.2482899,-0.44477001,0.54614002,6.0396852,-0.2,129.35616
71002,19.722818,-23.110001,0.4876,75991,3.8399999,-4.6599998,83.302422,-79.49659,1986,62.330002,-36.82,-3.05,6.6399999,5.8899999,331.59,66.68,0.22,-0.029999999,1.24923,-0.44279,0.54558998,6.038311,-0.22,129.4897
71003,19.723097,-23.09,0.4853,75974,4.1199999,-4.8299999,83.302979,-79.49939,1989,62.619999,-35.950001,-3.0799999,6.7199998,5.9699998,332.35001,66.209999,0.40000001,-0.02,1.2589999,-0.42717001,0.53987002,6.3484879,-0.40000001,130.46425
71004,19.723373,-23.110001,0.48390001,75910,3.51,-4.6399999,83.303543,-79.502113,1992,62.889999,-35.080002,-3.0599999,6.75,6.04,333.14001,66.68,0.27000001,0.090000004,1.2417099,-0.43408,0.54996002,5.8180494,-0.27000001,127.10625
71005,19.723652,-23.120001,0.4833,75837,3.1400001,-4.5300002,83.304108,-79.504784,1995.5,63.150002,-34.220001,-3.05,6.5999999,5.9699998,333.98001,66.870003,0.13,0.079999998,1.2393399,-0.43961999,0.55135,5.5118513,-0.13,124.72803
71006,19.723928,-23.110001,0.4817,75846,3.51,-4.6100001,83.304672,-79.50737,1998.5,63.43,-33.380001,-2.8699999,6.5900002,5.77,334.79001,66.389999,0.25,-0.079999998,1.25082,-0.44780001,0.54468,5.7941523,-0.25,127.28522
71007,19.724207,-23.09,0.47999999,75820,3.4200001,-4.6799998,83.305237,-79.509903,2001,63.73,-32.529999,-2.6400001,6.4699998,5.5700002,335.57001,66.339996,0.19,0,1.25015,-0.43698001,0.54504001,5.7964473,-0.19,126.15819
71008,19.724485,-23.129999,0.47799999,75756,3.03,-4.5999999,83.305817,-79.512367,2004,64.019997,-31.75,-2.46,6.1100001,5.4499998,336.38,66.660004,0.039999999,-0.029999999,1.23631,-0.46092999,0.55315,5.5082574,-0.039999999,123.37273
71009,19.724762,-23.110001,0.47799999,75743,2.99,-4.5599999,83.306389,-79.514778,2006,64.309998,-30.99,-2.4100001,5.8499999,5.4000001,337.13,66.68,0.029999999,-0.11,1.23675,-0.47315001,0.55293,5.4528618,-0.029999999,123.25293
71010,19.72504,-23.1,0.47589999,75770,3.95,-4.7600002,83.306961,-79.517128,2009,64.580002,-30.26,-2.3599999,5.4899998,5.3400002,337.78,65.720001,0.31,-0.30000001,1.25946,-0.46948999,0.53978002,6.1854753,-0.31,129.68697
71011,19.725317,-23.120001,0.47479999,75711,3.1800001,-4.6199999,83.307541,-79.519432,2011,64.830002,-29.6,-2.25,5.1999998,5.2800002,338.34,66.480003,0.14,-0.11,1.24343,-0.46388,0.54901999,5.6086364,-0.14,124.54009
71012,19.725595,-23.129999,0.47260001,75683,3.1600001,-4.5500002,83.308121,-79.521683,2013.5,65.040001,-28.98,-2.25,5.0799999,5.3099999,338.84,66.489998,0.22,-0.1,1.24247,-0.46381,0.54957998,5.5396843,-0.22,124.78019
71013,19.725874,-23.16,0.4738,75568,1.76,-4.27,83.308708,-79.52388,2016,65.239998,-28.389999,-2.3099999,4.8299999,5.3699999,339.34,67.849998,-0.28,0.16,1.20986,-0.46873,0.5686,4.6184955,0.28,112.40038
71014,19.726151,-23.15,0.4725,75576,2.3,-4.46,83.309303,-79.526039,2018,65.410004,-27.82,-2.3099999,4.6599998,5.4299998,339.85999,67.260002,-0.029999999,0.12,1.22145,-0.45917001,0.56181997,5.018127,0.029999999,117.27994
71015,19.726429,-23.17,0.47080001,75547,1.98,-4.3800001,83.309883,-79.528152,2020.5,65.559998,-27.26,-2.3599999,4.4899998,5.4899998,340.32999,67.529999,-0.11,0.16,1.2171,-0.45951,0.56436002,4.8067455,0.11,114.32558
71016,19.726706,-23.139999,0.4682,75559,2.5599999,-4.4899998,83.310471,-79.53022,2023,65.690002,-26.73,-2.3800001,4.3400002,5.52,340.73999,66.919998,0.07,0.11,1.22861,-0.44973999,0.55763,5.1685295,-0.07,119.68988
71017,19.726984,-23.15,0.4677,75526,2.54,-4.48,83.311058,-79.532249,2025.5,65.82,-26.24,-2.28,4.2800002,5.3200002,341.12,66.889999,0.079999998,0.15000001,1.2361799,-0.43353999,0.55318999,5.1499515,-0.079999998,119.55169
71018,19.727261,-23.16,0.46779999,75457,1.92,-4.4899998,83.311653,-79.534248,2027.5,65.989998,-25.780001,-1.99,4.3000002,5.04,341.54001,67.459999,-0.1,0.33000001,1.22776,-0.41672,0.55814999,4.8832874,0.1,113.15237
71019,19.727539,-23.18,0.46599999,75417,1.75,-4.46,83.312241,-79.536209,2029.5,66.190002,-25.32,-1.76,4.2800002,4.9099998,341.98001,67.660004,-0.19,0.34999999,1.21931,-0.42537999,0.56309998,4.7910438,0.19,111.42388
71020,19.727818,-23.15,0.46340001,75483,2.8499999,-4.6599998,83.312828,-79.538139,2031.5,66.400002,-24.860001,-1.63,4.1500001,4.8600001,342.47,66.610001,0.17,0.13,1.23559,-0.43698999,0.55353999,5.4624262,-0.17,121.44946
71021,19.728094,-23.16,0.46219999,75449,2.8,-4.6199999,83.313431,-79.540031,2032.5,66.610001,-24.41,-1.61,4.1100001,4.8499999,342.98001,66.760002,0.17,0.029999999,1.23355,-0.45587,0.55475003,5.4022589,-0.17,121.21841
71022,19.728373,-23.16,0.46200001,75459,3.1800001,-4.73,83.314034,-79.541878,2034.5,66.82,-23.950001,-1.5700001,4.0900002,4.8299999,343.42001,66.419998,0.27000001,0.01,1.2390701,-0.45146999,0.55153,5.6995878,-0.27000001,123.91312
71023,19.728649,-23.18,0.46079999,75433,2.96,-4.6100001,83.314621,-79.543701,2036,67.019997,-23.48,-1.5599999,4.0599999,4.8099999,343.84,66.730003,0.2,-0.02,1.23682,-0.45818999,0.55285001,5.478476,-0.2,122.7038
71024,19.728928,-23.18,0.45860001,75407,2.74,-4.6599998,83.315224,-79.545486,2037.5,67.239998,-23.040001,-1.47,4,4.75,344.23999,67.019997,0.2,0.090000004,1.23393,-0.44600001,0.55452001,5.4058485,-0.2,120.4548
71025,19.729206,-23.200001,0.45820001,75366,2.5599999,-4.6500001,83.315826,-79.547234,2039.5,67.440002,-22.59,-1.46,4,4.8400002,344.67001,67.230003,0.20999999,0.1,1.2254699,-0.45572999,0.55945998,5.3081164,-0.20999999,118.83443
71026,19.729483,-23.190001,0.45750001,75379,3.1400001,-4.71,83.316429,-79.54895,2040.5,67.610001,-22.129999,-1.62,3.9100001,5.0700002,345.14999,66.75,0.34,-0.039999999,1.2316099,-0.46937001,0.55590999,5.6607156,-0.34,123.69007
71027,19.729761,-23.209999,0.45590001,75364,2.9200001,-4.71,83.317039,-79.550629,2042.5,67.739998,-21.68,-1.9400001,3.76,5.3499999,345.57999,67,0.23,-0.02,1.22338,-0.47876999,0.56072003,5.5417056,-0.23,121.79716
71028,19.730038,-23.18,0.45390001,75398,3.7,-4.6999998,83.31765,-79.552277,2044.5,67.809998,-21.219999,-2.28,3.6700001,5.5500002,346,66.199997,0.44999999,-0.23999999,1.24502,-0.48190999,0.54817998,5.9816384,-0.44999999,128.21103
71029,19.730316,-23.209999,0.45379999,75314,2.8199999,-4.54,83.31826,-79.553886,2047.5,67.870003,-20.75,-2.5,3.6900001,5.71,346.39001,67.019997,0.23999999,-0.16,1.22865,-0.49296999,0.55769998,5.3445296,-0.23999999,121.84629
71030,19.730595,-23.24,0.45359999,75237,2.1600001,-4.5300002,83.318863,-79.555458,2049.5,67.879997,-20.27,-2.72,3.8299999,5.9200001,346.70999,67.589996,0.07,0.059999999,1.2135299,-0.48023,0.56646001,5.0186157,-0.07,115.4928
71031,19.730871,-23.23,0.45089999,75245,2.49,-4.52,83.319473,-79.556999,2052.5,67.860001,-19.790001,-2.96,3.77,6.1700001,347.06,67.150002,0.14,0.029999999,1.21882,-0.47746,0.56336999,5.1604748,-0.14,118.84971
71032,19.73115,-23.219999,0.44949999,75244,2.75,-4.5100002,83.320084,-79.558502,2055.5,67.800003,-19.32,-3.2,3.6099999,6.29,347.5,66.709999,0.20999999,-0.11,1.23149,-0.47995999,0.55601001,5.2822914,-0.20999999,121.373
71033,19.731426,-23.26,0.4497,75167,1.84,-4.52,83.320679,-79.559959,2058.5,67.75,-18.860001,-3.1099999,3.49,6.0700002,347.97,67.43,-0.090000004,-0.039999999,1.22335,-0.48116001,0.56073999,4.8801641,0.090000004,112.15024
71034,19.731705,-23.25,0.44729999,75143,2.3599999,-4.5,83.321289,-79.561394,2061.5,67.760002,-18.42,-2.8499999,3.46,5.8499999,348.39001,66.870003,0.17,-0.22,1.23826,-0.4876,0.55211997,5.0812988,-0.17,117.67451
71035,19.731983,-23.26,0.44670001,75125,2.0799999,-4.48,83.321899,-79.56279,2064.5,67.779999,-18,-2.5799999,3.4400001,5.6900001,348.72,67.07,0.18000001,-0.15000001,1.23036,-0.4878,0.55668998,4.9393115,-0.18000001,114.90477
71036,19.73226,-23.25,0.44459999,75139,2.9200001,-4.46,83.322502,-79.564163,2067.5,67.830002,-17.58,-2.4400001,3.4400001,5.5900002,349.01999,66.230003,0.40000001,-0.25999999,1.2467901,-0.48163,0.54716003,5.3308535,-0.40000001,123.21311
71037,19.732538,-23.280001,0.4447,75097,2.3499999,-4.46,83.323112,-79.565491,2069.5,67.889999,-17.18,-2.3,3.3900001,5.4499998,349.35999,66.75,0.19,-0.14,1.23553,-0.47999999,0.55366999,5.0412397,-0.19,117.785
71038,19.732815,-23.299999,0.4438,75052,2.22,-4.4200001,83.323723,-79.566788,2072,67.970001,-16.790001,-2.0799999,3.3599999,5.25,349.69,66.889999,0.22,-0.15000001,1.23729,-0.47841999,0.55264002,4.9461904,-0.22,116.66866
71039,19.733093,-23.309999,0.44209999,74988,1.71,-4.48,83.324333,-79.568069,2074,68.089996,-16.4,-1.86,3.3900001,5.0500002,349.95999,67.410004,0.11,0.050000001,1.2282799,-0.45975,0.55782998,4.795258,-0.11,110.89168
71040,19.733372,-23.32,0.4411,74959,1.66,-4.3000002,83.324944,-79.569313,2075.5,68.239998,-16.01,-1.64,3.48,4.8699999,350.20999,67.589996,0.029999999,0.029999999,1.22326,-0.47108001,0.56076998,4.6092949,-0.029999999,111.10891
71041,19.733648,-23.299999,0.44,75015,2.6600001,-4.2800002,83.325546,-79.570518,2077.5,68.410004,-15.65,-1.49,3.4200001,4.7199998,350.39999,66.75,0.28,-0.02,1.24675,-0.44492999,0.54703999,5.0392461,-0.28,121.86076
71042,19.733927,-23.32,0.4391,74979,2.3900001,-4.3200002,83.326172,-79.571701,2079,68.589996,-15.34,-1.28,3.1700001,4.5599999,350.66,67.080002,0.28999999,0.07,1.24335,-0.43579,0.54900998,4.9370542,-0.28999999,118.95316
