NETCARE2015/data/raw/Flight4/CO_POLAR6_20150408_R1_L2_NETCARE.ict
34, 1001
Bozem, Heiko; Hoor, Peter
Institute for Atmospheric Physics, Johannes Gutenberg University, Mainz, Germany
CO mixing ratio from AL5002 CO analyzer
NETCARE Polar 6 Campaign 2015
1, 1
2015, 04, 08, 2015, 08, 15
1
Time_UTC, seconds
1
1
-9999.9
CO_ppbv, ppbv
0
19
PI_CONTACT_INFO: Address: Johann-Joachim-Becherweg 21, 55128 Mainz, email: bozemh@uni-mainz.de; hoor@uni-mainz.de
PLATFORM: Polar 6
LOCATION: GPS location and altitude available at 1 Hz resolution in separate file (See AIMMS files under Aircraft data and meteorology)
ASSOCIATED_DATA: N/A
INSTRUMENT_INFO: CO measurements based on the fluorescence of CO in the VUV at 150 nm
DATA_INFO: Units are ppbv
UNCERTAINTY RELATIVE TO STANDARD: 2.3 ppbv at 1 sigma confidence (before drift correction is applied)
ULOD_FLAG: -7777
ULOD_VALUE: N/A
LLOD_FLAG: -8888
LLOD_VALUE: 1.5 
DM_CONTACT_INFO: N/A
PROJECT_INFO: NETCARE Polar 6 aircraft campaign in April 2015; Alert
STIPULATIONS_ON_USE: N/A
OTHER_COMMENTS: N/A
REVISION: R1
R0: Preliminary data, corrected for instrument drift
R1: Final data, corrected for instrument drift
Time_UTC,CO_ppbv
[from data line 9202]
73586,128.2
73587,127.0
73588,127.8
73589,126.2
73590,126.6
73591,129.6
73592,129.1
73593,127.1
73594,127.2
73595,129.6
73596,129.5
73597,128.1
73598,123.8
73599,126.2
73600,128.4
73601,126.7
73602,125.4
73603,126.5
73604,126.2
73605,127.6
73606,127.9
73607,127.5
73608,129.6
73609,130.6
73610,129.8
73611,129.0
73612,130.3
73613,130.8
73614,131.0
73615,131.6
73616,130.0
73617,127.9
73618,128.3
73619,130.0
73620,128.6
73621,126.3
73622,126.3
73623,126.9
73624,128.0
73625,128.9
73626,129.4
73627,129.9
73628,130.9
73629,131.1
73630,130.0
73631,129.0
73632,132.6
73633,131.5
73634,129.6
73635,130.4
73636,133.7
73637,132.7
73638,131.5
73639,132.2
73640,131.0
73641,131.7
73642,132.1
73643,132.9
73644,131.5
73645,131.0
73646,130.5
73647,128.5
73648,130.9
73649,130.8
73650,129.9
73651,132.7
73652,133.5
73653,132.5
73654,133.4
73655,132.1
73656,130.2
73657,129.0
73658,128.8
73659,130.0
73660,128.4
73661,129.8
73662,134.1
73663,131.7
73664,129.3
73665,130.4
73666,129.8
73667,129.8
73668,128.1
73669,129.2
73670,131.5
73671,131.3
73672,131.5
73673,132.5
73674,130.2
73675,129.2
73676,128.6
73677,127.7
73678,128.9
73679,128.4
73680,127.6
73681,128.4
73682,127.8
73683,128.4
73684,128.1
73685,127.0
73686,127.9
73687,128.1
73688,126.5
73689,125.2
73690,125.5
73691,125.1
73692,127.3
73693,131.2
73694,130.0
73695,127.7
73696,126.6
73697,125.5
73698,125.0
73699,126.3
73700,127.6
73701,127.2
73702,130.4
73703,127.6
73704,126.8
73705,129.1
73706,129.0
73707,126.9
73708,126.3
73709,126.7
73710,125.9
73711,128.1
73712,129.9
73713,128.7
73714,129.5
73715,130.0
73716,127.2
73717,127.1
73718,128.9
73719,129.0
73720,127.8
73721,127.7
73722,128.8
73723,130.6
73724,130.3
73725,127.0
73726,129.6
73727,130.3
73728,127.7
73729,127.9
73730,128.7
73731,128.0
73732,126.8
73733,128.6
73734,128.2
73735,126.0
73736,126.7
73737,126.9
73738,128.7
73739,129.3
73740,128.1
73741,129.4
73742,129.1
73743,128.7
73744,129.8
73745,129.0
73746,128.7
73747,130.7
73748,129.9
73749,129.2
73750,128.4
73751,128.2
73752,129.7
73753,129.0
73754,127.5
73755,127.3
73756,128.1
73757,126.5
73758,127.0
73759,128.3
73760,126.1
73761,124.4
73762,124.9
73763,126.1
73764,126.4
73765,127.9
73766,128.4
73767,126.4
73768,126.8
73769,127.0
73770,126.7
73771,130.8
73772,127.0
73773,124.7
73774,124.7
73775,123.0
73776,125.0
73777,125.4
73778,124.4
73779,124.3
73780,125.2
73781,125.3
73782,125.7
73783,126.4
73784,127.2
73785,126.9
73786,124.3
73787,124.3
73788,126.4
73789,126.5
73790,123.6
73791,122.1
73792,121.3
73793,121.5
73794,123.8
73795,122.7
73796,120.8
73797,122.1
73798,123.3
73799,122.9
73800,122.0
73801,121.9
73802,123.7
73803,122.0
73804,118.1
73805,121.5
73806,120.9
73807,121.2
73808,119.9
73809,119.1
73810,119.6
73811,119.4
73812,119.2
73813,118.3
73814,118.5
73815,117.1
73816,116.7
73817,116.9
73818,117.7
73819,119.1
73820,117.8
73821,114.9
73822,115.7
73823,117.2
73824,115.1
73825,116.3
73826,116.9
73827,115.1
73828,115.5
73829,117.4
73830,118.2
73831,118.1
73832,116.8
73833,116.2
73834,115.8
73835,115.8
73836,117.5
73837,120.5
73838,122.8
73839,118.3
73840,122.8
73841,126.2
73842,123.6
73843,122.6
73844,122.5
73845,120.7
73846,123.6
73847,123.6
73848,118.8
73849,119.3
73850,123.2
73851,124.7
73852,121.1
73853,122.6
73854,126.0
73855,125.8
73856,126.3
73857,127.5
73858,126.2
73859,123.9
73860,124.0
73861,123.2
73862,122.2
73863,122.4
73864,123.4
73865,124.3
73866,123.5
73867,123.7
73868,124.3
73869,124.1
73870,126.4
73871,126.9
73872,123.6
73873,121.6
73874,125.2
73875,123.4
73876,120.0
73877,121.2
73878,121.7
73879,121.0
73880,122.0
73881,122.1
73882,122.3
73883,121.9
73884,121.7
73885,122.5
73886,121.9
73887,122.7
73888,125.9
73889,121.9
73890,121.0
73891,122.9
73892,122.9
73893,122.8
73894,122.9
73895,123.1
73896,122.3
73897,123.0
73898,122.9
73899,122.8
73900,122.0
73901,123.0
73902,123.5
73903,121.3
73904,121.6
73905,122.4
73906,123.1
73907,124.3
73908,124.4
73909,122.7
73910,121.6
73911,122.4
73912,121.7
73913,123.4
73914,124.7
73915,124.9
73916,124.5
73917,123.9
73918,124.5
73919,123.2
73920,124.3
73921,124.5
73922,124.1
73923,123.7
73924,122.9
73925,122.9
73926,122.3
73927,122.5
73928,123.4
73929,122.9
73930,123.5
73931,124.4
73932,122.6
73933,121.3
73934,119.6
73935,122.9
73936,125.5
73937,123.0
73938,122.7
73939,123.3
73940,120.9
73941,118.5
73942,119.5
73943,119.5
73944,116.7
73945,115.9
73946,118.0
73947,118.4
73948,117.4
73949,120.0
73950,118.5
73951,118.7
73952,121.4
73953,120.5
73954,119.2
73955,119.9
73956,120.9
73957,120.1
73958,119.0
73959,119.0
73960,116.7
73961,116.3
73962,116.9
73963,116.4
73964,117.1
73965,118.1
73966,119.4
73967,119.6
73968,119.9
73969,118.5
73970,117.1
73971,119.7
73972,119.2
73973,116.9
73974,119.2
73975,119.7
73976,119.9
73977,120.7
73978,118.2
73979,119.8
73980,121.1
73981,120.0
73982,120.4
73983,121.5
73984,123.2
73985,121.8
73986,120.7
73987,122.7
73988,119.7
73989,119.0
73990,120.9
73991,119.7
73992,117.6
73993,117.7
73994,118.7
73995,117.5
73996,117.6
73997,120.1
73998,121.6
73999,121.4
74000,122.6
74001,122.8
74002,121.4
74003,122.3
74004,122.8
74005,121.5
74006,119.0
74007,119.1
74008,120.7
74009,122.0
74010,121.9
74011,120.2
74012,120.8
74013,121.0
74014,120.9
74015,121.4
74016,122.5
74017,121.1
74018,120.3
74019,122.4
74020,123.6
74021,121.2
74022,120.0
74023,120.2
74024,118.3
74025,119.8
74026,123.5
74027,124.9
74028,123.3
74029,120.4
74030,121.4
74031,122.0
74032,121.2
74033,119.5
74034,120.5
74035,121.7
74036,120.4
74037,122.4
74038,121.5
74039,119.8
74040,119.7
74041,120.9
74042,123.5
74043,122.0
74044,121.1
74045,121.7
74046,121.1
74047,125.4
74048,125.6
74049,124.5
74050,122.0
74051,119.7
74052,122.8
74053,124.9
74054,120.7
74055,121.8
74056,123.3
74057,122.0
74058,121.7
74059,124.5
74060,126.3
74061,124.0
74062,121.6
74063,122.3
74064,123.2
74065,123.1
74066,124.1
74067,122.0
74068,121.7
74069,121.2
74070,120.0
74071,123.0
74072,122.9
74073,120.7
74074,121.0
74075,121.8
74076,123.4
74077,123.1
74078,119.4
74079,119.0
74080,121.2
74081,122.4
74082,122.5
74083,121.3
74084,120.6
74085,120.3
74086,120.7
74087,121.4
74088,120.0
74089,120.4
74090,121.7
74091,121.0
74092,121.7
74093,121.9
74094,121.3
74095,121.6
74096,119.7
74097,119.6
74098,121.3
74099,120.3
74100,119.5
74101,119.3
74102,119.5
74103,118.1
74104,116.6
74105,120.3
74106,121.5
74107,119.6
74108,119.2
74109,119.6
74110,120.6
74111,119.1
74112,119.1
74113,121.9
74114,122.9
74115,118.2
74116,119.3
74117,121.8
74118,121.5
74119,121.8
74120,123.5
74121,122.0
74122,120.5
74123,121.1
74124,121.6
74125,121.9
74126,120.0
74127,118.0
74128,120.6
74129,122.2
74130,122.2
74131,123.5
74132,123.1
74133,122.0
74134,122.2
74135,121.8
74136,123.2
74137,122.3
74138,122.0
74139,122.3
74140,122.7
74141,124.9
74142,124.6
74143,123.4
74144,123.7
74145,125.6
74146,124.1
74147,121.6
74148,121.9
74149,121.7
74150,121.7
74151,122.4
74152,124.0
74153,126.0
74154,125.4
74155,124.2
74156,125.9
74157,127.2
74158,127.4
74159,128.9
74160,130.1
74161,128.2
74162,127.3
74163,128.1
74164,128.0
74165,128.0
74166,129.6
74167,131.5
74168,128.2
74169,125.7
74170,126.0
74171,125.7
74172,128.3
74173,127.1
74174,126.5
74175,127.5
74176,126.6
74177,127.7
74178,128.0
74179,128.7
74180,127.1
74181,125.4
74182,124.6
74183,122.7
74184,125.9
74185,127.1
74186,129.8
74187,131.2
74188,129.6
74189,124.8
74190,124.9
74191,129.1
74192,128.5
74193,126.7
74194,128.1
74195,127.8
74196,127.5
74197,128.8
74198,128.1
74199,128.0
74200,128.7
74201,128.9
74202,129.4
74203,131.2
74204,129.6
74205,129.0
74206,133.3
74207,132.6
74208,130.4
74209,131.1
74210,132.4
74211,131.4
74212,130.3
74213,132.1
74214,134.4
74215,134.7
74216,136.9
74217,140.6
74218,136.8
74219,136.8
74220,138.6
74221,137.9
74222,136.1
74223,133.9
74224,133.6
74225,136.2
74226,137.6
74227,137.2
74228,136.9
74229,135.7
74230,135.7
74231,136.9
74232,136.6
74233,136.1
74234,136.1
74235,134.9
74236,133.9
74237,135.3
74238,135.3
74239,134.4
74240,136.0
74241,136.1
74242,134.9
74243,136.8
74244,138.2
74245,137.1
74246,134.0
74247,133.7
74248,137.2
74249,136.2
74250,138.1
74251,139.5
74252,137.5
74253,138.0
74254,135.8
74255,136.2
74256,135.7
74257,136.0
74258,137.7
74259,135.3
74260,135.5
74261,137.6
74262,137.8
74263,138.7
74264,137.6
74265,138.7
74266,138.8
74267,138.7
74268,139.6
74269,139.2
74270,139.4
74271,138.4
74272,136.4
74273,136.9
74274,138.2
74275,138.6
74276,136.2
74277,134.7
74278,134.5
74279,133.8
74280,134.9
74281,133.3
74282,133.7
74283,133.9
74284,132.4
74285,132.3
74286,133.4
74287,134.7
74288,132.5
74289,130.1
74290,128.6
74291,131.8
74292,132.1
74293,132.9
74294,135.0
74295,134.9
74296,133.6
74297,132.0
74298,133.8
74299,134.4
74300,134.8
74301,133.3
74302,132.3
74303,134.8
74304,134.0
74305,133.0
74306,135.5
74307,134.8
74308,134.9
74309,138.5
74310,134.8
74311,132.2
74312,133.5
74313,132.1
74314,132.5
74315,132.4
74316,133.2
74317,133.1
74318,133.0
74319,133.5
74320,132.1
74321,130.1
74322,128.2
74323,131.7
74324,131.6
74325,131.4
74326,129.8
74327,128.4
74328,128.7
74329,130.1
74330,130.2
74331,128.7
74332,130.7
74333,131.7
74334,128.2
74335,128.9
74336,130.7
74337,129.4
74338,129.8
74339,130.9
74340,130.5
74341,129.7
74342,131.2
74343,131.0
74344,131.2
74345,132.3
74346,133.4
74347,133.3
74348,130.8
74349,131.0
74350,131.0
74351,130.6
74352,132.0
74353,132.3
74354,130.1
74355,129.9
74356,130.7
74357,131.7
74358,130.9
74359,130.0
74360,128.1
74361,128.6
74362,128.7
74363,129.5
74364,131.2
74365,130.7
74366,130.0
74367,129.3
74368,129.3
74369,129.9
74370,128.6
74371,129.6
74372,131.3
74373,129.9
74374,129.9
74375,130.2
74376,130.2
74377,132.0
74378,135.8
74379,133.8
74380,131.5
74381,133.1
74382,132.1
74383,131.7
74384,132.6
74385,131.1
74386,129.5
74387,128.9
74388,130.3
74389,130.1
74390,128.1
74391,129.5
74392,128.7
74393,127.7
74394,128.0
74395,130.6
74396,133.2
74397,132.7
74398,131.8
74399,131.0
74400,130.8
74401,133.1
74402,132.9
74403,127.8
74404,128.3
74405,129.9
74406,129.8
74407,132.0
74408,132.4
74409,131.8
74410,131.5
74411,130.6
74412,129.2
74413,130.8
74414,131.8
74415,132.7
74416,130.2
74417,128.3
74418,130.3
74419,130.3
74420,130.3
74421,130.2
74422,130.1
74423,130.5
74424,131.5
74425,132.2
74426,130.2
74427,131.3
74428,132.3
74429,131.5
74430,130.3
74431,131.2
74432,133.7
74433,134.0
74434,130.5
74435,130.6
74436,132.7
74437,130.6
74438,128.4
74439,130.1
74440,131.8
74441,131.3
74442,131.5
74443,132.0
74444,132.4
74445,131.6
74446,132.6
74447,132.4
74448,131.9
74449,132.9
74450,129.9
74451,128.9
74452,132.1
74453,133.8
74454,136.7
74455,135.8
74456,131.8
74457,131.8
74458,132.7
74459,133.0
74460,130.5
74461,131.3
74462,133.5
74463,133.1
74464,131.8
74465,131.1
74466,132.0
74467,132.3
74468,130.7
74469,130.5
74470,128.6
74471,128.6
74472,129.3
74473,128.8
74474,128.9
74475,129.4
74476,131.0
74477,133.8
74478,132.4
74479,130.1
74480,131.7
74481,132.4
74482,134.4
74483,133.7
74484,132.2
74485,131.9
74486,130.7
74487,132.2
74488,133.3
74489,131.3
74490,132.3
74491,134.2
74492,131.8
74493,130.0
74494,129.0
74495,129.0
74496,134.7
74497,134.0
74498,132.6
74499,134.2
74500,134.5
74501,132.6
74502,132.6
74503,132.7
74504,134.2
74505,135.6
74506,135.0
74507,131.6
74508,130.2
74509,131.6
74510,133.2
74511,132.4
74512,130.5
74513,132.5
74514,134.9
74515,132.9
74516,132.6
74517,132.4
74518,132.4
74519,137.7
74520,140.3
74521,138.3
74522,136.2
74523,136.9
74524,137.8
74525,138.7
74526,139.4
74527,139.6
74528,142.1
74529,144.2
74530,146.8
74531,144.0
74532,144.1
74533,146.3
74534,145.0
74535,146.6
74536,150.1
74537,150.8
74538,149.9
74539,149.3
74540,148.6
74541,148.2
74542,148.2
74543,145.7
74544,145.2
74545,146.9
74546,146.5
74547,148.6
74548,152.0
74549,153.7
74550,152.5
74551,152.0
74552,152.1
74553,149.3
74554,149.1
74555,152.4
74556,152.8
74557,150.1
74558,149.9
74559,151.1
74560,149.4
74561,148.8
74562,150.0
74563,149.7
74564,155.9
74565,153.5
74566,150.4
74567,151.4
74568,150.1
74569,150.8
74570,150.9
74571,147.0
74572,148.2
74573,150.0
74574,147.6
74575,145.1
74576,145.9
74577,145.0
74578,143.3
74579,147.7
74580,150.3
74581,146.9
74582,148.6
74583,150.6
74584,148.1
74585,144.4
74586,146.1
74587,147.7
74588,146.4
74589,145.6
74590,146.5
74591,148.2
74592,149.6
74593,151.5
74594,150.2
74595,148.0
74596,145.2
74597,147.9
74598,152.0
74599,143.7
74600,145.3
74601,145.6
74602,145.8
74603,147.2
74604,148.0
74605,148.9
74606,146.0
74607,143.7
74608,145.4
74609,146.4
74610,148.1
74611,147.2
74612,146.0
74613,146.6
74614,146.7
74615,144.8
74616,145.7
74617,148.5
74618,147.4
74619,148.8
74620,147.9
74621,144.6
74622,143.9
74623,148.3
74624,150.3
74625,146.3
74626,146.5
74627,148.6
74628,146.2
74629,145.4
74630,146.3
74631,142.7
74632,140.3
74633,142.1
74634,145.1
74635,149.1
74636,149.1
74637,147.9
74638,144.9
74639,141.8
74640,143.3
74641,146.8
74642,148.8
74643,150.0
74644,150.1
74645,148.5
74646,147.3
74647,145.8
74648,145.5
74649,146.6
74650,147.9
74651,147.5
74652,147.4
74653,149.4
74654,148.9
74655,146.6
74656,145.6
74657,-9999.9
74658,-9999.9
74659,-9999.9
74660,-9999.9
74661,-9999.9
74662,-9999.9
74663,-9999.9
74664,-9999.9
74665,-9999.9
74666,-9999.9
74667,-9999.9
74668,-9999.9
74669,-9999.9
74670,-9999.9
74671,-9999.9
74672,-9999.9
74673,-9999.9
74674,-9999.9
74675,-9999.9
74676,-9999.9
74677,-9999.9
74678,-9999.9
74679,-9999.9
74680,-9999.9
74681,-9999.9
74682,-9999.9
74683,-9999.9
74684,-9999.9
74685,-9999.9
74686,-9999.9
74687,-9999.9
74688,-9999.9
74689,-9999.9
74690,-9999.9
74691,-9999.9
74692,-9999.9
74693,-9999.9
74694,-9999.9
74695,-9999.9
74696,-9999.9
74697,-9999.9
74698,-9999.9
74699,-9999.9
74700,-9999.9
74701,-9999.9
74702,-9999.9
74703,-9999.9
74704,-9999.9
74705,-9999.9
74706,-9999.9
74707,-9999.9
74708,-9999.9
74709,-9999.9
74710,-9999.9
74711,-9999.9
74712,-9999.9
74713,-9999.9
74714,-9999.9
74715,-9999.9
74716,-9999.9
74717,-9999.9
74718,-9999.9
74719,-9999.9
74720,-9999.9
74721,-9999.9
74722,-9999.9
74723,-9999.9
74724,-9999.9
74725,-9999.9
74726,-9999.9
74727,-9999.9
74728,-9999.9
74729,-9999.9
74730,-9999.9
74731,-9999.9
74732,-9999.9
74733,-9999.9
74734,-9999.9
74735,-9999.9
74736,-9999.9
74737,-9999.9
74738,-9999.9
74739,-9999.9
74740,-9999.9
74741,-9999.9
74742,-9999.9
74743,-9999.9
74744,-9999.9
74745,-9999.9
74746,-9999.9
74747,-9999.9
74748,-9999.9
74749,-9999.9
74750,-9999.9
74751,-9999.9
74752,-9999.9
74753,-9999.9
74754,-9999.9
74755,-9999.9
74756,-9999.9
74757,-9999.9
74758,-9999.9
74759,-9999.9
74760,-9999.9
74761,-9999.9
74762,-9999.9
74763,-9999.9
74764,-9999.9
74765,-9999.9
74766,-9999.9
74767,-9999.9
74768,-9999.9
74769,-9999.9
74770,-9999.9
74771,-9999.9
74772,-9999.9
74773,-9999.9
74774,-9999.9
74775,-9999.9
74776,-9999.9
74777,-9999.9
74778,-9999.9
74779,-9999.9
74780,-9999.9
74781,-9999.9
74782,-9999.9
74783,150.8
74784,151.2
74785,149.7
74786,148.4
74787,148.7
74788,147.7
74789,149.0
74790,150.6
74791,148.8
74792,150.7
74793,149.4
74794,145.0
74795,147.7
74796,149.4
74797,147.9
74798,148.1
74799,147.5
74800,149.1
74801,149.2
74802,148.3
74803,149.0
74804,148.6
74805,149.0
74806,145.3
74807,148.3
74808,150.1
74809,150.2
74810,151.0
74811,151.6
74812,149.8
74813,147.7
74814,148.4
74815,149.5
74816,149.8
74817,149.2
74818,149.3
74819,149.2
74820,148.7
74821,147.9
74822,149.2
74823,151.4
74824,150.6
74825,150.3
74826,151.2
74827,149.5
74828,149.3
74829,152.0
74830,152.1
74831,149.9
74832,150.2
74833,152.6
74834,151.0
74835,148.7
74836,150.6
74837,151.4
74838,150.6
74839,150.3
74840,149.5
74841,150.7
74842,149.6
74843,148.2
74844,148.3
74845,146.8
74846,146.7
74847,146.4
74848,147.8
74849,149.0
74850,149.3
74851,150.2
74852,148.4
74853,147.1
74854,146.3
74855,146.6
74856,148.4
74857,150.3
74858,150.0
74859,148.6
74860,146.9
74861,144.3
74862,148.0
74863,149.8
74864,146.9
74865,147.9
74866,150.6
74867,151.1
74868,149.2
74869,148.3
74870,148.0
74871,147.1
74872,147.4
74873,146.6
74874,145.2
74875,153.1
74876,152.2
74877,147.1
74878,147.4
74879,152.5
74880,150.5
74881,146.2
74882,148.2
74883,150.7
74884,149.4
74885,146.7
74886,147.3
74887,150.5
74888,149.8
74889,149.3
74890,149.5
74891,147.3
74892,149.0
74893,152.4
74894,151.4
74895,149.6
74896,151.1
74897,150.1
