NETCARE2015/data/raw/Flight4/CO_POLAR6_20150408_R1_L2_NETCARE.ict
34, 1001
Bozem, Heiko; Hoor, Peter
Institute for Atmospheric Physics, Johannes Gutenberg University, Mainz, Germany
CO mixing ratio from AL5002 CO analyzer
NETCARE Polar 6 Campaign 2015
1, 1
2015, 04, 08, 2015, 08, 15
1
Time_UTC, seconds
1
1
-9999.9
CO_ppbv, ppbv
0
19
PI_CONTACT_INFO: Address: Johann-Joachim-Becherweg 21, 55128 Mainz, email: bozemh@uni-mainz.de; hoor@uni-mainz.de
PLATFORM: Polar 6
LOCATION: GPS location and altitude available at 1 Hz resolution in separate file (See AIMMS files under Aircraft data and meteorology)
ASSOCIATED_DATA: N/A
INSTRUMENT_INFO: CO measurements based on the fluorescence of CO in the VUV at 150 nm
DATA_INFO: Units are ppbv
UNCERTAINTY RELATIVE TO STANDARD: 2.3 ppbv at 1 sigma confidence (before drift correction is applied)
ULOD_FLAG: -7777
ULOD_VALUE: N/A
LLOD_FLAG: -8888
LLOD_VALUE: 1.5 
DM_CONTACT_INFO: N/A
PROJECT_INFO: NETCARE Polar 6 aircraft campaign in April 2015; Alert
STIPULATIONS_ON_USE: N/A
OTHER_COMMENTS: N/A
REVISION: R1
R0: Preliminary data, corrected for instrument drift
R1: Final data, corrected for instrument drift
Time_UTC,CO_ppbv
[from data line 5246]
69630,145.0
69631,145.1
69632,145.4
69633,144.1
69634,145.4
69635,146.6
69636,147.0
69637,147.5
69638,147.4
69639,149.6
69640,147.5
69641,144.8
69642,143.4
69643,144.6
69644,145.6
69645,145.6
69646,145.5
69647,146.7
69648,147.9
69649,146.4
69650,147.1
69651,146.7
69652,145.4
69653,145.6
69654,147.9
69655,147.9
69656,148.0
69657,147.5
69658,147.7
69659,148.0
69660,144.5
69661,142.3
69662,144.2
69663,147.5
69664,148.2
69665,148.4
69666,148.7
69667,146.1
69668,145.7
69669,148.3
69670,150.2
69671,148.9
69672,146.6
69673,147.6
69674,151.2
69675,150.6
69676,146.6
69677,146.4
69678,148.0
69679,149.4
69680,148.5
69681,147.1
69682,146.8
69683,148.7
69684,146.9
69685,146.1
69686,145.7
69687,144.8
69688,146.9
69689,146.0
69690,146.8
69691,145.2
69692,143.7
69693,146.5
69694,148.1
69695,148.1
69696,148.7
69697,149.2
69698,148.3
69699,148.6
69700,148.6
69701,148.5
69702,146.6
69703,144.7
69704,145.2
69705,146.9
69706,146.2
69707,147.5
69708,147.9
69709,144.7
69710,146.6
69711,147.4
69712,149.1
69713,148.2
69714,145.5
69715,147.2
69716,146.0
69717,144.9
69718,144.6
69719,142.7
69720,143.9
69721,145.9
69722,144.5
69723,144.3
69724,146.6
69725,145.3
69726,144.8
69727,146.7
69728,146.6
69729,145.5
69730,146.0
69731,145.4
69732,144.9
69733,146.5
69734,149.2
69735,146.5
69736,144.3
69737,144.8
69738,145.5
69739,145.8
69740,146.5
69741,147.3
69742,144.7
69743,144.4
69744,144.8
69745,143.9
69746,146.9
69747,148.5
69748,145.9
69749,143.9
69750,145.2
69751,145.7
69752,147.6
69753,148.2
69754,147.3
69755,146.5
69756,145.4
69757,148.1
69758,150.1
69759,149.2
69760,149.4
69761,146.9
69762,144.5
69763,144.8
69764,146.2
69765,148.2
69766,148.4
69767,148.6
69768,148.0
69769,149.2
69770,147.7
69771,147.6
69772,147.4
69773,146.4
69774,147.7
69775,146.6
69776,147.5
69777,148.9
69778,150.1
69779,149.3
69780,145.9
69781,145.8
69782,147.5
69783,146.4
69784,144.8
69785,146.2
69786,146.2
69787,147.0
69788,148.1
69789,146.7
69790,145.1
69791,144.5
69792,145.6
69793,145.7
69794,146.5
69795,148.4
69796,147.1
69797,145.2
69798,144.4
69799,146.2
69800,146.6
69801,144.1
69802,145.5
69803,145.5
69804,150.7
69805,148.6
69806,146.2
69807,149.1
69808,149.3
69809,144.9
69810,144.2
69811,147.4
69812,146.4
69813,143.2
69814,144.1
69815,145.6
69816,148.4
69817,147.9
69818,147.7
69819,149.7
69820,147.5
69821,143.6
69822,142.6
69823,142.5
69824,144.9
69825,148.3
69826,148.2
69827,146.8
69828,146.4
69829,148.6
69830,147.8
69831,144.5
69832,146.4
69833,149.0
69834,145.5
69835,144.8
69836,148.1
69837,149.1
69838,144.1
69839,145.0
69840,147.0
69841,146.9
69842,146.1
69843,146.5
69844,148.2
69845,148.5
69846,144.1
69847,141.4
69848,144.7
69849,147.5
69850,145.7
69851,143.5
69852,145.0
69853,146.2
69854,145.3
69855,147.6
69856,148.9
69857,148.4
69858,146.5
69859,145.2
69860,147.1
69861,144.1
69862,142.1
69863,144.4
69864,145.8
69865,146.5
69866,146.7
69867,147.3
69868,145.2
69869,145.5
69870,145.8
69871,143.6
69872,143.9
69873,144.3
69874,145.0
69875,146.1
69876,146.7
69877,149.4
69878,148.3
69879,145.2
69880,147.1
69881,146.8
69882,145.6
69883,146.1
69884,146.7
69885,146.3
69886,146.3
69887,146.0
69888,144.9
69889,147.8
69890,147.3
69891,143.7
69892,146.3
69893,148.6
69894,146.9
69895,146.1
69896,146.5
69897,146.6
69898,146.7
69899,147.0
69900,147.5
69901,146.1
69902,145.6
69903,143.8
69904,144.3
69905,148.2
69906,149.1
69907,148.7
69908,148.7
69909,149.0
69910,147.1
69911,147.3
69912,147.1
69913,144.9
69914,145.0
69915,145.7
69916,145.6
69917,144.5
69918,145.2
69919,144.6
69920,145.6
69921,148.5
69922,148.2
69923,146.3
69924,144.2
69925,144.9
69926,148.5
69927,149.5
69928,149.3
69929,149.0
69930,147.7
69931,145.7
69932,145.5
69933,146.6
69934,146.7
69935,146.3
69936,146.7
69937,146.4
69938,145.7
69939,145.8
69940,144.8
69941,146.8
69942,146.0
69943,147.0
69944,146.6
69945,144.0
69946,145.5
69947,146.3
69948,144.9
69949,144.6
69950,144.7
69951,145.1
69952,145.2
69953,146.5
69954,145.3
69955,145.4
69956,146.2
69957,145.2
69958,146.5
69959,144.9
69960,145.1
69961,147.5
69962,146.7
69963,146.2
69964,148.5
69965,146.1
69966,145.0
69967,148.3
69968,145.8
69969,143.9
69970,146.8
69971,147.6
69972,142.5
69973,141.3
69974,144.5
69975,145.7
69976,147.7
69977,147.7
69978,145.7
69979,143.2
69980,143.1
69981,145.2
69982,144.4
69983,144.5
69984,144.8
69985,146.4
69986,145.3
69987,143.7
69988,147.3
69989,146.6
69990,144.4
69991,146.5
69992,148.2
69993,145.1
69994,145.7
69995,149.1
69996,146.8
69997,144.1
69998,146.0
69999,147.1
70000,144.3
70001,143.2
70002,144.4
70003,145.8
70004,143.7
70005,142.6
70006,143.8
70007,144.8
70008,147.4
70009,149.5
70010,146.4
70011,145.3
70012,144.3
70013,144.4
70014,144.7
70015,144.8
70016,145.2
70017,144.8
70018,144.5
70019,146.4
70020,145.2
70021,146.6
70022,148.5
70023,147.5
70024,146.4
70025,144.5
70026,142.8
70027,144.5
70028,145.9
70029,146.2
70030,147.0
70031,145.0
70032,144.4
70033,145.8
70034,144.8
70035,142.2
70036,143.8
70037,147.7
70038,146.4
70039,143.4
70040,144.6
70041,143.8
70042,142.7
70043,143.2
70044,147.2
70045,146.9
70046,145.4
70047,145.9
70048,146.7
70049,144.4
70050,143.5
70051,145.2
70052,145.9
70053,144.6
70054,146.4
70055,148.3
70056,145.6
70057,144.6
70058,144.9
70059,143.3
70060,145.8
70061,146.9
70062,143.9
70063,143.8
70064,145.5
70065,148.1
70066,147.5
70067,143.9
70068,144.0
70069,145.9
70070,147.4
70071,145.3
70072,143.5
70073,145.2
70074,146.0
70075,144.3
70076,143.3
70077,144.0
70078,145.7
70079,145.7
70080,146.1
70081,146.9
70082,146.9
70083,145.3
70084,143.7
70085,142.4
70086,144.6
70087,146.6
70088,147.3
70089,149.5
70090,148.3
70091,144.4
70092,142.2
70093,142.7
70094,147.2
70095,145.4
70096,141.9
70097,144.0
70098,144.0
70099,143.8
70100,145.0
70101,146.5
70102,145.7
70103,144.2
70104,146.4
70105,147.2
70106,146.0
70107,145.6
70108,144.5
70109,147.2
70110,148.8
70111,148.0
70112,144.4
70113,140.4
70114,146.9
70115,146.4
70116,147.4
70117,146.9
70118,145.1
70119,145.6
70120,146.0
70121,145.8
70122,146.2
70123,147.0
70124,148.2
70125,146.1
70126,143.1
70127,144.2
70128,144.5
70129,146.3
70130,146.9
70131,144.5
70132,144.4
70133,146.2
70134,148.7
70135,146.4
70136,144.3
70137,146.3
70138,147.9
70139,145.1
70140,141.8
70141,141.4
70142,144.4
70143,145.6
70144,146.0
70145,148.5
70146,147.8
70147,147.2
70148,143.9
70149,146.2
70150,148.4
70151,148.9
70152,148.5
70153,147.0
70154,146.9
70155,148.2
70156,146.3
70157,144.0
70158,144.7
70159,144.6
70160,145.5
70161,147.4
70162,147.1
70163,147.2
70164,147.2
70165,145.2
70166,145.7
70167,146.3
70168,146.3
70169,147.1
70170,145.8
70171,147.1
70172,150.1
70173,146.8
70174,143.1
70175,143.8
70176,144.9
70177,146.0
70178,145.4
70179,144.6
70180,144.4
70181,143.4
70182,143.3
70183,144.9
70184,147.3
70185,147.2
70186,143.7
70187,142.0
70188,143.3
70189,144.7
70190,143.4
70191,144.6
70192,145.6
70193,145.1
70194,146.5
70195,147.7
70196,146.3
70197,144.3
70198,144.5
70199,145.7
70200,147.0
70201,146.6
70202,144.7
70203,143.4
70204,144.0
70205,144.1
70206,144.4
70207,144.7
70208,143.4
70209,144.5
70210,146.4
70211,146.0
70212,142.7
70213,141.8
70214,145.5
70215,145.7
70216,143.6
70217,138.6
70218,140.0
70219,141.7
70220,142.7
70221,144.7
70222,144.5
70223,144.4
70224,146.9
70225,146.7
70226,146.0
70227,146.5
70228,146.6
70229,147.9
70230,148.9
70231,145.5
70232,144.3
70233,146.2
70234,144.8
70235,144.3
70236,144.4
70237,143.7
70238,143.7
70239,143.0
70240,143.7
70241,144.7
70242,146.4
70243,145.6
70244,144.0
70245,146.7
70246,146.8
70247,145.8
70248,144.8
70249,144.7
70250,146.6
70251,147.0
70252,145.9
70253,144.2
70254,144.4
70255,148.0
70256,148.8
70257,145.7
70258,143.2
70259,140.6
70260,141.2
70261,143.1
70262,145.8
70263,146.0
70264,143.8
70265,145.7
70266,146.1
70267,145.1
70268,143.5
70269,142.2
70270,144.7
70271,144.1
70272,141.9
70273,143.7
70274,145.8
70275,146.5
70276,144.6
70277,143.6
70278,143.7
70279,143.7
70280,142.6
70281,142.9
70282,146.3
70283,145.4
70284,143.2
70285,143.2
70286,144.6
70287,144.5
70288,144.1
70289,144.7
70290,145.0
70291,144.8
70292,143.5
70293,142.9
70294,144.1
70295,143.0
70296,143.1
70297,145.5
70298,145.6
70299,143.4
70300,144.0
70301,144.9
70302,143.4
70303,144.3
70304,144.0
70305,144.8
70306,145.2
70307,142.2
70308,144.2
70309,145.2
70310,144.4
70311,144.5
70312,141.8
70313,141.5
70314,144.2
70315,142.3
70316,141.6
70317,146.4
70318,148.0
70319,146.9
70320,139.7
70321,142.3
70322,143.3
70323,143.3
70324,144.4
70325,143.4
70326,143.1
70327,143.0
70328,143.0
70329,144.4
70330,144.9
70331,144.9
70332,142.3
70333,142.3
70334,145.3
70335,145.3
70336,144.7
70337,145.3
70338,144.4
70339,143.7
70340,144.1
70341,144.2
70342,144.1
70343,144.1
70344,144.6
70345,144.5
70346,143.9
70347,143.0
70348,141.8
70349,141.7
70350,143.1
70351,141.8
70352,140.6
70353,141.1
70354,140.9
70355,140.9
70356,145.6
70357,143.0
70358,140.3
70359,144.2
70360,148.2
70361,146.7
70362,144.2
70363,143.4
70364,144.8
70365,143.8
70366,143.0
70367,142.4
70368,141.8
70369,143.0
70370,143.6
70371,144.7
70372,144.0
70373,144.6
70374,145.6
70375,145.3
70376,147.8
70377,148.2
70378,143.9
70379,144.2
70380,146.1
70381,143.9
70382,143.6
70383,142.7
70384,143.9
70385,146.0
70386,141.1
70387,139.7
70388,144.8
70389,147.4
70390,141.3
70391,142.3
70392,142.6
70393,145.8
70394,147.9
70395,144.1
70396,144.4
70397,146.7
70398,145.7
70399,145.0
70400,146.7
70401,145.4
70402,143.8
70403,143.9
70404,143.6
70405,145.3
70406,145.2
70407,144.2
70408,143.6
70409,142.2
70410,144.3
70411,147.3
70412,146.5
70413,145.5
70414,145.6
70415,145.5
70416,144.7
70417,144.1
70418,144.7
70419,144.9
70420,142.9
70421,142.5
70422,143.4
70423,143.3
70424,146.6
70425,145.7
70426,144.9
70427,145.4
70428,144.5
70429,144.1
70430,141.4
70431,140.6
70432,143.7
70433,145.9
70434,144.8
70435,141.9
70436,145.7
70437,146.7
70438,142.1
70439,142.3
70440,145.2
70441,142.3
70442,141.0
70443,144.4
70444,143.8
70445,140.7
70446,141.4
70447,145.8
70448,147.4
70449,144.8
70450,144.8
70451,143.5
70452,144.0
70453,147.3
70454,146.6
70455,144.8
70456,143.0
70457,141.9
70458,141.1
70459,143.2
70460,144.0
70461,144.0
70462,140.7
70463,141.8
70464,144.5
70465,143.3
70466,142.8
70467,142.6
70468,144.5
70469,145.1
70470,142.7
70471,141.3
70472,142.7
70473,145.4
70474,143.4
70475,143.0
70476,146.3
70477,146.8
70478,145.9
70479,144.5
70480,142.9
70481,144.2
70482,145.7
70483,145.3
70484,144.4
70485,144.0
70486,145.7
70487,145.9
70488,146.3
70489,145.4
70490,145.1
70491,145.4
70492,143.5
70493,145.2
70494,145.1
70495,143.3
70496,142.6
70497,145.3
70498,146.7
70499,144.8
70500,142.0
70501,142.5
70502,147.0
70503,148.4
70504,143.9
70505,141.9
70506,143.0
70507,145.4
70508,146.2
70509,143.5
70510,142.6
70511,143.3
70512,144.9
70513,144.0
70514,144.3
70515,145.0
70516,143.7
70517,144.0
70518,142.8
70519,143.1
70520,146.4
70521,145.4
70522,144.3
70523,145.9
70524,146.8
70525,146.5
70526,145.5
70527,144.0
70528,142.9
70529,143.0
70530,141.9
70531,142.3
70532,145.4
70533,145.6
70534,143.6
70535,144.3
70536,147.5
70537,145.9
70538,142.6
70539,144.2
70540,147.7
70541,146.9
70542,143.9
70543,143.8
70544,144.9
70545,144.8
70546,143.7
70547,140.8
70548,141.2
70549,145.3
70550,145.1
70551,144.0
70552,144.3
70553,144.0
70554,142.8
70555,141.8
70556,141.5
70557,142.5
70558,144.7
70559,145.8
70560,144.7
70561,142.5
70562,143.6
70563,145.1
70564,143.8
70565,141.7
70566,143.5
70567,142.5
70568,142.5
70569,144.2
70570,143.7
70571,142.7
70572,140.9
70573,141.9
70574,144.5
70575,145.0
70576,143.5
70577,142.5
70578,142.1
70579,142.5
70580,143.4
70581,144.5
70582,144.1
70583,142.3
70584,142.2
70585,141.1
70586,141.3
70587,143.5
70588,144.3
70589,144.6
70590,143.3
70591,143.5
70592,143.3
70593,142.6
70594,141.9
70595,140.1
70596,143.5
70597,144.1
70598,144.4
70599,143.1
70600,144.3
70601,146.1
70602,145.3
70603,143.1
70604,141.0
70605,142.5
70606,145.3
70607,143.6
70608,142.1
70609,144.0
70610,143.3
70611,139.7
70612,140.4
70613,143.1
70614,139.4
70615,138.7
70616,142.5
70617,142.5
70618,142.8
70619,144.0
70620,142.5
70621,144.2
70622,143.5
70623,141.8
70624,144.0
70625,140.4
70626,139.6
70627,141.1
70628,143.1
70629,143.8
70630,139.8
70631,139.8
70632,146.7
70633,143.7
70634,141.6
70635,140.8
70636,141.1
70637,141.7
70638,141.9
70639,144.3
70640,144.9
70641,145.2
70642,143.5
70643,141.5
70644,142.0
70645,141.3
70646,141.4
70647,142.9
70648,143.2
70649,145.6
70650,144.6
70651,141.5
70652,142.5
70653,142.3
70654,140.0
70655,141.0
70656,143.1
70657,142.6
70658,143.7
70659,145.1
70660,143.9
70661,143.2
70662,143.1
70663,143.3
70664,142.0
70665,140.1
70666,142.0
70667,139.9
70668,139.2
70669,141.3
70670,141.8
70671,141.9
70672,139.7
70673,139.0
70674,141.6
70675,141.0
70676,141.4
70677,142.2
70678,139.4
70679,139.8
70680,143.2
70681,143.0
70682,141.8
70683,143.4
70684,141.3
70685,139.0
70686,141.6
70687,141.8
70688,141.4
70689,140.6
70690,140.4
70691,142.5
70692,142.0
70693,139.7
70694,140.7
70695,143.3
70696,141.9
70697,140.3
70698,138.4
70699,136.1
70700,139.3
70701,139.3
70702,139.3
70703,139.3
70704,138.9
70705,138.9
70706,138.0
70707,135.6
70708,135.4
70709,136.6
70710,137.4
70711,137.1
70712,138.8
70713,139.2
70714,137.0
70715,137.0
70716,140.2
70717,140.5
70718,138.2
70719,140.5
70720,141.8
70721,139.9
70722,139.7
70723,138.2
70724,138.4
70725,141.0
70726,140.6
70727,138.9
70728,138.7
70729,140.9
70730,140.3
70731,139.2
70732,141.7
70733,141.8
70734,139.3
70735,140.4
70736,141.1
70737,142.7
70738,142.3
70739,139.2
70740,139.8
70741,141.9
70742,139.3
70743,139.8
70744,139.5
70745,138.4
70746,140.0
70747,139.4
70748,140.6
70749,140.7
70750,139.0
70751,140.2
70752,141.9
70753,140.3
70754,137.5
70755,137.0
70756,137.5
70757,138.1
70758,136.1
70759,136.3
70760,138.0
70761,135.8
70762,137.4
70763,138.4
70764,138.1
70765,138.7
70766,138.6
70767,137.3
70768,135.6
70769,135.7
70770,138.2
70771,140.2
70772,138.9
70773,138.1
70774,139.4
70775,138.8
70776,138.7
70777,139.7
70778,139.3
70779,139.0
70780,139.5
70781,137.9
70782,137.3
70783,137.7
70784,135.3
70785,138.2
70786,139.5
70787,136.9
70788,137.8
70789,137.7
70790,136.8
70791,139.6
70792,139.7
70793,138.5
70794,138.8
70795,138.0
70796,139.3
70797,140.5
70798,140.3
70799,138.6
70800,136.6
70801,136.0
70802,135.7
70803,136.1
70804,137.7
70805,137.6
70806,138.3
70807,137.9
70808,135.4
70809,137.2
70810,139.7
70811,138.7
70812,137.0
70813,135.8
70814,136.6
70815,140.1
70816,137.9
70817,135.8
70818,139.2
70819,141.7
70820,140.4
70821,141.4
70822,141.0
70823,136.1
70824,138.1
70825,140.8
70826,139.1
70827,137.7
70828,139.2
70829,140.0
70830,137.7
70831,136.6
70832,137.9
70833,138.1
70834,139.6
70835,139.4
70836,136.8
70837,137.2
70838,139.0
70839,139.0
70840,140.2
70841,141.1
70842,140.6
70843,141.0
70844,140.3
70845,138.7
70846,138.9
70847,138.9
70848,138.5
70849,140.7
70850,141.1
70851,139.3
70852,137.5
70853,138.4
70854,139.7
70855,139.9
70856,139.9
70857,139.0
70858,140.0
70859,138.5
70860,137.6
70861,138.4
70862,137.2
70863,137.0
70864,137.6
70865,137.7
70866,138.6
70867,139.0
70868,138.7
70869,136.8
70870,137.2
70871,139.7
70872,140.0
70873,140.0
70874,138.2
70875,137.9
70876,139.5
70877,138.0
70878,138.3
70879,139.1
70880,135.5
70881,135.5
70882,136.9
70883,136.2
70884,136.2
70885,137.0
70886,138.3
70887,139.0
70888,139.7
70889,141.1
70890,141.1
70891,139.4
70892,138.0
70893,135.0
70894,133.3
70895,134.8
70896,138.2
70897,140.1
70898,138.0
70899,136.8
70900,136.7
70901,136.6
70902,136.0
70903,137.9
70904,137.2
70905,133.4
70906,139.7
70907,139.7
70908,134.9
70909,137.1
70910,138.2
70911,136.8
70912,134.4
70913,134.9
70914,138.0
70915,134.8
70916,136.1
70917,138.9
70918,137.5
70919,138.3
70920,137.7
70921,137.1
70922,138.7
70923,137.3
70924,135.1
70925,133.8
70926,135.2
70927,136.8
70928,137.0
70929,138.1
70930,137.2
70931,136.2
70932,135.1
70933,136.7
70934,137.8
70935,137.4
70936,136.6
70937,135.0
70938,136.3
70939,136.9
70940,134.0
70941,132.7
70942,137.4
70943,135.7
70944,134.0
70945,134.7
70946,136.4
70947,138.3
70948,136.6
70949,134.1
70950,135.7
70951,136.9
70952,135.1
70953,136.9
70954,140.0
70955,138.3
70956,136.6
70957,139.0
70958,139.0
70959,136.3
70960,136.9
70961,133.6
