NETCARE2015/data/raw/Flight4/CO_POLAR6_20150408_R1_L2_NETCARE.ict
34, 1001
Bozem, Heiko; Hoor, Peter
Institute for Atmospheric Physics, Johannes Gutenberg University, Mainz, Germany
CO mixing ratio from AL5002 CO analyzer
NETCARE Polar 6 Campaign 2015
1, 1
2015, 04, 08, 2015, 08, 15
1
Time_UTC, seconds
1
1
-9999.9
CO_ppbv, ppbv
0
19
PI_CONTACT_INFO: Address: Johann-Joachim-Becherweg 21, 55128 Mainz, email: bozemh@uni-mainz.de; hoor@uni-mainz.de
PLATFORM: Polar 6
LOCATION: GPS location and altitude available at 1 Hz resolution in separate file (See AIMMS files under Aircraft data and meteorology)
ASSOCIATED_DATA: N/A
INSTRUMENT_INFO: CO measurements based on the fluorescence of CO in the VUV at 150 nm
DATA_INFO: Units are ppbv
UNCERTAINTY RELATIVE TO STANDARD: 2.3 ppbv at 1 sigma confidence (before drift correction is applied)
ULOD_FLAG: -7777
ULOD_VALUE: N/A
LLOD_FLAG: -8888
LLOD_VALUE: 1.5 
DM_CONTACT_INFO: N/A
PROJECT_INFO: NETCARE Polar 6 aircraft campaign in April 2015; Alert
STIPULATIONS_ON_USE: N/A
OTHER_COMMENTS: N/A
REVISION: R1
R0: Preliminary data, corrected for instrument drift
R1: Final data, corrected for instrument drift
Time_UTC,CO_ppbv
[from data line 3954]
68338,161.8
68339,157.4
68340,156.2
68341,157.3
68342,156.5
68343,158.4
68344,161.7
68345,160.8
68346,159.6
68347,158.4
68348,156.7
68349,160.4
68350,161.8
68351,160.2
68352,160.5
68353,160.0
68354,152.7
68355,155.5
68356,157.2
68357,155.1
68358,153.7
68359,155.8
68360,158.9
68361,157.6
68362,155.8
68363,153.3
68364,153.8
68365,157.0
68366,155.6
68367,154.1
68368,154.2
68369,154.0
68370,153.8
68371,153.6
68372,154.2
68373,159.3
68374,157.8
68375,152.9
68376,154.5
68377,154.6
68378,153.2
68379,154.0
68380,154.6
68381,153.9
68382,155.2
68383,155.9
68384,157.5
68385,158.0
68386,155.2
68387,153.9
68388,156.0
68389,154.5
68390,154.8
68391,157.1
68392,156.6
68393,153.6
68394,153.6
68395,155.5
68396,156.1
68397,157.3
68398,154.3
68399,152.4
68400,156.0
68401,156.8
68402,153.6
68403,154.8
68404,155.9
68405,155.5
68406,157.3
68407,155.9
68408,155.4
68409,156.6
68410,156.3
68411,153.9
68412,152.1
68413,155.6
68414,156.4
68415,153.1
68416,151.7
68417,151.4
68418,151.6
68419,151.6
68420,149.8
68421,147.4
68422,143.7
68423,143.7
68424,149.2
68425,144.0
68426,142.4
68427,142.8
68428,140.3
68429,141.3
68430,138.8
68431,137.4
68432,137.2
68433,138.1
68434,-9999.9
68435,-9999.9
68436,-9999.9
68437,-9999.9
68438,-9999.9
68439,-9999.9
68440,-9999.9
68441,-9999.9
68442,-9999.9
68443,-9999.9
68444,-9999.9
68445,-9999.9
68446,-9999.9
68447,-9999.9
68448,-9999.9
68449,-9999.9
68450,-9999.9
68451,-9999.9
68452,-9999.9
68453,-9999.9
68454,-9999.9
68455,-9999.9
68456,-9999.9
68457,-9999.9
68458,-9999.9
68459,-9999.9
68460,-9999.9
68461,-9999.9
68462,-9999.9
68463,-9999.9
68464,-9999.9
68465,-9999.9
68466,-9999.9
68467,-9999.9
68468,-9999.9
68469,-9999.9
68470,-9999.9
68471,-9999.9
68472,-9999.9
68473,-9999.9
68474,-9999.9
68475,-9999.9
68476,-9999.9
68477,-9999.9
68478,-9999.9
68479,-9999.9
68480,-9999.9
68481,-9999.9
68482,-9999.9
68483,-9999.9
68484,-9999.9
68485,-9999.9
68486,-9999.9
68487,-9999.9
68488,-9999.9
68489,-9999.9
68490,-9999.9
68491,-9999.9
68492,-9999.9
68493,-9999.9
68494,-9999.9
68495,-9999.9
68496,-9999.9
68497,-9999.9
68498,-9999.9
68499,-9999.9
68500,-9999.9
68501,-9999.9
68502,-9999.9
68503,-9999.9
68504,-9999.9
68505,-9999.9
68506,-9999.9
68507,-9999.9
68508,-9999.9
68509,-9999.9
68510,-9999.9
68511,-9999.9
68512,-9999.9
68513,-9999.9
68514,-9999.9
68515,-9999.9
68516,-9999.9
68517,-9999.9
68518,-9999.9
68519,-9999.9
68520,-9999.9
68521,-9999.9
68522,-9999.9
68523,-9999.9
68524,-9999.9
68525,-9999.9
68526,-9999.9
68527,-9999.9
68528,-9999.9
68529,-9999.9
68530,-9999.9
68531,-9999.9
68532,-9999.9
68533,-9999.9
68534,-9999.9
68535,-9999.9
68536,-9999.9
68537,-9999.9
68538,-9999.9
68539,-9999.9
68540,-9999.9
68541,-9999.9
68542,-9999.9
68543,-9999.9
68544,-9999.9
68545,-9999.9
68546,-9999.9
68547,-9999.9
68548,-9999.9
68549,-9999.9
68550,-9999.9
68551,-9999.9
68552,-9999.9
68553,-9999.9
68554,-9999.9
68555,-9999.9
68556,-9999.9
68557,-9999.9
68558,-9999.9
68559,136.4
68560,136.2
68561,138.5
68562,139.2
68563,139.4
68564,139.0
68565,140.4
68566,138.8
68567,137.5
68568,137.7
68569,138.6
68570,139.5
68571,137.7
68572,136.8
68573,138.5
68574,141.1
68575,140.2
68576,139.2
68577,139.5
68578,136.5
68579,136.0
68580,138.0
68581,137.9
68582,139.4
68583,139.9
68584,139.7
68585,140.6
68586,140.7
68587,140.3
68588,139.1
68589,138.5
68590,140.6
68591,140.0
68592,136.8
68593,136.2
68594,137.0
68595,141.0
68596,138.7
68597,135.9
68598,135.8
68599,139.0
68600,139.6
68601,136.6
68602,137.8
68603,140.1
68604,139.9
68605,140.1
68606,140.0
68607,141.4
68608,142.3
68609,140.9
68610,137.9
68611,138.0
68612,140.8
68613,140.8
68614,140.0
68615,140.0
68616,141.6
68617,140.8
68618,139.4
68619,141.4
68620,140.0
68621,139.8
68622,142.2
68623,140.7
68624,140.8
68625,141.0
68626,140.8
68627,140.4
68628,139.9
68629,140.1
68630,143.9
68631,141.7
68632,139.5
68633,140.6
68634,140.3
68635,138.9
68636,141.0
68637,143.9
68638,141.9
68639,141.3
68640,142.6
68641,140.5
68642,140.3
68643,141.1
68644,140.8
68645,139.0
68646,137.1
68647,139.5
68648,140.5
68649,140.2
68650,143.3
68651,142.2
68652,141.7
68653,143.6
68654,143.4
68655,144.8
68656,144.7
68657,144.3
68658,143.8
68659,141.0
68660,139.9
68661,140.6
68662,141.8
68663,142.9
68664,143.2
68665,142.3
68666,142.0
68667,142.4
68668,140.1
68669,141.4
68670,143.3
68671,142.0
68672,142.9
68673,144.4
68674,143.9
68675,138.7
68676,138.2
68677,142.8
68678,142.0
68679,140.6
68680,140.8
68681,141.4
68682,142.0
68683,141.7
68684,140.1
68685,140.2
68686,140.9
68687,141.6
68688,143.9
68689,142.6
68690,140.8
68691,141.8
68692,142.1
68693,143.2
68694,143.7
68695,144.1
68696,145.6
68697,145.1
68698,145.4
68699,145.4
68700,144.8
68701,142.1
68702,142.6
68703,143.8
68704,144.2
68705,145.4
68706,146.4
68707,146.1
68708,144.3
68709,143.7
68710,143.1
68711,143.2
68712,144.3
68713,145.9
68714,144.8
68715,144.6
68716,143.6
68717,142.0
68718,143.8
68719,144.0
68720,144.0
68721,145.6
68722,145.0
68723,143.9
68724,144.9
68725,145.6
68726,144.2
68727,142.6
68728,141.6
68729,142.5
68730,145.4
68731,144.0
68732,140.5
68733,139.6
68734,141.7
68735,143.5
68736,143.1
68737,141.3
68738,141.0
68739,143.0
68740,143.5
68741,142.6
68742,142.6
68743,142.6
68744,143.4
68745,143.9
68746,142.9
68747,140.8
68748,143.2
68749,144.9
68750,141.3
68751,142.0
68752,144.6
68753,144.9
68754,142.8
68755,139.6
68756,141.3
68757,141.5
68758,140.7
68759,143.7
68760,143.7
68761,142.9
68762,144.0
68763,142.7
68764,143.2
68765,144.1
68766,144.1
68767,144.1
68768,143.4
68769,141.5
68770,142.5
68771,144.4
68772,144.1
68773,144.5
68774,144.1
68775,141.7
68776,140.6
68777,141.5
68778,142.2
68779,143.3
68780,143.6
68781,143.7
68782,142.5
68783,140.4
68784,141.2
68785,142.5
68786,141.8
68787,141.2
68788,140.5
68789,141.0
68790,141.4
68791,141.8
68792,142.6
68793,141.6
68794,143.9
68795,145.6
68796,144.1
68797,146.0
68798,145.7
68799,143.5
68800,144.2
68801,146.2
68802,147.5
68803,140.0
68804,140.8
68805,140.3
68806,143.9
68807,146.0
68808,142.9
68809,143.3
68810,144.5
68811,142.2
68812,140.6
68813,142.2
68814,145.1
68815,144.4
68816,142.7
68817,145.4
68818,144.0
68819,142.0
68820,140.6
68821,139.7
68822,141.5
68823,142.6
68824,142.9
68825,141.8
68826,141.5
68827,142.3
68828,144.1
68829,144.5
68830,142.1
68831,143.7
68832,144.0
68833,142.7
68834,143.7
68835,144.9
68836,146.7
68837,146.5
68838,145.2
68839,145.5
68840,144.8
68841,142.3
68842,143.8
68843,144.9
68844,145.9
68845,144.8
68846,144.1
68847,145.7
68848,144.2
68849,142.2
68850,141.7
68851,143.9
68852,146.3
68853,145.3
68854,142.7
68855,141.6
68856,144.8
68857,144.4
68858,142.2
68859,144.0
68860,145.3
68861,144.9
68862,145.3
68863,146.5
68864,145.7
68865,145.2
68866,144.4
68867,143.6
68868,143.6
68869,144.4
68870,144.6
68871,144.4
68872,146.1
68873,146.6
68874,144.1
68875,144.3
68876,144.6
68877,143.6
68878,144.2
68879,144.5
68880,144.0
68881,146.6
68882,148.1
68883,146.8
68884,144.1
68885,143.7
68886,143.7
68887,142.6
68888,142.8
68889,143.1
68890,145.2
68891,143.3
68892,143.9
68893,145.6
68894,144.2
68895,144.2
68896,146.0
68897,146.9
68898,145.5
68899,143.2
68900,142.3
68901,143.7
68902,143.9
68903,144.6
68904,145.1
68905,144.6
68906,142.6
68907,142.0
68908,144.2
68909,145.9
68910,143.2
68911,143.3
68912,147.2
68913,146.6
68914,142.5
68915,141.1
68916,143.6
68917,144.4
68918,145.0
68919,146.0
68920,143.8
68921,143.1
68922,144.5
68923,145.7
68924,145.1
68925,145.9
68926,144.7
68927,142.1
68928,143.6
68929,143.8
68930,143.3
68931,144.8
68932,146.9
68933,146.1
68934,144.8
68935,144.5
68936,143.2
68937,144.8
68938,146.4
68939,146.8
68940,146.9
68941,147.2
68942,145.7
68943,142.9
68944,142.7
68945,141.5
68946,142.8
68947,146.3
68948,145.0
68949,147.1
68950,147.7
68951,146.1
68952,146.0
68953,144.5
68954,142.9
68955,142.3
68956,144.9
68957,145.3
68958,144.5
68959,143.7
68960,143.7
68961,144.9
68962,144.2
68963,143.2
68964,144.8
68965,147.6
68966,149.7
68967,147.9
68968,144.4
68969,145.9
68970,146.7
68971,146.2
68972,146.5
68973,146.7
68974,142.9
68975,142.9
68976,146.2
68977,144.7
68978,145.1
68979,145.8
68980,143.3
68981,142.6
68982,144.6
68983,146.9
68984,147.2
68985,145.5
68986,144.7
68987,144.8
68988,145.8
68989,145.1
68990,145.4
68991,147.6
68992,146.3
68993,144.5
68994,146.6
68995,146.8
68996,143.0
68997,144.7
68998,146.1
68999,143.4
69000,144.3
69001,145.6
69002,146.0
69003,146.6
69004,146.4
69005,147.1
69006,147.3
69007,146.5
69008,144.6
69009,143.5
69010,151.7
69011,148.4
69012,145.8
69013,144.8
69014,145.1
69015,148.0
69016,148.2
69017,144.4
69018,143.5
69019,146.9
69020,145.4
69021,145.8
69022,149.8
69023,147.1
69024,144.9
69025,144.4
69026,144.9
69027,144.2
69028,144.3
69029,147.4
69030,147.3
69031,146.3
69032,144.1
69033,144.3
69034,146.4
69035,146.0
69036,146.6
69037,144.5
69038,144.2
69039,145.0
69040,143.6
69041,145.6
69042,145.8
69043,144.8
69044,146.4
69045,145.6
69046,146.0
69047,143.4
69048,143.4
69049,146.7
69050,146.3
69051,144.7
69052,143.4
69053,144.8
69054,146.2
69055,148.2
69056,145.0
69057,143.4
69058,145.1
69059,143.5
69060,146.0
69061,144.7
69062,143.3
69063,145.0
69064,142.2
69065,143.5
69066,146.2
69067,145.5
69068,146.2
69069,147.2
69070,146.5
69071,146.0
69072,144.9
69073,146.1
69074,146.1
69075,145.4
69076,144.5
69077,144.8
69078,147.7
69079,149.7
69080,149.7
69081,147.7
69082,145.3
69083,147.0
69084,150.0
69085,148.3
69086,146.0
69087,145.5
69088,145.9
69089,144.6
69090,143.2
69091,144.0
69092,145.0
69093,146.8
69094,146.0
69095,147.2
69096,147.7
69097,146.2
69098,147.1
69099,143.9
69100,143.2
69101,145.9
69102,146.2
69103,146.0
69104,144.8
69105,145.6
69106,147.8
69107,148.0
69108,146.8
69109,145.3
69110,144.6
69111,144.4
69112,143.3
69113,142.8
69114,146.0
69115,148.9
69116,145.5
69117,144.3
69118,146.6
69119,146.6
69120,145.6
69121,146.5
69122,148.2
69123,146.7
69124,144.5
69125,145.8
69126,145.5
69127,143.4
69128,145.6
69129,145.9
69130,145.6
69131,146.2
69132,146.5
69133,146.9
69134,145.1
69135,145.0
69136,142.1
69137,138.7
69138,142.3
69139,146.1
69140,146.1
69141,145.7
69142,145.0
69143,144.8
69144,144.0
69145,145.1
69146,147.5
69147,146.0
69148,147.7
69149,146.0
69150,142.7
69151,144.6
69152,146.7
69153,146.8
69154,146.9
69155,147.5
69156,145.4
69157,143.4
69158,145.7
69159,149.7
69160,147.0
69161,144.6
69162,146.4
69163,146.0
69164,146.7
69165,144.3
69166,141.5
69167,143.9
69168,146.0
69169,146.6
69170,146.0
69171,146.5
69172,147.7
69173,145.6
69174,145.0
69175,145.6
69176,145.1
69177,147.4
69178,146.5
69179,143.3
69180,145.4
69181,147.5
69182,146.7
69183,147.0
69184,145.1
69185,144.9
69186,146.9
69187,146.0
69188,146.0
69189,149.1
69190,146.5
69191,142.1
69192,144.5
69193,147.5
69194,148.2
69195,146.4
69196,145.1
69197,145.2
69198,145.8
69199,147.3
69200,147.4
69201,147.9
69202,146.7
69203,145.1
69204,146.6
69205,145.7
69206,144.7
69207,147.5
69208,148.3
69209,143.9
69210,145.3
69211,147.8
69212,144.5
69213,144.9
69214,145.6
69215,144.9
69216,149.5
69217,148.5
69218,145.5
69219,142.5
69220,141.6
69221,143.8
69222,145.8
69223,145.6
69224,145.5
69225,145.8
69226,146.9
69227,148.1
69228,147.0
69229,148.9
69230,149.4
69231,146.4
69232,146.9
69233,146.0
69234,145.1
69235,145.0
69236,145.2
69237,147.3
69238,146.6
69239,146.6
69240,145.7
69241,144.1
69242,144.1
69243,146.3
69244,148.8
69245,146.4
69246,145.1
69247,147.8
69248,150.3
69249,150.8
69250,147.5
69251,147.5
69252,150.2
69253,149.5
69254,148.3
69255,146.7
69256,146.7
69257,145.3
69258,144.3
69259,147.7
69260,147.8
69261,144.2
69262,143.5
69263,145.0
69264,146.2
69265,149.0
69266,148.8
69267,146.7
69268,146.3
69269,146.3
69270,148.1
69271,148.6
69272,146.5
69273,145.9
69274,145.6
69275,146.7
69276,148.2
69277,147.5
69278,147.0
69279,147.7
69280,147.9
69281,146.6
69282,146.5
69283,146.3
69284,145.2
69285,144.6
69286,149.7
69287,147.6
69288,146.4
69289,148.3
69290,149.1
69291,149.7
69292,148.7
69293,146.6
69294,145.5
69295,146.8
69296,149.0
69297,148.3
69298,146.4
69299,145.7
69300,147.6
69301,147.5
69302,146.8
69303,146.0
69304,146.2
69305,147.2
69306,146.9
69307,147.1
69308,149.4
69309,147.9
69310,144.5
69311,145.4
69312,144.0
69313,144.0
69314,147.3
69315,147.9
69316,148.4
69317,148.5
69318,146.4
69319,145.7
69320,142.3
69321,144.9
69322,146.6
69323,146.7
69324,147.5
69325,147.7
69326,148.5
69327,146.8
69328,144.1
69329,147.5
69330,148.3
69331,146.8
69332,147.7
69333,145.9
69334,146.4
69335,151.2
69336,150.1
69337,147.4
69338,146.5
69339,143.6
69340,144.7
69341,-9999.9
69342,-9999.9
69343,-9999.9
69344,-9999.9
69345,-9999.9
69346,-9999.9
69347,-9999.9
69348,-9999.9
69349,-9999.9
69350,-9999.9
69351,-9999.9
69352,-9999.9
69353,-9999.9
69354,-9999.9
69355,-9999.9
69356,-9999.9
69357,-9999.9
69358,-9999.9
69359,-9999.9
69360,-9999.9
69361,-9999.9
69362,-9999.9
69363,-9999.9
69364,-9999.9
69365,-9999.9
69366,-9999.9
69367,-9999.9
69368,-9999.9
69369,-9999.9
69370,-9999.9
69371,-9999.9
69372,-9999.9
69373,-9999.9
69374,-9999.9
69375,-9999.9
69376,-9999.9
69377,-9999.9
69378,-9999.9
69379,-9999.9
69380,-9999.9
69381,-9999.9
69382,-9999.9
69383,-9999.9
69384,-9999.9
69385,-9999.9
69386,-9999.9
69387,-9999.9
69388,-9999.9
69389,-9999.9
69390,-9999.9
69391,-9999.9
69392,-9999.9
69393,-9999.9
69394,-9999.9
69395,-9999.9
69396,-9999.9
69397,-9999.9
69398,-9999.9
69399,-9999.9
69400,-9999.9
69401,-9999.9
69402,-9999.9
69403,-9999.9
69404,-9999.9
69405,-9999.9
69406,-9999.9
69407,-9999.9
69408,-9999.9
69409,-9999.9
69410,-9999.9
69411,-9999.9
69412,-9999.9
69413,-9999.9
69414,-9999.9
69415,-9999.9
69416,-9999.9
69417,-9999.9
69418,-9999.9
69419,-9999.9
69420,-9999.9
69421,-9999.9
69422,-9999.9
69423,-9999.9
69424,-9999.9
69425,-9999.9
69426,-9999.9
69427,-9999.9
69428,-9999.9
69429,-9999.9
69430,-9999.9
69431,-9999.9
69432,-9999.9
69433,-9999.9
69434,-9999.9
69435,-9999.9
69436,-9999.9
69437,-9999.9
69438,-9999.9
69439,-9999.9
69440,-9999.9
69441,-9999.9
69442,-9999.9
69443,-9999.9
69444,-9999.9
69445,-9999.9
69446,-9999.9
69447,-9999.9
69448,-9999.9
69449,-9999.9
69450,-9999.9
69451,-9999.9
69452,-9999.9
69453,-9999.9
69454,-9999.9
69455,-9999.9
69456,-9999.9
69457,-9999.9
69458,-9999.9
69459,-9999.9
69460,-9999.9
69461,-9999.9
69462,-9999.9
69463,-9999.9
69464,-9999.9
69465,-9999.9
69466,-9999.9
69467,144.9
69468,147.1
69469,149.1
69470,147.3
69471,148.0
69472,148.6
69473,148.2
69474,148.2
69475,146.0
69476,147.8
69477,149.8
69478,147.9
69479,146.9
69480,146.2
69481,147.8
69482,147.2
69483,145.9
69484,144.7
69485,143.8
69486,146.7
69487,148.8
69488,148.3
69489,147.1
69490,146.9
69491,147.1
69492,144.9
69493,145.1
69494,145.6
69495,148.0
69496,148.8
69497,146.8
69498,147.3
69499,148.6
69500,149.2
69501,150.3
69502,147.1
69503,144.9
69504,146.8
69505,147.3
69506,148.6
69507,147.0
69508,147.1
69509,150.1
69510,144.9
69511,143.5
69512,147.6
69513,146.0
69514,145.3
69515,146.0
69516,146.3
69517,145.9
69518,146.1
69519,147.9
69520,146.0
69521,146.0
69522,148.8
69523,148.0
69524,145.1
69525,142.8
69526,146.9
69527,146.9
69528,151.2
69529,149.7
69530,147.2
69531,144.6
69532,146.8
69533,147.6
69534,146.9
69535,147.4
69536,145.6
69537,146.2
69538,146.4
69539,145.9
69540,146.4
69541,146.8
69542,144.0
69543,145.6
69544,150.3
69545,149.9
69546,150.1
69547,146.1
69548,146.6
69549,149.2
69550,149.4
69551,150.2
69552,148.1
69553,149.4
69554,147.8
69555,146.4
69556,144.7
69557,144.7
69558,149.8
69559,148.1
69560,147.4
69561,150.5
69562,143.8
69563,148.5
69564,149.5
69565,147.4
69566,146.7
69567,145.8
69568,149.0
69569,148.2
69570,148.7
69571,150.3
69572,146.3
69573,144.0
69574,147.5
69575,147.3
69576,147.4
69577,149.1
69578,148.0
69579,148.1
69580,146.4
69581,148.4
69582,148.9
69583,144.8
69584,145.8
69585,148.5
69586,146.9
69587,146.2
69588,147.0
69589,145.7
69590,144.6
69591,144.5
69592,146.0
69593,146.4
69594,146.8
69595,147.8
69596,148.8
69597,149.3
69598,147.8
69599,146.2
69600,145.5
69601,144.1
69602,145.9
69603,147.9
69604,147.6
69605,145.0
69606,145.4
69607,146.3
69608,145.6
69609,146.4
69610,148.1
69611,148.3
69612,148.4
69613,146.6
69614,145.2
69615,146.4
69616,146.3
69617,149.4
69618,149.2
69619,145.5
69620,145.1
69621,147.0
69622,146.8
69623,144.8
69624,146.1
69625,146.2
69626,145.7
69627,147.6
69628,146.9
