NETCARE2015/data/raw/Flight4/CO_POLAR6_20150408_R1_L2_NETCARE.ict
34, 1001
Bozem, Heiko; Hoor, Peter
Institute for Atmospheric Physics, Johannes Gutenberg University, Mainz, Germany
CO mixing ratio from AL5002 CO analyzer
NETCARE Polar 6 Campaign 2015
1, 1
2015, 04, 08, 2015, 08, 15
1
Time_UTC, seconds
1
1
-9999.9
CO_ppbv, ppbv
0
19
PI_CONTACT_INFO: Address: Johann-Joachim-Becherweg 21, 55128 Mainz, email: bozemh@uni-mainz.de; hoor@uni-mainz.de
PLATFORM: Polar 6
LOCATION: GPS location and altitude available at 1 Hz resolution in separate file (See AIMMS files under Aircraft data and meteorology)
ASSOCIATED_DATA: N/A
INSTRUMENT_INFO: CO measurements based on the fluorescence of CO in the VUV at 150 nm
DATA_INFO: Units are ppbv
UNCERTAINTY RELATIVE TO STANDARD: 2.3 ppbv at 1 sigma confidence (before drift correction is applied)
ULOD_FLAG: -7777
ULOD_VALUE: N/A
LLOD_FLAG: -8888
LLOD_VALUE: 1.5 
DM_CONTACT_INFO: N/A
PROJECT_INFO: NETCARE Polar 6 aircraft campaign in April 2015; Alert
STIPULATIONS_ON_USE: N/A
OTHER_COMMENTS: N/A
REVISION: R1
R0: Preliminary data, corrected for instrument drift
R1: Final data, corrected for instrument drift
Time_UTC,CO_ppbv
[from data line 10515]
74899,151.1
74900,150.5
74901,149.9
74902,149.3
74903,152.2
74904,155.4
74905,154.7
74906,151.8
74907,152.5
74908,155.0
74909,152.2
74910,153.3
74911,154.4
74912,156.3
74913,154.2
74914,150.8
74915,152.8
74916,153.7
74917,154.9
74918,153.8
74919,149.8
74920,149.8
74921,151.3
74922,153.6
74923,154.6
74924,153.3
74925,151.8
74926,151.3
74927,153.8
74928,152.3
74929,149.4
74930,151.4
74931,153.6
74932,155.3
74933,155.1
74934,154.7
74935,155.6
74936,153.5
74937,151.7
74938,151.4
74939,152.5
74940,152.3
74941,152.3
74942,154.5
74943,153.9
74944,152.4
74945,150.6
74946,150.5
74947,150.6
74948,152.1
74949,152.0
74950,152.0
74951,154.0
74952,154.4
74953,153.2
74954,152.1
74955,150.5
74956,149.8
74957,152.2
74958,154.0
74959,153.7
74960,154.1
74961,153.5
74962,150.3
74963,150.0
74964,152.1
74965,150.2
74966,149.4
74967,153.2
74968,157.1
74969,154.2
74970,150.6
74971,154.7
74972,155.3
74973,149.9
74974,149.3
74975,152.5
74976,153.9
74977,154.4
74978,148.5
74979,150.5
74980,153.7
74981,153.2
74982,153.1
74983,154.0
74984,154.5
74985,153.9
74986,153.2
74987,153.0
74988,151.9
74989,154.0
74990,155.7
74991,155.3
74992,154.2
74993,154.2
74994,154.5
74995,154.9
74996,156.1
74997,156.7
74998,156.7
74999,154.8
75000,153.9
75001,153.1
75002,153.6
75003,155.2
75004,154.3
75005,153.8
75006,154.0
75007,155.2
75008,158.4
75009,160.0
75010,154.7
75011,150.3
75012,159.4
75013,157.1
75014,156.2
75015,155.7
75016,156.2
75017,157.8
75018,158.9
75019,158.9
75020,157.3
75021,157.7
75022,157.6
75023,157.2
75024,156.8
75025,155.3
75026,155.4
75027,154.1
75028,154.7
75029,159.2
75030,158.4
75031,157.8
75032,157.3
75033,155.1
75034,156.4
75035,157.1
75036,155.0
75037,154.5
75038,154.3
75039,155.1
75040,156.3
75041,157.2
75042,156.1
75043,155.0
75044,152.7
75045,149.3
75046,156.4
75047,155.5
75048,154.6
75049,156.5
75050,156.9
75051,154.8
75052,154.5
75053,153.9
75054,152.4
75055,152.4
75056,153.4
75057,156.5
75058,157.5
75059,155.2
75060,153.6
75061,153.3
75062,155.9
75063,155.9
75064,153.3
75065,153.3
75066,154.3
75067,154.8
75068,154.6
75069,153.7
75070,151.5
75071,150.5
75072,155.2
75073,158.4
75074,156.5
75075,155.3
75076,154.8
75077,154.8
75078,154.8
75079,152.1
75080,152.0
75081,153.4
75082,157.8
75083,154.4
75084,154.3
75085,156.4
75086,154.3
75087,152.9
75088,153.4
75089,151.7
75090,152.7
75091,155.0
75092,153.1
75093,155.0
75094,155.6
75095,155.8
75096,156.6
75097,156.3
75098,156.0
75099,154.4
75100,152.4
75101,153.6
75102,154.4
75103,155.0
75104,152.1
75105,153.4
75106,156.6
75107,154.2
75108,155.0
75109,156.5
75110,156.8
75111,154.7
75112,152.1
75113,152.8
75114,154.7
75115,154.4
75116,155.9
75117,156.1
75118,157.3
75119,155.3
75120,154.9
75121,157.3
75122,158.0
75123,157.3
75124,155.5
75125,155.5
75126,157.0
75127,157.5
75128,155.1
75129,155.0
75130,156.7
75131,157.9
75132,155.9
75133,155.1
75134,155.9
75135,153.6
75136,153.3
75137,154.4
75138,155.9
75139,157.9
75140,155.4
75141,153.6
75142,155.5
75143,155.1
75144,155.9
75145,155.4
75146,155.6
75147,157.5
75148,155.2
75149,153.9
75150,154.4
75151,156.3
75152,156.2
75153,154.6
75154,155.7
75155,157.3
75156,155.4
75157,155.4
75158,155.7
75159,155.7
75160,156.8
75161,155.4
75162,156.3
75163,156.6
75164,156.3
75165,156.8
75166,156.9
75167,157.8
75168,157.8
75169,158.1
75170,155.9
75171,152.5
75172,156.0
75173,158.6
75174,155.4
75175,156.8
75176,158.2
75177,156.2
75178,154.0
75179,154.3
75180,157.8
75181,154.6
75182,151.7
75183,153.1
75184,152.3
75185,154.6
75186,152.6
75187,153.5
75188,158.3
75189,154.0
75190,150.4
75191,154.4
75192,153.9
75193,152.6
75194,152.7
75195,152.2
75196,153.6
75197,152.1
75198,148.5
75199,148.4
75200,149.1
75201,150.3
75202,152.8
75203,153.2
75204,149.8
75205,149.1
75206,150.8
75207,151.0
75208,151.9
75209,153.2
75210,151.5
75211,151.4
75212,152.9
75213,151.4
75214,148.6
75215,148.7
75216,149.0
75217,149.1
75218,151.4
75219,148.8
75220,148.5
75221,147.8
75222,148.4
75223,147.4
75224,147.5
75225,147.9
75226,145.6
75227,145.4
75228,145.4
75229,145.2
75230,147.5
75231,147.5
75232,144.8
75233,147.7
75234,149.6
75235,149.5
75236,149.8
75237,148.3
75238,150.7
75239,152.2
75240,148.6
75241,146.1
75242,145.7
75243,146.1
75244,148.5
75245,148.9
75246,147.3
75247,149.7
75248,151.5
75249,149.6
75250,147.9
75251,149.0
75252,148.2
75253,145.6
75254,144.4
75255,146.7
75256,149.1
75257,149.7
75258,148.3
75259,149.8
75260,151.1
75261,149.9
75262,151.5
75263,149.7
75264,148.5
75265,147.9
75266,145.7
75267,146.7
75268,148.8
75269,148.0
75270,150.3
75271,153.7
75272,150.9
75273,148.6
75274,146.9
75275,148.1
75276,147.4
75277,143.8
75278,145.4
75279,147.7
75280,148.2
75281,148.4
75282,147.8
75283,145.2
75284,144.5
75285,143.2
75286,144.1
75287,147.2
75288,147.1
75289,145.7
75290,143.7
75291,143.1
75292,145.1
75293,148.2
75294,147.1
75295,146.0
75296,145.0
75297,142.1
75298,142.2
75299,141.3
75300,141.8
75301,147.0
75302,148.3
75303,145.9
75304,145.8
75305,146.3
75306,146.7
75307,146.7
75308,144.0
75309,141.0
75310,142.9
75311,144.7
75312,143.0
75313,142.0
75314,142.4
75315,141.0
75316,139.5
75317,140.7
75318,141.4
75319,138.3
75320,137.6
75321,140.2
75322,144.3
75323,143.7
75324,142.5
75325,141.3
75326,140.5
75327,140.0
75328,140.2
75329,141.5
75330,141.6
75331,140.8
75332,142.8
75333,140.8
75334,138.2
75335,140.5
75336,142.0
75337,142.3
75338,141.5
75339,141.2
75340,139.3
75341,137.4
75342,141.0
75343,141.7
75344,140.0
75345,141.4
75346,140.4
75347,141.7
75348,142.7
75349,141.8
75350,141.6
75351,140.2
75352,142.2
75353,142.7
75354,140.5
75355,143.0
75356,144.2
75357,142.8
75358,138.5
75359,142.6
75360,143.6
75361,141.4
75362,142.4
75363,144.1
75364,143.5
75365,142.1
75366,142.4
75367,143.2
75368,142.0
75369,139.1
75370,141.8
75371,143.3
75372,143.7
75373,144.1
75374,141.5
75375,140.0
75376,140.9
75377,140.4
75378,139.4
75379,143.0
75380,142.7
75381,140.7
75382,140.0
75383,137.6
75384,137.8
75385,142.6
75386,143.6
75387,141.8
75388,141.8
75389,139.0
75390,138.6
75391,140.2
75392,143.9
75393,144.0
75394,143.8
75395,142.8
75396,139.4
75397,138.8
75398,140.4
75399,139.7
75400,141.3
75401,140.3
75402,138.7
75403,140.5
75404,142.7
75405,142.5
75406,140.2
75407,140.0
75408,140.4
75409,140.7
75410,139.7
75411,140.7
75412,141.6
75413,141.4
75414,140.2
75415,139.9
75416,140.0
75417,140.5
75418,141.8
75419,141.4
75420,142.5
75421,141.7
75422,140.2
75423,140.9
75424,141.1
75425,140.0
75426,139.6
75427,139.6
75428,138.9
75429,137.5
75430,137.8
75431,140.1
75432,143.1
75433,142.8
75434,143.2
75435,142.7
75436,139.5
75437,139.3
75438,141.4
75439,142.6
75440,141.4
75441,141.0
75442,141.8
75443,142.7
75444,142.1
75445,143.2
75446,144.0
75447,143.4
75448,142.7
75449,141.3
75450,140.5
75451,141.0
75452,140.6
75453,141.1
75454,142.5
75455,143.5
75456,142.1
75457,141.2
75458,144.8
75459,144.8
75460,143.3
75461,137.3
75462,139.0
75463,140.4
75464,142.2
75465,141.8
75466,139.9
75467,140.7
75468,142.4
75469,140.7
75470,140.4
75471,144.0
75472,145.2
75473,144.0
75474,143.1
75475,142.1
75476,139.8
75477,140.2
75478,139.9
75479,139.4
75480,139.9
75481,139.0
75482,142.6
75483,144.3
75484,141.0
75485,141.8
75486,143.5
75487,143.1
75488,139.7
75489,140.3
75490,142.6
75491,141.0
75492,142.9
75493,142.3
75494,139.6
75495,138.8
75496,140.4
75497,142.2
75498,141.9
75499,141.4
75500,142.0
75501,141.2
75502,139.6
75503,140.8
75504,142.5
75505,140.6
75506,140.4
75507,141.6
75508,142.5
75509,144.1
75510,142.5
75511,142.0
75512,143.2
75513,142.5
75514,141.5
75515,142.0
75516,142.0
75517,141.7
75518,143.5
75519,141.5
75520,140.2
75521,140.9
75522,139.3
75523,138.2
75524,138.9
75525,140.4
75526,142.2
75527,142.5
75528,141.4
75529,142.1
75530,144.9
75531,143.8
75532,141.7
75533,141.3
75534,141.6
75535,142.8
75536,142.0
75537,139.1
75538,141.0
75539,142.9
75540,142.4
75541,141.1
75542,141.1
75543,141.6
75544,139.6
75545,140.0
75546,141.1
75547,141.3
75548,140.7
75549,140.6
75550,140.3
75551,138.0
75552,139.3
75553,142.0
75554,141.6
75555,139.3
75556,138.6
75557,142.6
75558,145.9
75559,144.0
75560,140.9
75561,139.5
75562,142.7
75563,146.0
75564,140.8
75565,143.1
75566,144.2
75567,140.8
75568,139.2
75569,141.2
75570,140.5
75571,140.0
75572,140.6
75573,142.7
75574,143.8
75575,143.3
75576,145.0
75577,142.7
75578,140.5
75579,141.3
75580,141.4
75581,141.5
75582,141.1
75583,141.9
75584,142.8
75585,140.3
75586,139.8
75587,141.3
75588,139.1
75589,141.6
75590,143.4
75591,140.2
75592,139.8
75593,140.7
75594,143.4
75595,143.3
75596,142.2
75597,142.8
75598,139.6
75599,139.6
75600,141.5
75601,141.4
75602,140.1
75603,140.9
75604,141.0
75605,141.1
75606,143.1
75607,146.1
75608,143.5
75609,141.0
75610,141.1
75611,139.6
75612,140.6
75613,142.0
75614,143.7
75615,144.5
75616,140.8
75617,138.9
75618,140.2
75619,139.7
75620,141.0
75621,141.7
75622,141.7
75623,143.8
75624,144.4
75625,143.4
75626,140.5
75627,142.0
75628,144.1
75629,140.5
75630,138.3
75631,139.7
75632,142.0
75633,143.4
75634,141.6
75635,141.6
75636,139.8
75637,139.7
75638,140.3
75639,138.8
75640,141.0
75641,142.3
75642,141.4
75643,142.4
75644,143.1
75645,142.5
75646,140.6
75647,139.2
75648,140.3
75649,141.4
75650,140.7
75651,141.1
75652,142.9
75653,143.5
75654,142.5
75655,141.7
75656,141.9
75657,142.7
75658,143.8
75659,142.4
75660,142.5
75661,142.0
75662,142.5
75663,147.5
75664,145.3
75665,141.2
75666,141.9
75667,142.5
75668,145.6
75669,145.0
75670,141.5
75671,141.0
75672,142.9
75673,141.5
75674,142.2
75675,143.7
75676,143.8
75677,142.8
75678,141.5
75679,141.1
75680,142.1
75681,141.6
75682,140.6
75683,140.7
75684,142.9
75685,141.5
75686,139.3
75687,139.4
75688,140.2
75689,143.0
75690,144.5
75691,143.8
75692,140.5
75693,143.2
75694,142.2
75695,138.2
75696,138.6
75697,140.1
75698,143.2
75699,144.1
75700,140.7
75701,142.0
75702,146.5
75703,141.3
75704,140.2
75705,140.8
75706,141.1
75707,141.3
75708,142.6
75709,142.2
75710,142.4
75711,144.1
75712,142.3
75713,139.7
75714,142.9
75715,142.9
75716,140.6
75717,140.4
75718,139.6
75719,139.2
75720,142.9
75721,146.2
75722,143.4
75723,142.4
75724,143.1
75725,143.4
75726,143.3
75727,142.8
75728,143.2
75729,144.2
75730,142.1
75731,139.8
75732,141.3
75733,143.1
75734,142.2
75735,142.4
75736,144.5
75737,139.6
75738,141.6
75739,143.6
75740,140.6
75741,139.3
75742,141.9
75743,141.2
75744,140.4
75745,142.3
75746,141.8
75747,139.2
75748,141.1
75749,144.8
75750,144.5
75751,142.0
75752,140.6
75753,142.4
75754,145.6
75755,144.6
75756,142.6
75757,142.4
75758,139.1
75759,137.7
75760,139.7
75761,141.1
75762,142.8
75763,142.6
75764,142.4
75765,145.0
75766,145.5
75767,143.3
75768,141.9
75769,143.5
75770,144.7
75771,143.9
75772,143.3
75773,143.6
75774,143.9
75775,144.7
75776,144.9
75777,143.8
75778,143.1
75779,141.4
75780,140.4
75781,143.3
75782,142.9
75783,140.6
75784,142.1
75785,141.7
75786,141.5
75787,140.5
75788,141.4
75789,143.1
75790,144.0
75791,145.4
75792,143.6
75793,141.7
75794,142.1
75795,141.5
75796,142.1
75797,143.3
75798,142.4
75799,142.2
75800,141.6
75801,141.2
75802,141.0
75803,143.2
75804,144.6
75805,143.4
75806,142.0
75807,142.2
75808,143.1
75809,143.0
75810,142.1
75811,141.5
75812,141.4
75813,141.8
75814,142.5
75815,142.4
75816,140.0
75817,141.0
75818,143.6
75819,141.7
75820,142.9
75821,144.5
75822,139.1
75823,136.5
75824,137.9
75825,141.5
75826,144.8
75827,144.3
75828,143.5
75829,144.1
75830,143.2
75831,141.3
75832,142.3
75833,142.3
75834,142.9
75835,142.6
75836,139.2
75837,138.5
75838,139.4
75839,139.3
75840,142.5
75841,140.2
75842,140.3
75843,140.4
75844,139.7
75845,142.4
75846,143.2
75847,141.4
75848,141.9
75849,144.2
75850,142.5
75851,139.3
75852,139.4
75853,140.8
75854,142.3
75855,143.0
75856,140.4
75857,140.1
75858,139.7
75859,138.7
75860,142.3
75861,143.7
75862,144.7
75863,143.1
75864,139.7
75865,141.5
75866,141.6
75867,142.1
75868,144.6
75869,143.5
75870,139.8
75871,142.5
75872,145.8
75873,144.7
75874,141.8
75875,142.9
75876,142.7
75877,141.5
75878,140.1
75879,142.7
75880,142.9
75881,139.6
75882,138.0
75883,139.9
75884,142.0
75885,140.1
75886,141.3
75887,141.4
75888,142.8
75889,142.8
75890,142.4
75891,142.1
75892,139.0
75893,140.6
75894,141.1
75895,141.1
75896,146.0
75897,146.2
75898,142.4
75899,142.4
75900,142.7
75901,141.2
75902,140.5
75903,141.1
75904,139.7
75905,142.2
75906,143.9
75907,140.0
75908,141.1
75909,143.2
75910,144.4
75911,142.6
75912,140.9
75913,139.6
75914,140.3
75915,141.6
75916,142.6
75917,144.9
75918,142.4
75919,140.5
75920,141.5
75921,140.9
75922,141.3
75923,142.0
75924,141.4
75925,140.0
75926,139.0
75927,140.1
75928,141.3
75929,140.3
75930,140.7
75931,140.1
75932,139.9
75933,141.7
75934,140.0
75935,140.1
75936,141.5
75937,142.6
75938,143.2
75939,141.9
75940,142.7
75941,142.7
75942,139.6
75943,137.5
75944,142.3
75945,142.7
75946,142.8
75947,141.9
75948,140.1
75949,138.4
75950,140.5
75951,141.6
75952,141.8
75953,140.1
75954,138.0
75955,138.5
75956,140.3
75957,141.7
75958,141.0
75959,141.9
75960,142.3
75961,142.1
75962,144.6
75963,144.9
75964,143.5
75965,144.8
75966,141.7
75967,140.3
75968,141.0
75969,140.3
75970,141.7
75971,143.6
75972,141.7
75973,140.2
75974,141.8
75975,142.4
75976,142.6
75977,141.2
75978,139.5
75979,140.0
75980,141.6
75981,141.2
75982,139.4
75983,139.4
75984,141.4
75985,145.3
75986,146.0
75987,141.3
75988,139.1
75989,141.1
75990,143.3
75991,143.1
75992,140.5
75993,139.9
75994,141.9
75995,143.7
75996,143.1
75997,141.6
75998,142.7
75999,143.2
76000,140.7
76001,141.5
76002,142.0
76003,140.6
76004,140.6
76005,140.5
76006,142.6
76007,143.7
76008,144.9
76009,145.4
76010,142.6
76011,143.9
76012,146.3
76013,141.0
76014,140.2
76015,139.4
76016,140.5
76017,140.1
76018,141.7
76019,142.0
76020,140.1
76021,142.3
76022,141.6
76023,141.2
76024,144.4
76025,143.6
76026,139.7
76027,138.6
76028,139.9
76029,141.4
76030,141.2
76031,139.2
76032,139.4
76033,139.3
76034,139.0
76035,140.8
76036,142.1
76037,143.9
76038,142.1
76039,-9999.9
76040,-9999.9
76041,-9999.9
76042,-9999.9
76043,-9999.9
76044,-9999.9
76045,-9999.9
76046,-9999.9
76047,-9999.9
76048,-9999.9
76049,-9999.9
76050,-9999.9
76051,-9999.9
76052,-9999.9
76053,-9999.9
76054,-9999.9
76055,-9999.9
76056,-9999.9
76057,-9999.9
76058,-9999.9
76059,-9999.9
76060,-9999.9
76061,-9999.9
76062,-9999.9
76063,-9999.9
76064,-9999.9
76065,-9999.9
76066,-9999.9
76067,-9999.9
76068,-9999.9
76069,-9999.9
76070,-9999.9
76071,-9999.9
76072,-9999.9
76073,-9999.9
76074,-9999.9
76075,-9999.9
76076,-9999.9
76077,-9999.9
76078,-9999.9
76079,-9999.9
76080,-9999.9
76081,-9999.9
76082,-9999.9
76083,-9999.9
76084,-9999.9
76085,-9999.9
76086,-9999.9
76087,-9999.9
76088,-9999.9
76089,-9999.9
76090,-9999.9
76091,-9999.9
76092,-9999.9
76093,-9999.9
76094,-9999.9
76095,-9999.9
76096,-9999.9
76097,-9999.9
76098,-9999.9
76099,-9999.9
76100,-9999.9
76101,-9999.9
76102,-9999.9
76103,-9999.9
76104,-9999.9
76105,-9999.9
76106,-9999.9
76107,-9999.9
76108,-9999.9
76109,-9999.9
76110,-9999.9
76111,-9999.9
76112,-9999.9
76113,-9999.9
76114,-9999.9
76115,-9999.9
76116,-9999.9
76117,-9999.9
76118,-9999.9
76119,-9999.9
76120,-9999.9
76121,-9999.9
76122,-9999.9
76123,-9999.9
76124,-9999.9
76125,-9999.9
76126,-9999.9
76127,-9999.9
76128,-9999.9
76129,-9999.9
76130,-9999.9
76131,-9999.9
76132,-9999.9
76133,-9999.9
76134,-9999.9
76135,-9999.9
76136,-9999.9
76137,-9999.9
76138,-9999.9
76139,-9999.9
76140,-9999.9
76141,-9999.9
76142,-9999.9
76143,-9999.9
76144,-9999.9
76145,-9999.9
76146,-9999.9
76147,-9999.9
76148,-9999.9
76149,-9999.9
76150,-9999.9
76151,-9999.9
76152,-9999.9
76153,-9999.9
76154,-9999.9
76155,-9999.9
76156,-9999.9
76157,-9999.9
76158,-9999.9
76159,-9999.9
76160,-9999.9
76161,-9999.9
76162,-9999.9
76163,-9999.9
76164,-9999.9
76165,140.0
76166,142.2
76167,143.6
76168,141.7
76169,142.5
76170,143.2
76171,142.1
76172,140.8
76173,140.0
76174,141.5
76175,142.0
76176,142.7
76177,144.2
76178,142.9
76179,141.8
76180,142.4
76181,142.0
76182,141.4
76183,140.1
76184,139.0
76185,143.5
76186,143.7
76187,142.7
76188,141.9
76189,141.7
76190,141.0
76191,140.3
76192,139.3
76193,139.1
76194,141.2
76195,142.3
76196,142.1
76197,142.4
76198,142.0
76199,141.1
76200,140.8
76201,141.5
76202,142.4
76203,142.1
76204,142.7
76205,142.0
76206,138.9
76207,140.3
76208,140.9
76209,139.5
